"POPULATION","G_ID","time","avg","idx","City","Town","x","y","prePop"
"186","6258","20220820033000","134","2","屏東縣","恆春鎮","120.745","21.945","157"
"30","6267","20220820033000","193","0","屏東縣","恆春鎮","120.790","21.945","18"
"136","9415","20220820033000","95","2","屏東縣","恆春鎮","120.715","21.970","111"
"81","9416","20220820033000","80","1","屏東縣","恆春鎮","120.845","21.970","82"
"301","15716","20220820033000","223","2","臺東縣","蘭嶼鄉","121.535","22.025","280"
"22","15719","20220820033000","368","0","臺東縣","蘭嶼鄉","121.550","22.025","17"
"111","18068","20220820033000","65","3","屏東縣","車城鄉","120.695","22.045","83"
"144","20191","20220820033000","662","0","臺東縣","蘭嶼鄉","121.570","22.065","162"
"63","40369","20220820033000","82","0","屏東縣","枋山鄉","120.660","22.245","96"
"77","46865","20220820033000","73","1","臺東縣","大武鄉","120.890","22.305","68"
"98","49782","20220820033000","209","0","屏東縣","琉球鄉","120.355","22.330","79"
"12","49783","20220820033000","163","0","屏東縣","琉球鄉","120.375","22.330","12"
"544","52213","20220820033000","330","3","屏東縣","琉球鄉","120.380","22.355","349"
"35","57589","20220820033000","23","3","屏東縣","春日鄉","120.660","22.365","35"
"130","57606","20220820033000","67","3","屏東縣","春日鄉","120.665","22.365","73"
"82","57748","20220820033000","70","1","屏東縣","春日鄉","120.750","22.405","92"
"239","57758","20220820033000","178","2","屏東縣","春日鄉","120.625","22.365","248"
"20","57858","20220820033000","217","0","屏東縣","恆春鎮","120.730","21.985","22"
"16","57868","20220820033000","244","0","屏東縣","車城鄉","120.730","22.055","13"
"106","57949","20220820033000","69","3","屏東縣","車城鄉","120.715","22.050","146"
"13","57951","20220820033000","147","0","屏東縣","車城鄉","120.710","22.055","13"
"217","57952","20220820033000","174","2","屏東縣","枋寮鄉","120.595","22.375","231"
"71","57962","20220820033000","448","0","屏東縣","枋寮鄉","120.595","22.385","83"
"379","57963","20220820033000","372","1","屏東縣","枋寮鄉","120.600","22.385","426"
"17","57992","20220820033000","19","0","屏東縣","滿州鄉","120.890","22.090","16"
"13","58022","20220820033000","13","1","屏東縣","滿州鄉","120.895","22.100","13"
"19","58112","20220820033000","17","1","屏東縣","滿州鄉","120.805","22.015","17"
"97","58150","20220820033000","80","2","屏東縣","滿州鄉","120.875","22.115","119"
"10","58179","20220820033000","10","1","屏東縣","滿州鄉","120.880","22.135","10"
"144","58209","20220820033000","107","2","屏東縣","滿州鄉","120.840","21.985","108"
"56","58243","20220820033000","42","2","屏東縣","滿州鄉","120.840","22.015","46"
"269","58245","20220820033000","223","2","屏東縣","滿州鄉","120.835","22.020","189"
"21","58246","20220820033000","17","2","屏東縣","滿州鄉","120.840","22.020","17"
"296","58248","20220820033000","138","3","屏東縣","滿州鄉","120.830","22.025","129"
"324","58265","20220820033000","250","2","屏東縣","滿州鄉","120.830","21.995","282"
"31","58303","20220820033000","24","2","屏東縣","滿州鄉","120.850","22.020","48"
"74","58452","20220820033000","51","2","屏東縣","滿州鄉","120.830","22.075","54"
"33","58493","20220820033000","20","3","屏東縣","滿州鄉","120.830","22.095","24"
"21","58500","20220820033000","26","0","屏東縣","滿州鄉","120.840","22.100","19"
"137","58514","20220820033000","71","3","屏東縣","枋山鄉","120.665","22.240","160"
"148","58522","20220820033000","138","1","屏東縣","枋山鄉","120.650","22.260","140"
"23","58529","20220820033000","259","0","屏東縣","枋山鄉","120.690","22.190","41"
"31","58531","20220820033000","109","0","屏東縣","枋山鄉","120.690","22.195","41"
"10","58544","20220820033000","12","0","屏東縣","佳冬鄉","120.525","22.410","13"
"348","58554","20220820033000","302","1","屏東縣","恆春鎮","120.740","22.030","290"
"20","58568","20220820033000","122","0","屏東縣","恆春鎮","120.735","22.040","17"
"74","58585","20220820033000","21","3","屏東縣","恆春鎮","120.720","22.045","41"
"53","58614","20220820033000","507","0","屏東縣","恆春鎮","120.755","21.960","54"
"15","58615","20220820033000","14","1","屏東縣","恆春鎮","120.760","21.960","15"
"400","58618","20220820033000","594","0","屏東縣","恆春鎮","120.755","21.965","308"
"601","58656","20220820033000","292","3","屏東縣","恆春鎮","120.730","22.010","586"
"452","58663","20220820033000","409","1","屏東縣","恆春鎮","120.745","22.005","439"
"385","58680","20220820033000","274","2","屏東縣","恆春鎮","120.730","21.995","330"
"20","58690","20220820033000","21","0","屏東縣","恆春鎮","120.740","21.920","30"
"502","58691","20220820033000","257","3","屏東縣","恆春鎮","120.725","21.925","433"
"52","58698","20220820033000","24","3","屏東縣","恆春鎮","120.715","21.935","42"
"87","58707","20220820033000","62","2","屏東縣","恆春鎮","120.715","21.945","71"
"345","58723","20220820033000","185","3","屏東縣","恆春鎮","120.720","21.960","304"
"1321","58725","20220820033000","1186","1","屏東縣","恆春鎮","120.740","22.010","1051"
"16","58785","20220820033000","57","0","屏東縣","恆春鎮","120.720","22.040","19"
"90","58793","20220820033000","56","3","屏東縣","恆春鎮","120.695","22.020","96"
"21","58796","20220820033000","19","1","屏東縣","恆春鎮","120.710","22.020","20"
"274","58818","20220820033000","143","3","屏東縣","恆春鎮","120.850","21.905","169"
"17","58819","20220820033000","14","2","屏東縣","恆春鎮","120.855","21.905","17"
"100","58824","20220820033000","86","1","屏東縣","恆春鎮","120.850","21.910","103"
"222","58829","20220820033000","144","3","屏東縣","恆春鎮","120.850","21.915","246"
"92","58837","20220820033000","82","1","屏東縣","恆春鎮","120.830","21.925","98"
"351","58849","20220820033000","165","3","屏東縣","恆春鎮","120.825","21.935","282"
"14","58859","20220820033000","12","1","屏東縣","恆春鎮","120.840","21.940","11"
"23","58893","20220820033000","244","0","屏東縣","車城鄉","120.715","22.070","11"
"74","58924","20220820033000","52","2","屏東縣","獅子鄉","120.730","22.195","69"
"24","58958","20220820033000","118","0","屏東縣","獅子鄉","120.750","22.205","22"
"119","58971","20220820033000","92","2","屏東縣","獅子鄉","120.725","22.210","128"
"22","58997","20220820033000","13","3","屏東縣","獅子鄉","120.785","22.215","48"
"60","59115","20220820033000","532","0","屏東縣","琉球鄉","120.380","22.350","54"
"26","59117","20220820033000","395","0","屏東縣","琉球鄉","120.365","22.325","32"
"399","59120","20220820033000","358","1","屏東縣","琉球鄉","120.370","22.335","403"
"73","59149","20220820033000","131","0","屏東縣","獅子鄉","120.660","22.275","80"
"103","59469","20220820033000","85","2","屏東縣","獅子鄉","120.650","22.315","82"
"135","59772","20220820033000","106","2","屏東縣","獅子鄉","120.685","22.225","135"
"216","60023","20220820033000","134","3","屏東縣","獅子鄉","120.700","22.165","159"
"10","60048","20220820033000","53","0","屏東縣","獅子鄉","120.795","22.225","10"
"1879","60172","20220820033000","1641","1","屏東縣","琉球鄉","120.370","22.340","1460"
"21","60173","20220820033000","24","0","屏東縣","琉球鄉","120.370","22.345","20"
"103","60174","20220820033000","88","1","屏東縣","琉球鄉","120.375","22.345","89"
"135","60189","20220820033000","118","1","屏東縣","車城鄉","120.700","22.040","162"
"53","60193","20220820033000","43","2","屏東縣","車城鄉","120.700","22.050","42"
"47","60196","20220820033000","37","2","屏東縣","琉球鄉","120.365","22.340","27"
"21","60197","20220820033000","59","0","屏東縣","琉球鄉","120.365","22.345","13"
"267","60198","20220820033000","225","1","屏東縣","琉球鄉","120.370","22.350","142"
"376","60206","20220820033000","217","3","屏東縣","車城鄉","120.715","22.065","395"
"10","60213","20220820033000","132","0","屏東縣","車城鄉","120.720","22.090","15"
"48","60234","20220820033000","22","3","屏東縣","車城鄉","120.715","22.115","38"
"1183","60246","20220820033000","692","3","屏東縣","琉球鄉","120.385","22.350","857"
"87","60260","20220820033000","66","2","屏東縣","車城鄉","120.740","22.085","73"
"267","60283","20220820033000","211","2","屏東縣","車城鄉","120.750","22.095","177"
"41","60322","20220820033000","344","0","屏東縣","車城鄉","120.715","22.075","29"
"160","60328","20220820033000","144","1","屏東縣","車城鄉","120.730","22.075","184"
"23","60338","20220820033000","19","2","屏東縣","枋寮鄉","120.595","22.390","20"
"191","60350","20220820033000","169","1","屏東縣","枋寮鄉","120.590","22.405","212"
"45","60369","20220820033000","284","0","屏東縣","枋寮鄉","120.620","22.405","58"
"89","60374","20220820033000","66","2","屏東縣","枋寮鄉","120.590","22.370","92"
"194","60377","20220820033000","167","1","屏東縣","枋寮鄉","120.580","22.375","146"
"743","60401","20220820033000","727","1","屏東縣","枋寮鄉","120.575","22.405","596"
"308","60404","20220820033000","241","2","屏東縣","佳冬鄉","120.565","22.410","242"
"1297","60421","20220820033000","1226","1","屏東縣","枋寮鄉","120.600","22.360","1052"
"487","60428","20220820033000","346","2","屏東縣","枋寮鄉","120.600","22.365","499"
"105","60441","20220820033000","76","2","屏東縣","枋山鄉","120.645","22.295","64"
"94","60442","20220820033000","67","2","屏東縣","獅子鄉","120.640","22.310","68"
"209","60446","20220820033000","204","1","屏東縣","枋山鄉","120.630","22.320","181"
"113","60449","20220820033000","96","1","屏東縣","枋山鄉","120.615","22.330","85"
"229","60455","20220820033000","102","3","屏東縣","枋山鄉","120.620","22.335","113"
"99","60456","20220820033000","56","3","屏東縣","枋山鄉","120.625","22.335","82"
"1106","60532","20220820033000","811","2","屏東縣","恆春鎮","120.740","22.000","832"
"670","60533","20220820033000","438","3","屏東縣","恆春鎮","120.740","22.005","568"
"256","60535","20220820033000","333","0","屏東縣","恆春鎮","120.815","21.935","159"
"444","60537","20220820033000","229","3","屏東縣","恆春鎮","120.805","21.940","251"
"49","60539","20220820033000","376","0","屏東縣","恆春鎮","120.795","21.945","49"
"1183","60540","20220820033000","786","3","屏東縣","恆春鎮","120.800","21.945","708"
"566","60541","20220820033000","453","2","屏東縣","恆春鎮","120.805","21.945","429"
"143","60543","20220820033000","113","2","屏東縣","恆春鎮","120.780","21.950","93"
"265","60544","20220820033000","144","3","屏東縣","恆春鎮","120.785","21.950","187"
"238","60568","20220820033000","191","2","屏東縣","恆春鎮","120.810","21.955","248"
"104","60589","20220820033000","70","2","屏東縣","恆春鎮","120.815","21.965","118"
"64","60623","20220820033000","465","0","屏東縣","恆春鎮","120.735","21.950","60"
"105","60646","20220820033000","69","3","屏東縣","恆春鎮","120.720","21.975","104"
"96","60651","20220820033000","85","1","屏東縣","恆春鎮","120.715","21.985","106"
"601","60656","20220820033000","276","3","屏東縣","恆春鎮","120.705","21.995","484"
"55","60671","20220820033000","930","0","屏東縣","恆春鎮","120.740","21.995","779"
"91","60672","20220820033000","288","0","屏東縣","恆春鎮","120.745","21.995","415"
"876","60680","20220820033000","661","2","屏東縣","恆春鎮","120.745","22.000","622"
"53","60694","20220820033000","60","0","屏東縣","恆春鎮","120.765","22.000","41"
"47","60732","20220820033000","48","0","屏東縣","牡丹鄉","120.815","22.075","41"
"10","60771","20220820033000","49","0","屏東縣","滿州鄉","120.890","22.140","14"
"22","60791","20220820033000","30","0","屏東縣","牡丹鄉","120.890","22.165","33"
"64","60821","20220820033000","77","0","屏東縣","牡丹鄉","120.880","22.185","31"
"33","60825","20220820033000","29","1","屏東縣","牡丹鄉","120.880","22.190","39"
"68","60827","20220820033000","80","0","屏東縣","牡丹鄉","120.885","22.190","71"
"38","60884","20220820033000","28","2","屏東縣","牡丹鄉","120.850","22.185","38"
"54","60907","20220820033000","49","1","屏東縣","牡丹鄉","120.855","22.200","46"
"14","60936","20220820033000","16","0","屏東縣","牡丹鄉","120.815","22.150","14"
"82","60994","20220820033000","60","2","屏東縣","牡丹鄉","120.835","22.175","83"
"68","61141","20220820033000","63","1","屏東縣","牡丹鄉","120.770","22.125","84"
"250","61160","20220820033000","233","1","屏東縣","牡丹鄉","120.780","22.130","302"
"14","61331","20220820033000","93","0","屏東縣","牡丹鄉","120.840","22.115","17"
"186","61332","20220820033000","200","0","屏東縣","牡丹鄉","120.845","22.115","190"
"131","61441","20220820033000","65","3","臺東縣","大武鄉","120.880","22.325","137"
"32","61469","20220820033000","174","0","臺東縣","大武鄉","120.905","22.360","34"
"261","61472","20220820033000","208","2","臺東縣","大武鄉","120.905","22.365","290"
"31","61501","20220820033000","272","0","臺東縣","大武鄉","120.910","22.380","48"
"42","61562","20220820033000","308","0","臺東縣","大武鄉","120.885","22.340","47"
"248","61604","20220820033000","254","0","臺東縣","蘭嶼鄉","121.525","22.080","266"
"258","61605","20220820033000","208","2","臺東縣","蘭嶼鄉","121.530","22.080","225"
"27","61620","20220820033000","30","0","臺東縣","蘭嶼鄉","121.590","22.005","41"
"249","61703","20220820033000","177","2","臺東縣","蘭嶼鄉","121.510","22.055","179"
"283","61734","20220820033000","283","1","臺東縣","蘭嶼鄉","121.555","22.025","233"
"27","61738","20220820033000","24","1","臺東縣","蘭嶼鄉","121.535","22.030","25"
"187","61933","20220820033000","118","3","臺東縣","達仁鄉","120.885","22.295","189"
"56","62017","20220820033000","49","1","臺東縣","達仁鄉","120.855","22.320","59"
"11","62301","20220820033000","55","0","臺東縣","達仁鄉","120.860","22.380","85"
"84","62355","20220820033000","45","3","臺東縣","達仁鄉","120.855","22.390","84"
"46","62479","20220820033000","35","2","臺東縣","達仁鄉","120.855","22.275","57"
"45","62493","20220820033000","54","0","臺東縣","達仁鄉","120.875","22.290","54"
"36","63917","20220820033000","24","3","臺東縣","大武鄉","120.930","22.415","64"
"284","65292","20220820033000","265","1","屏東縣","東港鎮","120.480","22.430","287"
"17","72794","20220820033000","33","0","高雄市","小港區","120.360","22.510","23"
"217","80997","20220820033000","178","2","屏東縣","新埤鄉","120.560","22.475","142"
"481","81045","20220820033000","436","1","屏東縣","新埤鄉","120.545","22.465","381"
"134","81049","20220820033000","99","2","屏東縣","新埤鄉","120.565","22.465","152"
"12","81063","20220820033000","14","0","屏東縣","新埤鄉","120.610","22.450","11"
"142","81079","20220820033000","128","1","屏東縣","新埤鄉","120.610","22.460","161"
"577","81134","20220820033000","543","1","屏東縣","新埤鄉","120.580","22.505","598"
"283","81174","20220820033000","229","2","屏東縣","新埤鄉","120.615","22.470","183"
"79","81486","20220820033000","66","1","屏東縣","春日鄉","120.630","22.425","67"
"202","81488","20220820033000","96","3","屏東縣","春日鄉","120.640","22.425","158"
"688","81506","20220820033000","448","3","屏東縣","新園鄉","120.435","22.500","514"
"77","81517","20220820033000","61","2","屏東縣","新園鄉","120.440","22.510","51"
"383","81529","20220820033000","522","0","屏東縣","萬巒鄉","120.610","22.590","388"
"825","81547","20220820033000","1393","0","屏東縣","林邊鄉","120.515","22.435","697"
"578","81552","20220820033000","439","2","屏東縣","林邊鄉","120.520","22.430","446"
"14","81557","20220820033000","15","0","屏東縣","林邊鄉","120.490","22.430","11"
"54","81560","20220820033000","34","3","屏東縣","東港鎮","120.495","22.460","56"
"319","81569","20220820033000","302","1","屏東縣","東港鎮","120.455","22.460","255"
"31","81573","20220820033000","36","0","屏東縣","東港鎮","120.465","22.440","24"
"44","81584","20220820033000","47","0","屏東縣","東港鎮","120.455","22.450","37"
"61","81816","20220820033000","58","1","屏東縣","來義鄉","120.680","22.525","59"
"71","81919","20220820033000","68","1","屏東縣","來義鄉","120.640","22.435","56"
"74","82042","20220820033000","73","1","屏東縣","來義鄉","120.635","22.525","72"
"47","82186","20220820033000","39","2","屏東縣","來義鄉","120.665","22.560","40"
"21","82194","20220820033000","393","0","屏東縣","佳冬鄉","120.550","22.415","24"
"887","82204","20220820033000","759","1","屏東縣","佳冬鄉","120.545","22.415","739"
"574","82217","20220820033000","570","1","屏東縣","竹田鄉","120.515","22.575","570"
"285","82239","20220820033000","151","3","屏東縣","東港鎮","120.495","22.455","302"
"27","82241","20220820033000","591","0","屏東縣","東港鎮","120.490","22.455","31"
"571","82243","20220820033000","642","0","屏東縣","東港鎮","120.445","22.465","501"
"157","82245","20220820033000","711","0","屏東縣","東港鎮","120.445","22.460","199"
"826","82256","20220820033000","726","1","屏東縣","東港鎮","120.455","22.470","637"
"58","82257","20220820033000","45","2","屏東縣","東港鎮","120.460","22.470","66"
"1497","82262","20220820033000","698","3","屏東縣","東港鎮","120.460","22.475","1168"
"194","82266","20220820033000","592","0","屏東縣","東港鎮","120.465","22.480","198"
"107","82270","20220820033000","505","0","屏東縣","東港鎮","120.475","22.485","115"
"57","82283","20220820033000","63","0","屏東縣","泰武鄉","120.625","22.590","44"
"127","82284","20220820033000","81","3","屏東縣","泰武鄉","120.635","22.590","108"
"367","82290","20220820033000","346","1","屏東縣","林邊鄉","120.520","22.435","367"
"408","82303","20220820033000","369","1","屏東縣","新園鄉","120.460","22.540","392"
"787","82306","20220820033000","777","1","屏東縣","新園鄉","120.460","22.545","673"
"46","82311","20220820033000","399","0","屏東縣","東港鎮","120.450","22.470","58"
"17","82316","20220820033000","12","2","屏東縣","竹田鄉","120.540","22.570","15"
"504","82324","20220820033000","545","0","屏東縣","竹田鄉","120.540","22.585","408"
"103","82325","20220820033000","111","0","屏東縣","竹田鄉","120.545","22.585","74"
"891","82333","20220820033000","725","2","屏東縣","新園鄉","120.455","22.525","701"
"325","82340","20220820033000","255","2","屏東縣","新園鄉","120.465","22.530","246"
"291","82347","20220820033000","251","1","屏東縣","新園鄉","120.440","22.475","300"
"52","82367","20220820033000","47","1","屏東縣","萬丹鄉","120.465","22.595","49"
"443","82441","20220820033000","240","3","屏東縣","泰武鄉","120.650","22.570","397"
"63","82467","20220820033000","77","0","屏東縣","泰武鄉","120.660","22.570","57"
"74","82513","20220820033000","51","2","屏東縣","泰武鄉","120.665","22.585","68"
"37","82568","20220820033000","36","1","屏東縣","萬丹鄉","120.490","22.575","24"
"332","82569","20220820033000","287","1","屏東縣","新園鄉","120.450","22.475","344"
"265","82576","20220820033000","222","1","屏東縣","新園鄉","120.445","22.515","274"
"145","82591","20220820033000","111","2","屏東縣","新園鄉","120.450","22.525","147"
"21","82614","20220820033000","348","0","屏東縣","佳冬鄉","120.515","22.415","35"
"10","82630","20220820033000","374","0","屏東縣","佳冬鄉","120.560","22.430","14"
"130","82634","20220820033000","524","0","屏東縣","佳冬鄉","120.560","22.435","150"
"83","82638","20220820033000","57","2","屏東縣","佳冬鄉","120.535","22.425","57"
"217","82649","20220820033000","610","0","屏東縣","佳冬鄉","120.555","22.420","226"
"252","82700","20220820033000","196","2","屏東縣","來義鄉","120.635","22.515","194"
"83","82715","20220820033000","45","3","屏東縣","來義鄉","120.660","22.525","60"
"12","82722","20220820033000","27","0","屏東縣","南州鄉","120.490","22.485","12"
"242","82723","20220820033000","178","2","屏東縣","南州鄉","120.495","22.485","245"
"77","82736","20220820033000","224","0","屏東縣","南州鄉","120.530","22.465","89"
"16","82738","20220820033000","15","1","屏東縣","南州鄉","120.525","22.470","16"
"283","82740","20220820033000","201","2","屏東縣","南州鄉","120.535","22.470","287"
"668","82742","20220820033000","744","0","屏東縣","南州鄉","120.520","22.475","545"
"143","82751","20220820033000","111","2","屏東縣","南州鄉","120.540","22.485","158"
"34","82754","20220820033000","27","2","屏東縣","南州鄉","120.535","22.490","36"
"24","82763","20220820033000","28","0","屏東縣","崁頂鄉","120.520","22.495","34"
"128","82767","20220820033000","73","3","屏東縣","內埔鄉","120.560","22.585","118"
"11","82779","20220820033000","208","0","屏東縣","萬丹鄉","120.495","22.550","17"
"586","82796","20220820033000","547","1","屏東縣","新園鄉","120.460","22.505","466"
"71","82807","20220820033000","351","0","屏東縣","崁頂鄉","120.505","22.540","78"
"335","82809","20220820033000","327","1","屏東縣","崁頂鄉","120.515","22.540","329"
"35","82821","20220820033000","301","0","屏東縣","崁頂鄉","120.490","22.510","49"
"100","82835","20220820033000","103","0","屏東縣","崁頂鄉","120.520","22.530","109"
"607","82839","20220820033000","734","0","屏東縣","南州鄉","120.510","22.495","514"
"36","82881","20220820033000","157","0","屏東縣","佳冬鄉","120.560","22.445","29"
"153","82883","20220820033000","99","3","屏東縣","佳冬鄉","120.560","22.450","152"
"265","82893","20220820033000","274","0","屏東縣","萬丹鄉","120.495","22.545","184"
"53","82901","20220820033000","47","1","屏東縣","崁頂鄉","120.510","22.510","48"
"266","82906","20220820033000","422","0","屏東縣","崁頂鄉","120.515","22.515","202"
"38","82941","20220820033000","30","2","屏東縣","崁頂鄉","120.490","22.500","43"
"24","82951","20220820033000","31","0","屏東縣","內埔鄉","120.570","22.590","20"
"617","82954","20220820033000","493","2","屏東縣","新園鄉","120.460","22.495","600"
"158","82963","20220820033000","151","1","屏東縣","新園鄉","120.475","22.550","110"
"566","82970","20220820033000","545","1","屏東縣","新園鄉","120.455","22.545","423"
"66","82987","20220820033000","543","0","屏東縣","新園鄉","120.460","22.490","70"
"74","82992","20220820033000","426","0","屏東縣","新園鄉","120.445","22.500","92"
"17","82996","20220820033000","12","2","屏東縣","新園鄉","120.445","22.475","18"
"407","82997","20220820033000","278","2","屏東縣","新園鄉","120.440","22.480","404"
"201","82998","20220820033000","212","0","屏東縣","新園鄉","120.445","22.480","193"
"15","83002","20220820033000","52","0","屏東縣","新園鄉","120.440","22.485","17"
"166","83015","20220820033000","152","1","屏東縣","新埤鄉","120.550","22.505","116"
"525","83024","20220820033000","439","1","屏東縣","潮州鎮","120.530","22.545","506"
"1861","83025","20220820033000","1203","3","屏東縣","潮州鎮","120.535","22.545","1405"
"165","83047","20220820033000","155","1","屏東縣","潮州鎮","120.555","22.550","171"
"355","83049","20220820033000","275","2","屏東縣","潮州鎮","120.565","22.550","385"
"495","83055","20220820033000","406","2","屏東縣","萬丹鄉","120.470","22.560","367"
"35","83064","20220820033000","237","0","屏東縣","萬巒鄉","120.600","22.590","40"
"146","83080","20220820033000","390","0","屏東縣","東港鎮","120.450","22.465","155"
"404","83093","20220820033000","276","2","屏東縣","萬巒鄉","120.595","22.565","434"
"50","83095","20220820033000","343","0","屏東縣","萬巒鄉","120.605","22.565","51"
"173","83096","20220820033000","119","2","屏東縣","萬巒鄉","120.600","22.570","160"
"250","83142","20220820033000","173","2","屏東縣","新埤鄉","120.625","22.525","238"
"38","83161","20220820033000","436","0","屏東縣","萬巒鄉","120.620","22.545","57"
"433","83162","20220820033000","493","0","屏東縣","泰武鄉","120.625","22.545","353"
"698","83201","20220820033000","597","1","屏東縣","萬巒鄉","120.570","22.570","522"
"309","83206","20220820033000","346","0","屏東縣","萬巒鄉","120.565","22.575","240"
"170","83210","20220820033000","145","1","屏東縣","內埔鄉","120.565","22.580","180"
"20","83216","20220820033000","20","1","屏東縣","萬丹鄉","120.485","22.555","20"
"12","83222","20220820033000","127","0","屏東縣","東港鎮","120.470","22.485","12"
"40","83231","20220820033000","27","2","屏東縣","東港鎮","120.460","22.460","33"
"883","83232","20220820033000","702","2","屏東縣","東港鎮","120.465","22.460","685"
"715","83234","20220820033000","765","0","屏東縣","東港鎮","120.455","22.465","565"
"158","83235","20220820033000","97","3","屏東縣","東港鎮","120.460","22.465","155"
"159","83236","20220820033000","989","0","屏東縣","東港鎮","120.465","22.465","150"
"18","83237","20220820033000","15","2","屏東縣","東港鎮","120.470","22.465","17"
"600","83241","20220820033000","574","1","屏東縣","東港鎮","120.440","22.460","386"
"73","83257","20220820033000","778","0","屏東縣","竹田鄉","120.525","22.575","86"
"183","83258","20220820033000","108","3","屏東縣","潮州鎮","120.530","22.525","136"
"251","83261","20220820033000","232","1","屏東縣","潮州鎮","120.540","22.525","255"
"201","83267","20220820033000","122","3","屏東縣","潮州鎮","120.535","22.535","154"
"366","83269","20220820033000","271","2","屏東縣","潮州鎮","120.535","22.540","383"
"105","83271","20220820033000","77","2","屏東縣","枋寮鄉","120.580","22.410","105"
"100","83278","20220820033000","66","3","屏東縣","枋寮鄉","120.580","22.415","94"
"32","83323","20220820033000","89","0","屏東縣","枋寮鄉","120.620","22.425","32"
"47","83342","20220820033000","46","1","屏東縣","枋寮鄉","120.595","22.435","52"
"339","83378","20220820033000","259","2","屏東縣","萬丹鄉","120.460","22.575","269"
"42","83380","20220820033000","41","1","屏東縣","萬丹鄉","120.470","22.575","51"
"18","83382","20220820033000","21","0","屏東縣","竹田鄉","120.530","22.595","14"
"357","83383","20220820033000","365","0","屏東縣","竹田鄉","120.535","22.595","358"
"16","83404","20220820033000","17","0","屏東縣","林邊鄉","120.505","22.435","20"
"68","83414","20220820033000","52","2","屏東縣","林邊鄉","120.525","22.455","76"
"142","83430","20220820033000","171","0","屏東縣","萬丹鄉","120.485","22.580","144"
"493","83431","20220820033000","480","1","屏東縣","萬丹鄉","120.490","22.580","500"
"76","83433","20220820033000","71","1","屏東縣","萬丹鄉","120.480","22.565","73"
"685","83435","20220820033000","885","0","屏東縣","竹田鄉","120.490","22.565","520"
"122","83437","20220820033000","107","1","屏東縣","萬丹鄉","120.480","22.570","120"
"42","83438","20220820033000","53","0","屏東縣","萬丹鄉","120.490","22.550","37"
"44","83439","20220820033000","58","0","屏東縣","萬丹鄉","120.490","22.555","36"
"834","83442","20220820033000","788","1","屏東縣","潮州鎮","120.545","22.545","628"
"447","83443","20220820033000","343","2","屏東縣","潮州鎮","120.550","22.545","447"
"1137","83448","20220820033000","875","2","屏東縣","潮州鎮","120.550","22.555","1117"
"525","83455","20220820033000","485","1","屏東縣","潮州鎮","120.560","22.515","439"
"106","83457","20220820033000","125","0","屏東縣","潮州鎮","120.570","22.515","74"
"666","83473","20220820033000","616","1","屏東縣","潮州鎮","120.530","22.560","517"
"346","83483","20220820033000","401","0","屏東縣","萬丹鄉","120.465","22.565","283"
"1480","83504","20220820033000","1265","1","屏東縣","潮州鎮","120.540","22.555","1434"
"19","83508","20220820033000","149","0","屏東縣","潮州鎮","120.550","22.560","13"
"411","83516","20220820033000","347","1","屏東縣","潮州鎮","120.540","22.545","422"
"18","83518","20220820033000","14","2","屏東縣","潮州鎮","120.545","22.550","12"
"560","83525","20220820033000","539","1","屏東縣","潮州鎮","120.530","22.540","452"
"163","83540","20220820033000","124","2","屏東縣","潮州鎮","120.580","22.555","162"
"1132","83567","20220820033000","811","2","屏東縣","萬丹鄉","120.490","22.590","875"
"11","83574","20220820033000","13","0","屏東縣","潮州鎮","120.550","22.535","11"
"335","83576","20220820033000","269","2","屏東縣","潮州鎮","120.550","22.540","332"
"578","83577","20220820033000","449","2","屏東縣","潮州鎮","120.535","22.550","622"
"61","83578","20220820033000","653","0","屏東縣","潮州鎮","120.535","22.555","48"
"80","83582","20220820033000","71","1","屏東縣","萬丹鄉","120.500","22.595","84"
"525","83585","20220820033000","485","1","屏東縣","萬丹鄉","120.485","22.585","407"
"165","83586","20220820033000","445","0","屏東縣","萬丹鄉","120.490","22.585","163"
"20","83599","20220820033000","328","0","屏東縣","南州鄉","120.505","22.490","21"
"777","83623","20220820033000","440","3","屏東縣","南州鄉","120.510","22.490","594"
"178","83624","20220820033000","147","2","屏東縣","潮州鎮","120.530","22.510","174"
"179","83625","20220820033000","153","1","屏東縣","潮州鎮","120.535","22.510","178"
"494","83646","20220820033000","341","2","屏東縣","潮州鎮","120.530","22.550","471"
"1201","83648","20220820033000","932","2","高雄市","鳳山區","120.325","22.595","1202"
"535","83650","20220820033000","503","1","高雄市","前鎮區","120.320","22.595","364"
"1173","83651","20220820033000","1377","0","高雄市","小港區","120.360","22.565","1184"
"139","83652","20220820033000","107","2","高雄市","小港區(海)","120.335","22.550","125"
"292","83653","20220820033000","247","1","高雄市","小港區","120.335","22.555","305"
"340","83655","20220820033000","298","1","高雄市","小港區","120.340","22.560","322"
"45","83657","20220820033000","60","0","高雄市","小港區","120.370","22.530","45"
"97","83658","20220820033000","128","0","高雄市","小港區","120.365","22.535","90"
"16","83660","20220820033000","125","0","高雄市","小港區","120.370","22.540","16"
"38","83661","20220820033000","25","3","高雄市","小港區","120.375","22.540","39"
"290","83662","20220820033000","139","3","高雄市","小港區","120.370","22.545","291"
"77","83666","20220820033000","44","3","高雄市","小港區","120.375","22.545","71"
"12","83669","20220820033000","132","0","高雄市","小港區","120.375","22.550","17"
"249","83670","20220820033000","85","3","高雄市","小港區","120.370","22.555","251"
"47","83671","20220820033000","506","0","高雄市","小港區","120.365","22.560","40"
"597","83673","20220820033000","603","0","高雄市","小港區","120.375","22.560","596"
"523","83674","20220820033000","1147","0","高雄市","小港區","120.365","22.565","504"
"306","83675","20220820033000","378","0","高雄市","小港區","120.370","22.565","302"
"421","83677","20220820033000","1774","0","高雄市","小港區","120.355","22.570","861"
"707","83684","20220820033000","668","1","高雄市","大寮區","120.380","22.590","581"
"37","83692","20220820033000","485","0","高雄市","大寮區","120.385","22.590","27"
"572","83694","20220820033000","400","2","高雄市","大寮區","120.395","22.590","587"
"101","83701","20220820033000","83","2","高雄市","大寮區","120.420","22.585","97"
"23","83702","20220820033000","322","0","高雄市","大寮區","120.410","22.590","22"
"163","83703","20220820033000","129","2","高雄市","大寮區","120.415","22.590","171"
"980","83704","20220820033000","963","1","高雄市","大寮區","120.420","22.590","964"
"524","83705","20220820033000","470","1","高雄市","大寮區","120.410","22.595","557"
"428","83706","20220820033000","290","2","高雄市","大寮區","120.415","22.595","399"
"15","83712","20220820033000","53","0","高雄市","前鎮區","120.310","22.580","11"
"51","83713","20220820033000","665","0","高雄市","小港區","120.345","22.565","53"
"23","83752","20220820033000","11","3","臺東縣","大武鄉","120.930","22.425","36"
"15","83764","20220820033000","12","2","臺東縣","大武鄉","120.935","22.435","13"
"80","83802","20220820033000","74","1","臺東縣","大武鄉","120.925","22.415","84"
"19","83805","20220820033000","552","0","高雄市","小港區","120.345","22.525","14"
"124","83815","20220820033000","109","1","高雄市","林園區","120.405","22.495","139"
"45","83819","20220820033000","43","1","高雄市","林園區","120.400","22.500","37"
"16","83820","20220820033000","162","0","高雄市","林園區","120.410","22.495","23"
"348","83822","20220820033000","328","1","高雄市","林園區","120.390","22.505","362"
"55","83828","20220820033000","41","2","高雄市","林園區","120.415","22.485","60"
"350","83831","20220820033000","471","0","高雄市","前鎮區","120.315","22.580","369"
"1581","83836","20220820033000","1227","2","高雄市","大寮區","120.405","22.545","1586"
"27","83838","20220820033000","161","0","高雄市","前鎮區","120.300","22.590","35"
"24","83839","20220820033000","193","0","高雄市","前鎮區","120.300","22.585","19"
"175","83840","20220820033000","95","3","高雄市","前鎮區","120.295","22.590","124"
"72","83842","20220820033000","304","0","高雄市","前鎮區","120.305","22.590","73"
"112","83843","20220820033000","82","2","高雄市","前鎮區","120.290","22.595","94"
"143","83844","20220820033000","120","1","高雄市","前鎮區","120.295","22.595","119"
"243","83845","20220820033000","255","0","高雄市","前鎮區","120.310","22.585","237"
"207","83862","20220820033000","176","1","臺東縣","達仁鄉","120.905","22.475","165"
"211","84086","20220820033000","145","2","臺東縣","達仁鄉","120.885","22.455","170"
"360","84511","20220820033000","297","2","臺東縣","金峰鄉","120.960","22.595","255"
"262","85294","20220820033000","189","2","臺東縣","太麻里鄉","120.960","22.530","165"
"485","85296","20220820033000","425","1","高雄市","林園區","120.410","22.480","504"
"18","85297","20220820033000","12","3","高雄市","林園區","120.395","22.490","15"
"406","85301","20220820033000","330","2","高雄市","林園區","120.360","22.505","408"
"510","85302","20220820033000","354","2","高雄市","林園區","120.365","22.505","510"
"356","85305","20220820033000","1036","0","高雄市","小港區","120.335","22.560","359"
"411","85307","20220820033000","350","1","高雄市","鳳山區","120.345","22.585","423"
"610","85308","20220820033000","475","2","高雄市","鳳山區","120.355","22.590","597"
"683","85309","20220820033000","544","2","高雄市","鳳山區","120.360","22.590","661"
"68","85310","20220820033000","251","0","高雄市","鳳山區","120.365","22.590","64"
"1699","85311","20220820033000","1412","2","高雄市","鳳山區","120.355","22.595","1323"
"390","85315","20220820033000","309","2","高雄市","鳳山區","120.360","22.595","310"
"340","85322","20220820033000","515","0","高雄市","小港區","120.350","22.560","341"
"836","85323","20220820033000","707","1","高雄市","小港區","120.355","22.560","813"
"1861","85325","20220820033000","1642","1","高雄市","鳳山區","120.360","22.585","1893"
"78","85327","20220820033000","489","0","高雄市","小港區","120.370","22.570","75"
"110","85328","20220820033000","119","0","高雄市","小港區","120.355","22.565","109"
"438","85329","20220820033000","313","2","高雄市","小港區","120.375","22.570","410"
"37","85331","20220820033000","239","0","高雄市","小港區","120.370","22.575","32"
"777","85332","20220820033000","772","1","高雄市","小港區","120.375","22.575","811"
"67","85337","20220820033000","84","0","高雄市","小港區","120.355","22.540","95"
"84","85340","20220820033000","85","0","高雄市","小港區","120.350","22.540","99"
"239","85343","20220820033000","171","2","高雄市","小港區","120.360","22.540","256"
"63","85345","20220820033000","46","2","高雄市","小港區","120.340","22.545","68"
"170","85347","20220820033000","161","1","高雄市","小港區","120.350","22.545","180"
"41","85353","20220820033000","36","1","高雄市","小港區","120.350","22.550","46"
"96","85354","20220820033000","79","2","高雄市","小港區","120.355","22.550","75"
"169","85355","20220820033000","162","1","高雄市","小港區","120.360","22.550","177"
"34","85356","20220820033000","67","0","高雄市","小港區","120.345","22.555","37"
"253","85359","20220820033000","236","1","高雄市","小港區","120.355","22.555","265"
"282","85360","20220820033000","202","2","高雄市","小港區","120.345","22.560","284"
"104","85367","20220820033000","90","1","高雄市","小港區","120.345","22.530","101"
"37","85368","20220820033000","32","1","高雄市","小港區","120.350","22.530","37"
"149","85370","20220820033000","140","1","高雄市","小港區","120.355","22.530","131"
"232","85371","20220820033000","226","1","高雄市","小港區","120.360","22.530","217"
"110","85372","20220820033000","160","0","高雄市","小港區","120.335","22.535","106"
"94","85374","20220820033000","88","1","高雄市","小港區","120.345","22.535","108"
"94","85377","20220820033000","90","1","高雄市","小港區(海)","120.330","22.540","151"
"87","85382","20220820033000","132","0","高雄市","小港區","120.320","22.545","87"
"835","85384","20220820033000","850","0","高雄市","前鎮區","120.325","22.570","707"
"987","85385","20220820033000","987","1","高雄市","前鎮區","120.325","22.575","909"
"529","85386","20220820033000","1291","0","高雄市","前鎮區","120.315","22.590","518"
"313","85387","20220820033000","314","0","高雄市","前鎮區","120.305","22.595","223"
"168","85389","20220820033000","649","0","高雄市","前鎮區","120.310","22.595","431"
"432","85391","20220820033000","311","2","高雄市","前鎮區","120.315","22.575","390"
"283","85392","20220820033000","197","2","高雄市","前鎮區","120.320","22.575","235"
"889","85393","20220820033000","1563","0","高雄市","前鎮區","120.325","22.580","835"
"1104","85396","20220820033000","617","3","高雄市","前鎮區","120.330","22.585","881"
"369","85398","20220820033000","539","0","高雄市","鳳山區","120.340","22.585","362"
"163","85400","20220820033000","145","1","臺東縣","太麻里鄉","120.940","22.460","123"
"13","85417","20220820033000","17","0","臺東縣","太麻里鄉","120.950","22.480","18"
"63","85451","20220820033000","54","1","臺東縣","太麻里鄉","120.955","22.510","39"
"196","85475","20220820033000","126","3","臺東縣","太麻里鄉","120.935","22.520","135"
"361","85487","20220820033000","294","2","高雄市","鳳山區","120.325","22.585","267"
"885","85489","20220820033000","526","3","高雄市","鳳山區","120.350","22.590","716"
"984","85490","20220820033000","1167","0","高雄市","鳳山區","120.345","22.595","1013"
"590","85491","20220820033000","845","0","高雄市","鳳山區","120.330","22.590","574"
"2507","85492","20220820033000","1894","2","高雄市","鳳山區","120.325","22.590","2466"
"1121","85493","20220820033000","912","2","高雄市","前鎮區","120.320","22.585","856"
"552","85496","20220820033000","470","1","高雄市","前鎮區","120.330","22.580","438"
"468","85517","20220820033000","428","1","高雄市","大寮區","120.410","22.560","364"
"260","85519","20220820033000","210","2","高雄市","大寮區","120.420","22.560","270"
"390","85533","20220820033000","300","2","高雄市","大寮區","120.405","22.580","380"
"1265","85535","20220820033000","1231","1","高雄市","鳳山區","120.335","22.595","1297"
"121","85536","20220820033000","425","0","高雄市","小港區","120.360","22.570","101"
"786","85537","20220820033000","657","1","高雄市","林園區","120.385","22.490","775"
"516","85543","20220820033000","465","1","高雄市","鳳山區","120.330","22.595","518"
"246","85544","20220820033000","244","1","高雄市","小港區","120.355","22.515","238"
"91","85546","20220820033000","79","1","高雄市","小港區","120.360","22.525","89"
"442","85559","20220820033000","402","1","臺東縣","太麻里鄉","120.965","22.530","317"
"29","85590","20220820033000","18","3","臺東縣","太麻里鄉","120.965","22.545","18"
"25","85591","20220820033000","14","3","臺東縣","太麻里鄉","120.970","22.545","49"
"295","85656","20220820033000","103","3","臺東縣","太麻里鄉","120.990","22.575","217"
"44","85660","20220820033000","79","0","臺東縣","太麻里鄉","120.990","22.580","63"
"777","85678","20220820033000","672","1","高雄市","鳳山區","120.350","22.595","801"
"264","85680","20220820033000","335","0","高雄市","鳳山區","120.340","22.595","251"
"587","85681","20220820033000","459","2","高雄市","林園區","120.375","22.500","570"
"1230","85683","20220820033000","1088","1","高雄市","林園區","120.385","22.500","1270"
"106","85684","20220820033000","450","0","高雄市","林園區","120.395","22.485","124"
"249","85685","20220820033000","247","1","高雄市","林園區","120.375","22.505","265"
"296","85689","20220820033000","1090","0","高雄市","前鎮區","120.310","22.590","308"
"670","85700","20220820033000","655","1","高雄市","小港區","120.340","22.565","508"
"329","85708","20220820033000","316","1","高雄市","小港區","120.380","22.545","319"
"70","85713","20220820033000","109","0","高雄市","小港區","120.390","22.545","40"
"481","85719","20220820033000","477","1","高雄市","小港區","120.385","22.555","501"
"498","85721","20220820033000","517","0","高雄市","小港區","120.390","22.560","415"
"170","85723","20220820033000","210","0","高雄市","小港區","120.380","22.555","135"
"372","85724","20220820033000","285","2","高雄市","小港區","120.380","22.560","389"
"195","85725","20220820033000","114","3","高雄市","小港區","120.385","22.560","190"
"137","85726","20220820033000","148","0","高雄市","小港區","120.380","22.565","101"
"158","85727","20220820033000","74","3","高雄市","小港區","120.385","22.565","160"
"507","85728","20220820033000","393","2","高雄市","大寮區","120.400","22.590","509"
"20","85729","20220820033000","39","0","高雄市","大寮區","120.390","22.595","21"
"49","85731","20220820033000","35","2","高雄市","大寮區","120.415","22.535","51"
"105","85751","20220820033000","85","2","高雄市","大寮區","120.425","22.555","94"
"224","85754","20220820033000","178","2","高雄市","大寮區","120.425","22.560","224"
"1173","85755","20220820033000","802","2","高雄市","前鎮區","120.315","22.585","834"
"288","85756","20220820033000","220","2","高雄市","前鎮區","120.305","22.585","306"
"123","85758","20220820033000","288","0","高雄市","小港區","120.345","22.570","161"
"271","85759","20220820033000","1326","0","高雄市","小港區","120.350","22.570","590"
"142","85764","20220820033000","333","0","高雄市","小港區","120.350","22.575","294"
"311","85768","20220820033000","318","0","高雄市","小港區","120.350","22.580","343"
"575","85770","20220820033000","1035","0","高雄市","鳳山區","120.350","22.585","478"
"2158","85771","20220820033000","2321","0","高雄市","鳳山區","120.355","22.585","1868"
"1375","85772","20220820033000","1532","0","高雄市","小港區","120.350","22.565","1566"
"785","85777","20220820033000","687","1","高雄市","小港區","120.330","22.565","576"
"591","85778","20220820033000","504","1","高雄市","前鎮區","120.330","22.570","433"
"932","85779","20220820033000","934","0","高雄市","小港區","120.335","22.570","848"
"311","85780","20220820033000","198","3","高雄市","小港區","120.335","22.565","253"
"585","85790","20220820033000","599","0","高雄市","鳳山區","120.340","22.590","497"
"405","85791","20220820033000","352","1","高雄市","鳳山區","120.345","22.590","399"
"1475","85793","20220820033000","1354","1","高雄市","鳳山區","120.335","22.590","1194"
"547","85794","20220820033000","331","3","高雄市","前鎮區","120.335","22.585","548"
"167","85806","20220820033000","104","3","高雄市","小港區(海)","120.330","22.550","192"
"122","85816","20220820033000","112","1","高雄市","小港區(海)","120.315","22.550","93"
"68","85817","20220820033000","96","0","高雄市","旗津區","120.310","22.555","102"
"37","85821","20220820033000","56","0","高雄市","旗津區(海)","120.300","22.575","43"
"11","85823","20220820033000","41","0","高雄市","前鎮區(海)","120.295","22.585","11"
"145","85826","20220820033000","238","0","高雄市","旗津區(海)","120.295","22.580","97"
"214","85827","20220820033000","136","3","高雄市","旗津區","120.290","22.585","152"
"27","85829","20220820033000","77","0","高雄市","大寮區","120.430","22.560","24"
"23","85834","20220820033000","68","0","高雄市","大寮區","120.430","22.565","16"
"205","85835","20220820033000","154","2","高雄市","大寮區","120.435","22.565","198"
"118","85837","20220820033000","87","2","高雄市","大寮區","120.420","22.570","124"
"427","85839","20220820033000","375","1","高雄市","大寮區","120.430","22.570","432"
"19","85845","20220820033000","22","0","高雄市","大寮區","120.435","22.580","29"
"47","85858","20220820033000","55","0","高雄市","大寮區","120.410","22.575","50"
"298","85859","20220820033000","251","1","高雄市","大寮區","120.415","22.575","296"
"158","85864","20220820033000","206","0","高雄市","大寮區","120.420","22.580","146"
"221","85865","20220820033000","209","1","高雄市","大寮區","120.425","22.580","221"
"16","85866","20220820033000","232","0","高雄市","大寮區","120.430","22.580","19"
"46","85867","20220820033000","58","0","高雄市","大寮區","120.425","22.585","48"
"26","85869","20220820033000","25","1","高雄市","大寮區","120.435","22.585","29"
"15","85872","20220820033000","104","0","高雄市","大寮區","120.425","22.590","12"
"132","85873","20220820033000","131","1","高雄市","大寮區","120.430","22.590","124"
"20","85880","20220820033000","361","0","高雄市","大寮區","120.400","22.595","22"
"591","85881","20220820033000","501","1","高雄市","大寮區","120.405","22.595","593"
"249","85887","20220820033000","331","0","高雄市","前鎮區","120.320","22.570","333"
"132","85888","20220820033000","97","2","高雄市","前鎮區(海)","120.305","22.575","54"
"614","85894","20220820033000","487","2","高雄市","小港區","120.365","22.585","640"
"864","85896","20220820033000","733","1","高雄市","前鎮區","120.320","22.590","796"
"308","85897","20220820033000","321","0","高雄市","林園區","120.395","22.505","306"
"1463","85898","20220820033000","1030","2","高雄市","林園區","120.395","22.510","1493"
"247","85910","20220820033000","205","2","高雄市","林園區","120.405","22.500","231"
"68","85911","20220820033000","79","0","高雄市","林園區","120.410","22.500","78"
"370","85915","20220820033000","333","1","高雄市","林園區","120.405","22.505","372"
"34","85916","20220820033000","31","1","高雄市","林園區","120.410","22.505","46"
"201","85920","20220820033000","204","0","高雄市","林園區","120.405","22.510","222"
"428","85929","20220820033000","315","2","高雄市","林園區","120.405","22.520","409"
"182","85936","20220820033000","191","0","高雄市","林園區","120.390","22.525","185"
"150","85937","20220820033000","221","0","高雄市","林園區","120.395","22.525","158"
"21","85945","20220820033000","114","0","高雄市","前鎮區","120.300","22.595","17"
"1093","85946","20220820033000","722","3","高雄市","前鎮區","120.325","22.600","924"
"102","85948","20220820033000","349","0","高雄市","林園區","120.390","22.510","109"
"14","85949","20220820033000","17","0","高雄市","林園區","120.390","22.515","16"
"209","85950","20220820033000","198","1","高雄市","林園區","120.400","22.480","203"
"84","85953","20220820033000","55","3","高雄市","旗津區","120.310","22.560","93"
"68","85954","20220820033000","53","2","高雄市","旗津區","120.305","22.565","23"
"320","85955","20220820033000","340","0","高雄市","旗津區","120.300","22.570","245"
"47","85960","20220820033000","316","0","高雄市","林園區","120.395","22.530","55"
"230","85961","20220820033000","241","0","高雄市","林園區","120.400","22.530","225"
"29","85963","20220820033000","20","2","高雄市","林園區","120.385","22.505","22"
"40","85971","20220820033000","311","0","高雄市","旗津區","120.280","22.595","45"
"145","85972","20220820033000","136","1","高雄市","旗津區","120.285","22.585","128"
"185","85975","20220820033000","134","2","高雄市","旗津區","120.285","22.590","107"
"511","85978","20220820033000","430","1","高雄市","林園區","120.390","22.500","555"
"69","85982","20220820033000","848","0","高雄市","林園區","120.380","22.500","60"
"73","85983","20220820033000","480","0","高雄市","林園區","120.395","22.500","75"
"119","85988","20220820033000","141","0","高雄市","林園區","120.395","22.535","114"
"369","85989","20220820033000","252","2","高雄市","林園區","120.400","22.535","393"
"53","88407","20220820033000","94","0","高雄市","鼓山區","120.260","22.625","40"
"40","90458","20220820033000","18","3","臺東縣","綠島鄉","121.470","22.645","54"
"379","93129","20220820033000","179","3","臺東縣","綠島鄉","121.485","22.680","301"
"306","94971","20220820033000","169","3","高雄市","左營區","120.275","22.700","300"
"38","97490","20220820033000","613","0","屏東縣","屏東市","120.480","22.650","31"
"386","97491","20220820033000","347","1","屏東縣","屏東市","120.485","22.650","385"
"383","97497","20220820033000","499","0","屏東縣","屏東市","120.485","22.645","374"
"12","97500","20220820033000","13","0","屏東縣","屏東市","120.500","22.660","13"
"326","97501","20220820033000","324","1","屏東縣","屏東市","120.500","22.665","330"
"30","97502","20220820033000","316","0","屏東縣","九如鄉","120.490","22.730","25"
"987","97503","20220820033000","915","1","屏東縣","九如鄉","120.490","22.735","735"
"303","97504","20220820033000","206","2","屏東縣","九如鄉","120.490","22.710","316"
"17","97506","20220820033000","29","0","屏東縣","九如鄉","120.490","22.715","19"
"28","97516","20220820033000","406","0","屏東縣","九如鄉","120.500","22.735","29"
"141","97518","20220820033000","104","2","屏東縣","九如鄉","120.505","22.735","135"
"502","97519","20220820033000","442","1","屏東縣","屏東市","120.475","22.655","496"
"326","97520","20220820033000","218","2","屏東縣","屏東市","120.480","22.655","336"
"19","97528","20220820033000","27","0","屏東縣","屏東市","120.455","22.635","17"
"15","97529","20220820033000","16","0","屏東縣","屏東市","120.460","22.635","14"
"62","97542","20220820033000","46","2","屏東縣","屏東市","120.495","22.625","49"
"592","97544","20220820033000","506","1","屏東縣","屏東市","120.505","22.625","544"
"1956","97550","20220820033000","1803","1","屏東縣","長治鄉","120.510","22.680","1658"
"692","97552","20220820033000","489","2","屏東縣","屏東市","120.485","22.670","689"
"74","97565","20220820033000","75","0","屏東縣","內埔鄉","120.570","22.650","80"
"17","97566","20220820033000","138","0","屏東縣","內埔鄉","120.575","22.650","14"
"21","97567","20220820033000","27","0","屏東縣","內埔鄉","120.560","22.655","18"
"402","97588","20220820033000","322","2","屏東縣","屏東市","120.505","22.690","412"
"1351","97589","20220820033000","1542","0","屏東縣","屏東市","120.495","22.685","997"
"15","97597","20220820033000","275","0","屏東縣","屏東市","120.510","22.700","17"
"58","97598","20220820033000","62","0","屏東縣","屏東市","120.495","22.705","51"
"195","97600","20220820033000","92","3","屏東縣","屏東市","120.505","22.705","200"
"1174","97606","20220820033000","1006","1","屏東縣","屏東市","120.475","22.660","1164"
"171","97607","20220820033000","367","0","屏東縣","屏東市","120.480","22.660","173"
"2373","97613","20220820033000","1620","2","屏東縣","屏東市","120.475","22.690","2345"
"32","97614","20220820033000","71","0","屏東縣","屏東市","120.470","22.690","45"
"17","97625","20220820033000","35","0","屏東縣","屏東市","120.485","22.700","16"
"328","97627","20220820033000","237","2","屏東縣","屏東市","120.480","22.670","313"
"334","97628","20220820033000","308","1","屏東縣","屏東市","120.495","22.670","317"
"392","97638","20220820033000","315","2","屏東縣","竹田鄉","120.525","22.605","285"
"757","97642","20220820033000","695","1","屏東縣","屏東市","120.495","22.665","792"
"502","97643","20220820033000","551","0","屏東縣","屏東市","120.480","22.640","549"
"272","97654","20220820033000","363","0","屏東縣","鹽埔鄉","120.605","22.725","381"
"14","97655","20220820033000","18","0","屏東縣","屏東市","120.500","22.650","16"
"41","97656","20220820033000","41","1","屏東縣","屏東市","120.505","22.650","33"
"549","97657","20220820033000","371","2","屏東縣","屏東市","120.480","22.675","549"
"1498","97658","20220820033000","1090","2","屏東縣","屏東市","120.490","22.655","1420"
"489","97660","20220820033000","325","3","屏東縣","屏東市","120.490","22.660","379"
"72","97661","20220820033000","97","0","屏東縣","屏東市","120.495","22.660","65"
"124","97663","20220820033000","70","3","屏東縣","屏東市","120.460","22.665","125"
"25","97701","20220820033000","458","0","屏東縣","鹽埔鄉","120.540","22.730","29"
"29","97715","20220820033000","376","0","屏東縣","鹽埔鄉","120.555","22.735","29"
"163","97722","20220820033000","121","2","屏東縣","鹽埔鄉","120.520","22.735","182"
"79","97744","20220820033000","337","0","屏東縣","長治鄉","120.530","22.690","68"
"30","97746","20220820033000","31","0","屏東縣","長治鄉","120.530","22.695","41"
"365","97754","20220820033000","337","1","屏東縣","屏東市","120.490","22.675","400"
"235","97761","20220820033000","837","0","屏東縣","屏東市","120.470","22.655","226"
"24","97765","20220820033000","28","0","屏東縣","屏東市","120.510","22.645","27"
"848","97771","20220820033000","864","0","屏東縣","屏東市","120.495","22.680","618"
"859","97772","20220820033000","410","3","屏東縣","屏東市","120.495","22.675","849"
"155","97773","20220820033000","317","0","屏東縣","屏東市","120.500","22.685","131"
"1636","97774","20220820033000","1451","1","屏東縣","屏東市","120.505","22.685","1642"
"1005","97775","20220820033000","767","2","屏東縣","屏東市","120.510","22.685","807"
"682","97777","20220820033000","551","2","屏東縣","屏東市","120.500","22.675","501"
"125","97783","20220820033000","96","2","屏東縣","內埔鄉","120.600","22.650","118"
"208","97786","20220820033000","621","0","屏東縣","內埔鄉","120.615","22.650","201"
"100","97791","20220820033000","697","0","屏東縣","內埔鄉","120.600","22.660","107"
"307","97800","20220820033000","216","2","屏東縣","麟洛鄉","120.535","22.650","318"
"125","97814","20220820033000","116","1","屏東縣","麟洛鄉","120.550","22.660","125"
"92","97818","20220820033000","93","0","屏東縣","麟洛鄉","120.535","22.665","100"
"38","97823","20220820033000","33","1","屏東縣","麟洛鄉","120.515","22.640","41"
"357","97842","20220820033000","279","2","屏東縣","麟洛鄉","120.520","22.645","343"
"20","97844","20220820033000","20","1","屏東縣","屏東市","120.515","22.650","17"
"31","97849","20220820033000","598","0","屏東縣","麟洛鄉","120.525","22.650","34"
"84","97851","20220820033000","533","0","屏東縣","麟洛鄉","120.520","22.655","84"
"51","97914","20220820033000","417","0","屏東縣","萬丹鄉","120.460","22.595","52"
"770","97916","20220820033000","665","1","屏東縣","屏東市","120.490","22.680","755"
"863","97917","20220820033000","711","2","屏東縣","屏東市","120.490","22.685","746"
"1238","97918","20220820033000","798","3","屏東縣","屏東市","120.490","22.690","1170"
"534","97919","20220820033000","600","0","屏東縣","屏東市","120.505","22.670","409"
"1359","97920","20220820033000","1495","0","屏東縣","長治鄉","120.510","22.670","1022"
"140","97925","20220820033000","404","0","屏東縣","長治鄉","120.545","22.690","146"
"376","97947","20220820033000","338","1","屏東縣","屏東市","120.475","22.680","385"
"136","97948","20220820033000","252","0","屏東縣","屏東市","120.480","22.680","144"
"81","97953","20220820033000","150","0","屏東縣","屏東市","120.465","22.685","61"
"259","97954","20220820033000","207","2","屏東縣","屏東市","120.470","22.685","279"
"231","97955","20220820033000","462","0","屏東縣","屏東市","120.475","22.685","215"
"738","97964","20220820033000","762","0","屏東縣","屏東市","120.510","22.655","734"
"364","97965","20220820033000","498","0","屏東縣","屏東市","120.505","22.660","308"
"174","97967","20220820033000","549","0","屏東縣","屏東市","120.515","22.660","142"
"658","97969","20220820033000","749","0","屏東縣","屏東市","120.505","22.665","497"
"33","97974","20220820033000","943","0","屏東縣","屏東市","120.505","22.675","31"
"435","97978","20220820033000","402","1","屏東縣","屏東市","120.475","22.670","441"
"436","97985","20220820033000","266","3","屏東縣","萬丹鄉","120.490","22.610","413"
"49","97991","20220820033000","223","0","屏東縣","萬丹鄉","120.490","22.620","64"
"17","98035","20220820033000","45","0","屏東縣","泰武鄉","120.700","22.610","12"
"33","98173","20220820033000","143","0","屏東縣","泰武鄉","120.640","22.625","37"
"113","98233","20220820033000","555","0","屏東縣","萬丹鄉","120.470","22.620","156"
"180","98245","20220820033000","165","1","屏東縣","萬丹鄉","120.470","22.610","169"
"214","98249","20220820033000","158","2","屏東縣","內埔鄉","120.600","22.675","207"
"127","98252","20220820033000","89","2","屏東縣","內埔鄉","120.585","22.640","137"
"39","98255","20220820033000","665","0","屏東縣","內埔鄉","120.590","22.645","39"
"320","98266","20220820033000","201","3","屏東縣","瑪家鄉","120.650","22.700","294"
"324","98270","20220820033000","330","0","屏東縣","內埔鄉","120.645","22.705","278"
"1056","98276","20220820033000","857","2","屏東縣","內埔鄉","120.565","22.635","1095"
"219","98277","20220820033000","209","1","屏東縣","內埔鄉","120.545","22.640","235"
"568","98281","20220820033000","502","1","屏東縣","麟洛鄉","120.540","22.645","426"
"316","98298","20220820033000","459","0","屏東縣","內埔鄉","120.555","22.600","244"
"610","98309","20220820033000","754","0","屏東縣","內埔鄉","120.595","22.630","492"
"302","98311","20220820033000","225","2","屏東縣","內埔鄉","120.590","22.635","257"
"70","98316","20220820033000","438","0","屏東縣","內埔鄉","120.600","22.640","51"
"133","98328","20220820033000","102","2","屏東縣","瑪家鄉","120.630","22.650","112"
"12","98341","20220820033000","343","0","屏東縣","內埔鄉","120.580","22.620","12"
"44","98346","20220820033000","30","2","屏東縣","內埔鄉","120.545","22.630","35"
"56","98348","20220820033000","300","0","屏東縣","內埔鄉","120.540","22.635","65"
"358","98362","20220820033000","257","2","屏東縣","內埔鄉","120.640","22.695","333"
"79","98378","20220820033000","367","0","屏東縣","長治鄉","120.550","22.680","69"
"31","98380","20220820033000","29","1","屏東縣","長治鄉","120.540","22.685","32"
"151","98392","20220820033000","469","0","屏東縣","長治鄉","120.550","22.695","178"
"46","98396","20220820033000","31","2","屏東縣","長治鄉","120.535","22.705","43"
"494","98405","20220820033000","519","0","屏東縣","長治鄉","120.535","22.710","496"
"12","98406","20220820033000","73","0","屏東縣","長治鄉","120.540","22.710","10"
"66","98407","20220820033000","102","0","屏東縣","長治鄉","120.545","22.710","70"
"42","98408","20220820033000","243","0","屏東縣","長治鄉","120.525","22.715","45"
"34","98410","20220820033000","112","0","屏東縣","長治鄉","120.535","22.715","33"
"70","98418","20220820033000","418","0","屏東縣","萬丹鄉","120.470","22.615","56"
"159","98422","20220820033000","129","2","屏東縣","萬丹鄉","120.520","22.595","161"
"180","98443","20220820033000","221","0","屏東縣","屏東市","120.495","22.640","205"
"424","98446","20220820033000","411","1","屏東縣","屏東市","120.490","22.645","429"
"226","98453","20220820033000","156","2","屏東縣","屏東市","120.485","22.625","244"
"395","98457","20220820033000","531","0","屏東縣","屏東市","120.480","22.635","172"
"18","98458","20220820033000","29","0","屏東縣","屏東市","120.485","22.635","19"
"249","98459","20220820033000","238","1","屏東縣","屏東市","120.490","22.635","270"
"24","98460","20220820033000","337","0","屏東縣","屏東市","120.485","22.640","36"
"62","98462","20220820033000","527","0","屏東縣","內埔鄉","120.565","22.610","66"
"25","98463","20220820033000","23","1","屏東縣","內埔鄉","120.570","22.610","30"
"898","98464","20220820033000","929","0","屏東縣","內埔鄉","120.570","22.615","744"
"581","98467","20220820033000","675","0","屏東縣","內埔鄉","120.560","22.605","432"
"27","98471","20220820033000","356","0","屏東縣","內埔鄉","120.560","22.600","31"
"284","98472","20220820033000","390","0","屏東縣","內埔鄉","120.565","22.600","219"
"27","98486","20220820033000","189","0","屏東縣","內埔鄉","120.595","22.675","36"
"891","98496","20220820033000","974","0","屏東縣","屏東市","120.485","22.685","905"
"1219","98497","20220820033000","611","3","屏東縣","屏東市","120.480","22.690","1218"
"785","98498","20220820033000","895","0","屏東縣","屏東市","120.485","22.690","794"
"849","98502","20220820033000","813","1","屏東縣","內埔鄉","120.545","22.625","657"
"16","98511","20220820033000","16","1","屏東縣","內埔鄉","120.570","22.640","15"
"867","98532","20220820033000","741","1","屏東縣","內埔鄉","120.560","22.620","711"
"664","98533","20220820033000","584","1","屏東縣","內埔鄉","120.565","22.620","699"
"24","98544","20220820033000","321","0","屏東縣","內埔鄉","120.600","22.690","20"
"361","98558","20220820033000","376","0","屏東縣","內埔鄉","120.610","22.700","316"
"22","98563","20220820033000","17","2","屏東縣","內埔鄉","120.600","22.665","22"
"409","98589","20220820033000","385","1","屏東縣","屏東市","120.505","22.695","381"
"154","98591","20220820033000","142","1","屏東縣","屏東市","120.445","22.640","143"
"355","98594","20220820033000","360","0","屏東縣","屏東市","120.460","22.640","378"
"90","98598","20220820033000","62","2","屏東縣","屏東市","120.455","22.645","85"
"341","98607","20220820033000","290","1","屏東縣","屏東市","120.465","22.650","345"
"195","98633","20220820033000","193","1","屏東縣","三地門鄉","120.640","22.715","127"
"473","98636","20220820033000","441","1","屏東縣","三地門鄉","120.655","22.715","361"
"89","98648","20220820033000","87","1","屏東縣","三地門鄉","120.670","22.720","96"
"325","98723","20220820033000","270","2","屏東縣","屏東市","120.495","22.690","300"
"668","98724","20220820033000","460","2","屏東縣","屏東市","120.500","22.690","709"
"899","98725","20220820033000","708","2","屏東縣","屏東市","120.480","22.665","914"
"420","98726","20220820033000","343","2","屏東縣","屏東市","120.495","22.695","488"
"277","98729","20220820033000","240","1","屏東縣","屏東市","120.500","22.695","259"
"774","98734","20220820033000","414","3","屏東縣","屏東市","120.490","22.670","765"
"74","98776","20220820033000","57","2","屏東縣","萬巒鄉","120.625","22.630","78"
"90","98782","20220820033000","51","3","屏東縣","萬巒鄉","120.625","22.640","65"
"43","98803","20220820033000","58","0","屏東縣","萬巒鄉","120.615","22.605","46"
"200","98804","20220820033000","162","2","屏東縣","萬巒鄉","120.620","22.605","218"
"71","98822","20220820033000","56","2","屏東縣","長治鄉","120.535","22.670","64"
"1304","98826","20220820033000","1037","2","屏東縣","長治鄉","120.525","22.675","1286"
"241","98837","20220820033000","264","0","屏東縣","長治鄉","120.515","22.685","251"
"27","98842","20220820033000","1072","0","屏東縣","長治鄉","120.510","22.665","31"
"443","98843","20220820033000","462","0","屏東縣","長治鄉","120.515","22.665","435"
"24","98844","20220820033000","31","0","屏東縣","長治鄉","120.520","22.665","29"
"14","98884","20220820033000","25","0","屏東縣","瑪家鄉","120.705","22.675","11"
"287","98968","20220820033000","160","3","屏東縣","瑪家鄉","120.670","22.675","237"
"26","99003","20220820033000","30","0","屏東縣","瑪家鄉","120.655","22.705","35"
"18","99033","20220820033000","11","3","屏東縣","瑪家鄉","120.690","22.680","18"
"101","99078","20220820033000","109","0","屏東縣","瑪家鄉","120.640","22.685","78"
"65","99094","20220820033000","84","0","屏東縣","竹田鄉","120.530","22.630","74"
"194","99099","20220820033000","182","1","屏東縣","竹田鄉","120.535","22.640","183"
"19","99104","20220820033000","25","0","屏東縣","竹田鄉","120.545","22.600","13"
"244","99110","20220820033000","243","1","屏東縣","竹田鄉","120.520","22.615","194"
"22","99116","20220820033000","306","0","屏東縣","竹田鄉","120.525","22.620","24"
"64","99293","20220820033000","484","0","屏東縣","萬丹鄉","120.465","22.605","57"
"307","99294","20220820033000","237","2","屏東縣","萬丹鄉","120.470","22.605","319"
"53","99299","20220820033000","693","0","屏東縣","萬丹鄉","120.495","22.595","60"
"560","99310","20220820033000","559","1","屏東縣","長治鄉","120.520","22.680","553"
"71","99313","20220820033000","114","0","屏東縣","長治鄉","120.525","22.685","70"
"25","99317","20220820033000","297","0","屏東縣","長治鄉","120.565","22.670","22"
"744","99340","20220820033000","395","3","屏東縣","長治鄉","120.590","22.695","750"
"366","99352","20220820033000","586","0","屏東縣","長治鄉","120.575","22.705","370"
"100","99358","20220820033000","63","3","屏東縣","長治鄉","120.580","22.710","108"
"29","99371","20220820033000","24","2","屏東縣","鹽埔鄉","120.580","22.720","25"
"115","99390","20220820033000","86","2","屏東縣","長治鄉","120.570","22.700","105"
"10","99551","20220820033000","25","0","屏東縣","霧台鄉","120.755","22.730","10"
"22","99607","20220820033000","22","1","屏東縣","高樹鄉","120.630","22.735","13"
"54","99617","20220820033000","38","2","屏東縣","萬丹鄉","120.450","22.620","51"
"27","99627","20220820033000","348","0","屏東縣","萬丹鄉","120.465","22.625","33"
"29","99670","20220820033000","203","0","屏東縣","九如鄉","120.485","22.735","23"
"844","99671","20220820033000","888","0","屏東縣","屏東市","120.490","22.665","657"
"10","99677","20220820033000","12","0","屏東縣","屏東市","120.485","22.705","10"
"310","99690","20220820033000","207","2","屏東縣","九如鄉","120.520","22.710","306"
"13","99705","20220820033000","125","0","屏東縣","九如鄉","120.505","22.725","27"
"389","99716","20220820033000","237","3","臺東縣","綠島鄉","121.470","22.670","387"
"379","99719","20220820033000","371","1","臺東縣","綠島鄉","121.470","22.675","269"
"21","99724","20220820033000","21","1","臺東縣","綠島鄉","121.495","22.640","37"
"129","99732","20220820033000","95","2","臺東縣","綠島鄉","121.500","22.645","116"
"49","99739","20220820033000","19","3","臺東縣","綠島鄉","121.505","22.655","35"
"442","99759","20220820033000","195","3","臺東縣","綠島鄉","121.490","22.675","269"
"19","99760","20220820033000","18","1","臺東縣","綠島鄉","121.495","22.675","18"
"44","99762","20220820033000","51","0","臺東縣","綠島鄉","121.505","22.675","94"
"116","99767","20220820033000","63","3","臺東縣","綠島鄉","121.475","22.650","116"
"142","99769","20220820033000","80","3","臺東縣","綠島鄉","121.485","22.650","113"
"265","99774","20220820033000","215","2","臺東縣","綠島鄉","121.475","22.660","214"
"322","99777","20220820033000","200","3","臺東縣","綠島鄉","121.470","22.665","260"
"930","99779","20220820033000","566","3","臺東縣","綠島鄉","121.465","22.670","684"
"483","99780","20220820033000","347","2","高雄市","楠梓區","120.295","22.715","354"
"117","99782","20220820033000","168","0","高雄市","楠梓區","120.305","22.710","115"
"910","99783","20220820033000","675","2","高雄市","楠梓區","120.300","22.715","968"
"520","99784","20220820033000","450","1","高雄市","楠梓區","120.305","22.715","494"
"95","99785","20220820033000","402","0","高雄市","楠梓區","120.310","22.715","101"
"338","99787","20220820033000","420","0","高雄市","前金區","120.290","22.625","296"
"1206","99788","20220820033000","1011","1","高雄市","前金區","120.300","22.620","931"
"582","99792","20220820033000","569","1","臺東縣","臺東市","121.050","22.705","640"
"412","99796","20220820033000","394","1","臺東縣","臺東市","121.040","22.705","321"
"1087","99800","20220820033000","666","3","臺東縣","臺東市","121.045","22.710","822"
"24","99817","20220820033000","287","0","臺東縣","臺東市","121.060","22.710","21"
"684","99819","20220820033000","634","1","臺東縣","臺東市","121.070","22.710","609"
"141","99837","20220820033000","120","1","臺東縣","臺東市","121.070","22.720","163"
"43","99854","20220820033000","64","0","臺東縣","臺東市","121.085","22.730","46"
"57","99856","20220820033000","55","1","高雄市","大寮區","120.415","22.620","56"
"55","99859","20220820033000","34","3","高雄市","大寮區","120.430","22.620","48"
"252","99862","20220820033000","245","1","高雄市","大寮區","120.425","22.625","221"
"2386","99875","20220820033000","1700","2","高雄市","鳥松區","120.335","22.655","2470"
"590","99876","20220820033000","779","0","高雄市","前鎮區","120.315","22.595","431"
"1097","99877","20220820033000","938","1","高雄市","三民區","120.320","22.670","1143"
"328","99885","20220820033000","299","1","臺東縣","臺東市","121.055","22.725","361"
"964","99892","20220820033000","845","1","高雄市","前鎮區","120.305","22.605","751"
"1625","99893","20220820033000","1121","2","高雄市","前鎮區","120.315","22.615","1363"
"1537","99894","20220820033000","1180","2","高雄市","前鎮區","120.305","22.600","1350"
"1642","99895","20220820033000","1821","0","高雄市","前鎮區","120.330","22.610","1257"
"26","99897","20220820033000","50","0","高雄市","仁武區","120.330","22.705","18"
"631","99898","20220820033000","542","1","高雄市","仁武區","120.335","22.705","501"
"385","99899","20220820033000","336","1","高雄市","仁武區","120.330","22.710","285"
"300","99900","20220820033000","210","2","高雄市","仁武區","120.335","22.710","287"
"25","99901","20220820033000","12","3","高雄市","仁武區","120.330","22.715","17"
"207","99902","20220820033000","205","1","高雄市","楠梓區","120.330","22.720","154"
"25","99903","20220820033000","22","1","高雄市","三民區","120.290","22.640","31"
"34","99905","20220820033000","761","0","高雄市","仁武區","120.355","22.680","37"
"309","99906","20220820033000","1453","0","高雄市","仁武區","120.355","22.685","325"
"710","99908","20220820033000","738","0","高雄市","仁武區","120.345","22.685","735"
"105","99912","20220820033000","81","2","高雄市","仁武區","120.365","22.690","72"
"15","99913","20220820033000","12","2","高雄市","仁武區","120.370","22.690","13"
"163","99914","20220820033000","158","1","高雄市","仁武區","120.375","22.690","135"
"122","99919","20220820033000","99","2","高雄市","仁武區","120.375","22.695","132"
"394","99924","20220820033000","384","1","高雄市","仁武區","120.365","22.700","332"
"142","99927","20220820033000","111","2","高雄市","仁武區","120.380","22.700","109"
"332","99930","20220820033000","227","2","高雄市","仁武區","120.395","22.700","245"
"2162","99933","20220820033000","2041","1","高雄市","鹽埕區","120.285","22.630","1717"
"1473","99935","20220820033000","1688","0","高雄市","楠梓區","120.325","22.725","1205"
"54","99936","20220820033000","298","0","高雄市","楠梓區","120.315","22.735","62"
"1019","99937","20220820033000","845","2","高雄市","楠梓區","120.320","22.730","1015"
"1501","99940","20220820033000","1432","1","高雄市","楠梓區","120.300","22.710","1286"
"1747","99941","20220820033000","1711","1","高雄市","三民區","120.320","22.650","1479"
"2383","99942","20220820033000","2165","1","高雄市","前金區","120.295","22.630","1786"
"632","99943","20220820033000","672","0","高雄市","三民區","120.290","22.645","486"
"57","99944","20220820033000","781","0","高雄市","鳳山區","120.375","22.635","55"
"2165","99945","20220820033000","1491","2","高雄市","鳳山區","120.365","22.625","1932"
"717","99946","20220820033000","625","1","高雄市","鳳山區","120.370","22.625","584"
"46","99951","20220820033000","201","0","高雄市","大樹區","120.420","22.695","42"
"16","99964","20220820033000","12","2","高雄市","大樹區","120.410","22.690","12"
"11","99968","20220820033000","11","1","高雄市","大樹區","120.405","22.690","13"
"67","99973","20220820033000","52","2","高雄市","大樹區","120.400","22.700","68"
"95","99976","20220820033000","140","0","高雄市","大社區","120.340","22.725","84"
"245","99979","20220820033000","429","0","高雄市","大社區","120.345","22.725","247"
"24","99983","20220820033000","413","0","高雄市","左營區","120.300","22.685","23"
"10","99984","20220820033000","488","0","高雄市","左營區","120.305","22.690","10"
"1509","99985","20220820033000","1195","2","高雄市","左營區","120.310","22.685","1478"
"1370","99987","20220820033000","783","3","高雄市","左營區","120.315","22.690","1370"
"1047","99989","20220820033000","916","1","高雄市","新興區","120.305","22.630","810"
"115","99990","20220820033000","200","0","高雄市","大寮區","120.385","22.615","113"
"797","99993","20220820033000","1010","0","高雄市","大寮區","120.380","22.620","847"
"494","99994","20220820033000","285","3","高雄市","大寮區","120.385","22.620","512"
"16","99999","20220820033000","12","2","高雄市","大寮區","120.375","22.600","16"
"1886","100002","20220820033000","1954","0","高雄市","三民區","120.295","22.635","1505"
"904","100003","20220820033000","722","2","高雄市","前金區","120.300","22.625","643"
"1610","100004","20220820033000","1639","0","高雄市","新興區","120.300","22.630","1206"
"490","100005","20220820033000","648","0","高雄市","大寮區","120.385","22.600","491"
"849","100007","20220820033000","813","1","高雄市","大寮區","120.385","22.610","876"
"108","100010","20220820033000","459","0","高雄市","苓雅區","120.330","22.625","118"
"3199","100011","20220820033000","2873","1","高雄市","鳳山區","120.360","22.635","2626"
"905","100012","20220820033000","820","1","高雄市","鳳山區","120.365","22.630","842"
"376","100013","20220820033000","320","1","高雄市","鳳山區","120.375","22.640","318"
"411","100014","20220820033000","1093","0","高雄市","鳳山區","120.350","22.615","392"
"2292","100015","20220820033000","1834","2","高雄市","楠梓區","120.300","22.725","2234"
"1439","100016","20220820033000","1149","2","高雄市","橋頭區","120.300","22.730","1413"
"898","100017","20220820033000","1804","0","高雄市","橋頭區","120.305","22.730","938"
"763","100019","20220820033000","1473","0","高雄市","鳳山區","120.345","22.615","745"
"706","100021","20220820033000","299","3","高雄市","楠梓區","120.285","22.725","700"
"292","100022","20220820033000","1335","0","高雄市","楠梓區","120.290","22.725","235"
"628","100023","20220820033000","606","1","高雄市","橋頭區","120.295","22.730","551"
"266","100025","20220820033000","306","0","高雄市","楠梓區","120.285","22.730","214"
"11","100026","20220820033000","12","0","高雄市","楠梓區","120.290","22.730","17"
"1299","100028","20220820033000","1460","0","高雄市","楠梓區","120.290","22.715","1036"
"1540","100029","20220820033000","1514","1","高雄市","楠梓區","120.290","22.720","1184"
"1281","100032","20220820033000","1442","0","高雄市","苓雅區","120.300","22.610","1031"
"1339","100033","20220820033000","1316","1","高雄市","苓雅區","120.335","22.625","1363"
"2727","100034","20220820033000","2730","0","高雄市","前鎮區","120.310","22.615","2294"
"258","100038","20220820033000","182","2","高雄市","大寮區","120.405","22.640","207"
"340","100039","20220820033000","286","1","高雄市","大寮區","120.410","22.640","348"
"3137","100044","20220820033000","2123","2","高雄市","三民區","120.325","22.650","2952"
"911","100045","20220820033000","681","2","高雄市","三民區","120.320","22.655","693"
"795","100047","20220820033000","1511","0","高雄市","鳳山區","120.380","22.630","848"
"4594","100048","20220820033000","4114","1","高雄市","苓雅區","120.320","22.620","3604"
"2163","100049","20220820033000","2598","0","高雄市","新興區","120.310","22.630","2211"
"87","100050","20220820033000","459","0","高雄市","三民區","120.315","22.650","78"
"481","100052","20220820033000","602","0","高雄市","三民區","120.315","22.655","435"
"2315","100053","20220820033000","1429","3","高雄市","三民區","120.330","22.640","2185"
"1587","100054","20220820033000","945","3","高雄市","三民區","120.315","22.640","1173"
"111","100057","20220820033000","208","0","高雄市","前鎮區","120.285","22.605","93"
"124","100058","20220820033000","133","0","高雄市","前鎮區","120.290","22.605","142"
"405","100059","20220820033000","251","3","高雄市","前鎮區","120.300","22.605","324"
"85","100071","20220820033000","51","3","臺東縣","太麻里鄉","121.025","22.670","62"
"127","100074","20220820033000","115","1","臺東縣","太麻里鄉","121.040","22.670","96"
"188","100530","20220820033000","94","3","臺東縣","金峰鄉","120.950","22.640","147"
"120","100729","20220820033000","90","2","臺東縣","金峰鄉","121.000","22.635","84"
"703","100742","20220820033000","705","0","高雄市","鳳山區","120.360","22.625","724"
"1017","100743","20220820033000","1229","0","高雄市","三民區","120.305","22.640","1054"
"99","100744","20220820033000","1149","0","高雄市","楠梓區","120.295","22.725","100"
"2266","100745","20220820033000","1541","2","高雄市","楠梓區","120.300","22.720","2134"
"94","100746","20220820033000","100","0","高雄市","鳳山區","120.365","22.605","103"
"1095","100747","20220820033000","1194","0","高雄市","鳳山區","120.360","22.610","843"
"675","100753","20220820033000","537","2","高雄市","鳳山區","120.355","22.605","507"
"34","100755","20220820033000","28","2","高雄市","鳳山區","120.365","22.615","22"
"15","100759","20220820033000","62","0","高雄市","左營區","120.295","22.695","12"
"108","100760","20220820033000","90","2","高雄市","左營區","120.295","22.700","103"
"1836","100762","20220820033000","1669","1","高雄市","三民區","120.315","22.645","1873"
"2405","100764","20220820033000","2189","1","高雄市","三民區","120.310","22.640","1962"
"1647","100765","20220820033000","1671","0","高雄市","前金區","120.290","22.630","1289"
"1963","100766","20220820033000","1149","3","高雄市","三民區","120.295","22.645","1397"
"77","100767","20220820033000","64","2","高雄市","仁武區","120.340","22.705","56"
"152","100768","20220820033000","885","0","高雄市","仁武區","120.345","22.705","141"
"143","100771","20220820033000","136","1","高雄市","仁武區","120.340","22.715","147"
"1088","100773","20220820033000","1071","1","高雄市","仁武區","120.350","22.690","850"
"934","100775","20220820033000","628","2","高雄市","仁武區","120.350","22.695","926"
"33","100777","20220820033000","600","0","高雄市","仁武區","120.355","22.700","30"
"62","100778","20220820033000","52","1","高雄市","仁武區","120.350","22.705","58"
"254","100779","20220820033000","212","1","高雄市","仁武區","120.355","22.705","190"
"441","100781","20220820033000","398","1","高雄市","仁武區","120.350","22.710","346"
"117","100783","20220820033000","104","1","高雄市","仁武區","120.345","22.715","88"
"89","100784","20220820033000","121","0","高雄市","仁武區","120.350","22.715","94"
"1154","100786","20220820033000","1810","0","高雄市","前鎮區","120.335","22.605","1021"
"2894","100787","20220820033000","2716","1","高雄市","前鎮區","120.330","22.600","2949"
"2324","100788","20220820033000","2111","1","高雄市","三民區","120.335","22.650","2004"
"828","100789","20220820033000","845","0","高雄市","三民區","120.325","22.655","610"
"27","100790","20220820033000","22","2","臺東縣","太麻里鄉","120.975","22.600","30"
"736","100808","20220820033000","619","1","臺東縣","太麻里鄉","121.005","22.610","556"
"2398","100829","20220820033000","2159","1","高雄市","苓雅區","120.340","22.630","2073"
"1797","100830","20220820033000","1781","1","高雄市","鳳山區","120.345","22.630","1420"
"1242","100831","20220820033000","2557","0","高雄市","鳳山區","120.365","22.640","1241"
"2277","100832","20220820033000","2011","1","高雄市","苓雅區","120.325","22.615","1814"
"1823","100833","20220820033000","1409","2","高雄市","左營區","120.305","22.660","1612"
"2821","100834","20220820033000","2892","0","高雄市","左營區","120.310","22.660","2629"
"3197","100835","20220820033000","2858","1","高雄市","左營區","120.305","22.665","3064"
"1802","100836","20220820033000","2279","0","高雄市","左營區","120.310","22.665","1432"
"1977","100837","20220820033000","2196","0","高雄市","左營區","120.300","22.670","1838"
"1062","100838","20220820033000","848","2","高雄市","左營區","120.305","22.670","876"
"2355","100839","20220820033000","2405","0","高雄市","左營區","120.300","22.680","2381"
"1723","100842","20220820033000","1583","1","高雄市","新興區","120.305","22.635","1256"
"45","100844","20220820033000","33","2","高雄市","大寮區","120.385","22.635","45"
"1947","100848","20220820033000","1611","2","高雄市","大寮區","120.395","22.640","2001"
"2395","100851","20220820033000","2205","1","高雄市","三民區","120.325","22.675","2006"
"2015","100852","20220820033000","1835","1","高雄市","三民區","120.325","22.660","1854"
"2271","100853","20220820033000","1843","2","高雄市","三民區","120.330","22.660","2298"
"1468","100854","20220820033000","2647","0","高雄市","三民區","120.325","22.665","1132"
"14","100855","20220820033000","436","0","高雄市","鳥松區","120.335","22.665","12"
"56","100856","20220820033000","664","0","高雄市","三民區","120.330","22.665","55"
"470","100858","20220820033000","444","1","高雄市","三民區","120.330","22.670","347"
"2742","100860","20220820033000","2518","1","高雄市","三民區","120.335","22.645","2476"
"122","100861","20220820033000","83","2","高雄市","前鎮區","120.310","22.605","121"
"2323","100862","20220820033000","2901","0","高雄市","前鎮區","120.310","22.610","2017"
"670","100863","20220820033000","956","0","高雄市","前鎮區","120.315","22.610","599"
"331","100864","20220820033000","201","3","高雄市","左營區","120.290","22.700","282"
"1275","100865","20220820033000","1127","1","高雄市","左營區","120.285","22.680","1312"
"708","100866","20220820033000","497","2","高雄市","左營區","120.290","22.680","713"
"844","100867","20220820033000","902","0","高雄市","鳳山區","120.350","22.640","719"
"2054","100868","20220820033000","1608","2","高雄市","鳳山區","120.350","22.630","2011"
"863","100869","20220820033000","1337","0","高雄市","鳳山區","120.350","22.645","892"
"1324","100870","20220820033000","1890","0","高雄市","鳳山區","120.350","22.635","1210"
"2192","100871","20220820033000","2072","1","高雄市","苓雅區","120.335","22.620","1983"
"1129","100872","20220820033000","2324","0","高雄市","鳳山區","120.340","22.600","1184"
"2664","100873","20220820033000","1722","3","高雄市","三民區","120.320","22.645","2298"
"1854","100874","20220820033000","1697","1","高雄市","三民區","120.325","22.645","1917"
"2222","100875","20220820033000","1442","3","高雄市","三民區","120.290","22.635","1738"
"1532","100877","20220820033000","1839","0","高雄市","三民區","120.325","22.670","1441"
"1097","100878","20220820033000","1794","0","高雄市","三民區","120.315","22.660","1150"
"1518","100879","20220820033000","1801","0","高雄市","三民區","120.320","22.660","1518"
"2435","100880","20220820033000","3719","0","高雄市","三民區","120.315","22.665","2541"
"160","100881","20220820033000","2132","0","高雄市","三民區","120.320","22.665","143"
"1448","100883","20220820033000","806","3","高雄市","前鎮區","120.305","22.610","1246"
"157","100888","20220820033000","888","0","高雄市","大寮區","120.390","22.625","209"
"2674","100890","20220820033000","2221","2","高雄市","三民區","120.335","22.640","2377"
"2587","100891","20220820033000","2737","0","高雄市","鳳山區","120.345","22.635","2004"
"559","100909","20220820033000","550","1","臺東縣","臺東市","121.055","22.705","435"
"250","100915","20220820033000","176","2","臺東縣","太麻里鄉","121.010","22.625","208"
"51","100925","20220820033000","41","2","臺東縣","太麻里鄉","121.015","22.640","64"
"428","100938","20220820033000","357","1","臺東縣","臺東市","121.100","22.725","428"
"177","100946","20220820033000","480","0","高雄市","鳥松區","120.350","22.665","173"
"1383","100947","20220820033000","975","2","高雄市","鳥松區","120.355","22.665","1443"
"321","100948","20220820033000","320","1","高雄市","鳥松區","120.360","22.665","316"
"63","100954","20220820033000","66","0","高雄市","仁武區","120.370","22.680","52"
"12","100961","20220820033000","11","1","高雄市","鳥松區","120.380","22.685","10"
"499","100966","20220820033000","386","2","高雄市","鳥松區","120.395","22.665","475"
"29","100969","20220820033000","52","0","高雄市","鳥松區","120.390","22.675","28"
"1637","100974","20220820033000","1812","0","高雄市","三民區","120.340","22.645","1498"
"290","100975","20220820033000","241","2","高雄市","鳥松區","120.345","22.655","277"
"457","100977","20220820033000","533","0","高雄市","鳥松區","120.340","22.655","326"
"358","100978","20220820033000","254","2","高雄市","鳥松區","120.340","22.660","272"
"369","100982","20220820033000","412","0","高雄市","鳥松區","120.390","22.660","359"
"36","100983","20220820033000","385","0","高雄市","鳥松區","120.395","22.660","427"
"73","100986","20220820033000","1473","0","高雄市","鳳山區","120.360","22.640","78"
"1100","100987","20220820033000","1163","0","高雄市","鳥松區","120.355","22.645","1082"
"169","100988","20220820033000","148","1","高雄市","鳳山區","120.360","22.645","149"
"499","100989","20220820033000","272","3","高雄市","鳥松區","120.365","22.645","509"
"831","100992","20220820033000","754","1","高雄市","鳥松區","120.355","22.650","781"
"426","100995","20220820033000","472","0","高雄市","鳥松區","120.370","22.650","437"
"57","100997","20220820033000","93","0","高雄市","鳥松區","120.355","22.655","64"
"1147","100998","20220820033000","886","2","高雄市","鳥松區","120.360","22.655","1153"
"549","101004","20220820033000","554","0","高雄市","鳥松區","120.360","22.660","552"
"539","101009","20220820033000","535","1","高雄市","鳥松區","120.370","22.665","527"
"61","101010","20220820033000","80","0","高雄市","鳥松區","120.340","22.665","37"
"468","101014","20220820033000","429","1","高雄市","鳥松區","120.370","22.670","481"
"332","101017","20220820033000","237","2","高雄市","鳥松區","120.380","22.655","335"
"234","101018","20220820033000","140","3","高雄市","鳥松區","120.385","22.655","228"
"95","101019","20220820033000","75","2","高雄市","鳥松區","120.370","22.660","77"
"287","101021","20220820033000","381","0","高雄市","鳥松區","120.380","22.660","274"
"713","101029","20220820033000","596","1","高雄市","鳳山區","120.355","22.625","531"
"2998","101030","20220820033000","2408","2","高雄市","鳳山區","120.355","22.635","2489"
"27","101034","20220820033000","26","1","高雄市","鳳山區","120.380","22.625","34"
"625","101035","20220820033000","513","2","高雄市","楠梓區","120.325","22.705","607"
"31","101038","20220820033000","29","1","高雄市","仁武區","120.330","22.695","27"
"326","101039","20220820033000","368","0","高雄市","仁武區","120.325","22.700","264"
"554","101043","20220820033000","1420","0","高雄市","前鎮區","120.315","22.605","566"
"1839","101044","20220820033000","2676","0","高雄市","三民區","120.335","22.635","1459"
"172","101045","20220820033000","1275","0","高雄市","三民區","120.345","22.640","171"
"114","101046","20220820033000","1357","0","高雄市","仁武區","120.345","22.675","132"
"686","101047","20220820033000","711","0","高雄市","仁武區","120.350","22.675","500"
"219","101048","20220820033000","784","0","高雄市","仁武區","120.340","22.680","255"
"654","101049","20220820033000","556","1","高雄市","仁武區","120.345","22.680","699"
"1669","101052","20220820033000","1575","1","高雄市","仁武區","120.325","22.685","1620"
"994","101053","20220820033000","835","1","高雄市","仁武區","120.325","22.690","985"
"654","101055","20220820033000","452","2","高雄市","仁武區","120.325","22.695","600"
"392","101056","20220820033000","177","3","高雄市","仁武區","120.320","22.695","412"
"170","101058","20220820033000","208","0","高雄市","仁武區","120.330","22.700","124"
"281","101059","20220820033000","1123","0","高雄市","鳳山區","120.365","22.635","215"
"1205","101061","20220820033000","1199","1","高雄市","苓雅區","120.295","22.615","964"
"1176","101062","20220820033000","1375","0","高雄市","苓雅區","120.320","22.625","1176"
"2018","101063","20220820033000","1755","1","高雄市","鳳山區","120.375","22.625","2017"
"36","101064","20220820033000","966","0","高雄市","鳳山區","120.375","22.620","33"
"52","101068","20220820033000","26","3","高雄市","鳳山區","120.365","22.620","47"
"572","101069","20220820033000","479","1","高雄市","鳳山區","120.370","22.620","607"
"1618","101074","20220820033000","1990","0","高雄市","左營區","120.290","22.675","1657"
"32","101076","20220820033000","140","0","高雄市","梓官區","120.250","22.730","39"
"847","101077","20220820033000","853","0","高雄市","梓官區","120.255","22.730","848"
"687","101086","20220820033000","572","2","高雄市","楠梓區","120.275","22.725","680"
"11","101090","20220820033000","703","0","高雄市","楠梓區","120.280","22.725","14"
"650","101092","20220820033000","765","0","高雄市","楠梓區","120.280","22.730","489"
"1476","101094","20220820033000","1236","1","高雄市","楠梓區","120.320","22.725","1439"
"1541","101095","20220820033000","1131","2","高雄市","楠梓區","120.285","22.710","1623"
"1561","101100","20220820033000","1465","1","高雄市","苓雅區","120.315","22.625","1168"
"1223","101101","20220820033000","1279","0","高雄市","鹽埕區","120.280","22.625","1260"
"2771","101102","20220820033000","1371","3","高雄市","苓雅區","120.325","22.620","2138"
"454","101103","20220820033000","369","2","高雄市","左營區","120.310","22.670","488"
"1567","101104","20220820033000","1064","2","高雄市","左營區","120.315","22.670","1557"
"1839","101105","20220820033000","1719","1","高雄市","左營區","120.300","22.675","1800"
"467","101106","20220820033000","421","1","高雄市","左營區","120.295","22.680","437"
"2371","101107","20220820033000","2273","1","高雄市","左營區","120.305","22.675","2372"
"487","101109","20220820033000","987","0","高雄市","鳳山區","120.340","22.610","472"
"1404","101110","20220820033000","1389","1","高雄市","鳳山區","120.335","22.615","1215"
"90","101111","20220820033000","789","0","高雄市","鳳山區","120.340","22.615","103"
"572","101113","20220820033000","2496","0","高雄市","鳳山區","120.340","22.605","509"
"896","101114","20220820033000","766","1","高雄市","鼓山區","120.280","22.655","923"
"1955","101115","20220820033000","1847","1","高雄市","鼓山區","120.280","22.660","1796"
"1272","101116","20220820033000","1245","1","高雄市","鼓山區","120.285","22.650","1313"
"1542","101117","20220820033000","1444","1","高雄市","鼓山區","120.290","22.650","1356"
"1529","101119","20220820033000","1668","0","高雄市","鼓山區","120.290","22.655","1276"
"72","101120","20220820033000","941","0","高雄市","鼓山區","120.285","22.660","82"
"1238","101121","20220820033000","1828","0","高雄市","鼓山區","120.290","22.660","1190"
"867","101122","20220820033000","631","2","高雄市","鼓山區","120.290","22.665","873"
"750","101123","20220820033000","1409","0","高雄市","鼓山區","120.285","22.665","798"
"1327","101124","20220820033000","1134","1","高雄市","鼓山區","120.280","22.645","1182"
"1038","101125","20220820033000","920","1","高雄市","鼓山區","120.270","22.625","1079"
"1576","101126","20220820033000","2199","0","高雄市","鼓山區","120.280","22.630","1581"
"38","101127","20220820033000","59","0","高雄市","鼓山區","120.275","22.625","42"
"26","101128","20220820033000","63","0","高雄市","鼓山區","120.270","22.635","26"
"20","101129","20220820033000","28","0","高雄市","鼓山區","120.275","22.635","15"
"1430","101132","20220820033000","1701","0","高雄市","三民區","120.320","22.640","1126"
"918","101133","20220820033000","1565","0","高雄市","鳥松區","120.340","22.650","839"
"3182","101134","20220820033000","2701","1","高雄市","三民區","120.340","22.640","3255"
"1727","101135","20220820033000","2547","0","高雄市","三民區","120.345","22.645","1754"
"219","101137","20220820033000","308","0","高雄市","梓官區","120.260","22.725","230"
"514","101139","20220820033000","327","3","高雄市","梓官區","120.255","22.725","524"
"40","101449","20220820033000","33","2","臺東縣","卑南鄉","120.990","22.690","23"
"572","101488","20220820033000","368","3","臺東縣","卑南鄉","121.020","22.695","440"
"18","101568","20220820033000","178","0","臺東縣","卑南鄉","121.030","22.700","21"
"1251","101748","20220820033000","1470","0","高雄市","苓雅區","120.300","22.615","1186"
"1083","101749","20220820033000","1247","0","高雄市","苓雅區","120.325","22.630","1069"
"831","101750","20220820033000","998","0","高雄市","鳳山區","120.340","22.620","618"
"451","101751","20220820033000","790","0","高雄市","鳳山區","120.370","22.630","466"
"1281","101752","20220820033000","1266","1","高雄市","鳳山區","120.355","22.630","980"
"476","101753","20220820033000","825","0","高雄市","鳳山區","120.360","22.630","422"
"87","101754","20220820033000","278","0","高雄市","鳳山區","120.330","22.615","105"
"26","101757","20220820033000","1260","0","高雄市","苓雅區","120.325","22.635","82"
"28","101758","20220820033000","194","0","高雄市","仁武區","120.350","22.680","39"
"370","101759","20220820033000","378","0","高雄市","鳥松區","120.355","22.670","394"
"111","101760","20220820033000","1454","0","高雄市","仁武區","120.355","22.675","112"
"17","101761","20220820033000","13","2","高雄市","仁武區","120.340","22.690","18"
"21","101763","20220820033000","13","3","高雄市","仁武區","120.335","22.695","25"
"44","101765","20220820033000","37","1","高雄市","仁武區","120.345","22.695","44"
"172","101766","20220820033000","138","2","高雄市","仁武區","120.340","22.700","142"
"854","101767","20220820033000","765","1","高雄市","仁武區","120.345","22.700","887"
"232","101768","20220820033000","716","0","高雄市","仁武區","120.350","22.700","242"
"18","101777","20220820033000","19","0","高雄市","仁武區","120.375","22.710","18"
"37","101778","20220820033000","71","0","高雄市","仁武區","120.380","22.710","22"
"69","101783","20220820033000","62","1","高雄市","仁武區","120.380","22.715","50"
"36","101785","20220820033000","31","1","高雄市","仁武區","120.390","22.715","29"
"34","101790","20220820033000","29","1","高雄市","仁武區","120.390","22.720","33"
"478","101808","20220820033000","446","1","高雄市","三民區","120.335","22.670","529"
"973","101809","20220820033000","758","2","高雄市","仁武區","120.335","22.680","893"
"1886","101810","20220820033000","1634","1","高雄市","仁武區","120.335","22.685","1879"
"115","101815","20220820033000","839","0","高雄市","仁武區","120.330","22.680","1238"
"85","101817","20220820033000","1602","0","高雄市","仁武區","120.330","22.690","86"
"126","101818","20220820033000","394","0","高雄市","仁武區","120.335","22.690","130"
"933","101819","20220820033000","927","1","高雄市","仁武區","120.330","22.675","930"
"207","101820","20220820033000","679","0","高雄市","仁武區","120.335","22.675","229"
"847","101822","20220820033000","728","1","高雄市","前鎮區","120.320","22.605","642"
"503","101823","20220820033000","533","0","高雄市","前鎮區","120.325","22.605","547"
"131","101824","20220820033000","1301","0","高雄市","前鎮區","120.325","22.610","147"
"3091","101825","20220820033000","2702","1","高雄市","前鎮區","120.320","22.610","2597"
"217","101826","20220820033000","201","1","高雄市","左營區","120.290","22.685","200"
"356","101827","20220820033000","241","2","高雄市","左營區","120.275","22.690","379"
"130","101829","20220820033000","83","3","高雄市","左營區","120.285","22.690","128"
"279","101832","20220820033000","190","2","高雄市","左營區","120.285","22.695","276"
"433","101833","20220820033000","447","0","高雄市","左營區","120.290","22.695","424"
"70","101835","20220820033000","81","0","高雄市","左營區","120.285","22.700","59"
"37","101836","20220820033000","37","1","高雄市","左營區","120.280","22.705","37"
"254","101837","20220820033000","232","1","高雄市","楠梓區","120.285","22.705","219"
"1427","101838","20220820033000","2254","0","高雄市","左營區","120.290","22.670","1094"
"1798","101839","20220820033000","1344","2","高雄市","苓雅區","120.335","22.630","1489"
"1127","101840","20220820033000","1918","0","高雄市","三民區","120.340","22.635","1079"
"1093","101842","20220820033000","986","1","高雄市","鳳山區","120.345","22.625","831"
"549","101843","20220820033000","669","0","高雄市","鼓山區","120.275","22.660","421"
"44","101852","20220820033000","386","0","臺東縣","太麻里鄉","121.000","22.600","62"
"28","101859","20220820033000","413","0","臺東縣","太麻里鄉","121.010","22.605","34"
"52","101862","20220820033000","72","0","臺東縣","太麻里鄉","121.045","22.675","65"
"378","101876","20220820033000","279","2","臺東縣","太麻里鄉","121.030","22.685","316"
"11","101884","20220820033000","18","0","臺東縣","太麻里鄉","120.995","22.690","11"
"275","101895","20220820033000","161","3","臺東縣","太麻里鄉","121.050","22.690","270"
"14","101899","20220820033000","103","0","臺東縣","卑南鄉","121.010","22.695","18"
"264","101900","20220820033000","196","2","臺東縣","卑南鄉","121.015","22.695","207"
"53","101930","20220820033000","34","3","臺東縣","太麻里鄉","121.020","22.650","62"
"22","101962","20220820033000","120","0","臺東縣","太麻里鄉","121.030","22.660","14"
"802","101964","20220820033000","734","1","高雄市","苓雅區","120.320","22.635","742"
"414","101965","20220820033000","1080","0","高雄市","三民區","120.315","22.635","413"
"1708","101966","20220820033000","2044","0","高雄市","苓雅區","120.330","22.630","1352"
"255","101967","20220820033000","267","0","高雄市","鳳山區","120.350","22.605","197"
"2176","101970","20220820033000","1879","1","高雄市","鳳山區","120.350","22.600","1768"
"819","101972","20220820033000","1763","0","高雄市","鳳山區","120.335","22.610","672"
"2796","101973","20220820033000","1891","2","高雄市","苓雅區","120.330","22.635","2505"
"135","101976","20220820033000","96","2","高雄市","大寮區","120.425","22.600","147"
"43","101977","20220820033000","70","0","高雄市","大寮區","120.430","22.600","38"
"49","101981","20220820033000","336","0","高雄市","前金區","120.290","22.620","62"
"1857","101982","20220820033000","1775","1","高雄市","苓雅區","120.340","22.625","1592"
"838","101983","20220820033000","578","2","高雄市","苓雅區","120.330","22.620","897"
"2243","101984","20220820033000","2273","0","高雄市","鼓山區","120.280","22.650","2271"
"714","101985","20220820033000","1404","0","高雄市","三民區","120.285","22.640","579"
"1324","101988","20220820033000","1006","2","高雄市","楠梓區","120.285","22.715","1012"
"2443","101989","20220820033000","2084","1","高雄市","苓雅區","120.305","22.620","1865"
"11","101990","20220820033000","27","0","高雄市","苓雅區","120.320","22.615","10"
"75","101991","20220820033000","1130","0","高雄市","苓雅區","120.320","22.630","78"
"2454","101992","20220820033000","1892","2","高雄市","前金區","120.295","22.620","1734"
"1120","101993","20220820033000","711","3","高雄市","苓雅區","120.325","22.625","873"
"1350","101995","20220820033000","1323","1","高雄市","鼓山區","120.275","22.620","1332"
"127","101996","20220820033000","135","0","高雄市","鹽埕區","120.280","22.620","151"
"19","101997","20220820033000","685","0","高雄市","左營區","120.295","22.705","27"
"3644","101998","20220820033000","2682","2","高雄市","左營區","120.310","22.675","3705"
"800","101999","20220820033000","868","0","高雄市","左營區","120.315","22.675","807"
"1011","102000","20220820033000","821","2","高雄市","左營區","120.320","22.675","1041"
"71","102001","20220820033000","951","0","高雄市","左營區","120.305","22.685","64"
"647","102002","20220820033000","469","2","高雄市","左營區","120.310","22.680","655"
"2743","102003","20220820033000","2001","2","高雄市","左營區","120.320","22.680","2750"
"41","102005","20220820033000","113","0","高雄市","大寮區","120.395","22.600","48"
"322","102006","20220820033000","296","1","高雄市","大寮區","120.390","22.600","319"
"394","102007","20220820033000","365","1","高雄市","大寮區","120.390","22.605","393"
"959","102008","20220820033000","801","1","高雄市","大寮區","120.395","22.605","962"
"635","102010","20220820033000","625","1","高雄市","大寮區","120.400","22.610","667"
"17","102011","20220820033000","16","1","高雄市","大寮區","120.405","22.610","17"
"125","102013","20220820033000","665","0","高雄市","大寮區","120.405","22.615","137"
"757","102015","20220820033000","828","0","高雄市","鳳山區","120.355","22.640","565"
"1019","102017","20220820033000","733","2","高雄市","鼓山區","120.280","22.635","776"
"1470","102018","20220820033000","1048","2","高雄市","鳳山區","120.370","22.635","1162"
"786","102019","20220820033000","1272","0","高雄市","鼓山區","120.295","22.665","817"
"3306","102020","20220820033000","3564","0","高雄市","鼓山區","120.300","22.665","2576"
"17","102021","20220820033000","34","0","高雄市","鼓山區","120.265","22.625","22"
"134","102022","20220820033000","460","0","高雄市","鼓山區","120.265","22.630","121"
"10","102024","20220820033000","123","0","高雄市","鼓山區","120.260","22.635","19"
"136","102030","20220820033000","159","0","高雄市","鼓山區","120.255","22.645","137"
"28","102031","20220820033000","51","0","高雄市","鼓山區","120.260","22.645","34"
"673","102045","20220820033000","758","0","高雄市","鼓山區","120.275","22.650","617"
"668","102046","20220820033000","448","2","高雄市","苓雅區","120.310","22.620","488"
"2263","102047","20220820033000","2665","0","高雄市","左營區","120.295","22.670","2323"
"22","102048","20220820033000","328","0","高雄市","鼓山區","120.285","22.670","27"
"81","102049","20220820033000","1027","0","高雄市","鼓山區","120.280","22.640","74"
"15","102052","20220820033000","328","0","高雄市","大樹區","120.430","22.675","14"
"386","102078","20220820033000","463","0","高雄市","大樹區","120.410","22.675","382"
"202","102079","20220820033000","228","0","高雄市","大樹區","120.405","22.680","213"
"47","102090","20220820033000","21","3","高雄市","大樹區","120.395","22.690","50"
"891","102093","20220820033000","833","1","高雄市","大樹區","120.430","22.690","915"
"453","102098","20220820033000","389","1","高雄市","大樹區","120.435","22.695","457"
"306","102111","20220820033000","414","0","高雄市","大樹區","120.410","22.660","337"
"937","102113","20220820033000","585","3","高雄市","大樹區","120.410","22.665","933"
"281","102120","20220820033000","261","1","高雄市","大樹區","120.445","22.725","290"
"315","102123","20220820033000","294","1","高雄市","大樹區","120.445","22.730","311"
"130","102126","20220820033000","109","1","高雄市","大樹區","120.445","22.735","123"
"125","102132","20220820033000","123","1","高雄市","大樹區","120.425","22.665","98"
"161","102141","20220820033000","95","3","高雄市","大樹區","120.425","22.675","153"
"1437","102143","20220820033000","1516","0","高雄市","左營區","120.295","22.690","1245"
"958","102144","20220820033000","946","1","高雄市","鳳山區","120.360","22.620","702"
"1629","102146","20220820033000","1801","0","高雄市","鳳山區","120.355","22.620","1464"
"530","102147","20220820033000","488","1","高雄市","鳳山區","120.335","22.600","507"
"3375","102148","20220820033000","2452","2","高雄市","新興區","120.315","22.630","3307"
"1619","102149","20220820033000","1204","2","高雄市","苓雅區","120.305","22.615","1232"
"1304","102150","20220820033000","1422","0","高雄市","鳳山區","120.345","22.605","1304"
"2741","102151","20220820033000","2208","2","高雄市","前鎮區","120.330","22.605","2493"
"1701","102152","20220820033000","1405","2","高雄市","鳥松區","120.345","22.650","1490"
"1666","102153","20220820033000","2193","0","高雄市","三民區","120.330","22.650","1668"
"528","102154","20220820033000","1316","0","高雄市","三民區","120.330","22.655","553"
"38","102157","20220820033000","372","0","高雄市","仁武區","120.360","22.675","45"
"96","102159","20220820033000","105","0","高雄市","仁武區","120.365","22.680","97"
"604","102160","20220820033000","628","0","高雄市","仁武區","120.360","22.685","470"
"138","102165","20220820033000","126","1","高雄市","仁武區","120.365","22.685","137"
"167","102172","20220820033000","199","0","高雄市","大寮區","120.425","22.605","169"
"67","102173","20220820033000","416","0","高雄市","大寮區","120.430","22.605","58"
"1003","102181","20220820033000","777","2","高雄市","大寮區","120.410","22.615","1009"
"33","102185","20220820033000","22","3","高雄市","大寮區","120.430","22.615","28"
"305","102186","20220820033000","261","1","高雄市","大寮區","120.420","22.640","301"
"265","102190","20220820033000","253","1","高雄市","大寮區","120.415","22.640","199"
"431","102200","20220820033000","341","2","高雄市","鼓山區","120.270","22.620","469"
"523","102203","20220820033000","580","0","高雄市","大寮區","120.385","22.640","424"
"363","102206","20220820033000","311","1","高雄市","鳥松區","120.385","22.645","353"
"475","102213","20220820033000","215","3","高雄市","鳥松區","120.390","22.650","483"
"736","102215","20220820033000","672","1","高雄市","鳥松區","120.390","22.655","716"
"19","102216","20220820033000","255","0","高雄市","鳥松區","120.395","22.655","21"
"260","102217","20220820033000","145","3","高雄市","鳥松區","120.400","22.655","236"
"605","102227","20220820033000","492","2","高雄市","鼓山區","120.285","22.655","443"
"1173","102228","20220820033000","1341","0","高雄市","三民區","120.295","22.650","910"
"1500","102229","20220820033000","1423","1","高雄市","鼓山區","120.295","22.655","1472"
"1919","102230","20220820033000","1839","1","高雄市","鼓山區","120.300","22.655","1946"
"1176","102231","20220820033000","1659","0","高雄市","鼓山區","120.305","22.655","974"
"920","102232","20220820033000","684","2","高雄市","左營區","120.310","22.655","867"
"4072","102233","20220820033000","3686","1","高雄市","鼓山區","120.295","22.660","3706"
"94","102235","20220820033000","525","0","高雄市","楠梓區","120.315","22.715","110"
"1209","102236","20220820033000","1165","1","高雄市","楠梓區","120.315","22.720","1006"
"468","102237","20220820033000","1788","0","高雄市","楠梓區","120.295","22.710","370"
"2358","102238","20220820033000","2261","1","高雄市","苓雅區","120.315","22.620","2080"
"58","102239","20220820033000","75","0","高雄市","旗津區","120.265","22.615","52"
"568","102241","20220820033000","510","1","高雄市","大寮區","120.410","22.620","574"
"332","102243","20220820033000","283","1","高雄市","大寮區","120.410","22.625","347"
"208","102244","20220820033000","199","1","高雄市","大寮區","120.405","22.630","209"
"143","102246","20220820033000","126","1","高雄市","大樹區","120.425","22.715","133"
"13","102251","20220820033000","19","0","高雄市","大樹區","120.425","22.720","13"
"67","102254","20220820033000","740","0","高雄市","大樹區","120.405","22.725","57"
"97","102259","20220820033000","64","3","高雄市","大樹區","120.430","22.725","94"
"134","102260","20220820033000","871","0","高雄市","仁武區","120.400","22.730","67"
"14","102261","20220820033000","165","0","高雄市","大樹區","120.405","22.730","18"
"31","102267","20220820033000","48","0","高雄市","大樹區","120.410","22.735","38"
"534","102273","20220820033000","515","1","高雄市","大樹區","120.415","22.655","536"
"336","102274","20220820033000","338","0","高雄市","大樹區","120.420","22.655","349"
"80","102276","20220820033000","590","0","高雄市","大樹區","120.420","22.660","69"
"115","102278","20220820033000","82","2","高雄市","大樹區","120.410","22.645","126"
"46","102279","20220820033000","40","1","高雄市","大樹區","120.415","22.645","49"
"465","102280","20220820033000","853","0","高雄市","大樹區","120.420","22.645","496"
"339","102282","20220820033000","367","0","高雄市","大樹區","120.425","22.650","349"
"453","102285","20220820033000","440","1","高雄市","大樹區","120.425","22.655","454"
"124","102292","20220820033000","223","0","高雄市","大寮區","120.405","22.605","112"
"49","102296","20220820033000","62","0","高雄市","前鎮區(海)","120.285","22.610","37"
"1114","102302","20220820033000","998","1","高雄市","大寮區","120.390","22.635","1136"
"504","102303","20220820033000","628","0","高雄市","大寮區","120.395","22.635","518"
"107","102304","20220820033000","102","1","高雄市","大寮區","120.400","22.635","96"
"243","102305","20220820033000","128","3","高雄市","大寮區","120.400","22.640","239"
"1230","102306","20220820033000","1321","0","高雄市","三民區","120.305","22.645","917"
"2039","102307","20220820033000","1514","2","高雄市","三民區","120.305","22.650","1698"
"1876","102308","20220820033000","1648","1","高雄市","鳳山區","120.345","22.620","1834"
"705","102309","20220820033000","383","3","高雄市","鳳山區","120.350","22.620","522"
"338","102310","20220820033000","1382","0","高雄市","鳳山區","120.350","22.625","349"
"124","102311","20220820033000","114","1","高雄市","旗津區","120.275","22.605","128"
"189","102312","20220820033000","147","2","高雄市","旗津區(海)","120.275","22.610","175"
"537","102313","20220820033000","533","1","高雄市","旗津區","120.275","22.600","413"
"549","102314","20220820033000","470","1","高雄市","旗津區","120.270","22.610","442"
"80","102316","20220820033000","63","2","高雄市","大社區","120.365","22.715","61"
"335","102319","20220820033000","342","0","高雄市","大社區","120.350","22.720","328"
"80","102326","20220820033000","61","2","高雄市","大社區","120.340","22.730","79"
"500","102327","20220820033000","1122","0","高雄市","大社區","120.350","22.735","520"
"1653","102328","20220820033000","1513","1","高雄市","大社區","120.345","22.730","1362"
"791","102329","20220820033000","1183","0","高雄市","大社區","120.350","22.730","793"
"558","102330","20220820033000","578","0","高雄市","大社區","120.355","22.730","548"
"63","102333","20220820033000","44","2","高雄市","大社區","120.370","22.730","65"
"41","102335","20220820033000","40","1","高雄市","大社區","120.375","22.730","48"
"50","102340","20220820033000","246","0","高雄市","大社區","120.360","22.720","59"
"1177","102341","20220820033000","1244","0","高雄市","大社區","120.350","22.725","1179"
"585","102342","20220820033000","558","1","高雄市","大社區","120.355","22.725","610"
"127","102345","20220820033000","357","0","高雄市","左營區","120.300","22.690","118"
"33","102347","20220820033000","30","1","高雄市","左營區","120.265","22.675","26"
"81","102349","20220820033000","24","3","高雄市","左營區","120.275","22.675","58"
"131","102350","20220820033000","61","3","高雄市","左營區","120.280","22.675","123"
"85","102353","20220820033000","165","0","高雄市","左營區","120.275","22.680","120"
"523","102354","20220820033000","1158","0","高雄市","左營區","120.280","22.680","548"
"347","102356","20220820033000","214","3","高雄市","左營區","120.265","22.680","226"
"135","102357","20220820033000","123","1","高雄市","左營區","120.270","22.680","112"
"320","102358","20220820033000","331","0","高雄市","左營區","120.280","22.685","296"
"179","102360","20220820033000","142","2","高雄市","左營區","120.265","22.685","72"
"258","102361","20220820033000","202","2","高雄市","左營區","120.275","22.685","207"
"34","102364","20220820033000","169","0","高雄市","左營區","120.295","22.685","24"
"2388","102365","20220820033000","1979","2","高雄市","新興區","120.310","22.625","2136"
"1294","102366","20220820033000","849","3","高雄市","新興區","120.305","22.625","988"
"1766","102370","20220820033000","1437","2","高雄市","仁武區","120.325","22.680","1719"
"2361","102371","20220820033000","2466","0","高雄市","左營區","120.305","22.680","2507"
"1127","102372","20220820033000","2410","0","高雄市","左營區","120.315","22.680","1092"
"927","102373","20220820033000","939","0","高雄市","左營區","120.315","22.685","938"
"711","102374","20220820033000","914","0","高雄市","仁武區","120.330","22.685","673"
"289","102375","20220820033000","513","0","高雄市","左營區","120.310","22.690","281"
"2710","102376","20220820033000","2155","2","高雄市","左營區","120.320","22.685","2746"
"2860","102377","20220820033000","3157","0","高雄市","三民區","120.310","22.645","2198"
"292","102378","20220820033000","871","0","高雄市","三民區","120.310","22.650","246"
"1816","102380","20220820033000","1548","1","高雄市","三民區","120.325","22.640","1593"
"799","102381","20220820033000","722","1","高雄市","三民區","120.295","22.640","561"
"1783","102382","20220820033000","1620","1","高雄市","三民區","120.300","22.650","1322"
"1599","102383","20220820033000","1171","2","高雄市","新興區","120.300","22.635","1592"
"1614","102384","20220820033000","1112","2","高雄市","三民區","120.285","22.635","1546"
"1321","102385","20220820033000","1376","0","高雄市","三民區","120.330","22.645","1285"
"15","102386","20220820033000","30","0","高雄市","楠梓區","120.330","22.725","26"
"46","102387","20220820033000","54","0","高雄市","楠梓區","120.330","22.730","57"
"1699","102388","20220820033000","1544","1","高雄市","楠梓區","120.335","22.730","1695"
"2403","102389","20220820033000","1956","2","高雄市","楠梓區","120.325","22.730","2552"
"1428","102390","20220820033000","1426","1","高雄市","楠梓區","120.285","22.720","1076"
"549","102391","20220820033000","715","0","高雄市","楠梓區","120.290","22.705","582"
"69","102393","20220820033000","35","3","高雄市","楠梓區","120.305","22.700","51"
"135","102408","20220820033000","98","2","高雄市","鼓山區(海)","120.295","22.600","105"
"1863","102417","20220820033000","1841","1","高雄市","三民區","120.300","22.645","1422"
"61","102419","20220820033000","105","0","高雄市","新興區","120.310","22.635","55"
"1704","102420","20220820033000","1625","1","高雄市","三民區","120.300","22.640","1559"
"484","102421","20220820033000","554","0","高雄市","鳳山區","120.345","22.600","372"
"2992","102422","20220820033000","3613","0","高雄市","鳳山區","120.345","22.610","3068"
"296","102423","20220820033000","228","2","高雄市","鳳山區","120.355","22.610","273"
"1581","102424","20220820033000","1469","1","高雄市","鹽埕區","120.285","22.625","1610"
"2268","102425","20220820033000","1320","3","高雄市","鹽埕區","120.285","22.620","2165"
"307","102426","20220820033000","289","1","高雄市","楠梓區","120.305","22.720","276"
"807","102427","20220820033000","788","1","高雄市","楠梓區","120.310","22.720","609"
"992","102428","20220820033000","708","2","高雄市","楠梓區","120.305","22.725","901"
"1048","102429","20220820033000","789","2","高雄市","楠梓區","120.310","22.725","1008"
"569","102430","20220820033000","1152","0","高雄市","楠梓區","120.315","22.725","492"
"1100","102431","20220820033000","1265","0","高雄市","楠梓區","120.315","22.730","853"
"268","102432","20220820033000","200","2","高雄市","楠梓區","120.265","22.705","250"
"31","102441","20220820033000","289","0","高雄市","楠梓區","120.280","22.715","34"
"296","102442","20220820033000","1134","0","高雄市","楠梓區","120.280","22.720","246"
"533","102444","20220820033000","440","2","高雄市","楠梓區","120.320","22.715","517"
"650","102445","20220820033000","564","1","高雄市","楠梓區","120.325","22.720","518"
"32","102447","20220820033000","701","0","高雄市","楠梓區","120.320","22.720","42"
"121","102448","20220820033000","164","0","高雄市","旗津區","120.270","22.605","140"
"215","102466","20220820033000","168","2","高雄市","大樹區","120.415","22.705","216"
"56","102478","20220820033000","248","0","高雄市","大樹區","120.440","22.710","56"
"236","102482","20220820033000","248","0","高雄市","大樹區","120.445","22.715","246"
"106","111108","20220820033000","656","0","屏東縣","九如鄉","120.480","22.750","136"
"10","111132","20220820033000","23","0","屏東縣","九如鄉","120.480","22.740","10"
"20","111134","20220820033000","12","3","屏東縣","九如鄉","120.490","22.740","16"
"389","111142","20220820033000","219","3","屏東縣","九如鄉","120.500","22.740","410"
"46","111145","20220820033000","245","0","屏東縣","九如鄉","120.500","22.745","43"
"22","111157","20220820033000","419","0","屏東縣","九如鄉","120.500","22.760","32"
"123","111163","20220820033000","100","2","屏東縣","九如鄉","120.495","22.745","120"
"16","111167","20220820033000","217","0","屏東縣","九如鄉","120.490","22.755","16"
"11","111171","20220820033000","164","0","屏東縣","九如鄉","120.495","22.760","10"
"226","111186","20220820033000","167","2","屏東縣","高樹鄉","120.570","22.795","244"
"25","111215","20220820033000","24","1","屏東縣","鹽埔鄉","120.545","22.760","38"
"33","111217","20220820033000","191","0","屏東縣","鹽埔鄉","120.555","22.760","31"
"311","111238","20220820033000","244","2","屏東縣","鹽埔鄉","120.545","22.745","300"
"352","111270","20220820033000","368","0","屏東縣","鹽埔鄉","120.550","22.735","353"
"23","111271","20220820033000","27","0","屏東縣","鹽埔鄉","120.560","22.735","17"
"26","111273","20220820033000","356","0","屏東縣","鹽埔鄉","120.555","22.740","31"
"368","111282","20220820033000","215","3","屏東縣","鹽埔鄉","120.560","22.740","362"
"303","111309","20220820033000","260","1","屏東縣","鹽埔鄉","120.515","22.740","219"
"42","111315","20220820033000","257","0","屏東縣","鹽埔鄉","120.580","22.740","31"
"41","111337","20220820033000","438","0","屏東縣","鹽埔鄉","120.580","22.755","40"
"225","111360","20220820033000","936","0","屏東縣","鹽埔鄉","120.575","22.755","230"
"124","111374","20220820033000","125","0","屏東縣","里港鄉","120.480","22.770","127"
"463","111380","20220820033000","403","1","屏東縣","里港鄉","120.480","22.775","482"
"129","111398","20220820033000","113","1","屏東縣","里港鄉","120.490","22.820","88"
"23","111418","20220820033000","244","0","屏東縣","里港鄉","120.490","22.775","26"
"1012","111419","20220820033000","818","2","屏東縣","里港鄉","120.495","22.775","811"
"75","111451","20220820033000","150","0","屏東縣","里港鄉","120.535","22.775","90"
"51","111459","20220820033000","511","0","屏東縣","里港鄉","120.520","22.785","47"
"207","111491","20220820033000","204","1","屏東縣","里港鄉","120.500","22.780","226"
"94","111507","20220820033000","335","0","屏東縣","高樹鄉","120.615","22.815","81"
"23","111605","20220820033000","59","0","屏東縣","三地門鄉","120.700","22.790","26"
"26","111824","20220820033000","47","0","屏東縣","三地門鄉","120.700","22.765","27"
"186","111907","20220820033000","142","2","屏東縣","三地門鄉","120.635","22.745","205"
"404","112600","20220820033000","221","3","屏東縣","里港鄉","120.505","22.810","433"
"289","112635","20220820033000","232","2","屏東縣","里港鄉","120.490","22.805","295"
"343","112659","20220820033000","343","1","屏東縣","里港鄉","120.505","22.815","348"
"29","112669","20220820033000","116","0","屏東縣","里港鄉","120.505","22.820","34"
"224","112687","20220820033000","185","2","屏東縣","里港鄉","120.535","22.825","231"
"169","112714","20220820033000","123","2","屏東縣","里港鄉","120.485","22.765","176"
"1218","112719","20220820033000","1018","1","屏東縣","里港鄉","120.495","22.780","947"
"17","112920","20220820033000","56","0","屏東縣","霧台鄉","120.725","22.740","24"
"201","112942","20220820033000","174","1","屏東縣","高樹鄉","120.595","22.775","155"
"17","112982","20220820033000","16","1","屏東縣","高樹鄉","120.615","22.760","14"
"17","112995","20220820033000","10","3","屏東縣","高樹鄉","120.615","22.770","19"
"195","112999","20220820033000","153","2","屏東縣","高樹鄉","120.635","22.770","171"
"12","113004","20220820033000","37","0","屏東縣","高樹鄉","120.630","22.740","15"
"224","113006","20220820033000","201","1","屏東縣","高樹鄉","120.620","22.740","225"
"71","113023","20220820033000","42","3","屏東縣","高樹鄉","120.625","22.830","57"
"67","113048","20220820033000","361","0","屏東縣","高樹鄉","120.560","22.785","64"
"34","113075","20220820033000","130","0","屏東縣","高樹鄉","120.590","22.825","42"
"279","113097","20220820033000","271","1","屏東縣","高樹鄉","120.610","22.785","286"
"27","113099","20220820033000","218","0","屏東縣","高樹鄉","120.620","22.785","22"
"32","113103","20220820033000","37","0","屏東縣","高樹鄉","120.610","22.790","36"
"80","113129","20220820033000","58","2","屏東縣","高樹鄉","120.595","22.810","96"
"53","113131","20220820033000","53","1","屏東縣","高樹鄉","120.595","22.815","50"
"1158","113133","20220820033000","1147","1","屏東縣","高樹鄉","120.600","22.825","1046"
"1907","113137","20220820033000","2401","0","臺東縣","臺東市","121.155","22.750","1533"
"59","113138","20220820033000","440","0","臺東縣","臺東市","121.135","22.760","61"
"30","113139","20220820033000","34","0","臺東縣","臺東市","121.160","22.760","28"
"2011","113141","20220820033000","1319","3","臺東縣","臺東市","121.155","22.755","1550"
"746","113159","20220820033000","555","2","高雄市","永安區","120.225","22.820","755"
"596","113177","20220820033000","360","3","高雄市","永安區","120.250","22.810","580"
"28","113178","20220820033000","335","0","高雄市","岡山區","120.255","22.810","34"
"67","113182","20220820033000","69","0","高雄市","永安區","120.250","22.815","69"
"174","113185","20220820033000","156","1","高雄市","永安區","120.240","22.815","174"
"24","113196","20220820033000","26","0","高雄市","永安區","120.205","22.840","23"
"552","113206","20220820033000","596","0","臺東縣","臺東市","121.130","22.765","421"
"816","113207","20220820033000","1212","0","臺東縣","臺東市","121.120","22.770","641"
"34","113208","20220820033000","501","0","臺東縣","臺東市","121.125","22.770","36"
"641","113213","20220820033000","542","1","臺東縣","臺東市","121.125","22.780","571"
"1500","113214","20220820033000","1450","1","臺東縣","臺東市","121.120","22.785","1278"
"236","113216","20220820033000","149","3","臺東縣","臺東市","121.130","22.770","231"
"1326","113217","20220820033000","799","3","臺東縣","臺東市","121.135","22.770","1012"
"93","113218","20220820033000","112","0","臺東縣","臺東市","121.125","22.775","102"
"380","113219","20220820033000","472","0","臺東縣","臺東市","121.130","22.775","317"
"928","113236","20220820033000","862","1","臺東縣","臺東市","121.115","22.785","744"
"341","113239","20220820033000","239","2","臺東縣","臺東市","121.110","22.790","396"
"41","113251","20220820033000","30","2","臺東縣","臺東市","121.155","22.760","45"
"137","113258","20220820033000","79","3","臺東縣","臺東市","121.175","22.780","135"
"114","113260","20220820033000","72","3","臺東縣","臺東市","121.185","22.790","113"
"527","113263","20220820033000","522","1","臺東縣","臺東市","121.190","22.795","411"
"79","113266","20220820033000","59","2","臺東縣","臺東市","121.195","22.800","84"
"48","113269","20220820033000","37","2","臺東縣","臺東市","121.190","22.810","43"
"128","113273","20220820033000","98","2","臺東縣","臺東市","121.195","22.815","119"
"140","113295","20220820033000","164","0","臺東縣","臺東市","121.175","22.785","93"
"98","113299","20220820033000","111","0","臺東縣","臺東市","121.175","22.790","92"
"121","113310","20220820033000","122","0","臺東縣","臺東市","121.150","22.765","152"
"766","113311","20220820033000","749","1","臺東縣","臺東市","121.155","22.765","593"
"140","113314","20220820033000","1076","0","高雄市","岡山區","120.285","22.780","163"
"55","113315","20220820033000","47","1","高雄市","岡山區","120.290","22.780","56"
"92","113317","20220820033000","87","1","高雄市","岡山區","120.290","22.785","84"
"508","113318","20220820033000","483","1","高雄市","岡山區","120.280","22.800","512"
"61","113327","20220820033000","200","0","臺東縣","臺東市","121.065","22.740","60"
"260","113345","20220820033000","272","0","臺東縣","臺東市","121.055","22.760","314"
"195","113347","20220820033000","264","0","臺東縣","臺東市","121.060","22.760","195"
"67","113353","20220820033000","356","0","臺東縣","臺東市","121.140","22.765","70"
"1443","113354","20220820033000","1626","0","臺東縣","臺東市","121.145","22.765","1128"
"426","113355","20220820033000","480","0","臺東縣","臺東市","121.140","22.770","392"
"1496","113356","20220820033000","1348","1","臺東縣","臺東市","121.145","22.770","1201"
"883","113364","20220820033000","934","0","臺東縣","臺東市","121.145","22.745","655"
"778","113366","20220820033000","1401","0","臺東縣","臺東市","121.140","22.750","791"
"404","113367","20220820033000","406","0","臺東縣","臺東市","121.145","22.750","302"
"300","113369","20220820033000","746","0","臺東縣","臺東市","121.145","22.755","238"
"411","113378","20220820033000","264","3","臺東縣","臺東市","121.125","22.790","323"
"632","113380","20220820033000","577","1","臺東縣","臺東市","121.130","22.790","503"
"1102","113381","20220820033000","1313","0","臺東縣","臺東市","121.125","22.795","922"
"219","113386","20220820033000","192","1","臺東縣","臺東市","121.125","22.805","178"
"125","113389","20220820033000","74","3","臺東縣","臺東市","121.120","22.810","134"
"1214","113416","20220820033000","1102","1","臺東縣","臺東市","121.105","22.750","942"
"263","113423","20220820033000","161","3","臺東縣","臺東市","121.105","22.755","201"
"223","113425","20220820033000","296","0","臺東縣","臺東市","121.075","22.760","257"
"52","113434","20220820033000","401","0","臺東縣","臺東市","121.060","22.735","93"
"83","113448","20220820033000","108","0","屏東縣","里港鄉","120.530","22.830","68"
"85","113450","20220820033000","61","2","高雄市","美濃區","120.540","22.830","85"
"272","113466","20220820033000","243","1","高雄市","美濃區","120.530","22.840","288"
"34","113487","20220820033000","33","1","高雄市","大樹區","120.445","22.740","28"
"60","113496","20220820033000","55","1","高雄市","大樹區","120.445","22.745","54"
"655","113505","20220820033000","660","0","高雄市","大樹區","120.445","22.750","498"
"94","113506","20220820033000","38","3","高雄市","大樹區","120.450","22.750","45"
"76","113513","20220820033000","72","1","高雄市","岡山區","120.270","22.775","77"
"97","113514","20220820033000","217","0","高雄市","楠梓區","120.280","22.735","88"
"317","113564","20220820033000","166","3","臺東縣","卑南鄉","121.075","22.775","333"
"430","113740","20220820033000","421","1","臺東縣","卑南鄉","121.080","22.775","442"
"342","113741","20220820033000","322","1","臺東縣","卑南鄉","121.085","22.775","329"
"514","113742","20220820033000","434","1","臺東縣","卑南鄉","121.090","22.775","534"
"415","113750","20220820033000","255","3","臺東縣","卑南鄉","121.080","22.785","410"
"39","113762","20220820033000","147","0","臺東縣","卑南鄉","121.095","22.790","37"
"338","113792","20220820033000","289","1","臺東縣","卑南鄉","121.100","22.825","250"
"161","113799","20220820033000","89","3","臺東縣","卑南鄉","121.090","22.830","157"
"14","113840","20220820033000","225","0","臺東縣","卑南鄉","121.105","22.795","19"
"501","113843","20220820033000","474","1","臺東縣","卑南鄉","121.090","22.800","401"
"130","113882","20220820033000","130","1","臺東縣","卑南鄉","121.090","22.820","173"
"17","113896","20220820033000","25","0","高雄市","路竹區","120.270","22.840","17"
"399","113902","20220820033000","278","2","高雄市","橋頭區","120.290","22.745","410"
"117","113905","20220820033000","115","1","高雄市","橋頭區","120.295","22.755","111"
"204","113906","20220820033000","346","0","高雄市","楠梓區","120.325","22.755","166"
"82","113911","20220820033000","88","0","高雄市","橋頭區","120.320","22.765","89"
"672","113923","20220820033000","613","1","高雄市","橋頭區","120.305","22.770","704"
"309","113933","20220820033000","278","1","高雄市","橋頭區","120.290","22.760","322"
"432","113934","20220820033000","357","2","高雄市","岡山區","120.280","22.765","434"
"25","113947","20220820033000","27","0","高雄市","路竹區","120.275","22.840","36"
"34","113948","20220820033000","44","0","高雄市","路竹區","120.280","22.840","39"
"269","113950","20220820033000","182","2","高雄市","路竹區","120.275","22.820","283"
"164","113959","20220820033000","129","2","高雄市","路竹區","120.275","22.825","171"
"194","113962","20220820033000","128","3","高雄市","路竹區","120.265","22.830","189"
"13","113965","20220820033000","12","1","高雄市","路竹區","120.265","22.840","11"
"566","113969","20220820033000","509","1","高雄市","路竹區","120.240","22.835","419"
"656","113971","20220820033000","535","2","高雄市","路竹區","120.250","22.835","669"
"280","113978","20220820033000","284","0","高雄市","路竹區","120.245","22.845","272"
"168","113982","20220820033000","137","2","高雄市","路竹區","120.260","22.840","160"
"38","113984","20220820033000","237","0","高雄市","彌陀區","120.245","22.785","40"
"203","113985","20220820033000","258","0","高雄市","彌陀區","120.245","22.790","227"
"63","113992","20220820033000","51","2","高雄市","橋頭區","120.300","22.765","58"
"22","113994","20220820033000","730","0","高雄市","橋頭區","120.320","22.735","18"
"364","113997","20220820033000","294","2","高雄市","橋頭區","120.315","22.745","267"
"460","114001","20220820033000","608","0","高雄市","橋頭區","120.315","22.760","324"
"304","114004","20220820033000","262","1","高雄市","橋頭區","120.310","22.760","216"
"1677","114006","20220820033000","1566","1","高雄市","橋頭區","120.310","22.765","1319"
"418","114050","20220820033000","337","2","高雄市","橋頭區","120.300","22.740","441"
"659","114055","20220820033000","501","2","高雄市","橋頭區","120.295","22.735","668"
"296","114057","20220820033000","496","0","高雄市","橋頭區","120.295","22.740","275"
"42","114059","20220820033000","645","0","高雄市","橋頭區","120.290","22.765","61"
"406","114062","20220820033000","255","3","高雄市","橋頭區","120.270","22.735","418"
"30","114068","20220820033000","426","0","高雄市","橋頭區","120.280","22.745","24"
"478","114075","20220820033000","307","3","高雄市","永安區","120.240","22.820","375"
"101","114077","20220820033000","65","3","高雄市","永安區","120.250","22.820","97"
"100","114094","20220820033000","89","1","高雄市","永安區","120.210","22.810","77"
"36","114108","20220820033000","46","0","高雄市","永安區","120.205","22.825","47"
"11","114112","20220820033000","77","0","高雄市","路竹區","120.260","22.835","11"
"1795","114116","20220820033000","1801","0","臺東縣","臺東市","121.150","22.755","1271"
"2392","114117","20220820033000","1797","2","臺東縣","臺東市","121.145","22.760","2153"
"761","114118","20220820033000","735","1","臺東縣","臺東市","121.150","22.760","616"
"337","114125","20220820033000","352","0","臺東縣","臺東市","121.115","22.750","278"
"1844","114128","20220820033000","1362","2","臺東縣","臺東市","121.135","22.755","1416"
"1051","114129","20220820033000","893","1","臺東縣","臺東市","121.140","22.760","827"
"273","114130","20220820033000","1440","0","臺東縣","臺東市","121.150","22.750","232"
"304","114135","20220820033000","281","1","臺東縣","臺東市","121.100","22.740","362"
"216","114143","20220820033000","430","0","高雄市","燕巢區","120.360","22.765","242"
"782","114144","20220820033000","675","1","高雄市","燕巢區","120.365","22.765","632"
"211","114154","20220820033000","591","0","高雄市","燕巢區","120.360","22.770","221"
"675","114155","20220820033000","517","2","高雄市","岡山區","120.315","22.775","677"
"323","114160","20220820033000","289","1","高雄市","燕巢區","120.340","22.775","323"
"121","114174","20220820033000","103","1","高雄市","燕巢區","120.360","22.775","124"
"95","114194","20220820033000","69","2","高雄市","燕巢區","120.400","22.810","98"
"244","114204","20220820033000","255","0","高雄市","燕巢區","120.340","22.755","238"
"131","114206","20220820033000","189","0","高雄市","燕巢區","120.350","22.755","133"
"492","114207","20220820033000","411","1","高雄市","燕巢區","120.355","22.755","508"
"48","114210","20220820033000","107","0","高雄市","燕巢區","120.335","22.760","47"
"161","114212","20220820033000","188","0","高雄市","燕巢區","120.345","22.760","162"
"29","114214","20220820033000","70","0","高雄市","燕巢區","120.355","22.760","24"
"22","114226","20220820033000","19","1","高雄市","田寮區","120.420","22.820","31"
"11","114268","20220820033000","13","0","高雄市","岡山區","120.270","22.795","12"
"1222","114271","20220820033000","957","2","高雄市","岡山區","120.285","22.795","894"
"559","114274","20220820033000","445","2","高雄市","岡山區","120.280","22.780","583"
"652","114276","20220820033000","527","2","高雄市","梓官區","120.265","22.750","663"
"710","114278","20220820033000","580","2","高雄市","梓官區","120.260","22.745","740"
"370","114279","20220820033000","175","3","高雄市","梓官區","120.265","22.745","367"
"906","114288","20220820033000","712","2","高雄市","梓官區","120.265","22.760","886"
"1499","114295","20220820033000","1113","2","高雄市","梓官區","120.270","22.760","1471"
"446","114297","20220820033000","331","2","高雄市","梓官區","120.245","22.740","458"
"134","114302","20220820033000","90","2","高雄市","梓官區","120.245","22.750","142"
"483","114304","20220820033000","352","2","高雄市","梓官區","120.250","22.735","504"
"784","114307","20220820033000","980","0","高雄市","橋頭區","120.310","22.750","766"
"84","114308","20220820033000","65","2","高雄市","橋頭區","120.315","22.755","83"
"977","114309","20220820033000","1402","0","高雄市","橋頭區","120.310","22.755","1003"
"517","114311","20220820033000","433","1","高雄市","橋頭區","120.305","22.735","538"
"32","114315","20220820033000","305","0","高雄市","橋頭區","120.305","22.740","36"
"596","114318","20220820033000","604","0","高雄市","橋頭區","120.310","22.745","607"
"453","114322","20220820033000","407","1","高雄市","橋頭區","120.300","22.755","478"
"110","114329","20220820033000","79","2","高雄市","旗山區","120.445","22.775","129"
"49","114344","20220820033000","43","1","高雄市","旗山區","120.440","22.785","49"
"15","114358","20220820033000","21","0","高雄市","旗山區","120.435","22.795","13"
"149","114363","20220820033000","153","0","高雄市","旗山區","120.460","22.795","120"
"56","114393","20220820033000","37","3","高雄市","旗山區","120.455","22.815","44"
"90","114395","20220820033000","71","2","高雄市","旗山區","120.465","22.815","90"
"645","114407","20220820033000","751","0","高雄市","旗山區","120.465","22.840","487"
"55","114408","20220820033000","80","0","高雄市","旗山區","120.450","22.845","56"
"27","114416","20220820033000","536","0","高雄市","梓官區","120.270","22.765","31"
"42","114421","20220820033000","1042","0","高雄市","梓官區","120.260","22.740","41"
"355","114422","20220820033000","310","1","高雄市","橋頭區","120.265","22.740","367"
"15","114424","20220820033000","297","0","臺東縣","卑南鄉","121.160","22.790","17"
"39","114448","20220820033000","32","2","臺東縣","卑南鄉","121.180","22.805","39"
"59","114462","20220820033000","55","1","臺東縣","卑南鄉","121.150","22.820","74"
"94","114473","20220820033000","111","0","臺東縣","卑南鄉","121.150","22.830","96"
"111","114575","20220820033000","91","2","臺東縣","卑南鄉","121.055","22.745","114"
"351","114700","20220820033000","325","1","臺東縣","臺東市","121.045","22.760","211"
"109","114840","20220820033000","86","2","臺東縣","卑南鄉","121.070","22.795","119"
"246","114846","20220820033000","201","2","臺東縣","卑南鄉","121.065","22.800","225"
"658","114971","20220820033000","689","0","臺東縣","臺東市","121.125","22.740","510"
"14","114972","20220820033000","538","0","臺東縣","臺東市","121.130","22.740","17"
"1056","114977","20220820033000","1009","1","臺東縣","臺東市","121.135","22.740","1059"
"961","114979","20220820033000","945","1","臺東縣","臺東市","121.120","22.735","706"
"13","114990","20220820033000","12","1","高雄市","岡山區","120.345","22.820","15"
"1316","115004","20220820033000","1335","0","高雄市","岡山區","120.285","22.790","1333"
"18","115005","20220820033000","23","0","高雄市","岡山區","120.290","22.790","22"
"319","115006","20220820033000","265","2","高雄市","岡山區","120.295","22.785","334"
"294","115298","20220820033000","216","2","高雄市","田寮區","120.360","22.830","237"
"133","115300","20220820033000","124","1","高雄市","田寮區","120.370","22.830","115"
"102","115304","20220820033000","105","0","高雄市","田寮區","120.355","22.835","103"
"60","115311","20220820033000","55","1","高雄市","田寮區","120.395","22.835","39"
"128","115312","20220820033000","126","1","高雄市","田寮區","120.345","22.840","127"
"37","115319","20220820033000","37","1","高雄市","田寮區","120.345","22.845","30"
"70","115329","20220820033000","63","1","高雄市","旗山區","120.435","22.830","67"
"78","115367","20220820033000","888","0","高雄市","燕巢區","120.355","22.790","69"
"345","115368","20220820033000","244","2","高雄市","燕巢區","120.360","22.790","340"
"136","115374","20220820033000","142","0","高雄市","燕巢區","120.325","22.785","126"
"222","115375","20220820033000","193","1","高雄市","燕巢區","120.330","22.785","181"
"371","115377","20220820033000","304","2","高雄市","燕巢區","120.340","22.785","362"
"128","115380","20220820033000","101","2","高雄市","燕巢區","120.355","22.785","112"
"344","115382","20220820033000","268","2","高雄市","燕巢區","120.340","22.790","349"
"251","115384","20220820033000","233","1","高雄市","燕巢區","120.350","22.790","280"
"23","115394","20220820033000","18","2","高雄市","燕巢區","120.355","22.810","20"
"20","115398","20220820033000","23","0","高雄市","燕巢區","120.375","22.810","27"
"83","115401","20220820033000","83","1","高雄市","燕巢區","120.390","22.810","91"
"64","115402","20220820033000","49","2","高雄市","燕巢區","120.355","22.815","79"
"23","115404","20220820033000","26","0","高雄市","燕巢區","120.365","22.815","20"
"313","115429","20220820033000","259","2","高雄市","燕巢區","120.365","22.790","311"
"460","115436","20220820033000","444","1","高雄市","燕巢區","120.365","22.795","468"
"175","115437","20220820033000","150","1","高雄市","燕巢區","120.370","22.795","172"
"43","115438","20220820033000","44","0","高雄市","燕巢區","120.375","22.795","40"
"249","115447","20220820033000","505","0","高雄市","燕巢區","120.375","22.760","205"
"280","115450","20220820033000","356","0","高雄市","燕巢區","120.375","22.765","218"
"28","115453","20220820033000","36","0","高雄市","燕巢區","120.390","22.765","32"
"11","115458","20220820033000","83","0","高雄市","燕巢區","120.385","22.770","10"
"62","115463","20220820033000","52","1","高雄市","燕巢區","120.410","22.770","63"
"300","115472","20220820033000","272","1","高雄市","燕巢區","120.385","22.775","302"
"156","115473","20220820033000","159","0","高雄市","燕巢區","120.390","22.775","156"
"15","115475","20220820033000","36","0","高雄市","燕巢區","120.400","22.775","13"
"155","115482","20220820033000","124","2","高雄市","燕巢區","120.385","22.780","159"
"106","115486","20220820033000","126","0","高雄市","燕巢區","120.405","22.780","99"
"135","115500","20220820033000","126","1","高雄市","燕巢區","120.420","22.780","139"
"104","115501","20220820033000","61","3","高雄市","燕巢區","120.425","22.780","91"
"16","115513","20220820033000","61","0","高雄市","燕巢區","120.405","22.790","16"
"50","115519","20220820033000","69","0","高雄市","燕巢區","120.410","22.795","38"
"109","115523","20220820033000","93","1","高雄市","岡山區","120.315","22.785","119"
"241","115524","20220820033000","204","1","高雄市","燕巢區","120.320","22.785","194"
"18","115528","20220820033000","104","0","高雄市","燕巢區","120.330","22.790","22"
"42","115531","20220820033000","469","0","高雄市","燕巢區","120.325","22.795","41"
"251","115537","20220820033000","382","0","高雄市","燕巢區","120.335","22.800","249"
"732","115543","20220820033000","692","1","高雄市","燕巢區","120.355","22.795","736"
"208","115544","20220820033000","176","1","高雄市","燕巢區","120.360","22.795","203"
"171","115546","20220820033000","171","1","高雄市","燕巢區","120.355","22.800","124"
"882","115555","20220820033000","2058","0","高雄市","楠梓區","120.325","22.735","836"
"1196","115556","20220820033000","688","3","高雄市","楠梓區","120.330","22.735","1156"
"1086","115557","20220820033000","1628","0","高雄市","楠梓區","120.335","22.735","1104"
"921","115559","20220820033000","933","0","高雄市","楠梓區","120.330","22.740","929"
"1150","115560","20220820033000","1184","0","高雄市","楠梓區","120.335","22.740","1133"
"56","115562","20220820033000","572","0","高雄市","楠梓區","120.330","22.745","48"
"32","115563","20220820033000","426","0","高雄市","橋頭區","120.325","22.750","31"
"827","115564","20220820033000","699","1","高雄市","楠梓區","120.330","22.750","798"
"112","115565","20220820033000","64","3","高雄市","岡山區","120.305","22.780","85"
"204","115567","20220820033000","167","2","高雄市","岡山區","120.315","22.825","208"
"301","115568","20220820033000","253","1","高雄市","岡山區","120.325","22.825","239"
"103","115576","20220820033000","250","0","高雄市","岡山區","120.315","22.815","88"
"116","115577","20220820033000","88","2","高雄市","岡山區","120.320","22.815","91"
"17","115580","20220820033000","31","0","高雄市","岡山區","120.325","22.820","14"
"65","115598","20220820033000","1041","0","高雄市","岡山區","120.295","22.795","71"
"259","115599","20220820033000","245","1","高雄市","岡山區","120.290","22.800","273"
"665","115600","20220820033000","640","1","高雄市","岡山區","120.295","22.800","637"
"712","115616","20220820033000","639","1","臺東縣","臺東市","121.105","22.770","484"
"430","115617","20220820033000","441","0","臺東縣","臺東市","121.110","22.770","451"
"45","115618","20220820033000","658","0","臺東縣","臺東市","121.115","22.770","54"
"100","115631","20220820033000","38","3","高雄市","大樹區","120.420","22.765","98"
"24","115636","20220820033000","32","0","高雄市","大樹區","120.445","22.765","16"
"205","115644","20220820033000","189","1","高雄市","大樹區","120.450","22.770","229"
"49","115647","20220820033000","31","3","高雄市","旗山區","120.430","22.775","40"
"372","115648","20220820033000","228","3","高雄市","岡山區","120.300","22.815","385"
"1068","115657","20220820033000","890","2","高雄市","岡山區","120.300","22.820","1080"
"535","115660","20220820033000","415","2","高雄市","岡山區","120.315","22.820","412"
"54","115663","20220820033000","31","3","高雄市","岡山區","120.295","22.830","52"
"266","115664","20220820033000","207","2","高雄市","岡山區","120.290","22.795","267"
"849","115665","20220820033000","843","1","高雄市","岡山區","120.285","22.800","879"
"24","115676","20220820033000","40","0","高雄市","岡山區","120.320","22.810","26"
"125","115684","20220820033000","161","0","高雄市","岡山區","120.305","22.775","114"
"30","115686","20220820033000","44","0","高雄市","岡山區","120.310","22.775","28"
"23","115687","20220820033000","354","0","高雄市","岡山區","120.300","22.780","27"
"33","115690","20220820033000","901","0","高雄市","岡山區","120.300","22.785","41"
"41","115691","20220820033000","439","0","高雄市","岡山區","120.290","22.805","38"
"88","115692","20220820033000","233","0","高雄市","岡山區","120.295","22.805","125"
"70","115694","20220820033000","656","0","高雄市","岡山區","120.295","22.790","64"
"173","115706","20220820033000","148","1","高雄市","彌陀區","120.240","22.755","171"
"131","115708","20220820033000","123","1","高雄市","梓官區","120.250","22.755","133"
"142","115709","20220820033000","96","2","高雄市","彌陀區","120.235","22.760","151"
"148","115713","20220820033000","124","1","高雄市","彌陀區","120.240","22.765","158"
"393","115714","20220820033000","517","0","高雄市","彌陀區","120.250","22.780","414"
"694","115717","20220820033000","632","1","臺東縣","臺東市","121.140","22.740","521"
"402","115718","20220820033000","291","2","臺東縣","臺東市","121.130","22.745","413"
"1982","115719","20220820033000","2082","0","臺東縣","臺東市","121.135","22.745","1579"
"43","115720","20220820033000","722","0","臺東縣","臺東市","121.140","22.745","42"
"430","115721","20220820033000","401","1","臺東縣","臺東市","121.130","22.750","363"
"800","115722","20220820033000","676","1","臺東縣","臺東市","121.135","22.750","797"
"359","115724","20220820033000","318","1","臺東縣","臺東市","121.120","22.750","284"
"347","115727","20220820033000","297","1","臺東縣","臺東市","121.130","22.755","278"
"269","115728","20220820033000","340","0","臺東縣","臺東市","121.120","22.760","171"
"79","115732","20220820033000","90","0","臺東縣","臺東市","121.090","22.760","88"
"339","115739","20220820033000","284","1","臺東縣","臺東市","121.095","22.765","264"
"503","115745","20220820033000","509","0","臺東縣","臺東市","121.095","22.770","396"
"178","115749","20220820033000","161","1","高雄市","阿蓮區","120.335","22.835","170"
"1287","115782","20220820033000","838","3","高雄市","岡山區","120.300","22.795","1324"
"1130","115783","20220820033000","1118","1","高雄市","岡山區","120.305","22.795","1143"
"22","115784","20220820033000","26","0","高雄市","岡山區","120.310","22.795","19"
"402","115787","20220820033000","288","2","高雄市","岡山區","120.270","22.780","394"
"86","115788","20220820033000","224","0","高雄市","岡山區","120.270","22.785","92"
"257","115791","20220820033000","868","0","高雄市","岡山區","120.285","22.785","251"
"479","115793","20220820033000","512","0","高雄市","彌陀區","120.250","22.785","508"
"1143","115795","20220820033000","911","2","高雄市","彌陀區","120.235","22.795","885"
"122","115804","20220820033000","135","0","高雄市","彌陀區","120.245","22.775","115"
"95","115805","20220820033000","70","2","高雄市","彌陀區","120.245","22.765","82"
"171","115808","20220820033000","183","0","高雄市","彌陀區","120.245","22.770","178"
"19","115810","20220820033000","165","0","高雄市","彌陀區","120.255","22.770","17"
"1465","115819","20220820033000","1077","2","高雄市","岡山區","120.305","22.785","1497"
"535","115820","20220820033000","1352","0","高雄市","岡山區","120.300","22.790","514"
"848","115821","20220820033000","843","1","高雄市","岡山區","120.305","22.790","830"
"483","115833","20220820033000","232","3","高雄市","岡山區","120.265","22.815","473"
"220","115834","20220820033000","182","2","高雄市","岡山區","120.270","22.815","222"
"144","115836","20220820033000","129","1","高雄市","岡山區","120.255","22.820","155"
"103","115841","20220820033000","91","1","高雄市","岡山區","120.265","22.820","109"
"140","115844","20220820033000","93","3","高雄市","岡山區","120.300","22.830","128"
"488","115849","20220820033000","539","0","高雄市","阿蓮區","120.305","22.835","406"
"33","115851","20220820033000","117","0","高雄市","岡山區","120.280","22.810","29"
"239","115852","20220820033000","164","2","高雄市","岡山區","120.285","22.810","247"
"386","115855","20220820033000","327","1","高雄市","岡山區","120.285","22.815","382"
"24","115856","20220820033000","274","0","高雄市","岡山區","120.290","22.815","27"
"491","115872","20220820033000","338","2","高雄市","彌陀區","120.250","22.775","475"
"20","115876","20220820033000","25","0","高雄市","大社區","120.345","22.735","23"
"22","115878","20220820033000","232","0","高雄市","大社區","120.360","22.740","20"
"74","115879","20220820033000","80","0","高雄市","大社區","120.365","22.740","68"
"232","115883","20220820033000","236","0","高雄市","大社區","120.345","22.740","219"
"884","115886","20220820033000","913","0","高雄市","楠梓區","120.335","22.745","912"
"345","115889","20220820033000","605","0","高雄市","大社區","120.350","22.745","364"
"208","115892","20220820033000","471","0","高雄市","燕巢區","120.340","22.750","209"
"41","115895","20220820033000","47","0","高雄市","大社區","120.355","22.750","42"
"112","115897","20220820033000","144","0","高雄市","大社區","120.365","22.750","129"
"143","115907","20220820033000","138","1","高雄市","大社區","120.375","22.745","86"
"37","115911","20220820033000","48","0","高雄市","大社區","120.395","22.745","40"
"13","115922","20220820033000","34","0","高雄市","大社區","120.405","22.750","14"
"94","115927","20220820033000","59","3","高雄市","大社區","120.390","22.755","93"
"238","115941","20220820033000","150","3","高雄市","大社區","120.370","22.735","177"
"348","115943","20220820033000","379","0","高雄市","大社區","120.380","22.735","277"
"566","115946","20220820033000","517","1","高雄市","岡山區","120.275","22.775","577"
"683","115949","20220820033000","569","2","高雄市","岡山區","120.310","22.790","676"
"999","115953","20220820033000","1002","0","高雄市","岡山區","120.300","22.800","1018"
"57","115954","20220820033000","555","0","高雄市","岡山區","120.305","22.800","57"
"76","115966","20220820033000","69","1","高雄市","旗山區","120.425","22.815","80"
"11","115972","20220820033000","10","1","高雄市","旗山區","120.435","22.825","11"
"40","124145","20220820033000","452","0","屏東縣","高樹鄉","120.610","22.850","56"
"70","124161","20220820033000","225","0","屏東縣","高樹鄉","120.630","22.865","63"
"84","124176","20220820033000","51","3","屏東縣","高樹鄉","120.640","22.880","78"
"41","124193","20220820033000","43","0","臺南市","仁德區","120.245","22.935","35"
"52","124195","20220820033000","56","0","臺南市","仁德區","120.240","22.940","51"
"635","124197","20220820033000","605","1","臺南市","仁德區","120.250","22.940","494"
"32","124211","20220820033000","35","0","臺南市","關廟區","120.330","22.910","23"
"262","124220","20220820033000","258","1","臺南市","關廟區","120.345","22.915","208"
"52","124243","20220820033000","76","0","高雄市","茄萣區","120.205","22.855","39"
"450","124253","20220820033000","362","2","臺南市","仁德區","120.215","22.910","339"
"340","124255","20220820033000","260","2","高雄市","湖內區","120.225","22.905","354"
"126","124262","20220820033000","466","0","臺南市","南區","120.185","22.920","106"
"19","124268","20220820033000","228","0","臺南市","歸仁區","120.280","22.915","19"
"174","124271","20220820033000","202","0","臺南市","歸仁區","120.270","22.920","143"
"308","124275","20220820033000","195","3","臺南市","歸仁區","120.285","22.920","251"
"211","124278","20220820033000","113","3","臺南市","歸仁區","120.280","22.925","171"
"41","124281","20220820033000","108","0","臺南市","歸仁區","120.270","22.930","34"
"15","124291","20220820033000","122","0","臺南市","南區","120.175","22.940","12"
"198","124293","20220820033000","249","0","臺南市","仁德區","120.245","22.925","170"
"14","124295","20220820033000","19","0","臺南市","仁德區","120.240","22.930","15"
"677","124314","20220820033000","1255","0","臺南市","仁德區","120.260","22.945","717"
"185","124322","20220820033000","331","0","臺南市","歸仁區","120.270","22.905","142"
"596","124323","20220820033000","516","1","臺南市","仁德區","120.255","22.910","500"
"555","124338","20220820033000","424","2","臺南市","仁德區","120.250","22.910","410"
"84","124352","20220820033000","83","1","臺南市","關廟區","120.325","22.950","75"
"279","124363","20220820033000","159","3","臺南市","關廟區","120.335","22.930","285"
"30","124371","20220820033000","254","0","臺南市","關廟區","120.335","22.940","19"
"1138","124386","20220820033000","1039","1","臺南市","仁德區","120.255","22.950","1150"
"11","124404","20220820033000","81","0","臺南市","仁德區","120.230","22.940","11"
"185","124408","20220820033000","229","0","臺南市","仁德區","120.230","22.945","123"
"295","124415","20220820033000","305","0","臺南市","仁德區","120.260","22.950","311"
"113","124431","20220820033000","90","2","臺南市","歸仁區","120.295","22.925","104"
"251","124453","20220820033000","142","3","臺南市","歸仁區","120.300","22.940","254"
"751","124469","20220820033000","611","2","臺南市","南區","120.180","22.930","773"
"31","124472","20220820033000","147","0","臺南市","南區","120.180","22.935","35"
"111","124474","20220820033000","111","1","臺南市","南區","120.190","22.935","124"
"275","124477","20220820033000","1156","0","臺南市","南區","120.180","22.925","308"
"38","124491","20220820033000","318","0","臺南市","歸仁區","120.275","22.910","23"
"121","124494","20220820033000","144","0","臺南市","歸仁區","120.285","22.910","80"
"103","124504","20220820033000","466","0","臺南市","歸仁區","120.275","22.915","106"
"750","124526","20220820033000","688","1","臺南市","歸仁區","120.275","22.950","560"
"188","124527","20220820033000","168","1","臺南市","歸仁區","120.280","22.950","136"
"43","124538","20220820033000","39","1","臺南市","仁德區","120.220","22.920","33"
"134","124546","20220820033000","130","1","臺南市","南區","120.215","22.950","89"
"11","124548","20220820033000","42","0","臺南市","仁德區","120.220","22.945","14"
"142","124549","20220820033000","150","0","臺南市","仁德區","120.220","22.950","122"
"49","124550","20220820033000","443","0","高雄市","湖內區","120.230","22.915","38"
"373","124551","20220820033000","455","0","臺南市","仁德區","120.235","22.915","372"
"268","124552","20220820033000","521","0","臺南市","仁德區","120.225","22.920","219"
"52","124553","20220820033000","368","0","臺南市","仁德區","120.230","22.920","53"
"37","124555","20220820033000","523","0","臺南市","仁德區","120.240","22.920","38"
"219","124557","20220820033000","206","1","臺南市","仁德區","120.250","22.920","160"
"297","124559","20220820033000","374","0","臺南市","仁德區","120.225","22.925","213"
"28","124563","20220820033000","461","0","臺南市","仁德區","120.230","22.930","36"
"485","124565","20220820033000","431","1","臺南市","仁德區","120.220","22.915","379"
"1054","124569","20220820033000","988","1","臺南市","仁德區","120.215","22.915","1092"
"666","124585","20220820033000","571","1","臺南市","南區","120.180","22.945","682"
"351","124591","20220820033000","283","2","臺南市","南區","120.185","22.950","270"
"48","124601","20220820033000","48","1","高雄市","茂林區","120.685","22.905","70"
"1472","124642","20220820033000","1445","1","高雄市","茄萣區","120.185","22.895","1071"
"304","124661","20220820033000","345","0","高雄市","美濃區","120.525","22.850","246"
"100","124668","20220820033000","110","0","高雄市","美濃區","120.535","22.850","74"
"275","124671","20220820033000","377","0","高雄市","美濃區","120.550","22.850","264"
"333","124678","20220820033000","376","0","高雄市","美濃區","120.535","22.860","270"
"229","124706","20220820033000","157","2","高雄市","美濃區","120.580","22.920","189"
"23","124745","20220820033000","33","0","高雄市","美濃區","120.585","22.940","16"
"897","124774","20220820033000","891","1","高雄市","美濃區","120.545","22.900","702"
"241","124778","20220820033000","179","2","高雄市","美濃區","120.555","22.905","275"
"311","124780","20220820033000","273","1","高雄市","美濃區","120.545","22.910","225"
"269","124803","20220820033000","208","2","高雄市","美濃區","120.535","22.865","262"
"397","124809","20220820033000","336","1","高雄市","美濃區","120.535","22.875","426"
"253","124812","20220820033000","210","2","高雄市","美濃區","120.535","22.880","208"
"260","124818","20220820033000","202","2","高雄市","美濃區","120.555","22.885","283"
"166","124831","20220820033000","306","0","高雄市","內門區","120.460","22.925","261"
"21","124869","20220820033000","70","0","高雄市","內門區","120.470","22.910","23"
"163","124897","20220820033000","190","0","高雄市","內門區","120.465","22.930","172"
"240","124903","20220820033000","236","1","高雄市","內門區","120.465","22.940","75"
"201","124908","20220820033000","199","1","高雄市","內門區","120.460","22.920","262"
"12","124929","20220820033000","11","1","高雄市","內門區","120.475","22.940","12"
"15","124962","20220820033000","15","1","臺南市","龍崎區","120.380","22.950","18"
"23","124976","20220820033000","23","1","臺南市","龍崎區","120.395","22.930","12"
"74","124995","20220820033000","49","3","臺南市","龍崎區","120.365","22.915","52"
"90","125006","20220820033000","71","2","臺南市","龍崎區","120.350","22.930","73"
"331","125045","20220820033000","432","0","臺南市","龍崎區","120.425","22.940","336"
"15","125051","20220820033000","14","1","臺南市","龍崎區","120.400","22.950","15"
"43","125099","20220820033000","191","0","臺東縣","卑南鄉","121.090","22.865","57"
"270","125138","20220820033000","251","1","臺東縣","卑南鄉","121.125","22.870","321"
"80","125172","20220820033000","61","2","臺東縣","卑南鄉","121.190","22.850","80"
"221","125177","20220820033000","215","1","高雄市","湖內區","120.235","22.900","192"
"75","125178","20220820033000","111","0","臺南市","仁德區","120.235","22.905","92"
"502","125179","20220820033000","298","3","高雄市","湖內區","120.230","22.910","429"
"535","125186","20220820033000","439","2","高雄市","路竹區","120.275","22.870","545"
"46","125192","20220820033000","39","1","高雄市","路竹區","120.265","22.885","38"
"458","125206","20220820033000","411","1","高雄市","路竹區","120.270","22.870","467"
"437","125207","20220820033000","428","1","高雄市","路竹區","120.255","22.875","437"
"171","125215","20220820033000","136","2","高雄市","茄萣區","120.180","22.910","165"
"570","125229","20220820033000","421","2","高雄市","路竹區","120.290","22.865","397"
"284","125232","20220820033000","276","1","高雄市","路竹區","120.245","22.860","272"
"1242","125234","20220820033000","973","2","高雄市","路竹區","120.255","22.860","1242"
"76","125242","20220820033000","77","0","高雄市","路竹區","120.250","22.855","80"
"24","125244","20220820033000","41","0","高雄市","路竹區","120.260","22.865","25"
"428","125249","20220820033000","465","0","高雄市","路竹區","120.235","22.860","448"
"445","125257","20220820033000","576","0","高雄市","路竹區","120.260","22.860","453"
"77","125258","20220820033000","63","2","高雄市","路竹區","120.255","22.865","82"
"410","125263","20220820033000","428","0","高雄市","路竹區","120.225","22.855","431"
"165","125284","20220820033000","87","3","高雄市","旗山區","120.515","22.855","163"
"159","125285","20220820033000","139","1","高雄市","旗山區","120.490","22.860","161"
"16","125295","20220820033000","70","0","高雄市","旗山區","120.490","22.880","16"
"349","125296","20220820033000","195","3","高雄市","旗山區","120.495","22.880","362"
"427","125297","20220820033000","429","0","高雄市","旗山區","120.500","22.880","413"
"648","125340","20220820033000","1097","0","高雄市","旗山區","120.480","22.895","666"
"66","125343","20220820033000","114","0","高雄市","旗山區","120.480","22.900","52"
"46","125346","20220820033000","311","0","高雄市","旗山區","120.475","22.905","44"
"30","125349","20220820033000","392","0","高雄市","旗山區","120.485","22.905","38"
"59","125360","20220820033000","432","0","高雄市","湖內區","120.250","22.880","66"
"289","125361","20220820033000","684","0","高雄市","湖內區","120.245","22.885","228"
"40","125366","20220820033000","291","0","高雄市","湖內區","120.240","22.890","37"
"535","125367","20220820033000","434","2","高雄市","湖內區","120.245","22.890","543"
"43","125374","20220820033000","57","0","高雄市","旗山區","120.445","22.885","48"
"53","125393","20220820033000","60","0","高雄市","內門區","120.420","22.910","38"
"24","125438","20220820033000","17","2","高雄市","茂林區","120.650","22.880","22"
"49","125487","20220820033000","65","0","高雄市","六龜區","120.620","22.890","47"
"113","125491","20220820033000","113","1","高雄市","六龜區","120.625","22.895","91"
"126","125506","20220820033000","111","1","高雄市","六龜區","120.635","22.910","99"
"14","125528","20220820033000","13","1","高雄市","六龜區","120.615","22.880","10"
"87","125543","20220820033000","78","1","高雄市","六龜區","120.625","22.885","60"
"85","125591","20220820033000","80","1","高雄市","六龜區","120.645","22.925","100"
"864","125608","20220820033000","729","1","高雄市","路竹區","120.265","22.865","876"
"124","125613","20220820033000","113","1","高雄市","路竹區","120.265","22.850","126"
"91","125614","20220820033000","95","0","高雄市","路竹區","120.260","22.855","83"
"10","125615","20220820033000","543","0","高雄市","路竹區","120.265","22.855","11"
"351","125624","20220820033000","237","2","高雄市","路竹區","120.290","22.875","282"
"49","125626","20220820033000","49","1","高雄市","路竹區","120.295","22.875","53"
"57","125629","20220820033000","48","1","高雄市","路竹區","120.285","22.880","53"
"227","125646","20220820033000","194","1","臺南市","關廟區","120.345","22.905","167"
"319","125659","20220820033000","285","1","高雄市","阿蓮區","120.290","22.895","330"
"167","125660","20220820033000","178","0","高雄市","阿蓮區","120.295","22.895","187"
"142","125667","20220820033000","324","0","臺南市","歸仁區","120.280","22.905","99"
"17","125673","20220820033000","15","1","高雄市","阿蓮區","120.330","22.875","22"
"13","125675","20220820033000","118","0","高雄市","湖內區","120.195","22.910","12"
"288","125676","20220820033000","102","3","高雄市","湖內區","120.200","22.910","301"
"19","125737","20220820033000","212","0","高雄市","田寮區","120.370","22.865","16"
"58","125772","20220820033000","59","0","高雄市","田寮區","120.400","22.890","59"
"28","125779","20220820033000","43","0","高雄市","田寮區","120.400","22.895","14"
"26","125825","20220820033000","20","2","臺東縣","東河鄉","121.270","22.930","21"
"40","125838","20220820033000","27","2","臺東縣","東河鄉","121.275","22.940","44"
"121","125849","20220820033000","91","2","臺東縣","鹿野鄉","121.150","22.930","116"
"638","125884","20220820033000","1032","0","高雄市","旗山區","120.480","22.880","638"
"517","125896","20220820033000","541","0","高雄市","美濃區","120.540","22.900","425"
"22","125917","20220820033000","32","0","高雄市","美濃區","120.535","22.900","28"
"199","125941","20220820033000","179","1","高雄市","美濃區","120.565","22.865","216"
"14","125950","20220820033000","19","0","高雄市","美濃區","120.570","22.870","14"
"46","125951","20220820033000","34","2","高雄市","美濃區","120.575","22.870","45"
"67","125952","20220820033000","64","1","高雄市","美濃區","120.580","22.870","70"
"343","125955","20220820033000","322","1","高雄市","美濃區","120.565","22.875","370"
"101","125966","20220820033000","87","1","高雄市","美濃區","120.545","22.880","105"
"64","125970","20220820033000","93","0","高雄市","美濃區","120.535","22.885","42"
"342","125981","20220820033000","308","1","高雄市","美濃區","120.515","22.875","293"
"161","125989","20220820033000","130","2","高雄市","旗山區","120.505","22.890","153"
"290","125997","20220820033000","305","0","高雄市","美濃區","120.520","22.895","315"
"272","126001","20220820033000","208","2","高雄市","美濃區","120.520","22.900","202"
"462","126010","20220820033000","445","1","高雄市","美濃區","120.560","22.915","390"
"142","126024","20220820033000","146","0","高雄市","美濃區","120.580","22.925","153"
"311","126043","20220820033000","256","2","高雄市","美濃區","120.550","22.865","313"
"344","126059","20220820033000","292","1","高雄市","美濃區","120.575","22.880","325"
"91","126076","20220820033000","100","0","高雄市","美濃區","120.570","22.895","111"
"537","126092","20220820033000","758","0","高雄市","旗山區","120.480","22.885","531"
"260","126096","20220820033000","565","0","高雄市","路竹區","120.265","22.870","271"
"548","126107","20220820033000","658","0","高雄市","路竹區","120.270","22.865","536"
"182","126119","20220820033000","196","0","高雄市","旗山區","120.490","22.920","179"
"375","126120","20220820033000","350","1","高雄市","旗山區","120.495","22.920","303"
"394","126140","20220820033000","248","3","高雄市","路竹區","120.280","22.850","411"
"33","126141","20220820033000","284","0","高雄市","路竹區","120.270","22.855","38"
"1334","126142","20220820033000","1155","1","高雄市","路竹區","120.265","22.860","1360"
"24","126160","20220820033000","23","1","臺東縣","卑南鄉","121.105","22.850","20"
"35","126178","20220820033000","533","0","臺東縣","卑南鄉","121.105","22.860","30"
"108","126183","20220820033000","64","3","臺東縣","卑南鄉","121.100","22.865","133"
"65","126219","20220820033000","406","0","高雄市","茄萣區","120.185","22.890","55"
"382","126227","20220820033000","298","2","高雄市","湖內區","120.235","22.895","287"
"94","126236","20220820033000","54","3","高雄市","湖內區","120.225","22.880","89"
"579","126244","20220820033000","537","1","高雄市","湖內區","120.225","22.895","468"
"587","126247","20220820033000","425","2","高雄市","湖內區","120.240","22.870","586"
"210","126249","20220820033000","163","2","高雄市","湖內區","120.235","22.875","224"
"276","126256","20220820033000","259","1","高雄市","湖內區","120.240","22.885","292"
"716","126258","20220820033000","666","1","高雄市","湖內區","120.250","22.875","624"
"183","126273","20220820033000","168","1","高雄市","美濃區","120.545","22.895","191"
"286","126301","20220820033000","243","1","臺東縣","鹿野鄉","121.085","22.900","233"
"268","126303","20220820033000","255","1","臺東縣","延平鄉","121.075","22.905","241"
"11","126313","20220820033000","37","0","臺東縣","延平鄉","121.090","22.915","11"
"43","126423","20220820033000","39","1","臺東縣","延平鄉","121.100","22.910","91"
"127","127499","20220820033000","159","0","臺東縣","延平鄉","121.150","22.900","112"
"26","127566","20220820033000","15","3","臺東縣","鹿野鄉","121.120","22.920","154"
"16","127569","20220820033000","186","0","臺東縣","鹿野鄉","121.120","22.925","12"
"12","127570","20220820033000","13","0","臺東縣","鹿野鄉","121.125","22.925","37"
"239","127581","20220820033000","154","3","臺東縣","鹿野鄉","121.120","22.930","333"
"168","127584","20220820033000","112","3","臺東縣","鹿野鄉","121.135","22.930","184"
"78","127600","20220820033000","45","3","臺東縣","鹿野鄉","121.135","22.945","74"
"110","127605","20220820033000","94","1","高雄市","田寮區","120.395","22.850","85"
"74","127613","20220820033000","50","2","高雄市","田寮區","120.380","22.875","58"
"294","127617","20220820033000","281","1","高雄市","田寮區","120.385","22.880","265"
"50","127622","20220820033000","45","1","高雄市","田寮區","120.390","22.885","55"
"42","127652","20220820033000","54","0","高雄市","田寮區","120.360","22.880","34"
"74","127664","20220820033000","65","1","高雄市","田寮區","120.370","22.890","77"
"38","127666","20220820033000","39","0","高雄市","田寮區","120.360","22.895","32"
"34","127698","20220820033000","47","0","高雄市","田寮區","120.425","22.885","21"
"336","127704","20220820033000","357","0","高雄市","茄萣區","120.180","22.900","350"
"56","127705","20220820033000","468","0","高雄市","茄萣區","120.185","22.900","47"
"158","127717","20220820033000","149","1","臺東縣","鹿野鄉","121.100","22.895","297"
"77","127724","20220820033000","43","3","臺東縣","鹿野鄉","121.135","22.895","86"
"184","127733","20220820033000","197","0","臺東縣","鹿野鄉","121.135","22.910","192"
"105","127737","20220820033000","97","1","臺東縣","鹿野鄉","121.135","22.920","126"
"12","127748","20220820033000","123","0","臺東縣","鹿野鄉","121.130","22.900","17"
"288","127754","20220820033000","238","2","臺東縣","鹿野鄉","121.120","22.905","300"
"1322","127765","20220820033000","1410","0","臺南市","仁德區","120.220","22.910","999"
"52","127770","20220820033000","209","0","高雄市","湖內區","120.215","22.905","45"
"70","127835","20220820033000","48","2","臺東縣","東河鄉","121.235","22.940","66"
"196","127852","20220820033000","162","2","臺東縣","東河鄉","121.250","22.895","152"
"110","127889","20220820033000","85","2","臺東縣","東河鄉","121.255","22.915","118"
"12","127912","20220820033000","183","0","臺東縣","東河鄉","121.265","22.925","17"
"232","127933","20220820033000","152","3","臺東縣","東河鄉","121.190","22.860","206"
"62","127935","20220820033000","60","1","臺東縣","東河鄉","121.200","22.860","53"
"846","127958","20220820033000","780","1","臺東縣","東河鄉","121.225","22.870","633"
"143","127984","20220820033000","15","3","臺東縣","東河鄉","121.225","22.880","150"
"136","127998","20220820033000","92","2","臺東縣","東河鄉","121.235","22.880","130"
"58","128028","20220820033000","59","0","臺東縣","東河鄉","121.245","22.890","46"
"52","128038","20220820033000","52","1","臺東縣","東河鄉","121.235","22.895","26"
"141","128060","20220820033000","167","0","高雄市","阿蓮區","120.345","22.860","102"
"43","128066","20220820033000","482","0","高雄市","阿蓮區","120.320","22.850","34"
"123","128071","20220820033000","99","2","高雄市","阿蓮區","120.320","22.855","123"
"217","128073","20220820033000","148","2","高雄市","阿蓮區","120.330","22.855","190"
"1278","128075","20220820033000","955","2","高雄市","阿蓮區","120.325","22.875","1291"
"1497","128076","20220820033000","1109","2","高雄市","阿蓮區","120.325","22.880","1485"
"12","128078","20220820033000","183","0","高雄市","路竹區","120.305","22.860","12"
"221","128090","20220820033000","215","1","高雄市","阿蓮區","120.310","22.870","226"
"178","128091","20220820033000","144","2","高雄市","阿蓮區","120.315","22.870","170"
"88","128097","20220820033000","83","1","高雄市","阿蓮區","120.315","22.880","87"
"67","128418","20220820033000","53","2","高雄市","茂林區","120.715","22.910","80"
"66","128722","20220820033000","64","1","高雄市","茂林區","120.665","22.885","61"
"59","128723","20220820033000","37","3","高雄市","茂林區","120.670","22.885","57"
"18","128748","20220820033000","246","0","高雄市","旗山區","120.480","22.890","22"
"24","128751","20220820033000","22","1","高雄市","旗山區","120.475","22.850","24"
"348","128754","20220820033000","265","2","高雄市","路竹區","120.300","22.880","334"
"136","128758","20220820033000","118","1","高雄市","阿蓮區","120.305","22.890","158"
"17","128759","20220820033000","265","0","高雄市","阿蓮區","120.310","22.890","16"
"275","128764","20220820033000","232","1","高雄市","阿蓮區","120.330","22.880","288"
"933","128765","20220820033000","747","2","高雄市","阿蓮區","120.335","22.880","951"
"205","128766","20220820033000","194","1","高雄市","阿蓮區","120.340","22.880","202"
"263","128769","20220820033000","232","1","高雄市","阿蓮區","120.330","22.885","268"
"289","128776","20220820033000","240","2","高雄市","阿蓮區","120.320","22.890","304"
"90","128782","20220820033000","89","1","高雄市","阿蓮區","120.335","22.870","98"
"418","128789","20220820033000","337","2","高雄市","田寮區","120.355","22.870","387"
"667","128797","20220820033000","476","2","高雄市","茄萣區","120.185","22.905","517"
"302","128798","20220820033000","241","2","高雄市","茄萣區","120.190","22.905","297"
"58","128803","20220820033000","67","0","高雄市","茄萣區","120.195","22.855","75"
"74","128807","20220820033000","68","1","高雄市","茄萣區","120.195","22.860","55"
"342","128823","20220820033000","261","2","高雄市","茄萣區","120.190","22.870","254"
"452","128824","20220820033000","375","2","高雄市","茄萣區","120.195","22.870","367"
"159","128825","20220820033000","162","0","高雄市","茄萣區","120.200","22.870","150"
"19","128829","20220820033000","19","1","高雄市","茄萣區","120.190","22.875","24"
"496","128830","20220820033000","374","2","高雄市","茄萣區","120.195","22.875","497"
"169","128833","20220820033000","142","1","高雄市","茄萣區","120.210","22.875","174"
"188","128847","20220820033000","202","0","高雄市","茄萣區","120.190","22.910","158"
"455","128850","20220820033000","565","0","高雄市","茄萣區","120.185","22.910","466"
"208","128866","20220820033000","187","1","高雄市","旗山區","120.475","22.870","203"
"107","128884","20220820033000","123","0","高雄市","旗山區","120.455","22.880","99"
"85","128886","20220820033000","212","0","高雄市","旗山區","120.465","22.880","102"
"19","128887","20220820033000","13","2","高雄市","旗山區","120.470","22.880","16"
"818","128898","20220820033000","638","2","高雄市","旗山區","120.470","22.855","618"
"189","128911","20220820033000","168","1","高雄市","旗山區","120.500","22.925","199"
"254","128916","20220820033000","187","2","高雄市","旗山區","120.500","22.930","210"
"178","128946","20220820033000","154","1","高雄市","杉林區","120.525","22.930","140"
"590","134975","20220820033000","378","3","臺南市","安南區","120.210","23.035","602"
"691","134976","20220820033000","556","2","臺南市","安南區","120.210","23.040","697"
"1389","134977","20220820033000","1202","1","臺南市","安南區","120.215","23.040","1268"
"1036","134978","20220820033000","868","1","臺南市","安南區","120.215","23.030","843"
"414","134979","20220820033000","324","2","臺南市","安南區","120.215","23.035","329"
"542","134985","20220820033000","488","1","臺南市","安南區","120.195","23.025","536"
"336","134991","20220820033000","307","1","臺南市","關廟區","120.300","22.995","258"
"35","134999","20220820033000","189","0","臺南市","關廟區","120.305","23.000","35"
"116","135010","20220820033000","85","2","臺南市","關廟區","120.320","23.005","81"
"304","135015","20220820033000","187","3","臺南市","關廟區","120.305","23.010","306"
"892","135022","20220820033000","821","1","臺南市","關廟區","120.325","22.965","675"
"16","135028","20220820033000","196","0","臺南市","關廟區","120.360","22.965","15"
"259","135056","20220820033000","259","1","臺南市","關廟區","120.330","22.965","255"
"15","135059","20220820033000","256","0","臺南市","關廟區","120.325","22.975","15"
"364","135061","20220820033000","2005","0","臺南市","中西區","120.210","22.985","353"
"222","135062","20220820033000","1831","0","臺南市","永康區","120.235","23.005","186"
"1568","135063","20220820033000","1508","1","臺南市","東區","120.230","22.980","1593"
"297","135064","20220820033000","226","2","臺南市","安南區","120.125","23.040","295"
"322","135074","20220820033000","209","3","臺南市","南區","120.175","22.965","318"
"1672","135079","20220820033000","1718","0","臺南市","南區","120.185","22.970","1636"
"361","135080","20220820033000","422","0","臺南市","南區","120.175","22.975","372"
"314","135081","20220820033000","300","1","臺南市","南區","120.180","22.975","229"
"1150","135083","20220820033000","914","2","臺南市","南區","120.185","22.980","1026"
"1460","135084","20220820033000","1031","2","臺南市","北區","120.210","23.020","1489"
"1363","135085","20220820033000","1417","0","臺南市","南區","120.200","22.980","995"
"12","135086","20220820033000","83","0","臺南市","南區","120.205","22.970","24"
"289","135087","20220820033000","256","1","臺南市","南區","120.195","22.970","265"
"992","135088","20220820033000","1141","0","臺南市","南區","120.190","22.960","771"
"20","135461","20220820033000","20","1","臺東縣","海端鄉","121.130","23.000","17"
"186","135797","20220820033000","139","2","臺東縣","關山鎮","121.145","23.020","212"
"1983","135951","20220820033000","1733","1","臺南市","永康區","120.230","23.010","1507"
"3233","135952","20220820033000","3203","1","臺南市","永康區","120.225","23.020","2969"
"743","135953","20220820033000","678","1","臺南市","永康區","120.220","23.025","760"
"313","135954","20220820033000","283","1","臺南市","永康區","120.225","23.025","226"
"1289","135956","20220820033000","1292","0","臺南市","永康區","120.235","23.025","1203"
"345","135957","20220820033000","246","2","臺南市","永康區","120.225","23.030","259"
"189","135958","20220820033000","170","1","臺南市","永康區","120.230","23.030","195"
"25","135959","20220820033000","951","0","臺南市","永康區","120.255","22.995","26"
"680","135960","20220820033000","792","0","臺南市","永康區","120.255","23.000","509"
"124","135961","20220820033000","917","0","臺南市","永康區","120.260","23.000","125"
"396","135963","20220820033000","429","0","臺南市","永康區","120.260","23.005","490"
"1546","135966","20220820033000","1386","1","臺南市","安南區","120.205","23.030","1408"
"831","135967","20220820033000","752","1","臺南市","安南區","120.210","23.030","776"
"373","135969","20220820033000","314","1","臺南市","安南區","120.220","23.040","287"
"2156","135971","20220820033000","1818","1","臺南市","中西區","120.190","23.005","1691"
"191","135972","20220820033000","653","0","臺南市","永康區","120.250","23.005","190"
"303","135976","20220820033000","315","0","臺南市","歸仁區","120.300","22.965","362"
"657","135980","20220820033000","477","2","臺南市","南區","120.195","22.980","487"
"1394","135981","20220820033000","1152","2","臺南市","南區","120.190","22.970","1346"
"709","135982","20220820033000","1273","0","臺南市","中西區","120.190","23.000","568"
"2102","135983","20220820033000","1197","3","臺南市","中西區","120.195","23.000","1963"
"2808","135984","20220820033000","2472","1","臺南市","中西區","120.175","23.005","2676"
"303","135985","20220820033000","284","1","臺南市","中西區","120.180","23.000","291"
"617","135986","20220820033000","463","2","臺南市","安南區","120.165","23.005","450"
"77","135989","20220820033000","1050","0","臺南市","永康區","120.255","23.035","76"
"1142","135990","20220820033000","1035","1","臺南市","永康區","120.260","23.030","900"
"2311","135991","20220820033000","2038","1","臺南市","永康區","120.260","23.035","1798"
"431","135992","20220820033000","327","2","臺南市","永康區","120.255","23.040","430"
"2809","135993","20220820033000","2615","1","臺南市","永康區","120.230","23.015","2241"
"942","135994","20220820033000","1022","0","臺南市","永康區","120.230","23.020","706"
"658","135995","20220820033000","484","2","臺南市","安南區","120.205","23.035","692"
"930","135997","20220820033000","899","1","臺南市","永康區","120.220","23.020","903"
"926","135998","20220820033000","656","2","臺南市","北區","120.195","23.010","774"
"2302","136000","20220820033000","2150","1","臺南市","北區","120.195","23.015","1904"
"858","136001","20220820033000","890","0","臺南市","北區","120.200","23.015","731"
"549","136002","20220820033000","416","2","臺南市","北區","120.195","23.005","429"
"1503","136005","20220820033000","1233","2","臺南市","南區","120.190","22.985","1383"
"41","136006","20220820033000","193","0","臺南市","南區","120.210","22.975","47"
"585","136008","20220820033000","552","1","臺南市","北區","120.185","23.010","621"
"745","136009","20220820033000","987","0","臺南市","北區","120.190","23.010","754"
"150","136012","20220820033000","905","0","臺南市","永康區","120.270","23.010","142"
"1665","136013","20220820033000","1326","2","臺南市","中西區","120.195","22.990","1186"
"969","136014","20220820033000","800","2","臺南市","仁德區","120.255","22.975","959"
"64","136018","20220820033000","93","0","臺南市","仁德區","120.255","22.980","63"
"789","136020","20220820033000","480","3","臺南市","北區","120.200","23.010","813"
"1390","136021","20220820033000","881","3","臺南市","北區","120.200","23.020","1434"
"1397","136022","20220820033000","1196","1","臺南市","北區","120.205","23.015","1381"
"2087","136023","20220820033000","1243","3","臺南市","北區","120.210","23.015","2018"
"274","136025","20220820033000","229","1","臺南市","北區","120.205","23.020","277"
"395","136030","20220820033000","338","1","臺南市","永康區","120.275","23.030","403"
"2013","136034","20220820033000","1370","2","臺南市","永康區","120.235","23.020","2090"
"37","136035","20220820033000","111","0","臺南市","永康區","120.240","23.020","48"
"494","136036","20220820033000","687","0","臺南市","永康區","120.245","23.020","499"
"351","136037","20220820033000","1751","0","臺南市","永康區","120.250","23.020","332"
"663","136042","20220820033000","680","0","臺南市","永康區","120.250","23.025","678"
"693","136043","20220820033000","486","2","臺南市","關廟區","120.330","22.955","675"
"569","136044","20220820033000","403","2","臺南市","關廟區","120.330","22.960","560"
"90","136047","20220820033000","78","1","臺南市","關廟區","120.340","22.970","78"
"676","136049","20220820033000","770","0","臺南市","關廟區","120.335","22.960","731"
"276","136054","20220820033000","187","2","臺南市","關廟區","120.345","22.965","196"
"58","136056","20220820033000","57","1","臺南市","關廟區","120.355","22.965","51"
"1593","136059","20220820033000","1148","2","臺南市","北區","120.205","23.005","1600"
"784","136061","20220820033000","786","0","臺南市","南區","120.200","22.970","623"
"564","136062","20220820033000","490","1","臺南市","中西區","120.205","22.990","403"
"923","136063","20220820033000","782","1","臺南市","中西區","120.200","22.985","672"
"1408","136064","20220820033000","1394","1","臺南市","中西區","120.200","22.990","976"
"869","136065","20220820033000","743","1","臺南市","中西區","120.200","22.995","691"
"362","136067","20220820033000","322","1","臺南市","永康區","120.270","22.995","363"
"79","136070","20220820033000","1054","0","臺南市","永康區","120.265","23.005","74"
"2054","136071","20220820033000","1846","1","臺南市","永康區","120.255","23.030","1743"
"169","136072","20220820033000","525","0","臺南市","關廟區","120.335","22.955","158"
"629","136080","20220820033000","451","2","臺南市","關廟區","120.325","22.955","623"
"233","136081","20220820033000","281","0","臺南市","關廟區","120.315","22.960","194"
"899","136083","20220820033000","572","3","臺南市","關廟區","120.325","22.960","899"
"256","136085","20220820033000","171","2","臺南市","東區","120.220","22.990","196"
"2925","136087","20220820033000","2722","1","臺南市","東區","120.225","22.985","2970"
"1301","136088","20220820033000","1147","1","臺南市","東區","120.230","22.990","975"
"2063","136089","20220820033000","1972","1","臺南市","東區","120.230","22.995","2037"
"1010","136090","20220820033000","860","1","臺南市","東區","120.235","22.995","768"
"1556","136091","20220820033000","1134","2","臺南市","北區","120.220","23.000","1439"
"662","136093","20220820033000","540","2","臺南市","中西區","120.180","23.005","664"
"1995","136094","20220820033000","2025","0","臺南市","中西區","120.185","23.005","1844"
"1873","136095","20220820033000","1477","2","臺南市","北區","120.225","23.005","1859"
"461","136096","20220820033000","404","1","臺南市","北區","120.225","23.000","373"
"140","136100","20220820033000","98","2","臺南市","仁德區","120.235","22.950","157"
"263","136101","20220820033000","203","2","臺南市","仁德區","120.235","22.955","259"
"1430","136102","20220820033000","1220","1","臺南市","仁德區","120.230","22.955","1175"
"149","136104","20220820033000","122","2","臺南市","仁德區","120.240","22.955","151"
"1822","136105","20220820033000","1313","2","臺南市","仁德區","120.255","22.955","1848"
"164","136109","20220820033000","198","0","臺南市","仁德區","120.250","22.955","167"
"71","136113","20220820033000","458","0","臺南市","仁德區","120.265","22.960","75"
"990","136115","20220820033000","833","1","臺南市","北區","120.220","23.010","1062"
"323","136118","20220820033000","1124","0","臺南市","中西區","120.210","22.995","246"
"494","136119","20220820033000","1144","0","臺南市","中西區","120.210","22.990","368"
"1283","136120","20220820033000","1516","0","臺南市","北區","120.205","23.000","968"
"1446","136122","20220820033000","1045","2","臺南市","東區","120.225","22.965","1160"
"1254","136123","20220820033000","925","2","臺南市","東區","120.220","22.970","1011"
"89","136124","20220820033000","905","0","臺南市","東區","120.225","22.970","86"
"1155","136125","20220820033000","1539","0","臺南市","東區","120.225","22.990","1145"
"621","136126","20220820033000","706","0","臺南市","東區","120.235","22.990","419"
"819","136128","20220820033000","597","2","臺南市","東區","120.245","22.990","800"
"366","136131","20220820033000","391","0","臺南市","歸仁區","120.275","22.960","263"
"518","136132","20220820033000","428","2","臺南市","歸仁區","120.280","22.960","532"
"21","136145","20220820033000","379","0","臺南市","南區","120.205","22.980","21"
"876","136146","20220820033000","1278","0","臺南市","南區","120.210","22.980","632"
"788","136147","20220820033000","659","1","臺南市","安平區","120.165","22.990","794"
"32","136148","20220820033000","53","0","臺南市","永康區","120.245","22.995","29"
"1152","136149","20220820033000","797","2","臺南市","永康區","120.245","23.005","1032"
"1378","136151","20220820033000","1352","1","臺南市","永康區","120.245","23.010","1330"
"114","136152","20220820033000","1247","0","臺南市","永康區","120.250","23.010","147"
"36","136155","20220820033000","26","2","臺南市","關廟區","120.320","22.970","34"
"50","136163","20220820033000","44","1","臺南市","關廟區","120.310","22.980","50"
"1816","136181","20220820033000","1344","2","臺南市","北區","120.200","23.000","1415"
"54","136182","20220820033000","75","0","臺南市","南區","120.195","22.985","64"
"383","136184","20220820033000","264","2","臺南市","仁德區","120.225","22.960","355"
"355","136185","20220820033000","333","1","臺南市","東區","120.230","22.960","291"
"41","136186","20220820033000","45","0","臺南市","歸仁區","120.275","22.995","40"
"485","136188","20220820033000","426","1","臺南市","歸仁區","120.275","23.000","361"
"340","136195","20220820033000","265","2","臺南市","歸仁區","120.290","22.995","256"
"62","136196","20220820033000","329","0","臺南市","歸仁區","120.295","22.995","60"
"2081","136199","20220820033000","1373","3","臺南市","北區","120.210","23.005","1252"
"1179","136200","20220820033000","704","3","臺南市","東區","120.215","22.995","849"
"672","136229","20220820033000","626","1","臺南市","安南區","120.195","23.030","703"
"1153","136230","20220820033000","1187","0","臺南市","安南區","120.195","23.035","965"
"682","136231","20220820033000","555","2","臺南市","南區","120.190","22.965","672"
"18","136248","20220820033000","19","0","臺南市","左鎮區","120.405","22.995","24"
"81","136271","20220820033000","67","2","臺南市","左鎮區","120.420","23.010","78"
"21","136316","20220820033000","86","0","臺南市","左鎮區","120.395","23.010","30"
"37","136343","20220820033000","33","1","臺南市","左鎮區","120.385","23.035","29"
"3765","136422","20220820033000","3775","0","臺南市","東區","120.235","22.985","3471"
"994","136423","20220820033000","642","3","臺南市","東區","120.215","22.990","703"
"475","136430","20220820033000","484","0","臺南市","歸仁區","120.285","22.980","377"
"183","136438","20220820033000","163","1","臺南市","歸仁區","120.280","22.990","209"
"458","136444","20220820033000","410","1","臺南市","歸仁區","120.295","22.975","363"
"644","136452","20220820033000","536","2","臺南市","歸仁區","120.285","22.960","672"
"725","136453","20220820033000","409","3","臺南市","歸仁區","120.280","22.965","710"
"34","136454","20220820033000","51","0","臺南市","歸仁區","120.285","22.965","38"
"782","136455","20220820033000","601","2","臺南市","歸仁區","120.285","22.970","613"
"36","136457","20220820033000","515","0","臺南市","仁德區","120.270","22.970","37"
"955","136458","20220820033000","889","1","臺南市","歸仁區","120.275","22.970","698"
"490","136459","20220820033000","405","2","臺南市","歸仁區","120.280","22.970","380"
"481","136460","20220820033000","359","2","臺南市","南區","120.200","22.975","494"
"804","136461","20220820033000","501","3","臺南市","南區","120.195","22.960","799"
"2258","136462","20220820033000","1871","2","臺南市","南區","120.190","22.980","1975"
"347","136475","20220820033000","306","1","臺南市","安南區","120.130","23.015","261"
"88","136483","20220820033000","49","3","臺南市","安南區","120.135","23.020","89"
"792","136490","20220820033000","573","2","臺南市","安南區","120.185","23.025","556"
"641","136495","20220820033000","538","1","臺南市","東區","120.235","22.980","695"
"321","136496","20220820033000","293","1","臺南市","永康區","120.255","23.010","359"
"1296","136497","20220820033000","1305","0","臺南市","永康區","120.255","23.015","1269"
"669","136498","20220820033000","792","0","臺南市","永康區","120.260","23.015","652"
"23","136501","20220820033000","319","0","臺南市","永康區","120.280","23.010","35"
"121","136503","20220820033000","703","0","臺南市","永康區","120.270","23.015","120"
"1228","136507","20220820033000","902","2","臺南市","永康區","120.275","23.020","1270"
"79","136508","20220820033000","705","0","臺南市","永康區","120.280","23.020","73"
"106","136509","20220820033000","1608","0","臺南市","安平區","120.175","22.995","94"
"387","136512","20220820033000","249","3","臺南市","安南區","120.160","23.005","317"
"982","136513","20220820033000","667","2","臺南市","安平區","120.190","22.990","891"
"388","136515","20220820033000","508","0","臺南市","永康區","120.220","23.030","336"
"676","136516","20220820033000","613","1","臺南市","東區","120.245","22.980","504"
"795","136517","20220820033000","890","0","臺南市","仁德區","120.250","22.980","643"
"2757","136518","20220820033000","1967","2","臺南市","東區","120.215","22.980","2793"
"2267","136520","20220820033000","2379","0","臺南市","東區","120.245","22.985","1988"
"1288","136521","20220820033000","839","3","臺南市","仁德區","120.250","22.985","1067"
"724","136523","20220820033000","713","1","臺南市","安平區","120.160","22.990","592"
"695","136525","20220820033000","595","1","臺南市","安平區","120.160","22.995","499"
"1028","136532","20220820033000","872","1","臺南市","安平區","120.165","22.985","732"
"992","136533","20220820033000","534","3","臺南市","安平區","120.170","22.985","1001"
"703","136534","20220820033000","822","0","臺南市","安平區","120.175","22.985","723"
"1571","136535","20220820033000","1057","2","臺南市","安平區","120.170","22.990","1565"
"968","136536","20220820033000","928","1","臺南市","安平區","120.175","22.990","1009"
"272","136539","20220820033000","235","1","臺南市","安平區","120.150","22.995","199"
"353","136541","20220820033000","250","2","臺南市","安平區","120.145","23.000","257"
"322","136542","20220820033000","175","3","臺南市","安平區","120.150","23.000","239"
"444","136543","20220820033000","293","3","臺南市","安平區","120.155","23.000","293"
"313","136544","20220820033000","217","2","臺南市","安平區","120.160","23.000","203"
"953","136545","20220820033000","1548","0","臺南市","東區","120.240","22.980","766"
"571","136546","20220820033000","484","1","臺南市","東區","120.225","22.995","579"
"1684","136547","20220820033000","1577","1","臺南市","東區","120.235","22.965","1346"
"908","136548","20220820033000","760","1","臺南市","東區","120.220","22.975","722"
"647","136549","20220820033000","610","1","臺南市","歸仁區","120.300","22.960","498"
"57","136550","20220820033000","77","0","臺南市","歸仁區","120.305","22.960","68"
"517","136553","20220820033000","504","1","臺南市","歸仁區","120.285","23.005","525"
"161","136560","20220820033000","1643","0","臺南市","南區","120.195","22.975","148"
"286","136561","20220820033000","1990","0","臺南市","永康區","120.240","23.015","316"
"1009","136562","20220820033000","840","2","臺南市","永康區","120.245","23.015","1026"
"831","136563","20220820033000","1007","0","臺南市","永康區","120.250","23.015","806"
"1835","136564","20220820033000","1077","3","臺南市","永康區","120.230","23.005","1845"
"1927","136565","20220820033000","2434","0","臺南市","永康區","120.235","23.000","1507"
"982","136566","20220820033000","1675","0","臺南市","北區","120.230","23.000","984"
"1023","136567","20220820033000","1233","0","臺南市","永康區","120.270","23.005","794"
"1426","136568","20220820033000","1249","1","臺南市","永康區","120.265","23.010","1409"
"187","136570","20220820033000","1263","0","臺南市","永康區","120.265","23.020","182"
"33","136572","20220820033000","530","0","臺南市","永康區","120.260","22.995","48"
"706","136573","20220820033000","748","0","臺南市","永康區","120.265","23.000","748"
"563","136574","20220820033000","519","1","臺南市","安南區","120.200","23.025","578"
"1159","136575","20220820033000","807","2","臺南市","安南區","120.205","23.025","1215"
"1236","136576","20220820033000","865","2","臺南市","安南區","120.210","23.025","1150"
"2734","136577","20220820033000","2250","2","臺南市","北區","120.225","23.010","2408"
"1440","136578","20220820033000","1349","1","臺南市","北區","120.215","23.010","1465"
"1234","136579","20220820033000","900","2","臺南市","北區","120.215","23.015","1235"
"130","136580","20220820033000","369","0","臺南市","南化區","120.495","23.030","136"
"51","136584","20220820033000","29","3","臺南市","南化區","120.500","23.035","53"
"27","136586","20220820033000","43","0","臺南市","南化區","120.465","23.040","37"
"24","136602","20220820033000","19","2","臺南市","南化區","120.465","23.010","26"
"1365","136671","20220820033000","1100","2","臺南市","中西區","120.170","23.000","1018"
"2052","136672","20220820033000","2005","1","臺南市","中西區","120.175","23.000","1906"
"464","136674","20220820033000","670","0","臺南市","中西區","120.185","23.000","351"
"1883","136675","20220820033000","1823","1","臺南市","安平區","120.165","22.995","1387"
"618","136676","20220820033000","541","1","臺南市","安平區","120.170","22.995","627"
"1564","136677","20220820033000","1359","1","臺南市","安平區","120.185","22.990","1570"
"301","136678","20220820033000","295","1","臺南市","安平區","120.180","22.995","293"
"1081","136679","20220820033000","1201","0","臺南市","安平區","120.185","22.995","843"
"1128","136680","20220820033000","856","2","臺南市","安平區","120.180","22.985","1095"
"2004","136681","20220820033000","1420","2","臺南市","安平區","120.180","22.990","2032"
"25","136684","20220820033000","510","0","臺南市","安南區","120.190","23.040","20"
"165","136690","20220820033000","150","1","臺南市","南區","120.215","22.955","139"
"532","136695","20220820033000","406","2","臺南市","南區","120.210","22.965","502"
"898","136696","20220820033000","809","1","臺南市","南區","120.215","22.965","875"
"2352","136697","20220820033000","1810","2","臺南市","南區","120.185","22.965","2238"
"567","136701","20220820033000","417","2","臺南市","南區","120.170","22.955","420"
"181","136709","20220820033000","87","3","臺南市","南區","120.165","22.965","88"
"412","136712","20220820033000","385","1","臺南市","仁德區","120.220","22.955","437"
"460","136717","20220820033000","359","2","臺南市","仁德區","120.255","22.965","437"
"229","136718","20220820033000","297","0","臺南市","仁德區","120.260","22.965","246"
"47","136720","20220820033000","239","0","臺南市","仁德區","120.270","22.965","48"
"221","136721","20220820033000","1390","0","臺南市","仁德區","120.255","22.970","231"
"672","136722","20220820033000","432","3","臺南市","仁德區","120.260","22.970","684"
"1974","136727","20220820033000","1534","2","臺南市","北區","120.220","23.005","1426"
"1933","136728","20220820033000","1596","2","臺南市","北區","120.200","23.005","1484"
"554","136732","20220820033000","384","2","臺南市","仁德區","120.260","22.985","522"
"1171","136738","20220820033000","805","2","臺南市","仁德區","120.260","22.990","1184"
"30","136741","20220820033000","55","0","臺南市","仁德區","120.265","22.995","28"
"569","136752","20220820033000","242","3","臺南市","安南區","120.185","23.035","562"
"771","136755","20220820033000","637","2","臺南市","安南區","120.185","23.040","754"
"3081","136756","20220820033000","2402","2","臺南市","中西區","120.205","22.995","2710"
"407","136758","20220820033000","439","0","臺南市","永康區","120.250","23.000","276"
"522","136763","20220820033000","483","1","臺南市","安南區","120.200","23.040","398"
"1137","136764","20220820033000","2856","0","臺南市","安南區","120.190","23.025","1029"
"121","136765","20220820033000","138","0","臺南市","安南區","120.140","23.000","85"
"2227","136786","20220820033000","2026","1","臺南市","北區","120.210","23.000","1132"
"1278","136787","20220820033000","673","3","臺南市","中西區","120.195","22.995","951"
"874","136788","20220820033000","806","1","臺南市","中西區","120.205","22.985","899"
"848","136789","20220820033000","1017","0","臺南市","東區","120.225","22.980","639"
"4438","136790","20220820033000","3150","2","臺南市","東區","120.220","22.985","4022"
"526","136791","20220820033000","486","1","臺南市","永康區","120.225","23.015","530"
"1168","136792","20220820033000","1242","0","臺南市","永康區","120.240","23.005","880"
"143","136793","20220820033000","901","0","臺南市","永康區","120.240","23.000","153"
"1150","136794","20220820033000","1923","0","臺南市","永康區","120.235","23.010","824"
"747","136795","20220820033000","537","2","臺南市","永康區","120.245","23.000","557"
"1527","136799","20220820033000","1894","0","臺南市","新化區","120.300","23.035","1199"
"984","136800","20220820033000","1381","0","臺南市","東區","120.215","22.975","812"
"1101","136801","20220820033000","825","2","臺南市","東區","120.230","22.985","842"
"2378","136802","20220820033000","1841","2","臺南市","東區","120.230","22.975","2222"
"86","136803","20220820033000","286","0","臺南市","東區","120.225","22.975","129"
"584","136804","20220820033000","389","3","臺南市","東區","120.230","22.970","420"
"1253","136805","20220820033000","1153","1","臺南市","東區","120.230","22.965","945"
"545","136806","20220820033000","456","1","臺南市","南區","120.185","22.975","554"
"834","136808","20220820033000","960","0","臺南市","南區","120.210","22.970","648"
"700","136809","20220820033000","593","1","臺南市","東區","120.215","22.970","510"
"22","136812","20220820033000","177","0","臺南市","仁德區","120.245","22.955","28"
"261","136813","20220820033000","183","2","臺南市","仁德區","120.240","22.960","190"
"192","136814","20220820033000","119","3","臺南市","仁德區","120.245","22.960","203"
"338","136816","20220820033000","733","0","臺南市","仁德區","120.255","22.960","349"
"510","136817","20220820033000","445","1","臺南市","仁德區","120.240","22.965","395"
"40","136820","20220820033000","58","0","臺南市","仁德區","120.240","22.970","46"
"820","136821","20220820033000","528","3","臺南市","仁德區","120.245","22.970","836"
"513","136822","20220820033000","649","0","臺南市","仁德區","120.250","22.970","416"
"1160","136823","20220820033000","664","3","臺南市","仁德區","120.240","22.975","1050"
"1084","136824","20220820033000","992","1","臺南市","仁德區","120.245","22.975","765"
"562","136825","20220820033000","413","2","臺南市","仁德區","120.250","22.975","406"
"1647","136826","20220820033000","1398","1","臺南市","北區","120.215","23.005","1201"
"27","136851","20220820033000","258","0","高雄市","內門區","120.445","22.975","30"
"82","136939","20220820033000","35","3","高雄市","內門區","120.435","22.955","78"
"91","136953","20220820033000","89","1","高雄市","內門區","120.465","23.000","98"
"181","136958","20220820033000","232","0","高雄市","內門區","120.470","22.960","150"
"77","136970","20220820033000","59","2","高雄市","內門區","120.465","22.975","57"
"41","136996","20220820033000","35","1","高雄市","內門區","120.495","22.955","38"
"84","137008","20220820033000","128","0","高雄市","內門區","120.490","22.970","79"
"19","137020","20220820033000","21","0","高雄市","內門區","120.510","22.980","25"
"267","137023","20220820033000","297","0","高雄市","內門區","120.500","22.985","215"
"31","137048","20220820033000","101","0","高雄市","六龜區","120.660","23.005","25"
"59","137056","20220820033000","121","0","高雄市","六龜區","120.665","23.010","51"
"37","137071","20220820033000","35","1","臺南市","龍崎區","120.350","22.955","28"
"28","137124","20220820033000","19","2","臺南市","龍崎區","120.385","23.005","24"
"69","137130","20220820033000","53","2","臺南市","關廟區","120.370","22.960","65"
"349","137196","20220820033000","1001","0","臺南市","安南區","120.190","23.020","350"
"34","137197","20220820033000","41","0","臺南市","南區","120.195","22.965","36"
"83","137201","20220820033000","289","0","臺南市","歸仁區","120.295","22.960","98"
"661","137202","20220820033000","635","1","臺南市","永康區","120.255","23.005","678"
"228","137251","20220820033000","257","0","高雄市","內門區","120.485","23.015","187"
"33","137259","20220820033000","30","1","高雄市","內門區","120.480","22.965","39"
"113","137275","20220820033000","127","0","高雄市","內門區","120.510","23.015","104"
"194","137311","20220820033000","120","3","高雄市","六龜區","120.650","22.975","154"
"343","137325","20220820033000","782","0","高雄市","六龜區","120.660","22.985","298"
"234","137409","20220820033000","119","3","高雄市","六龜區","120.640","22.990","263"
"231","137466","20220820033000","234","0","高雄市","六龜區","120.660","23.035","146"
"1012","137491","20220820033000","775","2","高雄市","六龜區","120.635","22.995","862"
"210","137494","20220820033000","179","1","臺南市","安平區","120.165","23.000","166"
"189","137502","20220820033000","181","1","臺南市","安平區","120.150","22.990","145"
"820","137506","20220820033000","541","3","臺南市","永康區","120.260","23.020","777"
"510","137507","20220820033000","477","1","臺南市","永康區","120.250","23.030","403"
"159","137585","20220820033000","113","2","臺東縣","鹿野鄉","121.140","22.975","181"
"194","137592","20220820033000","118","3","臺東縣","鹿野鄉","121.140","22.985","140"
"78","137600","20220820033000","82","0","臺東縣","鹿野鄉","121.155","22.950","84"
"383","137609","20220820033000","360","1","臺東縣","鹿野鄉","121.155","22.955","321"
"380","137617","20220820033000","415","0","高雄市","旗山區","120.510","22.955","296"
"69","137618","20220820033000","112","0","高雄市","旗山區","120.515","22.955","66"
"186","137627","20220820033000","286","0","高雄市","旗山區","120.515","22.970","208"
"1048","137638","20220820033000","2152","0","臺南市","歸仁區","120.290","22.965","902"
"25","137642","20220820033000","141","0","臺南市","永康區","120.275","23.035","22"
"37","137643","20220820033000","216","0","臺南市","永康區","120.280","23.035","41"
"16","137645","20220820033000","26","0","臺南市","永康區","120.275","23.040","18"
"597","137648","20220820033000","420","2","臺南市","新化區","120.305","23.030","588"
"898","137649","20220820033000","774","1","臺南市","永康區","120.240","23.010","852"
"599","137650","20220820033000","538","1","臺南市","永康區","120.215","23.020","624"
"636","137651","20220820033000","365","3","臺南市","北區","120.220","23.015","558"
"14","138036","20220820033000","76","0","臺東縣","成功鎮","121.315","22.990","12"
"135","138047","20220820033000","52","3","臺東縣","成功鎮","121.320","23.005","109"
"57","138061","20220820033000","39","2","臺東縣","成功鎮","121.325","23.020","45"
"292","138079","20220820033000","217","2","臺東縣","成功鎮","121.335","23.030","202"
"612","138095","20220820033000","181","3","臺東縣","關山鎮","121.170","23.040","458"
"99","138110","20220820033000","55","3","臺東縣","關山鎮","121.145","23.005","109"
"174","138197","20220820033000","138","2","臺東縣","關山鎮","121.175","23.015","111"
"90","138230","20220820033000","74","2","臺東縣","關山鎮","121.185","23.025","68"
"45","138241","20220820033000","26","3","臺東縣","鹿野鄉","121.130","22.955","68"
"210","138251","20220820033000","200","1","臺東縣","鹿野鄉","121.120","22.970","195"
"140","138278","20220820033000","139","1","臺東縣","鹿野鄉","121.150","22.980","153"
"144","138324","20220820033000","857","0","臺南市","新化區","120.300","23.020","126"
"199","138325","20220820033000","155","2","臺南市","新化區","120.305","23.020","203"
"342","138337","20220820033000","312","1","臺南市","安南區","120.125","23.035","264"
"221","138363","20220820033000","167","2","臺南市","安南區","120.140","23.030","235"
"431","138367","20220820033000","200","3","臺南市","安南區","120.160","23.030","275"
"191","138369","20220820033000","202","0","臺南市","安南區","120.135","23.035","158"
"128","138375","20220820033000","84","3","臺南市","安南區","120.140","23.040","88"
"429","138376","20220820033000","524","0","臺南市","安南區","120.145","23.040","353"
"277","138377","20220820033000","222","2","臺南市","安南區","120.150","23.040","175"
"210","138378","20220820033000","145","2","臺南市","安南區","120.155","23.040","151"
"29","138379","20220820033000","20","2","臺南市","安南區","120.160","23.040","35"
"30","138760","20220820033000","18","3","高雄市","桃源區","120.715","23.035","24"
"2547","138833","20220820033000","1966","2","臺南市","永康區","120.260","23.025","2555"
"19","138836","20220820033000","355","0","臺南市","永康區","120.265","23.030","18"
"867","138838","20220820033000","727","1","臺南市","永康區","120.265","23.035","916"
"159","138839","20220820033000","456","0","臺南市","永康區","120.265","23.040","186"
"10","138842","20220820033000","14","0","臺南市","永康區","120.280","23.040","11"
"39","138843","20220820033000","691","0","臺南市","新化區","120.300","23.040","48"
"25","138851","20220820033000","11","3","臺南市","新化區","120.375","23.010","24"
"172","138868","20220820033000","1167","0","臺南市","新化區","120.305","23.040","172"
"67","138909","20220820033000","148","0","臺南市","新化區","120.325","23.025","84"
"50","138910","20220820033000","26","3","臺南市","新化區","120.330","23.025","66"
"212","138917","20220820033000","1706","0","臺南市","新化區","120.310","23.035","221"
"1784","138922","20220820033000","1128","3","臺南市","東區","120.220","22.980","1318"
"2183","138923","20220820033000","1350","3","臺南市","東區","120.235","22.970","1801"
"745","138926","20220820033000","703","1","臺南市","永康區","120.230","23.035","546"
"1385","138928","20220820033000","1196","1","臺南市","永康區","120.235","23.040","1344"
"988","138932","20220820033000","839","1","臺南市","永康區","120.240","23.035","784"
"49","138933","20220820033000","186","0","臺南市","永康區","120.245","23.035","49"
"678","138935","20220820033000","586","1","臺南市","永康區","120.240","23.040","546"
"3094","138936","20220820033000","1829","3","臺南市","永康區","120.245","23.040","2761"
"106","138937","20220820033000","132","0","臺南市","永康區","120.250","23.040","70"
"22","138942","20220820033000","244","0","臺東縣","東河鄉","121.285","23.000","16"
"80","138962","20220820033000","81","0","臺東縣","東河鄉","121.280","23.020","76"
"14","138979","20220820033000","73","0","臺東縣","東河鄉","121.285","23.030","10"
"54","139060","20220820033000","292","0","臺東縣","東河鄉","121.300","22.970","66"
"18","139073","20220820033000","11","3","臺東縣","東河鄉","121.300","22.985","17"
"42","139131","20220820033000","30","2","臺東縣","東河鄉","121.260","22.980","34"
"33","139146","20220820033000","33","1","臺東縣","東河鄉","121.265","22.985","26"
"163","139164","20220820033000","110","2","臺東縣","東河鄉","121.280","22.990","169"
"66","139299","20220820033000","81","0","臺南市","新化區","120.330","23.015","81"
"38","139305","20220820033000","552","0","臺南市","新化區","120.310","23.020","45"
"14","139307","20220820033000","125","0","臺南市","新化區","120.330","23.020","12"
"28","139318","20220820033000","58","0","臺南市","新化區","120.355","23.020","29"
"41","139335","20220820033000","87","0","臺南市","新化區","120.335","23.035","34"
"1136","139358","20220820033000","964","1","臺南市","東區","120.220","22.995","1088"
"46","139360","20220820033000","142","0","臺南市","東區","120.215","23.000","46"
"1151","139362","20220820033000","694","3","臺南市","東區","120.235","22.960","917"
"308","139635","20220820033000","310","0","高雄市","杉林區","120.540","22.970","260"
"150","139644","20220820033000","146","1","高雄市","杉林區","120.550","22.975","156"
"122","139672","20220820033000","110","1","高雄市","杉林區","120.565","22.985","120"
"580","139718","20220820033000","516","1","高雄市","杉林區","120.540","22.965","444"
"55","139735","20220820033000","55","1","高雄市","杉林區","120.550","23.020","45"
"13","139762","20220820033000","17","0","高雄市","杉林區","120.535","23.035","11"
"53","139796","20220820033000","94","0","高雄市","杉林區","120.550","23.000","59"
"132","139852","20220820033000","188","0","高雄市","杉林區","120.585","22.995","142"
"151","139897","20220820033000","186","0","高雄市","杉林區","120.565","23.015","123"
"69","139960","20220820033000","68","1","高雄市","杉林區","120.550","23.040","75"
"153","144971","20220820033000","120","2","臺南市","新市區","120.330","23.105","112"
"165","144982","20220820033000","924","0","臺南市","善化區","120.295","23.125","152"
"342","144986","20220820033000","271","2","臺南市","善化區","120.310","23.110","364"
"3210","144989","20220820033000","2642","2","臺南市","善化區","120.305","23.115","2823"
"439","144992","20220820033000","415","1","臺南市","善化區","120.320","23.115","365"
"488","144998","20220820033000","345","2","臺南市","善化區","120.310","23.125","486"
"2339","144999","20220820033000","1466","3","臺南市","善化區","120.315","23.125","1969"
"3563","145002","20220820033000","1628","3","臺南市","新市區","120.300","23.105","3569"
"3199","145007","20220820033000","1776","3","臺南市","善化區","120.295","23.115","2837"
"447","145022","20220820033000","339","2","臺南市","安定區","120.235","23.110","384"
"149","145025","20220820033000","314","0","臺南市","安定區","120.235","23.115","155"
"353","145026","20220820033000","370","0","臺南市","安定區","120.240","23.115","295"
"208","145031","20220820033000","133","3","臺南市","安定區","120.255","23.115","202"
"50","145032","20220820033000","224","0","臺南市","安定區","120.235","23.120","68"
"826","145050","20220820033000","765","1","臺南市","七股區","120.160","23.115","677"
"64","145054","20220820033000","58","1","臺南市","安南區","120.135","23.045","65"
"84","145055","20220820033000","108","0","臺南市","安南區","120.155","23.045","82"
"259","145067","20220820033000","1903","0","臺南市","安南區","120.195","23.045","282"
"28","145103","20220820033000","23","2","臺東縣","池上鄉","121.220","23.100","30"
"55","145114","20220820033000","44","2","臺東縣","池上鄉","121.225","23.105","60"
"67","145631","20220820033000","62","1","臺東縣","海端鄉","121.145","23.045","70"
"349","145817","20220820033000","357","0","臺東縣","海端鄉","121.175","23.095","251"
"637","146199","20220820033000","562","1","臺南市","西港區","120.205","23.115","473"
"1315","146201","20220820033000","1115","1","臺南市","西港區","120.200","23.120","1050"
"145","146215","20220820033000","605","0","臺南市","西港區","120.180","23.115","144"
"23","146227","20220820033000","616","0","臺南市","安南區","120.215","23.045","17"
"1173","146231","20220820033000","692","3","臺南市","安南區","120.215","23.050","1145"
"1527","146234","20220820033000","1316","1","臺南市","安南區","120.220","23.045","1180"
"209","146235","20220820033000","325","0","臺南市","安南區","120.225","23.045","187"
"144","146238","20220820033000","478","0","臺南市","安南區","120.235","23.050","112"
"68","146239","20220820033000","71","0","臺南市","永康區","120.240","23.050","65"
"95","146241","20220820033000","95","1","臺南市","安南區","120.235","23.055","116"
"1089","146244","20220820033000","911","1","臺南市","安南區","120.230","23.060","1097"
"112","146245","20220820033000","51","3","臺南市","安南區","120.235","23.060","80"
"532","146251","20220820033000","498","1","臺南市","西港區","120.210","23.115","385"
"77","146265","20220820033000","79","0","臺南市","大內區","120.390","23.110","49"
"305","146341","20220820033000","252","2","臺南市","安南區","120.110","23.080","147"
"465","146347","20220820033000","840","0","臺南市","安南區","120.205","23.045","404"
"528","146348","20220820033000","456","1","臺南市","安南區","120.210","23.045","449"
"108","146361","20220820033000","92","1","臺南市","大內區","120.395","23.120","75"
"78","146366","20220820033000","61","2","臺南市","大內區","120.420","23.120","85"
"667","146385","20220820033000","356","3","臺南市","安南區","120.220","23.055","558"
"1068","146387","20220820033000","1027","1","臺南市","安南區","120.215","23.060","828"
"398","146388","20220820033000","338","1","臺南市","安南區","120.220","23.060","312"
"1373","146390","20220820033000","1466","0","臺南市","安南區","120.225","23.065","1048"
"80","146400","20220820033000","58","2","臺南市","七股區","120.160","23.100","56"
"21","146423","20220820033000","26","0","臺南市","七股區","120.100","23.120","17"
"2310","146430","20220820033000","1898","2","臺南市","新市區","120.290","23.070","1911"
"1670","146432","20220820033000","1045","3","臺南市","新市區","120.290","23.080","1738"
"2845","146433","20220820033000","2428","1","臺南市","新市區","120.295","23.080","2567"
"46","146437","20220820033000","538","0","臺南市","新市區","120.290","23.055","35"
"610","146444","20220820033000","491","2","臺南市","新市區","120.300","23.060","634"
"424","146450","20220820033000","242","3","臺南市","新市區","120.295","23.065","468"
"139","146459","20220820033000","127","1","臺南市","新市區","120.305","23.070","110"
"1529","146460","20220820033000","871","3","臺南市","新市區","120.295","23.075","1354"
"407","146461","20220820033000","301","2","臺南市","新市區","120.300","23.075","413"
"452","146468","20220820033000","420","1","臺南市","新市區","120.300","23.085","456"
"259","146478","20220820033000","226","1","臺南市","新市區","120.325","23.070","262"
"39","146482","20220820033000","36","1","臺南市","新市區","120.320","23.075","40"
"436","146495","20220820033000","361","2","臺南市","新市區","120.280","23.060","355"
"211","146505","20220820033000","131","3","臺南市","新市區","120.280","23.075","208"
"2838","146506","20220820033000","2411","1","臺南市","新市區","120.285","23.075","2288"
"101","146509","20220820033000","57","3","臺南市","新市區","120.285","23.080","62"
"634","146513","20220820033000","383","3","臺南市","新市區","120.280","23.090","527"
"127","146522","20220820033000","214","0","臺南市","新市區","120.255","23.090","117"
"11","146523","20220820033000","15","0","臺南市","新市區","120.260","23.090","11"
"247","146525","20220820033000","207","1","臺南市","新市區","120.270","23.090","240"
"619","146526","20220820033000","450","2","臺南市","新市區","120.275","23.090","554"
"202","146529","20220820033000","155","2","臺南市","新市區","120.255","23.095","167"
"24","146532","20220820033000","41","0","臺南市","新市區","120.270","23.095","27"
"800","146533","20220820033000","830","0","臺南市","新市區","120.275","23.095","848"
"485","146535","20220820033000","265","3","臺南市","新市區","120.250","23.100","426"
"34","146536","20220820033000","76","0","臺南市","新市區","120.260","23.100","38"
"219","146537","20220820033000","167","2","臺南市","新市區","120.260","23.095","225"
"408","146541","20220820033000","445","0","臺南市","新市區","120.280","23.095","388"
"17","146542","20220820033000","112","0","臺南市","新市區","120.285","23.100","14"
"576","146545","20220820033000","413","2","臺南市","新市區","120.255","23.100","535"
"18","146546","20220820033000","19","0","臺南市","善化區","120.260","23.105","19"
"18","146547","20220820033000","12","3","臺南市","新市區","120.265","23.100","17"
"258","146549","20220820033000","166","3","臺南市","新市區","120.275","23.100","242"
"191","146550","20220820033000","196","0","臺南市","新市區","120.280","23.100","165"
"490","146552","20220820033000","400","2","臺南市","新市區","120.265","23.105","487"
"847","146554","20220820033000","709","1","臺南市","新市區","120.275","23.105","723"
"249","146562","20220820033000","302","0","臺南市","七股區","120.145","23.105","188"
"670","146587","20220820033000","433","3","臺南市","安定區","120.225","23.080","545"
"439","146590","20220820033000","351","2","臺南市","安定區","120.230","23.100","449"
"783","146602","20220820033000","587","2","臺南市","西港區","120.210","23.125","588"
"325","146614","20220820033000","182","3","臺南市","安南區","120.155","23.055","236"
"94","146615","20220820033000","85","1","臺南市","安南區","120.165","23.060","94"
"562","146616","20220820033000","535","1","臺南市","安南區","120.175","23.060","422"
"1173","146621","20220820033000","1016","1","臺南市","安南區","120.175","23.070","964"
"10","146652","20220820033000","133","0","臺南市","七股區","120.150","23.120","10"
"462","146661","20220820033000","387","1","臺南市","安南區","120.130","23.070","218"
"21","146695","20220820033000","265","0","臺南市","安南區","120.095","23.060","17"
"80","146704","20220820033000","61","2","臺南市","山上區","120.355","23.085","64"
"60","146707","20220820033000","67","0","臺南市","山上區","120.345","23.090","59"
"133","146712","20220820033000","207","0","臺南市","山上區","120.355","23.095","154"
"182","146713","20220820033000","132","2","臺南市","山上區","120.360","23.095","148"
"107","146727","20220820033000","156","0","臺南市","山上區","120.340","23.110","87"
"56","146773","20220820033000","49","1","臺南市","山上區","120.405","23.105","36"
"46","146783","20220820033000","34","2","臺南市","山上區","120.365","23.075","51"
"15","146806","20220820033000","13","1","臺南市","左鎮區","120.380","23.050","17"
"137","146822","20220820033000","119","1","臺南市","左鎮區","120.365","23.065","186"
"83","146848","20220820033000","103","0","臺南市","左鎮區","120.400","23.055","86"
"205","146850","20220820033000","185","1","臺南市","左鎮區","120.410","23.055","171"
"208","146853","20220820033000","150","2","臺南市","左鎮區","120.390","23.060","164"
"193","146890","20220820033000","238","0","臺南市","安南區","120.160","23.065","150"
"415","146891","20220820033000","338","2","臺南市","安南區","120.160","23.070","425"
"479","146892","20220820033000","493","0","臺南市","安南區","120.165","23.070","385"
"176","146896","20220820033000","159","1","臺南市","安南區","120.200","23.075","138"
"44","146931","20220820033000","986","0","臺南市","安南區","120.130","23.060","44"
"56","146932","20220820033000","521","0","臺南市","安南區","120.135","23.060","47"
"26","146947","20220820033000","218","0","臺南市","安南區","120.115","23.055","22"
"713","146954","20220820033000","691","1","臺南市","安南區","120.125","23.060","395"
"545","146957","20220820033000","489","1","臺南市","安南區","120.125","23.065","213"
"1040","146965","20220820033000","848","2","臺南市","山上區","120.355","23.105","865"
"120","146969","20220820033000","88","2","臺南市","山上區","120.370","23.080","117"
"93","146971","20220820033000","187","0","臺南市","山上區","120.380","23.080","62"
"22","146979","20220820033000","293","0","臺南市","安定區","120.235","23.100","23"
"1601","146988","20220820033000","1212","2","臺南市","永康區","120.255","23.045","1237"
"66","146992","20220820033000","50","2","臺南市","永康區","120.260","23.050","46"
"170","147017","20220820033000","120","2","臺南市","安南區","120.145","23.075","132"
"586","147019","20220820033000","471","2","臺南市","安南區","120.135","23.080","406"
"185","147031","20220820033000","179","1","臺南市","安定區","120.220","23.105","146"
"60","147043","20220820033000","66","0","臺南市","安定區","120.260","23.110","78"
"54","147044","20220820033000","74","0","臺南市","安定區","120.260","23.115","44"
"490","147045","20220820033000","426","1","臺南市","安定區","120.255","23.120","404"
"2521","147046","20220820033000","1862","2","臺南市","安定區","120.260","23.120","2434"
"17","147047","20220820033000","31","0","臺南市","安定區","120.265","23.120","16"
"38","147048","20220820033000","193","0","臺南市","安定區","120.250","23.125","43"
"379","147051","20220820033000","724","0","臺南市","安定區","120.240","23.095","391"
"222","147056","20220820033000","519","0","臺南市","安定區","120.235","23.085","225"
"273","147068","20220820033000","1214","0","臺南市","安定區","120.235","23.095","285"
"164","147073","20220820033000","155","1","臺南市","安南區","120.180","23.045","136"
"1804","147074","20220820033000","1752","1","臺南市","安南區","120.185","23.045","1416"
"781","147075","20220820033000","705","1","臺南市","安南區","120.180","23.050","596"
"611","147079","20220820033000","376","3","臺南市","安南區","120.190","23.055","624"
"58","147083","20220820033000","209","0","臺南市","南化區","120.450","23.050","68"
"332","147121","20220820033000","254","2","臺南市","南化區","120.485","23.080","270"
"227","147153","20220820033000","192","1","臺南市","南化區","120.475","23.065","176"
"312","147170","20220820033000","247","2","臺南市","南化區","120.475","23.045","235"
"58","147181","20220820033000","64","0","臺南市","南化區","120.515","23.045","56"
"81","147248","20220820033000","75","1","臺南市","南化區","120.515","23.075","62"
"15","147252","20220820033000","14","1","臺南市","南化區","120.535","23.075","18"
"79","147257","20220820033000","75","1","臺南市","南化區","120.510","23.080","76"
"37","147271","20220820033000","34","1","臺南市","南化區","120.525","23.085","37"
"416","147381","20220820033000","331","2","臺南市","安南區","120.165","23.050","422"
"100","147382","20220820033000","553","0","臺南市","安南區","120.170","23.050","119"
"52","147391","20220820033000","44","1","臺東縣","池上鄉","121.205","23.100","63"
"419","147393","20220820033000","187","3","臺東縣","池上鄉","121.200","23.105","274"
"12","147394","20220820033000","11","1","臺東縣","池上鄉","121.205","23.105","18"
"144","147398","20220820033000","97","2","臺東縣","池上鄉","121.200","23.110","125"
"73","147404","20220820033000","63","1","臺東縣","池上鄉","121.200","23.115","84"
"474","147422","20220820033000","476","0","臺東縣","池上鄉","121.220","23.115","362"
"75","147425","20220820033000","57","2","臺東縣","池上鄉","121.210","23.120","80"
"494","147426","20220820033000","440","1","臺東縣","池上鄉","121.215","23.120","369"
"194","147427","20220820033000","906","0","臺東縣","池上鄉","121.220","23.120","203"
"32","147429","20220820033000","516","0","臺南市","安南區","120.120","23.075","33"
"97","147438","20220820033000","932","0","臺南市","安南區","120.205","23.050","82"
"860","147448","20220820033000","839","1","臺南市","安南區","120.195","23.070","659"
"452","147449","20220820033000","365","2","臺南市","安定區","120.200","23.070","462"
"634","147457","20220820033000","368","3","臺南市","新市區","120.280","23.105","529"
"1334","147458","20220820033000","981","2","臺南市","善化區","120.265","23.110","1362"
"716","147459","20220820033000","933","0","臺南市","善化區","120.270","23.110","763"
"818","147460","20220820033000","519","3","臺南市","善化區","120.275","23.110","774"
"29","147461","20220820033000","15","3","臺南市","善化區","120.280","23.110","32"
"1147","147464","20220820033000","857","2","臺南市","善化區","120.270","23.115","1125"
"1190","147465","20220820033000","930","2","臺南市","善化區","120.275","23.115","1139"
"13","147466","20220820033000","12","1","臺南市","善化區","120.280","23.115","11"
"70","147467","20220820033000","63","1","臺南市","善化區","120.285","23.115","80"
"532","147468","20220820033000","231","3","臺南市","善化區","120.270","23.120","534"
"18","147469","20220820033000","49","0","臺南市","善化區","120.275","23.120","18"
"1837","147475","20220820033000","991","3","臺南市","安南區","120.190","23.045","1371"
"200","147479","20220820033000","147","2","臺南市","安定區","120.215","23.075","196"
"614","147503","20220820033000","523","1","臺南市","大內區","120.370","23.115","470"
"178","147511","20220820033000","199","0","臺南市","安定區","120.205","23.080","186"
"506","147522","20220820033000","491","1","臺南市","安定區","120.210","23.090","471"
"550","147528","20220820033000","443","2","臺南市","安定區","120.215","23.095","389"
"544","147531","20220820033000","502","1","臺南市","安定區","120.210","23.095","561"
"848","147539","20220820033000","476","3","臺南市","新市區","120.290","23.085","635"
"807","147540","20220820033000","492","3","臺南市","新市區","120.285","23.090","746"
"1175","147548","20220820033000","847","2","臺南市","新市區","120.290","23.100","1246"
"150","147550","20220820033000","141","1","臺南市","新市區","120.285","23.105","155"
"23","147563","20220820033000","15","3","臺南市","新市區","120.255","23.070","14"
"45","147564","20220820033000","101","0","臺南市","新市區","120.260","23.070","40"
"102","147567","20220820033000","77","2","臺南市","新市區","120.250","23.075","128"
"91","147570","20220820033000","49","3","臺南市","新市區","120.265","23.075","78"
"155","147571","20220820033000","98","3","臺南市","新市區","120.255","23.080","107"
"214","147576","20220820033000","174","2","臺南市","新市區","120.305","23.090","214"
"262","147580","20220820033000","373","0","臺南市","新市區","120.300","23.100","245"
"438","147587","20220820033000","358","2","臺南市","新市區","120.310","23.100","317"
"474","147594","20220820033000","489","0","臺南市","新市區","120.320","23.085","464"
"1538","147598","20220820033000","848","3","臺南市","新市區","120.315","23.090","1181"
"542","147603","20220820033000","316","3","臺南市","新市區","120.320","23.095","449"
"36","147613","20220820033000","145","0","臺南市","安南區","120.165","23.045","32"
"410","147619","20220820033000","357","1","臺南市","安南區","120.170","23.045","430"
"170","147620","20220820033000","154","1","臺南市","安南區","120.175","23.045","137"
"898","147621","20220820033000","1097","0","臺南市","安南區","120.175","23.050","722"
"92","147622","20220820033000","391","0","臺南市","安南區","120.175","23.055","90"
"188","147627","20220820033000","124","3","臺南市","七股區","120.120","23.095","146"
"101","147686","20220820033000","109","0","臺南市","七股區","120.075","23.125","93"
"75","147743","20220820033000","34","3","臺南市","七股區","120.050","23.080","58"
"132","147812","20220820033000","144","0","臺南市","七股區","120.090","23.095","94"
"590","147816","20220820033000","467","2","臺南市","七股區","120.110","23.095","444"
"72","147889","20220820033000","63","1","臺東縣","池上鄉","121.220","23.080","74"
"166","147906","20220820033000","133","2","臺東縣","池上鄉","121.230","23.120","200"
"174","147984","20220820033000","154","1","高雄市","甲仙區","120.585","23.080","165"
"221","147985","20220820033000","107","3","高雄市","甲仙區","120.590","23.080","214"
"57","147999","20220820033000","45","2","高雄市","甲仙區","120.610","23.110","58"
"18","148032","20220820033000","12","3","高雄市","甲仙區","120.630","23.115","17"
"167","148097","20220820033000","178","0","高雄市","六龜區","120.670","23.065","119"
"155","148126","20220820033000","106","2","高雄市","六龜區","120.675","23.080","169"
"492","148173","20220820033000","349","2","臺南市","安南區","120.205","23.060","386"
"436","148177","20220820033000","365","1","臺南市","安南區","120.220","23.070","461"
"426","148178","20220820033000","376","1","臺南市","安南區","120.225","23.070","422"
"266","148201","20220820033000","145","3","高雄市","六龜區","120.690","23.095","141"
"139","148224","20220820033000","164","0","高雄市","六龜區","120.690","23.105","101"
"195","148238","20220820033000","224","0","高雄市","六龜區","120.700","23.110","83"
"16","148255","20220820033000","14","1","高雄市","桃源區","120.710","23.115","12"
"92","148271","20220820033000","92","1","高雄市","六龜區","120.720","23.115","81"
"58","148275","20220820033000","34","3","高雄市","桃源區","120.745","23.115","57"
"76","148342","20220820033000","60","2","高雄市","六龜區","120.715","23.065","68"
"16","148372","20220820033000","12","2","臺南市","新化區","120.330","23.055","11"
"76","148373","20220820033000","51","2","臺南市","新化區","120.335","23.055","38"
"47","148376","20220820033000","36","2","臺南市","新化區","120.335","23.060","35"
"92","148377","20220820033000","64","2","臺南市","新化區","120.340","23.060","60"
"18","148378","20220820033000","16","1","臺南市","新化區","120.345","23.060","24"
"647","148380","20220820033000","538","2","臺南市","新化區","120.345","23.065","466"
"133","148386","20220820033000","176","0","臺南市","新化區","120.355","23.070","134"
"180","148418","20220820033000","106","3","臺東縣","池上鄉","121.235","23.120","131"
"41","148429","20220820033000","100","0","臺南市","玉井區","120.425","23.070","42"
"54","148453","20220820033000","51","1","臺南市","玉井區","120.430","23.085","61"
"29","148472","20220820033000","11","3","臺南市","玉井區","120.440","23.095","15"
"29","148477","20220820033000","28","1","臺南市","玉井區","120.450","23.090","24"
"101","148526","20220820033000","76","2","臺南市","玉井區","120.480","23.110","100"
"10","148531","20220820033000","11","0","臺南市","玉井區","120.505","23.110","10"
"1798","148561","20220820033000","1581","1","臺南市","玉井區","120.460","23.120","1406"
"642","148562","20220820033000","640","1","臺南市","玉井區","120.465","23.120","474"
"407","148578","20220820033000","452","0","臺南市","永康區","120.265","23.045","434"
"46","148580","20220820033000","319","0","臺南市","永康區","120.275","23.045","36"
"50","148582","20220820033000","69","0","臺南市","永康區","120.265","23.050","35"
"211","148583","20220820033000","272","0","臺南市","永康區","120.270","23.050","212"
"43","148584","20220820033000","54","0","臺南市","永康區","120.275","23.050","48"
"31","148586","20220820033000","141","0","臺南市","永康區","120.270","23.055","36"
"38","148590","20220820033000","232","0","臺南市","永康區","120.245","23.050","40"
"11","148592","20220820033000","75","0","臺南市","永康區","120.250","23.050","12"
"169","148594","20220820033000","77","3","臺南市","永康區","120.260","23.055","133"
"314","148600","20220820033000","260","2","臺南市","永康區","120.265","23.055","236"
"26","148632","20220820033000","18","2","臺東縣","成功鎮","121.355","23.120","24"
"488","148641","20220820033000","298","3","臺東縣","成功鎮","121.400","23.120","353"
"10","148643","20220820033000","17","0","臺東縣","成功鎮","121.410","23.120","10"
"21","148653","20220820033000","15","2","臺東縣","成功鎮","121.355","23.105","22"
"74","148657","20220820033000","858","0","臺東縣","成功鎮","121.375","23.105","57"
"105","148690","20220820033000","64","3","臺東縣","成功鎮","121.340","23.045","80"
"59","148696","20220820033000","27","3","臺東縣","成功鎮","121.340","23.050","22"
"122","148718","20220820033000","126","0","臺東縣","成功鎮","121.345","23.065","135"
"122","148763","20220820033000","92","2","臺東縣","成功鎮","121.355","23.090","141"
"20","148769","20220820033000","19","1","臺東縣","成功鎮","121.345","23.095","17"
"15","148782","20220820033000","175","0","臺東縣","成功鎮","121.370","23.100","17"
"654","148784","20220820033000","466","2","臺東縣","成功鎮","121.380","23.100","680"
"533","148795","20220820033000","420","2","臺東縣","關山鎮","121.175","23.070","399"
"127","148817","20220820033000","114","1","臺東縣","關山鎮","121.175","23.080","114"
"391","148847","20220820033000","270","2","臺東縣","關山鎮","121.165","23.045","403"
"44","148852","20220820033000","1125","0","臺東縣","關山鎮","121.165","23.050","53"
"512","148873","20220820033000","373","2","臺東縣","關山鎮","121.165","23.055","373"
"436","148879","20220820033000","318","2","臺東縣","關山鎮","121.155","23.045","445"
"474","148883","20220820033000","509","0","高雄市","甲仙區","120.590","23.085","388"
"58","148899","20220820033000","59","0","高雄市","甲仙區","120.590","23.100","61"
"67","148910","20220820033000","46","2","高雄市","甲仙區","120.550","23.055","67"
"91","148925","20220820033000","88","1","高雄市","甲仙區","120.570","23.065","100"
"218","148938","20220820033000","160","2","高雄市","甲仙區","120.575","23.070","201"
"68","148960","20220820033000","79","0","高雄市","甲仙區","120.560","23.050","71"
"399","148978","20220820033000","305","2","臺南市","新化區","120.290","23.045","310"
"162","148986","20220820033000","97","3","臺南市","新化區","120.295","23.055","159"
"180","148988","20220820033000","83","3","臺南市","安南區","120.145","23.045","203"
"37","149026","20220820033000","36","1","高雄市","桃源區","120.720","23.050","45"
"31","149092","20220820033000","27","1","高雄市","桃源區","120.735","23.060","38"
"18","149159","20220820033000","12","3","高雄市","桃源區","120.755","23.070","13"
"15","149519","20220820033000","111","0","高雄市","六龜區","120.685","23.110","10"
"295","149576","20220820033000","225","2","臺南市","新化區","120.295","23.045","296"
"99","149577","20220820033000","623","0","臺南市","新化區","120.300","23.045","91"
"99","149589","20220820033000","354","0","臺南市","永康區","120.235","23.045","98"
"3390","149590","20220820033000","1899","3","臺南市","永康區","120.240","23.045","2617"
"387","149593","20220820033000","221","3","臺南市","永康區","120.250","23.045","301"
"71","149614","20220820033000","75","0","臺南市","玉井區","120.460","23.100","62"
"19","149636","20220820033000","18","1","臺南市","玉井區","120.490","23.095","120"
"131","149651","20220820033000","132","0","臺南市","玉井區","120.480","23.105","91"
"120","149654","20220820033000","1255","0","臺東縣","成功鎮","121.380","23.105","126"
"85","149658","20220820033000","49","3","臺東縣","東河鄉","121.285","23.045","66"
"72","149682","20220820033000","44","3","臺東縣","東河鄉","121.295","23.055","66"
"22","149761","20220820033000","14","3","臺東縣","東河鄉","121.295","23.080","16"
"33","149865","20220820033000","110","0","臺南市","新化區","120.310","23.045","40"
"151","149866","20220820033000","87","3","臺南市","新化區","120.315","23.045","125"
"27","149869","20220820033000","155","0","臺南市","新化區","120.315","23.050","25"
"37","149873","20220820033000","41","0","臺南市","新化區","120.325","23.055","28"
"33","149908","20220820033000","29","1","高雄市","甲仙區","120.600","23.085","31"
"301","149946","20220820033000","243","2","臺南市","善化區","120.270","23.125","262"
"876","149948","20220820033000","775","1","臺南市","大內區","120.355","23.120","692"
"205","154962","20220820033000","167","2","澎湖縣","七美鄉","119.415","23.195","143"
"977","154965","20220820033000","797","2","臺南市","善化區","120.325","23.140","1016"
"396","154980","20220820033000","429","0","臺南市","善化區","120.325","23.135","303"
"2020","154984","20220820033000","1402","2","臺南市","善化區","120.300","23.130","1552"
"542","154985","20220820033000","492","1","臺南市","善化區","120.305","23.130","555"
"1152","154986","20220820033000","647","3","臺南市","善化區","120.310","23.130","1000"
"44","154996","20220820033000","56","0","澎湖縣","七美鄉","119.435","23.200","74"
"132","155092","20220820033000","774","0","臺南市","麻豆區","120.220","23.190","140"
"496","155098","20220820033000","666","0","臺南市","麻豆區","120.245","23.190","520"
"395","155107","20220820033000","218","3","臺南市","佳里區","120.180","23.145","258"
"698","155111","20220820033000","643","1","臺南市","佳里區","120.175","23.150","545"
"218","155114","20220820033000","936","0","臺南市","佳里區","120.175","23.155","222"
"1048","155129","20220820033000","813","2","臺南市","佳里區","120.195","23.190","776"
"120","155501","20220820033000","65","3","臺東縣","海端鄉","121.025","23.185","94"
"84","155650","20220820033000","68","2","臺東縣","海端鄉","121.180","23.130","63"
"33","155658","20220820033000","23","2","臺東縣","海端鄉","121.205","23.150","31"
"118","155664","20220820033000","111","1","臺東縣","海端鄉","121.190","23.155","109"
"96","155779","20220820033000","76","2","臺東縣","海端鄉","121.125","23.130","56"
"65","155786","20220820033000","41","3","臺東縣","海端鄉","121.160","23.130","58"
"31","156049","20220820033000","19","3","臺東縣","海端鄉","121.030","23.165","39"
"98","156052","20220820033000","73","2","臺東縣","海端鄉","121.045","23.165","59"
"65","156083","20220820033000","57","1","臺東縣","海端鄉","121.045","23.170","46"
"86","156227","20220820033000","407","0","臺南市","西港區","120.180","23.130","77"
"162","156233","20220820033000","123","2","臺南市","西港區","120.200","23.130","167"
"574","156281","20220820033000","449","2","臺南市","佳里區","120.180","23.165","424"
"27","156284","20220820033000","129","0","臺南市","佳里區","120.180","23.170","31"
"44","156292","20220820033000","30","2","臺南市","佳里區","120.155","23.170","40"
"586","156302","20220820033000","625","0","臺南市","麻豆區","120.215","23.175","472"
"1128","156306","20220820033000","955","1","臺南市","佳里區","120.160","23.160","1124"
"1560","156309","20220820033000","1475","1","臺南市","佳里區","120.175","23.160","1200"
"3834","156314","20220820033000","3719","1","臺南市","佳里區","120.175","23.165","3316"
"21","156316","20220820033000","17","2","臺南市","佳里區","120.170","23.170","19"
"368","156333","20220820033000","202","3","臺南市","七股區","120.140","23.140","263"
"371","156339","20220820033000","310","1","臺南市","七股區","120.150","23.150","382"
"245","156348","20220820033000","175","2","花蓮縣","富里鄉","121.255","23.180","258"
"321","156361","20220820033000","208","3","花蓮縣","富里鄉","121.275","23.190","317"
"305","156391","20220820033000","603","0","臺南市","西港區","120.220","23.140","222"
"706","156401","20220820033000","667","1","臺南市","麻豆區","120.240","23.155","493"
"37","156402","20220820033000","14","3","臺南市","麻豆區","120.240","23.160","33"
"30","156413","20220820033000","613","0","臺南市","麻豆區","120.275","23.190","46"
"227","156420","20220820033000","136","3","臺南市","麻豆區","120.270","23.195","234"
"116","156423","20220820033000","45","3","臺南市","麻豆區","120.285","23.195","138"
"64","156427","20220820033000","332","0","臺南市","麻豆區","120.230","23.180","64"
"281","156446","20220820033000","267","1","臺南市","大內區","120.415","23.150","199"
"30","156474","20220820033000","34","0","臺南市","大內區","120.410","23.165","27"
"19","156651","20220820033000","20","0","花蓮縣","富里鄉","121.280","23.130","20"
"656","156721","20220820033000","444","2","臺南市","善化區","120.270","23.145","547"
"170","156727","20220820033000","894","0","臺南市","善化區","120.275","23.130","142"
"29","156730","20220820033000","23","2","臺南市","大內區","120.405","23.130","21"
"24","156736","20220820033000","21","1","臺南市","大內區","120.435","23.130","22"
"57","156743","20220820033000","39","2","臺南市","大內區","120.430","23.135","14"
"80","156744","20220820033000","99","0","臺南市","玉井區","120.435","23.135","59"
"1255","156753","20220820033000","604","3","臺南市","善化區","120.285","23.135","1252"
"116","156765","20220820033000","784","0","臺南市","善化區","120.290","23.135","109"
"367","156769","20220820033000","251","2","臺南市","善化區","120.315","23.155","279"
"956","156781","20220820033000","595","3","臺南市","善化區","120.285","23.150","769"
"31","156784","20220820033000","189","0","臺南市","善化區","120.275","23.155","29"
"659","156792","20220820033000","592","1","臺南市","七股區","120.135","23.140","519"
"272","156851","20220820033000","333","0","臺南市","佳里區","120.155","23.180","210"
"501","156856","20220820033000","429","1","臺南市","佳里區","120.155","23.140","500"
"653","156864","20220820033000","617","1","臺南市","佳里區","120.185","23.145","502"
"154","156865","20220820033000","589","0","臺南市","佳里區","120.180","23.150","161"
"1837","156869","20220820033000","1674","1","臺南市","佳里區","120.180","23.155","1405"
"51","156870","20220820033000","162","0","臺南市","佳里區","120.185","23.155","56"
"854","156873","20220820033000","860","0","臺南市","佳里區","120.155","23.175","693"
"586","156909","20220820033000","525","1","臺南市","麻豆區","120.240","23.190","554"
"41","156922","20220820033000","410","0","臺南市","麻豆區","120.210","23.200","46"
"335","156941","20220820033000","372","0","臺南市","佳里區","120.190","23.190","237"
"312","156942","20220820033000","176","3","臺南市","佳里區","120.185","23.185","296"
"950","156974","20220820033000","900","1","臺南市","七股區","120.090","23.185","806"
"528","156977","20220820033000","233","3","臺南市","西港區","120.200","23.140","554"
"1811","157009","20220820033000","1350","2","臺南市","麻豆區","120.240","23.185","1327"
"885","157010","20220820033000","955","0","臺南市","麻豆區","120.250","23.185","722"
"174","157011","20220820033000","629","0","臺南市","麻豆區","120.255","23.185","168"
"45","157047","20220820033000","40","1","臺南市","六甲區","120.415","23.205","39"
"110","157077","20220820033000","78","2","臺南市","楠西區","120.505","23.140","101"
"407","157130","20220820033000","364","1","臺南市","將軍區","120.160","23.190","417"
"119","157174","20220820033000","602","0","臺南市","官田區","120.315","23.195","131"
"885","157183","20220820033000","463","3","臺南市","安定區","120.245","23.130","735"
"213","157184","20220820033000","543","0","臺南市","安定區","120.250","23.130","229"
"354","157198","20220820033000","220","3","花蓮縣","富里鄉","121.265","23.155","287"
"57","157258","20220820033000","83","0","臺南市","官田區","120.320","23.200","50"
"163","157259","20220820033000","192","0","臺南市","官田區","120.325","23.200","118"
"72","157263","20220820033000","62","1","臺南市","官田區","120.320","23.205","56"
"117","157265","20220820033000","79","2","臺南市","官田區","120.330","23.205","111"
"75","157312","20220820033000","202","0","臺南市","官田區","120.380","23.185","80"
"159","157333","20220820033000","154","1","臺南市","官田區","120.365","23.195","164"
"20","157334","20220820033000","140","0","臺南市","官田區","120.370","23.195","13"
"10","157335","20220820033000","73","0","臺南市","官田區","120.375","23.195","10"
"154","157360","20220820033000","723","0","臺南市","官田區","120.335","23.180","165"
"168","157382","20220820033000","128","2","臺南市","官田區","120.320","23.170","183"
"100","157394","20220820033000","143","0","臺南市","官田區","120.310","23.175","90"
"19","157399","20220820033000","260","0","臺南市","官田區","120.295","23.185","21"
"36","157419","20220820033000","209","0","臺南市","官田區","120.350","23.160","34"
"77","157422","20220820033000","53","2","臺南市","官田區","120.330","23.165","64"
"73","157424","20220820033000","387","0","臺南市","官田區","120.340","23.165","67"
"30","157463","20220820033000","15","3","臺南市","官田區","120.365","23.180","40"
"56","157477","20220820033000","436","0","臺南市","官田區","120.305","23.195","60"
"757","157478","20220820033000","656","1","臺南市","官田區","120.315","23.190","617"
"57","157597","20220820033000","45","2","臺南市","南化區","120.595","23.165","49"
"51","157624","20220820033000","44","1","臺南市","南化區","120.600","23.175","58"
"47","157646","20220820033000","60","0","臺南市","南化區","120.570","23.185","45"
"12","157724","20220820033000","10","2","臺南市","南化區","120.625","23.205","13"
"372","157733","20220820033000","292","2","臺南市","麻豆區","120.230","23.145","284"
"2243","157737","20220820033000","1847","2","臺南市","麻豆區","120.245","23.180","1766"
"78","157740","20220820033000","65","2","臺南市","麻豆區","120.240","23.195","70"
"593","157752","20220820033000","518","1","臺南市","麻豆區","120.260","23.185","598"
"222","157756","20220820033000","184","2","臺南市","麻豆區","120.265","23.190","177"
"233","157759","20220820033000","160","2","臺南市","麻豆區","120.255","23.190","162"
"54","157773","20220820033000","48","1","臺東縣","池上鄉","121.210","23.125","50"
"145","157789","20220820033000","119","2","臺東縣","池上鄉","121.200","23.140","149"
"39","157809","20220820033000","128","0","臺南市","善化區","120.275","23.145","48"
"325","157818","20220820033000","235","2","花蓮縣","卓溪鄉","121.225","23.160","310"
"154","157895","20220820033000","117","2","花蓮縣","富里鄉","121.250","23.200","158"
"559","157913","20220820033000","695","0","臺南市","善化區","120.295","23.135","477"
"21","157915","20220820033000","22","0","臺南市","善化區","120.305","23.135","13"
"958","157919","20220820033000","666","2","臺南市","善化區","120.305","23.140","777"
"685","157924","20220820033000","353","3","臺南市","善化區","120.290","23.145","567"
"217","157961","20220820033000","564","0","臺南市","善化區","120.285","23.130","216"
"97","157991","20220820033000","81","1","花蓮縣","富里鄉","121.235","23.135","110"
"69","157998","20220820033000","77","0","花蓮縣","富里鄉","121.240","23.140","77"
"323","158028","20220820033000","247","2","花蓮縣","富里鄉","121.250","23.170","321"
"430","158030","20220820033000","323","2","花蓮縣","富里鄉","121.250","23.175","425"
"67","158032","20220820033000","46","2","花蓮縣","富里鄉","121.250","23.180","67"
"867","158045","20220820033000","537","3","臺南市","將軍區","120.140","23.205","644"
"1490","158058","20220820033000","1466","1","臺南市","將軍區","120.160","23.200","1122"
"288","158065","20220820033000","285","1","臺南市","七股區","120.135","23.130","216"
"420","158072","20220820033000","385","1","臺南市","七股區","120.110","23.145","308"
"25","158092","20220820033000","24","1","臺南市","七股區","120.130","23.185","14"
"26","158097","20220820033000","14","3","臺南市","七股區","120.145","23.180","25"
"425","158106","20220820033000","288","2","臺南市","佳里區","120.190","23.165","334"
"33","158107","20220820033000","441","0","臺南市","佳里區","120.195","23.165","30"
"163","158122","20220820033000","147","1","臺南市","佳里區","120.180","23.180","119"
"351","158126","20220820033000","311","1","臺南市","佳里區","120.175","23.185","231"
"33","158128","20220820033000","36","0","臺東縣","池上鄉","121.185","23.130","68"
"334","158181","20220820033000","283","1","臺南市","麻豆區","120.265","23.180","227"
"1056","158192","20220820033000","670","3","臺南市","麻豆區","120.245","23.185","794"
"25","158195","20220820033000","170","0","臺南市","麻豆區","120.240","23.180","20"
"22","158363","20220820033000","21","1","高雄市","桃源區","120.790","23.185","28"
"87","158397","20220820033000","80","1","臺東縣","池上鄉","121.235","23.130","98"
"607","158398","20220820033000","447","2","臺南市","玉井區","120.470","23.130","473"
"20","158400","20220820033000","181","0","臺南市","玉井區","120.480","23.130","29"
"218","158410","20220820033000","161","2","臺南市","玉井區","120.440","23.135","162"
"111","158457","20220820033000","75","2","臺南市","楠西區","120.490","23.190","102"
"64","158502","20220820033000","62","1","臺南市","楠西區","120.515","23.200","45"
"13","158508","20220820033000","22","0","臺南市","楠西區","120.545","23.205","13"
"775","158533","20220820033000","634","2","臺南市","楠西區","120.485","23.175","657"
"306","158546","20220820033000","302","1","臺南市","楠西區","120.485","23.170","319"
"20","158547","20220820033000","401","0","臺南市","楠西區","120.480","23.175","16"
"12","158550","20220820033000","214","0","臺南市","楠西區","120.480","23.185","12"
"45","158572","20220820033000","39","1","臺南市","楠西區","120.505","23.160","35"
"33","158634","20220820033000","19","3","臺南市","楠西區","120.560","23.180","30"
"93","158670","20220820033000","72","2","臺南市","楠西區","120.465","23.190","102"
"85","158687","20220820033000","67","2","臺南市","楠西區","120.490","23.200","35"
"16","158849","20220820033000","222","0","臺東縣","成功鎮","121.400","23.155","18"
"85","158905","20220820033000","75","1","臺東縣","成功鎮","121.400","23.170","85"
"116","158933","20220820033000","101","1","臺東縣","成功鎮","121.395","23.180","108"
"110","159028","20220820033000","105","1","高雄市","甲仙區","120.635","23.150","89"
"16","159274","20220820033000","10","3","高雄市","桃源區","120.800","23.210","19"
"189","159527","20220820033000","166","1","高雄市","桃源區","120.765","23.160","130"
"91","159574","20220820033000","69","2","高雄市","桃源區","120.770","23.165","71"
"60","159707","20220820033000","34","3","高雄市","桃源區","120.740","23.135","58"
"119","159838","20220820033000","108","1","臺南市","官田區","120.350","23.150","78"
"55","159846","20220820033000","60","0","臺南市","大內區","120.365","23.155","38"
"278","159859","20220820033000","229","2","臺南市","大內區","120.380","23.145","184"
"64","159883","20220820033000","50","2","臺南市","大內區","120.370","23.160","75"
"164","159912","20220820033000","103","3","臺南市","麻豆區","120.225","23.175","145"
"490","159913","20220820033000","523","0","臺南市","麻豆區","120.220","23.180","412"
"828","159928","20220820033000","677","2","臺南市","麻豆區","120.255","23.180","585"
"814","159936","20220820033000","430","3","臺南市","善化區","120.315","23.145","715"
"836","159943","20220820033000","545","3","臺南市","善化區","120.300","23.150","660"
"35","159947","20220820033000","74","0","臺南市","善化區","120.265","23.130","38"
"338","159950","20220820033000","186","3","臺南市","善化區","120.260","23.135","352"
"163","161053","20220820033000","115","2","澎湖縣","七美鄉","119.430","23.215","123"
"109","162017","20220820033000","53","3","臺東縣","長濱鄉","121.415","23.235","99"
"314","164970","20220820033000","331","0","澎湖縣","七美鄉","119.425","23.205","246"
"36","164978","20220820033000","147","0","澎湖縣","望安鄉","119.670","23.245","33"
"641","165017","20220820033000","588","1","臺南市","學甲區","120.195","23.215","490"
"508","165030","20220820033000","557","0","臺南市","學甲區","120.195","23.230","368"
"98","165342","20220820033000","50","3","臺東縣","海端鄉","120.985","23.250","62"
"53","165457","20220820033000","69","0","臺東縣","海端鄉","120.990","23.270","23"
"32","165593","20220820033000","358","0","臺南市","下營區","120.240","23.220","26"
"60","165611","20220820033000","184","0","臺南市","下營區","120.240","23.235","44"
"1691","165635","20220820033000","1777","0","臺南市","下營區","120.265","23.240","1359"
"783","165652","20220820033000","694","1","臺南市","下營區","120.270","23.245","618"
"284","165697","20220820033000","199","2","花蓮縣","富里鄉","121.275","23.215","261"
"497","165713","20220820033000","411","2","臺南市","下營區","120.270","23.210","351"
"100","165716","20220820033000","38","3","花蓮縣","富里鄉","121.340","23.280","48"
"252","165718","20220820033000","135","3","花蓮縣","玉里鎮","121.345","23.285","172"
"185","165736","20220820033000","116","3","花蓮縣","玉里鎮","121.285","23.280","176"
"249","165743","20220820033000","124","3","花蓮縣","玉里鎮","121.280","23.285","245"
"159","165775","20220820033000","139","1","花蓮縣","富里鄉","121.290","23.240","166"
"44","165778","20220820033000","49","0","花蓮縣","富里鄉","121.305","23.240","45"
"120","165815","20220820033000","102","1","花蓮縣","富里鄉","121.295","23.255","171"
"31","165844","20220820033000","231","0","臺南市","新營區","120.265","23.270","31"
"340","165847","20220820033000","298","1","臺南市","新營區","120.275","23.275","247"
"56","165852","20220820033000","56","1","臺南市","六甲區","120.345","23.230","43"
"15","165853","20220820033000","168","0","臺南市","六甲區","120.335","23.235","14"
"1013","165855","20220820033000","739","2","臺南市","北門區","120.135","23.240","357"
"103","165858","20220820033000","138","0","臺南市","北門區","120.130","23.250","38"
"61","165860","20220820033000","656","0","臺南市","六甲區","120.350","23.225","71"
"410","165925","20220820033000","407","1","臺南市","六甲區","120.345","23.235","345"
"54","165938","20220820033000","42","2","臺南市","六甲區","120.340","23.250","44"
"33","165969","20220820033000","32","1","臺南市","六甲區","120.400","23.220","24"
"44","165999","20220820033000","432","0","臺南市","柳營區","120.315","23.275","46"
"14","166011","20220820033000","122","0","臺南市","柳營區","120.315","23.265","12"
"47","166028","20220820033000","320","0","臺南市","柳營區","120.295","23.275","49"
"428","166037","20220820033000","336","2","臺南市","柳營區","120.305","23.280","417"
"70","166056","20220820033000","233","0","臺南市","柳營區","120.360","23.280","61"
"165","166060","20220820033000","96","3","臺南市","柳營區","120.355","23.285","150"
"28","166064","20220820033000","245","0","臺南市","柳營區","120.380","23.285","28"
"470","166071","20220820033000","556","0","臺南市","六甲區","120.340","23.225","390"
"53","166077","20220820033000","42","2","臺南市","六甲區","120.315","23.250","64"
"316","166081","20220820033000","294","1","臺南市","六甲區","120.310","23.255","252"
"77","166097","20220820033000","53","2","臺南市","北門區","120.110","23.260","65"
"157","166128","20220820033000","130","2","臺南市","北門區","120.140","23.265","82"
"138","166144","20220820033000","142","0","臺南市","學甲區","120.180","23.285","121"
"50","166153","20220820033000","398","0","臺南市","將軍區","120.165","23.220","63"
"757","166181","20220820033000","526","2","臺南市","北門區","120.095","23.230","810"
"1172","166188","20220820033000","1171","1","臺南市","北門區","120.115","23.235","513"
"115","166204","20220820033000","220","0","臺南市","下營區","120.275","23.215","144"
"23","166206","20220820033000","521","0","臺南市","下營區","120.270","23.220","20"
"838","166224","20220820033000","813","1","臺南市","北門區","120.135","23.280","581"
"754","166238","20220820033000","734","1","臺南市","北門區","120.125","23.270","431"
"108","166250","20220820033000","39","3","花蓮縣","富里鄉","121.315","23.220","98"
"214","166256","20220820033000","188","1","花蓮縣","富里鄉","121.275","23.225","243"
"167","166326","20220820033000","141","1","花蓮縣","富里鄉","121.305","23.255","180"
"99","166340","20220820033000","74","2","花蓮縣","富里鄉","121.305","23.265","122"
"79","166344","20220820033000","66","1","花蓮縣","富里鄉","121.300","23.270","68"
"14","166349","20220820033000","103","0","臺南市","官田區","120.320","23.210","10"
"24","166350","20220820033000","202","0","臺南市","官田區","120.325","23.210","17"
"260","166354","20220820033000","179","2","臺南市","官田區","120.320","23.215","185"
"65","166356","20220820033000","602","0","臺南市","官田區","120.330","23.215","72"
"207","166363","20220820033000","186","1","臺南市","官田區","120.340","23.220","215"
"115","166377","20220820033000","573","0","臺南市","官田區","120.310","23.215","105"
"249","166389","20220820033000","182","2","臺南市","官田區","120.360","23.210","198"
"299","166391","20220820033000","173","3","臺南市","官田區","120.370","23.210","241"
"238","166424","20220820033000","288","0","臺南市","北門區","120.145","23.285","245"
"317","166429","20220820033000","263","2","臺南市","將軍區","120.160","23.220","318"
"71","166442","20220820033000","556","0","臺南市","下營區","120.260","23.230","75"
"350","166445","20220820033000","230","3","臺南市","六甲區","120.355","23.220","246"
"1964","166446","20220820033000","2184","0","臺南市","六甲區","120.355","23.230","1553"
"52","166455","20220820033000","62","0","臺南市","六甲區","120.370","23.230","60"
"174","166458","20220820033000","147","1","臺南市","六甲區","120.365","23.235","126"
"129","166495","20220820033000","125","1","臺南市","北門區","120.125","23.240","127"
"572","166562","20220820033000","363","3","臺南市","麻豆區","120.220","23.220","434"
"50","166785","20220820033000","28","3","花蓮縣","富里鄉","121.265","23.215","38"
"336","167284","20220820033000","322","1","臺南市","下營區","120.290","23.245","351"
"45","167340","20220820033000","29","3","花蓮縣","富里鄉","121.315","23.275","64"
"16","167482","20220820033000","179","0","臺南市","東山區","120.470","23.260","18"
"73","167491","20220820033000","45","3","臺南市","東山區","120.515","23.260","55"
"248","167497","20220820033000","165","3","臺南市","東山區","120.480","23.265","238"
"16","167501","20220820033000","212","0","臺南市","東山區","120.500","23.265","23"
"17","167514","20220820033000","103","0","臺南市","東山區","120.395","23.265","19"
"68","167565","20220820033000","152","0","臺南市","東山區","120.445","23.265","61"
"317","167568","20220820033000","221","2","臺南市","東山區","120.445","23.270","266"
"100","167588","20220820033000","77","2","臺南市","東山區","120.445","23.290","87"
"37","167626","20220820033000","148","0","臺南市","東山區","120.405","23.285","42"
"26","167655","20220820033000","34","0","臺南市","東山區","120.465","23.280","17"
"17","167656","20220820033000","208","0","臺南市","東山區","120.470","23.280","24"
"61","167674","20220820033000","48","2","臺南市","東山區","120.500","23.285","59"
"46","167688","20220820033000","37","2","臺南市","東山區","120.515","23.290","45"
"190","167707","20220820033000","202","0","臺南市","將軍區","120.085","23.215","154"
"235","167714","20220820033000","193","2","臺南市","將軍區","120.120","23.220","155"
"95","167750","20220820033000","90","1","臺南市","學甲區","120.165","23.270","69"
"497","167786","20220820033000","460","1","臺南市","鹽水區","120.205","23.260","431"
"69","167813","20220820033000","50","2","臺東縣","長濱鄉","121.410","23.215","79"
"99","167824","20220820033000","93","1","臺東縣","長濱鄉","121.415","23.225","117"
"24","167894","20220820033000","217","0","臺東縣","長濱鄉","121.415","23.250","23"
"27","167952","20220820033000","35","0","臺南市","學甲區","120.185","23.230","15"
"996","167953","20220820033000","961","1","臺南市","學甲區","120.185","23.235","775"
"1596","167958","20220820033000","1106","2","臺南市","學甲區","120.185","23.225","1655"
"28","167982","20220820033000","131","0","臺南市","學甲區","120.195","23.240","34"
"2314","167993","20220820033000","2002","1","臺南市","學甲區","120.180","23.235","1956"
"34","167995","20220820033000","505","0","臺南市","六甲區","120.345","23.220","41"
"34","167997","20220820033000","127","0","臺南市","六甲區","120.320","23.230","36"
"24","168014","20220820033000","182","0","臺南市","六甲區","120.315","23.245","30"
"162","168093","20220820033000","197","0","高雄市","三民區","120.670","23.235","180"
"88","168132","20220820033000","98","0","高雄市","三民區","120.695","23.235","63"
"124","168149","20220820033000","96","2","高雄市","三民區","120.695","23.240","89"
"74","168296","20220820033000","69","1","高雄市","三民區","120.680","23.265","74"
"17","168304","20220820033000","16","1","高雄市","三民區","120.720","23.265","20"
"152","168347","20220820033000","332","0","高雄市","三民區","120.700","23.275","152"
"342","168351","20220820033000","156","3","高雄市","三民區","120.720","23.275","279"
"748","168445","20220820033000","685","1","臺南市","鹽水區","120.235","23.285","607"
"10","168451","20220820033000","32","0","臺南市","柳營區","120.345","23.270","10"
"34","168459","20220820033000","185","0","臺南市","柳營區","120.335","23.285","28"
"508","168462","20220820033000","799","0","臺南市","柳營區","120.325","23.290","543"
"156","168468","20220820033000","158","0","臺南市","柳營區","120.405","23.235","115"
"131","168484","20220820033000","131","1","臺南市","柳營區","120.420","23.245","104"
"43","168515","20220820033000","447","0","臺南市","柳營區","120.380","23.265","40"
"254","168538","20220820033000","1406","0","臺南市","柳營區","120.315","23.280","240"
"34","168539","20220820033000","487","0","臺南市","柳營區","120.320","23.280","23"
"91","168545","20220820033000","61","2","臺南市","柳營區","120.380","23.240","40"
"66","168560","20220820033000","423","0","臺南市","柳營區","120.375","23.250","72"
"41","168591","20220820033000","224","0","臺南市","柳營區","120.365","23.265","39"
"144","168619","20220820033000","153","0","臺南市","楠西區","120.495","23.215","104"
"42","168624","20220820033000","33","2","臺南市","楠西區","120.520","23.215","44"
"352","168647","20220820033000","180","3","臺南市","楠西區","120.500","23.225","269"
"19","168692","20220820033000","27","0","臺南市","鹽水區","120.245","23.275","27"
"25","168719","20220820033000","26","0","臺東縣","成功鎮","121.400","23.210","23"
"83","168825","20220820033000","89","0","高雄市","桃源區","120.805","23.220","66"
"184","168996","20220820033000","61","3","高雄市","桃源區","120.815","23.240","133"
"211","169242","20220820033000","102","3","高雄市","桃源區","120.825","23.265","171"
"244","169480","20220820033000","196","2","臺南市","新營區","120.275","23.265","274"
"159","169490","20220820033000","122","2","臺南市","學甲區","120.195","23.275","99"
"310","169506","20220820033000","350","0","臺南市","學甲區","120.205","23.280","239"
"603","169527","20220820033000","610","0","臺南市","學甲區","120.160","23.245","400"
"15","169530","20220820033000","12","2","臺南市","學甲區","120.150","23.250","23"
"363","169555","20220820033000","332","1","臺南市","鹽水區","120.255","23.250","279"
"37","169556","20220820033000","129","0","臺南市","鹽水區","120.250","23.255","44"
"218","169567","20220820033000","300","0","臺南市","將軍區","120.135","23.225","178"
"33","169664","20220820033000","30","1","嘉義縣","大埔鄉","120.625","23.245","20"
"55","169729","20220820033000","48","1","嘉義縣","大埔鄉","120.590","23.270","47"
"39","169739","20220820033000","27","2","嘉義縣","大埔鄉","120.585","23.275","15"
"43","169788","20220820033000","36","1","嘉義縣","大埔鄉","120.545","23.230","51"
"13","169812","20220820033000","11","1","臺南市","東山區","120.520","23.240","12"
"24","169834","20220820033000","38","0","嘉義縣","大埔鄉","120.565","23.245","20"
"23","169837","20220820033000","19","2","嘉義縣","大埔鄉","120.580","23.245","20"
"28","169842","20220820033000","22","2","嘉義縣","大埔鄉","120.535","23.250","28"
"332","174966","20220820033000","356","0","澎湖縣","望安鄉","119.505","23.360","252"
"113","175007","20220820033000","120","0","臺南市","東山區","120.500","23.295","129"
"65","175048","20220820033000","49","2","臺南市","白河區","120.480","23.320","52"
"24","175054","20220820033000","34","0","臺南市","白河區","120.510","23.320","46"
"354","175059","20220820033000","348","1","臺南市","白河區","120.485","23.325","369"
"111","175081","20220820033000","90","2","臺南市","白河區","120.495","23.335","108"
"197","175083","20220820033000","177","1","臺南市","白河區","120.505","23.335","137"
"97","175092","20220820033000","103","0","臺南市","白河區","120.505","23.340","66"
"1272","175108","20220820033000","1134","1","臺南市","新營區","120.310","23.305","1316"
"219","175181","20220820033000","106","3","花蓮縣","玉里鎮","121.335","23.320","137"
"1074","175206","20220820033000","880","2","花蓮縣","玉里鎮","121.310","23.335","1032"
"137","175209","20220820033000","91","3","花蓮縣","玉里鎮","121.310","23.340","123"
"74","175217","20220820033000","60","2","花蓮縣","玉里鎮","121.300","23.300","79"
"355","175262","20220820033000","328","1","花蓮縣","玉里鎮","121.300","23.320","379"
"217","175264","20220820033000","152","2","花蓮縣","玉里鎮","121.310","23.320","235"
"34","175284","20220820033000","21","3","花蓮縣","玉里鎮","121.275","23.290","31"
"21","175299","20220820033000","29","0","花蓮縣","玉里鎮","121.290","23.295","23"
"102","175318","20220820033000","687","0","臺南市","白河區","120.410","23.345","113"
"26","175319","20220820033000","454","0","臺南市","白河區","120.405","23.350","24"
"98","175320","20220820033000","621","0","臺南市","白河區","120.410","23.350","104"
"57","175328","20220820033000","51","1","臺南市","白河區","120.460","23.365","51"
"102","175348","20220820033000","243","0","臺南市","白河區","120.440","23.345","116"
"86","175355","20220820033000","107","0","臺南市","新營區","120.330","23.320","98"
"27","175356","20220820033000","480","0","臺南市","新營區","120.335","23.320","28"
"50","175359","20220820033000","24","3","臺南市","新營區","120.350","23.320","35"
"999","175362","20220820033000","905","1","臺南市","新營區","120.315","23.325","1092"
"123","175369","20220820033000","125","0","臺南市","新營區","120.325","23.310","110"
"29","175372","20220820033000","38","0","臺南市","新營區","120.325","23.305","36"
"45","175397","20220820033000","46","0","臺南市","後壁區","120.310","23.370","57"
"555","175398","20220820033000","382","2","臺南市","後壁區","120.315","23.370","621"
"79","175414","20220820033000","552","0","臺南市","後壁區","120.330","23.340","97"
"433","175425","20220820033000","245","3","臺南市","後壁區","120.375","23.330","431"
"70","175446","20220820033000","480","0","臺南市","新營區","120.320","23.320","68"
"392","175467","20220820033000","497","0","臺南市","北門區","120.170","23.300","138"
"201","175484","20220820033000","201","1","臺南市","後壁區","120.330","23.355","198"
"468","175489","20220820033000","547","0","臺南市","新營區","120.270","23.295","354"
"44","175494","20220820033000","184","0","臺南市","新營區","120.280","23.300","49"
"18","175496","20220820033000","163","0","臺南市","新營區","120.280","23.290","28"
"598","175497","20220820033000","811","0","臺南市","後壁區","120.360","23.370","257"
"2720","175499","20220820033000","2407","1","臺南市","後壁區","120.370","23.370","1192"
"1432","175523","20220820033000","1309","1","臺南市","後壁區","120.395","23.370","552"
"1001","175546","20220820033000","808","2","臺南市","新營區","120.310","23.300","1049"
"1784","175547","20220820033000","1267","2","臺南市","新營區","120.315","23.310","1815"
"2160","175548","20220820033000","2126","1","臺南市","新營區","120.315","23.315","1737"
"168","175564","20220820033000","241","0","臺南市","後壁區","120.355","23.365","248"
"234","175571","20220820033000","2027","0","臺南市","新營區","120.305","23.310","225"
"62","175572","20220820033000","60","1","臺南市","新營區","120.305","23.315","68"
"33","175573","20220820033000","39","0","臺南市","新營區","120.295","23.305","34"
"108","175574","20220820033000","643","0","臺南市","新營區","120.300","23.305","113"
"1884","175576","20220820033000","1067","3","臺南市","新營區","120.300","23.310","1445"
"197","175585","20220820033000","130","3","臺南市","北門區","120.110","23.300","198"
"124","175647","20220820033000","147","0","臺南市","新營區","120.295","23.295","98"
"16","175648","20220820033000","33","0","臺南市","新營區","120.290","23.300","22"
"48","175651","20220820033000","38","2","臺南市","柳營區","120.300","23.295","45"
"12","175653","20220820033000","13","0","臺南市","柳營區","120.310","23.295","10"
"61","175658","20220820033000","61","1","臺南市","新營區","120.285","23.310","62"
"24","175712","20220820033000","162","0","臺南市","白河區","120.430","23.330","25"
"417","175737","20220820033000","408","1","臺南市","白河區","120.430","23.355","324"
"28","175874","20220820033000","30","0","花蓮縣","卓溪鄉","121.270","23.305","28"
"179","176357","20220820033000","143","2","花蓮縣","玉里鎮","121.300","23.345","167"
"424","176756","20220820033000","325","2","臺南市","新營區","120.325","23.315","403"
"314","176757","20220820033000","300","1","臺南市","新營區","120.330","23.315","328"
"150","176758","20220820033000","167","0","臺南市","新營區","120.325","23.320","150"
"57","176764","20220820033000","36","3","花蓮縣","玉里鎮","121.330","23.300","38"
"16","176769","20220820033000","16","1","臺南市","後壁區","120.340","23.325","11"
"10","176776","20220820033000","26","0","臺南市","後壁區","120.350","23.330","10"
"26","176782","20220820033000","28","0","臺南市","後壁區","120.310","23.335","13"
"13","176785","20220820033000","13","1","臺南市","後壁區","120.310","23.340","13"
"263","176798","20220820033000","284","0","臺南市","後壁區","120.350","23.335","227"
"1176","176811","20220820033000","1042","1","臺南市","新營區","120.305","23.300","852"
"946","176812","20220820033000","705","2","臺南市","新營區","120.315","23.305","935"
"11","176814","20220820033000","10","1","臺南市","東山區","120.385","23.310","11"
"32","176830","20220820033000","179","0","臺南市","東山區","120.390","23.330","39"
"857","176863","20220820033000","806","1","臺南市","東山區","120.405","23.320","674"
"147","176885","20220820033000","154","0","臺南市","東山區","120.405","23.325","133"
"63","176921","20220820033000","305","0","臺南市","東山區","120.390","23.295","71"
"398","176933","20220820033000","381","1","臺南市","東山區","120.415","23.300","308"
"207","176942","20220820033000","201","1","臺南市","東山區","120.345","23.300","205"
"463","176986","20220820033000","465","0","臺南市","白河區","120.395","23.340","494"
"646","177006","20220820033000","698","0","臺南市","鹽水區","120.270","23.325","631"
"740","177007","20220820033000","631","1","嘉義縣","義竹鄉","120.255","23.330","558"
"558","177010","20220820033000","537","1","臺南市","鹽水區","120.270","23.330","616"
"21","177169","20220820033000","39","0","花蓮縣","玉里鎮","121.370","23.350","17"
"1317","177425","20220820033000","716","3","臺南市","新營區","120.315","23.300","1305"
"272","177432","20220820033000","296","0","臺南市","鹽水區","120.280","23.330","196"
"299","177436","20220820033000","178","3","臺南市","鹽水區","120.290","23.335","306"
"1194","177466","20220820033000","905","2","臺南市","鹽水區","120.270","23.310","922"
"517","177467","20220820033000","489","1","臺南市","新營區","120.275","23.310","406"
"1000","177475","20220820033000","667","2","臺南市","鹽水區","120.265","23.325","875"
"78","177480","20220820033000","90","0","臺南市","白河區","120.480","23.325","74"
"80","177500","20220820033000","93","0","臺南市","白河區","120.495","23.340","98"
"168","177580","20220820033000","1241","0","臺南市","白河區","120.415","23.350","161"
"118","177585","20220820033000","282","0","臺南市","柳營區","120.340","23.290","125"
"150","177586","20220820033000","157","0","臺南市","柳營區","120.325","23.295","155"
"164","177599","20220820033000","897","0","臺南市","柳營區","120.365","23.295","206"
"42","177602","20220820033000","34","2","臺南市","鹽水區","120.270","23.320","53"
"379","177603","20220820033000","292","2","花蓮縣","玉里鎮","121.320","23.320","361"
"685","177605","20220820033000","357","3","花蓮縣","玉里鎮","121.310","23.325","623"
"291","177606","20220820033000","123","3","花蓮縣","玉里鎮","121.315","23.325","271"
"270","177609","20220820033000","189","2","花蓮縣","玉里鎮","121.310","23.330","284"
"2123","177610","20220820033000","1918","1","花蓮縣","玉里鎮","121.315","23.330","2196"
"1069","177613","20220820033000","951","1","花蓮縣","玉里鎮","121.315","23.340","1100"
"149","177617","20220820033000","131","1","花蓮縣","玉里鎮","121.320","23.345","162"
"442","177619","20220820033000","381","1","花蓮縣","玉里鎮","121.320","23.330","460"
"116","177624","20220820033000","86","2","花蓮縣","玉里鎮","121.320","23.350","126"
"260","177632","20220820033000","207","2","花蓮縣","卓溪鄉","121.320","23.355","279"
"26","177682","20220820033000","22","1","臺東縣","長濱鄉","121.440","23.325","27"
"84","177742","20220820033000","42","3","臺東縣","長濱鄉","121.425","23.290","98"
"23","177750","20220820033000","27","0","臺東縣","長濱鄉","121.420","23.295","26"
"293","177808","20220820033000","468","0","臺東縣","長濱鄉","121.455","23.315","318"
"235","177813","20220820033000","186","2","臺東縣","長濱鄉","121.460","23.320","231"
"164","177815","20220820033000","98","3","臺東縣","長濱鄉","121.445","23.325","142"
"227","177826","20220820033000","159","2","臺東縣","長濱鄉","121.465","23.335","222"
"1049","178630","20220820033000","605","3","臺南市","鹽水區","120.265","23.320","824"
"245","178643","20220820033000","224","1","臺南市","新營區","120.305","23.320","181"
"99","178644","20220820033000","69","2","臺南市","新營區","120.310","23.320","93"
"43","178697","20220820033000","37","1","嘉義縣","中埔鄉","120.510","23.345","50"
"17","178710","20220820033000","26","0","嘉義縣","中埔鄉","120.520","23.350","13"
"185","178722","20220820033000","132","2","嘉義縣","中埔鄉","120.540","23.355","189"
"118","178756","20220820033000","81","2","嘉義縣","中埔鄉","120.495","23.370","94"
"369","178768","20220820033000","301","2","臺南市","鹽水區","120.260","23.295","252"
"280","178886","20220820033000","180","3","嘉義縣","布袋鎮","120.140","23.335","208"
"548","178930","20220820033000","203","3","嘉義縣","布袋鎮","120.160","23.320","577"
"1092","178938","20220820033000","1236","0","嘉義縣","布袋鎮","120.165","23.325","815"
"83","178970","20220820033000","76","1","嘉義縣","大埔鄉","120.625","23.300","80"
"17","178978","20220820033000","20","0","嘉義縣","大埔鄉","120.605","23.305","23"
"68","179106","20220820033000","79","0","嘉義縣","大埔鄉","120.590","23.295","78"
"514","179113","20220820033000","503","1","嘉義縣","大埔鄉","120.595","23.295","342"
"92","179189","20220820033000","110","0","嘉義縣","大埔鄉","120.570","23.330","104"
"33","179210","20220820033000","31","1","嘉義縣","大埔鄉","120.555","23.340","34"
"23","179249","20220820033000","17","2","嘉義縣","大埔鄉","120.585","23.360","32"
"37","179312","20220820033000","39","0","嘉義縣","番路鄉","120.605","23.355","35"
"168","179320","20220820033000","157","1","嘉義縣","番路鄉","120.590","23.360","178"
"1423","179352","20220820033000","1276","1","嘉義縣","義竹鄉","120.250","23.340","784"
"610","179448","20220820033000","653","0","嘉義縣","義竹鄉","120.240","23.335","397"
"50","179461","20220820033000","51","0","嘉義縣","義竹鄉","120.245","23.335","54"
"759","179521","20220820033000","459","3","嘉義縣","義竹鄉","120.195","23.305","425"
"22","179523","20220820033000","10","3","嘉義縣","義竹鄉","120.205","23.305","20"
"42","179646","20220820033000","30","2","嘉義縣","阿里山鄉","120.680","23.335","52"
"78","179666","20220820033000","56","2","嘉義縣","阿里山鄉","120.680","23.340","64"
"115","179747","20220820033000","96","1","嘉義縣","阿里山鄉","120.665","23.300","83"
"50","179773","20220820033000","70","0","嘉義縣","阿里山鄉","120.695","23.305","80"
"47","179780","20220820033000","36","2","嘉義縣","阿里山鄉","120.665","23.310","57"
"1003","179845","20220820033000","762","2","嘉義縣","義竹鄉","120.225","23.320","558"
"1107","179874","20220820033000","734","3","嘉義縣","義竹鄉","120.190","23.335","599"
"564","179880","20220820033000","587","0","嘉義縣","義竹鄉","120.230","23.360","270"
"106","179883","20220820033000","89","1","嘉義縣","義竹鄉","120.245","23.360","97"
"711","179922","20220820033000","693","1","嘉義縣","義竹鄉","120.220","23.360","330"
"224","179933","20220820033000","145","3","嘉義縣","義竹鄉","120.210","23.300","148"
"714","179945","20220820033000","550","2","嘉義縣","義竹鄉","120.270","23.360","355"
"218","180132","20220820033000","211","1","澎湖縣","望安鄉","119.520","23.365","173"
"85","180802","20220820033000","108","0","嘉義縣","布袋鎮","120.140","23.375","134"
"111","180804","20220820033000","68","3","臺東縣","長濱鄉","121.475","23.380","113"
"128","181221","20220820033000","118","1","澎湖縣","望安鄉","119.495","23.380","112"
"148","185223","20220820033000","159","0","嘉義縣","東石鄉","120.135","23.450","164"
"1236","185452","20220820033000","1543","0","嘉義市","東區","120.455","23.450","998"
"865","185456","20220820033000","1047","0","嘉義縣","水上鄉","120.430","23.450","942"
"74","185475","20220820033000","92","0","澎湖縣","望安鄉","119.320","23.395","91"
"10","185483","20220820033000","14","0","花蓮縣","玉里鎮","121.350","23.440","12"
"71","185491","20220820033000","51","2","花蓮縣","瑞穗鄉","121.350","23.450","59"
"102","185499","20220820033000","797","0","臺南市","白河區","120.405","23.395","97"
"130","185543","20220820033000","10","3","花蓮縣","玉里鎮","121.390","23.380","59"
"324","185546","20220820033000","237","2","花蓮縣","玉里鎮","121.355","23.385","302"
"69","185565","20220820033000","13","3","花蓮縣","玉里鎮","121.395","23.390","49"
"87","185576","20220820033000","26","3","花蓮縣","玉里鎮","121.355","23.395","83"
"50","185590","20220820033000","51","0","花蓮縣","玉里鎮","121.365","23.405","88"
"88","185598","20220820033000","346","0","臺南市","白河區","120.415","23.380","83"
"281","185635","20220820033000","312","0","臺南市","後壁區","120.380","23.390","243"
"715","185683","20220820033000","787","0","臺南市","後壁區","120.340","23.380","715"
"170","185698","20220820033000","135","2","臺南市","白河區","120.480","23.385","211"
"161","186808","20220820033000","134","2","花蓮縣","卓溪鄉","121.315","23.435","153"
"319","186812","20220820033000","193","3","花蓮縣","卓溪鄉","121.335","23.435","299"
"98","186826","20220820033000","56","3","花蓮縣","卓溪鄉","121.340","23.440","79"
"24","186875","20220820033000","28","0","臺南市","後壁區","120.335","23.380","47"
"31","186914","20220820033000","28","1","臺南市","白河區","120.445","23.380","24"
"29","186915","20220820033000","443","0","臺南市","白河區","120.450","23.380","28"
"190","186921","20220820033000","160","1","臺南市","白河區","120.435","23.390","171"
"21","187008","20220820033000","16","2","臺東縣","長濱鄉","121.480","23.395","25"
"207","187061","20220820033000","180","1","花蓮縣","玉里鎮","121.320","23.395","222"
"137","187086","20220820033000","105","2","花蓮縣","玉里鎮","121.340","23.415","137"
"173","187099","20220820033000","73","3","花蓮縣","玉里鎮","121.345","23.425","193"
"142","187105","20220820033000","120","1","花蓮縣","玉里鎮","121.345","23.430","161"
"210","187173","20220820033000","113","3","花蓮縣","玉里鎮","121.395","23.450","141"
"416","187253","20220820033000","207","3","花蓮縣","玉里鎮","121.375","23.425","345"
"235","187296","20220820033000","231","1","臺南市","白河區","120.440","23.400","166"
"163","187322","20220820033000","141","1","花蓮縣","玉里鎮","121.330","23.375","188"
"208","187339","20220820033000","115","3","花蓮縣","玉里鎮","121.325","23.390","240"
"26","187385","20220820033000","25","1","臺東縣","長濱鄉","121.465","23.405","20"
"40","187398","20220820033000","49","0","臺東縣","長濱鄉","121.470","23.410","57"
"41","188051","20220820033000","630","0","嘉義縣","中埔鄉","120.520","23.430","48"
"385","188063","20220820033000","315","2","嘉義縣","中埔鄉","120.560","23.435","279"
"694","188064","20220820033000","922","0","嘉義縣","中埔鄉","120.520","23.420","516"
"437","188069","20220820033000","246","3","嘉義縣","中埔鄉","120.520","23.425","331"
"80","188090","20220820033000","90","0","嘉義縣","中埔鄉","120.510","23.400","99"
"30","188129","20220820033000","452","0","嘉義縣","中埔鄉","120.460","23.445","21"
"382","188131","20220820033000","312","2","嘉義縣","中埔鄉","120.460","23.450","374"
"541","188132","20220820033000","515","1","嘉義縣","中埔鄉","120.470","23.450","555"
"476","188133","20220820033000","578","0","嘉義縣","中埔鄉","120.475","23.450","372"
"1412","188134","20220820033000","1625","0","嘉義縣","中埔鄉","120.465","23.450","1087"
"141","188136","20220820033000","122","1","嘉義縣","中埔鄉","120.485","23.450","177"
"1348","188141","20220820033000","1352","0","嘉義縣","中埔鄉","120.450","23.435","1051"
"574","188144","20220820033000","595","0","嘉義縣","中埔鄉","120.455","23.445","591"
"452","188147","20220820033000","459","0","嘉義縣","中埔鄉","120.480","23.440","337"
"10","188154","20220820033000","129","0","嘉義縣","中埔鄉","120.490","23.445","10"
"667","188193","20220820033000","566","1","嘉義縣","中埔鄉","120.520","23.385","513"
"199","188241","20220820033000","139","2","嘉義縣","中埔鄉","120.580","23.425","210"
"210","188261","20220820033000","145","2","嘉義縣","中埔鄉","120.540","23.390","184"
"16","188280","20220820033000","84","0","嘉義縣","中埔鄉","120.575","23.380","17"
"49","188314","20220820033000","41","1","嘉義縣","中埔鄉","120.590","23.395","44"
"502","188331","20220820033000","479","1","嘉義縣","中埔鄉","120.555","23.405","389"
"30","188335","20220820033000","13","3","嘉義縣","中埔鄉","120.575","23.405","36"
"69","188368","20220820033000","774","0","嘉義縣","中埔鄉","120.540","23.440","74"
"305","188369","20220820033000","282","1","嘉義縣","中埔鄉","120.545","23.440","298"
"217","188382","20220820033000","220","0","嘉義縣","中埔鄉","120.565","23.445","231"
"416","188390","20220820033000","357","1","嘉義縣","中埔鄉","120.530","23.440","385"
"320","188417","20220820033000","363","0","嘉義縣","中埔鄉","120.510","23.435","226"
"520","188421","20220820033000","411","2","嘉義縣","中埔鄉","120.510","23.440","539"
"738","188422","20220820033000","718","1","嘉義縣","中埔鄉","120.495","23.445","563"
"432","188442","20220820033000","453","0","嘉義縣","中埔鄉","120.515","23.410","337"
"261","188445","20220820033000","273","0","嘉義縣","中埔鄉","120.530","23.410","210"
"361","188457","20220820033000","459","0","嘉義縣","中埔鄉","120.505","23.425","273"
"30","188462","20220820033000","39","0","嘉義縣","中埔鄉","120.505","23.375","32"
"145","188463","20220820033000","125","1","嘉義縣","中埔鄉","120.510","23.375","141"
"392","188469","20220820033000","391","1","嘉義縣","鹿草鄉","120.315","23.390","311"
"11","188471","20220820033000","11","1","嘉義縣","鹿草鄉","120.315","23.395","11"
"466","188493","20220820033000","444","1","嘉義縣","鹿草鄉","120.320","23.420","399"
"298","188498","20220820033000","127","3","嘉義縣","鹿草鄉","120.320","23.425","198"
"1044","188503","20220820033000","946","1","嘉義縣","鹿草鄉","120.315","23.410","842"
"13","188507","20220820033000","104","0","嘉義縣","太保市","120.335","23.430","146"
"173","188508","20220820033000","99","3","嘉義縣","太保市","120.340","23.430","161"
"86","188510","20220820033000","80","1","嘉義縣","鹿草鄉","120.350","23.430","96"
"21","188516","20220820033000","263","0","嘉義縣","太保市","120.340","23.440","24"
"34","188554","20220820033000","445","0","嘉義縣","鹿草鄉","120.340","23.400","37"
"261","188555","20220820033000","271","0","嘉義縣","鹿草鄉","120.290","23.375","271"
"44","188574","20220820033000","370","0","嘉義縣","朴子市","120.245","23.415","47"
"47","188579","20220820033000","278","0","嘉義縣","水上鄉","120.355","23.410","47"
"197","188626","20220820033000","164","2","嘉義縣","鹿草鄉","120.345","23.405","196"
"185","188631","20220820033000","168","1","嘉義縣","鹿草鄉","120.330","23.410","172"
"15","188646","20220820033000","74","0","嘉義縣","朴子市","120.290","23.445","12"
"123","188650","20220820033000","81","3","嘉義縣","朴子市","120.280","23.450","116"
"623","188654","20220820033000","643","0","嘉義縣","布袋鎮","120.170","23.375","549"
"210","188666","20220820033000","155","2","嘉義縣","布袋鎮","120.220","23.390","211"
"214","188716","20220820033000","166","2","嘉義縣","阿里山鄉","120.715","23.390","145"
"79","188874","20220820033000","969","0","嘉義縣","太保市","120.345","23.450","85"
"18","188885","20220820033000","285","0","嘉義縣","太保市","120.320","23.445","21"
"40","188892","20220820033000","381","0","嘉義縣","太保市","120.340","23.450","32"
"114","188897","20220820033000","109","1","嘉義縣","朴子市","120.235","23.440","136"
"17","188921","20220820033000","12","2","嘉義縣","朴子市","120.240","23.450","15"
"147","188949","20220820033000","152","0","嘉義縣","朴子市","120.255","23.410","169"
"473","188956","20220820033000","436","1","嘉義縣","朴子市","120.260","23.420","367"
"117","188966","20220820033000","127","0","嘉義縣","東石鄉","120.145","23.455","82"
"542","188983","20220820033000","319","3","嘉義縣","布袋鎮","120.190","23.375","536"
"33","189028","20220820033000","320","0","嘉義縣","太保市","120.295","23.440","30"
"193","189044","20220820033000","155","2","嘉義縣","東石鄉","120.170","23.430","185"
"209","189051","20220820033000","172","2","嘉義縣","東石鄉","120.180","23.440","157"
"32","189105","20220820033000","157","0","嘉義縣","東石鄉","120.185","23.450","28"
"23","189112","20220820033000","229","0","嘉義縣","東石鄉","120.200","23.455","28"
"513","189144","20220820033000","402","2","嘉義縣","布袋鎮","120.165","23.375","523"
"46","189152","20220820033000","376","0","嘉義縣","東石鄉","120.205","23.425","53"
"24","189187","20220820033000","272","0","嘉義縣","水上鄉","120.415","23.430","17"
"779","189189","20220820033000","638","2","嘉義縣","水上鄉","120.415","23.435","594"
"290","189192","20220820033000","274","1","嘉義縣","水上鄉","120.420","23.440","304"
"644","189195","20220820033000","670","0","嘉義縣","布袋鎮","120.180","23.375","530"
"108","189210","20220820033000","123","0","嘉義縣","布袋鎮","120.200","23.400","86"
"218","189225","20220820033000","189","1","嘉義縣","水上鄉","120.420","23.430","155"
"780","189233","20220820033000","575","2","嘉義縣","水上鄉","120.425","23.440","789"
"36","189242","20220820033000","195","0","嘉義縣","水上鄉","120.370","23.415","40"
"137","189246","20220820033000","159","0","嘉義縣","水上鄉","120.370","23.420","111"
"42","189248","20220820033000","150","0","嘉義縣","水上鄉","120.360","23.425","40"
"354","189268","20220820033000","329","1","嘉義縣","水上鄉","120.495","23.400","253"
"14","189288","20220820033000","201","0","嘉義縣","水上鄉","120.460","23.415","109"
"111","189292","20220820033000","60","3","嘉義縣","水上鄉","120.450","23.420","99"
"51","189296","20220820033000","53","0","嘉義縣","水上鄉","120.410","23.445","47"
"315","189322","20220820033000","326","0","嘉義縣","水上鄉","120.370","23.440","249"
"48","189337","20220820033000","643","0","嘉義縣","水上鄉","120.360","23.445","57"
"293","189343","20220820033000","335","0","嘉義縣","水上鄉","120.425","23.445","290"
"1225","189344","20220820033000","1012","2","嘉義縣","水上鄉","120.430","23.445","1209"
"69","189349","20220820033000","49","2","嘉義縣","水上鄉","120.435","23.415","88"
"436","189350","20220820033000","382","1","嘉義縣","水上鄉","120.430","23.420","311"
"746","189351","20220820033000","655","1","嘉義縣","水上鄉","120.435","23.420","549"
"118","189364","20220820033000","75","3","嘉義縣","布袋鎮","120.150","23.375","108"
"375","189365","20220820033000","287","2","嘉義縣","布袋鎮","120.155","23.375","285"
"239","189369","20220820033000","168","2","嘉義縣","布袋鎮","120.150","23.380","248"
"478","189370","20220820033000","387","2","嘉義縣","布袋鎮","120.155","23.380","474"
"68","189382","20220820033000","865","0","嘉義縣","水上鄉","120.470","23.435","73"
"123","189385","20220820033000","120","1","嘉義縣","水上鄉","120.385","23.405","109"
"57","189387","20220820033000","70","0","嘉義縣","水上鄉","120.390","23.410","50"
"254","189388","20220820033000","186","2","嘉義縣","水上鄉","120.385","23.415","258"
"323","189389","20220820033000","421","0","嘉義縣","水上鄉","120.385","23.420","241"
"21","189392","20220820033000","19","1","嘉義縣","水上鄉","120.405","23.450","15"
"439","189393","20220820033000","511","0","嘉義縣","水上鄉","120.435","23.445","446"
"188","189396","20220820033000","368","0","嘉義縣","水上鄉","120.400","23.425","156"
"59","189397","20220820033000","388","0","嘉義縣","水上鄉","120.395","23.430","53"
"1454","189399","20220820033000","1256","1","嘉義縣","水上鄉","120.400","23.430","990"
"246","189411","20220820033000","313","0","嘉義縣","水上鄉","120.390","23.425","184"
"66","189413","20220820033000","658","0","嘉義縣","水上鄉","120.395","23.435","54"
"416","189416","20220820033000","453","0","嘉義縣","水上鄉","120.400","23.435","327"
"391","189439","20220820033000","348","1","嘉義縣","水上鄉","120.420","23.420","288"
"73","189459","20220820033000","109","0","嘉義縣","水上鄉","120.385","23.425","64"
"418","189461","20220820033000","387","1","嘉義縣","水上鄉","120.380","23.430","310"
"302","189463","20220820033000","349","0","嘉義縣","水上鄉","120.390","23.430","231"
"918","189474","20220820033000","825","1","嘉義縣","鹿草鄉","120.295","23.380","691"
"183","189491","20220820033000","169","1","嘉義縣","鹿草鄉","120.270","23.395","159"
"282","189518","20220820033000","273","1","嘉義縣","鹿草鄉","120.305","23.415","286"
"26","189555","20220820033000","92","0","嘉義縣","鹿草鄉","120.285","23.435","35"
"62","189575","20220820033000","311","0","嘉義縣","朴子市","120.245","23.430","51"
"511","189579","20220820033000","494","1","嘉義縣","朴子市","120.245","23.435","374"
"154","189583","20220820033000","146","1","嘉義縣","朴子市","120.250","23.440","162"
"1356","189591","20220820033000","1584","0","嘉義縣","東石鄉","120.180","23.420","1017"
"326","189607","20220820033000","294","1","嘉義縣","番路鄉","120.660","23.420","233"
"196","189608","20220820033000","93","3","嘉義縣","番路鄉","120.650","23.425","118"
"42","189630","20220820033000","39","1","嘉義縣","番路鄉","120.640","23.440","35"
"177","189633","20220820033000","131","2","嘉義縣","番路鄉","120.655","23.440","126"
"23","189645","20220820033000","26","0","嘉義縣","番路鄉","120.645","23.440","24"
"210","189663","20220820033000","171","2","嘉義縣","番路鄉","120.670","23.445","190"
"183","189673","20220820033000","107","3","嘉義縣","番路鄉","120.645","23.400","152"
"38","189685","20220820033000","36","1","嘉義縣","番路鄉","120.650","23.405","51"
"33","189703","20220820033000","23","2","嘉義縣","番路鄉","120.640","23.415","30"
"65","189705","20220820033000","37","3","嘉義縣","番路鄉","120.605","23.420","67"
"26","189724","20220820033000","29","0","嘉義縣","番路鄉","120.610","23.430","24"
"15","189740","20220820033000","11","2","嘉義縣","番路鄉","120.610","23.445","15"
"107","189756","20220820033000","80","2","嘉義縣","番路鄉","120.620","23.375","77"
"162","189823","20220820033000","138","1","嘉義縣","番路鄉","120.600","23.435","105"
"191","189837","20220820033000","198","0","嘉義縣","番路鄉","120.580","23.450","169"
"373","189852","20220820033000","266","2","嘉義縣","布袋鎮","120.170","23.385","286"
"189","189978","20220820033000","140","2","嘉義縣","阿里山鄉","120.665","23.380","118"
"13","189981","20220820033000","13","1","嘉義縣","阿里山鄉","120.680","23.380","14"
"103","190321","20220820033000","115","0","嘉義縣","阿里山鄉","120.750","23.440","131"
"58","190374","20220820033000","44","2","嘉義縣","阿里山鄉","120.755","23.450","51"
"187","190402","20220820033000","158","1","嘉義縣","義竹鄉","120.245","23.385","158"
"343","190407","20220820033000","275","2","嘉義縣","義竹鄉","120.240","23.375","226"
"138","192504","20220820033000","90","3","澎湖縣","馬公市","119.515","23.485","118"
"245","192620","20220820033000","274","0","嘉義縣","東石鄉","120.165","23.490","201"
"135","192621","20220820033000","77","3","花蓮縣","豐濱鄉","121.510","23.490","136"
"30","194053","20220820033000","91","0","澎湖縣","馬公市","119.515","23.510","21"
"342","194584","20220820033000","340","1","澎湖縣","馬公市","119.595","23.520","261"
"364","194849","20220820033000","312","1","澎湖縣","馬公市","119.580","23.525","292"
"158","194852","20220820033000","139","1","澎湖縣","馬公市","119.595","23.525","98"
"1343","194945","20220820033000","1034","2","嘉義市","東區","120.455","23.495","1362"
"301","194952","20220820033000","189","3","嘉義市","東區","120.485","23.460","314"
"56","194954","20220820033000","54","1","嘉義市","東區","120.495","23.460","54"
"39","194959","20220820033000","34","1","嘉義市","東區","120.485","23.470","30"
"27","194963","20220820033000","28","0","嘉義市","東區","120.490","23.475","17"
"629","194965","20220820033000","1006","0","嘉義市","西區","120.435","23.460","480"
"838","194966","20220820033000","1622","0","嘉義市","西區","120.440","23.460","840"
"512","194967","20220820033000","397","2","嘉義市","西區","120.445","23.460","533"
"11","194968","20220820033000","39","0","嘉義市","西區","120.440","23.475","15"
"822","194969","20220820033000","501","3","嘉義市","西區","120.440","23.490","838"
"1468","194970","20220820033000","1201","2","嘉義市","東區","120.460","23.480","1284"
"866","194971","20220820033000","776","1","嘉義市","東區","120.450","23.480","844"
"1083","194972","20220820033000","765","2","嘉義市","東區","120.450","23.490","806"
"332","194973","20220820033000","1932","0","嘉義市","東區","120.450","23.495","272"
"1197","194974","20220820033000","916","2","嘉義市","西區","120.415","23.485","923"
"557","194975","20220820033000","649","0","嘉義市","西區","120.405","23.490","402"
"1087","194980","20220820033000","2387","0","嘉義市","西區","120.425","23.475","1108"
"593","194981","20220820033000","608","0","嘉義市","西區","120.430","23.470","456"
"76","194985","20220820033000","1658","0","嘉義市","東區","120.470","23.490","80"
"453","194986","20220820033000","464","0","嘉義市","東區","120.470","23.495","471"
"426","194988","20220820033000","368","1","嘉義市","東區","120.480","23.495","411"
"866","194993","20220820033000","709","2","嘉義市","東區","120.450","23.500","834"
"40","194994","20220820033000","502","0","嘉義市","東區","120.450","23.505","42"
"739","194995","20220820033000","651","1","嘉義市","東區","120.455","23.505","752"
"197","194996","20220820033000","210","0","嘉義市","東區","120.445","23.510","168"
"492","195001","20220820033000","1451","0","嘉義市","東區","120.485","23.485","483"
"444","195002","20220820033000","380","1","嘉義市","東區","120.490","23.480","447"
"1559","195003","20220820033000","1235","2","嘉義市","東區","120.455","23.490","1362"
"2230","195004","20220820033000","2103","1","嘉義市","東區","120.455","23.480","2162"
"457","195006","20220820033000","283","3","嘉義市","西區","120.420","23.480","464"
"961","195007","20220820033000","1025","0","嘉義市","西區","120.430","23.480","710"
"514","195008","20220820033000","501","1","嘉義市","西區","120.420","23.490","567"
"996","195009","20220820033000","2618","0","嘉義市","西區","120.430","23.465","775"
"1288","195011","20220820033000","864","2","嘉義市","西區","120.425","23.485","1218"
"898","195012","20220820033000","1866","0","嘉義市","西區","120.435","23.480","849"
"1602","195013","20220820033000","2053","0","嘉義市","西區","120.430","23.485","1620"
"35","195015","20220820033000","33","1","嘉義市","西區","120.395","23.490","16"
"148","195016","20220820033000","95","3","嘉義市","西區","120.400","23.490","109"
"22","195017","20220820033000","22","1","嘉義市","西區","120.390","23.495","22"
"1869","195022","20220820033000","1193","3","嘉義市","西區","120.440","23.480","1760"
"688","195024","20220820033000","431","3","嘉義市","西區","120.430","23.495","513"
"59","195025","20220820033000","1461","0","嘉義市","西區","120.425","23.490","66"
"2016","195033","20220820033000","1140","3","嘉義市","東區","120.450","23.475","1949"
"1691","195036","20220820033000","1028","3","嘉義市","東區","120.450","23.460","1731"
"2364","195037","20220820033000","1892","2","嘉義市","東區","120.455","23.455","2105"
"85","195038","20220820033000","1867","0","嘉義市","西區","120.435","23.470","81"
"258","195039","20220820033000","244","1","嘉義市","西區","120.430","23.455","261"
"23","195040","20220820033000","440","0","嘉義市","西區","120.430","23.460","28"
"80","195041","20220820033000","1197","0","嘉義市","西區","120.440","23.485","82"
"116","195042","20220820033000","69","3","嘉義市","西區","120.395","23.465","101"
"389","195047","20220820033000","343","1","嘉義市","西區","120.405","23.470","432"
"424","195049","20220820033000","391","1","嘉義市","西區","120.405","23.475","428"
"50","195053","20220820033000","566","0","嘉義市","西區","120.445","23.500","47"
"1575","195054","20220820033000","1832","0","嘉義市","東區","120.465","23.490","1587"
"27","195055","20220820033000","16","3","嘉義市","東區","120.465","23.495","27"
"499","195056","20220820033000","266","3","嘉義市","東區","120.460","23.470","470"
"1968","195057","20220820033000","1097","3","嘉義市","東區","120.470","23.480","1848"
"42","195058","20220820033000","744","0","嘉義市","東區","120.465","23.475","38"
"2091","195060","20220820033000","1749","1","嘉義市","西區","120.435","23.475","2068"
"1451","195061","20220820033000","770","3","嘉義市","西區","120.440","23.465","1377"
"15","195062","20220820033000","399","0","嘉義市","西區","120.450","23.465","15"
"1266","195064","20220820033000","1952","0","嘉義市","西區","120.440","23.470","1269"
"15","195065","20220820033000","11","2","嘉義市","東區","120.455","23.485","14"
"43","195066","20220820033000","602","0","嘉義市","東區","120.450","23.485","45"
"587","195069","20220820033000","531","1","嘉義市","西區","120.415","23.475","572"
"1348","195073","20220820033000","3068","0","嘉義市","西區","120.440","23.455","1338"
"2722","195075","20220820033000","2454","1","嘉義市","西區","120.445","23.475","2706"
"1867","195076","20220820033000","2037","0","嘉義市","東區","120.465","23.465","1833"
"1218","195083","20220820033000","830","2","嘉義市","東區","120.445","23.515","1234"
"373","195084","20220820033000","769","0","嘉義市","東區","120.465","23.480","363"
"494","195086","20220820033000","777","0","嘉義市","東區","120.480","23.465","382"
"1223","195090","20220820033000","804","3","嘉義市","東區","120.475","23.475","1074"
"43","195093","20220820033000","657","0","嘉義市","東區","120.470","23.485","34"
"834","195094","20220820033000","560","2","嘉義市","東區","120.475","23.485","854"
"19","195098","20220820033000","14","2","嘉義市","東區","120.500","23.475","22"
"18","195100","20220820033000","288","0","嘉義市","東區","120.485","23.480","17"
"671","195103","20220820033000","486","2","嘉義市","東區","120.500","23.480","683"
"508","195108","20220820033000","392","2","嘉義市","東區","120.490","23.485","534"
"14","195109","20220820033000","11","2","嘉義市","東區","120.495","23.485","16"
"35","195113","20220820033000","706","0","嘉義市","東區","120.470","23.475","51"
"863","195114","20220820033000","609","2","嘉義市","東區","120.455","23.500","894"
"146","195115","20220820033000","105","2","嘉義市","東區","120.475","23.490","135"
"731","195118","20220820033000","597","2","嘉義市","東區","120.480","23.490","750"
"946","195120","20220820033000","1891","0","嘉義市","東區","120.455","23.475","947"
"1442","195121","20220820033000","1585","0","嘉義市","西區","120.430","23.490","1061"
"71","195122","20220820033000","869","0","嘉義市","西區","120.435","23.485","72"
"86","195123","20220820033000","975","0","嘉義市","西區","120.435","23.490","96"
"634","195124","20220820033000","625","1","嘉義市","西區","120.450","23.470","620"
"748","195127","20220820033000","446","3","嘉義市","東區","120.470","23.470","783"
"31","195128","20220820033000","662","0","嘉義市","東區","120.475","23.480","31"
"479","195129","20220820033000","463","1","嘉義市","東區","120.465","23.485","488"
"35","195131","20220820033000","36","0","嘉義市","東區","120.480","23.480","29"
"845","195133","20220820033000","779","1","嘉義市","東區","120.460","23.490","873"
"52","195139","20220820033000","543","0","嘉義市","西區","120.405","23.480","47"
"436","195147","20220820033000","303","2","嘉義市","西區","120.415","23.465","454"
"72","195148","20220820033000","1786","0","嘉義市","西區","120.420","23.465","69"
"1019","195150","20220820033000","753","2","嘉義市","西區","120.415","23.470","999"
"63","195151","20220820033000","63","1","嘉義市","西區","120.420","23.470","67"
"802","195154","20220820033000","454","3","嘉義市","西區","120.440","23.495","799"
"93","195158","20220820033000","90","1","嘉義市","東區","120.430","23.505","82"
"192","195159","20220820033000","121","3","嘉義市","西區","120.435","23.505","188"
"784","195160","20220820033000","793","0","嘉義市","西區","120.445","23.485","691"
"1822","195161","20220820033000","1429","2","嘉義市","東區","120.460","23.465","1789"
"661","195162","20220820033000","1355","0","嘉義市","西區","120.445","23.470","697"
"137","195164","20220820033000","97","2","嘉義市","西區","120.425","23.465","136"
"56","195165","20220820033000","75","0","嘉義市","西區","120.425","23.480","57"
"1609","195166","20220820033000","1150","2","嘉義市","西區","120.445","23.480","1517"
"834","195167","20220820033000","857","0","嘉義市","東區","120.460","23.455","650"
"298","195169","20220820033000","264","1","嘉義市","東區","120.465","23.460","305"
"1282","195170","20220820033000","1445","0","嘉義市","東區","120.455","23.465","1335"
"626","195171","20220820033000","480","2","嘉義市","東區","120.455","23.470","626"
"584","195183","20220820033000","467","2","澎湖縣","馬公市","119.590","23.515","419"
"400","195202","20220820033000","221","3","澎湖縣","馬公市","119.605","23.525","295"
"204","195219","20220820033000","137","2","花蓮縣","瑞穗鄉","121.375","23.495","190"
"33","195220","20220820033000","69","0","花蓮縣","瑞穗鄉","121.375","23.500","31"
"443","195222","20220820033000","354","2","花蓮縣","瑞穗鄉","121.375","23.505","489"
"336","195231","20220820033000","215","3","花蓮縣","瑞穗鄉","121.390","23.490","333"
"1577","195232","20220820033000","1159","2","花蓮縣","瑞穗鄉","121.380","23.495","1483"
"114","195268","20220820033000","55","3","花蓮縣","瑞穗鄉","121.355","23.465","94"
"97","195289","20220820033000","73","2","花蓮縣","瑞穗鄉","121.360","23.475","77"
"525","195291","20220820033000","294","3","花蓮縣","瑞穗鄉","121.370","23.475","387"
"64","195336","20220820033000","28","3","花蓮縣","瑞穗鄉","121.390","23.520","69"
"13","195428","20220820033000","12","1","花蓮縣","瑞穗鄉","121.435","23.490","13"
"126","195430","20220820033000","53","3","花蓮縣","瑞穗鄉","121.445","23.490","94"
"264","196332","20220820033000","157","3","花蓮縣","瑞穗鄉","121.375","23.515","201"
"83","196345","20220820033000","44","3","花蓮縣","瑞穗鄉","121.360","23.480","76"
"324","196360","20220820033000","193","3","花蓮縣","瑞穗鄉","121.355","23.490","293"
"392","196364","20220820033000","269","2","花蓮縣","瑞穗鄉","121.375","23.490","345"
"84","196368","20220820033000","46","3","花蓮縣","瑞穗鄉","121.360","23.495","85"
"228","196453","20220820033000","158","2","花蓮縣","卓溪鄉","121.325","23.490","197"
"281","196567","20220820033000","179","3","花蓮縣","豐濱鄉","121.505","23.470","295"
"77","196575","20220820033000","38","3","花蓮縣","豐濱鄉","121.505","23.475","66"
"104","196592","20220820033000","51","3","花蓮縣","豐濱鄉","121.510","23.480","101"
"63","196639","20220820033000","48","2","花蓮縣","豐濱鄉","121.500","23.455","62"
"329","196667","20220820033000","128","3","花蓮縣","玉里鎮","121.405","23.465","235"
"210","196709","20220820033000","62","3","花蓮縣","玉里鎮","121.395","23.455","155"
"999","196774","20220820033000","791","2","嘉義縣","中埔鄉","120.465","23.455","1006"
"1128","196781","20220820033000","1677","0","嘉義縣","民雄鄉","120.430","23.520","865"
"451","196789","20220820033000","496","0","嘉義縣","民雄鄉","120.440","23.515","417"
"370","196793","20220820033000","254","2","嘉義縣","六腳鄉","120.290","23.520","272"
"705","196815","20220820033000","650","1","嘉義縣","六腳鄉","120.250","23.510","510"
"37","196825","20220820033000","35","1","嘉義縣","六腳鄉","120.225","23.485","40"
"129","196836","20220820033000","115","1","嘉義縣","六腳鄉","120.285","23.500","142"
"289","196856","20220820033000","187","3","雲林縣","水林鄉","120.225","23.505","221"
"48","196879","20220820033000","363","0","嘉義縣","六腳鄉","120.245","23.485","47"
"327","196886","20220820033000","188","3","嘉義縣","民雄鄉","120.415","23.525","263"
"45","196888","20220820033000","19","3","嘉義縣","民雄鄉","120.425","23.525","59"
"34","196895","20220820033000","177","0","嘉義縣","太保市","120.310","23.460","36"
"58","196913","20220820033000","88","0","嘉義縣","新港鄉","120.375","23.515","77"
"143","196921","20220820033000","648","0","嘉義縣","新港鄉","120.380","23.525","128"
"394","196935","20220820033000","355","1","嘉義縣","六腳鄉","120.280","23.505","309"
"467","196963","20220820033000","558","0","嘉義縣","六腳鄉","120.310","23.500","475"
"965","197018","20220820033000","825","1","嘉義縣","太保市","120.335","23.490","733"
"667","197019","20220820033000","492","2","嘉義縣","太保市","120.340","23.495","683"
"1319","197036","20220820033000","2333","0","嘉義縣","太保市","120.365","23.500","1056"
"20","197041","20220820033000","93","0","嘉義縣","太保市","120.360","23.510","18"
"665","197046","20220820033000","592","1","嘉義縣","太保市","120.370","23.500","688"
"16","197053","20220820033000","17","0","嘉義縣","六腳鄉","120.265","23.525","19"
"394","197055","20220820033000","314","2","嘉義縣","六腳鄉","120.275","23.525","330"
"189","197536","20220820033000","157","2","南投縣","信義鄉","120.870","23.470","146"
"19","197634","20220820033000","19","1","南投縣","信義鄉","120.825","23.510","13"
"447","197682","20220820033000","823","0","嘉義縣","民雄鄉","120.440","23.520","329"
"1064","197684","20220820033000","1236","0","嘉義縣","民雄鄉","120.440","23.525","815"
"1142","197685","20220820033000","1631","0","嘉義縣","民雄鄉","120.445","23.525","876"
"52","197686","20220820033000","47","1","嘉義縣","民雄鄉","120.450","23.525","52"
"82","197696","20220820033000","67","2","嘉義縣","民雄鄉","120.425","23.510","83"
"507","197703","20220820033000","385","2","嘉義縣","民雄鄉","120.465","23.505","471"
"588","197710","20220820033000","461","2","嘉義縣","民雄鄉","120.475","23.515","449"
"25","197714","20220820033000","51","0","嘉義縣","民雄鄉","120.480","23.520","41"
"157","197719","20220820033000","99","3","雲林縣","水林鄉","120.205","23.530","143"
"17","197727","20220820033000","141","0","嘉義縣","太保市","120.380","23.490","14"
"320","197729","20220820033000","230","2","嘉義縣","太保市","120.370","23.495","269"
"223","197749","20220820033000","103","3","嘉義縣","太保市","120.385","23.480","172"
"779","197755","20220820033000","762","1","嘉義縣","朴子市","120.285","23.465","846"
"113","197756","20220820033000","75","3","嘉義縣","朴子市","120.290","23.465","88"
"36","197762","20220820033000","23","3","嘉義縣","太保市","120.290","23.470","29"
"23","197764","20220820033000","231","0","嘉義縣","太保市","120.290","23.475","20"
"197","197766","20220820033000","147","2","嘉義縣","朴子市","120.240","23.470","209"
"19","197770","20220820033000","74","0","嘉義縣","新港鄉","120.310","23.515","13"
"17","197781","20220820033000","95","0","嘉義縣","新港鄉","120.330","23.520","15"
"29","197788","20220820033000","398","0","嘉義縣","朴子市","120.285","23.455","33"
"18","197789","20220820033000","149","0","嘉義縣","朴子市","120.290","23.455","12"
"215","197794","20220820033000","844","0","嘉義縣","朴子市","120.285","23.460","223"
"23","197795","20220820033000","187","0","嘉義縣","朴子市","120.290","23.460","24"
"732","197796","20220820033000","740","0","嘉義縣","朴子市","120.265","23.465","695"
"47","197797","20220820033000","434","0","嘉義縣","朴子市","120.255","23.455","56"
"62","197799","20220820033000","48","2","嘉義縣","朴子市","120.265","23.455","52"
"509","197800","20220820033000","271","3","嘉義縣","朴子市","120.250","23.460","506"
"68","197802","20220820033000","56","2","嘉義縣","朴子市","120.260","23.460","72"
"344","197804","20220820033000","240","2","嘉義縣","朴子市","120.255","23.465","334"
"82","197820","20220820033000","85","0","嘉義縣","新港鄉","120.365","23.515","87"
"53","197822","20220820033000","177","0","嘉義縣","新港鄉","120.350","23.520","51"
"31","197827","20220820033000","461","0","嘉義縣","新港鄉","120.355","23.520","38"
"23","197830","20220820033000","128","0","嘉義縣","新港鄉","120.330","23.510","29"
"53","197832","20220820033000","63","0","嘉義縣","新港鄉","120.340","23.510","58"
"94","197837","20220820033000","100","0","嘉義縣","新港鄉","120.340","23.515","103"
"75","197862","20220820033000","78","0","嘉義縣","阿里山鄉","120.790","23.505","80"
"349","197867","20220820033000","228","3","嘉義縣","阿里山鄉","120.810","23.515","221"
"201","197868","20220820033000","94","3","嘉義縣","阿里山鄉","120.815","23.515","117"
"292","197899","20220820033000","250","1","嘉義縣","太保市","120.335","23.475","222"
"237","197906","20220820033000","275","0","嘉義縣","太保市","120.345","23.480","186"
"29","197913","20220820033000","157","0","嘉義縣","太保市","120.300","23.465","24"
"83","197940","20220820033000","47","3","南投縣","信義鄉","120.890","23.490","59"
"106","198035","20220820033000","115","0","雲林縣","水林鄉","120.230","23.515","94"
"587","198046","20220820033000","450","2","雲林縣","水林鄉","120.230","23.520","622"
"1596","198052","20220820033000","1235","2","嘉義縣","朴子市","120.245","23.470","1321"
"27","198053","20220820033000","521","0","嘉義縣","六腳鄉","120.250","23.470","43"
"61","198057","20220820033000","1012","0","嘉義縣","朴子市","120.245","23.465","75"
"80","198066","20220820033000","1015","0","嘉義縣","朴子市","120.240","23.465","77"
"320","198068","20220820033000","230","2","嘉義縣","朴子市","120.225","23.460","330"
"124","198071","20220820033000","975","0","嘉義縣","朴子市","120.235","23.465","121"
"436","198076","20220820033000","394","1","嘉義縣","朴子市","120.270","23.480","606"
"41","198087","20220820033000","183","0","嘉義縣","太保市","120.355","23.465","57"
"1751","198089","20220820033000","2475","0","嘉義縣","太保市","120.380","23.500","1277"
"744","198129","20220820033000","408","3","嘉義縣","太保市","120.325","23.455","578"
"34","198131","20220820033000","334","0","嘉義縣","太保市","120.335","23.455","35"
"42","198135","20220820033000","326","0","嘉義縣","太保市","120.335","23.460","32"
"41","198141","20220820033000","593","0","嘉義縣","太保市","120.295","23.455","35"
"72","198144","20220820033000","755","0","嘉義縣","太保市","120.295","23.460","63"
"265","198164","20220820033000","186","2","嘉義縣","東石鄉","120.170","23.480","194"
"15","198175","20220820033000","13","1","嘉義縣","東石鄉","120.195","23.465","13"
"36","198190","20220820033000","34","1","嘉義縣","東石鄉","120.145","23.465","37"
"36","198208","20220820033000","46","0","嘉義縣","梅山鄉","120.710","23.520","46"
"156","198214","20220820033000","146","1","嘉義縣","梅山鄉","120.710","23.525","135"
"657","198237","20220820033000","628","1","嘉義縣","東石鄉","120.170","23.465","501"
"482","198282","20220820033000","519","0","嘉義縣","東石鄉","120.185","23.490","406"
"898","198309","20220820033000","802","1","嘉義縣","東石鄉","120.150","23.460","735"
"319","198354","20220820033000","207","3","嘉義縣","東石鄉","120.155","23.500","335"
"163","198358","20220820033000","198","0","嘉義縣","東石鄉","120.175","23.500","164"
"84","198378","20220820033000","88","0","嘉義縣","東石鄉","120.160","23.510","70"
"285","198419","20220820033000","254","1","嘉義縣","梅山鄉","120.660","23.525","209"
"32","198450","20220820033000","29","1","嘉義縣","民雄鄉","120.450","23.520","35"
"159","198452","20220820033000","106","3","嘉義縣","民雄鄉","120.460","23.520","147"
"32","198455","20220820033000","40","0","嘉義縣","民雄鄉","120.455","23.525","35"
"284","198456","20220820033000","329","0","嘉義縣","民雄鄉","120.460","23.525","204"
"176","198457","20220820033000","142","2","嘉義縣","民雄鄉","120.450","23.530","182"
"797","198458","20220820033000","638","2","嘉義縣","民雄鄉","120.455","23.530","801"
"572","198459","20220820033000","444","2","嘉義縣","民雄鄉","120.460","23.530","430"
"131","198474","20220820033000","120","1","嘉義縣","民雄鄉","120.475","23.525","98"
"23","198490","20220820033000","29","0","嘉義縣","新港鄉","120.390","23.515","14"
"43","198491","20220820033000","49","0","嘉義縣","民雄鄉","120.400","23.515","47"
"671","198495","20220820033000","594","1","嘉義縣","民雄鄉","120.410","23.520","519"
"25","198501","20220820033000","45","0","嘉義縣","民雄鄉","120.415","23.520","35"
"723","198503","20220820033000","683","1","嘉義縣","民雄鄉","120.430","23.530","703"
"371","198542","20220820033000","192","3","嘉義縣","六腳鄉","120.300","23.505","397"
"31","198546","20220820033000","36","0","嘉義縣","六腳鄉","120.300","23.515","22"
"14","198646","20220820033000","108","0","嘉義縣","水上鄉","120.375","23.460","19"
"185","198651","20220820033000","160","1","雲林縣","水林鄉","120.210","23.515","200"
"452","198686","20220820033000","476","0","嘉義縣","水上鄉","120.410","23.455","337"
"308","198687","20220820033000","167","3","嘉義縣","水上鄉","120.415","23.455","282"
"856","198691","20220820033000","365","3","嘉義市","西區","120.415","23.460","904"
"55","198693","20220820033000","71","0","嘉義縣","水上鄉","120.420","23.460","52"
"1547","198697","20220820033000","995","3","嘉義縣","六腳鄉","120.295","23.490","1169"
"339","198713","20220820033000","270","2","雲林縣","口湖鄉","120.185","23.525","340"
"702","198720","20220820033000","540","2","嘉義縣","水上鄉","120.400","23.455","487"
"127","198726","20220820033000","1186","0","嘉義縣","朴子市","120.245","23.460","142"
"22","198735","20220820033000","19","1","嘉義縣","六腳鄉","120.260","23.530","18"
"20","198765","20220820033000","14","2","嘉義縣","竹崎鄉","120.580","23.520","13"
"251","198769","20220820033000","245","1","嘉義縣","番路鄉","120.555","23.465","181"
"769","198770","20220820033000","785","0","嘉義縣","番路鄉","120.560","23.465","587"
"324","198785","20220820033000","216","3","嘉義縣","番路鄉","120.505","23.455","207"
"176","198844","20220820033000","130","2","嘉義縣","番路鄉","120.620","23.480","120"
"24","198849","20220820033000","21","1","嘉義縣","番路鄉","120.625","23.485","29"
"74","198869","20220820033000","63","1","嘉義縣","番路鄉","120.540","23.460","86"
"250","198871","20220820033000","222","1","嘉義縣","番路鄉","120.550","23.460","251"
"149","198874","20220820033000","156","0","嘉義縣","番路鄉","120.540","23.465","97"
"20","198875","20220820033000","46","0","嘉義縣","番路鄉","120.535","23.470","16"
"219","198880","20220820033000","150","2","嘉義縣","番路鄉","120.600","23.455","197"
"213","198884","20220820033000","242","0","嘉義縣","番路鄉","120.595","23.460","179"
"76","198885","20220820033000","46","3","嘉義縣","番路鄉","120.600","23.460","64"
"11","198891","20220820033000","154","0","嘉義縣","番路鄉","120.530","23.475","11"
"913","198892","20220820033000","863","1","嘉義縣","番路鄉","120.535","23.475","634"
"164","198893","20220820033000","100","3","嘉義縣","番路鄉","120.510","23.480","119"
"33","198896","20220820033000","62","0","嘉義縣","番路鄉","120.525","23.480","29"
"318","198913","20220820033000","254","2","嘉義縣","竹崎鄉","120.685","23.460","317"
"175","198918","20220820033000","125","2","嘉義縣","竹崎鄉","120.695","23.475","139"
"51","198922","20220820033000","41","2","嘉義縣","竹崎鄉","120.700","23.480","46"
"37","198923","20220820033000","30","2","嘉義縣","竹崎鄉","120.705","23.480","32"
"57","198932","20220820033000","36","3","嘉義縣","竹崎鄉","120.705","23.485","34"
"189","198946","20220820033000","132","2","嘉義縣","竹崎鄉","120.695","23.500","121"
"268","198952","20220820033000","207","2","嘉義縣","竹崎鄉","120.695","23.505","174"
"28","198964","20220820033000","35","0","嘉義縣","竹崎鄉","120.660","23.505","17"
"138","198983","20220820033000","134","1","嘉義縣","竹崎鄉","120.635","23.520","132"
"96","199039","20220820033000","66","2","嘉義縣","竹崎鄉","120.650","23.470","97"
"172","199063","20220820033000","147","1","嘉義縣","竹崎鄉","120.680","23.480","143"
"519","199106","20220820033000","562","0","嘉義縣","竹崎鄉","120.570","23.485","530"
"348","199108","20220820033000","286","2","嘉義縣","竹崎鄉","120.555","23.485","287"
"33","199120","20220820033000","24","2","嘉義縣","竹崎鄉","120.540","23.515","39"
"1343","199122","20220820033000","1262","1","嘉義縣","竹崎鄉","120.550","23.515","1021"
"446","199146","20220820033000","508","0","嘉義縣","竹崎鄉","120.570","23.500","351"
"19","199161","20220820033000","406","0","嘉義縣","竹崎鄉","120.550","23.530","26"
"70","199213","20220820033000","54","2","嘉義縣","竹崎鄉","120.590","23.465","82"
"246","199237","20220820033000","180","2","嘉義縣","竹崎鄉","120.605","23.470","207"
"53","199241","20220820033000","55","0","嘉義縣","竹崎鄉","120.585","23.475","60"
"209","199248","20220820033000","194","1","嘉義縣","竹崎鄉","120.575","23.480","212"
"460","199280","20220820033000","442","1","嘉義縣","竹崎鄉","120.505","23.485","449"
"870","199288","20220820033000","842","1","嘉義縣","竹崎鄉","120.500","23.490","713"
"687","199291","20220820033000","595","1","嘉義縣","竹崎鄉","120.520","23.490","701"
"463","199297","20220820033000","442","1","嘉義縣","竹崎鄉","120.495","23.495","332"
"416","199306","20220820033000","308","2","嘉義縣","竹崎鄉","120.500","23.500","431"
"340","199313","20220820033000","344","0","嘉義縣","竹崎鄉","120.505","23.525","356"
"348","199322","20220820033000","311","1","嘉義縣","竹崎鄉","120.515","23.530","267"
"280","199330","20220820033000","240","1","嘉義縣","竹崎鄉","120.495","23.510","198"
"126","199332","20220820033000","103","2","嘉義縣","竹崎鄉","120.495","23.515","121"
"895","199353","20220820033000","834","1","嘉義縣","竹崎鄉","120.570","23.505","652"
"197","199358","20220820033000","143","2","嘉義縣","竹崎鄉","120.610","23.510","161"
"144","199367","20220820033000","167","0","嘉義縣","竹崎鄉","120.605","23.515","139"
"161","199379","20220820033000","62","3","嘉義縣","竹崎鄉","120.610","23.520","142"
"36","199459","20220820033000","26","2","嘉義縣","阿里山鄉","120.950","23.465","32"
"25","199523","20220820033000","13","3","嘉義縣","阿里山鄉","120.795","23.490","27"
"17","199541","20220820033000","10","3","嘉義縣","阿里山鄉","120.800","23.500","17"
"19","199544","20220820033000","16","1","嘉義縣","阿里山鄉","120.795","23.505","27"
"59","199552","20220820033000","42","2","嘉義縣","阿里山鄉","120.815","23.505","68"
"794","199555","20220820033000","687","1","嘉義縣","阿里山鄉","120.805","23.510","618"
"210","199603","20220820033000","153","2","嘉義縣","阿里山鄉","120.730","23.530","198"
"103","199642","20220820033000","95","1","嘉義縣","阿里山鄉","120.755","23.490","81"
"68","199653","20220820033000","56","2","嘉義縣","阿里山鄉","120.745","23.495","56"
"118","199699","20220820033000","74","3","嘉義縣","阿里山鄉","120.740","23.515","92"
"159","199719","20220820033000","118","2","嘉義縣","阿里山鄉","120.720","23.455","129"
"74","199725","20220820033000","53","2","嘉義縣","阿里山鄉","120.700","23.460","40"
"139","199742","20220820033000","118","1","嘉義縣","阿里山鄉","120.730","23.465","126"
"189","199744","20220820033000","91","3","嘉義縣","竹崎鄉","120.695","23.470","120"
"446","199745","20220820033000","371","2","嘉義縣","阿里山鄉","120.700","23.470","299"
"89","199748","20220820033000","68","2","嘉義縣","阿里山鄉","120.715","23.470","73"
"110","199760","20220820033000","79","2","嘉義縣","阿里山鄉","120.715","23.480","128"
"79","199769","20220820033000","54","2","嘉義縣","阿里山鄉","120.720","23.485","48"
"161","199777","20220820033000","146","1","嘉義縣","阿里山鄉","120.750","23.455","130"
"30","199798","20220820033000","18","3","嘉義縣","阿里山鄉","120.775","23.460","33"
"352","199875","20220820033000","247","2","嘉義縣","竹崎鄉","120.595","23.485","362"
"182","199886","20220820033000","131","2","嘉義縣","竹崎鄉","120.595","23.495","210"
"431","199897","20220820033000","433","0","嘉義縣","竹崎鄉","120.550","23.485","424"
"102","199900","20220820033000","269","0","嘉義縣","竹崎鄉","120.540","23.495","114"
"722","199903","20220820033000","778","0","嘉義縣","竹崎鄉","120.540","23.500","521"
"119","199909","20220820033000","83","2","嘉義縣","竹崎鄉","120.595","23.525","95"
"159","199920","20220820033000","117","2","嘉義縣","竹崎鄉","120.510","23.490","125"
"661","199938","20220820033000","625","1","嘉義縣","竹崎鄉","120.525","23.515","524"
"337","200367","20220820033000","430","0","澎湖縣","馬公市","119.550","23.535","225"
"37","201149","20220820033000","61","0","澎湖縣","馬公市","119.570","23.550","41"
"325","201150","20220820033000","282","1","澎湖縣","馬公市","119.575","23.550","450"
"54","201400","20220820033000","72","0","澎湖縣","馬公市","119.570","23.555","49"
"549","202108","20220820033000","564","0","澎湖縣","西嶼鄉","119.485","23.565","397"
"850","202121","20220820033000","570","2","澎湖縣","馬公市","119.565","23.565","605"
"192","202367","20220820033000","183","1","澎湖縣","馬公市","119.565","23.570","173"
"94","202600","20220820033000","61","3","澎湖縣","西嶼鄉","119.500","23.575","66"
"636","202858","20220820033000","1043","0","澎湖縣","馬公市","119.575","23.580","658"
"161","203106","20220820033000","123","2","澎湖縣","馬公市","119.570","23.585","122"
"737","203108","20220820033000","613","2","澎湖縣","馬公市","119.580","23.585","697"
"202","203109","20220820033000","166","2","澎湖縣","馬公市","119.585","23.585","195"
"15","203624","20220820033000","17","0","澎湖縣","湖西鄉","119.670","23.595","15"
"37","203877","20220820033000","18","3","澎湖縣","湖西鄉","119.640","23.600","30"
"23","203940","20220820033000","33","0","澎湖縣","馬公市","119.570","23.560","24"
"944","203941","20220820033000","831","1","澎湖縣","馬公市","119.570","23.565","630"
"1470","203942","20220820033000","1899","0","澎湖縣","馬公市","119.570","23.570","1088"
"333","203945","20220820033000","343","0","澎湖縣","湖西鄉","119.615","23.570","395"
"32","203947","20220820033000","272","0","澎湖縣","湖西鄉","119.625","23.570","29"
"185","203951","20220820033000","161","1","澎湖縣","馬公市","119.600","23.555","136"
"16","203964","20220820033000","220","0","澎湖縣","湖西鄉","119.620","23.600","18"
"414","203989","20220820033000","261","3","澎湖縣","西嶼鄉","119.480","23.565","408"
"278","203992","20220820033000","201","2","澎湖縣","湖西鄉","119.615","23.595","211"
"119","203994","20220820033000","108","1","澎湖縣","湖西鄉","119.665","23.585","94"
"16","204001","20220820033000","24","0","澎湖縣","馬公市","119.590","23.550","10"
"1713","204013","20220820033000","1177","2","澎湖縣","馬公市","119.600","23.570","1218"
"99","204018","20220820033000","436","0","澎湖縣","馬公市","119.580","23.560","83"
"2249","204021","20220820033000","759","3","澎湖縣","馬公市","119.585","23.565","1205"
"1477","204022","20220820033000","582","3","澎湖縣","馬公市","119.590","23.565","819"
"253","204025","20220820033000","173","2","澎湖縣","湖西鄉","119.630","23.565","164"
"146","204033","20220820033000","226","0","澎湖縣","湖西鄉","119.655","23.565","113"
"369","204042","20220820033000","309","1","澎湖縣","馬公市","119.545","23.540","369"
"170","204045","20220820033000","721","0","澎湖縣","湖西鄉","119.670","23.570","196"
"307","204049","20220820033000","307","1","澎湖縣","馬公市","119.575","23.570","232"
"966","204050","20220820033000","510","3","澎湖縣","馬公市","119.580","23.570","568"
"2982","204052","20220820033000","2880","1","澎湖縣","馬公市","119.575","23.575","2647"
"62","204053","20220820033000","394","0","澎湖縣","馬公市","119.580","23.575","61"
"878","204054","20220820033000","574","3","澎湖縣","馬公市","119.580","23.580","688"
"418","204067","20220820033000","333","2","澎湖縣","馬公市","119.615","23.555","437"
"131","204074","20220820033000","75","3","澎湖縣","湖西鄉","119.620","23.565","95"
"311","204075","20220820033000","304","1","澎湖縣","湖西鄉","119.650","23.570","227"
"587","204080","20220820033000","465","2","澎湖縣","湖西鄉","119.650","23.580","429"
"186","204087","20220820033000","203","0","澎湖縣","西嶼鄉","119.505","23.585","162"
"330","204092","20220820033000","376","0","澎湖縣","西嶼鄉","119.510","23.600","262"
"225","204107","20220820033000","211","1","澎湖縣","馬公市","119.560","23.560","179"
"466","204108","20220820033000","506","0","澎湖縣","馬公市","119.565","23.560","349"
"19","204109","20220820033000","31","0","澎湖縣","馬公市","119.595","23.550","16"
"25","204111","20220820033000","230","0","澎湖縣","馬公市","119.595","23.555","30"
"363","204113","20220820033000","334","1","澎湖縣","馬公市","119.605","23.535","335"
"59","204120","20220820033000","167","0","澎湖縣","馬公市","119.610","23.545","69"
"20","204123","20220820033000","17","1","澎湖縣","馬公市","119.615","23.550","27"
"59","204124","20220820033000","206","0","澎湖縣","馬公市","119.620","23.550","59"
"37","204136","20220820033000","135","0","澎湖縣","湖西鄉","119.640","23.580","45"
"377","204137","20220820033000","354","1","澎湖縣","湖西鄉","119.645","23.580","297"
"193","204161","20220820033000","139","2","澎湖縣","湖西鄉","119.640","23.555","149"
"15","204163","20220820033000","169","0","澎湖縣","湖西鄉","119.635","23.560","15"
"21","204174","20220820033000","503","0","澎湖縣","湖西鄉","119.615","23.590","19"
"87","204179","20220820033000","38","3","澎湖縣","湖西鄉","119.680","23.555","82"
"459","204185","20220820033000","401","1","澎湖縣","湖西鄉","119.670","23.565","344"
"1681","204189","20220820033000","800","3","澎湖縣","馬公市","119.575","23.565","1429"
"55","204191","20220820033000","800","0","澎湖縣","馬公市","119.585","23.555","44"
"787","204192","20220820033000","432","3","澎湖縣","馬公市","119.585","23.560","499"
"37","204194","20220820033000","320","0","澎湖縣","馬公市","119.595","23.560","41"
"1396","204195","20220820033000","1005","2","澎湖縣","馬公市","119.600","23.560","916"
"72","204307","20220820033000","52","2","花蓮縣","瑞穗鄉","121.370","23.575","102"
"305","204313","20220820033000","198","3","花蓮縣","瑞穗鄉","121.375","23.575","394"
"191","204317","20220820033000","152","2","花蓮縣","瑞穗鄉","121.370","23.580","219"
"116","204319","20220820033000","98","1","花蓮縣","瑞穗鄉","121.380","23.580","155"
"48","204320","20220820033000","30","3","花蓮縣","萬榮鄉","121.355","23.585","40"
"124","204355","20220820033000","105","1","花蓮縣","瑞穗鄉","121.385","23.570","173"
"88","204381","20220820033000","65","2","花蓮縣","瑞穗鄉","121.385","23.580","104"
"46","204384","20220820033000","33","2","花蓮縣","瑞穗鄉","121.400","23.580","54"
"171","204421","20220820033000","122","2","花蓮縣","光復鄉","121.390","23.605","180"
"78","204446","20220820033000","34","3","花蓮縣","光復鄉","121.385","23.605","58"
"198","204758","20220820033000","144","2","花蓮縣","瑞穗鄉","121.375","23.540","205"
"29","205305","20220820033000","19","3","花蓮縣","豐濱鄉","121.525","23.575","40"
"106","205386","20220820033000","58","3","花蓮縣","豐濱鄉","121.525","23.595","112"
"182","205403","20220820033000","142","2","花蓮縣","豐濱鄉","121.520","23.600","203"
"63","205422","20220820033000","44","2","花蓮縣","豐濱鄉","121.530","23.605","58"
"17","205447","20220820033000","38","0","花蓮縣","光復鄉","121.420","23.605","20"
"306","205461","20220820033000","309","0","雲林縣","元長鄉","120.350","23.600","321"
"46","205475","20220820033000","53","0","嘉義縣","民雄鄉","120.400","23.555","49"
"474","205481","20220820033000","533","0","嘉義縣","民雄鄉","120.400","23.560","486"
"252","205482","20220820033000","180","2","嘉義縣","溪口鄉","120.405","23.560","240"
"737","205486","20220820033000","572","2","嘉義縣","民雄鄉","120.420","23.550","731"
"28","205488","20220820033000","32","0","嘉義縣","民雄鄉","120.425","23.555","24"
"494","205494","20220820033000","398","2","嘉義縣","民雄鄉","120.380","23.545","482"
"383","205501","20220820033000","348","1","嘉義縣","民雄鄉","120.445","23.560","347"
"399","205502","20220820033000","322","2","嘉義縣","民雄鄉","120.450","23.560","398"
"34","205523","20220820033000","45","0","嘉義縣","民雄鄉","120.450","23.570","37"
"659","205531","20220820033000","627","1","嘉義縣","民雄鄉","120.435","23.565","587"
"46","205537","20220820033000","154","0","嘉義縣","民雄鄉","120.435","23.535","55"
"213","205548","20220820033000","184","1","嘉義縣","六腳鄉","120.295","23.540","183"
"329","205557","20220820033000","284","1","嘉義縣","六腳鄉","120.300","23.550","344"
"93","205571","20220820033000","230","0","雲林縣","水林鄉","120.245","23.605","83"
"90","205579","20220820033000","46","3","雲林縣","水林鄉","120.220","23.595","95"
"13","205586","20220820033000","207","0","雲林縣","水林鄉","120.235","23.605","20"
"51","205593","20220820033000","458","0","嘉義縣","新港鄉","120.345","23.570","44"
"38","205600","20220820033000","376","0","嘉義縣","新港鄉","120.345","23.550","40"
"213","205605","20220820033000","154","2","嘉義縣","新港鄉","120.330","23.560","190"
"99","205606","20220820033000","78","2","嘉義縣","新港鄉","120.335","23.560","100"
"17","205615","20220820033000","136","0","嘉義縣","新港鄉","120.340","23.575","17"
"341","205623","20220820033000","296","1","雲林縣","元長鄉","120.335","23.610","348"
"163","205641","20220820033000","171","0","嘉義縣","新港鄉","120.350","23.590","181"
"19","205649","20220820033000","355","0","嘉義縣","新港鄉","120.315","23.550","29"
"85","205670","20220820033000","24","3","雲林縣","口湖鄉","120.170","23.605","89"
"335","206056","20220820033000","371","0","南投縣","信義鄉","120.925","23.560","262"
"570","206426","20220820033000","538","1","南投縣","信義鄉","120.895","23.595","520"
"14","206748","20220820033000","10","2","雲林縣","北港鎮","120.285","23.555","13"
"1037","206759","20220820033000","954","1","嘉義縣","溪口鄉","120.400","23.605","789"
"710","206766","20220820033000","600","1","嘉義縣","民雄鄉","120.430","23.550","501"
"1206","206767","20220820033000","944","2","嘉義縣","民雄鄉","120.430","23.555","1058"
"762","206768","20220820033000","697","1","嘉義縣","民雄鄉","120.435","23.555","709"
"474","206781","20220820033000","311","3","雲林縣","北港鎮","120.325","23.585","492"
"78","206786","20220820033000","879","0","雲林縣","北港鎮","120.295","23.575","65"
"222","206789","20220820033000","284","0","雲林縣","北港鎮","120.300","23.580","233"
"611","206790","20220820033000","636","0","雲林縣","北港鎮","120.305","23.580","640"
"63","206794","20220820033000","51","2","雲林縣","北港鎮","120.310","23.585","68"
"55","206797","20220820033000","617","0","雲林縣","北港鎮","120.310","23.590","54"
"329","206815","20220820033000","267","2","嘉義縣","大林鎮","120.465","23.600","259"
"354","206822","20220820033000","227","3","嘉義縣","大林鎮","120.470","23.605","354"
"55","206825","20220820033000","534","0","嘉義縣","大林鎮","120.485","23.605","51"
"287","206830","20220820033000","300","0","嘉義縣","民雄鄉","120.445","23.545","260"
"24","206834","20220820033000","25","0","嘉義縣","民雄鄉","120.440","23.550","24"
"209","206837","20220820033000","150","2","嘉義縣","民雄鄉","120.455","23.550","154"
"341","206858","20220820033000","365","0","嘉義縣","民雄鄉","120.480","23.535","234"
"100","206869","20220820033000","101","0","嘉義縣","民雄鄉","120.500","23.540","68"
"19","206879","20220820033000","25","0","嘉義縣","民雄鄉","120.415","23.560","21"
"45","206882","20220820033000","36","2","嘉義縣","民雄鄉","120.410","23.565","35"
"10","206903","20220820033000","93","0","雲林縣","水林鄉","120.235","23.580","10"
"361","206905","20220820033000","224","3","雲林縣","水林鄉","120.230","23.585","416"
"913","206940","20220820033000","1214","0","雲林縣","北港鎮","120.300","23.565","957"
"396","206943","20220820033000","256","3","雲林縣","北港鎮","120.310","23.575","399"
"527","206964","20220820033000","323","3","嘉義縣","新港鄉","120.360","23.590","438"
"27","206982","20220820033000","452","0","嘉義縣","新港鄉","120.370","23.555","27"
"347","206991","20220820033000","627","0","嘉義縣","新港鄉","120.350","23.555","287"
"505","206992","20220820033000","418","2","嘉義縣","新港鄉","120.355","23.555","497"
"45","206994","20220820033000","779","0","嘉義縣","新港鄉","120.350","23.560","34"
"553","206997","20220820033000","515","1","嘉義縣","新港鄉","120.320","23.565","578"
"837","207038","20220820033000","525","3","嘉義縣","新港鄉","120.345","23.555","622"
"35","207039","20220820033000","32","1","嘉義縣","新港鄉","120.345","23.560","33"
"26","207051","20220820033000","295","0","嘉義縣","新港鄉","120.375","23.560","23"
"21","207166","20220820033000","18","1","南投縣","信義鄉","120.915","23.545","13"
"136","207170","20220820033000","111","2","南投縣","信義鄉","120.870","23.550","122"
"122","207172","20220820033000","82","2","南投縣","信義鄉","120.880","23.550","115"
"12","207177","20220820033000","34","0","南投縣","信義鄉","120.905","23.550","18"
"299","207208","20220820033000","227","2","南投縣","信義鄉","120.905","23.565","231"
"38","207242","20220820033000","297","0","南投縣","信義鄉","120.890","23.590","397"
"1000","207256","20220820033000","1357","0","雲林縣","北港鎮","120.305","23.565","996"
"186","207266","20220820033000","172","1","嘉義縣","新港鄉","120.310","23.565","182"
"2054","207275","20220820033000","1626","2","雲林縣","北港鎮","120.290","23.575","2040"
"76","207299","20220820033000","65","1","嘉義縣","梅山鄉","120.600","23.560","63"
"143","207304","20220820033000","118","2","嘉義縣","梅山鄉","120.595","23.565","87"
"289","207305","20220820033000","235","2","嘉義縣","梅山鄉","120.605","23.565","193"
"140","207326","20220820033000","167","0","嘉義縣","梅山鄉","120.625","23.550","105"
"424","207338","20220820033000","422","1","嘉義縣","梅山鄉","120.580","23.545","328"
"1024","207352","20220820033000","1037","0","嘉義縣","梅山鄉","120.555","23.585","749"
"887","207353","20220820033000","925","0","嘉義縣","梅山鄉","120.560","23.585","652"
"502","207356","20220820033000","449","1","嘉義縣","梅山鄉","120.550","23.590","496"
"514","207360","20220820033000","430","1","嘉義縣","大林鎮","120.450","23.605","368"
"38","207367","20220820033000","378","0","嘉義縣","大林鎮","120.525","23.595","20"
"109","207373","20220820033000","320","0","嘉義縣","大林鎮","120.500","23.605","112"
"52","207387","20220820033000","667","0","雲林縣","北港鎮","120.275","23.600","40"
"233","207403","20220820033000","241","0","雲林縣","北港鎮","120.325","23.595","227"
"460","207414","20220820033000","497","0","雲林縣","北港鎮","120.280","23.560","505"
"28","207432","20220820033000","248","0","雲林縣","口湖鄉","120.180","23.605","24"
"184","207435","20220820033000","157","1","雲林縣","古坑鄉","120.540","23.595","141"
"38","207462","20220820033000","113","0","雲林縣","古坑鄉","120.595","23.600","36"
"159","207463","20220820033000","124","2","雲林縣","古坑鄉","120.600","23.600","140"
"163","207465","20220820033000","102","3","雲林縣","古坑鄉","120.610","23.600","173"
"49","207467","20220820033000","34","2","雲林縣","古坑鄉","120.620","23.600","47"
"63","207494","20220820033000","45","2","雲林縣","古坑鄉","120.640","23.605","55"
"15","207498","20220820033000","113","0","雲林縣","古坑鄉","120.570","23.605","15"
"251","207505","20220820033000","243","1","嘉義縣","大林鎮","120.470","23.580","180"
"213","207507","20220820033000","355","0","嘉義縣","大林鎮","120.465","23.585","167"
"69","207511","20220820033000","54","2","嘉義縣","大林鎮","120.505","23.560","44"
"124","207523","20220820033000","251","0","嘉義縣","大林鎮","120.495","23.570","97"
"34","207556","20220820033000","175","0","嘉義縣","大林鎮","120.500","23.580","15"
"11","207558","20220820033000","60","0","嘉義縣","大林鎮","120.510","23.580","11"
"219","207564","20220820033000","237","0","嘉義縣","大林鎮","120.495","23.585","223"
"20","207576","20220820033000","276","0","嘉義縣","大林鎮","120.475","23.590","16"
"240","207578","20220820033000","299","0","嘉義縣","大林鎮","120.465","23.595","229"
"44","207585","20220820033000","20","3","嘉義縣","大林鎮","120.505","23.590","18"
"59","207592","20220820033000","560","0","嘉義縣","大林鎮","120.505","23.595","52"
"53","207596","20220820033000","33","3","嘉義縣","大林鎮","120.505","23.600","50"
"117","207602","20220820033000","139","0","嘉義縣","大林鎮","120.455","23.595","114"
"433","207604","20220820033000","744","0","嘉義縣","大林鎮","120.455","23.600","420"
"1147","207605","20220820033000","1436","0","嘉義縣","大林鎮","120.460","23.600","1180"
"147","207606","20220820033000","137","1","嘉義縣","大林鎮","120.460","23.605","152"
"306","207613","20220820033000","299","1","嘉義縣","大林鎮","120.445","23.610","218"
"17","207617","20220820033000","368","0","嘉義縣","大林鎮","120.445","23.595","22"
"1251","207626","20220820033000","1033","2","嘉義縣","大林鎮","120.455","23.605","1159"
"176","207628","20220820033000","1482","0","雲林縣","水林鄉","120.240","23.570","183"
"497","207634","20220820033000","466","1","雲林縣","水林鄉","120.250","23.575","543"
"14","207650","20220820033000","12","1","雲林縣","水林鄉","120.265","23.535","18"
"238","207670","20220820033000","177","2","嘉義縣","溪口鄉","120.395","23.600","229"
"77","207674","20220820033000","77","1","嘉義縣","梅山鄉","120.575","23.560","88"
"229","207675","20220820033000","238","0","嘉義縣","梅山鄉","120.580","23.560","153"
"774","207684","20220820033000","848","0","嘉義縣","梅山鄉","120.565","23.575","558"
"36","207691","20220820033000","57","0","嘉義縣","梅山鄉","120.580","23.580","38"
"83","207701","20220820033000","45","3","嘉義縣","梅山鄉","120.600","23.565","95"
"38","207703","20220820033000","103","0","嘉義縣","梅山鄉","120.580","23.570","31"
"354","207707","20220820033000","148","3","嘉義縣","梅山鄉","120.595","23.570","272"
"76","207721","20220820033000","83","0","嘉義縣","梅山鄉","120.600","23.575","100"
"506","207727","20220820033000","518","0","嘉義縣","梅山鄉","120.555","23.545","427"
"86","207736","20220820033000","80","1","嘉義縣","梅山鄉","120.545","23.555","61"
"89","207753","20220820033000","53","3","嘉義縣","梅山鄉","120.715","23.535","66"
"33","207756","20220820033000","45","0","嘉義縣","梅山鄉","120.730","23.535","35"
"294","207761","20220820033000","180","3","嘉義縣","梅山鄉","120.710","23.540","243"
"133","207793","20220820033000","108","2","嘉義縣","梅山鄉","120.740","23.555","143"
"145","207860","20220820033000","157","0","雲林縣","古坑鄉","120.695","23.580","138"
"105","207910","20220820033000","75","2","雲林縣","古坑鄉","120.690","23.595","102"
"52","207945","20220820033000","37","2","雲林縣","古坑鄉","120.710","23.605","51"
"12","207962","20220820033000","11","1","雲林縣","古坑鄉","120.575","23.595","18"
"16","207964","20220820033000","16","1","雲林縣","古坑鄉","120.585","23.595","23"
"267","207970","20220820033000","141","3","雲林縣","古坑鄉","120.590","23.585","217"
"193","207983","20220820033000","127","3","雲林縣","古坑鄉","120.595","23.595","153"
"97","207985","20220820033000","65","2","雲林縣","古坑鄉","120.585","23.600","99"
"456","207988","20220820033000","357","2","雲林縣","口湖鄉","120.165","23.535","514"
"731","208006","20220820033000","651","1","雲林縣","口湖鄉","120.185","23.585","694"
"81","208021","20220820033000","71","1","嘉義縣","梅山鄉","120.625","23.570","79"
"221","208025","20220820033000","155","2","嘉義縣","梅山鄉","120.625","23.575","162"
"238","208030","20220820033000","276","0","嘉義縣","新港鄉","120.310","23.570","224"
"30","208049","20220820033000","326","0","雲林縣","口湖鄉","120.160","23.560","30"
"61","208080","20220820033000","221","0","雲林縣","口湖鄉","120.150","23.580","57"
"92","208091","20220820033000","23","3","雲林縣","口湖鄉","120.140","23.585","98"
"372","208131","20220820033000","273","2","嘉義縣","民雄鄉","120.410","23.570","348"
"575","208146","20220820033000","520","1","雲林縣","大埤鄉","120.370","23.610","462"
"716","208152","20220820033000","585","2","嘉義縣","梅山鄉","120.560","23.580","526"
"190","208158","20220820033000","169","1","嘉義縣","梅山鄉","120.560","23.565","185"
"256","208165","20220820033000","272","0","嘉義縣","梅山鄉","120.555","23.575","178"
"126","208171","20220820033000","198","0","嘉義縣","梅山鄉","120.680","23.535","127"
"204","208176","20220820033000","194","1","嘉義縣","梅山鄉","120.665","23.540","143"
"127","208180","20220820033000","91","2","嘉義縣","梅山鄉","120.685","23.540","126"
"325","208200","20220820033000","276","1","嘉義縣","梅山鄉","120.665","23.550","196"
"45","208203","20220820033000","41","1","嘉義縣","梅山鄉","120.680","23.550","31"
"152","208265","20220820033000","105","2","嘉義縣","梅山鄉","120.530","23.580","103"
"11","208273","20220820033000","72","0","嘉義縣","梅山鄉","120.535","23.590","11"
"263","208301","20220820033000","203","2","嘉義縣","梅山鄉","120.525","23.550","256"
"165","208303","20220820033000","196","0","嘉義縣","梅山鄉","120.535","23.550","154"
"410","208323","20220820033000","400","1","嘉義縣","民雄鄉","120.465","23.555","398"
"1192","208324","20220820033000","1615","0","嘉義縣","民雄鄉","120.470","23.555","969"
"93","208325","20220820033000","100","0","嘉義縣","民雄鄉","120.475","23.555","79"
"15","208326","20220820033000","19","0","嘉義縣","民雄鄉","120.480","23.555","17"
"356","208328","20220820033000","597","0","嘉義縣","民雄鄉","120.470","23.560","233"
"347","208329","20220820033000","406","0","嘉義縣","民雄鄉","120.475","23.560","280"
"50","208332","20220820033000","71","0","嘉義縣","民雄鄉","120.475","23.565","19"
"579","208347","20220820033000","436","2","嘉義縣","民雄鄉","120.400","23.535","598"
"42","208352","20220820033000","533","0","嘉義縣","民雄鄉","120.460","23.535","43"
"448","208357","20220820033000","370","2","嘉義縣","民雄鄉","120.460","23.545","428"
"1348","208359","20220820033000","1179","1","嘉義縣","民雄鄉","120.425","23.560","1216"
"10","208360","20220820033000","12","0","嘉義縣","民雄鄉","120.430","23.560","10"
"23","208363","20220820033000","295","0","嘉義縣","民雄鄉","120.425","23.570","32"
"343","208380","20220820033000","170","3","嘉義縣","民雄鄉","120.390","23.545","334"
"516","208390","20220820033000","370","2","嘉義縣","民雄鄉","120.420","23.540","502"
"116","208392","20220820033000","89","2","嘉義縣","民雄鄉","120.430","23.540","116"
"63","208407","20220820033000","176","0","雲林縣","口湖鄉","120.175","23.570","62"
"412","208415","20220820033000","336","2","雲林縣","口湖鄉","120.190","23.575","433"
"417","208452","20220820033000","426","0","嘉義縣","溪口鄉","120.430","23.585","299"
"27","208454","20220820033000","283","0","嘉義縣","溪口鄉","120.440","23.585","20"
"551","208468","20220820033000","546","1","嘉義縣","溪口鄉","120.385","23.595","433"
"279","208486","20220820033000","202","2","嘉義縣","溪口鄉","120.390","23.605","213"
"496","208497","20220820033000","583","0","嘉義縣","六腳鄉","120.300","23.560","550"
"523","208503","20220820033000","639","0","嘉義縣","六腳鄉","120.290","23.535","429"
"64","208508","20220820033000","451","0","雲林縣","口湖鄉","120.180","23.585","50"
"368","208528","20220820033000","274","2","雲林縣","口湖鄉","120.140","23.550","375"
"40","208546","20220820033000","285","0","雲林縣","口湖鄉","120.150","23.565","34"
"210","208554","20220820033000","198","1","雲林縣","水林鄉","120.270","23.565","225"
"1140","208568","20220820033000","925","2","雲林縣","口湖鄉","120.190","23.545","1224"
"114","208573","20220820033000","356","0","雲林縣","北港鎮","120.285","23.610","108"
"1157","208589","20220820033000","1467","0","雲林縣","北港鎮","120.300","23.570","1183"
"740","208590","20220820033000","853","0","雲林縣","北港鎮","120.300","23.575","754"
"39","208617","20220820033000","470","0","雲林縣","水林鄉","120.220","23.560","48"
"28","208629","20220820033000","267","0","雲林縣","水林鄉","120.205","23.575","43"
"10","208633","20220820033000","13","0","雲林縣","水林鄉","120.225","23.535","12"
"463","208638","20220820033000","336","2","雲林縣","水林鄉","120.230","23.540","482"
"92","208647","20220820033000","399","0","雲林縣","水林鄉","120.250","23.550","94"
"155","208695","20220820033000","136","1","嘉義縣","竹崎鄉","120.555","23.540","138"
"117","208704","20220820033000","104","1","嘉義縣","竹崎鄉","120.560","23.540","142"
"89","208793","20220820033000","80","1","嘉義縣","阿里山鄉","120.750","23.570","76"
"55","208821","20220820033000","50","1","嘉義縣","阿里山鄉","120.750","23.580","54"
"34","208866","20220820033000","30","1","嘉義縣","阿里山鄉","120.750","23.590","35"
"106","209129","20220820033000","122","0","澎湖縣","湖西鄉","119.625","23.605","77"
"127","209899","20220820033000","139","0","澎湖縣","白沙鄉","119.570","23.615","100"
"34","209905","20220820033000","260","0","澎湖縣","白沙鄉","119.605","23.615","38"
"90","210790","20220820033000","32","3","花蓮縣","豐濱鄉","121.535","23.635","96"
"75","210927","20220820033000","98","0","澎湖縣","西嶼鄉","119.530","23.635","62"
"251","210940","20220820033000","220","1","澎湖縣","白沙鄉","119.600","23.635","181"
"10","211725","20220820033000","11","0","澎湖縣","白沙鄉","119.630","23.650","10"
"374","212241","20220820033000","246","3","澎湖縣","白沙鄉","119.655","23.660","267"
"775","212745","20220820033000","454","3","澎湖縣","白沙鄉","119.595","23.665","552"
"12","213441","20220820033000","51","0","澎湖縣","白沙鄉","119.555","23.655","10"
"41","213442","20220820033000","13","3","澎湖縣","白沙鄉","119.555","23.660","35"
"24","213444","20220820033000","159","0","澎湖縣","白沙鄉","119.590","23.655","26"
"25","213447","20220820033000","21","1","澎湖縣","白沙鄉","119.600","23.650","21"
"277","213454","20220820033000","126","3","澎湖縣","白沙鄉","119.560","23.660","267"
"143","213465","20220820033000","124","1","澎湖縣","白沙鄉","119.595","23.650","105"
"165","213491","20220820033000","140","1","澎湖縣","西嶼鄉","119.510","23.615","121"
"185","213509","20220820033000","206","0","澎湖縣","西嶼鄉","119.515","23.630","150"
"103","213516","20220820033000","103","1","澎湖縣","西嶼鄉","119.515","23.650","106"
"742","213554","20220820033000","352","3","花蓮縣","光復鄉","121.430","23.675","437"
"111","213627","20220820033000","93","1","花蓮縣","光復鄉","121.420","23.660","82"
"439","213652","20220820033000","308","2","花蓮縣","光復鄉","121.420","23.670","300"
"142","213675","20220820033000","81","3","花蓮縣","光復鄉","121.415","23.680","106"
"145","213820","20220820033000","58","3","花蓮縣","光復鄉","121.430","23.635","94"
"16","213864","20220820033000","174","0","雲林縣","四湖鄉","120.185","23.650","13"
"22","214415","20220820033000","14","3","花蓮縣","豐濱鄉","121.545","23.670","30"
"62","214424","20220820033000","44","2","花蓮縣","豐濱鄉","121.530","23.680","82"
"39","214495","20220820033000","31","2","花蓮縣","豐濱鄉","121.485","23.640","38"
"15","214506","20220820033000","153","0","雲林縣","四湖鄉","120.180","23.650","12"
"59","214521","20220820033000","15","3","雲林縣","四湖鄉","120.185","23.660","47"
"270","214544","20220820033000","245","1","雲林縣","四湖鄉","120.275","23.650","292"
"46","214550","20220820033000","370","0","雲林縣","元長鄉","120.275","23.660","45"
"255","214565","20220820033000","194","2","雲林縣","四湖鄉","120.200","23.640","259"
"62","214566","20220820033000","126","0","雲林縣","四湖鄉","120.205","23.640","80"
"103","214578","20220820033000","366","0","雲林縣","四湖鄉","120.220","23.615","107"
"28","214580","20220820033000","203","0","雲林縣","四湖鄉","120.170","23.640","41"
"487","214640","20220820033000","167","3","花蓮縣","光復鄉","121.450","23.655","323"
"118","214665","20220820033000","139","0","花蓮縣","光復鄉","121.405","23.625","147"
"149","214678","20220820033000","114","2","花蓮縣","光復鄉","121.415","23.645","185"
"37","214691","20220820033000","20","3","花蓮縣","光復鄉","121.415","23.655","31"
"341","214701","20220820033000","200","3","花蓮縣","光復鄉","121.430","23.665","322"
"458","214703","20220820033000","379","2","花蓮縣","光復鄉","121.425","23.670","449"
"700","214705","20220820033000","474","2","花蓮縣","光復鄉","121.420","23.665","671"
"138","214706","20220820033000","87","3","花蓮縣","光復鄉","121.425","23.665","111"
"829","214707","20220820033000","384","3","花蓮縣","光復鄉","121.450","23.660","512"
"223","214728","20220820033000","173","2","雲林縣","元長鄉","120.315","23.675","240"
"28","214731","20220820033000","149","0","雲林縣","元長鄉","120.310","23.680","28"
"32","214762","20220820033000","35","0","雲林縣","元長鄉","120.285","23.640","33"
"268","214797","20220820033000","425","0","雲林縣","元長鄉","120.375","23.645","316"
"136","214824","20220820033000","138","0","雲林縣","東勢鄉","120.260","23.665","147"
"27","214826","20220820033000","271","0","雲林縣","東勢鄉","120.250","23.670","26"
"28","214842","20220820033000","250","0","雲林縣","四湖鄉","120.150","23.625","17"
"26","214846","20220820033000","120","0","雲林縣","口湖鄉","120.155","23.630","36"
"437","214854","20220820033000","331","2","雲林縣","斗南鎮","120.440","23.685","424"
"727","214857","20220820033000","571","2","雲林縣","斗南鎮","120.485","23.685","723"
"143","214861","20220820033000","86","3","雲林縣","斗南鎮","120.490","23.640","159"
"312","214868","20220820033000","331","0","雲林縣","斗南鎮","120.430","23.670","276"
"281","214876","20220820033000","175","3","雲林縣","斗南鎮","120.445","23.675","291"
"1535","214886","20220820033000","1355","1","雲林縣","斗南鎮","120.475","23.665","1438"
"24","214887","20220820033000","209","0","雲林縣","大埤鄉","120.455","23.670","19"
"466","214890","20220820033000","369","2","雲林縣","斗南鎮","120.470","23.670","473"
"1775","214891","20220820033000","1653","1","雲林縣","斗南鎮","120.475","23.670","1772"
"568","214896","20220820033000","623","0","雲林縣","斗南鎮","120.470","23.675","595"
"103","214922","20220820033000","70","2","南投縣","鹿谷鄉","120.790","23.670","88"
"95","214931","20220820033000","46","3","南投縣","鹿谷鄉","120.790","23.675","85"
"344","214932","20220820033000","215","3","南投縣","鹿谷鄉","120.800","23.670","258"
"230","214936","20220820033000","180","2","南投縣","鹿谷鄉","120.795","23.675","186"
"132","214937","20220820033000","89","2","南投縣","鹿谷鄉","120.800","23.675","114"
"465","214940","20220820033000","233","3","南投縣","鹿谷鄉","120.795","23.680","260"
"338","214967","20220820033000","482","0","雲林縣","斗南鎮","120.485","23.640","356"
"448","214975","20220820033000","419","1","雲林縣","斗南鎮","120.480","23.665","448"
"419","214978","20220820033000","205","3","雲林縣","斗南鎮","120.485","23.670","448"
"61","215001","20220820033000","348","0","雲林縣","土庫鎮","120.390","23.665","57"
"564","215006","20220820033000","507","1","雲林縣","土庫鎮","120.380","23.675","585"
"1080","215009","20220820033000","1015","1","雲林縣","土庫鎮","120.390","23.680","979"
"30","215011","20220820033000","89","0","雲林縣","土庫鎮","120.385","23.685","30"
"299","215012","20220820033000","312","0","雲林縣","土庫鎮","120.390","23.685","295"
"206","215013","20220820033000","161","2","雲林縣","土庫鎮","120.365","23.660","178"
"158","215022","20220820033000","154","1","雲林縣","土庫鎮","120.375","23.670","161"
"308","215044","20220820033000","232","2","雲林縣","元長鄉","120.335","23.615","298"
"314","215049","20220820033000","349","0","雲林縣","元長鄉","120.335","23.620","356"
"10","215053","20220820033000","210","0","雲林縣","元長鄉","120.280","23.655","14"
"44","215072","20220820033000","51","0","雲林縣","元長鄉","120.350","23.615","54"
"286","215075","20220820033000","257","1","雲林縣","元長鄉","120.340","23.635","274"
"51","215100","20220820033000","287","0","雲林縣","元長鄉","120.330","23.660","57"
"1008","215115","20220820033000","371","3","雲林縣","口湖鄉","120.165","23.615","835"
"257","215539","20220820033000","222","1","南投縣","信義鄉","120.865","23.625","270"
"82","215550","20220820033000","44","3","南投縣","信義鄉","120.895","23.630","68"
"107","215558","20220820033000","88","2","南投縣","信義鄉","120.880","23.635","100"
"175","215647","20220820033000","156","1","南投縣","信義鄉","120.860","23.665","181"
"69","215656","20220820033000","68","1","南投縣","信義鄉","120.855","23.670","69"
"80","216356","20220820033000","309","0","雲林縣","北港鎮","120.295","23.615","52"
"46","216361","20220820033000","40","1","雲林縣","斗南鎮","120.485","23.675","49"
"47","216367","20220820033000","39","2","雲林縣","斗南鎮","120.500","23.680","53"
"27","216370","20220820033000","336","0","雲林縣","斗南鎮","120.480","23.650","26"
"133","216372","20220820033000","115","1","雲林縣","斗南鎮","120.490","23.650","127"
"401","216377","20220820033000","396","1","雲林縣","斗南鎮","120.475","23.660","476"
"17","216386","20220820033000","14","2","雲林縣","元長鄉","120.335","23.630","25"
"241","216394","20220820033000","187","2","雲林縣","元長鄉","120.355","23.620","261"
"788","216409","20220820033000","691","1","雲林縣","元長鄉","120.360","23.640","846"
"75","216416","20220820033000","58","2","雲林縣","水林鄉","120.250","23.615","103"
"740","216421","20220820033000","485","3","雲林縣","斗南鎮","120.480","23.675","725"
"83","216424","20220820033000","47","3","雲林縣","斗南鎮","120.480","23.670","86"
"20","216438","20220820033000","19","1","雲林縣","斗六市","120.525","23.670","17"
"198","216439","20220820033000","135","2","雲林縣","斗六市","120.530","23.670","211"
"13","216451","20220820033000","20","0","雲林縣","斗六市","120.625","23.685","11"
"52","216459","20220820033000","257","0","雲林縣","土庫鎮","120.345","23.665","55"
"79","216478","20220820033000","87","0","雲林縣","水林鄉","120.260","23.620","76"
"34","216482","20220820033000","161","0","雲林縣","水林鄉","120.265","23.625","44"
"864","216488","20220820033000","576","3","雲林縣","斗南鎮","120.470","23.680","905"
"572","216489","20220820033000","436","2","雲林縣","斗南鎮","120.475","23.680","567"
"1168","216490","20220820033000","897","2","雲林縣","斗南鎮","120.480","23.680","1123"
"49","216498","20220820033000","172","0","雲林縣","斗南鎮","120.515","23.645","48"
"363","216500","20220820033000","228","3","雲林縣","斗南鎮","120.505","23.650","383"
"81","216517","20220820033000","332","0","雲林縣","古坑鄉","120.540","23.660","90"
"28","216519","20220820033000","262","0","雲林縣","斗六市","120.525","23.665","31"
"100","216526","20220820033000","189","0","雲林縣","斗南鎮","120.465","23.685","96"
"11","216534","20220820033000","185","0","雲林縣","斗南鎮","120.535","23.650","10"
"56","216543","20220820033000","225","0","雲林縣","斗南鎮","120.505","23.665","49"
"13","216544","20220820033000","139","0","雲林縣","斗南鎮","120.495","23.670","13"
"169","216579","20220820033000","107","3","雲林縣","土庫鎮","120.345","23.660","157"
"92","216583","20220820033000","943","0","雲林縣","土庫鎮","120.390","23.675","112"
"80","216589","20220820033000","395","0","雲林縣","土庫鎮","120.355","23.685","75"
"51","216595","20220820033000","263","0","雲林縣","大埤鄉","120.465","23.635","38"
"13","216597","20220820033000","152","0","雲林縣","大埤鄉","120.465","23.640","15"
"37","216607","20220820033000","284","0","雲林縣","大埤鄉","120.450","23.650","32"
"80","216617","20220820033000","76","1","南投縣","信義鄉","120.810","23.665","65"
"204","216682","20220820033000","127","3","南投縣","信義鄉","120.865","23.640","230"
"31","216694","20220820033000","25","2","南投縣","信義鄉","120.875","23.660","32"
"14","216718","20220820033000","159","0","雲林縣","古坑鄉","120.565","23.625","25"
"60","216737","20220820033000","869","0","雲林縣","古坑鄉","120.565","23.640","67"
"18","216744","20220820033000","161","0","雲林縣","古坑鄉","120.575","23.645","14"
"22","216754","20220820033000","138","0","雲林縣","古坑鄉","120.550","23.610","17"
"14","216791","20220820033000","34","0","雲林縣","古坑鄉","120.605","23.670","12"
"18","216800","20220820033000","105","0","雲林縣","古坑鄉","120.590","23.685","18"
"348","216807","20220820033000","479","0","雲林縣","古坑鄉","120.565","23.645","404"
"31","216821","20220820033000","28","1","雲林縣","古坑鄉","120.605","23.655","26"
"230","216832","20220820033000","267","0","雲林縣","古坑鄉","120.575","23.675","237"
"81","216841","20220820033000","619","0","雲林縣","古坑鄉","120.570","23.685","81"
"264","216889","20220820033000","216","2","雲林縣","古坑鄉","120.600","23.685","263"
"19","216891","20220820033000","314","0","雲林縣","古坑鄉","120.610","23.685","22"
"359","216901","20220820033000","223","3","雲林縣","古坑鄉","120.635","23.615","347"
"56","216906","20220820033000","55","1","雲林縣","古坑鄉","120.640","23.620","58"
"27","216928","20220820033000","406","0","雲林縣","古坑鄉","120.560","23.670","27"
"24","216932","20220820033000","27","0","雲林縣","古坑鄉","120.570","23.610","34"
"53","216938","20220820033000","42","2","雲林縣","古坑鄉","120.575","23.615","63"
"348","216939","20220820033000","163","3","雲林縣","古坑鄉","120.580","23.615","220"
"75","216944","20220820033000","523","0","雲林縣","古坑鄉","120.560","23.620","64"
"42","216948","20220820033000","31","2","雲林縣","古坑鄉","120.580","23.620","43"
"296","216990","20220820033000","314","0","嘉義縣","大林鎮","120.470","23.620","222"
"28","217022","20220820033000","25","1","嘉義縣","大林鎮","120.490","23.615","21"
"11","217030","20220820033000","234","0","嘉義縣","大林鎮","120.420","23.615","13"
"31","217035","20220820033000","349","0","嘉義縣","大林鎮","120.435","23.620","377"
"24","217047","20220820033000","30","0","嘉義縣","大林鎮","120.460","23.620","23"
"43","217057","20220820033000","363","0","雲林縣","大埤鄉","120.395","23.625","64"
"37","217065","20220820033000","275","0","雲林縣","大埤鄉","120.380","23.620","42"
"16","217073","20220820033000","192","0","雲林縣","大埤鄉","120.425","23.665","19"
"37","217076","20220820033000","34","1","雲林縣","大埤鄉","120.415","23.665","33"
"30","217087","20220820033000","226","0","雲林縣","大埤鄉","120.470","23.655","35"
"64","217105","20220820033000","492","0","雲林縣","古坑鄉","120.555","23.625","68"
"75","217110","20220820033000","206","0","雲林縣","古坑鄉","120.555","23.630","82"
"11","217112","20220820033000","138","0","雲林縣","古坑鄉","120.550","23.640","16"
"23","217135","20220820033000","11","3","雲林縣","土庫鎮","120.395","23.680","13"
"17","217149","20220820033000","20","0","雲林縣","古坑鄉","120.710","23.610","27"
"36","217196","20220820033000","20","3","雲林縣","古坑鄉","120.590","23.650","24"
"26","217209","20220820033000","208","0","雲林縣","古坑鄉","120.575","23.665","41"
"760","217221","20220820033000","428","3","雲林縣","古坑鄉","120.560","23.650","782"
"90","217222","20220820033000","117","0","雲林縣","古坑鄉","120.560","23.655","97"
"11","217230","20220820033000","97","0","雲林縣","古坑鄉","120.515","23.625","38"
"103","217236","20220820033000","99","1","雲林縣","古坑鄉","120.525","23.630","40"
"24","217239","20220820033000","29","0","雲林縣","古坑鄉","120.520","23.635","17"
"55","217259","20220820033000","48","1","雲林縣","大埤鄉","120.420","23.625","52"
"32","217266","20220820033000","450","0","雲林縣","大埤鄉","120.420","23.635","24"
"520","217403","20220820033000","394","2","嘉義縣","溪口鄉","120.410","23.615","389"
"172","217423","20220820033000","94","3","雲林縣","大埤鄉","120.410","23.640","182"
"114","217432","20220820033000","773","0","雲林縣","大埤鄉","120.430","23.645","108"
"14","217442","20220820033000","183","0","雲林縣","大埤鄉","120.415","23.660","18"
"278","217449","20220820033000","131","3","雲林縣","東勢鄉","120.300","23.680","271"
"58","217458","20220820033000","368","0","雲林縣","東勢鄉","120.265","23.675","64"
"97","217463","20220820033000","426","0","雲林縣","東勢鄉","120.255","23.685","109"
"56","217467","20220820033000","927","0","雲林縣","東勢鄉","120.255","23.675","53"
"60","217492","20220820033000","230","0","雲林縣","四湖鄉","120.155","23.650","69"
"32","217497","20220820033000","183","0","雲林縣","四湖鄉","120.155","23.655","24"
"96","217526","20220820033000","86","1","雲林縣","元長鄉","120.320","23.615","83"
"17","217532","20220820033000","367","0","雲林縣","元長鄉","120.320","23.625","15"
"130","217546","20220820033000","74","3","雲林縣","四湖鄉","120.190","23.620","147"
"16","217550","20220820033000","101","0","雲林縣","四湖鄉","120.185","23.625","11"
"125","217561","20220820033000","628","0","雲林縣","四湖鄉","120.230","23.635","120"
"291","217585","20220820033000","327","0","雲林縣","斗六市","120.525","23.675","309"
"265","217589","20220820033000","198","2","雲林縣","斗六市","120.520","23.680","255"
"70","217593","20220820033000","486","0","雲林縣","斗六市","120.510","23.685","72"
"45","217594","20220820033000","271","0","雲林縣","斗六市","120.515","23.685","60"
"238","217597","20220820033000","130","3","雲林縣","斗南鎮","120.470","23.630","218"
"23","217604","20220820033000","14","3","雲林縣","斗南鎮","120.480","23.640","21"
"190","217605","20220820033000","20","3","雲林縣","四湖鄉","120.140","23.620","181"
"105","217610","20220820033000","75","2","雲林縣","四湖鄉","120.150","23.630","101"
"1195","217637","20220820033000","726","3","雲林縣","口湖鄉","120.160","23.610","1285"
"16","217641","20220820033000","198","0","雲林縣","元長鄉","120.310","23.615","15"
"377","217646","20220820033000","427","0","雲林縣","元長鄉","120.305","23.625","561"
"212","217654","20220820033000","163","2","雲林縣","元長鄉","120.325","23.655","227"
"303","217663","20220820033000","193","3","雲林縣","元長鄉","120.315","23.640","279"
"258","217673","20220820033000","1649","0","雲林縣","元長鄉","120.315","23.650","283"
"48","217674","20220820033000","106","0","雲林縣","元長鄉","120.300","23.655","44"
"140","217701","20220820033000","110","2","雲林縣","斗六市","120.560","23.675","122"
"11","217703","20220820033000","36","0","雲林縣","斗六市","120.555","23.680","14"
"350","217705","20220820033000","249","2","雲林縣","古坑鄉","120.565","23.680","346"
"20","217707","20220820033000","288","0","雲林縣","斗六市","120.550","23.685","18"
"113","217708","20220820033000","100","1","雲林縣","斗六市","120.555","23.685","108"
"130","217711","20220820033000","779","0","雲林縣","斗六市","120.540","23.675","106"
"26","217712","20220820033000","131","0","雲林縣","斗六市","120.545","23.675","27"
"890","217716","20220820033000","739","2","雲林縣","斗六市","120.545","23.680","900"
"418","217718","20220820033000","472","0","雲林縣","斗六市","120.540","23.685","436"
"40","217728","20220820033000","368","0","雲林縣","大埤鄉","120.450","23.665","35"
"321","217747","20220820033000","216","2","雲林縣","四湖鄉","120.220","23.635","314"
"55","217753","20220820033000","451","0","雲林縣","四湖鄉","120.225","23.645","59"
"60","217774","20220820033000","427","0","雲林縣","四湖鄉","120.175","23.680","64"
"19","217781","20220820033000","178","0","雲林縣","口湖鄉","120.200","23.615","10"
"205","217799","20220820033000","151","2","雲林縣","四湖鄉","120.215","23.635","203"
"684","217801","20220820033000","484","2","雲林縣","四湖鄉","120.225","23.635","727"
"49","217817","20220820033000","142","0","雲林縣","虎尾鎮","120.405","23.680","62"
"23","217819","20220820033000","97","0","雲林縣","虎尾鎮","120.415","23.680","25"
"394","217821","20220820033000","367","1","雲林縣","虎尾鎮","120.410","23.685","410"
"95","217830","20220820033000","95","1","南投縣","竹山鎮","120.660","23.670","95"
"82","217842","20220820033000","580","0","雲林縣","大埤鄉","120.450","23.630","77"
"29","217845","20220820033000","236","0","雲林縣","大埤鄉","120.465","23.630","40"
"37","217877","20220820033000","190","0","雲林縣","大埤鄉","120.395","23.650","48"
"274","217883","20220820033000","199","2","雲林縣","大埤鄉","120.400","23.655","296"
"26","217899","20220820033000","172","0","南投縣","竹山鎮","120.670","23.670","31"
"195","218047","20220820033000","196","0","南投縣","竹山鎮","120.795","23.630","223"
"32","218070","20220820033000","25","2","南投縣","竹山鎮","120.795","23.635","29"
"245","218092","20220820033000","166","2","南投縣","竹山鎮","120.790","23.640","215"
"92","218153","20220820033000","144","0","南投縣","竹山鎮","120.765","23.655","58"
"48","218168","20220820033000","36","2","南投縣","竹山鎮","120.745","23.660","38"
"265","218218","20220820033000","373","0","南投縣","竹山鎮","120.760","23.675","230"
"96","218283","20220820033000","114","0","南投縣","竹山鎮","120.655","23.645","104"
"136","218348","20220820033000","102","2","南投縣","竹山鎮","120.665","23.650","131"
"144","218364","20220820033000","116","2","南投縣","竹山鎮","120.665","23.660","145"
"87","218380","20220820033000","307","0","雲林縣","台西鄉","120.210","23.675","87"
"34","218399","20220820033000","303","0","雲林縣","台西鄉","120.180","23.680","34"
"55","218413","20220820033000","202","0","雲林縣","台西鄉","120.210","23.665","40"
"55","219194","20220820033000","28","3","花蓮縣","豐濱鄉","121.555","23.695","38"
"368","222539","20220820033000","343","1","澎湖縣","白沙鄉","119.610","23.750","283"
"672","223474","20220820033000","384","3","花蓮縣","鳳林鎮","121.445","23.745","613"
"104","223481","20220820033000","51","3","花蓮縣","鳳林鎮","121.445","23.750","108"
"136","223503","20220820033000","111","2","花蓮縣","光復鄉","121.410","23.685","117"
"16","223515","20220820033000","12","2","花蓮縣","光復鄉","121.485","23.690","26"
"347","223610","20220820033000","360","0","雲林縣","二崙鄉","120.420","23.755","355"
"16","223616","20220820033000","49","0","雲林縣","二崙鄉","120.425","23.755","16"
"133","223971","20220820033000","80","3","花蓮縣","鳳林鎮","121.455","23.745","125"
"264","223986","20220820033000","193","2","花蓮縣","鳳林鎮","121.465","23.755","271"
"206","224005","20220820033000","132","3","花蓮縣","鳳林鎮","121.505","23.710","200"
"103","224077","20220820033000","46","3","花蓮縣","鳳林鎮","121.500","23.760","88"
"37","224149","20220820033000","26","2","花蓮縣","鳳林鎮","121.410","23.700","40"
"345","224179","20220820033000","445","0","花蓮縣","鳳林鎮","121.420","23.710","353"
"21","224210","20220820033000","16","2","花蓮縣","萬榮鄉","121.395","23.715","22"
"52","224212","20220820033000","62","0","花蓮縣","萬榮鄉","121.405","23.715","49"
"569","224231","20220820033000","330","3","花蓮縣","鳳林鎮","121.450","23.750","591"
"279","224245","20220820033000","189","2","花蓮縣","鳳林鎮","121.440","23.725","308"
"819","224262","20220820033000","801","1","花蓮縣","鳳林鎮","121.450","23.745","906"
"448","224270","20220820033000","422","1","雲林縣","土庫鎮","120.365","23.705","466"
"41","224272","20220820033000","232","0","雲林縣","土庫鎮","120.365","23.710","47"
"443","224303","20220820033000","443","1","雲林縣","二崙鄉","120.410","23.755","437"
"210","224441","20220820033000","49","3","花蓮縣","萬榮鄉","121.400","23.705","207"
"237","224591","20220820033000","187","2","花蓮縣","鳳林鎮","121.450","23.760","250"
"61","224688","20220820033000","35","3","花蓮縣","豐濱鄉","121.560","23.730","75"
"19","224707","20220820033000","161","0","雲林縣","二崙鄉","120.395","23.750","25"
"18","224725","20220820033000","71","0","雲林縣","元長鄉","120.330","23.690","20"
"307","224731","20220820033000","286","1","雲林縣","斗六市","120.565","23.730","322"
"790","224732","20220820033000","640","2","雲林縣","斗六市","120.555","23.735","783"
"11","224733","20220820033000","14","0","雲林縣","斗六市","120.560","23.735","11"
"516","224734","20220820033000","321","3","雲林縣","斗六市","120.565","23.735","500"
"303","224735","20220820033000","234","2","雲林縣","斗六市","120.550","23.740","285"
"78","224737","20220820033000","84","0","雲林縣","斗六市","120.560","23.740","84"
"217","224742","20220820033000","227","0","雲林縣","斗六市","120.560","23.745","240"
"24","224761","20220820033000","419","0","雲林縣","褒忠鄉","120.280","23.705","411"
"307","224763","20220820033000","258","1","雲林縣","東勢鄉","120.270","23.710","318"
"147","224805","20220820033000","117","2","雲林縣","東勢鄉","120.255","23.735","140"
"231","224806","20220820033000","184","2","雲林縣","斗南鎮","120.485","23.690","228"
"302","224834","20220820033000","279","1","南投縣","鹿谷鄉","120.795","23.690","211"
"29","224863","20220820033000","151","0","南投縣","鹿谷鄉","120.780","23.720","122"
"219","224872","20220820033000","182","2","南投縣","鹿谷鄉","120.745","23.760","207"
"67","224873","20220820033000","52","2","南投縣","鹿谷鄉","120.725","23.765","78"
"255","224875","20220820033000","246","1","南投縣","鹿谷鄉","120.735","23.765","252"
"370","224896","20220820033000","303","2","南投縣","鹿谷鄉","120.780","23.705","278"
"15","224917","20220820033000","136","0","雲林縣","土庫鎮","120.365","23.730","15"
"220","224920","20220820033000","209","1","雲林縣","土庫鎮","120.385","23.690","232"
"430","224923","20220820033000","252","3","雲林縣","土庫鎮","120.390","23.695","436"
"41","224936","20220820033000","298","0","南投縣","鹿谷鄉","120.770","23.730","44"
"288","224950","20220820033000","336","0","南投縣","鹿谷鄉","120.760","23.740","287"
"447","224951","20220820033000","401","1","南投縣","鹿谷鄉","120.765","23.740","452"
"202","224973","20220820033000","919","0","南投縣","鹿谷鄉","120.775","23.750","197"
"363","225062","20220820033000","348","1","南投縣","鹿谷鄉","120.755","23.725","319"
"18","225085","20220820033000","15","2","南投縣","鹿谷鄉","120.740","23.730","23"
"35","225138","20220820033000","55","0","南投縣","鹿谷鄉","120.820","23.720","43"
"475","225159","20220820033000","521","0","南投縣","鹿谷鄉","120.790","23.730","492"
"301","225192","20220820033000","327","0","南投縣","鹿谷鄉","120.755","23.745","342"
"686","225195","20220820033000","492","2","南投縣","鹿谷鄉","120.755","23.750","691"
"151","225196","20220820033000","146","1","南投縣","鹿谷鄉","120.745","23.755","150"
"467","225206","20220820033000","363","2","雲林縣","麥寮鄉","120.185","23.760","443"
"46","225208","20220820033000","59","0","雲林縣","麥寮鄉","120.175","23.765","47"
"866","225215","20220820033000","875","0","雲林縣","斗六市","120.575","23.725","874"
"186","225247","20220820033000","117","3","南投縣","信義鄉","120.850","23.695","175"
"205","225254","20220820033000","164","2","南投縣","信義鄉","120.885","23.695","180"
"21","225259","20220820033000","134","0","南投縣","信義鄉","120.850","23.700","134"
"237","225307","20220820033000","176","2","南投縣","信義鄉","120.850","23.685","236"
"118","225309","20220820033000","128","0","南投縣","信義鄉","120.850","23.690","131"
"202","225972","20220820033000","168","2","雲林縣","斗南鎮","120.500","23.690","222"
"543","225977","20220820033000","493","1","雲林縣","斗南鎮","120.480","23.700","547"
"205","225978","20220820033000","190","1","雲林縣","斗南鎮","120.485","23.700","222"
"312","225980","20220820033000","450","0","雲林縣","斗南鎮","120.495","23.700","294"
"29","225991","20220820033000","162","0","雲林縣","斗六市","120.500","23.710","30"
"233","226020","20220820033000","166","2","南投縣","水里鄉","120.855","23.730","239"
"2549","226032","20220820033000","936","3","雲林縣","斗六市","120.535","23.700","2556"
"2126","226033","20220820033000","632","3","雲林縣","斗六市","120.540","23.705","2110"
"968","226034","20220820033000","955","1","雲林縣","斗六市","120.555","23.710","1015"
"1283","226037","20220820033000","1223","1","雲林縣","斗六市","120.555","23.715","1263"
"1517","226039","20220820033000","942","3","雲林縣","斗六市","120.525","23.695","1505"
"1717","226040","20220820033000","796","3","雲林縣","斗六市","120.530","23.695","1712"
"159","226041","20220820033000","93","3","雲林縣","斗六市","120.530","23.700","149"
"3164","226042","20220820033000","1583","3","雲林縣","斗六市","120.535","23.705","3201"
"185","226047","20220820033000","67","3","雲林縣","斗六市","120.560","23.725","74"
"382","226050","20220820033000","427","0","雲林縣","斗六市","120.530","23.730","389"
"72","226056","20220820033000","338","0","雲林縣","斗六市","120.530","23.735","63"
"11","226057","20220820033000","24","0","雲林縣","斗六市","120.535","23.735","18"
"214","226058","20220820033000","197","1","雲林縣","斗六市","120.540","23.735","198"
"422","226062","20220820033000","262","3","雲林縣","斗六市","120.540","23.740","403"
"11","226065","20220820033000","10","1","雲林縣","斗六市","120.505","23.690","11"
"33","226070","20220820033000","31","1","雲林縣","斗六市","120.505","23.700","38"
"239","226075","20220820033000","300","0","雲林縣","斗六市","120.510","23.705","269"
"693","226079","20220820033000","643","1","雲林縣","斗六市","120.525","23.690","685"
"313","226080","20220820033000","691","0","雲林縣","斗六市","120.530","23.690","322"
"469","226081","20220820033000","445","1","雲林縣","斗六市","120.535","23.690","461"
"705","226083","20220820033000","520","2","雲林縣","斗六市","120.595","23.710","717"
"18","226086","20220820033000","25","0","雲林縣","斗六市","120.590","23.715","14"
"210","226091","20220820033000","177","1","雲林縣","斗六市","120.595","23.715","204"
"33","226098","20220820033000","25","2","雲林縣","斗六市","120.625","23.695","32"
"194","226124","20220820033000","149","2","雲林縣","斗六市","120.600","23.715","175"
"13","226125","20220820033000","17","0","雲林縣","斗六市","120.610","23.715","17"
"22","226131","20220820033000","48","0","雲林縣","斗六市","120.605","23.715","11"
"2910","226137","20220820033000","1303","3","雲林縣","斗六市","120.540","23.700","2933"
"97","226143","20220820033000","112","0","雲林縣","斗六市","120.505","23.715","104"
"540","226146","20220820033000","469","1","雲林縣","斗六市","120.525","23.715","554"
"428","226149","20220820033000","336","2","雲林縣","斗六市","120.505","23.720","423"
"62","226151","20220820033000","82","0","雲林縣","斗六市","120.515","23.720","81"
"661","226153","20220820033000","600","1","雲林縣","斗六市","120.525","23.720","645"
"589","226159","20220820033000","496","1","雲林縣","斗六市","120.520","23.725","587"
"104","226168","20220820033000","979","0","雲林縣","土庫鎮","120.355","23.705","113"
"16","226173","20220820033000","156","0","雲林縣","斗南鎮","120.475","23.690","20"
"228","226174","20220820033000","188","2","雲林縣","斗南鎮","120.480","23.690","257"
"239","226175","20220820033000","217","1","雲林縣","斗南鎮","120.465","23.695","248"
"46","226190","20220820033000","406","0","雲林縣","崙背鄉","120.305","23.755","48"
"215","226206","20220820033000","145","2","雲林縣","土庫鎮","120.345","23.695","218"
"39","226232","20220820033000","355","0","南投縣","水里鄉","120.845","23.745","37"
"10","226258","20220820033000","36","0","雲林縣","虎尾鎮","120.460","23.700","10"
"517","226259","20220820033000","434","1","雲林縣","虎尾鎮","120.445","23.705","538"
"347","226261","20220820033000","383","0","雲林縣","虎尾鎮","120.455","23.705","384"
"1277","226263","20220820033000","1152","1","雲林縣","虎尾鎮","120.450","23.710","1267"
"441","226265","20220820033000","244","3","雲林縣","虎尾鎮","120.445","23.710","508"
"410","226266","20220820033000","421","0","雲林縣","虎尾鎮","120.450","23.715","446"
"306","226267","20220820033000","193","3","雲林縣","虎尾鎮","120.415","23.715","302"
"620","226268","20220820033000","471","2","雲林縣","虎尾鎮","120.420","23.715","648"
"322","226277","20220820033000","317","1","雲林縣","虎尾鎮","120.420","23.725","369"
"702","226286","20220820033000","516","2","雲林縣","虎尾鎮","120.425","23.735","668"
"401","226287","20220820033000","359","1","雲林縣","虎尾鎮","120.415","23.740","419"
"257","226291","20220820033000","264","0","雲林縣","斗六市","120.575","23.715","246"
"350","226293","20220820033000","376","0","雲林縣","斗六市","120.580","23.720","339"
"558","226294","20220820033000","584","0","雲林縣","斗六市","120.585","23.720","551"
"311","226298","20220820033000","304","1","雲林縣","斗六市","120.585","23.725","314"
"29","226299","20220820033000","38","0","雲林縣","斗六市","120.590","23.725","22"
"96","226300","20220820033000","83","1","雲林縣","斗六市","120.595","23.725","93"
"282","226302","20220820033000","240","1","雲林縣","斗六市","120.590","23.730","277"
"68","226669","20220820033000","472","0","雲林縣","崙背鄉","120.380","23.750","64"
"12","226674","20220820033000","109","0","雲林縣","崙背鄉","120.385","23.755","12"
"352","226678","20220820033000","188","3","雲林縣","崙背鄉","120.375","23.760","339"
"489","226684","20220820033000","376","2","雲林縣","斗六市","120.560","23.695","520"
"170","226686","20220820033000","135","2","雲林縣","斗六市","120.555","23.700","169"
"380","226687","20220820033000","217","3","雲林縣","斗六市","120.560","23.700","373"
"335","226689","20220820033000","285","1","雲林縣","斗六市","120.560","23.705","319"
"516","226695","20220820033000","562","0","雲林縣","斗六市","120.575","23.700","521"
"30","226701","20220820033000","243","0","雲林縣","斗六市","120.605","23.700","27"
"19","226707","20220820033000","19","1","雲林縣","斗六市","120.600","23.705","18"
"844","226714","20220820033000","405","3","雲林縣","虎尾鎮","120.430","23.715","910"
"315","226715","20220820033000","388","0","雲林縣","虎尾鎮","120.440","23.715","347"
"33","226718","20220820033000","91","0","雲林縣","斗六市","120.570","23.690","31"
"117","226726","20220820033000","102","1","雲林縣","古坑鄉","120.605","23.695","123"
"189","226731","20220820033000","165","1","雲林縣","虎尾鎮","120.400","23.715","191"
"49","226733","20220820033000","381","0","雲林縣","虎尾鎮","120.410","23.715","61"
"469","226737","20220820033000","551","0","雲林縣","虎尾鎮","120.445","23.715","478"
"113","226738","20220820033000","90","2","雲林縣","虎尾鎮","120.445","23.720","108"
"613","226739","20220820033000","548","1","雲林縣","虎尾鎮","120.450","23.720","623"
"585","226749","20220820033000","410","2","雲林縣","東勢鄉","120.250","23.715","597"
"499","226761","20220820033000","280","3","雲林縣","莿桐鄉","120.500","23.750","508"
"386","226763","20220820033000","242","3","雲林縣","莿桐鄉","120.510","23.750","391"
"68","226767","20220820033000","908","0","雲林縣","莿桐鄉","120.500","23.760","78"
"37","226768","20220820033000","460","0","雲林縣","莿桐鄉","120.505","23.760","34"
"13","226770","20220820033000","23","0","雲林縣","莿桐鄉","120.500","23.765","20"
"288","226788","20220820033000","295","0","雲林縣","虎尾鎮","120.405","23.700","305"
"464","226802","20220820033000","368","2","雲林縣","虎尾鎮","120.460","23.710","456"
"66","226804","20220820033000","49","2","雲林縣","虎尾鎮","120.470","23.710","61"
"528","226807","20220820033000","505","1","雲林縣","虎尾鎮","120.470","23.715","535"
"235","226810","20220820033000","173","2","雲林縣","虎尾鎮","120.460","23.715","240"
"25","226820","20220820033000","179","0","雲林縣","東勢鄉","120.245","23.690","28"
"15","226824","20220820033000","55","0","雲林縣","斗六市","120.600","23.725","15"
"150","226828","20220820033000","158","0","雲林縣","林內鄉","120.595","23.735","165"
"55","226841","20220820033000","690","0","雲林縣","林內鄉","120.595","23.750","60"
"21","226857","20220820033000","224","0","雲林縣","林內鄉","120.635","23.755","22"
"921","226870","20220820033000","807","1","雲林縣","林內鄉","120.610","23.755","934"
"492","226877","20220820033000","374","2","雲林縣","林內鄉","120.615","23.765","467"
"47","226880","20220820033000","594","0","雲林縣","林內鄉","120.620","23.765","66"
"32","226886","20220820033000","389","0","雲林縣","林內鄉","120.615","23.760","23"
"14","226903","20220820033000","78","0","雲林縣","林內鄉","120.620","23.745","11"
"18","226920","20220820033000","42","0","雲林縣","林內鄉","120.625","23.720","24"
"182","226924","20220820033000","182","1","雲林縣","林內鄉","120.610","23.725","168"
"35","226957","20220820033000","155","0","雲林縣","林內鄉","120.590","23.760","40"
"1572","226964","20220820033000","2032","0","雲林縣","斗六市","120.555","23.705","1576"
"1302","226965","20220820033000","859","3","雲林縣","斗六市","120.530","23.715","1291"
"602","226966","20220820033000","399","3","雲林縣","斗六市","120.535","23.710","610"
"1389","226967","20220820033000","1233","1","雲林縣","斗六市","120.535","23.715","1341"
"98","227221","20220820033000","36","3","雲林縣","斗六市","120.545","23.720","99"
"111","227224","20220820033000","251","0","雲林縣","斗六市","120.540","23.725","131"
"38","227240","20220820033000","191","0","雲林縣","東勢鄉","120.270","23.705","38"
"28","227244","20220820033000","223","0","雲林縣","東勢鄉","120.285","23.690","28"
"29","227262","20220820033000","306","0","雲林縣","東勢鄉","120.250","23.705","30"
"113","227268","20220820033000","88","2","雲林縣","西螺鎮","120.460","23.760","114"
"1323","227273","20220820033000","810","3","雲林縣","斗六市","120.545","23.715","1326"
"110","227274","20220820033000","110","1","雲林縣","斗六市","120.565","23.710","105"
"851","227276","20220820033000","758","1","雲林縣","斗六市","120.565","23.715","883"
"201","227279","20220820033000","222","0","雲林縣","斗六市","120.560","23.715","218"
"494","227280","20220820033000","363","2","雲林縣","斗六市","120.565","23.720","453"
"46","227287","20220820033000","400","0","雲林縣","土庫鎮","120.345","23.705","44"
"197","227301","20220820033000","124","3","雲林縣","斗六市","120.520","23.695","203"
"22","227302","20220820033000","34","0","雲林縣","斗六市","120.520","23.700","15"
"380","227303","20220820033000","422","0","雲林縣","斗六市","120.525","23.700","393"
"58","227306","20220820033000","1383","0","雲林縣","斗六市","120.530","23.705","59"
"19","227309","20220820033000","46","0","雲林縣","斗六市","120.525","23.710","26"
"213","227316","20220820033000","166","2","雲林縣","斗六市","120.515","23.715","207"
"36","227320","20220820033000","161","0","雲林縣","斗六市","120.565","23.695","29"
"771","227328","20220820033000","1054","0","雲林縣","斗六市","120.540","23.710","764"
"1088","227329","20220820033000","836","2","雲林縣","斗六市","120.540","23.715","1077"
"945","227330","20220820033000","968","0","雲林縣","斗六市","120.550","23.715","930"
"14","227339","20220820033000","218","0","雲林縣","斗六市","120.565","23.750","19"
"1879","227348","20220820033000","1755","1","雲林縣","斗六市","120.545","23.710","1852"
"538","227349","20220820033000","555","0","雲林縣","斗六市","120.540","23.690","535"
"164","227350","20220820033000","935","0","雲林縣","斗六市","120.550","23.710","172"
"285","227351","20220820033000","144","3","雲林縣","崙背鄉","120.360","23.755","289"
"61","227355","20220820033000","327","0","雲林縣","崙背鄉","120.370","23.755","64"
"784","227359","20220820033000","1051","0","雲林縣","崙背鄉","120.350","23.760","786"
"183","227365","20220820033000","177","1","雲林縣","崙背鄉","120.330","23.750","192"
"486","227373","20220820033000","248","3","雲林縣","崙背鄉","120.315","23.755","467"
"22","227383","20220820033000","176","0","雲林縣","崙背鄉","120.335","23.760","19"
"178","227395","20220820033000","216","0","雲林縣","西螺鎮","120.435","23.755","196"
"84","227444","20220820033000","489","0","雲林縣","台西鄉","120.200","23.715","93"
"117","227446","20220820033000","83","2","雲林縣","台西鄉","120.210","23.715","104"
"137","227476","20220820033000","1365","0","雲林縣","台西鄉","120.200","23.700","131"
"344","227502","20220820033000","969","0","南投縣","竹山鎮","120.695","23.760","330"
"276","227503","20220820033000","316","0","南投縣","竹山鎮","120.685","23.765","268"
"44","227504","20220820033000","71","0","南投縣","竹山鎮","120.690","23.765","50"
"324","227505","20220820033000","287","1","南投縣","竹山鎮","120.695","23.765","343"
"24","227537","20220820033000","129","0","南投縣","竹山鎮","120.725","23.755","26"
"34","227540","20220820033000","95","0","南投縣","竹山鎮","120.710","23.760","34"
"190","227544","20220820033000","190","1","雲林縣","莿桐鄉","120.525","23.735","158"
"39","227559","20220820033000","367","0","雲林縣","莿桐鄉","120.505","23.730","25"
"21","227564","20220820033000","272","0","雲林縣","莿桐鄉","120.515","23.735","16"
"37","227570","20220820033000","452","0","雲林縣","莿桐鄉","120.515","23.740","36"
"16","227577","20220820033000","119","0","雲林縣","莿桐鄉","120.490","23.760","14"
"463","227581","20220820033000","393","1","雲林縣","虎尾鎮","120.435","23.720","498"
"164","227585","20220820033000","100","3","雲林縣","虎尾鎮","120.435","23.735","159"
"567","227588","20220820033000","360","3","雲林縣","虎尾鎮","120.435","23.690","594"
"387","227593","20220820033000","406","0","雲林縣","虎尾鎮","120.435","23.695","416"
"49","227603","20220820033000","479","0","雲林縣","土庫鎮","120.375","23.705","45"
"264","227604","20220820033000","174","3","雲林縣","虎尾鎮","120.380","23.705","264"
"265","227632","20220820033000","202","2","雲林縣","褒忠鄉","120.340","23.735","264"
"736","227636","20220820033000","693","1","南投縣","竹山鎮","120.680","23.750","734"
"664","227637","20220820033000","665","0","南投縣","竹山鎮","120.675","23.755","692"
"1980","227638","20220820033000","1859","1","南投縣","竹山鎮","120.680","23.755","1916"
"55","227639","20220820033000","73","0","南投縣","竹山鎮","120.685","23.755","56"
"49","227640","20220820033000","623","0","雲林縣","虎尾鎮","120.420","23.700","55"
"383","227642","20220820033000","334","1","雲林縣","虎尾鎮","120.420","23.705","401"
"625","227645","20220820033000","568","1","雲林縣","虎尾鎮","120.420","23.710","626"
"2006","227647","20220820033000","1634","2","雲林縣","虎尾鎮","120.435","23.710","2147"
"202","227655","20220820033000","240","0","雲林縣","褒忠鄉","120.310","23.720","235"
"321","227684","20220820033000","300","1","雲林縣","虎尾鎮","120.405","23.725","304"
"158","227697","20220820033000","72","3","雲林縣","虎尾鎮","120.395","23.735","151"
"125","227698","20220820033000","117","1","雲林縣","虎尾鎮","120.400","23.735","125"
"241","227706","20220820033000","179","2","雲林縣","虎尾鎮","120.405","23.740","243"
"1021","227716","20220820033000","978","1","雲林縣","虎尾鎮","120.430","23.705","1103"
"619","227717","20220820033000","553","1","雲林縣","虎尾鎮","120.435","23.705","646"
"131","227722","20220820033000","104","2","雲林縣","崙背鄉","120.345","23.750","130"
"114","227728","20220820033000","806","0","雲林縣","崙背鄉","120.350","23.750","127"
"31","227733","20220820033000","24","2","雲林縣","虎尾鎮","120.400","23.710","26"
"609","227738","20220820033000","579","1","雲林縣","虎尾鎮","120.430","23.710","645"
"14","227741","20220820033000","243","0","雲林縣","斗南鎮","120.485","23.720","329"
"12","227744","20220820033000","12","1","雲林縣","虎尾鎮","120.485","23.725","12"
"371","227745","20220820033000","268","2","雲林縣","虎尾鎮","120.490","23.725","353"
"180","227748","20220820033000","130","2","雲林縣","虎尾鎮","120.480","23.730","192"
"916","227763","20220820033000","594","3","雲林縣","虎尾鎮","120.440","23.710","1033"
"33","227766","20220820033000","663","0","雲林縣","虎尾鎮","120.390","23.705","30"
"379","227798","20220820033000","539","0","南投縣","竹山鎮","120.710","23.765","378"
"603","227807","20220820033000","561","1","南投縣","竹山鎮","120.700","23.765","628"
"136","227808","20220820033000","156","0","南投縣","竹山鎮","120.705","23.765","128"
"340","227840","20220820033000","416","0","南投縣","竹山鎮","120.685","23.760","354"
"91","227842","20220820033000","750","0","南投縣","竹山鎮","120.675","23.760","79"
"191","227852","20220820033000","152","2","南投縣","竹山鎮","120.650","23.705","191"
"360","227882","20220820033000","298","2","雲林縣","虎尾鎮","120.430","23.700","348"
"83","227894","20220820033000","626","0","雲林縣","虎尾鎮","120.460","23.725","88"
"319","227907","20220820033000","148","3","雲林縣","虎尾鎮","120.465","23.740","340"
"1912","227921","20220820033000","1706","1","雲林縣","褒忠鄉","120.315","23.695","1940"
"147","227938","20220820033000","120","2","南投縣","竹山鎮","120.715","23.695","108"
"24","227943","20220820033000","20","2","南投縣","竹山鎮","120.715","23.700","14"
"30","227947","20220820033000","23","2","南投縣","竹山鎮","120.715","23.705","20"
"22","227979","20220820033000","30","0","南投縣","竹山鎮","120.700","23.705","12"
"459","228012","20220820033000","347","2","雲林縣","褒忠鄉","120.285","23.700","398"
"752","228016","20220820033000","648","1","雲林縣","褒忠鄉","120.315","23.710","750"
"219","228047","20220820033000","197","1","南投縣","竹山鎮","120.665","23.755","223"
"445","228051","20220820033000","420","1","南投縣","竹山鎮","120.665","23.760","429"
"625","228091","20220820033000","319","3","雲林縣","台西鄉","120.215","23.740","626"
"182","228138","20220820033000","259","0","雲林縣","崙背鄉","120.295","23.760","187"
"19","228142","20220820033000","371","0","雲林縣","虎尾鎮","120.440","23.720","19"
"709","228151","20220820033000","270","3","雲林縣","麥寮鄉","120.260","23.750","712"
"450","228157","20220820033000","156","3","雲林縣","麥寮鄉","120.255","23.760","453"
"1784","228161","20220820033000","1266","2","雲林縣","斗六市","120.545","23.705","1800"
"392","228162","20220820033000","343","1","雲林縣","斗六市","120.550","23.705","384"
"186","228194","20220820033000","202","0","南投縣","竹山鎮","120.705","23.745","189"
"43","228199","20220820033000","40","1","南投縣","竹山鎮","120.700","23.750","52"
"610","228200","20220820033000","434","2","南投縣","竹山鎮","120.690","23.755","581"
"41","228205","20220820033000","64","0","南投縣","竹山鎮","120.680","23.745","50"
"251","228207","20220820033000","280","0","南投縣","竹山鎮","120.675","23.750","254"
"90","228209","20220820033000","626","0","雲林縣","台西鄉","120.210","23.720","88"
"1065","228228","20220820033000","842","2","雲林縣","台西鄉","120.220","23.720","1066"
"23","228231","20220820033000","19","2","雲林縣","台西鄉","120.215","23.700","25"
"36","228245","20220820033000","303","0","雲林縣","台西鄉","120.190","23.700","43"
"32","228266","20220820033000","183","0","雲林縣","麥寮鄉","120.260","23.745","26"
"1312","228271","20220820033000","361","3","雲林縣","麥寮鄉","120.250","23.750","1354"
"1451","228272","20220820033000","1712","0","雲林縣","麥寮鄉","120.255","23.750","1457"
"496","228274","20220820033000","335","2","雲林縣","麥寮鄉","120.265","23.750","520"
"46","228278","20220820033000","540","0","雲林縣","莿桐鄉","120.480","23.745","41"
"886","228283","20220820033000","791","1","雲林縣","西螺鎮","120.465","23.755","926"
"115","228312","20220820033000","836","0","雲林縣","麥寮鄉","120.240","23.750","133"
"258","228321","20220820033000","198","2","雲林縣","台西鄉","120.220","23.750","244"
"435","228335","20220820033000","328","2","雲林縣","虎尾鎮","120.420","23.690","476"
"279","228337","20220820033000","301","0","雲林縣","虎尾鎮","120.425","23.695","299"
"2030","228338","20220820033000","1946","1","雲林縣","虎尾鎮","120.425","23.700","2101"
"23","228340","20220820033000","650","0","雲林縣","虎尾鎮","120.425","23.710","31"
"20","228395","20220820033000","99","0","南投縣","竹山鎮","120.690","23.725","21"
"110","228399","20220820033000","108","1","南投縣","竹山鎮","120.710","23.725","110"
"22","228402","20220820033000","177","0","南投縣","竹山鎮","120.690","23.730","27"
"75","228415","20220820033000","792","0","南投縣","竹山鎮","120.680","23.760","74"
"159","228711","20220820033000","121","2","雲林縣","麥寮鄉","120.170","23.770","104"
"101","230307","20220820033000","122","0","雲林縣","麥寮鄉","120.180","23.795","83"
"39","232186","20220820033000","20","3","花蓮縣","壽豐鄉","121.585","23.825","38"
"111","233034","20220820033000","75","2","花蓮縣","壽豐鄉","121.565","23.780","118"
"46","233104","20220820033000","29","3","花蓮縣","壽豐鄉","121.460","23.810","48"
"316","233119","20220820033000","177","3","花蓮縣","壽豐鄉","121.475","23.815","307"
"186","233140","20220820033000","102","3","花蓮縣","壽豐鄉","121.480","23.825","192"
"683","233238","20220820033000","498","2","花蓮縣","壽豐鄉","121.515","23.840","608"
"19","233277","20220820033000","15","2","花蓮縣","壽豐鄉","121.590","23.840","42"
"22","233282","20220820033000","145","0","雲林縣","二崙鄉","120.420","23.815","29"
"201","234014","20220820033000","192","1","花蓮縣","鳳林鎮","121.455","23.800","219"
"126","234015","20220820033000","92","2","花蓮縣","鳳林鎮","121.460","23.800","86"
"362","234042","20220820033000","281","2","花蓮縣","萬榮鄉","121.445","23.810","340"
"917","234074","20220820033000","1233","0","雲林縣","二崙鄉","120.415","23.770","898"
"11","234106","20220820033000","261","0","雲林縣","二崙鄉","120.410","23.815","21"
"24","234119","20220820033000","11","3","雲林縣","二崙鄉","120.415","23.795","20"
"36","234120","20220820033000","358","0","雲林縣","二崙鄉","120.420","23.795","46"
"493","234127","20220820033000","390","2","雲林縣","二崙鄉","120.385","23.795","477"
"340","234130","20220820033000","273","2","雲林縣","二崙鄉","120.380","23.800","326"
"243","234162","20220820033000","127","3","雲林縣","二崙鄉","120.395","23.820","257"
"238","234274","20220820033000","123","3","花蓮縣","鳳林鎮","121.460","23.780","232"
"82","234277","20220820033000","49","3","花蓮縣","鳳林鎮","121.460","23.785","87"
"39","234283","20220820033000","388","0","雲林縣","二崙鄉","120.410","23.805","27"
"20","234324","20220820033000","136","0","雲林縣","二崙鄉","120.395","23.765","17"
"19","234338","20220820033000","424","0","雲林縣","二崙鄉","120.365","23.805","23"
"113","234386","20220820033000","583","0","雲林縣","二崙鄉","120.395","23.790","109"
"861","234401","20220820033000","342","3","雲林縣","西螺鎮","120.470","23.795","876"
"243","234404","20220820033000","191","2","雲林縣","西螺鎮","120.470","23.800","246"
"221","234406","20220820033000","73","3","雲林縣","西螺鎮","120.480","23.800","217"
"1280","234413","20220820033000","501","3","雲林縣","西螺鎮","120.450","23.785","1260"
"467","234424","20220820033000","351","2","雲林縣","麥寮鄉","120.270","23.770","474"
"607","234432","20220820033000","375","3","雲林縣","麥寮鄉","120.265","23.780","646"
"134","234453","20220820033000","21","3","雲林縣","麥寮鄉","120.235","23.790","138"
"128","234454","20220820033000","424","0","雲林縣","麥寮鄉","120.240","23.790","113"
"1689","234481","20220820033000","1388","2","南投縣","水里鄉","120.855","23.815","1722"
"201","234482","20220820033000","133","3","南投縣","水里鄉","120.860","23.815","221"
"13","234513","20220820033000","262","0","雲林縣","西螺鎮","120.485","23.785","13"
"307","234539","20220820033000","207","2","雲林縣","西螺鎮","120.450","23.775","334"
"669","234540","20220820033000","153","3","雲林縣","西螺鎮","120.445","23.780","654"
"32","234570","20220820033000","33","0","南投縣","鹿谷鄉","120.740","23.775","29"
"366","234591","20220820033000","323","1","南投縣","水里鄉","120.845","23.820","389"
"190","234630","20220820033000","175","1","南投縣","水里鄉","120.930","23.795","203"
"51","234678","20220820033000","542","0","南投縣","水里鄉","120.850","23.815","49"
"192","234703","20220820033000","173","1","南投縣","水里鄉","120.845","23.775","193"
"433","234721","20220820033000","423","1","彰化縣","溪州鄉","120.515","23.815","475"
"158","234765","20220820033000","134","1","南投縣","鹿谷鄉","120.785","23.790","167"
"12","234802","20220820033000","102","0","南投縣","鹿谷鄉","120.785","23.805","12"
"60","234826","20220820033000","49","2","南投縣","鹿谷鄉","120.785","23.765","65"
"64","234843","20220820033000","51","2","南投縣","鹿谷鄉","120.775","23.775","58"
"135","234859","20220820033000","87","3","南投縣","鹿谷鄉","120.775","23.785","140"
"55","234881","20220820033000","43","2","雲林縣","麥寮鄉","120.195","23.775","52"
"68","234888","20220820033000","70","0","雲林縣","麥寮鄉","120.180","23.785","65"
"45","234892","20220820033000","53","0","雲林縣","麥寮鄉","120.200","23.785","31"
"288","234900","20220820033000","181","3","雲林縣","麥寮鄉","120.205","23.790","262"
"1398","234906","20220820033000","588","3","雲林縣","麥寮鄉","120.260","23.790","1379"
"950","234915","20220820033000","395","3","雲林縣","麥寮鄉","120.220","23.795","948"
"523","234934","20220820033000","122","3","雲林縣","麥寮鄉","120.230","23.795","522"
"1056","234937","20220820033000","450","3","雲林縣","麥寮鄉","120.245","23.795","1065"
"13","234945","20220820033000","15","0","雲林縣","麥寮鄉","120.190","23.800","11"
"39","234949","20220820033000","26","3","雲林縣","麥寮鄉","120.210","23.800","39"
"798","234952","20220820033000","519","3","雲林縣","麥寮鄉","120.225","23.800","849"
"302","234961","20220820033000","192","3","雲林縣","麥寮鄉","120.270","23.800","316"
"50","234965","20220820033000","32","3","雲林縣","麥寮鄉","120.195","23.805","64"
"52","234967","20220820033000","53","0","雲林縣","麥寮鄉","120.205","23.805","47"
"80","234997","20220820033000","117","0","雲林縣","麥寮鄉","120.215","23.815","97"
"11","235080","20220820033000","116","0","南投縣","信義鄉","120.940","23.820","13"
"23","235214","20220820033000","26","0","南投縣","信義鄉","120.980","23.785","36"
"43","235228","20220820033000","222","0","雲林縣","崙背鄉","120.350","23.775","52"
"222","235235","20220820033000","124","3","雲林縣","崙背鄉","120.345","23.785","215"
"12","235239","20220820033000","308","0","雲林縣","崙背鄉","120.350","23.790","13"
"632","235274","20220820033000","636","0","南投縣","水里鄉","120.850","23.810","645"
"319","235297","20220820033000","283","1","彰化縣","溪州鄉","120.505","23.815","297"
"872","235309","20220820033000","809","1","彰化縣","溪州鄉","120.540","23.830","901"
"496","235350","20220820033000","378","2","彰化縣","溪州鄉","120.490","23.830","518"
"175","235352","20220820033000","158","1","彰化縣","溪州鄉","120.475","23.835","169"
"367","235362","20220820033000","276","2","彰化縣","溪州鄉","120.480","23.845","389"
"162","235370","20220820033000","198","0","彰化縣","溪州鄉","120.500","23.840","161"
"526","235385","20220820033000","354","2","雲林縣","崙背鄉","120.325","23.780","518"
"330","235405","20220820033000","227","2","南投縣","水里鄉","120.865","23.795","312"
"470","235409","20220820033000","516","0","南投縣","水里鄉","120.860","23.800","499"
"19","235459","20220820033000","282","0","南投縣","水里鄉","120.825","23.810","24"
"37","235505","20220820033000","37","1","南投縣","水里鄉","120.870","23.845","41"
"28","235509","20220820033000","384","0","南投縣","名間鄉","120.635","23.835","24"
"10","235515","20220820033000","281","0","南投縣","名間鄉","120.705","23.820","11"
"243","235521","20220820033000","222","1","南投縣","名間鄉","120.715","23.830","250"
"1109","235523","20220820033000","994","1","南投縣","名間鄉","120.705","23.835","1090"
"87","235527","20220820033000","69","2","南投縣","名間鄉","120.725","23.835","75"
"173","235539","20220820033000","142","2","南投縣","名間鄉","120.665","23.820","198"
"277","235555","20220820033000","404","0","南投縣","集集鎮","120.795","23.825","290"
"54","235556","20220820033000","389","0","南投縣","集集鎮","120.795","23.830","42"
"38","235703","20220820033000","51","0","南投縣","信義鄉","120.915","23.785","35"
"287","235812","20220820033000","259","1","南投縣","信義鄉","120.940","23.795","275"
"18","236275","20220820033000","239","0","南投縣","名間鄉","120.660","23.835","17"
"298","236286","20220820033000","269","1","南投縣","名間鄉","120.655","23.845","298"
"55","236299","20220820033000","58","0","南投縣","名間鄉","120.695","23.810","57"
"87","236318","20220820033000","94","0","彰化縣","二水鄉","120.635","23.830","92"
"443","236322","20220820033000","394","1","南投縣","名間鄉","120.630","23.840","433"
"211","236329","20220820033000","170","2","彰化縣","溪州鄉","120.515","23.830","200"
"137","236334","20220820033000","104","2","彰化縣","溪州鄉","120.520","23.835","134"
"10","236347","20220820033000","34","0","彰化縣","溪州鄉","120.510","23.845","10"
"172","236374","20220820033000","150","1","彰化縣","溪州鄉","120.580","23.820","159"
"332","236389","20220820033000","306","1","彰化縣","溪州鄉","120.470","23.830","301"
"370","236394","20220820033000","391","0","南投縣","名間鄉","120.695","23.835","344"
"21","236405","20220820033000","776","0","南投縣","名間鄉","120.700","23.835","20"
"29","236406","20220820033000","24","2","彰化縣","二水鄉","120.650","23.810","49"
"25","236410","20220820033000","188","0","南投縣","名間鄉","120.645","23.820","16"
"193","236415","20220820033000","144","2","南投縣","名間鄉","120.655","23.830","199"
"577","236419","20220820033000","205","3","彰化縣","大城鄉","120.345","23.845","597"
"264","236421","20220820033000","253","1","彰化縣","大城鄉","120.300","23.840","320"
"358","236449","20220820033000","271","2","彰化縣","溪州鄉","120.565","23.815","369"
"218","236455","20220820033000","226","0","彰化縣","溪州鄉","120.560","23.830","231"
"33","236462","20220820033000","297","0","雲林縣","莿桐鄉","120.540","23.765","27"
"364","236463","20220820033000","343","1","雲林縣","莿桐鄉","120.530","23.770","383"
"156","236472","20220820033000","137","1","南投縣","名間鄉","120.640","23.845","156"
"425","236479","20220820033000","234","3","南投縣","名間鄉","120.690","23.845","357"
"243","236481","20220820033000","224","1","南投縣","名間鄉","120.700","23.845","248"
"548","236492","20220820033000","479","1","雲林縣","林內鄉","120.610","23.770","565"
"136","236494","20220820033000","160","0","雲林縣","林內鄉","120.610","23.775","130"
"28","236509","20220820033000","242","0","雲林縣","林內鄉","120.625","23.775","24"
"38","236557","20220820033000","328","0","南投縣","集集鎮","120.800","23.825","48"
"139","236563","20220820033000","112","2","南投縣","集集鎮","120.765","23.820","154"
"18","236573","20220820033000","106","0","南投縣","集集鎮","120.770","23.845","23"
"90","236578","20220820033000","202","0","南投縣","集集鎮","120.815","23.825","94"
"135","236593","20220820033000","985","0","南投縣","集集鎮","120.785","23.825","119"
"312","236635","20220820033000","231","2","彰化縣","大城鄉","120.350","23.835","325"
"314","236679","20220820033000","232","2","彰化縣","大城鄉","120.275","23.845","345"
"267","236695","20220820033000","228","1","南投縣","信義鄉","120.905","23.770","295"
"19","236721","20220820033000","360","0","彰化縣","二水鄉","120.615","23.810","16"
"1127","236741","20220820033000","268","3","雲林縣","莿桐鄉","120.500","23.780","1121"
"129","236758","20220820033000","91","2","彰化縣","二水鄉","120.630","23.830","162"
"186","236765","20220820033000","539","0","彰化縣","二水鄉","120.610","23.815","182"
"315","236771","20220820033000","273","1","彰化縣","二水鄉","120.635","23.795","287"
"11","236772","20220820033000","30","0","彰化縣","二水鄉","120.640","23.795","12"
"2386","236781","20220820033000","1008","3","雲林縣","西螺鎮","120.440","23.780","2390"
"320","236785","20220820033000","295","1","雲林縣","西螺鎮","120.430","23.790","335"
"521","236786","20220820033000","116","3","雲林縣","西螺鎮","120.435","23.790","595"
"10","236796","20220820033000","236","0","彰化縣","二水鄉","120.640","23.805","10"
"38","236801","20220820033000","345","0","彰化縣","二水鄉","120.605","23.825","37"
"183","236814","20220820033000","1079","0","彰化縣","二水鄉","120.620","23.810","171"
"176","237024","20220820033000","351","0","雲林縣","莿桐鄉","120.515","23.775","167"
"350","237025","20220820033000","291","2","雲林縣","莿桐鄉","120.520","23.775","380"
"1274","237039","20220820033000","424","3","雲林縣","西螺鎮","120.435","23.800","1254"
"948","237048","20220820033000","245","3","雲林縣","西螺鎮","120.440","23.810","938"
"431","237053","20220820033000","290","2","雲林縣","西螺鎮","120.465","23.795","442"
"1395","237054","20220820033000","1062","2","雲林縣","西螺鎮","120.465","23.800","1394"
"13","237056","20220820033000","275","0","雲林縣","西螺鎮","120.465","23.765","17"
"1275","237062","20220820033000","636","3","雲林縣","西螺鎮","120.475","23.785","1277"
"262","237066","20220820033000","104","3","雲林縣","西螺鎮","120.475","23.765","282"
"44","237068","20220820033000","434","0","雲林縣","西螺鎮","120.460","23.795","39"
"890","237069","20220820033000","977","0","雲林縣","西螺鎮","120.460","23.800","865"
"1814","237075","20220820033000","758","3","雲林縣","西螺鎮","120.440","23.800","1782"
"424","237076","20220820033000","277","3","雲林縣","西螺鎮","120.455","23.790","428"
"123","237078","20220820033000","2518","0","雲林縣","西螺鎮","120.455","23.800","128"
"10","237081","20220820033000","124","0","彰化縣","二水鄉","120.635","23.810","17"
"15","237103","20220820033000","248","0","彰化縣","二水鄉","120.630","23.800","16"
"42","237115","20220820033000","27","3","彰化縣","二水鄉","120.655","23.800","37"
"398","237141","20220820033000","367","1","雲林縣","崙背鄉","120.325","23.795","431"
"200","237147","20220820033000","151","2","雲林縣","崙背鄉","120.340","23.800","198"
"101","237182","20220820033000","115","0","雲林縣","崙背鄉","120.310","23.790","113"
"215","237186","20220820033000","232","0","雲林縣","崙背鄉","120.305","23.795","225"
"32","237187","20220820033000","24","2","雲林縣","崙背鄉","120.310","23.795","21"
"908","237189","20220820033000","378","3","雲林縣","麥寮鄉","120.295","23.800","890"
"100","237228","20220820033000","66","3","彰化縣","田中鎮","120.605","23.845","98"
"17","237236","20220820033000","22","0","彰化縣","溪州鄉","120.455","23.825","19"
"20","237241","20220820033000","225","0","彰化縣","竹塘鄉","120.445","23.835","21"
"42","237255","20220820033000","560","0","雲林縣","莿桐鄉","120.565","23.775","60"
"57","237256","20220820033000","224","0","雲林縣","莿桐鄉","120.570","23.775","68"
"226","237302","20220820033000","165","2","雲林縣","莿桐鄉","120.550","23.765","214"
"11","237358","20220820033000","143","0","南投縣","竹山鎮","120.680","23.770","14"
"66","237361","20220820033000","97","0","南投縣","竹山鎮","120.680","23.775","66"
"117","237386","20220820033000","89","2","南投縣","竹山鎮","120.650","23.770","107"
"205","237414","20220820033000","244","0","南投縣","竹山鎮","120.730","23.815","209"
"195","237424","20220820033000","200","0","南投縣","竹山鎮","120.715","23.765","194"
"39","237434","20220820033000","417","0","南投縣","竹山鎮","120.705","23.780","39"
"187","237436","20220820033000","180","1","南投縣","竹山鎮","120.715","23.780","190"
"29","237498","20220820033000","414","0","雲林縣","麥寮鄉","120.240","23.770","28"
"158","237499","20220820033000","77","3","雲林縣","麥寮鄉","120.245","23.770","162"
"18","237516","20220820033000","224","0","雲林縣","崙背鄉","120.355","23.765","21"
"135","237531","20220820033000","100","2","南投縣","竹山鎮","120.750","23.815","134"
"377","237559","20220820033000","305","2","南投縣","竹山鎮","120.715","23.800","357"
"150","237593","20220820033000","185","0","南投縣","魚池鄉","120.895","23.835","166"
"241","237595","20220820033000","259","0","南投縣","魚池鄉","120.905","23.835","215"
"381","237603","20220820033000","383","0","南投縣","竹山鎮","120.715","23.805","371"
"290","237607","20220820033000","173","3","南投縣","竹山鎮","120.730","23.810","296"
"274","237611","20220820033000","235","1","南投縣","竹山鎮","120.725","23.810","278"
"66","237614","20220820033000","139","0","南投縣","竹山鎮","120.720","23.815","75"
"24","237626","20220820033000","14","3","南投縣","魚池鄉","120.915","23.835","20"
"15","237638","20220820033000","17","0","南投縣","魚池鄉","120.915","23.845","18"
"95","237670","20220820033000","82","1","南投縣","魚池鄉","120.885","23.820","104"
"349","237685","20220820033000","317","1","雲林縣","麥寮鄉","120.290","23.765","355"
"104","237741","20220820033000","62","3","南投縣","集集鎮","120.760","23.830","101"
"19","237745","20220820033000","17","1","南投縣","集集鎮","120.760","23.835","22"
"85","237775","20220820033000","58","2","南投縣","集集鎮","120.750","23.840","88"
"31","237785","20220820033000","169","0","南投縣","集集鎮","120.745","23.830","29"
"31","237788","20220820033000","25","2","南投縣","集集鎮","120.740","23.835","27"
"23","237801","20220820033000","254","0","南投縣","集集鎮","120.780","23.825","22"
"236","237819","20220820033000","166","2","雲林縣","莿桐鄉","120.505","23.765","248"
"295","237826","20220820033000","234","2","雲林縣","莿桐鄉","120.520","23.765","300"
"1079","237833","20220820033000","462","3","雲林縣","西螺鎮","120.480","23.770","1107"
"411","237848","20220820033000","298","2","雲林縣","麥寮鄉","120.290","23.795","412"
"1724","237860","20220820033000","1416","2","雲林縣","麥寮鄉","120.275","23.795","1739"
"484","237864","20220820033000","287","3","雲林縣","麥寮鄉","120.280","23.795","489"
"18","237872","20220820033000","124","0","彰化縣","田中鎮","120.560","23.845","14"
"142","237874","20220820033000","105","2","彰化縣","田中鎮","120.570","23.845","150"
"69","237878","20220820033000","50","2","彰化縣","田中鎮","120.580","23.840","62"
"307","237881","20220820033000","316","0","彰化縣","田中鎮","120.595","23.840","306"
"27","237884","20220820033000","373","0","彰化縣","田中鎮","120.595","23.845","36"
"265","237895","20220820033000","194","2","彰化縣","田中鎮","120.595","23.830","276"
"72","237900","20220820033000","469","0","雲林縣","莿桐鄉","120.535","23.775","69"
"131","240440","20220820033000","51","3","花蓮縣","壽豐鄉","121.605","23.885","339"
"261","242904","20220820033000","146","3","花蓮縣","秀林鄉","121.500","23.920","264"
"373","242957","20220820033000","163","3","花蓮縣","壽豐鄉","121.530","23.865","243"
"168","242963","20220820033000","127","2","花蓮縣","壽豐鄉","121.525","23.870","158"
"982","242988","20220820033000","689","2","花蓮縣","壽豐鄉","121.510","23.870","989"
"845","243010","20220820033000","547","3","花蓮縣","壽豐鄉","121.520","23.890","733"
"23","243014","20220820033000","62","0","花蓮縣","壽豐鄉","121.540","23.890","15"
"482","243023","20220820033000","454","1","花蓮縣","壽豐鄉","121.555","23.895","440"
"46","243053","20220820033000","534","0","花蓮縣","壽豐鄉","121.535","23.895","52"
"178","243054","20220820033000","343","0","花蓮縣","壽豐鄉","121.540","23.895","163"
"253","243055","20220820033000","293","0","花蓮縣","壽豐鄉","121.545","23.895","253"
"280","243057","20220820033000","289","0","花蓮縣","壽豐鄉","121.530","23.895","302"
"416","243065","20220820033000","465","0","花蓮縣","壽豐鄉","121.530","23.900","377"
"394","243069","20220820033000","711","0","花蓮縣","壽豐鄉","121.550","23.900","363"
"860","243073","20220820033000","915","0","花蓮縣","壽豐鄉","121.530","23.905","783"
"169","243089","20220820033000","86","3","花蓮縣","壽豐鄉","121.520","23.915","213"
"118","243103","20220820033000","57","3","花蓮縣","壽豐鄉","121.550","23.920","102"
"97","243143","20220820033000","71","2","花蓮縣","壽豐鄉","121.555","23.865","87"
"66","243149","20220820033000","64","1","花蓮縣","壽豐鄉","121.555","23.870","63"
"33","243164","20220820033000","38","0","花蓮縣","壽豐鄉","121.585","23.880","34"
"37","243184","20220820033000","27","2","花蓮縣","壽豐鄉","121.595","23.905","40"
"118","243230","20220820033000","71","3","花蓮縣","壽豐鄉","121.520","23.845","96"
"522","243249","20220820033000","411","2","花蓮縣","壽豐鄉","121.495","23.850","531"
"553","243255","20220820033000","480","1","花蓮縣","壽豐鄉","121.490","23.855","557"
"121","243262","20220820033000","104","1","花蓮縣","壽豐鄉","121.485","23.855","110"
"146","243315","20220820033000","92","3","花蓮縣","壽豐鄉","121.600","23.870","153"
"27","243324","20220820033000","21","2","花蓮縣","壽豐鄉","121.590","23.885","32"
"14","243336","20220820033000","15","0","花蓮縣","壽豐鄉","121.600","23.900","10"
"386","243338","20220820033000","207","3","花蓮縣","壽豐鄉","121.600","23.905","370"
"96","243339","20220820033000","25","3","花蓮縣","壽豐鄉","121.605","23.905","90"
"612","243392","20220820033000","638","0","彰化縣","二林鎮","120.360","23.895","658"
"1185","243393","20220820033000","896","2","彰化縣","二林鎮","120.370","23.900","1207"
"380","243406","20220820033000","323","1","彰化縣","二林鎮","120.390","23.865","391"
"151","243422","20220820033000","192","0","彰化縣","二林鎮","120.415","23.910","163"
"388","243424","20220820033000","402","0","彰化縣","二林鎮","120.425","23.910","402"
"232","243439","20220820033000","225","1","彰化縣","二林鎮","120.360","23.865","237"
"391","243447","20220820033000","304","2","彰化縣","二林鎮","120.360","23.880","402"
"456","243770","20220820033000","409","1","彰化縣","二林鎮","120.365","23.890","433"
"425","243772","20220820033000","649","0","彰化縣","二林鎮","120.370","23.895","445"
"657","243777","20220820033000","475","2","彰化縣","二林鎮","120.425","23.895","719"
"362","243783","20220820033000","377","0","彰化縣","二林鎮","120.365","23.900","355"
"396","243796","20220820033000","391","1","彰化縣","二林鎮","120.440","23.875","386"
"105","243827","20220820033000","110","0","南投縣","水里鄉","120.865","23.905","132"
"305","243861","20220820033000","90","3","彰化縣","大城鄉","120.325","23.860","304"
"1108","243867","20220820033000","1133","0","彰化縣","大城鄉","120.320","23.850","1146"
"145","243900","20220820033000","596","0","彰化縣","埤頭鄉","120.470","23.915","148"
"358","243909","20220820033000","203","3","彰化縣","埤頭鄉","120.460","23.925","353"
"59","243970","20220820033000","50","1","南投縣","中寮鄉","120.800","23.905","66"
"127","244008","20220820033000","139","0","南投縣","中寮鄉","120.805","23.925","120"
"235","244044","20220820033000","150","3","南投縣","中寮鄉","120.750","23.895","231"
"68","244051","20220820033000","62","1","南投縣","中寮鄉","120.765","23.900","70"
"556","244122","20220820033000","395","2","彰化縣","埤頭鄉","120.480","23.890","571"
"310","244129","20220820033000","287","1","彰化縣","埤頭鄉","120.460","23.860","308"
"38","244142","20220820033000","361","0","彰化縣","埤頭鄉","120.460","23.880","37"
"1293","244150","20220820033000","1186","1","彰化縣","埤頭鄉","120.465","23.890","1357"
"39","244159","20220820033000","399","0","南投縣","中寮鄉","120.760","23.880","40"
"80","244163","20220820033000","556","0","南投縣","中寮鄉","120.775","23.885","88"
"365","244211","20220820033000","303","2","南投縣","中寮鄉","120.735","23.895","353"
"72","244235","20220820033000","60","2","南投縣","中寮鄉","120.770","23.920","80"
"45","244247","20220820033000","299","0","南投縣","中寮鄉","120.830","23.860","38"
"97","244274","20220820033000","91","1","南投縣","中寮鄉","120.800","23.880","96"
"31","244326","20220820033000","499","0","南投縣","中寮鄉","120.710","23.895","41"
"40","244341","20220820033000","41","0","彰化縣","員林鎮","120.580","23.925","48"
"134","244392","20220820033000","104","2","南投縣","中寮鄉","120.725","23.925","138"
"73","244395","20220820033000","55","2","南投縣","中寮鄉","120.740","23.925","68"
"873","244397","20220820033000","879","0","彰化縣","二林鎮","120.375","23.895","858"
"1236","244398","20220820033000","1048","1","彰化縣","二林鎮","120.380","23.895","1236"
"283","244411","20220820033000","204","2","南投縣","南投市","120.695","23.915","273"
"316","244414","20220820033000","613","0","南投縣","南投市","120.695","23.920","319"
"606","244415","20220820033000","530","1","南投縣","南投市","120.700","23.920","619"
"15","244420","20220820033000","80","0","南投縣","南投市","120.640","23.925","17"
"1730","244422","20220820033000","1631","1","南投縣","南投市","120.690","23.905","1692"
"473","244426","20220820033000","500","0","彰化縣","永靖鄉","120.545","23.920","501"
"158","244429","20220820033000","339","0","彰化縣","永靖鄉","120.570","23.925","172"
"50","244451","20220820033000","52","0","南投縣","水里鄉","120.870","23.880","53"
"642","244465","20220820033000","586","1","彰化縣","溪州鄉","120.500","23.855","625"
"116","244468","20220820033000","114","1","彰化縣","溪州鄉","120.505","23.860","114"
"159","244477","20220820033000","173","0","南投縣","南投市","120.635","23.905","181"
"121","244478","20220820033000","392","0","南投縣","南投市","120.640","23.905","103"
"12","244480","20220820033000","13","0","南投縣","南投市","120.635","23.910","14"
"52","244488","20220820033000","38","2","彰化縣","社頭鄉","120.635","23.920","45"
"117","244490","20220820033000","125","0","南投縣","南投市","120.650","23.920","123"
"424","244492","20220820033000","633","0","彰化縣","永靖鄉","120.535","23.920","449"
"328","244498","20220820033000","364","0","彰化縣","永靖鄉","120.515","23.915","359"
"420","244499","20220820033000","320","2","彰化縣","永靖鄉","120.520","23.915","383"
"437","244512","20220820033000","528","0","彰化縣","永靖鄉","120.560","23.920","453"
"92","244516","20220820033000","390","0","彰化縣","永靖鄉","120.535","23.925","85"
"1289","244517","20220820033000","1646","0","彰化縣","永靖鄉","120.540","23.925","1291"
"344","244520","20220820033000","247","2","彰化縣","永靖鄉","120.560","23.910","347"
"24","244530","20220820033000","276","0","彰化縣","永靖鄉","120.545","23.910","22"
"88","244534","20220820033000","94","0","彰化縣","田尾鄉","120.530","23.910","97"
"33","244537","20220820033000","380","0","彰化縣","永靖鄉","120.550","23.920","43"
"25","244540","20220820033000","382","0","彰化縣","永靖鄉","120.550","23.925","15"
"39","244544","20220820033000","517","0","彰化縣","永靖鄉","120.505","23.920","37"
"500","244566","20220820033000","99","3","彰化縣","大城鄉","120.285","23.865","488"
"187","244576","20220820033000","30","3","彰化縣","大城鄉","120.290","23.870","185"
"543","244605","20220820033000","446","2","彰化縣","芳苑鄉","120.345","23.910","511"
"12","244609","20220820033000","294","0","彰化縣","芳苑鄉","120.350","23.915","12"
"219","244612","20220820033000","174","2","彰化縣","芳苑鄉","120.350","23.920","242"
"11","244615","20220820033000","18","0","彰化縣","芳苑鄉","120.355","23.925","11"
"261","244624","20220820033000","104","3","彰化縣","芳苑鄉","120.315","23.895","257"
"26","244639","20220820033000","55","0","彰化縣","芳苑鄉","120.305","23.905","27"
"1119","244674","20220820033000","926","2","南投縣","南投市","120.695","23.900","1138"
"22","244675","20220820033000","35","0","南投縣","南投市","120.685","23.925","18"
"54","244677","20220820033000","85","0","南投縣","南投市","120.695","23.925","59"
"234","244693","20220820033000","323","0","南投縣","南投市","120.680","23.895","236"
"26","244694","20220820033000","21","2","南投縣","南投市","120.685","23.895","26"
"2115","244695","20220820033000","1997","1","南投縣","南投市","120.685","23.900","2099"
"318","244696","20220820033000","293","1","南投縣","南投市","120.690","23.900","320"
"171","244697","20220820033000","166","1","彰化縣","溪州鄉","120.480","23.850","197"
"44","244698","20220820033000","320","0","彰化縣","溪州鄉","120.485","23.850","34"
"595","244700","20220820033000","538","1","彰化縣","溪州鄉","120.495","23.850","598"
"703","244706","20220820033000","756","0","南投縣","南投市","120.680","23.910","731"
"400","244716","20220820033000","297","2","南投縣","南投市","120.675","23.900","405"
"269","244717","20220820033000","265","1","南投縣","南投市","120.680","23.905","279"
"1227","244720","20220820033000","893","2","南投縣","南投市","120.675","23.905","1203"
"18","244738","20220820033000","28","0","南投縣","埔里鎮","120.990","23.925","16"
"163","244739","20220820033000","142","1","南投縣","埔里鎮","120.995","23.925","162"
"119","244741","20220820033000","125","0","南投縣","仁愛鄉","121.010","23.925","113"
"453","244742","20220820033000","605","0","彰化縣","溪州鄉","120.495","23.855","462"
"33","244772","20220820033000","35","0","南投縣","水里鄉","120.865","23.855","33"
"224","244790","20220820033000","155","2","南投縣","名間鄉","120.675","23.870","244"
"259","244793","20220820033000","233","1","彰化縣","田中鎮","120.625","23.855","266"
"114","244800","20220820033000","84","2","南投縣","名間鄉","120.630","23.855","110"
"169","244806","20220820033000","102","3","南投縣","名間鄉","120.635","23.860","163"
"630","244815","20220820033000","488","2","南投縣","名間鄉","120.705","23.875","646"
"161","244846","20220820033000","94","3","南投縣","名間鄉","120.635","23.880","169"
"549","244854","20220820033000","309","3","南投縣","南投市","120.690","23.910","548"
"776","244855","20220820033000","736","1","南投縣","南投市","120.690","23.915","814"
"90","244860","20220820033000","117","0","南投縣","南投市","120.655","23.915","90"
"861","244865","20220820033000","662","2","南投縣","南投市","120.665","23.920","858"
"843","244867","20220820033000","563","2","南投縣","南投市","120.675","23.920","873"
"688","244868","20220820033000","787","0","南投縣","南投市","120.680","23.920","742"
"595","244869","20220820033000","427","2","南投縣","南投市","120.670","23.925","590"
"700","244870","20220820033000","642","1","南投縣","南投市","120.675","23.925","687"
"1072","244872","20220820033000","854","2","南投縣","南投市","120.685","23.910","1063"
"1606","244873","20220820033000","1688","0","南投縣","南投市","120.685","23.905","1665"
"196","244874","20220820033000","175","1","南投縣","南投市","120.705","23.900","179"
"63","244875","20220820033000","62","1","南投縣","南投市","120.710","23.900","50"
"121","244880","20220820033000","84","2","南投縣","南投市","120.695","23.905","117"
"438","244881","20220820033000","335","2","南投縣","南投市","120.700","23.905","418"
"397","244890","20220820033000","481","0","南投縣","南投市","120.705","23.915","376"
"644","244893","20220820033000","646","0","彰化縣","溪州鄉","120.495","23.865","665"
"523","244909","20220820033000","528","0","彰化縣","埤頭鄉","120.460","23.890","522"
"720","244910","20220820033000","722","0","彰化縣","埤頭鄉","120.455","23.895","739"
"640","244911","20220820033000","545","1","彰化縣","埤頭鄉","120.460","23.895","617"
"422","244918","20220820033000","397","1","彰化縣","埤頭鄉","120.495","23.885","409"
"603","244922","20220820033000","440","2","彰化縣","埤頭鄉","120.495","23.890","563"
"215","244924","20220820033000","205","1","彰化縣","埤頭鄉","120.480","23.895","216"
"394","244925","20220820033000","407","0","彰化縣","埤頭鄉","120.485","23.895","392"
"662","244953","20220820033000","593","1","彰化縣","北斗鎮","120.515","23.875","647"
"368","244955","20220820033000","234","3","彰化縣","北斗鎮","120.515","23.865","379"
"22","244956","20220820033000","409","0","彰化縣","北斗鎮","120.520","23.865","26"
"567","244958","20220820033000","934","0","彰化縣","北斗鎮","120.520","23.870","440"
"658","244960","20220820033000","462","2","彰化縣","埤頭鄉","120.460","23.850","665"
"31","244961","20220820033000","248","0","彰化縣","埤頭鄉","120.465","23.850","35"
"228","244970","20220820033000","153","2","南投縣","名間鄉","120.645","23.865","232"
"174","244972","20220820033000","232","0","南投縣","名間鄉","120.650","23.870","171"
"913","244974","20220820033000","728","2","南投縣","名間鄉","120.655","23.870","912"
"382","244987","20220820033000","369","1","南投縣","名間鄉","120.670","23.850","389"
"372","244993","20220820033000","349","1","南投縣","名間鄉","120.675","23.855","385"
"709","245005","20220820033000","647","1","南投縣","名間鄉","120.695","23.865","731"
"211","245007","20220820033000","213","0","南投縣","名間鄉","120.685","23.870","228"
"340","245016","20220820033000","229","2","南投縣","名間鄉","120.685","23.880","338"
"65","245017","20220820033000","452","0","南投縣","名間鄉","120.690","23.880","60"
"158","245037","20220820033000","167","0","南投縣","名間鄉","120.705","23.865","166"
"256","245042","20220820033000","257","0","彰化縣","溪州鄉","120.525","23.850","260"
"244","245076","20220820033000","36","3","彰化縣","大城鄉","120.295","23.885","254"
"12","245099","20220820033000","171","0","彰化縣","大城鄉","120.300","23.890","12"
"25","245150","20220820033000","205","0","彰化縣","大城鄉","120.295","23.855","17"
"166","245157","20220820033000","183","0","彰化縣","北斗鎮","120.530","23.855","158"
"1178","245161","20220820033000","1228","0","彰化縣","北斗鎮","120.530","23.870","1226"
"193","245165","20220820033000","172","1","彰化縣","北斗鎮","120.545","23.870","189"
"392","245169","20220820033000","280","2","彰化縣","芳苑鄉","120.320","23.920","448"
"86","245184","20220820033000","56","3","南投縣","名間鄉","120.625","23.850","78"
"111","245191","20220820033000","145","0","南投縣","名間鄉","120.690","23.850","127"
"14","245192","20220820033000","128","0","南投縣","名間鄉","120.695","23.850","18"
"1305","245211","20220820033000","366","3","彰化縣","大城鄉","120.290","23.860","1325"
"117","245214","20220820033000","75","3","彰化縣","大城鄉","120.300","23.865","120"
"264","245216","20220820033000","61","3","彰化縣","大城鄉","120.300","23.870","271"
"553","245296","20220820033000","265","3","南投縣","南投市","120.635","23.895","575"
"12","245302","20220820033000","36","0","南投縣","南投市","120.655","23.900","12"
"408","245305","20220820033000","250","3","南投縣","南投市","120.660","23.925","406"
"23","245312","20220820033000","166","0","南投縣","南投市","120.665","23.910","28"
"328","245314","20220820033000","1241","0","南投縣","南投市","120.675","23.910","329"
"885","245316","20220820033000","1352","0","南投縣","南投市","120.680","23.915","903"
"1440","245320","20220820033000","982","2","彰化縣","北斗鎮","120.520","23.880","1380"
"569","245325","20220820033000","507","1","彰化縣","北斗鎮","120.530","23.875","570"
"338","245329","20220820033000","248","2","彰化縣","北斗鎮","120.535","23.880","332"
"38","245332","20220820033000","654","0","彰化縣","北斗鎮","120.525","23.870","41"
"552","245335","20220820033000","171","3","彰化縣","大城鄉","120.310","23.875","550"
"383","245353","20220820033000","247","3","彰化縣","大城鄉","120.315","23.870","392"
"349","245376","20220820033000","278","2","彰化縣","北斗鎮","120.510","23.880","321"
"20","245379","20220820033000","260","0","彰化縣","田尾鄉","120.515","23.890","17"
"341","245489","20220820033000","360","0","南投縣","仁愛鄉","120.990","23.905","299"
"40","245503","20220820033000","24","3","南投縣","仁愛鄉","121.005","23.910","49"
"21","245515","20220820033000","24","0","南投縣","埔里鎮","121.010","23.920","18"
"27","245723","20220820033000","19","2","南投縣","仁愛鄉","121.025","23.910","22"
"532","245728","20220820033000","367","2","南投縣","仁愛鄉","121.050","23.910","367"
"68","245748","20220820033000","93","0","南投縣","仁愛鄉","121.030","23.920","33"
"148","246363","20220820033000","367","0","彰化縣","北斗鎮","120.525","23.880","138"
"193","246370","20220820033000","230","0","彰化縣","北斗鎮","120.555","23.855","183"
"483","246377","20220820033000","407","1","彰化縣","北斗鎮","120.550","23.865","506"
"302","246388","20220820033000","228","2","彰化縣","埤頭鄉","120.455","23.850","301"
"389","246394","20220820033000","287","2","彰化縣","二林鎮","120.410","23.920","421"
"18","246402","20220820033000","394","0","彰化縣","二林鎮","120.365","23.895","12"
"628","246404","20220820033000","482","2","彰化縣","二林鎮","120.405","23.895","624"
"127","246436","20220820033000","245","0","彰化縣","芳苑鄉","120.380","23.925","132"
"644","246446","20220820033000","467","2","彰化縣","芳苑鄉","120.330","23.895","645"
"161","246468","20220820033000","134","2","彰化縣","芳苑鄉","120.330","23.915","181"
"181","246471","20220820033000","110","3","彰化縣","芳苑鄉","120.335","23.920","203"
"971","246472","20220820033000","850","1","彰化縣","北斗鎮","120.525","23.875","982"
"212","246476","20220820033000","169","2","彰化縣","北斗鎮","120.560","23.850","202"
"53","246477","20220820033000","73","0","彰化縣","北斗鎮","120.540","23.855","73"
"76","246480","20220820033000","62","2","彰化縣","北斗鎮","120.550","23.855","76"
"489","246488","20220820033000","349","2","彰化縣","北斗鎮","120.535","23.870","490"
"105","246493","20220820033000","114","0","彰化縣","二林鎮","120.395","23.890","103"
"365","246499","20220820033000","307","1","彰化縣","大城鄉","120.315","23.850","361"
"207","246518","20220820033000","257","0","南投縣","南投市","120.670","23.890","187"
"578","246522","20220820033000","550","1","南投縣","南投市","120.690","23.890","576"
"1102","246530","20220820033000","1007","1","彰化縣","社頭鄉","120.605","23.915","1146"
"580","246531","20220820033000","273","3","彰化縣","田中鎮","120.585","23.875","595"
"63","246534","20220820033000","179","0","彰化縣","田中鎮","120.575","23.865","63"
"316","246537","20220820033000","178","3","彰化縣","田中鎮","120.575","23.875","312"
"55","246545","20220820033000","82","0","彰化縣","田尾鄉","120.510","23.905","60"
"472","246547","20220820033000","361","2","彰化縣","竹塘鄉","120.415","23.850","499"
"408","246558","20220820033000","521","0","彰化縣","田尾鄉","120.535","23.905","449"
"1705","246566","20220820033000","845","3","彰化縣","社頭鄉","120.580","23.895","1685"
"1452","246568","20220820033000","637","3","彰化縣","社頭鄉","120.580","23.900","1460"
"2069","246569","20220820033000","1134","3","彰化縣","社頭鄉","120.580","23.905","2149"
"35","246573","20220820033000","249","0","彰化縣","田尾鄉","120.525","23.885","31"
"187","246574","20220820033000","344","0","彰化縣","田尾鄉","120.530","23.885","205"
"104","246579","20220820033000","111","0","彰化縣","田尾鄉","120.535","23.890","104"
"537","246581","20220820033000","429","2","彰化縣","田尾鄉","120.535","23.895","515"
"857","246583","20220820033000","767","1","彰化縣","田尾鄉","120.530","23.900","885"
"11","246608","20220820033000","27","0","彰化縣","社頭鄉","120.620","23.925","13"
"1435","246615","20220820033000","1380","1","彰化縣","竹塘鄉","120.430","23.855","1500"
"607","246618","20220820033000","684","0","彰化縣","竹塘鄉","120.420","23.875","739"
"230","246630","20220820033000","170","2","彰化縣","竹塘鄉","120.375","23.850","235"
"2614","246654","20220820033000","794","3","彰化縣","社頭鄉","120.585","23.900","2639"
"1306","246659","20220820033000","420","3","彰化縣","社頭鄉","120.585","23.890","1308"
"395","246669","20220820033000","240","3","彰化縣","竹塘鄉","120.445","23.860","398"
"769","246711","20220820033000","428","3","南投縣","魚池鄉","120.910","23.860","679"
"423","246720","20220820033000","253","3","南投縣","魚池鄉","120.900","23.865","416"
"357","246722","20220820033000","271","2","南投縣","魚池鄉","120.910","23.865","288"
"333","246735","20220820033000","193","3","南投縣","魚池鄉","120.925","23.870","274"
"277","246739","20220820033000","239","1","南投縣","魚池鄉","120.935","23.895","255"
"574","246741","20220820033000","416","2","南投縣","魚池鄉","120.935","23.900","550"
"585","246742","20220820033000","449","2","南投縣","魚池鄉","120.940","23.900","585"
"283","246747","20220820033000","253","1","彰化縣","芳苑鄉","120.350","23.900","286"
"337","246748","20220820033000","259","2","彰化縣","二林鎮","120.355","23.900","346"
"164","246749","20220820033000","140","1","彰化縣","芳苑鄉","120.360","23.900","168"
"38","246750","20220820033000","24","3","彰化縣","芳苑鄉","120.345","23.905","25"
"151","246758","20220820033000","133","1","彰化縣","芳苑鄉","120.355","23.920","134"
"280","246770","20220820033000","278","1","彰化縣","芳苑鄉","120.335","23.890","263"
"34","246777","20220820033000","37","0","南投縣","魚池鄉","120.925","23.875","25"
"252","246788","20220820033000","202","2","南投縣","魚池鄉","120.925","23.885","270"
"208","246822","20220820033000","96","3","南投縣","魚池鄉","120.905","23.880","197"
"14","246823","20220820033000","18","0","南投縣","魚池鄉","120.875","23.885","14"
"16","246824","20220820033000","139","0","南投縣","魚池鄉","120.880","23.885","16"
"51","246826","20220820033000","76","0","南投縣","魚池鄉","120.890","23.885","60"
"17","246832","20220820033000","17","1","南投縣","魚池鄉","120.880","23.890","18"
"26","246857","20220820033000","27","0","南投縣","魚池鄉","120.890","23.905","17"
"26","246858","20220820033000","28","0","南投縣","魚池鄉","120.895","23.905","26"
"47","246870","20220820033000","57","0","南投縣","魚池鄉","120.890","23.910","56"
"154","246893","20220820033000","166","0","南投縣","魚池鄉","120.955","23.900","145"
"200","246906","20220820033000","199","1","南投縣","魚池鄉","120.955","23.910","193"
"133","246920","20220820033000","138","0","南投縣","魚池鄉","120.965","23.915","133"
"50","246922","20220820033000","83","0","南投縣","魚池鄉","120.965","23.920","58"
"26","246930","20220820033000","22","1","南投縣","魚池鄉","120.950","23.865","17"
"155","246935","20220820033000","114","2","南投縣","魚池鄉","120.945","23.870","114"
"33","246941","20220820033000","82","0","南投縣","魚池鄉","120.950","23.875","35"
"30","246955","20220820033000","352","0","南投縣","魚池鄉","120.905","23.905","24"
"388","246964","20220820033000","337","1","南投縣","魚池鄉","120.920","23.910","330"
"88","246970","20220820033000","70","2","南投縣","魚池鄉","120.920","23.915","84"
"294","246989","20220820033000","257","1","南投縣","魚池鄉","120.925","23.910","264"
"223","247005","20220820033000","135","3","南投縣","魚池鄉","120.945","23.925","171"
"1212","247013","20220820033000","734","3","南投縣","魚池鄉","120.930","23.850","1045"
"48","247024","20220820033000","39","2","南投縣","魚池鄉","120.935","23.855","30"
"445","247088","20220820033000","459","0","南投縣","魚池鄉","120.965","23.890","466"
"36","247100","20220820033000","344","0","南投縣","魚池鄉","120.940","23.895","33"
"25","247101","20220820033000","22","1","南投縣","魚池鄉","120.945","23.895","24"
"73","247117","20220820033000","50","2","彰化縣","竹塘鄉","120.400","23.860","82"
"186","247119","20220820033000","160","1","彰化縣","竹塘鄉","120.410","23.860","191"
"1048","247156","20220820033000","936","1","彰化縣","社頭鄉","120.595","23.900","1032"
"36","247158","20220820033000","210","0","彰化縣","田尾鄉","120.550","23.890","38"
"110","247160","20220820033000","112","0","彰化縣","田尾鄉","120.555","23.895","118"
"10","247163","20220820033000","292","0","彰化縣","田尾鄉","120.560","23.900","11"
"588","247166","20220820033000","639","0","彰化縣","田尾鄉","120.525","23.905","573"
"24","247170","20220820033000","18","2","彰化縣","田尾鄉","120.520","23.890","30"
"541","247187","20220820033000","623","0","彰化縣","田尾鄉","120.500","23.920","554"
"79","247189","20220820033000","617","0","彰化縣","溪湖鎮","120.475","23.925","65"
"2700","247194","20220820033000","579","3","彰化縣","社頭鄉","120.585","23.895","2696"
"284","247207","20220820033000","256","1","彰化縣","社頭鄉","120.605","23.895","296"
"26","247218","20220820033000","173","0","彰化縣","田尾鄉","120.540","23.885","29"
"382","247222","20220820033000","694","0","彰化縣","田中鎮","120.585","23.865","383"
"432","247224","20220820033000","438","0","彰化縣","田中鎮","120.585","23.850","447"
"32","247227","20220820033000","719","0","彰化縣","田中鎮","120.600","23.855","28"
"1088","247235","20220820033000","933","1","彰化縣","田中鎮","120.590","23.855","1085"
"26","247238","20220820033000","43","0","彰化縣","田尾鄉","120.530","23.895","32"
"221","247244","20220820033000","176","2","彰化縣","北斗鎮","120.545","23.880","230"
"26","247248","20220820033000","43","0","彰化縣","田尾鄉","120.550","23.885","22"
"251","247250","20220820033000","235","1","彰化縣","田尾鄉","120.560","23.890","263"
"110","247251","20220820033000","103","1","彰化縣","田尾鄉","120.565","23.890","123"
"17","247253","20220820033000","428","0","彰化縣","田尾鄉","120.535","23.900","11"
"67","247259","20220820033000","877","0","彰化縣","田尾鄉","120.550","23.900","57"
"517","247268","20220820033000","452","1","彰化縣","社頭鄉","120.585","23.920","509"
"61","247277","20220820033000","58","1","彰化縣","社頭鄉","120.615","23.885","82"
"489","247283","20220820033000","350","2","彰化縣","社頭鄉","120.610","23.890","437"
"20","247286","20220820033000","21","0","彰化縣","社頭鄉","120.570","23.910","21"
"25","247288","20220820033000","43","0","彰化縣","永靖鄉","120.575","23.915","28"
"50","247290","20220820033000","43","1","彰化縣","永靖鄉","120.575","23.920","52"
"20","247291","20220820033000","346","0","彰化縣","社頭鄉","120.595","23.920","16"
"24","247293","20220820033000","316","0","彰化縣","社頭鄉","120.605","23.920","31"
"479","247305","20220820033000","540","0","彰化縣","北斗鎮","120.570","23.850","450"
"282","247308","20220820033000","244","1","彰化縣","田中鎮","120.575","23.855","286"
"605","247312","20220820033000","529","1","彰化縣","田中鎮","120.605","23.855","603"
"476","247316","20220820033000","1110","0","彰化縣","田中鎮","120.580","23.860","471"
"431","247328","20220820033000","384","1","彰化縣","社頭鄉","120.575","23.900","405"
"338","247336","20220820033000","288","1","彰化縣","社頭鄉","120.610","23.905","334"
"15","247347","20220820033000","10","3","彰化縣","社頭鄉","120.630","23.905","17"
"450","247352","20220820033000","421","1","彰化縣","田中鎮","120.560","23.865","450"
"151","247353","20220820033000","177","0","彰化縣","田中鎮","120.565","23.865","154"
"215","247359","20220820033000","115","3","彰化縣","田中鎮","120.590","23.865","198"
"538","247361","20220820033000","564","0","彰化縣","田中鎮","120.585","23.870","547"
"494","247365","20220820033000","467","1","彰化縣","田中鎮","120.585","23.860","471"
"214","247366","20220820033000","182","1","彰化縣","田中鎮","120.570","23.875","223"
"14","247367","20220820033000","231","0","彰化縣","田中鎮","120.560","23.880","10"
"304","247377","20220820033000","284","1","彰化縣","田中鎮","120.605","23.870","299"
"150","247383","20220820033000","158","0","彰化縣","田中鎮","120.605","23.875","145"
"273","247399","20220820033000","211","2","彰化縣","田中鎮","120.595","23.855","257"
"52","247400","20220820033000","157","0","彰化縣","田中鎮","120.590","23.860","59"
"643","247403","20220820033000","304","3","彰化縣","社頭鄉","120.590","23.900","623"
"985","247409","20220820033000","311","3","彰化縣","社頭鄉","120.585","23.885","994"
"101","247637","20220820033000","47","3","花蓮縣","壽豐鄉","121.610","23.920","94"
"187","252412","20220820033000","123","3","花蓮縣","花蓮市","121.640","23.995","204"
"53","252926","20220820033000","45","1","臺中市","霧峰區","120.705","24.010","56"
"234","253141","20220820033000","140","3","花蓮縣","秀林鄉","121.505","23.945","227"
"306","253374","20220820033000","252","2","花蓮縣","秀林鄉","121.555","24.005","319"
"279","253376","20220820033000","189","2","花蓮縣","新城鄉","121.615","24.005","277"
"165","253382","20220820033000","164","1","花蓮縣","吉安鄉","121.580","23.925","158"
"153","253393","20220820033000","151","1","花蓮縣","吉安鄉","121.585","23.930","181"
"237","253400","20220820033000","206","1","花蓮縣","吉安鄉","121.580","23.935","231"
"252","253403","20220820033000","129","3","花蓮縣","吉安鄉","121.595","23.935","228"
"896","253410","20220820033000","561","3","花蓮縣","吉安鄉","121.595","23.940","874"
"643","253413","20220820033000","502","2","花蓮縣","吉安鄉","121.575","23.945","628"
"1448","253414","20220820033000","992","2","花蓮縣","吉安鄉","121.585","23.975","1464"
"228","253433","20220820033000","180","2","花蓮縣","吉安鄉","121.550","23.945","212"
"173","253436","20220820033000","119","2","花蓮縣","吉安鄉","121.525","23.945","146"
"13","253450","20220820033000","21","0","花蓮縣","吉安鄉","121.580","23.950","12"
"1433","253452","20220820033000","1011","2","花蓮縣","吉安鄉","121.590","23.950","1370"
"801","253454","20220820033000","699","1","花蓮縣","吉安鄉","121.590","23.955","840"
"530","253457","20220820033000","423","2","花蓮縣","吉安鄉","121.590","23.945","499"
"536","253463","20220820033000","374","2","花蓮縣","吉安鄉","121.600","23.945","536"
"1024","253470","20220820033000","1476","0","花蓮縣","吉安鄉","121.590","23.965","1031"
"1094","253471","20220820033000","604","3","花蓮縣","吉安鄉","121.590","23.970","1158"
"2885","253472","20220820033000","2309","2","花蓮縣","花蓮市","121.590","23.975","2837"
"1112","253475","20220820033000","1013","1","花蓮縣","吉安鄉","121.590","23.980","1103"
"361","253477","20220820033000","306","1","花蓮縣","吉安鄉","121.585","23.985","306"
"346","253478","20220820033000","272","2","花蓮縣","吉安鄉","121.585","23.980","336"
"953","253479","20220820033000","741","2","花蓮縣","花蓮市","121.600","23.985","961"
"327","253480","20220820033000","313","1","花蓮縣","吉安鄉","121.580","23.985","326"
"529","253481","20220820033000","490","1","花蓮縣","吉安鄉","121.585","23.990","548"
"2475","253482","20220820033000","1742","2","花蓮縣","花蓮市","121.595","23.990","2468"
"2236","253484","20220820033000","1302","3","花蓮縣","吉安鄉","121.580","23.970","2253"
"591","253485","20220820033000","476","2","花蓮縣","吉安鄉","121.585","23.970","589"
"124","253506","20220820033000","167","0","花蓮縣","吉安鄉","121.570","23.965","116"
"432","253507","20220820033000","325","2","花蓮縣","吉安鄉","121.575","23.965","469"
"558","253508","20220820033000","414","2","花蓮縣","吉安鄉","121.565","23.970","572"
"60","253517","20220820033000","96","0","花蓮縣","吉安鄉","121.560","23.975","80"
"1410","253520","20220820033000","1041","2","花蓮縣","吉安鄉","121.580","23.975","1441"
"673","253542","20220820033000","550","2","花蓮縣","吉安鄉","121.555","23.990","662"
"77","253545","20220820033000","141","0","花蓮縣","吉安鄉","121.570","23.990","102"
"478","253552","20220820033000","325","2","花蓮縣","吉安鄉","121.570","23.975","480"
"930","253554","20220820033000","445","3","花蓮縣","吉安鄉","121.565","23.980","898"
"1611","253555","20220820033000","1150","2","花蓮縣","吉安鄉","121.570","23.980","1575"
"389","253556","20220820033000","389","1","花蓮縣","吉安鄉","121.575","23.980","384"
"37","253557","20220820033000","36","1","花蓮縣","吉安鄉","121.555","23.985","31"
"832","253559","20220820033000","377","3","花蓮縣","吉安鄉","121.565","23.985","799"
"292","253561","20220820033000","167","3","花蓮縣","吉安鄉","121.605","23.955","261"
"737","253562","20220820033000","486","3","花蓮縣","吉安鄉","121.595","23.960","738"
"579","253563","20220820033000","439","2","花蓮縣","吉安鄉","121.600","23.960","544"
"1624","253565","20220820033000","1626","0","花蓮縣","吉安鄉","121.595","23.965","1625"
"559","253569","20220820033000","564","0","花蓮縣","吉安鄉","121.575","23.985","561"
"498","253575","20220820033000","349","2","花蓮縣","吉安鄉","121.570","23.940","513"
"612","253584","20220820033000","510","2","花蓮縣","吉安鄉","121.560","23.950","614"
"875","253594","20220820033000","748","1","花蓮縣","吉安鄉","121.550","23.965","846"
"61","253595","20220820033000","51","1","花蓮縣","吉安鄉","121.555","23.965","74"
"958","253596","20220820033000","756","2","花蓮縣","吉安鄉","121.560","23.965","944"
"1335","253597","20220820033000","723","3","花蓮縣","吉安鄉","121.565","23.965","1369"
"516","253603","20220820033000","299","3","花蓮縣","吉安鄉","121.560","23.970","515"
"533","253608","20220820033000","251","3","花蓮縣","吉安鄉","121.580","23.955","541"
"962","253609","20220820033000","875","1","花蓮縣","吉安鄉","121.570","23.960","990"
"452","253611","20220820033000","399","1","花蓮縣","吉安鄉","121.580","23.960","428"
"291","253627","20220820033000","276","1","花蓮縣","吉安鄉","121.535","23.930","276"
"566","253648","20220820033000","466","2","花蓮縣","花蓮市","121.625","23.985","548"
"1272","253649","20220820033000","1267","1","花蓮縣","花蓮市","121.620","24.005","1309"
"49","253650","20220820033000","55","0","彰化縣","二林鎮","120.420","23.955","75"
"109","253656","20220820033000","97","1","彰化縣","二林鎮","120.415","23.965","105"
"50","253670","20220820033000","273","0","彰化縣","二林鎮","120.440","23.930","38"
"2103","253672","20220820033000","1639","2","彰化縣","員林鎮","120.580","23.955","2082"
"582","253673","20220820033000","591","0","彰化縣","員林鎮","120.585","23.955","646"
"503","253675","20220820033000","744","0","彰化縣","員林鎮","120.565","23.950","523"
"315","253677","20220820033000","331","0","彰化縣","埔心鄉","120.560","23.940","344"
"741","253681","20220820033000","710","1","彰化縣","員林鎮","120.565","23.945","761"
"10","253686","20220820033000","12","0","彰化縣","員林鎮","120.610","23.980","12"
"1507","253688","20220820033000","1281","1","彰化縣","員林鎮","120.570","23.960","1470"
"2457","253689","20220820033000","2306","1","彰化縣","員林鎮","120.570","23.955","2452"
"245","253764","20220820033000","193","2","花蓮縣","秀林鄉","121.505","23.960","234"
"172","253789","20220820033000","86","3","花蓮縣","秀林鄉","121.495","23.965","165"
"1654","254233","20220820033000","1807","0","花蓮縣","花蓮市","121.605","23.975","1450"
"2800","254234","20220820033000","2081","2","花蓮縣","花蓮市","121.600","23.975","2650"
"1712","254236","20220820033000","1303","2","花蓮縣","花蓮市","121.625","23.990","1612"
"686","254237","20220820033000","679","1","花蓮縣","花蓮市","121.630","23.985","675"
"1331","254238","20220820033000","1087","2","花蓮縣","花蓮市","121.630","23.990","1343"
"2325","254240","20220820033000","1989","1","花蓮縣","花蓮市","121.635","23.995","2340"
"58","254242","20220820033000","50","1","南投縣","國姓鄉","120.880","23.970","51"
"19","254247","20220820033000","284","0","南投縣","國姓鄉","120.875","23.975","42"
"261","254260","20220820033000","243","1","南投縣","國姓鄉","120.870","23.985","270"
"108","254328","20220820033000","135","0","南投縣","國姓鄉","120.830","23.945","92"
"39","254335","20220820033000","35","1","南投縣","國姓鄉","120.865","23.945","39"
"76","254349","20220820033000","64","1","南投縣","中寮鄉","120.830","23.955","44"
"39","254374","20220820033000","28","2","南投縣","國姓鄉","120.860","23.960","39"
"57","254379","20220820033000","21","3","南投縣","中寮鄉","120.835","23.965","34"
"176","254397","20220820033000","143","2","南投縣","國姓鄉","120.865","23.975","216"
"805","254400","20220820033000","677","1","南投縣","埔里鎮","120.970","23.955","827"
"777","254401","20220820033000","531","2","南投縣","埔里鎮","120.990","23.945","739"
"1288","254411","20220820033000","2363","0","南投縣","埔里鎮","120.975","23.955","1312"
"2239","254415","20220820033000","1911","1","南投縣","埔里鎮","120.975","23.960","2186"
"128","254447","20220820033000","162","0","南投縣","埔里鎮","120.925","23.940","135"
"55","254450","20220820033000","65","0","南投縣","埔里鎮","120.940","23.940","67"
"168","254465","20220820033000","296","0","南投縣","埔里鎮","120.915","23.950","153"
"113","254467","20220820033000","354","0","南投縣","埔里鎮","120.925","23.950","94"
"285","254470","20220820033000","251","1","南投縣","埔里鎮","120.940","23.950","272"
"237","254481","20220820033000","161","2","南投縣","埔里鎮","120.915","23.955","208"
"56","254499","20220820033000","70","0","南投縣","埔里鎮","120.995","23.940","53"
"25","254504","20220820033000","399","0","南投縣","埔里鎮","120.970","23.945","441"
"481","254506","20220820033000","410","1","南投縣","埔里鎮","120.980","23.945","467"
"682","254510","20220820033000","466","2","南投縣","埔里鎮","120.965","23.950","684"
"430","254512","20220820033000","525","0","南投縣","埔里鎮","120.975","23.950","402"
"2258","254517","20220820033000","2128","1","南投縣","埔里鎮","120.970","23.970","2243"
"366","254519","20220820033000","273","2","南投縣","埔里鎮","120.975","23.975","378"
"18","254520","20220820033000","63","0","南投縣","埔里鎮","120.970","23.980","27"
"263","254538","20220820033000","167","3","南投縣","中寮鄉","120.790","23.945","255"
"10","254548","20220820033000","10","1","南投縣","中寮鄉","120.790","23.955","11"
"417","254550","20220820033000","1223","0","南投縣","埔里鎮","120.970","23.965","395"
"265","254560","20220820033000","296","0","南投縣","埔里鎮","120.945","23.960","257"
"25","254571","20220820033000","199","0","南投縣","埔里鎮","120.930","23.970","30"
"360","254589","20220820033000","338","1","南投縣","埔里鎮","120.955","24.005","384"
"967","254592","20220820033000","972","0","南投縣","埔里鎮","120.965","23.955","962"
"29","254599","20220820033000","22","2","南投縣","埔里鎮","120.915","23.990","32"
"818","254621","20220820033000","533","3","南投縣","埔里鎮","120.960","23.960","831"
"129","254622","20220820033000","119","1","南投縣","埔里鎮","120.965","23.960","128"
"48","254624","20220820033000","811","0","南投縣","埔里鎮","120.955","23.965","51"
"506","254627","20220820033000","800","0","南投縣","埔里鎮","120.960","23.970","499"
"691","254629","20220820033000","676","1","南投縣","埔里鎮","120.955","23.975","678"
"771","254633","20220820033000","854","0","南投縣","埔里鎮","120.980","23.980","759"
"30","254641","20220820033000","222","0","南投縣","埔里鎮","120.955","23.955","40"
"448","254658","20220820033000","400","1","南投縣","埔里鎮","120.980","23.990","439"
"206","254675","20220820033000","196","1","南投縣","埔里鎮","120.960","24.000","226"
"33","254680","20220820033000","29","1","南投縣","埔里鎮","120.985","24.000","31"
"371","254705","20220820033000","347","1","南投縣","埔里鎮","120.970","24.005","372"
"181","254706","20220820033000","180","1","南投縣","埔里鎮","120.975","24.005","200"
"576","254712","20220820033000","469","2","花蓮縣","花蓮市","121.610","23.970","527"
"1771","254713","20220820033000","1204","2","花蓮縣","花蓮市","121.600","23.965","1584"
"638","254714","20220820033000","531","2","花蓮縣","花蓮市","121.610","23.985","606"
"1598","254716","20220820033000","1357","1","花蓮縣","花蓮市","121.605","23.980","1506"
"1306","254717","20220820033000","1030","2","花蓮縣","花蓮市","121.600","23.980","1239"
"727","254719","20220820033000","892","0","花蓮縣","花蓮市","121.605","23.985","727"
"19","254721","20220820033000","97","0","花蓮縣","花蓮市","121.600","23.970","32"
"1693","254723","20220820033000","1959","0","花蓮縣","花蓮市","121.605","23.970","1598"
"33","254728","20220820033000","92","0","花蓮縣","花蓮市","121.615","23.985","45"
"1161","254729","20220820033000","1112","1","花蓮縣","花蓮市","121.620","24.000","1115"
"1639","254730","20220820033000","1555","1","花蓮縣","花蓮市","121.625","23.995","1700"
"988","254732","20220820033000","619","3","花蓮縣","花蓮市","121.615","23.975","965"
"463","254733","20220820033000","302","3","花蓮縣","花蓮市","121.615","23.980","411"
"1673","254735","20220820033000","1266","2","花蓮縣","吉安鄉","121.590","23.985","1599"
"115","254742","20220820033000","266","0","花蓮縣","花蓮市","121.610","24.005","105"
"34","254743","20220820033000","178","0","花蓮縣","吉安鄉","121.580","23.990","32"
"781","254745","20220820033000","490","3","花蓮縣","吉安鄉","121.590","23.990","774"
"400","254746","20220820033000","632","0","花蓮縣","花蓮市","121.585","23.995","396"
"521","254747","20220820033000","481","1","花蓮縣","花蓮市","121.590","23.995","513"
"706","254748","20220820033000","789","0","花蓮縣","花蓮市","121.595","23.995","722"
"405","254754","20220820033000","362","1","花蓮縣","花蓮市","121.590","24.005","387"
"436","254755","20220820033000","417","1","花蓮縣","花蓮市","121.595","24.005","447"
"1437","254756","20220820033000","1452","0","花蓮縣","花蓮市","121.595","23.970","1447"
"875","254757","20220820033000","673","2","花蓮縣","花蓮市","121.595","23.975","901"
"2369","254766","20220820033000","2205","1","彰化縣","員林鎮","120.570","23.970","2334"
"657","254767","20220820033000","581","1","彰化縣","員林鎮","120.575","23.970","647"
"758","254769","20220820033000","543","2","花蓮縣","花蓮市","121.610","23.975","646"
"1943","254770","20220820033000","1115","3","花蓮縣","花蓮市","121.610","23.980","1798"
"944","254771","20220820033000","715","2","花蓮縣","花蓮市","121.615","24.000","940"
"14","254772","20220820033000","28","0","花蓮縣","花蓮市","121.560","24.000","17"
"187","254777","20220820033000","161","1","花蓮縣","花蓮市","121.575","24.005","187"
"2587","254779","20220820033000","2160","1","花蓮縣","花蓮市","121.600","23.990","2467"
"1000","254780","20220820033000","809","2","花蓮縣","花蓮市","121.610","23.990","945"
"3287","254781","20220820033000","2954","1","花蓮縣","花蓮市","121.605","23.990","3107"
"741","254782","20220820033000","496","2","花蓮縣","花蓮市","121.605","23.995","584"
"3165","254783","20220820033000","2863","1","花蓮縣","吉安鄉","121.575","23.990","3138"
"1504","254784","20220820033000","1394","1","花蓮縣","吉安鄉","121.565","23.995","1490"
"544","254785","20220820033000","420","2","花蓮縣","花蓮市","121.570","23.995","553"
"150","254786","20220820033000","269","0","花蓮縣","花蓮市","121.575","23.995","165"
"1185","254789","20220820033000","1123","1","花蓮縣","吉安鄉","121.595","23.985","1133"
"2353","254790","20220820033000","1660","2","花蓮縣","花蓮市","121.600","23.995","2315"
"14","254887","20220820033000","146","0","南投縣","中寮鄉","120.780","23.945","13"
"246","254901","20220820033000","234","1","南投縣","中寮鄉","120.765","23.940","261"
"213","254913","20220820033000","215","0","彰化縣","員林鎮","120.550","23.975","224"
"551","254920","20220820033000","551","1","彰化縣","員林鎮","120.580","23.935","580"
"51","254922","20220820033000","85","0","彰化縣","員林鎮","120.575","23.940","54"
"402","254925","20220820033000","334","2","彰化縣","員林鎮","120.580","23.945","368"
"87","254926","20220820033000","229","0","彰化縣","員林鎮","120.575","23.945","74"
"729","254940","20220820033000","593","2","花蓮縣","花蓮市","121.620","23.985","704"
"552","254941","20220820033000","508","1","花蓮縣","花蓮市","121.615","23.990","533"
"269","254942","20220820033000","241","1","花蓮縣","花蓮市","121.620","23.990","263"
"13","254945","20220820033000","10","2","花蓮縣","花蓮市","121.630","23.995","15"
"79","254950","20220820033000","72","1","花蓮縣","花蓮市","121.645","24.005","79"
"531","254952","20220820033000","510","1","彰化縣","埔心鄉","120.520","23.965","546"
"19","254964","20220820033000","86","0","彰化縣","芳苑鄉","120.325","23.940","24"
"341","254974","20220820033000","232","2","彰化縣","芳苑鄉","120.330","23.940","350"
"1927","255019","20220820033000","1461","2","彰化縣","員林鎮","120.565","23.965","1851"
"125","255021","20220820033000","758","0","彰化縣","員林鎮","120.600","23.965","129"
"61","255024","20220820033000","45","2","彰化縣","員林鎮","120.610","23.970","55"
"416","255030","20220820033000","388","1","彰化縣","埔心鄉","120.530","23.940","449"
"22","255038","20220820033000","628","0","彰化縣","埔鹽鄉","120.480","23.990","28"
"195","255039","20220820033000","179","1","彰化縣","埔鹽鄉","120.500","23.975","189"
"129","255044","20220820033000","267","0","南投縣","南投市","120.700","23.930","128"
"235","255046","20220820033000","200","1","南投縣","南投市","120.635","23.935","233"
"161","255053","20220820033000","141","1","南投縣","南投市","120.635","23.945","168"
"597","255063","20220820033000","649","0","彰化縣","永靖鄉","120.555","23.935","639"
"32","255064","20220820033000","392","0","彰化縣","永靖鄉","120.560","23.930","37"
"647","255065","20220820033000","591","1","彰化縣","員林鎮","120.555","23.960","646"
"336","255068","20220820033000","201","3","彰化縣","員林鎮","120.560","23.965","340"
"443","255069","20220820033000","368","2","彰化縣","員林鎮","120.555","23.970","444"
"1506","255073","20220820033000","1443","1","南投縣","南投市","120.690","23.945","1541"
"1087","255074","20220820033000","1151","0","南投縣","南投市","120.690","23.950","1314"
"23","255075","20220820033000","167","0","南投縣","南投市","120.685","23.950","30"
"45","255078","20220820033000","261","0","南投縣","南投市","120.675","23.945","49"
"28","255079","20220820033000","543","0","南投縣","南投市","120.680","23.945","47"
"133","255081","20220820033000","174","0","南投縣","草屯鎮","120.675","23.950","149"
"295","255088","20220820033000","313","0","南投縣","南投市","120.660","23.935","292"
"156","255092","20220820033000","244","0","南投縣","南投市","120.665","23.940","134"
"145","255094","20220820033000","121","1","南投縣","南投市","120.650","23.945","128"
"12","255100","20220820033000","154","0","南投縣","南投市","120.655","23.950","19"
"16","255107","20220820033000","19","0","南投縣","南投市","120.650","23.955","11"
"340","255130","20220820033000","251","2","彰化縣","芳苑鄉","120.315","23.930","432"
"10","255153","20220820033000","159","0","彰化縣","芳苑鄉","120.380","23.940","12"
"565","255158","20220820033000","444","2","彰化縣","芳苑鄉","120.380","23.955","612"
"176","255176","20220820033000","506","0","彰化縣","埔心鄉","120.555","23.940","159"
"1290","255177","20220820033000","1288","1","彰化縣","埔心鄉","120.540","23.950","1304"
"26","255178","20220820033000","592","0","彰化縣","埔心鄉","120.545","23.950","20"
"85","255179","20220820033000","89","0","彰化縣","埔心鄉","120.540","23.955","98"
"360","255199","20220820033000","299","2","彰化縣","二林鎮","120.420","23.950","340"
"385","255210","20220820033000","450","0","彰化縣","永靖鄉","120.550","23.930","409"
"297","255220","20220820033000","339","0","彰化縣","大村鄉","120.585","23.990","306"
"696","255222","20220820033000","847","0","彰化縣","大村鄉","120.580","23.995","728"
"13","255223","20220820033000","15","0","彰化縣","大村鄉","120.585","23.995","13"
"42","255227","20220820033000","42","1","彰化縣","大村鄉","120.590","23.995","44"
"10","255229","20220820033000","131","0","彰化縣","大村鄉","120.600","23.995","10"
"19","255230","20220820033000","34","0","彰化縣","大村鄉","120.605","23.995","26"
"108","255232","20220820033000","209","0","彰化縣","大村鄉","120.595","24.000","107"
"557","255234","20220820033000","514","1","彰化縣","大村鄉","120.570","23.975","539"
"710","255238","20220820033000","580","2","彰化縣","大村鄉","120.535","24.000","698"
"17","255239","20220820033000","239","0","彰化縣","大村鄉","120.540","24.000","12"
"297","255251","20220820033000","236","2","彰化縣","埔心鄉","120.515","23.970","291"
"49","255257","20220820033000","47","1","彰化縣","埔心鄉","120.540","23.965","42"
"508","255261","20220820033000","332","3","彰化縣","埔心鄉","120.555","23.950","511"
"114","255262","20220820033000","154","0","彰化縣","埔心鄉","120.550","23.955","123"
"409","255263","20220820033000","331","2","彰化縣","埔心鄉","120.555","23.955","400"
"13","255264","20220820033000","301","0","彰化縣","埔心鄉","120.545","23.960","12"
"726","255265","20220820033000","46","3","彰化縣","埔心鄉","120.560","23.945","713"
"490","255266","20220820033000","238","3","彰化縣","埔心鄉","120.550","23.945","497"
"442","255267","20220820033000","405","1","彰化縣","埔心鄉","120.555","23.945","449"
"157","255273","20220820033000","133","1","彰化縣","埔心鄉","120.515","23.940","159"
"188","255276","20220820033000","165","1","彰化縣","埔心鄉","120.525","23.950","193"
"928","255277","20220820033000","618","3","彰化縣","埔心鄉","120.525","23.945","951"
"308","255284","20220820033000","314","0","彰化縣","埔心鄉","120.520","23.945","317"
"789","255287","20220820033000","456","3","彰化縣","埔心鄉","120.515","23.950","676"
"145","255292","20220820033000","263","0","南投縣","埔里鎮","120.935","23.995","217"
"234","255308","20220820033000","182","2","南投縣","埔里鎮","120.940","24.005","244"
"101","255309","20220820033000","251","0","南投縣","埔里鎮","120.945","24.005","94"
"592","255312","20220820033000","515","1","彰化縣","溪湖鎮","120.495","23.965","579"
"329","255322","20220820033000","341","0","彰化縣","溪湖鎮","120.510","23.970","365"
"1138","255326","20220820033000","635","3","彰化縣","大村鄉","120.545","23.995","1114"
"364","255337","20220820033000","338","1","彰化縣","大村鄉","120.555","24.000","364"
"573","255339","20220820033000","445","2","彰化縣","大村鄉","120.550","24.005","578"
"24","255345","20220820033000","396","0","彰化縣","大村鄉","120.580","24.000","19"
"97","255351","20220820033000","76","2","彰化縣","大村鄉","120.585","24.000","89"
"419","255359","20220820033000","364","1","彰化縣","大村鄉","120.550","23.980","420"
"1201","255361","20220820033000","812","2","彰化縣","大村鄉","120.565","23.980","1208"
"517","255365","20220820033000","359","2","彰化縣","大村鄉","120.540","23.975","478"
"65","255366","20220820033000","76","0","彰化縣","大村鄉","120.520","23.980","67"
"16","255371","20220820033000","77","0","彰化縣","芳苑鄉","120.355","23.935","13"
"178","255379","20220820033000","71","3","彰化縣","芳苑鄉","120.365","23.940","174"
"57","255396","20220820033000","255","0","彰化縣","芳苑鄉","120.350","23.975","51"
"556","255400","20220820033000","291","3","彰化縣","芳苑鄉","120.345","23.980","549"
"280","255443","20220820033000","226","2","彰化縣","芳苑鄉","120.390","23.980","280"
"91","255448","20220820033000","74","2","彰化縣","芳苑鄉","120.385","23.985","92"
"1756","255463","20220820033000","1517","1","南投縣","埔里鎮","120.975","23.970","1697"
"50","255464","20220820033000","325","0","彰化縣","埔心鄉","120.560","23.950","43"
"353","255466","20220820033000","303","1","南投縣","南投市","120.695","23.940","326"
"524","255472","20220820033000","548","0","南投縣","南投市","120.695","23.945","513"
"41","255475","20220820033000","36","1","南投縣","南投市","120.700","23.950","42"
"240","255480","20220820033000","321","0","南投縣","南投市","120.695","23.950","287"
"110","255482","20220820033000","109","1","南投縣","南投市","120.690","23.955","114"
"40","255490","20220820033000","173","0","南投縣","南投市","120.690","23.930","42"
"1329","255491","20220820033000","926","2","南投縣","南投市","120.695","23.930","1326"
"293","255494","20220820033000","711","0","南投縣","南投市","120.690","23.935","309"
"445","255496","20220820033000","361","2","南投縣","南投市","120.700","23.935","450"
"27","255498","20220820033000","437","0","南投縣","南投市","120.710","23.935","33"
"134","255525","20220820033000","788","0","彰化縣","芳苑鄉","120.335","23.960","156"
"106","255535","20220820033000","105","1","彰化縣","芳苑鄉","120.360","23.970","104"
"157","255545","20220820033000","132","1","彰化縣","二林鎮","120.385","23.945","162"
"164","255549","20220820033000","180","0","彰化縣","芳苑鄉","120.385","23.955","171"
"164","255550","20220820033000","145","1","彰化縣","芳苑鄉","120.390","23.955","181"
"190","255551","20220820033000","153","2","彰化縣","芳苑鄉","120.395","23.955","186"
"120","255559","20220820033000","110","1","彰化縣","芳苑鄉","120.385","23.970","123"
"82","255593","20220820033000","70","1","南投縣","國姓鄉","120.855","23.995","95"
"290","255626","20220820033000","248","1","南投縣","國姓鄉","120.840","24.005","301"
"18","255633","20220820033000","205","0","南投縣","國姓鄉","120.815","24.000","26"
"173","255636","20220820033000","115","3","南投縣","國姓鄉","120.815","24.005","180"
"19","255646","20220820033000","326","0","南投縣","埔里鎮","120.955","23.995","21"
"276","255647","20220820033000","211","2","南投縣","埔里鎮","120.960","23.965","280"
"12","255663","20220820033000","125","0","南投縣","埔里鎮","121.000","23.955","12"
"242","255680","20220820033000","204","1","南投縣","埔里鎮","121.000","23.965","225"
"711","255708","20220820033000","696","1","南投縣","埔里鎮","120.995","23.975","720"
"221","255724","20220820033000","174","2","南投縣","埔里鎮","121.005","23.980","217"
"73","255748","20220820033000","100","0","南投縣","埔里鎮","121.020","23.990","58"
"153","255778","20220820033000","168","0","南投縣","仁愛鄉","121.040","24.000","87"
"21","255784","20220820033000","20","1","南投縣","埔里鎮","121.055","24.000","13"
"704","255785","20220820033000","949","0","南投縣","埔里鎮","120.965","23.965","647"
"35","255786","20220820033000","40","0","南投縣","埔里鎮","120.965","23.970","32"
"302","255794","20220820033000","290","1","南投縣","埔里鎮","120.990","23.930","321"
"740","255798","20220820033000","577","2","彰化縣","埔鹽鄉","120.485","24.005","752"
"535","255803","20220820033000","349","3","彰化縣","埔鹽鄉","120.475","23.995","526"
"863","255804","20220820033000","697","2","彰化縣","埔鹽鄉","120.480","23.995","852"
"244","255810","20220820033000","181","2","彰化縣","埔鹽鄉","120.455","24.010","230"
"13","255814","20220820033000","476","0","彰化縣","埔鹽鄉","120.430","23.980","12"
"295","255817","20220820033000","259","1","彰化縣","埔鹽鄉","120.445","23.960","303"
"323","255822","20220820033000","181","3","彰化縣","埔鹽鄉","120.440","23.975","337"
"585","255835","20220820033000","574","1","彰化縣","埔鹽鄉","120.465","24.000","723"
"224","255836","20220820033000","156","2","彰化縣","埔鹽鄉","120.460","24.005","228"
"711","255841","20220820033000","521","2","彰化縣","花壇鄉","120.575","24.005","759"
"287","255861","20220820033000","126","3","彰化縣","埔鹽鄉","120.450","23.985","297"
"20","255868","20220820033000","372","0","彰化縣","埔鹽鄉","120.445","23.985","26"
"348","255875","20220820033000","262","2","彰化縣","埔鹽鄉","120.465","23.970","358"
"206","255894","20220820033000","224","0","彰化縣","埔鹽鄉","120.490","23.990","226"
"15","255901","20220820033000","257","0","彰化縣","埔鹽鄉","120.490","23.975","13"
"42","255903","20220820033000","488","0","彰化縣","埔鹽鄉","120.480","23.980","34"
"647","255912","20220820033000","490","2","彰化縣","大村鄉","120.530","23.990","641"
"551","255913","20220820033000","464","1","彰化縣","大村鄉","120.535","23.990","535"
"1109","255917","20220820033000","1112","0","彰化縣","大村鄉","120.555","23.990","1114"
"150","255920","20220820033000","436","0","彰化縣","大村鄉","120.575","23.985","156"
"439","255921","20220820033000","366","1","彰化縣","大村鄉","120.580","23.985","409"
"469","255923","20220820033000","538","0","彰化縣","大村鄉","120.590","23.985","455"
"127","255924","20220820033000","111","1","彰化縣","大村鄉","120.595","23.985","125"
"160","255941","20220820033000","143","1","彰化縣","大村鄉","120.540","23.980","162"
"275","255950","20220820033000","261","1","彰化縣","大村鄉","120.510","23.985","292"
"280","255953","20220820033000","211","2","彰化縣","大村鄉","120.520","23.985","318"
"100","255956","20220820033000","978","0","彰化縣","大村鄉","120.560","23.990","95"
"41","255962","20220820033000","32","2","彰化縣","埔鹽鄉","120.430","23.995","39"
"418","255975","20220820033000","242","3","彰化縣","埔鹽鄉","120.420","23.990","390"
"68","255987","20220820033000","585","0","彰化縣","埔鹽鄉","120.450","24.005","79"
"346","256002","20220820033000","541","0","南投縣","埔里鎮","120.945","23.965","335"
"81","256004","20220820033000","881","0","南投縣","埔里鎮","120.945","23.970","92"
"81","256025","20220820033000","78","1","南投縣","埔里鎮","120.890","23.955","77"
"1039","256042","20220820033000","1083","0","南投縣","埔里鎮","120.945","23.975","1057"
"452","256043","20220820033000","439","1","南投縣","埔里鎮","120.925","23.980","448"
"59","256061","20220820033000","65","0","彰化縣","員林鎮","120.605","23.950","59"
"1142","256062","20220820033000","796","2","彰化縣","員林鎮","120.605","23.955","1128"
"40","256063","20220820033000","483","0","南投縣","南投市","120.670","23.930","44"
"48","256065","20220820033000","333","0","南投縣","南投市","120.675","23.935","41"
"26","256071","20220820033000","33","0","南投縣","南投市","120.730","23.930","25"
"238","256085","20220820033000","175","2","南投縣","南投市","120.660","23.930","203"
"115","256086","20220820033000","77","2","南投縣","南投市","120.665","23.930","116"
"630","256089","20220820033000","588","1","南投縣","南投市","120.670","23.940","649"
"336","256091","20220820033000","321","1","彰化縣","員林鎮","120.570","23.965","341"
"1372","256092","20220820033000","1693","0","彰化縣","員林鎮","120.575","23.965","1419"
"1968","256094","20220820033000","1785","1","彰化縣","員林鎮","120.580","23.960","2029"
"11","256095","20220820033000","16","0","彰化縣","員林鎮","120.585","23.960","11"
"2355","256096","20220820033000","1582","2","彰化縣","員林鎮","120.580","23.965","2402"
"108","256144","20220820033000","110","0","南投縣","仁愛鄉","121.080","23.995","102"
"163","256164","20220820033000","128","2","南投縣","仁愛鄉","121.085","24.000","135"
"76","256180","20220820033000","37","3","南投縣","仁愛鄉","121.130","23.980","52"
"330","256187","20220820033000","272","2","南投縣","仁愛鄉","121.100","23.990","306"
"95","256354","20220820033000","51","3","南投縣","仁愛鄉","121.075","23.930","92"
"175","256404","20220820033000","147","1","南投縣","仁愛鄉","121.075","23.950","191"
"22","256598","20220820033000","17","2","南投縣","仁愛鄉","121.120","23.950","25"
"74","256646","20220820033000","34","3","南投縣","仁愛鄉","121.180","23.955","68"
"116","256716","20220820033000","61","3","南投縣","仁愛鄉","121.130","23.960","97"
"72","256953","20220820033000","1461","0","彰化縣","員林鎮","120.575","23.950","89"
"833","256956","20220820033000","613","2","彰化縣","員林鎮","120.595","23.960","861"
"57","256962","20220820033000","46","2","彰化縣","員林鎮","120.615","23.950","64"
"31","256968","20220820033000","159","0","彰化縣","員林鎮","120.625","23.955","35"
"23","256971","20220820033000","276","0","彰化縣","員林鎮","120.550","23.965","27"
"21","256976","20220820033000","30","0","彰化縣","員林鎮","120.605","23.945","24"
"70","256977","20220820033000","67","1","彰化縣","員林鎮","120.610","23.945","68"
"142","256978","20220820033000","169","0","彰化縣","員林鎮","120.615","23.945","144"
"1254","256982","20220820033000","1275","0","彰化縣","員林鎮","120.565","23.955","1321"
"1362","256983","20220820033000","1276","1","彰化縣","員林鎮","120.565","23.960","1389"
"491","256986","20220820033000","370","2","彰化縣","員林鎮","120.595","23.975","508"
"652","256988","20220820033000","554","1","彰化縣","大村鄉","120.590","23.980","655"
"1697","256995","20220820033000","1363","2","彰化縣","員林鎮","120.575","23.955","1716"
"87","256996","20220820033000","70","2","彰化縣","員林鎮","120.595","23.935","80"
"68","256997","20220820033000","497","0","彰化縣","員林鎮","120.605","23.935","68"
"318","257021","20220820033000","307","1","彰化縣","二林鎮","120.415","23.955","317"
"112","257028","20220820033000","83","2","彰化縣","二林鎮","120.430","23.955","111"
"454","257055","20220820033000","408","1","彰化縣","二林鎮","120.400","23.930","486"
"589","257083","20220820033000","566","1","南投縣","草屯鎮","120.670","23.950","653"
"174","257088","20220820033000","953","0","南投縣","草屯鎮","120.680","23.960","195"
"78","257089","20220820033000","867","0","南投縣","草屯鎮","120.680","23.965","77"
"46","257092","20220820033000","579","0","彰化縣","員林鎮","120.570","23.945","54"
"545","257094","20220820033000","497","1","彰化縣","員林鎮","120.590","23.950","578"
"286","257095","20220820033000","250","1","彰化縣","員林鎮","120.595","23.950","300"
"1106","257097","20220820033000","984","1","彰化縣","員林鎮","120.570","23.950","1137"
"70","257100","20220820033000","597","0","彰化縣","員林鎮","120.585","23.970","75"
"441","257103","20220820033000","342","2","彰化縣","二林鎮","120.455","23.930","443"
"181","257115","20220820033000","151","1","彰化縣","二林鎮","120.445","23.945","198"
"995","257118","20220820033000","811","2","彰化縣","二林鎮","120.440","23.950","997"
"480","257124","20220820033000","498","0","彰化縣","員林鎮","120.590","23.940","481"
"212","257135","20220820033000","232","0","彰化縣","埔心鄉","120.510","23.940","233"
"15","257145","20220820033000","346","0","彰化縣","溪湖鎮","120.485","23.940","13"
"336","257149","20220820033000","289","1","彰化縣","溪湖鎮","120.480","23.955","335"
"166","257152","20220820033000","877","0","南投縣","草屯鎮","120.685","23.975","149"
"701","257154","20220820033000","614","1","南投縣","草屯鎮","120.725","23.980","684"
"75","257160","20220820033000","71","1","南投縣","草屯鎮","120.720","23.990","78"
"134","257162","20220820033000","143","0","南投縣","草屯鎮","120.730","23.990","134"
"521","257166","20220820033000","346","3","南投縣","草屯鎮","120.680","23.970","498"
"2105","257168","20220820033000","1944","1","南投縣","草屯鎮","120.680","23.980","2083"
"15","257171","20220820033000","419","0","南投縣","草屯鎮","120.655","24.000","13"
"465","257173","20220820033000","436","1","南投縣","草屯鎮","120.665","24.000","455"
"419","257176","20220820033000","340","2","南投縣","草屯鎮","120.650","24.005","424"
"296","257181","20220820033000","323","0","南投縣","草屯鎮","120.725","23.995","316"
"179","257193","20220820033000","121","2","南投縣","草屯鎮","120.730","24.000","176"
"662","257213","20220820033000","527","2","彰化縣","溪湖鎮","120.450","23.955","600"
"540","257215","20220820033000","539","1","彰化縣","溪湖鎮","120.460","23.955","572"
"23","257222","20220820033000","17","2","南投縣","草屯鎮","120.750","23.975","16"
"292","257229","20220820033000","235","2","南投縣","草屯鎮","120.750","23.980","308"
"331","257235","20220820033000","365","0","南投縣","草屯鎮","120.750","23.985","312"
"48","257245","20220820033000","42","1","南投縣","草屯鎮","120.720","23.955","55"
"98","257251","20220820033000","89","1","南投縣","中寮鄉","120.750","23.955","104"
"41","257266","20220820033000","31","2","南投縣","草屯鎮","120.740","23.965","41"
"174","257267","20220820033000","152","1","南投縣","草屯鎮","120.745","23.965","183"
"100","257273","20220820033000","94","1","南投縣","草屯鎮","120.705","23.960","99"
"1118","257282","20220820033000","865","2","南投縣","草屯鎮","120.705","23.975","1104"
"324","257285","20220820033000","304","1","南投縣","草屯鎮","120.695","23.980","312"
"1465","257286","20220820033000","1456","1","南投縣","草屯鎮","120.700","23.980","1503"
"950","257289","20220820033000","771","2","南投縣","草屯鎮","120.715","23.980","909"
"708","257294","20220820033000","675","1","南投縣","南投市","120.685","23.955","756"
"65","257295","20220820033000","656","0","南投縣","草屯鎮","120.685","23.960","70"
"1846","257299","20220820033000","1636","1","南投縣","草屯鎮","120.690","23.965","1834"
"15","257300","20220820033000","14","1","南投縣","草屯鎮","120.695","23.965","16"
"138","257307","20220820033000","142","0","南投縣","草屯鎮","120.775","23.985","143"
"80","257320","20220820033000","89","0","南投縣","草屯鎮","120.765","23.995","74"
"362","257342","20220820033000","427","0","南投縣","草屯鎮","120.700","23.985","347"
"13","257346","20220820033000","13","1","南投縣","草屯鎮","120.705","23.990","13"
"167","257348","20220820033000","254","0","南投縣","草屯鎮","120.715","23.990","163"
"141","257349","20220820033000","889","0","南投縣","草屯鎮","120.690","23.995","146"
"190","257351","20220820033000","174","1","南投縣","草屯鎮","120.700","23.995","199"
"559","257354","20220820033000","571","0","南投縣","草屯鎮","120.715","23.995","550"
"489","257356","20220820033000","332","2","南投縣","草屯鎮","120.695","23.995","508"
"792","257362","20220820033000","623","2","南投縣","草屯鎮","120.695","24.000","719"
"101","257365","20220820033000","65","3","南投縣","草屯鎮","120.710","24.000","109"
"55","257366","20220820033000","133","0","南投縣","草屯鎮","120.670","23.960","55"
"402","257368","20220820033000","328","2","南投縣","草屯鎮","120.675","23.965","409"
"266","257369","20220820033000","228","1","南投縣","草屯鎮","120.670","23.970","280"
"579","257370","20220820033000","448","2","南投縣","草屯鎮","120.670","23.975","547"
"385","257373","20220820033000","307","2","南投縣","草屯鎮","120.675","23.980","379"
"808","257376","20220820033000","1193","0","南投縣","草屯鎮","120.680","23.985","794"
"294","257377","20220820033000","293","1","南投縣","草屯鎮","120.670","23.990","297"
"23","257381","20220820033000","251","0","南投縣","草屯鎮","120.670","23.995","32"
"185","257386","20220820033000","126","2","南投縣","草屯鎮","120.685","23.990","183"
"479","257387","20220820033000","441","1","南投縣","草屯鎮","120.680","23.995","499"
"28","257389","20220820033000","392","0","南投縣","草屯鎮","120.680","24.000","29"
"447","257396","20220820033000","375","1","南投縣","草屯鎮","120.680","24.005","455"
"66","257400","20220820033000","654","0","南投縣","草屯鎮","120.685","23.985","80"
"843","257401","20220820033000","717","1","南投縣","草屯鎮","120.685","23.980","840"
"68","257403","20220820033000","201","0","南投縣","草屯鎮","120.640","23.995","55"
"251","257407","20220820033000","308","0","南投縣","草屯鎮","120.660","23.995","237"
"42","257410","20220820033000","226","0","南投縣","草屯鎮","120.650","23.995","36"
"145","257415","20220820033000","151","0","南投縣","草屯鎮","120.655","23.965","154"
"727","257418","20220820033000","689","1","南投縣","草屯鎮","120.650","23.970","754"
"348","257422","20220820033000","317","1","南投縣","草屯鎮","120.650","23.975","345"
"314","257424","20220820033000","278","1","南投縣","草屯鎮","120.660","23.975","307"
"523","257425","20220820033000","502","1","南投縣","草屯鎮","120.665","23.975","541"
"72","257426","20220820033000","245","0","南投縣","草屯鎮","120.650","23.980","63"
"126","257429","20220820033000","595","0","南投縣","草屯鎮","120.665","23.950","141"
"70","257438","20220820033000","283","0","南投縣","草屯鎮","120.660","23.960","58"
"157","257439","20220820033000","229","0","南投縣","草屯鎮","120.665","23.960","128"
"277","257496","20220820033000","263","1","南投縣","草屯鎮","120.795","23.985","288"
"230","257505","20220820033000","199","1","南投縣","草屯鎮","120.795","23.990","242"
"128","257522","20220820033000","84","3","南投縣","草屯鎮","120.800","24.000","121"
"59","257550","20220820033000","327","0","彰化縣","福興鄉","120.410","24.005","58"
"97","257580","20220820033000","68","2","彰化縣","芳苑鄉","120.400","23.995","94"
"451","257591","20220820033000","383","1","彰化縣","芳苑鄉","120.365","24.000","467"
"269","257595","20220820033000","217","2","彰化縣","芳苑鄉","120.385","24.000","257"
"446","257609","20220820033000","355","2","彰化縣","芳苑鄉","120.370","24.005","440"
"144","257631","20220820033000","116","2","彰化縣","芳苑鄉","120.340","23.965","151"
"60","257632","20220820033000","694","0","彰化縣","芳苑鄉","120.345","23.965","68"
"19","257638","20220820033000","19","1","彰化縣","芳苑鄉","120.325","23.970","16"
"110","257669","20220820033000","715","0","彰化縣","秀水鄉","120.510","23.995","122"
"528","257680","20220820033000","456","1","彰化縣","秀水鄉","120.520","24.000","520"
"138","257685","20220820033000","91","3","彰化縣","福興鄉","120.490","24.010","114"
"860","257686","20220820033000","640","2","彰化縣","福興鄉","120.495","24.010","846"
"17","257694","20220820033000","15","1","彰化縣","芬園鄉","120.605","24.005","14"
"369","257699","20220820033000","258","2","彰化縣","溪湖鎮","120.490","23.950","373"
"578","257700","20220820033000","568","1","彰化縣","溪湖鎮","120.495","23.950","566"
"1299","257703","20220820033000","818","3","彰化縣","溪湖鎮","120.475","23.960","1365"
"369","257704","20220820033000","287","2","彰化縣","溪湖鎮","120.465","23.965","379"
"1380","257708","20220820033000","1366","1","彰化縣","溪湖鎮","120.480","23.960","1344"
"476","257713","20220820033000","351","2","彰化縣","溪湖鎮","120.485","23.935","489"
"14","257720","20220820033000","13","1","彰化縣","溪湖鎮","120.500","23.940","14"
"20","257725","20220820033000","174","0","彰化縣","溪湖鎮","120.505","23.950","24"
"115","257726","20220820033000","114","1","彰化縣","溪湖鎮","120.510","23.950","119"
"485","257727","20220820033000","407","1","彰化縣","溪湖鎮","120.490","23.955","411"
"41","257728","20220820033000","49","0","彰化縣","溪湖鎮","120.495","23.955","42"
"350","257729","20220820033000","564","0","彰化縣","溪湖鎮","120.485","23.960","373"
"214","257731","20220820033000","256","0","彰化縣","溪湖鎮","120.495","23.960","206"
"298","257733","20220820033000","253","1","彰化縣","溪湖鎮","120.490","23.965","311"
"511","257734","20220820033000","498","1","彰化縣","溪湖鎮","120.485","23.970","569"
"297","257750","20220820033000","290","1","彰化縣","芬園鄉","120.625","23.965","309"
"307","257766","20220820033000","394","0","彰化縣","溪湖鎮","120.475","23.950","319"
"699","257767","20220820033000","903","0","彰化縣","溪湖鎮","120.475","23.955","696"
"281","257778","20220820033000","210","2","彰化縣","溪湖鎮","120.475","23.970","283"
"782","257781","20220820033000","704","1","彰化縣","溪湖鎮","120.470","23.980","806"
"169","257784","20220820033000","164","1","南投縣","草屯鎮","120.670","23.980","180"
"64","257785","20220820033000","378","0","南投縣","草屯鎮","120.650","23.985","72"
"364","257788","20220820033000","490","0","南投縣","草屯鎮","120.665","23.985","378"
"293","257792","20220820033000","295","0","南投縣","草屯鎮","120.665","23.990","312"
"28","257795","20220820033000","500","0","彰化縣","社頭鄉","120.605","23.930","28"
"114","257797","20220820033000","146","0","彰化縣","社頭鄉","120.615","23.930","114"
"72","257798","20220820033000","53","2","彰化縣","社頭鄉","120.620","23.930","77"
"383","257802","20220820033000","329","1","彰化縣","芬園鄉","120.630","23.995","392"
"14","257808","20220820033000","11","2","彰化縣","芬園鄉","120.615","24.005","15"
"1236","257810","20220820033000","1105","1","彰化縣","芬園鄉","120.630","24.010","1263"
"20","257812","20220820033000","271","0","彰化縣","芬園鄉","120.640","24.010","16"
"31","257813","20220820033000","25","2","彰化縣","芬園鄉","120.645","24.010","29"
"322","257817","20220820033000","226","2","彰化縣","埔鹽鄉","120.425","23.995","325"
"12","257823","20220820033000","235","0","彰化縣","埔鹽鄉","120.430","24.005","11"
"255","257824","20220820033000","218","1","彰化縣","福興鄉","120.420","24.010","222"
"21","257825","20220820033000","12","3","彰化縣","福興鄉","120.425","24.010","20"
"125","257827","20220820033000","588","0","彰化縣","秀水鄉","120.515","24.010","132"
"286","257834","20220820033000","203","2","彰化縣","芬園鄉","120.620","23.980","288"
"214","257851","20220820033000","169","2","彰化縣","芬園鄉","120.610","23.995","203"
"86","257857","20220820033000","75","1","彰化縣","芬園鄉","120.625","24.000","79"
"13","257867","20220820033000","208","0","彰化縣","芬園鄉","120.645","23.965","14"
"443","257871","20220820033000","365","2","彰化縣","芬園鄉","120.640","23.975","448"
"17","257882","20220820033000","312","0","彰化縣","花壇鄉","120.550","24.010","20"
"48","257884","20220820033000","39","2","彰化縣","花壇鄉","120.570","24.010","36"
"549","257886","20220820033000","536","1","彰化縣","社頭鄉","120.575","23.930","567"
"430","257898","20220820033000","424","1","南投縣","草屯鎮","120.730","23.975","411"
"258","257902","20220820033000","224","1","南投縣","草屯鎮","120.735","23.980","301"
"544","257907","20220820033000","1253","0","彰化縣","溪湖鎮","120.480","23.965","604"
"33","257908","20220820033000","437","0","彰化縣","溪湖鎮","120.480","23.970","26"
"454","263412","20220820033000","717","0","臺中市","霧峰區","120.690","24.045","456"
"147","263414","20220820033000","86","3","臺中市","霧峰區","120.685","24.050","131"
"144","263420","20220820033000","133","1","臺中市","霧峰區","120.705","24.045","137"
"24","263428","20220820033000","17","2","臺中市","霧峰區","120.705","24.055","21"
"438","263432","20220820033000","440","0","臺中市","霧峰區","120.705","24.060","465"
"40","263433","20220820033000","411","0","臺中市","霧峰區","120.710","24.060","33"
"35","263450","20220820033000","198","0","臺中市","霧峰區","120.700","24.020","33"
"309","263482","20220820033000","312","0","臺中市","霧峰區","120.700","24.030","302"
"349","263484","20220820033000","337","1","臺中市","霧峰區","120.695","24.035","354"
"330","263486","20220820033000","405","0","臺中市","霧峰區","120.710","24.070","325"
"34","263487","20220820033000","69","0","臺中市","霧峰區","120.715","24.070","46"
"31","263488","20220820033000","32","0","臺中市","霧峰區","120.720","24.070","23"
"301","263490","20220820033000","389","0","臺中市","霧峰區","120.705","24.075","316"
"305","263491","20220820033000","305","1","臺中市","霧峰區","120.710","24.075","295"
"1287","263492","20220820033000","1488","0","臺中市","霧峰區","120.715","24.075","1285"
"20","263493","20220820033000","392","0","臺中市","霧峰區","120.720","24.075","17"
"544","263495","20220820033000","478","1","臺中市","霧峰區","120.710","24.080","556"
"12","263497","20220820033000","17","0","臺中市","大里區","120.720","24.080","11"
"22","263498","20220820033000","338","0","臺中市","霧峰區","120.665","24.055","22"
"1010","263528","20220820033000","1046","0","臺中市","霧峰區","120.695","24.040","992"
"19","263539","20220820033000","32","0","臺中市","霧峰區","120.695","24.045","26"
"92","263553","20220820033000","70","2","臺中市","霧峰區","120.725","24.030","96"
"244","263569","20220820033000","162","3","臺中市","霧峰區","120.725","24.035","253"
"808","263579","20220820033000","865","0","臺中市","大里區","120.695","24.080","822"
"2729","263581","20220820033000","1983","2","臺中市","大里區","120.695","24.085","2563"
"306","263583","20220820033000","303","1","臺中市","大里區","120.690","24.085","313"
"114","263584","20220820033000","99","1","臺中市","大里區","120.700","24.080","111"
"1178","263585","20220820033000","1147","1","臺中市","大里區","120.700","24.085","1179"
"11","263586","20220820033000","414","0","臺中市","大里區","120.705","24.085","11"
"1225","263587","20220820033000","1179","1","臺中市","大里區","120.705","24.090","1290"
"410","263588","20220820033000","411","0","臺中市","大里區","120.715","24.095","418"
"27","263708","20220820033000","18","3","臺中市","太平區","120.755","24.085","17"
"15","263716","20220820033000","135","0","臺中市","太平區","120.745","24.090","130"
"199","263736","20220820033000","181","1","臺中市","霧峰區","120.700","24.050","191"
"573","263737","20220820033000","514","1","臺中市","霧峰區","120.695","24.055","560"
"73","263738","20220820033000","97","0","臺中市","霧峰區","120.700","24.055","72"
"45","263741","20220820033000","426","0","臺中市","霧峰區","120.680","24.060","36"
"853","263743","20220820033000","776","1","臺中市","霧峰區","120.680","24.065","857"
"15","263745","20220820033000","17","0","臺中市","霧峰區","120.690","24.065","17"
"454","263746","20220820033000","317","2","臺中市","霧峰區","120.680","24.070","456"
"78","263747","20220820033000","814","0","臺中市","霧峰區","120.700","24.070","79"
"119","263753","20220820033000","147","0","臺中市","新社區","120.885","24.095","126"
"344","263758","20220820033000","321","1","臺中市","大里區","120.685","24.075","338"
"446","263759","20220820033000","274","3","臺中市","大里區","120.690","24.075","483"
"106","263764","20220820033000","202","0","臺中市","大里區","120.680","24.085","111"
"287","263766","20220820033000","283","1","臺中市","太平區","120.730","24.095","297"
"382","263776","20220820033000","419","0","臺中市","霧峰區","120.705","24.065","363"
"11","263778","20220820033000","100","0","臺中市","霧峰區","120.715","24.065","11"
"121","263794","20220820033000","92","2","臺中市","霧峰區","120.745","24.045","90"
"70","263828","20220820033000","191","0","臺中市","霧峰區","120.745","24.060","76"
"39","263842","20220820033000","34","1","臺中市","霧峰區","120.760","24.065","40"
"79","263846","20220820033000","54","2","臺中市","霧峰區","120.735","24.070","90"
"300","263863","20220820033000","295","1","臺中市","霧峰區","120.695","24.015","319"
"533","263864","20220820033000","506","1","臺中市","霧峰區","120.685","24.020","535"
"368","263875","20220820033000","251","2","臺中市","烏日區","120.655","24.055","382"
"264","263876","20220820033000","295","0","臺中市","烏日區","120.660","24.055","287"
"285","263878","20220820033000","218","2","臺中市","烏日區","120.655","24.045","288"
"279","263884","20220820033000","244","1","臺中市","烏日區","120.650","24.050","286"
"409","263885","20220820033000","511","0","臺中市","烏日區","120.635","24.070","431"
"1285","263888","20220820033000","1219","1","臺中市","烏日區","120.635","24.080","1285"
"432","263891","20220820033000","435","0","臺中市","烏日區","120.625","24.090","424"
"1519","263900","20220820033000","1429","1","臺中市","烏日區","120.640","24.075","1543"
"645","263902","20220820033000","564","1","臺中市","烏日區","120.650","24.075","653"
"23","263907","20220820033000","1022","0","臺中市","烏日區","120.645","24.085","33"
"108","263933","20220820033000","152","0","臺中市","烏日區","120.635","24.050","96"
"2804","263942","20220820033000","2105","2","臺中市","大里區","120.680","24.095","2829"
"213","263943","20220820033000","178","1","臺中市","大里區","120.665","24.095","209"
"1139","263945","20220820033000","923","2","臺中市","大里區","120.690","24.090","1148"
"1067","263946","20220820033000","942","1","臺中市","大里區","120.695","24.095","845"
"525","263948","20220820033000","532","0","臺中市","大里區","120.705","24.095","530"
"302","263949","20220820033000","390","0","臺中市","大里區","120.710","24.095","287"
"267","263950","20220820033000","233","1","臺中市","大里區","120.715","24.090","286"
"484","263951","20220820033000","473","1","臺中市","大里區","120.720","24.095","507"
"1114","263954","20220820033000","1171","0","臺中市","大里區","120.700","24.095","1190"
"394","263960","20220820033000","287","2","臺中市","大里區","120.735","24.090","487"
"518","263962","20220820033000","450","1","臺中市","大里區","120.720","24.090","528"
"571","263964","20220820033000","493","1","臺中市","大里區","120.730","24.090","524"
"988","263969","20220820033000","1338","0","臺中市","大里區","120.710","24.085","983"
"375","263970","20220820033000","726","0","臺中市","大里區","120.715","24.085","362"
"94","263971","20220820033000","103","0","臺中市","大里區","120.720","24.085","104"
"27","263975","20220820033000","47","0","臺中市","大里區","120.710","24.090","23"
"86","263977","20220820033000","51","3","臺中市","大里區","120.665","24.085","87"
"186","263979","20220820033000","230","0","臺中市","大里區","120.675","24.085","226"
"84","263989","20220820033000","159","0","臺中市","大里區","120.685","24.095","88"
"343","263990","20220820033000","465","0","臺中市","大里區","120.690","24.095","378"
"71","263991","20220820033000","251","0","臺中市","霧峰區","120.695","24.065","77"
"1959","263992","20220820033000","2404","0","臺中市","霧峰區","120.700","24.065","1981"
"385","263995","20220820033000","270","2","臺中市","霧峰區","120.665","24.065","418"
"134","263999","20220820033000","690","0","臺中市","霧峰區","120.665","24.070","126"
"16","264007","20220820033000","296","0","臺中市","霧峰區","120.655","24.085","17"
"28","264008","20220820033000","317","0","臺中市","霧峰區","120.650","24.085","30"
"196","264016","20220820033000","188","1","臺中市","霧峰區","120.690","24.040","180"
"12","264018","20220820033000","372","0","臺中市","霧峰區","120.685","24.045","15"
"18","264024","20220820033000","471","0","臺中市","霧峰區","120.665","24.040","16"
"72","264029","20220820033000","67","1","臺中市","霧峰區","120.660","24.050","79"
"1081","264031","20220820033000","753","2","臺中市","大里區","120.700","24.090","717"
"57","264037","20220820033000","40","2","臺中市","霧峰區","120.670","24.025","54"
"171","264047","20220820033000","176","0","花蓮縣","秀林鄉","121.580","24.020","179"
"306","264094","20220820033000","204","3","花蓮縣","秀林鄉","121.595","24.050","274"
"692","264107","20220820033000","641","1","花蓮縣","秀林鄉","121.600","24.055","682"
"356","264435","20220820033000","330","1","花蓮縣","新城鄉","121.610","24.080","379"
"374","264642","20220820033000","289","2","花蓮縣","新城鄉","121.595","24.015","376"
"194","264655","20220820033000","134","2","花蓮縣","新城鄉","121.590","24.035","168"
"297","264661","20220820033000","183","3","花蓮縣","新城鄉","121.595","24.040","321"
"1094","264663","20220820033000","625","3","花蓮縣","新城鄉","121.605","24.030","1096"
"438","264665","20220820033000","375","1","花蓮縣","新城鄉","121.605","24.035","436"
"467","264667","20220820033000","373","2","花蓮縣","新城鄉","121.600","24.035","448"
"1596","264676","20220820033000","1302","2","臺中市","烏日區","120.645","24.060","1664"
"49","264678","20220820033000","460","0","臺中市","烏日區","120.655","24.060","53"
"370","264683","20220820033000","410","0","臺中市","烏日區","120.640","24.065","337"
"190","264700","20220820033000","104","3","臺中市","烏日區","120.620","24.090","171"
"392","264703","20220820033000","277","2","臺中市","霧峰區","120.675","24.040","411"
"137","264707","20220820033000","121","1","臺中市","霧峰區","120.680","24.045","140"
"388","264712","20220820033000","351","1","臺中市","霧峰區","120.675","24.050","389"
"686","264717","20220820033000","787","0","臺中市","烏日區","120.645","24.090","690"
"184","264719","20220820033000","188","0","臺中市","烏日區","120.635","24.095","192"
"14","264720","20220820033000","13","1","臺中市","烏日區","120.640","24.095","20"
"28","264722","20220820033000","214","0","臺中市","烏日區","120.645","24.095","34"
"413","264725","20220820033000","399","1","臺中市","烏日區","120.655","24.095","422"
"117","264726","20220820033000","101","1","臺中市","大里區","120.660","24.095","117"
"856","264728","20220820033000","710","2","花蓮縣","花蓮市","121.625","24.010","842"
"296","264732","20220820033000","267","1","花蓮縣","花蓮市","121.630","24.015","302"
"423","264737","20220820033000","295","2","花蓮縣","花蓮市","121.635","24.025","364"
"57","265344","20220820033000","50","1","南投縣","國姓鄉","120.830","24.030","60"
"20","265374","20220820033000","19","1","南投縣","國姓鄉","120.800","24.045","16"
"57","265406","20220820033000","47","2","南投縣","國姓鄉","120.825","24.070","76"
"11","265430","20220820033000","17","0","南投縣","國姓鄉","120.880","24.050","13"
"156","265436","20220820033000","147","1","南投縣","國姓鄉","120.910","24.050","139"
"170","265440","20220820033000","169","1","南投縣","國姓鄉","120.930","24.050","156"
"493","265442","20220820033000","410","2","南投縣","國姓鄉","120.880","24.055","482"
"306","265449","20220820033000","237","2","南投縣","國姓鄉","120.915","24.055","237"
"161","265467","20220820033000","111","2","南投縣","國姓鄉","120.940","24.060","129"
"28","265498","20220820033000","37","0","南投縣","國姓鄉","120.930","24.075","27"
"22","265569","20220820033000","436","0","南投縣","國姓鄉","120.850","24.040","26"
"21","265593","20220820033000","159","0","南投縣","埔里鎮","120.910","24.025","22"
"378","265622","20220820033000","275","2","南投縣","國姓鄉","120.930","24.045","401"
"26","265627","20220820033000","22","1","南投縣","埔里鎮","120.950","24.010","23"
"78","265628","20220820033000","273","0","南投縣","埔里鎮","120.945","24.015","73"
"12","265631","20220820033000","26","0","南投縣","埔里鎮","120.940","24.020","12"
"232","265633","20220820033000","213","1","南投縣","埔里鎮","120.950","24.020","243"
"96","265651","20220820033000","91","1","南投縣","埔里鎮","120.950","24.035","73"
"54","265706","20220820033000","98","0","花蓮縣","花蓮市","121.590","24.010","49"
"1170","265708","20220820033000","1069","1","花蓮縣","新城鄉","121.610","24.015","1157"
"198","265711","20220820033000","175","1","花蓮縣","新城鄉","121.605","24.020","176"
"634","265716","20220820033000","504","2","花蓮縣","新城鄉","121.605","24.025","622"
"45","265719","20220820033000","35","2","花蓮縣","新城鄉","121.620","24.025","39"
"120","265723","20220820033000","140","0","花蓮縣","新城鄉","121.615","24.030","131"
"63","265734","20220820033000","39","3","花蓮縣","新城鄉","121.625","24.035","66"
"567","265739","20220820033000","420","2","花蓮縣","新城鄉","121.605","24.040","584"
"446","265742","20220820033000","329","2","花蓮縣","新城鄉","121.610","24.045","485"
"69","265753","20220820033000","41","3","花蓮縣","新城鄉","121.615","24.060","69"
"239","265754","20220820033000","248","0","花蓮縣","新城鄉","121.610","24.065","252"
"918","265773","20220820033000","675","2","彰化縣","彰化市","120.570","24.085","942"
"754","265774","20220820033000","784","0","彰化縣","彰化市","120.575","24.090","760"
"156","265780","20220820033000","156","1","彰化縣","彰化市","120.620","24.045","161"
"377","265784","20220820033000","338","1","彰化縣","彰化市","120.620","24.060","379"
"1099","265794","20220820033000","1475","0","彰化縣","彰化市","120.535","24.090","1103"
"660","265797","20220820033000","485","2","彰化縣","彰化市","120.545","24.075","693"
"776","265798","20220820033000","476","3","彰化縣","彰化市","120.555","24.070","785"
"1935","265800","20220820033000","1258","3","彰化縣","彰化市","120.545","24.085","1946"
"542","265801","20220820033000","399","2","彰化縣","彰化市","120.555","24.090","506"
"707","265802","20220820033000","639","1","彰化縣","彰化市","120.555","24.080","753"
"29","265803","20220820033000","806","0","彰化縣","彰化市","120.560","24.080","29"
"832","265804","20220820033000","962","0","彰化縣","彰化市","120.555","24.085","843"
"25","265805","20220820033000","116","0","彰化縣","彰化市","120.560","24.085","23"
"1180","265806","20220820033000","748","3","彰化縣","彰化市","120.535","24.080","1205"
"2806","265807","20220820033000","1923","2","彰化縣","彰化市","120.540","24.085","2872"
"1878","265808","20220820033000","1237","3","彰化縣","彰化市","120.545","24.090","1903"
"455","265810","20220820033000","223","3","彰化縣","彰化市","120.550","24.075","438"
"3463","265812","20220820033000","1873","3","彰化縣","彰化市","120.530","24.080","3478"
"63","265817","20220820033000","273","0","彰化縣","鹿港鎮","120.480","24.090","52"
"931","265820","20220820033000","614","3","彰化縣","彰化市","120.535","24.070","881"
"1564","265821","20220820033000","1057","2","彰化縣","彰化市","120.530","24.065","1602"
"2487","265822","20220820033000","1580","3","彰化縣","彰化市","120.530","24.070","2534"
"846","265823","20220820033000","915","0","彰化縣","鹿港鎮","120.445","24.055","815"
"15","265824","20220820033000","402","0","彰化縣","鹿港鎮","120.445","24.060","24"
"17","265825","20220820033000","28","0","彰化縣","鹿港鎮","120.450","24.060","20"
"657","265826","20220820033000","661","0","彰化縣","鹿港鎮","120.445","24.065","654"
"19","265839","20220820033000","18","1","彰化縣","彰化市","120.580","24.075","15"
"314","265841","20220820033000","1595","0","彰化縣","彰化市","120.535","24.075","323"
"604","265848","20220820033000","674","0","彰化縣","鹿港鎮","120.460","24.080","630"
"394","265863","20220820033000","381","1","彰化縣","鹿港鎮","120.435","24.050","410"
"978","265864","20220820033000","1161","0","彰化縣","彰化市","120.550","24.085","932"
"699","265898","20220820033000","595","1","南投縣","國姓鄉","120.860","24.060","709"
"187","265927","20220820033000","185","1","南投縣","國姓鄉","120.845","24.025","180"
"38","265948","20220820033000","370","0","南投縣","國姓鄉","120.860","24.040","31"
"462","265956","20220820033000","300","3","南投縣","國姓鄉","120.855","24.045","441"
"250","265973","20220820033000","307","0","南投縣","國姓鄉","120.820","24.020","264"
"2249","266081","20220820033000","2840","0","彰化縣","彰化市","120.535","24.065","2282"
"1219","266082","20220820033000","613","3","彰化縣","和美鎮","120.510","24.090","1220"
"276","266091","20220820033000","230","2","彰化縣","埔鹽鄉","120.455","24.015","273"
"882","266093","20220820033000","585","3","彰化縣","彰化市","120.540","24.070","864"
"28","266099","20220820033000","626","0","彰化縣","花壇鄉","120.545","24.015","32"
"361","266100","20220820033000","383","0","彰化縣","花壇鄉","120.545","24.020","373"
"75","266107","20220820033000","67","1","彰化縣","花壇鄉","120.545","24.030","75"
"10","266111","20220820033000","72","0","彰化縣","花壇鄉","120.550","24.035","10"
"370","266122","20220820033000","320","1","彰化縣","埔鹽鄉","120.445","24.020","357"
"557","266124","20220820033000","139","3","彰化縣","彰化市","120.520","24.055","570"
"449","266127","20220820033000","489","0","彰化縣","彰化市","120.565","24.090","464"
"1195","266128","20220820033000","710","3","彰化縣","彰化市","120.555","24.095","1188"
"339","266129","20220820033000","218","3","彰化縣","彰化市","120.560","24.095","363"
"1147","266131","20220820033000","1021","1","彰化縣","彰化市","120.595","24.070","1134"
"142","266132","20220820033000","162","0","彰化縣","彰化市","120.595","24.075","141"
"166","266134","20220820033000","105","3","彰化縣","彰化市","120.605","24.075","168"
"674","266136","20220820033000","564","1","彰化縣","彰化市","120.600","24.080","685"
"413","266138","20220820033000","229","3","彰化縣","彰化市","120.595","24.085","398"
"45","266153","20220820033000","43","1","彰化縣","彰化市","120.605","24.045","49"
"51","266154","20220820033000","29","3","彰化縣","彰化市","120.585","24.050","80"
"53","266155","20220820033000","56","0","彰化縣","彰化市","120.590","24.050","30"
"59","266157","20220820033000","53","1","彰化縣","彰化市","120.600","24.050","67"
"329","266166","20220820033000","238","2","彰化縣","彰化市","120.615","24.055","312"
"650","266168","20220820033000","636","1","彰化縣","彰化市","120.580","24.080","672"
"965","266169","20220820033000","880","1","彰化縣","彰化市","120.575","24.085","964"
"1194","266170","20220820033000","888","2","彰化縣","彰化市","120.580","24.085","1208"
"302","266171","20220820033000","225","2","彰化縣","彰化市","120.560","24.075","264"
"640","266172","20220820033000","635","1","彰化縣","彰化市","120.550","24.080","631"
"1447","266176","20220820033000","470","3","彰化縣","和美鎮","120.495","24.085","1443"
"51","266180","20220820033000","46","1","彰化縣","和美鎮","120.495","24.090","54"
"596","266182","20220820033000","2174","0","彰化縣","彰化市","120.535","24.085","575"
"637","266183","20220820033000","700","0","彰化縣","和美鎮","120.525","24.095","649"
"69","266185","20220820033000","87","0","彰化縣","和美鎮","120.535","24.095","71"
"50","266190","20220820033000","60","0","彰化縣","秀水鄉","120.505","24.065","49"
"1535","266191","20220820033000","425","3","彰化縣","彰化市","120.510","24.065","1608"
"1315","266192","20220820033000","906","2","彰化縣","彰化市","120.515","24.065","1296"
"738","266194","20220820033000","184","3","彰化縣","彰化市","120.510","24.070","736"
"197","266196","20220820033000","153","2","彰化縣","花壇鄉","120.570","24.055","199"
"1570","266210","20220820033000","803","3","彰化縣","彰化市","120.540","24.075","1644"
"1952","266211","20220820033000","1487","2","彰化縣","彰化市","120.540","24.080","1965"
"1910","266214","20220820033000","415","3","彰化縣","彰化市","120.525","24.080","1886"
"1206","266216","20220820033000","1025","1","彰化縣","彰化市","120.530","24.085","1214"
"1042","266222","20220820033000","966","1","彰化縣","彰化市","120.600","24.090","1087"
"229","266224","20220820033000","172","2","彰化縣","彰化市","120.585","24.090","225"
"182","266228","20220820033000","107","3","彰化縣","彰化市","120.580","24.095","181"
"21","266232","20220820033000","17","2","彰化縣","彰化市","120.600","24.095","21"
"469","266233","20220820033000","178","3","彰化縣","秀水鄉","120.500","24.075","487"
"24","266234","20220820033000","578","0","彰化縣","彰化市","120.505","24.075","23"
"823","266237","20220820033000","372","3","彰化縣","彰化市","120.520","24.075","837"
"441","266238","20220820033000","134","3","彰化縣","彰化市","120.510","24.080","443"
"293","266239","20220820033000","289","1","彰化縣","和美鎮","120.515","24.080","265"
"45","266240","20220820033000","203","0","彰化縣","彰化市","120.520","24.080","48"
"697","266241","20220820033000","253","3","彰化縣","彰化市","120.515","24.085","684"
"261","266243","20220820033000","169","3","彰化縣","彰化市","120.525","24.085","255"
"292","266244","20220820033000","648","0","彰化縣","彰化市","120.545","24.095","315"
"23","266245","20220820033000","366","0","彰化縣","彰化市","120.545","24.080","30"
"313","266246","20220820033000","228","2","彰化縣","彰化市","120.565","24.085","330"
"1719","266247","20220820033000","1701","1","彰化縣","彰化市","120.560","24.090","1720"
"641","266248","20220820033000","596","1","彰化縣","彰化市","120.570","24.090","632"
"1019","266249","20220820033000","841","2","彰化縣","和美鎮","120.530","24.090","1021"
"114","266250","20220820033000","138","0","彰化縣","彰化市","120.555","24.065","107"
"1992","266251","20220820033000","3008","0","彰化縣","彰化市","120.545","24.070","2085"
"721","266252","20220820033000","234","3","彰化縣","彰化市","120.550","24.070","726"
"21","266255","20220820033000","25","0","彰化縣","彰化市","120.600","24.060","25"
"11","266262","20220820033000","232","0","彰化縣","彰化市","120.610","24.065","11"
"545","266263","20220820033000","510","1","彰化縣","彰化市","120.600","24.070","568"
"51","266264","20220820033000","40","2","彰化縣","彰化市","120.605","24.070","50"
"223","266265","20220820033000","189","1","彰化縣","彰化市","120.610","24.070","223"
"155","266266","20220820033000","1473","0","彰化縣","彰化市","120.540","24.090","146"
"577","266267","20220820033000","407","2","彰化縣","和美鎮","120.520","24.090","588"
"51","266274","20220820033000","537","0","彰化縣","和美鎮","120.505","24.085","52"
"32","266309","20220820033000","60","0","南投縣","仁愛鄉","120.970","24.045","55"
"373","266333","20220820033000","469","0","南投縣","仁愛鄉","120.970","24.060","355"
"165","266406","20220820033000","120","2","南投縣","仁愛鄉","121.095","24.010","146"
"146","266517","20220820033000","75","3","南投縣","仁愛鄉","121.210","24.075","178"
"48","266589","20220820033000","45","1","南投縣","仁愛鄉","121.210","24.090","44"
"560","266696","20220820033000","354","3","南投縣","仁愛鄉","121.150","24.040","446"
"58","266697","20220820033000","35","3","南投縣","仁愛鄉","121.155","24.040","43"
"518","266700","20220820033000","320","3","南投縣","仁愛鄉","121.125","24.045","402"
"261","266706","20220820033000","184","2","南投縣","仁愛鄉","121.155","24.045","269"
"49","266715","20220820033000","39","2","南投縣","仁愛鄉","121.155","24.050","64"
"50","266733","20220820033000","45","1","南投縣","仁愛鄉","121.160","24.055","79"
"734","266768","20220820033000","499","2","南投縣","仁愛鄉","121.165","24.070","524"
"72","266805","20220820033000","40","3","南投縣","仁愛鄉","121.175","24.090","41"
"53","267165","20220820033000","50","1","南投縣","仁愛鄉","121.025","24.090","29"
"14","267167","20220820033000","17","0","南投縣","仁愛鄉","121.035","24.090","11"
"109","267268","20220820033000","421","0","南投縣","仁愛鄉","121.175","24.010","299"
"39","267286","20220820033000","372","0","南投縣","仁愛鄉","121.140","24.025","23"
"96","267290","20220820033000","84","1","南投縣","仁愛鄉","121.160","24.025","60"
"1417","267410","20220820033000","831","3","南投縣","仁愛鄉","121.180","24.035","1123"
"112","267555","20220820033000","61","3","南投縣","仁愛鄉","121.190","24.060","102"
"416","267605","20220820033000","313","2","南投縣","仁愛鄉","121.210","24.070","346"
"109","267630","20220820033000","83","2","彰化縣","花壇鄉","120.530","24.050","110"
"411","267631","20220820033000","373","1","彰化縣","彰化市","120.530","24.055","421"
"1871","267632","20220820033000","1633","1","彰化縣","彰化市","120.530","24.060","1863"
"89","267633","20220820033000","1821","0","彰化縣","彰化市","120.535","24.060","88"
"1513","267634","20220820033000","2037","0","彰化縣","彰化市","120.550","24.090","1516"
"799","267636","20220820033000","643","2","彰化縣","彰化市","120.550","24.095","841"
"45","267637","20220820033000","53","0","彰化縣","彰化市","120.590","24.065","43"
"470","267640","20220820033000","317","2","彰化縣","彰化市","120.585","24.080","488"
"811","267641","20220820033000","687","1","彰化縣","彰化市","120.590","24.080","828"
"600","267646","20220820033000","356","3","彰化縣","彰化市","120.520","24.065","615"
"1536","267649","20220820033000","1334","1","彰化縣","彰化市","120.525","24.070","1506"
"44","267650","20220820033000","76","0","彰化縣","彰化市","120.525","24.075","49"
"490","267652","20220820033000","481","1","彰化縣","彰化市","120.555","24.050","515"
"867","267654","20220820033000","611","2","彰化縣","彰化市","120.535","24.055","841"
"265","267655","20220820033000","190","2","彰化縣","彰化市","120.540","24.055","268"
"376","267656","20220820033000","252","2","彰化縣","彰化市","120.545","24.055","386"
"304","267661","20220820033000","369","0","彰化縣","彰化市","120.540","24.060","297"
"280","267662","20220820033000","384","0","彰化縣","彰化市","120.545","24.060","282"
"137","267664","20220820033000","83","3","彰化縣","彰化市","120.555","24.060","134"
"3547","267665","20220820033000","2792","2","彰化縣","彰化市","120.540","24.065","3547"
"959","267666","20220820033000","892","1","彰化縣","彰化市","120.545","24.065","938"
"271","267667","20220820033000","317","0","彰化縣","彰化市","120.550","24.065","269"
"3191","267669","20220820033000","911","3","彰化縣","彰化市","120.515","24.055","3177"
"3507","267670","20220820033000","1536","3","彰化縣","彰化市","120.515","24.060","3433"
"12","267676","20220820033000","278","0","彰化縣","福興鄉","120.470","24.030","17"
"150","267682","20220820033000","88","3","彰化縣","福興鄉","120.470","24.035","154"
"541","267689","20220820033000","474","1","彰化縣","福興鄉","120.480","24.040","539"
"400","267697","20220820033000","197","3","彰化縣","福興鄉","120.455","24.035","429"
"489","267705","20220820033000","481","1","彰化縣","福興鄉","120.465","24.045","450"
"218","267717","20220820033000","162","2","彰化縣","秀水鄉","120.510","24.015","220"
"28","267718","20220820033000","25","1","彰化縣","秀水鄉","120.500","24.020","28"
"27","267726","20220820033000","102","0","彰化縣","鹿港鎮","120.480","24.085","23"
"1092","267729","20220820033000","773","2","彰化縣","鹿港鎮","120.485","24.090","1071"
"1870","267732","20220820033000","1389","2","彰化縣","鹿港鎮","120.435","24.055","1883"
"1058","267736","20220820033000","543","3","彰化縣","鹿港鎮","120.465","24.090","1076"
"39","267739","20220820033000","325","0","彰化縣","鹿港鎮","120.470","24.095","35"
"883","267795","20220820033000","694","2","彰化縣","福興鄉","120.490","24.015","911"
"356","267808","20220820033000","296","2","彰化縣","福興鄉","120.440","24.030","339"
"464","267810","20220820033000","383","2","彰化縣","福興鄉","120.435","24.035","445"
"388","267824","20220820033000","393","0","彰化縣","福興鄉","120.390","24.015","371"
"768","267834","20220820033000","792","0","彰化縣","福興鄉","120.410","24.020","814"
"915","267844","20220820033000","770","1","彰化縣","秀水鄉","120.495","24.025","891"
"650","267873","20220820033000","518","2","彰化縣","福興鄉","120.400","24.045","675"
"795","267898","20220820033000","586","2","彰化縣","福興鄉","120.430","24.040","807"
"772","267900","20220820033000","644","1","彰化縣","福興鄉","120.430","24.045","788"
"14","267904","20220820033000","333","0","彰化縣","福興鄉","120.430","24.050","16"
"198","267908","20220820033000","130","3","彰化縣","福興鄉","120.430","24.020","213"
"27","267913","20220820033000","21","2","彰化縣","福興鄉","120.425","24.030","26"
"65","267926","20220820033000","58","1","彰化縣","福興鄉","120.405","24.030","64"
"265","267928","20220820033000","222","1","彰化縣","福興鄉","120.415","24.030","269"
"49","267935","20220820033000","60","0","彰化縣","秀水鄉","120.500","24.060","42"
"173","267946","20220820033000","202","0","彰化縣","秀水鄉","120.490","24.050","182"
"42","267947","20220820033000","28","3","彰化縣","秀水鄉","120.495","24.050","41"
"49","267949","20220820033000","399","0","彰化縣","秀水鄉","120.500","24.050","66"
"17","267955","20220820033000","250","0","彰化縣","秀水鄉","120.495","24.060","15"
"54","267957","20220820033000","832","0","彰化縣","秀水鄉","120.500","24.030","56"
"172","267959","20220820033000","1078","0","彰化縣","秀水鄉","120.495","24.035","170"
"39","267960","20220820033000","423","0","彰化縣","秀水鄉","120.500","24.035","43"
"119","267964","20220820033000","89","2","彰化縣","秀水鄉","120.520","24.025","129"
"46","267966","20220820033000","600","0","彰化縣","秀水鄉","120.520","24.030","59"
"667","267972","20220820033000","562","1","彰化縣","鹿港鎮","120.435","24.065","681"
"531","267973","20220820033000","580","0","彰化縣","鹿港鎮","120.440","24.065","531"
"440","267975","20220820033000","432","1","彰化縣","鹿港鎮","120.435","24.070","460"
"15","267978","20220820033000","285","0","彰化縣","鹿港鎮","120.425","24.075","14"
"676","267984","20220820033000","643","1","彰化縣","鹿港鎮","120.410","24.080","639"
"125","267987","20220820033000","109","1","彰化縣","鹿港鎮","120.425","24.080","126"
"10","267991","20220820033000","316","0","彰化縣","鹿港鎮","120.445","24.080","10"
"277","267999","20220820033000","192","2","彰化縣","鹿港鎮","120.415","24.080","268"
"377","268001","20220820033000","300","2","彰化縣","鹿港鎮","120.425","24.085","390"
"873","268005","20220820033000","633","2","彰化縣","鹿港鎮","120.445","24.085","880"
"650","268020","20220820033000","525","2","彰化縣","鹿港鎮","120.475","24.065","638"
"40","268028","20220820033000","314","0","彰化縣","鹿港鎮","120.485","24.080","33"
"866","268031","20220820033000","503","3","彰化縣","鹿港鎮","120.485","24.085","867"
"919","268032","20220820033000","967","0","彰化縣","鹿港鎮","120.430","24.060","906"
"368","268034","20220820033000","784","0","彰化縣","彰化市","120.525","24.060","351"
"958","268035","20220820033000","1134","0","彰化縣","彰化市","120.525","24.065","1041"
"86","268044","20220820033000","466","0","彰化縣","鹿港鎮","120.450","24.095","77"
"52","268053","20220820033000","45","1","彰化縣","鹿港鎮","120.470","24.075","53"
"190","268057","20220820033000","1012","0","彰化縣","鹿港鎮","120.475","24.080","183"
"167","268061","20220820033000","208","0","彰化縣","鹿港鎮","120.430","24.055","160"
"19","268068","20220820033000","158","0","彰化縣","芬園鄉","120.625","24.025","19"
"10","268070","20220820033000","18","0","彰化縣","花壇鄉","120.600","24.015","10"
"23","268073","20220820033000","24","0","彰化縣","芬園鄉","120.615","24.015","32"
"62","268074","20220820033000","66","0","彰化縣","芬園鄉","120.620","24.015","66"
"27","268077","20220820033000","437","0","彰化縣","福興鄉","120.480","24.045","32"
"1108","268085","20220820033000","1156","0","彰化縣","鹿港鎮","120.470","24.055","1117"
"214","268089","20220820033000","236","0","彰化縣","鹿港鎮","120.460","24.060","196"
"93","268108","20220820033000","88","1","彰化縣","鹿港鎮","120.385","24.060","110"
"157","268109","20220820033000","116","2","彰化縣","鹿港鎮","120.390","24.060","153"
"213","268110","20220820033000","197","1","彰化縣","鹿港鎮","120.395","24.060","207"
"15","268126","20220820033000","10","3","彰化縣","鹿港鎮","120.390","24.065","14"
"236","268128","20220820033000","132","3","彰化縣","鹿港鎮","120.400","24.065","242"
"76","268129","20220820033000","66","1","彰化縣","鹿港鎮","120.405","24.065","75"
"411","268130","20220820033000","296","2","彰化縣","鹿港鎮","120.410","24.065","436"
"548","268134","20220820033000","435","2","彰化縣","鹿港鎮","120.430","24.065","584"
"54","268144","20220820033000","51","1","彰化縣","鹿港鎮","120.395","24.070","48"
"159","268157","20220820033000","126","2","彰化縣","鹿港鎮","120.390","24.075","150"
"36","268158","20220820033000","85","0","彰化縣","鹿港鎮","120.395","24.075","28"
"84","268161","20220820033000","75","1","彰化縣","鹿港鎮","120.410","24.075","88"
"49","268162","20220820033000","72","0","彰化縣","鹿港鎮","120.415","24.075","40"
"485","268170","20220820033000","423","1","彰化縣","鹿港鎮","120.395","24.080","439"
"1633","268172","20220820033000","1735","0","彰化縣","鹿港鎮","120.440","24.055","1629"
"82","268173","20220820033000","1103","0","彰化縣","鹿港鎮","120.440","24.060","91"
"1963","268175","20220820033000","1882","1","彰化縣","福興鄉","120.440","24.045","1938"
"10","268176","20220820033000","115","0","彰化縣","花壇鄉","120.550","24.040","10"
"31","268203","20220820033000","12","3","彰化縣","芬園鄉","120.595","24.035","32"
"263","268205","20220820033000","232","1","彰化縣","芬園鄉","120.605","24.035","259"
"431","268224","20220820033000","388","1","彰化縣","芬園鄉","120.650","24.020","421"
"506","268226","20220820033000","225","3","彰化縣","芬園鄉","120.635","24.025","505"
"383","268233","20220820033000","364","1","彰化縣","福興鄉","120.440","24.035","382"
"625","268245","20220820033000","369","3","彰化縣","秀水鄉","120.490","24.070","618"
"332","268249","20220820033000","253","2","彰化縣","秀水鄉","120.505","24.030","338"
"130","268253","20220820033000","669","0","彰化縣","秀水鄉","120.505","24.040","127"
"33","268258","20220820033000","328","0","彰化縣","秀水鄉","120.515","24.020","35"
"14","268261","20220820033000","483","0","彰化縣","福興鄉","120.450","24.030","18"
"542","268262","20220820033000","407","2","彰化縣","福興鄉","120.455","24.030","543"
"912","268271","20220820033000","774","1","彰化縣","福興鄉","120.420","24.035","882"
"29","268274","20220820033000","401","0","彰化縣","福興鄉","120.425","24.035","34"
"438","268277","20220820033000","346","2","彰化縣","芬園鄉","120.660","24.015","428"
"74","268289","20220820033000","687","0","彰化縣","芬園鄉","120.625","24.020","69"
"46","268296","20220820033000","541","0","彰化縣","福興鄉","120.470","24.020","49"
"737","268297","20220820033000","340","3","彰化縣","秀水鄉","120.505","24.035","780"
"24","268301","20220820033000","341","0","彰化縣","秀水鄉","120.495","24.040","23"
"18","268303","20220820033000","332","0","彰化縣","秀水鄉","120.500","24.040","24"
"840","268308","20220820033000","262","3","彰化縣","秀水鄉","120.510","24.045","833"
"14","268310","20220820033000","202","0","彰化縣","秀水鄉","120.505","24.050","19"
"692","268316","20220820033000","599","1","彰化縣","花壇鄉","120.530","24.020","697"
"334","268321","20220820033000","334","1","彰化縣","花壇鄉","120.530","24.040","332"
"45","268322","20220820033000","105","0","彰化縣","花壇鄉","120.520","24.045","44"
"35","268324","20220820033000","602","0","彰化縣","花壇鄉","120.530","24.045","29"
"287","268327","20220820033000","269","1","彰化縣","花壇鄉","120.535","24.030","278"
"562","268328","20220820033000","552","1","彰化縣","花壇鄉","120.535","24.035","583"
"41","268329","20220820033000","251","0","彰化縣","花壇鄉","120.535","24.040","42"
"44","268331","20220820033000","680","0","彰化縣","花壇鄉","120.545","24.040","55"
"505","268333","20220820033000","384","2","彰化縣","花壇鄉","120.540","24.040","510"
"334","268335","20220820033000","316","1","彰化縣","花壇鄉","120.555","24.020","351"
"864","268336","20220820033000","780","1","彰化縣","花壇鄉","120.540","24.025","869"
"421","268338","20220820033000","362","1","彰化縣","花壇鄉","120.550","24.025","435"
"209","268339","20220820033000","180","1","彰化縣","花壇鄉","120.555","24.025","207"
"166","268347","20220820033000","135","2","彰化縣","花壇鄉","120.565","24.020","170"
"90","268356","20220820033000","90","1","彰化縣","花壇鄉","120.575","24.035","90"
"63","268370","20220820033000","115","0","彰化縣","花壇鄉","120.560","24.015","50"
"55","268371","20220820033000","61","0","彰化縣","花壇鄉","120.570","24.020","59"
"22","268375","20220820033000","21","1","彰化縣","花壇鄉","120.595","24.020","28"
"119","268381","20220820033000","861","0","彰化縣","花壇鄉","120.545","24.045","117"
"32","268391","20220820033000","25","2","彰化縣","花壇鄉","120.540","24.020","29"
"1668","268393","20220820033000","1400","1","彰化縣","花壇鄉","120.535","24.025","1718"
"21","268399","20220820033000","226","0","彰化縣","福興鄉","120.480","24.020","20"
"794","274405","20220820033000","1212","0","臺中市","太平區","120.720","24.135","826"
"2116","274408","20220820033000","1832","1","臺中市","太平區","120.720","24.115","2114"
"109","274410","20220820033000","88","2","臺中市","太平區","120.755","24.120","116"
"167","274476","20220820033000","166","1","臺中市","太平區","120.810","24.140","174"
"3634","274515","20220820033000","2254","3","臺中市","南屯區","120.645","24.135","3719"
"2867","274516","20220820033000","3267","0","臺中市","南屯區","120.650","24.140","2828"
"2566","274517","20220820033000","2026","2","臺中市","南屯區","120.650","24.150","2539"
"928","274518","20220820033000","1007","0","臺中市","西屯區","120.650","24.155","941"
"28","274519","20220820033000","437","0","臺中市","南屯區","120.650","24.135","38"
"1809","274520","20220820033000","1357","2","臺中市","南屯區","120.650","24.130","1850"
"652","274521","20220820033000","527","2","臺中市","南屯區","120.610","24.150","640"
"2093","274522","20220820033000","1869","1","臺中市","南屯區","120.615","24.150","2063"
"11","274523","20220820033000","12","0","臺中市","南屯區","120.620","24.150","11"
"495","274524","20220820033000","355","2","臺中市","南屯區","120.605","24.155","512"
"303","274525","20220820033000","209","2","臺中市","南屯區","120.610","24.155","296"
"57","274530","20220820033000","47","2","臺中市","南屯區","120.600","24.160","48"
"267","274531","20220820033000","310","0","臺中市","南屯區","120.605","24.160","283"
"95","274534","20220820033000","59","3","臺中市","南屯區","120.590","24.165","97"
"1454","274535","20220820033000","1607","0","臺中市","北區","120.690","24.155","1454"
"1883","274536","20220820033000","2222","0","臺中市","北屯區","120.695","24.165","1886"
"1890","274537","20220820033000","1746","1","臺中市","北屯區","120.700","24.160","1930"
"2110","274538","20220820033000","1757","2","臺中市","北區","120.690","24.160","2080"
"1635","274539","20220820033000","1867","0","臺中市","北區","120.680","24.150","1597"
"2197","274540","20220820033000","1124","3","臺中市","北區","120.685","24.150","2277"
"1441","274541","20220820033000","1811","0","臺中市","南區","120.660","24.125","1453"
"2149","274543","20220820033000","2062","1","臺中市","南區","120.675","24.125","2118"
"67","274544","20220820033000","72","0","臺中市","北屯區","120.665","24.185","63"
"975","274545","20220820033000","707","2","臺中市","北屯區","120.725","24.170","952"
"743","274546","20220820033000","1361","0","臺中市","北屯區","120.720","24.175","746"
"1765","274547","20220820033000","1565","1","臺中市","北屯區","120.725","24.175","1741"
"2396","274549","20220820033000","2047","1","臺中市","北屯區","120.725","24.180","2438"
"329","274551","20220820033000","299","1","臺中市","北屯區","120.735","24.180","343"
"1734","274554","20220820033000","1683","1","臺中市","西區","120.675","24.140","1692"
"1445","274556","20220820033000","1420","1","臺中市","大里區","120.675","24.105","1460"
"758","274558","20220820033000","826","0","臺中市","大里區","120.675","24.115","798"
"1622","274559","20220820033000","1584","1","臺中市","西屯區","120.615","24.175","1587"
"879","274560","20220820033000","643","2","臺中市","西屯區","120.630","24.175","937"
"2485","274561","20220820033000","2387","1","臺中市","西屯區","120.615","24.180","2500"
"1261","274562","20220820033000","1294","0","臺中市","西屯區","120.625","24.180","1254"
"815","274564","20220820033000","786","1","臺中市","西屯區","120.630","24.180","836"
"2950","274566","20220820033000","2911","1","臺中市","西屯區","120.640","24.175","3009"
"2214","274567","20220820033000","1905","1","臺中市","西屯區","120.635","24.175","2266"
"1521","274568","20220820033000","923","3","臺中市","西屯區","120.635","24.180","1565"
"150","274569","20220820033000","1033","0","臺中市","西屯區","120.630","24.185","147"
"116","274571","20220820033000","950","0","臺中市","北屯區","120.715","24.175","122"
"1359","274572","20220820033000","1167","1","臺中市","北屯區","120.715","24.180","1398"
"186","274575","20220820033000","530","0","臺中市","北屯區","120.715","24.185","190"
"74","274577","20220820033000","45","3","臺中市","北屯區","120.730","24.185","61"
"456","274578","20220820033000","327","2","臺中市","北屯區","120.720","24.185","466"
"1569","274581","20220820033000","2383","0","臺中市","北區","120.665","24.165","1633"
"1849","274582","20220820033000","2203","0","臺中市","北區","120.670","24.165","2431"
"565","274583","20220820033000","371","3","臺中市","南區","120.670","24.125","608"
"1460","274585","20220820033000","1531","0","臺中市","西屯區","120.610","24.185","1471"
"357","274586","20220820033000","370","0","臺中市","西屯區","120.600","24.180","355"
"1540","274587","20220820033000","1366","1","臺中市","西屯區","120.605","24.180","1560"
"295","274591","20220820033000","2063","0","臺中市","龍井區","120.530","24.180","272"
"629","274593","20220820033000","1294","0","臺中市","烏日區","120.635","24.100","651"
"1323","274595","20220820033000","1676","0","臺中市","烏日區","120.635","24.105","1332"
"1140","274596","20220820033000","1173","0","臺中市","烏日區","120.640","24.105","1115"
"59","274603","20220820033000","567","0","臺中市","大肚區","120.530","24.160","61"
"1906","274608","20220820033000","1359","2","臺中市","西區","120.670","24.135","1892"
"751","274609","20220820033000","1673","0","臺中市","西區","120.655","24.150","749"
"3650","274610","20220820033000","3281","1","臺中市","西區","120.655","24.135","3650"
"2243","274611","20220820033000","2822","0","臺中市","西區","120.655","24.145","2211"
"1935","274612","20220820033000","2024","0","臺中市","西區","120.670","24.130","1939"
"250","274615","20220820033000","297","0","臺中市","太平區","120.735","24.135","259"
"24","274616","20220820033000","19","2","臺中市","太平區","120.740","24.140","26"
"2305","274620","20220820033000","1829","2","臺中市","北區","120.685","24.160","2338"
"2491","274621","20220820033000","1760","2","臺中市","北區","120.675","24.150","2446"
"1654","274623","20220820033000","826","3","臺中市","北區","120.690","24.150","1649"
"1196","274624","20220820033000","1115","1","臺中市","南區","120.680","24.120","1200"
"2114","274625","20220820033000","1906","1","臺中市","大里區","120.685","24.120","2132"
"1091","274626","20220820033000","965","1","臺中市","南區","120.660","24.120","1177"
"816","274627","20220820033000","730","1","臺中市","南區","120.675","24.120","779"
"1075","274628","20220820033000","1487","0","臺中市","東區","120.695","24.130","1091"
"1377","274629","20220820033000","2006","0","臺中市","西屯區","120.620","24.185","1409"
"1081","274630","20220820033000","751","2","臺中市","西屯區","120.615","24.185","1114"
"765","274631","20220820033000","1260","0","臺中市","西屯區","120.620","24.190","768"
"3589","274632","20220820033000","3446","1","臺中市","西屯區","120.605","24.185","3555"
"421","274634","20220820033000","611","0","臺中市","西屯區","120.600","24.185","428"
"862","274636","20220820033000","505","3","臺中市","東區","120.705","24.130","863"
"430","274637","20220820033000","824","0","臺中市","東區","120.705","24.135","795"
"2958","274639","20220820033000","1991","2","臺中市","東區","120.695","24.145","2916"
"58","274640","20220820033000","111","0","臺中市","東區","120.700","24.145","68"
"1801","274641","20220820033000","1391","2","臺中市","東區","120.695","24.125","1771"
"2625","274642","20220820033000","1956","2","臺中市","大里區","120.680","24.110","2732"
"186","274644","20220820033000","204","0","臺中市","大里區","120.665","24.100","202"
"43","274646","20220820033000","610","0","臺中市","大里區","120.665","24.105","49"
"216","274647","20220820033000","149","2","臺中市","大里區","120.670","24.105","218"
"53","274648","20220820033000","680","0","臺中市","大里區","120.665","24.110","53"
"1164","274649","20220820033000","856","2","臺中市","大里區","120.670","24.110","1185"
"739","274650","20220820033000","722","1","臺中市","大里區","120.700","24.105","736"
"206","274683","20220820033000","221","0","臺中市","太平區","120.765","24.110","231"
"77","274707","20220820033000","75","1","臺中市","太平區","120.795","24.115","71"
"482","274737","20220820033000","527","0","臺中市","太平區","120.720","24.140","505"
"1131","274738","20220820033000","755","2","臺中市","太平區","120.725","24.135","1149"
"1346","274739","20220820033000","862","3","臺中市","大里區","120.695","24.120","1347"
"224","274741","20220820033000","148","3","臺中市","東區","120.700","24.130","217"
"184","274742","20220820033000","155","1","臺中市","東區","120.700","24.135","187"
"1788","274744","20220820033000","2056","0","臺中市","大里區","120.685","24.105","1793"
"14","274758","20220820033000","16","0","臺中市","新社區","120.825","24.145","14"
"130","274781","20220820033000","82","3","臺中市","新社區","120.825","24.165","120"
"81","274785","20220820033000","58","2","臺中市","新社區","120.835","24.170","78"
"1069","274786","20220820033000","665","3","臺中市","西屯區","120.610","24.180","1106"
"40","274787","20220820033000","478","0","臺中市","南區","120.680","24.125","37"
"1618","274788","20220820033000","952","3","臺中市","東區","120.685","24.135","1631"
"3226","274789","20220820033000","1844","3","臺中市","北區","120.685","24.145","3136"
"4145","274790","20220820033000","3866","1","臺中市","北屯區","120.670","24.175","4199"
"749","274792","20220820033000","595","2","臺中市","東區","120.695","24.135","714"
"66","274805","20220820033000","63","1","臺中市","新社區","120.825","24.155","76"
"264","274823","20220820033000","187","2","臺中市","新社區","120.800","24.180","247"
"145","274835","20220820033000","1592","0","臺中市","大肚區","120.540","24.150","142"
"260","274842","20220820033000","254","1","臺中市","大肚區","120.540","24.170","276"
"30","274852","20220820033000","39","0","臺中市","大肚區","120.525","24.175","32"
"73","274869","20220820033000","457","0","臺中市","大肚區","120.545","24.135","74"
"11","274873","20220820033000","233","0","臺中市","大肚區","120.550","24.140","16"
"159","274874","20220820033000","166","0","臺中市","大肚區","120.555","24.140","160"
"2312","274883","20220820033000","2064","1","臺中市","北區","120.670","24.155","2376"
"692","274884","20220820033000","591","1","臺中市","西屯區","120.655","24.175","692"
"129","274885","20220820033000","667","0","臺中市","西屯區","120.660","24.175","108"
"1246","274889","20220820033000","1041","1","臺中市","大肚區","120.580","24.110","1251"
"25","274891","20220820033000","349","0","臺中市","大肚區","120.570","24.115","25"
"155","274895","20220820033000","161","0","臺中市","大肚區","120.545","24.145","137"
"180","274897","20220820033000","1668","0","臺中市","大肚區","120.550","24.150","180"
"1260","274905","20220820033000","902","2","臺中市","南區","120.650","24.115","1244"
"61","274907","20220820033000","367","0","臺中市","南區","120.650","24.120","65"
"1208","274908","20220820033000","1332","0","臺中市","南區","120.655","24.120","1280"
"1088","274910","20220820033000","1081","1","臺中市","南區","120.645","24.110","1092"
"1755","274911","20220820033000","1797","0","臺中市","南區","120.650","24.110","1730"
"1424","274912","20220820033000","1307","1","臺中市","南區","120.655","24.110","1440"
"738","274913","20220820033000","1187","0","臺中市","南區","120.670","24.115","836"
"470","274917","20220820033000","307","3","臺中市","龍井區","120.575","24.180","500"
"1547","274918","20220820033000","1139","2","臺中市","龍井區","120.580","24.180","1518"
"192","274921","20220820033000","171","1","臺中市","龍井區","120.580","24.185","186"
"217","274926","20220820033000","207","1","臺中市","新社區","120.815","24.180","225"
"12","274937","20220820033000","38","0","臺中市","新社區","120.880","24.105","41"
"87","274950","20220820033000","87","1","南投縣","國姓鄉","120.855","24.120","73"
"24","274969","20220820033000","31","0","臺中市","新社區","120.840","24.130","24"
"84","274972","20220820033000","50","3","臺中市","新社區","120.855","24.130","92"
"17","274976","20220820033000","17","1","臺中市","新社區","120.875","24.130","24"
"43","274982","20220820033000","41","1","臺中市","新社區","120.855","24.135","33"
"73","274997","20220820033000","46","3","臺中市","和平區","120.885","24.140","58"
"12","275019","20220820033000","57","0","臺中市","新社區","120.875","24.155","13"
"198","275027","20220820033000","122","3","臺中市","新社區","120.885","24.160","204"
"1311","275034","20220820033000","1667","0","臺中市","北區","120.675","24.165","1279"
"4474","275035","20220820033000","3484","2","臺中市","北區","120.680","24.165","4507"
"1557","275036","20220820033000","2073","0","臺中市","北區","120.675","24.170","1532"
"1081","275037","20220820033000","1044","1","臺中市","南區","120.655","24.115","908"
"1635","275038","20220820033000","2690","0","臺中市","南區","120.660","24.115","1666"
"2955","275039","20220820033000","2302","2","臺中市","南區","120.665","24.120","2924"
"2224","275040","20220820033000","1738","2","臺中市","南區","120.670","24.120","2356"
"145","275041","20220820033000","929","0","臺中市","太平區","120.715","24.115","147"
"1368","275042","20220820033000","1229","1","臺中市","太平區","120.720","24.120","1312"
"3144","275043","20220820033000","4002","0","臺中市","西屯區","120.645","24.175","3205"
"2676","275044","20220820033000","3465","0","臺中市","西屯區","120.650","24.175","2660"
"322","275045","20220820033000","235","2","臺中市","西屯區","120.640","24.185","301"
"123","275048","20220820033000","113","1","臺中市","西屯區","120.625","24.155","119"
"436","275049","20220820033000","392","1","臺中市","西屯區","120.625","24.160","453"
"1565","275052","20220820033000","1742","0","臺中市","龍井區","120.585","24.180","1597"
"1774","275053","20220820033000","2288","0","臺中市","西屯區","120.590","24.185","1713"
"510","275054","20220820033000","551","0","臺中市","龍井區","120.585","24.185","497"
"1872","275055","20220820033000","2054","0","臺中市","龍井區","120.590","24.180","1874"
"545","275056","20220820033000","365","2","臺中市","西屯區","120.595","24.190","557"
"877","275061","20220820033000","859","1","臺中市","東區","120.710","24.145","658"
"1367","275062","20220820033000","1329","1","臺中市","東區","120.710","24.140","1284"
"198","275064","20220820033000","253","0","臺中市","大里區","120.695","24.100","207"
"409","275065","20220820033000","535","0","臺中市","大里區","120.700","24.100","402"
"1603","275066","20220820033000","1410","1","臺中市","大里區","120.685","24.110","1613"
"704","275067","20220820033000","420","3","臺中市","大里區","120.690","24.110","694"
"616","275069","20220820033000","520","1","臺中市","太平區","120.730","24.100","609"
"423","275075","20220820033000","529","0","臺中市","太平區","120.730","24.105","423"
"698","275076","20220820033000","478","2","臺中市","太平區","120.735","24.120","705"
"16","275081","20220820033000","14","1","臺中市","太平區","120.745","24.125","16"
"430","275082","20220820033000","303","2","臺中市","太平區","120.740","24.130","416"
"1421","275083","20220820033000","1145","2","臺中市","北區","120.680","24.155","1371"
"352","275084","20220820033000","315","1","臺中市","太平區","120.750","24.125","345"
"55","275090","20220820033000","38","2","臺中市","太平區","120.755","24.135","48"
"703","275099","20220820033000","481","2","臺中市","太平區","120.735","24.110","727"
"1106","275110","20220820033000","953","1","臺中市","西區","120.665","24.130","1071"
"1615","275111","20220820033000","1842","0","臺中市","東區","120.690","24.125","1632"
"876","275114","20220820033000","579","3","臺中市","西區","120.665","24.135","796"
"1374","275115","20220820033000","1708","0","臺中市","西區","120.670","24.140","1395"
"1503","275116","20220820033000","951","3","臺中市","南區","120.655","24.130","1508"
"1390","275118","20220820033000","1694","0","臺中市","北區","120.695","24.155","1356"
"2293","275119","20220820033000","1968","1","臺中市","北區","120.695","24.160","2325"
"5687","275120","20220820033000","3753","3","臺中市","西區","120.660","24.135","5733"
"916","275121","20220820033000","883","1","臺中市","東區","120.685","24.130","898"
"2163","275122","20220820033000","1414","3","臺中市","南區","120.675","24.130","2086"
"1922","275123","20220820033000","2017","0","臺中市","南屯區","120.635","24.145","1907"
"3570","275124","20220820033000","2609","2","臺中市","南屯區","120.640","24.145","3515"
"2623","275125","20220820033000","1907","2","臺中市","西區","120.670","24.145","2514"
"2730","275126","20220820033000","2946","0","臺中市","北區","120.665","24.160","2699"
"935","275128","20220820033000","1674","0","臺中市","北區","120.675","24.160","903"
"1398","275129","20220820033000","1702","0","臺中市","北區","120.675","24.145","1417"
"2118","275130","20220820033000","1818","1","臺中市","北屯區","120.700","24.185","2213"
"698","275133","20220820033000","233","3","臺中市","北屯區","120.660","24.185","682"
"2203","275134","20220820033000","1525","2","臺中市","北屯區","120.660","24.180","2222"
"377","275137","20220820033000","282","2","臺中市","龍井區","120.565","24.175","369"
"3951","275141","20220820033000","4205","0","臺中市","南屯區","120.655","24.140","4035"
"237","275142","20220820033000","958","0","臺中市","西區","120.665","24.140","227"
"840","275143","20220820033000","672","2","臺中市","西屯區","120.625","24.185","855"
"2448","275144","20220820033000","2093","1","臺中市","西屯區","120.655","24.160","2513"
"1364","275145","20220820033000","1137","1","臺中市","西屯區","120.650","24.165","1296"
"4404","275146","20220820033000","3513","2","臺中市","西屯區","120.655","24.165","4417"
"31","275147","20220820033000","281","0","臺中市","烏日區","120.600","24.120","37"
"73","275154","20220820033000","512","0","臺中市","烏日區","120.605","24.125","67"
"37","275159","20220820033000","32","1","臺中市","南屯區","120.600","24.130","66"
"77","275166","20220820033000","71","1","臺中市","烏日區","120.590","24.110","73"
"2451","275167","20220820033000","1654","2","臺中市","烏日區","120.595","24.110","2389"
"971","275174","20220820033000","792","2","臺中市","烏日區","120.615","24.105","928"
"220","275175","20220820033000","122","3","臺中市","烏日區","120.615","24.110","223"
"300","275177","20220820033000","1149","0","臺中市","烏日區","120.625","24.110","273"
"1096","275179","20220820033000","2198","0","臺中市","北區","120.685","24.165","1092"
"707","275181","20220820033000","2016","0","臺中市","北屯區","120.725","24.160","659"
"661","275185","20220820033000","537","2","臺中市","北屯區","120.725","24.165","634"
"1691","275187","20220820033000","1495","1","臺中市","北屯區","120.735","24.165","1702"
"49","275188","20220820033000","50","0","臺中市","北屯區","120.740","24.165","45"
"560","275189","20220820033000","407","2","臺中市","北屯區","120.730","24.170","708"
"355","275192","20220820033000","650","0","臺中市","北屯區","120.735","24.175","327"
"436","275193","20220820033000","387","1","臺中市","北屯區","120.740","24.175","447"
"2290","275194","20220820033000","2495","0","臺中市","北區","120.670","24.170","2269"
"1088","275195","20220820033000","1035","1","臺中市","北屯區","120.690","24.170","1076"
"1239","275196","20220820033000","706","3","臺中市","北屯區","120.675","24.175","1237"
"5337","275197","20220820033000","4068","2","臺中市","北屯區","120.680","24.175","5358"
"3553","275198","20220820033000","3148","1","臺中市","北屯區","120.685","24.175","3573"
"3524","275199","20220820033000","4263","0","臺中市","南屯區","120.635","24.150","3585"
"1095","275200","20220820033000","826","2","臺中市","南屯區","120.640","24.150","1108"
"1671","275201","20220820033000","2111","0","臺中市","南屯區","120.635","24.155","1679"
"2189","275202","20220820033000","1505","2","臺中市","北屯區","120.685","24.190","2278"
"17","275203","20220820033000","60","0","臺中市","南屯區","120.620","24.115","20"
"2230","275204","20220820033000","1434","3","臺中市","南屯區","120.625","24.115","2256"
"358","275206","20220820033000","386","0","臺中市","南屯區","120.625","24.120","365"
"2469","275207","20220820033000","2740","0","臺中市","西屯區","120.650","24.180","2372"
"2480","275208","20220820033000","1773","2","臺中市","西屯區","120.635","24.185","2453"
"4152","275209","20220820033000","4160","0","臺中市","西屯區","120.645","24.180","3791"
"2027","275210","20220820033000","2088","0","臺中市","西屯區","120.640","24.180","1959"
"495","275211","20220820033000","359","2","臺中市","西屯區","120.655","24.185","442"
"1312","275212","20220820033000","828","3","臺中市","西屯區","120.660","24.165","1324"
"2214","275213","20220820033000","1867","1","臺中市","西屯區","120.650","24.160","2165"
"437","275214","20220820033000","469","0","臺中市","西屯區","120.665","24.170","431"
"554","275215","20220820033000","510","1","臺中市","大里區","120.710","24.110","549"
"371","275217","20220820033000","483","0","臺中市","太平區","120.710","24.115","372"
"137","275219","20220820033000","155","0","臺中市","太平區","120.710","24.120","123"
"704","275221","20220820033000","682","1","臺中市","太平區","120.705","24.125","735"
"553","275222","20220820033000","510","1","臺中市","太平區","120.710","24.125","565"
"1153","275223","20220820033000","1306","0","臺中市","太平區","120.715","24.125","1160"
"1336","275227","20220820033000","1146","1","臺中市","北屯區","120.670","24.180","1302"
"1057","275228","20220820033000","676","3","臺中市","北屯區","120.665","24.180","1036"
"94","275229","20220820033000","910","0","臺中市","北屯區","120.700","24.165","100"
"1753","275230","20220820033000","2426","0","臺中市","北屯區","120.700","24.170","1716"
"1280","275231","20220820033000","727","3","臺中市","北屯區","120.705","24.165","1302"
"1226","275232","20220820033000","779","3","臺中市","北屯區","120.675","24.180","1211"
"556","275233","20220820033000","374","2","臺中市","北屯區","120.675","24.185","640"
"3043","275234","20220820033000","1947","3","臺中市","北屯區","120.680","24.180","3107"
"2282","275235","20220820033000","1813","2","臺中市","北屯區","120.670","24.185","2323"
"915","275237","20220820033000","491","3","臺中市","北屯區","120.675","24.190","902"
"44","275238","20220820033000","740","0","臺中市","北屯區","120.680","24.185","67"
"3032","275239","20220820033000","3481","0","臺中市","北區","120.680","24.160","3051"
"2050","275240","20220820033000","2570","0","臺中市","南區","120.660","24.110","2003"
"2242","275241","20220820033000","2259","0","臺中市","南區","120.665","24.115","2428"
"2369","275242","20220820033000","2294","1","臺中市","南區","120.665","24.125","2365"
"1417","275243","20220820033000","1520","0","臺中市","南區","120.655","24.125","1431"
"1592","275245","20220820033000","1316","2","臺中市","南屯區","120.645","24.145","1548"
"2800","275246","20220820033000","3334","0","臺中市","西區","120.650","24.145","2809"
"76","275247","20220820033000","112","0","臺中市","南屯區","120.600","24.140","83"
"559","275249","20220820033000","385","2","臺中市","南屯區","120.610","24.140","566"
"303","275250","20220820033000","245","2","臺中市","南屯區","120.615","24.140","312"
"492","275251","20220820033000","278","3","臺中市","南屯區","120.600","24.145","473"
"1590","275252","20220820033000","964","3","臺中市","南屯區","120.605","24.145","1534"
"1100","275253","20220820033000","680","3","臺中市","南屯區","120.610","24.145","1116"
"1527","275254","20220820033000","1180","2","臺中市","南屯區","120.615","24.145","1577"
"447","275255","20220820033000","493","0","臺中市","南屯區","120.620","24.145","234"
"40","275256","20220820033000","34","1","臺中市","南屯區","120.595","24.150","36"
"165","275257","20220820033000","109","3","臺中市","南屯區","120.600","24.150","170"
"2663","275267","20220820033000","3005","0","臺中市","北屯區","120.690","24.185","2634"
"20","275268","20220820033000","21","0","臺中市","北屯區","120.690","24.190","12"
"484","275270","20220820033000","509","0","臺中市","大肚區","120.555","24.130","516"
"577","275272","20220820033000","582","0","臺中市","大肚區","120.555","24.135","575"
"504","275278","20220820033000","474","1","臺中市","南屯區","120.620","24.140","521"
"256","275280","20220820033000","270","0","臺中市","南屯區","120.625","24.145","271"
"472","275281","20220820033000","403","1","臺中市","南屯區","120.630","24.145","464"
"412","275284","20220820033000","373","1","臺中市","南屯區","120.610","24.130","446"
"541","275286","20220820033000","219","3","臺中市","南屯區","120.600","24.135","542"
"430","275288","20220820033000","407","1","臺中市","南屯區","120.610","24.135","455"
"207","275291","20220820033000","234","0","臺中市","南屯區","120.595","24.135","213"
"561","275293","20220820033000","654","0","臺中市","南屯區","120.605","24.135","605"
"1672","275294","20220820033000","1264","2","臺中市","南屯區","120.615","24.135","1692"
"69","275297","20220820033000","38","3","臺中市","南屯區","120.590","24.140","59"
"378","275302","20220820033000","243","3","臺中市","南屯區","120.590","24.145","392"
"125","275307","20220820033000","87","2","臺中市","南屯區","120.590","24.150","129"
"164","275309","20220820033000","237","0","臺中市","南屯區","120.630","24.115","181"
"83","275311","20220820033000","378","0","臺中市","南屯區","120.630","24.120","61"
"402","275312","20220820033000","359","1","臺中市","南屯區","120.635","24.120","409"
"118","275314","20220820033000","46","3","臺中市","南屯區","120.625","24.135","113"
"2924","275315","20220820033000","2215","2","臺中市","南屯區","120.630","24.135","2930"
"924","275316","20220820033000","650","2","臺中市","南屯區","120.630","24.140","943"
"3400","275317","20220820033000","2314","2","臺中市","南屯區","120.635","24.140","3378"
"1652","275318","20220820033000","911","3","臺中市","南屯區","120.645","24.150","1607"
"2028","275319","20220820033000","1183","3","臺中市","南屯區","120.640","24.140","2052"
"1926","275320","20220820033000","2520","0","臺中市","南屯區","120.645","24.140","1970"
"322","275322","20220820033000","314","1","臺中市","南屯區","120.635","24.125","299"
"509","275325","20220820033000","509","1","臺中市","南屯區","120.635","24.130","479"
"1604","275326","20220820033000","1175","2","臺中市","南屯區","120.645","24.130","1532"
"1001","275328","20220820033000","744","2","臺中市","南屯區","120.640","24.135","949"
"153","275329","20220820033000","528","0","臺中市","南屯區","120.640","24.130","173"
"110","275330","20220820033000","50","3","臺中市","南屯區","120.620","24.125","73"
"541","275332","20220820033000","327","3","臺中市","南屯區","120.630","24.125","570"
"132","275333","20220820033000","114","1","臺中市","南屯區","120.620","24.130","149"
"212","275336","20220820033000","204","1","臺中市","南屯區","120.640","24.125","212"
"326","275337","20220820033000","306","1","臺中市","南屯區","120.620","24.135","316"
"2089","275340","20220820033000","2303","0","臺中市","太平區","120.700","24.150","2088"
"1260","275341","20220820033000","1101","1","臺中市","北區","120.700","24.155","1232"
"2974","275343","20220820033000","2119","2","臺中市","北屯區","120.685","24.180","2908"
"1299","275344","20220820033000","1180","1","臺中市","北屯區","120.690","24.180","1264"
"154","275350","20220820033000","288","0","臺中市","北屯區","120.745","24.160","146"
"160","275354","20220820033000","138","1","臺中市","太平區","120.770","24.160","167"
"13","275362","20220820033000","20","0","臺中市","北屯區","120.745","24.170","17"
"228","275365","20220820033000","151","3","臺中市","北屯區","120.760","24.170","218"
"27","275378","20220820033000","13","3","臺中市","北屯區","120.765","24.175","33"
"24","275380","20220820033000","211","0","臺中市","北屯區","120.775","24.175","227"
"85","275382","20220820033000","52","3","臺中市","北屯區","120.785","24.175","102"
"140","275386","20220820033000","137","1","臺中市","北屯區","120.750","24.180","137"
"929","275391","20220820033000","1298","0","臺中市","北屯區","120.710","24.160","955"
"295","275392","20220820033000","383","0","臺中市","北屯區","120.715","24.160","283"
"338","275393","20220820033000","418","0","臺中市","北屯區","120.710","24.165","345"
"687","275394","20220820033000","640","1","臺中市","北屯區","120.715","24.165","711"
"427","275395","20220820033000","667","0","臺中市","北屯區","120.720","24.165","466"
"1754","275396","20220820033000","1878","0","臺中市","北屯區","120.710","24.170","1776"
"445","275397","20220820033000","490","0","臺中市","北屯區","120.715","24.170","433"
"965","275398","20220820033000","1273","0","臺中市","北屯區","120.720","24.170","1219"
"44","275399","20220820033000","48","0","臺中市","大肚區","120.570","24.150","55"
"155","275400","20220820033000","131","1","臺中市","大肚區","120.570","24.155","177"
"1509","275403","20220820033000","1402","1","臺中市","大肚區","120.570","24.160","1516"
"61","275420","20220820033000","52","1","臺中市","大肚區","120.535","24.150","61"
"2400","275421","20220820033000","2543","0","臺中市","西區","120.655","24.155","2456"
"2060","275422","20220820033000","1746","1","臺中市","西區","120.660","24.155","2572"
"728","275423","20220820033000","741","0","臺中市","西區","120.660","24.160","735"
"132","275424","20220820033000","177","0","臺中市","大里區","120.675","24.100","131"
"395","275425","20220820033000","627","0","臺中市","大里區","120.680","24.100","327"
"420","275426","20220820033000","310","2","臺中市","大里區","120.680","24.105","428"
"1852","275427","20220820033000","923","3","臺中市","西區","120.680","24.135","1805"
"1159","275428","20220820033000","1130","1","臺中市","中區","120.680","24.145","1035"
"3377","275429","20220820033000","1571","3","臺中市","中區","120.680","24.140","3357"
"2450","275430","20220820033000","1674","2","臺中市","北屯區","120.680","24.170","2503"
"467","275431","20220820033000","972","0","臺中市","北屯區","120.685","24.170","470"
"611","275432","20220820033000","1146","0","臺中市","北屯區","120.690","24.165","628"
"1402","275433","20220820033000","1284","1","臺中市","北屯區","120.695","24.170","1388"
"3370","275434","20220820033000","3459","0","臺中市","北屯區","120.695","24.175","2958"
"2809","275435","20220820033000","2669","1","臺中市","北屯區","120.690","24.175","2840"
"1582","275436","20220820033000","1340","1","臺中市","南屯區","120.630","24.150","1580"
"990","275437","20220820033000","624","3","臺中市","南屯區","120.630","24.155","960"
"574","275439","20220820033000","1311","0","臺中市","北屯區","120.710","24.175","591"
"362","275440","20220820033000","405","0","臺中市","北屯區","120.695","24.185","382"
"674","275442","20220820033000","673","1","臺中市","北屯區","120.710","24.180","662"
"151","275443","20220820033000","494","0","臺中市","北屯區","120.705","24.180","149"
"1140","275445","20220820033000","1108","1","臺中市","北屯區","120.705","24.185","1134"
"1927","275457","20220820033000","1429","2","臺中市","北區","120.670","24.160","1981"
"1382","275458","20220820033000","988","2","臺中市","北區","120.685","24.155","1341"
"1400","275459","20220820033000","1005","2","臺中市","北屯區","120.700","24.175","1626"
"660","275461","20220820033000","377","3","臺中市","大里區","120.710","24.100","659"
"823","275462","20220820033000","709","1","臺中市","大里區","120.715","24.100","763"
"1549","275463","20220820033000","1882","0","臺中市","大里區","120.690","24.105","1550"
"580","275464","20220820033000","874","0","臺中市","大里區","120.695","24.105","568"
"659","275466","20220820033000","1022","0","臺中市","大里區","120.685","24.100","682"
"3189","275467","20220820033000","2672","1","臺中市","大里區","120.680","24.115","3224"
"514","275468","20220820033000","444","1","臺中市","大里區","120.685","24.115","501"
"953","275469","20220820033000","1173","0","臺中市","南屯區","120.635","24.135","946"
"33","275471","20220820033000","837","0","臺中市","大里區","120.695","24.110","36"
"2025","275477","20220820033000","1425","2","臺中市","太平區","120.715","24.155","1859"
"1272","275478","20220820033000","760","3","臺中市","北屯區","120.705","24.170","1218"
"328","275479","20220820033000","305","1","臺中市","北屯區","120.740","24.180","313"
"64","275480","20220820033000","211","0","臺中市","北屯區","120.745","24.180","65"
"41","275492","20220820033000","44","0","臺中市","北屯區","120.770","24.185","38"
"12","275495","20220820033000","38","0","臺中市","北屯區","120.780","24.185","13"
"43","275502","20220820033000","85","0","臺中市","北屯區","120.765","24.185","40"
"1601","275504","20220820033000","2163","0","臺中市","北屯區","120.695","24.180","1610"
"1842","275505","20220820033000","1676","1","臺中市","西屯區","120.665","24.175","1781"
"859","275506","20220820033000","618","2","臺中市","西屯區","120.640","24.155","791"
"2192","275507","20220820033000","2510","0","臺中市","西屯區","120.645","24.155","2287"
"1004","275508","20220820033000","2382","0","臺中市","西屯區","120.640","24.160","1059"
"1667","275509","20220820033000","1201","2","臺中市","西屯區","120.645","24.160","1672"
"346","275510","20220820033000","925","0","臺中市","西屯區","120.640","24.165","371"
"1726","275511","20220820033000","1696","1","臺中市","西屯區","120.645","24.165","1680"
"1376","275512","20220820033000","1255","1","臺中市","西屯區","120.650","24.170","1370"
"870","275513","20220820033000","613","2","臺中市","太平區","120.720","24.145","905"
"634","275515","20220820033000","622","1","臺中市","太平區","120.715","24.145","630"
"1733","275517","20220820033000","1627","1","臺中市","大里區","120.690","24.115","1722"
"680","275518","20220820033000","603","1","臺中市","大里區","120.690","24.120","612"
"901","275519","20220820033000","334","3","臺中市","東區","120.700","24.125","897"
"64","275662","20220820033000","41","3","臺中市","和平區","120.955","24.160","21"
"210","275685","20220820033000","160","2","臺中市","和平區","120.950","24.165","231"
"42","275710","20220820033000","45","0","臺中市","和平區","120.945","24.170","38"
"76","275829","20220820033000","65","1","臺中市","和平區","120.990","24.185","84"
"100","276007","20220820033000","101","0","臺中市","和平區","120.925","24.180","96"
"159","276027","20220820033000","1115","0","臺中市","北屯區","120.700","24.180","150"
"1616","276028","20220820033000","2023","0","臺中市","南區","120.680","24.130","1543"
"1538","276029","20220820033000","2099","0","臺中市","西屯區","120.620","24.180","1532"
"915","276033","20220820033000","1206","0","臺中市","西屯區","120.650","24.185","923"
"628","276037","20220820033000","503","2","臺中市","西屯區","120.635","24.160","620"
"1457","276039","20220820033000","1145","2","臺中市","西屯區","120.635","24.165","1417"
"339","276040","20220820033000","238","2","臺中市","西屯區","120.630","24.170","324"
"553","276041","20220820033000","713","0","臺中市","西屯區","120.635","24.170","543"
"2047","276043","20220820033000","1789","1","臺中市","太平區","120.715","24.140","2004"
"105","276044","20220820033000","980","0","臺中市","太平區","120.720","24.155","100"
"2349","276045","20220820033000","2592","0","臺中市","西區","120.660","24.140","2352"
"1951","276046","20220820033000","2021","0","臺中市","西區","120.660","24.145","1978"
"1256","276048","20220820033000","1411","0","臺中市","南區","120.660","24.130","1298"
"116","276451","20220820033000","240","0","花蓮縣","秀林鄉","121.285","24.140","149"
"246","276521","20220820033000","200","2","花蓮縣","秀林鄉","121.635","24.140","253"
"13","276664","20220820033000","64","0","花蓮縣","秀林鄉","121.625","24.150","13"
"181","276735","20220820033000","88","3","花蓮縣","秀林鄉","121.625","24.155","161"
"57","276803","20220820033000","44","2","花蓮縣","秀林鄉","121.620","24.160","77"
"119","276945","20220820033000","100","1","花蓮縣","秀林鄉","121.300","24.175","94"
"83","277000","20220820033000","54","3","花蓮縣","秀林鄉","121.570","24.175","84"
"20","277055","20220820033000","16","2","花蓮縣","秀林鄉","121.510","24.180","21"
"415","277116","20220820033000","211","3","花蓮縣","秀林鄉","121.495","24.180","378"
"701","277183","20220820033000","397","3","花蓮縣","秀林鄉","121.655","24.125","651"
"74","277187","20220820033000","49","3","花蓮縣","秀林鄉","121.645","24.135","64"
"333","277214","20220820033000","254","2","花蓮縣","秀林鄉","121.650","24.155","318"
"200","277223","20220820033000","133","3","花蓮縣","秀林鄉","121.655","24.160","189"
"173","277237","20220820033000","89","3","花蓮縣","秀林鄉","121.655","24.170","175"
"2469","277409","20220820033000","3525","0","臺中市","西屯區","120.645","24.170","2430"
"614","277410","20220820033000","507","2","臺中市","太平區","120.730","24.155","619"
"129","277411","20220820033000","918","0","臺中市","太平區","120.735","24.155","133"
"26","277415","20220820033000","256","0","臺中市","大肚區","120.550","24.120","20"
"991","277420","20220820033000","1081","0","臺中市","大肚區","120.570","24.120","989"
"89","277421","20220820033000","829","0","臺中市","大肚區","120.575","24.120","80"
"464","277423","20220820033000","397","1","臺中市","大肚區","120.570","24.125","469"
"46","277425","20220820033000","419","0","臺中市","大肚區","120.580","24.125","49"
"15","277426","20220820033000","124","0","臺中市","大肚區","120.570","24.130","135"
"273","277434","20220820033000","237","1","臺中市","大肚區","120.585","24.135","240"
"2518","277437","20220820033000","2577","0","臺中市","大里區","120.705","24.105","2551"
"582","277439","20220820033000","548","1","臺中市","大里區","120.705","24.110","569"
"36","277440","20220820033000","504","0","臺中市","太平區","120.705","24.150","38"
"417","277441","20220820033000","895","0","臺中市","太平區","120.710","24.150","424"
"473","277442","20220820033000","369","2","臺中市","烏日區","120.625","24.100","466"
"834","277443","20220820033000","761","1","臺中市","烏日區","120.630","24.100","861"
"1509","277444","20220820033000","1011","2","臺中市","烏日區","120.620","24.105","1501"
"516","277445","20220820033000","421","2","臺中市","烏日區","120.625","24.105","497"
"102","277450","20220820033000","66","3","臺中市","西屯區","120.595","24.165","97"
"200","277451","20220820033000","181","1","臺中市","西屯區","120.600","24.165","224"
"151","277452","20220820033000","181","0","臺中市","西屯區","120.605","24.165","153"
"344","277453","20220820033000","332","1","臺中市","西屯區","120.610","24.165","351"
"468","277457","20220820033000","485","0","臺中市","西屯區","120.590","24.170","466"
"61","277458","20220820033000","40","3","臺中市","西屯區","120.595","24.170","64"
"42","277460","20220820033000","43","0","臺中市","西屯區","120.605","24.170","37"
"248","277461","20220820033000","315","0","臺中市","西屯區","120.610","24.170","247"
"97","277462","20220820033000","182","0","臺中市","西屯區","120.615","24.170","81"
"739","277463","20220820033000","519","2","臺中市","西屯區","120.620","24.170","705"
"81","277467","20220820033000","77","1","臺中市","西屯區","120.605","24.175","92"
"440","277468","20220820033000","347","2","臺中市","西屯區","120.595","24.175","440"
"449","277471","20220820033000","241","3","臺中市","西屯區","120.620","24.175","458"
"910","277473","20220820033000","1498","0","臺中市","西屯區","120.595","24.180","987"
"232","277474","20220820033000","93","3","臺中市","西屯區","120.595","24.185","276"
"63","277475","20220820033000","457","0","臺中市","西屯區","120.600","24.175","68"
"2157","277477","20220820033000","2334","0","臺中市","太平區","120.720","24.130","2235"
"27","277478","20220820033000","258","0","臺中市","太平區","120.710","24.130","29"
"82","277480","20220820033000","1186","0","臺中市","太平區","120.715","24.135","96"
"1905","277481","20220820033000","1628","1","臺中市","太平區","120.730","24.150","1892"
"39","277483","20220820033000","252","0","臺中市","大肚區","120.575","24.170","28"
"657","277484","20220820033000","993","0","臺中市","大肚區","120.580","24.170","643"
"1937","277487","20220820033000","2211","0","臺中市","大肚區","120.545","24.155","1981"
"58","277488","20220820033000","684","0","臺中市","大肚區","120.540","24.160","68"
"760","277489","20220820033000","867","0","臺中市","大肚區","120.545","24.160","753"
"247","277492","20220820033000","215","1","臺中市","大肚區","120.535","24.165","257"
"577","277493","20220820033000","1224","0","臺中市","大里區","120.690","24.100","616"
"433","277496","20220820033000","391","1","臺中市","太平區","120.735","24.105","436"
"789","277503","20220820033000","868","0","臺中市","太平區","120.730","24.140","788"
"992","277504","20220820033000","1048","0","臺中市","太平區","120.735","24.140","967"
"20","277507","20220820033000","25","0","臺中市","太平區","120.730","24.145","17"
"705","277508","20220820033000","1304","0","臺中市","太平區","120.735","24.145","715"
"1584","277520","20220820033000","1500","1","臺中市","太平區","120.740","24.155","1557"
"192","277531","20220820033000","908","0","臺中市","太平區","120.730","24.125","190"
"115","277532","20220820033000","239","0","臺中市","太平區","120.725","24.130","119"
"1469","277533","20220820033000","1348","1","臺中市","東區","120.690","24.130","1407"
"1081","277534","20220820033000","1005","1","臺中市","東區","120.690","24.140","1055"
"2183","277535","20220820033000","1411","3","臺中市","中區","120.685","24.140","2068"
"17","277537","20220820033000","236","0","臺中市","太平區","120.735","24.130","15"
"713","277538","20220820033000","993","0","臺中市","太平區","120.720","24.100","754"
"648","277540","20220820033000","546","1","臺中市","太平區","120.720","24.105","659"
"989","277541","20220820033000","976","1","臺中市","太平區","120.725","24.140","970"
"489","277542","20220820033000","503","0","臺中市","太平區","120.730","24.135","497"
"945","277544","20220820033000","973","0","臺中市","龍井區","120.540","24.175","922"
"561","277557","20220820033000","474","1","臺中市","大肚區","120.560","24.125","558"
"29","277558","20220820033000","551","0","臺中市","大肚區","120.565","24.125","132"
"867","277564","20220820033000","900","0","臺中市","龍井區","120.575","24.175","811"
"160","277565","20220820033000","546","0","臺中市","龍井區","120.580","24.175","170"
"640","277566","20220820033000","595","1","臺中市","太平區","120.725","24.145","613"
"801","277567","20220820033000","741","1","臺中市","太平區","120.720","24.125","813"
"32","277587","20220820033000","27","1","臺中市","東勢區","120.855","24.175","22"
"101","277597","20220820033000","80","2","臺中市","東勢區","120.840","24.185","80"
"23","277611","20220820033000","15","3","臺中市","東勢區","120.865","24.185","15"
"668","277614","20220820033000","839","0","臺中市","太平區","120.710","24.135","648"
"1624","277615","20220820033000","1507","1","臺中市","東區","120.705","24.140","1729"
"1506","277617","20220820033000","1267","1","臺中市","東區","120.695","24.150","1489"
"192","277618","20220820033000","2013","0","臺中市","太平區","120.705","24.155","210"
"807","277619","20220820033000","808","0","臺中市","太平區","120.705","24.160","810"
"1958","277620","20220820033000","1013","3","臺中市","太平區","120.710","24.155","1818"
"1908","277621","20220820033000","1465","2","臺中市","東區","120.690","24.135","1862"
"601","277622","20220820033000","609","0","臺中市","東區","120.690","24.145","625"
"2106","277623","20220820033000","1607","2","臺中市","東區","120.700","24.140","2119"
"1805","277624","20220820033000","1740","1","臺中市","北區","120.675","24.155","1854"
"1844","277625","20220820033000","1801","1","臺中市","西區","120.660","24.150","1857"
"2289","277626","20220820033000","1835","2","臺中市","西區","120.665","24.155","2378"
"25","277630","20220820033000","487","0","臺中市","龍井區","120.550","24.185","22"
"199","277637","20220820033000","182","1","臺中市","烏日區","120.650","24.105","201"
"962","277638","20220820033000","981","0","臺中市","烏日區","120.655","24.105","953"
"3371","277639","20220820033000","3016","1","臺中市","西屯區","120.640","24.170","3393"
"1175","277640","20220820033000","1719","0","臺中市","西屯區","120.655","24.170","1207"
"3876","277641","20220820033000","3652","1","臺中市","西屯區","120.660","24.170","3866"
"1837","277642","20220820033000","2286","0","臺中市","太平區","120.720","24.150","1794"
"345","277643","20220820033000","308","1","臺中市","太平區","120.725","24.150","328"
"1714","277644","20220820033000","1770","0","臺中市","太平區","120.725","24.155","1700"
"1313","277646","20220820033000","683","3","臺中市","烏日區","120.605","24.105","1341"
"430","277647","20220820033000","320","2","臺中市","烏日區","120.610","24.105","425"
"73","277648","20220820033000","46","3","臺中市","烏日區","120.600","24.110","58"
"1067","277649","20220820033000","1596","0","臺中市","烏日區","120.605","24.110","1082"
"17","277650","20220820033000","13","2","臺中市","烏日區","120.610","24.110","20"
"472","277652","20220820033000","421","1","臺中市","烏日區","120.605","24.115","429"
"284","277653","20220820033000","161","3","臺中市","烏日區","120.610","24.115","285"
"128","277655","20220820033000","70","3","臺中市","烏日區","120.595","24.120","112"
"272","277656","20220820033000","1074","0","臺中市","烏日區","120.635","24.110","276"
"1217","277657","20220820033000","1140","1","臺中市","烏日區","120.640","24.110","1234"
"2073","277661","20220820033000","1282","3","臺中市","西區","120.665","24.150","2068"
"228","277662","20220820033000","390","0","臺中市","西區","120.670","24.150","238"
"1607","277663","20220820033000","2721","0","臺中市","西區","120.675","24.135","1595"
"1824","277664","20220820033000","1867","0","臺中市","西區","120.665","24.145","1859"
"211","277681","20220820033000","162","2","花蓮縣","秀林鄉","121.630","24.115","220"
"89","277712","20220820033000","84","1","花蓮縣","秀林鄉","121.630","24.125","98"
"304","277713","20220820033000","232","2","花蓮縣","秀林鄉","121.635","24.125","311"
"232","277756","20220820033000","216","1","花蓮縣","新城鄉","121.615","24.100","248"
"170","277759","20220820033000","134","2","花蓮縣","新城鄉","121.620","24.105","164"
"414","277766","20220820033000","327","2","花蓮縣","新城鄉","121.640","24.115","402"
"109","277799","20220820033000","67","3","花蓮縣","新城鄉","121.650","24.125","63"
"234","277805","20220820033000","145","3","花蓮縣","新城鄉","121.645","24.130","195"
"26","277807","20220820033000","34","0","彰化縣","彰化市","120.545","24.100","28"
"1136","277812","20220820033000","1045","1","彰化縣","和美鎮","120.495","24.115","1146"
"333","277817","20220820033000","237","2","彰化縣","彰化市","120.560","24.105","332"
"282","277821","20220820033000","160","3","彰化縣","和美鎮","120.505","24.140","283"
"1128","277830","20220820033000","1295","0","彰化縣","和美鎮","120.500","24.105","1151"
"1747","277831","20220820033000","1575","1","彰化縣","和美鎮","120.495","24.110","1767"
"1547","277832","20220820033000","1601","0","彰化縣","和美鎮","120.500","24.110","1600"
"72","277834","20220820033000","1109","0","彰化縣","伸港鄉","120.480","24.140","75"
"143","277848","20220820033000","158","0","南投縣","國姓鄉","120.895","24.110","125"
"23","277865","20220820033000","25","0","南投縣","國姓鄉","120.850","24.105","19"
"63","277866","20220820033000","41","3","南投縣","國姓鄉","120.855","24.105","53"
"651","277889","20220820033000","589","1","彰化縣","和美鎮","120.490","24.110","665"
"187","277890","20220820033000","189","0","彰化縣","和美鎮","120.490","24.115","213"
"198","277892","20220820033000","246","0","彰化縣","和美鎮","120.515","24.125","212"
"19","277895","20220820033000","29","0","彰化縣","和美鎮","120.520","24.130","20"
"349","277898","20220820033000","298","1","彰化縣","和美鎮","120.515","24.135","348"
"439","277902","20220820033000","391","1","彰化縣","和美鎮","120.500","24.130","444"
"24","277906","20220820033000","16","3","彰化縣","和美鎮","120.505","24.135","20"
"26","277907","20220820033000","16","3","彰化縣","和美鎮","120.510","24.135","20"
"1459","277912","20220820033000","1261","1","彰化縣","和美鎮","120.490","24.120","1514"
"691","277913","20220820033000","657","1","彰化縣","和美鎮","120.495","24.120","693"
"55","277919","20220820033000","111","0","彰化縣","伸港鄉","120.510","24.160","69"
"56","277922","20220820033000","39","2","彰化縣","伸港鄉","120.510","24.165","58"
"89","277925","20220820033000","571","0","彰化縣","伸港鄉","120.505","24.170","100"
"55","277926","20220820033000","116","0","彰化縣","伸港鄉","120.510","24.170","75"
"274","277931","20220820033000","181","3","彰化縣","伸港鄉","120.505","24.180","273"
"889","277935","20220820033000","505","3","彰化縣","彰化市","120.575","24.100","908"
"34","277953","20220820033000","846","0","彰化縣","和美鎮","120.530","24.110","41"
"46","277967","20220820033000","552","0","彰化縣","和美鎮","120.545","24.110","34"
"17","277968","20220820033000","34","0","彰化縣","和美鎮","120.540","24.115","16"
"30","277971","20220820033000","45","0","彰化縣","和美鎮","120.530","24.100","33"
"1358","277975","20220820033000","1137","1","彰化縣","和美鎮","120.525","24.115","1422"
"20","277978","20220820033000","16","2","彰化縣","和美鎮","120.485","24.135","20"
"102","277979","20220820033000","185","0","彰化縣","和美鎮","120.485","24.140","92"
"350","277980","20220820033000","2220","0","彰化縣","伸港鄉","120.485","24.145","329"
"156","277982","20220820033000","700","0","彰化縣","伸港鄉","120.490","24.150","167"
"237","277984","20220820033000","180","2","彰化縣","伸港鄉","120.470","24.145","225"
"43","277985","20220820033000","356","0","彰化縣","伸港鄉","120.475","24.145","49"
"128","277994","20220820033000","779","0","彰化縣","伸港鄉","120.500","24.140","110"
"116","277998","20220820033000","286","0","彰化縣","伸港鄉","120.480","24.155","106"
"926","278002","20220820033000","856","1","彰化縣","和美鎮","120.490","24.105","951"
"36","278003","20220820033000","76","0","彰化縣","和美鎮","120.490","24.125","37"
"641","278011","20220820033000","554","1","彰化縣","和美鎮","120.515","24.105","646"
"639","278012","20220820033000","529","2","彰化縣","和美鎮","120.510","24.110","660"
"107","278018","20220820033000","468","0","彰化縣","和美鎮","120.510","24.150","131"
"37","278026","20220820033000","558","0","彰化縣","線西鄉","120.455","24.145","27"
"167","278032","20220820033000","83","3","彰化縣","伸港鄉","120.450","24.155","166"
"1438","278037","20220820033000","1354","1","彰化縣","和美鎮","120.500","24.115","1435"
"913","278047","20220820033000","586","3","彰化縣","和美鎮","120.490","24.130","943"
"1066","278050","20220820033000","579","3","彰化縣","和美鎮","120.490","24.100","1089"
"1967","278052","20220820033000","696","3","彰化縣","和美鎮","120.515","24.100","1964"
"898","278053","20220820033000","549","3","彰化縣","和美鎮","120.520","24.100","893"
"159","278058","20220820033000","123","2","彰化縣","和美鎮","120.485","24.100","169"
"533","278060","20220820033000","547","0","彰化縣","和美鎮","120.485","24.110","521"
"66","278065","20220820033000","215","0","彰化縣","伸港鄉","120.475","24.155","60"
"28","278066","20220820033000","11","3","彰化縣","伸港鄉","120.470","24.160","31"
"1108","278099","20220820033000","1179","0","彰化縣","和美鎮","120.530","24.105","1106"
"540","278100","20220820033000","450","2","彰化縣","和美鎮","120.515","24.120","510"
"229","278175","20220820033000","167","2","南投縣","仁愛鄉","121.190","24.145","183"
"484","278457","20220820033000","334","2","南投縣","仁愛鄉","121.205","24.110","470"
"230","278506","20220820033000","267","0","南投縣","仁愛鄉","121.270","24.140","317"
"127","278518","20220820033000","124","1","南投縣","仁愛鄉","121.285","24.160","87"
"162","278973","20220820033000","101","3","南投縣","仁愛鄉","121.185","24.120","196"
"304","279090","20220820033000","299","1","南投縣","仁愛鄉","121.170","24.155","371"
"75","279213","20220820033000","79","0","南投縣","仁愛鄉","121.200","24.180","85"
"208","279218","20220820033000","185","1","南投縣","仁愛鄉","121.225","24.180","208"
"216","279255","20220820033000","1825","0","彰化縣","伸港鄉","120.485","24.160","203"
"196","279258","20220820033000","788","0","彰化縣","伸港鄉","120.495","24.160","201"
"27","279282","20220820033000","26","1","彰化縣","線西鄉","120.420","24.130","29"
"39","279286","20220820033000","453","0","彰化縣","和美鎮","120.480","24.105","41"
"14","279292","20220820033000","401","0","彰化縣","鹿港鎮","120.460","24.105","13"
"642","279295","20220820033000","357","3","彰化縣","鹿港鎮","120.465","24.110","654"
"398","279296","20220820033000","223","3","彰化縣","鹿港鎮","120.460","24.115","387"
"1686","279303","20220820033000","1386","2","彰化縣","線西鄉","120.465","24.130","1665"
"56","279311","20220820033000","222","0","彰化縣","線西鄉","120.435","24.140","280"
"582","279350","20220820033000","475","2","彰化縣","鹿港鎮","120.450","24.115","607"
"246","279359","20220820033000","148","3","彰化縣","鹿港鎮","120.455","24.120","247"
"67","279366","20220820033000","54","2","彰化縣","線西鄉","120.460","24.130","59"
"366","279368","20220820033000","346","1","彰化縣","線西鄉","120.430","24.130","362"
"379","279371","20220820033000","204","3","彰化縣","線西鄉","120.425","24.135","335"
"21","279375","20220820033000","407","0","彰化縣","線西鄉","120.470","24.135","22"
"121","279379","20220820033000","65","3","彰化縣","線西鄉","120.440","24.150","130"
"140","279387","20220820033000","134","1","彰化縣","線西鄉","120.445","24.150","120"
"492","279389","20220820033000","360","2","彰化縣","線西鄉","120.480","24.115","486"
"238","279392","20220820033000","223","1","彰化縣","和美鎮","120.485","24.120","237"
"397","279396","20220820033000","425","0","彰化縣","線西鄉","120.480","24.125","383"
"666","279398","20220820033000","432","3","彰化縣","線西鄉","120.470","24.130","652"
"296","285401","20220820033000","250","1","臺中市","清水區","120.560","24.270","275"
"2278","285403","20220820033000","2140","1","臺中市","清水區","120.550","24.275","2259"
"741","285405","20220820033000","640","1","臺中市","清水區","120.540","24.275","715"
"89","285406","20220820033000","929","0","臺中市","北屯區","120.665","24.195","107"
"836","285409","20220820033000","599","2","臺中市","北屯區","120.680","24.195","819"
"707","285410","20220820033000","493","2","臺中市","北屯區","120.665","24.200","722"
"509","285412","20220820033000","479","1","臺中市","北屯區","120.675","24.200","523"
"498","285413","20220820033000","432","1","臺中市","北屯區","120.680","24.200","493"
"497","285414","20220820033000","463","1","臺中市","北屯區","120.685","24.200","493"
"32","285415","20220820033000","19","3","臺中市","北屯區","120.665","24.190","30"
"1529","285416","20220820033000","866","3","臺中市","北屯區","120.670","24.190","1513"
"13","285418","20220820033000","1084","0","臺中市","沙鹿區","120.560","24.240","11"
"1731","285419","20220820033000","2326","0","臺中市","沙鹿區","120.565","24.240","1674"
"65","285422","20220820033000","67","0","臺中市","沙鹿區","120.565","24.245","60"
"405","285423","20220820033000","684","0","臺中市","沙鹿區","120.570","24.245","412"
"402","285425","20220820033000","491","0","臺中市","沙鹿區","120.560","24.250","376"
"504","285428","20220820033000","467","1","臺中市","沙鹿區","120.565","24.255","521"
"1721","285431","20220820033000","808","3","臺中市","清水區","120.575","24.275","1751"
"1481","285434","20220820033000","1252","1","臺中市","潭子區","120.715","24.205","1450"
"462","285437","20220820033000","325","2","臺中市","潭子區","120.700","24.200","493"
"575","285439","20220820033000","577","0","臺中市","潭子區","120.700","24.205","596"
"610","285440","20220820033000","606","1","臺中市","潭子區","120.700","24.210","627"
"1480","285441","20220820033000","1647","0","臺中市","潭子區","120.705","24.210","1521"
"604","285442","20220820033000","1298","0","臺中市","潭子區","120.700","24.215","591"
"101","285443","20220820033000","145","0","臺中市","潭子區","120.710","24.195","103"
"81","285444","20220820033000","75","1","臺中市","潭子區","120.705","24.200","82"
"729","285445","20220820033000","661","1","臺中市","潭子區","120.710","24.200","726"
"1452","285446","20220820033000","1625","0","臺中市","潭子區","120.705","24.205","1475"
"3065","285447","20220820033000","2493","2","臺中市","潭子區","120.710","24.205","3241"
"292","285453","20220820033000","215","2","臺中市","潭子區","120.720","24.195","273"
"311","285454","20220820033000","278","1","臺中市","潭子區","120.725","24.195","284"
"562","285459","20220820033000","452","2","臺中市","潭子區","120.725","24.200","479"
"1104","285460","20220820033000","1059","1","臺中市","潭子區","120.730","24.200","1232"
"50","285468","20220820033000","57","0","臺中市","潭子區","120.745","24.210","54"
"4004","285469","20220820033000","3378","1","臺中市","北屯區","120.705","24.190","4065"
"63","285470","20220820033000","71","0","臺中市","北屯區","120.705","24.195","60"
"431","285472","20220820033000","300","2","臺中市","大雅區","120.615","24.235","440"
"660","285473","20220820033000","401","3","臺中市","沙鹿區","120.610","24.240","648"
"71","285474","20220820033000","530","0","臺中市","沙鹿區","120.615","24.240","55"
"16","285488","20220820033000","98","0","臺中市","沙鹿區","120.575","24.240","14"
"381","285500","20220820033000","402","0","臺中市","沙鹿區","120.560","24.225","433"
"1053","285503","20220820033000","1260","0","臺中市","沙鹿區","120.565","24.225","1056"
"81","285504","20220820033000","405","0","臺中市","神岡區","120.655","24.250","94"
"10","285505","20220820033000","10","1","臺中市","神岡區","120.660","24.250","11"
"21","285507","20220820033000","27","0","臺中市","神岡區","120.660","24.255","18"
"34","285509","20220820033000","355","0","臺中市","神岡區","120.675","24.260","566"
"754","285515","20220820033000","612","2","臺中市","神岡區","120.680","24.265","789"
"65","285519","20220820033000","804","0","臺中市","神岡區","120.655","24.275","71"
"572","285522","20220820033000","1913","0","臺中市","豐原區","120.705","24.240","613"
"755","285523","20220820033000","677","1","臺中市","豐原區","120.700","24.245","704"
"794","285524","20220820033000","1208","0","臺中市","豐原區","120.705","24.245","809"
"348","285525","20220820033000","273","2","臺中市","龍井區","120.560","24.190","428"
"421","285526","20220820033000","308","2","臺中市","龍井區","120.535","24.195","380"
"45","285527","20220820033000","31","2","臺中市","龍井區","120.540","24.195","48"
"557","285528","20220820033000","506","1","臺中市","龍井區","120.545","24.195","565"
"678","285531","20220820033000","643","1","臺中市","龍井區","120.560","24.195","536"
"669","285533","20220820033000","791","0","臺中市","龍井區","120.545","24.200","661"
"369","285536","20220820033000","366","1","臺中市","龍井區","120.560","24.200","405"
"548","285538","20220820033000","500","1","臺中市","潭子區","120.705","24.215","504"
"26","285539","20220820033000","20","2","臺中市","潭子區","120.700","24.220","32"
"617","285540","20220820033000","605","1","臺中市","潭子區","120.705","24.220","594"
"1272","285541","20220820033000","1316","0","臺中市","潭子區","120.705","24.225","1264"
"398","285542","20220820033000","461","0","臺中市","龍井區","120.590","24.190","430"
"184","285544","20220820033000","129","2","臺中市","西屯區","120.605","24.190","180"
"695","285547","20220820033000","610","1","臺中市","神岡區","120.690","24.265","678"
"196","285549","20220820033000","103","3","臺中市","神岡區","120.685","24.270","207"
"171","285551","20220820033000","99","3","臺中市","神岡區","120.675","24.275","171"
"322","285553","20220820033000","330","0","臺中市","神岡區","120.685","24.275","296"
"346","285559","20220820033000","175","3","臺中市","神岡區","120.690","24.275","358"
"949","285561","20220820033000","729","2","臺中市","神岡區","120.680","24.240","978"
"587","285565","20220820033000","480","2","臺中市","神岡區","120.680","24.245","571"
"873","285567","20220820033000","559","3","臺中市","神岡區","120.675","24.250","878"
"1369","285568","20220820033000","1304","1","臺中市","神岡區","120.685","24.245","1369"
"47","285569","20220820033000","60","0","臺中市","神岡區","120.680","24.250","52"
"43","285570","20220820033000","434","0","臺中市","神岡區","120.685","24.250","34"
"62","285571","20220820033000","92","0","臺中市","神岡區","120.690","24.250","71"
"333","285573","20220820033000","280","1","臺中市","神岡區","120.685","24.255","336"
"134","285574","20220820033000","104","2","臺中市","神岡區","120.690","24.255","143"
"1901","285581","20220820033000","1641","1","臺中市","沙鹿區","120.555","24.230","1958"
"896","285582","20220820033000","1061","0","臺中市","沙鹿區","120.555","24.235","821"
"133","285584","20220820033000","172","0","臺中市","沙鹿區","120.580","24.250","116"
"290","285593","20220820033000","280","1","臺中市","沙鹿區","120.600","24.255","279"
"429","285599","20220820033000","362","1","臺中市","沙鹿區","120.600","24.260","427"
"287","285602","20220820033000","98","3","臺中市","沙鹿區","120.585","24.265","294"
"452","285607","20220820033000","336","2","臺中市","大雅區","120.655","24.210","447"
"343","285613","20220820033000","463","0","臺中市","大雅區","120.665","24.220","348"
"21","285618","20220820033000","447","0","臺中市","新社區","120.805","24.250","25"
"351","285621","20220820033000","281","2","臺中市","新社區","120.805","24.255","352"
"101","285626","20220820033000","71","2","臺中市","梧棲區","120.515","24.260","69"
"190","285627","20220820033000","134","2","臺中市","梧棲區","120.520","24.260","192"
"72","285630","20220820033000","121","0","臺中市","梧棲區","120.515","24.270","32"
"1073","285634","20220820033000","1246","0","臺中市","梧棲區","120.535","24.255","1088"
"890","285635","20220820033000","721","2","臺中市","梧棲區","120.550","24.255","907"
"572","285637","20220820033000","869","0","臺中市","梧棲區","120.560","24.255","611"
"1414","285638","20220820033000","1077","2","臺中市","梧棲區","120.540","24.260","1402"
"529","285642","20220820033000","612","0","臺中市","梧棲區","120.555","24.240","556"
"1918","285644","20220820033000","1350","2","臺中市","梧棲區","120.545","24.245","1907"
"407","285646","20220820033000","1171","0","臺中市","神岡區","120.695","24.245","422"
"680","285648","20220820033000","628","1","臺中市","神岡區","120.695","24.255","676"
"92","285657","20220820033000","83","1","臺中市","梧棲區(海)","120.490","24.255","84"
"190","285667","20220820033000","136","2","臺中市","梧棲區(海)","120.500","24.265","167"
"56","285671","20220820033000","52","1","臺中市","梧棲區(海)","120.500","24.270","41"
"49","285677","20220820033000","49","1","臺中市","梧棲區(海)","120.505","24.275","40"
"12","285681","20220820033000","107","0","臺中市","梧棲區","120.525","24.260","12"
"87","285682","20220820033000","89","0","臺中市","梧棲區","120.530","24.260","70"
"112","285683","20220820033000","209","0","臺中市","北屯區","120.790","24.205","132"
"399","285685","20220820033000","259","3","臺中市","新社區","120.805","24.190","391"
"137","285695","20220820033000","160","0","臺中市","新社區","120.815","24.200","139"
"96","285697","20220820033000","92","1","臺中市","新社區","120.805","24.205","91"
"69","285701","20220820033000","51","2","臺中市","新社區","120.805","24.210","69"
"230","285707","20220820033000","273","0","臺中市","新社區","120.800","24.220","221"
"199","285713","20220820033000","133","2","臺中市","新社區","120.795","24.235","183"
"20","285717","20220820033000","333","0","臺中市","新社區","120.795","24.230","16"
"137","285720","20220820033000","98","2","臺中市","新社區","120.780","24.230","141"
"26","285727","20220820033000","440","0","臺中市","新社區","120.785","24.235","28"
"1134","285738","20220820033000","913","2","臺中市","神岡區","120.700","24.250","1128"
"643","285742","20220820033000","451","2","臺中市","神岡區","120.645","24.250","624"
"117","285745","20220820033000","96","2","臺中市","神岡區","120.645","24.255","91"
"38","285747","20220820033000","30","2","臺中市","神岡區","120.635","24.260","45"
"522","285750","20220820033000","1386","0","臺中市","豐原區","120.710","24.245","527"
"1186","285752","20220820033000","700","3","臺中市","豐原區","120.720","24.260","1213"
"3286","285754","20220820033000","2845","1","臺中市","豐原區","120.720","24.265","3293"
"330","285758","20220820033000","295","1","臺中市","豐原區","120.715","24.275","329"
"748","285759","20220820033000","284","3","臺中市","豐原區","120.720","24.275","763"
"198","285761","20220820033000","195","1","臺中市","豐原區","120.720","24.280","196"
"895","285764","20220820033000","1194","0","臺中市","梧棲區","120.545","24.240","1495"
"948","285765","20220820033000","1159","0","臺中市","梧棲區","120.540","24.245","1009"
"293","285766","20220820033000","279","1","臺中市","梧棲區","120.520","24.255","277"
"632","285767","20220820033000","803","0","臺中市","梧棲區","120.525","24.255","654"
"225","285773","20220820033000","175","2","臺中市","新社區","120.810","24.225","231"
"336","285777","20220820033000","338","0","臺中市","新社區","120.805","24.230","343"
"2618","285782","20220820033000","1555","3","臺中市","豐原區","120.725","24.255","2657"
"696","285783","20220820033000","750","0","臺中市","豐原區","120.705","24.250","659"
"634","285785","20220820033000","557","1","臺中市","豐原區","120.720","24.240","650"
"1299","285787","20220820033000","1442","0","臺中市","豐原區","120.715","24.235","1333"
"1837","285788","20220820033000","1452","2","臺中市","豐原區","120.720","24.235","1861"
"782","285789","20220820033000","753","1","臺中市","豐原區","120.725","24.235","784"
"2987","285791","20220820033000","1744","3","臺中市","豐原區","120.715","24.245","2998"
"121","285792","20220820033000","120","1","臺中市","豐原區","120.710","24.240","121"
"65","285793","20220820033000","66","0","臺中市","豐原區","120.725","24.250","59"
"543","285796","20220820033000","363","2","臺中市","豐原區","120.740","24.240","527"
"486","285799","20220820033000","1084","0","臺中市","豐原區","120.730","24.245","541"
"883","285800","20220820033000","461","3","臺中市","豐原區","120.735","24.245","892"
"1218","285803","20220820033000","595","3","臺中市","豐原區","120.730","24.250","1041"
"994","285804","20220820033000","717","2","臺中市","豐原區","120.735","24.250","973"
"981","285805","20220820033000","942","1","臺中市","豐原區","120.740","24.250","981"
"19","285806","20220820033000","689","0","臺中市","龍井區","120.525","24.210","23"
"290","285812","20220820033000","358","0","臺中市","龍井區","120.515","24.215","298"
"478","285819","20220820033000","325","2","臺中市","龍井區","120.510","24.220","490"
"633","285821","20220820033000","334","3","臺中市","龍井區","120.520","24.220","598"
"2283","285822","20220820033000","1023","3","臺中市","龍井區","120.525","24.220","2269"
"209","285849","20220820033000","845","0","臺中市","新社區","120.805","24.240","643"
"245","285852","20220820033000","249","0","臺中市","新社區","120.820","24.205","220"
"13","285859","20220820033000","157","0","臺中市","新社區","120.795","24.210","22"
"554","285862","20220820033000","311","3","臺中市","新社區","120.780","24.215","553"
"249","285867","20220820033000","214","1","臺中市","新社區","120.775","24.220","232"
"133","285871","20220820033000","121","1","臺中市","新社區","120.775","24.225","128"
"139","285886","20220820033000","77","3","臺中市","梧棲區","120.515","24.225","134"
"71","285894","20220820033000","76","0","臺中市","清水區","120.635","24.265","56"
"682","285910","20220820033000","707","0","臺中市","梧棲區","120.535","24.250","688"
"27","285912","20220820033000","490","0","臺中市","梧棲區","120.545","24.250","26"
"477","285914","20220820033000","479","0","臺中市","梧棲區","120.540","24.255","471"
"312","285916","20220820033000","276","1","臺中市","豐原區","120.700","24.230","295"
"341","285918","20220820033000","352","0","臺中市","豐原區","120.705","24.235","347"
"265","285919","20220820033000","202","2","臺中市","豐原區","120.700","24.235","279"
"397","285920","20220820033000","404","0","臺中市","豐原區","120.700","24.240","367"
"56","285921","20220820033000","46","2","臺中市","豐原區","120.760","24.235","56"
"20","285923","20220820033000","51","0","臺中市","豐原區","120.755","24.240","27"
"22","285925","20220820033000","23","0","臺中市","豐原區","120.765","24.240","20"
"74","285927","20220820033000","81","0","臺中市","豐原區","120.750","24.245","76"
"437","285933","20220820033000","371","1","臺中市","豐原區","120.745","24.250","421"
"102","285937","20220820033000","59","3","臺中市","豐原區","120.765","24.250","110"
"12","285947","20220820033000","11","1","臺中市","豐原區","120.765","24.260","12"
"242","285948","20220820033000","155","3","臺中市","石岡區","120.770","24.260","240"
"47","285949","20220820033000","52","0","臺中市","豐原區","120.760","24.265","50"
"66","285953","20220820033000","79","0","臺中市","石岡區","120.765","24.270","75"
"1021","285954","20220820033000","716","2","臺中市","豐原區","120.730","24.255","1046"
"317","285955","20220820033000","370","0","臺中市","豐原區","120.735","24.255","312"
"1232","285956","20220820033000","1013","2","臺中市","豐原區","120.745","24.255","1257"
"467","285957","20220820033000","276","3","臺中市","豐原區","120.740","24.260","493"
"420","285958","20220820033000","253","3","臺中市","豐原區","120.745","24.260","432"
"15","285959","20220820033000","354","0","臺中市","豐原區","120.750","24.260","28"
"209","285960","20220820033000","221","0","臺中市","豐原區","120.755","24.265","218"
"2490","285962","20220820033000","2528","0","臺中市","豐原區","120.725","24.240","2543"
"1332","285963","20220820033000","1753","0","臺中市","豐原區","120.730","24.240","1336"
"23","285964","20220820033000","41","0","臺中市","龍井區","120.580","24.190","28"
"51","285965","20220820033000","56","0","臺中市","龍井區","120.585","24.190","50"
"36","285980","20220820033000","463","0","臺中市","沙鹿區","120.570","24.225","38"
"2052","285981","20220820033000","1903","1","臺中市","沙鹿區","120.570","24.230","2012"
"554","285983","20220820033000","1096","0","臺中市","沙鹿區","120.565","24.215","573"
"1915","285984","20220820033000","1757","1","臺中市","沙鹿區","120.555","24.220","1731"
"282","285985","20220820033000","259","1","臺中市","沙鹿區","120.560","24.220","286"
"65","285990","20220820033000","399","0","臺中市","沙鹿區","120.575","24.200","73"
"2015","285991","20220820033000","1467","2","臺中市","沙鹿區","120.580","24.200","2019"
"464","285994","20220820033000","516","0","臺中市","沙鹿區","120.570","24.205","472"
"664","285999","20220820033000","684","0","臺中市","沙鹿區","120.575","24.210","628"
"124","286001","20220820033000","125","0","臺中市","沙鹿區","120.560","24.235","144"
"541","286002","20220820033000","573","0","臺中市","豐原區","120.710","24.250","559"
"2175","286003","20220820033000","1860","1","臺中市","豐原區","120.715","24.250","2188"
"474","286005","20220820033000","473","1","臺中市","豐原區","120.725","24.225","460"
"358","286006","20220820033000","332","1","臺中市","豐原區","120.730","24.225","355"
"534","286008","20220820033000","430","2","臺中市","豐原區","120.725","24.230","587"
"221","286010","20220820033000","242","0","臺中市","豐原區","120.735","24.230","252"
"483","286012","20220820033000","481","1","臺中市","豐原區","120.730","24.230","481"
"959","286014","20220820033000","941","1","臺中市","北屯區","120.660","24.190","984"
"1800","286023","20220820033000","642","3","臺中市","龍井區","120.520","24.205","1818"
"918","286024","20220820033000","209","3","臺中市","龍井區","120.525","24.205","941"
"1120","286027","20220820033000","351","3","臺中市","龍井區","120.505","24.210","1130"
"124","286031","20220820033000","104","1","臺中市","龍井區","120.545","24.205","147"
"1395","286036","20220820033000","1398","0","臺中市","龍井區","120.550","24.210","1415"
"443","286039","20220820033000","405","1","臺中市","龍井區","120.545","24.215","457"
"374","286043","20220820033000","226","3","臺中市","東勢區","120.830","24.235","376"
"494","286047","20220820033000","385","2","臺中市","東勢區","120.830","24.240","502"
"920","286051","20220820033000","1358","0","臺中市","東勢區","120.830","24.245","889"
"219","286052","20220820033000","196","1","臺中市","東勢區","120.835","24.245","235"
"689","286053","20220820033000","626","1","臺中市","東勢區","120.840","24.245","705"
"706","286054","20220820033000","639","1","臺中市","東勢區","120.825","24.255","689"
"59","286060","20220820033000","62","0","臺中市","東勢區","120.845","24.275","74"
"134","286071","20220820033000","135","0","臺中市","清水區","120.580","24.270","144"
"1838","286072","20220820033000","1326","2","臺中市","北屯區","120.685","24.185","1944"
"46","286075","20220820033000","288","0","臺中市","北屯區","120.690","24.195","45"
"1501","286078","20220820033000","1269","1","臺中市","豐原區","120.720","24.250","1570"
"3066","286079","20220820033000","3158","0","臺中市","梧棲區","120.535","24.260","3084"
"541","286081","20220820033000","552","0","臺中市","梧棲區","120.530","24.265","540"
"921","286084","20220820033000","862","1","臺中市","梧棲區","120.530","24.270","886"
"41","286088","20220820033000","665","0","臺中市","沙鹿區","120.565","24.200","27"
"369","286090","20220820033000","245","3","臺中市","沙鹿區","120.560","24.205","364"
"25","286091","20220820033000","593","0","臺中市","沙鹿區","120.565","24.205","19"
"42","286092","20220820033000","597","0","臺中市","沙鹿區","120.555","24.210","40"
"18","286093","20220820033000","273","0","臺中市","沙鹿區","120.560","24.210","17"
"239","286094","20220820033000","251","0","臺中市","沙鹿區","120.565","24.210","212"
"139","286095","20220820033000","143","0","臺中市","沙鹿區","120.555","24.215","149"
"265","286097","20220820033000","214","2","臺中市","沙鹿區","120.605","24.240","266"
"345","286098","20220820033000","300","1","臺中市","沙鹿區","120.605","24.245","313"
"665","286099","20220820033000","459","2","臺中市","沙鹿區","120.610","24.245","645"
"334","286100","20220820033000","211","3","臺中市","沙鹿區","120.600","24.250","332"
"290","286105","20220820033000","279","1","臺中市","北屯區","120.685","24.195","269"
"379","286108","20220820033000","315","2","臺中市","北屯區","120.750","24.190","388"
"12","286112","20220820033000","88","0","臺中市","北屯區","120.745","24.195","10"
"149","286113","20220820033000","119","2","臺中市","北屯區","120.750","24.195","135"
"39","286118","20220820033000","36","1","臺中市","北屯區","120.745","24.200","28"
"11","286121","20220820033000","32","0","臺中市","北屯區","120.760","24.200","15"
"1565","286135","20220820033000","919","3","臺中市","北屯區","120.680","24.190","1543"
"762","286137","20220820033000","642","1","臺中市","清水區","120.545","24.265","755"
"788","286140","20220820033000","842","0","臺中市","清水區","120.545","24.270","841"
"596","286141","20220820033000","590","1","臺中市","清水區","120.550","24.270","640"
"1332","286147","20220820033000","1954","0","臺中市","潭子區","120.710","24.215","1299"
"22","286149","20220820033000","325","0","臺中市","潭子區","120.710","24.220","18"
"569","286153","20220820033000","535","1","臺中市","豐原區","120.720","24.230","534"
"362","286156","20220820033000","376","0","臺中市","潭子區","120.680","24.225","375"
"868","286159","20220820033000","624","2","臺中市","潭子區","120.685","24.230","893"
"1638","286161","20220820033000","1220","2","臺中市","潭子區","120.690","24.225","1650"
"180","286162","20220820033000","295","0","臺中市","潭子區","120.695","24.225","168"
"407","286167","20220820033000","390","1","臺中市","梧棲區","120.525","24.225","408"
"26","286169","20220820033000","265","0","臺中市","梧棲區","120.510","24.230","34"
"100","286173","20220820033000","76","2","臺中市","梧棲區","120.505","24.235","66"
"20","286175","20220820033000","19","1","臺中市","梧棲區","120.515","24.235","19"
"950","286177","20220820033000","1194","0","臺中市","梧棲區","120.525","24.235","992"
"170","286180","20220820033000","175","0","臺中市","梧棲區","120.510","24.240","144"
"74","286181","20220820033000","87","0","臺中市","梧棲區","120.515","24.240","62"
"794","286183","20220820033000","489","3","臺中市","梧棲區","120.525","24.240","810"
"52","286186","20220820033000","45","1","臺中市","梧棲區","120.510","24.245","66"
"186","286187","20220820033000","228","0","臺中市","梧棲區","120.515","24.245","170"
"916","286190","20220820033000","1141","0","臺中市","梧棲區","120.530","24.245","933"
"204","286195","20220820033000","188","1","臺中市","梧棲區","120.525","24.250","227"
"10","286196","20220820033000","19","0","臺中市","梧棲區","120.530","24.250","10"
"170","286199","20220820033000","184","0","臺中市","沙鹿區","120.580","24.220","177"
"1346","286203","20220820033000","1586","0","臺中市","沙鹿區","120.575","24.225","1380"
"410","286204","20220820033000","693","0","臺中市","沙鹿區","120.580","24.225","427"
"305","286205","20220820033000","504","0","臺中市","沙鹿區","120.585","24.225","331"
"320","286208","20220820033000","354","0","臺中市","沙鹿區","120.575","24.230","356"
"28","286209","20220820033000","282","0","臺中市","沙鹿區","120.580","24.230","21"
"54","286215","20220820033000","750","0","臺中市","沙鹿區","120.550","24.225","50"
"21","286221","20220820033000","16","2","臺中市","北屯區","120.770","24.195","23"
"16","286224","20220820033000","224","0","臺中市","北屯區","120.780","24.195","21"
"809","286244","20220820033000","1292","0","臺中市","大雅區","120.650","24.225","813"
"100","286246","20220820033000","88","1","臺中市","大雅區","120.605","24.225","95"
"98","286248","20220820033000","78","2","臺中市","大雅區","120.615","24.225","105"
"403","286260","20220820033000","325","2","臺中市","大雅區","120.620","24.235","408"
"1417","286262","20220820033000","1053","2","臺中市","大雅區","120.645","24.215","1461"
"376","286263","20220820033000","329","1","臺中市","大雅區","120.645","24.220","366"
"807","286264","20220820033000","664","2","臺中市","大雅區","120.645","24.225","762"
"450","286266","20220820033000","245","3","臺中市","大雅區","120.635","24.205","429"
"19","286267","20220820033000","256","0","臺中市","大雅區","120.640","24.205","22"
"1731","286269","20220820033000","1187","2","臺中市","大雅區","120.615","24.210","1721"
"315","286270","20220820033000","216","2","臺中市","大雅區","120.620","24.210","351"
"764","286272","20220820033000","597","2","臺中市","大雅區","120.630","24.210","796"
"303","286273","20220820033000","241","2","臺中市","大雅區","120.635","24.210","302"
"149","286276","20220820033000","119","2","臺中市","大雅區","120.605","24.215","155"
"460","286279","20220820033000","641","0","臺中市","大雅區","120.620","24.215","437"
"731","286281","20220820033000","515","2","臺中市","大雅區","120.635","24.215","716"
"85","286282","20220820033000","77","1","臺中市","大雅區","120.600","24.220","80"
"81","286284","20220820033000","81","1","臺中市","大雅區","120.610","24.220","83"
"257","286285","20220820033000","126","3","臺中市","大雅區","120.615","24.220","269"
"749","286287","20220820033000","396","3","臺中市","大雅區","120.640","24.220","747"
"202","286288","20220820033000","166","2","臺中市","大雅區","120.630","24.215","216"
"46","286289","20220820033000","68","0","臺中市","大雅區","120.625","24.220","42"
"628","286292","20220820033000","517","2","臺中市","大雅區","120.625","24.225","612"
"897","286293","20220820033000","949","0","臺中市","大雅區","120.630","24.225","909"
"474","286296","20220820033000","310","3","臺中市","大雅區","120.620","24.230","487"
"250","286300","20220820033000","155","3","臺中市","大雅區","120.625","24.230","264"
"474","286302","20220820033000","425","1","臺中市","潭子區","120.670","24.205","477"
"84","286305","20220820033000","80","1","臺中市","大雅區","120.670","24.215","93"
"475","286306","20220820033000","279","3","臺中市","大雅區","120.675","24.215","445"
"702","286307","20220820033000","736","0","臺中市","大雅區","120.670","24.220","705"
"591","286318","20220820033000","417","2","臺中市","東勢區","120.835","24.220","615"
"24","286321","20220820033000","468","0","臺中市","東勢區","120.825","24.270","27"
"221","286323","20220820033000","202","1","臺中市","東勢區","120.820","24.275","231"
"355","286344","20220820033000","378","0","臺中市","東勢區","120.850","24.260","315"
"156","286375","20220820033000","120","2","臺中市","沙鹿區","120.590","24.230","171"
"461","286377","20220820033000","611","0","臺中市","沙鹿區","120.565","24.235","443"
"2525","286384","20220820033000","2863","0","臺中市","沙鹿區","120.570","24.240","2554"
"572","286386","20220820033000","775","0","臺中市","東勢區","120.830","24.255","564"
"20","286388","20220820033000","686","0","臺中市","東勢區","120.825","24.250","465"
"419","286389","20220820033000","372","1","臺中市","梧棲區","120.530","24.230","436"
"699","286392","20220820033000","798","0","臺中市","梧棲區","120.545","24.230","689"
"975","286398","20220820033000","1061","0","臺中市","豐原區","120.715","24.255","950"
"82","286399","20220820033000","1151","0","臺中市","豐原區","120.720","24.255","72"
"1772","286400","20220820033000","647","3","臺中市","豐原區","120.735","24.270","1752"
"38","286406","20220820033000","328","0","臺中市","豐原區","120.745","24.275","62"
"447","286408","20220820033000","298","3","臺中市","豐原區","120.755","24.275","417"
"648","286413","20220820033000","585","1","臺中市","東勢區","120.760","24.280","738"
"326","286418","20220820033000","141","3","臺中市","豐原區","120.725","24.275","336"
"583","286422","20220820033000","127","3","臺中市","豐原區","120.735","24.280","573"
"177","286436","20220820033000","144","2","臺中市","豐原區","120.760","24.230","177"
"187","286446","20220820033000","162","1","臺中市","豐原區","120.740","24.235","177"
"205","286447","20220820033000","139","2","臺中市","豐原區","120.745","24.235","208"
"136","286461","20220820033000","1453","0","臺中市","龍井區","120.520","24.195","131"
"1330","286465","20220820033000","358","3","臺中市","龍井區","120.500","24.200","1322"
"567","286475","20220820033000","228","3","臺中市","龍井區","120.510","24.200","592"
"52","286482","20220820033000","284","0","臺中市","龍井區","120.515","24.205","53"
"21","286485","20220820033000","239","0","臺中市","石岡區","120.770","24.280","27"
"1069","286486","20220820033000","913","1","臺中市","石岡區","120.775","24.275","1085"
"467","286489","20220820033000","583","0","臺中市","石岡區","120.795","24.270","484"
"120","286497","20220820033000","95","2","臺中市","石岡區","120.775","24.255","123"
"23","286500","20220820033000","21","1","臺中市","石岡區","120.775","24.260","22"
"140","286511","20220820033000","93","3","臺中市","新社區","120.795","24.245","126"
"10","286515","20220820033000","83","0","臺中市","石岡區","120.790","24.255","10"
"18","286517","20220820033000","225","0","臺中市","石岡區","120.785","24.260","25"
"424","286522","20220820033000","359","1","臺中市","潭子區","120.695","24.230","435"
"534","286525","20220820033000","416","2","臺中市","神岡區","120.695","24.235","545"
"455","286526","20220820033000","348","2","臺中市","神岡區","120.690","24.240","461"
"50","286528","20220820033000","415","0","臺中市","豐原區","120.740","24.265","45"
"2383","286530","20220820033000","2610","0","臺中市","清水區","120.570","24.265","2467"
"410","286531","20220820033000","316","2","臺中市","清水區","120.570","24.270","398"
"621","286535","20220820033000","451","2","臺中市","清水區","120.630","24.275","613"
"108","286541","20220820033000","114","0","臺中市","清水區","120.565","24.275","113"
"242","286544","20220820033000","116","3","臺中市","西屯區","120.640","24.190","241"
"311","286547","20220820033000","347","0","臺中市","西屯區","120.645","24.195","311"
"533","286549","20220820033000","287","3","臺中市","西屯區","120.645","24.200","541"
"34","286550","20220820033000","319","0","臺中市","西屯區","120.650","24.200","33"
"14","286551","20220820033000","35","0","臺中市","西屯區","120.650","24.205","22"
"33","286554","20220820033000","465","0","臺中市","神岡區","120.670","24.255","36"
"1169","286555","20220820033000","804","2","臺中市","神岡區","120.675","24.255","1203"
"1811","286556","20220820033000","692","3","臺中市","神岡區","120.665","24.260","1849"
"13","286558","20220820033000","141","0","臺中市","神岡區","120.655","24.265","13"
"405","286561","20220820033000","275","2","臺中市","神岡區","120.665","24.270","440"
"128","286563","20220820033000","41","3","臺中市","神岡區","120.665","24.275","138"
"192","286566","20220820033000","163","1","臺中市","神岡區","120.645","24.265","174"
"16","286569","20220820033000","52","0","臺中市","神岡區","120.650","24.270","16"
"521","286570","20220820033000","279","3","臺中市","神岡區","120.655","24.270","511"
"32","286572","20220820033000","459","0","臺中市","神岡區","120.650","24.275","34"
"614","286574","20220820033000","462","2","臺中市","神岡區","120.660","24.275","584"
"179","286598","20220820033000","91","3","臺中市","和平區","120.895","24.230","158"
"42","286652","20220820033000","32","2","臺中市","和平區","120.905","24.240","42"
"130","286658","20220820033000","96","2","臺中市","和平區","120.935","24.240","158"
"108","286690","20220820033000","79","2","臺中市","和平區","120.900","24.250","108"
"70","286794","20220820033000","65","1","臺中市","和平區","121.015","24.195","66"
"395","286822","20220820033000","189","3","臺中市","和平區","121.005","24.200","216"
"353","286823","20220820033000","356","0","臺中市","和平區","121.010","24.200","267"
"159","286853","20220820033000","200","0","臺中市","和平區","121.015","24.205","127"
"26","286950","20220820033000","18","2","臺中市","和平區","120.965","24.225","27"
"10","287004","20220820033000","18","0","臺中市","和平區","120.980","24.235","10"
"122","287119","20220820033000","71","3","臺中市","和平區","121.010","24.255","126"
"16","287154","20220820033000","13","2","臺中市","和平區","121.000","24.265","17"
"29","287173","20220820033000","22","2","臺中市","和平區","121.015","24.270","34"
"185","287678","20220820033000","146","2","臺中市","和平區","121.245","24.245","181"
"181","287725","20220820033000","113","3","臺中市","和平區","121.245","24.250","180"
"187","287726","20220820033000","153","2","臺中市","和平區","121.250","24.250","150"
"21","287756","20220820033000","19","1","臺中市","和平區","121.165","24.255","19"
"18","287766","20220820033000","20","0","臺中市","和平區","121.215","24.255","33"
"207","287770","20220820033000","155","2","臺中市","和平區","121.235","24.255","205"
"327","287774","20220820033000","246","2","臺中市","和平區","121.255","24.255","279"
"157","287776","20220820033000","145","1","臺中市","和平區","121.265","24.255","168"
"10","287809","20220820033000","12","0","臺中市","和平區","121.190","24.260","11"
"448","287823","20220820033000","346","2","臺中市","和平區","121.260","24.260","430"
"53","288103","20220820033000","37","2","臺中市","和平區","120.890","24.275","56"
"14","288133","20220820033000","13","1","臺中市","和平區","120.945","24.280","13"
"30","288159","20220820033000","23","2","臺中市","和平區","121.025","24.280","52"
"621","288160","20220820033000","827","0","臺中市","清水區","120.555","24.260","676"
"41","288161","20220820033000","755","0","臺中市","清水區","120.560","24.260","42"
"1216","288163","20220820033000","1097","1","臺中市","清水區","120.550","24.265","1253"
"512","288166","20220820033000","1202","0","臺中市","清水區","120.565","24.265","533"
"1392","288169","20220820033000","999","2","臺中市","清水區","120.560","24.275","1397"
"312","288179","20220820033000","321","0","臺中市","清水區","120.605","24.275","337"
"93","288182","20220820033000","139","0","臺中市","清水區","120.600","24.275","90"
"99","288184","20220820033000","69","2","臺中市","清水區","120.610","24.275","78"
"156","288192","20220820033000","147","1","臺中市","潭子區","120.725","24.215","153"
"286","288194","20220820033000","250","1","臺中市","潭子區","120.735","24.215","263"
"443","288198","20220820033000","453","0","臺中市","潭子區","120.720","24.220","447"
"1462","288207","20220820033000","1303","1","臺中市","潭子區","120.680","24.205","1511"
"38","288208","20220820033000","42","0","臺中市","潭子區","120.685","24.205","45"
"525","288209","20220820033000","490","1","臺中市","北屯區","120.690","24.205","557"
"133","288212","20220820033000","85","3","臺中市","潭子區","120.690","24.210","163"
"722","288215","20220820033000","657","1","臺中市","潭子區","120.685","24.215","706"
"1229","288216","20220820033000","1300","0","臺中市","潭子區","120.690","24.215","1240"
"447","288219","20220820033000","423","1","臺中市","潭子區","120.690","24.220","431"
"1499","288223","20220820033000","1330","1","臺中市","潭子區","120.710","24.230","1536"
"263","288224","20220820033000","270","0","臺中市","豐原區","120.715","24.230","253"
"895","288225","20220820033000","603","2","臺中市","潭子區","120.705","24.230","897"
"2538","288228","20220820033000","1275","3","臺中市","神岡區","120.660","24.260","2497"
"976","288232","20220820033000","874","1","臺中市","神岡區","120.700","24.265","956"
"1217","288240","20220820033000","1168","1","臺中市","神岡區","120.710","24.255","1210"
"605","288242","20220820033000","476","2","臺中市","神岡區","120.705","24.260","631"
"87","288243","20220820033000","1218","0","臺中市","神岡區","120.710","24.260","80"
"714","288247","20220820033000","584","2","臺中市","神岡區","120.705","24.275","709"
"472","288250","20220820033000","386","2","臺中市","神岡區","120.710","24.275","445"
"99","288252","20220820033000","102","0","臺中市","西屯區","120.605","24.195","97"
"126","288253","20220820033000","149","0","臺中市","西屯區","120.610","24.195","116"
"29","288259","20220820033000","28","1","臺中市","西屯區","120.600","24.200","31"
"34","288260","20220820033000","27","2","臺中市","西屯區","120.605","24.200","39"
"625","288262","20220820033000","659","0","臺中市","西屯區","120.615","24.200","601"
"57","288264","20220820033000","395","0","臺中市","西屯區","120.625","24.200","53"
"526","288265","20220820033000","412","2","臺中市","西屯區","120.630","24.200","545"
"24","288267","20220820033000","20","2","臺中市","西屯區","120.595","24.205","39"
"457","288268","20220820033000","273","3","臺中市","西屯區","120.600","24.205","456"
"185","288269","20220820033000","213","0","臺中市","西屯區","120.605","24.205","182"
"172","288270","20220820033000","163","1","臺中市","西屯區","120.610","24.205","160"
"551","288271","20220820033000","580","0","臺中市","西屯區","120.615","24.205","556"
"694","288272","20220820033000","676","1","臺中市","西屯區","120.620","24.205","667"
"200","288276","20220820033000","177","1","臺中市","西屯區","120.605","24.210","205"
"1017","288277","20220820033000","1090","0","臺中市","西屯區","120.610","24.210","1015"
"3567","288279","20220820033000","3467","1","臺中市","西屯區","120.610","24.190","3608"
"242","288281","20220820033000","155","3","臺中市","西屯區","120.625","24.190","245"
"46","288284","20220820033000","22","3","臺中市","西屯區","120.595","24.195","71"
"165","288287","20220820033000","77","3","臺中市","西屯區","120.655","24.190","151"
"668","288289","20220820033000","448","2","臺中市","西屯區","120.655","24.195","636"
"1189","288290","20220820033000","1132","1","臺中市","西屯區","120.660","24.195","1109"
"533","288291","20220820033000","332","3","臺中市","西屯區","120.655","24.200","514"
"206","288294","20220820033000","180","1","臺中市","西屯區","120.660","24.205","189"
"496","288298","20220820033000","459","1","臺中市","東勢區","120.850","24.240","510"
"273","288299","20220820033000","184","2","臺中市","東勢區","120.845","24.245","287"
"386","288302","20220820033000","584","0","臺中市","東勢區","120.825","24.260","388"
"960","288304","20220820033000","931","1","臺中市","東勢區","120.825","24.265","995"
"246","288312","20220820033000","184","2","臺中市","東勢區","120.835","24.230","242"
"22","288317","20220820033000","312","0","臺中市","東勢區","120.840","24.235","16"
"109","288339","20220820033000","64","3","臺中市","東勢區","120.875","24.215","35"
"125","288382","20220820033000","102","2","臺中市","東勢區","120.865","24.240","75"
"721","288395","20220820033000","538","2","臺中市","沙鹿區","120.560","24.230","732"
"1025","288396","20220820033000","1233","0","臺中市","潭子區","120.710","24.235","1036"
"166","288397","20220820033000","1132","0","臺中市","豐原區","120.715","24.240","151"
"759","288401","20220820033000","1204","0","臺中市","清水區","120.570","24.260","789"
"13","288402","20220820033000","58","0","臺中市","清水區","120.575","24.270","14"
"1816","288403","20220820033000","2112","0","臺中市","清水區","120.580","24.275","1872"
"248","288407","20220820033000","1229","0","臺中市","潭子區","120.700","24.190","243"
"90","288459","20220820033000","68","2","花蓮縣","秀林鄉","121.715","24.245","102"
"92","288610","20220820033000","42","3","花蓮縣","秀林鄉","121.740","24.260","98"
"77","288819","20220820033000","39","3","花蓮縣","秀林鄉","121.485","24.190","41"
"10","288869","20220820033000","11","0","花蓮縣","秀林鄉","121.430","24.195","10"
"22","288993","20220820033000","15","2","花蓮縣","秀林鄉","121.480","24.205","21"
"41","289039","20220820033000","20","3","花蓮縣","秀林鄉","121.450","24.210","28"
"1280","289851","20220820033000","1399","0","臺中市","大雅區","120.650","24.220","1260"
"527","289852","20220820033000","1009","0","臺中市","大雅區","120.655","24.220","488"
"431","289853","20220820033000","287","3","臺中市","大雅區","120.660","24.220","387"
"3728","289854","20220820033000","2821","2","臺中市","大雅區","120.655","24.225","3622"
"104","289855","20220820033000","109","0","臺中市","大雅區","120.660","24.225","108"
"1039","289860","20220820033000","906","1","臺中市","大雅區","120.635","24.235","1030"
"1273","289863","20220820033000","1039","2","臺中市","大雅區","120.630","24.240","1212"
"304","289868","20220820033000","261","1","臺中市","大雅區","120.635","24.245","305"
"19","289874","20220820033000","14","2","臺中市","大雅區","120.635","24.255","17"
"1886","289875","20220820033000","1300","2","臺中市","大雅區","120.645","24.230","1910"
"858","289879","20220820033000","717","1","臺中市","大雅區","120.655","24.230","884"
"624","289882","20220820033000","548","1","臺中市","大雅區","120.655","24.235","613"
"286","289884","20220820033000","188","3","臺中市","大雅區","120.645","24.240","297"
"1244","289886","20220820033000","686","3","臺中市","大雅區","120.655","24.240","1214"
"262","289893","20220820033000","287","0","臺中市","豐原區","120.735","24.260","257"
"974","289895","20220820033000","515","3","臺中市","豐原區","120.750","24.265","976"
"407","289898","20220820033000","321","2","臺中市","豐原區","120.735","24.265","419"
"122","289907","20220820033000","121","1","臺中市","新社區","120.815","24.240","114"
"30","289909","20220820033000","471","0","臺中市","豐原區","120.720","24.245","26"
"1030","289910","20220820033000","997","1","臺中市","豐原區","120.725","24.245","1080"
"463","289912","20220820033000","441","1","臺中市","大雅區","120.670","24.225","461"
"648","289916","20220820033000","1288","0","臺中市","大雅區","120.650","24.230","640"
"28","289918","20220820033000","241","0","臺中市","大雅區","120.645","24.210","21"
"778","289919","20220820033000","681","1","臺中市","大雅區","120.650","24.210","742"
"268","289920","20220820033000","405","0","臺中市","大雅區","120.650","24.215","255"
"85","289921","20220820033000","916","0","臺中市","大雅區","120.660","24.230","97"
"529","289922","20220820033000","596","0","臺中市","大雅區","120.665","24.230","489"
"1736","289923","20220820033000","1637","1","臺中市","大雅區","120.670","24.230","1718"
"262","289927","20220820033000","528","0","臺中市","大雅區","120.675","24.240","242"
"1081","289928","20220820033000","809","2","臺中市","東勢區","120.830","24.250","1037"
"692","289929","20220820033000","671","1","臺中市","東勢區","120.835","24.250","721"
"687","289937","20220820033000","539","2","臺中市","石岡區","120.785","24.275","650"
"748","289944","20220820033000","601","2","臺中市","石岡區","120.815","24.260","768"
"45","289946","20220820033000","243","0","臺中市","石岡區","120.805","24.265","45"
"20","289955","20220820033000","283","0","臺中市","石岡區","120.795","24.275","24"
"295","289964","20220820033000","204","2","臺中市","龍井區","120.480","24.210","286"
"186","289976","20220820033000","97","3","臺中市","龍井區","120.485","24.220","170"
"139","289982","20220820033000","119","1","臺中市","龍井區","120.490","24.225","125"
"419","289983","20220820033000","255","3","臺中市","龍井區","120.495","24.225","421"
"42","289992","20220820033000","69","0","臺中市","龍井區","120.490","24.230","30"
"684","289996","20220820033000","851","0","臺中市","沙鹿區","120.580","24.210","691"
"90","289999","20220820033000","1000","0","臺中市","沙鹿區","120.575","24.215","92"
"329","290000","20220820033000","419","0","臺中市","沙鹿區","120.580","24.215","322"
"189","290001","20220820033000","198","0","臺中市","沙鹿區","120.585","24.215","187"
"968","290004","20220820033000","1061","0","臺中市","沙鹿區","120.570","24.220","962"
"428","290005","20220820033000","361","1","臺中市","沙鹿區","120.575","24.220","403"
"35","290008","20220820033000","35","1","臺中市","東勢區","120.840","24.190","35"
"73","290010","20220820033000","51","2","臺中市","東勢區","120.835","24.195","75"
"404","290015","20220820033000","297","2","臺中市","東勢區","120.840","24.200","396"
"185","290025","20220820033000","171","1","臺中市","東勢區","120.840","24.210","199"
"11","290037","20220820033000","341","0","臺中市","東勢區","120.850","24.195","11"
"719","290046","20220820033000","843","0","臺中市","龍井區","120.545","24.190","770"
"157","290051","20220820033000","179","0","臺中市","潭子區","120.695","24.195","179"
"1960","290052","20220820033000","1775","1","臺中市","潭子區","120.700","24.195","1930"
"11","290171","20220820033000","11","1","南投縣","仁愛鄉","121.290","24.225","12"
"80","290182","20220820033000","93","0","南投縣","仁愛鄉","121.260","24.230","81"
"137","290292","20220820033000","109","2","南投縣","仁愛鄉","121.220","24.190","161"
"256","290293","20220820033000","138","3","南投縣","仁愛鄉","121.225","24.190","238"
"37","296900","20220820033000","25","2","宜蘭縣","南澳鄉","121.750","24.320","33"
"331","296924","20220820033000","185","3","宜蘭縣","南澳鄉","121.745","24.330","322"
"13","296929","20220820033000","10","2","宜蘭縣","南澳鄉","121.770","24.330","15"
"12","296946","20220820033000","12","1","宜蘭縣","南澳鄉","121.770","24.335","18"
"646","297399","20220820033000","471","2","臺中市","清水區","120.580","24.280","671"
"1035","297407","20220820033000","1321","0","臺中市","外埔區","120.620","24.335","1025"
"200","297413","20220820033000","120","3","臺中市","神岡區","120.650","24.280","206"
"307","297416","20220820033000","153","3","臺中市","神岡區","120.640","24.285","297"
"73","297422","20220820033000","56","2","臺中市","神岡區","120.640","24.290","83"
"186","297424","20220820033000","143","2","臺中市","神岡區","120.650","24.290","196"
"75","297433","20220820033000","1143","0","臺中市","大甲區","120.620","24.345","82"
"198","297434","20220820033000","175","1","臺中市","梧棲區(海)","120.510","24.280","194"
"34","297444","20220820033000","11","3","臺中市","清水區","120.620","24.285","45"
"65","297446","20220820033000","65","1","臺中市","大甲區","120.640","24.345","80"
"1122","297450","20220820033000","1055","1","臺中市","大甲區","120.630","24.355","1153"
"539","297453","20220820033000","533","1","臺中市","大甲區","120.645","24.355","560"
"225","297457","20220820033000","42","3","臺中市","大甲區","120.650","24.360","232"
"25","297458","20220820033000","329","0","臺中市","大甲區","120.640","24.365","44"
"108","297462","20220820033000","169","0","臺中市","東勢區","120.795","24.295","112"
"131","297485","20220820033000","114","1","臺中市","東勢區","120.785","24.310","123"
"262","297494","20220820033000","270","0","臺中市","東勢區","120.780","24.315","283"
"200","297510","20220820033000","215","0","臺中市","東勢區","120.870","24.280","123"
"104","297533","20220820033000","90","1","臺中市","清水區","120.560","24.310","109"
"12","297539","20220820033000","242","0","臺中市","清水區","120.555","24.305","16"
"179","297540","20220820033000","176","1","臺中市","清水區","120.550","24.310","184"
"427","297546","20220820033000","463","0","臺中市","清水區","120.560","24.320","416"
"12","297575","20220820033000","10","2","臺中市","清水區","120.540","24.300","12"
"162","297586","20220820033000","228","0","臺中市","清水區","120.545","24.305","154"
"187","297618","20220820033000","218","0","臺中市","后里區","120.665","24.305","179"
"502","297627","20220820033000","498","1","臺中市","后里區","120.680","24.310","500"
"178","297639","20220820033000","150","1","臺中市","后里區","120.725","24.285","187"
"253","297645","20220820033000","285","0","臺中市","后里區","120.725","24.290","268"
"280","297646","20220820033000","240","1","臺中市","后里區","120.730","24.290","294"
"35","297647","20220820033000","21","3","臺中市","后里區","120.735","24.290","25"
"71","297648","20220820033000","39","3","臺中市","后里區","120.740","24.290","74"
"224","297654","20220820033000","686","0","臺中市","后里區","120.730","24.295","229"
"50","297656","20220820033000","44","1","臺中市","后里區","120.740","24.295","51"
"231","297659","20220820033000","200","1","臺中市","后里區","120.755","24.295","210"
"44","297664","20220820033000","47","0","臺中市","后里區","120.735","24.300","43"
"678","297671","20220820033000","604","1","臺中市","后里區","120.725","24.305","651"
"55","297672","20220820033000","12","3","臺中市","后里區","120.735","24.305","51"
"626","297689","20220820033000","509","2","臺中市","大安區","120.585","24.365","630"
"1850","297697","20220820033000","1741","1","臺中市","大甲區","120.630","24.350","1840"
"14","297701","20220820033000","13","1","苗栗縣","苑裡鎮","120.700","24.365","14"
"1498","297704","20220820033000","1138","2","臺中市","大甲區","120.625","24.350","1469"
"1796","297705","20220820033000","1780","1","臺中市","大甲區","120.620","24.355","1842"
"1434","297706","20220820033000","1430","1","臺中市","大甲區","120.615","24.345","1480"
"659","297725","20220820033000","735","0","臺中市","大甲區","120.635","24.370","675"
"347","297760","20220820033000","313","1","臺中市","清水區","120.605","24.305","330"
"445","297763","20220820033000","439","1","臺中市","清水區","120.605","24.310","464"
"184","297775","20220820033000","1142","0","臺中市","后里區","120.710","24.305","186"
"200","297776","20220820033000","146","2","臺中市","后里區","120.700","24.310","202"
"242","297778","20220820033000","144","3","臺中市","后里區","120.735","24.310","216"
"43","297782","20220820033000","56","0","臺中市","后里區","120.755","24.310","49"
"239","297783","20220820033000","250","0","臺中市","后里區","120.740","24.315","248"
"18","297787","20220820033000","16","1","臺中市","后里區","120.760","24.315","15"
"177","297795","20220820033000","176","1","臺中市","后里區","120.735","24.325","179"
"321","297801","20220820033000","291","1","臺中市","后里區","120.740","24.330","328"
"356","297811","20220820033000","241","2","臺中市","后里區","120.725","24.340","320"
"330","297831","20220820033000","372","0","臺中市","外埔區","120.700","24.345","328"
"651","297868","20220820033000","627","1","臺中市","外埔區","120.645","24.320","656"
"496","297883","20220820033000","423","1","臺中市","外埔區","120.670","24.320","506"
"195","297885","20220820033000","198","0","臺中市","外埔區","120.680","24.320","200"
"848","297886","20220820033000","772","1","臺中市","外埔區","120.665","24.325","803"
"744","297921","20220820033000","498","2","臺中市","外埔區","120.650","24.330","712"
"2004","297922","20220820033000","2163","0","臺中市","外埔區","120.655","24.330","2062"
"2585","297926","20220820033000","2554","1","臺中市","外埔區","120.635","24.340","2626"
"334","297928","20220820033000","332","1","臺中市","外埔區","120.645","24.340","357"
"208","297941","20220820033000","206","1","臺中市","外埔區","120.625","24.320","230"
"447","297947","20220820033000","308","2","臺中市","外埔區","120.630","24.325","426"
"37","297954","20220820033000","38","0","臺中市","外埔區","120.635","24.330","35"
"286","297957","20220820033000","250","1","臺中市","外埔區","120.630","24.335","285"
"252","297959","20220820033000","241","1","臺中市","外埔區","120.685","24.325","254"
"35","297961","20220820033000","75","0","臺中市","外埔區","120.675","24.330","35"
"304","297967","20220820033000","211","2","臺中市","后里區","120.710","24.330","280"
"67","297988","20220820033000","496","0","臺中市","外埔區","120.665","24.340","65"
"408","297992","20220820033000","298","2","臺中市","外埔區","120.685","24.340","410"
"796","297995","20220820033000","912","0","臺中市","大安區","120.585","24.345","784"
"25","298020","20220820033000","23","1","臺中市","大安區","120.570","24.340","22"
"56","298024","20220820033000","88","0","臺中市","大安區","120.570","24.345","58"
"361","298036","20220820033000","319","1","臺中市","大安區","120.590","24.335","338"
"341","298040","20220820033000","418","0","臺中市","大安區","120.590","24.340","359"
"48","298043","20220820033000","693","0","臺中市","大安區","120.605","24.365","56"
"1380","298045","20220820033000","1323","1","臺中市","后里區","120.720","24.310","1357"
"291","298047","20220820033000","377","0","臺中市","后里區","120.720","24.320","292"
"98","298050","20220820033000","723","0","臺中市","后里區","120.725","24.315","84"
"343","298051","20220820033000","289","1","臺中市","后里區","120.730","24.315","335"
"1528","298052","20220820033000","1101","2","臺中市","后里區","120.725","24.320","1553"
"103","298053","20220820033000","140","0","臺中市","后里區","120.730","24.320","99"
"50","298054","20220820033000","43","1","臺中市","后里區","120.735","24.320","46"
"67","298056","20220820033000","78","0","臺中市","后里區","120.725","24.325","69"
"124","298059","20220820033000","639","0","臺中市","后里區","120.710","24.310","124"
"71","298060","20220820033000","147","0","臺中市","后里區","120.715","24.310","73"
"346","298062","20220820033000","168","3","臺中市","后里區","120.710","24.315","340"
"160","298066","20220820033000","111","2","臺中市","后里區","120.705","24.320","147"
"194","298069","20220820033000","166","1","臺中市","外埔區","120.695","24.325","139"
"385","298070","20220820033000","212","3","臺中市","后里區","120.700","24.325","310"
"26","298074","20220820033000","21","2","臺中市","后里區","120.705","24.325","21"
"433","298075","20220820033000","353","2","臺中市","后里區","120.710","24.325","346"
"351","298078","20220820033000","315","1","臺中市","后里區","120.705","24.330","368"
"34","298081","20220820033000","161","0","臺中市","后里區","120.745","24.325","34"
"102","298082","20220820033000","94","1","臺中市","后里區","120.750","24.325","97"
"157","298092","20220820033000","128","2","臺中市","后里區","120.680","24.315","151"
"62","298093","20220820033000","44","2","臺中市","后里區","120.685","24.315","57"
"607","298094","20220820033000","592","1","臺中市","后里區","120.690","24.315","618"
"524","298095","20220820033000","374","2","臺中市","后里區","120.695","24.315","506"
"179","298096","20220820033000","126","2","臺中市","外埔區","120.685","24.320","140"
"47","298098","20220820033000","476","0","臺中市","大安區","120.600","24.345","34"
"28","298100","20220820033000","477","0","臺中市","大安區","120.600","24.350","29"
"145","298108","20220820033000","122","1","臺中市","大甲區","120.680","24.365","146"
"245","298116","20220820033000","271","0","臺中市","大甲區","120.675","24.370","257"
"627","298125","20220820033000","733","0","臺中市","大甲區","120.625","24.340","630"
"329","298126","20220820033000","378","0","臺中市","大甲區","120.630","24.340","330"
"135","298128","20220820033000","139","0","臺中市","大甲區","120.620","24.340","129"
"2446","298129","20220820033000","2272","1","臺中市","大甲區","120.625","24.345","2455"
"247","298135","20220820033000","235","1","臺中市","后里區","120.715","24.295","243"
"1485","298141","20220820033000","1524","0","臺中市","后里區","120.715","24.305","1465"
"268","298142","20220820033000","442","0","臺中市","后里區","120.720","24.305","285"
"42","298151","20220820033000","478","0","臺中市","清水區","120.610","24.290","49"
"182","298155","20220820033000","150","2","臺中市","清水區","120.610","24.295","186"
"970","298159","20220820033000","960","1","臺中市","大甲區","120.615","24.350","991"
"295","298177","20220820033000","316","0","臺中市","大甲區","120.605","24.325","290"
"244","298178","20220820033000","284","0","臺中市","大甲區","120.595","24.330","231"
"1310","298182","20220820033000","1000","2","臺中市","后里區","120.725","24.310","1296"
"118","298183","20220820033000","166","0","臺中市","后里區","120.730","24.305","125"
"366","298184","20220820033000","558","0","臺中市","后里區","120.730","24.310","380"
"35","298185","20220820033000","25","2","臺中市","后里區","120.735","24.315","31"
"116","298202","20220820033000","103","1","臺中市","后里區","120.700","24.285","129"
"19","298208","20220820033000","251","0","臺中市","后里區","120.675","24.290","11"
"391","298213","20220820033000","355","1","臺中市","后里區","120.700","24.290","389"
"21","298360","20220820033000","35","0","臺中市","和平區","121.280","24.305","27"
"511","298427","20220820033000","400","2","臺中市","和平區","121.295","24.315","470"
"100","298504","20220820033000","78","2","臺中市","和平區","121.310","24.325","79"
"158","298630","20220820033000","138","1","臺中市","和平區","121.310","24.335","154"
"107","298631","20220820033000","86","2","臺中市","和平區","121.315","24.335","86"
"10","298632","20220820033000","15","0","臺中市","和平區","121.320","24.335","15"
"153","298723","20220820033000","104","2","臺中市","和平區","121.310","24.345","123"
"274","298770","20220820033000","171","3","臺中市","和平區","121.310","24.350","185"
"20","298772","20220820033000","23","0","臺中市","和平區","121.320","24.350","26"
"73","298818","20220820033000","60","2","臺中市","和平區","121.315","24.355","64"
"28","298866","20220820033000","33","0","臺中市","和平區","121.315","24.360","40"
"18","298968","20220820033000","14","2","臺中市","和平區","121.340","24.370","25"
"17","299078","20220820033000","17","1","臺中市","和平區","121.265","24.285","22"
"93","299584","20220820033000","77","2","臺中市","和平區","120.905","24.290","100"
"12","299585","20220820033000","10","2","臺中市","和平區","120.910","24.290","10"
"56","299602","20220820033000","47","1","臺中市","和平區","120.930","24.295","67"
"59","299659","20220820033000","50","1","臺中市","和平區","120.940","24.300","62"
"13","299678","20220820033000","11","1","臺中市","和平區","120.925","24.305","18"
"79","299703","20220820033000","61","2","臺中市","和平區","120.940","24.310","75"
"29","299761","20220820033000","14","3","臺中市","和平區","120.930","24.325","32"
"107","299779","20220820033000","90","1","臺中市","和平區","120.925","24.325","98"
"43","299781","20220820033000","173","0","臺中市","和平區","120.935","24.325","44"
"15","299796","20220820033000","17","0","臺中市","和平區","120.920","24.330","22"
"991","299822","20220820033000","1062","0","臺中市","清水區","120.565","24.290","1018"
"19","299823","20220820033000","410","0","臺中市","清水區","120.560","24.295","19"
"78","299826","20220820033000","38","3","臺中市","清水區","120.600","24.280","72"
"33","299828","20220820033000","14","3","臺中市","清水區","120.610","24.280","31"
"103","299830","20220820033000","81","2","臺中市","清水區","120.600","24.285","113"
"629","299831","20220820033000","660","0","臺中市","清水區","120.575","24.285","623"
"530","299835","20220820033000","506","1","臺中市","清水區","120.575","24.300","527"
"89","299845","20220820033000","111","0","臺中市","東勢區","120.790","24.285","95"
"300","299852","20220820033000","259","1","臺中市","東勢區","120.795","24.285","315"
"41","299868","20220820033000","31","2","臺中市","東勢區","120.805","24.300","42"
"181","299869","20220820033000","181","1","臺中市","東勢區","120.810","24.300","178"
"497","299873","20220820033000","433","1","臺中市","清水區","120.555","24.280","499"
"130","299884","20220820033000","958","0","臺中市","清水區","120.540","24.285","170"
"10","299886","20220820033000","286","0","臺中市","清水區","120.525","24.290","16"
"77","299892","20220820033000","35","3","臺中市","清水區","120.520","24.295","62"
"556","299901","20220820033000","442","2","臺中市","清水區","120.630","24.290","552"
"52","299913","20220820033000","50","1","臺中市","清水區","120.630","24.300","66"
"50","299923","20220820033000","89","0","臺中市","清水區","120.580","24.290","62"
"593","299926","20220820033000","578","1","臺中市","清水區","120.590","24.295","615"
"101","300263","20220820033000","59","3","花蓮縣","秀林鄉","121.755","24.300","119"
"257","300401","20220820033000","162","3","花蓮縣","秀林鄉","121.750","24.310","246"
"44","300404","20220820033000","28","3","花蓮縣","秀林鄉","121.765","24.310","51"
"18","300405","20220820033000","15","2","花蓮縣","秀林鄉","121.765","24.305","16"
"10","300877","20220820033000","62","0","苗栗縣","三義鄉","120.740","24.365","16"
"56","300918","20220820033000","38","2","苗栗縣","三義鄉","120.750","24.345","50"
"12","300926","20220820033000","129","0","苗栗縣","三義鄉","120.745","24.350","173"
"17","300932","20220820033000","105","0","苗栗縣","三義鄉","120.735","24.355","17"
"117","300935","20220820033000","72","3","苗栗縣","三義鄉","120.750","24.355","90"
"40","300943","20220820033000","41","0","苗栗縣","三義鄉","120.770","24.355","45"
"75","300949","20220820033000","73","1","苗栗縣","三義鄉","120.780","24.360","79"
"216","300971","20220820033000","181","1","苗栗縣","卓蘭鎮","120.835","24.300","212"
"35","300982","20220820033000","29","2","苗栗縣","卓蘭鎮","120.845","24.310","39"
"17","301006","20220820033000","208","0","臺中市","東勢區","120.805","24.280","17"
"307","301007","20220820033000","237","2","臺中市","東勢區","120.810","24.280","306"
"706","301021","20220820033000","571","2","苗栗縣","卓蘭鎮","120.830","24.310","693"
"289","301030","20220820033000","226","2","苗栗縣","卓蘭鎮","120.845","24.320","311"
"263","301060","20220820033000","221","1","苗栗縣","卓蘭鎮","120.810","24.330","262"
"223","301079","20220820033000","172","2","苗栗縣","卓蘭鎮","120.785","24.330","174"
"204","301082","20220820033000","202","1","苗栗縣","卓蘭鎮","120.825","24.330","211"
"34","301093","20220820033000","30","1","苗栗縣","卓蘭鎮","120.805","24.335","36"
"45","301097","20220820033000","44","1","苗栗縣","卓蘭鎮","120.825","24.335","34"
"12","301176","20220820033000","13","0","臺中市","和平區","121.040","24.295","20"
"86","301582","20220820033000","100","0","苗栗縣","泰安鄉","120.965","24.360","146"
"207","301609","20220820033000","120","3","苗栗縣","泰安鄉","120.960","24.370","291"
"14","301626","20220820033000","201","0","苗栗縣","卓蘭鎮","120.845","24.295","11"
"120","301629","20220820033000","114","1","苗栗縣","卓蘭鎮","120.860","24.295","118"
"114","301639","20220820033000","76","3","苗栗縣","卓蘭鎮","120.840","24.300","116"
"70","301640","20220820033000","59","1","苗栗縣","卓蘭鎮","120.845","24.300","60"
"62","301669","20220820033000","56","1","苗栗縣","卓蘭鎮","120.880","24.315","66"
"183","301723","20220820033000","205","0","苗栗縣","卓蘭鎮","120.850","24.340","200"
"173","301727","20220820033000","127","2","苗栗縣","卓蘭鎮","120.870","24.340","169"
"117","301752","20220820033000","149","0","苗栗縣","卓蘭鎮","120.825","24.305","115"
"660","301756","20220820033000","589","1","苗栗縣","卓蘭鎮","120.820","24.315","646"
"842","301757","20220820033000","709","1","苗栗縣","卓蘭鎮","120.825","24.315","869"
"60","301787","20220820033000","41","2","苗栗縣","大湖鄉","120.870","24.360","54"
"17","301810","20220820033000","117","0","苗栗縣","大湖鄉","120.825","24.345","12"
"13","301816","20220820033000","10","2","苗栗縣","大湖鄉","120.800","24.350","12"
"120","301882","20220820033000","129","0","苗栗縣","大湖鄉","120.875","24.365","115"
"10","307940","20220820033000","17","0","宜蘭縣","南澳鄉","121.790","24.400","10"
"20","308048","20220820033000","20","1","宜蘭縣","南澳鄉","121.765","24.440","23"
"12","308051","20220820033000","13","0","宜蘭縣","南澳鄉","121.780","24.440","10"
"29","308125","20220820033000","25","1","宜蘭縣","南澳鄉","121.775","24.450","28"
"282","308964","20220820033000","240","1","宜蘭縣","南澳鄉","121.750","24.425","284"
"97","309060","20220820033000","54","3","宜蘭縣","南澳鄉","121.750","24.435","67"
"77","309298","20220820033000","37","3","宜蘭縣","大同鄉","121.355","24.395","46"
"498","309501","20220820033000","335","2","宜蘭縣","大同鄉","121.380","24.435","516"
"109","309740","20220820033000","88","2","宜蘭縣","蘇澳鎮","121.805","24.445","115"
"176","309750","20220820033000","184","0","宜蘭縣","蘇澳鎮","121.790","24.455","174"
"157","309853","20220820033000","104","3","臺中市","大甲區","120.640","24.410","154"
"60","309860","20220820033000","801","0","臺中市","大甲區","120.630","24.415","73"
"363","309867","20220820033000","325","1","臺中市","大甲區","120.635","24.390","359"
"52","309881","20220820033000","485","0","臺中市","大甲區","120.635","24.410","57"
"593","309883","20220820033000","581","1","臺中市","大甲區","120.640","24.415","617"
"419","309899","20220820033000","375","1","臺中市","大安區","120.605","24.385","406"
"351","309910","20220820033000","340","1","臺中市","大安區","120.600","24.395","357"
"27","309925","20220820033000","422","0","臺中市","大甲區","120.670","24.380","26"
"16","309935","20220820033000","19","0","臺中市","大甲區","120.665","24.390","19"
"10","309937","20220820033000","413","0","臺中市","大甲區","120.660","24.395","17"
"486","309939","20220820033000","486","1","苗栗縣","苑裡鎮","120.665","24.400","481"
"653","309942","20220820033000","528","2","臺中市","大甲區","120.645","24.400","704"
"1566","309947","20220820033000","1823","0","臺中市","大甲區","120.650","24.405","1619"
"364","309948","20220820033000","442","0","臺中市","大甲區","120.655","24.405","346"
"204","309960","20220820033000","220","0","臺中市","大安區","120.595","24.385","207"
"26","309972","20220820033000","323","0","臺中市","大安區","120.585","24.375","35"
"420","309973","20220820033000","417","1","臺中市","大安區","120.590","24.375","416"
"51","309975","20220820033000","49","1","臺中市","大安區","120.585","24.380","49"
"34","309977","20220820033000","43","0","臺中市","大安區","120.610","24.375","38"
"329","309986","20220820033000","309","1","臺中市","大甲區","120.660","24.370","347"
"1470","310004","20220820033000","1741","0","臺中市","大甲區","120.655","24.380","1505"
"31","310009","20220820033000","1120","0","臺中市","大甲區","120.650","24.390","29"
"426","310033","20220820033000","363","1","臺中市","大甲區","120.615","24.415","437"
"516","310040","20220820033000","501","1","臺中市","大甲區","120.620","24.370","516"
"134","310149","20220820033000","66","3","臺中市","和平區","121.305","24.380","110"
"37","310150","20220820033000","37","1","臺中市","和平區","121.310","24.380","43"
"134","310180","20220820033000","64","3","臺中市","和平區","121.300","24.385","92"
"70","310235","20220820033000","59","1","臺中市","和平區","121.305","24.395","71"
"46","310390","20220820033000","48","0","苗栗縣","三義鄉","120.780","24.385","54"
"142","310395","20220820033000","167","0","苗栗縣","三義鄉","120.750","24.395","136"
"337","310396","20220820033000","300","1","苗栗縣","三義鄉","120.755","24.395","324"
"1899","310412","20220820033000","1832","1","苗栗縣","三義鄉","120.760","24.405","1922"
"426","310415","20220820033000","397","1","苗栗縣","三義鄉","120.765","24.410","430"
"839","310419","20220820033000","953","0","苗栗縣","三義鄉","120.770","24.415","857"
"159","310423","20220820033000","152","1","苗栗縣","三義鄉","120.745","24.370","158"
"26","310429","20220820033000","30","0","苗栗縣","三義鄉","120.770","24.370","26"
"159","310433","20220820033000","134","1","苗栗縣","三義鄉","120.750","24.375","179"
"23","310441","20220820033000","29","0","苗栗縣","三義鄉","120.750","24.380","19"
"87","310450","20220820033000","57","3","苗栗縣","三義鄉","120.755","24.385","83"
"18","310451","20220820033000","184","0","苗栗縣","三義鄉","120.760","24.385","20"
"13","310456","20220820033000","11","1","苗栗縣","三義鄉","120.755","24.390","13"
"182","310458","20220820033000","119","3","苗栗縣","三義鄉","120.760","24.390","127"
"44","310469","20220820033000","37","1","苗栗縣","三義鄉","120.780","24.375","42"
"615","310489","20220820033000","611","1","苗栗縣","三義鄉","120.775","24.420","599"
"132","310506","20220820033000","133","0","苗栗縣","三義鄉","120.770","24.435","146"
"28","310521","20220820033000","59","0","苗栗縣","三義鄉","120.805","24.385","41"
"18","310527","20220820033000","28","0","苗栗縣","三義鄉","120.795","24.390","19"
"18","310542","20220820033000","14","2","苗栗縣","三義鄉","120.775","24.405","14"
"319","310551","20220820033000","294","1","苗栗縣","三義鄉","120.790","24.410","294"
"19","310552","20220820033000","26","0","苗栗縣","三義鄉","120.795","24.410","23"
"147","310580","20220820033000","121","2","苗栗縣","公館鄉","120.860","24.460","136"
"12","310595","20220820033000","19","0","苗栗縣","苑裡鎮","120.660","24.430","12"
"708","310596","20220820033000","642","1","苗栗縣","苑裡鎮","120.665","24.430","751"
"25","310601","20220820033000","302","0","苗栗縣","苑裡鎮","120.710","24.375","24"
"75","310623","20220820033000","64","1","苗栗縣","苑裡鎮","120.695","24.400","79"
"12","310630","20220820033000","13","0","苗栗縣","苑裡鎮","120.670","24.445","17"
"613","310636","20220820033000","461","2","苗栗縣","苑裡鎮","120.660","24.440","616"
"50","310637","20220820033000","45","1","苗栗縣","苑裡鎮","120.655","24.445","38"
"26","310639","20220820033000","17","3","苗栗縣","苑裡鎮","120.665","24.445","37"
"10","310640","20220820033000","14","0","苗栗縣","通霄鎮","120.660","24.450","14"
"534","310644","20220820033000","366","2","苗栗縣","苑裡鎮","120.655","24.450","542"
"32","310647","20220820033000","56","0","苗栗縣","通霄鎮","120.660","24.455","31"
"17","310656","20220820033000","210","0","苗栗縣","三義鄉","120.745","24.395","10"
"17","310670","20220820033000","103","0","苗栗縣","苑裡鎮","120.715","24.410","17"
"80","310685","20220820033000","98","0","苗栗縣","苑裡鎮","120.710","24.420","85"
"41","310688","20220820033000","25","3","苗栗縣","苑裡鎮","120.660","24.435","38"
"286","310695","20220820033000","236","2","苗栗縣","苑裡鎮","120.670","24.405","277"
"187","310698","20220820033000","266","0","苗栗縣","苑裡鎮","120.690","24.410","180"
"91","310699","20220820033000","54","3","苗栗縣","苑裡鎮","120.690","24.415","88"
"20","310721","20220820033000","472","0","苗栗縣","苑裡鎮","120.645","24.435","28"
"97","310722","20220820033000","85","1","苗栗縣","苑裡鎮","120.650","24.435","95"
"548","310727","20220820033000","463","1","苗栗縣","苑裡鎮","120.635","24.445","544"
"10","310728","20220820033000","13","0","苗栗縣","苑裡鎮","120.655","24.410","10"
"15","310729","20220820033000","12","2","苗栗縣","苑裡鎮","120.650","24.415","15"
"444","310730","20220820033000","360","2","苗栗縣","苑裡鎮","120.655","24.415","440"
"287","310737","20220820033000","291","0","苗栗縣","苑裡鎮","120.650","24.425","319"
"237","310752","20220820033000","197","2","苗栗縣","苑裡鎮","120.700","24.435","262"
"38","310755","20220820033000","40","0","苗栗縣","苑裡鎮","120.680","24.440","30"
"331","310758","20220820033000","308","1","苗栗縣","苑裡鎮","120.700","24.385","322"
"242","310763","20220820033000","332","0","苗栗縣","苑裡鎮","120.695","24.395","256"
"11","310764","20220820033000","11","1","苗栗縣","苑裡鎮","120.685","24.400","14"
"27","310766","20220820033000","14","3","苗栗縣","苑裡鎮","120.685","24.405","26"
"1063","310776","20220820033000","1028","1","苗栗縣","大湖鄉","120.870","24.425","1082"
"19","310779","20220820033000","13","2","苗栗縣","大湖鄉","120.885","24.425","15"
"286","310796","20220820033000","236","2","苗栗縣","大湖鄉","120.865","24.400","281"
"53","310800","20220820033000","51","1","苗栗縣","大湖鄉","120.855","24.405","55"
"20","310825","20220820033000","269","0","苗栗縣","大湖鄉","120.900","24.410","12"
"169","310860","20220820033000","122","2","苗栗縣","大湖鄉","120.870","24.405","204"
"10","310881","20220820033000","294","0","苗栗縣","大湖鄉","120.860","24.420","13"
"416","310894","20220820033000","505","0","苗栗縣","苑裡鎮","120.655","24.440","427"
"1011","310905","20220820033000","1103","0","苗栗縣","苑裡鎮","120.680","24.385","1060"
"126","310911","20220820033000","112","1","苗栗縣","苑裡鎮","120.660","24.410","133"
"334","310914","20220820033000","167","3","苗栗縣","苑裡鎮","120.660","24.415","344"
"47","310926","20220820033000","40","1","苗栗縣","苑裡鎮","120.720","24.395","36"
"13","310927","20220820033000","81","0","苗栗縣","苑裡鎮","120.725","24.395","16"
"11","310930","20220820033000","13","0","苗栗縣","苑裡鎮","120.715","24.400","11"
"44","310938","20220820033000","44","1","苗栗縣","苑裡鎮","120.705","24.410","39"
"10","310941","20220820033000","48","0","苗栗縣","苑裡鎮","120.675","24.400","17"
"12","310942","20220820033000","14","0","苗栗縣","苑裡鎮","120.680","24.400","11"
"28","310943","20220820033000","515","0","苗栗縣","苑裡鎮","120.675","24.405","22"
"385","310949","20220820033000","230","3","苗栗縣","苑裡鎮","120.670","24.415","358"
"11","310953","20220820033000","13","0","苗栗縣","苑裡鎮","120.670","24.425","13"
"17","310959","20220820033000","15","1","苗栗縣","苑裡鎮","120.680","24.410","17"
"132","310964","20220820033000","1154","0","苗栗縣","苑裡鎮","120.685","24.415","130"
"231","310996","20220820033000","182","2","苗栗縣","銅鑼鄉","120.810","24.465","244"
"20","310999","20220820033000","33","0","苗栗縣","銅鑼鄉","120.755","24.445","15"
"11","311009","20220820033000","15","0","苗栗縣","銅鑼鄉","120.765","24.460","13"
"216","311014","20220820033000","128","3","苗栗縣","銅鑼鄉","120.760","24.460","231"
"42","311016","20220820033000","55","0","苗栗縣","銅鑼鄉","120.770","24.465","46"
"115","311031","20220820033000","76","3","苗栗縣","銅鑼鄉","120.810","24.405","116"
"164","311073","20220820033000","89","3","苗栗縣","銅鑼鄉","120.835","24.420","170"
"12","311089","20220820033000","17","0","苗栗縣","銅鑼鄉","120.765","24.435","17"
"185","311108","20220820033000","141","2","苗栗縣","銅鑼鄉","120.780","24.450","165"
"415","311118","20220820033000","392","1","苗栗縣","銅鑼鄉","120.780","24.465","399"
"1795","311279","20220820033000","2008","0","苗栗縣","苑裡鎮","120.650","24.440","1840"
"165","311280","20220820033000","196","0","苗栗縣","苑裡鎮","120.650","24.445","167"
"396","311283","20220820033000","392","1","苗栗縣","苑裡鎮","120.650","24.450","382"
"60","311310","20220820033000","73","0","苗栗縣","泰安鄉","120.925","24.390","59"
"14","311446","20220820033000","10","2","苗栗縣","泰安鄉","120.980","24.445","14"
"206","311474","20220820033000","177","1","苗栗縣","泰安鄉","120.935","24.420","195"
"26","311478","20220820033000","481","0","苗栗縣","泰安鄉","120.925","24.420","22"
"18","312076","20220820033000","14","2","苗栗縣","泰安鄉","121.015","24.425","18"
"12","312522","20220820033000","160","0","苗栗縣","泰安鄉","120.925","24.440","12"
"145","312590","20220820033000","114","2","苗栗縣","通霄鎮","120.735","24.410","146"
"150","312624","20220820033000","138","1","苗栗縣","通霄鎮","120.680","24.455","143"
"54","312636","20220820033000","69","0","苗栗縣","通霄鎮","120.690","24.465","88"
"62","312656","20220820033000","47","2","苗栗縣","通霄鎮","120.745","24.440","48"
"198","312664","20220820033000","77","3","苗栗縣","通霄鎮","120.725","24.450","171"
"10","312666","20220820033000","17","0","苗栗縣","通霄鎮","120.735","24.450","13"
"40","312668","20220820033000","122","0","苗栗縣","通霄鎮","120.720","24.425","41"
"52","312670","20220820033000","257","0","苗栗縣","通霄鎮","120.720","24.430","50"
"245","312677","20220820033000","207","1","苗栗縣","通霄鎮","120.715","24.440","255"
"210","312691","20220820033000","227","0","苗栗縣","通霄鎮","120.700","24.455","219"
"39","312717","20220820033000","33","1","苗栗縣","通霄鎮","120.730","24.460","38"
"76","312744","20220820033000","85","0","苗栗縣","大湖鄉","120.865","24.430","71"
"20","312752","20220820033000","187","0","苗栗縣","大湖鄉","120.865","24.435","27"
"66","312778","20220820033000","51","2","苗栗縣","大湖鄉","120.905","24.445","67"
"23","312782","20220820033000","24","0","苗栗縣","大湖鄉","120.880","24.450","34"
"215","312784","20220820033000","173","2","苗栗縣","大湖鄉","120.875","24.455","213"
"45","312785","20220820033000","635","0","苗栗縣","大湖鄉","120.865","24.420","44"
"216","312798","20220820033000","312","0","苗栗縣","大湖鄉","120.900","24.375","225"
"397","312833","20220820033000","341","1","苗栗縣","三義鄉","120.820","24.380","316"
"194","312851","20220820033000","141","2","苗栗縣","大湖鄉","120.865","24.375","203"
"33","312863","20220820033000","208","0","苗栗縣","大湖鄉","120.850","24.385","28"
"62","317431","20220820033000","31","3","宜蘭縣","蘇澳鎮","121.845","24.520","67"
"384","319889","20220820033000","241","3","宜蘭縣","南澳鄉","121.800","24.465","375"
"510","319890","20220820033000","439","1","宜蘭縣","蘇澳鎮","121.805","24.465","488"
"22","319894","20220820033000","14","3","宜蘭縣","南澳鄉","121.810","24.470","20"
"110","320020","20220820033000","77","2","宜蘭縣","蘇澳鎮","121.830","24.515","99"
"17","320043","20220820033000","15","1","宜蘭縣","南澳鄉","121.830","24.530","15"
"27","320054","20220820033000","20","2","宜蘭縣","南澳鄉","121.835","24.535","21"
"288","320197","20220820033000","217","2","宜蘭縣","南澳鄉","121.790","24.470","283"
"18","320298","20220820033000","13","2","宜蘭縣","南澳鄉","121.785","24.460","15"
"192","320807","20220820033000","109","3","宜蘭縣","大同鄉","121.430","24.485","175"
"168","320829","20220820033000","131","2","宜蘭縣","大同鄉","121.430","24.490","170"
"127","321192","20220820033000","88","2","宜蘭縣","大同鄉","121.530","24.500","118"
"11","321195","20220820033000","14","0","宜蘭縣","大同鄉","121.545","24.500","12"
"29","321219","20220820033000","20","2","宜蘭縣","大同鄉","121.530","24.505","19"
"33","321263","20220820033000","14","3","宜蘭縣","南澳鄉","121.610","24.505","34"
"114","321699","20220820033000","84","2","宜蘭縣","大同鄉","121.450","24.530","80"
"12","321804","20220820033000","13","0","宜蘭縣","蘇澳鎮","121.810","24.465","13"
"191","321823","20220820033000","224","0","宜蘭縣","蘇澳鎮","121.840","24.485","165"
"73","321846","20220820033000","32","3","宜蘭縣","蘇澳鎮","121.835","24.510","88"
"224","321850","20220820033000","148","3","宜蘭縣","蘇澳鎮","121.835","24.520","226"
"159","321880","20220820033000","96","3","宜蘭縣","蘇澳鎮","121.820","24.460","176"
"14","321882","20220820033000","14","1","宜蘭縣","蘇澳鎮","121.820","24.465","11"
"35","321898","20220820033000","25","2","宜蘭縣","蘇澳鎮","121.825","24.485","41"
"10","322590","20220820033000","11","0","新竹縣","五峰鄉","121.075","24.505","11"
"16","322608","20220820033000","20","0","新竹縣","五峰鄉","121.110","24.510","16"
"14","322609","20220820033000","14","1","新竹縣","五峰鄉","121.115","24.510","14"
"141","322716","20220820033000","104","2","新竹縣","五峰鄉","121.110","24.525","119"
"35","322717","20220820033000","26","2","新竹縣","五峰鄉","121.115","24.525","25"
"54","322744","20220820033000","33","3","新竹縣","五峰鄉","121.125","24.530","33"
"123","322792","20220820033000","123","1","新竹縣","五峰鄉","121.125","24.540","108"
"28","322897","20220820033000","38","0","新竹縣","五峰鄉","121.130","24.560","22"
"45","322913","20220820033000","456","0","苗栗縣","公館鄉","120.820","24.495","52"
"26","322918","20220820033000","220","0","苗栗縣","公館鄉","120.815","24.510","22"
"208","322920","20220820033000","320","0","苗栗縣","公館鄉","120.815","24.515","196"
"404","322921","20220820033000","361","1","苗栗縣","銅鑼鄉","120.810","24.515","402"
"274","322933","20220820033000","239","1","苗栗縣","公館鄉","120.835","24.510","279"
"424","322941","20220820033000","420","1","苗栗縣","公館鄉","120.835","24.530","393"
"26","322992","20220820033000","82","0","苗栗縣","公館鄉","120.890","24.540","20"
"144","323065","20220820033000","146","0","苗栗縣","公館鄉","120.835","24.500","159"
"156","323078","20220820033000","159","0","苗栗縣","公館鄉","120.835","24.545","168"
"1062","323086","20220820033000","795","2","苗栗縣","公館鄉","120.825","24.510","1074"
"50","323090","20220820033000","739","0","苗栗縣","公館鄉","120.820","24.515","52"
"276","323092","20220820033000","497","0","苗栗縣","公館鄉","120.825","24.520","289"
"40","323094","20220820033000","326","0","苗栗縣","公館鄉","120.825","24.465","442"
"116","323105","20220820033000","203","0","苗栗縣","公館鄉","120.835","24.465","122"
"75","323120","20220820033000","74","1","苗栗縣","公館鄉","120.855","24.475","56"
"445","323126","20220820033000","421","1","苗栗縣","公館鄉","120.825","24.475","447"
"377","323131","20220820033000","497","0","苗栗縣","公館鄉","120.820","24.480","364"
"619","323137","20220820033000","539","1","苗栗縣","公館鄉","120.830","24.485","642"
"525","323139","20220820033000","556","0","苗栗縣","公館鄉","120.825","24.500","538"
"833","323140","20220820033000","823","1","苗栗縣","公館鄉","120.825","24.505","792"
"1251","323143","20220820033000","1467","0","苗栗縣","公館鄉","120.820","24.500","1247"
"28","323150","20220820033000","275","0","苗栗縣","公館鄉","120.830","24.530","33"
"201","323152","20220820033000","178","1","苗栗縣","公館鄉","120.830","24.535","218"
"852","323159","20220820033000","643","2","苗栗縣","公館鄉","120.825","24.530","845"
"143","323161","20220820033000","124","1","苗栗縣","苗栗市","120.835","24.555","154"
"391","323164","20220820033000","729","0","苗栗縣","苗栗市","120.820","24.560","398"
"263","323174","20220820033000","172","3","苗栗縣","通霄鎮","120.700","24.550","272"
"253","323187","20220820033000","203","2","苗栗縣","通霄鎮","120.695","24.475","248"
"17","323189","20220820033000","495","0","苗栗縣","通霄鎮","120.685","24.480","12"
"66","323210","20220820033000","60","1","苗栗縣","通霄鎮","120.730","24.490","81"
"19","323218","20220820033000","70","0","苗栗縣","通霄鎮","120.740","24.495","22"
"15","323221","20220820033000","22","0","苗栗縣","通霄鎮","120.750","24.485","16"
"18","323223","20220820033000","14","2","苗栗縣","通霄鎮","120.760","24.485","20"
"92","323237","20220820033000","89","1","苗栗縣","通霄鎮","120.720","24.505","102"
"11","323239","20220820033000","25","0","苗栗縣","通霄鎮","120.730","24.505","10"
"91","323242","20220820033000","98","0","苗栗縣","通霄鎮","120.740","24.505","91"
"55","323248","20220820033000","51","1","苗栗縣","通霄鎮","120.730","24.510","56"
"32","323299","20220820033000","32","1","苗栗縣","南庄鄉","120.960","24.520","42"
"11","323301","20220820033000","71","0","苗栗縣","南庄鄉","120.970","24.520","11"
"155","323333","20220820033000","155","1","苗栗縣","南庄鄉","120.965","24.535","131"
"14","323356","20220820033000","191","0","苗栗縣","南庄鄉","120.970","24.545","14"
"2421","323391","20220820033000","2265","1","苗栗縣","苗栗市","120.825","24.555","2409"
"24","323392","20220820033000","25","0","苗栗縣","苗栗市","120.820","24.540","23"
"1035","323394","20220820033000","732","2","苗栗縣","苗栗市","120.825","24.545","1023"
"61","323395","20220820033000","1582","0","苗栗縣","苗栗市","120.815","24.550","634"
"55","323396","20220820033000","85","0","苗栗縣","苗栗市","120.820","24.550","49"
"1481","323397","20220820033000","1309","1","苗栗縣","苗栗市","120.815","24.555","1422"
"699","323400","20220820033000","564","2","苗栗縣","苗栗市","120.820","24.555","704"
"221","323402","20220820033000","165","2","苗栗縣","苗栗市","120.830","24.555","216"
"580","323403","20220820033000","486","1","苗栗縣","苗栗市","120.825","24.565","568"
"19","323405","20220820033000","30","0","苗栗縣","苗栗市","120.790","24.525","20"
"25","323411","20220820033000","107","0","苗栗縣","苗栗市","120.785","24.535","20"
"19","323412","20220820033000","31","0","苗栗縣","苗栗市","120.790","24.535","17"
"277","323414","20220820033000","115","3","苗栗縣","苗栗市","120.800","24.535","295"
"66","323530","20220820033000","72","0","苗栗縣","南庄鄉","121.025","24.535","63"
"75","323545","20220820033000","92","0","苗栗縣","南庄鄉","121.030","24.540","110"
"111","323601","20220820033000","72","3","苗栗縣","頭屋鄉","120.855","24.555","112"
"27","323631","20220820033000","54","0","苗栗縣","頭屋鄉","120.870","24.560","18"
"195","323661","20220820033000","169","1","苗栗縣","銅鑼鄉","120.775","24.495","184"
"20","323663","20220820033000","22","0","苗栗縣","西湖鄉","120.770","24.500","21"
"269","323674","20220820033000","215","2","苗栗縣","銅鑼鄉","120.790","24.470","281"
"330","323678","20220820033000","283","1","苗栗縣","銅鑼鄉","120.790","24.475","338"
"27","323679","20220820033000","41","0","苗栗縣","銅鑼鄉","120.795","24.475","41"
"445","323682","20220820033000","428","1","苗栗縣","銅鑼鄉","120.785","24.480","473"
"475","323683","20220820033000","479","0","苗栗縣","銅鑼鄉","120.790","24.480","492"
"428","323685","20220820033000","446","0","苗栗縣","銅鑼鄉","120.785","24.485","430"
"775","323686","20220820033000","1113","0","苗栗縣","銅鑼鄉","120.785","24.490","773"
"64","323691","20220820033000","55","1","苗栗縣","通霄鎮","120.725","24.520","67"
"22","323727","20220820033000","161","0","苗栗縣","通霄鎮","120.675","24.485","24"
"563","323728","20220820033000","623","0","苗栗縣","苗栗市","120.810","24.545","332"
"70","323734","20220820033000","48","2","苗栗縣","西湖鄉","120.790","24.550","74"
"158","323738","20220820033000","137","1","苗栗縣","苗栗市","120.795","24.555","158"
"462","323740","20220820033000","426","1","苗栗縣","苗栗市","120.805","24.555","443"
"320","323743","20220820033000","358","0","苗栗縣","苗栗市","120.800","24.560","343"
"76","323744","20220820033000","261","0","苗栗縣","苗栗市","120.805","24.560","84"
"462","323747","20220820033000","443","1","苗栗縣","苗栗市","120.815","24.530","471"
"1302","323751","20220820033000","1560","0","苗栗縣","苗栗市","120.815","24.540","1223"
"235","323752","20220820033000","167","2","苗栗縣","苗栗市","120.805","24.545","220"
"28","323753","20220820033000","46","0","苗栗縣","苗栗市","120.805","24.550","22"
"67","323763","20220820033000","224","0","苗栗縣","西湖鄉","120.730","24.555","45"
"134","323770","20220820033000","133","1","苗栗縣","西湖鄉","120.745","24.555","137"
"83","323782","20220820033000","77","1","苗栗縣","西湖鄉","120.765","24.520","88"
"136","323800","20220820033000","142","0","苗栗縣","西湖鄉","120.785","24.525","125"
"69","323808","20220820033000","48","2","苗栗縣","西湖鄉","120.745","24.525","78"
"42","323810","20220820033000","79","0","苗栗縣","西湖鄉","120.740","24.530","36"
"37","323815","20220820033000","38","0","苗栗縣","西湖鄉","120.750","24.535","45"
"170","323828","20220820033000","153","1","苗栗縣","通霄鎮","120.680","24.500","158"
"218","323830","20220820033000","258","0","苗栗縣","通霄鎮","120.690","24.500","212"
"132","323838","20220820033000","29","3","苗栗縣","通霄鎮","120.690","24.510","151"
"200","323845","20220820033000","216","0","苗栗縣","通霄鎮","120.695","24.515","212"
"74","323854","20220820033000","80","0","苗栗縣","通霄鎮","120.695","24.530","82"
"28","323864","20220820033000","13","3","苗栗縣","通霄鎮","120.675","24.490","26"
"1361","323865","20220820033000","1182","1","苗栗縣","通霄鎮","120.680","24.490","1310"
"675","323876","20220820033000","642","1","苗栗縣","銅鑼鄉","120.800","24.490","659"
"489","323879","20220820033000","518","0","苗栗縣","銅鑼鄉","120.800","24.495","455"
"256","323881","20220820033000","277","0","苗栗縣","銅鑼鄉","120.810","24.495","235"
"11","323884","20220820033000","209","0","苗栗縣","銅鑼鄉","120.805","24.500","14"
"10","323893","20220820033000","193","0","苗栗縣","銅鑼鄉","120.805","24.510","234"
"49","323896","20220820033000","68","0","苗栗縣","銅鑼鄉","120.810","24.520","47"
"167","323898","20220820033000","160","1","苗栗縣","銅鑼鄉","120.760","24.465","176"
"58","323899","20220820033000","93","0","苗栗縣","銅鑼鄉","120.765","24.465","45"
"150","323904","20220820033000","162","0","苗栗縣","銅鑼鄉","120.770","24.470","156"
"191","323913","20220820033000","228","0","苗栗縣","銅鑼鄉","120.790","24.485","200"
"163","323918","20220820033000","151","1","苗栗縣","銅鑼鄉","120.790","24.505","180"
"112","323920","20220820033000","73","3","苗栗縣","銅鑼鄉","120.785","24.510","109"
"308","323923","20220820033000","329","0","苗栗縣","西湖鄉","120.785","24.515","290"
"83","323948","20220820033000","55","3","苗栗縣","泰安鄉","120.950","24.465","50"
"120","323952","20220820033000","137","0","苗栗縣","泰安鄉","120.970","24.465","74"
"177","323970","20220820033000","175","1","苗栗縣","泰安鄉","120.945","24.470","160"
"121","323976","20220820033000","109","1","苗栗縣","泰安鄉","120.975","24.470","121"
"12","323977","20220820033000","18","0","苗栗縣","泰安鄉","120.980","24.470","12"
"52","324020","20220820033000","43","2","苗栗縣","泰安鄉","120.965","24.480","60"
"48","324112","20220820033000","31","3","苗栗縣","獅潭鄉","120.910","24.505","56"
"10","324115","20220820033000","69","0","苗栗縣","獅潭鄉","120.925","24.505","10"
"37","324130","20220820033000","27","2","苗栗縣","獅潭鄉","120.910","24.510","39"
"30","324167","20220820033000","26","1","苗栗縣","獅潭鄉","120.935","24.515","23"
"288","324200","20220820033000","183","3","苗栗縣","獅潭鄉","120.920","24.540","270"
"59","324206","20220820033000","61","0","苗栗縣","獅潭鄉","120.950","24.540","65"
"79","324257","20220820033000","108","0","苗栗縣","獅潭鄉","120.935","24.555","81"
"78","324281","20220820033000","83","0","苗栗縣","獅潭鄉","120.910","24.465","58"
"141","324285","20220820033000","200","0","苗栗縣","獅潭鄉","120.880","24.470","136"
"33","324297","20220820033000","36","0","苗栗縣","獅潭鄉","120.915","24.475","40"
"91","324301","20220820033000","85","1","苗栗縣","獅潭鄉","120.900","24.485","77"
"70","324306","20220820033000","45","3","苗栗縣","獅潭鄉","120.900","24.490","68"
"106","324349","20220820033000","128","0","苗栗縣","泰安鄉","120.945","24.485","84"
"55","324420","20220820033000","57","0","苗栗縣","泰安鄉","121.205","24.465","56"
"14","324615","20220820033000","21","0","苗栗縣","泰安鄉","121.070","24.495","14"
"14","324700","20220820033000","10","2","苗栗縣","通霄鎮","120.700","24.505","14"
"32","324701","20220820033000","22","2","苗栗縣","通霄鎮","120.705","24.505","25"
"75","324706","20220820033000","50","3","苗栗縣","通霄鎮","120.715","24.510","106"
"68","324721","20220820033000","76","0","苗栗縣","西湖鄉","120.780","24.550","75"
"92","324736","20220820033000","60","3","苗栗縣","西湖鄉","120.755","24.495","102"
"55","324766","20220820033000","21","3","苗栗縣","西湖鄉","120.785","24.540","35"
"49","324767","20220820033000","50","0","苗栗縣","西湖鄉","120.755","24.545","59"
"39","324782","20220820033000","27","2","苗栗縣","通霄鎮","120.680","24.465","46"
"436","324784","20220820033000","452","0","苗栗縣","通霄鎮","120.665","24.470","470"
"63","324791","20220820033000","883","0","苗栗縣","通霄鎮","120.675","24.475","76"
"290","324812","20220820033000","290","1","苗栗縣","通霄鎮","120.710","24.555","311"
"30","324833","20220820033000","168","0","苗栗縣","通霄鎮","120.710","24.505","23"
"21","324850","20220820033000","32","0","苗栗縣","通霄鎮","120.715","24.480","17"
"53","324851","20220820033000","56","0","苗栗縣","通霄鎮","120.720","24.480","53"
"230","324858","20220820033000","197","1","苗栗縣","通霄鎮","120.720","24.465","267"
"100","324872","20220820033000","83","2","苗栗縣","通霄鎮","120.685","24.485","86"
"39","324877","20220820033000","820","0","苗栗縣","通霄鎮","120.690","24.495","38"
"30","324879","20220820033000","331","0","苗栗縣","通霄鎮","120.695","24.500","26"
"116","328071","20220820033000","73","3","宜蘭縣","蘇澳鎮","121.860","24.600","71"
"99","328073","20220820033000","44","3","宜蘭縣","蘇澳鎮","121.870","24.600","133"
"335","328074","20220820033000","237","2","宜蘭縣","蘇澳鎮","121.880","24.600","390"
"81","328390","20220820033000","29","3","宜蘭縣","蘇澳鎮","121.880","24.605","20"
"309","331880","20220820033000","264","1","宜蘭縣","冬山鄉","121.750","24.645","305"
"17","331921","20220820033000","13","2","宜蘭縣","南澳鄉","121.805","24.555","17"
"1489","332115","20220820033000","1047","2","宜蘭縣","蘇澳鎮","121.865","24.580","1520"
"139","332120","20220820033000","96","2","宜蘭縣","冬山鄉","121.815","24.630","121"
"150","332121","20220820033000","96","3","宜蘭縣","蘇澳鎮","121.820","24.625","145"
"735","332122","20220820033000","603","2","宜蘭縣","冬山鄉","121.810","24.630","760"
"247","332124","20220820033000","180","2","宜蘭縣","冬山鄉","121.820","24.630","255"
"354","332146","20220820033000","255","2","宜蘭縣","冬山鄉","121.710","24.635","325"
"96","332175","20220820033000","98","0","宜蘭縣","冬山鄉","121.765","24.620","96"
"590","332186","20220820033000","551","1","宜蘭縣","冬山鄉","121.770","24.630","678"
"330","332216","20220820033000","448","0","宜蘭縣","冬山鄉","121.785","24.625","316"
"268","332233","20220820033000","242","1","宜蘭縣","冬山鄉","121.730","24.650","231"
"298","332244","20220820033000","219","2","宜蘭縣","冬山鄉","121.805","24.625","306"
"12","332272","20220820033000","10","2","宜蘭縣","大同鄉","121.500","24.555","26"
"23","332340","20220820033000","18","2","宜蘭縣","大同鄉","121.495","24.570","12"
"76","332362","20220820033000","33","3","宜蘭縣","大同鄉","121.480","24.575","32"
"156","332385","20220820033000","79","3","宜蘭縣","大同鄉","121.495","24.580","105"
"18","332698","20220820033000","28","0","宜蘭縣","大同鄉","121.685","24.610","22"
"192","332699","20220820033000","133","2","宜蘭縣","大同鄉","121.690","24.610","198"
"12","332745","20220820033000","71","0","宜蘭縣","大同鄉","121.685","24.625","21"
"14","332848","20220820033000","20","0","宜蘭縣","大同鄉","121.635","24.615","18"
"12","332886","20220820033000","13","0","宜蘭縣","大同鄉","121.590","24.630","13"
"50","332889","20220820033000","70","0","宜蘭縣","大同鄉","121.605","24.630","46"
"25","332899","20220820033000","15","3","宜蘭縣","三星鄉","121.605","24.635","23"
"92","332902","20220820033000","75","2","宜蘭縣","大同鄉","121.560","24.640","59"
"88","333040","20220820033000","117","0","宜蘭縣","大同鄉","121.530","24.595","84"
"109","333282","20220820033000","72","3","宜蘭縣","大同鄉","121.525","24.630","83"
"13","333369","20220820033000","17","0","宜蘭縣","大同鄉","121.475","24.650","13"
"183","333370","20220820033000","72","3","宜蘭縣","大同鄉","121.480","24.650","142"
"11","333448","20220820033000","240","0","宜蘭縣","蘇澳鎮","121.865","24.575","14"
"313","333450","20220820033000","453","0","宜蘭縣","蘇澳鎮","121.870","24.580","328"
"491","333451","20220820033000","532","0","宜蘭縣","蘇澳鎮","121.875","24.580","503"
"1165","333457","20220820033000","739","3","宜蘭縣","蘇澳鎮","121.855","24.595","1010"
"89","333458","20220820033000","52","3","宜蘭縣","蘇澳鎮","121.875","24.600","37"
"11","333460","20220820033000","13","0","宜蘭縣","蘇澳鎮","121.860","24.605","10"
"36","333462","20220820033000","39","0","宜蘭縣","蘇澳鎮","121.870","24.605","39"
"18","333463","20220820033000","20","0","宜蘭縣","蘇澳鎮","121.875","24.605","18"
"633","333474","20220820033000","488","2","宜蘭縣","蘇澳鎮","121.835","24.590","645"
"1087","333478","20220820033000","1004","1","宜蘭縣","蘇澳鎮","121.835","24.595","1074"
"372","333479","20220820033000","313","1","宜蘭縣","蘇澳鎮","121.840","24.595","339"
"162","333488","20220820033000","131","2","宜蘭縣","蘇澳鎮","121.835","24.605","179"
"49","333492","20220820033000","50","0","宜蘭縣","蘇澳鎮","121.830","24.610","49"
"752","333495","20220820033000","539","2","宜蘭縣","蘇澳鎮","121.830","24.615","636"
"756","333504","20220820033000","656","1","宜蘭縣","五結鄉","121.835","24.650","695"
"460","333511","20220820033000","265","3","宜蘭縣","冬山鄉","121.795","24.640","428"
"55","333515","20220820033000","48","1","宜蘭縣","冬山鄉","121.780","24.650","55"
"276","333516","20220820033000","125","3","宜蘭縣","冬山鄉","121.785","24.650","276"
"622","333519","20220820033000","532","1","宜蘭縣","蘇澳鎮","121.835","24.620","631"
"1756","333520","20220820033000","1484","1","宜蘭縣","蘇澳鎮","121.840","24.620","1844"
"133","333521","20220820033000","95","2","宜蘭縣","蘇澳鎮","121.845","24.620","122"
"461","333522","20220820033000","378","2","宜蘭縣","蘇澳鎮","121.835","24.625","434"
"46","333545","20220820033000","32","2","宜蘭縣","蘇澳鎮","121.845","24.565","46"
"169","333557","20220820033000","152","1","宜蘭縣","蘇澳鎮","121.840","24.575","169"
"24","333558","20220820033000","16","3","宜蘭縣","蘇澳鎮","121.845","24.575","28"
"149","333564","20220820033000","249","0","宜蘭縣","蘇澳鎮","121.855","24.605","147"
"81","333566","20220820033000","75","1","宜蘭縣","蘇澳鎮","121.850","24.610","84"
"551","333569","20220820033000","454","2","宜蘭縣","蘇澳鎮","121.850","24.615","566"
"466","333653","20220820033000","394","1","宜蘭縣","三星鄉","121.615","24.650","462"
"646","333661","20220820033000","516","2","宜蘭縣","冬山鄉","121.805","24.640","633"
"149","333695","20220820033000","93","3","宜蘭縣","蘇澳鎮","121.850","24.575","148"
"22","333704","20220820033000","20","1","宜蘭縣","蘇澳鎮","121.845","24.580","29"
"26","333737","20220820033000","23","1","宜蘭縣","蘇澳鎮","121.815","24.610","47"
"154","333739","20220820033000","120","2","宜蘭縣","蘇澳鎮","121.815","24.615","158"
"68","333741","20220820033000","49","2","宜蘭縣","蘇澳鎮","121.825","24.615","63"
"444","333742","20220820033000","328","2","宜蘭縣","蘇澳鎮","121.815","24.620","434"
"1059","333751","20220820033000","894","1","宜蘭縣","冬山鄉","121.765","24.650","1030"
"250","333753","20220820033000","405","0","宜蘭縣","冬山鄉","121.795","24.630","265"
"677","333754","20220820033000","624","1","宜蘭縣","冬山鄉","121.800","24.630","678"
"48","333764","20220820033000","53","0","宜蘭縣","冬山鄉","121.725","24.625","47"
"38","333769","20220820033000","21","3","宜蘭縣","冬山鄉","121.750","24.625","35"
"43","333770","20220820033000","21","3","宜蘭縣","冬山鄉","121.760","24.625","40"
"166","333781","20220820033000","151","1","宜蘭縣","冬山鄉","121.750","24.635","169"
"225","333789","20220820033000","178","2","宜蘭縣","冬山鄉","121.765","24.640","242"
"111","333791","20220820033000","97","1","宜蘭縣","冬山鄉","121.760","24.645","114"
"983","333802","20220820033000","739","2","宜蘭縣","冬山鄉","121.790","24.635","915"
"1296","333804","20220820033000","1054","2","宜蘭縣","冬山鄉","121.795","24.635","1368"
"11","333808","20220820033000","11","1","宜蘭縣","蘇澳鎮","121.845","24.635","13"
"1064","333809","20220820033000","492","3","宜蘭縣","蘇澳鎮","121.835","24.640","1033"
"84","333810","20220820033000","109","0","宜蘭縣","蘇澳鎮","121.840","24.640","80"
"789","333814","20220820033000","609","2","宜蘭縣","蘇澳鎮","121.830","24.630","716"
"675","333818","20220820033000","514","2","宜蘭縣","蘇澳鎮","121.830","24.640","676"
"667","333821","20220820033000","593","1","宜蘭縣","蘇澳鎮","121.830","24.645","712"
"25","333875","20220820033000","22","1","新竹縣","北埔鄉","121.060","24.635","34"
"23","333893","20220820033000","21","1","新竹縣","北埔鄉","121.065","24.645","31"
"95","333899","20220820033000","60","3","新竹縣","竹東鎮","121.095","24.645","67"
"21","334058","20220820033000","12","3","新竹縣","尖石鄉","121.365","24.575","21"
"150","334213","20220820033000","81","3","新竹縣","尖石鄉","121.340","24.650","146"
"93","334309","20220820033000","34","3","新竹縣","尖石鄉","121.310","24.570","66"
"100","334366","20220820033000","80","2","新竹縣","尖石鄉","121.305","24.580","100"
"115","334372","20220820033000","62","3","新竹縣","尖石鄉","121.335","24.580","86"
"43","334487","20220820033000","36","1","新竹縣","尖石鄉","121.290","24.605","41"
"277","334532","20220820033000","228","2","新竹縣","尖石鄉","121.295","24.610","242"
"44","334547","20220820033000","57","0","新竹縣","尖石鄉","121.285","24.615","35"
"36","334623","20220820033000","21","3","新竹縣","尖石鄉","121.275","24.640","26"
"37","334698","20220820033000","49","0","新竹縣","峨眉鄉","121.025","24.655","58"
"109","334723","20220820033000","85","2","宜蘭縣","蘇澳鎮","121.840","24.590","131"
"87","334725","20220820033000","65","2","宜蘭縣","蘇澳鎮","121.850","24.590","102"
"774","334726","20220820033000","684","1","宜蘭縣","蘇澳鎮","121.845","24.595","718"
"43","334737","20220820033000","45","0","新竹縣","五峰鄉","121.090","24.605","34"
"31","334763","20220820033000","21","2","新竹縣","五峰鄉","121.105","24.615","34"
"63","334770","20220820033000","49","2","新竹縣","五峰鄉","121.085","24.625","41"
"139","334783","20220820033000","113","2","新竹縣","五峰鄉","121.120","24.630","128"
"503","334790","20220820033000","478","1","新竹縣","五峰鄉","121.100","24.640","552"
"43","334829","20220820033000","24","3","新竹縣","五峰鄉","121.090","24.565","45"
"17","334833","20220820033000","21","0","新竹縣","五峰鄉","121.110","24.565","13"
"112","334868","20220820033000","61","3","新竹縣","五峰鄉","121.105","24.580","112"
"23","334869","20220820033000","23","1","新竹縣","五峰鄉","121.110","24.580","29"
"107","334891","20220820033000","82","2","新竹縣","五峰鄉","121.115","24.590","92"
"154","334969","20220820033000","102","3","新竹縣","五峰鄉","121.125","24.590","84"
"99","335076","20220820033000","84","1","新竹縣","五峰鄉","121.155","24.610","74"
"69","335109","20220820033000","55","2","新竹縣","五峰鄉","121.110","24.620","64"
"22","335134","20220820033000","22","1","新竹縣","五峰鄉","121.145","24.625","23"
"80","335187","20220820033000","73","1","新竹縣","五峰鄉","121.150","24.645","81"
"111","335195","20220820033000","91","2","新竹縣","竹東鎮","121.125","24.650","93"
"45","335200","20220820033000","51","0","新竹縣","五峰鄉","121.150","24.650","38"
"204","335230","20220820033000","182","1","新竹縣","五峰鄉","121.180","24.655","177"
"213","335366","20220820033000","151","2","桃園市","復興區","121.400","24.640","186"
"27","335480","20220820033000","25","1","苗栗縣","三灣鄉","120.960","24.610","33"
"97","335520","20220820033000","81","1","苗栗縣","三灣鄉","120.925","24.640","104"
"281","335553","20220820033000","299","0","苗栗縣","三灣鄉","121.005","24.645","276"
"83","335569","20220820033000","945","0","苗栗縣","三灣鄉","120.955","24.650","86"
"47","335581","20220820033000","28","3","苗栗縣","三灣鄉","120.945","24.655","40"
"195","335594","20220820033000","90","3","苗栗縣","三灣鄉","120.975","24.645","141"
"177","335619","20220820033000","171","1","苗栗縣","三灣鄉","120.905","24.625","177"
"305","335630","20220820033000","284","1","苗栗縣","後龍鎮","120.770","24.615","296"
"60","335632","20220820033000","56","1","苗栗縣","後龍鎮","120.765","24.620","75"
"388","335635","20220820033000","420","0","苗栗縣","後龍鎮","120.780","24.620","386"
"28","335639","20220820033000","436","0","苗栗縣","後龍鎮","120.780","24.625","29"
"427","335647","20220820033000","572","0","苗栗縣","苗栗市","120.830","24.560","448"
"269","335648","20220820033000","248","1","苗栗縣","苗栗市","120.835","24.560","277"
"771","335652","20220820033000","708","1","苗栗縣","苗栗市","120.825","24.585","782"
"98","335655","20220820033000","137","0","苗栗縣","苗栗市","120.815","24.595","105"
"143","335657","20220820033000","134","1","苗栗縣","苗栗市","120.825","24.595","173"
"746","335658","20220820033000","399","3","苗栗縣","苗栗市","120.825","24.575","761"
"1585","335660","20220820033000","1602","0","苗栗縣","苗栗市","120.825","24.580","1625"
"285","335662","20220820033000","263","1","苗栗縣","苗栗市","120.810","24.560","274"
"1692","335663","20220820033000","2247","0","苗栗縣","苗栗市","120.815","24.560","1673"
"182","335666","20220820033000","356","0","苗栗縣","通霄鎮","120.715","24.560","201"
"59","335669","20220820033000","64","0","苗栗縣","通霄鎮","120.715","24.565","69"
"11","335671","20220820033000","163","0","苗栗縣","通霄鎮","120.710","24.570","13"
"157","335675","20220820033000","178","0","苗栗縣","通霄鎮","120.710","24.565","172"
"158","335689","20220820033000","147","1","苗栗縣","南庄鄉","121.005","24.615","146"
"160","335701","20220820033000","125","2","苗栗縣","南庄鄉","121.010","24.635","164"
"1710","335706","20220820033000","1909","0","苗栗縣","苗栗市","120.820","24.565","1774"
"83","335707","20220820033000","993","0","苗栗縣","苗栗市","120.820","24.570","94"
"351","335708","20220820033000","404","0","苗栗縣","苗栗市","120.820","24.575","352"
"397","335717","20220820033000","421","0","苗栗縣","後龍鎮","120.775","24.650","468"
"16","335748","20220820033000","308","0","苗栗縣","南庄鄉","120.985","24.635","17"
"1028","335753","20220820033000","819","2","苗栗縣","苗栗市","120.830","24.575","1105"
"266","335754","20220820033000","166","3","苗栗縣","苗栗市","120.830","24.580","266"
"59","335762","20220820033000","1829","0","苗栗縣","苗栗市","120.830","24.570","54"
"1048","335763","20220820033000","856","2","苗栗縣","苗栗市","120.835","24.570","1054"
"20","335766","20220820033000","104","0","苗栗縣","苗栗市","120.840","24.575","163"
"17","335767","20220820033000","329","0","苗栗縣","苗栗市","120.835","24.580","476"
"463","335776","20220820033000","312","2","苗栗縣","頭屋鄉","120.845","24.595","300"
"59","335787","20220820033000","47","2","苗栗縣","頭屋鄉","120.860","24.570","63"
"323","335795","20220820033000","215","3","苗栗縣","頭屋鄉","120.855","24.580","323"
"178","335796","20220820033000","175","1","苗栗縣","頭屋鄉","120.860","24.580","175"
"19","335799","20220820033000","297","0","苗栗縣","頭屋鄉","120.875","24.580","28"
"31","335801","20220820033000","278","0","苗栗縣","頭屋鄉","120.850","24.570","32"
"50","335802","20220820033000","54","0","苗栗縣","頭屋鄉","120.855","24.570","60"
"412","335804","20220820033000","403","1","苗栗縣","頭屋鄉","120.850","24.575","437"
"44","335805","20220820033000","246","0","苗栗縣","頭屋鄉","120.855","24.575","56"
"109","335817","20220820033000","138","0","苗栗縣","後龍鎮","120.730","24.590","137"
"139","335832","20220820033000","138","1","苗栗縣","後龍鎮","120.735","24.605","163"
"50","335884","20220820033000","93","0","苗栗縣","南庄鄉","121.000","24.570","48"
"136","335931","20220820033000","170","0","苗栗縣","南庄鄉","121.015","24.595","166"
"408","335948","20220820033000","437","0","苗栗縣","南庄鄉","120.955","24.640","407"
"397","335954","20220820033000","361","1","苗栗縣","南庄鄉","121.000","24.600","406"
"459","335959","20220820033000","427","1","苗栗縣","南庄鄉","121.000","24.605","459"
"46","336014","20220820033000","41","1","苗栗縣","南庄鄉","121.035","24.585","52"
"10","336050","20220820033000","123","0","苗栗縣","南庄鄉","121.040","24.600","10"
"233","336097","20220820033000","198","1","苗栗縣","南庄鄉","121.035","24.620","227"
"59","336103","20220820033000","65","0","苗栗縣","南庄鄉","121.020","24.620","57"
"33","336149","20220820033000","211","0","苗栗縣","頭屋鄉","120.890","24.585","28"
"181","336180","20220820033000","154","1","苗栗縣","頭屋鄉","120.885","24.600","171"
"13","336185","20220820033000","222","0","苗栗縣","頭屋鄉","120.845","24.560","13"
"23","336218","20220820033000","19","2","苗栗縣","頭屋鄉","120.895","24.570","23"
"30","336244","20220820033000","321","0","苗栗縣","頭份鎮","120.880","24.645","28"
"189","336248","20220820033000","168","1","苗栗縣","頭份鎮","120.880","24.650","174"
"496","336249","20220820033000","422","1","苗栗縣","頭份鎮","120.885","24.650","514"
"735","336266","20220820033000","790","0","苗栗縣","後龍鎮","120.785","24.610","790"
"320","336274","20220820033000","286","1","苗栗縣","後龍鎮","120.820","24.615","336"
"32","336275","20220820033000","18","3","苗栗縣","後龍鎮","120.825","24.615","25"
"601","336278","20220820033000","584","1","苗栗縣","後龍鎮","120.810","24.620","598"
"160","336282","20220820033000","174","0","苗栗縣","造橋鄉","120.815","24.625","160"
"1844","336283","20220820033000","1510","2","苗栗縣","苗栗市","120.810","24.565","1844"
"1489","336284","20220820033000","1211","2","苗栗縣","苗栗市","120.815","24.565","1470"
"203","336285","20220820033000","182","1","苗栗縣","苗栗市","120.805","24.570","202"
"17","336287","20220820033000","357","0","苗栗縣","苗栗市","120.815","24.570","11"
"61","336288","20220820033000","70","0","苗栗縣","苗栗市","120.810","24.575","62"
"423","336292","20220820033000","382","1","苗栗縣","苗栗市","120.810","24.585","407"
"177","336295","20220820033000","166","1","苗栗縣","苗栗市","120.810","24.590","187"
"19","336306","20220820033000","14","2","苗栗縣","苗栗市","120.790","24.570","21"
"13","336318","20220820033000","19","0","苗栗縣","苗栗市","120.795","24.580","17"
"26","336323","20220820033000","38","0","苗栗縣","苗栗市","120.795","24.585","17"
"461","336331","20220820033000","919","0","苗栗縣","苗栗市","120.825","24.570","486"
"91","336352","20220820033000","592","0","苗栗縣","後龍鎮","120.805","24.645","96"
"172","336359","20220820033000","105","3","苗栗縣","後龍鎮","120.805","24.650","165"
"1927","336369","20220820033000","1554","2","苗栗縣","後龍鎮","120.790","24.610","1974"
"59","336376","20220820033000","448","0","苗栗縣","後龍鎮","120.810","24.610","61"
"143","336382","20220820033000","151","0","苗栗縣","後龍鎮","120.800","24.625","143"
"201","336386","20220820033000","128","3","苗栗縣","後龍鎮","120.800","24.630","168"
"13","336390","20220820033000","237","0","苗栗縣","後龍鎮","120.800","24.635","301"
"90","336395","20220820033000","69","2","苗栗縣","後龍鎮","120.825","24.605","100"
"177","336400","20220820033000","223","0","苗栗縣","後龍鎮","120.825","24.610","171"
"32","336426","20220820033000","347","0","苗栗縣","造橋鄉","120.890","24.620","18"
"92","336440","20220820033000","83","1","苗栗縣","造橋鄉","120.925","24.600","97"
"68","336466","20220820033000","55","2","苗栗縣","造橋鄉","120.910","24.620","82"
"33","336470","20220820033000","102","0","苗栗縣","造橋鄉","120.865","24.605","24"
"20","336489","20220820033000","16","2","苗栗縣","造橋鄉","120.870","24.615","10"
"93","336492","20220820033000","70","2","苗栗縣","造橋鄉","120.855","24.620","100"
"16","336501","20220820033000","153","0","苗栗縣","造橋鄉","120.865","24.630","22"
"32","336504","20220820033000","25","2","苗栗縣","造橋鄉","120.860","24.645","34"
"257","336507","20220820033000","205","2","苗栗縣","造橋鄉","120.870","24.650","244"
"339","336511","20220820033000","180","3","苗栗縣","造橋鄉","120.860","24.655","345"
"117","336512","20220820033000","77","3","苗栗縣","造橋鄉","120.865","24.655","109"
"250","336520","20220820033000","129","3","苗栗縣","造橋鄉","120.850","24.645","228"
"232","336523","20220820033000","200","1","苗栗縣","造橋鄉","120.845","24.650","229"
"108","336526","20220820033000","142","0","苗栗縣","造橋鄉","120.840","24.650","127"
"62","336531","20220820033000","95","0","苗栗縣","造橋鄉","120.855","24.655","75"
"183","336542","20220820033000","205","0","苗栗縣","造橋鄉","120.840","24.610","199"
"11","336543","20220820033000","11","1","苗栗縣","造橋鄉","120.845","24.610","13"
"52","336546","20220820033000","30","3","苗栗縣","造橋鄉","120.840","24.615","47"
"11","336549","20220820033000","11","1","苗栗縣","造橋鄉","120.830","24.620","16"
"148","336556","20220820033000","110","2","苗栗縣","造橋鄉","120.840","24.625","141"
"38","336559","20220820033000","34","1","苗栗縣","造橋鄉","120.855","24.625","44"
"60","336569","20220820033000","44","2","苗栗縣","造橋鄉","120.860","24.640","56"
"302","336572","20220820033000","333","0","苗栗縣","造橋鄉","120.875","24.640","312"
"212","336573","20220820033000","157","2","苗栗縣","造橋鄉","120.865","24.645","219"
"94","336574","20220820033000","95","0","苗栗縣","造橋鄉","120.870","24.645","97"
"60","336587","20220820033000","40","3","苗栗縣","造橋鄉","120.820","24.630","56"
"31","336604","20220820033000","24","2","苗栗縣","造橋鄉","120.840","24.645","27"
"103","336605","20220820033000","57","3","苗栗縣","造橋鄉","120.830","24.650","105"
"76","336610","20220820033000","61","2","苗栗縣","造橋鄉","120.840","24.655","68"
"362","336662","20220820033000","283","2","苗栗縣","獅潭鄉","120.940","24.590","341"
"99","336672","20220820033000","1038","0","苗栗縣","頭份鎮","120.890","24.625","1294"
"165","336679","20220820033000","224","0","苗栗縣","頭份鎮","120.885","24.635","170"
"203","336689","20220820033000","125","3","苗栗縣","頭份鎮","120.885","24.645","217"
"24","336694","20220820033000","19","2","苗栗縣","頭份鎮","120.905","24.650","16"
"179","336696","20220820033000","103","3","苗栗縣","後龍鎮","120.815","24.635","166"
"173","336716","20220820033000","165","1","苗栗縣","後龍鎮","120.765","24.590","182"
"167","336717","20220820033000","113","2","苗栗縣","後龍鎮","120.750","24.595","153"
"192","336734","20220820033000","155","2","苗栗縣","後龍鎮","120.760","24.635","203"
"26","336737","20220820033000","32","0","苗栗縣","後龍鎮","120.775","24.635","22"
"185","336741","20220820033000","141","2","苗栗縣","後龍鎮","120.770","24.640","192"
"432","336749","20220820033000","401","1","苗栗縣","後龍鎮","120.825","24.600","385"
"307","336751","20220820033000","299","1","苗栗縣","後龍鎮","120.815","24.605","332"
"18","336767","20220820033000","153","0","苗栗縣","後龍鎮","120.790","24.590","34"
"33","336777","20220820033000","330","0","苗栗縣","後龍鎮","120.780","24.600","37"
"194","336816","20220820033000","339","0","苗栗縣","西湖鄉","120.755","24.560","198"
"387","336818","20220820033000","326","1","苗栗縣","西湖鄉","120.755","24.565","374"
"27","336841","20220820033000","626","0","苗栗縣","後龍鎮","120.790","24.615","34"
"222","336849","20220820033000","244","0","苗栗縣","後龍鎮","120.735","24.570","263"
"63","336860","20220820033000","57","1","苗栗縣","後龍鎮","120.715","24.585","62"
"80","336867","20220820033000","67","1","苗栗縣","後龍鎮","120.725","24.590","65"
"14","336873","20220820033000","13","1","苗栗縣","後龍鎮","120.725","24.600","19"
"1195","345384","20220820033000","932","2","宜蘭縣","員山鄉","121.730","24.730","1211"
"761","345386","20220820033000","494","3","宜蘭縣","冬山鄉","121.750","24.655","763"
"1021","345394","20220820033000","859","1","宜蘭縣","員山鄉","121.725","24.740","1003"
"908","345398","20220820033000","772","1","宜蘭縣","員山鄉","121.725","24.745","849"
"220","345405","20220820033000","168","2","宜蘭縣","員山鄉","121.705","24.730","231"
"314","345413","20220820033000","161","3","宜蘭縣","員山鄉","121.715","24.735","318"
"383","345414","20220820033000","377","1","宜蘭縣","員山鄉","121.720","24.735","400"
"24","345418","20220820033000","435","0","宜蘭縣","宜蘭市","121.760","24.755","26"
"1024","345419","20220820033000","1171","0","宜蘭縣","宜蘭市","121.755","24.755","967"
"319","345420","20220820033000","257","2","宜蘭縣","員山鄉","121.730","24.710","305"
"674","345431","20220820033000","509","2","宜蘭縣","宜蘭市","121.740","24.725","653"
"70","345442","20220820033000","50","2","宜蘭縣","員山鄉","121.630","24.690","78"
"15","345460","20220820033000","25","0","宜蘭縣","員山鄉","121.645","24.700","10"
"112","345472","20220820033000","81","2","宜蘭縣","員山鄉","121.645","24.705","99"
"64","345493","20220820033000","57","1","宜蘭縣","員山鄉","121.665","24.710","63"
"51","345545","20220820033000","43","1","宜蘭縣","員山鄉","121.680","24.715","48"
"371","345546","20220820033000","258","2","宜蘭縣","員山鄉","121.685","24.715","359"
"450","345550","20220820033000","328","2","宜蘭縣","員山鄉","121.685","24.720","463"
"1183","345564","20220820033000","756","3","宜蘭縣","冬山鄉","121.705","24.655","1164"
"533","345567","20220820033000","410","2","宜蘭縣","冬山鄉","121.745","24.670","506"
"30","345571","20220820033000","311","0","宜蘭縣","羅東鎮","121.750","24.685","22"
"480","345575","20220820033000","316","3","宜蘭縣","冬山鄉","121.735","24.660","467"
"495","345579","20220820033000","386","2","宜蘭縣","冬山鄉","121.745","24.665","485"
"642","345580","20220820033000","316","3","宜蘭縣","冬山鄉","121.750","24.670","653"
"507","345593","20220820033000","306","3","宜蘭縣","冬山鄉","121.735","24.680","505"
"383","345596","20220820033000","280","2","宜蘭縣","冬山鄉","121.730","24.685","388"
"597","345600","20220820033000","248","3","宜蘭縣","冬山鄉","121.740","24.690","573"
"95","345608","20220820033000","206","0","宜蘭縣","壯圍鄉","121.780","24.725","95"
"631","345621","20220820033000","363","3","宜蘭縣","宜蘭市","121.755","24.765","609"
"193","345623","20220820033000","167","1","宜蘭縣","三星鄉","121.685","24.700","216"
"300","345646","20220820033000","209","2","宜蘭縣","五結鄉","121.775","24.700","296"
"33","345649","20220820033000","177","0","宜蘭縣","五結鄉","121.790","24.700","44"
"324","345652","20220820033000","235","2","宜蘭縣","五結鄉","121.785","24.705","310"
"259","345678","20220820033000","275","0","宜蘭縣","三星鄉","121.675","24.685","283"
"104","345685","20220820033000","121","0","宜蘭縣","三星鄉","121.670","24.690","114"
"24","345695","20220820033000","102","0","宜蘭縣","三星鄉","121.685","24.695","30"
"342","345711","20220820033000","213","3","宜蘭縣","三星鄉","121.630","24.665","323"
"1031","345715","20220820033000","980","1","宜蘭縣","宜蘭市","121.755","24.760","980"
"545","345716","20220820033000","402","2","宜蘭縣","三星鄉","121.655","24.670","573"
"1415","345720","20220820033000","1259","1","宜蘭縣","三星鄉","121.650","24.665","1477"
"1005","345726","20220820033000","1031","0","宜蘭縣","壯圍鄉","121.815","24.760","1046"
"329","345731","20220820033000","251","2","宜蘭縣","大同鄉","121.600","24.675","264"
"149","345738","20220820033000","151","0","宜蘭縣","大同鄉","121.610","24.680","170"
"116","345857","20220820033000","126","0","宜蘭縣","大同鄉","121.580","24.655","133"
"237","345897","20220820033000","131","3","宜蘭縣","大同鄉","121.590","24.665","201"
"59","345918","20220820033000","52","1","宜蘭縣","大同鄉","121.590","24.670","27"
"402","345998","20220820033000","390","1","宜蘭縣","宜蘭市","121.745","24.760","402"
"430","346004","20220820033000","424","1","宜蘭縣","壯圍鄉","121.820","24.725","416"
"537","346010","20220820033000","480","1","宜蘭縣","員山鄉","121.685","24.730","560"
"502","346029","20220820033000","247","3","宜蘭縣","員山鄉","121.705","24.710","486"
"132","346033","20220820033000","106","2","宜蘭縣","員山鄉","121.725","24.710","134"
"1161","346041","20220820033000","826","2","宜蘭縣","員山鄉","121.720","24.725","1240"
"330","346048","20220820033000","265","2","宜蘭縣","員山鄉","121.700","24.745","332"
"31","346150","20220820033000","22","2","宜蘭縣","員山鄉","121.670","24.745","22"
"337","346153","20220820033000","240","2","宜蘭縣","員山鄉","121.685","24.745","330"
"24","346184","20220820033000","33","0","宜蘭縣","員山鄉","121.640","24.755","32"
"242","346231","20220820033000","179","2","宜蘭縣","冬山鄉","121.790","24.655","233"
"519","346234","20220820033000","436","1","宜蘭縣","冬山鄉","121.805","24.655","529"
"677","346247","20220820033000","623","1","宜蘭縣","羅東鎮","121.775","24.685","683"
"334","346248","20220820033000","292","1","宜蘭縣","五結鄉","121.775","24.690","328"
"915","346251","20220820033000","628","2","宜蘭縣","五結鄉","121.770","24.695","959"
"392","346252","20220820033000","306","2","宜蘭縣","五結鄉","121.775","24.695","409"
"2328","346254","20220820033000","2356","0","宜蘭縣","羅東鎮","121.770","24.680","2324"
"47","346256","20220820033000","32","2","宜蘭縣","員山鄉","121.720","24.760","41"
"2965","346259","20220820033000","2117","2","宜蘭縣","五結鄉","121.770","24.705","2960"
"1223","346261","20220820033000","636","3","宜蘭縣","五結鄉","121.785","24.685","1234"
"2043","346263","20220820033000","1840","1","宜蘭縣","五結鄉","121.795","24.685","2075"
"1104","346264","20220820033000","908","2","宜蘭縣","五結鄉","121.800","24.685","1099"
"1481","346266","20220820033000","1224","2","宜蘭縣","五結鄉","121.795","24.690","1513"
"798","346267","20220820033000","657","2","宜蘭縣","五結鄉","121.795","24.695","813"
"944","346274","20220820033000","1011","0","宜蘭縣","五結鄉","121.820","24.665","864"
"17","346275","20220820033000","18","0","宜蘭縣","五結鄉","121.825","24.665","17"
"851","346280","20220820033000","576","2","宜蘭縣","五結鄉","121.810","24.675","796"
"142","346281","20220820033000","128","1","宜蘭縣","五結鄉","121.815","24.675","144"
"649","346284","20220820033000","447","2","宜蘭縣","五結鄉","121.815","24.680","619"
"230","346286","20220820033000","155","2","宜蘭縣","五結鄉","121.800","24.680","230"
"30","346292","20220820033000","224","0","宜蘭縣","壯圍鄉","121.795","24.760","37"
"25","346296","20220820033000","18","2","宜蘭縣","三星鄉","121.665","24.675","24"
"14","346343","20220820033000","11","2","宜蘭縣","三星鄉","121.700","24.695","15"
"297","346360","20220820033000","325","0","宜蘭縣","壯圍鄉","121.815","24.745","302"
"46","346378","20220820033000","28","3","宜蘭縣","壯圍鄉","121.805","24.765","44"
"2012","346379","20220820033000","1978","1","宜蘭縣","宜蘭市","121.750","24.750","2048"
"496","346389","20220820033000","372","2","宜蘭縣","五結鄉","121.810","24.700","488"
"186","346394","20220820033000","202","0","宜蘭縣","五結鄉","121.830","24.675","187"
"546","346399","20220820033000","697","0","宜蘭縣","五結鄉","121.825","24.680","481"
"33","346400","20220820033000","99","0","宜蘭縣","五結鄉","121.830","24.680","34"
"17","346401","20220820033000","20","0","宜蘭縣","五結鄉","121.835","24.680","19"
"40","346403","20220820033000","86","0","宜蘭縣","五結鄉","121.825","24.685","51"
"139","346413","20220820033000","126","1","宜蘭縣","五結鄉","121.835","24.660","136"
"142","346416","20220820033000","92","3","宜蘭縣","五結鄉","121.835","24.665","147"
"646","346420","20220820033000","787","0","宜蘭縣","五結鄉","121.795","24.680","693"
"804","346421","20220820033000","550","2","宜蘭縣","五結鄉","121.800","24.675","785"
"693","346423","20220820033000","371","3","宜蘭縣","五結鄉","121.785","24.680","698"
"732","346429","20220820033000","328","3","宜蘭縣","冬山鄉","121.775","24.660","748"
"241","346430","20220820033000","359","0","宜蘭縣","冬山鄉","121.770","24.665","254"
"360","346431","20220820033000","510","0","宜蘭縣","宜蘭市","121.745","24.755","350"
"688","346436","20220820033000","551","2","宜蘭縣","宜蘭市","121.750","24.740","676"
"907","346437","20220820033000","769","1","宜蘭縣","宜蘭市","121.750","24.760","902"
"47","346440","20220820033000","85","0","宜蘭縣","冬山鄉","121.765","24.665","53"
"309","346442","20220820033000","259","1","宜蘭縣","冬山鄉","121.780","24.660","283"
"608","346443","20220820033000","393","3","宜蘭縣","冬山鄉","121.785","24.660","600"
"160","346456","20220820033000","144","1","宜蘭縣","宜蘭市","121.770","24.720","150"
"1023","346457","20220820033000","743","2","宜蘭縣","宜蘭市","121.760","24.720","1020"
"268","346458","20220820033000","207","2","宜蘭縣","宜蘭市","121.765","24.720","263"
"237","346461","20220820033000","184","2","宜蘭縣","五結鄉","121.820","24.695","199"
"174","346470","20220820033000","113","3","宜蘭縣","五結鄉","121.810","24.705","177"
"653","346472","20220820033000","552","1","宜蘭縣","五結鄉","121.820","24.705","635"
"226","346534","20220820033000","188","2","宜蘭縣","三星鄉","121.680","24.665","208"
"413","346538","20220820033000","275","3","宜蘭縣","三星鄉","121.680","24.670","402"
"431","346540","20220820033000","420","1","宜蘭縣","宜蘭市","121.740","24.760","427"
"377","346545","20220820033000","783","0","宜蘭縣","員山鄉","121.710","24.750","304"
"356","346553","20220820033000","227","3","宜蘭縣","員山鄉","121.715","24.760","406"
"681","346555","20220820033000","526","2","宜蘭縣","羅東鎮","121.765","24.690","732"
"621","346556","20220820033000","611","1","宜蘭縣","五結鄉","121.770","24.690","591"
"292","346558","20220820033000","228","2","宜蘭縣","壯圍鄉","121.800","24.730","293"
"1797","346566","20220820033000","1493","2","宜蘭縣","壯圍鄉","121.785","24.745","1911"
"456","346572","20220820033000","396","1","宜蘭縣","三星鄉","121.690","24.680","434"
"133","346599","20220820033000","154","0","宜蘭縣","三星鄉","121.700","24.665","126"
"676","346607","20220820033000","494","2","宜蘭縣","三星鄉","121.710","24.670","671"
"688","346608","20220820033000","577","1","宜蘭縣","三星鄉","121.715","24.670","689"
"313","346611","20220820033000","212","2","宜蘭縣","冬山鄉","121.730","24.670","341"
"608","346626","20220820033000","729","0","宜蘭縣","員山鄉","121.725","24.765","621"
"1352","346628","20220820033000","2946","0","宜蘭縣","羅東鎮","121.770","24.675","1397"
"3499","346629","20220820033000","2940","1","宜蘭縣","羅東鎮","121.760","24.680","3430"
"2384","346630","20220820033000","2188","1","宜蘭縣","羅東鎮","121.760","24.675","2305"
"568","346634","20220820033000","417","2","宜蘭縣","宜蘭市","121.775","24.735","555"
"916","346635","20220820033000","685","2","宜蘭縣","宜蘭市","121.765","24.740","896"
"1483","346642","20220820033000","1572","0","宜蘭縣","宜蘭市","121.770","24.750","1538"
"13","346652","20220820033000","70","0","宜蘭縣","壯圍鄉","121.805","24.720","13"
"1802","346668","20220820033000","1148","3","宜蘭縣","宜蘭市","121.750","24.755","1716"
"902","346672","20220820033000","831","1","宜蘭縣","冬山鄉","121.770","24.655","906"
"1085","346673","20220820033000","918","1","宜蘭縣","冬山鄉","121.755","24.660","1098"
"500","346674","20220820033000","436","1","宜蘭縣","冬山鄉","121.760","24.660","510"
"723","346675","20220820033000","489","2","宜蘭縣","冬山鄉","121.765","24.660","729"
"1371","346678","20220820033000","967","2","宜蘭縣","羅東鎮","121.780","24.675","1103"
"469","346684","20220820033000","481","0","宜蘭縣","宜蘭市","121.770","24.725","483"
"440","346685","20220820033000","401","1","宜蘭縣","宜蘭市","121.765","24.725","452"
"2029","346692","20220820033000","1587","2","宜蘭縣","宜蘭市","121.755","24.745","2094"
"616","346698","20220820033000","278","3","宜蘭縣","三星鄉","121.725","24.690","629"
"631","346702","20220820033000","453","2","宜蘭縣","三星鄉","121.730","24.695","621"
"668","346710","20220820033000","608","1","宜蘭縣","羅東鎮","121.755","24.670","686"
"659","346712","20220820033000","777","0","宜蘭縣","羅東鎮","121.765","24.670","719"
"788","346713","20220820033000","591","2","宜蘭縣","五結鄉","121.800","24.690","794"
"1260","346714","20220820033000","943","2","宜蘭縣","五結鄉","121.800","24.695","1196"
"436","346718","20220820033000","472","0","宜蘭縣","五結鄉","121.790","24.705","423"
"268","346731","20220820033000","282","0","宜蘭縣","三星鄉","121.745","24.700","282"
"2377","346739","20220820033000","2216","1","新竹縣","竹東鎮","121.100","24.720","2505"
"56","346747","20220820033000","61","0","新竹縣","竹東鎮","121.035","24.760","65"
"2729","346754","20220820033000","1957","2","新竹縣","竹東鎮","121.090","24.745","2759"
"817","346790","20220820033000","743","1","新竹市","香山區","120.955","24.750","801"
"91","346791","20220820033000","95","0","新竹市","香山區","120.940","24.755","83"
"259","346792","20220820033000","175","2","新竹市","香山區","120.945","24.755","248"
"536","346793","20220820033000","765","0","新竹市","香山區","120.950","24.755","510"
"161","346794","20220820033000","115","2","新竹市","香山區","120.920","24.720","185"
"517","346797","20220820033000","450","1","新竹市","香山區","120.915","24.730","517"
"283","346804","20220820033000","210","2","新竹市","香山區","120.915","24.735","282"
"359","346806","20220820033000","352","1","新竹市","香山區","120.915","24.740","382"
"1155","346812","20220820033000","796","2","新竹市","香山區","120.910","24.745","1135"
"108","346817","20220820033000","125","0","新竹市","香山區","120.880","24.735","95"
"313","346825","20220820033000","288","1","新竹市","香山區","120.895","24.740","333"
"13","346835","20220820033000","89","0","新竹市","香山區","120.925","24.715","13"
"23","346841","20220820033000","109","0","新竹市","香山區","120.930","24.725","25"
"169","346860","20220820033000","133","2","新竹縣","關西鎮","121.210","24.760","134"
"32","346863","20220820033000","42","0","新竹縣","關西鎮","121.225","24.760","36"
"129","346867","20220820033000","83","3","新竹縣","關西鎮","121.215","24.765","83"
"126","346868","20220820033000","81","3","新竹縣","關西鎮","121.220","24.765","127"
"131","346896","20220820033000","94","2","新竹縣","關西鎮","121.240","24.765","121"
"256","346907","20220820033000","127","3","新竹縣","關西鎮","121.230","24.770","251"
"1409","346918","20220820033000","1241","1","新竹市","東區","121.020","24.760","1362"
"52","346919","20220820033000","80","0","新竹市","東區","121.025","24.760","44"
"379","346920","20220820033000","443","0","新竹市","東區","121.020","24.765","367"
"729","346921","20220820033000","829","0","新竹市","東區","121.025","24.765","709"
"4681","346922","20220820033000","3523","2","新竹市","東區","121.015","24.770","4319"
"907","346923","20220820033000","1356","0","新竹市","東區","121.020","24.770","949"
"323","346924","20220820033000","285","1","新竹市","東區","121.025","24.770","316"
"126","346931","20220820033000","684","0","新竹縣","竹東鎮","121.090","24.735","122"
"191","346936","20220820033000","330","0","新竹縣","橫山鄉","121.100","24.710","178"
"759","346937","20220820033000","705","1","新竹縣","竹東鎮","121.100","24.715","759"
"467","346949","20220820033000","437","1","新竹縣","橫山鄉","121.180","24.705","459"
"214","346961","20220820033000","211","1","新竹縣","橫山鄉","121.165","24.710","239"
"172","346964","20220820033000","157","1","新竹縣","橫山鄉","121.150","24.715","186"
"10","346967","20220820033000","44","0","新竹縣","橫山鄉","121.165","24.715","11"
"918","347497","20220820033000","1100","0","新竹市","東區","120.975","24.765","878"
"883","347498","20220820033000","506","3","新竹市","東區","120.980","24.765","866"
"333","347499","20220820033000","281","1","新竹市","東區","120.970","24.770","351"
"1817","347500","20220820033000","1491","2","新竹市","東區","120.975","24.770","1814"
"382","347505","20220820033000","290","2","新竹市","東區","120.965","24.765","410"
"944","347506","20220820033000","909","1","新竹市","東區","120.970","24.765","957"
"73","347507","20220820033000","63","1","新竹市","東區","120.965","24.770","98"
"1151","347508","20220820033000","916","2","新竹縣","竹東鎮","121.085","24.735","1194"
"299","347515","20220820033000","458","0","新竹縣","竹東鎮","121.075","24.725","297"
"388","347520","20220820033000","388","1","新竹縣","竹東鎮","121.090","24.730","407"
"1446","347521","20220820033000","1250","1","新竹縣","竹東鎮","121.085","24.740","1444"
"1091","347522","20220820033000","817","2","新竹縣","竹東鎮","121.100","24.745","1060"
"451","347533","20220820033000","417","1","新竹縣","芎林鄉","121.125","24.725","453"
"299","347538","20220820033000","289","1","新竹縣","芎林鄉","121.120","24.735","327"
"156","347547","20220820033000","147","1","新竹縣","芎林鄉","121.135","24.745","163"
"47","347555","20220820033000","47","1","新竹縣","芎林鄉","121.140","24.750","52"
"85","347573","20220820033000","71","1","新竹縣","關西鎮","121.185","24.755","87"
"36","347587","20220820033000","54","0","新竹縣","關西鎮","121.205","24.765","36"
"36","347621","20220820033000","20","3","新竹縣","關西鎮","121.195","24.750","40"
"29","347640","20220820033000","66","0","新竹縣","關西鎮","121.180","24.745","33"
"44","347650","20220820033000","41","1","新竹縣","關西鎮","121.170","24.755","48"
"141","347665","20220820033000","68","3","新竹縣","關西鎮","121.170","24.765","131"
"156","347670","20220820033000","157","0","新竹縣","關西鎮","121.170","24.770","171"
"2830","347702","20220820033000","2576","1","新竹縣","竹東鎮","121.090","24.740","2937"
"265","347705","20220820033000","244","1","新竹縣","竹東鎮","121.100","24.695","266"
"1258","347714","20220820033000","953","2","新竹縣","竹東鎮","121.050","24.770","1294"
"154","347720","20220820033000","105","2","新竹縣","寶山鄉","121.030","24.735","158"
"123","347740","20220820033000","162","0","新竹縣","寶山鄉","121.030","24.750","120"
"117","347774","20220820033000","68","3","新竹縣","寶山鄉","121.050","24.730","111"
"126","347788","20220820033000","85","2","新竹縣","寶山鄉","121.040","24.745","131"
"114","347794","20220820033000","92","2","新竹縣","寶山鄉","121.045","24.745","102"
"23","347799","20220820033000","16","2","新竹縣","寶山鄉","121.050","24.750","25"
"176","347805","20220820033000","166","1","新竹縣","寶山鄉","120.960","24.725","180"
"141","347806","20220820033000","119","1","新竹縣","寶山鄉","120.965","24.725","122"
"28","347808","20220820033000","19","2","新竹縣","寶山鄉","120.975","24.725","31"
"181","347809","20220820033000","179","1","新竹縣","寶山鄉","120.980","24.725","178"
"292","347812","20220820033000","265","1","新竹縣","寶山鄉","120.965","24.730","247"
"12","347817","20220820033000","14","0","新竹縣","寶山鄉","120.965","24.735","12"
"22","347818","20220820033000","20","1","新竹縣","寶山鄉","120.970","24.735","19"
"71","347821","20220820033000","58","2","新竹縣","寶山鄉","120.985","24.735","76"
"101","347823","20220820033000","109","0","新竹縣","寶山鄉","120.970","24.740","113"
"91","347832","20220820033000","86","1","新竹縣","寶山鄉","120.980","24.745","86"
"208","347835","20220820033000","180","1","新竹縣","寶山鄉","120.980","24.755","179"
"65","347842","20220820033000","79","0","新竹縣","寶山鄉","121.000","24.715","73"
"125","347845","20220820033000","89","2","新竹縣","寶山鄉","121.015","24.715","125"
"519","347878","20220820033000","469","1","新竹縣","寶山鄉","120.940","24.725","503"
"55","347882","20220820033000","47","1","新竹縣","寶山鄉","120.945","24.740","56"
"127","347889","20220820033000","130","0","新竹縣","寶山鄉","120.960","24.745","138"
"15","347900","20220820033000","58","0","新竹縣","北埔鄉","121.055","24.670","16"
"1384","347925","20220820033000","1192","1","新竹縣","北埔鄉","121.055","24.695","1356"
"183","347926","20220820033000","139","2","新竹縣","北埔鄉","121.045","24.700","165"
"378","347927","20220820033000","221","3","新竹縣","北埔鄉","121.050","24.700","382"
"45","347930","20220820033000","40","1","新竹縣","北埔鄉","121.045","24.705","45"
"22","347931","20220820033000","27","0","新竹縣","北埔鄉","121.050","24.705","21"
"76","347934","20220820033000","64","1","新竹縣","北埔鄉","121.045","24.715","73"
"281","347949","20220820033000","234","2","新竹縣","北埔鄉","121.065","24.675","268"
"455","347958","20220820033000","376","2","新竹縣","橫山鄉","121.130","24.725","470"
"370","347976","20220820033000","361","1","新竹縣","橫山鄉","121.140","24.720","406"
"51","347986","20220820033000","25","3","新竹縣","橫山鄉","121.130","24.700","36"
"64","347995","20220820033000","83","0","新竹縣","橫山鄉","121.115","24.710","66"
"449","348000","20220820033000","368","2","新竹縣","橫山鄉","121.110","24.715","477"
"134","348001","20220820033000","122","1","新竹縣","橫山鄉","121.115","24.715","109"
"36","348006","20220820033000","144","0","新竹縣","橫山鄉","121.115","24.720","30"
"510","348007","20220820033000","623","0","新竹縣","橫山鄉","121.120","24.720","560"
"10","348008","20220820033000","36","0","新竹縣","橫山鄉","121.125","24.720","10"
"346","348022","20220820033000","259","2","新竹縣","橫山鄉","121.160","24.740","344"
"125","348032","20220820033000","77","3","新竹縣","橫山鄉","121.165","24.745","130"
"62","348040","20220820033000","37","3","新竹縣","橫山鄉","121.105","24.680","55"
"71","348074","20220820033000","70","1","新竹縣","橫山鄉","121.165","24.730","72"
"28","348079","20220820033000","39","0","新竹縣","橫山鄉","121.190","24.730","36"
"21","348083","20220820033000","27","0","新竹縣","橫山鄉","121.180","24.735","22"
"18","348089","20220820033000","13","2","新竹縣","關西鎮","121.185","24.740","12"
"279","348136","20220820033000","153","3","新竹縣","橫山鄉","121.140","24.700","268"
"1133","348137","20220820033000","1029","1","新竹縣","竹東鎮","121.095","24.735","1123"
"1625","348138","20220820033000","1489","1","新竹縣","竹東鎮","121.100","24.735","1606"
"40","348144","20220820033000","35","1","新竹縣","芎林鄉","121.110","24.770","32"
"686","348163","20220820033000","595","1","新竹縣","芎林鄉","121.085","24.765","696"
"23","348164","20220820033000","21","1","新竹縣","芎林鄉","121.085","24.770","19"
"392","348165","20220820033000","382","1","新竹縣","芎林鄉","121.095","24.760","401"
"82","348190","20220820033000","66","2","新竹縣","芎林鄉","121.125","24.755","81"
"10","348191","20220820033000","12","0","新竹縣","芎林鄉","121.130","24.755","13"
"217","348207","20220820033000","198","1","新竹縣","寶山鄉","120.985","24.750","255"
"203","348212","20220820033000","244","0","新竹縣","寶山鄉","120.995","24.755","215"
"1456","348213","20220820033000","1093","2","新竹縣","寶山鄉","120.985","24.760","1509"
"755","348217","20220820033000","704","1","新竹縣","寶山鄉","120.990","24.765","778"
"179","348225","20220820033000","157","1","新竹縣","尖石鄉","121.200","24.705","167"
"11","348257","20220820033000","37","0","新竹縣","尖石鄉","121.235","24.720","20"
"57","348272","20220820033000","52","1","新竹縣","尖石鄉","121.225","24.730","76"
"86","348276","20220820033000","56","3","新竹縣","尖石鄉","121.245","24.730","100"
"180","348320","20220820033000","92","3","新竹縣","尖石鄉","121.260","24.705","93"
"22","348335","20220820033000","48","0","新竹縣","尖石鄉","121.280","24.710","11"
"162","348345","20220820033000","122","2","新竹縣","尖石鄉","121.270","24.715","171"
"326","348353","20220820033000","469","0","新竹縣","尖石鄉","121.250","24.720","290"
"172","348419","20220820033000","170","1","新竹縣","尖石鄉","121.265","24.745","159"
"40","348461","20220820033000","32","2","新竹縣","尖石鄉","121.185","24.665","32"
"71","348468","20220820033000","57","2","新竹縣","尖石鄉","121.195","24.670","74"
"34","348469","20220820033000","28","2","新竹縣","尖石鄉","121.200","24.670","31"
"71","348470","20220820033000","68","1","新竹縣","尖石鄉","121.205","24.670","64"
"138","348506","20220820033000","66","3","新竹縣","尖石鄉","121.350","24.660","115"
"86","348549","20220820033000","69","2","新竹縣","尖石鄉","121.310","24.685","76"
"270","348577","20220820033000","162","3","新竹縣","尖石鄉","121.280","24.665","260"
"185","348584","20220820033000","188","0","新竹縣","五峰鄉","121.150","24.670","186"
"138","348588","20220820033000","84","3","新竹縣","尖石鄉","121.170","24.670","100"
"94","348599","20220820033000","100","0","新竹縣","尖石鄉","121.170","24.680","68"
"93","348600","20220820033000","147","0","新竹縣","尖石鄉","121.175","24.680","94"
"13","348608","20220820033000","22","0","新竹縣","尖石鄉","121.185","24.685","29"
"37","348708","20220820033000","29","2","新竹縣","尖石鄉","121.235","24.680","51"
"208","348711","20220820033000","153","2","新竹縣","尖石鄉","121.250","24.680","237"
"70","348720","20220820033000","129","0","新竹縣","尖石鄉","121.220","24.685","62"
"483","348785","20220820033000","295","3","新竹縣","尖石鄉","121.220","24.705","429"
"55","348819","20220820033000","51","1","新竹縣","峨眉鄉","121.035","24.695","56"
"52","348820","20220820033000","161","0","新竹縣","北埔鄉","121.040","24.695","63"
"98","348822","20220820033000","88","1","新竹縣","峨眉鄉","121.035","24.700","90"
"78","348831","20220820033000","87","0","新竹縣","峨眉鄉","120.985","24.685","74"
"39","348834","20220820033000","28","2","新竹縣","峨眉鄉","120.970","24.690","39"
"141","348838","20220820033000","117","2","新竹縣","峨眉鄉","120.990","24.690","142"
"61","348845","20220820033000","51","1","新竹縣","峨眉鄉","120.985","24.700","55"
"33","348851","20220820033000","45","0","新竹縣","峨眉鄉","120.990","24.705","44"
"409","348861","20220820033000","344","1","新竹縣","峨眉鄉","121.025","24.685","438"
"259","348863","20220820033000","205","2","新竹縣","峨眉鄉","121.020","24.690","270"
"172","348870","20220820033000","188","0","新竹縣","北埔鄉","121.055","24.685","176"
"144","348889","20220820033000","125","1","新竹縣","北埔鄉","121.090","24.690","148"
"99","348892","20220820033000","72","2","新竹縣","北埔鄉","121.070","24.695","103"
"11","348903","20220820033000","10","1","新竹縣","北埔鄉","121.075","24.700","11"
"573","348909","20220820033000","486","1","新竹縣","北埔鄉","121.060","24.700","573"
"49","348910","20220820033000","62","0","新竹縣","北埔鄉","121.065","24.700","130"
"22","348919","20220820033000","24","0","新竹縣","北埔鄉","121.060","24.710","16"
"12","348944","20220820033000","12","1","新竹縣","寶山鄉","121.000","24.720","12"
"128","348947","20220820033000","94","2","新竹縣","寶山鄉","121.000","24.725","128"
"36","348952","20220820033000","44","0","新竹縣","寶山鄉","121.005","24.730","45"
"354","348957","20220820033000","265","2","新竹縣","寶山鄉","120.990","24.740","337"
"80","348958","20220820033000","54","2","新竹縣","寶山鄉","120.995","24.740","82"
"37","348969","20220820033000","34","1","新竹縣","寶山鄉","121.005","24.745","26"
"771","348971","20220820033000","901","0","新竹縣","寶山鄉","121.005","24.750","797"
"562","348978","20220820033000","531","1","新竹縣","寶山鄉","121.020","24.755","565"
"289","348983","20220820033000","313","0","新竹縣","寶山鄉","121.000","24.765","284"
"754","348986","20220820033000","849","0","新竹縣","寶山鄉","121.015","24.765","820"
"628","348987","20220820033000","645","0","新竹縣","寶山鄉","121.000","24.770","606"
"83","348988","20220820033000","48","3","新竹縣","寶山鄉","121.005","24.770","76"
"189","348989","20220820033000","370","0","新竹縣","寶山鄉","121.010","24.770","225"
"75","348993","20220820033000","65","1","新竹縣","峨眉鄉","120.990","24.665","77"
"32","349000","20220820033000","32","1","新竹縣","峨眉鄉","120.995","24.670","34"
"55","349005","20220820033000","50","1","新竹縣","峨眉鄉","120.985","24.675","72"
"87","349012","20220820033000","78","1","新竹縣","峨眉鄉","120.990","24.680","86"
"149","349031","20220820033000","120","2","新竹縣","峨眉鄉","121.000","24.700","166"
"1253","349060","20220820033000","1191","1","新竹縣","竹東鎮","121.060","24.750","1293"
"310","349062","20220820033000","294","1","新竹縣","竹東鎮","121.070","24.750","316"
"847","349066","20220820033000","811","1","新竹縣","竹東鎮","121.070","24.755","861"
"1852","349070","20220820033000","1614","1","新竹縣","竹東鎮","121.065","24.760","1868"
"5195","349073","20220820033000","4294","2","新竹縣","竹東鎮","121.060","24.765","5132"
"136","349074","20220820033000","80","3","新竹縣","竹東鎮","121.065","24.765","124"
"184","349079","20220820033000","117","3","新竹縣","竹東鎮","121.120","24.660","176"
"71","349087","20220820033000","312","0","新竹縣","竹東鎮","121.090","24.720","73"
"2199","349088","20220820033000","1872","1","新竹縣","竹東鎮","121.095","24.720","2203"
"2953","349089","20220820033000","2601","1","新竹縣","竹東鎮","121.090","24.725","3034"
"775","349090","20220820033000","699","1","新竹縣","竹東鎮","121.095","24.725","789"
"1902","349092","20220820033000","1167","3","新竹縣","竹東鎮","121.095","24.730","1965"
"303","349094","20220820033000","354","0","新竹縣","竹東鎮","121.105","24.730","313"
"335","349096","20220820033000","406","0","新竹縣","竹東鎮","121.055","24.755","318"
"60","349099","20220820033000","59","1","新竹縣","竹東鎮","121.045","24.765","62"
"769","349103","20220820033000","803","0","新竹縣","竹東鎮","121.060","24.770","799"
"783","349105","20220820033000","577","2","新竹縣","竹東鎮","121.080","24.735","813"
"176","349109","20220820033000","73","3","新竹縣","竹東鎮","121.080","24.740","147"
"108","349110","20220820033000","58","3","新竹縣","竹東鎮","121.075","24.745","104"
"1017","349113","20220820033000","1140","0","新竹縣","竹東鎮","121.080","24.745","1082"
"1843","349114","20220820033000","1410","2","新竹縣","竹東鎮","121.085","24.745","1871"
"231","349115","20220820033000","190","2","新竹縣","竹東鎮","121.080","24.750","226"
"679","349118","20220820033000","686","0","宜蘭縣","宜蘭市","121.780","24.750","635"
"902","349120","20220820033000","730","2","宜蘭縣","宜蘭市","121.765","24.755","905"
"610","349124","20220820033000","688","0","宜蘭縣","宜蘭市","121.765","24.760","622"
"364","349125","20220820033000","389","0","宜蘭縣","宜蘭市","121.770","24.760","393"
"93","349130","20220820033000","123","0","宜蘭縣","宜蘭市","121.760","24.725","86"
"536","349131","20220820033000","385","2","宜蘭縣","宜蘭市","121.755","24.730","538"
"77","349132","20220820033000","36","3","宜蘭縣","宜蘭市","121.760","24.730","69"
"497","349136","20220820033000","459","1","宜蘭縣","宜蘭市","121.755","24.740","526"
"471","349139","20220820033000","350","2","宜蘭縣","宜蘭市","121.735","24.755","468"
"933","349140","20220820033000","972","0","宜蘭縣","宜蘭市","121.740","24.755","912"
"20","349143","20220820033000","29","0","宜蘭縣","羅東鎮","121.755","24.680","17"
"2010","349144","20220820033000","1701","1","宜蘭縣","羅東鎮","121.775","24.680","2008"
"1683","349145","20220820033000","1557","1","宜蘭縣","羅東鎮","121.775","24.675","1709"
"1046","349146","20220820033000","727","2","宜蘭縣","羅東鎮","121.750","24.675","1034"
"643","349147","20220820033000","564","1","宜蘭縣","羅東鎮","121.770","24.685","658"
"381","349149","20220820033000","221","3","宜蘭縣","羅東鎮","121.750","24.680","402"
"190","349158","20220820033000","54","3","新竹市","香山區","120.930","24.745","201"
"98","349160","20220820033000","73","2","新竹市","香山區","120.925","24.750","118"
"535","349162","20220820033000","363","2","新竹市","香山區","120.915","24.760","542"
"960","349166","20220820033000","767","2","新竹市","香山區","120.915","24.765","968"
"90","349176","20220820033000","106","0","新竹市","香山區","120.955","24.760","77"
"23","349177","20220820033000","24","0","新竹市","東區","120.960","24.760","28"
"1356","349183","20220820033000","1175","1","新竹市","香山區","120.955","24.770","1355"
"408","349184","20220820033000","445","0","新竹市","香山區","120.960","24.770","418"
"16","349194","20220820033000","70","0","新竹市","香山區","120.905","24.760","19"
"132","349196","20220820033000","311","0","新竹市","香山區","120.920","24.760","103"
"85","349198","20220820033000","66","2","新竹市","香山區","120.930","24.760","80"
"160","349199","20220820033000","61","3","新竹市","香山區","120.935","24.760","151"
"57","349203","20220820033000","91","0","宜蘭縣","宜蘭市","121.765","24.745","69"
"979","349204","20220820033000","1029","0","宜蘭縣","宜蘭市","121.760","24.750","933"
"1041","349205","20220820033000","820","2","宜蘭縣","宜蘭市","121.765","24.750","991"
"2102","349206","20220820033000","2001","1","宜蘭縣","羅東鎮","121.775","24.670","2140"
"1177","349207","20220820033000","1074","1","宜蘭縣","羅東鎮","121.755","24.675","1095"
"29","349208","20220820033000","271","0","宜蘭縣","羅東鎮","121.755","24.690","32"
"74","349210","20220820033000","106","0","宜蘭縣","羅東鎮","121.755","24.695","73"
"850","349211","20220820033000","579","2","宜蘭縣","羅東鎮","121.760","24.695","822"
"902","349214","20220820033000","1737","0","宜蘭縣","羅東鎮","121.770","24.670","903"
"751","349216","20220820033000","672","1","宜蘭縣","羅東鎮","121.800","24.665","716"
"1248","349222","20220820033000","565","3","宜蘭縣","羅東鎮","121.795","24.675","1254"
"859","349224","20220820033000","736","1","宜蘭縣","羅東鎮","121.785","24.675","807"
"3011","349225","20220820033000","2068","2","宜蘭縣","羅東鎮","121.780","24.680","2851"
"1329","349227","20220820033000","1480","0","宜蘭縣","宜蘭市","121.750","24.745","1362"
"1177","349228","20220820033000","1134","1","宜蘭縣","員山鄉","121.735","24.745","1144"
"1747","349229","20220820033000","1975","0","宜蘭縣","宜蘭市","121.740","24.745","1742"
"1439","349230","20220820033000","1037","2","宜蘭縣","宜蘭市","121.745","24.745","1449"
"451","349231","20220820033000","381","1","宜蘭縣","宜蘭市","121.730","24.750","476"
"1515","349232","20220820033000","1669","0","宜蘭縣","宜蘭市","121.735","24.750","1557"
"1551","349234","20220820033000","1324","1","宜蘭縣","羅東鎮","121.765","24.675","1568"
"823","349235","20220820033000","799","1","宜蘭縣","宜蘭市","121.760","24.760","801"
"883","349236","20220820033000","663","2","宜蘭縣","宜蘭市","121.750","24.765","874"
"439","349237","20220820033000","422","1","宜蘭縣","宜蘭市","121.745","24.750","411"
"605","349238","20220820033000","440","2","宜蘭縣","宜蘭市","121.760","24.765","584"
"916","349240","20220820033000","792","1","宜蘭縣","羅東鎮","121.755","24.685","890"
"24","349296","20220820033000","22","1","桃園市","復興區","121.350","24.760","33"
"107","349422","20220820033000","90","1","桃園市","復興區","121.390","24.660","116"
"25","349482","20220820033000","34","0","桃園市","復興區","121.385","24.680","31"
"237","349502","20220820033000","158","3","桃園市","復興區","121.395","24.685","279"
"454","349582","20220820033000","166","3","桃園市","復興區","121.410","24.705","303"
"17","349642","20220820033000","14","2","桃園市","復興區","121.365","24.695","20"
"26","349676","20220820033000","26","1","桃園市","復興區","121.350","24.705","28"
"71","349762","20220820033000","52","2","桃園市","復興區","121.345","24.725","71"
"10","349768","20220820033000","11","0","桃園市","復興區","121.375","24.725","10"
"49","349769","20220820033000","39","2","桃園市","復興區","121.380","24.725","49"
"19","349794","20220820033000","13","2","桃園市","復興區","121.375","24.730","19"
"38","349865","20220820033000","26","2","桃園市","復興區","121.365","24.740","46"
"152","349883","20220820033000","170","0","新竹市","香山區","120.940","24.760","159"
"270","349889","20220820033000","217","2","新竹市","香山區","120.935","24.770","353"
"306","349896","20220820033000","254","2","新竹市","香山區","120.905","24.750","327"
"523","349897","20220820033000","286","3","新竹市","香山區","120.910","24.750","533"
"1251","349904","20220820033000","867","2","新竹縣","竹東鎮","121.030","24.770","1072"
"87","349937","20220820033000","48","3","桃園市","復興區","121.365","24.675","71"
"11","349983","20220820033000","145","0","苗栗縣","三灣鄉","120.965","24.665","13"
"323","349985","20220820033000","280","1","苗栗縣","三灣鄉","120.975","24.665","305"
"228","350003","20220820033000","192","1","苗栗縣","三灣鄉","120.950","24.670","199"
"167","350012","20220820033000","132","2","苗栗縣","頭份鎮","120.955","24.680","173"
"23","350014","20220820033000","304","0","苗栗縣","頭份鎮","120.965","24.680","386"
"31","350017","20220820033000","370","0","苗栗縣","頭份鎮","120.960","24.685","38"
"385","350018","20220820033000","236","3","苗栗縣","頭份鎮","120.965","24.685","339"
"164","350019","20220820033000","139","1","苗栗縣","竹南鎮","120.880","24.680","167"
"2898","350021","20220820033000","2502","1","苗栗縣","竹南鎮","120.885","24.685","2914"
"26","350023","20220820033000","26","1","苗栗縣","頭份鎮","120.925","24.690","24"
"1133","350024","20220820033000","794","2","苗栗縣","頭份鎮","120.930","24.690","1142"
"404","350031","20220820033000","351","1","苗栗縣","頭份鎮","120.920","24.665","390"
"47","350036","20220820033000","459","0","苗栗縣","頭份鎮","120.920","24.670","39"
"299","350042","20220820033000","320","0","苗栗縣","頭份鎮","120.925","24.675","292"
"26","350052","20220820033000","148","0","苗栗縣","後龍鎮","120.820","24.660","30"
"354","350068","20220820033000","281","2","苗栗縣","頭份鎮","120.910","24.690","364"
"872","350073","20220820033000","743","1","苗栗縣","竹南鎮","120.885","24.695","907"
"916","350075","20220820033000","642","2","苗栗縣","頭份鎮","120.890","24.695","912"
"1598","350077","20220820033000","1200","2","苗栗縣","頭份鎮","120.910","24.695","1638"
"961","350078","20220820033000","808","1","苗栗縣","頭份鎮","120.910","24.700","922"
"660","350080","20220820033000","514","2","苗栗縣","頭份鎮","120.940","24.680","641"
"186","350082","20220820033000","276","0","苗栗縣","頭份鎮","120.950","24.680","179"
"704","350085","20220820033000","648","1","苗栗縣","頭份鎮","120.925","24.685","706"
"355","350087","20220820033000","376","0","苗栗縣","頭份鎮","120.935","24.685","374"
"2048","350090","20220820033000","1507","2","苗栗縣","頭份鎮","120.895","24.690","2030"
"1156","350091","20220820033000","1579","0","苗栗縣","頭份鎮","120.905","24.690","1170"
"497","350092","20220820033000","972","0","苗栗縣","頭份鎮","120.905","24.685","456"
"157","350095","20220820033000","433","0","苗栗縣","頭份鎮","120.945","24.690","148"
"10","350099","20220820033000","45","0","苗栗縣","頭份鎮","120.950","24.695","10"
"21","350102","20220820033000","210","0","苗栗縣","頭份鎮","120.935","24.700","22"
"30","350103","20220820033000","393","0","苗栗縣","頭份鎮","120.940","24.695","35"
"125","350109","20220820033000","137","0","苗栗縣","頭份鎮","120.940","24.700","124"
"14","350110","20220820033000","20","0","苗栗縣","頭份鎮","120.945","24.700","13"
"785","350112","20220820033000","473","3","苗栗縣","頭份鎮","120.930","24.705","763"
"177","350117","20220820033000","178","0","苗栗縣","頭份鎮","120.935","24.710","188"
"422","350118","20220820033000","403","1","苗栗縣","頭份鎮","120.885","24.665","427"
"40","350124","20220820033000","295","0","苗栗縣","頭份鎮","120.885","24.675","34"
"398","350127","20220820033000","532","0","苗栗縣","頭份鎮","120.905","24.700","401"
"873","350128","20220820033000","1387","0","苗栗縣","頭份鎮","120.900","24.695","867"
"1111","350129","20220820033000","976","1","苗栗縣","頭份鎮","120.905","24.695","1105"
"130","350131","20220820033000","320","0","苗栗縣","頭份鎮","120.915","24.690","127"
"1256","350132","20220820033000","1490","0","苗栗縣","頭份鎮","120.915","24.695","1352"
"29","350142","20220820033000","30","0","苗栗縣","頭份鎮","120.915","24.665","26"
"58","350146","20220820033000","456","0","苗栗縣","頭份鎮","120.915","24.670","68"
"858","350150","20220820033000","601","2","苗栗縣","竹南鎮","120.860","24.695","925"
"820","350151","20220820033000","567","2","苗栗縣","竹南鎮","120.865","24.695","788"
"290","350154","20220820033000","747","0","苗栗縣","竹南鎮","120.870","24.695","307"
"88","350155","20220820033000","636","0","苗栗縣","竹南鎮","120.880","24.695","89"
"347","350156","20220820033000","336","1","苗栗縣","竹南鎮","120.865","24.680","349"
"391","350157","20220820033000","291","2","苗栗縣","竹南鎮","120.910","24.710","379"
"625","350159","20220820033000","630","0","苗栗縣","竹南鎮","120.920","24.705","616"
"329","350160","20220820033000","516","0","苗栗縣","頭份鎮","120.925","24.705","329"
"114","350161","20220820033000","103","1","苗栗縣","竹南鎮","120.915","24.705","150"
"1106","350162","20220820033000","1124","0","苗栗縣","竹南鎮","120.915","24.710","1105"
"310","350163","20220820033000","276","1","苗栗縣","竹南鎮","120.920","24.710","296"
"92","350165","20220820033000","130","0","苗栗縣","竹南鎮","120.930","24.710","84"
"279","350166","20220820033000","327","0","苗栗縣","竹南鎮","120.915","24.715","244"
"129","350167","20220820033000","189","0","苗栗縣","竹南鎮","120.920","24.715","114"
"1546","350169","20220820033000","1499","1","苗栗縣","頭份鎮","120.910","24.685","1528"
"2813","350170","20220820033000","2961","0","苗栗縣","頭份鎮","120.895","24.700","2812"
"1473","350172","20220820033000","1073","2","苗栗縣","頭份鎮","120.905","24.680","1518"
"753","350173","20220820033000","594","2","苗栗縣","竹南鎮","120.875","24.700","763"
"894","350174","20220820033000","645","2","苗栗縣","竹南鎮","120.870","24.700","866"
"350","350176","20220820033000","375","0","苗栗縣","頭份鎮","120.920","24.690","342"
"131","350177","20220820033000","112","1","苗栗縣","頭份鎮","120.880","24.660","130"
"836","350179","20220820033000","963","0","苗栗縣","頭份鎮","120.900","24.700","818"
"22","350180","20220820033000","26","0","苗栗縣","竹南鎮","120.910","24.705","27"
"470","350182","20220820033000","510","0","苗栗縣","頭份鎮","120.920","24.700","486"
"894","350183","20220820033000","1324","0","苗栗縣","頭份鎮","120.895","24.695","863"
"520","350203","20220820033000","321","3","苗栗縣","竹南鎮","120.860","24.685","530"
"27","350206","20220820033000","272","0","苗栗縣","竹南鎮","120.865","24.700","32"
"1173","350209","20220820033000","1295","0","苗栗縣","竹南鎮","120.880","24.700","1185"
"1005","350210","20220820033000","609","3","苗栗縣","頭份鎮","120.885","24.700","1074"
"676","350211","20220820033000","390","3","苗栗縣","竹南鎮","120.880","24.705","647"
"121","350214","20220820033000","112","1","苗栗縣","竹南鎮","120.865","24.705","115"
"25","350220","20220820033000","248","0","苗栗縣","竹南鎮","120.880","24.710","32"
"16","350223","20220820033000","127","0","苗栗縣","竹南鎮","120.865","24.715","14"
"377","350224","20220820033000","351","1","苗栗縣","竹南鎮","120.870","24.715","359"
"231","350225","20220820033000","352","0","苗栗縣","竹南鎮","120.875","24.715","233"
"55","350226","20220820033000","54","1","苗栗縣","竹南鎮","120.880","24.715","41"
"33","350229","20220820033000","32","1","苗栗縣","竹南鎮","120.865","24.720","32"
"77","350236","20220820033000","85","0","苗栗縣","竹南鎮","120.870","24.725","72"
"306","350240","20220820033000","201","3","苗栗縣","竹南鎮","120.890","24.725","328"
"45","350247","20220820033000","57","0","苗栗縣","竹南鎮","120.880","24.685","47"
"1975","350248","20220820033000","1597","2","苗栗縣","竹南鎮","120.880","24.690","2011"
"1742","350250","20220820033000","1920","0","苗栗縣","竹南鎮","120.890","24.690","1663"
"1892","350251","20220820033000","2476","0","苗栗縣","竹南鎮","120.875","24.685","1908"
"408","350258","20220820033000","341","1","苗栗縣","竹南鎮","120.855","24.675","433"
"348","350264","20220820033000","278","2","苗栗縣","竹南鎮","120.850","24.680","335"
"17","350275","20220820033000","177","0","苗栗縣","竹南鎮","120.850","24.670","14"
"1224","350277","20220820033000","973","2","苗栗縣","竹南鎮","120.860","24.670","1215"
"30","350278","20220820033000","30","1","苗栗縣","竹南鎮","120.845","24.675","37"
"73","350279","20220820033000","85","0","苗栗縣","造橋鄉","120.855","24.660","80"
"78","350285","20220820033000","261","0","苗栗縣","頭份鎮","120.900","24.685","85"
"256","350286","20220820033000","310","0","苗栗縣","頭份鎮","120.895","24.675","280"
"616","350288","20220820033000","564","1","苗栗縣","頭份鎮","120.890","24.680","595"
"1091","350290","20220820033000","1101","0","苗栗縣","頭份鎮","120.900","24.680","1082"
"110","350291","20220820033000","481","0","苗栗縣","頭份鎮","120.945","24.685","509"
"183","350303","20220820033000","140","2","苗栗縣","頭份鎮","120.960","24.700","183"
"97","350311","20220820033000","76","2","苗栗縣","頭份鎮","120.965","24.705","103"
"808","350314","20220820033000","1519","0","苗栗縣","竹南鎮","120.870","24.690","901"
"683","350316","20220820033000","577","1","苗栗縣","竹南鎮","120.855","24.690","673"
"1276","350319","20220820033000","1391","0","苗栗縣","竹南鎮","120.865","24.685","1287"
"837","350320","20220820033000","955","0","苗栗縣","竹南鎮","120.875","24.695","844"
"120","350321","20220820033000","741","0","苗栗縣","竹南鎮","120.875","24.690","102"
"247","350326","20220820033000","174","2","苗栗縣","竹南鎮","120.910","24.720","219"
"134","350328","20220820033000","42","3","苗栗縣","竹南鎮","120.895","24.725","129"
"17","350330","20220820033000","242","0","苗栗縣","竹南鎮","120.905","24.725","13"
"37","350331","20220820033000","201","0","苗栗縣","竹南鎮","120.910","24.725","251"
"300","350334","20220820033000","221","2","苗栗縣","竹南鎮","120.905","24.730","313"
"89","350336","20220820033000","74","2","新竹市","香山區","120.900","24.735","106"
"21","350338","20220820033000","270","0","新竹市","香山區","120.905","24.740","16"
"630","350340","20220820033000","649","0","苗栗縣","竹南鎮","120.875","24.660","649"
"649","350347","20220820033000","1075","0","苗栗縣","竹南鎮","120.865","24.675","1132"
"34","350349","20220820033000","287","0","苗栗縣","竹南鎮","120.875","24.675","42"
"575","350350","20220820033000","521","1","苗栗縣","竹南鎮","120.880","24.675","571"
"699","350351","20220820033000","402","3","苗栗縣","竹南鎮","120.870","24.680","676"
"424","350352","20220820033000","527","0","苗栗縣","竹南鎮","120.875","24.680","435"
"2065","350353","20220820033000","2213","0","苗栗縣","竹南鎮","120.870","24.685","2107"
"93","350357","20220820033000","431","0","苗栗縣","竹南鎮","120.890","24.705","80"
"236","350358","20220820033000","194","2","苗栗縣","竹南鎮","120.895","24.705","244"
"706","350359","20220820033000","443","3","苗栗縣","竹南鎮","120.900","24.705","712"
"358","350363","20220820033000","350","1","苗栗縣","竹南鎮","120.900","24.710","376"
"196","350364","20220820033000","127","3","苗栗縣","竹南鎮","120.905","24.710","187"
"194","350365","20220820033000","201","0","苗栗縣","竹南鎮","120.895","24.715","176"
"470","350367","20220820033000","354","2","苗栗縣","竹南鎮","120.905","24.715","467"
"113","350369","20220820033000","107","1","苗栗縣","竹南鎮","120.895","24.720","105"
"120","356638","20220820033000","95","2","宜蘭縣","頭城鎮","121.940","24.840","128"
"1179","360378","20220820033000","818","2","宜蘭縣","礁溪鄉","121.765","24.825","1063"
"2527","360379","20220820033000","2691","0","宜蘭縣","礁溪鄉","121.770","24.825","2145"
"969","360380","20220820033000","748","2","宜蘭縣","礁溪鄉","121.775","24.825","806"
"603","360392","20220820033000","446","2","宜蘭縣","礁溪鄉","121.810","24.815","568"
"214","360394","20220820033000","133","3","宜蘭縣","礁溪鄉","121.795","24.815","189"
"16","360410","20220820033000","60","0","宜蘭縣","礁溪鄉","121.720","24.815","14"
"19","360417","20220820033000","55","0","宜蘭縣","礁溪鄉","121.720","24.820","22"
"14","360419","20220820033000","43","0","宜蘭縣","礁溪鄉","121.730","24.820","15"
"38","360427","20220820033000","150","0","宜蘭縣","礁溪鄉","121.725","24.820","21"
"279","360433","20220820033000","280","0","宜蘭縣","礁溪鄉","121.755","24.820","290"
"51","360437","20220820033000","57","0","宜蘭縣","礁溪鄉","121.740","24.825","24"
"2018","360439","20220820033000","1623","2","宜蘭縣","宜蘭市","121.755","24.770","1936"
"466","360442","20220820033000","338","2","宜蘭縣","宜蘭市","121.745","24.775","488"
"1120","360449","20220820033000","794","2","宜蘭縣","壯圍鄉","121.785","24.775","1141"
"19","360451","20220820033000","16","1","宜蘭縣","壯圍鄉","121.780","24.780","20"
"416","360457","20220820033000","282","2","宜蘭縣","壯圍鄉","121.795","24.790","394"
"160","360471","20220820033000","175","0","宜蘭縣","頭城鎮","121.820","24.855","176"
"107","360474","20220820033000","54","3","宜蘭縣","頭城鎮","121.835","24.885","79"
"174","360476","20220820033000","91","3","宜蘭縣","頭城鎮","121.845","24.885","156"
"678","360478","20220820033000","678","1","宜蘭縣","頭城鎮","121.830","24.855","633"
"709","360482","20220820033000","770","0","宜蘭縣","頭城鎮","121.820","24.860","712"
"357","360484","20220820033000","248","2","宜蘭縣","頭城鎮","121.815","24.860","322"
"761","360485","20220820033000","550","2","宜蘭縣","頭城鎮","121.820","24.865","712"
"288","360486","20220820033000","246","1","宜蘭縣","頭城鎮","121.810","24.865","276"
"142","360502","20220820033000","146","0","宜蘭縣","頭城鎮","121.815","24.850","159"
"778","360507","20220820033000","807","0","宜蘭縣","頭城鎮","121.825","24.865","754"
"296","360520","20220820033000","156","3","宜蘭縣","頭城鎮","121.835","24.870","219"
"27","360521","20220820033000","60","0","宜蘭縣","頭城鎮","121.840","24.870","32"
"311","360524","20220820033000","158","3","宜蘭縣","頭城鎮","121.840","24.875","245"
"38","360537","20220820033000","18","3","新北市","三峽區","121.345","24.845","39"
"76","360552","20220820033000","87","0","新北市","三峽區","121.360","24.855","75"
"21","360554","20220820033000","15","2","新北市","三峽區","121.370","24.855","21"
"22","360559","20220820033000","20","1","新北市","三峽區","121.365","24.860","18"
"59","360569","20220820033000","56","1","新北市","三峽區","121.355","24.870","60"
"54","360573","20220820033000","41","2","新北市","三峽區","121.375","24.870","51"
"46","360625","20220820033000","26","3","宜蘭縣","頭城鎮","121.820","24.825","36"
"100","360631","20220820033000","105","0","宜蘭縣","頭城鎮","121.790","24.845","96"
"279","360639","20220820033000","259","1","宜蘭縣","頭城鎮","121.795","24.855","241"
"607","360641","20220820033000","484","2","宜蘭縣","頭城鎮","121.805","24.855","585"
"209","360684","20220820033000","165","2","宜蘭縣","礁溪鄉","121.765","24.800","221"
"281","360687","20220820033000","262","1","宜蘭縣","礁溪鄉","121.760","24.810","278"
"314","360689","20220820033000","283","1","宜蘭縣","礁溪鄉","121.755","24.815","333"
"114","360694","20220820033000","85","2","宜蘭縣","員山鄉","121.700","24.780","135"
"49","360702","20220820033000","49","1","宜蘭縣","礁溪鄉","121.680","24.785","48"
"211","360788","20220820033000","182","1","宜蘭縣","礁溪鄉","121.780","24.810","189"
"579","360803","20220820033000","432","2","宜蘭縣","壯圍鄉","121.810","24.800","578"
"613","360806","20220820033000","459","2","宜蘭縣","壯圍鄉","121.815","24.805","599"
"578","360817","20220820033000","505","1","宜蘭縣","礁溪鄉","121.780","24.785","577"
"698","360820","20220820033000","604","1","宜蘭縣","礁溪鄉","121.775","24.815","609"
"1099","360822","20220820033000","921","1","宜蘭縣","礁溪鄉","121.770","24.820","1059"
"248","360828","20220820033000","246","1","宜蘭縣","礁溪鄉","121.730","24.790","275"
"120","360848","20220820033000","97","2","宜蘭縣","礁溪鄉","121.710","24.810","114"
"588","360876","20220820033000","512","1","宜蘭縣","礁溪鄉","121.760","24.785","573"
"113","360877","20220820033000","90","2","宜蘭縣","礁溪鄉","121.750","24.790","101"
"458","360879","20220820033000","301","3","宜蘭縣","礁溪鄉","121.760","24.790","448"
"579","360881","20220820033000","428","2","宜蘭縣","礁溪鄉","121.765","24.815","556"
"776","360883","20220820033000","493","3","宜蘭縣","礁溪鄉","121.765","24.820","712"
"402","360888","20220820033000","305","2","宜蘭縣","礁溪鄉","121.755","24.825","406"
"682","360889","20220820033000","595","1","宜蘭縣","礁溪鄉","121.760","24.825","617"
"31","360898","20220820033000","41","0","宜蘭縣","礁溪鄉","121.745","24.830","17"
"49","360964","20220820033000","40","2","新北市","三峽區","121.410","24.865","43"
"371","360967","20220820033000","326","1","新北市","三峽區","121.410","24.870","352"
"130","360994","20220820033000","82","3","新北市","三峽區","121.415","24.885","108"
"19","361075","20220820033000","21","0","新北市","三峽區","121.445","24.830","19"
"23","361124","20220820033000","18","2","新北市","三峽區","121.430","24.845","20"
"13","361150","20220820033000","10","2","新北市","三峽區","121.465","24.850","12"
"17","361179","20220820033000","32","0","新北市","三峽區","121.435","24.860","19"
"22","361195","20220820033000","16","2","新北市","三峽區","121.440","24.865","27"
"29","361304","20220820033000","31","0","新北市","三峽區","121.375","24.885","32"
"40","361308","20220820033000","28","2","新北市","三峽區","121.400","24.885","42"
"724","361316","20220820033000","578","2","宜蘭縣","員山鄉","121.720","24.770","768"
"185","361349","20220820033000","185","1","宜蘭縣","員山鄉","121.715","24.775","171"
"402","361393","20220820033000","313","2","宜蘭縣","壯圍鄉","121.800","24.770","404"
"268","361412","20220820033000","209","2","宜蘭縣","宜蘭市","121.735","24.775","269"
"12","361413","20220820033000","15","0","宜蘭縣","宜蘭市","121.740","24.775","11"
"169","361414","20220820033000","137","2","宜蘭縣","宜蘭市","121.730","24.780","151"
"699","361441","20220820033000","601","1","宜蘭縣","頭城鎮","121.790","24.835","727"
"16","361461","20220820033000","13","2","宜蘭縣","頭城鎮","121.775","24.860","16"
"664","361479","20220820033000","500","2","宜蘭縣","頭城鎮","121.815","24.835","655"
"536","361482","20220820033000","325","3","宜蘭縣","頭城鎮","121.810","24.845","562"
"4066","361485","20220820033000","3576","1","新竹市","東區","120.985","24.800","3962"
"2549","361486","20220820033000","1987","2","新竹市","東區","120.985","24.810","2493"
"152","361502","20220820033000","127","1","桃園市","大溪區","121.330","24.880","142"
"143","361509","20220820033000","116","2","桃園市","大溪區","121.325","24.885","156"
"32","361515","20220820033000","39","0","桃園市","大溪區","121.325","24.890","18"
"282","361521","20220820033000","262","1","桃園市","大溪區","121.250","24.865","297"
"34","361525","20220820033000","40","0","桃園市","大溪區","121.255","24.870","29"
"308","361530","20220820033000","490","0","桃園市","大溪區","121.260","24.875","316"
"630","361536","20220820033000","438","2","桃園市","大溪區","121.260","24.880","640"
"40","361538","20220820033000","68","0","桃園市","大溪區","121.275","24.880","42"
"807","361539","20220820033000","751","1","桃園市","大溪區","121.250","24.880","896"
"343","361545","20220820033000","242","2","桃園市","大溪區","121.275","24.885","386"
"166","361546","20220820033000","133","2","桃園市","大溪區","121.280","24.885","168"
"513","361547","20220820033000","337","3","桃園市","大溪區","121.275","24.890","494"
"1484","361550","20220820033000","1132","2","桃園市","大溪區","121.295","24.885","1535"
"87","361551","20220820033000","103","0","桃園市","大溪區","121.300","24.880","85"
"112","361552","20220820033000","239","0","桃園市","大溪區","121.290","24.880","122"
"80","361556","20220820033000","82","0","新竹縣","新埔鎮","121.080","24.835","81"
"341","361565","20220820033000","311","1","新竹縣","新埔鎮","121.080","24.840","369"
"60","361570","20220820033000","36","3","新竹縣","新埔鎮","121.130","24.860","68"
"30","361579","20220820033000","32","0","新竹縣","新埔鎮","121.140","24.870","35"
"98","361585","20220820033000","77","2","新竹縣","新埔鎮","121.135","24.875","103"
"808","361597","20220820033000","645","2","新竹縣","新豐鄉","120.995","24.885","798"
"1157","361600","20220820033000","1140","1","新竹縣","新豐鄉","121.010","24.885","1149"
"651","361602","20220820033000","465","2","新竹市","東區","120.975","24.805","633"
"2472","361603","20220820033000","2369","1","新竹市","東區","120.980","24.805","2267"
"989","361604","20220820033000","802","2","新竹市","東區","120.980","24.810","993"
"1002","361605","20220820033000","972","1","新竹市","東區","120.975","24.800","1017"
"60","361609","20220820033000","72","0","新竹市","東區","120.985","24.785","55"
"6803","361610","20220820033000","4600","2","新竹市","東區","121.020","24.780","6464"
"2559","361611","20220820033000","2417","1","新竹市","東區","121.015","24.785","2638"
"169","361614","20220820033000","169","1","新竹縣","新埔鎮","121.105","24.845","192"
"54","361615","20220820033000","44","2","新竹縣","新埔鎮","121.115","24.845","56"
"70","361621","20220820033000","45","3","新竹縣","新埔鎮","121.120","24.850","68"
"43","361623","20220820033000","23","3","新竹縣","新埔鎮","121.100","24.855","36"
"64","361624","20220820033000","55","1","新竹縣","新埔鎮","121.105","24.855","67"
"22","361628","20220820033000","29","0","新竹縣","新埔鎮","121.125","24.855","26"
"17","361635","20220820033000","15","1","新竹縣","新埔鎮","121.105","24.865","11"
"106","361642","20220820033000","98","1","新竹縣","新埔鎮","121.115","24.875","104"
"622","361646","20220820033000","660","0","新竹縣","新埔鎮","121.070","24.825","666"
"940","361648","20220820033000","646","2","新竹縣","新埔鎮","121.080","24.825","926"
"429","361651","20220820033000","402","1","新竹縣","新埔鎮","121.070","24.830","456"
"133","361655","20220820033000","131","1","新竹縣","新埔鎮","121.135","24.845","133"
"418","361668","20220820033000","375","1","新竹縣","新豐鄉","120.980","24.870","445"
"18","361671","20220820033000","13","2","新竹縣","新豐鄉","120.970","24.880","12"
"1567","361683","20220820033000","1384","1","新竹縣","竹東鎮","121.030","24.775","1594"
"237","361685","20220820033000","391","0","新竹縣","湖口鄉","121.010","24.855","257"
"350","361687","20220820033000","230","3","新竹縣","湖口鄉","121.020","24.855","360"
"173","361688","20220820033000","92","3","新竹縣","湖口鄉","121.025","24.855","137"
"1234","361692","20220820033000","1233","1","新竹縣","湖口鄉","121.010","24.860","1214"
"2948","361694","20220820033000","2957","0","新竹縣","湖口鄉","120.995","24.865","2905"
"837","361695","20220820033000","841","0","新竹縣","湖口鄉","121.000","24.865","852"
"22","361696","20220820033000","91","0","新竹縣","湖口鄉","121.005","24.865","16"
"166","361697","20220820033000","126","2","新竹縣","湖口鄉","121.010","24.865","163"
"1374","361698","20220820033000","1281","1","新竹縣","湖口鄉","121.000","24.870","1315"
"224","361700","20220820033000","256","0","新竹縣","湖口鄉","121.010","24.870","203"
"1275","361702","20220820033000","723","3","新竹縣","湖口鄉","121.010","24.875","1287"
"650","361703","20220820033000","886","0","新竹縣","竹北市","121.030","24.810","660"
"1232","361704","20220820033000","1522","0","新竹縣","竹北市","121.035","24.810","1221"
"493","361705","20220820033000","376","2","新竹縣","竹北市","121.030","24.815","516"
"290","361712","20220820033000","346","0","桃園市","大溪區","121.260","24.890","336"
"287","361715","20220820033000","275","1","新竹市","香山區","120.920","24.810","310"
"343","361721","20220820033000","231","2","新竹市","香山區","120.925","24.815","337"
"102","361725","20220820033000","94","1","新竹市","香山區","120.915","24.820","94"
"664","361727","20220820033000","587","1","新竹市","香山區","120.925","24.820","657"
"692","361733","20220820033000","427","3","新竹市","北區","120.925","24.825","694"
"1297","361736","20220820033000","1364","0","新竹市","香山區","120.930","24.790","1257"
"720","361738","20220820033000","504","2","新竹市","香山區","120.930","24.795","743"
"422","361744","20220820033000","362","1","新竹市","香山區","120.915","24.780","427"
"224","361752","20220820033000","213","1","新竹市","香山區","120.920","24.785","219"
"1235","361756","20220820033000","1305","0","新竹市","香山區","120.920","24.805","1228"
"994","361758","20220820033000","791","2","新竹市","香山區","120.935","24.805","1015"
"908","361761","20220820033000","864","1","新竹市","香山區","120.940","24.805","915"
"3306","361763","20220820033000","2656","2","新竹市","香山區","120.945","24.795","3383"
"398","361765","20220820033000","558","0","新竹市","香山區","120.940","24.790","369"
"49","361766","20220820033000","884","0","新竹市","香山區","120.935","24.790","34"
"130","361767","20220820033000","200","0","新竹市","香山區","120.935","24.800","128"
"586","361768","20220820033000","646","0","新竹市","香山區","120.940","24.795","601"
"56","362002","20220820033000","51","1","新竹縣","關西鎮","121.260","24.775","53"
"44","362027","20220820033000","66","0","新竹縣","湖口鄉","121.030","24.880","46"
"799","362033","20220820033000","849","0","新竹縣","湖口鄉","121.025","24.885","806"
"1037","362036","20220820033000","968","1","新竹縣","竹北市","120.965","24.860","1019"
"121","362037","20220820033000","93","2","新竹縣","竹北市","120.970","24.860","112"
"459","362039","20220820033000","376","2","新竹縣","竹北市","120.980","24.860","456"
"108","362040","20220820033000","81","2","新竹縣","竹北市","120.970","24.865","112"
"1621","362056","20220820033000","1463","1","新竹縣","竹北市","121.015","24.825","1511"
"1579","362057","20220820033000","1699","0","新竹縣","竹北市","121.010","24.830","1524"
"263","362058","20220820033000","165","3","新竹縣","竹北市","121.040","24.810","280"
"1512","362059","20220820033000","1170","2","新竹縣","竹北市","121.035","24.815","1478"
"98","362060","20220820033000","292","0","新竹縣","竹北市","121.040","24.815","83"
"2847","362063","20220820033000","2954","0","新竹縣","竹北市","121.030","24.820","2764"
"1424","362064","20220820033000","1235","1","新竹縣","竹北市","121.035","24.820","1358"
"1030","362066","20220820033000","1129","0","新竹縣","竹北市","121.020","24.825","1046"
"1041","362067","20220820033000","873","1","新竹縣","竹北市","121.025","24.825","1028"
"4306","362068","20220820033000","4142","1","新竹縣","竹北市","121.030","24.825","4230"
"1650","362069","20220820033000","1301","2","新竹縣","竹北市","121.035","24.825","1716"
"1894","362070","20220820033000","1777","1","新竹縣","竹北市","121.015","24.830","1793"
"1020","362071","20220820033000","901","1","新竹縣","竹北市","121.020","24.830","1025"
"1903","362072","20220820033000","1041","3","新竹縣","竹北市","121.025","24.830","1786"
"1661","362073","20220820033000","1341","2","新竹縣","新埔鎮","121.030","24.830","1723"
"57","362075","20220820033000","32","3","新竹縣","竹北市","120.990","24.855","47"
"507","362076","20220820033000","471","1","新竹縣","竹北市","120.995","24.855","530"
"340","362077","20220820033000","319","1","新竹縣","竹北市","120.990","24.860","319"
"107","362079","20220820033000","85","2","新竹縣","竹北市","120.995","24.860","106"
"3094","362081","20220820033000","1810","3","新竹市","東區","120.995","24.800","3025"
"636","362082","20220820033000","552","1","新竹市","東區","121.000","24.805","634"
"108","362085","20220820033000","233","0","新竹市","東區","121.000","24.810","108"
"590","362086","20220820033000","404","2","新竹市","東區","121.005","24.810","603"
"934","362087","20220820033000","691","2","新竹市","東區","121.010","24.810","954"
"754","362088","20220820033000","586","2","新竹市","東區","120.995","24.815","776"
"932","362092","20220820033000","876","1","新竹市","東區","121.010","24.775","875"
"735","362093","20220820033000","690","1","新竹市","東區","121.015","24.775","697"
"1858","362094","20220820033000","1703","1","新竹市","東區","121.020","24.775","1842"
"3500","362095","20220820033000","3065","1","新竹市","東區","121.025","24.775","3393"
"2539","362096","20220820033000","2473","1","新竹市","東區","120.990","24.780","2544"
"798","362097","20220820033000","733","1","新竹市","東區","121.005","24.775","784"
"820","362098","20220820033000","660","2","新竹市","東區","121.005","24.780","781"
"1310","362099","20220820033000","935","2","新竹市","東區","121.010","24.780","1296"
"2288","362100","20220820033000","2023","1","新竹市","東區","121.015","24.780","2303"
"1433","362101","20220820033000","1386","1","新竹市","東區","121.005","24.785","1383"
"1329","362102","20220820033000","1251","1","新竹市","東區","121.010","24.785","1245"
"489","362103","20220820033000","521","0","新竹市","北區","120.945","24.835","525"
"375","362104","20220820033000","400","0","新竹市","北區","120.950","24.835","374"
"806","362107","20220820033000","603","2","新竹縣","竹東鎮","121.045","24.785","749"
"200","362108","20220820033000","213","0","新竹縣","竹東鎮","121.050","24.785","196"
"327","362117","20220820033000","916","0","新竹縣","竹東鎮","121.035","24.790","923"
"765","362122","20220820033000","788","0","新竹縣","竹東鎮","121.030","24.795","709"
"134","362128","20220820033000","158","0","新竹縣","竹北市","120.960","24.855","127"
"586","362141","20220820033000","494","1","新竹縣","竹北市","120.955","24.870","620"
"1952","362143","20220820033000","1461","2","新竹縣","竹北市","121.015","24.835","1939"
"224","362158","20220820033000","185","2","新竹縣","新豐鄉","120.975","24.890","231"
"1732","362159","20220820033000","1645","1","新竹市","東區","121.005","24.790","1928"
"5745","362160","20220820033000","3329","3","新竹市","東區","121.015","24.790","5600"
"49","362275","20220820033000","44","1","新北市","烏來區","121.525","24.835","46"
"18","362568","20220820033000","12","3","新北市","烏來區","121.590","24.850","24"
"122","362673","20220820033000","122","1","新北市","烏來區","121.550","24.875","127"
"57","362692","20220820033000","55","1","新北市","烏來區","121.545","24.880","58"
"103","362700","20220820033000","117","0","新北市","烏來區","121.550","24.885","111"
"167","362717","20220820033000","197","0","新北市","烏來區","121.555","24.845","166"
"51","362740","20220820033000","61","0","新北市","烏來區","121.560","24.860","55"
"296","362744","20220820033000","482","0","新北市","烏來區","121.550","24.865","317"
"69","362793","20220820033000","53","2","新北市","烏來區","121.510","24.775","66"
"1565","362984","20220820033000","1629","0","新竹市","東區","120.960","24.795","1600"
"6630","362985","20220820033000","5290","2","新竹市","東區","121.020","24.790","6626"
"1453","362988","20220820033000","1261","1","新竹市","東區","120.970","24.775","1451"
"2686","362990","20220820033000","1889","2","新竹市","東區","120.985","24.805","2654"
"27","362991","20220820033000","25","1","新竹市","東區","120.965","24.775","36"
"1047","362992","20220820033000","1211","0","新竹市","北區","120.960","24.805","1031"
"502","362994","20220820033000","398","2","新竹縣","竹北市","120.945","24.850","516"
"880","362996","20220820033000","909","0","新竹縣","竹北市","120.945","24.855","883"
"1920","362998","20220820033000","1738","1","新竹縣","竹北市","120.995","24.840","1947"
"1630","362999","20220820033000","1523","1","新竹縣","竹北市","121.000","24.840","1606"
"531","363002","20220820033000","590","0","新竹縣","竹北市","121.035","24.800","494"
"977","363004","20220820033000","933","1","新竹縣","竹北市","121.025","24.805","965"
"1569","363005","20220820033000","1651","0","新竹縣","竹北市","121.030","24.805","1545"
"3373","363006","20220820033000","2433","2","新竹縣","竹北市","121.035","24.805","3344"
"3519","363007","20220820033000","3150","1","新竹縣","竹北市","121.025","24.810","3531"
"92","363008","20220820033000","68","2","新竹縣","芎林鄉","121.065","24.790","99"
"698","363013","20220820033000","567","2","新竹縣","竹北市","121.050","24.805","674"
"229","363016","20220820033000","308","0","新竹縣","竹北市","121.045","24.810","190"
"2799","363021","20220820033000","2624","1","新竹縣","竹北市","121.005","24.840","2753"
"544","363023","20220820033000","397","2","新竹縣","竹北市","121.020","24.840","624"
"1407","363024","20220820033000","1443","0","新竹縣","竹北市","121.000","24.845","1536"
"1032","363025","20220820033000","620","3","新竹縣","竹北市","121.000","24.855","1060"
"621","363026","20220820033000","563","1","新竹縣","竹北市","121.010","24.845","628"
"260","363027","20220820033000","405","0","新竹縣","新埔鎮","121.015","24.850","251"
"242","363028","20220820033000","239","1","新竹縣","竹北市","121.020","24.845","279"
"110","363029","20220820033000","68","3","新竹縣","竹北市","121.000","24.850","125"
"1432","363032","20220820033000","941","3","新竹縣","芎林鄉","121.080","24.775","1497"
"11","363046","20220820033000","14","0","新竹縣","關西鎮","121.140","24.790","12"
"14","363048","20220820033000","16","0","新竹縣","關西鎮","121.150","24.790","16"
"108","363062","20220820033000","101","1","新竹縣","關西鎮","121.185","24.800","104"
"373","363073","20220820033000","311","1","新竹縣","關西鎮","121.200","24.810","382"
"193","363082","20220820033000","133","2","新竹縣","關西鎮","121.180","24.820","129"
"84","363084","20220820033000","69","2","新竹縣","關西鎮","121.175","24.825","83"
"944","363085","20220820033000","805","1","桃園市","龍潭區","121.180","24.825","910"
"885","363086","20220820033000","821","1","新竹市","東區","120.975","24.795","833"
"1111","363088","20220820033000","958","1","新竹縣","寶山鄉","120.985","24.775","1053"
"514","363090","20220820033000","416","2","新竹市","東區","120.980","24.780","521"
"1424","363093","20220820033000","1277","1","新竹市","東區","120.980","24.785","1370"
"1447","363094","20220820033000","1066","2","新竹縣","新豐鄉","121.000","24.875","1436"
"1008","363095","20220820033000","908","1","新竹縣","新豐鄉","120.995","24.880","998"
"479","363096","20220820033000","427","1","新竹縣","新豐鄉","121.000","24.880","488"
"438","363097","20220820033000","319","2","新竹縣","新豐鄉","121.005","24.880","432"
"2110","363098","20220820033000","1325","3","新竹縣","新豐鄉","120.990","24.870","2094"
"3573","363099","20220820033000","3222","1","新竹縣","新豐鄉","120.995","24.870","3612"
"1765","363100","20220820033000","1377","2","新竹縣","新豐鄉","120.985","24.865","1776"
"512","363101","20220820033000","298","3","新竹縣","新豐鄉","120.990","24.865","492"
"143","363102","20220820033000","413","0","新竹縣","新豐鄉","120.985","24.870","133"
"739","363103","20220820033000","563","2","新竹縣","新豐鄉","120.985","24.875","746"
"600","363109","20220820033000","577","1","新竹縣","關西鎮","121.145","24.805","598"
"11","363124","20220820033000","14","0","新竹縣","關西鎮","121.125","24.775","13"
"26","363127","20220820033000","41","0","新竹縣","關西鎮","121.120","24.780","28"
"17","363131","20220820033000","17","1","新竹縣","關西鎮","121.115","24.785","16"
"169","363143","20220820033000","137","2","新竹縣","關西鎮","121.130","24.790","178"
"99","363153","20220820033000","51","3","新竹縣","關西鎮","121.200","24.775","100"
"1065","363158","20220820033000","899","1","新竹縣","關西鎮","121.175","24.785","1092"
"59","363159","20220820033000","49","2","新竹縣","關西鎮","121.180","24.790","62"
"1080","363160","20220820033000","912","1","新竹縣","關西鎮","121.185","24.790","1093"
"358","363164","20220820033000","338","1","新竹縣","關西鎮","121.190","24.795","369"
"22","363187","20220820033000","23","0","新竹縣","關西鎮","121.195","24.785","24"
"231","363195","20220820033000","135","3","新竹縣","關西鎮","121.195","24.790","241"
"15","363197","20220820033000","12","2","新竹縣","關西鎮","121.205","24.790","13"
"43","363217","20220820033000","51","0","新竹縣","關西鎮","121.230","24.795","40"
"102","363223","20220820033000","67","3","新竹縣","關西鎮","121.235","24.800","90"
"10","363229","20220820033000","13","0","新竹縣","關西鎮","121.135","24.820","15"
"440","363233","20220820033000","472","0","新竹縣","關西鎮","121.115","24.825","442"
"274","363245","20220820033000","160","3","新竹縣","關西鎮","121.115","24.830","352"
"741","363256","20220820033000","467","3","新竹縣","關西鎮","121.165","24.830","730"
"72","363258","20220820033000","48","3","新竹縣","新埔鎮","121.125","24.835","75"
"215","363272","20220820033000","230","0","新竹縣","關西鎮","121.150","24.840","213"
"1106","363274","20220820033000","920","2","新竹縣","關西鎮","121.135","24.810","1145"
"36","363279","20220820033000","45","0","新竹縣","關西鎮","121.130","24.815","38"
"27","363288","20220820033000","17","3","新竹縣","關西鎮","121.165","24.795","28"
"460","363291","20220820033000","401","1","新竹縣","關西鎮","121.165","24.800","466"
"2528","363304","20220820033000","2111","1","新竹縣","關西鎮","121.175","24.790","2644"
"224","363305","20220820033000","248","0","新竹縣","關西鎮","121.170","24.795","230"
"460","363306","20220820033000","364","2","新竹縣","關西鎮","121.175","24.795","375"
"68","363308","20220820033000","82","0","新竹縣","關西鎮","121.175","24.805","72"
"3151","363344","20220820033000","2081","3","桃園市","龍潭區","121.230","24.875","3189"
"277","363345","20220820033000","292","0","桃園市","龍潭區","121.230","24.880","286"
"576","363346","20220820033000","468","2","桃園市","龍潭區","121.225","24.855","597"
"92","363347","20220820033000","59","3","桃園市","龍潭區","121.230","24.855","86"
"42","363355","20220820033000","28","3","桃園市","龍潭區","121.235","24.865","32"
"77","363358","20220820033000","363","0","桃園市","龍潭區","121.230","24.870","75"
"536","363359","20220820033000","525","1","桃園市","龍潭區","121.235","24.870","531"
"233","363362","20220820033000","343","0","桃園市","平鎮區","121.245","24.875","228"
"1075","363365","20220820033000","1097","0","桃園市","龍潭區","121.235","24.840","1095"
"1190","363366","20220820033000","1061","1","桃園市","龍潭區","121.240","24.835","1136"
"185","363369","20220820033000","169","1","桃園市","龍潭區","121.240","24.845","199"
"177","363370","20220820033000","113","3","桃園市","龍潭區","121.245","24.850","186"
"65","363371","20220820033000","49","2","桃園市","龍潭區","121.250","24.850","76"
"395","363374","20220820033000","236","3","桃園市","龍潭區","121.250","24.855","383"
"209","363377","20220820033000","196","1","桃園市","龍潭區","121.180","24.870","241"
"1077","363380","20220820033000","1021","1","桃園市","龍潭區","121.195","24.870","1093"
"488","363388","20220820033000","379","2","桃園市","龍潭區","121.185","24.880","469"
"1399","363392","20220820033000","1049","2","桃園市","龍潭區","121.185","24.885","1363"
"23","363394","20220820033000","25","0","桃園市","龍潭區","121.180","24.885","21"
"224","363396","20220820033000","235","0","桃園市","龍潭區","121.190","24.885","250"
"94","363397","20220820033000","99","0","桃園市","龍潭區","121.190","24.890","83"
"4304","363481","20220820033000","3750","1","新竹市","東區","120.975","24.810","4344"
"2838","363482","20220820033000","2390","1","新竹市","東區","120.970","24.800","2875"
"901","363483","20220820033000","858","1","新竹市","東區","120.970","24.810","906"
"768","363484","20220820033000","625","2","新竹市","東區","120.970","24.785","745"
"1421","363485","20220820033000","864","3","新竹市","東區","120.975","24.785","1427"
"4517","363486","20220820033000","3715","2","新竹市","東區","120.965","24.795","4526"
"21","363492","20220820033000","11","3","新北市","新店區","121.575","24.885","12"
"638","363502","20220820033000","612","1","桃園市","龍潭區","121.185","24.840","638"
"414","363507","20220820033000","474","0","桃園市","龍潭區","121.185","24.845","419"
"25","363511","20220820033000","18","2","桃園市","龍潭區","121.180","24.850","24"
"121","363514","20220820033000","158","0","桃園市","龍潭區","121.195","24.850","136"
"245","363523","20220820033000","185","2","桃園市","龍潭區","121.190","24.860","225"
"431","363528","20220820033000","482","0","桃園市","龍潭區","121.245","24.835","447"
"302","363532","20220820033000","236","2","桃園市","龍潭區","121.245","24.840","300"
"126","363557","20220820033000","96","2","桃園市","龍潭區","121.240","24.830","108"
"639","363560","20220820033000","564","1","桃園市","龍潭區","121.230","24.835","649"
"39","363589","20220820033000","33","1","桃園市","龍潭區","121.160","24.870","43"
"824","363593","20220820033000","619","2","桃園市","龍潭區","121.210","24.840","804"
"414","363597","20220820033000","289","2","桃園市","龍潭區","121.200","24.855","420"
"599","363599","20220820033000","660","0","桃園市","龍潭區","121.210","24.855","627"
"1242","363602","20220820033000","773","3","桃園市","龍潭區","121.225","24.845","1318"
"288","363603","20220820033000","480","0","桃園市","龍潭區","121.230","24.845","268"
"10","363605","20220820033000","16","0","桃園市","龍潭區","121.225","24.850","10"
"1574","363611","20220820033000","1409","1","桃園市","龍潭區","121.220","24.850","1546"
"1217","363613","20220820033000","962","2","桃園市","龍潭區","121.215","24.865","1226"
"554","363614","20220820033000","538","1","桃園市","龍潭區","121.220","24.865","567"
"637","363615","20220820033000","498","2","桃園市","龍潭區","121.210","24.870","614"
"825","363616","20220820033000","804","1","桃園市","龍潭區","121.215","24.870","843"
"607","363620","20220820033000","565","1","桃園市","龍潭區","121.220","24.860","627"
"344","363625","20220820033000","373","0","桃園市","龍潭區","121.205","24.865","341"
"154","363626","20220820033000","149","1","桃園市","龍潭區","121.200","24.870","160"
"1526","363627","20220820033000","1115","2","桃園市","龍潭區","121.205","24.870","1481"
"3362","363628","20220820033000","2858","1","新竹縣","竹北市","121.020","24.835","3362"
"2216","363629","20220820033000","1789","2","新竹縣","竹北市","121.025","24.835","2198"
"1044","363630","20220820033000","1135","0","新竹縣","竹北市","121.010","24.835","1076"
"441","363633","20220820033000","371","1","新竹市","東區","120.960","24.780","470"
"604","363634","20220820033000","485","2","新竹市","東區","120.965","24.780","631"
"1459","363637","20220820033000","1248","1","新竹市","東區","120.965","24.785","1492"
"3702","363639","20220820033000","3409","1","新竹市","東區","120.965","24.790","3774"
"1880","363641","20220820033000","2542","0","新竹市","東區","121.020","24.785","2046"
"445","363642","20220820033000","323","2","新竹縣","竹東鎮","121.025","24.785","426"
"962","363644","20220820033000","774","2","新竹縣","竹東鎮","121.035","24.775","950"
"162","363646","20220820033000","111","2","新竹縣","竹東鎮","121.045","24.775","163"
"2868","363648","20220820033000","2275","2","新竹縣","竹東鎮","121.030","24.780","2842"
"326","363649","20220820033000","565","0","新竹縣","竹東鎮","121.035","24.780","327"
"96","363651","20220820033000","358","0","新竹縣","竹東鎮","121.045","24.780","90"
"994","363655","20220820033000","989","1","桃園市","龍潭區","121.235","24.880","935"
"949","363658","20220820033000","893","1","桃園市","龍潭區","121.240","24.880","977"
"49","363661","20220820033000","46","1","桃園市","龍潭區","121.240","24.810","52"
"646","363663","20220820033000","557","1","桃園市","龍潭區","121.240","24.815","617"
"278","363667","20220820033000","311","0","桃園市","龍潭區","121.230","24.825","304"
"674","363668","20220820033000","614","1","桃園市","龍潭區","121.235","24.825","663"
"1009","363676","20220820033000","870","1","桃園市","龍潭區","121.230","24.840","1034"
"570","363677","20220820033000","475","2","新竹縣","竹北市","121.005","24.845","570"
"1544","363682","20220820033000","1238","2","新竹縣","芎林鄉","121.080","24.780","1592"
"244","363685","20220820033000","140","3","新竹縣","芎林鄉","121.075","24.785","234"
"1216","363687","20220820033000","1081","1","新竹縣","芎林鄉","121.070","24.790","1250"
"813","363696","20220820033000","474","3","新竹縣","芎林鄉","121.060","24.795","759"
"679","363709","20220820033000","628","1","新竹縣","芎林鄉","121.090","24.775","690"
"37","363721","20220820033000","29","2","新竹縣","芎林鄉","121.085","24.780","39"
"13","363725","20220820033000","64","0","新竹縣","芎林鄉","121.100","24.780","13"
"280","363728","20220820033000","278","1","新竹縣","芎林鄉","121.100","24.785","303"
"1153","363737","20220820033000","934","2","新竹縣","竹北市","120.985","24.835","1137"
"636","363744","20220820033000","422","3","新竹縣","竹北市","120.975","24.840","665"
"779","363746","20220820033000","603","2","新竹縣","竹北市","120.955","24.840","742"
"539","363748","20220820033000","431","2","新竹縣","竹北市","120.965","24.840","550"
"143","363755","20220820033000","121","1","新竹縣","竹北市","120.960","24.850","146"
"33","363765","20220820033000","308","0","宜蘭縣","礁溪鄉","121.790","24.795","42"
"33","363769","20220820033000","117","0","宜蘭縣","礁溪鄉","121.780","24.800","51"
"232","363770","20220820033000","229","1","宜蘭縣","礁溪鄉","121.785","24.800","231"
"245","363777","20220820033000","220","1","宜蘭縣","礁溪鄉","121.790","24.810","239"
"1658","363779","20220820033000","1254","2","宜蘭縣","礁溪鄉","121.775","24.830","1316"
"761","363783","20220820033000","579","2","宜蘭縣","礁溪鄉","121.780","24.835","728"
"349","363797","20220820033000","340","1","宜蘭縣","礁溪鄉","121.790","24.830","350"
"17","363798","20220820033000","37","0","宜蘭縣","礁溪鄉","121.785","24.835","17"
"1391","363803","20220820033000","960","2","桃園市","平鎮區","121.200","24.890","1414"
"1661","363805","20220820033000","1723","0","新竹市","北區","120.955","24.805","1662"
"487","363808","20220820033000","660","0","新竹市","北區","120.945","24.815","506"
"22","363811","20220820033000","17","2","新竹市","北區","120.955","24.785","16"
"2465","363814","20220820033000","1995","2","新竹市","北區","120.955","24.790","2492"
"853","363815","20220820033000","871","0","新竹市","香山區","120.950","24.795","843"
"1050","363816","20220820033000","999","1","桃園市","大溪區","121.290","24.885","1064"
"1540","363817","20220820033000","1370","1","新竹縣","寶山鄉","120.990","24.775","1425"
"608","363818","20220820033000","462","2","新竹縣","寶山鄉","120.995","24.775","628"
"1478","363819","20220820033000","1400","1","新竹縣","寶山鄉","121.000","24.775","1453"
"1278","363821","20220820033000","940","2","新竹市","東區","120.995","24.780","1226"
"2051","363824","20220820033000","1074","3","新竹縣","竹北市","121.010","24.820","2058"
"1874","363825","20220820033000","1681","1","新竹縣","竹北市","121.015","24.820","1827"
"2101","363826","20220820033000","1550","2","新竹縣","竹北市","121.005","24.825","2108"
"3403","363827","20220820033000","2620","2","新竹縣","竹北市","121.010","24.825","3238"
"2534","363828","20220820033000","1948","2","新竹縣","竹北市","121.005","24.830","2517"
"230","363835","20220820033000","470","0","新竹縣","新埔鎮","121.050","24.835","769"
"790","363837","20220820033000","560","2","新竹縣","新埔鎮","121.045","24.840","674"
"401","363839","20220820033000","32","3","新竹縣","新埔鎮","121.055","24.840","369"
"10","363850","20220820033000","11","0","新竹縣","新埔鎮","121.035","24.840","10"
"814","363852","20220820033000","667","2","新竹縣","新埔鎮","121.025","24.845","817"
"257","363854","20220820033000","50","3","新竹縣","新埔鎮","121.035","24.845","247"
"103","363855","20220820033000","264","0","新竹縣","新埔鎮","121.040","24.845","102"
"24","363860","20220820033000","17","2","新竹縣","新埔鎮","121.030","24.850","19"
"18","363864","20220820033000","16","1","桃園市","龍潭區","121.210","24.875","16"
"1475","363865","20220820033000","1332","1","桃園市","龍潭區","121.205","24.880","1495"
"365","363866","20220820033000","333","1","新竹縣","竹北市","120.980","24.840","350"
"870","363870","20220820033000","851","1","新竹縣","竹北市","120.975","24.850","885"
"480","363871","20220820033000","455","1","新竹縣","竹北市","120.980","24.850","498"
"72","363872","20220820033000","308","0","新竹縣","竹東鎮","121.055","24.775","73"
"1050","363875","20220820033000","487","3","新竹縣","竹東鎮","121.055","24.780","1042"
"136","363877","20220820033000","157","0","新竹縣","竹東鎮","121.055","24.785","159"
"74","363882","20220820033000","54","2","宜蘭縣","礁溪鄉","121.745","24.800","70"
"291","363884","20220820033000","239","2","宜蘭縣","礁溪鄉","121.755","24.800","300"
"1377","363890","20220820033000","810","3","宜蘭縣","礁溪鄉","121.740","24.780","1350"
"149","363899","20220820033000","108","2","宜蘭縣","礁溪鄉","121.740","24.790","140"
"380","363936","20220820033000","392","0","新竹市","香山區","120.950","24.775","393"
"498","363940","20220820033000","445","1","新竹市","香山區","120.950","24.780","523"
"260","363941","20220820033000","340","0","新竹市","香山區","120.935","24.795","274"
"616","363948","20220820033000","552","1","新竹市","香山區","120.925","24.800","610"
"2605","363957","20220820033000","1692","3","新竹縣","竹北市","120.995","24.835","2608"
"713","363960","20220820033000","878","0","新竹縣","竹北市","121.000","24.825","681"
"793","363961","20220820033000","505","3","新竹縣","竹北市","120.990","24.830","772"
"1328","363963","20220820033000","1056","2","新竹縣","竹北市","121.000","24.830","1326"
"1660","363964","20220820033000","1506","1","新竹縣","竹北市","121.000","24.835","1648"
"659","363965","20220820033000","624","1","新竹縣","竹北市","121.005","24.835","637"
"660","363968","20220820033000","632","1","新竹縣","竹北市","120.970","24.835","673"
"3077","363976","20220820033000","2533","2","桃園市","龍潭區","121.215","24.860","3062"
"1027","363977","20220820033000","657","3","桃園市","龍潭區","121.210","24.865","1013"
"342","363980","20220820033000","204","3","新竹縣","新埔鎮","121.110","24.815","327"
"56","363983","20220820033000","42","2","新竹縣","新埔鎮","121.100","24.820","66"
"651","363985","20220820033000","501","2","新竹縣","新埔鎮","121.090","24.825","631"
"249","363989","20220820033000","188","2","新竹縣","關西鎮","121.110","24.825","229"
"2688","363994","20220820033000","2218","2","新竹市","北區","120.970","24.820","2626"
"2012","363995","20220820033000","2306","0","新竹市","北區","120.955","24.810","1996"
"3027","363996","20220820033000","2589","1","新竹市","北區","120.960","24.810","3014"
"945","363997","20220820033000","808","1","宜蘭縣","頭城鎮","121.825","24.860","902"
"29","364010","20220820033000","25","1","桃園市","大溪區","121.295","24.835","34"
"35","364013","20220820033000","40","0","桃園市","大溪區","121.280","24.840","39"
"10","364014","20220820033000","16","0","桃園市","大溪區","121.285","24.840","10"
"775","364024","20220820033000","588","2","桃園市","大溪區","121.285","24.850","726"
"13","364032","20220820033000","285","0","桃園市","大溪區","121.295","24.855","12"
"16","364043","20220820033000","29","0","桃園市","大溪區","121.305","24.860","14"
"298","364050","20220820033000","257","1","桃園市","大溪區","121.295","24.865","312"
"64","364052","20220820033000","78","0","桃園市","大溪區","121.305","24.865","73"
"327","364061","20220820033000","246","2","桃園市","大溪區","121.300","24.870","331"
"191","364068","20220820033000","212","0","桃園市","大溪區","121.300","24.875","218"
"57","364070","20220820033000","32","3","桃園市","大溪區","121.310","24.875","53"
"194","364110","20220820033000","228","0","桃園市","大溪區","121.270","24.840","202"
"721","364119","20220820033000","463","3","新竹縣","新豐鄉","121.005","24.885","711"
"820","364123","20220820033000","648","2","新竹縣","新豐鄉","121.005","24.890","820"
"424","364126","20220820033000","339","2","新竹縣","湖口鄉","121.020","24.890","428"
"138","364127","20220820033000","66","3","新竹縣","新豐鄉","120.995","24.875","120"
"447","364129","20220820033000","435","1","新竹縣","新豐鄉","120.990","24.880","475"
"202","364130","20220820033000","240","0","新竹縣","新豐鄉","120.990","24.885","179"
"1402","364132","20220820033000","1321","1","新竹縣","新豐鄉","120.990","24.890","1368"
"281","364139","20220820033000","303","0","新竹縣","湖口鄉","121.025","24.890","289"
"741","364141","20220820033000","718","1","新竹縣","湖口鄉","121.035","24.890","718"
"606","364143","20220820033000","520","1","新竹縣","湖口鄉","121.020","24.860","640"
"158","364146","20220820033000","144","1","新竹縣","湖口鄉","121.015","24.865","155"
"261","364147","20220820033000","155","3","新竹縣","湖口鄉","121.020","24.865","271"
"1756","364148","20220820033000","1262","2","新竹縣","湖口鄉","121.025","24.865","1728"
"554","364149","20220820033000","574","0","新竹縣","湖口鄉","121.030","24.865","539"
"329","364163","20220820033000","430","0","新竹縣","湖口鄉","121.035","24.875","324"
"502","364164","20220820033000","646","0","新竹縣","湖口鄉","121.040","24.875","563"
"301","364168","20220820033000","390","0","新竹縣","湖口鄉","121.035","24.880","314"
"317","364171","20220820033000","339","0","新竹縣","湖口鄉","121.050","24.880","314"
"10","364179","20220820033000","26","0","新竹縣","湖口鄉","121.065","24.875","11"
"221","364189","20220820033000","183","2","新竹縣","湖口鄉","121.075","24.880","243"
"208","364194","20220820033000","165","2","新竹縣","湖口鄉","121.070","24.885","226"
"237","364195","20220820033000","156","3","新竹縣","湖口鄉","121.075","24.885","227"
"656","364201","20220820033000","642","1","新竹縣","湖口鄉","121.055","24.880","694"
"338","364202","20220820033000","252","2","新竹縣","湖口鄉","121.060","24.880","356"
"561","364205","20220820033000","591","0","新竹縣","湖口鄉","121.050","24.885","558"
"79","364211","20220820033000","85","0","新竹縣","湖口鄉","121.105","24.880","86"
"362","364216","20220820033000","336","1","新竹縣","湖口鄉","121.090","24.885","359"
"174","364221","20220820033000","124","2","新竹縣","湖口鄉","121.095","24.885","145"
"47","364222","20220820033000","30","3","新竹縣","湖口鄉","121.100","24.885","54"
"76","364228","20220820033000","70","1","新竹縣","湖口鄉","121.110","24.890","84"
"169","364231","20220820033000","102","3","新竹縣","湖口鄉","121.085","24.885","158"
"458","364236","20220820033000","280","3","新竹縣","湖口鄉","121.080","24.890","426"
"224","364238","20220820033000","233","0","新竹縣","湖口鄉","121.090","24.890","232"
"2408","364239","20220820033000","2334","1","新竹縣","湖口鄉","121.015","24.870","2397"
"538","364240","20220820033000","602","0","新竹縣","湖口鄉","121.015","24.875","550"
"915","364242","20220820033000","723","2","新竹縣","湖口鄉","121.025","24.875","943"
"487","364243","20220820033000","442","1","新竹縣","湖口鄉","121.010","24.880","465"
"3381","364244","20220820033000","2495","2","新竹市","北區","120.965","24.805","3541"
"25","364290","20220820033000","26","0","新北市","新店區","121.510","24.890","21"
"17","364291","20220820033000","17","1","新北市","新店區","121.515","24.890","21"
"445","364296","20220820033000","691","0","桃園市","大溪區","121.265","24.885","512"
"486","364314","20220820033000","311","3","桃園市","大溪區","121.280","24.870","449"
"20","364340","20220820033000","25","0","桃園市","大溪區","121.285","24.820","16"
"92","364352","20220820033000","82","1","桃園市","大溪區","121.310","24.825","96"
"12","364355","20220820033000","10","2","桃園市","大溪區","121.300","24.830","14"
"34","364359","20220820033000","24","2","桃園市","大溪區","121.305","24.830","38"
"14","364384","20220820033000","63","0","桃園市","大溪區","121.335","24.845","17"
"654","364405","20220820033000","473","2","桃園市","大溪區","121.300","24.890","660"
"820","364409","20220820033000","628","2","新竹縣","湖口鄉","121.045","24.890","824"
"50","364410","20220820033000","103","0","新竹縣","湖口鄉","121.050","24.890","57"
"54","364419","20220820033000","36","3","新竹縣","湖口鄉","121.040","24.860","54"
"1270","364424","20220820033000","1095","1","新竹縣","湖口鄉","121.035","24.865","1276"
"254","364429","20220820033000","138","3","新竹縣","湖口鄉","121.020","24.870","142"
"951","364430","20220820033000","1478","0","新竹縣","湖口鄉","121.025","24.870","985"
"1196","364431","20220820033000","1144","1","新竹縣","湖口鄉","121.030","24.870","1271"
"1110","364432","20220820033000","1363","0","新竹縣","湖口鄉","121.035","24.870","1080"
"997","364436","20220820033000","511","3","新竹縣","湖口鄉","121.030","24.875","969"
"30","364448","20220820033000","31","0","新竹縣","新埔鎮","121.095","24.805","34"
"259","364453","20220820033000","231","1","新竹縣","新埔鎮","121.090","24.810","288"
"72","364455","20220820033000","58","2","新竹縣","新埔鎮","121.100","24.810","68"
"140","364470","20220820033000","85","3","新竹縣","新埔鎮","121.095","24.855","141"
"344","364480","20220820033000","467","0","新竹縣","新埔鎮","121.060","24.835","351"
"310","364482","20220820033000","209","2","新竹縣","新埔鎮","121.060","24.840","329"
"2152","364497","20220820033000","1985","1","新竹縣","新埔鎮","121.085","24.830","2169"
"65","364505","20220820033000","45","2","新竹縣","芎林鄉","121.085","24.790","60"
"89","364507","20220820033000","54","3","新竹縣","新埔鎮","121.085","24.795","90"
"88","364516","20220820033000","59","2","新竹縣","新埔鎮","121.080","24.810","85"
"195","364518","20220820033000","156","2","新竹縣","新埔鎮","121.080","24.815","180"
"614","364538","20220820033000","499","2","新竹縣","新埔鎮","121.120","24.840","596"
"571","364549","20220820033000","559","1","新竹縣","新埔鎮","121.060","24.820","552"
"30","364554","20220820033000","15","3","新竹縣","新埔鎮","121.055","24.825","23"
"39","364557","20220820033000","622","0","新竹縣","新埔鎮","121.035","24.830","36"
"734","364558","20220820033000","548","2","新竹縣","新埔鎮","121.040","24.830","749"
"3226","364561","20220820033000","2091","3","新竹縣","新埔鎮","121.030","24.835","3119"
"20","364571","20220820033000","55","0","新竹縣","新埔鎮","121.145","24.855","31"
"1301","364579","20220820033000","1121","1","新竹縣","新埔鎮","121.080","24.830","1288"
"67","364580","20220820033000","56","1","新竹縣","新埔鎮","121.075","24.830","81"
"313","364581","20220820033000","254","2","宜蘭縣","宜蘭市","121.760","24.770","304"
"433","364583","20220820033000","257","3","宜蘭縣","宜蘭市","121.770","24.770","424"
"167","364585","20220820033000","136","2","宜蘭縣","宜蘭市","121.765","24.770","161"
"208","364586","20220820033000","172","2","宜蘭縣","宜蘭市","121.760","24.775","238"
"427","364587","20220820033000","344","2","宜蘭縣","宜蘭市","121.760","24.780","468"
"43","364588","20220820033000","24","3","桃園市","平鎮區","121.185","24.890","37"
"310","364590","20220820033000","224","2","桃園市","大溪區","121.285","24.865","280"
"676","364594","20220820033000","461","2","桃園市","大溪區","121.285","24.875","695"
"1210","364597","20220820033000","1074","1","桃園市","大溪區","121.285","24.880","1234"
"871","364599","20220820033000","1236","0","桃園市","大溪區","121.295","24.880","936"
"1260","364601","20220820033000","1130","1","桃園市","大溪區","121.270","24.880","1144"
"11","364604","20220820033000","15","0","桃園市","楊梅區","121.175","24.885","14"
"283","364607","20220820033000","272","1","桃園市","楊梅區","121.180","24.890","273"
"469","364609","20220820033000","470","0","桃園市","龍潭區","121.235","24.875","444"
"536","364612","20220820033000","475","1","桃園市","龍潭區","121.220","24.870","576"
"995","364613","20220820033000","754","2","桃園市","龍潭區","121.225","24.870","1038"
"662","364614","20220820033000","526","2","桃園市","龍潭區","121.205","24.885","703"
"200","364615","20220820033000","82","3","桃園市","龍潭區","121.205","24.890","159"
"930","364616","20220820033000","966","0","桃園市","龍潭區","121.210","24.885","960"
"411","364618","20220820033000","342","2","新竹縣","竹北市","120.990","24.835","427"
"403","364620","20220820033000","405","0","新竹縣","竹北市","120.990","24.840","394"
"676","364623","20220820033000","684","0","新竹縣","竹北市","120.990","24.845","670"
"995","364629","20220820033000","1283","0","新竹縣","竹北市","121.045","24.795","965"
"1723","364631","20220820033000","1197","2","新竹縣","竹北市","121.040","24.800","1705"
"817","364632","20220820033000","597","2","新竹縣","竹北市","121.045","24.800","781"
"503","364633","20220820033000","531","0","新竹縣","竹北市","121.050","24.800","523"
"1437","364634","20220820033000","1056","2","新竹縣","竹北市","121.040","24.805","1353"
"501","364635","20220820033000","389","2","新竹縣","竹北市","121.045","24.805","496"
"1847","364637","20220820033000","1238","2","新竹縣","竹北市","121.020","24.810","1874"
"2236","364639","20220820033000","1886","1","新竹縣","竹北市","121.020","24.815","2213"
"1765","364640","20220820033000","2002","0","新竹縣","竹北市","121.025","24.815","1777"
"507","364641","20220820033000","312","3","新竹縣","竹北市","121.020","24.820","490"
"2142","364642","20220820033000","2833","0","新竹縣","竹北市","121.025","24.820","2120"
"1201","364648","20220820033000","1050","1","新竹市","北區","120.925","24.840","1242"
"692","364657","20220820033000","734","0","桃園市","龍潭區","121.210","24.890","708"
"98","364662","20220820033000","52","3","桃園市","復興區","121.325","24.775","86"
"44","364692","20220820033000","36","2","桃園市","復興區","121.335","24.790","50"
"114","364720","20220820033000","147","0","桃園市","復興區","121.345","24.805","121"
"200","364731","20220820033000","166","2","桃園市","復興區","121.350","24.815","212"
"98","364735","20220820033000","94","1","桃園市","復興區","121.350","24.820","101"
"79","364741","20220820033000","83","0","桃園市","復興區","121.370","24.825","85"
"103","364767","20220820033000","141","0","桃園市","復興區","121.375","24.800","105"
"31","364824","20220820033000","40","0","桃園市","復興區","121.375","24.785","39"
"33","364825","20220820033000","30","1","桃園市","復興區","121.380","24.785","29"
"76","364828","20220820033000","60","2","桃園市","復興區","121.395","24.785","80"
"92","364934","20220820033000","136","0","桃園市","復興區","121.305","24.800","100"
"77","364969","20220820033000","55","2","桃園市","復興區","121.400","24.805","62"
"13","364990","20220820033000","10","2","桃園市","復興區","121.375","24.815","10"
"129","365042","20220820033000","89","2","桃園市","復興區","121.385","24.835","128"
"196","365054","20220820033000","243","0","桃園市","楊梅區","121.155","24.880","199"
"90","365058","20220820033000","76","1","桃園市","楊梅區","121.155","24.885","83"
"356","365063","20220820033000","343","1","桃園市","楊梅區","121.150","24.885","364"
"312","365065","20220820033000","221","2","桃園市","楊梅區","121.160","24.885","230"
"35","365067","20220820033000","153","0","桃園市","楊梅區","121.150","24.890","30"
"933","365068","20220820033000","927","1","桃園市","楊梅區","121.155","24.890","957"
"1131","365070","20220820033000","758","2","桃園市","楊梅區","121.170","24.885","1153"
"3006","365073","20220820033000","2920","1","新竹市","北區","120.955","24.795","2960"
"148","365074","20220820033000","159","0","新竹市","香山區","120.955","24.780","140"
"1888","365075","20220820033000","1579","1","新竹市","香山區","120.945","24.790","1899"
"659","365076","20220820033000","471","2","新竹市","香山區","120.950","24.790","630"
"1009","365079","20220820033000","963","1","新竹市","香山區","120.925","24.790","1027"
"2541","365080","20220820033000","2588","0","新竹市","香山區","120.925","24.795","2583"
"990","365083","20220820033000","865","1","新竹市","香山區","120.940","24.775","932"
"297","365086","20220820033000","282","1","新竹市","香山區","120.940","24.780","304"
"318","365089","20220820033000","210","3","新竹市","香山區","120.935","24.785","320"
"2082","365090","20220820033000","1342","3","新竹縣","竹北市","121.015","24.840","2073"
"3975","365091","20220820033000","3457","1","新竹縣","竹北市","121.010","24.840","3952"
"1105","365092","20220820033000","899","2","桃園市","龍潭區","121.210","24.880","1069"
"483","365093","20220820033000","376","2","桃園市","龍潭區","121.215","24.880","485"
"703","365094","20220820033000","618","1","桃園市","龍潭區","121.215","24.885","722"
"396","365099","20220820033000","405","0","桃園市","龍潭區","121.200","24.875","416"
"545","365102","20220820033000","578","0","桃園市","龍潭區","121.195","24.885","573"
"257","365105","20220820033000","206","2","桃園市","龍潭區","121.200","24.885","246"
"918","365121","20220820033000","739","2","桃園市","龍潭區","121.180","24.835","899"
"362","365122","20220820033000","423","0","桃園市","龍潭區","121.185","24.835","383"
"422","365124","20220820033000","512","0","桃園市","龍潭區","121.195","24.835","427"
"636","365133","20220820033000","772","0","桃園市","龍潭區","121.200","24.850","612"
"481","365138","20220820033000","398","2","桃園市","龍潭區","121.210","24.810","459"
"63","365145","20220820033000","81","0","桃園市","龍潭區","121.205","24.820","68"
"127","365150","20220820033000","135","0","桃園市","龍潭區","121.205","24.825","141"
"50","365153","20220820033000","52","0","桃園市","龍潭區","121.220","24.825","47"
"407","365158","20220820033000","350","1","桃園市","龍潭區","121.205","24.835","419"
"852","365161","20220820033000","720","1","桃園市","龍潭區","121.205","24.840","819"
"401","365169","20220820033000","395","1","桃園市","龍潭區","121.230","24.885","397"
"1263","365173","20220820033000","1253","1","新竹市","北區","120.965","24.815","1272"
"881","365174","20220820033000","859","1","新竹市","北區","120.960","24.820","946"
"1499","365175","20220820033000","1375","1","新竹市","北區","120.960","24.800","1499"
"2126","365176","20220820033000","1849","1","新竹市","東區","120.980","24.795","2188"
"1105","365177","20220820033000","1356","0","新竹市","東區","120.985","24.795","1106"
"45","365178","20220820033000","120","0","新竹市","東區","120.985","24.790","37"
"2128","365183","20220820033000","1485","2","新竹市","北區","120.975","24.820","2140"
"1461","365184","20220820033000","1447","1","新竹市","北區","120.975","24.825","1482"
"699","365185","20220820033000","529","2","新竹市","北區","120.980","24.825","701"
"1398","365210","20220820033000","1311","1","新竹市","東區","121.000","24.800","1425"
"1754","365211","20220820033000","1633","1","新竹市","東區","121.000","24.795","1783"
"1091","365212","20220820033000","760","2","新竹市","東區","121.025","24.780","1114"
"298","365213","20220820033000","321","0","桃園市","龍潭區","121.245","24.880","299"
"346","365219","20220820033000","400","0","桃園市","平鎮區","121.240","24.890","366"
"1465","365221","20220820033000","1276","1","新竹市","北區","120.930","24.835","1501"
"1010","365222","20220820033000","904","1","新竹市","北區","120.935","24.835","976"
"4045","365223","20220820033000","3337","2","新竹市","北區","120.970","24.825","3977"
"4883","365224","20220820033000","3931","2","新竹市","東區","120.975","24.815","4874"
"2954","365225","20220820033000","2662","1","新竹市","東區","120.980","24.815","2939"
"1891","365226","20220820033000","1044","3","新竹市","北區","120.965","24.825","1874"
"690","365227","20220820033000","477","2","新竹市","北區","120.965","24.830","670"
"98","365229","20220820033000","86","1","桃園市","楊梅區","121.140","24.885","97"
"63","365231","20220820033000","77","0","桃園市","楊梅區","121.135","24.885","74"
"227","365234","20220820033000","107","3","桃園市","楊梅區","121.135","24.890","240"
"347","365235","20220820033000","325","1","桃園市","楊梅區","121.140","24.890","333"
"591","365236","20220820033000","708","0","桃園市","楊梅區","121.145","24.890","627"
"1072","365237","20220820033000","947","1","新竹市","北區","120.950","24.805","1055"
"1518","365238","20220820033000","1277","1","新竹市","北區","120.940","24.840","1571"
"1011","365240","20220820033000","957","1","新竹市","北區","120.930","24.840","1079"
"857","365241","20220820033000","711","2","新竹市","北區","120.935","24.840","828"
"171","365243","20220820033000","153","1","新竹市","北區","120.925","24.845","148"
"957","365244","20220820033000","829","1","新竹市","北區","120.930","24.845","976"
"1592","365253","20220820033000","1472","1","新竹市","東區","120.965","24.800","1605"
"5994","365254","20220820033000","4802","2","新竹市","東區","121.005","24.795","5923"
"3264","365255","20220820033000","2805","1","新竹市","東區","121.010","24.795","3224"
"1071","365258","20220820033000","926","1","新竹市","東區","121.015","24.795","1019"
"1101","365259","20220820033000","647","3","新竹市","東區","120.970","24.790","1063"
"1113","365261","20220820033000","845","2","新竹市","北區","120.955","24.815","1142"
"5807","365262","20220820033000","5020","1","新竹市","北區","120.960","24.815","5803"
"16","365263","20220820033000","217","0","新竹市","北區","120.955","24.820","18"
"599","365264","20220820033000","814","0","新竹市","北區","120.955","24.825","777"
"2641","365265","20220820033000","2435","1","新竹市","東區","121.010","24.790","2662"
"527","365266","20220820033000","979","0","新竹市","東區","120.970","24.795","561"
"1016","365267","20220820033000","883","1","新竹市","東區","120.980","24.790","1005"
"2061","365268","20220820033000","1783","1","新竹市","東區","120.970","24.805","2098"
"685","365269","20220820033000","691","0","新竹市","北區","120.945","24.805","672"
"861","365270","20220820033000","1033","0","新竹市","香山區","120.950","24.800","873"
"2219","365271","20220820033000","1993","1","新竹市","北區","120.955","24.800","2170"
"70","365292","20220820033000","82","0","桃園市","復興區","121.340","24.820","66"
"12","365296","20220820033000","36","0","桃園市","復興區","121.340","24.825","15"
"229","365304","20220820033000","191","1","桃園市","大溪區","121.330","24.835","238"
"116","365315","20220820033000","98","1","桃園市","復興區","121.350","24.835","110"
"1683","365322","20220820033000","1485","1","新竹市","東區","120.970","24.815","1620"
"3464","365323","20220820033000","2804","2","新竹市","北區","120.965","24.810","3475"
"2460","365324","20220820033000","2010","2","新竹市","東區","120.990","24.800","2391"
"38","365325","20220820033000","66","0","新竹市","東區","120.990","24.805","53"
"65","365326","20220820033000","67","0","新竹市","東區","120.995","24.805","60"
"438","365327","20220820033000","773","0","新竹市","東區","120.995","24.785","443"
"264","365328","20220820033000","495","0","新竹市","東區","121.000","24.780","265"
"90","365330","20220820033000","148","0","新竹市","東區","120.990","24.785","80"
"1149","365331","20220820033000","1734","0","新竹市","東區","121.000","24.790","1153"
"1048","365332","20220820033000","841","2","新竹市","東區","121.000","24.785","1050"
"88","365334","20220820033000","310","0","新竹市","東區","120.990","24.795","137"
"629","365335","20220820033000","1274","0","新竹市","東區","120.990","24.790","852"
"1590","365336","20220820033000","1512","1","新竹市","東區","120.995","24.795","1542"
"1356","365337","20220820033000","1188","1","新竹市","東區","120.995","24.790","1398"
"794","365338","20220820033000","753","1","新竹市","北區","120.960","24.790","776"
"1373","365339","20220820033000","1091","2","新竹市","東區","120.980","24.800","1376"
"334","365340","20220820033000","289","1","新竹市","東區","120.990","24.810","329"
"1624","365341","20220820033000","1487","1","新竹市","東區","120.985","24.815","1596"
"668","365346","20220820033000","733","0","新竹市","東區","120.995","24.820","698"
"16","365352","20220820033000","142","0","新竹市","東區","121.015","24.805","19"
"218","365356","20220820033000","263","0","桃園市","楊梅區","121.130","24.885","233"
"135","365363","20220820033000","129","1","桃園市","楊梅區","121.125","24.890","133"
"187","365364","20220820033000","205","0","桃園市","楊梅區","121.130","24.890","201"
"34","367498","20220820033000","31","1","宜蘭縣","頭城鎮","121.880","24.910","36"
"49","369694","20220820033000","61","0","宜蘭縣","頭城鎮","121.895","24.940","52"
"16","369695","20220820033000","172","0","宜蘭縣","頭城鎮","121.900","24.940","14"
"489","373866","20220820033000","576","0","新北市","板橋區","121.435","24.985","483"
"2071","373867","20220820033000","3231","0","新北市","中和區","121.515","24.990","2046"
"33","373876","20220820033000","38","0","宜蘭縣","頭城鎮","121.850","24.895","37"
"216","373895","20220820033000","232","0","宜蘭縣","頭城鎮","121.890","24.940","216"
"81","373934","20220820033000","108","0","宜蘭縣","頭城鎮","121.900","24.945","82"
"25","373935","20220820033000","13","3","宜蘭縣","頭城鎮","121.900","24.950","26"
"33","373940","20220820033000","24","2","宜蘭縣","頭城鎮","121.915","24.950","40"
"155","373951","20220820033000","145","1","宜蘭縣","頭城鎮","121.920","24.960","141"
"111","373977","20220820033000","220","0","新北市","雙溪區","121.795","24.900","128"
"230","373991","20220820033000","236","0","宜蘭縣","頭城鎮","121.865","24.905","243"
"61","373993","20220820033000","82","0","宜蘭縣","頭城鎮","121.850","24.905","44"
"2465","374034","20220820033000","3099","0","新北市","中和區","121.525","24.990","2408"
"3104","374036","20220820033000","6092","0","新北市","土城區","121.465","24.985","2973"
"3184","374037","20220820033000","3176","1","新北市","土城區","121.470","24.990","3203"
"909","374042","20220820033000","973","0","新北市","土城區","121.470","24.975","915"
"987","374045","20220820033000","2000","0","新北市","新店區","121.545","24.980","1175"
"861","374046","20220820033000","915","0","新北市","中和區","121.480","24.965","874"
"25","374051","20220820033000","24","1","新北市","中和區","121.490","24.970","27"
"25","374054","20220820033000","19","2","新北市","中和區","121.495","24.975","18"
"408","374055","20220820033000","405","1","新北市","中和區","121.495","24.980","403"
"1436","374056","20220820033000","1939","0","新北市","中和區","121.505","24.985","1389"
"510","374067","20220820033000","438","1","新北市","三峽區","121.380","24.925","497"
"1866","374070","20220820033000","1701","1","新北市","三峽區","121.370","24.930","1769"
"380","374083","20220820033000","245","3","新北市","三峽區","121.405","24.905","360"
"61","374086","20220820033000","39","3","新北市","三峽區","121.380","24.910","63"
"51","374103","20220820033000","53","0","新北市","三峽區","121.350","24.900","57"
"100","374104","20220820033000","79","2","新北市","三峽區","121.355","24.900","105"
"73","374106","20220820033000","79","0","新北市","三峽區","121.365","24.900","81"
"332","374107","20220820033000","250","2","新北市","三峽區","121.360","24.905","344"
"78","374108","20220820033000","111","0","新北市","三峽區","121.365","24.905","90"
"719","374109","20220820033000","679","1","新北市","三峽區","121.365","24.910","720"
"174","374111","20220820033000","145","2","新北市","三峽區","121.365","24.920","171"
"50","374139","20220820033000","54","0","新北市","三峽區","121.465","24.915","52"
"55","374147","20220820033000","53","1","新北市","三峽區","121.455","24.920","77"
"23","374151","20220820033000","18","2","新北市","三峽區","121.475","24.920","20"
"122","374167","20220820033000","107","1","新北市","三峽區","121.445","24.925","125"
"174","374179","20220820033000","120","2","新北市","三峽區","121.455","24.930","150"
"44","374183","20220820033000","44","1","新北市","三峽區","121.445","24.935","42"
"2377","374196","20220820033000","2668","0","新北市","新店區","121.550","24.970","2383"
"358","374198","20220820033000","516","0","新北市","新店區","121.550","24.975","349"
"827","374199","20220820033000","854","0","新北市","土城區","121.455","24.990","817"
"1331","374200","20220820033000","947","2","新北市","土城區","121.440","24.980","1312"
"342","374201","20220820033000","460","0","新北市","土城區","121.445","24.980","316"
"3174","374203","20220820033000","2982","1","新北市","中和區","121.495","24.990","3178"
"2114","374204","20220820033000","2138","0","新北市","中和區","121.510","24.985","2084"
"4149","374205","20220820033000","4854","0","新北市","新店區","121.545","24.975","4411"
"1134","374206","20220820033000","1163","0","新北市","新店區","121.550","24.980","1121"
"2019","374207","20220820033000","2691","0","新北市","中和區","121.505","24.980","1944"
"47","374212","20220820033000","28","3","新北市","中和區","121.485","24.980","53"
"213","374215","20220820033000","212","1","新北市","中和區","121.485","24.990","217"
"60","374216","20220820033000","59","1","新北市","中和區","121.500","24.970","57"
"107","374217","20220820033000","106","1","新北市","中和區","121.500","24.975","121"
"755","374218","20220820033000","590","2","新北市","中和區","121.505","24.975","744"
"526","374219","20220820033000","503","1","新北市","新店區","121.510","24.975","505"
"43","374220","20220820033000","21","3","新北市","中和區","121.500","24.980","42"
"3906","374221","20220820033000","3947","0","新北市","樹林區","121.375","24.945","3889"
"1176","374222","20220820033000","1041","1","新北市","三峽區","121.370","24.925","1227"
"1054","374223","20220820033000","1882","0","新北市","三峽區","121.365","24.930","1068"
"157","374240","20220820033000","98","3","新北市","三峽區","121.345","24.915","174"
"28","374252","20220820033000","173","0","新北市","三峽區","121.360","24.925","24"
"141","374255","20220820033000","113","2","新北市","三峽區","121.420","24.925","149"
"868","374266","20220820033000","517","3","新北市","中和區","121.500","24.985","848"
"288","374267","20220820033000","1772","0","新北市","中和區","121.500","24.990","266"
"5509","374268","20220820033000","5534","0","新北市","中和區","121.510","24.990","5471"
"2543","374272","20220820033000","2474","1","新北市","三峽區","121.370","24.935","2507"
"334","374277","20220820033000","317","1","新北市","三峽區","121.370","24.900","340"
"150","374283","20220820033000","181","0","新北市","三峽區","121.395","24.935","170"
"271","374286","20220820033000","247","1","新北市","三峽區","121.400","24.940","261"
"107","374288","20220820033000","102","1","新北市","三峽區","121.405","24.945","104"
"501","374295","20220820033000","374","2","新北市","三峽區","121.390","24.930","503"
"465","374297","20220820033000","364","2","新北市","三峽區","121.400","24.930","482"
"236","374300","20220820033000","156","3","新北市","三峽區","121.415","24.925","247"
"443","374302","20220820033000","393","1","新北市","三峽區","121.410","24.930","446"
"32","374321","20220820033000","27","1","新北市","三峽區","121.420","24.900","24"
"103","374335","20220820033000","65","3","新北市","三峽區","121.435","24.905","98"
"105","374343","20220820033000","92","1","新北市","三峽區","121.420","24.910","113"
"185","374363","20220820033000","98","3","新北市","三峽區","121.425","24.920","178"
"170","374371","20220820033000","143","1","新北市","三峽區","121.425","24.925","168"
"22","374390","20220820033000","134","0","新北市","三峽區","121.360","24.935","20"
"2521","374391","20220820033000","2250","1","新北市","三峽區","121.365","24.935","2491"
"894","374393","20220820033000","1132","0","新北市","三峽區","121.375","24.935","874"
"664","374394","20220820033000","466","2","新北市","三峽區","121.380","24.935","650"
"1655","374396","20220820033000","1428","1","新北市","三峽區","121.380","24.940","1613"
"10","374399","20220820033000","12","0","新北市","三峽區","121.395","24.945","13"
"1648","374402","20220820033000","1495","1","新北市","三峽區","121.370","24.940","1454"
"866","374403","20220820033000","2334","0","新北市","三峽區","121.375","24.940","1372"
"188","374405","20220820033000","182","1","新北市","三峽區","121.370","24.945","181"
"691","374408","20220820033000","555","2","新北市","三峽區","121.365","24.925","676"
"41","374410","20220820033000","32","2","新北市","三峽區","121.370","24.920","43"
"768","374412","20220820033000","753","1","新北市","三峽區","121.375","24.925","779"
"15","374414","20220820033000","15","1","新北市","三峽區","121.340","24.900","18"
"516","374418","20220820033000","551","0","新北市","三峽區","121.355","24.910","537"
"1798","374420","20220820033000","1833","0","新北市","三峽區","121.375","24.930","1819"
"510","374421","20220820033000","561","0","新北市","三峽區","121.385","24.930","519"
"2327","374422","20220820033000","3975","0","新北市","中和區","121.505","24.990","2274"
"1317","374423","20220820033000","2222","0","新北市","土城區","121.455","24.985","1303"
"1939","374424","20220820033000","1418","2","新北市","土城區","121.470","24.985","1898"
"192","374427","20220820033000","36","3","宜蘭縣","頭城鎮","121.870","24.910","224"
"22","374433","20220820033000","21","1","宜蘭縣","頭城鎮","121.880","24.920","26"
"34","374451","20220820033000","34","1","宜蘭縣","頭城鎮","121.885","24.935","34"
"2901","374458","20220820033000","4191","0","新北市","中和區","121.520","24.990","2845"
"3690","374459","20220820033000","3331","1","新北市","樹林區","121.415","24.980","3638"
"1018","374462","20220820033000","811","2","新北市","樹林區","121.385","24.955","1051"
"10","374466","20220820033000","10","1","新北市","樹林區","121.380","24.970","10"
"71","374467","20220820033000","124","0","新北市","樹林區","121.385","24.970","80"
"61","374493","20220820033000","931","0","新北市","新店區","121.535","24.990","169"
"419","374494","20220820033000","268","3","新北市","新店區","121.530","24.955","429"
"196","374495","20220820033000","152","2","新北市","新店區","121.535","24.955","179"
"882","374496","20220820033000","795","1","新北市","新店區","121.535","24.960","921"
"124","374498","20220820033000","396","0","新北市","新店區","121.520","24.970","130"
"1578","374500","20220820033000","1892","0","新北市","新店區","121.515","24.975","1468"
"1788","374512","20220820033000","2060","0","新北市","樹林區","121.420","24.990","1835"
"3987","374513","20220820033000","3335","1","新北市","中和區","121.510","24.980","3965"
"1578","374514","20220820033000","1440","1","新北市","土城區","121.460","24.975","1599"
"565","374515","20220820033000","596","0","新北市","新店區","121.520","24.980","587"
"1159","374516","20220820033000","1684","0","新北市","新店區","121.520","24.985","1142"
"137","374517","20220820033000","122","1","桃園市","大溪區","121.310","24.895","129"
"15","374520","20220820033000","16","0","桃園市","大溪區","121.330","24.895","16"
"26","374524","20220820033000","30","0","桃園市","大溪區","121.320","24.905","17"
"15","374544","20220820033000","53","0","桃園市","大溪區","121.305","24.925","16"
"883","374548","20220820033000","795","1","桃園市","中壢區","121.240","24.940","934"
"150","374549","20220820033000","94","3","桃園市","中壢區","121.245","24.940","153"
"171","374550","20220820033000","162","1","桃園市","中壢區","121.235","24.945","190"
"774","374551","20220820033000","652","1","桃園市","中壢區","121.240","24.945","778"
"285","374552","20220820033000","378","0","桃園市","中壢區","121.240","24.980","289"
"774","374554","20220820033000","607","2","桃園市","中壢區","121.240","24.930","813"
"205","374555","20220820033000","406","0","桃園市","中壢區","121.245","24.930","184"
"868","374556","20220820033000","913","0","桃園市","中壢區","121.235","24.930","875"
"2165","374558","20220820033000","1926","1","桃園市","中壢區","121.250","24.930","2153"
"349","374560","20220820033000","346","1","桃園市","平鎮區","121.205","24.930","373"
"1149","374561","20220820033000","982","1","桃園市","平鎮區","121.200","24.935","1127"
"104","374562","20220820033000","119","0","桃園市","平鎮區","121.205","24.935","86"
"857","374563","20220820033000","1077","0","桃園市","平鎮區","121.205","24.940","870"
"1836","374564","20220820033000","2229","0","桃園市","平鎮區","121.210","24.955","1824"
"1656","374565","20220820033000","1652","1","桃園市","平鎮區","121.205","24.955","1702"
"668","374566","20220820033000","625","1","桃園市","平鎮區","121.240","24.910","673"
"114","374575","20220820033000","62","3","桃園市","平鎮區","121.195","24.945","96"
"2209","374577","20220820033000","2534","0","桃園市","平鎮區","121.200","24.950","2213"
"1617","374578","20220820033000","1508","1","桃園市","平鎮區","121.200","24.955","1661"
"1109","374579","20220820033000","1186","0","桃園市","平鎮區","121.215","24.950","1170"
"324","374580","20220820033000","295","1","新北市","樹林區","121.365","24.950","292"
"430","374582","20220820033000","428","1","新北市","樹林區","121.375","24.950","396"
"651","374587","20220820033000","664","0","新竹縣","新豐鄉","120.980","24.910","662"
"53","374593","20220820033000","34","3","新竹縣","新豐鄉","120.985","24.915","48"
"520","374594","20220820033000","369","2","新竹縣","新豐鄉","120.970","24.920","491"
"1774","374598","20220820033000","1855","0","桃園市","中壢區","121.245","24.970","1849"
"715","374599","20220820033000","681","1","桃園市","中壢區","121.240","24.975","736"
"1784","374600","20220820033000","1136","3","桃園市","中壢區","121.250","24.980","1740"
"731","374601","20220820033000","746","0","桃園市","中壢區","121.250","24.975","747"
"1796","374602","20220820033000","1693","1","桃園市","中壢區","121.260","24.975","1812"
"541","374603","20220820033000","776","0","桃園市","中壢區","121.210","24.960","501"
"979","374604","20220820033000","901","1","新北市","中和區","121.490","24.990","957"
"248","374605","20220820033000","255","0","新北市","土城區","121.445","24.990","218"
"315","374606","20220820033000","257","2","新北市","新店區","121.545","24.960","304"
"1745","374607","20220820033000","2028","0","新北市","新店區","121.535","24.965","1772"
"3238","374608","20220820033000","2977","1","新北市","新店區","121.535","24.970","3295"
"1772","374609","20220820033000","1292","2","新北市","鶯歌區","121.350","24.955","1757"
"1811","374610","20220820033000","1585","1","新北市","鶯歌區","121.345","24.950","1810"
"329","374612","20220820033000","206","3","桃園市","龜山區","121.335","24.980","397"
"2442","374613","20220820033000","2069","1","新北市","鶯歌區","121.335","24.975","2322"
"1428","374614","20220820033000","1510","0","新北市","鶯歌區","121.340","24.940","1447"
"15","374617","20220820033000","182","0","新北市","鶯歌區","121.335","24.945","32"
"543","374618","20220820033000","499","1","新北市","鶯歌區","121.340","24.945","533"
"100","374620","20220820033000","107","0","新北市","鶯歌區","121.330","24.950","105"
"3157","374622","20220820033000","2764","1","新北市","鶯歌區","121.345","24.955","3122"
"70","374623","20220820033000","73","0","新北市","鶯歌區","121.365","24.955","72"
"221","374626","20220820033000","157","2","新北市","鶯歌區","121.370","24.960","240"
"192","374630","20220820033000","222","0","新北市","鶯歌區","121.375","24.965","231"
"258","374631","20220820033000","211","2","新北市","樹林區","121.380","24.965","218"
"57","374641","20220820033000","56","1","新北市","鶯歌區","121.355","24.975","57"
"2428","374648","20220820033000","1932","2","桃園市","中壢區","121.250","24.935","2532"
"68","374649","20220820033000","50","2","新竹縣","新豐鄉","120.980","24.895","71"
"1661","374654","20220820033000","1746","0","桃園市","中壢區","121.225","24.965","1648"
"92","374656","20220820033000","62","2","桃園市","大溪區","121.250","24.895","77"
"256","374659","20220820033000","294","0","桃園市","大溪區","121.265","24.895","306"
"292","374662","20220820033000","492","0","桃園市","大溪區","121.265","24.900","290"
"907","374664","20220820033000","993","0","桃園市","大溪區","121.260","24.905","922"
"3209","374674","20220820033000","3357","0","新北市","新店區","121.535","24.985","3194"
"73","374675","20220820033000","112","0","新北市","新店區","121.540","24.985","63"
"71","374676","20220820033000","1451","0","新北市","新店區","121.505","24.945","69"
"713","374679","20220820033000","604","1","新北市","新店區","121.500","24.955","719"
"408","374680","20220820033000","400","1","新北市","新店區","121.505","24.955","413"
"42","374683","20220820033000","32","2","新北市","新店區","121.500","24.960","37"
"3125","374685","20220820033000","3925","0","新北市","新店區","121.510","24.960","3061"
"367","374692","20220820033000","643","0","新北市","中和區","121.490","24.980","380"
"1195","374694","20220820033000","1172","1","新北市","中和區","121.490","24.985","1171"
"411","374695","20220820033000","333","2","新北市","中和區","121.495","24.985","400"
"23","374714","20220820033000","41","0","新北市","坪林區","121.735","24.950","27"
"151","374733","20220820033000","172","0","新北市","坪林區","121.700","24.960","157"
"142","374748","20220820033000","126","1","新北市","坪林區","121.725","24.960","143"
"35","374749","20220820033000","32","1","新北市","坪林區","121.705","24.965","36"
"179","374755","20220820033000","157","1","新北市","坪林區","121.705","24.935","165"
"32","374759","20220820033000","47","0","新北市","坪林區","121.710","24.940","38"
"167","374760","20220820033000","124","2","新北市","坪林區","121.720","24.940","131"
"10","374766","20220820033000","19","0","新北市","坪林區","121.700","24.950","10"
"16","374772","20220820033000","16","1","新北市","坪林區","121.710","24.890","15"
"44","374784","20220820033000","36","2","新北市","坪林區","121.700","24.905","41"
"28","374792","20220820033000","38","0","新北市","坪林區","121.700","24.915","36"
"38","374801","20220820033000","29","2","新北市","坪林區","121.700","24.920","27"
"184","374804","20220820033000","140","2","新北市","坪林區","121.695","24.925","195"
"179","374823","20220820033000","192","0","新北市","坪林區","121.715","24.925","187"
"37","374907","20220820033000","30","2","新北市","坪林區","121.785","24.955","36"
"37","374921","20220820033000","40","0","新北市","坪林區","121.730","24.965","34"
"33","374929","20220820033000","16","3","新北市","坪林區","121.770","24.965","23"
"17","374932","20220820033000","18","0","新北市","坪林區","121.785","24.965","15"
"59","374980","20220820033000","30","3","新北市","坪林區","121.730","24.895","29"
"90","375126","20220820033000","72","2","新北市","坪林區","121.680","24.930","80"
"43","375135","20220820033000","53","0","新北市","石碇區","121.665","24.940","40"
"999","375152","20220820033000","1049","0","新北市","新店區","121.535","24.980","977"
"460","375153","20220820033000","595","0","新北市","新店區","121.495","24.945","492"
"852","375154","20220820033000","614","2","新北市","新店區","121.495","24.950","845"
"2128","375155","20220820033000","4293","0","新北市","新店區","121.545","24.970","2081"
"438","375159","20220820033000","354","2","新北市","新店區","121.535","24.940","431"
"432","375160","20220820033000","270","3","新北市","新店區","121.540","24.940","441"
"2617","375167","20220820033000","2357","1","桃園市","八德區","121.295","24.960","2569"
"415","375168","20220820033000","374","1","桃園市","中壢區","121.205","24.965","416"
"32","375176","20220820033000","56","0","桃園市","中壢區","121.210","24.975","25"
"2071","375180","20220820033000","2277","0","桃園市","中壢區","121.255","24.975","2092"
"1274","375181","20220820033000","1275","0","桃園市","平鎮區","121.220","24.950","1306"
"1580","375182","20220820033000","1274","2","桃園市","中壢區","121.225","24.945","1612"
"3532","375183","20220820033000","2937","2","桃園市","中壢區","121.230","24.955","3564"
"448","375185","20220820033000","475","0","桃園市","中壢區","121.220","24.985","415"
"2539","375190","20220820033000","2335","1","桃園市","八德區","121.300","24.960","2316"
"1759","375191","20220820033000","1534","1","新竹縣","湖口鄉","121.050","24.905","1721"
"725","375194","20220820033000","712","1","新竹縣","湖口鄉","121.055","24.910","742"
"510","375195","20220820033000","429","1","新竹縣","湖口鄉","121.050","24.915","513"
"1327","375199","20220820033000","1179","1","桃園市","楊梅區","121.060","24.920","1366"
"213","375200","20220820033000","204","1","新竹縣","湖口鄉","121.055","24.925","220"
"1614","375202","20220820033000","1914","0","桃園市","八德區","121.295","24.965","1647"
"1690","375203","20220820033000","1418","1","桃園市","中壢區","121.225","24.955","1565"
"1652","375204","20220820033000","1530","1","桃園市","中壢區","121.225","24.960","1658"
"1427","375206","20220820033000","1867","0","桃園市","中壢區","121.260","24.965","1392"
"1225","375207","20220820033000","1080","1","桃園市","八德區","121.300","24.970","1228"
"3104","375208","20220820033000","2514","2","桃園市","桃園區","121.305","24.975","3145"
"1091","375209","20220820033000","975","1","桃園市","八德區","121.300","24.975","1070"
"15","375211","20220820033000","16","0","桃園市","八德區","121.315","24.940","14"
"544","375215","20220820033000","450","2","桃園市","八德區","121.300","24.925","558"
"1520","375216","20220820033000","1059","2","新北市","土城區","121.450","24.990","1488"
"1363","375217","20220820033000","1845","0","新北市","土城區","121.440","24.975","1456"
"2006","375218","20220820033000","1760","1","新北市","土城區","121.465","24.975","2016"
"1327","375220","20220820033000","1580","0","新北市","新店區","121.540","24.970","1490"
"225","375229","20220820033000","239","0","新北市","新店區","121.475","24.940","226"
"38","375230","20220820033000","644","0","新北市","新店區","121.480","24.940","46"
"259","375239","20220820033000","358","0","新北市","新店區","121.485","24.950","265"
"1053","375244","20220820033000","1441","0","新北市","新店區","121.510","24.970","1044"
"993","375246","20220820033000","1420","0","新北市","新店區","121.515","24.970","1185"
"1262","375247","20220820033000","1749","0","桃園市","中壢區","121.210","24.965","1304"
"1373","375250","20220820033000","1122","2","桃園市","中壢區","121.235","24.970","1380"
"486","375252","20220820033000","472","1","桃園市","中壢區","121.235","24.975","485"
"195","375253","20220820033000","421","0","桃園市","中壢區","121.235","24.980","191"
"69","375255","20220820033000","170","0","桃園市","中壢區","121.235","24.985","52"
"1000","375256","20220820033000","1016","0","桃園市","中壢區","121.230","24.990","1013"
"2297","375258","20220820033000","1806","2","桃園市","八德區","121.295","24.945","2320"
"432","375259","20220820033000","442","0","桃園市","八德區","121.295","24.950","422"
"990","375260","20220820033000","731","2","桃園市","八德區","121.275","24.965","1003"
"456","375261","20220820033000","497","0","桃園市","八德區","121.280","24.970","473"
"1000","375264","20220820033000","1126","0","桃園市","中壢區","121.195","24.960","995"
"55","375265","20220820033000","186","0","桃園市","中壢區","121.200","24.960","52"
"1747","375266","20220820033000","2376","0","桃園市","平鎮區","121.190","24.965","1801"
"471","375269","20220820033000","729","0","桃園市","平鎮區","121.190","24.970","510"
"3031","375271","20220820033000","2018","3","桃園市","中壢區","121.205","24.960","2919"
"2389","375272","20220820033000","2084","1","桃園市","中壢區","121.260","24.950","2485"
"2626","375273","20220820033000","1789","2","桃園市","中壢區","121.260","24.955","2621"
"614","375274","20220820033000","578","1","桃園市","八德區","121.290","24.960","623"
"737","375275","20220820033000","811","0","桃園市","八德區","121.265","24.970","720"
"140","375276","20220820033000","247","0","桃園市","八德區","121.275","24.970","179"
"462","375278","20220820033000","443","1","桃園市","八德區","121.270","24.970","478"
"1164","375279","20220820033000","962","2","桃園市","八德區","121.275","24.975","1203"
"1152","375281","20220820033000","1001","1","桃園市","八德區","121.295","24.925","1141"
"388","375296","20220820033000","287","2","新竹縣","新豐鄉","121.005","24.925","377"
"277","375299","20220820033000","373","0","新竹縣","新豐鄉","121.020","24.925","274"
"175","375303","20220820033000","139","2","新竹縣","新豐鄉","120.965","24.895","153"
"225","375308","20220820033000","170","2","新竹縣","新豐鄉","120.970","24.900","235"
"1110","375316","20220820033000","1297","0","新北市","土城區","121.420","24.960","1075"
"637","375317","20220820033000","760","0","新北市","土城區","121.410","24.955","598"
"1283","375318","20220820033000","1021","2","新北市","土城區","121.415","24.955","1302"
"232","375319","20220820033000","233","0","新北市","新店區","121.515","24.980","240"
"187","375320","20220820033000","89","3","新北市","新店區","121.515","24.945","180"
"377","375321","20220820033000","481","0","新北市","新店區","121.520","24.945","360"
"43","375323","20220820033000","59","0","新北市","新店區","121.520","24.950","45"
"63","375324","20220820033000","23","3","新北市","新店區","121.525","24.950","65"
"350","375325","20220820033000","478","0","新北市","新店區","121.515","24.955","382"
"1575","375326","20220820033000","616","3","新北市","新店區","121.520","24.955","1591"
"228","375330","20220820033000","153","2","新北市","新店區","121.530","24.960","218"
"531","375332","20220820033000","647","0","新北市","新店區","121.525","24.965","562"
"11","375333","20220820033000","744","0","新北市","新店區","121.520","24.965","11"
"2378","375335","20220820033000","3006","0","新北市","新店區","121.540","24.975","2327"
"745","375346","20220820033000","774","0","新北市","新店區","121.505","24.920","739"
"637","375357","20220820033000","626","1","新北市","新店區","121.510","24.925","675"
"31","375361","20220820033000","19","3","新北市","新店區","121.530","24.925","27"
"3498","375369","20220820033000","4226","0","新北市","新店區","121.540","24.980","3782"
"1040","375370","20220820033000","1247","0","新北市","新店區","121.530","24.950","988"
"1679","375371","20220820033000","1471","1","新北市","新店區","121.550","24.955","1725"
"155","375372","20220820033000","392","0","新北市","新店區","121.555","24.955","148"
"665","375374","20220820033000","585","1","新北市","新店區","121.555","24.965","630"
"71","375384","20220820033000","78","0","新北市","新店區","121.500","24.920","79"
"160","375390","20220820033000","81","3","新北市","新店區","121.505","24.930","162"
"33","375394","20220820033000","41","0","新北市","新店區","121.510","24.935","44"
"623","375399","20220820033000","598","1","新北市","新店區","121.505","24.940","668"
"1269","375400","20220820033000","1013","2","桃園市","八德區","121.320","24.960","1299"
"1813","375401","20220820033000","1504","2","桃園市","八德區","121.325","24.970","1798"
"780","375402","20220820033000","671","1","桃園市","八德區","121.300","24.930","801"
"115","375403","20220820033000","129","0","桃園市","八德區","121.305","24.930","103"
"167","375404","20220820033000","158","1","桃園市","八德區","121.300","24.935","170"
"347","375405","20220820033000","409","0","桃園市","八德區","121.305","24.935","341"
"181","375407","20220820033000","257","0","桃園市","八德區","121.300","24.940","172"
"635","375408","20220820033000","525","2","桃園市","八德區","121.305","24.940","645"
"699","375410","20220820033000","746","0","桃園市","八德區","121.255","24.920","708"
"349","375417","20220820033000","301","1","桃園市","八德區","121.260","24.925","342"
"1194","375419","20220820033000","968","2","桃園市","八德區","121.270","24.975","1151"
"2183","375420","20220820033000","3067","0","桃園市","中壢區","121.240","24.955","2175"
"821","375421","20220820033000","1652","0","桃園市","中壢區","121.240","24.960","802"
"645","375422","20220820033000","767","0","桃園市","中壢區","121.245","24.960","624"
"2242","375427","20220820033000","1498","2","桃園市","中壢區","121.255","24.960","2287"
"158","375435","20220820033000","162","0","新竹縣","新豐鄉","121.005","24.930","141"
"212","375452","20220820033000","209","1","新竹縣","新豐鄉","121.000","24.905","214"
"429","375460","20220820033000","500","0","新竹縣","新豐鄉","121.010","24.910","444"
"516","375465","20220820033000","451","1","新竹縣","新豐鄉","121.025","24.915","553"
"451","375468","20220820033000","295","3","新竹縣","新豐鄉","121.035","24.930","457"
"1400","375480","20220820033000","1295","1","新竹縣","新豐鄉","120.985","24.900","1397"
"992","375481","20220820033000","680","2","新竹縣","新豐鄉","120.990","24.900","1029"
"324","375484","20220820033000","1575","0","桃園市","中壢區","121.235","24.950","347"
"2739","375485","20220820033000","2286","1","新北市","土城區","121.445","24.970","2719"
"1033","375486","20220820033000","836","2","新北市","土城區","121.445","24.975","1070"
"2727","375487","20220820033000","2769","0","新北市","新店區","121.530","24.970","2723"
"1849","375488","20220820033000","1813","1","新北市","新店區","121.525","24.975","2002"
"1044","375489","20220820033000","968","1","新北市","新店區","121.530","24.975","1070"
"216","375490","20220820033000","155","2","新北市","新店區","121.525","24.980","208"
"2179","375492","20220820033000","1800","2","新北市","土城區","121.435","24.970","2227"
"2502","375493","20220820033000","3172","0","新北市","新店區","121.545","24.965","2425"
"3428","375495","20220820033000","5220","0","新北市","新店區","121.535","24.975","3609"
"459","375515","20220820033000","454","1","新北市","新店區","121.555","24.930","447"
"44","375517","20220820033000","41","1","新北市","新店區","121.565","24.930","39"
"547","375521","20220820033000","510","1","新北市","新店區","121.550","24.935","570"
"844","375529","20220820033000","901","0","新北市","新店區","121.530","24.965","838"
"908","375530","20220820033000","2151","0","新北市","新店區","121.475","24.955","927"
"1107","375534","20220820033000","1206","0","新北市","中和區","121.485","24.965","1069"
"1726","375536","20220820033000","1445","1","桃園市","中壢區","121.245","24.935","1719"
"1372","375537","20220820033000","1289","1","桃園市","中壢區","121.260","24.970","1411"
"574","375539","20220820033000","664","0","桃園市","中壢區","121.255","24.935","425"
"375","375540","20220820033000","379","0","桃園市","中壢區","121.260","24.935","327"
"1129","375541","20220820033000","1754","0","桃園市","中壢區","121.250","24.940","1126"
"600","375542","20220820033000","645","0","桃園市","中壢區","121.260","24.940","554"
"1752","375543","20220820033000","1752","1","桃園市","中壢區","121.240","24.950","1733"
"476","375544","20220820033000","455","1","桃園市","中壢區","121.245","24.950","468"
"1040","375548","20220820033000","771","2","桃園市","觀音區","121.150","24.965","1048"
"356","375551","20220820033000","314","1","桃園市","觀音區","121.140","24.975","343"
"148","375559","20220820033000","137","1","桃園市","觀音區","121.135","24.985","158"
"993","375569","20220820033000","962","1","桃園市","觀音區","121.165","24.990","1069"
"415","375572","20220820033000","461","0","桃園市","八德區","121.320","24.945","444"
"177","375574","20220820033000","313","0","桃園市","八德區","121.315","24.950","166"
"746","375577","20220820033000","1023","0","桃園市","八德區","121.315","24.955","761"
"1203","375578","20220820033000","1234","0","桃園市","八德區","121.295","24.970","1267"
"421","375581","20220820033000","308","2","桃園市","蘆竹區","121.270","24.990","410"
"39","375593","20220820033000","36","1","新北市","石碇區","121.675","24.970","41"
"24","375644","20220820033000","24","1","新北市","石碇區","121.635","24.950","20"
"52","375652","20220820033000","45","1","新北市","石碇區","121.635","24.955","55"
"47","375653","20220820033000","39","2","新北市","石碇區","121.640","24.955","40"
"105","375655","20220820033000","98","1","新北市","石碇區","121.650","24.955","103"
"92","375667","20220820033000","91","1","新北市","石碇區","121.630","24.965","91"
"17","375811","20220820033000","16","1","新北市","石碇區","121.645","24.930","10"
"17","375836","20220820033000","16","1","新北市","石碇區","121.660","24.950","16"
"29","375839","20220820033000","34","0","新北市","石碇區","121.670","24.980","26"
"39","375840","20220820033000","12","3","新北市","石碇區","121.675","24.980","32"
"76","375891","20220820033000","64","1","新北市","石碇區","121.660","24.975","81"
"28","375897","20220820033000","28","1","新北市","石碇區","121.665","24.980","27"
"47","375941","20220820033000","41","1","新北市","貢寮區","121.885","24.985","45"
"700","375963","20220820033000","676","1","新北市","土城區","121.435","24.975","697"
"1384","375967","20220820033000","1270","1","新北市","土城區","121.440","24.970","1353"
"384","375969","20220820033000","375","1","新北市","土城區","121.455","24.970","380"
"329","375970","20220820033000","277","1","新北市","新店區","121.550","24.960","344"
"626","375971","20220820033000","648","0","新北市","新店區","121.550","24.965","636"
"36","375972","20220820033000","28","2","新北市","新店區","121.580","24.910","35"
"224","375990","20220820033000","239","0","新北市","新店區","121.570","24.930","226"
"78","375994","20220820033000","52","3","新北市","新店區","121.590","24.930","66"
"12","376009","20220820033000","11","1","新北市","新店區","121.590","24.940","16"
"76","376023","20220820033000","72","1","新北市","新店區","121.580","24.950","78"
"47","376024","20220820033000","40","1","新北市","新店區","121.585","24.950","40"
"21","376033","20220820033000","19","1","新北市","新店區","121.605","24.955","24"
"270","376045","20220820033000","319","0","新北市","新店區","121.500","24.935","246"
"38","376049","20220820033000","64","0","新北市","新店區","121.500","24.940","39"
"2126","376051","20220820033000","2219","0","新北市","新店區","121.490","24.945","2139"
"350","376052","20220820033000","388","0","新北市","新店區","121.490","24.950","370"
"605","376060","20220820033000","483","2","新北市","新店區","121.545","24.955","575"
"1158","376063","20220820033000","1186","0","新北市","新店區","121.560","24.955","1159"
"1358","376064","20220820033000","1224","1","新北市","新店區","121.565","24.955","1371"
"56","376065","20220820033000","51","1","新北市","新店區","121.570","24.955","64"
"11","376068","20220820033000","91","0","新北市","新店區","121.560","24.960","12"
"18","376099","20220820033000","261","0","新北市","新店區","121.555","24.905","15"
"497","376101","20220820033000","497","1","新北市","新店區","121.545","24.910","501"
"770","376106","20220820033000","646","1","桃園市","觀音區","121.155","24.975","822"
"381","376109","20220820033000","343","1","桃園市","觀音區","121.150","24.980","405"
"290","376115","20220820033000","297","0","桃園市","觀音區","121.135","24.990","264"
"2839","376118","20220820033000","3972","0","新北市","新店區","121.515","24.985","2679"
"514","376123","20220820033000","593","0","新北市","土城區","121.445","24.950","527"
"220","376130","20220820033000","121","3","新北市","土城區","121.440","24.965","209"
"235","376131","20220820033000","281","0","新北市","土城區","121.430","24.970","260"
"760","376132","20220820033000","732","1","新北市","土城區","121.435","24.965","737"
"274","376133","20220820033000","305","0","新北市","板橋區","121.430","24.975","266"
"1748","376134","20220820033000","2485","0","臺北市","文山區","121.545","24.985","1723"
"291","376135","20220820033000","456","0","新北市","新店區","121.510","24.950","266"
"1238","376136","20220820033000","1255","0","新北市","新店區","121.515","24.960","1245"
"103","376137","20220820033000","1790","0","新北市","新店區","121.515","24.965","99"
"1625","376141","20220820033000","1653","0","桃園市","八德區","121.320","24.965","1609"
"604","376145","20220820033000","472","2","新竹縣","湖口鄉","121.060","24.895","601"
"185","376148","20220820033000","1308","0","新北市","土城區","121.455","24.980","176"
"384","376149","20220820033000","1135","0","新北市","土城區","121.450","24.980","411"
"193","376150","20220820033000","963","0","新北市","新店區","121.540","24.955","195"
"233","376151","20220820033000","645","0","桃園市","中壢區","121.255","24.940","227"
"1237","376153","20220820033000","1284","0","桃園市","中壢區","121.250","24.965","1273"
"2201","376154","20220820033000","2516","0","桃園市","中壢區","121.255","24.965","2201"
"1774","376155","20220820033000","2846","0","桃園市","中壢區","121.250","24.970","1831"
"62","376156","20220820033000","72","0","桃園市","八德區","121.320","24.955","61"
"78","376157","20220820033000","245","0","桃園市","八德區","121.325","24.955","66"
"882","376160","20220820033000","718","2","桃園市","八德區","121.325","24.965","889"
"3761","376161","20220820033000","3452","1","桃園市","桃園區","121.280","24.990","3841"
"146","376176","20220820033000","161","0","新北市","樹林區","121.405","24.990","156"
"825","376178","20220820033000","453","3","桃園市","平鎮區","121.205","24.895","848"
"186","376179","20220820033000","268","0","桃園市","平鎮區","121.195","24.895","180"
"920","376180","20220820033000","1116","0","桃園市","平鎮區","121.200","24.895","942"
"703","376181","20220820033000","480","2","桃園市","平鎮區","121.195","24.900","730"
"543","376183","20220820033000","266","3","桃園市","平鎮區","121.205","24.900","544"
"269","376184","20220820033000","257","1","桃園市","平鎮區","121.195","24.905","253"
"305","376185","20220820033000","313","0","桃園市","平鎮區","121.200","24.905","299"
"181","376189","20220820033000","142","2","桃園市","平鎮區","121.215","24.900","177"
"607","376192","20220820033000","569","1","桃園市","平鎮區","121.215","24.905","680"
"1902","376194","20220820033000","1671","1","桃園市","桃園區","121.315","24.985","1922"
"1199","376195","20220820033000","1155","1","桃園市","中壢區","121.245","24.945","1173"
"838","376196","20220820033000","720","1","桃園市","中壢區","121.250","24.945","877"
"265","376199","20220820033000","188","2","新北市","石碇區","121.660","24.990","270"
"75","376200","20220820033000","44","3","新北市","石碇區","121.685","24.960","64"
"40","376205","20220820033000","53","0","新北市","石碇區","121.680","24.970","46"
"127","376222","20220820033000","185","0","新北市","石碇區","121.690","24.980","127"
"218","376245","20220820033000","532","0","新北市","鶯歌區","121.340","24.960","203"
"190","376246","20220820033000","166","1","新北市","鶯歌區","121.340","24.965","191"
"159","376248","20220820033000","144","1","新北市","鶯歌區","121.340","24.970","162"
"413","376251","20220820033000","406","1","新北市","鶯歌區","121.345","24.975","402"
"147","376258","20220820033000","122","2","新北市","鶯歌區","121.320","24.935","150"
"927","376259","20220820033000","758","2","新北市","鶯歌區","121.325","24.935","754"
"216","376263","20220820033000","280","0","新北市","鶯歌區","121.330","24.940","244"
"259","376265","20220820033000","233","1","新北市","鶯歌區","121.335","24.930","232"
"561","376268","20220820033000","492","1","新北市","鶯歌區","121.345","24.935","565"
"2325","376269","20220820033000","2081","1","新北市","鶯歌區","121.355","24.955","2312"
"811","376270","20220820033000","679","1","新北市","鶯歌區","121.360","24.955","816"
"680","376273","20220820033000","555","2","新北市","鶯歌區","121.355","24.940","669"
"317","376274","20220820033000","342","0","新北市","鶯歌區","121.350","24.945","353"
"477","376277","20220820033000","432","1","新北市","鶯歌區","121.350","24.950","465"
"1588","376280","20220820033000","1556","1","新北市","樹林區","121.395","24.970","1597"
"695","376281","20220820033000","639","1","桃園市","楊梅區","121.185","24.915","719"
"591","376282","20220820033000","656","0","桃園市","楊梅區","121.180","24.920","590"
"535","376283","20220820033000","404","2","桃園市","楊梅區","121.185","24.920","560"
"430","376284","20220820033000","407","1","桃園市","中壢區","121.215","24.960","412"
"1159","376285","20220820033000","1733","0","桃園市","中壢區","121.215","24.965","1197"
"19","376287","20220820033000","16","1","桃園市","中壢區","121.175","24.975","18"
"144","376293","20220820033000","182","0","桃園市","中壢區","121.190","24.980","125"
"44","376295","20220820033000","48","0","桃園市","中壢區","121.175","24.980","52"
"1145","376297","20220820033000","1005","1","桃園市","中壢區","121.185","24.980","1143"
"256","376300","20220820033000","265","0","桃園市","中壢區","121.175","24.985","280"
"169","376301","20220820033000","149","1","桃園市","中壢區","121.180","24.985","183"
"1679","376307","20220820033000","1297","2","桃園市","八德區","121.260","24.930","1621"
"1431","376308","20220820033000","1457","0","桃園市","平鎮區","121.220","24.945","1452"
"1331","376309","20220820033000","1191","1","桃園市","楊梅區","121.150","24.905","1306"
"361","376311","20220820033000","349","1","桃園市","平鎮區","121.220","24.920","401"
"601","376312","20220820033000","600","1","桃園市","平鎮區","121.220","24.925","590"
"1179","376313","20220820033000","766","3","桃園市","平鎮區","121.205","24.915","1195"
"691","376315","20220820033000","647","1","新北市","樹林區","121.390","24.960","719"
"20","376320","20220820033000","30","0","新北市","樹林區","121.395","24.965","21"
"104","376325","20220820033000","120","0","新北市","樹林區","121.405","24.970","122"
"4373","376326","20220820033000","4789","0","新北市","樹林區","121.380","24.945","4350"
"642","376327","20220820033000","603","1","新北市","樹林區","121.385","24.945","650"
"2434","376330","20220820033000","2239","1","新北市","樹林區","121.380","24.950","2363"
"610","376331","20220820033000","707","0","新北市","樹林區","121.385","24.950","614"
"1483","376333","20220820033000","1434","1","新北市","樹林區","121.395","24.950","1590"
"550","376335","20220820033000","617","0","新北市","板橋區","121.435","24.990","549"
"5096","376337","20220820033000","4909","1","新北市","土城區","121.450","24.985","5003"
"497","376338","20220820033000","409","2","桃園市","中壢區","121.245","24.985","439"
"740","376341","20220820033000","859","0","桃園市","中壢區","121.240","24.990","770"
"365","376344","20220820033000","451","0","桃園市","中壢區","121.255","24.990","395"
"1616","376345","20220820033000","1520","1","桃園市","中壢區","121.255","24.980","1628"
"633","376347","20220820033000","707","0","桃園市","中壢區","121.260","24.945","620"
"428","376348","20220820033000","374","1","桃園市","中壢區","121.255","24.950","409"
"1528","376349","20220820033000","963","3","桃園市","中壢區","121.165","24.960","1496"
"473","376350","20220820033000","367","2","桃園市","中壢區","121.170","24.960","486"
"736","376351","20220820033000","568","2","桃園市","新屋區","121.155","24.960","736"
"18","376352","20220820033000","13","2","桃園市","中壢區","121.155","24.965","15"
"54","376353","20220820033000","423","0","桃園市","中壢區","121.160","24.965","45"
"266","376358","20220820033000","244","1","桃園市","中壢區","121.160","24.970","248"
"1716","376361","20220820033000","1504","1","桃園市","中壢區","121.175","24.970","1816"
"1389","376370","20220820033000","1394","0","新北市","樹林區","121.420","24.980","1367"
"1430","376373","20220820033000","1364","1","新北市","樹林區","121.420","24.975","1413"
"2818","376375","20220820033000","2158","2","新北市","板橋區","121.425","24.985","2858"
"2839","376380","20220820033000","2954","0","新北市","板橋區","121.430","24.985","2777"
"1073","376381","20220820033000","993","1","桃園市","平鎮區","121.250","24.925","1083"
"516","376391","20220820033000","696","0","桃園市","龜山區","121.360","24.990","532"
"53","376392","20220820033000","31","3","桃園市","龜山區","121.365","24.990","38"
"82","376393","20220820033000","72","1","桃園市","龜山區","121.370","24.990","90"
"132","376400","20220820033000","309","0","桃園市","楊梅區","121.105","24.910","129"
"315","376403","20220820033000","305","1","桃園市","楊梅區","121.120","24.910","291"
"234","376407","20220820033000","213","1","桃園市","楊梅區","121.100","24.915","227"
"1253","376412","20220820033000","879","2","桃園市","楊梅區","121.125","24.915","1303"
"39","376419","20220820033000","150","0","新竹縣","湖口鄉","121.105","24.895","36"
"16","376422","20220820033000","85","0","桃園市","楊梅區","121.085","24.900","13"
"977","376427","20220820033000","703","2","桃園市","楊梅區","121.060","24.905","956"
"364","376431","20220820033000","344","1","桃園市","楊梅區","121.080","24.905","415"
"731","376438","20220820033000","571","2","桃園市","楊梅區","121.070","24.910","707"
"311","376440","20220820033000","254","2","桃園市","楊梅區","121.080","24.910","323"
"404","376443","20220820033000","465","0","桃園市","楊梅區","121.095","24.910","427"
"565","376447","20220820033000","623","0","桃園市","楊梅區","121.075","24.915","607"
"456","376456","20220820033000","455","1","桃園市","楊梅區","121.125","24.940","461"
"424","376457","20220820033000","206","3","桃園市","楊梅區","121.130","24.940","431"
"156","376471","20220820033000","213","0","新北市","深坑區","121.620","24.980","152"
"624","376485","20220820033000","809","0","新北市","樹林區","121.415","24.985","618"
"1771","376486","20220820033000","1355","2","新北市","樹林區","121.425","24.990","1719"
"911","376487","20220820033000","898","1","桃園市","平鎮區","121.200","24.945","878"
"3809","376488","20220820033000","3289","1","桃園市","平鎮區","121.205","24.945","3912"
"1401","376490","20220820033000","1794","0","桃園市","平鎮區","121.210","24.950","1425"
"1059","376491","20220820033000","1079","0","桃園市","平鎮區","121.210","24.900","1095"
"2078","376492","20220820033000","1771","1","桃園市","平鎮區","121.210","24.905","2079"
"83","376508","20220820033000","240","0","新北市","土城區","121.410","24.950","77"
"275","376509","20220820033000","290","0","新北市","土城區","121.415","24.950","277"
"2685","376510","20220820033000","2592","1","桃園市","中壢區","121.230","24.945","2672"
"2061","376511","20220820033000","2370","0","桃園市","中壢區","121.235","24.955","2080"
"425","376514","20220820033000","523","0","桃園市","中壢區","121.220","24.975","404"
"863","376517","20220820033000","553","3","桃園市","中壢區","121.215","24.980","850"
"19","376518","20220820033000","121","0","桃園市","中壢區","121.220","24.980","19"
"3033","376521","20220820033000","2870","1","桃園市","中壢區","121.220","24.960","2998"
"376","376522","20220820033000","327","1","新竹縣","新豐鄉","121.000","24.895","405"
"129","376524","20220820033000","82","3","新竹縣","新豐鄉","121.010","24.895","139"
"854","376531","20220820033000","795","1","桃園市","平鎮區","121.255","24.925","855"
"698","376532","20220820033000","633","1","新北市","樹林區","121.415","24.975","717"
"338","376533","20220820033000","461","0","新北市","樹林區","121.400","24.970","339"
"2622","376539","20220820033000","1995","2","新北市","樹林區","121.420","24.985","2566"
"3570","376540","20220820033000","2782","2","新北市","土城區","121.460","24.980","3561"
"1575","376541","20220820033000","1991","0","新北市","土城區","121.460","24.985","1579"
"2654","376542","20220820033000","3143","0","新北市","板橋區","121.430","24.990","2688"
"22","376544","20220820033000","29","0","新北市","平溪區","121.725","24.975","34"
"5011","376577","20220820033000","4346","1","新北市","板橋區","121.460","24.990","5086"
"503","376578","20220820033000","1020","0","新北市","土城區","121.465","24.980","503"
"460","376584","20220820033000","657","0","新北市","土城區","121.425","24.960","426"
"363","376586","20220820033000","259","2","新北市","土城區","121.435","24.960","360"
"794","376587","20220820033000","1065","0","新北市","土城區","121.430","24.965","829"
"3221","376588","20220820033000","2291","2","桃園市","八德區","121.305","24.965","3197"
"1309","376589","20220820033000","650","3","桃園市","桃園區","121.295","24.975","1206"
"1000","376592","20220820033000","902","1","桃園市","中壢區","121.230","24.940","1020"
"1783","376594","20220820033000","1267","2","桃園市","平鎮區","121.245","24.915","1813"
"2186","376595","20220820033000","1596","2","桃園市","八德區","121.295","24.955","1926"
"483","376607","20220820033000","395","2","新竹縣","新豐鄉","120.985","24.920","472"
"1444","376614","20220820033000","1126","2","新竹縣","新豐鄉","120.990","24.930","1466"
"822","376622","20220820033000","712","1","桃園市","中壢區","121.230","24.970","852"
"837","376623","20220820033000","746","1","桃園市","中壢區","121.225","24.975","884"
"1229","376624","20220820033000","1179","1","桃園市","中壢區","121.230","24.975","1225"
"566","376627","20220820033000","594","0","桃園市","中壢區","121.230","24.980","563"
"122","376628","20220820033000","75","3","新竹縣","湖口鄉","121.035","24.900","103"
"68","376629","20220820033000","113","0","新竹縣","湖口鄉","121.040","24.900","102"
"1099","376633","20220820033000","885","2","新竹縣","湖口鄉","121.040","24.895","1109"
"988","376636","20220820033000","662","2","新竹縣","湖口鄉","121.040","24.915","986"
"35","376641","20220820033000","252","0","新竹縣","湖口鄉","121.040","24.925","28"
"341","376651","20220820033000","218","3","新竹縣","湖口鄉","121.045","24.935","309"
"1269","376653","20220820033000","1251","1","桃園市","中壢區","121.235","24.965","1288"
"64","376655","20220820033000","18","3","桃園市","中壢區","121.240","24.970","41"
"205","376656","20220820033000","814","0","桃園市","中壢區","121.255","24.930","204"
"668","376658","20220820033000","652","1","新竹縣","湖口鄉","121.065","24.895","692"
"370","376665","20220820033000","339","1","新北市","鶯歌區","121.355","24.950","347"
"697","376666","20220820033000","801","0","新北市","鶯歌區","121.335","24.955","718"
"2161","376667","20220820033000","2021","1","新北市","鶯歌區","121.330","24.960","2118"
"21","376668","20220820033000","195","0","新北市","鶯歌區","121.335","24.960","40"
"417","376670","20220820033000","339","2","新北市","鶯歌區","121.340","24.950","404"
"1361","376674","20220820033000","1137","1","新北市","鶯歌區","121.330","24.965","1362"
"1928","376675","20220820033000","2015","0","新北市","樹林區","121.425","24.980","1806"
"76","376679","20220820033000","60","2","新北市","樹林區","121.405","24.955","70"
"576","376680","20220820033000","521","1","新北市","樹林區","121.405","24.960","551"
"362","376682","20220820033000","344","1","新北市","樹林區","121.410","24.970","404"
"285","376685","20220820033000","225","2","新北市","樹林區","121.400","24.975","262"
"509","376686","20220820033000","281","3","新北市","樹林區","121.405","24.975","482"
"1094","376687","20220820033000","1091","1","新北市","樹林區","121.410","24.975","1078"
"66","376690","20220820033000","76","0","新北市","樹林區","121.400","24.980","94"
"1572","376699","20220820033000","1763","0","新北市","樹林區","121.410","24.980","1585"
"790","376700","20220820033000","894","0","新北市","樹林區","121.415","24.990","803"
"1684","376701","20220820033000","1362","2","新北市","新店區","121.500","24.945","1731"
"65","376703","20220820033000","57","1","新北市","新店區","121.565","24.905","68"
"459","376717","20220820033000","399","1","新北市","新店區","121.550","24.920","464"
"3512","376725","20220820033000","2057","3","新北市","新店區","121.540","24.960","3411"
"22","376752","20220820033000","14","3","新北市","新店區","121.535","24.905","21"
"29","376759","20220820033000","33","0","新北市","新店區","121.535","24.910","30"
"23","376761","20220820033000","20","1","新北市","新店區","121.520","24.915","24"
"63","376764","20220820033000","62","1","新北市","新店區","121.535","24.915","58"
"56","376766","20220820033000","47","1","新北市","新店區","121.545","24.915","64"
"2795","376768","20220820033000","3276","0","新北市","土城區","121.445","24.985","2760"
"1026","376769","20220820033000","857","1","新北市","土城區","121.450","24.975","982"
"607","376770","20220820033000","732","0","新北市","土城區","121.455","24.975","580"
"1644","376772","20220820033000","1540","1","新北市","土城區","121.415","24.960","1669"
"84","376774","20220820033000","1070","0","新北市","土城區","121.420","24.965","84"
"323","376775","20220820033000","629","0","新北市","土城區","121.425","24.965","365"
"227","376777","20220820033000","264","0","新北市","土城區","121.425","24.970","230"
"82","376787","20220820033000","90","0","新北市","土城區","121.470","24.960","86"
"72","376788","20220820033000","44","3","新北市","土城區","121.455","24.965","67"
"40","376791","20220820033000","37","1","新北市","土城區","121.470","24.965","38"
"931","376796","20220820033000","970","0","新北市","土城區","121.460","24.970","943"
"4952","376798","20220820033000","4782","1","新北市","新店區","121.540","24.965","5177"
"25","376801","20220820033000","17","2","桃園市","大溪區","121.305","24.895","21"
"20","376808","20220820033000","182","0","桃園市","八德區","121.280","24.930","18"
"1552","376809","20220820033000","1516","1","桃園市","八德區","121.285","24.930","1622"
"488","376810","20220820033000","549","0","桃園市","八德區","121.280","24.935","511"
"760","376813","20220820033000","610","2","桃園市","八德區","121.270","24.930","750"
"38","376815","20220820033000","64","0","桃園市","八德區","121.270","24.935","47"
"1583","376823","20220820033000","1139","2","桃園市","八德區","121.280","24.925","1624"
"1712","376824","20220820033000","1426","2","桃園市","八德區","121.285","24.925","1694"
"1765","376825","20220820033000","1813","0","桃園市","中壢區","121.220","24.955","1717"
"2183","376826","20220820033000","2300","0","桃園市","中壢區","121.230","24.965","2172"
"1715","376828","20220820033000","1445","1","桃園市","八德區","121.275","24.980","1692"
"456","376829","20220820033000","417","1","桃園市","八德區","121.280","24.980","463"
"1356","376831","20220820033000","1361","0","新竹縣","湖口鄉","121.050","24.900","1348"
"3305","376832","20220820033000","2880","1","新竹縣","湖口鄉","121.045","24.900","3349"
"106","376834","20220820033000","105","1","新竹縣","湖口鄉","121.030","24.900","116"
"126","376835","20220820033000","105","2","新竹縣","湖口鄉","121.025","24.905","131"
"561","376845","20220820033000","923","0","桃園市","平鎮區","121.230","24.930","562"
"2527","376847","20220820033000","1527","3","桃園市","中壢區","121.230","24.935","2587"
"1021","376848","20220820033000","1059","0","桃園市","中壢區","121.225","24.940","1128"
"1894","376849","20220820033000","1621","1","桃園市","中壢區","121.245","24.975","1885"
"2086","376850","20220820033000","1890","1","桃園市","中壢區","121.245","24.980","2110"
"855","376851","20220820033000","704","2","桃園市","中壢區","121.250","24.985","856"
"122","376852","20220820033000","135","0","桃園市","中壢區","121.240","24.985","135"
"1151","376853","20220820033000","1104","1","桃園市","八德區","121.295","24.935","1164"
"242","376854","20220820033000","237","1","桃園市","八德區","121.295","24.940","247"
"1151","376855","20220820033000","1235","0","桃園市","八德區","121.295","24.930","1211"
"580","376856","20220820033000","899","0","桃園市","龜山區","121.335","24.985","597"
"2182","376857","20220820033000","2541","0","桃園市","龜山區","121.335","24.990","2178"
"453","376860","20220820033000","601","0","桃園市","龜山區","121.345","24.980","458"
"19","376865","20220820033000","128","0","桃園市","龜山區","121.360","24.985","17"
"2377","376866","20220820033000","1909","2","桃園市","平鎮區","121.220","24.940","2470"
"316","376871","20220820033000","274","1","桃園市","楊梅區","121.185","24.905","305"
"211","376875","20220820033000","203","1","桃園市","平鎮區","121.200","24.910","211"
"1360","376878","20220820033000","756","3","桃園市","平鎮區","121.200","24.915","1396"
"222","376881","20220820033000","227","0","桃園市","平鎮區","121.200","24.920","230"
"373","376882","20220820033000","628","0","桃園市","楊梅區","121.180","24.945","373"
"1000","376886","20220820033000","892","1","桃園市","平鎮區","121.185","24.955","961"
"778","376887","20220820033000","830","0","桃園市","中壢區","121.175","24.960","786"
"670","376889","20220820033000","663","1","桃園市","平鎮區","121.185","24.960","649"
"402","376892","20220820033000","431","0","桃園市","中壢區","121.185","24.970","389"
"260","376894","20220820033000","206","2","桃園市","平鎮區","121.190","24.930","282"
"310","376899","20220820033000","210","2","桃園市","平鎮區","121.190","24.940","285"
"525","376900","20220820033000","505","1","桃園市","平鎮區","121.195","24.940","538"
"288","376915","20220820033000","211","2","桃園市","大溪區","121.310","24.930","305"
"870","376925","20220820033000","712","2","桃園市","大溪區","121.275","24.895","904"
"1402","376927","20220820033000","1179","1","桃園市","大溪區","121.280","24.895","1441"
"849","376929","20220820033000","719","1","桃園市","大溪區","121.285","24.905","897"
"659","376930","20220820033000","607","1","桃園市","大溪區","121.280","24.900","714"
"564","376931","20220820033000","439","2","桃園市","大溪區","121.280","24.905","558"
"1327","376932","20220820033000","995","2","桃園市","龜山區","121.325","24.990","1343"
"503","376933","20220820033000","543","0","桃園市","桃園區","121.325","24.980","514"
"1398","376934","20220820033000","1467","0","桃園市","龜山區","121.330","24.980","1469"
"1677","376936","20220820033000","1423","1","桃園市","桃園區","121.320","24.985","1722"
"2266","376937","20220820033000","1958","1","桃園市","龜山區","121.325","24.985","2325"
"669","376938","20220820033000","926","0","桃園市","龜山區","121.330","24.985","667"
"347","376940","20220820033000","317","1","桃園市","新屋區","121.055","24.975","346"
"179","376956","20220820033000","161","1","桃園市","新屋區","121.125","24.955","186"
"392","376971","20220820033000","331","1","桃園市","新屋區","121.135","24.970","381"
"91","376972","20220820033000","88","1","桃園市","觀音區","121.140","24.970","90"
"615","376974","20220820033000","637","0","桃園市","龜山區","121.330","24.990","635"
"1763","376975","20220820033000","3044","0","桃園市","桃園區","121.310","24.990","1766"
"2086","376976","20220820033000","1913","1","桃園市","楊梅區","121.170","24.910","2029"
"651","376978","20220820033000","627","1","桃園市","楊梅區","121.175","24.915","626"
"296","376979","20220820033000","1099","0","桃園市","楊梅區","121.170","24.920","1056"
"394","376984","20220820033000","389","1","桃園市","楊梅區","121.110","24.925","450"
"661","376995","20220820033000","737","0","桃園市","楊梅區","121.125","24.930","714"
"109","376998","20220820033000","131","0","桃園市","楊梅區","121.115","24.940","100"
"309","377001","20220820033000","293","1","桃園市","楊梅區","121.175","24.900","314"
"862","377002","20220820033000","926","0","桃園市","楊梅區","121.180","24.900","769"
"2670","377003","20220820033000","2573","1","桃園市","楊梅區","121.175","24.905","2749"
"113","377004","20220820033000","76","2","桃園市","楊梅區","121.180","24.905","98"
"60","377007","20220820033000","83","0","桃園市","楊梅區","121.095","24.930","58"
"634","377008","20220820033000","439","2","桃園市","楊梅區","121.100","24.930","681"
"1139","377010","20220820033000","695","3","桃園市","楊梅區","121.090","24.935","1156"
"408","377027","20220820033000","361","1","桃園市","新屋區","121.090","24.955","377"
"633","377030","20220820033000","450","2","桃園市","楊梅區","121.160","24.900","605"
"1197","377031","20220820033000","1148","1","桃園市","楊梅區","121.155","24.900","1265"
"555","377033","20220820033000","653","0","桃園市","楊梅區","121.085","24.935","577"
"339","377034","20220820033000","381","0","桃園市","楊梅區","121.075","24.940","347"
"867","377039","20220820033000","780","1","桃園市","桃園區","121.285","24.990","870"
"838","377041","20220820033000","719","1","桃園市","桃園區","121.295","24.980","859"
"2186","377042","20220820033000","3015","0","桃園市","桃園區","121.300","24.990","2214"
"359","377043","20220820033000","274","2","桃園市","桃園區","121.300","24.980","393"
"3061","377045","20220820033000","2718","1","桃園市","桃園區","121.300","24.985","3157"
"624","377046","20220820033000","1044","0","桃園市","楊梅區","121.175","24.910","724"
"1994","377047","20220820033000","1528","2","桃園市","八德區","121.300","24.965","2003"
"1373","377051","20220820033000","918","2","桃園市","八德區","121.305","24.955","1341"
"463","377052","20220820033000","380","2","桃園市","八德區","121.310","24.955","450"
"32","377054","20220820033000","289","0","桃園市","八德區","121.300","24.945","23"
"494","377056","20220820033000","409","2","桃園市","八德區","121.275","24.940","528"
"810","377058","20220820033000","1116","0","桃園市","八德區","121.285","24.940","860"
"232","377059","20220820033000","187","2","桃園市","八德區","121.280","24.945","234"
"355","377061","20220820033000","372","0","桃園市","八德區","121.290","24.950","335"
"15","377068","20220820033000","106","0","桃園市","八德區","121.290","24.955","13"
"352","377069","20220820033000","287","2","桃園市","八德區","121.280","24.960","350"
"802","377070","20220820033000","681","1","桃園市","八德區","121.285","24.960","804"
"3490","377071","20220820033000","3218","1","桃園市","桃園區","121.290","24.985","3471"
"3778","377072","20220820033000","3288","1","桃園市","中壢區","121.220","24.965","3881"
"794","377073","20220820033000","824","0","桃園市","中壢區","121.215","24.955","754"
"398","377077","20220820033000","367","1","桃園市","中壢區","121.205","24.980","397"
"424","377084","20220820033000","303","2","桃園市","中壢區","121.205","24.990","381"
"1558","377086","20220820033000","1476","1","桃園市","中壢區","121.255","24.970","1482"
"1692","377088","20220820033000","1920","0","桃園市","楊梅區","121.155","24.910","1678"
"851","377089","20220820033000","682","2","桃園市","楊梅區","121.160","24.910","841"
"1715","377092","20220820033000","1543","1","桃園市","平鎮區","121.205","24.910","1735"
"1769","377093","20220820033000","1948","0","桃園市","平鎮區","121.205","24.920","1805"
"183","377099","20220820033000","148","2","桃園市","新屋區","121.010","24.960","189"
"550","377106","20220820033000","564","0","桃園市","新屋區","121.120","24.970","598"
"304","377111","20220820033000","197","3","桃園市","新屋區","121.130","24.975","318"
"1000","377117","20220820033000","967","1","桃園市","新屋區","121.110","24.980","1018"
"618","377122","20220820033000","477","2","桃園市","新屋區","121.110","24.985","609"
"416","377125","20220820033000","427","0","桃園市","新屋區","121.125","24.985","429"
"380","377128","20220820033000","454","0","桃園市","新屋區","121.125","24.990","385"
"585","377135","20220820033000","609","0","桃園市","新屋區","121.100","24.990","585"
"15","377136","20220820033000","22","0","桃園市","新屋區","121.105","24.990","14"
"71","377148","20220820033000","45","3","桃園市","新屋區","121.095","24.960","76"
"300","377155","20220820033000","293","1","桃園市","新屋區","121.070","24.970","291"
"137","377159","20220820033000","132","1","桃園市","新屋區","121.020","24.970","138"
"263","377173","20220820033000","249","1","桃園市","新屋區","121.015","24.985","285"
"205","377175","20220820033000","203","1","桃園市","新屋區","120.990","24.940","209"
"178","377179","20220820033000","88","3","桃園市","新屋區","121.000","24.945","188"
"277","377183","20220820033000","287","0","桃園市","新屋區","121.010","24.950","261"
"589","377187","20220820033000","554","1","桃園市","新屋區","121.080","24.975","585"
"365","377195","20220820033000","287","2","桃園市","新屋區","121.075","24.990","370"
"224","377204","20220820033000","264","0","桃園市","新屋區","121.140","24.960","236"
"530","377205","20220820033000","582","0","桃園市","新屋區","121.145","24.960","496"
"359","377209","20220820033000","291","2","桃園市","新屋區","121.160","24.960","345"
"29","377211","20220820033000","30","0","桃園市","觀音區","121.145","24.970","38"
"383","377249","20220820033000","595","0","桃園市","平鎮區","121.210","24.895","393"
"769","377259","20220820033000","751","1","桃園市","桃園區","121.285","24.980","795"
"1197","377261","20220820033000","829","2","桃園市","楊梅區","121.145","24.915","1193"
"554","377263","20220820033000","329","3","桃園市","楊梅區","121.145","24.910","573"
"22","377264","20220820033000","205","0","桃園市","楊梅區","121.130","24.915","18"
"583","377268","20220820033000","575","1","桃園市","楊梅區","121.130","24.920","560"
"557","377270","20220820033000","560","0","桃園市","楊梅區","121.140","24.920","616"
"2974","377280","20220820033000","2888","1","桃園市","楊梅區","121.145","24.900","2961"
"801","377285","20220820033000","438","3","桃園市","楊梅區","121.170","24.900","713"
"810","377288","20220820033000","795","1","桃園市","楊梅區","121.185","24.925","820"
"710","377289","20220820033000","689","1","桃園市","平鎮區","121.190","24.925","718"
"622","377292","20220820033000","536","1","桃園市","平鎮區","121.195","24.925","640"
"288","377295","20220820033000","625","0","桃園市","平鎮區","121.210","24.935","255"
"1893","377296","20220820033000","1626","1","桃園市","桃園區","121.295","24.990","1885"
"2844","377297","20220820033000","2743","1","桃園市","桃園區","121.285","24.985","2897"
"733","377303","20220820033000","681","1","桃園市","新屋區","121.120","24.950","750"
"294","377308","20220820033000","260","1","桃園市","新屋區","121.100","24.960","279"
"479","377310","20220820033000","340","2","桃園市","新屋區","121.110","24.960","434"
"595","377311","20220820033000","608","0","桃園市","新屋區","121.095","24.965","619"
"680","377322","20220820033000","580","1","桃園市","新屋區","121.045","24.960","682"
"203","377333","20220820033000","140","2","桃園市","新屋區","121.045","24.970","227"
"1593","377335","20220820033000","1392","1","桃園市","桃園區","121.320","24.990","1556"
"2012","377337","20220820033000","1773","1","桃園市","平鎮區","121.250","24.920","2059"
"700","377339","20220820033000","718","0","桃園市","平鎮區","121.240","24.925","693"
"1218","377340","20220820033000","1265","0","桃園市","桃園區","121.305","24.985","1265"
"1204","377342","20220820033000","1120","1","桃園市","桃園區","121.325","24.975","1266"
"2498","377344","20220820033000","2163","1","桃園市","桃園區","121.320","24.975","2551"
"889","377345","20220820033000","385","3","新北市","鶯歌區","121.330","24.975","755"
"416","377346","20220820033000","617","0","桃園市","桃園區","121.320","24.980","429"
"1461","377347","20220820033000","1008","2","桃園市","中壢區","121.230","24.960","1444"
"1140","377348","20220820033000","1446","0","桃園市","中壢區","121.235","24.960","1131"
"582","377349","20220820033000","870","0","桃園市","中壢區","121.230","24.950","614"
"1639","377350","20220820033000","1422","1","桃園市","中壢區","121.225","24.950","1683"
"440","377361","20220820033000","470","0","桃園市","新屋區","121.030","24.950","434"
"410","377372","20220820033000","534","0","桃園市","新屋區","121.090","24.980","404"
"1105","377380","20220820033000","1131","0","桃園市","新屋區","121.110","24.970","1165"
"72","377381","20220820033000","72","1","桃園市","新屋區","121.110","24.975","59"
"2243","377384","20220820033000","2309","0","桃園市","新屋區","121.105","24.975","2283"
"98","377428","20220820033000","88","1","桃園市","新屋區","121.040","24.980","101"
"869","377433","20220820033000","889","0","桃園市","新屋區","121.035","24.985","887"
"447","377434","20220820033000","404","1","桃園市","新屋區","121.040","24.985","432"
"1118","377446","20220820033000","997","1","桃園市","桃園區","121.315","24.990","1104"
"2384","377447","20220820033000","1489","3","桃園市","桃園區","121.270","24.980","2411"
"3460","377449","20220820033000","2554","2","桃園市","桃園區","121.275","24.990","3467"
"1097","377450","20220820033000","1311","0","桃園市","桃園區","121.265","24.975","1152"
"2072","377452","20220820033000","2003","1","桃園市","桃園區","121.265","24.980","2138"
"34","377454","20220820033000","26","2","桃園市","桃園區","121.265","24.985","28"
"2097","377455","20220820033000","2066","1","桃園市","桃園區","121.290","24.990","2174"
"438","377456","20220820033000","478","0","桃園市","平鎮區","121.245","24.905","440"
"17","377457","20220820033000","89","0","桃園市","平鎮區","121.250","24.905","16"
"239","377459","20220820033000","286","0","桃園市","平鎮區","121.250","24.915","241"
"754","377460","20220820033000","671","1","桃園市","平鎮區","121.215","24.935","763"
"1600","377461","20220820033000","1733","0","桃園市","平鎮區","121.215","24.940","1695"
"2055","377462","20220820033000","1578","2","桃園市","平鎮區","121.215","24.945","2101"
"2542","377463","20220820033000","2163","1","桃園市","桃園區","121.310","24.980","2585"
"1106","377464","20220820033000","1377","0","桃園市","桃園區","121.310","24.985","1112"
"2167","377468","20220820033000","1944","1","桃園市","桃園區","121.305","24.980","2217"
"165","377469","20220820033000","143","1","桃園市","楊梅區","121.175","24.950","163"
"1733","377470","20220820033000","1418","2","桃園市","楊梅區","121.170","24.955","1762"
"276","377473","20220820033000","217","2","桃園市","楊梅區","121.115","24.900","302"
"176","377476","20220820033000","329","0","桃園市","楊梅區","121.125","24.910","181"
"560","377481","20220820033000","425","2","桃園市","楊梅區","121.150","24.940","553"
"81","377483","20220820033000","99","0","桃園市","楊梅區","121.150","24.920","98"
"874","377484","20220820033000","802","1","桃園市","楊梅區","121.155","24.920","933"
"708","377488","20220820033000","624","1","桃園市","楊梅區","121.150","24.925","690"
"20","377489","20220820033000","34","0","桃園市","楊梅區","121.155","24.925","19"
"40","377490","20220820033000","23","3","桃園市","楊梅區","121.160","24.925","41"
"910","377491","20220820033000","653","2","桃園市","楊梅區","121.165","24.925","703"
"344","377493","20220820033000","399","0","桃園市","楊梅區","121.145","24.930","330"
"364","377497","20220820033000","345","1","桃園市","楊梅區","121.160","24.930","370"
"129","377498","20220820033000","240","0","桃園市","楊梅區","121.165","24.930","103"
"530","377499","20220820033000","280","3","桃園市","楊梅區","121.170","24.930","520"
"349","377501","20220820033000","354","0","桃園市","楊梅區","121.140","24.930","377"
"1992","377508","20220820033000","1879","1","桃園市","平鎮區","121.210","24.940","2087"
"2208","377509","20220820033000","1943","1","桃園市","平鎮區","121.210","24.945","2218"
"701","377513","20220820033000","574","2","桃園市","平鎮區","121.210","24.930","713"
"1274","377519","20220820033000","819","3","桃園市","平鎮區","121.230","24.900","1309"
"315","377522","20220820033000","307","1","桃園市","平鎮區","121.245","24.900","324"
"948","377529","20220820033000","1153","0","桃園市","平鎮區","121.225","24.910","964"
"504","377530","20220820033000","404","2","桃園市","平鎮區","121.230","24.910","509"
"1761","377532","20220820033000","1347","2","桃園市","桃園區","121.305","24.990","1638"
"1021","377533","20220820033000","897","1","新北市","鶯歌區","121.330","24.970","1082"
"473","377534","20220820033000","479","0","新北市","鶯歌區","121.335","24.965","426"
"870","377535","20220820033000","666","2","桃園市","桃園區","121.320","24.970","940"
"2472","377538","20220820033000","2122","1","桃園市","桃園區","121.315","24.980","2509"
"621","377539","20220820033000","562","1","桃園市","楊梅區","121.175","24.925","589"
"315","377542","20220820033000","119","3","桃園市","楊梅區","121.180","24.925","340"
"387","377546","20220820033000","172","3","桃園市","楊梅區","121.180","24.930","302"
"772","377547","20220820033000","677","1","桃園市","楊梅區","121.160","24.935","812"
"68","377551","20220820033000","77","0","桃園市","楊梅區","121.180","24.935","74"
"52","377559","20220820033000","60","0","桃園市","楊梅區","121.150","24.945","58"
"18","377561","20220820033000","13","2","桃園市","楊梅區","121.160","24.945","17"
"379","377564","20220820033000","270","2","桃園市","楊梅區","121.175","24.945","364"
"546","377565","20220820033000","576","0","桃園市","新屋區","121.150","24.950","558"
"357","377566","20220820033000","309","1","桃園市","楊梅區","121.155","24.950","372"
"29","377568","20220820033000","20","2","桃園市","楊梅區","121.170","24.950","24"
"778","377570","20220820033000","751","1","桃園市","蘆竹區","121.265","24.990","818"
"118","377571","20220820033000","214","0","桃園市","龜山區","121.340","24.980","89"
"14","377572","20220820033000","35","0","桃園市","龜山區","121.340","24.985","20"
"1912","377573","20220820033000","2249","0","桃園市","龜山區","121.345","24.985","1923"
"809","377574","20220820033000","933","0","桃園市","龜山區","121.340","24.990","848"
"505","377575","20220820033000","399","2","桃園市","龜山區","121.345","24.990","477"
"20","377693","20220820033000","27","0","新北市","雙溪區","121.795","24.950","42"
"13","377742","20220820033000","19","0","新北市","雙溪區","121.820","24.965","10"
"27","377753","20220820033000","15","3","新北市","雙溪區","121.810","24.970","17"
"18","377756","20220820033000","18","1","新北市","雙溪區","121.825","24.970","14"
"15","377787","20220820033000","14","1","新北市","雙溪區","121.845","24.980","12"
"1215","377821","20220820033000","1301","0","桃園市","楊梅區","121.145","24.905","1262"
"1608","377823","20220820033000","1527","1","桃園市","楊梅區","121.165","24.910","1493"
"32","377824","20220820033000","62","0","桃園市","楊梅區","121.165","24.915","25"
"14","377826","20220820033000","247","0","桃園市","大溪區","121.280","24.910","15"
"1024","377827","20220820033000","1025","0","桃園市","大溪區","121.285","24.910","1084"
"1337","377831","20220820033000","1015","2","桃園市","大溪區","121.280","24.915","1424"
"325","377833","20220820033000","322","1","桃園市","大溪區","121.290","24.915","320"
"802","377835","20220820033000","774","1","桃園市","大溪區","121.280","24.920","827"
"641","377837","20220820033000","926","0","桃園市","大溪區","121.290","24.920","560"
"753","377839","20220820033000","653","1","桃園市","大溪區","121.275","24.900","770"
"798","377841","20220820033000","553","2","桃園市","大溪區","121.275","24.905","795"
"2666","377843","20220820033000","2578","1","桃園市","楊梅區","121.180","24.910","2691"
"1302","377844","20220820033000","982","2","桃園市","楊梅區","121.180","24.915","1324"
"336","377845","20220820033000","301","1","桃園市","平鎮區","121.225","24.925","321"
"513","377847","20220820033000","604","0","桃園市","平鎮區","121.220","24.935","536"
"3202","377848","20220820033000","2550","2","桃園市","平鎮區","121.225","24.930","3244"
"822","377849","20220820033000","627","2","桃園市","平鎮區","121.220","24.930","818"
"585","377851","20220820033000","382","3","桃園市","平鎮區","121.230","24.925","598"
"544","377852","20220820033000","482","1","桃園市","中壢區","121.245","24.925","576"
"1651","377853","20220820033000","1352","2","桃園市","楊梅區","121.150","24.910","1674"
"1060","377854","20220820033000","749","2","桃園市","楊梅區","121.150","24.915","1096"
"70","377858","20220820033000","62","1","桃園市","楊梅區","121.130","24.905","71"
"549","377859","20220820033000","492","1","桃園市","楊梅區","121.135","24.905","550"
"54","377862","20220820033000","115","0","桃園市","楊梅區","121.135","24.910","58"
"292","377866","20220820033000","143","3","桃園市","楊梅區","121.070","24.930","308"
"373","377868","20220820033000","362","1","桃園市","楊梅區","121.065","24.935","389"
"286","377877","20220820033000","228","2","桃園市","楊梅區","121.100","24.920","350"
"72","377879","20220820033000","334","0","桃園市","楊梅區","121.070","24.925","67"
"485","377895","20220820033000","1201","0","桃園市","楊梅區","121.085","24.930","492"
"184","377896","20220820033000","164","1","桃園市","楊梅區","121.160","24.950","177"
"3276","377898","20220820033000","2524","2","桃園市","楊梅區","121.160","24.955","3231"
"144","377901","20220820033000","129","1","桃園市","楊梅區","121.120","24.895","178"
"94","377906","20220820033000","73","2","桃園市","楊梅區","121.125","24.900","72"
"264","377909","20220820033000","203","2","桃園市","平鎮區","121.210","24.910","284"
"2305","377914","20220820033000","1637","2","桃園市","平鎮區","121.210","24.920","2205"
"234","377919","20220820033000","261","0","桃園市","平鎮區","121.195","24.930","246"
"914","377920","20220820033000","883","1","桃園市","平鎮區","121.200","24.940","932"
"153","377924","20220820033000","459","0","桃園市","八德區","121.290","24.945","160"
"1821","377925","20220820033000","1341","2","桃園市","八德區","121.290","24.930","1894"
"871","377933","20220820033000","974","0","桃園市","八德區","121.275","24.960","842"
"1644","377940","20220820033000","1799","0","臺北市","文山區","121.555","24.985","1585"
"837","377941","20220820033000","737","1","臺北市","文山區","121.560","24.985","835"
"1295","377942","20220820033000","1580","0","臺北市","文山區","121.565","24.980","1295"
"31","377946","20220820033000","36","0","新北市","新店區","121.575","24.965","36"
"110","377947","20220820033000","129","0","臺北市","文山區","121.580","24.965","123"
"259","377948","20220820033000","225","1","臺北市","文山區","121.560","24.970","266"
"256","377953","20220820033000","241","1","臺北市","文山區","121.560","24.975","214"
"89","377955","20220820033000","159","0","臺北市","文山區","121.570","24.975","104"
"113","377957","20220820033000","1196","0","臺北市","文山區","121.570","24.980","170"
"2336","377958","20220820033000","2592","0","臺北市","文山區","121.565","24.985","2295"
"195","377962","20220820033000","192","1","臺北市","文山區","121.610","24.965","196"
"110","377964","20220820033000","25","3","臺北市","文山區","121.590","24.965","123"
"103","377978","20220820033000","104","0","臺北市","文山區","121.580","24.975","73"
"407","377979","20220820033000","530","0","臺北市","文山區","121.585","24.975","377"
"93","377980","20220820033000","142","0","臺北市","文山區","121.590","24.975","95"
"1088","377982","20220820033000","1458","0","臺北市","文山區","121.575","24.980","1050"
"719","377989","20220820033000","952","0","臺北市","文山區","121.585","24.985","745"
"584","377990","20220820033000","1472","0","臺北市","文山區","121.590","24.985","618"
"861","377994","20220820033000","25","3","臺北市","文山區","121.590","24.990","799"
"62","377995","20220820033000","27","3","臺北市","文山區","121.595","24.990","53"
"2919","377997","20220820033000","2828","1","臺北市","文山區","121.560","24.990","2843"
"413","377998","20220820033000","1462","0","臺北市","文山區","121.575","24.985","432"
"927","377999","20220820033000","1145","0","臺北市","文山區","121.580","24.985","901"
"2094","378000","20220820033000","1988","1","臺北市","文山區","121.575","24.990","2177"
"973","378001","20220820033000","936","1","臺北市","文山區","121.580","24.990","986"
"1353","378002","20220820033000","1635","0","臺北市","文山區","121.550","24.985","918"
"1471","378003","20220820033000","2482","0","臺北市","文山區","121.565","24.990","1469"
"2255","378004","20220820033000","2721","0","臺北市","文山區","121.570","24.990","1953"
"1677","378005","20220820033000","1841","0","臺北市","文山區","121.555","24.980","1587"
"2684","378006","20220820033000","2549","1","臺北市","文山區","121.560","24.980","2701"
"304","378007","20220820033000","463","0","臺北市","文山區","121.555","24.975","294"
"2854","378008","20220820033000","2857","0","臺北市","文山區","121.570","24.985","2858"
"2210","378009","20220820033000","2623","0","臺北市","文山區","121.545","24.990","2246"
"2855","378010","20220820033000","3049","0","臺北市","文山區","121.540","24.990","2843"
"326","378011","20220820033000","660","0","臺北市","文山區","121.550","24.990","327"
"327","378012","20220820033000","670","0","臺北市","文山區","121.555","24.990","605"
"33","378561","20220820033000","17","3","新北市","貢寮區","121.990","24.995","30"
"17","378916","20220820033000","18","0","新北市","貢寮區","122.000","25.000","18"
"70","379975","20220820033000","37","3","新北市","貢寮區","122.005","25.015","57"
"2035","382513","20220820033000","2032","1","新北市","新莊區","121.450","25.035","1945"
"822","382514","20220820033000","896","0","新北市","新莊區","121.415","25.020","825"
"2768","382515","20220820033000","2255","2","新北市","板橋區","121.430","24.995","2734"
"732","382517","20220820033000","679","1","新北市","新莊區","121.435","25.005","723"
"552","382519","20220820033000","639","0","新北市","板橋區","121.440","25.010","530"
"1657","382521","20220820033000","1852","0","新北市","新莊區","121.430","25.020","1633"
"2090","382522","20220820033000","2027","1","新北市","新莊區","121.430","25.015","2134"
"2648","382525","20220820033000","2361","1","新北市","新莊區","121.410","25.025","2598"
"136","382526","20220820033000","123","1","新北市","新莊區","121.400","25.030","133"
"3684","382528","20220820033000","4466","0","新北市","板橋區","121.470","25.015","3523"
"2961","382530","20220820033000","3227","0","新北市","板橋區","121.465","25.025","2922"
"5778","382531","20220820033000","5815","0","新北市","板橋區","121.460","25.025","5849"
"2650","382532","20220820033000","2879","0","新北市","中和區","121.480","24.995","2586"
"1816","382534","20220820033000","2926","0","新北市","板橋區","121.445","25.000","1785"
"3149","382536","20220820033000","4029","0","新北市","中和區","121.520","24.995","3086"
"2318","382537","20220820033000","2960","0","新北市","板橋區","121.455","25.025","2430"
"1546","382538","20220820033000","1416","1","臺北市","文山區","121.530","24.995","1408"
"1068","382539","20220820033000","1269","0","新北市","汐止區","121.620","25.045","1068"
"592","382546","20220820033000","660","0","新北市","樹林區","121.410","25.010","578"
"2544","382547","20220820033000","2896","0","新北市","新莊區","121.425","25.015","2567"
"2288","382548","20220820033000","2179","1","新北市","中和區","121.495","24.995","2255"
"608","382549","20220820033000","604","1","臺北市","萬華區","121.490","25.015","612"
"72","382550","20220820033000","52","2","新北市","三重區","121.480","25.050","83"
"2561","382552","20220820033000","2446","1","新北市","中和區","121.480","25.000","2539"
"1314","382553","20220820033000","1867","0","新北市","中和區","121.475","25.005","1321"
"6907","382554","20220820033000","5457","2","新北市","中和區","121.470","25.005","6789"
"4593","382555","20220820033000","6772","0","新北市","中和區","121.500","24.995","4492"
"3175","382556","20220820033000","2416","2","新北市","中和區","121.495","25.005","3191"
"2090","382557","20220820033000","3513","0","新北市","中和區","121.500","25.005","2197"
"1058","382558","20220820033000","2169","0","新北市","三重區","121.490","25.055","1055"
"826","382559","20220820033000","480","3","新北市","三重區","121.475","25.045","759"
"1739","382560","20220820033000","1806","0","新北市","板橋區","121.445","25.005","1729"
"580","382561","20220820033000","605","0","新北市","板橋區","121.445","25.010","562"
"454","382562","20220820033000","597","0","新北市","板橋區","121.450","25.005","430"
"890","382563","20220820033000","968","0","新北市","板橋區","121.450","25.020","906"
"2695","382564","20220820033000","2965","0","新北市","中和區","121.505","25.005","2637"
"1564","382565","20220820033000","2537","0","新北市","三重區","121.485","25.055","1609"
"2463","382567","20220820033000","2616","0","新北市","三重區","121.495","25.055","2528"
"1577","382568","20220820033000","1616","0","新北市","三重區","121.500","25.045","1592"
"1101","382571","20220820033000","950","1","新北市","中和區","121.490","25.005","1066"
"1287","382572","20220820033000","860","2","新北市","中和區","121.490","25.000","1217"
"1091","382574","20220820033000","845","2","新北市","中和區","121.485","25.010","1037"
"3653","382575","20220820033000","2999","2","新北市","中和區","121.485","24.995","3617"
"2417","382576","20220820033000","2915","0","新北市","中和區","121.490","24.995","2454"
"4318","382577","20220820033000","4737","0","新北市","中和區","121.505","24.995","4276"
"73","382579","20220820033000","112","0","新北市","板橋區","121.460","25.030","107"
"3325","382580","20220820033000","3797","0","新北市","板橋區","121.455","25.015","3250"
"353","382582","20220820033000","821","0","新北市","板橋區","121.450","25.025","337"
"462","382583","20220820033000","555","0","新北市","泰山區","121.420","25.045","501"
"793","382584","20220820033000","1262","0","新北市","泰山區","121.425","25.045","861"
"268","382589","20220820033000","112","3","新北市","三重區","121.485","25.045","281"
"1220","382592","20220820033000","992","2","新北市","三重區","121.485","25.050","1200"
"2661","382593","20220820033000","2546","1","新北市","三重區","121.490","25.050","2732"
"696","382594","20220820033000","566","2","桃園市","龜山區","121.410","25.020","672"
"2013","382595","20220820033000","2060","0","新北市","新莊區","121.460","25.050","2154"
"1475","382596","20220820033000","1332","1","新北市","新莊區","121.465","25.050","1480"
"410","382597","20220820033000","762","0","新北市","新莊區","121.460","25.055","393"
"1092","382598","20220820033000","1356","0","新北市","新莊區","121.465","25.055","1093"
"1083","382600","20220820033000","1063","1","新北市","三重區","121.470","25.045","1108"
"782","382601","20220820033000","646","2","新北市","三重區","121.470","25.050","809"
"13","382602","20220820033000","10","2","新北市","三重區","121.470","25.055","15"
"2573","382603","20220820033000","2141","2","新北市","中和區","121.480","25.010","2500"
"3972","382604","20220820033000","3392","1","新北市","板橋區","121.475","25.010","3983"
"2121","382605","20220820033000","2568","0","新北市","中和區","121.465","24.995","2128"
"2809","382606","20220820033000","2713","1","新北市","新莊區","121.450","25.040","2692"
"3921","382607","20220820033000","3354","1","新北市","新莊區","121.445","25.040","3825"
"3678","382608","20220820033000","4358","0","新北市","新莊區","121.425","25.020","3671"
"197","382609","20220820033000","2163","0","新北市","新莊區","121.455","25.045","208"
"2455","382610","20220820033000","2433","1","新北市","板橋區","121.465","25.005","2441"
"3239","382611","20220820033000","2760","1","新北市","板橋區","121.460","25.005","3154"
"97","382614","20220820033000","267","0","新北市","深坑區","121.630","25.010","93"
"246","382615","20220820033000","252","0","新北市","深坑區","121.620","25.010","249"
"107","382618","20220820033000","361","0","新北市","深坑區","121.630","25.015","114"
"258","382623","20220820033000","473","0","新北市","深坑區","121.605","25.000","255"
"1839","382624","20220820033000","2010","0","新北市","新莊區","121.435","25.015","1811"
"36","382625","20220820033000","469","0","新北市","板橋區","121.450","25.000","33"
"686","382626","20220820033000","577","1","新北市","中和區","121.470","24.995","673"
"128","382627","20220820033000","112","1","新北市","中和區","121.480","24.990","129"
"424","382628","20220820033000","1816","0","新北市","中和區","121.475","25.000","397"
"180","382629","20220820033000","658","0","新北市","中和區","121.505","25.000","165"
"3342","382630","20220820033000","3413","0","新北市","永和區","121.525","25.005","3331"
"1514","382634","20220820033000","1111","2","新北市","樹林區","121.420","24.995","1500"
"788","382637","20220820033000","669","1","新北市","樹林區","121.420","25.000","813"
"354","382638","20220820033000","486","0","新北市","新莊區","121.440","25.030","400"
"2525","382639","20220820033000","2279","1","新北市","新莊區","121.420","25.025","2553"
"3154","382640","20220820033000","3277","0","新北市","新莊區","121.455","25.050","3061"
"3925","382641","20220820033000","3297","1","新北市","中和區","121.470","25.000","3974"
"6487","382642","20220820033000","4072","3","新北市","板橋區","121.455","25.005","6488"
"1159","382643","20220820033000","397","3","新北市","板橋區","121.445","25.020","1093"
"1042","382644","20220820033000","1008","1","新北市","板橋區","121.440","25.000","1071"
"5091","382645","20220820033000","8023","0","新北市","永和區","121.520","25.010","5085"
"1086","382646","20220820033000","978","1","新北市","樹林區","121.415","25.000","1076"
"1083","382647","20220820033000","967","1","新北市","樹林區","121.415","25.005","1131"
"2543","382648","20220820033000","2978","0","新北市","土城區","121.455","24.995","2534"
"22","382660","20220820033000","17","2","新北市","平溪區","121.710","25.020","20"
"1370","382667","20220820033000","1364","1","新北市","新莊區","121.460","25.040","1286"
"4062","382668","20220820033000","3845","1","新北市","新莊區","121.460","25.045","3989"
"997","382671","20220820033000","1137","0","新北市","板橋區","121.445","25.015","984"
"4916","382673","20220820033000","3665","2","新北市","板橋區","121.450","24.995","4935"
"1721","382674","20220820033000","1813","0","新北市","板橋區","121.455","25.000","1873"
"5268","382675","20220820033000","3797","2","新北市","永和區","121.520","25.015","5290"
"2326","382676","20220820033000","3583","0","新北市","永和區","121.515","25.015","2369"
"2600","382677","20220820033000","3058","0","新北市","新莊區","121.445","25.030","2433"
"3119","382678","20220820033000","2445","2","新北市","新莊區","121.455","25.035","3083"
"18","382679","20220820033000","757","0","新北市","板橋區","121.460","25.035","21"
"577","382680","20220820033000","550","1","新北市","新莊區","121.465","25.040","566"
"956","382683","20220820033000","638","2","桃園市","中壢區","121.215","25.000","965"
"404","382686","20220820033000","307","2","桃園市","觀音區","121.125","25.030","381"
"3516","382699","20220820033000","3584","0","新北市","板橋區","121.485","25.020","3461"
"5359","382700","20220820033000","4194","2","新北市","板橋區","121.460","25.010","5303"
"3622","382701","20220820033000","2136","3","新北市","板橋區","121.460","24.995","3735"
"1630","382702","20220820033000","1270","2","新北市","樹林區","121.420","25.015","1572"
"722","382703","20220820033000","476","3","新北市","新莊區","121.435","25.010","689"
"911","382706","20220820033000","869","1","新北市","新莊區","121.440","25.020","949"
"311","382710","20220820033000","299","1","新北市","新莊區","121.445","25.025","302"
"4551","382711","20220820033000","3726","2","新北市","永和區","121.505","25.010","4514"
"3252","382712","20220820033000","3196","1","新北市","板橋區","121.475","25.020","3244"
"2832","382713","20220820033000","2365","1","新北市","新莊區","121.430","25.025","2671"
"12","382714","20220820033000","14","0","新北市","新莊區","121.435","25.025","15"
"1524","382715","20220820033000","1745","0","新北市","新莊區","121.425","25.025","1476"
"1251","382716","20220820033000","1195","1","臺北市","萬華區","121.500","25.015","1271"
"2499","382717","20220820033000","1833","2","新北市","新莊區","121.450","25.030","2510"
"248","382724","20220820033000","280","0","桃園市","中壢區","121.180","25.005","265"
"900","382730","20220820033000","535","3","桃園市","中壢區","121.190","25.010","900"
"718","382732","20220820033000","348","3","桃園市","中壢區","121.185","25.015","780"
"596","382735","20220820033000","543","1","桃園市","大園區","121.180","25.025","648"
"876","382741","20220820033000","942","0","桃園市","觀音區","121.160","24.995","990"
"431","382743","20220820033000","426","1","桃園市","觀音區","121.155","25.000","433"
"885","382759","20220820033000","743","1","桃園市","觀音區","121.160","25.020","914"
"343","382780","20220820033000","296","1","桃園市","觀音區","121.105","25.040","323"
"186","382785","20220820033000","169","1","桃園市","觀音區","121.130","25.020","196"
"164","382813","20220820033000","223","0","桃園市","觀音區","121.110","25.050","183"
"1518","382814","20220820033000","1112","2","桃園市","觀音區","121.115","25.050","1431"
"1426","382815","20220820033000","763","3","桃園市","觀音區","121.120","25.050","1434"
"400","382816","20220820033000","212","3","桃園市","觀音區","121.125","25.050","391"
"199","382820","20220820033000","103","3","桃園市","觀音區","121.120","25.055","198"
"712","382821","20220820033000","795","0","桃園市","觀音區","121.125","25.055","695"
"627","382830","20220820033000","578","1","桃園市","觀音區","121.080","25.035","639"
"387","382842","20220820033000","220","3","桃園市","觀音區","121.095","25.050","402"
"345","382853","20220820033000","566","0","桃園市","觀音區","121.145","25.040","352"
"1996","382855","20220820033000","2414","0","桃園市","觀音區","121.140","25.045","1930"
"657","382857","20220820033000","595","1","桃園市","觀音區","121.130","25.050","673"
"197","382858","20220820033000","171","1","桃園市","觀音區","121.135","25.050","181"
"471","382868","20220820033000","239","3","桃園市","觀音區","121.115","25.000","494"
"1369","382888","20220820033000","1051","2","桃園市","蘆竹區","121.270","25.010","1504"
"63","382890","20220820033000","49","2","桃園市","蘆竹區","121.265","25.015","49"
"1283","382891","20220820033000","1013","2","桃園市","蘆竹區","121.240","25.025","1264"
"1416","382893","20220820033000","725","3","桃園市","蘆竹區","121.250","25.025","1455"
"379","382894","20220820033000","402","0","桃園市","大園區","121.235","25.025","410"
"1085","382896","20220820033000","901","2","桃園市","蘆竹區","121.245","25.025","1018"
"424","382898","20220820033000","330","2","桃園市","蘆竹區","121.240","25.030","416"
"154","382911","20220820033000","162","0","新北市","石碇區","121.670","25.010","151"
"63","382935","20220820033000","72","0","新北市","石碇區","121.670","25.030","58"
"125","382953","20220820033000","97","2","新北市","石碇區","121.690","25.005","131"
"48","382971","20220820033000","41","1","新北市","石碇區","121.700","25.015","43"
"84","382976","20220820033000","72","1","新北市","石碇區","121.660","24.995","66"
"51","382980","20220820033000","44","1","新北市","石碇區","121.650","25.000","42"
"36","382991","20220820033000","34","1","新北市","貢寮區","121.885","24.995","35"
"22","382996","20220820033000","13","3","新北市","貢寮區","121.885","25.000","25"
"25","383019","20220820033000","29","0","新北市","貢寮區","122.000","25.005","28"
"67","383024","20220820033000","49","2","新北市","貢寮區","121.990","25.010","93"
"69","383035","20220820033000","43","3","新北市","貢寮區","121.985","25.020","55"
"2077","383037","20220820033000","3583","0","新北市","永和區","121.520","25.000","2115"
"4540","383038","20220820033000","4299","1","新北市","板橋區","121.475","25.025","4648"
"530","383039","20220820033000","920","0","新北市","新莊區","121.410","25.030","555"
"665","383040","20220820033000","786","0","新北市","新莊區","121.415","25.030","690"
"61","383045","20220820033000","65","0","新北市","新莊區","121.405","25.040","68"
"3199","383046","20220820033000","3979","0","新北市","新莊區","121.455","25.055","3216"
"892","383047","20220820033000","1082","0","新北市","新莊區","121.435","25.030","911"
"1372","383048","20220820033000","1228","1","新北市","新莊區","121.425","25.030","1483"
"370","383049","20220820033000","1112","0","新北市","新莊區","121.430","25.030","349"
"506","383050","20220820033000","802","0","新北市","新莊區","121.430","25.035","544"
"4146","383054","20220820033000","5313","0","新北市","新莊區","121.445","25.050","4166"
"3903","383055","20220820033000","4075","0","新北市","新莊區","121.450","25.045","4073"
"1408","383056","20220820033000","1312","1","桃園市","蘆竹區","121.290","25.050","1332"
"1363","383057","20220820033000","1166","1","桃園市","蘆竹區","121.280","25.055","1352"
"577","383058","20220820033000","499","1","桃園市","蘆竹區","121.285","25.045","560"
"1621","383059","20220820033000","921","3","桃園市","蘆竹區","121.285","25.050","1703"
"865","383060","20220820033000","1055","0","桃園市","蘆竹區","121.285","25.055","903"
"445","383094","20220820033000","495","0","桃園市","觀音區","121.050","25.025","422"
"355","383096","20220820033000","604","0","桃園市","觀音區","121.080","25.030","362"
"739","383099","20220820033000","706","1","桃園市","觀音區","121.085","25.035","773"
"1263","383113","20220820033000","704","3","桃園市","觀音區","121.120","25.025","1344"
"439","383117","20220820033000","431","1","桃園市","觀音區","121.115","25.025","427"
"1242","383118","20220820033000","1045","1","新北市","樹林區","121.410","25.015","1073"
"1247","383121","20220820033000","1394","0","新北市","泰山區","121.440","25.045","1260"
"26","383122","20220820033000","367","0","新北市","泰山區","121.430","25.050","27"
"935","383124","20220820033000","642","2","新北市","泰山區","121.440","25.050","914"
"101","383125","20220820033000","667","0","新北市","泰山區","121.435","25.055","83"
"1211","383126","20220820033000","1205","1","新北市","泰山區","121.425","25.050","1209"
"978","383127","20220820033000","731","2","新北市","新莊區","121.440","25.055","978"
"1200","383128","20220820033000","2034","0","新北市","新莊區","121.445","25.055","1177"
"4088","383129","20220820033000","4308","0","新北市","新莊區","121.450","25.055","3988"
"4688","383130","20220820033000","5726","0","新北市","新莊區","121.450","25.050","4666"
"1071","383131","20220820033000","1234","0","新北市","新莊區","121.455","25.040","1027"
"217","383132","20220820033000","42","3","新北市","板橋區","121.435","24.995","186"
"1328","383134","20220820033000","1400","0","新北市","板橋區","121.445","24.995","1297"
"3681","383141","20220820033000","4308","0","新北市","永和區","121.515","25.005","3526"
"3916","383142","20220820033000","4408","0","新北市","板橋區","121.470","25.025","3927"
"4327","383143","20220820033000","4353","0","新北市","板橋區","121.475","25.030","4283"
"2418","383144","20220820033000","2670","0","新北市","新莊區","121.445","25.045","2375"
"117","383152","20220820033000","96","2","新北市","泰山區","121.400","25.055","127"
"2844","383156","20220820033000","2868","0","新北市","汐止區","121.625","25.040","2824"
"35","383165","20220820033000","40","0","新北市","雙溪區","121.865","25.045","52"
"100","383202","20220820033000","105","0","新北市","雙溪區","121.800","25.015","105"
"505","383204","20220820033000","580","0","新北市","中和區","121.490","25.010","512"
"427","383205","20220820033000","595","0","新北市","樹林區","121.430","25.000","431"
"2920","383207","20220820033000","3028","0","新北市","永和區","121.515","24.995","2812"
"2243","383208","20220820033000","2038","1","桃園市","桃園區","121.315","25.005","2353"
"779","383209","20220820033000","1270","0","桃園市","桃園區","121.315","25.010","774"
"506","383210","20220820033000","549","0","臺北市","萬華區","121.495","25.010","490"
"1374","383211","20220820033000","1967","0","新北市","永和區","121.500","25.010","1330"
"3873","383212","20220820033000","3707","1","新北市","永和區","121.510","25.015","3901"
"624","383214","20220820033000","587","1","新北市","汐止區","121.625","25.050","621"
"634","383218","20220820033000","509","2","桃園市","蘆竹區","121.290","25.055","664"
"996","383219","20220820033000","897","1","桃園市","蘆竹區","121.295","25.050","1006"
"1211","383220","20220820033000","2107","0","桃園市","蘆竹區","121.300","25.050","1466"
"2001","383222","20220820033000","1760","1","桃園市","蘆竹區","121.300","25.055","2074"
"17","383225","20220820033000","12","2","桃園市","蘆竹區","121.315","25.055","17"
"132","383229","20220820033000","124","1","新北市","石碇區","121.645","25.005","160"
"23","383234","20220820033000","27","0","新北市","石碇區","121.700","24.995","24"
"64","383253","20220820033000","73","0","新北市","石碇區","121.665","25.010","67"
"170","383254","20220820033000","126","2","新北市","石碇區","121.645","25.010","153"
"78","383261","20220820033000","86","0","新北市","石碇區","121.655","25.015","90"
"430","383272","20220820033000","428","1","桃園市","觀音區","121.100","25.005","479"
"664","383277","20220820033000","625","1","桃園市","觀音區","121.095","25.020","653"
"295","383281","20220820033000","312","0","桃園市","觀音區","121.095","25.025","296"
"1685","383283","20220820033000","1852","0","桃園市","桃園區","121.285","24.995","1712"
"268","383284","20220820033000","344","0","桃園市","桃園區","121.290","24.995","253"
"602","383285","20220820033000","518","1","桃園市","桃園區","121.285","25.000","620"
"3667","383286","20220820033000","3506","1","桃園市","蘆竹區","121.290","25.045","3922"
"241","383287","20220820033000","186","2","桃園市","桃園區","121.280","25.030","262"
"645","383290","20220820033000","601","1","桃園市","蘆竹區","121.280","25.035","719"
"1271","383291","20220820033000","1556","0","桃園市","蘆竹區","121.285","25.035","1282"
"2632","383294","20220820033000","1916","2","桃園市","蘆竹區","121.285","25.040","2619"
"2911","383295","20220820033000","4092","0","桃園市","蘆竹區","121.290","25.040","2943"
"22","383299","20220820033000","138","0","桃園市","蘆竹區","121.255","25.025","17"
"303","383301","20220820033000","295","1","桃園市","蘆竹區","121.250","25.035","295"
"244","383311","20220820033000","228","1","桃園市","蘆竹區","121.240","25.040","233"
"170","383313","20220820033000","125","2","桃園市","蘆竹區","121.255","25.040","168"
"13","383315","20220820033000","80","0","桃園市","蘆竹區","121.250","25.045","19"
"533","383318","20220820033000","602","0","桃園市","蘆竹區","121.265","25.025","555"
"689","383325","20220820033000","484","2","桃園市","蘆竹區","121.275","25.030","671"
"36","383357","20220820033000","61","0","新北市","雙溪區","121.880","25.020","38"
"2037","383376","20220820033000","2671","0","新北市","中和區","121.485","25.000","2021"
"2307","383377","20220820033000","2770","0","新北市","中和區","121.485","25.005","2309"
"2555","383378","20220820033000","4604","0","新北市","中和區","121.500","25.000","2496"
"2529","383379","20220820033000","3172","0","新北市","板橋區","121.465","25.010","2491"
"3566","383380","20220820033000","2937","2","新北市","板橋區","121.470","25.010","3523"
"1246","383384","20220820033000","934","2","新北市","汐止區","121.635","25.040","1239"
"157","383424","20220820033000","252","0","桃園市","蘆竹區","121.255","25.050","165"
"590","383426","20220820033000","385","3","桃園市","蘆竹區","121.265","25.050","602"
"436","383435","20220820033000","332","2","桃園市","蘆竹區","121.275","25.055","444"
"460","383437","20220820033000","428","1","桃園市","大園區","121.160","25.030","488"
"413","383449","20220820033000","429","0","桃園市","觀音區","121.155","25.050","412"
"1436","383456","20220820033000","1138","2","桃園市","觀音區","121.140","25.010","1459"
"688","383457","20220820033000","690","0","桃園市","觀音區","121.145","25.010","706"
"492","383463","20220820033000","451","1","桃園市","觀音區","121.130","25.005","522"
"167","383469","20220820033000","184","0","桃園市","觀音區","121.060","25.025","160"
"304","383475","20220820033000","326","0","桃園市","觀音區","121.065","25.025","290"
"98","383483","20220820033000","108","0","桃園市","觀音區","121.060","25.035","97"
"106","383485","20220820033000","150","0","桃園市","觀音區","121.070","25.035","103"
"95","383489","20220820033000","75","2","桃園市","觀音區","121.070","25.040","88"
"1276","383492","20220820033000","1292","0","新北市","三重區","121.475","25.050","1290"
"4105","383493","20220820033000","4426","0","新北市","中和區","121.510","24.995","4007"
"4476","383494","20220820033000","5357","0","新北市","中和區","121.510","25.000","4478"
"2822","383495","20220820033000","2714","1","新北市","板橋區","121.455","25.010","2823"
"4380","383496","20220820033000","4138","1","新北市","板橋區","121.455","25.020","4389"
"2330","383500","20220820033000","3011","0","新北市","樹林區","121.425","24.995","2422"
"244","383502","20220820033000","581","0","新北市","樹林區","121.405","25.005","236"
"88","383503","20220820033000","502","0","新北市","樹林區","121.410","25.005","88"
"2616","383507","20220820033000","2377","1","新北市","永和區","121.505","25.015","2541"
"29","383513","20220820033000","66","0","桃園市","中壢區","121.245","24.995","26"
"1096","383515","20220820033000","900","2","桃園市","中壢區","121.225","25.000","1111"
"10","383518","20220820033000","88","0","桃園市","中壢區","121.240","25.000","10"
"392","383519","20220820033000","379","1","桃園市","中壢區","121.245","25.000","412"
"449","383520","20220820033000","384","1","桃園市","中壢區","121.250","25.000","479"
"364","383521","20220820033000","238","3","桃園市","中壢區","121.230","25.005","396"
"538","383524","20220820033000","448","2","桃園市","中壢區","121.245","25.005","557"
"427","383526","20220820033000","397","1","桃園市","大園區","121.245","25.010","447"
"1261","383529","20220820033000","877","2","桃園市","中壢區","121.175","24.995","1379"
"702","383553","20220820033000","600","1","桃園市","中壢區","121.220","25.005","694"
"20","383554","20220820033000","163","0","桃園市","中壢區","121.215","25.010","19"
"10","383556","20220820033000","53","0","桃園市","中壢區","121.215","25.015","10"
"881","383557","20220820033000","666","2","桃園市","中壢區","121.220","25.015","896"
"1752","383559","20220820033000","1859","0","新北市","板橋區","121.480","25.030","1670"
"286","383560","20220820033000","202","2","新北市","樹林區","121.420","25.005","309"
"2332","383562","20220820033000","1858","2","新北市","新莊區","121.430","25.005","2264"
"1072","383563","20220820033000","1239","0","新北市","樹林區","121.425","25.010","1094"
"229","383564","20220820033000","978","0","新北市","樹林區","121.425","25.000","217"
"3963","383565","20220820033000","3601","1","新北市","永和區","121.515","25.000","3983"
"3047","383566","20220820033000","3158","0","新北市","永和區","121.520","25.005","2986"
"2311","383567","20220820033000","1576","2","新北市","中和區","121.480","25.005","2270"
"389","383568","20220820033000","411","0","新北市","泰山區","121.415","25.050","434"
"1885","383572","20220820033000","1913","0","新北市","泰山區","121.430","25.055","1871"
"2818","383573","20220820033000","2186","2","新北市","板橋區","121.460","25.000","2747"
"4142","383574","20220820033000","3691","1","新北市","中和區","121.495","25.000","4084"
"2229","383575","20220820033000","2814","0","新北市","板橋區","121.465","25.030","2274"
"4256","383576","20220820033000","3741","1","新北市","板橋區","121.470","25.030","4279"
"15","383582","20220820033000","849","0","新北市","深坑區","121.620","25.005","10"
"190","383589","20220820033000","194","0","新北市","深坑區","121.615","25.000","194"
"456","383590","20220820033000","870","0","新北市","深坑區","121.620","25.000","457"
"1481","383591","20220820033000","1264","1","新北市","深坑區","121.625","25.000","1504"
"548","383599","20220820033000","342","3","新北市","深坑區","121.635","25.005","535"
"1456","383600","20220820033000","1280","1","新北市","深坑區","121.615","25.005","1469"
"4240","383602","20220820033000","4477","0","新北市","板橋區","121.480","25.025","4299"
"3268","383603","20220820033000","4409","0","新北市","新莊區","121.445","25.035","3399"
"259","383604","20220820033000","755","0","新北市","永和區","121.530","25.000","235"
"2370","383605","20220820033000","3357","0","新北市","板橋區","121.480","25.020","2362"
"4505","383606","20220820033000","4206","1","新北市","板橋區","121.480","25.015","4417"
"1523","383607","20220820033000","1585","0","桃園市","桃園區","121.310","25.010","1533"
"3367","383608","20220820033000","2647","2","桃園市","桃園區","121.310","25.015","3436"
"3090","383609","20220820033000","4376","0","新北市","永和區","121.510","25.010","2977"
"4060","383610","20220820033000","4001","1","新北市","永和區","121.515","25.010","3937"
"2708","383611","20220820033000","2537","1","新北市","板橋區","121.460","25.015","2625"
"2622","383612","20220820033000","3350","0","新北市","板橋區","121.465","25.000","2617"
"1993","383614","20220820033000","1372","2","桃園市","桃園區","121.300","25.010","1996"
"3359","383615","20220820033000","2774","2","桃園市","桃園區","121.315","24.995","3294"
"165","383616","20220820033000","182","0","新北市","深坑區","121.605","25.005","182"
"84","383618","20220820033000","94","0","新北市","深坑區","121.600","25.010","100"
"1797","383631","20220820033000","1891","0","新北市","深坑區","121.600","25.005","1811"
"2219","383632","20220820033000","2255","0","新北市","中和區","121.485","25.015","2251"
"2991","383633","20220820033000","2956","1","新北市","板橋區","121.475","25.015","2987"
"4220","383634","20220820033000","4382","0","新北市","板橋區","121.450","25.015","4279"
"2402","383635","20220820033000","2884","0","新北市","永和區","121.510","25.005","2401"
"2391","383636","20220820033000","2552","0","新北市","板橋區","121.450","25.010","2423"
"840","383637","20220820033000","933","0","新北市","樹林區","121.405","25.015","834"
"330","383638","20220820033000","204","3","新北市","樹林區","121.420","25.010","322"
"1258","383639","20220820033000","1110","1","新北市","樹林區","121.415","25.015","1307"
"53","383641","20220820033000","35","3","新北市","平溪區","121.765","25.035","48"
"177","383658","20220820033000","182","0","新北市","平溪區","121.775","25.040","202"
"124","383678","20220820033000","84","2","新北市","平溪區","121.740","25.025","122"
"113","383679","20220820033000","100","1","新北市","平溪區","121.745","25.025","116"
"32","383682","20220820033000","24","2","新北市","平溪區","121.745","25.030","25"
"17","383718","20220820033000","13","2","新北市","平溪區","121.780","25.025","18"
"10","383746","20220820033000","10","1","新北市","平溪區","121.765","25.020","10"
"35","383787","20220820033000","30","1","新北市","平溪區","121.750","25.005","35"
"66","383811","20220820033000","213","0","新北市","平溪區","121.715","25.020","77"
"1213","383828","20220820033000","2258","0","新北市","中和區","121.475","24.995","1202"
"4272","383829","20220820033000","5470","0","新北市","板橋區","121.470","25.020","4211"
"400","383830","20220820033000","381","1","新北市","板橋區","121.440","25.005","380"
"1153","383831","20220820033000","755","3","新北市","新莊區","121.440","25.015","1229"
"1502","383833","20220820033000","2511","0","新北市","永和區","121.515","25.020","1593"
"154","383834","20220820033000","150","1","新北市","汐止區","121.645","25.030","160"
"345","383848","20220820033000","297","1","新北市","汐止區","121.645","25.040","351"
"23","383859","20220820033000","28","0","新北市","汐止區","121.670","25.045","20"
"37","383862","20220820033000","100","0","新北市","汐止區","121.660","25.050","38"
"650","383865","20220820033000","631","1","新北市","永和區","121.530","25.005","639"
"660","383866","20220820033000","704","0","新北市","新莊區","121.465","25.045","636"
"1665","383867","20220820033000","2058","0","新北市","新莊區","121.415","25.025","1721"
"1767","383868","20220820033000","2785","0","新北市","中和區","121.525","24.995","1703"
"950","383871","20220820033000","1333","0","桃園市","中壢區","121.200","25.010","962"
"656","383880","20220820033000","502","2","桃園市","中壢區","121.200","25.020","690"
"94","383883","20220820033000","149","0","新北市","深坑區","121.635","25.010","94"
"2834","383889","20220820033000","1823","3","新北市","板橋區","121.465","25.015","2815"
"23","383890","20220820033000","252","0","新北市","板橋區","121.475","25.035","18"
"1051","383891","20220820033000","1017","1","新北市","板橋區","121.480","25.035","1072"
"5039","383893","20220820033000","4927","1","新北市","板橋區","121.465","25.020","5000"
"2965","383894","20220820033000","2736","1","新北市","板橋區","121.460","25.020","2837"
"3357","383895","20220820033000","2770","2","新北市","永和區","121.525","25.010","3161"
"4917","383896","20220820033000","5184","0","新北市","永和區","121.525","25.000","5291"
"336","383897","20220820033000","392","0","桃園市","龜山區","121.365","25.030","352"
"562","383900","20220820033000","541","1","桃園市","龜山區","121.360","25.040","548"
"661","383902","20220820033000","644","1","桃園市","龜山區","121.360","25.045","645"
"1399","383903","20220820033000","1156","2","桃園市","龜山區","121.360","25.050","1359"
"1019","383904","20220820033000","1678","0","桃園市","龜山區","121.365","25.050","1055"
"1408","383905","20220820033000","1427","0","桃園市","龜山區","121.360","25.055","1398"
"3485","383906","20220820033000","2447","2","桃園市","龜山區","121.365","25.055","3507"
"1935","383907","20220820033000","927","3","桃園市","龜山區","121.375","25.035","1908"
"276","383908","20220820033000","282","0","桃園市","龜山區","121.370","25.040","355"
"234","383909","20220820033000","153","3","桃園市","龜山區","121.375","25.040","246"
"91","383910","20220820033000","85","1","桃園市","龜山區","121.365","25.045","98"
"568","383911","20220820033000","453","2","桃園市","龜山區","121.370","25.045","573"
"94","383912","20220820033000","143","0","桃園市","龜山區","121.375","25.045","93"
"740","383913","20220820033000","748","0","桃園市","龜山區","121.370","25.050","732"
"362","383914","20220820033000","210","3","桃園市","龜山區","121.375","25.050","358"
"1579","383915","20220820033000","1529","1","桃園市","龜山區","121.370","25.055","1616"
"1714","383916","20220820033000","1418","2","桃園市","龜山區","121.375","25.055","1728"
"476","383919","20220820033000","569","0","桃園市","龜山區","121.360","25.000","460"
"399","383920","20220820033000","349","1","桃園市","龜山區","121.365","25.000","404"
"849","383922","20220820033000","838","1","桃園市","龜山區","121.340","25.000","861"
"517","383924","20220820033000","388","2","桃園市","龜山區","121.340","25.005","509"
"979","383928","20220820033000","962","1","桃園市","龜山區","121.365","25.005","912"
"339","383930","20220820033000","270","2","桃園市","龜山區","121.355","25.010","335"
"179","383939","20220820033000","273","0","桃園市","龜山區","121.360","25.020","196"
"555","383940","20220820033000","543","1","桃園市","龜山區","121.365","25.015","560"
"127","383941","20220820033000","198","0","桃園市","龜山區","121.370","25.020","135"
"99","383945","20220820033000","123","0","桃園市","龜山區","121.365","25.020","120"
"1213","383958","20220820033000","1002","2","桃園市","龜山區","121.335","24.995","1223"
"1054","383959","20220820033000","1060","0","桃園市","龜山區","121.345","25.005","1007"
"790","383962","20220820033000","749","1","桃園市","龜山區","121.345","25.010","790"
"538","383966","20220820033000","478","1","桃園市","龜山區","121.345","25.015","536"
"225","383978","20220820033000","253","0","桃園市","龜山區","121.350","25.020","231"
"31","383987","20220820033000","37","0","桃園市","龜山區","121.345","25.030","31"
"97","383989","20220820033000","95","1","桃園市","龜山區","121.355","25.030","115"
"39","383991","20220820033000","64","0","桃園市","龜山區","121.380","25.020","46"
"151","383995","20220820033000","383","0","桃園市","龜山區","121.385","25.025","160"
"15","383996","20220820033000","168","0","桃園市","龜山區","121.390","25.025","18"
"546","384001","20220820033000","948","0","桃園市","龜山區","121.390","25.030","507"
"386","384003","20220820033000","222","3","桃園市","龜山區","121.385","25.035","375"
"686","384004","20220820033000","789","0","桃園市","龜山區","121.390","25.035","696"
"53","384008","20220820033000","13","3","桃園市","龜山區","121.385","25.040","50"
"1145","384009","20220820033000","1147","0","桃園市","龜山區","121.390","25.040","1187"
"1375","384015","20220820033000","641","3","桃園市","龜山區","121.380","25.050","1455"
"112","384019","20220820033000","484","0","桃園市","龜山區","121.380","25.055","117"
"6384","384021","20220820033000","6804","0","臺北市","中山區","121.525","25.050","6383"
"5827","384022","20220820033000","5848","0","臺北市","中山區","121.530","25.055","5870"
"414","384040","20220820033000","398","1","桃園市","大園區","121.185","25.045","416"
"324","384041","20220820033000","287","1","桃園市","大園區","121.190","25.045","317"
"195","384058","20220820033000","179","1","桃園市","龜山區","121.355","24.995","207"
"212","384060","20220820033000","171","2","桃園市","龜山區","121.355","25.000","238"
"2414","384064","20220820033000","2568","0","新北市","永和區","121.510","25.020","2312"
"2407","384065","20220820033000","2733","0","臺北市","中正區","121.515","25.025","2392"
"1672","384066","20220820033000","3371","0","臺北市","中正區","121.525","25.020","1653"
"425","384067","20220820033000","464","0","臺北市","中正區","121.515","25.040","457"
"3756","384068","20220820033000","4475","0","臺北市","中正區","121.515","25.045","3817"
"4428","384069","20220820033000","3961","1","臺北市","中山區","121.535","25.055","4391"
"1692","384070","20220820033000","1670","1","臺北市","文山區","121.560","25.005","1723"
"702","384071","20220820033000","803","0","臺北市","大安區","121.560","25.010","740"
"289","384072","20220820033000","987","0","桃園市","桃園區","121.310","24.995","296"
"3431","384073","20220820033000","3384","1","臺北市","中山區","121.535","25.045","3419"
"1655","384074","20220820033000","2224","0","臺北市","中山區","121.535","25.050","1628"
"2787","384075","20220820033000","2334","1","臺北市","中正區","121.515","25.030","2816"
"3816","384076","20220820033000","5656","0","臺北市","信義區","121.565","25.025","3796"
"1820","384077","20220820033000","1967","0","臺北市","信義區","121.575","25.045","1844"
"443","384078","20220820033000","540","0","臺北市","信義區","121.585","25.035","449"
"1088","384079","20220820033000","1309","0","臺北市","信義區","121.565","25.020","1087"
"837","384081","20220820033000","879","0","桃園市","桃園區","121.290","25.010","834"
"813","384082","20220820033000","1418","0","桃園市","桃園區","121.285","25.015","918"
"1032","384083","20220820033000","925","1","桃園市","桃園區","121.290","25.015","1106"
"3496","384084","20220820033000","3786","0","臺北市","中正區","121.525","25.045","3227"
"3625","384085","20220820033000","2969","2","臺北市","中正區","121.530","25.045","3829"
"1140","384086","20220820033000","2135","0","臺北市","中正區","121.530","25.010","1153"
"4722","384087","20220820033000","5017","0","臺北市","中山區","121.525","25.055","4805"
"2404","384088","20220820033000","2623","0","臺北市","中山區","121.540","25.045","2491"
"3124","384089","20220820033000","3534","0","臺北市","大安區","121.540","25.040","3130"
"2752","384090","20220820033000","2744","1","臺北市","中正區","121.520","25.030","2773"
"943","384091","20220820033000","860","1","臺北市","中正區","121.520","25.035","926"
"1946","384092","20220820033000","1954","0","臺北市","中正區","121.520","25.040","2006"
"6226","384093","20220820033000","6827","0","臺北市","中正區","121.525","25.040","6206"
"255","384094","20220820033000","733","0","臺北市","中正區","121.525","25.015","253"
"1397","384100","20220820033000","936","2","桃園市","中壢區","121.200","25.000","1547"
"13","384101","20220820033000","149","0","桃園市","中壢區","121.205","25.000","10"
"745","384103","20220820033000","518","2","桃園市","中壢區","121.200","25.005","747"
"1008","384104","20220820033000","1072","0","新北市","泰山區","121.420","25.030","947"
"436","384106","20220820033000","332","2","新北市","泰山區","121.425","25.035","424"
"1851","384109","20220820033000","2049","0","新北市","泰山區","121.420","25.040","1797"
"1041","384111","20220820033000","1101","0","新北市","泰山區","121.425","25.040","1033"
"1575","384112","20220820033000","1232","2","新北市","泰山區","121.430","25.040","1504"
"134","384113","20220820033000","103","2","桃園市","龜山區","121.330","24.995","126"
"54","384129","20220820033000","44","2","桃園市","龜山區","121.375","25.010","46"
"435","384131","20220820033000","367","1","桃園市","龜山區","121.385","25.010","424"
"192","384132","20220820033000","155","2","桃園市","龜山區","121.390","25.010","183"
"1121","384140","20220820033000","968","1","桃園市","龜山區","121.395","25.020","1068"
"459","384141","20220820033000","524","0","桃園市","龜山區","121.400","25.020","478"
"1328","384142","20220820033000","1209","1","桃園市","龜山區","121.340","24.995","1325"
"1927","384145","20220820033000","1821","1","桃園市","龜山區","121.345","25.000","1999"
"4555","384146","20220820033000","5115","0","臺北市","中山區","121.520","25.055","4434"
"1162","384147","20220820033000","1026","1","桃園市","桃園區","121.305","25.025","1209"
"69","384149","20220820033000","62","1","桃園市","新屋區","121.030","25.000","61"
"128","384152","20220820033000","162","0","桃園市","新屋區","121.030","25.005","134"
"118","384164","20220820033000","115","1","桃園市","新屋區","121.060","24.995","96"
"297","384167","20220820033000","255","1","桃園市","新屋區","121.060","25.000","301"
"596","384185","20220820033000","625","0","桃園市","新屋區","121.075","25.005","592"
"10","384188","20220820033000","49","0","桃園市","桃園區","121.325","25.000","12"
"93","384189","20220820033000","90","1","桃園市","桃園區","121.320","25.005","84"
"768","384190","20220820033000","675","1","桃園市","桃園區","121.325","25.005","791"
"2983","384194","20220820033000","3508","0","臺北市","中正區","121.510","25.025","2855"
"19","384227","20220820033000","33","0","新北市","貢寮區","121.955","25.005","26"
"39","384234","20220820033000","24","3","新北市","貢寮區","121.950","25.010","31"
"401","384241","20220820033000","274","2","新北市","貢寮區","121.945","25.015","526"
"53","384254","20220820033000","42","2","新北市","貢寮區","121.970","25.025","63"
"302","384267","20220820033000","285","1","新北市","貢寮區","121.905","25.020","312"
"27","384270","20220820033000","29","0","新北市","貢寮區","121.900","25.025","23"
"123","384299","20220820033000","118","1","新北市","貢寮區","121.920","25.010","135"
"33","384306","20220820033000","53","0","新北市","貢寮區","121.930","25.015","50"
"34","384338","20220820033000","25","2","新北市","貢寮區","121.905","25.010","37"
"497","384342","20220820033000","255","3","新北市","貢寮區","121.945","25.020","440"
"105","384349","20220820033000","90","1","新北市","貢寮區","121.930","25.030","109"
"30","384353","20220820033000","14","3","新北市","貢寮區","121.930","25.035","21"
"2178","384355","20220820033000","1785","2","桃園市","龜山區","121.400","25.015","2236"
"2829","384356","20220820033000","2619","1","桃園市","龜山區","121.405","25.020","2849"
"213","384362","20220820033000","173","2","桃園市","新屋區","121.045","25.005","213"
"191","384367","20220820033000","252","0","桃園市","桃園區","121.320","24.995","172"
"1453","384368","20220820033000","1422","1","桃園市","桃園區","121.325","24.995","1505"
"1464","384371","20220820033000","1618","0","桃園市","桃園區","121.295","25.000","1642"
"489","384372","20220820033000","414","1","桃園市","桃園區","121.280","25.005","526"
"102","384373","20220820033000","63","3","桃園市","桃園區","121.285","25.005","135"
"841","384374","20220820033000","973","0","桃園市","桃園區","121.280","25.010","882"
"1651","384375","20220820033000","2135","0","桃園市","桃園區","121.300","25.000","1676"
"1428","384376","20220820033000","1433","0","桃園市","桃園區","121.305","25.000","1462"
"1119","384377","20220820033000","979","1","桃園市","桃園區","121.310","25.025","1170"
"482","384378","20220820033000","344","2","桃園市","桃園區","121.310","25.020","505"
"835","384379","20220820033000","543","3","桃園市","桃園區","121.315","25.025","866"
"1115","384382","20220820033000","1145","0","桃園市","桃園區","121.300","25.025","1111"
"902","384383","20220820033000","766","1","桃園市","桃園區","121.305","25.020","887"
"12","384386","20220820033000","10","2","桃園市","桃園區","121.300","25.030","11"
"37","384387","20220820033000","30","2","桃園市","桃園區","121.295","24.995","30"
"2525","384388","20220820033000","3274","0","臺北市","中山區","121.530","25.050","2398"
"3874","384389","20220820033000","3936","0","桃園市","桃園區","121.295","25.025","4009"
"2559","384392","20220820033000","2571","0","桃園市","蘆竹區","121.295","25.040","2848"
"2176","384393","20220820033000","2355","0","桃園市","桃園區","121.300","25.015","2232"
"5076","384394","20220820033000","3985","2","桃園市","桃園區","121.295","25.015","5128"
"3035","384395","20220820033000","2534","1","桃園市","桃園區","121.320","25.010","3102"
"1733","384398","20220820033000","1063","3","桃園市","桃園區","121.310","25.000","1745"
"785","384399","20220820033000","787","0","桃園市","桃園區","121.315","25.000","774"
"354","384400","20220820033000","384","0","桃園市","桃園區","121.320","25.000","407"
"744","384401","20220820033000","629","1","桃園市","桃園區","121.310","25.005","824"
"323","384402","20220820033000","324","0","臺北市","南港區","121.590","25.035","344"
"296","384403","20220820033000","306","0","臺北市","大安區","121.550","25.015","284"
"3368","384404","20220820033000","4167","0","臺北市","大安區","121.555","25.020","3338"
"4478","384405","20220820033000","4756","0","臺北市","大安區","121.550","25.020","4782"
"2136","384408","20220820033000","2059","1","桃園市","桃園區","121.305","25.010","2129"
"1999","384409","20220820033000","3371","0","臺北市","中正區","121.530","25.015","2066"
"3037","384410","20220820033000","3132","0","臺北市","中正區","121.525","25.035","3054"
"1617","384411","20220820033000","2039","0","臺北市","中山區","121.540","25.050","1647"
"1071","384412","20220820033000","1343","0","桃園市","桃園區","121.290","25.020","1077"
"3869","384413","20220820033000","4521","0","臺北市","信義區","121.560","25.045","3834"
"44","384415","20220820033000","173","0","桃園市","桃園區","121.300","24.995","51"
"1793","384416","20220820033000","1955","0","桃園市","桃園區","121.290","25.025","1851"
"859","384417","20220820033000","659","2","桃園市","桃園區","121.290","25.005","841"
"2048","384418","20220820033000","1911","1","桃園市","桃園區","121.295","25.005","1995"
"1041","384419","20220820033000","1507","0","桃園市","桃園區","121.295","25.010","1055"
"3221","384420","20220820033000","3617","0","臺北市","大同區","121.510","25.055","3152"
"1603","384421","20220820033000","1521","1","臺北市","中正區","121.520","25.020","1662"
"5309","384422","20220820033000","4100","2","臺北市","信義區","121.570","25.025","5260"
"1472","384424","20220820033000","1309","1","臺北市","信義區","121.570","25.030","1483"
"1087","384425","20220820033000","1435","0","臺北市","信義區","121.575","25.030","1048"
"2688","384426","20220820033000","2862","0","臺北市","大同區","121.515","25.050","2735"
"3674","384427","20220820033000","3256","1","臺北市","中山區","121.520","25.050","3646"
"2334","384428","20220820033000","2627","0","臺北市","大同區","121.515","25.055","2345"
"2404","384429","20220820033000","2100","1","桃園市","桃園區","121.305","24.995","2465"
"2907","384430","20220820033000","2393","2","桃園市","桃園區","121.300","25.005","2919"
"751","384431","20220820033000","688","1","臺北市","大同區","121.505","25.050","731"
"1558","384432","20220820033000","1719","0","臺北市","大同區","121.510","25.050","1589"
"209","384433","20220820033000","1146","0","臺北市","大安區","121.555","25.040","260"
"5742","384434","20220820033000","6116","0","臺北市","大安區","121.555","25.030","5867"
"3346","384435","20220820033000","3312","1","臺北市","大安區","121.530","25.025","3477"
"880","384436","20220820033000","2025","0","臺北市","大安區","121.525","25.030","839"
"3710","384437","20220820033000","4301","0","臺北市","大安區","121.525","25.025","3658"
"2408","384438","20220820033000","2487","0","臺北市","大安區","121.545","25.035","2380"
"4867","384439","20220820033000","5957","0","臺北市","大安區","121.545","25.030","4829"
"3665","384440","20220820033000","3907","0","臺北市","大安區","121.555","25.035","3668"
"2843","384441","20220820033000","4737","0","臺北市","大安區","121.550","25.025","3293"
"5222","384442","20220820033000","5021","1","臺北市","中正區","121.530","25.035","5200"
"2675","384443","20220820033000","2609","1","臺北市","中正區","121.510","25.045","2769"
"336","384446","20220820033000","331","1","桃園市","蘆竹區","121.270","25.015","368"
"500","384447","20220820033000","415","2","桃園市","蘆竹區","121.260","25.025","528"
"1508","384448","20220820033000","1245","2","桃園市","蘆竹區","121.265","25.020","1550"
"289","384449","20220820033000","378","0","桃園市","蘆竹區","121.270","25.020","287"
"12","384450","20220820033000","12","1","桃園市","蘆竹區","121.270","25.025","12"
"15","384454","20220820033000","14","1","桃園市","蘆竹區","121.255","25.000","12"
"19","384461","20220820033000","58","0","桃園市","蘆竹區","121.260","25.010","29"
"23","384463","20220820033000","100","0","桃園市","蘆竹區","121.250","25.015","19"
"547","384466","20220820033000","490","1","桃園市","蘆竹區","121.250","25.020","550"
"1774","384467","20220820033000","1307","2","桃園市","蘆竹區","121.255","25.020","1755"
"3007","384468","20220820033000","2219","2","桃園市","蘆竹區","121.260","25.020","2987"
"2803","384469","20220820033000","3219","0","桃園市","蘆竹區","121.295","25.055","2756"
"368","384473","20220820033000","332","1","桃園市","桃園區","121.305","25.030","393"
"82","384480","20220820033000","120","0","桃園市","龜山區","121.305","25.035","79"
"601","384489","20220820033000","801","0","桃園市","蘆竹區","121.295","25.045","984"
"782","384497","20220820033000","1020","0","桃園市","龜山區","121.305","25.045","446"
"167","384499","20220820033000","179","0","桃園市","龜山區","121.315","25.045","164"
"26","384502","20220820033000","15","3","桃園市","龜山區","121.330","25.045","17"
"172","384507","20220820033000","128","2","桃園市","龜山區","121.320","25.050","180"
"167","384514","20220820033000","195","0","桃園市","龜山區","121.335","25.055","174"
"270","384517","20220820033000","368","0","桃園市","龜山區","121.340","25.035","287"
"269","384521","20220820033000","239","1","桃園市","龜山區","121.345","25.040","253"
"130","384522","20220820033000","102","2","桃園市","龜山區","121.350","25.040","150"
"16","384523","20220820033000","15","1","桃園市","龜山區","121.355","25.040","12"
"241","384525","20220820033000","244","0","桃園市","龜山區","121.350","25.045","228"
"407","384526","20220820033000","314","2","桃園市","龜山區","121.355","25.045","409"
"25","384527","20220820033000","43","0","桃園市","龜山區","121.345","25.050","25"
"541","384528","20220820033000","586","0","桃園市","龜山區","121.350","25.050","478"
"350","384532","20220820033000","257","2","桃園市","龜山區","121.350","25.055","365"
"1262","384533","20220820033000","2088","0","臺北市","信義區","121.570","25.035","1311"
"2170","384534","20220820033000","3112","0","臺北市","信義區","121.575","25.035","2038"
"22","384549","20220820033000","39","0","臺北市","南港區","121.630","25.030","27"
"1128","384552","20220820033000","914","2","臺北市","南港區","121.620","25.035","1091"
"102","384554","20220820033000","78","2","新北市","汐止區","121.630","25.035","101"
"1152","384555","20220820033000","978","1","臺北市","南港區","121.620","25.040","1167"
"3317","384556","20220820033000","4855","0","臺北市","信義區","121.575","25.040","3426"
"3383","384557","20220820033000","4271","0","臺北市","南港區","121.585","25.045","3352"
"100","384572","20220820033000","57","3","新北市","雙溪區","121.825","25.025","114"
"621","384614","20220820033000","680","0","新北市","雙溪區","121.865","25.035","666"
"34","384624","20220820033000","31","1","新北市","雙溪區","121.830","25.000","22"
"23","384641","20220820033000","37","0","新北市","雙溪區","121.805","25.015","35"
"143","384662","20220820033000","111","2","新北市","雙溪區","121.840","25.035","141"
"313","384679","20220820033000","234","2","新北市","雙溪區","121.865","25.040","313"
"38","384696","20220820033000","34","1","新北市","雙溪區","121.845","24.995","54"
"384","384710","20220820033000","359","1","桃園市","桃園區","121.275","25.020","420"
"370","384711","20220820033000","384","0","桃園市","桃園區","121.280","25.020","386"
"259","384716","20220820033000","553","0","臺北市","信義區","121.565","25.030","237"
"7081","384717","20220820033000","7452","0","臺北市","信義區","121.560","25.030","6974"
"2699","384718","20220820033000","3399","0","臺北市","中正區","121.520","25.025","2673"
"632","384719","20220820033000","1120","0","桃園市","大園區","121.210","25.005","602"
"918","384720","20220820033000","711","2","桃園市","大園區","121.210","25.010","898"
"1458","384721","20220820033000","987","2","桃園市","大園區","121.210","25.015","1545"
"925","384722","20220820033000","630","2","桃園市","大園區","121.210","25.020","863"
"112","384723","20220820033000","115","0","桃園市","大園區","121.220","25.020","127"
"650","384726","20220820033000","640","1","桃園市","大園區","121.220","25.025","690"
"514","384729","20220820033000","555","0","桃園市","大園區","121.215","25.025","628"
"636","384731","20220820033000","615","1","桃園市","大園區","121.205","25.035","670"
"478","384739","20220820033000","369","2","桃園市","大園區","121.205","25.050","488"
"58","384743","20220820033000","62","0","桃園市","大園區","121.210","25.055","53"
"2729","384744","20220820033000","3539","0","臺北市","信義區","121.580","25.040","2680"
"658","384745","20220820033000","1041","0","臺北市","中正區","121.510","25.030","626"
"1873","384746","20220820033000","1998","0","臺北市","中正區","121.520","25.045","1877"
"2717","384747","20220820033000","3279","0","臺北市","中正區","121.505","25.030","2737"
"1354","384748","20220820033000","1039","2","臺北市","中正區","121.510","25.035","1315"
"79","384749","20220820033000","159","0","臺北市","中正區","121.515","25.035","73"
"1295","384750","20220820033000","1683","0","臺北市","中正區","121.510","25.040","1347"
"1856","384751","20220820033000","1612","1","桃園市","桃園區","121.305","25.015","1853"
"2047","384752","20220820033000","2147","0","桃園市","桃園區","121.300","25.020","2070"
"3784","384754","20220820033000","3360","1","桃園市","桃園區","121.295","25.020","4006"
"3281","384756","20220820033000","3587","0","桃園市","桃園區","121.315","25.015","3235"
"745","384757","20220820033000","2280","0","桃園市","桃園區","121.315","25.020","694"
"1909","384759","20220820033000","2148","0","桃園市","桃園區","121.305","25.005","1880"
"3289","384760","20220820033000","3905","0","臺北市","信義區","121.570","25.045","3534"
"692","384761","20220820033000","674","1","臺北市","信義區","121.575","25.015","710"
"167","384763","20220820033000","758","0","臺北市","信義區","121.575","25.020","402"
"601","384770","20220820033000","438","2","桃園市","大園區","121.225","25.015","586"
"682","384775","20220820033000","702","0","桃園市","大園區","121.230","25.020","715"
"35","384776","20220820033000","23","3","桃園市","大園區","121.235","25.020","30"
"401","384777","20220820033000","462","0","桃園市","大園區","121.240","25.020","392"
"142","384783","20220820033000","157","0","桃園市","大園區","121.230","25.025","145"
"69","384787","20220820033000","89","0","桃園市","大園區","121.220","25.035","73"
"553","384788","20220820033000","534","1","桃園市","大園區","121.225","25.035","595"
"429","384790","20220820033000","353","2","桃園市","大園區","121.165","25.050","441"
"660","384794","20220820033000","621","1","桃園市","大園區","121.160","25.055","670"
"277","384798","20220820033000","225","2","桃園市","大園區","121.175","25.055","248"
"481","384806","20220820033000","486","0","桃園市","大園區","121.175","25.030","453"
"304","384811","20220820033000","222","2","桃園市","大園區","121.180","25.035","310"
"226","384818","20220820033000","210","1","桃園市","大園區","121.215","25.035","243"
"402","384824","20220820033000","480","0","桃園市","大園區","121.215","25.045","415"
"138","384830","20220820033000","160","0","桃園市","大園區","121.215","25.055","146"
"630","384831","20220820033000","713","0","桃園市","大園區","121.220","25.055","653"
"3254","384843","20220820033000","4368","0","臺北市","松山區","121.550","25.045","3098"
"2123","384844","20220820033000","2508","0","臺北市","信義區","121.565","25.045","1983"
"75","384845","20220820033000","69","1","臺北市","南港區","121.595","25.035","93"
"2045","384846","20220820033000","2438","0","臺北市","大安區","121.535","25.020","2086"
"516","384847","20220820033000","542","0","臺北市","大安區","121.535","25.030","512"
"1417","384848","20220820033000","1006","2","臺北市","文山區","121.575","25.000","1385"
"36","384849","20220820033000","50","0","臺北市","文山區","121.590","25.000","42"
"108","384853","20220820033000","128","0","臺北市","文山區","121.585","25.005","108"
"460","384856","20220820033000","359","2","臺北市","文山區","121.570","25.010","458"
"75","384857","20220820033000","144","0","臺北市","文山區","121.575","25.010","68"
"58","384862","20220820033000","30","3","臺北市","文山區","121.590","25.010","57"
"607","384864","20220820033000","559","1","臺北市","大安區","121.540","25.010","596"
"3556","384865","20220820033000","3593","0","臺北市","文山區","121.540","25.005","3540"
"1400","384868","20220820033000","1503","0","臺北市","萬華區","121.490","25.035","1062"
"2672","384871","20220820033000","2258","1","臺北市","文山區","121.560","25.000","2278"
"2204","384874","20220820033000","1843","1","臺北市","萬華區","121.495","25.015","2164"
"63","384876","20220820033000","58","1","臺北市","信義區","121.565","25.015","60"
"2727","384878","20220820033000","3203","0","臺北市","大安區","121.550","25.035","2720"
"3092","384879","20220820033000","3116","0","臺北市","中正區","121.530","25.040","3086"
"9776","384880","20220820033000","8234","1","臺北市","大安區","121.550","25.030","9814"
"3822","384881","20220820033000","4739","0","臺北市","信義區","121.555","25.025","3867"
"1343","384882","20220820033000","933","2","臺北市","文山區","121.550","24.995","1354"
"3224","384883","20220820033000","3220","1","臺北市","文山區","121.550","25.000","3249"
"3604","384884","20220820033000","4527","0","臺北市","萬華區","121.500","25.020","3855"
"3659","384885","20220820033000","3882","0","臺北市","大安區","121.530","25.020","3617"
"4234","384886","20220820033000","3761","1","臺北市","大安區","121.540","25.035","4253"
"505","384888","20220820033000","448","1","臺北市","文山區","121.565","25.000","521"
"201","384889","20220820033000","410","0","臺北市","文山區","121.565","25.005","179"
"760","384890","20220820033000","1029","0","臺北市","文山區","121.570","25.005","1115"
"30","384893","20220820033000","36","0","臺北市","文山區","121.585","24.995","41"
"360","384895","20220820033000","310","1","臺北市","文山區","121.580","25.000","404"
"322","384897","20220820033000","305","1","新北市","深坑區","121.600","25.000","218"
"3381","384898","20220820033000","4394","0","臺北市","文山區","121.540","24.995","3408"
"220","384899","20220820033000","209","1","臺北市","文山區","121.570","24.995","225"
"1765","384900","20220820033000","1584","1","臺北市","文山區","121.570","25.000","1619"
"4838","384901","20220820033000","4969","0","臺北市","文山區","121.540","25.000","4848"
"1336","384903","20220820033000","1956","0","臺北市","萬華區","121.505","25.020","1394"
"1423","384904","20220820033000","1420","1","臺北市","文山區","121.555","24.995","1364"
"1486","384905","20220820033000","1226","2","臺北市","文山區","121.560","24.995","1444"
"1586","384906","20220820033000","2188","0","臺北市","文山區","121.555","25.000","1576"
"1983","384907","20220820033000","2023","0","臺北市","文山區","121.550","25.005","1944"
"652","384908","20220820033000","580","1","臺北市","大安區","121.550","25.010","598"
"1275","384909","20220820033000","1505","0","臺北市","大安區","121.540","25.015","1210"
"477","384911","20220820033000","1404","0","臺北市","中正區","121.535","25.010","523"
"352","384913","20220820033000","903","0","臺北市","大安區","121.545","25.010","353"
"2506","384914","20220820033000","2876","0","臺北市","大安區","121.535","25.015","2443"
"446","384916","20220820033000","894","0","臺北市","大安區","121.545","25.015","531"
"4177","384917","20220820033000","4741","0","臺北市","大安區","121.550","25.040","4231"
"736","384918","20220820033000","959","0","臺北市","文山區","121.535","24.995","674"
"3035","384919","20220820033000","2551","1","臺北市","松山區","121.545","25.045","2777"
"2972","384920","20220820033000","3419","0","臺北市","萬華區","121.500","25.040","3061"
"730","384922","20220820033000","955","0","臺北市","萬華區","121.490","25.030","826"
"5799","384923","20220820033000","6157","0","臺北市","萬華區","121.505","25.045","5970"
"1889","384924","20220820033000","2247","0","臺北市","南港區","121.585","25.050","1921"
"962","384925","20220820033000","1460","0","臺北市","南港區","121.590","25.050","933"
"1859","384926","20220820033000","1975","0","臺北市","南港區","121.590","25.040","1869"
"370","384927","20220820033000","583","0","臺北市","南港區","121.590","25.045","404"
"1413","384929","20220820033000","1658","0","臺北市","南港區","121.595","25.040","1431"
"393","384931","20220820033000","595","0","臺北市","南港區","121.595","25.045","352"
"38","384932","20220820033000","33","1","臺北市","南港區","121.600","25.045","32"
"1327","384933","20220820033000","1015","2","臺北市","南港區","121.595","25.050","1284"
"3402","384935","20220820033000","4196","0","臺北市","萬華區","121.495","25.030","3539"
"2000","384936","20220820033000","1530","2","臺北市","萬華區","121.490","25.025","1933"
"46","384937","20220820033000","48","0","臺北市","文山區","121.555","25.010","35"
"99","384938","20220820033000","112","0","臺北市","信義區","121.565","25.010","93"
"2086","384940","20220820033000","2804","0","臺北市","大安區","121.560","25.015","2078"
"2931","384941","20220820033000","2897","1","臺北市","松山區","121.550","25.050","3600"
"107","384942","20220820033000","229","0","臺北市","大安區","121.540","25.020","123"
"62","384943","20220820033000","1388","0","臺北市","大安區","121.540","25.025","56"
"6794","384944","20220820033000","6591","1","臺北市","松山區","121.555","25.050","6897"
"1891","384945","20220820033000","1708","1","臺北市","萬華區","121.495","25.035","1954"
"386","384946","20220820033000","366","1","臺北市","萬華區","121.495","25.040","376"
"1207","384947","20220820033000","1123","1","臺北市","文山區","121.565","24.995","1242"
"3551","384948","20220820033000","3017","1","臺北市","松山區","121.560","25.050","3486"
"3056","384949","20220820033000","4212","0","臺北市","松山區","121.565","25.050","3114"
"1788","384950","20220820033000","1283","2","臺北市","萬華區","121.490","25.020","1835"
"913","384951","20220820033000","697","2","臺北市","萬華區","121.500","25.030","894"
"3902","384952","20220820033000","4147","0","臺北市","萬華區","121.505","25.040","3841"
"3924","384955","20220820033000","4633","0","臺北市","大安區","121.535","25.040","3998"
"3613","384956","20220820033000","2610","2","臺北市","松山區","121.555","25.045","3631"
"2395","384957","20220820033000","2124","1","臺北市","松山區","121.575","25.050","2448"
"4391","384958","20220820033000","4512","0","臺北市","南港區","121.580","25.050","4564"
"219","384960","20220820033000","275","0","臺北市","信義區","121.580","25.030","216"
"2115","384961","20220820033000","3145","0","臺北市","信義區","121.580","25.035","2132"
"1374","384962","20220820033000","4234","0","臺北市","信義區","121.580","25.045","1389"
"1527","384963","20220820033000","2997","0","臺北市","萬華區","121.500","25.035","1550"
"3821","384964","20220820033000","4803","0","臺北市","松山區","121.545","25.050","3826"
"2221","384965","20220820033000","1866","1","臺北市","萬華區","121.495","25.020","2204"
"2088","384966","20220820033000","2318","0","臺北市","萬華區","121.500","25.025","2192"
"505","384968","20220820033000","415","2","臺北市","信義區","121.570","25.015","492"
"119","384969","20220820033000","1696","0","臺北市","信義區","121.570","25.020","116"
"1219","384970","20220820033000","2406","0","臺北市","信義區","121.560","25.040","1204"
"3368","384971","20220820033000","4039","0","臺北市","大安區","121.535","25.035","3370"
"1955","384972","20220820033000","1976","0","臺北市","文山區","121.545","24.995","1994"
"1806","384973","20220820033000","1585","1","臺北市","大安區","121.555","25.015","1805"
"2808","384974","20220820033000","3489","0","臺北市","大安區","121.540","25.030","2810"
"250","384975","20220820033000","208","2","臺北市","文山區","121.545","25.005","234"
"748","384976","20220820033000","702","1","臺北市","文山區","121.535","25.000","762"
"691","384977","20220820033000","805","0","臺北市","文山區","121.535","25.005","689"
"3566","384978","20220820033000","4264","0","臺北市","萬華區","121.505","25.025","3531"
"1214","384983","20220820033000","1212","1","臺北市","南港區","121.610","25.050","1229"
"14","384984","20220820033000","78","0","臺北市","南港區","121.615","25.050","17"
"789","384986","20220820033000","692","1","臺北市","南港區","121.615","25.040","840"
"957","384987","20220820033000","2146","0","臺北市","南港區","121.615","25.045","959"
"27","384992","20220820033000","22","2","臺北市","南港區","121.595","25.015","20"
"51","384996","20220820033000","38","2","臺北市","南港區","121.600","25.020","43"
"47","384997","20220820033000","37","2","臺北市","南港區","121.605","25.020","32"
"54","385006","20220820033000","59","0","臺北市","南港區","121.620","25.025","64"
"841","385010","20220820033000","608","2","臺北市","南港區","121.610","25.030","867"
"22","385015","20220820033000","603","0","臺北市","南港區","121.615","25.035","26"
"3316","385016","20220820033000","3227","1","臺北市","大安區","121.535","25.025","3381"
"2162","385018","20220820033000","2855","0","臺北市","大安區","121.545","25.020","2123"
"2172","385019","20220820033000","2304","0","臺北市","信義區","121.565","25.040","2155"
"2998","385020","20220820033000","3081","0","臺北市","信義區","121.570","25.040","2876"
"1497","385021","20220820033000","3315","0","臺北市","信義區","121.560","25.035","1330"
"1838","385022","20220820033000","1501","2","臺北市","信義區","121.565","25.035","1670"
"370","385023","20220820033000","308","2","臺北市","文山區","121.555","25.005","335"
"2071","385025","20220820033000","2027","1","臺北市","文山區","121.545","25.000","2135"
"3571","385026","20220820033000","3612","0","臺北市","萬華區","121.505","25.035","3636"
"1422","385027","20220820033000","1458","0","臺北市","萬華區","121.495","25.025","1407"
"5162","385028","20220820033000","5583","0","臺北市","大安區","121.545","25.040","4924"
"1835","385029","20220820033000","1765","1","臺北市","信義區","121.560","25.020","1843"
"3127","385033","20220820033000","3554","0","臺北市","信義區","121.585","25.040","3184"
"3639","385034","20220820033000","3434","1","臺北市","大安區","121.530","25.030","3617"
"3062","385035","20220820033000","3233","0","臺北市","大安區","121.545","25.025","3084"
"90","387378","20220820033000","51","3","新北市","貢寮區","121.920","25.075","95"
"264","391023","20220820033000","250","1","桃園市","大園區","121.240","25.115","293"
"223","392790","20220820033000","188","1","新北市","林口區","121.360","25.135","194"
"747","392791","20220820033000","546","2","基隆市","中正區(海)","121.745","25.135","705"
"102","392792","20220820033000","88","1","新北市","瑞芳區","121.805","25.135","112"
"879","393254","20220820033000","772","1","基隆市","中正區(海)","121.750","25.140","967"
"3171","394037","20220820033000","3529","0","基隆市","七堵區","121.700","25.085","3150"
"99","394044","20220820033000","60","3","基隆市","七堵區","121.715","25.105","93"
"670","394050","20220820033000","599","1","基隆市","中正區","121.760","25.140","680"
"864","394051","20220820033000","900","0","基隆市","中正區","121.755","25.135","899"
"1766","394053","20220820033000","1478","1","基隆市","安樂區","121.720","25.125","1797"
"942","394054","20220820033000","898","1","基隆市","中山區","121.730","25.145","933"
"546","394055","20220820033000","1562","0","新北市","三重區","121.475","25.065","1420"
"2015","394056","20220820033000","1418","2","新北市","三重區","121.490","25.070","1945"
"4427","394057","20220820033000","3826","1","新北市","汐止區","121.635","25.065","4483"
"2788","394058","20220820033000","2225","2","新北市","汐止區","121.660","25.065","2795"
"16","394059","20220820033000","18","0","新北市","汐止區","121.665","25.050","15"
"993","394060","20220820033000","878","1","新北市","汐止區","121.670","25.055","906"
"1065","394062","20220820033000","1405","0","新北市","汐止區","121.665","25.055","1048"
"1244","394064","20220820033000","2935","0","新北市","汐止區","121.660","25.060","1279"
"910","394066","20220820033000","659","2","基隆市","七堵區","121.695","25.080","936"
"1025","394068","20220820033000","1117","0","基隆市","七堵區","121.720","25.100","1020"
"1079","394069","20220820033000","1472","0","基隆市","中正區","121.750","25.135","1115"
"168","394070","20220820033000","185","0","基隆市","中正區","121.755","25.140","173"
"482","394072","20220820033000","483","0","基隆市","中正區","121.770","25.145","474"
"873","394074","20220820033000","926","0","基隆市","暖暖區","121.730","25.095","894"
"294","394075","20220820033000","304","0","基隆市","暖暖區","121.735","25.105","298"
"395","394076","20220820033000","483","0","基隆市","暖暖區","121.735","25.110","389"
"571","394077","20220820033000","388","2","基隆市","暖暖區","121.740","25.100","584"
"703","394078","20220820033000","706","0","基隆市","中山區","121.735","25.135","670"
"297","394082","20220820033000","253","1","基隆市","安樂區","121.705","25.140","317"
"1956","394090","20220820033000","1692","1","基隆市","安樂區","121.715","25.125","1996"
"2288","394091","20220820033000","2268","1","基隆市","仁愛區","121.740","25.125","2232"
"1161","394092","20220820033000","986","1","臺北市","大同區","121.510","25.070","1124"
"4337","394093","20220820033000","3609","2","新北市","三重區","121.500","25.055","4290"
"5159","394094","20220820033000","5012","1","新北市","三重區","121.500","25.065","5268"
"401","394095","20220820033000","404","0","基隆市","中山區","121.740","25.135","412"
"2943","394096","20220820033000","3414","0","基隆市","信義區","121.755","25.130","3040"
"993","394097","20220820033000","1092","0","基隆市","仁愛區","121.735","25.125","988"
"447","394098","20220820033000","427","1","基隆市","安樂區","121.725","25.140","441"
"143","394099","20220820033000","1020","0","基隆市","安樂區","121.730","25.130","169"
"3022","394102","20220820033000","2880","1","新北市","五股區","121.450","25.105","3061"
"1306","394106","20220820033000","880","2","新北市","五股區","121.440","25.090","1320"
"1243","394108","20220820033000","1141","1","新北市","五股區","121.440","25.095","1253"
"248","394109","20220820033000","224","1","新北市","五股區","121.430","25.100","240"
"87","394115","20220820033000","322","0","新北市","五股區","121.445","25.075","86"
"1204","394118","20220820033000","1180","1","新北市","五股區","121.460","25.075","1174"
"1642","394121","20220820033000","1215","2","新北市","五股區","121.455","25.080","1652"
"65","394125","20220820033000","155","0","新北市","五股區","121.430","25.085","60"
"1562","394126","20220820033000","1799","0","新北市","五股區","121.435","25.085","1561"
"30","394127","20220820033000","21","2","新北市","五股區","121.420","25.090","33"
"2172","394129","20220820033000","2382","0","新北市","五股區","121.430","25.070","2148"
"2137","394130","20220820033000","1942","1","新北市","五股區","121.435","25.070","2129"
"276","394135","20220820033000","296","0","新北市","五股區","121.425","25.070","271"
"39","394136","20220820033000","24","3","新北市","林口區","121.405","25.075","31"
"57","394138","20220820033000","24","3","新北市","五股區","121.405","25.080","43"
"324","394139","20220820033000","512","0","新北市","新莊區","121.450","25.060","378"
"623","394141","20220820033000","783","0","新北市","新莊區","121.455","25.060","640"
"184","394142","20220820033000","241","0","新北市","五股區","121.450","25.070","184"
"398","394144","20220820033000","393","1","新北市","五股區","121.455","25.070","437"
"1307","394146","20220820033000","1211","1","新北市","五股區","121.465","25.070","1271"
"569","394147","20220820033000","545","1","新北市","五股區","121.465","25.075","540"
"125","394149","20220820033000","111","1","新北市","五股區","121.435","25.105","114"
"129","394150","20220820033000","105","2","新北市","五股區","121.420","25.110","125"
"36","394166","20220820033000","32","1","新北市","五股區","121.425","25.120","49"
"88","394170","20220820033000","95","0","新北市","五股區","121.420","25.125","94"
"1146","394174","20220820033000","1179","0","基隆市","信義區","121.765","25.125","1233"
"1041","394175","20220820033000","819","2","基隆市","信義區","121.760","25.130","1066"
"637","394176","20220820033000","609","1","基隆市","中正區","121.760","25.135","662"
"404","394178","20220820033000","308","2","基隆市","七堵區","121.700","25.070","389"
"532","394179","20220820033000","531","1","基隆市","七堵區","121.695","25.075","537"
"1022","394181","20220820033000","1080","0","基隆市","七堵區","121.715","25.095","1029"
"880","394182","20220820033000","804","1","基隆市","七堵區","121.720","25.095","858"
"938","394185","20220820033000","903","1","基隆市","中山區","121.720","25.140","931"
"2498","394186","20220820033000","2783","0","基隆市","中山區","121.725","25.145","2528"
"1286","394187","20220820033000","1118","1","新北市","五股區","121.435","25.090","1230"
"584","394188","20220820033000","527","1","新北市","五股區","121.440","25.080","571"
"796","394189","20220820033000","1292","0","新北市","五股區","121.440","25.085","766"
"53","394191","20220820033000","42","2","新北市","五股區","121.415","25.085","56"
"82","394193","20220820033000","82","1","新北市","五股區","121.415","25.090","84"
"73","394196","20220820033000","67","1","新北市","五股區","121.410","25.100","74"
"188","394202","20220820033000","180","1","新北市","五股區","121.405","25.110","179"
"31","394207","20220820033000","40","0","新北市","五股區","121.410","25.110","31"
"16","394208","20220820033000","17","0","新北市","八里區","121.400","25.115","16"
"220","394211","20220820033000","226","0","新北市","五股區","121.425","25.095","209"
"97","394214","20220820033000","492","0","新北市","泰山區","121.435","25.065","91"
"126","394216","20220820033000","121","1","新北市","五股區","121.415","25.075","114"
"84","394218","20220820033000","102","0","新北市","五股區","121.425","25.075","83"
"869","394220","20220820033000","813","1","新北市","五股區","121.435","25.075","869"
"42","394223","20220820033000","40","1","新北市","五股區","121.420","25.080","37"
"1006","394226","20220820033000","1020","0","新北市","五股區","121.435","25.080","1027"
"1370","394227","20220820033000","1127","2","新北市","五股區","121.445","25.090","1399"
"1106","394229","20220820033000","934","1","新北市","五股區","121.445","25.095","1053"
"38","394230","20220820033000","415","0","新北市","五股區","121.450","25.095","34"
"740","394234","20220820033000","1361","0","新北市","五股區","121.450","25.100","774"
"4678","394235","20220820033000","4480","1","新北市","三重區","121.495","25.070","4807"
"3389","394236","20220820033000","3048","1","新北市","三重區","121.500","25.070","3388"
"4390","394237","20220820033000","4480","0","新北市","三重區","121.490","25.065","4276"
"3950","394238","20220820033000","2255","3","基隆市","中正區","121.785","25.135","3975"
"3336","394242","20220820033000","2877","1","基隆市","安樂區","121.720","25.120","3138"
"1387","394243","20220820033000","2062","0","新北市","三重區","121.505","25.060","1387"
"4066","394244","20220820033000","4394","0","新北市","三重區","121.480","25.060","4015"
"2403","394247","20220820033000","2322","1","新北市","三重區","121.485","25.070","2440"
"1171","394248","20220820033000","595","3","基隆市","中正區","121.790","25.135","1175"
"1135","394252","20220820033000","995","1","基隆市","信義區","121.765","25.130","1163"
"74","394254","20220820033000","449","0","基隆市","信義區","121.770","25.135","57"
"1488","394258","20220820033000","1691","0","基隆市","信義區","121.770","25.130","1511"
"954","394259","20220820033000","963","0","基隆市","信義區","121.775","25.130","947"
"75","394262","20220820033000","50","3","基隆市","信義區","121.790","25.115","72"
"52","394265","20220820033000","43","2","基隆市","信義區","121.790","25.120","60"
"592","394266","20220820033000","473","2","基隆市","信義區","121.785","25.125","603"
"2047","394270","20220820033000","2187","0","基隆市","信義區","121.775","25.135","2121"
"621","394272","20220820033000","644","0","基隆市","安樂區","121.725","25.135","614"
"1528","394273","20220820033000","1775","0","基隆市","安樂區","121.715","25.140","1580"
"2034","394275","20220820033000","2218","0","基隆市","中山區","121.735","25.130","2050"
"283","394276","20220820033000","997","0","基隆市","安樂區","121.725","25.125","282"
"1504","394277","20220820033000","1457","1","基隆市","安樂區","121.725","25.130","1487"
"196","394278","20220820033000","257","0","基隆市","中山區","121.720","25.145","201"
"1487","394280","20220820033000","1491","0","基隆市","仁愛區","121.740","25.130","1512"
"1008","394281","20220820033000","831","2","基隆市","安樂區","121.730","25.135","1023"
"2982","394282","20220820033000","2925","1","新北市","三重區","121.490","25.075","3002"
"4447","394283","20220820033000","4802","0","新北市","三重區","121.490","25.060","4410"
"2237","394284","20220820033000","2943","0","新北市","三重區","121.495","25.060","2230"
"624","394285","20220820033000","487","2","基隆市","中山區","121.740","25.145","653"
"1752","394288","20220820033000","1756","0","基隆市","安樂區","121.710","25.140","1729"
"1350","394290","20220820033000","1124","2","基隆市","安樂區","121.710","25.150","1330"
"903","394291","20220820033000","603","2","基隆市","中山區","121.715","25.145","928"
"72","394292","20220820033000","389","0","新北市","三重區","121.485","25.065","56"
"753","394293","20220820033000","975","0","臺北市","大同區","121.510","25.075","803"
"4152","394294","20220820033000","4201","0","新北市","三重區","121.500","25.060","4214"
"1622","394295","20220820033000","1178","2","新北市","三重區","121.475","25.055","1585"
"262","394297","20220820033000","206","2","新北市","五股區","121.460","25.070","269"
"654","394298","20220820033000","279","3","新北市","三重區","121.470","25.060","363"
"221","394299","20220820033000","819","0","新北市","三重區","121.470","25.065","774"
"718","394301","20220820033000","719","0","新北市","三重區","121.505","25.075","759"
"2397","394302","20220820033000","2599","0","新北市","三重區","121.485","25.080","2353"
"271","394303","20220820033000","320","0","基隆市","中山區","121.740","25.140","305"
"1052","394304","20220820033000","959","1","新北市","三重區","121.470","25.070","1080"
"204","394305","20220820033000","289","0","基隆市","信義區","121.780","25.135","216"
"761","394306","20220820033000","1522","0","基隆市","信義區","121.780","25.130","687"
"1094","394307","20220820033000","1017","1","基隆市","信義區","121.780","25.140","1136"
"481","394308","20220820033000","682","0","基隆市","中正區","121.785","25.140","488"
"288","394312","20220820033000","159","3","基隆市","信義區","121.775","25.125","281"
"971","394313","20220820033000","1078","0","基隆市","信義區","121.780","25.125","972"
"96","394317","20220820033000","113","0","新北市","瑞芳區","121.760","25.110","106"
"31","394320","20220820033000","36","0","基隆市","信義區","121.765","25.115","35"
"362","394321","20220820033000","319","1","基隆市","信義區","121.765","25.120","357"
"1238","394324","20220820033000","909","2","基隆市","信義區","121.760","25.125","1125"
"1557","394325","20220820033000","1906","0","新北市","三重區","121.490","25.085","1621"
"584","394326","20220820033000","661","0","新北市","三重區","121.490","25.090","656"
"224","394327","20220820033000","93","3","新北市","三重區","121.495","25.090","229"
"1811","394329","20220820033000","1403","2","新北市","三重區","121.475","25.070","1649"
"3133","394330","20220820033000","2964","1","新北市","三重區","121.480","25.070","3202"
"2357","394332","20220820033000","1298","3","新北市","泰山區","121.430","25.065","2362"
"1027","394333","20220820033000","965","1","新北市","泰山區","121.440","25.060","1006"
"449","394335","20220820033000","389","1","基隆市","中山區","121.735","25.140","439"
"48","394336","20220820033000","955","0","基隆市","中山區","121.730","25.140","54"
"112","394337","20220820033000","472","0","基隆市","暖暖區","121.735","25.100","95"
"43","394358","20220820033000","63","0","基隆市","暖暖區","121.755","25.075","34"
"49","394364","20220820033000","37","2","基隆市","暖暖區","121.745","25.085","43"
"733","394398","20220820033000","577","2","基隆市","暖暖區","121.740","25.090","737"
"21","394401","20220820033000","210","0","基隆市","暖暖區","121.735","25.095","15"
"10","394402","20220820033000","623","0","基隆市","暖暖區","121.740","25.095","10"
"4169","394404","20220820033000","3772","1","基隆市","暖暖區","121.755","25.095","4099"
"37","394405","20220820033000","799","0","基隆市","暖暖區","121.750","25.090","47"
"491","394407","20220820033000","377","2","基隆市","暖暖區","121.750","25.095","454"
"1682","394413","20220820033000","1427","1","基隆市","暖暖區","121.740","25.105","1697"
"200","394418","20220820033000","254","0","基隆市","暖暖區","121.730","25.100","214"
"1137","394422","20220820033000","790","2","基隆市","安樂區","121.705","25.145","1191"
"1801","394423","20220820033000","1319","2","基隆市","安樂區","121.710","25.145","1824"
"2817","394426","20220820033000","3217","0","新北市","三重區","121.490","25.080","2858"
"1324","394427","20220820033000","1809","0","新北市","三重區","121.485","25.075","1318"
"3823","394428","20220820033000","3973","0","新北市","三重區","121.480","25.075","3897"
"27","394429","20220820033000","169","0","基隆市","中山區","121.735","25.145","20"
"4990","394430","20220820033000","5372","0","新北市","三重區","121.495","25.065","5055"
"2654","394435","20220820033000","2596","1","基隆市","仁愛區","121.745","25.125","2732"
"755","394436","20220820033000","795","0","基隆市","仁愛區","121.745","25.120","801"
"3759","394438","20220820033000","2940","2","新北市","三重區","121.485","25.060","2999"
"1598","394441","20220820033000","1476","1","基隆市","暖暖區","121.750","25.100","1650"
"831","394442","20220820033000","830","1","基隆市","安樂區","121.730","25.115","880"
"2720","394444","20220820033000","2448","1","基隆市","安樂區","121.725","25.120","2995"
"641","394447","20220820033000","1105","0","新北市","三重區","121.495","25.075","642"
"2502","394450","20220820033000","2605","0","新北市","三重區","121.495","25.085","2613"
"5032","394451","20220820033000","4469","1","新北市","三重區","121.480","25.065","4978"
"290","394458","20220820033000","288","1","基隆市","暖暖區","121.730","25.110","297"
"681","394461","20220820033000","426","3","基隆市","七堵區","121.700","25.075","683"
"165","394464","20220820033000","189","0","基隆市","七堵區","121.705","25.085","170"
"905","394466","20220820033000","766","1","基隆市","七堵區","121.705","25.090","889"
"186","394467","20220820033000","207","0","基隆市","七堵區","121.700","25.095","179"
"706","394470","20220820033000","731","0","基隆市","七堵區","121.665","25.090","722"
"26","394480","20220820033000","17","3","基隆市","七堵區","121.670","25.100","29"
"518","394492","20220820033000","333","3","基隆市","七堵區","121.670","25.105","450"
"43","394500","20220820033000","40","1","基隆市","七堵區","121.660","25.115","43"
"66","394518","20220820033000","62","1","基隆市","七堵區","121.660","25.130","70"
"64","394538","20220820033000","310","0","基隆市","七堵區","121.695","25.085","63"
"1268","394546","20220820033000","1177","1","基隆市","七堵區","121.685","25.075","1230"
"370","394547","20220820033000","353","1","基隆市","七堵區","121.690","25.075","395"
"1046","394550","20220820033000","837","2","基隆市","七堵區","121.690","25.085","1077"
"2860","394551","20220820033000","3342","0","基隆市","中正區","121.745","25.130","2786"
"102","394552","20220820033000","411","0","基隆市","仁愛區","121.740","25.120","93"
"1808","394553","20220820033000","1415","2","基隆市","信義區","121.750","25.130","1834"
"284","394554","20220820033000","572","0","基隆市","仁愛區","121.750","25.125","226"
"525","394555","20220820033000","690","0","基隆市","中正區","121.765","25.140","553"
"299","394556","20220820033000","199","3","基隆市","中正區","121.795","25.125","295"
"262","394559","20220820033000","150","3","基隆市","中正區","121.795","25.130","242"
"1378","394564","20220820033000","1488","0","基隆市","中正區","121.790","25.140","1504"
"1295","394565","20220820033000","1100","1","基隆市","中正區","121.795","25.140","1292"
"1556","394567","20220820033000","1353","1","基隆市","中正區","121.760","25.145","1530"
"1068","394570","20220820033000","990","1","基隆市","安樂區","121.715","25.120","1068"
"1327","394576","20220820033000","1168","1","基隆市","安樂區","121.715","25.130","1303"
"34","394582","20220820033000","28","2","基隆市","仁愛區","121.740","25.110","37"
"102","394583","20220820033000","69","2","基隆市","仁愛區","121.745","25.110","109"
"478","394586","20220820033000","498","0","基隆市","仁愛區","121.745","25.115","478"
"93","394587","20220820033000","87","1","基隆市","仁愛區","121.750","25.115","93"
"374","394590","20220820033000","172","3","基隆市","七堵區","121.710","25.100","366"
"2851","394592","20220820033000","2343","2","基隆市","七堵區","121.715","25.100","2901"
"1645","394611","20220820033000","1800","0","基隆市","七堵區","121.710","25.090","1639"
"180","394613","20220820033000","190","0","基隆市","七堵區","121.720","25.090","163"
"26","394617","20220820033000","27","0","基隆市","七堵區","121.680","25.100","31"
"72","394625","20220820033000","57","2","基隆市","七堵區","121.695","25.105","71"
"42","394632","20220820033000","40","1","基隆市","七堵區","121.690","25.115","49"
"51","394634","20220820033000","46","1","基隆市","七堵區","121.700","25.115","56"
"15","394645","20220820033000","11","2","基隆市","安樂區","121.700","25.130","10"
"10","394648","20220820033000","10","1","基隆市","七堵區","121.690","25.135","10"
"28","394660","20220820033000","77","0","基隆市","七堵區","121.680","25.120","30"
"43","394663","20220820033000","21","3","基隆市","七堵區","121.680","25.125","42"
"274","394685","20220820033000","300","0","新北市","蘆洲區","121.485","25.090","270"
"692","394686","20220820033000","685","1","新北市","汐止區","121.630","25.060","650"
"2065","394687","20220820033000","1184","3","新北市","汐止區","121.620","25.065","2072"
"2032","394688","20220820033000","1917","1","新北市","汐止區","121.625","25.065","2062"
"17","394694","20220820033000","15","1","新北市","八里區","121.415","25.145","17"
"713","394705","20220820033000","1005","0","新北市","八里區","121.450","25.140","753"
"42","394716","20220820033000","43","0","新北市","八里區","121.415","25.130","43"
"119","394724","20220820033000","99","2","新北市","八里區","121.410","25.145","104"
"22","394725","20220820033000","232","0","新北市","八里區","121.405","25.150","17"
"591","394726","20220820033000","464","2","新北市","八里區","121.410","25.150","441"
"83","394731","20220820033000","85","0","新北市","八里區","121.405","25.125","74"
"1471","394740","20220820033000","1476","0","新北市","蘆洲區","121.465","25.090","1611"
"3021","394741","20220820033000","3113","0","新北市","蘆洲區","121.460","25.085","3068"
"1611","394742","20220820033000","1951","0","新北市","蘆洲區","121.465","25.085","1641"
"1158","394743","20220820033000","1944","0","新北市","蘆洲區","121.460","25.090","1171"
"632","394744","20220820033000","1374","0","新北市","蘆洲區","121.460","25.095","625"
"225","394745","20220820033000","579","0","新北市","蘆洲區","121.475","25.075","235"
"1058","394746","20220820033000","1186","0","新北市","蘆洲區","121.475","25.090","1049"
"1967","394747","20220820033000","1599","2","新北市","蘆洲區","121.470","25.095","2037"
"26","394748","20220820033000","251","0","新北市","蘆洲區","121.475","25.095","21"
"439","394749","20220820033000","363","2","新北市","蘆洲區","121.470","25.100","422"
"666","394750","20220820033000","1691","0","新北市","新莊區","121.460","25.060","617"
"1905","394751","20220820033000","2252","0","新北市","新莊區","121.465","25.060","1902"
"1390","394752","20220820033000","1190","1","新北市","五股區","121.465","25.065","1361"
"331","394787","20220820033000","476","0","新北市","瑞芳區","121.770","25.100","317"
"20","394788","20220820033000","16","2","新北市","瑞芳區","121.775","25.100","14"
"100","394798","20220820033000","43","3","新北市","瑞芳區","121.825","25.085","119"
"444","394810","20220820033000","425","1","新北市","瑞芳區","121.820","25.120","454"
"1269","394819","20220820033000","1189","1","新北市","五股區","121.430","25.090","1327"
"2229","394821","20220820033000","1827","2","新北市","八里區","121.395","25.145","2263"
"28","394822","20220820033000","23","2","新北市","八里區","121.390","25.150","48"
"1937","394824","20220820033000","1472","2","新北市","八里區","121.400","25.150","1969"
"45","394829","20220820033000","41","1","新北市","八里區","121.400","25.100","42"
"49","394833","20220820033000","81","0","新北市","八里區","121.390","25.110","55"
"236","394843","20220820033000","317","0","新北市","林口區","121.375","25.120","241"
"623","394854","20220820033000","445","2","新北市","八里區","121.385","25.130","419"
"1830","394858","20220820033000","1482","2","新北市","瑞芳區","121.805","25.105","1777"
"15","394863","20220820033000","29","0","新北市","瑞芳區","121.795","25.085","12"
"71","394867","20220820033000","76","0","新北市","瑞芳區","121.795","25.090","74"
"569","394873","20220820033000","376","3","新北市","瑞芳區","121.785","25.095","569"
"83","394878","20220820033000","62","2","新北市","瑞芳區","121.790","25.100","79"
"548","394885","20220820033000","454","2","新北市","瑞芳區","121.790","25.110","533"
"80","394894","20220820033000","59","2","新北市","瑞芳區","121.825","25.090","69"
"318","394924","20220820033000","214","2","新北市","瑞芳區","121.760","25.100","326"
"33","394932","20220820033000","29","1","新北市","瑞芳區","121.775","25.110","41"
"47","394934","20220820033000","22","3","新北市","瑞芳區","121.770","25.115","34"
"514","394937","20220820033000","476","1","新北市","瑞芳區","121.845","25.110","452"
"99","394943","20220820033000","90","1","新北市","瑞芳區","121.830","25.095","94"
"287","394949","20220820033000","278","1","新北市","瑞芳區","121.840","25.095","289"
"302","394954","20220820033000","220","2","新北市","瑞芳區","121.850","25.105","365"
"276","394965","20220820033000","271","1","新北市","瑞芳區","121.815","25.105","277"
"70","394966","20220820033000","114","0","新北市","五股區","121.455","25.115","87"
"617","394972","20220820033000","504","2","新北市","八里區","121.450","25.125","643"
"893","394973","20220820033000","951","0","新北市","八里區","121.455","25.125","940"
"843","394979","20220820033000","836","1","新北市","八里區","121.450","25.130","864"
"505","394985","20220820033000","448","1","新北市","八里區","121.450","25.135","507"
"2697","394986","20220820033000","2133","2","新北市","汐止區","121.640","25.065","2604"
"266","394991","20220820033000","273","0","桃園市","觀音區","121.120","25.060","287"
"327","394992","20220820033000","279","1","桃園市","觀音區","121.125","25.060","332"
"10","394993","20220820033000","107","0","桃園市","觀音區","121.130","25.060","10"
"304","394996","20220820033000","281","1","桃園市","觀音區","121.110","25.065","297"
"519","395000","20220820033000","458","1","桃園市","觀音區","121.130","25.065","503"
"147","395008","20220820033000","145","1","桃園市","觀音區","121.135","25.060","161"
"997","395014","20220820033000","1075","0","桃園市","蘆竹區","121.285","25.070","993"
"164","395019","20220820033000","356","0","桃園市","蘆竹區","121.285","25.075","154"
"371","395023","20220820033000","345","1","桃園市","蘆竹區","121.285","25.080","346"
"554","395029","20220820033000","638","0","桃園市","蘆竹區","121.255","25.110","598"
"189","395030","20220820033000","206","0","桃園市","蘆竹區","121.260","25.110","168"
"169","395031","20220820033000","194","0","桃園市","蘆竹區","121.265","25.110","162"
"353","395032","20220820033000","280","2","桃園市","蘆竹區","121.270","25.110","343"
"219","395038","20220820033000","204","1","桃園市","蘆竹區","121.255","25.115","213"
"1033","395042","20220820033000","1671","0","桃園市","蘆竹區","121.295","25.060","1028"
"1273","395043","20220820033000","1083","1","桃園市","蘆竹區","121.300","25.060","1290"
"18","395046","20220820033000","13","2","桃園市","蘆竹區","121.315","25.060","17"
"391","395057","20220820033000","224","3","新北市","瑞芳區","121.860","25.125","406"
"112","395083","20220820033000","289","0","新北市","雙溪區","121.875","25.090","144"
"42","395098","20220820033000","28","3","新北市","貢寮區","121.915","25.095","47"
"132","395109","20220820033000","102","2","新北市","貢寮區","121.920","25.105","161"
"373","395119","20220820033000","348","1","新北市","貢寮區","121.925","25.055","360"
"285","395121","20220820033000","235","2","新北市","貢寮區","121.925","25.060","302"
"47","395125","20220820033000","39","2","新北市","貢寮區","121.925","25.065","49"
"114","395129","20220820033000","353","0","新北市","新莊區","121.455","25.065","112"
"898","395130","20220820033000","819","1","新北市","五股區","121.445","25.065","864"
"444","395131","20220820033000","514","0","新北市","泰山區","121.435","25.060","443"
"143","395132","20220820033000","292","0","新北市","汐止區","121.645","25.060","145"
"3299","395133","20220820033000","2618","2","新北市","汐止區","121.665","25.065","3376"
"144","395134","20220820033000","186","0","桃園市","蘆竹區","121.270","25.060","152"
"281","395135","20220820033000","583","0","桃園市","蘆竹區","121.275","25.060","281"
"770","395137","20220820033000","635","2","桃園市","蘆竹區","121.265","25.065","761"
"755","395141","20220820033000","758","0","桃園市","蘆竹區","121.270","25.070","799"
"2863","395143","20220820033000","3604","0","新北市","蘆洲區","121.470","25.090","2843"
"23","395145","20220820033000","28","0","新北市","瑞芳區","121.835","25.110","32"
"18","395147","20220820033000","17","1","新北市","瑞芳區","121.830","25.115","15"
"263","395149","20220820033000","185","2","新北市","瑞芳區","121.840","25.115","260"
"15","395156","20220820033000","164","0","新北市","瑞芳區","121.830","25.125","24"
"130","395157","20220820033000","11","3","新北市","瑞芳區","121.835","25.125","60"
"131","395163","20220820033000","405","0","新北市","瑞芳區","121.815","25.130","132"
"1519","395173","20220820033000","1555","0","新北市","瑞芳區","121.810","25.105","1562"
"2425","395174","20220820033000","1923","2","新北市","泰山區","121.445","25.060","2427"
"711","395175","20220820033000","561","2","新北市","五股區","121.450","25.065","767"
"1271","395176","20220820033000","1290","0","新北市","新莊區","121.460","25.065","1322"
"49","395186","20220820033000","42","1","新北市","萬里區","121.605","25.145","46"
"2300","395203","20220820033000","2210","1","新北市","蘆洲區","121.470","25.085","2311"
"48","395204","20220820033000","188","0","新北市","蘆洲區","121.465","25.095","51"
"10","395205","20220820033000","13","0","新北市","蘆洲區","121.465","25.100","12"
"2496","395206","20220820033000","2118","1","新北市","汐止區","121.630","25.065","2534"
"2519","395207","20220820033000","2031","2","新北市","汐止區","121.630","25.070","2500"
"1404","395208","20220820033000","1701","0","新北市","汐止區","121.645","25.065","1371"
"42","395223","20220820033000","25","3","新北市","瑞芳區","121.820","25.060","39"
"97","395239","20220820033000","37","3","新北市","瑞芳區","121.840","25.105","107"
"201","395245","20220820033000","132","3","新北市","瑞芳區","121.855","25.105","208"
"132","395253","20220820033000","88","3","新北市","瑞芳區","121.915","25.120","122"
"332","395254","20220820033000","281","1","新北市","瑞芳區","121.915","25.125","287"
"264","395256","20220820033000","168","3","新北市","瑞芳區","121.795","25.110","260"
"12","395257","20220820033000","433","0","新北市","瑞芳區","121.800","25.110","11"
"49","395269","20220820033000","31","3","新北市","泰山區","121.385","25.065","28"
"386","395270","20220820033000","244","3","桃園市","龜山區","121.390","25.060","377"
"179","395273","20220820033000","164","1","新北市","泰山區","121.390","25.065","165"
"1515","395280","20220820033000","1629","0","新北市","淡水區","121.465","25.135","1485"
"10","395284","20220820033000","12","0","新北市","雙溪區","121.855","25.050","16"
"288","395287","20220820033000","236","2","新北市","雙溪區","121.850","25.055","295"
"3588","395319","20220820033000","3876","0","新北市","三重區","121.495","25.080","3563"
"1948","395320","20220820033000","2235","0","新北市","三重區","121.475","25.060","1938"
"730","395322","20220820033000","708","1","新北市","五股區","121.455","25.105","715"
"40","395323","20220820033000","46","0","新北市","五股區","121.450","25.110","44"
"41","395324","20220820033000","66","0","新北市","五股區","121.455","25.110","45"
"179","395329","20220820033000","722","0","新北市","五股區","121.445","25.105","169"
"34","395331","20220820033000","53","0","新北市","五股區","121.445","25.110","28"
"20","395344","20220820033000","105","0","新北市","八里區","121.375","25.140","16"
"277","395346","20220820033000","336","0","新北市","八里區","121.385","25.140","278"
"124","395349","20220820033000","86","2","新北市","瑞芳區","121.800","25.100","117"
"703","395350","20220820033000","715","0","新北市","瑞芳區","121.800","25.105","728"
"522","395351","20220820033000","429","2","新北市","瑞芳區","121.820","25.105","539"
"509","395356","20220820033000","714","0","新北市","汐止區","121.670","25.065","466"
"1084","395357","20220820033000","1233","0","新北市","汐止區","121.670","25.070","1124"
"746","395361","20220820033000","655","1","桃園市","蘆竹區","121.285","25.060","729"
"1147","395362","20220820033000","711","3","桃園市","蘆竹區","121.290","25.060","1181"
"32","395363","20220820033000","51","0","桃園市","蘆竹區","121.320","25.060","32"
"266","395367","20220820033000","212","2","桃園市","觀音區","121.140","25.065","245"
"702","395388","20220820033000","543","2","桃園市","蘆竹區","121.265","25.085","756"
"91","395395","20220820033000","99","0","桃園市","蘆竹區","121.265","25.095","84"
"553","395397","20220820033000","140","3","桃園市","蘆竹區","121.275","25.095","303"
"781","395400","20220820033000","582","2","桃園市","蘆竹區","121.260","25.100","803"
"16","395417","20220820033000","20","0","桃園市","蘆竹區","121.330","25.065","20"
"160","395420","20220820033000","91","3","桃園市","蘆竹區","121.325","25.065","161"
"82","395423","20220820033000","49","3","桃園市","蘆竹區","121.340","25.070","81"
"207","395424","20220820033000","161","2","桃園市","蘆竹區","121.345","25.065","214"
"12","395434","20220820033000","42","0","桃園市","蘆竹區","121.320","25.075","12"
"45","395436","20220820033000","34","2","桃園市","蘆竹區","121.330","25.075","43"
"139","395447","20220820033000","201","0","桃園市","蘆竹區","121.300","25.080","142"
"223","395448","20220820033000","188","1","桃園市","蘆竹區","121.305","25.080","219"
"53","395464","20220820033000","68","0","桃園市","蘆竹區","121.325","25.090","59"
"1193","395471","20220820033000","1003","1","桃園市","蘆竹區","121.280","25.085","1180"
"882","395473","20220820033000","670","2","桃園市","蘆竹區","121.290","25.085","902"
"13","395480","20220820033000","12","1","桃園市","蘆竹區","121.295","25.095","14"
"2838","395483","20220820033000","2811","1","新北市","蘆洲區","121.470","25.080","2762"
"4900","395484","20220820033000","4610","1","新北市","蘆洲區","121.465","25.080","4841"
"5106","395485","20220820033000","6057","0","新北市","三重區","121.485","25.085","5239"
"2676","395486","20220820033000","2754","0","新北市","蘆洲區","121.455","25.090","2753"
"1792","395487","20220820033000","2222","0","新北市","蘆洲區","121.475","25.080","1775"
"1291","395488","20220820033000","1193","1","新北市","汐止區","121.665","25.075","1227"
"661","395489","20220820033000","682","0","新北市","汐止區","121.650","25.060","618"
"3579","395490","20220820033000","2728","2","新北市","汐止區","121.655","25.060","3495"
"22","395491","20220820033000","16","2","新北市","汐止區","121.625","25.070","20"
"415","395492","20220820033000","362","1","新北市","汐止區","121.625","25.075","385"
"1642","395493","20220820033000","1504","1","新北市","汐止區","121.630","25.080","1690"
"403","395495","20220820033000","441","0","新北市","汐止區","121.650","25.080","391"
"1245","395499","20220820033000","1271","0","新北市","汐止區","121.645","25.090","1286"
"44","395501","20220820033000","36","2","新北市","汐止區","121.655","25.090","39"
"82","395508","20220820033000","346","0","新北市","汐止區","121.650","25.055","88"
"2723","395509","20220820033000","2618","1","新北市","汐止區","121.655","25.055","2749"
"708","395512","20220820033000","998","0","新北市","汐止區","121.655","25.065","707"
"30","395526","20220820033000","24","2","新北市","汐止區","121.715","25.055","25"
"167","395530","20220820033000","125","2","新北市","汐止區","121.700","25.060","170"
"1000","395539","20220820033000","1049","0","新北市","汐止區","121.635","25.055","972"
"2274","395541","20220820033000","2024","1","新北市","汐止區","121.635","25.060","2293"
"2382","395542","20220820033000","1662","2","新北市","汐止區","121.640","25.060","2403"
"2731","395544","20220820033000","2107","2","新北市","林口區","121.375","25.070","2846"
"1276","395546","20220820033000","858","2","新北市","林口區","121.400","25.075","1282"
"453","395548","20220820033000","340","2","新北市","林口區","121.400","25.080","448"
"101","395549","20220820033000","147","0","新北市","林口區","121.400","25.085","111"
"236","395550","20220820033000","227","1","新北市","林口區","121.405","25.085","247"
"25","395553","20220820033000","15","3","新北市","林口區","121.405","25.095","27"
"73","395555","20220820033000","181","0","新北市","林口區","121.405","25.100","74"
"68","395557","20220820033000","178","0","新北市","林口區","121.400","25.065","70"
"2742","395558","20220820033000","1856","2","新北市","林口區","121.390","25.075","2802"
"1208","395559","20220820033000","1054","1","新北市","林口區","121.395","25.075","1179"
"16","395560","20220820033000","12","2","新北市","林口區","121.385","25.090","15"
"778","395561","20220820033000","695","1","新北市","林口區","121.390","25.090","815"
"600","395565","20220820033000","589","1","新北市","林口區","121.385","25.100","616"
"86","395570","20220820033000","69","2","新北市","林口區","121.385","25.110","88"
"5244","395571","20220820033000","3410","3","新北市","林口區","121.375","25.075","5247"
"845","395572","20220820033000","1119","0","新北市","林口區","121.380","25.075","867"
"1876","395574","20220820033000","1794","1","新北市","林口區","121.370","25.080","1637"
"1645","395575","20220820033000","1210","2","新北市","林口區","121.375","25.080","1455"
"1596","395576","20220820033000","829","3","新北市","林口區","121.380","25.080","1507"
"886","395579","20220820033000","623","2","新北市","林口區","121.370","25.085","831"
"2379","395580","20220820033000","2290","1","新北市","林口區","121.375","25.085","2365"
"39","395587","20220820033000","33","1","新北市","林口區","121.365","25.110","30"
"17","395603","20220820033000","23","0","新北市","林口區","121.390","25.080","16"
"472","395604","20220820033000","378","2","新北市","林口區","121.385","25.085","463"
"687","395606","20220820033000","842","0","新北市","汐止區","121.655","25.070","673"
"1987","395607","20220820033000","1755","1","新北市","汐止區","121.660","25.070","2022"
"26","395616","20220820033000","20","2","桃園市","大園區","121.260","25.065","17"
"644","395617","20220820033000","551","1","新北市","汐止區","121.635","25.070","658"
"2728","395618","20220820033000","1806","3","新北市","汐止區","121.640","25.070","2773"
"651","395619","20220820033000","792","0","新北市","汐止區","121.640","25.075","629"
"2427","395622","20220820033000","1899","2","新北市","汐止區","121.640","25.080","2462"
"430","395623","20220820033000","478","0","新北市","汐止區","121.635","25.085","418"
"499","395625","20220820033000","609","0","新北市","汐止區","121.635","25.075","435"
"220","395628","20220820033000","207","1","新北市","汐止區","121.640","25.100","211"
"119","395641","20220820033000","73","3","新北市","汐止區","121.620","25.115","128"
"37","395643","20220820033000","56","0","新北市","汐止區","121.630","25.115","43"
"37","395653","20220820033000","29","2","新北市","汐止區","121.605","25.125","36"
"576","395667","20220820033000","334","3","新北市","汐止區","121.615","25.135","554"
"1626","395672","20220820033000","1532","1","新北市","淡水區","121.460","25.130","1583"
"2460","395673","20220820033000","3578","0","新北市","淡水區","121.460","25.135","2525"
"1986","395675","20220820033000","2597","0","新北市","淡水區","121.460","25.140","1916"
"1063","395676","20220820033000","887","1","新北市","淡水區","121.465","25.140","1067"
"1333","395691","20220820033000","1083","2","新北市","汐止區","121.675","25.065","1386"
"1353","395692","20220820033000","1572","0","新北市","汐止區","121.665","25.080","1421"
"308","395698","20220820033000","458","0","新北市","汐止區","121.670","25.075","293"
"641","395699","20220820033000","834","0","新北市","汐止區","121.675","25.075","621"
"370","395701","20220820033000","296","2","新北市","汐止區","121.610","25.105","394"
"143","395703","20220820033000","148","0","新北市","汐止區","121.605","25.110","125"
"1545","395715","20220820033000","1855","0","新北市","泰山區","121.430","25.060","1556"
"35","395716","20220820033000","793","0","新北市","泰山區","121.425","25.060","30"
"476","395717","20220820033000","1526","0","新北市","泰山區","121.425","25.065","498"
"3099","395718","20220820033000","3005","1","新北市","蘆洲區","121.480","25.090","3091"
"405","395719","20220820033000","503","0","新北市","蘆洲區","121.480","25.095","421"
"42","395724","20220820033000","22","3","桃園市","蘆竹區","121.300","25.100","40"
"162","395727","20220820033000","166","0","新北市","林口區","121.290","25.105","179"
"202","395732","20220820033000","200","1","新北市","林口區","121.315","25.105","184"
"26","395735","20220820033000","41","0","新北市","林口區","121.295","25.110","26"
"67","395748","20220820033000","63","1","新北市","林口區","121.295","25.115","58"
"119","395749","20220820033000","90","2","新北市","林口區","121.300","25.115","121"
"73","395752","20220820033000","59","2","新北市","林口區","121.295","25.120","64"
"2929","395755","20220820033000","2659","1","新北市","林口區","121.385","25.080","3018"
"946","395756","20220820033000","805","1","新北市","林口區","121.380","25.085","860"
"567","395757","20220820033000","537","1","新北市","林口區","121.375","25.090","558"
"3585","395768","20220820033000","3455","1","新北市","林口區","121.365","25.065","3563"
"3041","395769","20220820033000","2612","1","新北市","汐止區","121.665","25.070","3039"
"20","395773","20220820033000","17","1","新北市","汐止區","121.675","25.070","15"
"455","395774","20220820033000","453","1","新北市","汐止區","121.680","25.070","453"
"156","395775","20220820033000","190","0","新北市","汐止區","121.685","25.070","377"
"332","395777","20220820033000","632","0","新北市","汐止區","121.675","25.080","329"
"581","395784","20220820033000","454","2","新北市","汐止區","121.645","25.080","589"
"46","395791","20220820033000","117","0","新北市","汐止區","121.640","25.095","38"
"258","395805","20220820033000","524","0","新北市","林口區","121.390","25.070","230"
"880","395806","20220820033000","515","3","新北市","林口區","121.385","25.075","852"
"214","395809","20220820033000","115","3","新北市","林口區","121.345","25.085","169"
"11","395833","20220820033000","35","0","新北市","林口區","121.340","25.100","16"
"43","395837","20220820033000","23","3","新北市","林口區","121.330","25.105","30"
"2642","395840","20220820033000","2304","1","桃園市","龜山區","121.375","25.065","2511"
"1328","395843","20220820033000","892","2","新北市","林口區","121.360","25.065","1180"
"295","395844","20220820033000","173","3","新北市","林口區","121.350","25.070","304"
"1668","395846","20220820033000","1154","2","新北市","林口區","121.360","25.070","1606"
"4223","395847","20220820033000","3438","2","新北市","林口區","121.370","25.070","4112"
"65","395848","20220820033000","43","3","新北市","林口區","121.345","25.075","65"
"1698","395850","20220820033000","1148","2","新北市","林口區","121.355","25.075","1383"
"2128","395853","20220820033000","1411","3","新北市","林口區","121.370","25.075","2003"
"395","395858","20220820033000","241","3","新北市","林口區","121.345","25.100","267"
"56","395862","20220820033000","69","0","新北市","林口區","121.340","25.105","63"
"80","395869","20220820033000","58","2","新北市","林口區","121.340","25.110","75"
"106","395881","20220820033000","77","2","新北市","林口區","121.320","25.115","100"
"11","395883","20220820033000","11","1","新北市","林口區","121.330","25.115","11"
"85","395900","20220820033000","62","2","新北市","林口區","121.345","25.125","88"
"6479","395909","20220820033000","6205","1","新北市","蘆洲區","121.480","25.080","6337"
"193","395910","20220820033000","305","0","新北市","蘆洲區","121.455","25.085","192"
"2901","395911","20220820033000","2582","1","新北市","林口區","121.365","25.070","2966"
"57","395949","20220820033000","46","2","新北市","平溪區","121.790","25.070","59"
"538","395961","20220820033000","587","0","新北市","汐止區","121.630","25.055","566"
"682","395962","20220820033000","654","1","新北市","汐止區","121.625","25.060","734"
"992","395965","20220820033000","1106","0","新北市","蘆洲區","121.470","25.075","1005"
"2004","395966","20220820033000","1914","1","桃園市","龜山區","121.370","25.060","1874"
"1203","395968","20220820033000","1058","1","桃園市","龜山區","121.380","25.060","1185"
"579","395969","20220820033000","436","2","桃園市","龜山區","121.375","25.060","604"
"4941","395972","20220820033000","5431","0","臺北市","中山區","121.530","25.060","4898"
"762","395973","20220820033000","966","0","桃園市","大園區","121.245","25.105","729"
"12","395977","20220820033000","13","0","桃園市","大園區","121.250","25.110","11"
"534","395980","20220820033000","584","0","桃園市","大園區","121.180","25.065","530"
"905","395981","20220820033000","940","0","桃園市","大園區","121.190","25.060","904"
"275","395982","20220820033000","355","0","桃園市","大園區","121.195","25.060","250"
"249","395983","20220820033000","274","0","桃園市","大園區","121.185","25.065","245"
"733","395984","20220820033000","666","1","桃園市","大園區","121.190","25.065","742"
"472","395990","20220820033000","419","1","桃園市","大園區","121.250","25.095","454"
"66","395992","20220820033000","102","0","桃園市","大園區","121.235","25.100","66"
"958","395998","20220820033000","1040","0","桃園市","大園區","121.260","25.070","976"
"707","395999","20220820033000","799","0","桃園市","大園區","121.255","25.075","720"
"2498","396009","20220820033000","2516","0","臺北市","中山區","121.530","25.070","2408"
"2586","396012","20220820033000","3538","0","臺北市","中山區","121.530","25.065","2449"
"3693","396013","20220820033000","4116","0","臺北市","中山區","121.540","25.060","3692"
"384","396014","20220820033000","383","1","臺北市","中山區","121.555","25.075","386"
"1442","396015","20220820033000","1798","0","臺北市","中山區","121.550","25.080","1498"
"2467","396016","20220820033000","1761","2","臺北市","中山區","121.555","25.080","2501"
"1338","396018","20220820033000","1286","1","臺北市","中山區","121.525","25.080","1320"
"65","396020","20220820033000","88","0","臺北市","中山區","121.535","25.080","73"
"935","396021","20220820033000","935","1","臺北市","中山區","121.540","25.080","942"
"119","396022","20220820033000","203","0","臺北市","中山區","121.535","25.085","119"
"3135","396025","20220820033000","3011","1","新北市","蘆洲區","121.480","25.085","3159"
"888","396033","20220820033000","1318","0","新北市","泰山區","121.420","25.065","887"
"276","396035","20220820033000","302","0","新北市","泰山區","121.440","25.065","276"
"55","396038","20220820033000","73","0","新北市","泰山區","121.410","25.070","60"
"64","396040","20220820033000","114","0","新北市","淡水區","121.460","25.145","59"
"2097","396044","20220820033000","2458","0","臺北市","大同區","121.510","25.065","2116"
"1493","396045","20220820033000","1599","0","臺北市","大同區","121.515","25.075","1525"
"3080","396046","20220820033000","2737","1","臺北市","大同區","121.510","25.060","3141"
"3938","396047","20220820033000","3710","1","臺北市","松山區","121.545","25.060","3796"
"4948","396048","20220820033000","5992","0","臺北市","中山區","121.525","25.060","4674"
"2126","396049","20220820033000","2589","0","新北市","蘆洲區","121.460","25.080","2027"
"3098","396050","20220820033000","2595","1","新北市","蘆洲區","121.475","25.085","3087"
"501","396053","20220820033000","441","1","新北市","貢寮區","121.920","25.050","554"
"115","396054","20220820033000","72","3","新北市","貢寮區","121.925","25.050","113"
"32","396057","20220820033000","29","1","新北市","貢寮區","121.900","25.050","36"
"32","396059","20220820033000","33","0","新北市","貢寮區","121.890","25.055","38"
"73","396074","20220820033000","54","2","新北市","貢寮區","121.900","25.065","116"
"605","396088","20220820033000","391","3","新北市","瑞芳區","121.805","25.110","636"
"173","396089","20220820033000","86","3","新北市","瑞芳區","121.810","25.110","169"
"710","396099","20220820033000","1292","0","桃園市","龜山區","121.385","25.060","656"
"1446","396100","20220820033000","1990","0","臺北市","中山區","121.540","25.055","1437"
"1702","396101","20220820033000","2084","0","臺北市","松山區","121.540","25.070","1741"
"872","396102","20220820033000","1145","0","臺北市","中山區","121.535","25.070","822"
"625","396103","20220820033000","351","3","臺北市","內湖區","121.615","25.075","630"
"3869","396104","20220820033000","3970","0","臺北市","內湖區","121.610","25.070","3933"
"3294","396105","20220820033000","3297","0","臺北市","北投區","121.500","25.140","3189"
"1670","396106","20220820033000","2330","0","臺北市","北投區","121.505","25.140","1650"
"418","396112","20220820033000","307","2","臺北市","北投區","121.485","25.115","293"
"39","396118","20220820033000","43","0","臺北市","北投區","121.485","25.120","30"
"1452","396121","20220820033000","1564","0","臺北市","北投區","121.500","25.120","1529"
"3033","396123","20220820033000","2052","2","臺北市","北投區","121.500","25.125","3099"
"3201","396124","20220820033000","3261","0","臺北市","北投區","121.510","25.115","3347"
"2633","396126","20220820033000","3155","0","臺北市","中山區","121.535","25.065","2613"
"1752","396127","20220820033000","1997","0","臺北市","中山區","121.550","25.085","1777"
"515","396128","20220820033000","861","0","臺北市","中山區","121.555","25.085","526"
"1960","396130","20220820033000","2351","0","新北市","三重區","121.505","25.065","1981"
"1864","396131","20220820033000","2631","0","臺北市","中山區","121.525","25.070","1891"
"1894","396132","20220820033000","1891","1","新北市","三重區","121.505","25.070","1879"
"238","396133","20220820033000","125","3","桃園市","蘆竹區","121.280","25.065","193"
"1152","396134","20220820033000","858","2","桃園市","蘆竹區","121.285","25.065","1232"
"619","396135","20220820033000","360","3","桃園市","蘆竹區","121.290","25.065","646"
"376","396136","20220820033000","321","1","桃園市","蘆竹區","121.275","25.070","414"
"349","396144","20220820033000","492","0","桃園市","龜山區","121.355","25.060","361"
"2164","396145","20220820033000","2478","0","桃園市","龜山區","121.365","25.060","2141"
"105","396146","20220820033000","96","1","桃園市","蘆竹區","121.340","25.065","95"
"322","396149","20220820033000","312","1","新北市","林口區","121.355","25.065","352"
"168","396150","20220820033000","147","1","桃園市","龜山區","121.355","25.055","115"
"793","396151","20220820033000","777","1","新北市","林口區","121.370","25.065","748"
"4238","396157","20220820033000","4584","0","臺北市","內湖區","121.620","25.070","4255"
"3896","396158","20220820033000","3763","1","臺北市","內湖區","121.595","25.080","3929"
"298","396159","20220820033000","538","0","臺北市","內湖區","121.600","25.080","300"
"29","396164","20220820033000","54","0","臺北市","北投區","121.505","25.150","41"
"789","396165","20220820033000","418","3","臺北市","北投區","121.505","25.125","780"
"1465","396166","20220820033000","823","3","臺北市","北投區","121.510","25.125","1462"
"1585","396168","20220820033000","1344","1","臺北市","北投區","121.505","25.130","1513"
"286","396170","20220820033000","360","0","臺北市","北投區","121.515","25.130","281"
"31","396172","20220820033000","35","0","臺北市","北投區","121.510","25.105","35"
"270","396173","20220820033000","301","0","臺北市","北投區","121.505","25.110","284"
"975","396175","20220820033000","1091","0","臺北市","南港區","121.595","25.055","955"
"675","396176","20220820033000","792","0","臺北市","南港區","121.600","25.050","707"
"908","396177","20220820033000","1117","0","臺北市","南港區","121.590","25.055","914"
"3279","396178","20220820033000","3264","1","臺北市","內湖區","121.595","25.060","3224"
"387","396179","20220820033000","625","0","臺北市","內湖區","121.600","25.060","400"
"58","396189","20220820033000","37","3","新北市","雙溪區","121.880","25.060","69"
"12","396205","20220820033000","11","1","新北市","雙溪區","121.845","25.060","13"
"51","396219","20220820033000","41","2","新北市","雙溪區","121.850","25.075","37"
"2739","396233","20220820033000","2327","1","桃園市","龜山區","121.360","25.060","2793"
"403","396237","20220820033000","503","0","臺北市","士林區","121.545","25.100","400"
"724","396238","20220820033000","653","1","臺北市","士林區","121.550","25.100","710"
"81","396243","20220820033000","100","0","臺北市","士林區","121.560","25.105","90"
"1520","396246","20220820033000","1366","1","臺北市","士林區","121.535","25.105","1465"
"68","396247","20220820033000","193","0","臺北市","士林區","121.545","25.110","71"
"918","396248","20220820033000","987","0","臺北市","士林區","121.535","25.110","921"
"62","396249","20220820033000","74","0","臺北市","士林區","121.550","25.115","62"
"18","396253","20220820033000","15","2","臺北市","士林區","121.570","25.135","18"
"37","396255","20220820033000","32","1","臺北市","士林區","121.560","25.140","61"
"30","396258","20220820033000","63","0","臺北市","士林區","121.555","25.145","39"
"72","396259","20220820033000","111","0","臺北市","士林區","121.560","25.145","83"
"224","396260","20220820033000","223","1","臺北市","士林區","121.565","25.145","227"
"142","396262","20220820033000","185","0","臺北市","士林區","121.555","25.150","154"
"78","396263","20220820033000","98","0","臺北市","士林區","121.560","25.150","89"
"2391","396266","20220820033000","2477","0","臺北市","士林區","121.510","25.085","2437"
"3316","396267","20220820033000","4463","0","臺北市","北投區","121.520","25.110","3257"
"1684","396268","20220820033000","1500","1","臺北市","北投區","121.520","25.115","1660"
"1311","396269","20220820033000","1386","0","臺北市","北投區","121.520","25.105","1353"
"1570","396270","20220820033000","2135","0","臺北市","士林區","121.525","25.100","1505"
"23","396271","20220820033000","31","0","臺北市","士林區","121.545","25.130","21"
"642","396273","20220820033000","1474","0","臺北市","士林區","121.540","25.135","602"
"199","396274","20220820033000","214","0","臺北市","士林區","121.545","25.135","210"
"1180","396276","20220820033000","1595","0","臺北市","士林區","121.545","25.140","1228"
"239","396278","20220820033000","160","2","臺北市","士林區","121.550","25.145","233"
"1453","396280","20220820033000","1387","1","臺北市","士林區","121.530","25.100","1415"
"783","396281","20220820033000","1142","0","臺北市","士林區","121.535","25.100","814"
"598","396282","20220820033000","563","1","臺北市","士林區","121.530","25.085","589"
"27","396283","20220820033000","25","1","臺北市","士林區","121.530","25.090","26"
"1107","396285","20220820033000","1263","0","臺北市","士林區","121.530","25.095","1094"
"409","396286","20220820033000","563","0","臺北市","士林區","121.535","25.095","384"
"2022","396289","20220820033000","2095","0","臺北市","士林區","121.520","25.080","1963"
"1630","396290","20220820033000","1540","1","臺北市","士林區","121.525","25.085","1651"
"373","396294","20220820033000","454","0","臺北市","士林區","121.565","25.105","370"
"2109","396296","20220820033000","2222","0","臺北市","內湖區","121.575","25.075","2192"
"1156","396297","20220820033000","1155","1","臺北市","內湖區","121.575","25.085","1176"
"1424","396299","20220820033000","1387","1","臺北市","北投區","121.495","25.145","1487"
"3773","396301","20220820033000","4213","0","臺北市","士林區","121.525","25.115","3815"
"828","396302","20220820033000","965","0","臺北市","內湖區","121.575","25.055","915"
"448","396303","20220820033000","558","0","臺北市","內湖區","121.575","25.060","396"
"274","396304","20220820033000","314","0","臺北市","內湖區","121.585","25.055","274"
"695","396305","20220820033000","896","0","臺北市","內湖區","121.580","25.065","705"
"284","396306","20220820033000","302","0","臺北市","內湖區","121.575","25.065","268"
"649","396307","20220820033000","687","0","臺北市","內湖區","121.575","25.070","611"
"542","396308","20220820033000","734","0","臺北市","內湖區","121.585","25.065","590"
"247","396309","20220820033000","400","0","臺北市","中山區","121.570","25.075","238"
"1187","396310","20220820033000","1152","1","臺北市","內湖區","121.580","25.070","1210"
"127","396311","20220820033000","98","2","臺北市","內湖區","121.585","25.080","120"
"3027","396312","20220820033000","3032","0","臺北市","內湖區","121.590","25.080","3076"
"754","396313","20220820033000","818","0","臺北市","內湖區","121.585","25.085","758"
"615","396314","20220820033000","634","0","臺北市","內湖區","121.595","25.065","603"
"1118","396315","20220820033000","1324","0","臺北市","內湖區","121.600","25.065","1133"
"1009","396316","20220820033000","1835","0","臺北市","內湖區","121.595","25.070","967"
"1050","396317","20220820033000","1106","0","臺北市","內湖區","121.600","25.070","1023"
"148","396318","20220820033000","137","1","桃園市","大園區","121.200","25.060","135"
"260","396320","20220820033000","238","1","桃園市","大園區","121.200","25.065","269"
"280","396322","20220820033000","231","2","桃園市","大園區","121.200","25.070","320"
"88","396333","20220820033000","177","0","桃園市","大園區","121.230","25.095","100"
"128","396335","20220820033000","84","3","桃園市","大園區","121.210","25.100","137"
"260","396349","20220820033000","197","2","桃園市","大園區","121.230","25.110","280"
"1927","396355","20220820033000","1827","1","臺北市","北投區","121.505","25.120","1909"
"2799","396356","20220820033000","2773","1","臺北市","北投區","121.510","25.120","2741"
"401","396357","20220820033000","444","0","臺北市","北投區","121.510","25.135","451"
"725","396358","20220820033000","462","3","臺北市","北投區","121.515","25.135","646"
"281","396360","20220820033000","196","2","臺北市","北投區","121.510","25.140","285"
"224","396361","20220820033000","594","0","臺北市","北投區","121.515","25.140","270"
"123","396363","20220820033000","140","0","臺北市","北投區","121.525","25.145","124"
"869","396366","20220820033000","1012","0","臺北市","北投區","121.485","25.135","964"
"1928","396368","20220820033000","1548","2","臺北市","北投區","121.485","25.140","1950"
"2625","396370","20220820033000","2688","0","臺北市","士林區","121.525","25.105","2510"
"3477","396371","20220820033000","3745","0","臺北市","士林區","121.530","25.105","3487"
"2719","396372","20220820033000","2765","0","臺北市","北投區","121.515","25.110","2545"
"2024","396373","20220820033000","2292","0","臺北市","士林區","121.520","25.100","1988"
"1488","396376","20220820033000","2524","0","臺北市","士林區","121.530","25.125","1528"
"560","396377","20220820033000","717","0","臺北市","北投區","121.525","25.130","528"
"985","396378","20220820033000","1001","0","臺北市","北投區","121.530","25.130","950"
"30","396380","20220820033000","34","0","臺北市","士林區","121.530","25.135","30"
"2348","396382","20220820033000","2710","0","臺北市","北投區","121.515","25.115","2396"
"564","396383","20220820033000","1084","0","臺北市","北投區","121.515","25.120","608"
"1713","396384","20220820033000","1806","0","臺北市","北投區","121.520","25.120","1674"
"3914","396385","20220820033000","3692","1","臺北市","北投區","121.525","25.120","3895"
"402","396395","20220820033000","428","0","臺北市","松山區","121.545","25.070","418"
"255","396397","20220820033000","186","2","臺北市","中山區","121.540","25.065","255"
"851","396398","20220820033000","718","1","臺北市","中山區","121.535","25.075","841"
"716","396399","20220820033000","516","2","臺北市","松山區","121.550","25.075","759"
"2586","396400","20220820033000","2896","0","臺北市","中山區","121.545","25.080","2611"
"675","396401","20220820033000","781","0","臺北市","中山區","121.545","25.085","666"
"1377","396404","20220820033000","1233","1","臺北市","北投區","121.495","25.140","1423"
"889","396405","20220820033000","2269","0","臺北市","北投區","121.515","25.105","964"
"4829","396406","20220820033000","5788","0","臺北市","中山區","121.525","25.065","4758"
"3578","396407","20220820033000","4414","0","臺北市","士林區","121.535","25.115","3548"
"1154","396408","20220820033000","1677","0","臺北市","士林區","121.525","25.090","1154"
"1081","396409","20220820033000","828","2","臺北市","士林區","121.560","25.115","1059"
"392","396410","20220820033000","475","0","臺北市","士林區","121.560","25.120","399"
"178","396412","20220820033000","164","1","臺北市","士林區","121.560","25.125","174"
"178","396416","20220820033000","249","0","臺北市","士林區","121.560","25.135","181"
"4081","396417","20220820033000","5114","0","臺北市","士林區","121.520","25.085","4397"
"2437","396418","20220820033000","3114","0","臺北市","內湖區","121.580","25.080","2520"
"1094","396419","20220820033000","1072","1","臺北市","內湖區","121.580","25.085","1100"
"379","396422","20220820033000","426","0","桃園市","大園區","121.240","25.065","361"
"18","396424","20220820033000","12","3","桃園市","大園區","121.250","25.065","18"
"21","396433","20220820033000","196","0","桃園市","大園區","121.255","25.070","29"
"278","396435","20220820033000","255","1","桃園市","大園區","121.185","25.070","293"
"391","396436","20220820033000","340","1","桃園市","大園區","121.190","25.070","366"
"904","396438","20220820033000","658","2","桃園市","大園區","121.175","25.075","902"
"375","396439","20220820033000","456","0","桃園市","大園區","121.180","25.075","379"
"488","396440","20220820033000","437","1","桃園市","大園區","121.185","25.075","497"
"123","396443","20220820033000","132","0","桃園市","大園區","121.180","25.080","113"
"308","396447","20220820033000","244","2","桃園市","大園區","121.185","25.085","314"
"402","396462","20220820033000","295","2","桃園市","大園區","121.160","25.075","406"
"308","396471","20220820033000","212","2","桃園市","大園區","121.165","25.060","291"
"361","396472","20220820033000","258","2","桃園市","大園區","121.170","25.060","385"
"702","396473","20220820033000","936","0","桃園市","大園區","121.175","25.060","673"
"590","396496","20220820033000","552","1","桃園市","大園區","121.210","25.060","636"
"106","396505","20220820033000","67","3","桃園市","大園區","121.220","25.070","86"
"967","396517","20220820033000","725","2","桃園市","大園區","121.230","25.075","951"
"72","396518","20220820033000","97","0","桃園市","大園區","121.235","25.075","69"
"356","396524","20220820033000","318","1","桃園市","大園區","121.235","25.080","359"
"324","396531","20220820033000","305","1","桃園市","大園區","121.240","25.085","315"
"153","396532","20220820033000","104","2","桃園市","大園區","121.245","25.085","167"
"631","396533","20220820033000","633","0","桃園市","大園區","121.250","25.085","644"
"543","396537","20220820033000","214","3","桃園市","大園區","121.245","25.090","556"
"421","396541","20220820033000","395","1","桃園市","大園區","121.240","25.100","424"
"1447","396542","20220820033000","1301","1","桃園市","大園區","121.195","25.065","1273"
"1869","396543","20220820033000","1636","1","桃園市","大園區","121.195","25.070","1899"
"116","396549","20220820033000","253","0","桃園市","大園區","121.235","25.065","117"
"255","396555","20220820033000","300","0","桃園市","大園區","121.200","25.085","277"
"223","396560","20220820033000","235","0","桃園市","大園區","121.225","25.090","229"
"2989","396561","20220820033000","3567","0","臺北市","士林區","121.520","25.095","3103"
"764","396562","20220820033000","1078","0","臺北市","南港區","121.600","25.055","744"
"3110","396563","20220820033000","3276","0","臺北市","南港區","121.605","25.055","3077"
"38","396564","20220820033000","40","0","臺北市","內湖區","121.615","25.080","44"
"1501","396567","20220820033000","2079","0","臺北市","內湖區","121.615","25.070","1536"
"2522","396568","20220820033000","2922","0","臺北市","內湖區","121.590","25.065","2445"
"68","396569","20220820033000","62","1","臺北市","內湖區","121.585","25.070","60"
"1829","396570","20220820033000","1371","2","臺北市","內湖區","121.590","25.070","1792"
"282","396571","20220820033000","449","0","臺北市","北投區","121.500","25.145","296"
"820","396572","20220820033000","899","0","臺北市","內湖區","121.620","25.075","807"
"219","396574","20220820033000","187","1","新北市","汐止區","121.625","25.080","201"
"109","396576","20220820033000","93","1","臺北市","內湖區","121.625","25.085","105"
"19","396587","20220820033000","37","0","臺北市","內湖區","121.610","25.100","20"
"1042","396590","20220820033000","1208","0","臺北市","內湖區","121.610","25.065","1039"
"441","396592","20220820033000","519","0","臺北市","內湖區","121.605","25.085","411"
"1121","396594","20220820033000","1417","0","臺北市","內湖區","121.600","25.090","1105"
"15","396599","20220820033000","14","1","臺北市","內湖區","121.605","25.095","16"
"2808","396603","20220820033000","3053","0","臺北市","北投區","121.500","25.130","2795"
"695","396604","20220820033000","699","0","新北市","汐止區","121.620","25.055","714"
"3165","396605","20220820033000","3654","0","臺北市","士林區","121.505","25.085","3134"
"1193","396606","20220820033000","1562","0","臺北市","士林區","121.515","25.085","1159"
"965","396607","20220820033000","1061","0","臺北市","內湖區","121.590","25.085","962"
"2081","396608","20220820033000","2047","1","臺北市","內湖區","121.595","25.085","2107"
"2236","396609","20220820033000","1839","2","臺北市","內湖區","121.575","25.080","2205"
"1286","396611","20220820033000","1354","0","臺北市","北投區","121.470","25.125","1191"
"179","396612","20220820033000","297","0","臺北市","北投區","121.475","25.125","199"
"1601","396615","20220820033000","1873","0","臺北市","北投區","121.465","25.130","1580"
"768","396616","20220820033000","837","0","臺北市","北投區","121.470","25.130","853"
"140","396617","20220820033000","160","0","臺北市","北投區","121.475","25.130","114"
"1044","396619","20220820033000","1319","0","臺北市","北投區","121.470","25.135","1019"
"66","396620","20220820033000","45","2","臺北市","北投區","121.475","25.135","56"
"13","396621","20220820033000","17","0","臺北市","北投區","121.475","25.140","14"
"86","396622","20220820033000","91","0","臺北市","南港區","121.610","25.055","88"
"638","396623","20220820033000","588","1","臺北市","內湖區","121.605","25.065","623"
"3979","396624","20220820033000","4780","0","臺北市","中山區","121.520","25.060","3977"
"148","396625","20220820033000","267","0","臺北市","中山區","121.530","25.075","131"
"398","396626","20220820033000","554","0","臺北市","內湖區","121.570","25.065","397"
"903","396628","20220820033000","990","0","臺北市","松山區","121.550","25.070","899"
"139","396629","20220820033000","208","0","臺北市","松山區","121.555","25.070","134"
"145","396630","20220820033000","144","1","臺北市","松山區","121.560","25.070","139"
"120","396633","20220820033000","2103","0","臺北市","松山區","121.555","25.055","108"
"2357","396634","20220820033000","4602","0","臺北市","松山區","121.570","25.055","2362"
"2051","396635","20220820033000","1962","1","臺北市","士林區","121.530","25.115","1995"
"15","396636","20220820033000","286","0","臺北市","士林區","121.495","25.095","22"
"1507","396637","20220820033000","1588","0","臺北市","士林區","121.500","25.095","1570"
"241","396639","20220820033000","284","0","臺北市","士林區","121.490","25.100","244"
"104","396643","20220820033000","112","0","臺北市","士林區","121.480","25.110","112"
"243","396644","20220820033000","288","0","臺北市","士林區","121.495","25.110","258"
"2422","396647","20220820033000","3086","0","臺北市","松山區","121.550","25.060","2405"
"3245","396648","20220820033000","3806","0","臺北市","松山區","121.555","25.060","3251"
"346","396649","20220820033000","400","0","臺北市","松山區","121.560","25.065","334"
"1480","396650","20220820033000","1886","0","臺北市","松山區","121.555","25.065","1504"
"1076","396651","20220820033000","1096","0","臺北市","中山區","121.545","25.075","1074"
"48","396655","20220820033000","158","0","臺北市","內湖區","121.605","25.080","50"
"2778","396656","20220820033000","1998","2","臺北市","內湖區","121.600","25.085","2766"
"3717","396657","20220820033000","2859","2","臺北市","松山區","121.550","25.065","3716"
"1265","396658","20220820033000","1449","0","臺北市","松山區","121.545","25.065","1328"
"3318","396659","20220820033000","3947","0","臺北市","松山區","121.565","25.055","3214"
"3773","396660","20220820033000","3936","0","臺北市","松山區","121.560","25.060","3748"
"274","396661","20220820033000","1251","0","臺北市","內湖區","121.570","25.060","272"
"2281","396662","20220820033000","2471","0","臺北市","松山區","121.565","25.060","2241"
"219","396663","20220820033000","234","0","臺北市","中山區","121.560","25.075","217"
"54","396665","20220820033000","45","2","臺北市","松山區","121.570","25.070","45"
"2468","396666","20220820033000","2766","0","臺北市","中山區","121.560","25.080","2414"
"3665","396667","20220820033000","4732","0","臺北市","松山區","121.550","25.055","3606"
"419","396669","20220820033000","590","0","臺北市","士林區","121.535","25.125","408"
"91","396672","20220820033000","132","0","臺北市","士林區","121.535","25.135","90"
"4395","396674","20220820033000","3448","2","臺北市","士林區","121.530","25.120","4212"
"5059","396675","20220820033000","5281","0","臺北市","士林區","121.530","25.110","5073"
"1891","396676","20220820033000","3862","0","臺北市","松山區","121.545","25.055","1831"
"3679","396677","20220820033000","3302","1","臺北市","松山區","121.560","25.055","3762"
"3008","396678","20220820033000","3421","0","臺北市","內湖區","121.580","25.075","2883"
"746","396680","20220820033000","1122","0","臺北市","內湖區","121.590","25.060","771"
"3593","396683","20220820033000","3177","1","臺北市","內湖區","121.590","25.090","3564"
"100","396684","20220820033000","19","3","臺北市","內湖區","121.595","25.090","76"
"63","396688","20220820033000","137","0","臺北市","內湖區","121.590","25.100","56"
"92","396690","20220820033000","136","0","臺北市","內湖區","121.580","25.105","93"
"111","396693","20220820033000","105","1","臺北市","內湖區","121.595","25.105","116"
"2052","396701","20220820033000","3160","0","臺北市","北投區","121.495","25.135","2158"
"276","396703","20220820033000","245","1","臺北市","北投區","121.505","25.100","283"
"187","396707","20220820033000","225","0","臺北市","北投區","121.500","25.110","190"
"43","396710","20220820033000","40","1","臺北市","北投區","121.530","25.140","38"
"89","396716","20220820033000","110","0","臺北市","北投區","121.535","25.150","96"
"382","396719","20220820033000","446","0","臺北市","士林區","121.555","25.115","369"
"178","396722","20220820033000","213","0","臺北市","士林區","121.550","25.125","193"
"2215","396727","20220820033000","2365","0","臺北市","士林區","121.510","25.080","2243"
"168","396731","20220820033000","268","0","臺北市","士林區","121.480","25.105","162"
"487","396732","20220820033000","354","2","臺北市","士林區","121.485","25.105","486"
"177","396735","20220820033000","586","0","臺北市","北投區","121.470","25.110","155"
"115","396737","20220820033000","115","1","臺北市","士林區","121.485","25.110","127"
"40","396739","20220820033000","35","1","臺北市","士林區","121.460","25.110","56"
"3762","396740","20220820033000","3467","1","臺北市","大同區","121.515","25.060","3679"
"2157","396741","20220820033000","2580","0","臺北市","中山區","121.520","25.065","2104"
"927","396742","20220820033000","1306","0","臺北市","內湖區","121.615","25.065","911"
"2778","396743","20220820033000","2520","1","臺北市","內湖區","121.605","25.070","2723"
"490","396744","20220820033000","392","2","臺北市","內湖區","121.605","25.075","518"
"2719","396745","20220820033000","2790","0","臺北市","內湖區","121.610","25.075","2693"
"859","396746","20220820033000","689","2","臺北市","內湖區","121.585","25.090","881"
"1347","396754","20220820033000","1263","1","臺北市","南港區","121.610","25.060","1311"
"605","396755","20220820033000","684","0","臺北市","南港區","121.620","25.060","645"
"1940","396756","20220820033000","2257","0","臺北市","南港區","121.615","25.060","1943"
"3395","396758","20220820033000","3248","1","臺北市","南港區","121.615","25.055","3350"
"2045","396759","20220820033000","1699","2","臺北市","北投區","121.505","25.145","2058"
"426","396762","20220820033000","579","0","臺北市","北投區","121.465","25.115","429"
"3099","396765","20220820033000","2405","2","臺北市","北投區","121.465","25.120","2980"
"764","396766","20220820033000","835","0","臺北市","北投區","121.470","25.120","752"
"2167","396767","20220820033000","2211","0","臺北市","士林區","121.525","25.095","2217"
"2056","396768","20220820033000","1629","2","臺北市","士林區","121.505","25.090","2011"
"1945","396769","20220820033000","1275","3","臺北市","士林區","121.510","25.090","1955"
"644","396771","20220820033000","810","0","新北市","三重區","121.500","25.075","684"
"3382","396773","20220820033000","3689","0","臺北市","內湖區","121.585","25.075","3318"
"1572","396774","20220820033000","1538","1","臺北市","內湖區","121.590","25.075","1544"
"1084","396775","20220820033000","1047","1","臺北市","內湖區","121.595","25.075","1103"
"828","396776","20220820033000","1094","0","臺北市","內湖區","121.600","25.075","856"
"3646","396777","20220820033000","4368","0","臺北市","中山區","121.535","25.060","3577"
"1660","396778","20220820033000","2114","0","臺北市","大同區","121.515","25.070","1689"
"1770","396779","20220820033000","2151","0","臺北市","大同區","121.515","25.065","1736"
"2711","396781","20220820033000","3416","0","臺北市","北投區","121.510","25.110","2806"
"1639","396785","20220820033000","1870","0","臺北市","北投區","121.490","25.145","1621"
"2111","396788","20220820033000","2689","0","臺北市","北投區","121.505","25.115","2408"
"472","396789","20220820033000","492","0","臺北市","北投區","121.515","25.100","463"
"2019","396790","20220820033000","2648","0","臺北市","士林區","121.525","25.110","2017"
"1303","396791","20220820033000","1212","1","臺北市","中山區","121.520","25.070","1340"
"1753","396792","20220820033000","1769","0","臺北市","大同區","121.520","25.075","1830"
"15","396793","20220820033000","521","0","臺北市","士林區","121.515","25.080","12"
"428","396794","20220820033000","546","0","臺北市","內湖區","121.605","25.060","431"
"2238","396798","20220820033000","2039","1","臺北市","內湖區","121.585","25.060","2085"
"3781","396799","20220820033000","3776","1","臺北市","北投區","121.505","25.135","3784"
"28","396802","20220820033000","44","0","臺北市","士林區","121.575","25.120","34"
"15","396803","20220820033000","20","0","臺北市","士林區","121.570","25.125","15"
"238","396804","20220820033000","179","2","臺北市","士林區","121.575","25.125","229"
"18","396806","20220820033000","26","0","臺北市","士林區","121.570","25.130","20"
"199","396807","20220820033000","308","0","臺北市","士林區","121.575","25.130","191"
"29","396809","20220820033000","29","1","臺北市","士林區","121.575","25.135","29"
"55","396812","20220820033000","51","1","臺北市","士林區","121.580","25.140","53"
"549","396819","20220820033000","583","0","臺北市","士林區","121.515","25.090","563"
"4139","396820","20220820033000","4294","0","臺北市","士林區","121.520","25.090","4744"
"1126","396821","20220820033000","1060","1","臺北市","士林區","121.515","25.095","1145"
"2630","396822","20220820033000","2223","1","臺北市","北投區","121.500","25.135","2682"
"1416","396823","20220820033000","1159","2","臺北市","士林區","121.525","25.075","1376"
"1010","396824","20220820033000","1394","0","臺北市","士林區","121.540","25.110","990"
"530","396826","20220820033000","406","2","臺北市","士林區","121.545","25.115","541"
"222","396828","20220820033000","197","1","臺北市","士林區","121.540","25.125","233"
"851","396831","20220820033000","795","1","臺北市","士林區","121.505","25.095","847"
"980","396832","20220820033000","372","3","臺北市","士林區","121.540","25.095","962"
"515","396833","20220820033000","494","1","臺北市","士林區","121.545","25.105","513"
"238","396834","20220820033000","285","0","臺北市","士林區","121.540","25.105","251"
"108","396839","20220820033000","101","1","臺北市","士林區","121.560","25.110","119"
"54","396841","20220820033000","43","2","臺北市","士林區","121.570","25.110","49"
"100","396848","20220820033000","92","1","臺北市","士林區","121.580","25.115","101"
"60","396852","20220820033000","57","1","臺北市","士林區","121.580","25.120","65"
"75","396853","20220820033000","96","0","臺北市","士林區","121.585","25.120","72"
"263","396856","20220820033000","188","2","新北市","汐止區","121.600","25.120","271"
"1619","396878","20220820033000","1987","0","臺北市","內湖區","121.580","25.055","1612"
"2438","396879","20220820033000","2374","1","臺北市","內湖區","121.580","25.060","2512"
"751","396880","20220820033000","1122","0","臺北市","內湖區","121.565","25.090","731"
"2588","396884","20220820033000","3013","0","臺北市","內湖區","121.565","25.080","2580"
"1205","396885","20220820033000","1226","0","臺北市","內湖區","121.560","25.085","1236"
"3097","396886","20220820033000","2914","1","臺北市","內湖區","121.565","25.085","3167"
"715","396888","20220820033000","712","1","臺北市","內湖區","121.560","25.090","792"
"1371","396890","20220820033000","1459","0","臺北市","內湖區","121.570","25.080","1444"
"2342","396891","20220820033000","2072","1","臺北市","內湖區","121.570","25.085","2311"
"2550","396892","20220820033000","3355","0","臺北市","松山區","121.570","25.050","2741"
"1042","396893","20220820033000","1175","0","臺北市","松山區","121.565","25.065","1041"
"3144","398951","20220820033000","145","3","新北市","八里區","121.390","25.165","175"
"51","398956","20220820033000","38","2","基隆市","安樂區","121.710","25.165","59"
"65","399938","20220820033000","65","1","基隆市","安樂區","121.710","25.175","76"
"13","402902","20220820033000","19","0","新北市","萬里區","121.680","25.200","19"
"510","403910","20220820033000","315","3","新北市","萬里區","121.700","25.210","339"
"150","406949","20220820033000","111","2","新北市","金山區","121.635","25.240","173"
"46","409009","20220820033000","45","1","新北市","金山區","121.635","25.255","49"
"92","409527","20220820033000","105","0","新北市","三芝區","121.475","25.260","106"
"458","413221","20220820033000","536","0","新北市","石門區","121.565","25.290","461"
"76","413767","20220820033000","83","0","新北市","石門區","121.580","25.295","69"
"145","414894","20220820033000","61","3","基隆市","中正區","121.765","25.145","154"
"390","414895","20220820033000","394","0","基隆市","中正區","121.770","25.155","375"
"539","414896","20220820033000","467","1","基隆市","中正區","121.765","25.155","527"
"77","414897","20220820033000","54","2","基隆市","中正區","121.765","25.160","80"
"56","414900","20220820033000","296","0","基隆市","中正區","121.780","25.145","47"
"404","414901","20220820033000","585","0","基隆市","中正區","121.775","25.150","456"
"137","414906","20220820033000","150","0","基隆市","安樂區","121.695","25.150","136"
"433","414907","20220820033000","411","1","基隆市","安樂區","121.700","25.150","398"
"1221","414909","20220820033000","1057","1","基隆市","安樂區","121.695","25.155","1223"
"402","414910","20220820033000","353","1","基隆市","安樂區","121.700","25.155","438"
"319","414912","20220820033000","174","3","基隆市","安樂區","121.695","25.160","302"
"219","414921","20220820033000","203","1","基隆市","中山區","121.750","25.145","223"
"1318","414923","20220820033000","1359","0","基隆市","中山區","121.720","25.150","1312"
"251","414929","20220820033000","211","1","基隆市","中山區","121.745","25.150","240"
"675","414936","20220820033000","784","0","新北市","三芝區","121.495","25.250","698"
"230","414948","20220820033000","212","1","新北市","三芝區","121.490","25.270","198"
"806","414949","20220820033000","623","2","基隆市","中山區","121.740","25.150","835"
"193","414951","20220820033000","177","1","基隆市","中山區","121.740","25.155","197"
"320","414985","20220820033000","301","1","新北市","三芝區","121.510","25.215","298"
"75","415028","20220820033000","65","1","新北市","三芝區","121.530","25.230","69"
"2046","415040","20220820033000","1993","1","新北市","三芝區","121.505","25.255","2112"
"512","415041","20220820033000","512","1","新北市","三芝區","121.505","25.260","589"
"2406","415044","20220820033000","2216","1","新北市","三芝區","121.500","25.255","2333"
"12","415049","20220820033000","26","0","新北市","三芝區","121.540","25.190","12"
"196","415063","20220820033000","121","3","新北市","三芝區","121.505","25.205","216"
"1615","415070","20220820033000","1718","0","基隆市","中正區","121.770","25.150","1686"
"165","415078","20220820033000","132","2","新北市","三芝區","121.465","25.240","162"
"221","415083","20220820033000","208","1","新北市","三芝區","121.455","25.245","224"
"121","415087","20220820033000","113","1","新北市","三芝區","121.475","25.245","122"
"153","415093","20220820033000","128","1","新北市","三芝區","121.465","25.250","139"
"272","415100","20220820033000","265","1","新北市","三芝區","121.475","25.250","271"
"78","415103","20220820033000","73","1","新北市","三芝區","121.505","25.265","77"
"1228","415124","20220820033000","600","3","新北市","三芝區","121.535","25.245","1187"
"114","415149","20220820033000","102","1","新北市","三芝區","121.520","25.225","128"
"238","415181","20220820033000","222","1","新北市","三芝區","121.500","25.210","248"
"279","415188","20220820033000","438","0","新北市","三芝區","121.510","25.255","299"
"121","415196","20220820033000","116","1","新北市","三芝區","121.495","25.235","130"
"16","415202","20220820033000","14","1","新北市","三芝區","121.490","25.245","13"
"55","415205","20220820033000","183","0","新北市","三芝區","121.495","25.245","49"
"334","415211","20220820033000","296","1","基隆市","中山區","121.735","25.150","363"
"229","415212","20220820033000","99","3","基隆市","中山區","121.730","25.155","215"
"310","415214","20220820033000","337","0","基隆市","中正區","121.785","25.145","350"
"227","415224","20220820033000","268","0","新北市","八里區","121.415","25.155","245"
"1563","415226","20220820033000","1383","1","新北市","八里區","121.415","25.160","1539"
"585","415229","20220820033000","649","0","新北市","八里區","121.420","25.160","606"
"84","415237","20220820033000","78","1","新北市","八里區","121.440","25.155","110"
"244","415239","20220820033000","329","0","新北市","八里區","121.430","25.155","248"
"177","415242","20220820033000","159","1","新北市","八里區","121.430","25.160","184"
"235","415250","20220820033000","217","1","新北市","八里區","121.395","25.160","256"
"183","415252","20220820033000","203","0","新北市","八里區","121.405","25.155","157"
"342","415257","20220820033000","298","1","新北市","萬里區","121.675","25.180","324"
"454","415264","20220820033000","396","1","新北市","萬里區","121.640","25.210","327"
"47","415271","20220820033000","44","1","新北市","萬里區","121.645","25.150","46"
"108","415286","20220820033000","93","1","新北市","萬里區","121.665","25.160","115"
"53","415301","20220820033000","43","2","新北市","萬里區","121.625","25.150","55"
"10","415332","20220820033000","11","0","新北市","萬里區","121.615","25.190","20"
"100","415357","20220820033000","41","3","新北市","萬里區","121.620","25.200","85"
"224","415363","20220820033000","241","0","新北市","萬里區","121.650","25.200","228"
"1044","415369","20220820033000","932","1","新北市","萬里區","121.690","25.175","1080"
"732","415372","20220820033000","584","2","新北市","萬里區","121.690","25.180","746"
"2230","415375","20220820033000","2237","0","新北市","淡水區","121.440","25.175","2176"
"420","415378","20220820033000","447","0","新北市","淡水區","121.450","25.160","429"
"1536","415379","20220820033000","1307","1","新北市","淡水區","121.455","25.160","1481"
"520","415380","20220820033000","633","0","新北市","淡水區","121.460","25.160","468"
"652","415383","20220820033000","601","1","新北市","淡水區","121.450","25.165","680"
"25","415391","20220820033000","18","2","新北市","淡水區","121.430","25.205","23"
"30","415394","20220820033000","76","0","新北市","淡水區","121.445","25.205","23"
"249","415395","20220820033000","250","0","新北市","淡水區","121.450","25.205","234"
"179","415396","20220820033000","143","2","新北市","淡水區","121.455","25.205","192"
"25","415398","20220820033000","19","2","新北市","淡水區","121.440","25.210","25"
"214","415408","20220820033000","244","0","新北市","淡水區","121.460","25.215","231"
"59","415409","20220820033000","54","1","新北市","淡水區","121.465","25.215","53"
"383","415412","20220820033000","339","1","新北市","淡水區","121.450","25.220","373"
"10","415437","20220820033000","29","0","新北市","石門區","121.580","25.245","13"
"65","415462","20220820033000","37","3","新北市","石門區","121.530","25.285","56"
"78","415465","20220820033000","106","0","新北市","石門區","121.535","25.290","95"
"395","415468","20220820033000","412","0","新北市","石門區","121.540","25.290","424"
"152","415521","20220820033000","156","0","新北市","石門區","121.550","25.285","148"
"145","415532","20220820033000","143","1","新北市","石門區","121.515","25.275","133"
"233","415546","20220820033000","104","3","新北市","石門區","121.570","25.255","222"
"96","415568","20220820033000","155","0","新北市","石門區","121.550","25.255","113"
"56","415594","20220820033000","54","1","新北市","石門區","121.595","25.270","51"
"23","415595","20220820033000","23","1","新北市","石門區","121.590","25.275","26"
"55","415599","20220820033000","60","0","新北市","石門區","121.590","25.285","63"
"15","415623","20220820033000","20","0","新北市","石門區","121.600","25.280","14"
"110","415625","20220820033000","103","1","新北市","石門區","121.610","25.280","112"
"30","415630","20220820033000","27","1","新北市","萬里區","121.685","25.165","28"
"34","415649","20220820033000","15","3","新北市","萬里區","121.655","25.200","14"
"826","415654","20220820033000","676","2","新北市","萬里區","121.690","25.200","899"
"48","415655","20220820033000","45","1","新北市","萬里區","121.655","25.205","60"
"60","415656","20220820033000","52","1","新北市","萬里區","121.660","25.205","75"
"259","415657","20220820033000","204","2","新北市","萬里區","121.690","25.205","298"
"21","415664","20220820033000","17","2","新北市","淡水區","121.465","25.175","25"
"43","415674","20220820033000","67","0","新北市","淡水區","121.520","25.175","51"
"58","415676","20220820033000","85","0","新北市","淡水區","121.480","25.180","57"
"144","415677","20220820033000","132","1","新北市","淡水區","121.485","25.180","153"
"118","415685","20220820033000","97","2","新北市","淡水區","121.470","25.185","128"
"18","415687","20220820033000","108","0","新北市","淡水區","121.480","25.185","20"
"490","415688","20220820033000","535","0","新北市","淡水區","121.485","25.185","486"
"122","415696","20220820033000","129","0","新北市","淡水區","121.475","25.190","132"
"212","415697","20220820033000","141","3","新北市","淡水區","121.490","25.190","209"
"19","415699","20220820033000","12","3","新北市","淡水區","121.500","25.190","15"
"420","415701","20220820033000","1135","0","新北市","淡水區","121.440","25.180","439"
"121","415706","20220820033000","235","0","新北市","淡水區","121.485","25.165","124"
"64","415713","20220820033000","70","0","新北市","淡水區","121.485","25.170","71"
"124","415717","20220820033000","149","0","新北市","淡水區","121.485","25.175","126"
"38","415718","20220820033000","336","0","新北市","淡水區","121.415","25.180","36"
"95","415720","20220820033000","53","3","新北市","淡水區","121.410","25.185","107"
"1589","415722","20220820033000","1498","1","新北市","淡水區","121.420","25.185","1616"
"1092","415723","20220820033000","1096","0","新北市","淡水區","121.425","25.185","1128"
"990","415724","20220820033000","1275","0","新北市","淡水區","121.430","25.185","960"
"787","415730","20220820033000","481","3","新北市","淡水區","121.430","25.190","765"
"39","415731","20220820033000","34","1","新北市","淡水區","121.420","25.195","38"
"785","415732","20220820033000","662","1","新北市","淡水區","121.425","25.195","823"
"535","415734","20220820033000","487","1","新北市","淡水區","121.420","25.175","535"
"147","415735","20220820033000","115","2","新北市","淡水區","121.425","25.175","150"
"58","415738","20220820033000","49","1","新北市","淡水區","121.475","25.210","55"
"31","415743","20220820033000","19","3","新北市","淡水區","121.475","25.215","29"
"50","415744","20220820033000","46","1","新北市","淡水區","121.480","25.215","45"
"156","415745","20220820033000","176","0","新北市","淡水區","121.485","25.215","163"
"37","415753","20220820033000","111","0","新北市","淡水區","121.445","25.225","34"
"118","415754","20220820033000","204","0","新北市","淡水區","121.450","25.225","128"
"142","415755","20220820033000","160","0","新北市","淡水區","121.455","25.225","143"
"17","415761","20220820033000","42","0","新北市","淡水區","121.445","25.230","10"
"194","415762","20220820033000","144","2","新北市","淡水區","121.450","25.230","177"
"112","415775","20220820033000","101","1","新北市","萬里區","121.635","25.165","138"
"143","415799","20220820033000","81","3","新北市","萬里區","121.650","25.175","135"
"311","415830","20220820033000","253","2","新北市","萬里區","121.685","25.190","341"
"161","415832","20220820033000","106","3","新北市","萬里區","121.680","25.195","168"
"299","415838","20220820033000","214","2","新北市","淡水區","121.430","25.175","268"
"1489","415839","20220820033000","1652","0","新北市","淡水區","121.435","25.175","1461"
"2022","415840","20220820033000","2309","0","新北市","淡水區","121.435","25.180","2009"
"498","415841","20220820033000","421","1","新北市","淡水區","121.435","25.170","446"
"15","415849","20220820033000","14","1","新北市","淡水區","121.485","25.230","12"
"171","415852","20220820033000","160","1","新北市","三芝區","121.480","25.235","180"
"2639","415853","20220820033000","2873","0","新北市","淡水區","121.445","25.175","2649"
"1998","415854","20220820033000","3551","0","新北市","淡水區","121.450","25.175","1931"
"2141","415857","20220820033000","2129","1","新北市","淡水區","121.460","25.155","2099"
"1217","415860","20220820033000","1141","1","新北市","淡水區","121.455","25.155","1220"
"164","415861","20220820033000","939","0","新北市","淡水區","121.465","25.160","147"
"84","415870","20220820033000","61","2","新北市","金山區","121.615","25.240","69"
"43","415905","20220820033000","52","0","新北市","金山區","121.590","25.235","52"
"1959","415910","20220820033000","2776","0","新北市","淡水區","121.445","25.180","1968"
"1998","415911","20220820033000","2441","0","新北市","淡水區","121.450","25.180","2023"
"49","415912","20220820033000","200","0","新北市","淡水區","121.455","25.180","51"
"1024","415916","20220820033000","1665","0","新北市","淡水區","121.445","25.185","1014"
"1267","415921","20220820033000","1607","0","新北市","淡水區","121.455","25.175","1272"
"2448","415922","20220820033000","2436","1","新北市","淡水區","121.440","25.170","2483"
"159","415924","20220820033000","141","1","新北市","淡水區","121.485","25.155","193"
"423","415927","20220820033000","425","0","新北市","淡水區","121.485","25.160","419"
"247","415931","20220820033000","265","0","新北市","淡水區","121.470","25.165","283"
"437","415932","20220820033000","347","2","新北市","淡水區","121.440","25.190","474"
"1795","415933","20220820033000","1846","0","新北市","淡水區","121.445","25.190","1770"
"48","415936","20220820033000","65","0","新北市","淡水區","121.460","25.190","46"
"770","415942","20220820033000","671","1","新北市","淡水區","121.450","25.200","761"
"194","415944","20220820033000","212","0","新北市","淡水區","121.460","25.200","175"
"820","415946","20220820033000","845","0","新北市","淡水區","121.420","25.180","804"
"1963","415947","20220820033000","2023","0","新北市","淡水區","121.450","25.170","1869"
"902","415948","20220820033000","1056","0","新北市","淡水區","121.455","25.170","896"
"240","415951","20220820033000","295","0","新北市","淡水區","121.455","25.235","254"
"1186","415961","20220820033000","1040","1","新北市","淡水區","121.435","25.185","1217"
"415","415962","20220820033000","410","1","新北市","淡水區","121.440","25.185","444"
"2538","415963","20220820033000","2055","2","新北市","淡水區","121.435","25.190","2568"
"952","415964","20220820033000","869","1","新北市","淡水區","121.430","25.195","1043"
"594","415968","20220820033000","449","2","新北市","淡水區","121.430","25.200","586"
"1450","415969","20220820033000","1496","0","新北市","淡水區","121.435","25.200","1365"
"470","415971","20220820033000","326","2","新北市","淡水區","121.425","25.205","439"
"27","415972","20220820033000","21","2","新北市","淡水區","121.435","25.205","23"
"58","415975","20220820033000","468","0","新北市","淡水區","121.445","25.170","75"
"38","415977","20220820033000","46","0","新北市","淡水區","121.485","25.190","46"
"34","415979","20220820033000","91","0","新北市","淡水區","121.470","25.195","32"
"160","415984","20220820033000","191","0","新北市","淡水區","121.470","25.200","170"
"109","415986","20220820033000","94","1","新北市","淡水區","121.480","25.200","107"
"1294","416009","20220820033000","1236","1","新北市","金山區","121.640","25.220","1307"
"27","416022","20220820033000","18","3","新北市","金山區","121.625","25.270","30"
"334","416030","20220820033000","239","2","新北市","金山區","121.640","25.225","332"
"231","416031","20220820033000","197","1","新北市","金山區","121.645","25.225","202"
"235","416033","20220820033000","196","1","新北市","金山區","121.645","25.230","246"
"65","416038","20220820033000","88","0","臺北市","北投區","121.500","25.155","63"
"326","416050","20220820033000","286","1","新北市","金山區","121.630","25.225","363"
"446","416051","20220820033000","384","1","新北市","金山區","121.635","25.225","436"
"135","416060","20220820033000","124","1","新北市","金山區","121.615","25.245","125"
"33","416062","20220820033000","22","3","新北市","金山區","121.605","25.245","31"
"17","416063","20220820033000","14","2","新北市","金山區","121.610","25.245","30"
"16","416067","20220820033000","17","0","新北市","金山區","121.610","25.250","20"
"200","416122","20220820033000","175","1","新北市","金山區","121.595","25.200","159"
"287","416123","20220820033000","193","2","新北市","金山區","121.600","25.200","288"
"112","416146","20220820033000","82","2","新北市","金山區","121.600","25.215","101"
"512","416155","20220820033000","621","0","新北市","金山區","121.630","25.220","540"
"1141","416156","20220820033000","703","3","新北市","金山區","121.635","25.220","1157"
"33","416160","20220820033000","40","0","臺北市","士林區","121.555","25.155","38"
"24","416182","20220820033000","22","1","臺北市","士林區","121.570","25.190","14"
"30","416192","20220820033000","45","0","臺北市","北投區","121.530","25.155","37"
"2057","416202","20220820033000","2292","0","新北市","淡水區","121.445","25.165","2058"
"213","416204","20220820033000","143","2","臺北市","北投區","121.540","25.155","195"
"135","416205","20220820033000","152","0","臺北市","北投區","121.545","25.150","152"
"73","416209","20220820033000","32","3","臺北市","北投區","121.545","25.155","51"
"41","416213","20220820033000","28","2","臺北市","北投區","121.545","25.160","34"
"244","416221","20220820033000","107","3","臺北市","北投區","121.540","25.165","269"
"148","416225","20220820033000","34","3","臺北市","北投區","121.560","25.165","166"
"41","416236","20220820033000","37","1","臺北市","北投區","121.535","25.175","43"
"62","416246","20220820033000","55","1","臺北市","北投區","121.545","25.180","63"
"88","416251","20220820033000","101","0","臺北市","北投區","121.535","25.185","87"
"65","416275","20220820033000","116","0","臺北市","北投區","121.490","25.155","51"
"18","617429","20220820033000","115","0","金門縣","金城鎮","118.305","24.400","14"
"1259","617430","20220820033000","1093","1","金門縣","金城鎮","118.310","24.400","1209"
"442","617700","20220820033000","432","1","金門縣","金城鎮","118.305","24.405","415"
"304","617704","20220820033000","291","1","金門縣","金城鎮","118.325","24.405","295"
"23","617966","20220820033000","18","2","金門縣","烈嶼鄉","118.225","24.405","20"
"50","617974","20220820033000","54","0","金門縣","金城鎮","118.290","24.405","42"
"97","617990","20220820033000","56","3","金門縣","金湖鎮","118.430","24.410","72"
"84","618255","20220820033000","71","1","金門縣","金城鎮","118.285","24.410","63"
"97","618257","20220820033000","243","0","金門縣","金城鎮","118.295","24.410","108"
"177","618258","20220820033000","198","0","金門縣","金城鎮","118.300","24.410","187"
"34","618259","20220820033000","33","1","金門縣","金城鎮","118.305","24.410","31"
"52","618260","20220820033000","64","0","金門縣","金城鎮","118.310","24.410","57"
"157","618263","20220820033000","201","0","金門縣","金城鎮","118.325","24.410","178"
"794","618264","20220820033000","635","2","金門縣","金城鎮","118.330","24.410","802"
"214","618266","20220820033000","194","1","金門縣","金城鎮","118.335","24.410","206"
"366","618273","20220820033000","345","1","金門縣","金湖鎮","118.435","24.415","371"
"558","618274","20220820033000","557","1","金門縣","金湖鎮","118.440","24.415","457"
"51","618530","20220820033000","332","0","金門縣","烈嶼鄉","118.230","24.415","59"
"640","618532","20220820033000","525","2","金門縣","烈嶼鄉","118.240","24.415","320"
"135","618541","20220820033000","148","0","金門縣","金城鎮","118.290","24.415","152"
"499","618545","20220820033000","666","0","金門縣","金城鎮","118.310","24.415","499"
"739","618547","20220820033000","780","0","金門縣","金城鎮","118.315","24.415","684"
"286","618552","20220820033000","176","3","金門縣","金寧鄉","118.340","24.415","271"
"166","618560","20220820033000","185","0","金門縣","金湖鎮","118.440","24.420","177"
"547","618813","20220820033000","453","2","金門縣","烈嶼鄉","118.220","24.420","284"
"45","618818","20220820033000","22","3","金門縣","烈嶼鄉","118.245","24.420","51"
"29","618832","20220820033000","980","0","金門縣","金城鎮","118.310","24.420","22"
"121","618833","20220820033000","108","1","金門縣","金城鎮","118.315","24.420","134"
"45","618834","20220820033000","82","0","金門縣","金城鎮","118.320","24.420","52"
"32","618835","20220820033000","38","0","金門縣","金城鎮","118.325","24.420","37"
"128","618836","20220820033000","195","0","金門縣","金寧鄉","118.330","24.420","123"
"20","618838","20220820033000","12","3","金門縣","金寧鄉","118.340","24.420","23"
"361","618851","20220820033000","319","1","金門縣","金湖鎮","118.440","24.425","345"
"1454","619113","20220820033000","1202","2","金門縣","烈嶼鄉","118.245","24.425","608"
"308","619116","20220820033000","202","3","金門縣","烈嶼鄉","118.260","24.425","329"
"37","619117","20220820033000","31","1","金門縣","烈嶼鄉","118.265","24.425","31"
"1445","619127","20220820033000","1261","1","金門縣","金城鎮","118.320","24.425","1468"
"148","619133","20220820033000","185","0","金門縣","金寧鄉","118.350","24.425","140"
"203","619146","20220820033000","224","0","金門縣","金湖鎮","118.430","24.425","188"
"116","619151","20220820033000","125","0","金門縣","金湖鎮","118.455","24.430","128"
"60","619406","20220820033000","68","0","金門縣","烈嶼鄉","118.230","24.430","67"
"72","619420","20220820033000","931","0","金門縣","金城鎮","118.310","24.430","53"
"803","619421","20220820033000","1296","0","金門縣","金城鎮","118.315","24.430","829"
"957","619422","20220820033000","1055","0","金門縣","金城鎮","118.320","24.430","948"
"117","619424","20220820033000","178","0","金門縣","金寧鄉","118.330","24.430","113"
"297","619426","20220820033000","275","1","金門縣","金寧鄉","118.340","24.430","284"
"66","619430","20220820033000","42","3","金門縣","金寧鄉","118.360","24.430","71"
"447","619440","20220820033000","949","0","金門縣","金湖鎮","118.410","24.430","411"
"418","619442","20220820033000","545","0","金門縣","金湖鎮","118.420","24.430","455"
"238","619709","20220820033000","335","0","金門縣","烈嶼鄉","118.255","24.435","254"
"19","619710","20220820033000","23","0","金門縣","烈嶼鄉","118.260","24.435","23"
"667","619718","20220820033000","595","1","金門縣","金城鎮","118.310","24.435","664"
"2445","619719","20220820033000","2806","0","金門縣","金城鎮","118.315","24.435","2352"
"28","619721","20220820033000","953","0","金門縣","金城鎮","118.325","24.435","23"
"286","619722","20220820033000","379","0","金門縣","金寧鄉","118.330","24.435","303"
"48","619729","20220820033000","38","2","金門縣","金湖鎮","118.365","24.435","51"
"148","619731","20220820033000","107","2","金門縣","金湖鎮","118.375","24.435","158"
"132","619734","20220820033000","180","0","金門縣","金湖鎮","118.390","24.435","136"
"650","619737","20220820033000","1552","0","金門縣","金湖鎮","118.405","24.435","1452"
"55","619739","20220820033000","96","0","金門縣","金湖鎮","118.415","24.435","54"
"115","619747","20220820033000","116","0","金門縣","金湖鎮","118.455","24.435","116"
"162","620001","20220820033000","143","1","金門縣","烈嶼鄉","118.250","24.440","160"
"577","620010","20220820033000","340","3","金門縣","金城鎮","118.310","24.440","572"
"4015","620011","20220820033000","2264","3","金門縣","金城鎮","118.315","24.440","3910"
"750","620012","20220820033000","508","2","金門縣","金寧鄉","118.320","24.440","706"
"82","620013","20220820033000","88","0","金門縣","金城鎮","118.325","24.440","79"
"31","620015","20220820033000","346","0","金門縣","金寧鄉","118.335","24.440","30"
"114","620024","20220820033000","111","1","金門縣","金湖鎮","118.380","24.440","103"
"692","620025","20220820033000","777","0","金門縣","金湖鎮","118.385","24.440","663"
"92","620027","20220820033000","48","3","金門縣","金湖鎮","118.395","24.440","100"
"74","620029","20220820033000","187","0","金門縣","金湖鎮","118.405","24.440","74"
"796","620031","20220820033000","2753","0","金門縣","金湖鎮","118.415","24.440","774"
"1000","620032","20220820033000","1200","0","金門縣","金湖鎮","118.420","24.440","1021"
"12","620040","20220820033000","130","0","金門縣","金湖鎮","118.460","24.440","12"
"411","620293","20220820033000","355","1","金門縣","烈嶼鄉","118.240","24.440","396"
"908","620304","20220820033000","908","1","金門縣","金寧鄉","118.310","24.445","848"
"160","620306","20220820033000","203","0","金門縣","金寧鄉","118.320","24.445","156"
"23","620312","20220820033000","425","0","金門縣","金寧鄉","118.350","24.445","29"
"22","620317","20220820033000","199","0","金門縣","金湖鎮","118.375","24.445","22"
"341","620318","20220820033000","249","2","金門縣","金湖鎮","118.380","24.445","320"
"33","620319","20220820033000","27","2","金門縣","金湖鎮","118.385","24.445","32"
"26","620323","20220820033000","18","2","金門縣","金湖鎮","118.405","24.445","24"
"59","620326","20220820033000","26","3","金門縣","金湖鎮","118.420","24.445","72"
"21","620327","20220820033000","288","0","金門縣","金湖鎮","118.425","24.445","18"
"15","620335","20220820033000","12","2","金門縣","金湖鎮","118.465","24.445","14"
"126","620336","20220820033000","143","0","金門縣","金湖鎮","118.470","24.445","125"
"142","620593","20220820033000","151","0","金門縣","烈嶼鄉","118.250","24.445","144"
"99","620594","20220820033000","93","1","金門縣","烈嶼鄉","118.255","24.445","40"
"224","620604","20220820033000","346","0","金門縣","金寧鄉","118.305","24.450","213"
"777","620605","20220820033000","427","3","金門縣","金寧鄉","118.310","24.450","727"
"228","620607","20220820033000","351","0","金門縣","金寧鄉","118.320","24.450","187"
"447","620608","20220820033000","354","2","金門縣","金寧鄉","118.325","24.450","438"
"1600","620609","20220820033000","1597","1","金門縣","金寧鄉","118.330","24.450","1576"
"634","620610","20220820033000","572","1","金門縣","金寧鄉","118.335","24.450","652"
"433","620611","20220820033000","498","0","金門縣","金寧鄉","118.340","24.450","420"
"78","620613","20220820033000","56","2","金門縣","金寧鄉","118.350","24.450","40"
"52","620618","20220820033000","51","1","金門縣","金湖鎮","118.375","24.450","50"
"83","620625","20220820033000","57","2","金門縣","金湖鎮","118.410","24.450","78"
"525","620912","20220820033000","291","3","金門縣","金寧鄉","118.335","24.455","563"
"304","620919","20220820033000","258","1","金門縣","金湖鎮","118.370","24.455","311"
"417","620920","20220820033000","355","1","金門縣","金湖鎮","118.375","24.455","434"
"446","620921","20220820033000","374","1","金門縣","金湖鎮","118.380","24.455","419"
"92","620922","20220820033000","49","3","金門縣","金湖鎮","118.385","24.455","78"
"47","620927","20220820033000","23","3","金門縣","金湖鎮","118.410","24.455","41"
"52","620928","20220820033000","42","2","金門縣","金湖鎮","118.415","24.455","45"
"32","620930","20220820033000","27","1","金門縣","金湖鎮","118.425","24.455","41"
"444","621210","20220820033000","625","0","金門縣","金寧鄉","118.305","24.455","376"
"23","621214","20220820033000","635","0","金門縣","金寧鄉","118.325","24.455","25"
"252","621221","20220820033000","275","0","金門縣","金寧鄉","118.360","24.460","249"
"12","621226","20220820033000","13","0","金門縣","金沙鎮","118.385","24.460","12"
"62","621230","20220820033000","98","0","金門縣","金沙鎮","118.405","24.460","69"
"119","621231","20220820033000","481","0","金門縣","金湖鎮","118.410","24.460","139"
"46","621233","20220820033000","23","3","金門縣","金湖鎮","118.420","24.460","32"
"29","621239","20220820033000","32","0","金門縣","金沙鎮","118.450","24.460","14"
"709","621509","20220820033000","845","0","金門縣","金寧鄉","118.315","24.460","635"
"159","621510","20220820033000","218","0","金門縣","金寧鄉","118.320","24.460","154"
"207","621511","20220820033000","171","2","金門縣","金寧鄉","118.325","24.460","154"
"20","621529","20220820033000","19","1","金門縣","金沙鎮","118.415","24.465","20"
"14","621530","20220820033000","10","2","金門縣","金湖鎮","118.420","24.465","14"
"98","621533","20220820033000","85","1","金門縣","金沙鎮","118.435","24.465","78"
"66","621534","20220820033000","64","1","金門縣","金沙鎮","118.440","24.465","66"
"266","621810","20220820033000","282","0","金門縣","金沙鎮","118.390","24.465","142"
"42","621816","20220820033000","748","0","金門縣","金沙鎮","118.420","24.470","38"
"308","621823","20220820033000","263","1","金門縣","金沙鎮","118.455","24.470","314"
"449","622079","20220820033000","521","0","金門縣","金寧鄉","118.315","24.470","388"
"329","622096","20220820033000","466","0","金門縣","金沙鎮","118.400","24.470","274"
"71","622102","20220820033000","60","1","金門縣","金沙鎮","118.430","24.475","31"
"354","622377","20220820033000","145","3","金門縣","金沙鎮","118.390","24.475","325"
"169","622643","20220820033000","417","0","金門縣","金寧鄉","118.305","24.480","158"
"56","622644","20220820033000","95","0","金門縣","金寧鄉","118.310","24.480","62"
"24","622657","20220820033000","260","0","金門縣","金沙鎮","118.390","24.480","29"
"163","622658","20220820033000","130","2","金門縣","金沙鎮","118.395","24.480","162"
"15","622921","20220820033000","19","0","金門縣","金寧鄉","118.300","24.485","12"
"1181","622937","20220820033000","877","2","金門縣","金沙鎮","118.415","24.485","1152"
"101","622938","20220820033000","118","0","金門縣","金沙鎮","118.420","24.485","128"
"40","622941","20220820033000","43","0","金門縣","金沙鎮","118.435","24.485","41"
"172","622942","20220820033000","95","3","金門縣","金沙鎮","118.440","24.485","180"
"569","623206","20220820033000","431","2","金門縣","金沙鎮","118.410","24.490","339"
"543","623207","20220820033000","552","0","金門縣","金沙鎮","118.415","24.490","558"
"24","623208","20220820033000","10","3","金門縣","金沙鎮","118.420","24.490","19"
"90","623210","20220820033000","94","0","金門縣","金沙鎮","118.430","24.490","90"
"754","623474","20220820033000","886","0","金門縣","金沙鎮","118.415","24.495","471"
"72","623734","20220820033000","106","0","金門縣","金沙鎮","118.400","24.500","81"
"33","623738","20220820033000","37","0","金門縣","金沙鎮","118.420","24.500","33"
"252","623993","20220820033000","217","1","金門縣","金沙鎮","118.405","24.505","159"
"14","623999","20220820033000","18","0","金門縣","金沙鎮","118.435","24.505","14"
"247","624000","20220820033000","258","0","金門縣","金沙鎮","118.440","24.505","106"
"226","624511","20220820033000","210","1","金門縣","金沙鎮","118.405","24.515","241"
"157","624771","20220820033000","213","0","金門縣","金沙鎮","118.415","24.515","151"
"318","653049","20220820033000","341","0","連江縣","莒光鄉","119.975","25.960","288"
"200","653082","20220820033000","213","0","連江縣","莒光鄉","119.935","25.970","174"
"142","653097","20220820033000","170","0","連江縣","莒光鄉","119.930","25.975","67"
"29","653099","20220820033000","25","1","連江縣","莒光鄉","119.940","25.975","35"
"508","653173","20220820033000","291","3","連江縣","南竿鄉","119.925","26.140","459"
"57","653187","20220820033000","43","2","連江縣","南竿鄉","119.930","26.145","55"
"173","653198","20220820033000","124","2","連江縣","南竿鄉","119.915","26.145","177"
"48","653200","20220820033000","66","0","連江縣","南竿鄉","119.925","26.145","43"
"262","653203","20220820033000","405","0","連江縣","南竿鄉","119.940","26.145","254"
"26","653217","20220820033000","39","0","連江縣","南竿鄉","119.925","26.150","19"
"403","653219","20220820033000","356","1","連江縣","南竿鄉","119.935","26.150","394"
"45","653221","20220820033000","53","0","連江縣","南竿鄉","119.945","26.150","42"
"235","653231","20220820033000","283","0","連江縣","南竿鄉","119.920","26.155","219"
"521","653235","20220820033000","420","2","連江縣","南竿鄉","119.940","26.155","533"
"861","653238","20220820033000","783","1","連江縣","南竿鄉","119.955","26.155","878"
"152","653248","20220820033000","68","3","連江縣","南竿鄉","119.920","26.160","153"
"806","653255","20220820033000","778","1","連江縣","南竿鄉","119.955","26.160","778"
"494","653272","20220820033000","386","2","連江縣","南竿鄉","119.950","26.165","537"
"63","653282","20220820033000","97","0","連江縣","南竿鄉","119.925","26.170","80"
"158","653344","20220820033000","125","2","連江縣","北竿鄉","119.970","26.205","167"
"134","653365","20220820033000","143","0","連江縣","北竿鄉","119.975","26.215","175"
"16","653382","20220820033000","21","0","連江縣","北竿鄉","120.000","26.220","15"
"16","653393","20220820033000","15","1","連江縣","北竿鄉","119.980","26.225","16"
"1186","653396","20220820033000","930","2","連江縣","北竿鄉","119.995","26.225","1111"
"423","653397","20220820033000","321","2","連江縣","北竿鄉","120.000","26.225","391"
"119","653411","20220820033000","89","2","連江縣","北竿鄉","120.000","26.230","120"
"20","653580","20220820033000","37","0","連江縣","東引鄉","120.485","26.360","23"
"70","653590","20220820033000","44","3","連江縣","東引鄉","120.490","26.360","63"
"360","653592","20220820033000","622","0","連江縣","東引鄉","120.500","26.360","205"
"894","653602","20220820033000","751","1","連江縣","東引鄉","120.490","26.365","809"
"102","653603","20220820033000","53","3","連江縣","東引鄉","120.495","26.365","81"
"19","653606","20220820033000","16","1","連江縣","東引鄉","120.510","26.365","19"
"167","653623","20220820033000","109","3","連江縣","東引鄉","120.480","26.375","133"
