"POPULATION","G_ID","time","avg","idx","City","Town","x","y","prePop"
"155","6258","20220615193000","133","1","屏東縣","恆春鎮","120.745","21.945","142"
"32","6267","20220615193000","181","0","屏東縣","恆春鎮","120.790","21.945","15"
"109","9415","20220615193000","74","2","屏東縣","恆春鎮","120.715","21.970","105"
"77","9416","20220615193000","41","3","屏東縣","恆春鎮","120.845","21.970","65"
"286","15716","20220615193000","180","3","臺東縣","蘭嶼鄉","121.535","22.025","231"
"54","15719","20220615193000","356","0","臺東縣","蘭嶼鄉","121.550","22.025","37"
"52","18068","20220615193000","57","0","屏東縣","車城鄉","120.695","22.045","36"
"241","20191","20220615193000","610","0","臺東縣","蘭嶼鄉","121.570","22.065","215"
"122","40369","20220615193000","86","2","屏東縣","枋山鄉","120.660","22.245","100"
"65","46865","20220615193000","73","0","臺東縣","大武鄉","120.890","22.305","67"
"161","49782","20220615193000","166","0","屏東縣","琉球鄉","120.355","22.330","185"
"52","49783","20220615193000","147","0","屏東縣","琉球鄉","120.375","22.330","38"
"449","52213","20220615193000","292","3","屏東縣","琉球鄉","120.380","22.355","471"
"21","57554","20220615193000","20","1","屏東縣","春日鄉","120.645","22.355","17"
"29","57589","20220615193000","18","3","屏東縣","春日鄉","120.660","22.365","26"
"88","57606","20220615193000","50","3","屏東縣","春日鄉","120.665","22.365","90"
"108","57748","20220615193000","95","1","屏東縣","春日鄉","120.750","22.405","97"
"223","57758","20220615193000","182","2","屏東縣","春日鄉","120.625","22.365","208"
"42","57858","20220615193000","164","0","屏東縣","恆春鎮","120.730","21.985","47"
"43","57868","20220615193000","192","0","屏東縣","車城鄉","120.730","22.055","56"
"152","57949","20220615193000","61","3","屏東縣","車城鄉","120.715","22.050","144"
"21","57951","20220615193000","139","0","屏東縣","車城鄉","120.710","22.055","12"
"281","57952","20220615193000","211","2","屏東縣","枋寮鄉","120.595","22.375","260"
"777","57962","20220615193000","445","3","屏東縣","枋寮鄉","120.595","22.385","794"
"392","57963","20220615193000","375","1","屏東縣","枋寮鄉","120.600","22.385","410"
"16","57992","20220615193000","16","1","屏東縣","滿州鄉","120.890","22.090","14"
"14","58022","20220615193000","14","1","屏東縣","滿州鄉","120.895","22.100","11"
"34","58112","20220615193000","13","3","屏東縣","滿州鄉","120.805","22.015","16"
"159","58150","20220615193000","100","3","屏東縣","滿州鄉","120.875","22.115","146"
"19","58179","20220615193000","14","2","屏東縣","滿州鄉","120.880","22.135","10"
"13","58180","20220615193000","15","0","屏東縣","滿州鄉","120.885","22.135","13"
"112","58209","20220615193000","70","3","屏東縣","滿州鄉","120.840","21.985","114"
"49","58243","20220615193000","70","0","屏東縣","滿州鄉","120.840","22.015","62"
"224","58245","20220615193000","191","1","屏東縣","滿州鄉","120.835","22.020","255"
"37","58246","20220615193000","19","3","屏東縣","滿州鄉","120.840","22.020","31"
"75","58248","20220615193000","196","0","屏東縣","滿州鄉","120.830","22.025","110"
"323","58265","20220615193000","242","2","屏東縣","滿州鄉","120.830","21.995","321"
"37","58303","20220615193000","23","3","屏東縣","滿州鄉","120.850","22.020","30"
"69","58452","20220615193000","45","3","屏東縣","滿州鄉","120.830","22.075","89"
"26","58493","20220615193000","23","1","屏東縣","滿州鄉","120.830","22.095","17"
"19","58500","20220615193000","27","0","屏東縣","滿州鄉","120.840","22.100","29"
"156","58514","20220615193000","84","3","屏東縣","枋山鄉","120.665","22.240","101"
"186","58522","20220615193000","205","0","屏東縣","枋山鄉","120.650","22.260","177"
"128","58529","20220615193000","253","0","屏東縣","枋山鄉","120.690","22.190","134"
"75","58531","20220615193000","136","0","屏東縣","枋山鄉","120.690","22.195","66"
"27","58544","20220615193000","13","3","屏東縣","佳冬鄉","120.525","22.410","38"
"677","58554","20220615193000","541","2","屏東縣","恆春鎮","120.740","22.030","571"
"59","58568","20220615193000","182","0","屏東縣","恆春鎮","120.735","22.040","51"
"68","58585","20220615193000","68","1","屏東縣","恆春鎮","120.720","22.045","64"
"21","58609","20220615193000","317","0","屏東縣","恆春鎮","120.750","21.955","13"
"81","58614","20220615193000","413","0","屏東縣","恆春鎮","120.755","21.960","84"
"26","58615","20220615193000","15","3","屏東縣","恆春鎮","120.760","21.960","30"
"464","58618","20220615193000","478","0","屏東縣","恆春鎮","120.755","21.965","427"
"513","58656","20220615193000","214","3","屏東縣","恆春鎮","120.730","22.010","515"
"27","58662","20220615193000","11","3","屏東縣","恆春鎮","120.725","22.020","12"
"369","58663","20220615193000","373","0","屏東縣","恆春鎮","120.745","22.005","351"
"295","58680","20220615193000","176","3","屏東縣","恆春鎮","120.730","21.995","275"
"14","58690","20220615193000","11","2","屏東縣","恆春鎮","120.740","21.920","15"
"288","58691","20220615193000","170","3","屏東縣","恆春鎮","120.725","21.925","225"
"26","58698","20220615193000","13","3","屏東縣","恆春鎮","120.715","21.935","13"
"86","58705","20220615193000","76","1","屏東縣","恆春鎮","120.730","21.940","84"
"29","58707","20220615193000","24","2","屏東縣","恆春鎮","120.715","21.945","27"
"299","58723","20220615193000","182","3","屏東縣","恆春鎮","120.720","21.960","279"
"1067","58725","20220615193000","1143","0","屏東縣","恆春鎮","120.740","22.010","1143"
"30","58785","20220615193000","62","0","屏東縣","恆春鎮","120.720","22.040","28"
"14","58792","20220615193000","36","0","屏東縣","恆春鎮","120.710","22.015","12"
"153","58793","20220615193000","71","3","屏東縣","恆春鎮","120.695","22.020","127"
"21","58796","20220615193000","17","2","屏東縣","恆春鎮","120.710","22.020","16"
"78","58818","20220615193000","80","0","屏東縣","恆春鎮","120.850","21.905","77"
"16","58819","20220615193000","17","0","屏東縣","恆春鎮","120.855","21.905","21"
"48","58824","20220615193000","40","2","屏東縣","恆春鎮","120.850","21.910","43"
"186","58829","20220615193000","123","3","屏東縣","恆春鎮","120.850","21.915","184"
"57","58837","20220615193000","40","2","屏東縣","恆春鎮","120.830","21.925","76"
"131","58849","20220615193000","65","3","屏東縣","恆春鎮","120.825","21.935","115"
"11","58859","20220615193000","11","1","屏東縣","恆春鎮","120.840","21.940","11"
"308","58893","20220615193000","240","2","屏東縣","車城鄉","120.715","22.070","321"
"150","58924","20220615193000","66","3","屏東縣","獅子鄉","120.730","22.195","175"
"30","58958","20220615193000","129","0","屏東縣","獅子鄉","120.750","22.205","32"
"149","58971","20220615193000","104","2","屏東縣","獅子鄉","120.725","22.210","164"
"12","58992","20220615193000","11","1","屏東縣","獅子鄉","120.760","22.215","12"
"45","58997","20220615193000","20","3","屏東縣","獅子鄉","120.785","22.215","37"
"189","59115","20220615193000","531","0","屏東縣","琉球鄉","120.380","22.350","188"
"69","59117","20220615193000","308","0","屏東縣","琉球鄉","120.365","22.325","79"
"496","59120","20220615193000","259","3","屏東縣","琉球鄉","120.370","22.335","404"
"141","59149","20220615193000","133","1","屏東縣","獅子鄉","120.660","22.275","112"
"83","59469","20220615193000","66","2","屏東縣","獅子鄉","120.650","22.315","93"
"21","59727","20220615193000","64","0","屏東縣","獅子鄉","120.710","22.195","22"
"150","59772","20220615193000","102","2","屏東縣","獅子鄉","120.685","22.225","157"
"169","60023","20220615193000","116","2","屏東縣","獅子鄉","120.700","22.165","147"
"20","60048","20220615193000","64","0","屏東縣","獅子鄉","120.795","22.225","13"
"28","60065","20220615193000","80","0","屏東縣","獅子鄉","120.800","22.230","29"
"39","60076","20220615193000","24","3","屏東縣","獅子鄉","120.805","22.235","23"
"1604","60172","20220615193000","1482","1","屏東縣","琉球鄉","120.370","22.340","1591"
"124","60173","20220615193000","33","3","屏東縣","琉球鄉","120.370","22.345","61"
"145","60174","20220615193000","82","3","屏東縣","琉球鄉","120.375","22.345","139"
"93","60189","20220615193000","60","3","屏東縣","車城鄉","120.700","22.040","86"
"82","60193","20220615193000","66","2","屏東縣","車城鄉","120.700","22.050","68"
"40","60196","20220615193000","39","1","屏東縣","琉球鄉","120.365","22.340","24"
"10","60197","20220615193000","25","0","屏東縣","琉球鄉","120.365","22.345","10"
"158","60198","20220615193000","188","0","屏東縣","琉球鄉","120.370","22.350","157"
"426","60206","20220615193000","237","3","屏東縣","車城鄉","120.715","22.065","426"
"36","60213","20220615193000","140","0","屏東縣","車城鄉","120.720","22.090","38"
"109","60234","20220615193000","38","3","屏東縣","車城鄉","120.715","22.115","118"
"911","60246","20220615193000","546","3","屏東縣","琉球鄉","120.385","22.350","881"
"110","60260","20220615193000","70","3","屏東縣","車城鄉","120.740","22.085","103"
"208","60283","20220615193000","250","0","屏東縣","車城鄉","120.750","22.095","213"
"34","60314","20220615193000","167","0","屏東縣","枋寮鄉","120.555","22.390","42"
"97","60322","20220615193000","366","0","屏東縣","車城鄉","120.715","22.075","85"
"267","60328","20220615193000","114","3","屏東縣","車城鄉","120.730","22.075","252"
"18","60338","20220615193000","18","1","屏東縣","枋寮鄉","120.595","22.390","21"
"300","60350","20220615193000","212","2","屏東縣","枋寮鄉","120.590","22.405","271"
"683","60361","20220615193000","454","3","屏東縣","枋寮鄉","120.595","22.365","561"
"111","60369","20220615193000","322","0","屏東縣","枋寮鄉","120.620","22.405","121"
"145","60374","20220615193000","91","3","屏東縣","枋寮鄉","120.590","22.370","112"
"150","60377","20220615193000","216","0","屏東縣","枋寮鄉","120.580","22.375","156"
"740","60401","20220615193000","758","0","屏東縣","枋寮鄉","120.575","22.405","767"
"385","60404","20220615193000","299","2","屏東縣","佳冬鄉","120.565","22.410","439"
"1192","60421","20220615193000","1283","0","屏東縣","枋寮鄉","120.600","22.360","1230"
"448","60428","20220615193000","288","3","屏東縣","枋寮鄉","120.600","22.365","430"
"97","60441","20220615193000","102","0","屏東縣","枋山鄉","120.645","22.295","99"
"102","60442","20220615193000","99","1","屏東縣","獅子鄉","120.640","22.310","123"
"242","60446","20220615193000","231","1","屏東縣","枋山鄉","120.630","22.320","252"
"187","60449","20220615193000","94","3","屏東縣","枋山鄉","120.615","22.330","153"
"264","60455","20220615193000","186","2","屏東縣","枋山鄉","120.620","22.335","271"
"203","60456","20220615193000","142","2","屏東縣","枋山鄉","120.625","22.335","202"
"1143","60532","20220615193000","1019","1","屏東縣","恆春鎮","120.740","22.000","1191"
"456","60533","20220615193000","469","0","屏東縣","恆春鎮","120.740","22.005","506"
"64","60535","20220615193000","179","0","屏東縣","恆春鎮","120.815","21.935","144"
"139","60537","20220615193000","110","2","屏東縣","恆春鎮","120.805","21.940","81"
"128","60539","20220615193000","573","0","屏東縣","恆春鎮","120.795","21.945","70"
"449","60540","20220615193000","799","0","屏東縣","恆春鎮","120.800","21.945","383"
"218","60541","20220615193000","403","0","屏東縣","恆春鎮","120.805","21.945","139"
"77","60543","20220615193000","75","1","屏東縣","恆春鎮","120.780","21.950","76"
"113","60544","20220615193000","97","1","屏東縣","恆春鎮","120.785","21.950","54"
"162","60568","20220615193000","135","2","屏東縣","恆春鎮","120.810","21.955","145"
"90","60589","20220615193000","62","2","屏東縣","恆春鎮","120.815","21.965","106"
"536","60623","20220615193000","355","3","屏東縣","恆春鎮","120.735","21.950","468"
"92","60646","20220615193000","82","1","屏東縣","恆春鎮","120.720","21.975","89"
"115","60651","20220615193000","82","2","屏東縣","恆春鎮","120.715","21.985","117"
"177","60656","20220615193000","110","3","屏東縣","恆春鎮","120.705","21.995","131"
"726","60671","20220615193000","976","0","屏東縣","恆春鎮","120.740","21.995","722"
"530","60672","20220615193000","303","3","屏東縣","恆春鎮","120.745","21.995","543"
"565","60680","20220615193000","681","0","屏東縣","恆春鎮","120.745","22.000","641"
"75","60694","20220615193000","71","1","屏東縣","恆春鎮","120.765","22.000","66"
"46","60732","20220615193000","52","0","屏東縣","牡丹鄉","120.815","22.075","50"
"110","60771","20220615193000","110","1","屏東縣","滿州鄉","120.890","22.140","39"
"63","60778","20220615193000","55","1","屏東縣","牡丹鄉","120.880","22.155","79"
"30","60784","20220615193000","33","0","屏東縣","牡丹鄉","120.880","22.160","18"
"233","60791","20220615193000","141","3","屏東縣","牡丹鄉","120.890","22.165","175"
"88","60821","20220615193000","83","1","屏東縣","牡丹鄉","120.880","22.185","69"
"20","60825","20220615193000","23","0","屏東縣","牡丹鄉","120.880","22.190","37"
"67","60827","20220615193000","62","1","屏東縣","牡丹鄉","120.885","22.190","68"
"38","60884","20220615193000","20","3","屏東縣","牡丹鄉","120.850","22.185","42"
"152","60907","20220615193000","64","3","屏東縣","牡丹鄉","120.855","22.200","70"
"23","60936","20220615193000","21","1","屏東縣","牡丹鄉","120.815","22.150","27"
"78","60994","20220615193000","60","2","屏東縣","牡丹鄉","120.835","22.175","84"
"87","61141","20220615193000","61","2","屏東縣","牡丹鄉","120.770","22.125","104"
"268","61160","20220615193000","224","1","屏東縣","牡丹鄉","120.780","22.130","251"
"13","61331","20220615193000","78","0","屏東縣","牡丹鄉","120.840","22.115","23"
"185","61332","20220615193000","165","1","屏東縣","牡丹鄉","120.845","22.115","191"
"11","61377","20220615193000","10","1","屏東縣","牡丹鄉","120.885","22.140","11"
"21","61398","20220615193000","15","2","屏東縣","牡丹鄉","120.875","22.150","21"
"156","61441","20220615193000","67","3","臺東縣","大武鄉","120.880","22.325","123"
"11","61464","20220615193000","15","0","臺東縣","大武鄉","120.880","22.360","11"
"76","61469","20220615193000","173","0","臺東縣","大武鄉","120.905","22.360","80"
"35","61471","20220615193000","136","0","臺東縣","大武鄉","120.900","22.365","30"
"464","61472","20220615193000","276","3","臺東縣","大武鄉","120.905","22.365","420"
"318","61501","20220615193000","281","1","臺東縣","大武鄉","120.910","22.380","328"
"147","61562","20220615193000","328","0","臺東縣","大武鄉","120.885","22.340","142"
"192","61604","20220615193000","204","0","臺東縣","蘭嶼鄉","121.525","22.080","236"
"246","61605","20220615193000","169","2","臺東縣","蘭嶼鄉","121.530","22.080","252"
"45","61620","20220615193000","58","0","臺東縣","蘭嶼鄉","121.590","22.005","46"
"198","61703","20220615193000","233","0","臺東縣","蘭嶼鄉","121.510","22.055","253"
"237","61734","20220615193000","261","0","臺東縣","蘭嶼鄉","121.555","22.025","233"
"44","61738","20220615193000","31","2","臺東縣","蘭嶼鄉","121.535","22.030","36"
"118","61830","20220615193000","83","2","臺東縣","達仁鄉","120.885","22.285","128"
"14","61910","20220615193000","55","0","臺東縣","達仁鄉","120.870","22.290","66"
"165","61933","20220615193000","122","2","臺東縣","達仁鄉","120.885","22.295","182"
"49","62017","20220615193000","40","2","臺東縣","達仁鄉","120.855","22.320","54"
"87","62301","20220615193000","54","3","臺東縣","達仁鄉","120.860","22.380","82"
"61","62355","20220615193000","36","3","臺東縣","達仁鄉","120.855","22.390","75"
"12","62465","20220615193000","12","1","臺東縣","達仁鄉","120.840","22.265","14"
"47","62479","20220615193000","34","2","臺東縣","達仁鄉","120.855","22.275","37"
"71","62493","20220615193000","34","3","臺東縣","達仁鄉","120.875","22.290","46"
"58","63917","20220615193000","43","2","臺東縣","大武鄉","120.930","22.415","43"
"370","65292","20220615193000","278","2","屏東縣","東港鎮","120.480","22.430","310"
"26","72794","20220615193000","37","0","高雄市","小港區","120.360","22.510","32"
"30","72795","20220615193000","22","2","臺東縣","太麻里鄉","120.960","22.510","25"
"185","80997","20220615193000","155","1","屏東縣","新埤鄉","120.560","22.475","195"
"257","81026","20220615193000","154","3","屏東縣","新埤鄉","120.540","22.495","249"
"543","81045","20220615193000","460","1","屏東縣","新埤鄉","120.545","22.465","501"
"192","81049","20220615193000","91","3","屏東縣","新埤鄉","120.565","22.465","153"
"12","81063","20220615193000","12","1","屏東縣","新埤鄉","120.610","22.450","17"
"205","81079","20220615193000","137","2","屏東縣","新埤鄉","120.610","22.460","183"
"666","81134","20220615193000","548","2","屏東縣","新埤鄉","120.580","22.505","666"
"243","81174","20220615193000","213","1","屏東縣","新埤鄉","120.615","22.470","280"
"63","81486","20220615193000","50","2","屏東縣","春日鄉","120.630","22.425","60"
"269","81488","20220615193000","90","3","屏東縣","春日鄉","120.640","22.425","253"
"709","81506","20220615193000","432","3","屏東縣","新園鄉","120.435","22.500","716"
"72","81517","20220615193000","66","1","屏東縣","新園鄉","120.440","22.510","87"
"491","81529","20220615193000","456","1","屏東縣","萬巒鄉","120.610","22.590","467"
"1144","81547","20220615193000","1547","0","屏東縣","林邊鄉","120.515","22.435","1168"
"606","81552","20220615193000","416","2","屏東縣","林邊鄉","120.520","22.430","625"
"18","81557","20220615193000","22","0","屏東縣","林邊鄉","120.490","22.430","22"
"104","81560","20220615193000","44","3","屏東縣","東港鎮","120.495","22.460","124"
"249","81569","20220615193000","262","0","屏東縣","東港鎮","120.455","22.460","278"
"29","81573","20220615193000","32","0","屏東縣","東港鎮","120.465","22.440","33"
"70","81584","20220615193000","68","1","屏東縣","東港鎮","120.455","22.450","73"
"73","81816","20220615193000","55","2","屏東縣","來義鄉","120.680","22.525","74"
"48","81919","20220615193000","49","0","屏東縣","來義鄉","120.640","22.435","55"
"120","82042","20220615193000","75","3","屏東縣","來義鄉","120.635","22.525","106"
"20","82128","20220615193000","28","0","屏東縣","來義鄉","120.620","22.465","12"
"30","82186","20220615193000","36","0","屏東縣","來義鄉","120.665","22.560","31"
"701","82194","20220615193000","329","3","屏東縣","佳冬鄉","120.550","22.415","649"
"957","82204","20220615193000","792","2","屏東縣","佳冬鄉","120.545","22.415","986"
"704","82217","20220615193000","560","2","屏東縣","竹田鄉","120.515","22.575","725"
"22","82225","20220615193000","93","0","屏東縣","東港鎮","120.450","22.455","18"
"462","82239","20220615193000","161","3","屏東縣","東港鎮","120.495","22.455","434"
"89","82241","20220615193000","568","0","屏東縣","東港鎮","120.490","22.455","96"
"888","82243","20220615193000","722","2","屏東縣","東港鎮","120.445","22.465","801"
"447","82245","20220615193000","676","0","屏東縣","東港鎮","120.445","22.460","471"
"1157","82256","20220615193000","1025","1","屏東縣","東港鎮","120.455","22.470","1129"
"188","82257","20220615193000","85","3","屏東縣","東港鎮","120.460","22.470","166"
"1953","82262","20220615193000","927","3","屏東縣","東港鎮","120.460","22.475","1796"
"392","82266","20220615193000","534","0","屏東縣","東港鎮","120.465","22.480","364"
"213","82270","20220615193000","442","0","屏東縣","東港鎮","120.475","22.485","750"
"51","82283","20220615193000","51","1","屏東縣","泰武鄉","120.625","22.590","40"
"114","82284","20220615193000","99","1","屏東縣","泰武鄉","120.635","22.590","103"
"469","82290","20220615193000","346","2","屏東縣","林邊鄉","120.520","22.435","441"
"532","82303","20220615193000","359","2","屏東縣","新園鄉","120.460","22.540","474"
"919","82306","20220615193000","806","1","屏東縣","新園鄉","120.460","22.545","957"
"171","82311","20220615193000","570","0","屏東縣","東港鎮","120.450","22.470","185"
"22","82316","20220615193000","14","3","屏東縣","竹田鄉","120.540","22.570","29"
"536","82324","20220615193000","573","0","屏東縣","竹田鄉","120.540","22.585","566"
"79","82325","20220615193000","91","0","屏東縣","竹田鄉","120.545","22.585","90"
"700","82333","20220615193000","648","1","屏東縣","新園鄉","120.455","22.525","764"
"344","82340","20220615193000","257","2","屏東縣","新園鄉","120.465","22.530","327"
"325","82347","20220615193000","234","2","屏東縣","新園鄉","120.440","22.475","346"
"283","82362","20220615193000","321","0","屏東縣","萬丹鄉","120.460","22.590","319"
"96","82367","20220615193000","60","3","屏東縣","萬丹鄉","120.465","22.595","78"
"550","82441","20220615193000","227","3","屏東縣","泰武鄉","120.650","22.570","503"
"35","82445","20220615193000","170","0","屏東縣","泰武鄉","120.635","22.580","42"
"53","82467","20220615193000","70","0","屏東縣","泰武鄉","120.660","22.570","62"
"55","82513","20220615193000","29","3","屏東縣","泰武鄉","120.665","22.585","56"
"16","82564","20220615193000","53","0","屏東縣","萬丹鄉","120.485","22.570","17"
"38","82568","20220615193000","30","2","屏東縣","萬丹鄉","120.490","22.575","45"
"515","82569","20220615193000","292","3","屏東縣","新園鄉","120.450","22.475","370"
"410","82576","20220615193000","266","3","屏東縣","新園鄉","120.445","22.515","371"
"259","82591","20220615193000","151","3","屏東縣","新園鄉","120.450","22.525","241"
"59","82614","20220615193000","329","0","屏東縣","佳冬鄉","120.515","22.415","64"
"57","82630","20220615193000","393","0","屏東縣","佳冬鄉","120.560","22.430","66"
"334","82634","20220615193000","496","0","屏東縣","佳冬鄉","120.560","22.435","315"
"78","82638","20220615193000","63","2","屏東縣","佳冬鄉","120.535","22.425","81"
"442","82649","20220615193000","596","0","屏東縣","佳冬鄉","120.555","22.420","406"
"182","82700","20220615193000","182","1","屏東縣","來義鄉","120.635","22.515","200"
"77","82715","20220615193000","41","3","屏東縣","來義鄉","120.660","22.525","77"
"23","82720","20220615193000","101","0","屏東縣","南州鄉","120.500","22.480","27"
"18","82722","20220615193000","97","0","屏東縣","南州鄉","120.490","22.485","20"
"295","82723","20220615193000","163","3","屏東縣","南州鄉","120.495","22.485","261"
"355","82736","20220615193000","221","3","屏東縣","南州鄉","120.530","22.465","338"
"21","82738","20220615193000","14","3","屏東縣","南州鄉","120.525","22.470","18"
"308","82740","20220615193000","205","3","屏東縣","南州鄉","120.535","22.470","316"
"646","82742","20220615193000","677","0","屏東縣","南州鄉","120.520","22.475","662"
"201","82751","20220615193000","145","2","屏東縣","南州鄉","120.540","22.485","214"
"81","82754","20220615193000","45","3","屏東縣","南州鄉","120.535","22.490","61"
"64","82763","20220615193000","24","3","屏東縣","崁頂鄉","120.520","22.495","54"
"193","82767","20220615193000","66","3","屏東縣","內埔鄉","120.560","22.585","151"
"58","82779","20220615193000","176","0","屏東縣","萬丹鄉","120.495","22.550","48"
"526","82796","20220615193000","462","1","屏東縣","新園鄉","120.460","22.505","565"
"156","82807","20220615193000","307","0","屏東縣","崁頂鄉","120.505","22.540","166"
"426","82809","20220615193000","296","2","屏東縣","崁頂鄉","120.515","22.540","357"
"410","82821","20220615193000","299","2","屏東縣","崁頂鄉","120.490","22.510","371"
"201","82835","20220615193000","120","3","屏東縣","崁頂鄉","120.520","22.530","175"
"1058","82839","20220615193000","691","3","屏東縣","南州鄉","120.510","22.495","1063"
"89","82881","20220615193000","193","0","屏東縣","佳冬鄉","120.560","22.445","61"
"180","82883","20220615193000","86","3","屏東縣","佳冬鄉","120.560","22.450","148"
"220","82893","20220615193000","223","0","屏東縣","萬丹鄉","120.495","22.545","240"
"75","82901","20220615193000","48","3","屏東縣","崁頂鄉","120.510","22.510","60"
"436","82906","20220615193000","461","0","屏東縣","崁頂鄉","120.515","22.515","413"
"51","82941","20220615193000","32","3","屏東縣","崁頂鄉","120.490","22.500","34"
"28","82951","20220615193000","31","0","屏東縣","內埔鄉","120.570","22.590","17"
"900","82954","20220615193000","473","3","屏東縣","新園鄉","120.460","22.495","669"
"147","82963","20220615193000","141","1","屏東縣","新園鄉","120.475","22.550","152"
"470","82970","20220615193000","497","0","屏東縣","新園鄉","120.455","22.545","502"
"277","82987","20220615193000","508","0","屏東縣","新園鄉","120.460","22.490","912"
"121","82992","20220615193000","413","0","屏東縣","新園鄉","120.445","22.500","112"
"14","82996","20220615193000","17","0","屏東縣","新園鄉","120.445","22.475","12"
"429","82997","20220615193000","240","3","屏東縣","新園鄉","120.440","22.480","456"
"217","82998","20220615193000","207","1","屏東縣","新園鄉","120.445","22.480","214"
"139","83002","20220615193000","64","3","屏東縣","新園鄉","120.440","22.485","130"
"124","83015","20220615193000","132","0","屏東縣","新埤鄉","120.550","22.505","111"
"613","83024","20220615193000","414","2","屏東縣","潮州鎮","120.530","22.545","590"
"1630","83025","20220615193000","1362","1","屏東縣","潮州鎮","120.535","22.545","1697"
"16","83041","20220615193000","14","1","屏東縣","潮州鎮","120.590","22.540","10"
"190","83047","20220615193000","178","1","屏東縣","潮州鎮","120.555","22.550","156"
"490","83049","20220615193000","278","3","屏東縣","潮州鎮","120.565","22.550","441"
"466","83055","20220615193000","461","1","屏東縣","萬丹鄉","120.470","22.560","504"
"96","83064","20220615193000","216","0","屏東縣","萬巒鄉","120.600","22.590","87"
"10","83074","20220615193000","27","0","屏東縣","東港鎮","120.480","22.455","10"
"472","83080","20220615193000","671","0","屏東縣","東港鎮","120.450","22.465","456"
"481","83093","20220615193000","259","3","屏東縣","萬巒鄉","120.595","22.565","432"
"132","83095","20220615193000","307","0","屏東縣","萬巒鄉","120.605","22.565","143"
"234","83096","20220615193000","127","3","屏東縣","萬巒鄉","120.600","22.570","205"
"24","83099","20220615193000","43","0","屏東縣","萬巒鄉","120.595","22.570","20"
"276","83142","20220615193000","173","3","屏東縣","新埤鄉","120.625","22.525","283"
"47","83161","20220615193000","434","0","屏東縣","萬巒鄉","120.620","22.545","39"
"395","83162","20220615193000","468","0","屏東縣","泰武鄉","120.625","22.545","416"
"215","83177","20220615193000","141","3","屏東縣","萬巒鄉","120.580","22.590","201"
"575","83201","20220615193000","501","1","屏東縣","萬巒鄉","120.570","22.570","628"
"345","83206","20220615193000","397","0","屏東縣","萬巒鄉","120.565","22.575","349"
"289","83210","20220615193000","164","3","屏東縣","內埔鄉","120.565","22.580","300"
"35","83216","20220615193000","15","3","屏東縣","萬丹鄉","120.485","22.555","25"
"35","83222","20220615193000","95","0","屏東縣","東港鎮","120.470","22.485","23"
"101","83231","20220615193000","36","3","屏東縣","東港鎮","120.460","22.460","82"
"968","83232","20220615193000","721","2","屏東縣","東港鎮","120.465","22.460","951"
"1014","83234","20220615193000","1060","0","屏東縣","東港鎮","120.455","22.465","982"
"191","83235","20220615193000","93","3","屏東縣","東港鎮","120.460","22.465","198"
"415","83236","20220615193000","1145","0","屏東縣","東港鎮","120.465","22.465","415"
"28","83237","20220615193000","13","3","屏東縣","東港鎮","120.470","22.465","24"
"488","83241","20220615193000","641","0","屏東縣","東港鎮","120.440","22.460","528"
"710","83257","20220615193000","901","0","屏東縣","竹田鄉","120.525","22.575","720"
"165","83258","20220615193000","151","1","屏東縣","潮州鎮","120.530","22.525","167"
"301","83261","20220615193000","197","3","屏東縣","潮州鎮","120.540","22.525","267"
"223","83267","20220615193000","167","2","屏東縣","潮州鎮","120.535","22.535","229"
"440","83269","20220615193000","281","3","屏東縣","潮州鎮","120.535","22.540","460"
"122","83271","20220615193000","95","2","屏東縣","枋寮鄉","120.580","22.410","112"
"216","83278","20220615193000","96","3","屏東縣","枋寮鄉","120.580","22.415","164"
"45","83323","20220615193000","69","0","屏東縣","枋寮鄉","120.620","22.425","45"
"79","83342","20220615193000","41","3","屏東縣","枋寮鄉","120.595","22.435","54"
"282","83378","20220615193000","228","2","屏東縣","萬丹鄉","120.460","22.575","295"
"81","83380","20220615193000","36","3","屏東縣","萬丹鄉","120.470","22.575","63"
"14","83382","20220615193000","13","1","屏東縣","竹田鄉","120.530","22.595","14"
"363","83383","20220615193000","265","2","屏東縣","竹田鄉","120.535","22.595","335"
"21","83404","20220615193000","19","1","屏東縣","林邊鄉","120.505","22.435","25"
"103","83414","20220615193000","56","3","屏東縣","林邊鄉","120.525","22.455","81"
"220","83430","20220615193000","189","1","屏東縣","萬丹鄉","120.485","22.580","230"
"518","83431","20220615193000","398","2","屏東縣","萬丹鄉","120.490","22.580","505"
"113","83433","20220615193000","76","2","屏東縣","萬丹鄉","120.480","22.565","98"
"801","83435","20220615193000","791","1","屏東縣","竹田鄉","120.490","22.565","822"
"252","83437","20220615193000","145","3","屏東縣","萬丹鄉","120.480","22.570","219"
"41","83438","20220615193000","37","1","屏東縣","萬丹鄉","120.490","22.550","38"
"34","83439","20220615193000","50","0","屏東縣","萬丹鄉","120.490","22.555","52"
"698","83442","20220615193000","771","0","屏東縣","潮州鎮","120.545","22.545","729"
"459","83443","20220615193000","295","3","屏東縣","潮州鎮","120.550","22.545","427"
"1097","83448","20220615193000","848","2","屏東縣","潮州鎮","120.550","22.555","1111"
"366","83455","20220615193000","459","0","屏東縣","潮州鎮","120.560","22.515","520"
"142","83457","20220615193000","154","0","屏東縣","潮州鎮","120.570","22.515","101"
"637","83473","20220615193000","666","0","屏東縣","潮州鎮","120.530","22.560","684"
"348","83483","20220615193000","370","0","屏東縣","萬丹鄉","120.465","22.565","357"
"1644","83504","20220615193000","1266","2","屏東縣","潮州鎮","120.540","22.555","1579"
"53","83508","20220615193000","204","0","屏東縣","潮州鎮","120.550","22.560","45"
"495","83516","20220615193000","321","3","屏東縣","潮州鎮","120.540","22.545","471"
"25","83518","20220615193000","24","1","屏東縣","潮州鎮","120.545","22.550","25"
"440","83525","20220615193000","465","0","屏東縣","潮州鎮","120.530","22.540","474"
"204","83540","20220615193000","99","3","屏東縣","潮州鎮","120.580","22.555","211"
"1192","83567","20220615193000","1035","1","屏東縣","萬丹鄉","120.490","22.590","1160"
"18","83574","20220615193000","21","0","屏東縣","潮州鎮","120.550","22.535","29"
"435","83576","20220615193000","258","3","屏東縣","潮州鎮","120.550","22.540","369"
"1031","83577","20220615193000","700","2","屏東縣","潮州鎮","120.535","22.550","988"
"139","83578","20220615193000","1108","0","屏東縣","潮州鎮","120.535","22.555","98"
"138","83582","20220615193000","69","3","屏東縣","萬丹鄉","120.500","22.595","87"
"470","83585","20220615193000","461","1","屏東縣","萬丹鄉","120.485","22.585","452"
"370","83586","20220615193000","559","0","屏東縣","萬丹鄉","120.490","22.585","652"
"384","83599","20220615193000","325","1","屏東縣","南州鄉","120.505","22.490","403"
"715","83623","20220615193000","527","2","屏東縣","南州鄉","120.510","22.490","746"
"238","83624","20220615193000","159","2","屏東縣","潮州鎮","120.530","22.510","204"
"176","83625","20220615193000","149","1","屏東縣","潮州鎮","120.535","22.510","167"
"499","83646","20220615193000","312","3","屏東縣","潮州鎮","120.530","22.550","559"
"1223","83648","20220615193000","765","3","高雄市","鳳山區","120.325","22.595","1199"
"344","83650","20220615193000","473","0","高雄市","前鎮區","120.320","22.595","381"
"1466","83651","20220615193000","1815","0","高雄市","小港區","120.360","22.565","1346"
"206","83652","20220615193000","160","2","高雄市","小港區(海)","120.335","22.550","257"
"409","83653","20220615193000","302","2","高雄市","小港區","120.335","22.555","414"
"363","83655","20220615193000","279","2","高雄市","小港區","120.340","22.560","383"
"66","83657","20220615193000","76","0","高雄市","小港區","120.370","22.530","51"
"170","83658","20220615193000","244","0","高雄市","小港區","120.365","22.535","162"
"18","83660","20220615193000","194","0","高雄市","小港區","120.370","22.540","20"
"59","83661","20220615193000","39","3","高雄市","小港區","120.375","22.540","48"
"354","83662","20220615193000","209","3","高雄市","小港區","120.370","22.545","387"
"67","83666","20220615193000","72","0","高雄市","小港區","120.375","22.545","58"
"21","83669","20220615193000","155","0","高雄市","小港區","120.375","22.550","21"
"268","83670","20220615193000","81","3","高雄市","小港區","120.370","22.555","253"
"73","83671","20220615193000","700","0","高雄市","小港區","120.365","22.560","69"
"615","83673","20220615193000","636","0","高雄市","小港區","120.375","22.560","604"
"577","83674","20220615193000","1100","0","高雄市","小港區","120.365","22.565","546"
"320","83675","20220615193000","429","0","高雄市","小港區","120.370","22.565","368"
"1009","83677","20220615193000","1778","0","高雄市","小港區","120.355","22.570","892"
"707","83684","20220615193000","743","0","高雄市","大寮區","120.380","22.590","725"
"51","83692","20220615193000","544","0","高雄市","大寮區","120.385","22.590","45"
"631","83694","20220615193000","366","3","高雄市","大寮區","120.395","22.590","647"
"207","83701","20220615193000","241","0","高雄市","大寮區","120.420","22.585","196"
"36","83702","20220615193000","414","0","高雄市","大寮區","120.410","22.590","35"
"165","83703","20220615193000","109","3","高雄市","大寮區","120.415","22.590","158"
"1153","83704","20220615193000","1154","0","高雄市","大寮區","120.420","22.590","1193"
"503","83705","20220615193000","440","1","高雄市","大寮區","120.410","22.595","491"
"468","83706","20220615193000","316","2","高雄市","大寮區","120.415","22.595","462"
"19","83712","20220615193000","74","0","高雄市","前鎮區","120.310","22.580","25"
"71","83713","20220615193000","766","0","高雄市","小港區","120.345","22.565","77"
"71","83752","20220615193000","51","2","臺東縣","大武鄉","120.930","22.425","59"
"68","83802","20220615193000","67","1","臺東縣","大武鄉","120.925","22.415","89"
"35","83805","20220615193000","561","0","高雄市","小港區","120.345","22.525","29"
"135","83815","20220615193000","121","1","高雄市","林園區","120.405","22.495","122"
"40","83819","20220615193000","78","0","高雄市","林園區","120.400","22.500","44"
"17","83820","20220615193000","197","0","高雄市","林園區","120.410","22.495","17"
"381","83822","20220615193000","319","1","高雄市","林園區","120.390","22.505","344"
"90","83828","20220615193000","61","2","高雄市","林園區","120.415","22.485","84"
"506","83831","20220615193000","496","1","高雄市","前鎮區","120.315","22.580","460"
"1514","83836","20220615193000","1131","2","高雄市","大寮區","120.405","22.545","1528"
"53","83838","20220615193000","332","0","高雄市","前鎮區","120.300","22.590","58"
"37","83839","20220615193000","199","0","高雄市","前鎮區","120.300","22.585","41"
"219","83840","20220615193000","197","1","高雄市","前鎮區","120.295","22.590","230"
"180","83842","20220615193000","668","0","高雄市","前鎮區","120.305","22.590","328"
"191","83843","20220615193000","142","2","高雄市","前鎮區","120.290","22.595","167"
"328","83844","20220615193000","272","2","高雄市","前鎮區","120.295","22.595","360"
"315","83845","20220615193000","232","2","高雄市","前鎮區","120.310","22.585","209"
"203","83862","20220615193000","166","2","臺東縣","達仁鄉","120.905","22.475","205"
"178","84086","20220615193000","130","2","臺東縣","達仁鄉","120.885","22.455","197"
"284","84511","20220615193000","256","1","臺東縣","金峰鄉","120.960","22.595","325"
"220","85294","20220615193000","176","2","臺東縣","太麻里鄉","120.960","22.530","199"
"535","85296","20220615193000","444","2","高雄市","林園區","120.410","22.480","542"
"36","85297","20220615193000","22","3","高雄市","林園區","120.395","22.490","22"
"440","85301","20220615193000","379","1","高雄市","林園區","120.360","22.505","465"
"447","85302","20220615193000","350","2","高雄市","林園區","120.365","22.505","448"
"566","85305","20220615193000","1005","0","高雄市","小港區","120.335","22.560","546"
"499","85307","20220615193000","367","2","高雄市","鳳山區","120.345","22.585","468"
"700","85308","20220615193000","404","3","高雄市","鳳山區","120.355","22.590","769"
"755","85309","20220615193000","436","3","高雄市","鳳山區","120.360","22.590","709"
"140","85310","20220615193000","354","0","高雄市","鳳山區","120.365","22.590","117"
"1410","85311","20220615193000","1356","1","高雄市","鳳山區","120.355","22.595","1524"
"532","85315","20220615193000","417","2","高雄市","鳳山區","120.360","22.595","503"
"330","85322","20220615193000","530","0","高雄市","小港區","120.350","22.560","359"
"901","85323","20220615193000","662","2","高雄市","小港區","120.355","22.560","838"
"2067","85325","20220615193000","1443","2","高雄市","鳳山區","120.360","22.585","1935"
"124","85327","20220615193000","380","0","高雄市","小港區","120.370","22.570","102"
"148","85328","20220615193000","198","0","高雄市","小港區","120.355","22.565","148"
"412","85329","20220615193000","267","3","高雄市","小港區","120.375","22.570","391"
"45","85331","20220615193000","254","0","高雄市","小港區","120.370","22.575","51"
"807","85332","20220615193000","676","1","高雄市","小港區","120.375","22.575","812"
"106","85337","20220615193000","142","0","高雄市","小港區","120.355","22.540","106"
"123","85340","20220615193000","130","0","高雄市","小港區","120.350","22.540","86"
"345","85343","20220615193000","252","2","高雄市","小港區","120.360","22.540","352"
"133","85345","20220615193000","78","3","高雄市","小港區","120.340","22.545","77"
"229","85347","20220615193000","250","0","高雄市","小港區","120.350","22.545","253"
"60","85353","20220615193000","61","0","高雄市","小港區","120.350","22.550","60"
"110","85354","20220615193000","98","1","高雄市","小港區","120.355","22.550","116"
"318","85355","20220615193000","267","1","高雄市","小港區","120.360","22.550","277"
"49","85356","20220615193000","111","0","高雄市","小港區","120.345","22.555","47"
"311","85359","20220615193000","272","1","高雄市","小港區","120.355","22.555","304"
"339","85360","20220615193000","224","3","高雄市","小港區","120.345","22.560","346"
"93","85367","20220615193000","101","0","高雄市","小港區","120.345","22.530","112"
"56","85368","20220615193000","45","2","高雄市","小港區","120.350","22.530","52"
"197","85370","20220615193000","196","1","高雄市","小港區","120.355","22.530","203"
"358","85371","20220615193000","334","1","高雄市","小港區","120.360","22.530","364"
"164","85372","20220615193000","219","0","高雄市","小港區","120.335","22.535","150"
"178","85374","20220615193000","112","3","高雄市","小港區","120.345","22.535","134"
"162","85377","20220615193000","95","3","高雄市","小港區(海)","120.330","22.540","194"
"388","85382","20220615193000","186","3","高雄市","小港區","120.320","22.545","352"
"953","85384","20220615193000","1066","0","高雄市","前鎮區","120.325","22.570","906"
"1053","85385","20220615193000","966","1","高雄市","前鎮區","120.325","22.575","1133"
"885","85386","20220615193000","1288","0","高雄市","前鎮區","120.315","22.590","1588"
"351","85387","20220615193000","398","0","高雄市","前鎮區","120.305","22.595","386"
"635","85389","20220615193000","825","0","高雄市","前鎮區","120.310","22.595","607"
"719","85391","20220615193000","422","3","高雄市","前鎮區","120.315","22.575","700"
"331","85392","20220615193000","317","1","高雄市","前鎮區","120.320","22.575","341"
"1183","85393","20220615193000","1535","0","高雄市","前鎮區","120.325","22.580","1074"
"892","85396","20220615193000","1062","0","高雄市","前鎮區","120.330","22.585","902"
"447","85398","20220615193000","635","0","高雄市","鳳山區","120.340","22.585","489"
"223","85400","20220615193000","168","2","臺東縣","太麻里鄉","120.940","22.460","208"
"31","85417","20220615193000","44","0","臺東縣","太麻里鄉","120.950","22.480","23"
"49","85451","20220615193000","53","0","臺東縣","太麻里鄉","120.955","22.510","46"
"154","85475","20220615193000","104","2","臺東縣","太麻里鄉","120.935","22.520","172"
"444","85487","20220615193000","516","0","高雄市","鳳山區","120.325","22.585","451"
"765","85489","20220615193000","513","2","高雄市","鳳山區","120.350","22.590","844"
"1582","85490","20220615193000","1032","3","高雄市","鳳山區","120.345","22.595","1427"
"639","85491","20220615193000","731","0","高雄市","鳳山區","120.330","22.590","628"
"2870","85492","20220615193000","1912","3","高雄市","鳳山區","120.325","22.590","2697"
"1000","85493","20220615193000","963","1","高雄市","前鎮區","120.320","22.585","1052"
"792","85496","20220615193000","914","0","高雄市","前鎮區","120.330","22.580","863"
"518","85517","20220615193000","511","1","高雄市","大寮區","120.410","22.560","499"
"281","85519","20220615193000","207","2","高雄市","大寮區","120.420","22.560","300"
"519","85533","20220615193000","386","2","高雄市","大寮區","120.405","22.580","468"
"1130","85535","20220615193000","1114","1","高雄市","鳳山區","120.335","22.595","1194"
"148","85536","20220615193000","418","0","高雄市","小港區","120.360","22.570","137"
"700","85537","20220615193000","610","1","高雄市","林園區","120.385","22.490","689"
"674","85543","20220615193000","528","2","高雄市","鳳山區","120.330","22.595","637"
"261","85544","20220615193000","239","1","高雄市","小港區","120.355","22.515","261"
"132","85546","20220615193000","140","0","高雄市","小港區","120.360","22.525","156"
"371","85559","20220615193000","389","0","臺東縣","太麻里鄉","120.965","22.530","399"
"12","85568","20220615193000","20","0","臺東縣","太麻里鄉","120.965","22.535","10"
"34","85590","20220615193000","20","3","臺東縣","太麻里鄉","120.965","22.545","24"
"79","85591","20220615193000","29","3","臺東縣","太麻里鄉","120.970","22.545","33"
"233","85656","20220615193000","136","3","臺東縣","太麻里鄉","120.990","22.575","216"
"52","85660","20220615193000","75","0","臺東縣","太麻里鄉","120.990","22.580","44"
"912","85678","20220615193000","593","3","高雄市","鳳山區","120.350","22.595","938"
"506","85680","20220615193000","540","0","高雄市","鳳山區","120.340","22.595","423"
"546","85681","20220615193000","480","1","高雄市","林園區","120.375","22.500","553"
"1307","85683","20220615193000","1089","2","高雄市","林園區","120.385","22.500","1332"
"156","85684","20220615193000","454","0","高雄市","林園區","120.395","22.485","108"
"237","85685","20220615193000","210","1","高雄市","林園區","120.375","22.505","243"
"546","85689","20220615193000","2275","0","高雄市","前鎮區","120.310","22.590","464"
"732","85700","20220615193000","720","1","高雄市","小港區","120.340","22.565","694"
"365","85708","20220615193000","316","1","高雄市","小港區","120.380","22.545","340"
"47","85713","20220615193000","93","0","高雄市","小港區","120.390","22.545","51"
"504","85719","20220615193000","395","2","高雄市","小港區","120.385","22.555","487"
"436","85721","20220615193000","450","0","高雄市","小港區","120.390","22.560","466"
"112","85723","20220615193000","176","0","高雄市","小港區","120.380","22.555","123"
"412","85724","20220615193000","228","3","高雄市","小港區","120.380","22.560","408"
"222","85725","20220615193000","100","3","高雄市","小港區","120.385","22.560","218"
"105","85726","20220615193000","149","0","高雄市","小港區","120.380","22.565","103"
"198","85727","20220615193000","122","3","高雄市","小港區","120.385","22.565","195"
"496","85728","20220615193000","304","3","高雄市","大寮區","120.400","22.590","470"
"19","85729","20220615193000","166","0","高雄市","大寮區","120.390","22.595","20"
"80","85731","20220615193000","53","3","高雄市","大寮區","120.415","22.535","67"
"132","85751","20220615193000","74","3","高雄市","大寮區","120.425","22.555","116"
"184","85754","20220615193000","164","1","高雄市","大寮區","120.425","22.560","213"
"1336","85755","20220615193000","1094","2","高雄市","前鎮區","120.315","22.585","1371"
"390","85756","20220615193000","226","3","高雄市","前鎮區","120.305","22.585","314"
"300","85758","20220615193000","538","0","高雄市","小港區","120.345","22.570","302"
"694","85759","20220615193000","1323","0","高雄市","小港區","120.350","22.570","628"
"379","85764","20220615193000","355","1","高雄市","小港區","120.350","22.575","340"
"336","85768","20220615193000","281","1","高雄市","小港區","120.350","22.580","334"
"571","85770","20220615193000","942","0","高雄市","鳳山區","120.350","22.585","596"
"2016","85771","20220615193000","2163","0","高雄市","鳳山區","120.355","22.585","2040"
"1927","85772","20220615193000","1983","0","高雄市","小港區","120.350","22.565","1889"
"28","85776","20220615193000","48","0","高雄市","小港區","120.325","22.565","15"
"762","85777","20220615193000","649","1","高雄市","小港區","120.330","22.565","809"
"563","85778","20220615193000","509","1","高雄市","前鎮區","120.330","22.570","570"
"1307","85779","20220615193000","996","2","高雄市","小港區","120.335","22.570","1264"
"333","85780","20220615193000","238","2","高雄市","小港區","120.335","22.565","332"
"25","85783","20220615193000","237","0","高雄市","小港區","120.360","22.515","13"
"512","85790","20220615193000","510","1","高雄市","鳳山區","120.340","22.590","571"
"492","85791","20220615193000","318","3","高雄市","鳳山區","120.345","22.590","439"
"1293","85793","20220615193000","1267","1","高雄市","鳳山區","120.335","22.590","1378"
"684","85794","20220615193000","339","3","高雄市","前鎮區","120.335","22.585","550"
"136","85806","20220615193000","151","0","高雄市","小港區(海)","120.330","22.550","204"
"164","85816","20220615193000","133","2","高雄市","小港區(海)","120.315","22.550","218"
"181","85817","20220615193000","122","2","高雄市","旗津區","120.310","22.555","217"
"59","85821","20220615193000","82","0","高雄市","旗津區(海)","120.300","22.575","50"
"21","85823","20220615193000","62","0","高雄市","前鎮區(海)","120.295","22.585","20"
"129","85826","20220615193000","269","0","高雄市","旗津區(海)","120.295","22.580","150"
"241","85827","20220615193000","159","3","高雄市","旗津區","120.290","22.585","263"
"45","85829","20220615193000","100","0","高雄市","大寮區","120.430","22.560","43"
"28","85834","20220615193000","54","0","高雄市","大寮區","120.430","22.565","24"
"170","85835","20220615193000","114","2","高雄市","大寮區","120.435","22.565","164"
"191","85837","20220615193000","111","3","高雄市","大寮區","120.420","22.570","153"
"501","85839","20220615193000","439","1","高雄市","大寮區","120.430","22.570","486"
"118","85845","20220615193000","90","2","高雄市","大寮區","120.435","22.580","117"
"92","85858","20220615193000","101","0","高雄市","大寮區","120.410","22.575","94"
"334","85859","20220615193000","315","1","高雄市","大寮區","120.415","22.575","319"
"216","85864","20220615193000","207","1","高雄市","大寮區","120.420","22.580","227"
"367","85865","20220615193000","355","1","高雄市","大寮區","120.425","22.580","352"
"60","85866","20220615193000","447","0","高雄市","大寮區","120.430","22.580","71"
"81","85867","20220615193000","93","0","高雄市","大寮區","120.425","22.585","87"
"77","85869","20220615193000","81","0","高雄市","大寮區","120.435","22.585","79"
"28","85872","20220615193000","189","0","高雄市","大寮區","120.425","22.590","17"
"313","85873","20220615193000","346","0","高雄市","大寮區","120.430","22.590","320"
"40","85880","20220615193000","351","0","高雄市","大寮區","120.400","22.595","36"
"571","85881","20220615193000","519","1","高雄市","大寮區","120.405","22.595","578"
"446","85887","20220615193000","297","3","高雄市","前鎮區","120.320","22.570","394"
"105","85888","20220615193000","140","0","高雄市","前鎮區(海)","120.305","22.575","164"
"671","85894","20220615193000","438","3","高雄市","小港區","120.365","22.585","642"
"1114","85896","20220615193000","707","3","高雄市","前鎮區","120.320","22.590","977"
"382","85897","20220615193000","380","1","高雄市","林園區","120.395","22.505","368"
"1561","85898","20220615193000","1259","2","高雄市","林園區","120.395","22.510","1665"
"220","85910","20220615193000","178","2","高雄市","林園區","120.405","22.500","242"
"209","85911","20220615193000","145","2","高雄市","林園區","120.410","22.500","146"
"378","85915","20220615193000","301","2","高雄市","林園區","120.405","22.505","325"
"56","85916","20220615193000","42","2","高雄市","林園區","120.410","22.505","61"
"239","85920","20220615193000","207","1","高雄市","林園區","120.405","22.510","222"
"499","85929","20220615193000","303","3","高雄市","林園區","120.405","22.520","429"
"227","85936","20220615193000","230","0","高雄市","林園區","120.390","22.525","221"
"149","85937","20220615193000","198","0","高雄市","林園區","120.395","22.525","155"
"25","85945","20220615193000","179","0","高雄市","前鎮區","120.300","22.595","34"
"1181","85946","20220615193000","900","2","高雄市","前鎮區","120.325","22.600","1223"
"182","85948","20220615193000","489","0","高雄市","林園區","120.390","22.510","169"
"13","85949","20220615193000","12","1","高雄市","林園區","120.390","22.515","12"
"200","85950","20220615193000","160","2","高雄市","林園區","120.400","22.480","206"
"262","85953","20220615193000","131","3","高雄市","旗津區","120.310","22.560","280"
"93","85954","20220615193000","79","1","高雄市","旗津區","120.305","22.565","111"
"318","85955","20220615193000","359","0","高雄市","旗津區","120.300","22.570","341"
"100","85960","20220615193000","302","0","高雄市","林園區","120.395","22.530","75"
"247","85961","20220615193000","275","0","高雄市","林園區","120.400","22.530","268"
"25","85963","20220615193000","27","0","高雄市","林園區","120.385","22.505","22"
"106","85971","20220615193000","276","0","高雄市","旗津區","120.280","22.595","105"
"237","85972","20220615193000","182","2","高雄市","旗津區","120.285","22.585","218"
"201","85975","20220615193000","154","2","高雄市","旗津區","120.285","22.590","191"
"650","85978","20220615193000","517","2","高雄市","林園區","120.390","22.500","627"
"124","85982","20220615193000","819","0","高雄市","林園區","120.380","22.500","126"
"124","85983","20220615193000","804","0","高雄市","林園區","120.395","22.500","125"
"108","85988","20220615193000","137","0","高雄市","林園區","120.395","22.535","159"
"374","85989","20220615193000","252","2","高雄市","林園區","120.400","22.535","398"
"181","88407","20220615193000","291","0","高雄市","鼓山區","120.260","22.625","99"
"21","90458","20220615193000","15","2","臺東縣","綠島鄉","121.470","22.645","33"
"248","93129","20220615193000","121","3","臺東縣","綠島鄉","121.485","22.680","203"
"314","94971","20220615193000","246","2","高雄市","左營區","120.275","22.700","397"
"49","97490","20220615193000","499","0","屏東縣","屏東市","120.480","22.650","31"
"354","97491","20220615193000","332","1","屏東縣","屏東市","120.485","22.650","413"
"281","97497","20220615193000","392","0","屏東縣","屏東市","120.485","22.645","315"
"26","97500","20220615193000","35","0","屏東縣","屏東市","120.500","22.660","26"
"531","97501","20220615193000","449","1","屏東縣","屏東市","120.500","22.665","431"
"82","97502","20220615193000","364","0","屏東縣","九如鄉","120.490","22.730","81"
"1042","97503","20220615193000","900","1","屏東縣","九如鄉","120.490","22.735","1135"
"535","97504","20220615193000","240","3","屏東縣","九如鄉","120.490","22.710","499"
"37","97506","20220615193000","47","0","屏東縣","九如鄉","120.490","22.715","27"
"534","97516","20220615193000","326","3","屏東縣","九如鄉","120.500","22.735","538"
"163","97518","20220615193000","96","3","屏東縣","九如鄉","120.505","22.735","121"
"449","97519","20220615193000","338","2","屏東縣","屏東市","120.475","22.655","402"
"343","97520","20220615193000","208","3","屏東縣","屏東市","120.480","22.655","356"
"37","97527","20220615193000","28","2","屏東縣","屏東市","120.450","22.635","35"
"64","97528","20220615193000","91","0","屏東縣","屏東市","120.455","22.635","48"
"51","97529","20220615193000","35","2","屏東縣","屏東市","120.460","22.635","43"
"55","97534","20220615193000","30","3","屏東縣","屏東市","120.455","22.640","66"
"40","97542","20220615193000","33","2","屏東縣","屏東市","120.495","22.625","45"
"584","97544","20220615193000","471","2","屏東縣","屏東市","120.505","22.625","585"
"1925","97550","20220615193000","1708","1","屏東縣","長治鄉","120.510","22.680","1945"
"25","97551","20220615193000","23","1","屏東縣","屏東市","120.475","22.665","16"
"856","97552","20220615193000","711","2","屏東縣","屏東市","120.485","22.670","864"
"109","97565","20220615193000","65","3","屏東縣","內埔鄉","120.570","22.650","109"
"28","97566","20220615193000","133","0","屏東縣","內埔鄉","120.575","22.650","30"
"23","97567","20220615193000","33","0","屏東縣","內埔鄉","120.560","22.655","28"
"11","97573","20220615193000","10","1","屏東縣","內埔鄉","120.565","22.660","11"
"21","97581","20220615193000","10","3","屏東縣","內埔鄉","120.585","22.665","19"
"464","97588","20220615193000","286","3","屏東縣","屏東市","120.505","22.690","513"
"1351","97589","20220615193000","1813","0","屏東縣","屏東市","120.495","22.685","1507"
"31","97597","20220615193000","265","0","屏東縣","屏東市","120.510","22.700","24"
"56","97598","20220615193000","83","0","屏東縣","屏東市","120.495","22.705","65"
"226","97600","20220615193000","76","3","屏東縣","屏東市","120.505","22.705","210"
"1142","97606","20220615193000","1007","1","屏東縣","屏東市","120.475","22.660","1188"
"321","97607","20220615193000","409","0","屏東縣","屏東市","120.480","22.660","446"
"1905","97613","20220615193000","1259","3","屏東縣","屏東市","120.475","22.690","2065"
"77","97614","20220615193000","115","0","屏東縣","屏東市","120.470","22.690","69"
"35","97625","20220615193000","26","2","屏東縣","屏東市","120.485","22.700","49"
"395","97627","20220615193000","294","2","屏東縣","屏東市","120.480","22.670","399"
"703","97628","20220615193000","732","0","屏東縣","屏東市","120.495","22.670","614"
"299","97638","20220615193000","334","0","屏東縣","竹田鄉","120.525","22.605","349"
"919","97642","20220615193000","797","1","屏東縣","屏東市","120.495","22.665","970"
"511","97643","20220615193000","458","1","屏東縣","屏東市","120.480","22.640","497"
"499","97654","20220615193000","352","2","屏東縣","鹽埔鄉","120.605","22.725","494"
"35","97655","20220615193000","40","0","屏東縣","屏東市","120.500","22.650","31"
"43","97656","20220615193000","39","1","屏東縣","屏東市","120.505","22.650","40"
"565","97657","20220615193000","406","2","屏東縣","屏東市","120.480","22.675","556"
"1496","97658","20220615193000","1142","2","屏東縣","屏東市","120.490","22.655","1418"
"536","97660","20220615193000","490","1","屏東縣","屏東市","120.490","22.660","583"
"105","97661","20220615193000","69","3","屏東縣","屏東市","120.495","22.660","96"
"181","97663","20220615193000","100","3","屏東縣","屏東市","120.460","22.665","186"
"96","97701","20220615193000","634","0","屏東縣","鹽埔鄉","120.540","22.730","86"
"90","97715","20220615193000","332","0","屏東縣","鹽埔鄉","120.555","22.735","79"
"255","97722","20220615193000","142","3","屏東縣","鹽埔鄉","120.520","22.735","250"
"16","97743","20220615193000","18","0","屏東縣","長治鄉","120.525","22.690","16"
"187","97744","20220615193000","317","0","屏東縣","長治鄉","120.530","22.690","157"
"41","97746","20220615193000","28","2","屏東縣","長治鄉","120.530","22.695","41"
"369","97752","20220615193000","369","1","屏東縣","屏東市","120.485","22.655","345"
"862","97754","20220615193000","876","0","屏東縣","屏東市","120.490","22.675","726"
"356","97761","20220615193000","1038","0","屏東縣","屏東市","120.470","22.655","368"
"64","97765","20220615193000","45","2","屏東縣","屏東市","120.510","22.645","53"
"1010","97771","20220615193000","1344","0","屏東縣","屏東市","120.495","22.680","981"
"1479","97772","20220615193000","851","3","屏東縣","屏東市","120.495","22.675","1439"
"439","97773","20220615193000","573","0","屏東縣","屏東市","120.500","22.685","390"
"1971","97774","20220615193000","1643","1","屏東縣","屏東市","120.505","22.685","1851"
"954","97775","20220615193000","776","2","屏東縣","屏東市","120.510","22.685","1010"
"765","97777","20220615193000","735","1","屏東縣","屏東市","120.500","22.675","765"
"234","97783","20220615193000","80","3","屏東縣","內埔鄉","120.600","22.650","238"
"667","97786","20220615193000","810","0","屏東縣","內埔鄉","120.615","22.650","600"
"201","97791","20220615193000","701","0","屏東縣","內埔鄉","120.600","22.660","192"
"334","97800","20220615193000","201","3","屏東縣","麟洛鄉","120.535","22.650","298"
"285","97814","20220615193000","148","3","屏東縣","麟洛鄉","120.550","22.660","228"
"91","97818","20220615193000","82","1","屏東縣","麟洛鄉","120.535","22.665","91"
"64","97823","20220615193000","42","3","屏東縣","麟洛鄉","120.515","22.640","70"
"374","97842","20220615193000","249","3","屏東縣","麟洛鄉","120.520","22.645","340"
"11","97844","20220615193000","10","1","屏東縣","屏東市","120.515","22.650","11"
"61","97849","20220615193000","629","0","屏東縣","麟洛鄉","120.525","22.650","53"
"153","97851","20220615193000","507","0","屏東縣","麟洛鄉","120.520","22.655","137"
"131","97914","20220615193000","358","0","屏東縣","萬丹鄉","120.460","22.595","139"
"938","97916","20220615193000","872","1","屏東縣","屏東市","120.490","22.680","874"
"1110","97917","20220615193000","1208","0","屏東縣","屏東市","120.490","22.685","1206"
"1156","97918","20220615193000","886","2","屏東縣","屏東市","120.490","22.690","1340"
"560","97919","20220615193000","742","0","屏東縣","屏東市","120.505","22.670","587"
"1247","97920","20220615193000","1485","0","屏東縣","長治鄉","120.510","22.670","1277"
"304","97925","20220615193000","374","0","屏東縣","長治鄉","120.545","22.690","282"
"20","97933","20220615193000","15","2","屏東縣","屏東市","120.465","22.670","20"
"397","97947","20220615193000","319","2","屏東縣","屏東市","120.475","22.680","381"
"242","97948","20220615193000","384","0","屏東縣","屏東市","120.480","22.680","221"
"200","97953","20220615193000","303","0","屏東縣","屏東市","120.465","22.685","172"
"272","97954","20220615193000","190","2","屏東縣","屏東市","120.470","22.685","277"
"312","97955","20220615193000","478","0","屏東縣","屏東市","120.475","22.685","277"
"907","97964","20220615193000","1145","0","屏東縣","屏東市","120.510","22.655","996"
"415","97965","20220615193000","631","0","屏東縣","屏東市","120.505","22.660","454"
"261","97967","20220615193000","539","0","屏東縣","屏東市","120.515","22.660","219"
"734","97969","20220615193000","1026","0","屏東縣","屏東市","120.505","22.665","774"
"17","97973","20220615193000","12","2","屏東縣","屏東市","120.495","22.650","10"
"86","97974","20220615193000","1353","0","屏東縣","屏東市","120.505","22.675","72"
"412","97978","20220615193000","372","1","屏東縣","屏東市","120.475","22.670","426"
"539","97984","20220615193000","425","2","屏東縣","萬丹鄉","120.485","22.610","573"
"378","97985","20220615193000","235","3","屏東縣","萬丹鄉","120.490","22.610","339"
"72","97991","20220615193000","204","0","屏東縣","萬丹鄉","120.490","22.620","60"
"44","98035","20220615193000","31","2","屏東縣","泰武鄉","120.700","22.610","29"
"59","98173","20220615193000","139","0","屏東縣","泰武鄉","120.640","22.625","68"
"337","98233","20220615193000","545","0","屏東縣","萬丹鄉","120.470","22.620","352"
"309","98245","20220615193000","148","3","屏東縣","萬丹鄉","120.470","22.610","261"
"336","98249","20220615193000","181","3","屏東縣","內埔鄉","120.600","22.675","319"
"154","98252","20220615193000","60","3","屏東縣","內埔鄉","120.585","22.640","146"
"119","98255","20220615193000","567","0","屏東縣","內埔鄉","120.590","22.645","111"
"13","98264","20220615193000","258","0","屏東縣","瑪家鄉","120.645","22.695","13"
"301","98266","20220615193000","186","3","屏東縣","瑪家鄉","120.650","22.700","329"
"295","98270","20220615193000","331","0","屏東縣","內埔鄉","120.645","22.705","317"
"1115","98276","20220615193000","701","3","屏東縣","內埔鄉","120.565","22.635","1091"
"202","98277","20220615193000","147","2","屏東縣","內埔鄉","120.545","22.640","200"
"641","98281","20220615193000","557","1","屏東縣","麟洛鄉","120.540","22.645","671"
"314","98298","20220615193000","493","0","屏東縣","內埔鄉","120.555","22.600","312"
"714","98309","20220615193000","569","2","屏東縣","內埔鄉","120.595","22.630","782"
"475","98311","20220615193000","157","3","屏東縣","內埔鄉","120.590","22.635","465"
"176","98316","20220615193000","552","0","屏東縣","內埔鄉","120.600","22.640","187"
"49","98321","20220615193000","181","0","屏東縣","內埔鄉","120.605","22.645","38"
"66","98322","20220615193000","913","0","屏東縣","內埔鄉","120.610","22.645","48"
"133","98328","20220615193000","83","3","屏東縣","瑪家鄉","120.630","22.650","121"
"28","98341","20220615193000","324","0","屏東縣","內埔鄉","120.580","22.620","29"
"57","98346","20220615193000","21","3","屏東縣","內埔鄉","120.545","22.630","47"
"104","98348","20220615193000","314","0","屏東縣","內埔鄉","120.540","22.635","105"
"28","98355","20220615193000","12","3","屏東縣","內埔鄉","120.635","22.685","15"
"365","98362","20220615193000","229","3","屏東縣","內埔鄉","120.640","22.695","373"
"146","98378","20220615193000","351","0","屏東縣","長治鄉","120.550","22.680","157"
"101","98380","20220615193000","29","3","屏東縣","長治鄉","120.540","22.685","90"
"190","98392","20220615193000","526","0","屏東縣","長治鄉","120.550","22.695","191"
"139","98396","20220615193000","38","3","屏東縣","長治鄉","120.535","22.705","122"
"23","98403","20220615193000","14","3","屏東縣","長治鄉","120.525","22.710","22"
"619","98405","20220615193000","791","0","屏東縣","長治鄉","120.535","22.710","630"
"23","98406","20220615193000","167","0","屏東縣","長治鄉","120.540","22.710","20"
"234","98407","20220615193000","120","3","屏東縣","長治鄉","120.545","22.710","192"
"111","98408","20220615193000","299","0","屏東縣","長治鄉","120.525","22.715","149"
"110","98410","20220615193000","163","0","屏東縣","長治鄉","120.535","22.715","111"
"224","98418","20220615193000","475","0","屏東縣","萬丹鄉","120.470","22.615","242"
"220","98422","20220615193000","141","3","屏東縣","萬丹鄉","120.520","22.595","218"
"191","98443","20220615193000","200","0","屏東縣","屏東市","120.495","22.640","204"
"426","98446","20220615193000","376","1","屏東縣","屏東市","120.490","22.645","428"
"337","98453","20220615193000","178","3","屏東縣","屏東市","120.485","22.625","313"
"560","98457","20220615193000","495","1","屏東縣","屏東市","120.480","22.635","559"
"53","98458","20220615193000","42","2","屏東縣","屏東市","120.485","22.635","44"
"322","98459","20220615193000","251","2","屏東縣","屏東市","120.490","22.635","280"
"25","98460","20220615193000","371","0","屏東縣","屏東市","120.485","22.640","27"
"122","98462","20220615193000","594","0","屏東縣","內埔鄉","120.565","22.610","119"
"111","98463","20220615193000","49","3","屏東縣","內埔鄉","120.570","22.610","72"
"1062","98464","20220615193000","1155","0","屏東縣","內埔鄉","120.570","22.615","1106"
"563","98467","20220615193000","703","0","屏東縣","內埔鄉","120.560","22.605","565"
"61","98471","20220615193000","416","0","屏東縣","內埔鄉","120.560","22.600","53"
"250","98472","20220615193000","306","0","屏東縣","內埔鄉","120.565","22.600","317"
"77","98486","20220615193000","199","0","屏東縣","內埔鄉","120.595","22.675","75"
"1019","98496","20220615193000","1156","0","屏東縣","屏東市","120.485","22.685","1022"
"1078","98497","20220615193000","538","3","屏東縣","屏東市","120.480","22.690","1135"
"784","98498","20220615193000","759","1","屏東縣","屏東市","120.485","22.690","779"
"803","98502","20220615193000","739","1","屏東縣","內埔鄉","120.545","22.625","873"
"18","98511","20220615193000","18","1","屏東縣","內埔鄉","120.570","22.640","16"
"845","98532","20220615193000","786","1","屏東縣","內埔鄉","120.560","22.620","904"
"971","98533","20220615193000","565","3","屏東縣","內埔鄉","120.565","22.620","823"
"12","98542","20220615193000","12","1","屏東縣","內埔鄉","120.615","22.685","12"
"362","98544","20220615193000","311","1","屏東縣","內埔鄉","120.600","22.690","342"
"341","98558","20220615193000","335","1","屏東縣","內埔鄉","120.610","22.700","304"
"40","98563","20220615193000","16","3","屏東縣","內埔鄉","120.600","22.665","32"
"22","98566","20220615193000","15","2","屏東縣","內埔鄉","120.600","22.670","10"
"538","98589","20220615193000","450","1","屏東縣","屏東市","120.505","22.695","495"
"388","98591","20220615193000","337","1","屏東縣","屏東市","120.445","22.640","403"
"383","98594","20220615193000","317","2","屏東縣","屏東市","120.460","22.640","369"
"48","98596","20220615193000","176","0","屏東縣","屏東市","120.445","22.645","39"
"234","98598","20220615193000","214","1","屏東縣","屏東市","120.455","22.645","241"
"399","98607","20220615193000","249","3","屏東縣","屏東市","120.465","22.650","329"
"33","98616","20220615193000","29","1","屏東縣","屏東市","120.445","22.660","18"
"255","98633","20220615193000","225","1","屏東縣","三地門鄉","120.640","22.715","223"
"476","98636","20220615193000","418","1","屏東縣","三地門鄉","120.655","22.715","464"
"147","98648","20220615193000","82","3","屏東縣","三地門鄉","120.670","22.720","91"
"387","98723","20220615193000","311","2","屏東縣","屏東市","120.495","22.690","343"
"635","98724","20220615193000","501","2","屏東縣","屏東市","120.500","22.690","689"
"931","98725","20220615193000","827","1","屏東縣","屏東市","120.480","22.665","997"
"509","98726","20220615193000","343","2","屏東縣","屏東市","120.495","22.695","531"
"379","98729","20220615193000","285","2","屏東縣","屏東市","120.500","22.695","342"
"1623","98734","20220615193000","1114","2","屏東縣","屏東市","120.490","22.670","1555"
"91","98776","20220615193000","50","3","屏東縣","萬巒鄉","120.625","22.630","90"
"111","98782","20220615193000","44","3","屏東縣","萬巒鄉","120.625","22.640","89"
"58","98803","20220615193000","48","2","屏東縣","萬巒鄉","120.615","22.605","53"
"545","98804","20220615193000","307","3","屏東縣","萬巒鄉","120.620","22.605","537"
"87","98822","20220615193000","55","3","屏東縣","長治鄉","120.535","22.670","75"
"1386","98826","20220615193000","921","3","屏東縣","長治鄉","120.525","22.675","1513"
"289","98837","20220615193000","210","2","屏東縣","長治鄉","120.515","22.685","249"
"57","98842","20220615193000","997","0","屏東縣","長治鄉","120.510","22.665","49"
"410","98843","20220615193000","418","0","屏東縣","長治鄉","120.515","22.665","453"
"39","98844","20220615193000","45","0","屏東縣","長治鄉","120.520","22.665","33"
"15","98884","20220615193000","30","0","屏東縣","瑪家鄉","120.705","22.675","15"
"30","98968","20220615193000","141","0","屏東縣","瑪家鄉","120.670","22.675","352"
"45","99003","20220615193000","30","3","屏東縣","瑪家鄉","120.655","22.705","41"
"77","99078","20220615193000","120","0","屏東縣","瑪家鄉","120.640","22.685","87"
"11","99093","20220615193000","10","1","屏東縣","麟洛鄉","120.525","22.630","11"
"150","99094","20220615193000","98","3","屏東縣","竹田鄉","120.530","22.630","121"
"316","99099","20220615193000","232","2","屏東縣","竹田鄉","120.535","22.640","317"
"18","99104","20220615193000","21","0","屏東縣","竹田鄉","120.545","22.600","17"
"226","99110","20220615193000","225","1","屏東縣","竹田鄉","120.520","22.615","258"
"230","99116","20220615193000","251","0","屏東縣","竹田鄉","120.525","22.620","247"
"171","99293","20220615193000","466","0","屏東縣","萬丹鄉","120.465","22.605","177"
"418","99294","20220615193000","214","3","屏東縣","萬丹鄉","120.470","22.605","399"
"791","99299","20220615193000","635","2","屏東縣","萬丹鄉","120.495","22.595","751"
"558","99310","20220615193000","440","2","屏東縣","長治鄉","120.520","22.680","530"
"63","99313","20220615193000","84","0","屏東縣","長治鄉","120.525","22.685","61"
"55","99317","20220615193000","357","0","屏東縣","長治鄉","120.565","22.670","59"
"881","99340","20220615193000","389","3","屏東縣","長治鄉","120.590","22.695","883"
"507","99352","20220615193000","524","0","屏東縣","長治鄉","120.575","22.705","492"
"159","99358","20220615193000","85","3","屏東縣","長治鄉","120.580","22.710","154"
"45","99371","20220615193000","30","3","屏東縣","鹽埔鄉","120.580","22.720","39"
"240","99390","20220615193000","125","3","屏東縣","長治鄉","120.570","22.700","208"
"20","99607","20220615193000","16","2","屏東縣","高樹鄉","120.630","22.735","14"
"100","99617","20220615193000","40","3","屏東縣","萬丹鄉","120.450","22.620","108"
"56","99627","20220615193000","305","0","屏東縣","萬丹鄉","120.465","22.625","66"
"34","99670","20220615193000","135","0","屏東縣","九如鄉","120.485","22.735","33"
"939","99671","20220615193000","1281","0","屏東縣","屏東市","120.490","22.665","882"
"10","99677","20220615193000","21","0","屏東縣","屏東市","120.485","22.705","18"
"35","99680","20220615193000","122","0","屏東縣","九如鄉","120.480","22.710","31"
"424","99690","20220615193000","227","3","屏東縣","九如鄉","120.520","22.710","468"
"28","99705","20220615193000","102","0","屏東縣","九如鄉","120.505","22.725","22"
"412","99716","20220615193000","202","3","臺東縣","綠島鄉","121.470","22.670","322"
"235","99719","20220615193000","217","1","臺東縣","綠島鄉","121.470","22.675","277"
"18","99724","20220615193000","15","2","臺東縣","綠島鄉","121.495","22.640","24"
"59","99732","20220615193000","54","1","臺東縣","綠島鄉","121.500","22.645","63"
"48","99739","20220615193000","54","0","臺東縣","綠島鄉","121.505","22.655","41"
"218","99759","20220615193000","136","3","臺東縣","綠島鄉","121.490","22.675","211"
"20","99760","20220615193000","21","0","臺東縣","綠島鄉","121.495","22.675","23"
"86","99762","20220615193000","56","3","臺東縣","綠島鄉","121.505","22.675","91"
"51","99767","20220615193000","44","1","臺東縣","綠島鄉","121.475","22.650","43"
"62","99769","20220615193000","80","0","臺東縣","綠島鄉","121.485","22.650","89"
"136","99774","20220615193000","211","0","臺東縣","綠島鄉","121.475","22.660","153"
"178","99777","20220615193000","118","3","臺東縣","綠島鄉","121.470","22.665","151"
"655","99779","20220615193000","640","1","臺東縣","綠島鄉","121.465","22.670","593"
"563","99780","20220615193000","451","2","高雄市","楠梓區","120.295","22.715","568"
"183","99782","20220615193000","211","0","高雄市","楠梓區","120.305","22.710","201"
"1249","99783","20220615193000","721","3","高雄市","楠梓區","120.300","22.715","1121"
"934","99784","20220615193000","710","2","高雄市","楠梓區","120.305","22.715","915"
"158","99785","20220615193000","431","0","高雄市","楠梓區","120.310","22.715","171"
"519","99787","20220615193000","671","0","高雄市","前金區","120.290","22.625","492"
"1323","99788","20220615193000","1404","0","高雄市","前金區","120.300","22.620","1334"
"536","99792","20220615193000","505","1","臺東縣","臺東市","121.050","22.705","556"
"344","99796","20220615193000","418","0","臺東縣","臺東市","121.040","22.705","373"
"723","99800","20220615193000","551","2","臺東縣","臺東市","121.045","22.710","722"
"330","99817","20220615193000","221","2","臺東縣","臺東市","121.060","22.710","317"
"658","99819","20220615193000","708","0","臺東縣","臺東市","121.070","22.710","770"
"167","99837","20220615193000","99","3","臺東縣","臺東市","121.070","22.720","149"
"34","99854","20220615193000","57","0","臺東縣","臺東市","121.085","22.730","35"
"47","99856","20220615193000","53","0","高雄市","大寮區","120.415","22.620","61"
"74","99859","20220615193000","46","3","高雄市","大寮區","120.430","22.620","61"
"277","99862","20220615193000","315","0","高雄市","大寮區","120.425","22.625","310"
"17","99866","20220615193000","182","0","高雄市","大寮區","120.420","22.630","14"
"2794","99875","20220615193000","1605","3","高雄市","鳥松區","120.335","22.655","2624"
"474","99876","20220615193000","755","0","高雄市","前鎮區","120.315","22.595","473"
"1280","99877","20220615193000","1188","1","高雄市","三民區","120.320","22.670","1369"
"316","99885","20220615193000","288","1","臺東縣","臺東市","121.055","22.725","306"
"1213","99892","20220615193000","1391","0","高雄市","前鎮區","120.305","22.605","1264"
"1475","99893","20220615193000","1003","2","高雄市","前鎮區","120.315","22.615","1509"
"2013","99894","20220615193000","1535","2","高雄市","前鎮區","120.305","22.600","2024"
"1396","99895","20220615193000","1797","0","高雄市","前鎮區","120.330","22.610","1486"
"65","99897","20220615193000","107","0","高雄市","仁武區","120.330","22.705","53"
"648","99898","20220615193000","637","1","高雄市","仁武區","120.335","22.705","658"
"466","99899","20220615193000","502","0","高雄市","仁武區","120.330","22.710","485"
"528","99900","20220615193000","303","3","高雄市","仁武區","120.335","22.710","489"
"31","99901","20220615193000","34","0","高雄市","仁武區","120.330","22.715","33"
"274","99902","20220615193000","420","0","高雄市","楠梓區","120.330","22.720","295"
"21","99903","20220615193000","17","2","高雄市","三民區","120.290","22.640","18"
"100","99905","20220615193000","951","0","高雄市","仁武區","120.355","22.680","60"
"571","99906","20220615193000","1278","0","高雄市","仁武區","120.355","22.685","515"
"677","99908","20220615193000","551","2","高雄市","仁武區","120.345","22.685","649"
"179","99912","20220615193000","147","2","高雄市","仁武區","120.365","22.690","170"
"31","99913","20220615193000","20","3","高雄市","仁武區","120.370","22.690","25"
"176","99914","20220615193000","139","2","高雄市","仁武區","120.375","22.690","190"
"158","99919","20220615193000","97","3","高雄市","仁武區","120.375","22.695","140"
"644","99924","20220615193000","566","1","高雄市","仁武區","120.365","22.700","596"
"187","99927","20220615193000","155","2","高雄市","仁武區","120.380","22.700","170"
"300","99930","20220615193000","228","2","高雄市","仁武區","120.395","22.700","352"
"2072","99933","20220615193000","2351","0","高雄市","鹽埕區","120.285","22.630","2069"
"1232","99935","20220615193000","1730","0","高雄市","楠梓區","120.325","22.725","1383"
"544","99936","20220615193000","262","3","高雄市","楠梓區","120.315","22.735","461"
"971","99937","20220615193000","687","2","高雄市","楠梓區","120.320","22.730","920"
"1715","99940","20220615193000","1550","1","高雄市","楠梓區","120.300","22.710","1736"
"1803","99941","20220615193000","1830","0","高雄市","三民區","120.320","22.650","1750"
"2700","99942","20220615193000","3128","0","高雄市","前金區","120.295","22.630","2778"
"686","99943","20220615193000","879","0","高雄市","三民區","120.290","22.645","701"
"82","99944","20220615193000","947","0","高雄市","鳳山區","120.375","22.635","77"
"2165","99945","20220615193000","1635","2","高雄市","鳳山區","120.365","22.625","2262"
"679","99946","20220615193000","669","1","高雄市","鳳山區","120.370","22.625","706"
"28","99951","20220615193000","211","0","高雄市","大樹區","120.420","22.695","22"
"11","99963","20220615193000","280","0","高雄市","大樹區","120.415","22.685","12"
"22","99964","20220615193000","15","2","高雄市","大樹區","120.410","22.690","17"
"24","99968","20220615193000","12","3","高雄市","大樹區","120.405","22.690","18"
"107","99973","20220615193000","80","2","高雄市","大樹區","120.400","22.700","76"
"131","99976","20220615193000","205","0","高雄市","大社區","120.340","22.725","118"
"263","99979","20220615193000","398","0","高雄市","大社區","120.345","22.725","260"
"88","99983","20220615193000","576","0","高雄市","左營區","120.300","22.685","69"
"699","99984","20220615193000","477","2","高雄市","左營區","120.305","22.690","543"
"2458","99985","20220615193000","2906","0","高雄市","左營區","120.310","22.685","2396"
"1324","99987","20220615193000","825","3","高雄市","左營區","120.315","22.690","1439"
"1250","99989","20220615193000","1318","0","高雄市","新興區","120.305","22.630","1345"
"201","99990","20220615193000","296","0","高雄市","大寮區","120.385","22.615","195"
"872","99993","20220615193000","1014","0","高雄市","大寮區","120.380","22.620","980"
"476","99994","20220615193000","275","3","高雄市","大寮區","120.385","22.620","489"
"27","99999","20220615193000","22","2","高雄市","大寮區","120.375","22.600","27"
"1897","100002","20220615193000","2162","0","高雄市","三民區","120.295","22.635","2000"
"827","100003","20220615193000","1057","0","高雄市","前金區","120.300","22.625","900"
"1742","100004","20220615193000","2265","0","高雄市","新興區","120.300","22.630","1762"
"490","100005","20220615193000","1192","0","高雄市","大寮區","120.385","22.600","489"
"946","100007","20220615193000","748","2","高雄市","大寮區","120.385","22.610","813"
"242","100010","20220615193000","665","0","高雄市","苓雅區","120.330","22.625","228"
"2971","100011","20220615193000","2938","1","高雄市","鳳山區","120.360","22.635","3071"
"1049","100012","20220615193000","864","2","高雄市","鳳山區","120.365","22.630","1005"
"401","100013","20220615193000","297","2","高雄市","鳳山區","120.375","22.640","362"
"418","100014","20220615193000","1052","0","高雄市","鳳山區","120.350","22.615","402"
"3101","100015","20220615193000","2302","2","高雄市","楠梓區","120.300","22.725","3112"
"1436","100016","20220615193000","1065","2","高雄市","橋頭區","120.300","22.730","1342"
"976","100017","20220615193000","1929","0","高雄市","橋頭區","120.305","22.730","1943"
"802","100019","20220615193000","1376","0","高雄市","鳳山區","120.345","22.615","722"
"990","100021","20220615193000","269","3","高雄市","楠梓區","120.285","22.725","876"
"315","100022","20220615193000","1834","0","高雄市","楠梓區","120.290","22.725","322"
"683","100023","20220615193000","609","1","高雄市","橋頭區","120.295","22.730","728"
"229","100025","20220615193000","359","0","高雄市","楠梓區","120.285","22.730","231"
"24","100026","20220615193000","16","3","高雄市","楠梓區","120.290","22.730","26"
"1396","100028","20220615193000","1587","0","高雄市","楠梓區","120.290","22.715","1478"
"1424","100029","20220615193000","1591","0","高雄市","楠梓區","120.290","22.720","1603"
"1090","100032","20220615193000","1413","0","高雄市","苓雅區","120.300","22.610","1031"
"1424","100033","20220615193000","1168","2","高雄市","苓雅區","120.335","22.625","1401"
"3238","100034","20220615193000","3542","0","高雄市","前鎮區","120.310","22.615","3213"
"369","100038","20220615193000","373","0","高雄市","大寮區","120.405","22.640","367"
"344","100039","20220615193000","264","2","高雄市","大寮區","120.410","22.640","358"
"2987","100044","20220615193000","2522","1","高雄市","三民區","120.325","22.650","3121"
"784","100045","20220615193000","794","0","高雄市","三民區","120.320","22.655","845"
"949","100047","20220615193000","1463","0","高雄市","鳳山區","120.380","22.630","955"
"4775","100048","20220615193000","4365","1","高雄市","苓雅區","120.320","22.620","4830"
"3123","100049","20220615193000","3363","0","高雄市","新興區","120.310","22.630","3020"
"928","100050","20220615193000","781","1","高雄市","三民區","120.315","22.650","771"
"586","100052","20220615193000","1069","0","高雄市","三民區","120.315","22.655","596"
"2541","100053","20220615193000","1370","3","高雄市","三民區","120.330","22.640","2595"
"1519","100054","20220615193000","1100","2","高雄市","三民區","120.315","22.640","1534"
"300","100057","20220615193000","434","0","高雄市","前鎮區","120.285","22.605","280"
"230","100058","20220615193000","236","0","高雄市","前鎮區","120.290","22.605","248"
"673","100059","20220615193000","520","2","高雄市","前鎮區","120.300","22.605","712"
"85","100071","20220615193000","53","3","臺東縣","太麻里鄉","121.025","22.670","83"
"111","100074","20220615193000","133","0","臺東縣","太麻里鄉","121.040","22.670","137"
"134","100530","20220615193000","91","2","臺東縣","金峰鄉","120.950","22.640","96"
"158","100729","20220615193000","89","3","臺東縣","金峰鄉","121.000","22.635","179"
"1068","100742","20220615193000","971","1","高雄市","鳳山區","120.360","22.625","1075"
"1253","100743","20220615193000","1513","0","高雄市","三民區","120.305","22.640","1193"
"179","100744","20220615193000","1066","0","高雄市","楠梓區","120.295","22.725","186"
"2936","100745","20220615193000","2095","2","高雄市","楠梓區","120.300","22.720","2806"
"207","100746","20220615193000","140","2","高雄市","鳳山區","120.365","22.605","191"
"1213","100747","20220615193000","1347","0","高雄市","鳳山區","120.360","22.610","1152"
"567","100753","20220615193000","574","0","高雄市","鳳山區","120.355","22.605","587"
"187","100755","20220615193000","140","2","高雄市","鳳山區","120.365","22.615","157"
"141","100759","20220615193000","123","1","高雄市","左營區","120.295","22.695","186"
"205","100760","20220615193000","161","2","高雄市","左營區","120.295","22.700","151"
"2258","100762","20220615193000","1875","2","高雄市","三民區","120.315","22.645","2339"
"2842","100764","20220615193000","2221","2","高雄市","三民區","120.310","22.640","2856"
"1484","100765","20220615193000","1609","0","高雄市","前金區","120.290","22.630","1604"
"1786","100766","20220615193000","1291","2","高雄市","三民區","120.295","22.645","1877"
"85","100767","20220615193000","110","0","高雄市","仁武區","120.340","22.705","85"
"293","100768","20220615193000","1028","0","高雄市","仁武區","120.345","22.705","262"
"265","100771","20220615193000","195","2","高雄市","仁武區","120.340","22.715","233"
"850","100773","20220615193000","1115","0","高雄市","仁武區","120.350","22.690","1047"
"1015","100775","20220615193000","493","3","高雄市","仁武區","120.350","22.695","957"
"74","100777","20220615193000","625","0","高雄市","仁武區","120.355","22.700","72"
"74","100778","20220615193000","48","3","高雄市","仁武區","120.350","22.705","68"
"254","100779","20220615193000","259","0","高雄市","仁武區","120.355","22.705","253"
"345","100781","20220615193000","336","1","高雄市","仁武區","120.350","22.710","358"
"137","100783","20220615193000","156","0","高雄市","仁武區","120.345","22.715","146"
"92","100784","20220615193000","154","0","高雄市","仁武區","120.350","22.715","100"
"1269","100786","20220615193000","1752","0","高雄市","前鎮區","120.335","22.605","1295"
"3199","100787","20220615193000","2533","2","高雄市","前鎮區","120.330","22.600","3002"
"2413","100788","20220615193000","2230","1","高雄市","三民區","120.335","22.650","2624"
"910","100789","20220615193000","997","0","高雄市","三民區","120.325","22.655","885"
"40","100790","20220615193000","20","3","臺東縣","太麻里鄉","120.975","22.600","34"
"629","100808","20220615193000","643","0","臺東縣","太麻里鄉","121.005","22.610","649"
"2669","100829","20220615193000","2541","1","高雄市","苓雅區","120.340","22.630","2671"
"1839","100830","20220615193000","2356","0","高雄市","鳳山區","120.345","22.630","1965"
"1119","100831","20220615193000","2185","0","高雄市","鳳山區","120.365","22.640","1225"
"2206","100832","20220615193000","1855","1","高雄市","苓雅區","120.325","22.615","2267"
"2668","100833","20220615193000","2413","1","高雄市","左營區","120.305","22.660","2480"
"3849","100834","20220615193000","3690","1","高雄市","左營區","120.310","22.660","3703"
"3849","100835","20220615193000","3402","1","高雄市","左營區","120.305","22.665","3568"
"1960","100836","20220615193000","3074","0","高雄市","左營區","120.310","22.665","2114"
"2234","100837","20220615193000","2347","0","高雄市","左營區","120.300","22.670","2129"
"2465","100838","20220615193000","2944","0","高雄市","左營區","120.305","22.670","2457"
"2742","100839","20220615193000","2499","1","高雄市","左營區","120.300","22.680","2841"
"1659","100842","20220615193000","2294","0","高雄市","新興區","120.305","22.635","1685"
"56","100844","20220615193000","37","3","高雄市","大寮區","120.385","22.635","48"
"2049","100848","20220615193000","1713","1","高雄市","大寮區","120.395","22.640","2182"
"2388","100851","20220615193000","2123","1","高雄市","三民區","120.325","22.675","2401"
"2148","100852","20220615193000","1750","2","高雄市","三民區","120.325","22.660","2174"
"2383","100853","20220615193000","1662","2","高雄市","三民區","120.330","22.660","2471"
"1496","100854","20220615193000","2843","0","高雄市","三民區","120.325","22.665","1540"
"56","100855","20220615193000","495","0","高雄市","鳥松區","120.335","22.665","53"
"160","100856","20220615193000","851","0","高雄市","三民區","120.330","22.665","166"
"427","100858","20220615193000","571","0","高雄市","三民區","120.330","22.670","438"
"2937","100860","20220615193000","2625","1","高雄市","三民區","120.335","22.645","3124"
"436","100861","20220615193000","401","1","高雄市","前鎮區","120.310","22.605","421"
"3441","100862","20220615193000","3190","1","高雄市","前鎮區","120.310","22.610","3180"
"865","100863","20220615193000","1039","0","高雄市","前鎮區","120.315","22.610","820"
"517","100864","20220615193000","270","3","高雄市","左營區","120.290","22.700","477"
"1679","100865","20220615193000","1459","1","高雄市","左營區","120.285","22.680","1676"
"1026","100866","20220615193000","754","2","高雄市","左營區","120.290","22.680","1009"
"1099","100867","20220615193000","1496","0","高雄市","鳳山區","120.350","22.640","1095"
"2364","100868","20220615193000","1766","2","高雄市","鳳山區","120.350","22.630","2152"
"1229","100869","20220615193000","1939","0","高雄市","鳳山區","120.350","22.645","1084"
"1841","100870","20220615193000","1945","0","高雄市","鳳山區","120.350","22.635","1683"
"2174","100871","20220615193000","1925","1","高雄市","苓雅區","120.335","22.620","2181"
"1120","100872","20220615193000","2269","0","高雄市","鳳山區","120.340","22.600","1072"
"2739","100873","20220615193000","1594","3","高雄市","三民區","120.320","22.645","2712"
"2010","100874","20220615193000","1678","1","高雄市","三民區","120.325","22.645","2051"
"2006","100875","20220615193000","1526","2","高雄市","三民區","120.290","22.635","2044"
"1905","100877","20220615193000","1652","1","高雄市","三民區","120.325","22.670","1920"
"1392","100878","20220615193000","2321","0","高雄市","三民區","120.315","22.660","1397"
"2056","100879","20220615193000","1885","1","高雄市","三民區","120.320","22.660","1967"
"2977","100880","20220615193000","3490","0","高雄市","三民區","120.315","22.665","2731"
"396","100881","20220615193000","2764","0","高雄市","三民區","120.320","22.665","378"
"1608","100883","20220615193000","1159","2","高雄市","前鎮區","120.305","22.610","1400"
"301","100888","20220615193000","951","0","高雄市","大寮區","120.390","22.625","307"
"2591","100890","20220615193000","2274","1","高雄市","三民區","120.335","22.640","2634"
"2328","100891","20220615193000","2998","0","高雄市","鳳山區","120.345","22.635","2506"
"629","100909","20220615193000","559","1","臺東縣","臺東市","121.055","22.705","554"
"182","100915","20220615193000","159","1","臺東縣","太麻里鄉","121.010","22.625","170"
"93","100925","20220615193000","43","3","臺東縣","太麻里鄉","121.015","22.640","70"
"448","100938","20220615193000","358","2","臺東縣","臺東市","121.100","22.725","393"
"186","100946","20220615193000","340","0","高雄市","鳥松區","120.350","22.665","164"
"1581","100947","20220615193000","868","3","高雄市","鳥松區","120.355","22.665","1439"
"321","100948","20220615193000","273","1","高雄市","鳥松區","120.360","22.665","323"
"44","100954","20220615193000","127","0","高雄市","仁武區","120.370","22.680","40"
"21","100961","20220615193000","19","1","高雄市","鳥松區","120.380","22.685","22"
"419","100966","20220615193000","331","2","高雄市","鳥松區","120.395","22.665","429"
"42","100969","20220615193000","82","0","高雄市","鳥松區","120.390","22.675","31"
"1808","100974","20220615193000","1644","1","高雄市","三民區","120.340","22.645","1716"
"472","100975","20220615193000","504","0","高雄市","鳥松區","120.345","22.655","483"
"584","100977","20220615193000","529","1","高雄市","鳥松區","120.340","22.655","609"
"309","100978","20220615193000","352","0","高雄市","鳥松區","120.340","22.660","342"
"385","100982","20220615193000","415","0","高雄市","鳥松區","120.390","22.660","368"
"391","100983","20220615193000","336","1","高雄市","鳥松區","120.395","22.660","404"
"122","100986","20220615193000","1345","0","高雄市","鳳山區","120.360","22.640","101"
"1080","100987","20220615193000","1073","1","高雄市","鳥松區","120.355","22.645","999"
"209","100988","20220615193000","144","2","高雄市","鳳山區","120.360","22.645","183"
"423","100989","20220615193000","234","3","高雄市","鳥松區","120.365","22.645","443"
"1174","100992","20220615193000","1484","0","高雄市","鳥松區","120.355","22.650","1211"
"508","100995","20220615193000","551","0","高雄市","鳥松區","120.370","22.650","531"
"87","100997","20220615193000","176","0","高雄市","鳥松區","120.355","22.655","118"
"1325","100998","20220615193000","1103","2","高雄市","鳥松區","120.360","22.655","1333"
"749","101004","20220615193000","651","1","高雄市","鳥松區","120.360","22.660","694"
"668","101009","20220615193000","519","2","高雄市","鳥松區","120.370","22.665","631"
"37","101010","20220615193000","74","0","高雄市","鳥松區","120.340","22.665","65"
"46","101011","20220615193000","17","3","高雄市","鳥松區","120.340","22.670","45"
"11","101012","20220615193000","17","0","高雄市","仁武區","120.345","22.670","17"
"23","101013","20220615193000","11","3","高雄市","鳥松區","120.365","22.670","21"
"440","101014","20220615193000","315","2","高雄市","鳥松區","120.370","22.670","463"
"361","101017","20220615193000","226","3","高雄市","鳥松區","120.380","22.655","350"
"242","101018","20220615193000","146","3","高雄市","鳥松區","120.385","22.655","218"
"216","101019","20220615193000","175","2","高雄市","鳥松區","120.370","22.660","178"
"282","101021","20220615193000","376","0","高雄市","鳥松區","120.380","22.660","269"
"900","101029","20220615193000","1209","0","高雄市","鳳山區","120.355","22.625","943"
"2828","101030","20220615193000","2479","1","高雄市","鳳山區","120.355","22.635","2919"
"25","101034","20220615193000","18","2","高雄市","鳳山區","120.380","22.625","23"
"877","101035","20220615193000","774","1","高雄市","楠梓區","120.325","22.705","878"
"52","101038","20220615193000","45","1","高雄市","仁武區","120.330","22.695","49"
"259","101039","20220615193000","376","0","高雄市","仁武區","120.325","22.700","272"
"734","101043","20220615193000","1137","0","高雄市","前鎮區","120.315","22.605","687"
"2993","101044","20220615193000","2552","1","高雄市","三民區","120.335","22.635","2909"
"197","101045","20220615193000","1315","0","高雄市","三民區","120.345","22.640","203"
"293","101046","20220615193000","1241","0","高雄市","仁武區","120.345","22.675","242"
"501","101047","20220615193000","543","0","高雄市","仁武區","120.350","22.675","598"
"362","101048","20220615193000","912","0","高雄市","仁武區","120.340","22.680","328"
"855","101049","20220615193000","638","2","高雄市","仁武區","120.345","22.680","820"
"1664","101052","20220615193000","1309","2","高雄市","仁武區","120.325","22.685","1532"
"949","101053","20220615193000","633","2","高雄市","仁武區","120.325","22.690","942"
"629","101055","20220615193000","487","2","高雄市","仁武區","120.325","22.695","706"
"511","101056","20220615193000","252","3","高雄市","仁武區","120.320","22.695","567"
"493","101058","20220615193000","476","1","高雄市","仁武區","120.330","22.700","471"
"401","101059","20220615193000","1141","0","高雄市","鳳山區","120.365","22.635","373"
"1329","101061","20220615193000","1361","0","高雄市","苓雅區","120.295","22.615","1345"
"2291","101062","20220615193000","2218","1","高雄市","苓雅區","120.320","22.625","2029"
"2086","101063","20220615193000","1637","2","高雄市","鳳山區","120.375","22.625","2037"
"70","101064","20220615193000","906","0","高雄市","鳳山區","120.375","22.620","62"
"102","101068","20220615193000","92","1","高雄市","鳳山區","120.365","22.620","134"
"538","101069","20220615193000","404","2","高雄市","鳳山區","120.370","22.620","544"
"1939","101074","20220615193000","2034","0","高雄市","左營區","120.290","22.675","1867"
"48","101076","20220615193000","158","0","高雄市","梓官區","120.250","22.730","38"
"882","101077","20220615193000","893","0","高雄市","梓官區","120.255","22.730","947"
"679","101086","20220615193000","488","2","高雄市","楠梓區","120.275","22.725","642"
"39","101090","20220615193000","518","0","高雄市","楠梓區","120.280","22.725","42"
"606","101092","20220615193000","687","0","高雄市","楠梓區","120.280","22.730","621"
"1601","101094","20220615193000","1334","2","高雄市","楠梓區","120.320","22.725","1570"
"1645","101095","20220615193000","982","3","高雄市","楠梓區","120.285","22.710","1616"
"355","101096","20220615193000","199","3","高雄市","左營區","120.300","22.695","366"
"1355","101100","20220615193000","1699","0","高雄市","苓雅區","120.315","22.625","1428"
"1328","101101","20220615193000","1362","0","高雄市","鹽埕區","120.280","22.625","1335"
"2144","101102","20220615193000","1562","2","高雄市","苓雅區","120.325","22.620","2168"
"521","101103","20220615193000","383","2","高雄市","左營區","120.310","22.670","547"
"1682","101104","20220615193000","975","3","高雄市","左營區","120.315","22.670","1602"
"2698","101105","20220615193000","2356","1","高雄市","左營區","120.300","22.675","2487"
"444","101106","20220615193000","330","2","高雄市","左營區","120.295","22.680","452"
"3012","101107","20220615193000","2222","2","高雄市","左營區","120.305","22.675","2814"
"508","101109","20220615193000","1102","0","高雄市","鳳山區","120.340","22.610","481"
"1587","101110","20220615193000","1577","1","高雄市","鳳山區","120.335","22.615","1498"
"156","101111","20220615193000","755","0","高雄市","鳳山區","120.340","22.615","128"
"756","101113","20220615193000","2599","0","高雄市","鳳山區","120.340","22.605","740"
"834","101114","20220615193000","711","1","高雄市","鼓山區","120.280","22.655","862"
"2135","101115","20220615193000","2010","1","高雄市","鼓山區","120.280","22.660","2189"
"1597","101116","20220615193000","1224","2","高雄市","鼓山區","120.285","22.650","1433"
"1818","101117","20220615193000","1736","1","高雄市","鼓山區","120.290","22.650","1604"
"1440","101119","20220615193000","1928","0","高雄市","鼓山區","120.290","22.655","2129"
"876","101120","20220615193000","928","0","高雄市","鼓山區","120.285","22.660","779"
"1136","101121","20220615193000","1526","0","高雄市","鼓山區","120.290","22.660","1148"
"883","101122","20220615193000","612","2","高雄市","鼓山區","120.290","22.665","899"
"793","101123","20220615193000","1218","0","高雄市","鼓山區","120.285","22.665","743"
"1281","101124","20220615193000","1004","2","高雄市","鼓山區","120.280","22.645","1230"
"1094","101125","20220615193000","931","1","高雄市","鼓山區","120.270","22.625","1121"
"1763","101126","20220615193000","2077","0","高雄市","鼓山區","120.280","22.630","1771"
"43","101127","20220615193000","86","0","高雄市","鼓山區","120.275","22.625","34"
"43","101128","20220615193000","124","0","高雄市","鼓山區","120.270","22.635","38"
"19","101129","20220615193000","29","0","高雄市","鼓山區","120.275","22.635","31"
"1550","101132","20220615193000","1786","0","高雄市","三民區","120.320","22.640","1550"
"1022","101133","20220615193000","1421","0","高雄市","鳥松區","120.340","22.650","970"
"4095","101134","20220615193000","3266","2","高雄市","三民區","120.340","22.640","3895"
"2169","101135","20220615193000","3137","0","高雄市","三民區","120.345","22.645","2158"
"231","101137","20220615193000","306","0","高雄市","梓官區","120.260","22.725","203"
"523","101139","20220615193000","331","3","高雄市","梓官區","120.255","22.725","533"
"34","101449","20220615193000","30","1","臺東縣","卑南鄉","120.990","22.690","28"
"333","101488","20220615193000","438","0","臺東縣","卑南鄉","121.020","22.695","315"
"28","101568","20220615193000","133","0","臺東縣","卑南鄉","121.030","22.700","23"
"2273","101748","20220615193000","2064","1","高雄市","苓雅區","120.300","22.615","1904"
"1929","101749","20220615193000","1614","1","高雄市","苓雅區","120.325","22.630","1806"
"691","101750","20220615193000","964","0","高雄市","鳳山區","120.340","22.620","734"
"519","101751","20220615193000","760","0","高雄市","鳳山區","120.370","22.630","518"
"1558","101752","20220615193000","1930","0","高雄市","鳳山區","120.355","22.630","1579"
"480","101753","20220615193000","861","0","高雄市","鳳山區","120.360","22.630","508"
"94","101754","20220615193000","242","0","高雄市","鳳山區","120.330","22.615","113"
"245","101757","20220615193000","1079","0","高雄市","苓雅區","120.325","22.635","253"
"207","101758","20220615193000","208","0","高雄市","仁武區","120.350","22.680","157"
"446","101759","20220615193000","308","2","高雄市","鳥松區","120.355","22.670","444"
"302","101760","20220615193000","1381","0","高雄市","仁武區","120.355","22.675","250"
"12","101761","20220615193000","10","2","高雄市","仁武區","120.340","22.690","12"
"88","101765","20220615193000","56","3","高雄市","仁武區","120.345","22.695","68"
"275","101766","20220615193000","254","1","高雄市","仁武區","120.340","22.700","268"
"989","101767","20220615193000","892","1","高雄市","仁武區","120.345","22.700","991"
"386","101768","20220615193000","857","0","高雄市","仁武區","120.350","22.700","348"
"28","101777","20220615193000","16","3","高雄市","仁武區","120.375","22.710","28"
"32","101778","20220615193000","72","0","高雄市","仁武區","120.380","22.710","34"
"53","101783","20220615193000","56","0","高雄市","仁武區","120.380","22.715","41"
"50","101785","20220615193000","48","1","高雄市","仁武區","120.390","22.715","47"
"46","101790","20220615193000","48","0","高雄市","仁武區","120.390","22.720","37"
"568","101808","20220615193000","415","2","高雄市","三民區","120.335","22.670","564"
"882","101809","20220615193000","644","2","高雄市","仁武區","120.335","22.680","915"
"1749","101810","20220615193000","1290","2","高雄市","仁武區","120.335","22.685","1723"
"1372","101815","20220615193000","801","3","高雄市","仁武區","120.330","22.680","1341"
"175","101817","20220615193000","1325","0","高雄市","仁武區","120.330","22.690","165"
"256","101818","20220615193000","617","0","高雄市","仁武區","120.335","22.690","263"
"1131","101819","20220615193000","764","2","高雄市","仁武區","120.330","22.675","996"
"258","101820","20220615193000","615","0","高雄市","仁武區","120.335","22.675","247"
"743","101822","20220615193000","700","1","高雄市","前鎮區","120.320","22.605","808"
"755","101823","20220615193000","519","2","高雄市","前鎮區","120.325","22.605","692"
"1238","101824","20220615193000","1237","1","高雄市","前鎮區","120.325","22.610","1092"
"3206","101825","20220615193000","2933","1","高雄市","前鎮區","120.320","22.610","3159"
"216","101826","20220615193000","194","1","高雄市","左營區","120.290","22.685","196"
"531","101827","20220615193000","383","2","高雄市","左營區","120.275","22.690","503"
"303","101829","20220615193000","116","3","高雄市","左營區","120.285","22.690","293"
"265","101832","20220615193000","245","1","高雄市","左營區","120.285","22.695","268"
"433","101833","20220615193000","419","1","高雄市","左營區","120.290","22.695","406"
"73","101835","20220615193000","230","0","高雄市","左營區","120.285","22.700","70"
"67","101836","20220615193000","83","0","高雄市","左營區","120.280","22.705","67"
"215","101837","20220615193000","196","1","高雄市","楠梓區","120.285","22.705","242"
"1472","101838","20220615193000","2118","0","高雄市","左營區","120.290","22.670","1285"
"2227","101839","20220615193000","1970","1","高雄市","苓雅區","120.335","22.630","2147"
"1414","101840","20220615193000","1830","0","高雄市","三民區","120.340","22.635","1407"
"930","101842","20220615193000","1018","0","高雄市","鳳山區","120.345","22.625","979"
"447","101843","20220615193000","576","0","高雄市","鼓山區","120.275","22.660","461"
"476","101852","20220615193000","417","1","臺東縣","太麻里鄉","121.000","22.600","429"
"82","101859","20220615193000","425","0","臺東縣","太麻里鄉","121.010","22.605","56"
"90","101862","20220615193000","79","1","臺東縣","太麻里鄉","121.045","22.675","65"
"291","101876","20220615193000","286","1","臺東縣","太麻里鄉","121.030","22.685","326"
"16","101884","20220615193000","20","0","臺東縣","太麻里鄉","120.995","22.690","14"
"249","101895","20220615193000","172","2","臺東縣","太麻里鄉","121.050","22.690","243"
"19","101899","20220615193000","101","0","臺東縣","卑南鄉","121.010","22.695","20"
"124","101900","20220615193000","136","0","臺東縣","卑南鄉","121.015","22.695","127"
"82","101930","20220615193000","54","3","臺東縣","太麻里鄉","121.020","22.650","69"
"41","101962","20220615193000","118","0","臺東縣","太麻里鄉","121.030","22.660","35"
"836","101964","20220615193000","980","0","高雄市","苓雅區","120.320","22.635","920"
"514","101965","20220615193000","1120","0","高雄市","三民區","120.315","22.635","517"
"2655","101966","20220615193000","2540","1","高雄市","苓雅區","120.330","22.630","2520"
"216","101967","20220615193000","250","0","高雄市","鳳山區","120.350","22.605","124"
"1909","101970","20220615193000","1575","2","高雄市","鳳山區","120.350","22.600","1999"
"2166","101972","20220615193000","1718","2","高雄市","鳳山區","120.335","22.610","2195"
"3077","101973","20220615193000","1998","3","高雄市","苓雅區","120.330","22.635","3190"
"135","101976","20220615193000","78","3","高雄市","大寮區","120.425","22.600","135"
"66","101977","20220615193000","83","0","高雄市","大寮區","120.430","22.600","43"
"135","101981","20220615193000","357","0","高雄市","前金區","120.290","22.620","142"
"2047","101982","20220615193000","1879","1","高雄市","苓雅區","120.340","22.625","2017"
"1109","101983","20220615193000","561","3","高雄市","苓雅區","120.330","22.620","1073"
"3186","101984","20220615193000","2115","3","高雄市","鼓山區","120.280","22.650","3197"
"638","101985","20220615193000","1269","0","高雄市","三民區","120.285","22.640","645"
"1042","101988","20220615193000","850","2","高雄市","楠梓區","120.285","22.715","1096"
"3000","101989","20220615193000","3025","0","高雄市","苓雅區","120.305","22.620","2930"
"62","101990","20220615193000","41","3","高雄市","苓雅區","120.320","22.615","44"
"155","101991","20220615193000","1619","0","高雄市","苓雅區","120.320","22.630","138"
"2794","101992","20220615193000","3045","0","高雄市","前金區","120.295","22.620","2785"
"1328","101993","20220615193000","1082","2","高雄市","苓雅區","120.325","22.625","1367"
"1389","101995","20220615193000","1346","1","高雄市","鼓山區","120.275","22.620","1447"
"281","101996","20220615193000","207","2","高雄市","鹽埕區","120.280","22.620","203"
"56","101997","20220615193000","690","0","高雄市","左營區","120.295","22.705","49"
"4014","101998","20220615193000","2800","2","高雄市","左營區","120.310","22.675","4129"
"799","101999","20220615193000","799","1","高雄市","左營區","120.315","22.675","796"
"1220","102000","20220615193000","979","2","高雄市","左營區","120.320","22.675","1224"
"157","102001","20220615193000","1073","0","高雄市","左營區","120.305","22.685","162"
"929","102002","20220615193000","681","2","高雄市","左營區","120.310","22.680","791"
"2761","102003","20220615193000","2109","2","高雄市","左營區","120.320","22.680","2886"
"81","102005","20220615193000","153","0","高雄市","大寮區","120.395","22.600","68"
"322","102006","20220615193000","303","1","高雄市","大寮區","120.390","22.600","286"
"384","102007","20220615193000","323","1","高雄市","大寮區","120.390","22.605","424"
"1094","102008","20220615193000","949","1","高雄市","大寮區","120.395","22.605","1100"
"678","102010","20220615193000","557","2","高雄市","大寮區","120.400","22.610","612"
"22","102011","20220615193000","15","2","高雄市","大寮區","120.405","22.610","17"
"831","102013","20220615193000","648","2","高雄市","大寮區","120.405","22.615","813"
"746","102015","20220615193000","901","0","高雄市","鳳山區","120.355","22.640","730"
"1040","102017","20220615193000","888","1","高雄市","鼓山區","120.280","22.635","1125"
"1140","102018","20220615193000","923","2","高雄市","鳳山區","120.370","22.635","1229"
"1131","102019","20220615193000","1300","0","高雄市","鼓山區","120.295","22.665","1031"
"2807","102020","20220615193000","3972","0","高雄市","鼓山區","120.300","22.665","2935"
"114","102021","20220615193000","135","0","高雄市","鼓山區","120.265","22.625","122"
"519","102022","20220615193000","795","0","高雄市","鼓山區","120.265","22.630","643"
"105","102024","20220615193000","180","0","高雄市","鼓山區","120.260","22.635","73"
"198","102030","20220615193000","211","0","高雄市","鼓山區","120.255","22.645","158"
"52","102031","20220615193000","59","0","高雄市","鼓山區","120.260","22.645","44"
"659","102045","20220615193000","641","1","高雄市","鼓山區","120.275","22.650","638"
"642","102046","20220615193000","572","1","高雄市","苓雅區","120.310","22.620","710"
"3005","102047","20220615193000","2735","1","高雄市","左營區","120.295","22.670","3500"
"35","102048","20220615193000","302","0","高雄市","鼓山區","120.285","22.670","498"
"148","102049","20220615193000","831","0","高雄市","鼓山區","120.280","22.640","116"
"327","102052","20220615193000","284","1","高雄市","大樹區","120.430","22.675","324"
"401","102078","20220615193000","453","0","高雄市","大樹區","120.410","22.675","398"
"186","102079","20220615193000","216","0","高雄市","大樹區","120.405","22.680","203"
"42","102090","20220615193000","35","2","高雄市","大樹區","120.395","22.690","33"
"1065","102093","20220615193000","984","1","高雄市","大樹區","120.430","22.690","1054"
"471","102098","20220615193000","348","2","高雄市","大樹區","120.435","22.695","445"
"413","102111","20220615193000","505","0","高雄市","大樹區","120.410","22.660","409"
"922","102113","20220615193000","605","3","高雄市","大樹區","120.410","22.665","928"
"365","102120","20220615193000","304","2","高雄市","大樹區","120.445","22.725","348"
"319","102123","20220615193000","264","2","高雄市","大樹區","120.445","22.730","339"
"142","102126","20220615193000","112","2","高雄市","大樹區","120.445","22.735","137"
"131","102132","20220615193000","194","0","高雄市","大樹區","120.425","22.665","134"
"178","102141","20220615193000","97","3","高雄市","大樹區","120.425","22.675","154"
"1478","102143","20220615193000","1769","0","高雄市","左營區","120.295","22.690","1465"
"968","102144","20220615193000","1097","0","高雄市","鳳山區","120.360","22.620","946"
"1830","102146","20220615193000","2004","0","高雄市","鳳山區","120.355","22.620","1796"
"455","102147","20220615193000","493","0","高雄市","鳳山區","120.335","22.600","515"
"4404","102148","20220615193000","3567","2","高雄市","新興區","120.315","22.630","4371"
"2112","102149","20220615193000","1991","1","高雄市","苓雅區","120.305","22.615","2177"
"2075","102150","20220615193000","1370","3","高雄市","鳳山區","120.345","22.605","1980"
"2766","102151","20220615193000","2285","2","高雄市","前鎮區","120.330","22.605","2756"
"1674","102152","20220615193000","1359","2","高雄市","鳥松區","120.345","22.650","1765"
"2104","102153","20220615193000","2407","0","高雄市","三民區","120.330","22.650","2204"
"745","102154","20220615193000","1288","0","高雄市","三民區","120.330","22.655","730"
"88","102157","20220615193000","432","0","高雄市","仁武區","120.360","22.675","81"
"122","102159","20220615193000","93","2","高雄市","仁武區","120.365","22.680","120"
"655","102160","20220615193000","594","1","高雄市","仁武區","120.360","22.685","634"
"191","102165","20220615193000","148","2","高雄市","仁武區","120.365","22.685","198"
"245","102172","20220615193000","268","0","高雄市","大寮區","120.425","22.605","230"
"89","102173","20220615193000","701","0","高雄市","大寮區","120.430","22.605","103"
"888","102181","20220615193000","601","2","高雄市","大寮區","120.410","22.615","879"
"43","102185","20220615193000","41","1","高雄市","大寮區","120.430","22.615","47"
"321","102186","20220615193000","231","2","高雄市","大寮區","120.420","22.640","324"
"287","102190","20220615193000","336","0","高雄市","大寮區","120.415","22.640","256"
"17","102199","20220615193000","184","0","高雄市","鼓山區","120.275","22.630","17"
"584","102200","20220615193000","350","3","高雄市","鼓山區","120.270","22.620","516"
"477","102203","20220615193000","558","0","高雄市","大寮區","120.385","22.640","490"
"432","102206","20220615193000","448","0","高雄市","鳥松區","120.385","22.645","425"
"421","102213","20220615193000","193","3","高雄市","鳥松區","120.390","22.650","389"
"326","102214","20220615193000","251","2","高雄市","鳥松區","120.395","22.650","316"
"666","102215","20220615193000","583","1","高雄市","鳥松區","120.390","22.655","723"
"29","102216","20220615193000","238","0","高雄市","鳥松區","120.395","22.655","15"
"283","102217","20220615193000","160","3","高雄市","鳥松區","120.400","22.655","283"
"486","102227","20220615193000","457","1","高雄市","鼓山區","120.285","22.655","489"
"1223","102228","20220615193000","1320","0","高雄市","三民區","120.295","22.650","1237"
"2452","102229","20220615193000","1365","3","高雄市","鼓山區","120.295","22.655","2258"
"2158","102230","20220615193000","1845","1","高雄市","鼓山區","120.300","22.655","2026"
"1429","102231","20220615193000","2491","0","高雄市","鼓山區","120.305","22.655","1454"
"1075","102232","20220615193000","1585","0","高雄市","左營區","120.310","22.655","1039"
"5424","102233","20220615193000","3946","2","高雄市","鼓山區","120.295","22.660","5165"
"207","102235","20220615193000","472","0","高雄市","楠梓區","120.315","22.715","195"
"1224","102236","20220615193000","1250","0","高雄市","楠梓區","120.315","22.720","1215"
"416","102237","20220615193000","1960","0","高雄市","楠梓區","120.295","22.710","431"
"2697","102238","20220615193000","2674","1","高雄市","苓雅區","120.315","22.620","2694"
"53","102239","20220615193000","56","0","高雄市","旗津區","120.265","22.615","58"
"625","102241","20220615193000","611","1","高雄市","大寮區","120.410","22.620","593"
"426","102243","20220615193000","281","3","高雄市","大寮區","120.410","22.625","405"
"207","102244","20220615193000","176","1","高雄市","大寮區","120.405","22.630","223"
"132","102246","20220615193000","113","1","高雄市","大樹區","120.425","22.715","141"
"22","102251","20220615193000","58","0","高雄市","大樹區","120.425","22.720","27"
"153","102254","20220615193000","1328","0","高雄市","大樹區","120.405","22.725","163"
"86","102259","20220615193000","53","3","高雄市","大樹區","120.430","22.725","85"
"78","102260","20220615193000","1459","0","高雄市","仁武區","120.400","22.730","70"
"36","102261","20220615193000","606","0","高雄市","大樹區","120.405","22.730","19"
"32","102267","20220615193000","49","0","高雄市","大樹區","120.410","22.735","42"
"621","102273","20220615193000","566","1","高雄市","大樹區","120.415","22.655","625"
"335","102274","20220615193000","271","2","高雄市","大樹區","120.420","22.655","358"
"102","102276","20220615193000","558","0","高雄市","大樹區","120.420","22.660","90"
"156","102278","20220615193000","90","3","高雄市","大樹區","120.410","22.645","118"
"59","102279","20220615193000","47","2","高雄市","大樹區","120.415","22.645","66"
"555","102280","20220615193000","1030","0","高雄市","大樹區","120.420","22.645","469"
"335","102282","20220615193000","327","1","高雄市","大樹區","120.425","22.650","344"
"566","102285","20220615193000","536","1","高雄市","大樹區","120.425","22.655","549"
"230","102292","20220615193000","282","0","高雄市","大寮區","120.405","22.605","216"
"79","102296","20220615193000","115","0","高雄市","前鎮區(海)","120.285","22.610","59"
"1138","102302","20220615193000","1062","1","高雄市","大寮區","120.390","22.635","1185"
"551","102303","20220615193000","528","1","高雄市","大寮區","120.395","22.635","528"
"117","102304","20220615193000","108","1","高雄市","大寮區","120.400","22.635","115"
"206","102305","20220615193000","111","3","高雄市","大寮區","120.400","22.640","240"
"1250","102306","20220615193000","1722","0","高雄市","三民區","120.305","22.645","1300"
"2309","102307","20220615193000","1597","2","高雄市","三民區","120.305","22.650","2241"
"2168","102308","20220615193000","1804","2","高雄市","鳳山區","120.345","22.620","2043"
"1591","102309","20220615193000","424","3","高雄市","鳳山區","120.350","22.620","1587"
"531","102310","20220615193000","1525","0","高雄市","鳳山區","120.350","22.625","485"
"182","102311","20220615193000","123","2","高雄市","旗津區","120.275","22.605","201"
"359","102312","20220615193000","224","3","高雄市","旗津區(海)","120.275","22.610","266"
"498","102313","20220615193000","565","0","高雄市","旗津區","120.275","22.600","613"
"721","102314","20220615193000","548","2","高雄市","旗津區","120.270","22.610","579"
"107","102316","20220615193000","85","2","高雄市","大社區","120.365","22.715","99"
"329","102319","20220615193000","310","1","高雄市","大社區","120.350","22.720","315"
"244","102326","20220615193000","186","2","高雄市","大社區","120.340","22.730","187"
"517","102327","20220615193000","1155","0","高雄市","大社區","120.350","22.735","485"
"1637","102328","20220615193000","1781","0","高雄市","大社區","120.345","22.730","1617"
"909","102329","20220615193000","1286","0","高雄市","大社區","120.350","22.730","786"
"515","102330","20220615193000","569","0","高雄市","大社區","120.355","22.730","590"
"106","102333","20220615193000","103","1","高雄市","大社區","120.370","22.730","87"
"56","102335","20220615193000","51","1","高雄市","大社區","120.375","22.730","56"
"300","102340","20220615193000","420","0","高雄市","大社區","120.360","22.720","296"
"1204","102341","20220615193000","1083","1","高雄市","大社區","120.350","22.725","1182"
"514","102342","20220615193000","429","1","高雄市","大社區","120.355","22.725","572"
"37","102343","20220615193000","17","3","高雄市","大社區","120.360","22.725","21"
"47","102344","20220615193000","84","0","高雄市","左營區","120.295","22.675","113"
"129","102345","20220615193000","404","0","高雄市","左營區","120.300","22.690","138"
"18","102346","20220615193000","16","1","高雄市","左營區","120.260","22.670","18"
"160","102347","20220615193000","194","0","高雄市","左營區","120.265","22.675","130"
"185","102349","20220615193000","95","3","高雄市","左營區","120.275","22.675","130"
"223","102350","20220615193000","125","3","高雄市","左營區","120.280","22.675","188"
"218","102353","20220615193000","290","0","高雄市","左營區","120.275","22.680","234"
"558","102354","20220615193000","933","0","高雄市","左營區","120.280","22.680","534"
"396","102356","20220615193000","270","2","高雄市","左營區","120.265","22.680","435"
"86","102357","20220615193000","108","0","高雄市","左營區","120.270","22.680","98"
"402","102358","20220615193000","416","0","高雄市","左營區","120.280","22.685","389"
"205","102360","20220615193000","143","2","高雄市","左營區","120.265","22.685","97"
"444","102361","20220615193000","347","2","高雄市","左營區","120.275","22.685","364"
"52","102364","20220615193000","222","0","高雄市","左營區","120.295","22.685","40"
"2876","102365","20220615193000","2517","1","高雄市","新興區","120.310","22.625","2690"
"1726","102366","20220615193000","1680","1","高雄市","新興區","120.305","22.625","1646"
"2105","102370","20220615193000","2152","0","高雄市","仁武區","120.325","22.680","2184"
"2803","102371","20220615193000","2635","1","高雄市","左營區","120.305","22.680","2828"
"869","102372","20220615193000","2508","0","高雄市","左營區","120.315","22.680","921"
"1012","102373","20220615193000","852","1","高雄市","左營區","120.315","22.685","947"
"732","102374","20220615193000","805","0","高雄市","仁武區","120.330","22.685","724"
"280","102375","20220615193000","500","0","高雄市","左營區","120.310","22.690","293"
"2325","102376","20220615193000","1895","2","高雄市","左營區","120.320","22.685","2467"
"4501","102377","20220615193000","5311","0","高雄市","三民區","120.310","22.645","4284"
"650","102378","20220615193000","959","0","高雄市","三民區","120.310","22.650","585"
"1854","102380","20220615193000","1472","2","高雄市","三民區","120.325","22.640","1870"
"800","102381","20220615193000","778","1","高雄市","三民區","120.295","22.640","780"
"1554","102382","20220615193000","1590","0","高雄市","三民區","120.300","22.650","1592"
"2049","102383","20220615193000","1925","1","高雄市","新興區","120.300","22.635","1945"
"2294","102384","20220615193000","1224","3","高雄市","三民區","120.285","22.635","2053"
"1662","102385","20220615193000","1512","1","高雄市","三民區","120.330","22.645","1471"
"36","102386","20220615193000","37","0","高雄市","楠梓區","120.330","22.725","20"
"40","102387","20220615193000","37","1","高雄市","楠梓區","120.330","22.730","43"
"1767","102388","20220615193000","1734","1","高雄市","楠梓區","120.335","22.730","1785"
"2789","102389","20220615193000","2232","2","高雄市","楠梓區","120.325","22.730","2806"
"1429","102390","20220615193000","1376","1","高雄市","楠梓區","120.285","22.720","1476"
"618","102391","20220615193000","617","1","高雄市","楠梓區","120.290","22.705","588"
"122","102393","20220615193000","65","3","高雄市","楠梓區","120.305","22.700","118"
"207","102408","20220615193000","155","2","高雄市","鼓山區(海)","120.295","22.600","215"
"1673","102417","20220615193000","2098","0","高雄市","三民區","120.300","22.645","1713"
"139","102419","20220615193000","193","0","高雄市","新興區","120.310","22.635","100"
"2339","102420","20220615193000","2247","1","高雄市","三民區","120.300","22.640","2363"
"546","102421","20220615193000","742","0","高雄市","鳳山區","120.345","22.600","549"
"3068","102422","20220615193000","3291","0","高雄市","鳳山區","120.345","22.610","3035"
"605","102423","20220615193000","324","3","高雄市","鳳山區","120.355","22.610","463"
"2086","102424","20220615193000","2035","1","高雄市","鹽埕區","120.285","22.625","1996"
"2534","102425","20220615193000","1624","3","高雄市","鹽埕區","120.285","22.620","2418"
"713","102426","20220615193000","742","0","高雄市","楠梓區","120.305","22.720","680"
"982","102427","20220615193000","1138","0","高雄市","楠梓區","120.310","22.720","997"
"2014","102428","20220615193000","1519","2","高雄市","楠梓區","120.305","22.725","1819"
"1608","102429","20220615193000","1058","3","高雄市","楠梓區","120.310","22.725","1498"
"583","102430","20220615193000","1452","0","高雄市","楠梓區","120.315","22.725","602"
"1172","102431","20220615193000","1413","0","高雄市","楠梓區","120.315","22.730","1150"
"277","102432","20220615193000","176","3","高雄市","楠梓區","120.265","22.705","373"
"57","102441","20220615193000","251","0","高雄市","楠梓區","120.280","22.715","57"
"314","102442","20220615193000","848","0","高雄市","楠梓區","120.280","22.720","308"
"712","102444","20220615193000","653","1","高雄市","楠梓區","120.320","22.715","716"
"542","102445","20220615193000","497","1","高雄市","楠梓區","120.325","22.720","590"
"92","102447","20220615193000","1186","0","高雄市","楠梓區","120.320","22.720","87"
"181","102448","20220615193000","160","1","高雄市","旗津區","120.270","22.605","170"
"194","102466","20220615193000","152","2","高雄市","大樹區","120.415","22.705","189"
"45","102478","20220615193000","250","0","高雄市","大樹區","120.440","22.710","50"
"261","102482","20220615193000","270","0","高雄市","大樹區","120.445","22.715","238"
"264","111108","20220615193000","650","0","屏東縣","九如鄉","120.480","22.750","285"
"24","111132","20220615193000","30","0","屏東縣","九如鄉","120.480","22.740","16"
"22","111134","20220615193000","29","0","屏東縣","九如鄉","120.490","22.740","27"
"460","111142","20220615193000","171","3","屏東縣","九如鄉","120.500","22.740","431"
"68","111145","20220615193000","211","0","屏東縣","九如鄉","120.500","22.745","65"
"118","111157","20220615193000","349","0","屏東縣","九如鄉","120.500","22.760","111"
"172","111163","20220615193000","113","3","屏東縣","九如鄉","120.495","22.745","178"
"557","111167","20220615193000","274","3","屏東縣","九如鄉","120.490","22.755","528"
"50","111171","20220615193000","181","0","屏東縣","九如鄉","120.495","22.760","43"
"477","111186","20220615193000","200","3","屏東縣","高樹鄉","120.570","22.795","440"
"112","111215","20220615193000","50","3","屏東縣","鹽埔鄉","120.545","22.760","91"
"83","111217","20220615193000","225","0","屏東縣","鹽埔鄉","120.555","22.760","89"
"425","111238","20220615193000","231","3","屏東縣","鹽埔鄉","120.545","22.745","394"
"507","111270","20220615193000","333","3","屏東縣","鹽埔鄉","120.550","22.735","487"
"34","111271","20220615193000","33","1","屏東縣","鹽埔鄉","120.560","22.735","32"
"551","111273","20220615193000","357","3","屏東縣","鹽埔鄉","120.555","22.740","567"
"650","111282","20220615193000","200","3","屏東縣","鹽埔鄉","120.560","22.740","614"
"379","111309","20220615193000","252","3","屏東縣","鹽埔鄉","120.515","22.740","404"
"103","111315","20220615193000","239","0","屏東縣","鹽埔鄉","120.580","22.740","120"
"127","111337","20220615193000","387","0","屏東縣","鹽埔鄉","120.580","22.755","124"
"585","111360","20220615193000","969","0","屏東縣","鹽埔鄉","120.575","22.755","574"
"152","111374","20220615193000","120","2","屏東縣","里港鄉","120.480","22.770","158"
"602","111380","20220615193000","424","2","屏東縣","里港鄉","120.480","22.775","553"
"128","111398","20220615193000","126","1","屏東縣","里港鄉","120.490","22.820","144"
"70","111418","20220615193000","214","0","屏東縣","里港鄉","120.490","22.775","82"
"1275","111419","20220615193000","980","2","屏東縣","里港鄉","120.495","22.775","1311"
"263","111451","20220615193000","176","2","屏東縣","里港鄉","120.535","22.775","263"
"84","111459","20220615193000","466","0","屏東縣","里港鄉","120.520","22.785","88"
"345","111491","20220615193000","199","3","屏東縣","里港鄉","120.500","22.780","320"
"251","111507","20220615193000","311","0","屏東縣","高樹鄉","120.615","22.815","256"
"26","111605","20220615193000","54","0","屏東縣","三地門鄉","120.700","22.790","25"
"28","111824","20220615193000","41","0","屏東縣","三地門鄉","120.700","22.765","28"
"170","111907","20220615193000","112","3","屏東縣","三地門鄉","120.635","22.745","149"
"26","112026","20220615193000","44","0","屏東縣","霧台鄉","120.740","22.740","26"
"413","112600","20220615193000","207","3","屏東縣","里港鄉","120.505","22.810","399"
"386","112635","20220615193000","286","2","屏東縣","里港鄉","120.490","22.805","320"
"400","112659","20220615193000","351","1","屏東縣","里港鄉","120.505","22.815","384"
"222","112669","20220615193000","112","3","屏東縣","里港鄉","120.505","22.820","205"
"238","112687","20220615193000","178","2","屏東縣","里港鄉","120.535","22.825","242"
"208","112714","20220615193000","123","3","屏東縣","里港鄉","120.485","22.765","183"
"1302","112719","20220615193000","992","2","屏東縣","里港鄉","120.495","22.780","1371"
"30","112920","20220615193000","65","0","屏東縣","霧台鄉","120.725","22.740","32"
"192","112942","20220615193000","154","2","屏東縣","高樹鄉","120.595","22.775","204"
"24","112982","20220615193000","18","2","屏東縣","高樹鄉","120.615","22.760","22"
"19","112995","20220615193000","12","3","屏東縣","高樹鄉","120.615","22.770","16"
"186","112999","20220615193000","140","2","屏東縣","高樹鄉","120.635","22.770","176"
"27","113004","20220615193000","28","0","屏東縣","高樹鄉","120.630","22.740","22"
"220","113006","20220615193000","181","2","屏東縣","高樹鄉","120.620","22.740","224"
"63","113023","20220615193000","38","3","屏東縣","高樹鄉","120.625","22.830","65"
"508","113048","20220615193000","376","2","屏東縣","高樹鄉","120.560","22.785","506"
"53","113075","20220615193000","121","0","屏東縣","高樹鄉","120.590","22.825","54"
"369","113097","20220615193000","259","2","屏東縣","高樹鄉","120.610","22.785","363"
"30","113103","20220615193000","23","2","屏東縣","高樹鄉","120.610","22.790","35"
"154","113129","20220615193000","59","3","屏東縣","高樹鄉","120.595","22.810","111"
"76","113131","20220615193000","51","2","屏東縣","高樹鄉","120.595","22.815","64"
"1633","113133","20220615193000","1242","2","屏東縣","高樹鄉","120.600","22.825","1550"
"2116","113137","20220615193000","3032","0","臺東縣","臺東市","121.155","22.750","2039"
"162","113138","20220615193000","460","0","臺東縣","臺東市","121.135","22.760","139"
"113","113139","20220615193000","38","3","臺東縣","臺東市","121.160","22.760","60"
"1924","113141","20220615193000","1398","2","臺東縣","臺東市","121.155","22.755","1991"
"841","113159","20220615193000","553","3","高雄市","永安區","120.225","22.820","895"
"733","113177","20220615193000","406","3","高雄市","永安區","120.250","22.810","669"
"30","113178","20220615193000","407","0","高雄市","岡山區","120.255","22.810","33"
"101","113182","20220615193000","102","0","高雄市","永安區","120.250","22.815","112"
"192","113185","20220615193000","158","2","高雄市","永安區","120.240","22.815","185"
"38","113196","20220615193000","36","1","高雄市","永安區","120.205","22.840","27"
"590","113206","20220615193000","698","0","臺東縣","臺東市","121.130","22.765","547"
"817","113207","20220615193000","1141","0","臺東縣","臺東市","121.120","22.770","902"
"100","113208","20220615193000","456","0","臺東縣","臺東市","121.125","22.770","70"
"641","113213","20220615193000","441","2","臺東縣","臺東市","121.125","22.780","664"
"1305","113214","20220615193000","1298","1","臺東縣","臺東市","121.120","22.785","1344"
"33","113215","20220615193000","267","0","臺東縣","臺東市","121.125","22.785","25"
"345","113216","20220615193000","158","3","臺東縣","臺東市","121.130","22.770","318"
"1231","113217","20220615193000","850","2","臺東縣","臺東市","121.135","22.770","1292"
"91","113218","20220615193000","142","0","臺東縣","臺東市","121.125","22.775","96"
"470","113219","20220615193000","562","0","臺東縣","臺東市","121.130","22.775","483"
"787","113236","20220615193000","829","0","臺東縣","臺東市","121.115","22.785","811"
"497","113239","20220615193000","253","3","臺東縣","臺東市","121.110","22.790","430"
"146","113251","20220615193000","48","3","臺東縣","臺東市","121.155","22.760","86"
"280","113258","20220615193000","152","3","臺東縣","臺東市","121.175","22.780","204"
"174","113260","20220615193000","76","3","臺東縣","臺東市","121.185","22.790","140"
"13","113262","20220615193000","97","0","臺東縣","臺東市","121.195","22.790","13"
"512","113263","20220615193000","511","1","臺東縣","臺東市","121.190","22.795","472"
"125","113266","20220615193000","88","2","臺東縣","臺東市","121.195","22.800","102"
"39","113269","20220615193000","31","2","臺東縣","臺東市","121.190","22.810","41"
"107","113273","20220615193000","109","0","臺東縣","臺東市","121.195","22.815","116"
"132","113295","20220615193000","181","0","臺東縣","臺東市","121.175","22.785","149"
"134","113299","20220615193000","102","2","臺東縣","臺東市","121.175","22.790","121"
"171","113310","20220615193000","118","2","臺東縣","臺東市","121.150","22.765","155"
"762","113311","20220615193000","726","1","臺東縣","臺東市","121.155","22.765","769"
"235","113314","20220615193000","1008","0","高雄市","岡山區","120.285","22.780","200"
"42","113315","20220615193000","29","2","高雄市","岡山區","120.290","22.780","38"
"87","113317","20220615193000","71","2","高雄市","岡山區","120.290","22.785","82"
"960","113318","20220615193000","868","1","高雄市","岡山區","120.280","22.800","1015"
"267","113327","20220615193000","494","0","臺東縣","臺東市","121.065","22.740","223"
"329","113345","20220615193000","304","1","臺東縣","臺東市","121.055","22.760","321"
"193","113347","20220615193000","216","0","臺東縣","臺東市","121.060","22.760","176"
"220","113353","20220615193000","455","0","臺東縣","臺東市","121.140","22.765","168"
"1457","113354","20220615193000","2328","0","臺東縣","臺東市","121.145","22.765","1573"
"533","113355","20220615193000","371","2","臺東縣","臺東市","121.140","22.770","456"
"1222","113356","20220615193000","1191","1","臺東縣","臺東市","121.145","22.770","1267"
"1026","113364","20220615193000","1265","0","臺東縣","臺東市","121.145","22.745","951"
"1352","113366","20220615193000","1621","0","臺東縣","臺東市","121.140","22.750","1146"
"916","113367","20220615193000","1353","0","臺東縣","臺東市","121.145","22.750","765"
"499","113369","20220615193000","1255","0","臺東縣","臺東市","121.145","22.755","483"
"41","113372","20220615193000","57","0","臺東縣","臺東市","121.160","22.755","13"
"13","113373","20220615193000","57","0","臺東縣","臺東市","121.165","22.755","11"
"179","113378","20220615193000","160","1","臺東縣","臺東市","121.125","22.790","215"
"428","113380","20220615193000","391","1","臺東縣","臺東市","121.130","22.790","444"
"716","113381","20220615193000","1171","0","臺東縣","臺東市","121.125","22.795","682"
"234","113386","20220615193000","216","1","臺東縣","臺東市","121.125","22.805","264"
"184","113389","20220615193000","97","3","臺東縣","臺東市","121.120","22.810","184"
"1029","113416","20220615193000","945","1","臺東縣","臺東市","121.105","22.750","1107"
"310","113423","20220615193000","215","2","臺東縣","臺東市","121.105","22.755","283"
"266","113425","20220615193000","318","0","臺東縣","臺東市","121.075","22.760","188"
"304","113434","20220615193000","418","0","臺東縣","臺東市","121.060","22.735","324"
"67","113448","20220615193000","69","0","屏東縣","里港鄉","120.530","22.830","72"
"96","113450","20220615193000","65","2","高雄市","美濃區","120.540","22.830","96"
"297","113466","20220615193000","209","2","高雄市","美濃區","120.530","22.840","267"
"43","113487","20220615193000","26","3","高雄市","大樹區","120.445","22.740","41"
"61","113496","20220615193000","36","3","高雄市","大樹區","120.445","22.745","67"
"551","113505","20220615193000","738","0","高雄市","大樹區","120.445","22.750","494"
"98","113506","20220615193000","74","2","高雄市","大樹區","120.450","22.750","78"
"64","113513","20220615193000","55","1","高雄市","岡山區","120.270","22.775","64"
"155","113514","20220615193000","273","0","高雄市","楠梓區","120.280","22.735","164"
"326","113564","20220615193000","174","3","臺東縣","卑南鄉","121.075","22.775","355"
"440","113740","20220615193000","336","2","臺東縣","卑南鄉","121.080","22.775","438"
"367","113741","20220615193000","317","1","臺東縣","卑南鄉","121.085","22.775","333"
"606","113742","20220615193000","419","2","臺東縣","卑南鄉","121.090","22.775","513"
"420","113750","20220615193000","269","3","臺東縣","卑南鄉","121.080","22.785","364"
"83","113762","20220615193000","146","0","臺東縣","卑南鄉","121.095","22.790","78"
"256","113792","20220615193000","287","0","臺東縣","卑南鄉","121.100","22.825","274"
"177","113799","20220615193000","106","3","臺東縣","卑南鄉","121.090","22.830","174"
"38","113840","20220615193000","215","0","臺東縣","卑南鄉","121.105","22.795","47"
"437","113843","20220615193000","467","0","臺東縣","卑南鄉","121.090","22.800","449"
"201","113882","20220615193000","117","3","臺東縣","卑南鄉","121.090","22.820","163"
"35","113896","20220615193000","46","0","高雄市","路竹區","120.270","22.840","33"
"456","113902","20220615193000","371","2","高雄市","橋頭區","120.290","22.745","487"
"73","113905","20220615193000","84","0","高雄市","橋頭區","120.295","22.755","71"
"325","113906","20220615193000","483","0","高雄市","楠梓區","120.325","22.755","330"
"115","113911","20220615193000","81","2","高雄市","橋頭區","120.320","22.765","91"
"861","113923","20220615193000","611","2","高雄市","橋頭區","120.305","22.770","891"
"327","113933","20220615193000","275","1","高雄市","橋頭區","120.290","22.760","366"
"534","113934","20220615193000","416","2","高雄市","岡山區","120.280","22.765","536"
"44","113947","20220615193000","46","0","高雄市","路竹區","120.275","22.840","37"
"71","113948","20220615193000","66","1","高雄市","路竹區","120.280","22.840","46"
"353","113950","20220615193000","245","2","高雄市","路竹區","120.275","22.820","342"
"252","113959","20220615193000","237","1","高雄市","路竹區","120.275","22.825","225"
"498","113962","20220615193000","429","1","高雄市","路竹區","120.265","22.830","513"
"37","113965","20220615193000","16","3","高雄市","路竹區","120.265","22.840","19"
"559","113969","20220615193000","528","1","高雄市","路竹區","120.240","22.835","579"
"1071","113971","20220615193000","894","1","高雄市","路竹區","120.250","22.835","1044"
"327","113978","20220615193000","383","0","高雄市","路竹區","120.245","22.845","338"
"420","113982","20220615193000","416","1","高雄市","路竹區","120.260","22.840","416"
"238","113984","20220615193000","249","0","高雄市","彌陀區","120.245","22.785","229"
"503","113985","20220615193000","318","3","高雄市","彌陀區","120.245","22.790","473"
"59","113992","20220615193000","42","2","高雄市","橋頭區","120.300","22.765","53"
"41","113994","20220615193000","620","0","高雄市","橋頭區","120.320","22.735","22"
"337","113997","20220615193000","416","0","高雄市","橋頭區","120.315","22.745","367"
"18","113999","20220615193000","41","0","高雄市","橋頭區","120.315","22.750","11"
"350","114001","20220615193000","554","0","高雄市","橋頭區","120.315","22.760","370"
"221","114004","20220615193000","296","0","高雄市","橋頭區","120.310","22.760","225"
"1461","114006","20220615193000","1478","0","高雄市","橋頭區","120.310","22.765","1528"
"28","114044","20220615193000","11","3","高雄市","旗山區","120.465","22.830","10"
"418","114050","20220615193000","342","2","高雄市","橋頭區","120.300","22.740","407"
"895","114055","20220615193000","470","3","高雄市","橋頭區","120.295","22.735","865"
"388","114057","20220615193000","454","0","高雄市","橋頭區","120.295","22.740","447"
"80","114059","20220615193000","567","0","高雄市","橋頭區","120.290","22.765","76"
"470","114062","20220615193000","280","3","高雄市","橋頭區","120.270","22.735","445"
"61","114068","20220615193000","320","0","高雄市","橋頭區","120.280","22.745","57"
"458","114075","20220615193000","342","2","高雄市","永安區","120.240","22.820","493"
"158","114077","20220615193000","137","1","高雄市","永安區","120.250","22.820","133"
"104","114094","20220615193000","106","0","高雄市","永安區","120.210","22.810","103"
"66","114108","20220615193000","47","2","高雄市","永安區","120.205","22.825","49"
"14","114112","20220615193000","214","0","高雄市","路竹區","120.260","22.835","11"
"2130","114116","20220615193000","2884","0","臺東縣","臺東市","121.150","22.755","2116"
"3167","114117","20220615193000","2291","2","臺東縣","臺東市","121.145","22.760","2922"
"1002","114118","20220615193000","807","2","臺東縣","臺東市","121.150","22.760","984"
"403","114125","20220615193000","348","1","臺東縣","臺東市","121.115","22.750","425"
"1514","114128","20220615193000","1195","2","臺東縣","臺東市","121.135","22.755","1619"
"1083","114129","20220615193000","1011","1","臺東縣","臺東市","121.140","22.760","1193"
"642","114130","20220615193000","1989","0","臺東縣","臺東市","121.150","22.750","530"
"435","114135","20220615193000","242","3","臺東縣","臺東市","121.100","22.740","343"
"457","114143","20220615193000","725","0","高雄市","燕巢區","120.360","22.765","400"
"1007","114144","20220615193000","978","1","高雄市","燕巢區","120.365","22.765","979"
"555","114154","20220615193000","768","0","高雄市","燕巢區","120.360","22.770","554"
"692","114155","20220615193000","474","2","高雄市","岡山區","120.315","22.775","704"
"21","114158","20220615193000","16","2","高雄市","燕巢區","120.330","22.775","17"
"398","114160","20220615193000","385","1","高雄市","燕巢區","120.340","22.775","435"
"193","114174","20220615193000","146","2","高雄市","燕巢區","120.360","22.775","170"
"92","114194","20220615193000","73","2","高雄市","燕巢區","120.400","22.810","81"
"216","114204","20220615193000","210","1","高雄市","燕巢區","120.340","22.755","198"
"160","114206","20220615193000","245","0","高雄市","燕巢區","120.350","22.755","173"
"538","114207","20220615193000","391","2","高雄市","燕巢區","120.355","22.755","556"
"137","114210","20220615193000","373","0","高雄市","燕巢區","120.335","22.760","102"
"192","114212","20220615193000","228","0","高雄市","燕巢區","120.345","22.760","228"
"37","114214","20220615193000","118","0","高雄市","燕巢區","120.355","22.760","37"
"100","114226","20220615193000","55","3","高雄市","田寮區","120.420","22.820","73"
"12","114264","20220615193000","116","0","高雄市","岡山區","120.270","22.790","14"
"20","114268","20220615193000","15","2","高雄市","岡山區","120.270","22.795","16"
"1021","114271","20220615193000","932","1","高雄市","岡山區","120.285","22.795","1092"
"691","114274","20220615193000","518","2","高雄市","岡山區","120.280","22.780","659"
"634","114276","20220615193000","508","2","高雄市","梓官區","120.265","22.750","576"
"645","114278","20220615193000","509","2","高雄市","梓官區","120.260","22.745","655"
"414","114279","20220615193000","148","3","高雄市","梓官區","120.265","22.745","382"
"117","114284","20220615193000","100","1","高雄市","梓官區","120.265","22.765","79"
"806","114288","20220615193000","703","1","高雄市","梓官區","120.265","22.760","846"
"1533","114295","20220615193000","1111","2","高雄市","梓官區","120.270","22.760","1605"
"403","114297","20220615193000","298","2","高雄市","梓官區","120.245","22.740","399"
"197","114302","20220615193000","121","3","高雄市","梓官區","120.245","22.750","142"
"508","114304","20220615193000","304","3","高雄市","梓官區","120.250","22.735","527"
"701","114307","20220615193000","868","0","高雄市","橋頭區","120.310","22.750","719"
"101","114308","20220615193000","59","3","高雄市","橋頭區","120.315","22.755","109"
"951","114309","20220615193000","1441","0","高雄市","橋頭區","120.310","22.755","975"
"665","114311","20220615193000","521","2","高雄市","橋頭區","120.305","22.735","584"
"301","114315","20220615193000","231","2","高雄市","橋頭區","120.305","22.740","299"
"654","114318","20220615193000","503","2","高雄市","橋頭區","120.310","22.745","625"
"536","114322","20220615193000","365","2","高雄市","橋頭區","120.300","22.755","446"
"206","114329","20220615193000","116","3","高雄市","旗山區","120.445","22.775","240"
"64","114344","20220615193000","48","2","高雄市","旗山區","120.440","22.785","65"
"27","114349","20220615193000","34","0","高雄市","旗山區","120.430","22.790","17"
"23","114358","20220615193000","37","0","高雄市","旗山區","120.435","22.795","24"
"126","114363","20220615193000","205","0","高雄市","旗山區","120.460","22.795","172"
"69","114393","20220615193000","48","2","高雄市","旗山區","120.455","22.815","70"
"166","114395","20220615193000","99","3","高雄市","旗山區","120.465","22.815","124"
"644","114407","20220615193000","711","0","高雄市","旗山區","120.465","22.840","713"
"137","114408","20220615193000","82","3","高雄市","旗山區","120.450","22.845","123"
"58","114416","20220615193000","503","0","高雄市","梓官區","120.270","22.765","37"
"113","114421","20220615193000","986","0","高雄市","梓官區","120.260","22.740","104"
"341","114422","20220615193000","293","1","高雄市","橋頭區","120.265","22.740","345"
"26","114424","20220615193000","274","0","臺東縣","卑南鄉","121.160","22.790","32"
"133","114462","20220615193000","79","3","臺東縣","卑南鄉","121.150","22.820","79"
"109","114473","20220615193000","93","1","臺東縣","卑南鄉","121.150","22.830","110"
"132","114575","20220615193000","158","0","臺東縣","卑南鄉","121.055","22.745","115"
"217","114700","20220615193000","286","0","臺東縣","臺東市","121.045","22.760","236"
"202","114840","20220615193000","173","1","臺東縣","卑南鄉","121.070","22.795","172"
"333","114846","20220615193000","322","1","臺東縣","卑南鄉","121.065","22.800","320"
"521","114971","20220615193000","577","0","臺東縣","臺東市","121.125","22.740","579"
"33","114972","20220615193000","484","0","臺東縣","臺東市","121.130","22.740","31"
"1555","114977","20220615193000","1048","2","臺東縣","臺東市","121.135","22.740","1382"
"879","114979","20220615193000","929","0","臺東縣","臺東市","121.120","22.735","928"
"11","114990","20220615193000","15","0","高雄市","岡山區","120.345","22.820","12"
"1392","115004","20220615193000","1288","1","高雄市","岡山區","120.285","22.790","1460"
"85","115005","20220615193000","63","2","高雄市","岡山區","120.290","22.790","46"
"341","115006","20220615193000","225","3","高雄市","岡山區","120.295","22.785","329"
"13","115293","20220615193000","10","2","高雄市","田寮區","120.370","22.825","14"
"253","115298","20220615193000","208","2","高雄市","田寮區","120.360","22.830","282"
"104","115300","20220615193000","104","1","高雄市","田寮區","120.370","22.830","119"
"165","115304","20220615193000","101","3","高雄市","田寮區","120.355","22.835","154"
"69","115311","20220615193000","74","0","高雄市","田寮區","120.395","22.835","55"
"168","115312","20220615193000","138","2","高雄市","田寮區","120.345","22.840","152"
"37","115319","20220615193000","44","0","高雄市","田寮區","120.345","22.845","29"
"69","115329","20220615193000","66","1","高雄市","旗山區","120.435","22.830","75"
"145","115367","20220615193000","859","0","高雄市","燕巢區","120.355","22.790","129"
"451","115368","20220615193000","283","3","高雄市","燕巢區","120.360","22.790","358"
"217","115374","20220615193000","207","1","高雄市","燕巢區","120.325","22.785","246"
"263","115375","20220615193000","227","1","高雄市","燕巢區","120.330","22.785","268"
"373","115377","20220615193000","252","2","高雄市","燕巢區","120.340","22.785","345"
"148","115380","20220615193000","165","0","高雄市","燕巢區","120.355","22.785","140"
"346","115382","20220615193000","270","2","高雄市","燕巢區","120.340","22.790","340"
"323","115384","20220615193000","240","2","高雄市","燕巢區","120.350","22.790","295"
"24","115394","20220615193000","20","2","高雄市","燕巢區","120.355","22.810","23"
"27","115398","20220615193000","18","3","高雄市","燕巢區","120.375","22.810","20"
"94","115401","20220615193000","74","2","高雄市","燕巢區","120.390","22.810","82"
"82","115402","20220615193000","79","1","高雄市","燕巢區","120.355","22.815","75"
"29","115404","20220615193000","24","2","高雄市","燕巢區","120.365","22.815","19"
"259","115429","20220615193000","230","1","高雄市","燕巢區","120.365","22.790","260"
"419","115436","20220615193000","368","1","高雄市","燕巢區","120.365","22.795","434"
"153","115437","20220615193000","130","1","高雄市","燕巢區","120.370","22.795","164"
"42","115438","20220615193000","39","1","高雄市","燕巢區","120.375","22.795","40"
"431","115447","20220615193000","841","0","高雄市","燕巢區","120.375","22.760","449"
"493","115450","20220615193000","671","0","高雄市","燕巢區","120.375","22.765","490"
"59","115453","20220615193000","109","0","高雄市","燕巢區","120.390","22.765","50"
"18","115456","20220615193000","16","1","高雄市","燕巢區","120.415","22.765","11"
"20","115458","20220615193000","79","0","高雄市","燕巢區","120.385","22.770","23"
"10","115461","20220615193000","32","0","高雄市","燕巢區","120.400","22.770","10"
"66","115463","20220615193000","55","2","高雄市","燕巢區","120.410","22.770","64"
"338","115472","20220615193000","250","2","高雄市","燕巢區","120.385","22.775","300"
"159","115473","20220615193000","159","1","高雄市","燕巢區","120.390","22.775","160"
"38","115475","20220615193000","83","0","高雄市","燕巢區","120.400","22.775","20"
"13","115478","20220615193000","14","0","高雄市","燕巢區","120.415","22.775","11"
"165","115482","20220615193000","96","3","高雄市","燕巢區","120.385","22.780","169"
"115","115486","20220615193000","132","0","高雄市","燕巢區","120.405","22.780","115"
"118","115500","20220615193000","113","1","高雄市","燕巢區","120.420","22.780","130"
"140","115501","20220615193000","106","2","高雄市","燕巢區","120.425","22.780","148"
"16","115507","20220615193000","35","0","高雄市","燕巢區","120.410","22.785","14"
"31","115513","20220615193000","93","0","高雄市","燕巢區","120.405","22.790","18"
"57","115519","20220615193000","98","0","高雄市","燕巢區","120.410","22.795","47"
"269","115523","20220615193000","178","3","高雄市","岡山區","120.315","22.785","229"
"276","115524","20220615193000","378","0","高雄市","燕巢區","120.320","22.785","300"
"27","115528","20220615193000","192","0","高雄市","燕巢區","120.330","22.790","28"
"78","115531","20220615193000","457","0","高雄市","燕巢區","120.325","22.795","67"
"247","115537","20220615193000","418","0","高雄市","燕巢區","120.335","22.800","255"
"820","115543","20220615193000","786","1","高雄市","燕巢區","120.355","22.795","883"
"186","115544","20220615193000","145","2","高雄市","燕巢區","120.360","22.795","183"
"218","115546","20220615193000","261","0","高雄市","燕巢區","120.355","22.800","264"
"1000","115555","20220615193000","1833","0","高雄市","楠梓區","120.325","22.735","1720"
"1347","115556","20220615193000","958","2","高雄市","楠梓區","120.330","22.735","1414"
"1105","115557","20220615193000","1429","0","高雄市","楠梓區","120.335","22.735","1086"
"935","115559","20220615193000","926","1","高雄市","楠梓區","120.330","22.740","984"
"1134","115560","20220615193000","996","1","高雄市","楠梓區","120.335","22.740","1084"
"83","115562","20220615193000","528","0","高雄市","楠梓區","120.330","22.745","67"
"35","115563","20220615193000","289","0","高雄市","橋頭區","120.325","22.750","42"
"778","115564","20220615193000","585","2","高雄市","楠梓區","120.330","22.750","829"
"143","115565","20220615193000","76","3","高雄市","岡山區","120.305","22.780","326"
"231","115567","20220615193000","178","2","高雄市","岡山區","120.315","22.825","222"
"347","115568","20220615193000","302","1","高雄市","岡山區","120.325","22.825","332"
"118","115576","20220615193000","316","0","高雄市","岡山區","120.315","22.815","148"
"238","115577","20220615193000","191","2","高雄市","岡山區","120.320","22.815","235"
"33","115580","20220615193000","69","0","高雄市","岡山區","120.325","22.820","28"
"158","115598","20220615193000","2077","0","高雄市","岡山區","120.295","22.795","122"
"209","115599","20220615193000","217","0","高雄市","岡山區","120.290","22.800","222"
"694","115600","20220615193000","671","1","高雄市","岡山區","120.295","22.800","643"
"41","115607","20220615193000","29","2","高雄市","彌陀區","120.230","22.800","42"
"671","115616","20220615193000","774","0","臺東縣","臺東市","121.105","22.770","685"
"636","115617","20220615193000","330","3","臺東縣","臺東市","121.110","22.770","529"
"91","115618","20220615193000","595","0","臺東縣","臺東市","121.115","22.770","72"
"48","115620","20220615193000","52","0","高雄市","大樹區","120.440","22.755","43"
"152","115631","20220615193000","65","3","高雄市","大樹區","120.420","22.765","169"
"55","115636","20220615193000","91","0","高雄市","大樹區","120.445","22.765","51"
"238","115644","20220615193000","254","0","高雄市","大樹區","120.450","22.770","254"
"61","115647","20220615193000","56","1","高雄市","旗山區","120.430","22.775","50"
"436","115648","20220615193000","304","2","高雄市","岡山區","120.300","22.815","446"
"1225","115657","20220615193000","891","2","高雄市","岡山區","120.300","22.820","1312"
"485","115660","20220615193000","452","1","高雄市","岡山區","120.315","22.820","536"
"80","115663","20220615193000","65","2","高雄市","岡山區","120.295","22.830","65"
"346","115664","20220615193000","244","2","高雄市","岡山區","120.290","22.795","295"
"893","115665","20220615193000","717","2","高雄市","岡山區","120.285","22.800","872"
"32","115669","20220615193000","260","0","高雄市","燕巢區","120.325","22.800","24"
"15","115670","20220615193000","17","0","高雄市","岡山區","120.310","22.805","21"
"58","115676","20220615193000","92","0","高雄市","岡山區","120.320","22.810","35"
"135","115684","20220615193000","243","0","高雄市","岡山區","120.305","22.775","193"
"22","115686","20220615193000","36","0","高雄市","岡山區","120.310","22.775","25"
"46","115687","20220615193000","477","0","高雄市","岡山區","120.300","22.780","38"
"43","115690","20220615193000","1011","0","高雄市","岡山區","120.300","22.785","39"
"73","115691","20220615193000","755","0","高雄市","岡山區","120.290","22.805","54"
"150","115692","20220615193000","274","0","高雄市","岡山區","120.295","22.805","165"
"138","115694","20220615193000","985","0","高雄市","岡山區","120.295","22.790","116"
"177","115706","20220615193000","132","2","高雄市","彌陀區","120.240","22.755","178"
"119","115708","20220615193000","125","0","高雄市","梓官區","120.250","22.755","122"
"148","115709","20220615193000","100","2","高雄市","彌陀區","120.235","22.760","133"
"175","115713","20220615193000","131","2","高雄市","彌陀區","120.240","22.765","153"
"417","115714","20220615193000","467","0","高雄市","彌陀區","120.250","22.780","401"
"552","115717","20220615193000","506","1","臺東縣","臺東市","121.140","22.740","650"
"477","115718","20220615193000","214","3","臺東縣","臺東市","121.130","22.745","418"
"1636","115719","20220615193000","1800","0","臺東縣","臺東市","121.135","22.745","1866"
"102","115720","20220615193000","556","0","臺東縣","臺東市","121.140","22.745","82"
"523","115721","20220615193000","554","0","臺東縣","臺東市","121.130","22.750","534"
"1097","115722","20220615193000","623","3","臺東縣","臺東市","121.135","22.750","945"
"353","115724","20220615193000","291","2","臺東縣","臺東市","121.120","22.750","365"
"375","115727","20220615193000","333","1","臺東縣","臺東市","121.130","22.755","353"
"267","115728","20220615193000","447","0","臺東縣","臺東市","121.120","22.760","282"
"145","115732","20220615193000","104","2","臺東縣","臺東市","121.090","22.760","126"
"261","115739","20220615193000","271","0","臺東縣","臺東市","121.095","22.765","260"
"515","115745","20220615193000","600","0","臺東縣","臺東市","121.095","22.770","686"
"183","115749","20220615193000","147","2","高雄市","阿蓮區","120.335","22.835","165"
"11","115751","20220615193000","25","0","高雄市","阿蓮區","120.325","22.840","12"
"1485","115782","20220615193000","1033","2","高雄市","岡山區","120.300","22.795","1565"
"1041","115783","20220615193000","1123","0","高雄市","岡山區","120.305","22.795","1132"
"42","115784","20220615193000","36","1","高雄市","岡山區","120.310","22.795","30"
"461","115787","20220615193000","476","0","高雄市","岡山區","120.270","22.780","473"
"111","115788","20220615193000","391","0","高雄市","岡山區","120.270","22.785","90"
"318","115791","20220615193000","825","0","高雄市","岡山區","120.285","22.785","300"
"499","115793","20220615193000","514","0","高雄市","彌陀區","120.250","22.785","508"
"988","115795","20220615193000","815","2","高雄市","彌陀區","120.235","22.795","1071"
"109","115804","20220615193000","124","0","高雄市","彌陀區","120.245","22.775","108"
"73","115805","20220615193000","63","1","高雄市","彌陀區","120.245","22.765","64"
"209","115808","20220615193000","136","3","高雄市","彌陀區","120.245","22.770","223"
"49","115810","20220615193000","218","0","高雄市","彌陀區","120.255","22.770","358"
"1483","115819","20220615193000","1006","2","高雄市","岡山區","120.305","22.785","1443"
"677","115820","20220615193000","1801","0","高雄市","岡山區","120.300","22.790","592"
"881","115821","20220615193000","937","0","高雄市","岡山區","120.305","22.790","926"
"600","115833","20220615193000","326","3","高雄市","岡山區","120.265","22.815","641"
"351","115834","20220615193000","295","1","高雄市","岡山區","120.270","22.815","355"
"275","115836","20220615193000","245","1","高雄市","岡山區","120.255","22.820","273"
"181","115841","20220615193000","179","1","高雄市","岡山區","120.265","22.820","188"
"225","115844","20220615193000","133","3","高雄市","岡山區","120.300","22.830","196"
"570","115849","20220615193000","737","0","高雄市","阿蓮區","120.305","22.835","591"
"60","115851","20220615193000","155","0","高雄市","岡山區","120.280","22.810","57"
"408","115852","20220615193000","277","2","高雄市","岡山區","120.285","22.810","420"
"409","115855","20220615193000","302","2","高雄市","岡山區","120.285","22.815","354"
"45","115856","20220615193000","350","0","高雄市","岡山區","120.290","22.815","44"
"454","115872","20220615193000","346","2","高雄市","彌陀區","120.250","22.775","453"
"24","115876","20220615193000","12","3","高雄市","大社區","120.345","22.735","21"
"38","115878","20220615193000","360","0","高雄市","大社區","120.360","22.740","30"
"141","115879","20220615193000","147","0","高雄市","大社區","120.365","22.740","110"
"262","115883","20220615193000","285","0","高雄市","大社區","120.345","22.740","287"
"934","115886","20220615193000","756","2","高雄市","楠梓區","120.335","22.745","908"
"495","115889","20220615193000","728","0","高雄市","大社區","120.350","22.745","483"
"213","115892","20220615193000","423","0","高雄市","燕巢區","120.340","22.750","190"
"50","115895","20220615193000","32","3","高雄市","大社區","120.355","22.750","40"
"295","115897","20220615193000","239","2","高雄市","大社區","120.365","22.750","259"
"114","115907","20220615193000","142","0","高雄市","大社區","120.375","22.745","112"
"44","115911","20220615193000","72","0","高雄市","大社區","120.395","22.745","48"
"19","115922","20220615193000","30","0","高雄市","大社區","120.405","22.750","13"
"168","115927","20220615193000","75","3","高雄市","大社區","120.390","22.755","137"
"193","115941","20220615193000","139","2","高雄市","大社區","120.370","22.735","215"
"299","115943","20220615193000","304","0","高雄市","大社區","120.380","22.735","294"
"12","115944","20220615193000","14","0","高雄市","大社區","120.380","22.740","14"
"648","115946","20220615193000","499","2","高雄市","岡山區","120.275","22.775","599"
"669","115949","20220615193000","537","2","高雄市","岡山區","120.310","22.790","715"
"930","115953","20220615193000","940","0","高雄市","岡山區","120.300","22.800","976"
"95","115954","20220615193000","655","0","高雄市","岡山區","120.305","22.800","77"
"68","115963","20220615193000","51","2","高雄市","旗山區","120.425","22.805","34"
"125","115966","20220615193000","85","2","高雄市","旗山區","120.425","22.815","122"
"12","115972","20220615193000","13","0","高雄市","旗山區","120.435","22.825","13"
"159","124145","20220615193000","423","0","屏東縣","高樹鄉","120.610","22.850","156"
"151","124161","20220615193000","221","0","屏東縣","高樹鄉","120.630","22.865","306"
"154","124176","20220615193000","62","3","屏東縣","高樹鄉","120.640","22.880","98"
"33","124193","20220615193000","30","1","臺南市","仁德區","120.245","22.935","35"
"92","124195","20220615193000","110","0","臺南市","仁德區","120.240","22.940","92"
"583","124197","20220615193000","631","0","臺南市","仁德區","120.250","22.940","618"
"42","124211","20220615193000","38","1","臺南市","關廟區","120.330","22.910","44"
"279","124220","20220615193000","306","0","臺南市","關廟區","120.345","22.915","281"
"60","124243","20220615193000","85","0","高雄市","茄萣區","120.205","22.855","43"
"265","124253","20220615193000","314","0","臺南市","仁德區","120.215","22.910","294"
"319","124255","20220615193000","213","2","高雄市","湖內區","120.225","22.905","307"
"246","124262","20220615193000","490","0","臺南市","南區","120.185","22.920","245"
"63","124268","20220615193000","186","0","臺南市","歸仁區","120.280","22.915","53"
"331","124271","20220615193000","282","1","臺南市","歸仁區","120.270","22.920","339"
"548","124275","20220615193000","692","0","臺南市","歸仁區","120.285","22.920","558"
"267","124278","20220615193000","164","3","臺南市","歸仁區","120.280","22.925","275"
"93","124281","20220615193000","156","0","臺南市","歸仁區","120.270","22.930","76"
"54","124291","20220615193000","104","0","臺南市","南區","120.175","22.940","22"
"337","124293","20220615193000","367","0","臺南市","仁德區","120.245","22.925","285"
"23","124295","20220615193000","14","3","臺南市","仁德區","120.240","22.930","21"
"736","124314","20220615193000","1287","0","臺南市","仁德區","120.260","22.945","719"
"550","124322","20220615193000","805","0","臺南市","歸仁區","120.270","22.905","494"
"651","124323","20220615193000","546","1","臺南市","仁德區","120.255","22.910","639"
"450","124338","20220615193000","401","1","臺南市","仁德區","120.250","22.910","489"
"71","124352","20220615193000","72","0","臺南市","關廟區","120.325","22.950","80"
"300","124363","20220615193000","167","3","臺南市","關廟區","120.335","22.930","283"
"359","124371","20220615193000","232","3","臺南市","關廟區","120.335","22.940","360"
"1221","124386","20220615193000","1055","1","臺南市","仁德區","120.255","22.950","1212"
"16","124397","20220615193000","13","2","臺南市","仁德區","120.230","22.935","12"
"22","124404","20220615193000","48","0","臺南市","仁德區","120.230","22.940","22"
"202","124408","20220615193000","380","0","臺南市","仁德區","120.230","22.945","212"
"270","124415","20220615193000","256","1","臺南市","仁德區","120.260","22.950","291"
"10","124430","20220615193000","26","0","臺南市","歸仁區","120.290","22.925","10"
"190","124431","20220615193000","125","3","臺南市","歸仁區","120.295","22.925","181"
"661","124453","20220615193000","228","3","臺南市","歸仁區","120.300","22.940","533"
"861","124469","20220615193000","566","3","臺南市","南區","120.180","22.930","771"
"81","124472","20220615193000","208","0","臺南市","南區","120.180","22.935","75"
"264","124474","20220615193000","207","2","臺南市","南區","120.190","22.935","278"
"1495","124477","20220615193000","1182","2","臺南市","南區","120.180","22.925","1564"
"24","124481","20220615193000","39","0","臺南市","歸仁區","120.275","22.905","26"
"53","124491","20220615193000","408","0","臺南市","歸仁區","120.275","22.910","147"
"154","124494","20220615193000","176","0","臺南市","歸仁區","120.285","22.910","165"
"250","124504","20220615193000","424","0","臺南市","歸仁區","120.275","22.915","256"
"696","124526","20220615193000","659","1","臺南市","歸仁區","120.275","22.950","748"
"174","124527","20220615193000","186","0","臺南市","歸仁區","120.280","22.950","189"
"60","124538","20220615193000","88","0","臺南市","仁德區","120.220","22.920","69"
"248","124546","20220615193000","244","1","臺南市","南區","120.215","22.950","242"
"75","124548","20220615193000","87","0","臺南市","仁德區","120.220","22.945","48"
"382","124549","20220615193000","392","0","臺南市","仁德區","120.220","22.950","383"
"95","124550","20220615193000","628","0","高雄市","湖內區","120.230","22.915","82"
"468","124551","20220615193000","350","2","臺南市","仁德區","120.235","22.915","399"
"463","124552","20220615193000","1000","0","臺南市","仁德區","120.225","22.920","528"
"258","124553","20220615193000","711","0","臺南市","仁德區","120.230","22.920","251"
"57","124555","20220615193000","517","0","臺南市","仁德區","120.240","22.920","63"
"323","124557","20220615193000","367","0","臺南市","仁德區","120.250","22.920","324"
"375","124559","20220615193000","583","0","臺南市","仁德區","120.225","22.925","383"
"63","124563","20220615193000","570","0","臺南市","仁德區","120.230","22.930","62"
"521","124565","20220615193000","342","3","臺南市","仁德區","120.220","22.915","538"
"993","124569","20220615193000","926","1","臺南市","仁德區","120.215","22.915","1026"
"10","124571","20220615193000","46","0","臺南市","仁德區","120.200","22.920","10"
"996","124585","20220615193000","581","3","臺南市","南區","120.180","22.945","997"
"478","124591","20220615193000","399","1","臺南市","南區","120.185","22.950","487"
"59","124593","20220615193000","61","0","臺南市","南區","120.195","22.950","56"
"56","124601","20220615193000","35","3","高雄市","茂林區","120.685","22.905","52"
"1367","124642","20220615193000","1370","0","高雄市","茄萣區","120.185","22.895","1436"
"16","124648","20220615193000","11","2","高雄市","內門區","120.450","22.920","13"
"270","124661","20220615193000","192","2","高雄市","美濃區","120.525","22.850","289"
"99","124668","20220615193000","97","1","高雄市","美濃區","120.535","22.850","123"
"293","124671","20220615193000","320","0","高雄市","美濃區","120.550","22.850","296"
"289","124678","20220615193000","370","0","高雄市","美濃區","120.535","22.860","297"
"180","124706","20220615193000","155","1","高雄市","美濃區","120.580","22.920","202"
"19","124745","20220615193000","24","0","高雄市","美濃區","120.585","22.940","22"
"883","124774","20220615193000","962","0","高雄市","美濃區","120.545","22.900","912"
"308","124778","20220615193000","162","3","高雄市","美濃區","120.555","22.905","280"
"265","124780","20220615193000","237","1","高雄市","美濃區","120.545","22.910","267"
"12","124783","20220615193000","15","0","高雄市","美濃區","120.535","22.915","12"
"319","124803","20220615193000","202","3","高雄市","美濃區","120.535","22.865","301"
"444","124809","20220615193000","292","3","高雄市","美濃區","120.535","22.875","428"
"214","124812","20220615193000","181","1","高雄市","美濃區","120.535","22.880","226"
"263","124818","20220615193000","181","2","高雄市","美濃區","120.555","22.885","295"
"248","124831","20220615193000","289","0","高雄市","內門區","120.460","22.925","273"
"89","124869","20220615193000","66","2","高雄市","內門區","120.470","22.910","46"
"280","124897","20220615193000","174","3","高雄市","內門區","120.465","22.930","255"
"243","124903","20220615193000","253","0","高雄市","內門區","120.465","22.940","243"
"311","124908","20220615193000","242","2","高雄市","內門區","120.460","22.920","314"
"12","124929","20220615193000","10","2","高雄市","內門區","120.475","22.940","12"
"17","124935","20220615193000","11","3","高雄市","內門區","120.490","22.940","12"
"22","124948","20220615193000","14","3","臺南市","龍崎區","120.360","22.940","15"
"31","124962","20220615193000","27","1","臺南市","龍崎區","120.380","22.950","26"
"26","124976","20220615193000","23","1","臺南市","龍崎區","120.395","22.930","20"
"84","124995","20220615193000","55","3","臺南市","龍崎區","120.365","22.915","88"
"95","125006","20220615193000","134","0","臺南市","龍崎區","120.350","22.930","81"
"520","125045","20220615193000","458","1","臺南市","龍崎區","120.425","22.940","512"
"11","125051","20220615193000","13","0","臺南市","龍崎區","120.400","22.950","11"
"12","125061","20220615193000","12","1","臺南市","龍崎區","120.420","22.945","12"
"84","125099","20220615193000","233","0","臺東縣","卑南鄉","121.090","22.865","75"
"21","125131","20220615193000","57","0","臺東縣","卑南鄉","121.135","22.860","22"
"258","125138","20220615193000","272","0","臺東縣","卑南鄉","121.125","22.870","237"
"133","125172","20220615193000","67","3","臺東縣","卑南鄉","121.190","22.850","88"
"305","125177","20220615193000","359","0","高雄市","湖內區","120.235","22.900","291"
"138","125178","20220615193000","161","0","臺南市","仁德區","120.235","22.905","113"
"666","125179","20220615193000","425","3","高雄市","湖內區","120.230","22.910","530"
"605","125186","20220615193000","442","2","高雄市","路竹區","120.275","22.870","596"
"147","125192","20220615193000","184","0","高雄市","路竹區","120.265","22.885","135"
"396","125206","20220615193000","369","1","高雄市","路竹區","120.270","22.870","417"
"630","125207","20220615193000","634","0","高雄市","路竹區","120.255","22.875","639"
"224","125215","20220615193000","175","2","高雄市","茄萣區","120.180","22.910","182"
"441","125229","20220615193000","475","0","高雄市","路竹區","120.290","22.865","495"
"266","125232","20220615193000","259","1","高雄市","路竹區","120.245","22.860","249"
"1160","125234","20220615193000","1000","1","高雄市","路竹區","120.255","22.860","1217"
"83","125242","20220615193000","91","0","高雄市","路竹區","120.250","22.855","64"
"44","125244","20220615193000","55","0","高雄市","路竹區","120.260","22.865","37"
"440","125249","20220615193000","478","0","高雄市","路竹區","120.235","22.860","430"
"579","125257","20220615193000","620","0","高雄市","路竹區","120.260","22.860","591"
"54","125258","20220615193000","49","1","高雄市","路竹區","120.255","22.865","58"
"450","125263","20220615193000","379","1","高雄市","路竹區","120.225","22.855","469"
"191","125284","20220615193000","92","3","高雄市","旗山區","120.515","22.855","175"
"272","125285","20220615193000","201","2","高雄市","旗山區","120.490","22.860","262"
"31","125295","20220615193000","89","0","高雄市","旗山區","120.490","22.880","28"
"359","125296","20220615193000","239","3","高雄市","旗山區","120.495","22.880","386"
"442","125297","20220615193000","455","0","高雄市","旗山區","120.500","22.880","498"
"846","125340","20220615193000","1093","0","高雄市","旗山區","120.480","22.895","895"
"207","125343","20220615193000","197","1","高雄市","旗山區","120.480","22.900","216"
"182","125346","20220615193000","656","0","高雄市","旗山區","120.475","22.905","215"
"33","125349","20220615193000","367","0","高雄市","旗山區","120.485","22.905","26"
"101","125360","20220615193000","474","0","高雄市","湖內區","120.250","22.880","85"
"667","125361","20220615193000","626","1","高雄市","湖內區","120.245","22.885","639"
"122","125366","20220615193000","290","0","高雄市","湖內區","120.240","22.890","383"
"598","125367","20220615193000","423","2","高雄市","湖內區","120.245","22.890","501"
"84","125374","20220615193000","76","1","高雄市","旗山區","120.445","22.885","72"
"41","125393","20220615193000","55","0","高雄市","內門區","120.420","22.910","50"
"15","125438","20220615193000","16","0","高雄市","茂林區","120.650","22.880","30"
"81","125487","20220615193000","74","1","高雄市","六龜區","120.620","22.890","72"
"150","125491","20220615193000","113","2","高雄市","六龜區","120.625","22.895","125"
"118","125506","20220615193000","113","1","高雄市","六龜區","120.635","22.910","144"
"15","125528","20220615193000","17","0","高雄市","六龜區","120.615","22.880","15"
"21","125541","20220615193000","27","0","高雄市","六龜區","120.615","22.885","15"
"79","125543","20220615193000","75","1","高雄市","六龜區","120.625","22.885","74"
"134","125591","20220615193000","84","3","高雄市","六龜區","120.645","22.925","119"
"766","125608","20220615193000","722","1","高雄市","路竹區","120.265","22.865","779"
"194","125613","20220615193000","161","2","高雄市","路竹區","120.265","22.850","138"
"140","125614","20220615193000","151","0","高雄市","路竹區","120.260","22.855","140"
"20","125615","20220615193000","797","0","高雄市","路竹區","120.265","22.855","15"
"357","125624","20220615193000","281","2","高雄市","路竹區","120.290","22.875","337"
"112","125626","20220615193000","74","3","高雄市","路竹區","120.295","22.875","88"
"244","125629","20220615193000","209","1","高雄市","路竹區","120.285","22.880","171"
"245","125646","20220615193000","235","1","臺南市","關廟區","120.345","22.905","244"
"345","125659","20220615193000","267","2","高雄市","阿蓮區","120.290","22.895","337"
"178","125660","20220615193000","241","0","高雄市","阿蓮區","120.295","22.895","179"
"384","125667","20220615193000","511","0","臺南市","歸仁區","120.280","22.905","379"
"20","125673","20220615193000","13","3","高雄市","阿蓮區","120.330","22.875","10"
"174","125675","20220615193000","123","2","高雄市","湖內區","120.195","22.910","160"
"266","125676","20220615193000","112","3","高雄市","湖內區","120.200","22.910","246"
"43","125737","20220615193000","245","0","高雄市","田寮區","120.370","22.865","34"
"81","125772","20220615193000","69","1","高雄市","田寮區","120.400","22.890","82"
"26","125779","20220615193000","35","0","高雄市","田寮區","120.400","22.895","30"
"44","125825","20220615193000","20","3","臺東縣","東河鄉","121.270","22.930","25"
"82","125838","20220615193000","23","3","臺東縣","東河鄉","121.275","22.940","48"
"129","125849","20220615193000","94","2","臺東縣","鹿野鄉","121.150","22.930","125"
"903","125884","20220615193000","1528","0","高雄市","旗山區","120.480","22.880","922"
"618","125896","20220615193000","620","0","高雄市","美濃區","120.540","22.900","612"
"47","125917","20220615193000","42","1","高雄市","美濃區","120.535","22.900","48"
"198","125941","20220615193000","167","1","高雄市","美濃區","120.565","22.865","195"
"19","125950","20220615193000","13","2","高雄市","美濃區","120.570","22.870","25"
"44","125951","20220615193000","27","3","高雄市","美濃區","120.575","22.870","35"
"82","125952","20220615193000","67","2","高雄市","美濃區","120.580","22.870","77"
"345","125955","20220615193000","311","1","高雄市","美濃區","120.565","22.875","330"
"122","125966","20220615193000","98","2","高雄市","美濃區","120.545","22.880","103"
"17","125969","20220615193000","17","1","高雄市","美濃區","120.530","22.885","11"
"68","125970","20220615193000","83","0","高雄市","美濃區","120.535","22.885","50"
"384","125981","20220615193000","326","1","高雄市","美濃區","120.515","22.875","370"
"198","125989","20220615193000","128","3","高雄市","旗山區","120.505","22.890","155"
"442","125997","20220615193000","285","3","高雄市","美濃區","120.520","22.895","382"
"224","126001","20220615193000","200","1","高雄市","美濃區","120.520","22.900","218"
"436","126010","20220615193000","403","1","高雄市","美濃區","120.560","22.915","440"
"184","126024","20220615193000","131","2","高雄市","美濃區","120.580","22.925","202"
"316","126043","20220615193000","231","2","高雄市","美濃區","120.550","22.865","300"
"323","126059","20220615193000","290","1","高雄市","美濃區","120.575","22.880","329"
"106","126076","20220615193000","77","2","高雄市","美濃區","120.570","22.895","106"
"735","126092","20220615193000","1109","0","高雄市","旗山區","120.480","22.885","730"
"307","126096","20220615193000","530","0","高雄市","路竹區","120.265","22.870","248"
"567","126107","20220615193000","653","0","高雄市","路竹區","120.270","22.865","700"
"353","126119","20220615193000","207","3","高雄市","旗山區","120.490","22.920","336"
"346","126120","20220615193000","387","0","高雄市","旗山區","120.495","22.920","367"
"383","126140","20220615193000","224","3","高雄市","路竹區","120.280","22.850","371"
"55","126141","20220615193000","387","0","高雄市","路竹區","120.270","22.855","76"
"1800","126142","20220615193000","1721","1","高雄市","路竹區","120.265","22.860","1666"
"19","126160","20220615193000","24","0","臺東縣","卑南鄉","121.105","22.850","22"
"624","126178","20220615193000","492","2","臺東縣","卑南鄉","121.105","22.860","631"
"118","126183","20220615193000","71","3","臺東縣","卑南鄉","121.100","22.865","117"
"176","126219","20220615193000","395","0","高雄市","茄萣區","120.185","22.890","196"
"394","126227","20220615193000","341","1","高雄市","湖內區","120.235","22.895","387"
"174","126228","20220615193000","110","3","高雄市","湖內區","120.220","22.900","168"
"148","126236","20220615193000","87","3","高雄市","湖內區","120.225","22.880","133"
"466","126244","20220615193000","462","1","高雄市","湖內區","120.225","22.895","484"
"513","126247","20220615193000","322","3","高雄市","湖內區","120.240","22.870","524"
"225","126249","20220615193000","165","2","高雄市","湖內區","120.235","22.875","221"
"312","126256","20220615193000","199","3","高雄市","湖內區","120.240","22.885","297"
"639","126258","20220615193000","611","1","高雄市","湖內區","120.250","22.875","714"
"236","126273","20220615193000","172","2","高雄市","美濃區","120.545","22.895","237"
"290","126301","20220615193000","236","2","臺東縣","鹿野鄉","121.085","22.900","277"
"198","126303","20220615193000","250","0","臺東縣","延平鄉","121.075","22.905","256"
"45","126423","20220615193000","36","2","臺東縣","延平鄉","121.100","22.910","39"
"92","127499","20220615193000","167","0","臺東縣","延平鄉","121.150","22.900","117"
"20","127566","20220615193000","15","2","臺東縣","鹿野鄉","121.120","22.920","15"
"30","127569","20220615193000","205","0","臺東縣","鹿野鄉","121.120","22.925","36"
"19","127570","20220615193000","17","1","臺東縣","鹿野鄉","121.125","22.925","12"
"296","127581","20220615193000","146","3","臺東縣","鹿野鄉","121.120","22.930","247"
"115","127584","20220615193000","102","1","臺東縣","鹿野鄉","121.135","22.930","136"
"54","127600","20220615193000","50","1","臺東縣","鹿野鄉","121.135","22.945","52"
"113","127605","20220615193000","91","2","高雄市","田寮區","120.395","22.850","117"
"66","127613","20220615193000","39","3","高雄市","田寮區","120.380","22.875","67"
"337","127617","20220615193000","318","1","高雄市","田寮區","120.385","22.880","352"
"86","127622","20220615193000","72","1","高雄市","田寮區","120.390","22.885","64"
"53","127652","20220615193000","84","0","高雄市","田寮區","120.360","22.880","46"
"89","127664","20220615193000","60","2","高雄市","田寮區","120.370","22.890","82"
"37","127666","20220615193000","87","0","高雄市","田寮區","120.360","22.895","37"
"34","127698","20220615193000","56","0","高雄市","田寮區","120.425","22.885","32"
"350","127704","20220615193000","344","1","高雄市","茄萣區","120.180","22.900","338"
"686","127705","20220615193000","450","3","高雄市","茄萣區","120.185","22.900","657"
"143","127717","20220615193000","173","0","臺東縣","鹿野鄉","121.100","22.895","136"
"96","127724","20220615193000","46","3","臺東縣","鹿野鄉","121.135","22.895","95"
"15","127727","20220615193000","18","0","臺東縣","鹿野鄉","121.100","22.900","16"
"245","127733","20220615193000","227","1","臺東縣","鹿野鄉","121.135","22.910","242"
"94","127737","20220615193000","113","0","臺東縣","鹿野鄉","121.135","22.920","94"
"15","127748","20220615193000","103","0","臺東縣","鹿野鄉","121.130","22.900","16"
"215","127754","20220615193000","210","1","臺東縣","鹿野鄉","121.120","22.905","235"
"1356","127765","20220615193000","1297","1","臺南市","仁德區","120.220","22.910","1398"
"234","127770","20220615193000","240","0","高雄市","湖內區","120.215","22.905","228"
"68","127835","20220615193000","58","1","臺東縣","東河鄉","121.235","22.940","66"
"168","127852","20220615193000","160","1","臺東縣","東河鄉","121.250","22.895","163"
"121","127889","20220615193000","56","3","臺東縣","東河鄉","121.255","22.915","104"
"39","127890","20220615193000","11","3","臺東縣","東河鄉","121.260","22.915","42"
"64","127912","20220615193000","179","0","臺東縣","東河鄉","121.265","22.925","55"
"188","127933","20220615193000","152","2","臺東縣","東河鄉","121.190","22.860","188"
"53","127935","20220615193000","44","2","臺東縣","東河鄉","121.200","22.860","45"
"680","127958","20220615193000","775","0","臺東縣","東河鄉","121.225","22.870","661"
"160","127984","20220615193000","17","3","臺東縣","東河鄉","121.225","22.880","159"
"171","127998","20220615193000","101","3","臺東縣","東河鄉","121.235","22.880","156"
"59","128028","20220615193000","54","1","臺東縣","東河鄉","121.245","22.890","40"
"38","128038","20220615193000","47","0","臺東縣","東河鄉","121.235","22.895","35"
"152","128060","20220615193000","234","0","高雄市","阿蓮區","120.345","22.860","145"
"421","128066","20220615193000","488","0","高雄市","阿蓮區","120.320","22.850","452"
"144","128071","20220615193000","94","3","高雄市","阿蓮區","120.320","22.855","122"
"271","128073","20220615193000","179","3","高雄市","阿蓮區","120.330","22.855","255"
"1453","128075","20220615193000","1013","2","高雄市","阿蓮區","120.325","22.875","1430"
"1473","128076","20220615193000","1150","2","高雄市","阿蓮區","120.325","22.880","1578"
"25","128078","20220615193000","213","0","高雄市","路竹區","120.305","22.860","16"
"263","128090","20220615193000","204","2","高雄市","阿蓮區","120.310","22.870","244"
"179","128091","20220615193000","116","3","高雄市","阿蓮區","120.315","22.870","182"
"81","128097","20220615193000","76","1","高雄市","阿蓮區","120.315","22.880","75"
"66","128418","20220615193000","44","3","高雄市","茂林區","120.715","22.910","62"
"78","128722","20220615193000","62","2","高雄市","茂林區","120.665","22.885","80"
"58","128723","20220615193000","32","3","高雄市","茂林區","120.670","22.885","67"
"35","128748","20220615193000","250","0","高雄市","旗山區","120.480","22.890","43"
"44","128751","20220615193000","23","3","高雄市","旗山區","120.475","22.850","31"
"410","128754","20220615193000","329","2","高雄市","路竹區","120.300","22.880","412"
"188","128758","20220615193000","150","2","高雄市","阿蓮區","120.305","22.890","190"
"332","128759","20220615193000","226","2","高雄市","阿蓮區","120.310","22.890","314"
"331","128764","20220615193000","262","2","高雄市","阿蓮區","120.330","22.880","330"
"982","128765","20220615193000","719","2","高雄市","阿蓮區","120.335","22.880","944"
"208","128766","20220615193000","167","2","高雄市","阿蓮區","120.340","22.880","204"
"267","128769","20220615193000","206","2","高雄市","阿蓮區","120.330","22.885","274"
"271","128776","20220615193000","202","2","高雄市","阿蓮區","120.320","22.890","279"
"156","128782","20220615193000","115","2","高雄市","阿蓮區","120.335","22.870","161"
"395","128789","20220615193000","330","1","高雄市","田寮區","120.355","22.870","417"
"532","128797","20220615193000","467","1","高雄市","茄萣區","120.185","22.905","569"
"327","128798","20220615193000","196","3","高雄市","茄萣區","120.190","22.905","327"
"76","128803","20220615193000","80","0","高雄市","茄萣區","120.195","22.855","71"
"75","128807","20220615193000","93","0","高雄市","茄萣區","120.195","22.860","83"
"328","128823","20220615193000","291","1","高雄市","茄萣區","120.190","22.870","345"
"366","128824","20220615193000","329","1","高雄市","茄萣區","120.195","22.870","393"
"199","128825","20220615193000","184","1","高雄市","茄萣區","120.200","22.870","190"
"45","128829","20220615193000","15","3","高雄市","茄萣區","120.190","22.875","27"
"486","128830","20220615193000","309","3","高雄市","茄萣區","120.195","22.875","494"
"269","128833","20220615193000","203","2","高雄市","茄萣區","120.210","22.875","283"
"216","128847","20220615193000","236","0","高雄市","茄萣區","120.190","22.910","235"
"534","128850","20220615193000","586","0","高雄市","茄萣區","120.185","22.910","521"
"260","128866","20220615193000","207","2","高雄市","旗山區","120.475","22.870","276"
"119","128884","20220615193000","104","1","高雄市","旗山區","120.455","22.880","126"
"242","128886","20220615193000","185","2","高雄市","旗山區","120.465","22.880","227"
"17","128887","20220615193000","12","2","高雄市","旗山區","120.470","22.880","21"
"684","128898","20220615193000","615","1","高雄市","旗山區","120.470","22.855","713"
"387","128911","20220615193000","328","1","高雄市","旗山區","120.500","22.925","395"
"238","128916","20220615193000","185","2","高雄市","旗山區","120.500","22.930","238"
"154","128946","20220615193000","143","1","高雄市","杉林區","120.525","22.930","144"
"695","134975","20220615193000","438","3","臺南市","安南區","120.210","23.035","590"
"714","134976","20220615193000","494","2","臺南市","安南區","120.210","23.040","668"
"1500","134977","20220615193000","1198","2","臺南市","安南區","120.215","23.040","1467"
"934","134978","20220615193000","984","0","臺南市","安南區","120.215","23.030","1497"
"399","134979","20220615193000","409","0","臺南市","安南區","120.215","23.035","395"
"569","134985","20220615193000","428","2","臺南市","安南區","120.195","23.025","533"
"456","134991","20220615193000","326","2","臺南市","關廟區","120.300","22.995","415"
"32","134995","20220615193000","21","3","臺南市","關廟區","120.320","22.995","42"
"280","134999","20220615193000","190","2","臺南市","關廟區","120.305","23.000","306"
"143","135010","20220615193000","125","1","臺南市","關廟區","120.320","23.005","90"
"341","135015","20220615193000","176","3","臺南市","關廟區","120.305","23.010","325"
"782","135022","20220615193000","779","1","臺南市","關廟區","120.325","22.965","818"
"44","135028","20220615193000","187","0","臺南市","關廟區","120.360","22.965","34"
"256","135056","20220615193000","201","2","臺南市","關廟區","120.330","22.965","253"
"442","135059","20220615193000","313","2","臺南市","關廟區","120.325","22.975","403"
"1966","135061","20220615193000","2643","0","臺南市","中西區","120.210","22.985","1964"
"321","135062","20220615193000","1958","0","臺南市","永康區","120.235","23.005","279"
"1734","135063","20220615193000","1404","2","臺南市","東區","120.230","22.980","1518"
"328","135064","20220615193000","208","3","臺南市","安南區","120.125","23.040","290"
"398","135074","20220615193000","364","1","臺南市","南區","120.175","22.965","340"
"16","135075","20220615193000","12","2","臺南市","南區","120.180","22.965","16"
"1581","135079","20220615193000","1443","1","臺南市","南區","120.185","22.970","1564"
"980","135080","20220615193000","626","3","臺南市","南區","120.175","22.975","859"
"363","135081","20220615193000","408","0","臺南市","南區","120.180","22.975","369"
"1203","135083","20220615193000","970","2","臺南市","南區","120.185","22.980","1157"
"1857","135084","20220615193000","1241","2","臺南市","北區","120.210","23.020","1794"
"1403","135085","20220615193000","1695","0","臺南市","南區","120.200","22.980","1365"
"13","135086","20220615193000","79","0","臺南市","南區","120.205","22.970","18"
"278","135087","20220615193000","211","2","臺南市","南區","120.195","22.970","291"
"913","135088","20220615193000","1038","0","臺南市","南區","120.190","22.960","989"
"18","135461","20220615193000","19","0","臺東縣","海端鄉","121.130","23.000","12"
"227","135797","20220615193000","144","3","臺東縣","關山鎮","121.145","23.020","251"
"1725","135951","20220615193000","1839","0","臺南市","永康區","120.230","23.010","1804"
"4131","135952","20220615193000","4320","0","臺南市","永康區","120.225","23.020","4239"
"1109","135953","20220615193000","945","1","臺南市","永康區","120.220","23.025","1122"
"420","135954","20220615193000","682","0","臺南市","永康區","120.225","23.025","466"
"1332","135956","20220615193000","1169","1","臺南市","永康區","120.235","23.025","1293"
"528","135957","20220615193000","493","1","臺南市","永康區","120.225","23.030","532"
"345","135958","20220615193000","283","2","臺南市","永康區","120.230","23.030","384"
"82","135959","20220615193000","1199","0","臺南市","永康區","120.255","22.995","59"
"752","135960","20220615193000","1060","0","臺南市","永康區","120.255","23.000","803"
"164","135961","20220615193000","1175","0","臺南市","永康區","120.260","23.000","158"
"470","135963","20220615193000","377","2","臺南市","永康區","120.260","23.005","464"
"1783","135966","20220615193000","1238","2","臺南市","安南區","120.205","23.030","1693"
"802","135967","20220615193000","654","2","臺南市","安南區","120.210","23.030","729"
"375","135969","20220615193000","382","0","臺南市","安南區","120.220","23.040","362"
"2068","135971","20220615193000","2197","0","臺南市","中西區","120.190","23.005","2024"
"225","135972","20220615193000","526","0","臺南市","永康區","120.250","23.005","188"
"685","135976","20220615193000","501","2","臺南市","歸仁區","120.300","22.965","670"
"654","135980","20220615193000","557","1","臺南市","南區","120.195","22.980","670"
"1320","135981","20220615193000","1022","2","臺南市","南區","120.190","22.970","1304"
"736","135982","20220615193000","1409","0","臺南市","中西區","120.190","23.000","734"
"2205","135983","20220615193000","1276","3","臺南市","中西區","120.195","23.000","2191"
"2578","135984","20220615193000","1889","2","臺南市","中西區","120.175","23.005","2527"
"323","135985","20220615193000","223","2","臺南市","中西區","120.180","23.000","316"
"479","135986","20220615193000","441","1","臺南市","安南區","120.165","23.005","541"
"572","135989","20220615193000","1020","0","臺南市","永康區","120.255","23.035","588"
"902","135990","20220615193000","931","0","臺南市","永康區","120.260","23.030","958"
"2002","135991","20220615193000","1672","1","臺南市","永康區","120.260","23.035","2114"
"484","135992","20220615193000","266","3","臺南市","永康區","120.255","23.040","432"
"2749","135993","20220615193000","2760","0","臺南市","永康區","120.230","23.015","2782"
"890","135994","20220615193000","1101","0","臺南市","永康區","120.230","23.020","952"
"666","135995","20220615193000","339","3","臺南市","安南區","120.205","23.035","600"
"1012","135997","20220615193000","958","1","臺南市","永康區","120.220","23.020","1026"
"1392","135998","20220615193000","1072","2","臺南市","北區","120.195","23.010","1432"
"2132","136000","20220615193000","2040","1","臺南市","北區","120.195","23.015","2098"
"729","136001","20220615193000","839","0","臺南市","北區","120.200","23.015","923"
"526","136002","20220615193000","460","1","臺南市","北區","120.195","23.005","508"
"1471","136005","20220615193000","1162","2","臺南市","南區","120.190","22.985","1497"
"66","136006","20220615193000","184","0","臺南市","南區","120.210","22.975","84"
"584","136008","20220615193000","401","2","臺南市","北區","120.185","23.010","575"
"811","136009","20220615193000","765","1","臺南市","北區","120.190","23.010","780"
"227","136012","20220615193000","1073","0","臺南市","永康區","120.270","23.010","208"
"1738","136013","20220615193000","1879","0","臺南市","中西區","120.195","22.990","1849"
"1032","136014","20220615193000","857","2","臺南市","仁德區","120.255","22.975","1061"
"104","136018","20220615193000","135","0","臺南市","仁德區","120.255","22.980","116"
"746","136020","20220615193000","374","3","臺南市","北區","120.200","23.010","769"
"1272","136021","20220615193000","666","3","臺南市","北區","120.200","23.020","1214"
"1357","136022","20220615193000","984","2","臺南市","北區","120.205","23.015","1359"
"2420","136023","20220615193000","1532","3","臺南市","北區","120.210","23.015","2538"
"273","136025","20220615193000","206","2","臺南市","北區","120.205","23.020","265"
"544","136030","20220615193000","443","2","臺南市","永康區","120.275","23.030","548"
"1944","136034","20220615193000","1234","3","臺南市","永康區","120.235","23.020","2032"
"140","136035","20220615193000","283","0","臺南市","永康區","120.240","23.020","113"
"499","136036","20220615193000","603","0","臺南市","永康區","120.245","23.020","536"
"434","136037","20220615193000","1984","0","臺南市","永康區","120.250","23.020","439"
"95","136038","20220615193000","73","2","臺南市","永康區","120.240","23.025","65"
"881","136042","20220615193000","755","1","臺南市","永康區","120.250","23.025","761"
"698","136043","20220615193000","440","3","臺南市","關廟區","120.330","22.955","638"
"574","136044","20220615193000","381","3","臺南市","關廟區","120.330","22.960","541"
"87","136047","20220615193000","93","0","臺南市","關廟區","120.340","22.970","98"
"1151","136049","20220615193000","676","3","臺南市","關廟區","120.335","22.960","1127"
"210","136054","20220615193000","217","0","臺南市","關廟區","120.345","22.965","226"
"63","136056","20220615193000","54","1","臺南市","關廟區","120.355","22.965","67"
"2313","136059","20220615193000","1496","3","臺南市","北區","120.205","23.005","2383"
"662","136061","20220615193000","792","0","臺南市","南區","120.200","22.970","705"
"600","136062","20220615193000","654","0","臺南市","中西區","120.205","22.990","586"
"1830","136063","20220615193000","2215","0","臺南市","中西區","120.200","22.985","1915"
"1599","136064","20220615193000","1862","0","臺南市","中西區","120.200","22.990","1527"
"972","136065","20220615193000","1082","0","臺南市","中西區","120.200","22.995","971"
"442","136067","20220615193000","375","1","臺南市","永康區","120.270","22.995","462"
"101","136070","20220615193000","1007","0","臺南市","永康區","120.265","23.005","112"
"2229","136071","20220615193000","1716","2","臺南市","永康區","120.255","23.030","2246"
"286","136072","20220615193000","493","0","臺南市","關廟區","120.335","22.955","565"
"582","136080","20220615193000","394","2","臺南市","關廟區","120.325","22.955","643"
"254","136081","20220615193000","399","0","臺南市","關廟區","120.315","22.960","268"
"1067","136083","20220615193000","583","3","臺南市","關廟區","120.325","22.960","1006"
"157","136085","20220615193000","239","0","臺南市","東區","120.220","22.990","136"
"3314","136087","20220615193000","2590","2","臺南市","東區","120.225","22.985","3294"
"1183","136088","20220615193000","1397","0","臺南市","東區","120.230","22.990","1266"
"3063","136089","20220615193000","2176","2","臺南市","東區","120.230","22.995","2795"
"1047","136090","20220615193000","1155","0","臺南市","東區","120.235","22.995","1105"
"1471","136091","20220615193000","937","3","臺南市","北區","120.220","23.000","1454"
"625","136093","20220615193000","429","2","臺南市","中西區","120.180","23.005","596"
"2182","136094","20220615193000","1963","1","臺南市","中西區","120.185","23.005","2104"
"2437","136095","20220615193000","1446","3","臺南市","北區","120.225","23.005","2162"
"327","136096","20220615193000","317","1","臺南市","北區","120.225","23.000","343"
"136","136100","20220615193000","78","3","臺南市","仁德區","120.235","22.950","131"
"221","136101","20220615193000","158","2","臺南市","仁德區","120.235","22.955","226"
"1287","136102","20220615193000","1005","2","臺南市","仁德區","120.230","22.955","1281"
"359","136104","20220615193000","221","3","臺南市","仁德區","120.240","22.955","294"
"1931","136105","20220615193000","1456","2","臺南市","仁德區","120.255","22.955","1940"
"267","136109","20220615193000","348","0","臺南市","仁德區","120.250","22.955","302"
"29","136111","20220615193000","37","0","臺南市","仁德區","120.265","22.955","26"
"93","136113","20220615193000","619","0","臺南市","仁德區","120.265","22.960","105"
"1127","136115","20220615193000","723","3","臺南市","北區","120.220","23.010","990"
"743","136118","20220615193000","2140","0","臺南市","中西區","120.210","22.995","731"
"604","136119","20220615193000","1223","0","臺南市","中西區","120.210","22.990","559"
"1917","136120","20220615193000","2120","0","臺南市","北區","120.205","23.000","1840"
"2009","136122","20220615193000","1417","2","臺南市","東區","120.225","22.965","2017"
"1272","136123","20220615193000","943","2","臺南市","東區","120.220","22.970","1238"
"333","136124","20220615193000","1091","0","臺南市","東區","120.225","22.970","329"
"1686","136125","20220615193000","1980","0","臺南市","東區","120.225","22.990","1645"
"1118","136126","20220615193000","1565","0","臺南市","東區","120.235","22.990","1214"
"1054","136128","20220615193000","832","2","臺南市","東區","120.245","22.990","1062"
"431","136131","20220615193000","341","2","臺南市","歸仁區","120.275","22.960","415"
"649","136132","20220615193000","362","3","臺南市","歸仁區","120.280","22.960","592"
"53","136145","20220615193000","632","0","臺南市","南區","120.205","22.980","63"
"1043","136146","20220615193000","1327","0","臺南市","南區","120.210","22.980","940"
"789","136147","20220615193000","534","2","臺南市","安平區","120.165","22.990","738"
"50","136148","20220615193000","105","0","臺南市","永康區","120.245","22.995","40"
"947","136149","20220615193000","594","3","臺南市","永康區","120.245","23.005","931"
"1340","136151","20220615193000","1129","1","臺南市","永康區","120.245","23.010","1266"
"189","136152","20220615193000","1036","0","臺南市","永康區","120.250","23.010","171"
"48","136155","20220615193000","56","0","臺南市","關廟區","120.320","22.970","61"
"81","136163","20220615193000","77","1","臺南市","關廟區","120.310","22.980","69"
"1678","136181","20220615193000","1513","1","臺南市","北區","120.200","23.000","1782"
"129","136182","20220615193000","104","2","臺南市","南區","120.195","22.985","115"
"498","136184","20220615193000","269","3","臺南市","仁德區","120.225","22.960","449"
"337","136185","20220615193000","307","1","臺南市","東區","120.230","22.960","352"
"75","136186","20220615193000","67","1","臺南市","歸仁區","120.275","22.995","62"
"370","136188","20220615193000","390","0","臺南市","歸仁區","120.275","23.000","422"
"275","136195","20220615193000","224","2","臺南市","歸仁區","120.290","22.995","275"
"76","136196","20220615193000","315","0","臺南市","歸仁區","120.295","22.995","94"
"1555","136199","20220615193000","1525","1","臺南市","北區","120.210","23.005","1624"
"1225","136200","20220615193000","845","2","臺南市","東區","120.215","22.995","1310"
"702","136229","20220615193000","482","2","臺南市","安南區","120.195","23.030","692"
"986","136230","20220615193000","909","1","臺南市","安南區","120.195","23.035","1036"
"674","136231","20220615193000","452","2","臺南市","南區","120.190","22.965","693"
"14","136248","20220615193000","18","0","臺南市","左鎮區","120.405","22.995","13"
"10","136259","20220615193000","41","0","臺南市","左鎮區","120.420","23.040","10"
"82","136271","20220615193000","69","1","臺南市","左鎮區","120.420","23.010","90"
"42","136316","20220615193000","86","0","臺南市","左鎮區","120.395","23.010","51"
"44","136343","20220615193000","36","2","臺南市","左鎮區","120.385","23.035","45"
"4157","136422","20220615193000","3766","1","臺南市","東區","120.235","22.985","4166"
"1061","136423","20220615193000","776","2","臺南市","東區","120.215","22.990","1044"
"440","136430","20220615193000","494","0","臺南市","歸仁區","120.285","22.980","496"
"217","136438","20220615193000","148","2","臺南市","歸仁區","120.280","22.990","209"
"713","136444","20220615193000","431","3","臺南市","歸仁區","120.295","22.975","625"
"711","136452","20220615193000","418","3","臺南市","歸仁區","120.285","22.960","646"
"933","136453","20220615193000","415","3","臺南市","歸仁區","120.280","22.965","889"
"82","136454","20220615193000","78","1","臺南市","歸仁區","120.285","22.965","76"
"760","136455","20220615193000","716","1","臺南市","歸仁區","120.285","22.970","760"
"51","136457","20220615193000","559","0","臺南市","仁德區","120.270","22.970","50"
"931","136458","20220615193000","1043","0","臺南市","歸仁區","120.275","22.970","1001"
"422","136459","20220615193000","359","1","臺南市","歸仁區","120.280","22.970","430"
"507","136460","20220615193000","340","2","臺南市","南區","120.200","22.975","479"
"847","136461","20220615193000","378","3","臺南市","南區","120.195","22.960","753"
"2469","136462","20220615193000","2058","1","臺南市","南區","120.190","22.980","2449"
"366","136475","20220615193000","281","2","臺南市","安南區","120.130","23.015","327"
"107","136483","20220615193000","45","3","臺南市","安南區","120.135","23.020","130"
"629","136490","20220615193000","470","2","臺南市","安南區","120.185","23.025","634"
"694","136495","20220615193000","428","3","臺南市","東區","120.235","22.980","705"
"384","136496","20220615193000","303","2","臺南市","永康區","120.255","23.010","333"
"1095","136497","20220615193000","1072","1","臺南市","永康區","120.255","23.015","1109"
"568","136498","20220615193000","559","1","臺南市","永康區","120.260","23.015","520"
"52","136501","20220615193000","330","0","臺南市","永康區","120.280","23.010","45"
"174","136503","20220615193000","538","0","臺南市","永康區","120.270","23.015","146"
"1228","136507","20220615193000","801","3","臺南市","永康區","120.275","23.020","1260"
"162","136508","20220615193000","691","0","臺南市","永康區","120.280","23.020","184"
"150","136509","20220615193000","1729","0","臺南市","安平區","120.175","22.995","127"
"443","136512","20220615193000","233","3","臺南市","安南區","120.160","23.005","344"
"1353","136513","20220615193000","910","2","臺南市","安平區","120.190","22.990","1320"
"346","136515","20220615193000","467","0","臺南市","永康區","120.220","23.030","380"
"526","136516","20220615193000","418","2","臺南市","東區","120.245","22.980","565"
"658","136517","20220615193000","661","0","臺南市","仁德區","120.250","22.980","679"
"3206","136518","20220615193000","1976","3","臺南市","東區","120.215","22.980","3234"
"2257","136520","20220615193000","2080","1","臺南市","東區","120.245","22.985","1961"
"1123","136521","20220615193000","819","2","臺南市","仁德區","120.250","22.985","1090"
"629","136523","20220615193000","644","0","臺南市","安平區","120.160","22.990","623"
"415","136525","20220615193000","412","1","臺南市","安平區","120.160","22.995","427"
"866","136532","20220615193000","755","1","臺南市","安平區","120.165","22.985","884"
"1212","136533","20220615193000","637","3","臺南市","安平區","120.170","22.985","1177"
"669","136534","20220615193000","673","0","臺南市","安平區","120.175","22.985","661"
"1761","136535","20220615193000","1012","3","臺南市","安平區","120.170","22.990","1642"
"1161","136536","20220615193000","1244","0","臺南市","安平區","120.175","22.990","1159"
"227","136539","20220615193000","256","0","臺南市","安平區","120.150","22.995","207"
"293","136541","20220615193000","294","0","臺南市","安平區","120.145","23.000","315"
"163","136542","20220615193000","122","2","臺南市","安平區","120.150","23.000","203"
"393","136543","20220615193000","251","3","臺南市","安平區","120.155","23.000","270"
"216","136544","20220615193000","243","0","臺南市","安平區","120.160","23.000","228"
"1419","136545","20220615193000","1497","0","臺南市","東區","120.240","22.980","1904"
"793","136546","20220615193000","540","2","臺南市","東區","120.225","22.995","786"
"1619","136547","20220615193000","1466","1","臺南市","東區","120.235","22.965","1660"
"1492","136548","20220615193000","1201","2","臺南市","東區","120.220","22.975","1337"
"565","136549","20220615193000","589","0","臺南市","歸仁區","120.300","22.960","615"
"154","136550","20220615193000","107","2","臺南市","歸仁區","120.305","22.960","123"
"662","136553","20220615193000","508","2","臺南市","歸仁區","120.285","23.005","603"
"272","136560","20220615193000","1647","0","臺南市","南區","120.195","22.975","233"
"439","136561","20220615193000","2057","0","臺南市","永康區","120.240","23.015","385"
"966","136562","20220615193000","709","2","臺南市","永康區","120.245","23.015","957"
"711","136563","20220615193000","779","0","臺南市","永康區","120.250","23.015","663"
"1848","136564","20220615193000","911","3","臺南市","永康區","120.230","23.005","1830"
"1888","136565","20220615193000","2696","0","臺南市","永康區","120.235","23.000","2033"
"2338","136566","20220615193000","1713","2","臺南市","北區","120.230","23.000","2190"
"1078","136567","20220615193000","1058","1","臺南市","永康區","120.270","23.005","1018"
"1272","136568","20220615193000","1177","1","臺南市","永康區","120.265","23.010","1398"
"247","136570","20220615193000","1469","0","臺南市","永康區","120.265","23.020","1449"
"56","136572","20220615193000","552","0","臺南市","永康區","120.260","22.995","71"
"771","136573","20220615193000","862","0","臺南市","永康區","120.265","23.000","844"
"577","136574","20220615193000","429","2","臺南市","安南區","120.200","23.025","563"
"1215","136575","20220615193000","665","3","臺南市","安南區","120.205","23.025","1159"
"1193","136576","20220615193000","775","3","臺南市","安南區","120.210","23.025","1029"
"2682","136577","20220615193000","1837","2","臺南市","北區","120.225","23.010","2576"
"1627","136578","20220615193000","1601","1","臺南市","北區","120.215","23.010","1717"
"1142","136579","20220615193000","829","2","臺南市","北區","120.215","23.015","1231"
"245","136580","20220615193000","343","0","臺南市","南化區","120.495","23.030","228"
"96","136584","20220615193000","23","3","臺南市","南化區","120.500","23.035","93"
"51","136586","20220615193000","33","3","臺南市","南化區","120.465","23.040","47"
"40","136602","20220615193000","25","3","臺南市","南化區","120.465","23.010","39"
"1152","136671","20220615193000","891","2","臺南市","中西區","120.170","23.000","1156"
"2565","136672","20220615193000","1898","2","臺南市","中西區","120.175","23.000","2268"
"386","136674","20220615193000","698","0","臺南市","中西區","120.185","23.000","419"
"1512","136675","20220615193000","1623","0","臺南市","安平區","120.165","22.995","1556"
"606","136676","20220615193000","440","2","臺南市","安平區","120.170","22.995","581"
"2275","136677","20220615193000","2290","0","臺南市","安平區","120.185","22.990","2285"
"338","136678","20220615193000","311","1","臺南市","安平區","120.180","22.995","322"
"1151","136679","20220615193000","1581","0","臺南市","安平區","120.185","22.995","1108"
"1234","136680","20220615193000","880","2","臺南市","安平區","120.180","22.985","1160"
"2197","136681","20220615193000","1481","2","臺南市","安平區","120.180","22.990","2180"
"47","136684","20220615193000","556","0","臺南市","安南區","120.190","23.040","37"
"299","136690","20220615193000","232","2","臺南市","南區","120.215","22.955","292"
"597","136695","20220615193000","373","3","臺南市","南區","120.210","22.965","558"
"1107","136696","20220615193000","853","2","臺南市","南區","120.215","22.965","1056"
"2526","136697","20220615193000","1765","2","臺南市","南區","120.185","22.965","2490"
"665","136701","20220615193000","497","2","臺南市","南區","120.170","22.955","654"
"163","136709","20220615193000","116","2","臺南市","南區","120.165","22.965","156"
"813","136712","20220615193000","480","3","臺南市","仁德區","120.220","22.955","830"
"517","136717","20220615193000","353","2","臺南市","仁德區","120.255","22.965","492"
"255","136718","20220615193000","347","0","臺南市","仁德區","120.260","22.965","241"
"68","136720","20220615193000","358","0","臺南市","仁德區","120.270","22.965","71"
"399","136721","20220615193000","1321","0","臺南市","仁德區","120.255","22.970","332"
"855","136722","20220615193000","483","3","臺南市","仁德區","120.260","22.970","770"
"1904","136727","20220615193000","1631","1","臺南市","北區","120.220","23.005","1940"
"1720","136728","20220615193000","1631","1","臺南市","北區","120.200","23.005","1772"
"552","136732","20220615193000","392","2","臺南市","仁德區","120.260","22.985","554"
"1188","136738","20220615193000","764","3","臺南市","仁德區","120.260","22.990","1121"
"41","136741","20220615193000","82","0","臺南市","仁德區","120.265","22.995","43"
"497","136752","20220615193000","195","3","臺南市","安南區","120.185","23.035","468"
"784","136755","20220615193000","552","2","臺南市","安南區","120.185","23.040","733"
"3834","136756","20220615193000","3456","1","臺南市","中西區","120.205","22.995","3719"
"419","136758","20220615193000","508","0","臺南市","永康區","120.250","23.000","494"
"413","136763","20220615193000","415","0","臺南市","安南區","120.200","23.040","479"
"1276","136764","20220615193000","2956","0","臺南市","安南區","120.190","23.025","1300"
"99","136765","20220615193000","93","1","臺南市","安南區","120.140","23.000","85"
"11","136783","20220615193000","13","0","臺南市","安南區","120.185","23.015","10"
"3495","136786","20220615193000","3196","1","臺南市","北區","120.210","23.000","3331"
"1129","136787","20220615193000","786","2","臺南市","中西區","120.195","22.995","1078"
"1193","136788","20220615193000","818","2","臺南市","中西區","120.205","22.985","1152"
"855","136789","20220615193000","1441","0","臺南市","東區","120.225","22.980","902"
"5010","136790","20220615193000","3675","2","臺南市","東區","120.220","22.985","5012"
"534","136791","20220615193000","541","0","臺南市","永康區","120.225","23.015","481"
"950","136792","20220615193000","1095","0","臺南市","永康區","120.240","23.005","995"
"361","136793","20220615193000","1101","0","臺南市","永康區","120.240","23.000","340"
"993","136794","20220615193000","1797","0","臺南市","永康區","120.235","23.010","1021"
"895","136795","20220615193000","738","2","臺南市","永康區","120.245","23.000","1014"
"2300","136799","20220615193000","1957","1","臺南市","新化區","120.300","23.035","2322"
"923","136800","20220615193000","1409","0","臺南市","東區","120.215","22.975","951"
"915","136801","20220615193000","691","2","臺南市","東區","120.230","22.985","964"
"2643","136802","20220615193000","2320","1","臺南市","東區","120.230","22.975","2726"
"343","136803","20220615193000","422","0","臺南市","東區","120.225","22.975","282"
"537","136804","20220615193000","355","3","臺南市","東區","120.230","22.970","584"
"1208","136805","20220615193000","1252","0","臺南市","東區","120.230","22.965","1245"
"613","136806","20220615193000","499","2","臺南市","南區","120.185","22.975","632"
"719","136808","20220615193000","840","0","臺南市","南區","120.210","22.970","752"
"603","136809","20220615193000","601","1","臺南市","東區","120.215","22.970","664"
"137","136812","20220615193000","260","0","臺南市","仁德區","120.245","22.955","145"
"184","136813","20220615193000","150","2","臺南市","仁德區","120.240","22.960","162"
"249","136814","20220615193000","155","3","臺南市","仁德區","120.245","22.960","229"
"309","136816","20220615193000","698","0","臺南市","仁德區","120.255","22.960","299"
"403","136817","20220615193000","381","1","臺南市","仁德區","120.240","22.965","468"
"65","136820","20220615193000","70","0","臺南市","仁德區","120.240","22.970","64"
"1029","136821","20220615193000","661","3","臺南市","仁德區","120.245","22.970","1021"
"757","136822","20220615193000","1089","0","臺南市","仁德區","120.250","22.970","814"
"1094","136823","20220615193000","571","3","臺南市","仁德區","120.240","22.975","1165"
"847","136824","20220615193000","1033","0","臺南市","仁德區","120.245","22.975","920"
"438","136825","20220615193000","473","0","臺南市","仁德區","120.250","22.975","457"
"2116","136826","20220615193000","2391","0","臺南市","北區","120.215","23.005","2111"
"350","136851","20220615193000","226","3","高雄市","內門區","120.445","22.975","363"
"26","136927","20220615193000","19","2","臺東縣","池上鄉","121.195","23.040","23"
"49","136939","20220615193000","49","1","高雄市","內門區","120.435","22.955","37"
"101","136953","20220615193000","90","1","高雄市","內門區","120.465","23.000","101"
"137","136958","20220615193000","204","0","高雄市","內門區","120.470","22.960","134"
"79","136970","20220615193000","63","2","高雄市","內門區","120.465","22.975","70"
"55","136996","20220615193000","34","3","高雄市","內門區","120.495","22.955","54"
"85","137008","20220615193000","120","0","高雄市","內門區","120.490","22.970","116"
"64","137020","20220615193000","65","0","高雄市","內門區","120.510","22.980","48"
"289","137023","20220615193000","287","1","高雄市","內門區","120.500","22.985","283"
"41","137048","20220615193000","88","0","高雄市","六龜區","120.660","23.005","38"
"75","137056","20220615193000","122","0","高雄市","六龜區","120.665","23.010","64"
"50","137071","20220615193000","39","2","臺南市","龍崎區","120.350","22.955","56"
"26","137124","20220615193000","16","3","臺南市","龍崎區","120.385","23.005","22"
"107","137130","20220615193000","67","3","臺南市","關廟區","120.370","22.960","89"
"390","137196","20220615193000","769","0","臺南市","安南區","120.190","23.020","414"
"55","137197","20220615193000","49","1","臺南市","南區","120.195","22.965","44"
"153","137201","20220615193000","231","0","臺南市","歸仁區","120.295","22.960","142"
"672","137202","20220615193000","609","1","臺南市","永康區","120.255","23.005","654"
"259","137251","20220615193000","259","1","高雄市","內門區","120.485","23.015","253"
"39","137259","20220615193000","23","3","高雄市","內門區","120.480","22.965","38"
"105","137275","20220615193000","104","1","高雄市","內門區","120.510","23.015","98"
"161","137311","20220615193000","75","3","高雄市","六龜區","120.650","22.975","97"
"609","137325","20220615193000","805","0","高雄市","六龜區","120.660","22.985","700"
"202","137409","20220615193000","113","3","高雄市","六龜區","120.640","22.990","215"
"207","137466","20220615193000","204","1","高雄市","六龜區","120.660","23.035","199"
"971","137491","20220615193000","864","1","高雄市","六龜區","120.635","22.995","910"
"249","137494","20220615193000","235","1","臺南市","安平區","120.165","23.000","220"
"47","137498","20220615193000","32","2","臺南市","安平區","120.155","22.980","16"
"242","137502","20220615193000","193","2","臺南市","安平區","120.150","22.990","114"
"774","137506","20220615193000","483","3","臺南市","永康區","120.260","23.020","723"
"466","137507","20220615193000","522","0","臺南市","永康區","120.250","23.030","483"
"164","137585","20220615193000","103","3","臺東縣","鹿野鄉","121.140","22.975","183"
"139","137592","20220615193000","131","1","臺東縣","鹿野鄉","121.140","22.985","147"
"120","137600","20220615193000","84","2","臺東縣","鹿野鄉","121.155","22.950","101"
"339","137609","20220615193000","362","0","臺東縣","鹿野鄉","121.155","22.955","391"
"468","137617","20220615193000","489","0","高雄市","旗山區","120.510","22.955","477"
"59","137618","20220615193000","109","0","高雄市","旗山區","120.515","22.955","59"
"311","137627","20220615193000","299","1","高雄市","旗山區","120.515","22.970","228"
"1485","137638","20220615193000","2791","0","臺南市","歸仁區","120.290","22.965","1413"
"44","137642","20220615193000","213","0","臺南市","永康區","120.275","23.035","53"
"84","137643","20220615193000","376","0","臺南市","永康區","120.280","23.035","97"
"65","137645","20220615193000","51","2","臺南市","永康區","120.275","23.040","60"
"688","137648","20220615193000","420","3","臺南市","新化區","120.305","23.030","666"
"851","137649","20220615193000","585","2","臺南市","永康區","120.240","23.010","823"
"884","137650","20220615193000","842","1","臺南市","永康區","120.215","23.020","957"
"754","137651","20220615193000","365","3","臺南市","北區","120.220","23.015","676"
"30","138036","20220615193000","66","0","臺東縣","成功鎮","121.315","22.990","22"
"160","138047","20220615193000","55","3","臺東縣","成功鎮","121.320","23.005","95"
"55","138061","20220615193000","45","2","臺東縣","成功鎮","121.325","23.020","40"
"236","138079","20220615193000","215","1","臺東縣","成功鎮","121.335","23.030","242"
"488","138095","20220615193000","149","3","臺東縣","關山鎮","121.170","23.040","579"
"107","138110","20220615193000","65","3","臺東縣","關山鎮","121.145","23.005","126"
"119","138197","20220615193000","126","0","臺東縣","關山鎮","121.175","23.015","129"
"58","138230","20220615193000","75","0","臺東縣","關山鎮","121.185","23.025","56"
"53","138241","20220615193000","48","1","臺東縣","鹿野鄉","121.130","22.955","50"
"231","138251","20220615193000","192","2","臺東縣","鹿野鄉","121.120","22.970","236"
"203","138278","20220615193000","148","2","臺東縣","鹿野鄉","121.150","22.980","186"
"992","138324","20220615193000","758","2","臺南市","新化區","120.300","23.020","1063"
"446","138325","20220615193000","192","3","臺南市","新化區","120.305","23.020","398"
"368","138337","20220615193000","346","1","臺南市","安南區","120.125","23.035","374"
"149","138363","20220615193000","92","3","臺南市","安南區","120.140","23.030","173"
"434","138367","20220615193000","433","1","臺南市","安南區","120.160","23.030","412"
"290","138369","20220615193000","239","2","臺南市","安南區","120.135","23.035","318"
"174","138375","20220615193000","140","2","臺南市","安南區","120.140","23.040","172"
"611","138376","20220615193000","710","0","臺南市","安南區","120.145","23.040","204"
"465","138377","20220615193000","419","1","臺南市","安南區","120.150","23.040","566"
"373","138378","20220615193000","270","2","臺南市","安南區","120.155","23.040","354"
"68","138379","20220615193000","43","3","臺南市","安南區","120.160","23.040","84"
"30","138760","20220615193000","22","2","高雄市","桃源區","120.715","23.035","33"
"2619","138833","20220615193000","2064","2","臺南市","永康區","120.260","23.025","2748"
"275","138836","20220615193000","331","0","臺南市","永康區","120.265","23.030","270"
"827","138838","20220615193000","587","2","臺南市","永康區","120.265","23.035","863"
"207","138839","20220615193000","372","0","臺南市","永康區","120.265","23.040","195"
"56","138842","20220615193000","76","0","臺南市","永康區","120.280","23.040","36"
"130","138843","20220615193000","568","0","臺南市","新化區","120.300","23.040","134"
"37","138851","20220615193000","11","3","臺南市","新化區","120.375","23.010","25"
"10","138856","20220615193000","10","1","臺南市","新化區","120.365","23.010","14"
"379","138868","20220615193000","1129","0","臺南市","新化區","120.305","23.040","405"
"165","138909","20220615193000","206","0","臺南市","新化區","120.325","23.025","156"
"127","138910","20220615193000","33","3","臺南市","新化區","120.330","23.025","109"
"17","138911","20220615193000","80","0","臺南市","新化區","120.335","23.025","23"
"669","138917","20220615193000","1954","0","臺南市","新化區","120.310","23.035","610"
"1992","138922","20220615193000","1525","2","臺南市","東區","120.220","22.980","2070"
"1986","138923","20220615193000","1182","3","臺南市","東區","120.235","22.970","2088"
"1219","138926","20220615193000","1354","0","臺南市","永康區","120.230","23.035","1163"
"1558","138928","20220615193000","1205","2","臺南市","永康區","120.235","23.040","1529"
"1051","138932","20220615193000","1091","0","臺南市","永康區","120.240","23.035","1043"
"132","138933","20220615193000","282","0","臺南市","永康區","120.245","23.035","116"
"851","138935","20220615193000","1058","0","臺南市","永康區","120.240","23.040","873"
"3111","138936","20220615193000","1804","3","臺南市","永康區","120.245","23.040","3174"
"120","138937","20220615193000","150","0","臺南市","永康區","120.250","23.040","140"
"49","138942","20220615193000","233","0","臺東縣","東河鄉","121.285","23.000","82"
"109","138962","20220615193000","99","1","臺東縣","東河鄉","121.280","23.020","106"
"26","138979","20220615193000","81","0","臺東縣","東河鄉","121.285","23.030","88"
"91","139027","20220615193000","67","2","臺東縣","東河鄉","121.240","22.965","100"
"103","139060","20220615193000","281","0","臺東縣","東河鄉","121.300","22.970","108"
"35","139073","20220615193000","19","3","臺東縣","東河鄉","121.300","22.985","30"
"39","139131","20220615193000","28","2","臺東縣","東河鄉","121.260","22.980","36"
"36","139146","20220615193000","33","1","臺東縣","東河鄉","121.265","22.985","30"
"229","139164","20220615193000","116","3","臺東縣","東河鄉","121.280","22.990","221"
"232","139299","20220615193000","84","3","臺南市","新化區","120.330","23.015","224"
"92","139305","20220615193000","465","0","臺南市","新化區","120.310","23.020","102"
"33","139307","20220615193000","195","0","臺南市","新化區","120.330","23.020","35"
"47","139318","20220615193000","74","0","臺南市","新化區","120.355","23.020","36"
"51","139335","20220615193000","99","0","臺南市","新化區","120.335","23.035","45"
"88","139343","20220615193000","56","3","臺南市","新化區","120.375","23.035","78"
"2227","139358","20220615193000","1731","2","臺南市","東區","120.220","22.995","2050"
"187","139360","20220615193000","393","0","臺南市","東區","120.215","23.000","147"
"967","139362","20220615193000","569","3","臺南市","東區","120.235","22.960","976"
"320","139635","20220615193000","321","0","高雄市","杉林區","120.540","22.970","327"
"180","139644","20220615193000","120","3","高雄市","杉林區","120.550","22.975","171"
"143","139672","20220615193000","105","2","高雄市","杉林區","120.565","22.985","140"
"12","139688","20220615193000","11","1","高雄市","杉林區","120.575","23.000","12"
"557","139718","20220615193000","445","2","高雄市","杉林區","120.540","22.965","615"
"59","139735","20220615193000","51","1","高雄市","杉林區","120.550","23.020","63"
"20","139762","20220615193000","14","2","高雄市","杉林區","120.535","23.035","19"
"54","139796","20220615193000","91","0","高雄市","杉林區","120.550","23.000","58"
"179","139852","20220615193000","182","0","高雄市","杉林區","120.585","22.995","152"
"156","139897","20220615193000","175","0","高雄市","杉林區","120.565","23.015","147"
"72","139960","20220615193000","56","2","高雄市","杉林區","120.550","23.040","76"
"220","144971","20220615193000","188","1","臺南市","新市區","120.330","23.105","197"
"232","144982","20220615193000","1004","0","臺南市","善化區","120.295","23.125","239"
"285","144986","20220615193000","195","2","臺南市","善化區","120.310","23.110","281"
"2100","144989","20220615193000","1622","2","臺南市","善化區","120.305","23.115","2210"
"407","144992","20220615193000","411","0","臺南市","善化區","120.320","23.115","422"
"484","144998","20220615193000","266","3","臺南市","善化區","120.310","23.125","453"
"1963","144999","20220615193000","1330","2","臺南市","善化區","120.315","23.125","2014"
"2937","145002","20220615193000","1203","3","臺南市","新市區","120.300","23.105","2827"
"3779","145007","20220615193000","2192","3","臺南市","善化區","120.295","23.115","3757"
"457","145022","20220615193000","422","1","臺南市","安定區","120.235","23.110","442"
"420","145025","20220615193000","286","2","臺南市","安定區","120.235","23.115","401"
"531","145026","20220615193000","653","0","臺南市","安定區","120.240","23.115","534"
"505","145031","20220615193000","466","1","臺南市","安定區","120.255","23.115","527"
"410","145032","20220615193000","336","2","臺南市","安定區","120.235","23.120","366"
"810","145050","20220615193000","711","1","臺南市","七股區","120.160","23.115","901"
"74","145054","20220615193000","75","0","臺南市","安南區","120.135","23.045","60"
"258","145055","20220615193000","246","1","臺南市","安南區","120.155","23.045","231"
"502","145067","20220615193000","2062","0","臺南市","安南區","120.195","23.045","446"
"147","145080","20220615193000","104","2","臺東縣","池上鄉","121.220","23.090","141"
"22","145103","20220615193000","25","0","臺東縣","池上鄉","121.220","23.100","11"
"69","145114","20220615193000","40","3","臺東縣","池上鄉","121.225","23.105","65"
"88","145631","20220615193000","58","3","臺東縣","海端鄉","121.145","23.045","84"
"294","145817","20220615193000","369","0","臺東縣","海端鄉","121.175","23.095","342"
"628","146198","20220615193000","578","1","臺南市","西港區","120.200","23.115","617"
"467","146199","20220615193000","516","0","臺南市","西港區","120.205","23.115","505"
"1421","146201","20220615193000","1260","1","臺南市","西港區","120.200","23.120","1463"
"273","146215","20220615193000","586","0","臺南市","西港區","120.180","23.115","250"
"33","146227","20220615193000","512","0","臺南市","安南區","120.215","23.045","38"
"1493","146231","20220615193000","621","3","臺南市","安南區","120.215","23.050","1195"
"1595","146234","20220615193000","1357","1","臺南市","安南區","120.220","23.045","1551"
"304","146235","20220615193000","484","0","臺南市","安南區","120.225","23.045","332"
"148","146238","20220615193000","568","0","臺南市","安南區","120.235","23.050","122"
"79","146239","20220615193000","96","0","臺南市","永康區","120.240","23.050","84"
"200","146241","20220615193000","99","3","臺南市","安南區","120.235","23.055","158"
"1397","146244","20220615193000","864","3","臺南市","安南區","120.230","23.060","1158"
"57","146245","20220615193000","57","1","臺南市","安南區","120.235","23.060","66"
"538","146251","20220615193000","625","0","臺南市","西港區","120.210","23.115","632"
"488","146255","20220615193000","316","3","臺南市","西港區","120.220","23.120","463"
"54","146265","20220615193000","67","0","臺南市","大內區","120.390","23.110","69"
"11","146269","20220615193000","12","0","臺南市","大內區","120.390","23.115","15"
"268","146341","20220615193000","236","1","臺南市","安南區","120.110","23.080","293"
"545","146347","20220615193000","860","0","臺南市","安南區","120.205","23.045","564"
"540","146348","20220615193000","553","0","臺南市","安南區","120.210","23.045","488"
"95","146361","20220615193000","80","1","臺南市","大內區","120.395","23.120","115"
"81","146366","20220615193000","51","3","臺南市","大內區","120.420","23.120","76"
"588","146385","20220615193000","354","3","臺南市","安南區","120.220","23.055","643"
"842","146387","20220615193000","835","1","臺南市","安南區","120.215","23.060","850"
"416","146388","20220615193000","474","0","臺南市","安南區","120.220","23.060","486"
"1395","146390","20220615193000","1818","0","臺南市","安南區","120.225","23.065","1387"
"55","146400","20220615193000","55","1","臺南市","七股區","120.160","23.100","72"
"22","146423","20220615193000","32","0","臺南市","七股區","120.100","23.120","22"
"2136","146430","20220615193000","1938","1","臺南市","新市區","120.290","23.070","2254"
"271","146431","20220615193000","459","0","臺南市","新市區","120.290","23.075","245"
"2249","146432","20220615193000","1291","3","臺南市","新市區","120.290","23.080","2160"
"3053","146433","20220615193000","2706","1","臺南市","新市區","120.295","23.080","2930"
"105","146437","20220615193000","491","0","臺南市","新市區","120.290","23.055","78"
"745","146444","20220615193000","413","3","臺南市","新市區","120.300","23.060","703"
"478","146450","20220615193000","309","3","臺南市","新市區","120.295","23.065","431"
"109","146459","20220615193000","107","1","臺南市","新市區","120.305","23.070","113"
"1450","146460","20220615193000","946","3","臺南市","新市區","120.295","23.075","1540"
"484","146461","20220615193000","329","2","臺南市","新市區","120.300","23.075","421"
"337","146468","20220615193000","428","0","臺南市","新市區","120.300","23.085","369"
"325","146478","20220615193000","271","1","臺南市","新市區","120.325","23.070","329"
"53","146482","20220615193000","37","2","臺南市","新市區","120.320","23.075","57"
"708","146495","20220615193000","760","0","臺南市","新市區","120.280","23.060","644"
"210","146505","20220615193000","112","3","臺南市","新市區","120.280","23.075","189"
"2247","146506","20220615193000","1964","1","臺南市","新市區","120.285","23.075","2355"
"28","146509","20220615193000","37","0","臺南市","新市區","120.285","23.080","56"
"922","146513","20220615193000","707","2","臺南市","新市區","120.280","23.090","967"
"189","146522","20220615193000","252","0","臺南市","新市區","120.255","23.090","191"
"23","146523","20220615193000","26","0","臺南市","新市區","120.260","23.090","24"
"505","146525","20220615193000","453","1","臺南市","新市區","120.270","23.090","484"
"1169","146526","20220615193000","990","1","臺南市","新市區","120.275","23.090","1210"
"204","146529","20220615193000","220","0","臺南市","新市區","120.255","23.095","235"
"42","146532","20220615193000","66","0","臺南市","新市區","120.270","23.095","38"
"2015","146533","20220615193000","2053","0","臺南市","新市區","120.275","23.095","1954"
"671","146535","20220615193000","460","2","臺南市","新市區","120.250","23.100","590"
"70","146536","20220615193000","104","0","臺南市","新市區","120.260","23.100","68"
"611","146537","20220615193000","609","1","臺南市","新市區","120.260","23.095","622"
"710","146541","20220615193000","805","0","臺南市","新市區","120.280","23.095","674"
"26","146542","20220615193000","119","0","臺南市","新市區","120.285","23.100","19"
"1360","146545","20220615193000","1393","0","臺南市","新市區","120.255","23.100","1468"
"93","146546","20220615193000","125","0","臺南市","善化區","120.260","23.105","93"
"32","146547","20220615193000","33","0","臺南市","新市區","120.265","23.100","30"
"449","146549","20220615193000","319","2","臺南市","新市區","120.275","23.100","460"
"397","146550","20220615193000","596","0","臺南市","新市區","120.280","23.100","364"
"1604","146552","20220615193000","2075","0","臺南市","新市區","120.265","23.105","1699"
"1709","146554","20220615193000","1748","0","臺南市","新市區","120.275","23.105","1739"
"192","146562","20220615193000","282","0","臺南市","七股區","120.145","23.105","206"
"755","146587","20220615193000","458","3","臺南市","安定區","120.225","23.080","809"
"478","146590","20220615193000","340","2","臺南市","安定區","120.230","23.100","507"
"718","146602","20220615193000","637","1","臺南市","西港區","120.210","23.125","777"
"304","146614","20220615193000","175","3","臺南市","安南區","120.155","23.055","268"
"222","146615","20220615193000","130","3","臺南市","安南區","120.165","23.060","162"
"513","146616","20220615193000","532","0","臺南市","安南區","120.175","23.060","488"
"1182","146621","20220615193000","986","1","臺南市","安南區","120.175","23.070","1285"
"207","146652","20220615193000","129","3","臺南市","七股區","120.150","23.120","177"
"478","146661","20220615193000","381","2","臺南市","安南區","120.130","23.070","389"
"40","146695","20220615193000","270","0","臺南市","安南區","120.095","23.060","342"
"111","146704","20220615193000","61","3","臺南市","山上區","120.355","23.085","84"
"109","146707","20220615193000","94","1","臺南市","山上區","120.345","23.090","81"
"199","146712","20220615193000","225","0","臺南市","山上區","120.355","23.095","198"
"158","146713","20220615193000","117","2","臺南市","山上區","120.360","23.095","168"
"205","146727","20220615193000","248","0","臺南市","山上區","120.340","23.110","192"
"58","146773","20220615193000","64","0","臺南市","山上區","120.405","23.105","51"
"104","146783","20220615193000","75","2","臺南市","山上區","120.365","23.075","96"
"26","146806","20220615193000","13","3","臺南市","左鎮區","120.380","23.050","24"
"87","146822","20220615193000","105","0","臺南市","左鎮區","120.365","23.065","153"
"143","146848","20220615193000","103","2","臺南市","左鎮區","120.400","23.055","106"
"225","146850","20220615193000","198","1","臺南市","左鎮區","120.410","23.055","215"
"176","146853","20220615193000","153","1","臺南市","左鎮區","120.390","23.060","189"
"189","146890","20220615193000","226","0","臺南市","安南區","120.160","23.065","195"
"472","146891","20220615193000","267","3","臺南市","安南區","120.160","23.070","421"
"377","146892","20220615193000","379","0","臺南市","安南區","120.165","23.070","447"
"160","146896","20220615193000","164","0","臺南市","安南區","120.200","23.075","160"
"142","146931","20220615193000","965","0","臺南市","安南區","120.130","23.060","969"
"129","146932","20220615193000","575","0","臺南市","安南區","120.135","23.060","807"
"54","146947","20220615193000","220","0","臺南市","安南區","120.115","23.055","249"
"691","146954","20220615193000","610","1","臺南市","安南區","120.125","23.060","742"
"608","146957","20220615193000","515","1","臺南市","安南區","120.125","23.065","448"
"807","146965","20220615193000","793","1","臺南市","山上區","120.355","23.105","818"
"194","146969","20220615193000","100","3","臺南市","山上區","120.370","23.080","138"
"92","146971","20220615193000","101","0","臺南市","山上區","120.380","23.080","91"
"376","146979","20220615193000","302","2","臺南市","安定區","120.235","23.100","325"
"1574","146988","20220615193000","1337","1","臺南市","永康區","120.255","23.045","1597"
"80","146992","20220615193000","54","2","臺南市","永康區","120.260","23.050","84"
"134","147017","20220615193000","106","2","臺南市","安南區","120.145","23.075","134"
"517","147019","20220615193000","484","1","臺南市","安南區","120.135","23.080","537"
"169","147031","20220615193000","152","1","臺南市","安定區","120.220","23.105","31"
"416","147043","20220615193000","458","0","臺南市","安定區","120.260","23.110","501"
"141","147044","20220615193000","467","0","臺南市","安定區","120.260","23.115","154"
"670","147045","20220615193000","788","0","臺南市","安定區","120.255","23.120","675"
"9699","147046","20220615193000","8453","1","臺南市","安定區","120.260","23.120","9455"
"23","147047","20220615193000","52","0","臺南市","安定區","120.265","23.120","35"
"119","147048","20220615193000","211","0","臺南市","安定區","120.250","23.125","114"
"506","147051","20220615193000","633","0","臺南市","安定區","120.240","23.095","867"
"385","147056","20220615193000","627","0","臺南市","安定區","120.235","23.085","356"
"1546","147068","20220615193000","1091","2","臺南市","安定區","120.235","23.095","1746"
"217","147073","20220615193000","172","2","臺南市","安南區","120.180","23.045","213"
"1687","147074","20220615193000","1731","0","臺南市","安南區","120.185","23.045","1697"
"594","147075","20220615193000","634","0","臺南市","安南區","120.180","23.050","685"
"1020","147079","20220615193000","561","3","臺南市","安南區","120.190","23.055","938"
"136","147083","20220615193000","203","0","臺南市","南化區","120.450","23.050","125"
"371","147121","20220615193000","249","2","臺南市","南化區","120.485","23.080","346"
"205","147153","20220615193000","184","1","臺南市","南化區","120.475","23.065","229"
"318","147170","20220615193000","255","2","臺南市","南化區","120.475","23.045","330"
"75","147181","20220615193000","61","2","臺南市","南化區","120.515","23.045","76"
"65","147248","20220615193000","62","1","臺南市","南化區","120.515","23.075","72"
"22","147252","20220615193000","20","1","臺南市","南化區","120.535","23.075","21"
"129","147257","20220615193000","74","3","臺南市","南化區","120.510","23.080","111"
"31","147271","20220615193000","30","1","臺南市","南化區","120.525","23.085","34"
"415","147381","20220615193000","291","2","臺南市","安南區","120.165","23.050","380"
"164","147382","20220615193000","375","0","臺南市","安南區","120.170","23.050","162"
"80","147391","20220615193000","34","3","臺東縣","池上鄉","121.205","23.100","89"
"141","147393","20220615193000","163","0","臺東縣","池上鄉","121.200","23.105","174"
"22","147394","20220615193000","12","3","臺東縣","池上鄉","121.205","23.105","12"
"86","147398","20220615193000","83","1","臺東縣","池上鄉","121.200","23.110","113"
"110","147404","20220615193000","56","3","臺東縣","池上鄉","121.200","23.115","90"
"345","147422","20220615193000","438","0","臺東縣","池上鄉","121.220","23.115","367"
"156","147425","20220615193000","81","3","臺東縣","池上鄉","121.210","23.120","139"
"439","147426","20220615193000","434","1","臺東縣","池上鄉","121.215","23.120","453"
"305","147427","20220615193000","1147","0","臺東縣","池上鄉","121.220","23.120","272"
"655","147429","20220615193000","457","2","臺南市","安南區","120.120","23.075","540"
"185","147438","20220615193000","883","0","臺南市","安南區","120.205","23.050","160"
"765","147448","20220615193000","902","0","臺南市","安南區","120.195","23.070","765"
"451","147449","20220615193000","293","3","臺南市","安定區","120.200","23.070","412"
"1302","147457","20220615193000","1015","2","臺南市","新市區","120.280","23.105","1217"
"3988","147458","20220615193000","3916","1","臺南市","善化區","120.265","23.110","4030"
"2121","147459","20220615193000","1844","1","臺南市","善化區","120.270","23.110","2026"
"2463","147460","20220615193000","1632","3","臺南市","善化區","120.275","23.110","2565"
"41","147461","20220615193000","31","2","臺南市","善化區","120.280","23.110","48"
"3038","147464","20220615193000","3047","0","臺南市","善化區","120.270","23.115","2982"
"2937","147465","20220615193000","2267","2","臺南市","善化區","120.275","23.115","2846"
"20","147466","20220615193000","17","1","臺南市","善化區","120.280","23.115","14"
"96","147467","20220615193000","77","2","臺南市","善化區","120.285","23.115","109"
"1020","147468","20220615193000","694","2","臺南市","善化區","120.270","23.120","1016"
"21","147469","20220615193000","95","0","臺南市","善化區","120.275","23.120","21"
"1671","147475","20220615193000","958","3","臺南市","安南區","120.190","23.045","1802"
"387","147479","20220615193000","280","2","臺南市","安定區","120.215","23.075","298"
"606","147503","20220615193000","549","1","臺南市","大內區","120.370","23.115","609"
"202","147511","20220615193000","173","1","臺南市","安定區","120.205","23.080","149"
"660","147522","20220615193000","574","1","臺南市","安定區","120.210","23.090","662"
"499","147528","20220615193000","503","0","臺南市","安定區","120.215","23.095","578"
"557","147531","20220615193000","437","2","臺南市","安定區","120.210","23.095","397"
"780","147539","20220615193000","323","3","臺南市","新市區","120.290","23.085","801"
"1140","147540","20220615193000","736","3","臺南市","新市區","120.285","23.090","1121"
"1411","147548","20220615193000","931","3","臺南市","新市區","120.290","23.100","1419"
"238","147550","20220615193000","251","0","臺南市","新市區","120.285","23.105","266"
"73","147564","20220615193000","101","0","臺南市","新市區","120.260","23.070","63"
"251","147567","20220615193000","151","3","臺南市","新市區","120.250","23.075","242"
"117","147570","20220615193000","139","0","臺南市","新市區","120.265","23.075","128"
"162","147571","20220615193000","174","0","臺南市","新市區","120.255","23.080","164"
"176","147576","20220615193000","137","2","臺南市","新市區","120.305","23.090","196"
"474","147580","20220615193000","393","2","臺南市","新市區","120.300","23.100","425"
"501","147587","20220615193000","302","3","臺南市","新市區","120.310","23.100","488"
"486","147594","20220615193000","450","1","臺南市","新市區","120.320","23.085","456"
"1011","147598","20220615193000","681","2","臺南市","新市區","120.315","23.090","1147"
"596","147603","20220615193000","410","2","臺南市","新市區","120.320","23.095","614"
"60","147613","20220615193000","153","0","臺南市","安南區","120.165","23.045","55"
"570","147619","20220615193000","371","3","臺南市","安南區","120.170","23.045","550"
"210","147620","20220615193000","219","0","臺南市","安南區","120.175","23.045","215"
"821","147621","20220615193000","917","0","臺南市","安南區","120.175","23.050","910"
"171","147622","20220615193000","428","0","臺南市","安南區","120.175","23.055","156"
"165","147627","20220615193000","116","2","臺南市","七股區","120.120","23.095","183"
"106","147686","20220615193000","100","1","臺南市","七股區","120.075","23.125","110"
"78","147743","20220615193000","33","3","臺南市","七股區","120.050","23.080","55"
"117","147812","20220615193000","127","0","臺南市","七股區","120.090","23.095","125"
"601","147816","20220615193000","485","2","臺南市","七股區","120.110","23.095","587"
"68","147889","20220615193000","71","0","臺東縣","池上鄉","121.220","23.080","63"
"265","147906","20220615193000","144","3","臺東縣","池上鄉","121.230","23.120","213"
"255","147984","20220615193000","154","3","高雄市","甲仙區","120.585","23.080","231"
"240","147985","20220615193000","132","3","高雄市","甲仙區","120.590","23.080","254"
"53","147999","20220615193000","39","2","高雄市","甲仙區","120.610","23.110","57"
"16","148032","20220615193000","11","2","高雄市","甲仙區","120.630","23.115","15"
"156","148097","20220615193000","184","0","高雄市","六龜區","120.670","23.065","153"
"177","148126","20220615193000","126","2","高雄市","六龜區","120.675","23.080","168"
"615","148173","20220615193000","456","2","臺南市","安南區","120.205","23.060","602"
"559","148177","20220615193000","489","1","臺南市","安南區","120.220","23.070","511"
"407","148178","20220615193000","302","2","臺南市","安南區","120.225","23.070","402"
"142","148201","20220615193000","132","1","高雄市","六龜區","120.690","23.095","140"
"191","148224","20220615193000","166","1","高雄市","六龜區","120.690","23.105","167"
"167","148238","20220615193000","207","0","高雄市","六龜區","120.700","23.110","169"
"11","148255","20220615193000","15","0","高雄市","桃源區","120.710","23.115","15"
"108","148271","20220615193000","94","1","高雄市","六龜區","120.720","23.115","120"
"62","148275","20220615193000","29","3","高雄市","桃源區","120.745","23.115","61"
"36","148342","20220615193000","30","2","高雄市","六龜區","120.715","23.065","36"
"41","148372","20220615193000","29","2","臺南市","新化區","120.330","23.055","34"
"74","148373","20220615193000","59","2","臺南市","新化區","120.335","23.055","77"
"61","148376","20220615193000","42","2","臺南市","新化區","120.335","23.060","68"
"90","148377","20220615193000","76","1","臺南市","新化區","120.340","23.060","95"
"16","148378","20220615193000","14","1","臺南市","新化區","120.345","23.060","16"
"569","148380","20220615193000","499","1","臺南市","新化區","120.345","23.065","592"
"222","148386","20220615193000","204","1","臺南市","新化區","120.355","23.070","227"
"134","148418","20220615193000","106","2","臺東縣","池上鄉","121.235","23.120","126"
"111","148429","20220615193000","98","1","臺南市","玉井區","120.425","23.070","114"
"87","148453","20220615193000","52","3","臺南市","玉井區","120.430","23.085","72"
"29","148472","20220615193000","13","3","臺南市","玉井區","120.440","23.095","33"
"33","148477","20220615193000","34","0","臺南市","玉井區","120.450","23.090","28"
"156","148526","20220615193000","86","3","臺南市","玉井區","120.480","23.110","139"
"1931","148561","20220615193000","1710","1","臺南市","玉井區","120.460","23.120","1919"
"714","148562","20220615193000","787","0","臺南市","玉井區","120.465","23.120","709"
"629","148578","20220615193000","616","1","臺南市","永康區","120.265","23.045","606"
"296","148580","20220615193000","448","0","臺南市","永康區","120.275","23.045","299"
"116","148582","20220615193000","174","0","臺南市","永康區","120.265","23.050","101"
"311","148583","20220615193000","294","1","臺南市","永康區","120.270","23.050","302"
"101","148584","20220615193000","101","1","臺南市","永康區","120.275","23.050","96"
"96","148586","20220615193000","163","0","臺南市","永康區","120.270","23.055","89"
"77","148590","20220615193000","405","0","臺南市","永康區","120.245","23.050","66"
"26","148592","20220615193000","59","0","臺南市","永康區","120.250","23.050","20"
"230","148594","20220615193000","124","3","臺南市","永康區","120.260","23.055","236"
"356","148600","20220615193000","350","1","臺南市","永康區","120.265","23.055","409"
"31","148632","20220615193000","20","3","臺東縣","成功鎮","121.355","23.120","30"
"450","148641","20220615193000","294","3","臺東縣","成功鎮","121.400","23.120","402"
"38","148653","20220615193000","18","3","臺東縣","成功鎮","121.355","23.105","33"
"266","148657","20220615193000","880","0","臺東縣","成功鎮","121.375","23.105","285"
"108","148690","20220615193000","61","3","臺東縣","成功鎮","121.340","23.045","120"
"34","148696","20220615193000","29","1","臺東縣","成功鎮","121.340","23.050","23"
"158","148718","20220615193000","114","2","臺東縣","成功鎮","121.345","23.065","131"
"10","148746","20220615193000","53","0","臺東縣","成功鎮","121.355","23.080","10"
"192","148763","20220615193000","72","3","臺東縣","成功鎮","121.355","23.090","164"
"23","148769","20220615193000","17","2","臺東縣","成功鎮","121.345","23.095","19"
"55","148782","20220615193000","154","0","臺東縣","成功鎮","121.370","23.100","53"
"1164","148784","20220615193000","577","3","臺東縣","成功鎮","121.380","23.100","1171"
"575","148795","20220615193000","435","2","臺東縣","關山鎮","121.175","23.070","562"
"148","148817","20220615193000","122","2","臺東縣","關山鎮","121.175","23.080","121"
"514","148847","20220615193000","335","3","臺東縣","關山鎮","121.165","23.045","441"
"121","148852","20220615193000","1355","0","臺東縣","關山鎮","121.165","23.050","97"
"438","148873","20220615193000","417","1","臺東縣","關山鎮","121.165","23.055","422"
"433","148879","20220615193000","299","2","臺東縣","關山鎮","121.155","23.045","417"
"444","148883","20220615193000","549","0","高雄市","甲仙區","120.590","23.085","452"
"75","148899","20220615193000","63","1","高雄市","甲仙區","120.590","23.100","68"
"74","148910","20220615193000","46","3","高雄市","甲仙區","120.550","23.055","72"
"110","148925","20220615193000","98","1","高雄市","甲仙區","120.570","23.065","110"
"231","148938","20220615193000","149","3","高雄市","甲仙區","120.575","23.070","239"
"87","148960","20220615193000","89","0","高雄市","甲仙區","120.560","23.050","75"
"434","148978","20220615193000","323","2","臺南市","新化區","120.290","23.045","477"
"197","148986","20220615193000","109","3","臺南市","新化區","120.295","23.055","197"
"428","148988","20220615193000","172","3","臺南市","安南區","120.145","23.045","337"
"15","148989","20220615193000","10","3","臺南市","安南區","120.150","23.045","15"
"45","149026","20220615193000","24","3","高雄市","桃源區","120.720","23.050","40"
"14","149092","20220615193000","10","2","高雄市","桃源區","120.735","23.060","14"
"21","149159","20220615193000","12","3","高雄市","桃源區","120.755","23.070","14"
"14","149519","20220615193000","88","0","高雄市","六龜區","120.685","23.110","18"
"445","149576","20220615193000","183","3","臺南市","新化區","120.295","23.045","388"
"328","149577","20220615193000","631","0","臺南市","新化區","120.300","23.045","365"
"128","149589","20220615193000","324","0","臺南市","永康區","120.235","23.045","91"
"2774","149590","20220615193000","2091","2","臺南市","永康區","120.240","23.045","2955"
"21","149592","20220615193000","100","0","臺南市","永康區","120.245","23.045","15"
"410","149593","20220615193000","274","2","臺南市","永康區","120.250","23.045","414"
"14","149636","20220615193000","18","0","臺南市","玉井區","120.490","23.095","18"
"133","149651","20220615193000","149","0","臺南市","玉井區","120.480","23.105","127"
"485","149654","20220615193000","1322","0","臺東縣","成功鎮","121.380","23.105","481"
"91","149658","20220615193000","48","3","臺東縣","東河鄉","121.285","23.045","63"
"85","149682","20220615193000","41","3","臺東縣","東河鄉","121.295","23.055","70"
"16","149761","20220615193000","27","0","臺東縣","東河鄉","121.295","23.080","18"
"24","149846","20220615193000","78","0","臺南市","新化區","120.370","23.045","22"
"40","149865","20220615193000","94","0","臺南市","新化區","120.310","23.045","32"
"235","149866","20220615193000","100","3","臺南市","新化區","120.315","23.045","224"
"52","149869","20220615193000","240","0","臺南市","新化區","120.315","23.050","47"
"85","149873","20220615193000","66","2","臺南市","新化區","120.325","23.055","59"
"34","149908","20220615193000","32","1","高雄市","甲仙區","120.600","23.085","32"
"660","149946","20220615193000","493","2","臺南市","善化區","120.270","23.125","617"
"864","149948","20220615193000","803","1","臺南市","大內區","120.355","23.120","853"
"198","154962","20220615193000","200","0","澎湖縣","七美鄉","119.415","23.195","192"
"1261","154965","20220615193000","727","3","臺南市","善化區","120.325","23.140","1141"
"318","154980","20220615193000","360","0","臺南市","善化區","120.325","23.135","326"
"2255","154984","20220615193000","2012","1","臺南市","善化區","120.300","23.130","2270"
"532","154985","20220615193000","433","2","臺南市","善化區","120.305","23.130","542"
"1050","154986","20220615193000","590","3","臺南市","善化區","120.310","23.130","959"
"51","154996","20220615193000","58","0","澎湖縣","七美鄉","119.435","23.200","103"
"235","155092","20220615193000","748","0","臺南市","麻豆區","120.220","23.190","238"
"589","155098","20220615193000","654","0","臺南市","麻豆區","120.245","23.190","546"
"535","155107","20220615193000","175","3","臺南市","佳里區","120.180","23.145","467"
"585","155111","20220615193000","581","1","臺南市","佳里區","120.175","23.150","610"
"470","155114","20220615193000","1022","0","臺南市","佳里區","120.175","23.155","1453"
"915","155129","20220615193000","793","1","臺南市","佳里區","120.195","23.190","933"
"108","155501","20220615193000","67","3","臺東縣","海端鄉","121.025","23.185","116"
"67","155650","20220615193000","68","0","臺東縣","海端鄉","121.180","23.130","85"
"33","155658","20220615193000","20","3","臺東縣","海端鄉","121.205","23.150","32"
"107","155664","20220615193000","97","1","臺東縣","海端鄉","121.190","23.155","117"
"101","155779","20220615193000","65","3","臺東縣","海端鄉","121.125","23.130","99"
"67","155786","20220615193000","41","3","臺東縣","海端鄉","121.160","23.130","69"
"36","156049","20220615193000","28","2","臺東縣","海端鄉","121.030","23.165","14"
"121","156052","20220615193000","63","3","臺東縣","海端鄉","121.045","23.165","80"
"60","156083","20220615193000","66","0","臺東縣","海端鄉","121.045","23.170","22"
"154","156227","20220615193000","372","0","臺南市","西港區","120.180","23.130","166"
"327","156233","20220615193000","218","3","臺南市","西港區","120.200","23.130","289"
"564","156281","20220615193000","430","2","臺南市","佳里區","120.180","23.165","576"
"64","156284","20220615193000","140","0","臺南市","佳里區","120.180","23.170","71"
"95","156292","20220615193000","44","3","臺南市","佳里區","120.155","23.170","51"
"675","156302","20220615193000","667","1","臺南市","麻豆區","120.215","23.175","743"
"1343","156306","20220615193000","795","3","臺南市","佳里區","120.160","23.160","1086"
"1841","156309","20220615193000","1781","1","臺南市","佳里區","120.175","23.160","1837"
"4400","156314","20220615193000","4372","1","臺南市","佳里區","120.175","23.165","4263"
"16","156316","20220615193000","15","1","臺南市","佳里區","120.170","23.170","17"
"292","156333","20220615193000","210","2","臺南市","七股區","120.140","23.140","313"
"421","156339","20220615193000","285","2","臺南市","七股區","120.150","23.150","359"
"230","156348","20220615193000","186","2","花蓮縣","富里鄉","121.255","23.180","261"
"466","156361","20220615193000","240","3","花蓮縣","富里鄉","121.275","23.190","287"
"472","156391","20220615193000","578","0","臺南市","西港區","120.220","23.140","495"
"637","156401","20220615193000","627","1","臺南市","麻豆區","120.240","23.155","621"
"55","156402","20220615193000","15","3","臺南市","麻豆區","120.240","23.160","53"
"95","156413","20220615193000","671","0","臺南市","麻豆區","120.275","23.190","97"
"363","156420","20220615193000","178","3","臺南市","麻豆區","120.270","23.195","334"
"214","156423","20220615193000","66","3","臺南市","麻豆區","120.285","23.195","189"
"146","156427","20220615193000","583","0","臺南市","麻豆區","120.230","23.180","134"
"245","156446","20220615193000","252","0","臺南市","大內區","120.415","23.150","261"
"40","156474","20220615193000","30","2","臺南市","大內區","120.410","23.165","30"
"15","156651","20220615193000","20","0","花蓮縣","富里鄉","121.280","23.130","15"
"612","156721","20220615193000","368","3","臺南市","善化區","120.270","23.145","611"
"282","156727","20220615193000","836","0","臺南市","善化區","120.275","23.130","274"
"27","156730","20220615193000","22","2","臺南市","大內區","120.405","23.130","20"
"15","156736","20220615193000","21","0","臺南市","大內區","120.435","23.130","15"
"16","156743","20220615193000","60","0","臺南市","大內區","120.430","23.135","16"
"83","156744","20220615193000","88","0","臺南市","玉井區","120.435","23.135","92"
"921","156753","20220615193000","895","1","臺南市","善化區","120.285","23.135","848"
"1424","156765","20220615193000","829","3","臺南市","善化區","120.290","23.135","1347"
"314","156769","20220615193000","234","2","臺南市","善化區","120.315","23.155","351"
"859","156781","20220615193000","714","2","臺南市","善化區","120.285","23.150","917"
"47","156784","20220615193000","206","0","臺南市","善化區","120.275","23.155","56"
"646","156792","20220615193000","563","1","臺南市","七股區","120.135","23.140","633"
"207","156851","20220615193000","283","0","臺南市","佳里區","120.155","23.180","224"
"589","156856","20220615193000","335","3","臺南市","佳里區","120.155","23.140","538"
"591","156864","20220615193000","575","1","臺南市","佳里區","120.185","23.145","650"
"341","156865","20220615193000","773","0","臺南市","佳里區","120.180","23.150","345"
"1847","156869","20220615193000","1653","1","臺南市","佳里區","120.180","23.155","1866"
"102","156870","20220615193000","169","0","臺南市","佳里區","120.185","23.155","81"
"760","156873","20220615193000","772","0","臺南市","佳里區","120.155","23.175","1044"
"660","156909","20220615193000","441","2","臺南市","麻豆區","120.240","23.190","616"
"93","156922","20220615193000","364","0","臺南市","麻豆區","120.210","23.200","679"
"15","156924","20220615193000","18","0","臺南市","麻豆區","120.205","23.205","11"
"478","156941","20220615193000","318","3","臺南市","佳里區","120.190","23.190","417"
"326","156942","20220615193000","329","0","臺南市","佳里區","120.185","23.185","327"
"828","156974","20220615193000","838","0","臺南市","七股區","120.090","23.185","827"
"924","156977","20220615193000","314","3","臺南市","西港區","120.200","23.140","748"
"1672","157009","20220615193000","1462","1","臺南市","麻豆區","120.240","23.185","1729"
"996","157010","20220615193000","1315","0","臺南市","麻豆區","120.250","23.185","1046"
"285","157011","20220615193000","595","0","臺南市","麻豆區","120.255","23.185","246"
"48","157047","20220615193000","39","2","臺南市","六甲區","120.415","23.205","42"
"117","157077","20220615193000","79","2","臺南市","楠西區","120.505","23.140","115"
"531","157130","20220615193000","339","3","臺南市","將軍區","120.160","23.190","440"
"244","157174","20220615193000","575","0","臺南市","官田區","120.315","23.195","233"
"769","157183","20220615193000","467","3","臺南市","安定區","120.245","23.130","826"
"705","157184","20220615193000","435","3","臺南市","安定區","120.250","23.130","693"
"256","157198","20220615193000","238","1","花蓮縣","富里鄉","121.265","23.155","264"
"12","157245","20220615193000","21","0","花蓮縣","富里鄉","121.260","23.170","11"
"135","157258","20220615193000","124","1","臺南市","官田區","120.320","23.200","109"
"242","157259","20220615193000","280","0","臺南市","官田區","120.325","23.200","249"
"126","157263","20220615193000","121","1","臺南市","官田區","120.320","23.205","122"
"143","157265","20220615193000","98","2","臺南市","官田區","120.330","23.205","132"
"106","157312","20220615193000","306","0","臺南市","官田區","120.380","23.185","110"
"310","157333","20220615193000","193","3","臺南市","官田區","120.365","23.195","282"
"116","157334","20220615193000","165","0","臺南市","官田區","120.370","23.195","96"
"25","157335","20220615193000","114","0","臺南市","官田區","120.375","23.195","68"
"202","157360","20220615193000","706","0","臺南市","官田區","120.335","23.180","213"
"254","157382","20220615193000","111","3","臺南市","官田區","120.320","23.170","223"
"21","157394","20220615193000","147","0","臺南市","官田區","120.310","23.175","27"
"378","157399","20220615193000","223","3","臺南市","官田區","120.295","23.185","334"
"97","157419","20220615193000","271","0","臺南市","官田區","120.350","23.160","75"
"73","157422","20220615193000","53","2","臺南市","官田區","120.330","23.165","69"
"134","157424","20220615193000","441","0","臺南市","官田區","120.340","23.165","142"
"60","157463","20220615193000","56","1","臺南市","官田區","120.365","23.180","136"
"141","157477","20220615193000","410","0","臺南市","官田區","120.305","23.195","138"
"977","157478","20220615193000","676","2","臺南市","官田區","120.315","23.190","1008"
"46","157597","20220615193000","41","1","臺南市","南化區","120.595","23.165","44"
"73","157624","20220615193000","47","3","臺南市","南化區","120.600","23.175","72"
"75","157646","20220615193000","72","1","臺南市","南化區","120.570","23.185","68"
"11","157724","20220615193000","11","1","臺南市","南化區","120.625","23.205","11"
"462","157733","20220615193000","359","2","臺南市","麻豆區","120.230","23.145","502"
"2278","157737","20220615193000","1986","1","臺南市","麻豆區","120.245","23.180","2291"
"126","157740","20220615193000","123","1","臺南市","麻豆區","120.240","23.195","107"
"1126","157752","20220615193000","503","3","臺南市","麻豆區","120.260","23.185","1001"
"238","157756","20220615193000","268","0","臺南市","麻豆區","120.265","23.190","232"
"215","157759","20220615193000","168","2","臺南市","麻豆區","120.255","23.190","230"
"61","157773","20220615193000","40","3","臺東縣","池上鄉","121.210","23.125","56"
"151","157789","20220615193000","105","2","臺東縣","池上鄉","121.200","23.140","144"
"284","157809","20220615193000","107","3","臺南市","善化區","120.275","23.145","252"
"288","157818","20220615193000","236","2","花蓮縣","卓溪鄉","121.225","23.160","309"
"180","157895","20220615193000","127","2","花蓮縣","富里鄉","121.250","23.200","141"
"355","157913","20220615193000","788","0","臺南市","善化區","120.295","23.135","353"
"52","157915","20220615193000","110","0","臺南市","善化區","120.305","23.135","53"
"659","157919","20220615193000","560","1","臺南市","善化區","120.305","23.140","747"
"760","157924","20220615193000","376","3","臺南市","善化區","120.290","23.145","811"
"10","157933","20220615193000","11","0","臺南市","善化區","120.285","23.160","10"
"371","157961","20220615193000","442","0","臺南市","善化區","120.285","23.130","370"
"173","157991","20220615193000","83","3","花蓮縣","富里鄉","121.235","23.135","104"
"79","157998","20220615193000","75","1","花蓮縣","富里鄉","121.240","23.140","57"
"309","158028","20220615193000","257","2","花蓮縣","富里鄉","121.250","23.170","315"
"431","158030","20220615193000","381","1","花蓮縣","富里鄉","121.250","23.175","417"
"63","158032","20220615193000","48","2","花蓮縣","富里鄉","121.250","23.180","65"
"922","158045","20220615193000","551","3","臺南市","將軍區","120.140","23.205","922"
"1297","158058","20220615193000","1352","0","臺南市","將軍區","120.160","23.200","1350"
"245","158065","20220615193000","301","0","臺南市","七股區","120.135","23.130","281"
"428","158072","20220615193000","339","2","臺南市","七股區","120.110","23.145","421"
"63","158092","20220615193000","29","3","臺南市","七股區","120.130","23.185","56"
"47","158097","20220615193000","13","3","臺南市","七股區","120.145","23.180","26"
"438","158106","20220615193000","320","2","臺南市","佳里區","120.190","23.165","463"
"103","158107","20220615193000","571","0","臺南市","佳里區","120.195","23.165","88"
"215","158122","20220615193000","219","0","臺南市","佳里區","120.180","23.180","196"
"292","158126","20220615193000","372","0","臺南市","佳里區","120.175","23.185","275"
"43","158128","20220615193000","35","2","臺東縣","池上鄉","121.185","23.130","49"
"213","158181","20220615193000","245","0","臺南市","麻豆區","120.265","23.180","246"
"1292","158192","20220615193000","790","3","臺南市","麻豆區","120.245","23.185","1235"
"40","158195","20220615193000","188","0","臺南市","麻豆區","120.240","23.180","35"
"21","158363","20220615193000","13","3","高雄市","桃源區","120.790","23.185","17"
"96","158397","20220615193000","101","0","臺東縣","池上鄉","121.235","23.130","107"
"534","158398","20220615193000","446","1","臺南市","玉井區","120.470","23.130","572"
"360","158400","20220615193000","210","3","臺南市","玉井區","120.480","23.130","290"
"222","158410","20220615193000","192","1","臺南市","玉井區","120.440","23.135","184"
"115","158457","20220615193000","72","3","臺南市","楠西區","120.490","23.190","91"
"83","158502","20220615193000","67","2","臺南市","楠西區","120.515","23.200","87"
"21","158508","20220615193000","24","0","臺南市","楠西區","120.545","23.205","17"
"859","158533","20220615193000","625","2","臺南市","楠西區","120.485","23.175","732"
"402","158546","20220615193000","316","2","臺南市","楠西區","120.485","23.170","351"
"57","158547","20220615193000","361","0","臺南市","楠西區","120.480","23.175","429"
"247","158550","20220615193000","181","2","臺南市","楠西區","120.480","23.185","194"
"29","158572","20220615193000","37","0","臺南市","楠西區","120.505","23.160","34"
"18","158634","20220615193000","22","0","臺南市","楠西區","120.560","23.180","16"
"15","158638","20220615193000","52","0","臺南市","楠西區","120.525","23.185","48"
"113","158670","20220615193000","60","3","臺南市","楠西區","120.465","23.190","101"
"46","158687","20220615193000","77","0","臺南市","楠西區","120.490","23.200","39"
"306","158849","20220615193000","216","2","臺東縣","成功鎮","121.400","23.155","301"
"80","158905","20220615193000","68","1","臺東縣","成功鎮","121.400","23.170","71"
"99","158933","20220615193000","105","0","臺東縣","成功鎮","121.395","23.180","91"
"120","159028","20220615193000","120","1","高雄市","甲仙區","120.635","23.150","118"
"22","159158","20220615193000","21","1","高雄市","三民區","120.660","23.200","16"
"25","159274","20220615193000","11","3","高雄市","桃源區","120.800","23.210","23"
"15","159434","20220615193000","15","1","高雄市","桃源區","120.755","23.145","12"
"199","159527","20220615193000","172","1","高雄市","桃源區","120.765","23.160","201"
"76","159574","20220615193000","83","0","高雄市","桃源區","120.770","23.165","88"
"69","159707","20220615193000","26","3","高雄市","桃源區","120.740","23.135","60"
"260","159838","20220615193000","171","3","臺南市","官田區","120.350","23.150","270"
"111","159846","20220615193000","97","1","臺南市","大內區","120.365","23.155","96"
"325","159859","20220615193000","290","1","臺南市","大內區","120.380","23.145","280"
"122","159883","20220615193000","50","3","臺南市","大內區","120.370","23.160","100"
"89","159912","20220615193000","141","0","臺南市","麻豆區","120.225","23.175","94"
"614","159913","20220615193000","569","1","臺南市","麻豆區","120.220","23.180","614"
"650","159928","20220615193000","673","0","臺南市","麻豆區","120.255","23.180","681"
"713","159936","20220615193000","363","3","臺南市","善化區","120.315","23.145","658"
"710","159943","20220615193000","520","2","臺南市","善化區","120.300","23.150","762"
"543","159947","20220615193000","199","3","臺南市","善化區","120.265","23.130","477"
"414","159950","20220615193000","174","3","臺南市","善化區","120.260","23.135","399"
"136","161053","20220615193000","98","2","澎湖縣","七美鄉","119.430","23.215","147"
"100","162017","20220615193000","51","3","臺東縣","長濱鄉","121.415","23.235","70"
"77","163557","20220615193000","46","3","澎湖縣","望安鄉","119.515","23.255","50"
"381","164970","20220615193000","369","1","澎湖縣","七美鄉","119.425","23.205","355"
"193","164978","20220615193000","127","3","澎湖縣","望安鄉","119.670","23.245","135"
"601","165017","20220615193000","528","1","臺南市","學甲區","120.195","23.215","644"
"456","165030","20220615193000","508","0","臺南市","學甲區","120.195","23.230","477"
"53","165342","20220615193000","50","1","臺東縣","海端鄉","120.985","23.250","40"
"59","165457","20220615193000","63","0","臺東縣","海端鄉","120.990","23.270","44"
"80","165593","20220615193000","432","0","臺南市","下營區","120.240","23.220","74"
"122","165611","20220615193000","199","0","臺南市","下營區","120.240","23.235","115"
"1754","165635","20220615193000","1735","1","臺南市","下營區","120.265","23.240","1876"
"803","165652","20220615193000","706","1","臺南市","下營區","120.270","23.245","810"
"276","165697","20220615193000","219","2","花蓮縣","富里鄉","121.275","23.215","283"
"527","165713","20220615193000","380","2","臺南市","下營區","120.270","23.210","530"
"40","165716","20220615193000","78","0","花蓮縣","富里鄉","121.340","23.280","24"
"199","165718","20220615193000","156","2","花蓮縣","玉里鎮","121.345","23.285","203"
"207","165736","20220615193000","115","3","花蓮縣","玉里鎮","121.285","23.280","167"
"260","165743","20220615193000","145","3","花蓮縣","玉里鎮","121.280","23.285","265"
"152","165775","20220615193000","153","0","花蓮縣","富里鄉","121.290","23.240","151"
"60","165778","20220615193000","55","1","花蓮縣","富里鄉","121.305","23.240","58"
"137","165815","20220615193000","102","2","花蓮縣","富里鄉","121.295","23.255","156"
"49","165844","20220615193000","261","0","臺南市","新營區","120.265","23.270","53"
"336","165847","20220615193000","312","1","臺南市","新營區","120.275","23.275","309"
"101","165852","20220615193000","59","3","臺南市","六甲區","120.345","23.230","79"
"40","165853","20220615193000","167","0","臺南市","六甲區","120.335","23.235","40"
"959","165855","20220615193000","722","2","臺南市","北門區","120.135","23.240","957"
"102","165858","20220615193000","140","0","臺南市","北門區","120.130","23.250","115"
"169","165860","20220615193000","700","0","臺南市","六甲區","120.350","23.225","134"
"415","165925","20220615193000","369","1","臺南市","六甲區","120.345","23.235","425"
"53","165938","20220615193000","42","2","臺南市","六甲區","120.340","23.250","50"
"28","165969","20220615193000","32","0","臺南市","六甲區","120.400","23.220","27"
"160","165999","20220615193000","437","0","臺南市","柳營區","120.315","23.275","161"
"164","166011","20220615193000","192","0","臺南市","柳營區","120.315","23.265","173"
"132","166028","20220615193000","297","0","臺南市","柳營區","120.295","23.275","120"
"817","166037","20220615193000","240","3","臺南市","柳營區","120.305","23.280","743"
"166","166056","20220615193000","350","0","臺南市","柳營區","120.360","23.280","171"
"300","166060","20220615193000","127","3","臺南市","柳營區","120.355","23.285","316"
"82","166064","20220615193000","220","0","臺南市","柳營區","120.380","23.285","94"
"493","166071","20220615193000","504","0","臺南市","六甲區","120.340","23.225","491"
"17","166073","20220615193000","10","3","臺南市","六甲區","120.310","23.245","10"
"53","166077","20220615193000","28","3","臺南市","六甲區","120.315","23.250","60"
"402","166081","20220615193000","313","2","臺南市","六甲區","120.310","23.255","371"
"73","166097","20220615193000","42","3","臺南市","北門區","120.110","23.260","70"
"124","166128","20220615193000","123","1","臺南市","北門區","120.140","23.265","139"
"123","166144","20220615193000","142","0","臺南市","學甲區","120.180","23.285","111"
"471","166153","20220615193000","368","2","臺南市","將軍區","120.165","23.220","471"
"897","166181","20220615193000","501","3","臺南市","北門區","120.095","23.230","841"
"1100","166188","20220615193000","1127","0","臺南市","北門區","120.115","23.235","1145"
"453","166204","20220615193000","305","2","臺南市","下營區","120.275","23.215","442"
"29","166206","20220615193000","468","0","臺南市","下營區","120.270","23.220","28"
"767","166224","20220615193000","743","1","臺南市","北門區","120.135","23.280","824"
"716","166238","20220615193000","723","0","臺南市","北門區","120.125","23.270","726"
"71","166250","20220615193000","46","3","花蓮縣","富里鄉","121.315","23.220","78"
"232","166256","20220615193000","204","1","花蓮縣","富里鄉","121.275","23.225","244"
"159","166326","20220615193000","153","1","花蓮縣","富里鄉","121.305","23.255","170"
"141","166340","20220615193000","93","3","花蓮縣","富里鄉","121.305","23.265","133"
"69","166344","20220615193000","76","0","花蓮縣","富里鄉","121.300","23.270","66"
"27","166349","20220615193000","163","0","臺南市","官田區","120.320","23.210","30"
"39","166350","20220615193000","229","0","臺南市","官田區","120.325","23.210","33"
"307","166354","20220615193000","197","3","臺南市","官田區","120.320","23.215","338"
"143","166356","20220615193000","533","0","臺南市","官田區","120.330","23.215","130"
"323","166363","20220615193000","171","3","臺南市","官田區","120.340","23.220","273"
"223","166377","20220615193000","630","0","臺南市","官田區","120.310","23.215","225"
"194","166389","20220615193000","228","0","臺南市","官田區","120.360","23.210","250"
"458","166391","20220615193000","171","3","臺南市","官田區","120.370","23.210","419"
"340","166424","20220615193000","274","2","臺南市","北門區","120.145","23.285","280"
"343","166429","20220615193000","209","3","臺南市","將軍區","120.160","23.220","315"
"100","166442","20220615193000","531","0","臺南市","下營區","120.260","23.230","113"
"332","166445","20220615193000","223","2","臺南市","六甲區","120.355","23.220","335"
"1893","166446","20220615193000","2090","0","臺南市","六甲區","120.355","23.230","2033"
"113","166455","20220615193000","88","2","臺南市","六甲區","120.370","23.230","89"
"151","166458","20220615193000","185","0","臺南市","六甲區","120.365","23.235","161"
"150","166495","20220615193000","124","2","臺南市","北門區","120.125","23.240","156"
"635","166562","20220615193000","396","3","臺南市","麻豆區","120.220","23.220","629"
"34","166785","20220615193000","34","1","花蓮縣","富里鄉","121.265","23.215","38"
"446","167284","20220615193000","291","3","臺南市","下營區","120.290","23.245","420"
"18","167323","20220615193000","16","1","花蓮縣","富里鄉","121.360","23.265","16"
"48","167340","20220615193000","54","0","花蓮縣","富里鄉","121.315","23.275","56"
"209","167482","20220615193000","158","2","臺南市","東山區","120.470","23.260","204"
"57","167491","20220615193000","49","1","臺南市","東山區","120.515","23.260","62"
"230","167497","20220615193000","150","3","臺南市","東山區","120.480","23.265","227"
"425","167501","20220615193000","183","3","臺南市","東山區","120.500","23.265","353"
"30","167514","20220615193000","84","0","臺南市","東山區","120.395","23.265","23"
"80","167565","20220615193000","152","0","臺南市","東山區","120.445","23.265","72"
"302","167568","20220615193000","210","2","臺南市","東山區","120.445","23.270","305"
"111","167588","20220615193000","90","2","臺南市","東山區","120.445","23.290","93"
"118","167626","20220615193000","259","0","臺南市","東山區","120.405","23.285","115"
"57","167655","20220615193000","48","1","臺南市","東山區","120.465","23.280","44"
"43","167656","20220615193000","200","0","臺南市","東山區","120.470","23.280","40"
"62","167674","20220615193000","53","1","臺南市","東山區","120.500","23.285","69"
"46","167688","20220615193000","33","2","臺南市","東山區","120.515","23.290","52"
"181","167707","20220615193000","201","0","臺南市","將軍區","120.085","23.215","209"
"228","167714","20220615193000","192","1","臺南市","將軍區","120.120","23.220","256"
"99","167750","20220615193000","105","0","臺南市","學甲區","120.165","23.270","114"
"567","167786","20220615193000","478","1","臺南市","鹽水區","120.205","23.260","549"
"59","167813","20220615193000","40","2","臺東縣","長濱鄉","121.410","23.215","73"
"98","167824","20220615193000","75","2","臺東縣","長濱鄉","121.415","23.225","103"
"244","167894","20220615193000","217","1","臺東縣","長濱鄉","121.415","23.250","231"
"18","167910","20220615193000","19","0","臺東縣","長濱鄉","121.385","23.260","18"
"40","167952","20220615193000","31","2","臺南市","學甲區","120.185","23.230","22"
"924","167953","20220615193000","962","0","臺南市","學甲區","120.185","23.235","968"
"1843","167958","20220615193000","901","3","臺南市","學甲區","120.185","23.225","1711"
"236","167982","20220615193000","156","3","臺南市","學甲區","120.195","23.240","199"
"2592","167993","20220615193000","2299","1","臺南市","學甲區","120.180","23.235","2531"
"60","167995","20220615193000","418","0","臺南市","六甲區","120.345","23.220","46"
"91","167997","20220615193000","146","0","臺南市","六甲區","120.320","23.230","69"
"53","168014","20220615193000","179","0","臺南市","六甲區","120.315","23.245","49"
"188","168093","20220615193000","177","1","高雄市","三民區","120.670","23.235","183"
"65","168132","20220615193000","128","0","高雄市","三民區","120.695","23.235","74"
"89","168149","20220615193000","97","0","高雄市","三民區","120.695","23.240","103"
"70","168296","20220615193000","62","1","高雄市","三民區","120.680","23.265","83"
"17","168304","20220615193000","35","0","高雄市","三民區","120.720","23.265","18"
"199","168347","20220615193000","296","0","高雄市","三民區","120.700","23.275","191"
"288","168351","20220615193000","147","3","高雄市","三民區","120.720","23.275","294"
"10","168370","20220615193000","12","0","高雄市","三民區","120.685","23.280","13"
"721","168445","20220615193000","654","1","臺南市","鹽水區","120.235","23.285","763"
"24","168451","20220615193000","52","0","臺南市","柳營區","120.345","23.270","20"
"79","168459","20220615193000","269","0","臺南市","柳營區","120.335","23.285","98"
"913","168462","20220615193000","1243","0","臺南市","柳營區","120.325","23.290","914"
"177","168468","20220615193000","157","1","臺南市","柳營區","120.405","23.235","171"
"125","168484","20220615193000","151","0","臺南市","柳營區","120.420","23.245","129"
"115","168515","20220615193000","505","0","臺南市","柳營區","120.380","23.265","148"
"850","168538","20220615193000","1356","0","臺南市","柳營區","120.315","23.280","800"
"58","168539","20220615193000","547","0","臺南市","柳營區","120.320","23.280","60"
"24","168541","20220615193000","154","0","臺南市","柳營區","120.330","23.280","30"
"97","168545","20220615193000","61","3","臺南市","柳營區","120.380","23.240","114"
"804","168560","20220615193000","403","3","臺南市","柳營區","120.375","23.250","659"
"425","168591","20220615193000","233","3","臺南市","柳營區","120.365","23.265","434"
"138","168619","20220615193000","175","0","臺南市","楠西區","120.495","23.215","180"
"38","168624","20220615193000","34","1","臺南市","楠西區","120.520","23.215","43"
"132","168647","20220615193000","109","2","臺南市","楠西區","120.500","23.225","83"
"30","168692","20220615193000","28","1","臺南市","鹽水區","120.245","23.275","33"
"31","168719","20220615193000","23","2","臺東縣","成功鎮","121.400","23.210","34"
"150","168755","20220615193000","143","1","臺東縣","長濱鄉","121.425","23.275","157"
"44","168771","20220615193000","213","0","臺南市","新營區","120.280","23.285","27"
"66","168825","20220615193000","69","0","高雄市","桃源區","120.805","23.220","68"
"71","168996","20220615193000","57","2","高雄市","桃源區","120.815","23.240","69"
"72","169242","20220615193000","74","0","高雄市","桃源區","120.825","23.265","74"
"18","169268","20220615193000","14","2","高雄市","桃源區","120.950","23.265","18"
"361","169480","20220615193000","190","3","臺南市","新營區","120.275","23.265","289"
"144","169490","20220615193000","110","2","臺南市","學甲區","120.195","23.275","147"
"332","169506","20220615193000","311","1","臺南市","學甲區","120.205","23.280","325"
"629","169527","20220615193000","565","1","臺南市","學甲區","120.160","23.245","650"
"29","169530","20220615193000","18","3","臺南市","學甲區","120.150","23.250","21"
"436","169555","20220615193000","347","2","臺南市","鹽水區","120.255","23.250","433"
"76","169556","20220615193000","122","0","臺南市","鹽水區","120.250","23.255","74"
"277","169567","20220615193000","291","0","臺南市","將軍區","120.135","23.225","282"
"29","169664","20220615193000","22","2","嘉義縣","大埔鄉","120.625","23.245","31"
"56","169729","20220615193000","50","1","嘉義縣","大埔鄉","120.590","23.270","56"
"26","169739","20220615193000","28","0","嘉義縣","大埔鄉","120.585","23.275","21"
"50","169788","20220615193000","31","3","嘉義縣","大埔鄉","120.545","23.230","38"
"11","169812","20220615193000","16","0","臺南市","東山區","120.520","23.240","23"
"19","169834","20220615193000","37","0","嘉義縣","大埔鄉","120.565","23.245","24"
"22","169837","20220615193000","20","1","嘉義縣","大埔鄉","120.580","23.245","12"
"34","169842","20220615193000","27","2","嘉義縣","大埔鄉","120.535","23.250","29"
"493","174966","20220615193000","387","2","澎湖縣","望安鄉","119.505","23.360","472"
"24","174989","20220615193000","74","0","臺南市","白河區","120.460","23.350","23"
"80","174993","20220615193000","41","3","臺南市","白河區","120.450","23.355","83"
"174","175007","20220615193000","106","3","臺南市","東山區","120.500","23.295","177"
"73","175048","20220615193000","45","3","臺南市","白河區","120.480","23.320","57"
"30","175054","20220615193000","36","0","臺南市","白河區","120.510","23.320","21"
"385","175059","20220615193000","318","2","臺南市","白河區","120.485","23.325","397"
"63","175081","20220615193000","62","1","臺南市","白河區","120.495","23.335","49"
"211","175083","20220615193000","196","1","臺南市","白河區","120.505","23.335","189"
"59","175092","20220615193000","76","0","臺南市","白河區","120.505","23.340","83"
"2122","175108","20220615193000","1660","2","臺南市","新營區","120.310","23.305","1980"
"150","175181","20220615193000","134","1","花蓮縣","玉里鎮","121.335","23.320","122"
"1243","175206","20220615193000","941","2","花蓮縣","玉里鎮","121.310","23.335","1191"
"167","175209","20220615193000","183","0","花蓮縣","玉里鎮","121.310","23.340","172"
"69","175217","20220615193000","71","0","花蓮縣","玉里鎮","121.300","23.300","80"
"283","175262","20220615193000","222","2","花蓮縣","玉里鎮","121.300","23.320","312"
"200","175264","20220615193000","183","1","花蓮縣","玉里鎮","121.310","23.320","182"
"33","175284","20220615193000","21","3","花蓮縣","玉里鎮","121.275","23.290","38"
"29","175299","20220615193000","34","0","花蓮縣","玉里鎮","121.290","23.295","18"
"347","175318","20220615193000","716","0","臺南市","白河區","120.410","23.345","336"
"97","175319","20220615193000","478","0","臺南市","白河區","120.405","23.350","86"
"282","175320","20220615193000","657","0","臺南市","白河區","120.410","23.350","297"
"48","175328","20220615193000","43","1","臺南市","白河區","120.460","23.365","46"
"255","175348","20220615193000","273","0","臺南市","白河區","120.440","23.345","286"
"133","175355","20220615193000","147","0","臺南市","新營區","120.330","23.320","142"
"67","175356","20220615193000","676","0","臺南市","新營區","120.335","23.320","55"
"24","175359","20220615193000","20","2","臺南市","新營區","120.350","23.320","33"
"1302","175362","20220615193000","1025","2","臺南市","新營區","120.315","23.325","1253"
"178","175369","20220615193000","239","0","臺南市","新營區","120.325","23.310","183"
"86","175372","20220615193000","131","0","臺南市","新營區","120.325","23.305","60"
"577","175398","20220615193000","446","2","臺南市","後壁區","120.315","23.370","566"
"125","175414","20220615193000","571","0","臺南市","後壁區","120.330","23.340","84"
"500","175425","20220615193000","243","3","臺南市","後壁區","120.375","23.330","516"
"198","175446","20220615193000","353","0","臺南市","新營區","120.320","23.320","187"
"379","175467","20220615193000","471","0","臺南市","北門區","120.170","23.300","403"
"208","175484","20220615193000","290","0","臺南市","後壁區","120.330","23.355","211"
"483","175489","20220615193000","596","0","臺南市","新營區","120.270","23.295","484"
"102","175494","20220615193000","321","0","臺南市","新營區","120.280","23.300","89"
"47","175496","20220615193000","268","0","臺南市","新營區","120.280","23.290","46"
"582","175497","20220615193000","828","0","臺南市","後壁區","120.360","23.370","584"
"2590","175499","20220615193000","2349","1","臺南市","後壁區","120.370","23.370","2522"
"1531","175523","20220615193000","1287","1","臺南市","後壁區","120.395","23.370","1590"
"1206","175546","20220615193000","874","2","臺南市","新營區","120.310","23.300","1238"
"2445","175547","20220615193000","1807","2","臺南市","新營區","120.315","23.310","2316"
"2428","175548","20220615193000","2343","1","臺南市","新營區","120.315","23.315","2518"
"139","175564","20220615193000","299","0","臺南市","後壁區","120.355","23.365","158"
"478","175571","20220615193000","2216","0","臺南市","新營區","120.305","23.310","390"
"133","175572","20220615193000","100","2","臺南市","新營區","120.305","23.315","113"
"63","175573","20220615193000","54","1","臺南市","新營區","120.295","23.305","70"
"219","175574","20220615193000","670","0","臺南市","新營區","120.300","23.305","219"
"1790","175576","20220615193000","1019","3","臺南市","新營區","120.300","23.310","1810"
"192","175585","20220615193000","118","3","臺南市","北門區","120.110","23.300","187"
"195","175647","20220615193000","389","0","臺南市","新營區","120.295","23.295","195"
"37","175648","20220615193000","38","0","臺南市","新營區","120.290","23.300","33"
"49","175651","20220615193000","33","2","臺南市","柳營區","120.300","23.295","44"
"118","175653","20220615193000","56","3","臺南市","柳營區","120.310","23.295","90"
"107","175658","20220615193000","108","0","臺南市","新營區","120.285","23.310","108"
"57","175712","20220615193000","155","0","臺南市","白河區","120.430","23.330","57"
"688","175737","20220615193000","349","3","臺南市","白河區","120.430","23.355","715"
"29","175874","20220615193000","25","1","花蓮縣","卓溪鄉","121.270","23.305","26"
"192","176357","20220615193000","156","2","花蓮縣","玉里鎮","121.300","23.345","183"
"536","176756","20220615193000","368","2","臺南市","新營區","120.325","23.315","511"
"373","176757","20220615193000","306","2","臺南市","新營區","120.330","23.315","368"
"252","176758","20220615193000","183","2","臺南市","新營區","120.325","23.320","275"
"33","176764","20220615193000","47","0","花蓮縣","玉里鎮","121.330","23.300","28"
"27","176769","20220615193000","28","0","臺南市","後壁區","120.340","23.325","25"
"19","176776","20220615193000","34","0","臺南市","後壁區","120.350","23.330","21"
"32","176782","20220615193000","45","0","臺南市","後壁區","120.310","23.335","37"
"280","176798","20220615193000","168","3","臺南市","後壁區","120.350","23.335","276"
"1150","176811","20220615193000","1302","0","臺南市","新營區","120.305","23.300","1226"
"1354","176812","20220615193000","1145","1","臺南市","新營區","120.315","23.305","1377"
"38","176814","20220615193000","14","3","臺南市","東山區","120.385","23.310","28"
"963","176863","20220615193000","779","2","臺南市","東山區","120.405","23.320","973"
"222","176885","20220615193000","201","1","臺南市","東山區","120.405","23.325","243"
"211","176921","20220615193000","303","0","臺南市","東山區","120.390","23.295","217"
"488","176933","20220615193000","439","1","臺南市","東山區","120.415","23.300","479"
"260","176942","20220615193000","210","2","臺南市","東山區","120.345","23.300","111"
"789","176986","20220615193000","470","3","臺南市","白河區","120.395","23.340","717"
"229","176994","20220615193000","80","3","臺南市","白河區","120.400","23.350","216"
"831","177006","20220615193000","814","1","臺南市","鹽水區","120.270","23.325","785"
"808","177007","20220615193000","653","2","嘉義縣","義竹鄉","120.255","23.330","787"
"542","177010","20220615193000","458","1","臺南市","鹽水區","120.270","23.330","584"
"186","177054","20220615193000","135","2","臺東縣","長濱鄉","121.470","23.355","172"
"23","177169","20220615193000","55","0","花蓮縣","玉里鎮","121.370","23.350","25"
"1683","177425","20220615193000","922","3","臺南市","新營區","120.315","23.300","1668"
"541","177432","20220615193000","332","3","臺南市","鹽水區","120.280","23.330","349"
"364","177436","20220615193000","244","2","臺南市","鹽水區","120.290","23.335","333"
"1104","177466","20220615193000","871","2","臺南市","鹽水區","120.270","23.310","1138"
"550","177467","20220615193000","540","1","臺南市","新營區","120.275","23.310","576"
"1401","177475","20220615193000","940","2","臺南市","鹽水區","120.265","23.325","1048"
"145","177480","20220615193000","88","3","臺南市","白河區","120.480","23.325","123"
"225","177500","20220615193000","99","3","臺南市","白河區","120.495","23.340","180"
"20","177550","20220615193000","18","1","臺南市","白河區","120.455","23.310","20"
"47","177568","20220615193000","12","3","臺南市","白河區","120.445","23.320","18"
"529","177580","20220615193000","1364","0","臺南市","白河區","120.415","23.350","535"
"214","177585","20220615193000","340","0","臺南市","柳營區","120.340","23.290","272"
"365","177586","20220615193000","196","3","臺南市","柳營區","120.325","23.295","310"
"344","177599","20220615193000","783","0","臺南市","柳營區","120.365","23.295","393"
"98","177602","20220615193000","47","3","臺南市","鹽水區","120.270","23.320","77"
"340","177603","20220615193000","301","1","花蓮縣","玉里鎮","121.320","23.320","364"
"564","177605","20220615193000","443","2","花蓮縣","玉里鎮","121.310","23.325","584"
"270","177606","20220615193000","168","3","花蓮縣","玉里鎮","121.315","23.325","262"
"241","177609","20220615193000","357","0","花蓮縣","玉里鎮","121.310","23.330","223"
"2422","177610","20220615193000","2065","1","花蓮縣","玉里鎮","121.315","23.330","2439"
"1086","177613","20220615193000","1236","0","花蓮縣","玉里鎮","121.315","23.340","1136"
"166","177617","20220615193000","181","0","花蓮縣","玉里鎮","121.320","23.345","161"
"418","177619","20220615193000","475","0","花蓮縣","玉里鎮","121.320","23.330","462"
"180","177624","20220615193000","156","1","花蓮縣","玉里鎮","121.320","23.350","156"
"282","177632","20220615193000","254","1","花蓮縣","卓溪鄉","121.320","23.355","294"
"30","177682","20220615193000","27","1","臺東縣","長濱鄉","121.440","23.325","34"
"67","177742","20220615193000","49","2","臺東縣","長濱鄉","121.425","23.290","58"
"34","177750","20220615193000","25","2","臺東縣","長濱鄉","121.420","23.295","28"
"569","177808","20220615193000","542","1","臺東縣","長濱鄉","121.455","23.315","575"
"206","177813","20220615193000","179","1","臺東縣","長濱鄉","121.460","23.320","201"
"117","177815","20220615193000","93","2","臺東縣","長濱鄉","121.445","23.325","104"
"188","177826","20220615193000","145","2","臺東縣","長濱鄉","121.465","23.335","185"
"1037","178630","20220615193000","687","3","臺南市","鹽水區","120.265","23.320","1048"
"366","178643","20220615193000","233","3","臺南市","新營區","120.305","23.320","311"
"196","178644","20220615193000","143","2","臺南市","新營區","120.310","23.320","207"
"51","178697","20220615193000","41","2","嘉義縣","中埔鄉","120.510","23.345","47"
"19","178710","20220615193000","15","2","嘉義縣","中埔鄉","120.520","23.350","13"
"453","178722","20220615193000","115","3","嘉義縣","中埔鄉","120.540","23.355","331"
"110","178756","20220615193000","69","3","嘉義縣","中埔鄉","120.495","23.370","115"
"13","178763","20220615193000","20","0","臺南市","鹽水區","120.245","23.295","10"
"497","178768","20220615193000","257","3","臺南市","鹽水區","120.260","23.295","437"
"16","178877","20220615193000","39","0","嘉義縣","布袋鎮","120.195","23.370","15"
"261","178886","20220615193000","156","3","嘉義縣","布袋鎮","120.140","23.335","270"
"571","178930","20220615193000","186","3","嘉義縣","布袋鎮","120.160","23.320","547"
"924","178938","20220615193000","1053","0","嘉義縣","布袋鎮","120.165","23.325","1039"
"85","178970","20220615193000","51","3","嘉義縣","大埔鄉","120.625","23.300","79"
"24","178978","20220615193000","15","3","嘉義縣","大埔鄉","120.605","23.305","28"
"87","179106","20220615193000","76","1","嘉義縣","大埔鄉","120.590","23.295","73"
"479","179113","20220615193000","528","0","嘉義縣","大埔鄉","120.595","23.295","513"
"144","179189","20220615193000","114","2","嘉義縣","大埔鄉","120.570","23.330","124"
"39","179210","20220615193000","26","3","嘉義縣","大埔鄉","120.555","23.340","32"
"35","179249","20220615193000","16","3","嘉義縣","大埔鄉","120.585","23.360","27"
"38","179312","20220615193000","32","1","嘉義縣","番路鄉","120.605","23.355","34"
"214","179320","20220615193000","95","3","嘉義縣","番路鄉","120.590","23.360","173"
"1285","179352","20220615193000","1274","1","嘉義縣","義竹鄉","120.250","23.340","1309"
"627","179448","20220615193000","660","0","嘉義縣","義竹鄉","120.240","23.335","662"
"122","179461","20220615193000","96","2","嘉義縣","義竹鄉","120.245","23.335","117"
"686","179521","20220615193000","435","3","嘉義縣","義竹鄉","120.195","23.305","709"
"26","179523","20220615193000","13","3","嘉義縣","義竹鄉","120.205","23.305","22"
"41","179646","20220615193000","30","2","嘉義縣","阿里山鄉","120.680","23.335","40"
"64","179666","20220615193000","51","2","嘉義縣","阿里山鄉","120.680","23.340","75"
"78","179747","20220615193000","91","0","嘉義縣","阿里山鄉","120.665","23.300","95"
"61","179773","20220615193000","67","0","嘉義縣","阿里山鄉","120.695","23.305","58"
"45","179780","20220615193000","35","2","嘉義縣","阿里山鄉","120.665","23.310","51"
"1037","179845","20220615193000","726","2","嘉義縣","義竹鄉","120.225","23.320","1026"
"1105","179874","20220615193000","697","3","嘉義縣","義竹鄉","120.190","23.335","1107"
"541","179880","20220615193000","539","1","嘉義縣","義竹鄉","120.230","23.360","541"
"148","179883","20220615193000","76","3","嘉義縣","義竹鄉","120.245","23.360","102"
"724","179922","20220615193000","670","1","嘉義縣","義竹鄉","120.220","23.360","737"
"198","179933","20220615193000","128","3","嘉義縣","義竹鄉","120.210","23.300","221"
"658","179945","20220615193000","542","2","嘉義縣","義竹鄉","120.270","23.360","683"
"173","180132","20220615193000","309","0","澎湖縣","望安鄉","119.520","23.365","200"
"128","180802","20220615193000","196","0","嘉義縣","布袋鎮","120.140","23.375","123"
"93","180804","20220615193000","68","2","臺東縣","長濱鄉","121.475","23.380","113"
"140","181221","20220615193000","123","1","澎湖縣","望安鄉","119.495","23.380","130"
"205","185223","20220615193000","180","1","嘉義縣","東石鄉","120.135","23.450","168"
"973","185452","20220615193000","1105","0","嘉義市","東區","120.455","23.450","1123"
"1055","185456","20220615193000","1092","0","嘉義縣","水上鄉","120.430","23.450","1013"
"111","185475","20220615193000","104","1","澎湖縣","望安鄉","119.320","23.395","99"
"26","185483","20220615193000","26","1","花蓮縣","玉里鎮","121.350","23.440","18"
"67","185491","20220615193000","62","1","花蓮縣","瑞穗鄉","121.350","23.450","76"
"199","185499","20220615193000","746","0","臺南市","白河區","120.405","23.395","206"
"25","185543","20220615193000","16","3","花蓮縣","玉里鎮","121.390","23.380","16"
"316","185546","20220615193000","253","2","花蓮縣","玉里鎮","121.355","23.385","313"
"13","185565","20220615193000","14","0","花蓮縣","玉里鎮","121.395","23.390","21"
"63","185576","20220615193000","29","3","花蓮縣","玉里鎮","121.355","23.395","73"
"58","185590","20220615193000","56","1","花蓮縣","玉里鎮","121.365","23.405","60"
"195","185598","20220615193000","317","0","臺南市","白河區","120.415","23.380","191"
"335","185635","20220615193000","383","0","臺南市","後壁區","120.380","23.390","347"
"772","185683","20220615193000","899","0","臺南市","後壁區","120.340","23.380","797"
"248","185698","20220615193000","138","3","臺南市","白河區","120.480","23.385","249"
"148","186808","20220615193000","130","1","花蓮縣","卓溪鄉","121.315","23.435","157"
"272","186812","20220615193000","236","1","花蓮縣","卓溪鄉","121.335","23.435","310"
"88","186826","20220615193000","59","2","花蓮縣","卓溪鄉","121.340","23.440","70"
"43","186875","20220615193000","34","2","臺南市","後壁區","120.335","23.380","30"
"42","186914","20220615193000","26","3","臺南市","白河區","120.445","23.380","44"
"101","186915","20220615193000","420","0","臺南市","白河區","120.450","23.380","85"
"316","186921","20220615193000","193","3","臺南市","白河區","120.435","23.390","328"
"23","187008","20220615193000","19","2","臺東縣","長濱鄉","121.480","23.395","19"
"206","187061","20220615193000","179","1","花蓮縣","玉里鎮","121.320","23.395","208"
"141","187086","20220615193000","108","2","花蓮縣","玉里鎮","121.340","23.415","125"
"176","187099","20220615193000","81","3","花蓮縣","玉里鎮","121.345","23.425","165"
"146","187105","20220615193000","129","1","花蓮縣","玉里鎮","121.345","23.430","163"
"17","187111","20220615193000","19","0","花蓮縣","玉里鎮","121.350","23.435","14"
"149","187173","20220615193000","110","2","花蓮縣","玉里鎮","121.395","23.450","143"
"11","187199","20220615193000","11","1","花蓮縣","玉里鎮","121.390","23.395","11"
"326","187253","20220615193000","255","2","花蓮縣","玉里鎮","121.375","23.425","338"
"401","187296","20220615193000","328","2","臺南市","白河區","120.440","23.400","381"
"179","187322","20220615193000","146","2","花蓮縣","玉里鎮","121.330","23.375","168"
"228","187339","20220615193000","132","3","花蓮縣","玉里鎮","121.325","23.390","245"
"20","187385","20220615193000","27","0","臺東縣","長濱鄉","121.465","23.405","19"
"54","187398","20220615193000","50","1","臺東縣","長濱鄉","121.470","23.410","54"
"197","187401","20220615193000","113","3","臺東縣","長濱鄉","121.485","23.410","181"
"577","188051","20220615193000","581","0","嘉義縣","中埔鄉","120.520","23.430","536"
"322","188063","20220615193000","291","1","嘉義縣","中埔鄉","120.560","23.435","325"
"673","188064","20220615193000","1048","0","嘉義縣","中埔鄉","120.520","23.420","730"
"428","188069","20220615193000","247","3","嘉義縣","中埔鄉","120.520","23.425","462"
"150","188090","20220615193000","92","3","嘉義縣","中埔鄉","120.510","23.400","131"
"67","188129","20220615193000","349","0","嘉義縣","中埔鄉","120.460","23.445","34"
"432","188131","20220615193000","290","2","嘉義縣","中埔鄉","120.460","23.450","436"
"599","188132","20220615193000","437","2","嘉義縣","中埔鄉","120.470","23.450","593"
"598","188133","20220615193000","697","0","嘉義縣","中埔鄉","120.475","23.450","586"
"1270","188134","20220615193000","1526","0","嘉義縣","中埔鄉","120.465","23.450","1423"
"417","188136","20220615193000","242","3","嘉義縣","中埔鄉","120.485","23.450","315"
"1201","188141","20220615193000","1248","0","嘉義縣","中埔鄉","120.450","23.435","1286"
"575","188144","20220615193000","409","2","嘉義縣","中埔鄉","120.455","23.445","545"
"421","188147","20220615193000","429","0","嘉義縣","中埔鄉","120.480","23.440","448"
"35","188154","20220615193000","137","0","嘉義縣","中埔鄉","120.490","23.445","28"
"575","188193","20220615193000","561","1","嘉義縣","中埔鄉","120.520","23.385","640"
"188","188241","20220615193000","139","2","嘉義縣","中埔鄉","120.580","23.425","193"
"202","188261","20220615193000","148","2","嘉義縣","中埔鄉","120.540","23.390","217"
"18","188280","20220615193000","72","0","嘉義縣","中埔鄉","120.575","23.380","86"
"51","188314","20220615193000","42","2","嘉義縣","中埔鄉","120.590","23.395","58"
"439","188331","20220615193000","455","0","嘉義縣","中埔鄉","120.555","23.405","450"
"47","188335","20220615193000","12","3","嘉義縣","中埔鄉","120.575","23.405","40"
"852","188368","20220615193000","699","2","嘉義縣","中埔鄉","120.540","23.440","826"
"303","188369","20220615193000","236","2","嘉義縣","中埔鄉","120.545","23.440","290"
"273","188382","20220615193000","216","2","嘉義縣","中埔鄉","120.565","23.445","249"
"495","188390","20220615193000","404","2","嘉義縣","中埔鄉","120.530","23.440","436"
"597","188399","20220615193000","352","3","嘉義縣","中埔鄉","120.535","23.450","556"
"229","188417","20220615193000","319","0","嘉義縣","中埔鄉","120.510","23.435","271"
"680","188421","20220615193000","438","3","嘉義縣","中埔鄉","120.510","23.440","599"
"683","188422","20220615193000","707","0","嘉義縣","中埔鄉","120.495","23.445","722"
"373","188442","20220615193000","401","0","嘉義縣","中埔鄉","120.515","23.410","404"
"232","188445","20220615193000","268","0","嘉義縣","中埔鄉","120.530","23.410","249"
"349","188457","20220615193000","391","0","嘉義縣","中埔鄉","120.505","23.425","366"
"33","188462","20220615193000","27","2","嘉義縣","中埔鄉","120.505","23.375","29"
"154","188463","20220615193000","96","3","嘉義縣","中埔鄉","120.510","23.375","149"
"355","188469","20220615193000","391","0","嘉義縣","鹿草鄉","120.315","23.390","393"
"24","188471","20220615193000","14","3","嘉義縣","鹿草鄉","120.315","23.395","16"
"437","188493","20220615193000","423","1","嘉義縣","鹿草鄉","120.320","23.420","422"
"301","188498","20220615193000","170","3","嘉義縣","鹿草鄉","120.320","23.425","288"
"1111","188503","20220615193000","1044","1","嘉義縣","鹿草鄉","120.315","23.410","1151"
"285","188507","20220615193000","117","3","嘉義縣","太保市","120.335","23.430","258"
"283","188508","20220615193000","145","3","嘉義縣","太保市","120.340","23.430","261"
"107","188510","20220615193000","72","2","嘉義縣","鹿草鄉","120.350","23.430","103"
"60","188516","20220615193000","229","0","嘉義縣","太保市","120.340","23.440","56"
"646","188554","20220615193000","429","3","嘉義縣","鹿草鄉","120.340","23.400","601"
"300","188555","20220615193000","236","2","嘉義縣","鹿草鄉","120.290","23.375","307"
"73","188574","20220615193000","340","0","嘉義縣","朴子市","120.245","23.415","66"
"98","188579","20220615193000","351","0","嘉義縣","水上鄉","120.355","23.410","93"
"173","188626","20220615193000","128","2","嘉義縣","鹿草鄉","120.345","23.405","167"
"217","188631","20220615193000","172","2","嘉義縣","鹿草鄉","120.330","23.410","237"
"649","188646","20220615193000","129","3","嘉義縣","朴子市","120.290","23.445","579"
"263","188650","20220615193000","85","3","嘉義縣","朴子市","120.280","23.450","208"
"687","188654","20220615193000","755","0","嘉義縣","布袋鎮","120.170","23.375","719"
"229","188666","20220615193000","129","3","嘉義縣","布袋鎮","120.220","23.390","213"
"186","188716","20220615193000","147","2","嘉義縣","阿里山鄉","120.715","23.390","174"
"295","188874","20220615193000","872","0","嘉義縣","太保市","120.345","23.450","346"
"73","188885","20220615193000","317","0","嘉義縣","太保市","120.320","23.445","77"
"139","188892","20220615193000","360","0","嘉義縣","太保市","120.340","23.450","173"
"162","188897","20220615193000","88","3","嘉義縣","朴子市","120.235","23.440","159"
"30","188921","20220615193000","16","3","嘉義縣","朴子市","120.240","23.450","27"
"181","188949","20220615193000","118","3","嘉義縣","朴子市","120.255","23.410","184"
"540","188956","20220615193000","371","2","嘉義縣","朴子市","120.260","23.420","555"
"107","188966","20220615193000","104","1","嘉義縣","東石鄉","120.145","23.455","108"
"473","188983","20220615193000","293","3","嘉義縣","布袋鎮","120.190","23.375","452"
"112","189028","20220615193000","291","0","嘉義縣","太保市","120.295","23.440","126"
"274","189044","20220615193000","150","3","嘉義縣","東石鄉","120.170","23.430","234"
"186","189051","20220615193000","144","2","嘉義縣","東石鄉","120.180","23.440","201"
"72","189105","20220615193000","145","0","嘉義縣","東石鄉","120.185","23.450","86"
"98","189112","20220615193000","259","0","嘉義縣","東石鄉","120.200","23.455","81"
"673","189144","20220615193000","431","3","嘉義縣","布袋鎮","120.165","23.375","618"
"77","189152","20220615193000","313","0","嘉義縣","東石鄉","120.205","23.425","74"
"333","189184","20220615193000","164","3","嘉義縣","水上鄉","120.410","23.430","280"
"51","189187","20220615193000","253","0","嘉義縣","水上鄉","120.415","23.430","41"
"621","189189","20220615193000","541","1","嘉義縣","水上鄉","120.415","23.435","644"
"323","189192","20220615193000","222","2","嘉義縣","水上鄉","120.420","23.440","304"
"706","189195","20220615193000","643","1","嘉義縣","布袋鎮","120.180","23.375","741"
"132","189210","20220615193000","148","0","嘉義縣","布袋鎮","120.200","23.400","110"
"195","189224","20220615193000","95","3","嘉義縣","水上鄉","120.435","23.430","196"
"156","189225","20220615193000","141","1","嘉義縣","水上鄉","120.420","23.430","174"
"805","189233","20220615193000","522","3","嘉義縣","水上鄉","120.425","23.440","849"
"73","189242","20220615193000","175","0","嘉義縣","水上鄉","120.370","23.415","66"
"189","189246","20220615193000","205","0","嘉義縣","水上鄉","120.370","23.420","172"
"96","189248","20220615193000","212","0","嘉義縣","水上鄉","120.360","23.425","87"
"268","189268","20220615193000","323","0","嘉義縣","水上鄉","120.495","23.400","286"
"140","189286","20220615193000","66","3","嘉義縣","水上鄉","120.450","23.415","102"
"208","189288","20220615193000","209","0","嘉義縣","水上鄉","120.460","23.415","198"
"96","189292","20220615193000","58","3","嘉義縣","水上鄉","120.450","23.420","93"
"72","189296","20220615193000","82","0","嘉義縣","水上鄉","120.410","23.445","73"
"610","189322","20220615193000","463","2","嘉義縣","水上鄉","120.370","23.440","538"
"200","189337","20220615193000","579","0","嘉義縣","水上鄉","120.360","23.445","211"
"223","189343","20220615193000","212","1","嘉義縣","水上鄉","120.425","23.445","220"
"1062","189344","20220615193000","740","2","嘉義縣","水上鄉","120.430","23.445","1044"
"168","189349","20220615193000","63","3","嘉義縣","水上鄉","120.435","23.415","129"
"480","189350","20220615193000","381","2","嘉義縣","水上鄉","120.430","23.420","495"
"667","189351","20220615193000","650","1","嘉義縣","水上鄉","120.435","23.420","749"
"132","189364","20220615193000","62","3","嘉義縣","布袋鎮","120.150","23.375","116"
"329","189365","20220615193000","305","1","嘉義縣","布袋鎮","120.155","23.375","336"
"233","189369","20220615193000","127","3","嘉義縣","布袋鎮","120.150","23.380","220"
"506","189370","20220615193000","296","3","嘉義縣","布袋鎮","120.155","23.380","471"
"116","189382","20220615193000","819","0","嘉義縣","水上鄉","120.470","23.435","109"
"217","189385","20220615193000","199","1","嘉義縣","水上鄉","120.385","23.405","202"
"66","189387","20220615193000","82","0","嘉義縣","水上鄉","120.390","23.410","73"
"454","189388","20220615193000","216","3","嘉義縣","水上鄉","120.385","23.415","351"
"360","189389","20220615193000","473","0","嘉義縣","水上鄉","120.385","23.420","352"
"15","189392","20220615193000","16","0","嘉義縣","水上鄉","120.405","23.450","19"
"510","189393","20220615193000","395","2","嘉義縣","水上鄉","120.435","23.445","499"
"245","189396","20220615193000","370","0","嘉義縣","水上鄉","120.400","23.425","210"
"145","189397","20220615193000","375","0","嘉義縣","水上鄉","120.395","23.430","156"
"1312","189399","20220615193000","1373","0","嘉義縣","水上鄉","120.400","23.430","1309"
"243","189411","20220615193000","298","0","嘉義縣","水上鄉","120.390","23.425","243"
"116","189413","20220615193000","804","0","嘉義縣","水上鄉","120.395","23.435","108"
"517","189416","20220615193000","574","0","嘉義縣","水上鄉","120.400","23.435","467"
"365","189439","20220615193000","337","1","嘉義縣","水上鄉","120.420","23.420","350"
"42","189459","20220615193000","64","0","嘉義縣","水上鄉","120.385","23.425","56"
"347","189461","20220615193000","369","0","嘉義縣","水上鄉","120.380","23.430","376"
"222","189463","20220615193000","326","0","嘉義縣","水上鄉","120.390","23.430","246"
"906","189474","20220615193000","800","1","嘉義縣","鹿草鄉","120.295","23.380","926"
"174","189491","20220615193000","159","1","嘉義縣","鹿草鄉","120.270","23.395","192"
"354","189518","20220615193000","222","3","嘉義縣","鹿草鄉","120.305","23.415","321"
"77","189555","20220615193000","210","0","嘉義縣","鹿草鄉","120.285","23.435","79"
"117","189575","20220615193000","282","0","嘉義縣","朴子市","120.245","23.430","115"
"701","189579","20220615193000","482","2","嘉義縣","朴子市","120.245","23.435","640"
"251","189583","20220615193000","207","2","嘉義縣","朴子市","120.250","23.440","234"
"1542","189591","20220615193000","1472","1","嘉義縣","東石鄉","120.180","23.420","1563"
"267","189607","20220615193000","255","1","嘉義縣","番路鄉","120.660","23.420","247"
"120","189608","20220615193000","91","2","嘉義縣","番路鄉","120.650","23.425","126"
"13","189629","20220615193000","18","0","嘉義縣","番路鄉","120.635","23.440","11"
"33","189630","20220615193000","86","0","嘉義縣","番路鄉","120.640","23.440","36"
"141","189633","20220615193000","113","2","嘉義縣","番路鄉","120.655","23.440","138"
"24","189645","20220615193000","27","0","嘉義縣","番路鄉","120.645","23.440","26"
"192","189663","20220615193000","166","1","嘉義縣","番路鄉","120.670","23.445","171"
"187","189673","20220615193000","110","3","嘉義縣","番路鄉","120.645","23.400","198"
"67","189685","20220615193000","32","3","嘉義縣","番路鄉","120.650","23.405","71"
"31","189703","20220615193000","23","2","嘉義縣","番路鄉","120.640","23.415","28"
"62","189705","20220615193000","38","3","嘉義縣","番路鄉","120.605","23.420","48"
"41","189724","20220615193000","30","2","嘉義縣","番路鄉","120.610","23.430","25"
"37","189740","20220615193000","17","3","嘉義縣","番路鄉","120.610","23.445","21"
"91","189756","20220615193000","70","2","嘉義縣","番路鄉","120.620","23.375","96"
"157","189823","20220615193000","139","1","嘉義縣","番路鄉","120.600","23.435","163"
"11","189824","20220615193000","14","0","嘉義縣","番路鄉","120.605","23.435","14"
"192","189837","20220615193000","169","1","嘉義縣","番路鄉","120.580","23.450","226"
"279","189852","20220615193000","227","2","嘉義縣","布袋鎮","120.170","23.385","334"
"153","189978","20220615193000","124","2","嘉義縣","阿里山鄉","120.665","23.380","158"
"124","190321","20220615193000","109","1","嘉義縣","阿里山鄉","120.750","23.440","100"
"79","190374","20220615193000","44","3","嘉義縣","阿里山鄉","120.755","23.450","44"
"175","190402","20220615193000","133","2","嘉義縣","義竹鄉","120.245","23.385","163"
"367","190407","20220615193000","259","2","嘉義縣","義竹鄉","120.240","23.375","369"
"125","192504","20220615193000","110","1","澎湖縣","馬公市","119.515","23.485","114"
"238","192620","20220615193000","258","0","嘉義縣","東石鄉","120.165","23.490","271"
"134","192621","20220615193000","86","3","花蓮縣","豐濱鄉","121.510","23.490","127"
"22","194053","20220615193000","115","0","澎湖縣","馬公市","119.515","23.510","36"
"338","194584","20220615193000","327","1","澎湖縣","馬公市","119.595","23.520","319"
"296","194849","20220615193000","278","1","澎湖縣","馬公市","119.580","23.525","322"
"285","194852","20220615193000","66","3","澎湖縣","馬公市","119.595","23.525","209"
"1501","194945","20220615193000","1004","2","嘉義市","東區","120.455","23.495","1448"
"350","194952","20220615193000","196","3","嘉義市","東區","120.485","23.460","361"
"87","194954","20220615193000","69","2","嘉義市","東區","120.495","23.460","70"
"281","194959","20220615193000","559","0","嘉義市","東區","120.485","23.470","210"
"90","194963","20220615193000","344","0","嘉義市","東區","120.490","23.475","90"
"640","194965","20220615193000","1069","0","嘉義市","西區","120.435","23.460","644"
"901","194966","20220615193000","1451","0","嘉義市","西區","120.440","23.460","815"
"477","194967","20220615193000","333","2","嘉義市","西區","120.445","23.460","501"
"176","194968","20220615193000","263","0","嘉義市","西區","120.440","23.475","189"
"918","194969","20220615193000","604","3","嘉義市","西區","120.440","23.490","958"
"1989","194970","20220615193000","1788","1","嘉義市","東區","120.460","23.480","1879"
"1182","194971","20220615193000","1185","0","嘉義市","東區","120.450","23.480","1177"
"1016","194972","20220615193000","813","2","嘉義市","東區","120.450","23.490","1078"
"772","194973","20220615193000","2582","0","嘉義市","東區","120.450","23.495","649"
"1201","194974","20220615193000","1051","1","嘉義市","西區","120.415","23.485","1248"
"665","194975","20220615193000","949","0","嘉義市","西區","120.405","23.490","648"
"1188","194980","20220615193000","2398","0","嘉義市","西區","120.425","23.475","1252"
"634","194981","20220615193000","887","0","嘉義市","西區","120.430","23.470","656"
"122","194985","20220615193000","1607","0","嘉義市","東區","120.470","23.490","122"
"412","194986","20220615193000","350","1","嘉義市","東區","120.470","23.495","454"
"423","194988","20220615193000","343","2","嘉義市","東區","120.480","23.495","401"
"1217","194993","20220615193000","1093","1","嘉義市","東區","120.450","23.500","1201"
"94","194994","20220615193000","594","0","嘉義市","東區","120.450","23.505","69"
"664","194995","20220615193000","576","1","嘉義市","東區","120.455","23.505","751"
"216","194996","20220615193000","254","0","嘉義市","東區","120.445","23.510","233"
"536","195001","20220615193000","1230","0","嘉義市","東區","120.485","23.485","466"
"399","195002","20220615193000","316","2","嘉義市","東區","120.490","23.480","443"
"1808","195003","20220615193000","1495","2","嘉義市","東區","120.455","23.490","1774"
"3583","195004","20220615193000","3952","0","嘉義市","東區","120.455","23.480","3281"
"616","195006","20220615193000","313","3","嘉義市","西區","120.420","23.480","488"
"771","195007","20220615193000","905","0","嘉義市","西區","120.430","23.480","869"
"544","195008","20220615193000","398","2","嘉義市","西區","120.420","23.490","531"
"882","195009","20220615193000","2335","0","嘉義市","西區","120.430","23.465","890"
"1425","195011","20220615193000","1109","2","嘉義市","西區","120.425","23.485","1434"
"989","195012","20220615193000","2320","0","嘉義市","西區","120.435","23.480","1001"
"1676","195013","20220615193000","2218","0","嘉義市","西區","120.430","23.485","1637"
"52","195015","20220615193000","38","2","嘉義市","西區","120.395","23.490","42"
"157","195016","20220615193000","141","1","嘉義市","西區","120.400","23.490","170"
"42","195017","20220615193000","44","0","嘉義市","西區","120.390","23.495","34"
"2180","195022","20220615193000","1776","2","嘉義市","西區","120.440","23.480","2089"
"550","195024","20220615193000","343","3","嘉義市","西區","120.430","23.495","592"
"1062","195025","20220615193000","1388","0","嘉義市","西區","120.425","23.490","1184"
"2650","195033","20220615193000","1772","2","嘉義市","東區","120.450","23.475","2416"
"1612","195036","20220615193000","809","3","嘉義市","東區","120.450","23.460","1628"
"2691","195037","20220615193000","1788","3","嘉義市","東區","120.455","23.455","2594"
"153","195038","20220615193000","2087","0","嘉義市","西區","120.435","23.470","150"
"291","195039","20220615193000","204","2","嘉義市","西區","120.430","23.455","287"
"50","195040","20220615193000","426","0","嘉義市","西區","120.430","23.460","39"
"149","195041","20220615193000","1295","0","嘉義市","西區","120.440","23.485","124"
"209","195042","20220615193000","152","2","嘉義市","西區","120.395","23.465","175"
"380","195047","20220615193000","238","3","嘉義市","西區","120.405","23.470","382"
"449","195049","20220615193000","361","2","嘉義市","西區","120.405","23.475","389"
"120","195053","20220615193000","948","0","嘉義市","西區","120.445","23.500","91"
"1630","195054","20220615193000","1554","1","嘉義市","東區","120.465","23.490","1572"
"23","195055","20220615193000","14","3","嘉義市","東區","120.465","23.495","23"
"802","195056","20220615193000","528","3","嘉義市","東區","120.460","23.470","765"
"2002","195057","20220615193000","1249","3","嘉義市","東區","120.470","23.480","2078"
"145","195058","20220615193000","1251","0","嘉義市","東區","120.465","23.475","79"
"2190","195060","20220615193000","1946","1","嘉義市","西區","120.435","23.475","2167"
"1779","195061","20220615193000","1183","3","嘉義市","西區","120.440","23.465","1779"
"33","195062","20220615193000","660","0","嘉義市","西區","120.450","23.465","31"
"1461","195064","20220615193000","2335","0","嘉義市","西區","120.440","23.470","1417"
"64","195065","20220615193000","60","1","嘉義市","東區","120.455","23.485","51"
"98","195066","20220615193000","1068","0","嘉義市","東區","120.450","23.485","71"
"711","195069","20220615193000","556","2","嘉義市","西區","120.415","23.475","576"
"1383","195073","20220615193000","2823","0","嘉義市","西區","120.440","23.455","1445"
"3404","195075","20220615193000","3276","1","嘉義市","西區","120.445","23.475","3482"
"2390","195076","20220615193000","2289","1","嘉義市","東區","120.465","23.465","1936"
"1306","195083","20220615193000","619","3","嘉義市","東區","120.445","23.515","1157"
"518","195084","20220615193000","1499","0","嘉義市","東區","120.465","23.480","505"
"594","195086","20220615193000","791","0","嘉義市","東區","120.480","23.465","568"
"1032","195090","20220615193000","754","2","嘉義市","東區","120.475","23.475","1091"
"60","195093","20220615193000","749","0","嘉義市","東區","120.470","23.485","44"
"810","195094","20220615193000","448","3","嘉義市","東區","120.475","23.485","779"
"62","195098","20220615193000","36","3","嘉義市","東區","120.500","23.475","26"
"21","195100","20220615193000","394","0","嘉義市","東區","120.485","23.480","13"
"592","195103","20220615193000","380","3","嘉義市","東區","120.500","23.480","645"
"449","195108","20220615193000","302","2","嘉義市","東區","120.490","23.485","473"
"47","195109","20220615193000","21","3","嘉義市","東區","120.495","23.485","44"
"104","195113","20220615193000","917","0","嘉義市","東區","120.470","23.475","71"
"830","195114","20220615193000","494","3","嘉義市","東區","120.455","23.500","835"
"127","195115","20220615193000","70","3","嘉義市","東區","120.475","23.490","135"
"710","195118","20220615193000","569","2","嘉義市","東區","120.480","23.490","716"
"1364","195120","20220615193000","2617","0","嘉義市","東區","120.455","23.475","1196"
"1130","195121","20220615193000","1453","0","嘉義市","西區","120.430","23.490","1185"
"129","195122","20220615193000","905","0","嘉義市","西區","120.435","23.485","102"
"161","195123","20220615193000","941","0","嘉義市","西區","120.435","23.490","152"
"623","195124","20220615193000","700","0","嘉義市","西區","120.450","23.470","655"
"957","195127","20220615193000","495","3","嘉義市","東區","120.470","23.470","837"
"56","195128","20220615193000","785","0","嘉義市","東區","120.475","23.480","49"
"531","195129","20220615193000","465","1","嘉義市","東區","120.465","23.485","475"
"46","195131","20220615193000","55","0","嘉義市","東區","120.480","23.480","46"
"911","195133","20220615193000","687","2","嘉義市","東區","120.460","23.490","870"
"76","195139","20220615193000","426","0","嘉義市","西區","120.405","23.480","65"
"386","195147","20220615193000","237","3","嘉義市","西區","120.415","23.465","390"
"109","195148","20220615193000","1442","0","嘉義市","西區","120.420","23.465","73"
"825","195150","20220615193000","616","2","嘉義市","西區","120.415","23.470","800"
"150","195151","20220615193000","165","0","嘉義市","西區","120.420","23.470","138"
"1022","195154","20220615193000","514","3","嘉義市","西區","120.440","23.495","1085"
"128","195158","20220615193000","98","2","嘉義市","東區","120.430","23.505","134"
"240","195159","20220615193000","169","2","嘉義市","西區","120.435","23.505","256"
"1127","195160","20220615193000","1258","0","嘉義市","西區","120.445","23.485","1244"
"1958","195161","20220615193000","1156","3","嘉義市","東區","120.460","23.465","1930"
"717","195162","20220615193000","1425","0","嘉義市","西區","120.445","23.470","705"
"395","195164","20220615193000","309","2","嘉義市","西區","120.425","23.465","340"
"73","195165","20220615193000","99","0","嘉義市","西區","120.425","23.480","60"
"2208","195166","20220615193000","1752","2","嘉義市","西區","120.445","23.480","2035"
"653","195167","20220615193000","707","0","嘉義市","東區","120.460","23.455","752"
"320","195169","20220615193000","221","2","嘉義市","東區","120.465","23.460","318"
"1982","195170","20220615193000","1448","2","嘉義市","東區","120.455","23.465","1966"
"773","195171","20220615193000","636","2","嘉義市","東區","120.455","23.470","787"
"525","195183","20220615193000","402","2","澎湖縣","馬公市","119.590","23.515","470"
"316","195202","20220615193000","207","3","澎湖縣","馬公市","119.605","23.525","293"
"264","195219","20220615193000","244","1","花蓮縣","瑞穗鄉","121.375","23.495","241"
"57","195220","20220615193000","102","0","花蓮縣","瑞穗鄉","121.375","23.500","64"
"422","195222","20220615193000","404","1","花蓮縣","瑞穗鄉","121.375","23.505","427"
"261","195231","20220615193000","224","1","花蓮縣","瑞穗鄉","121.390","23.490","296"
"1433","195232","20220615193000","1249","1","花蓮縣","瑞穗鄉","121.380","23.495","1459"
"71","195268","20220615193000","62","1","花蓮縣","瑞穗鄉","121.355","23.465","80"
"71","195289","20220615193000","79","0","花蓮縣","瑞穗鄉","121.360","23.475","82"
"353","195291","20220615193000","291","2","花蓮縣","瑞穗鄉","121.370","23.475","346"
"38","195336","20220615193000","29","2","花蓮縣","瑞穗鄉","121.390","23.520","34"
"27","195346","20220615193000","23","1","花蓮縣","瑞穗鄉","121.390","23.525","25"
"16","195428","20220615193000","18","0","花蓮縣","瑞穗鄉","121.435","23.490","15"
"76","195430","20220615193000","46","3","花蓮縣","瑞穗鄉","121.445","23.490","68"
"206","196332","20220615193000","171","2","花蓮縣","瑞穗鄉","121.375","23.515","192"
"65","196345","20220615193000","50","2","花蓮縣","瑞穗鄉","121.360","23.480","66"
"251","196360","20220615193000","305","0","花蓮縣","瑞穗鄉","121.355","23.490","231"
"325","196364","20220615193000","295","1","花蓮縣","瑞穗鄉","121.375","23.490","346"
"72","196368","20220615193000","57","2","花蓮縣","瑞穗鄉","121.360","23.495","55"
"171","196453","20220615193000","152","1","花蓮縣","卓溪鄉","121.325","23.490","167"
"277","196567","20220615193000","186","2","花蓮縣","豐濱鄉","121.505","23.470","285"
"75","196575","20220615193000","39","3","花蓮縣","豐濱鄉","121.505","23.475","85"
"81","196592","20220615193000","45","3","花蓮縣","豐濱鄉","121.510","23.480","54"
"62","196639","20220615193000","45","2","花蓮縣","豐濱鄉","121.500","23.455","64"
"218","196667","20220615193000","131","3","花蓮縣","玉里鎮","121.405","23.465","232"
"113","196709","20220615193000","77","2","花蓮縣","玉里鎮","121.395","23.455","136"
"941","196774","20220615193000","606","3","嘉義縣","中埔鄉","120.465","23.455","919"
"1126","196781","20220615193000","1536","0","嘉義縣","民雄鄉","120.430","23.520","1133"
"465","196789","20220615193000","407","1","嘉義縣","民雄鄉","120.440","23.515","482"
"381","196793","20220615193000","226","3","嘉義縣","六腳鄉","120.290","23.520","427"
"662","196815","20220615193000","596","1","嘉義縣","六腳鄉","120.250","23.510","690"
"48","196825","20220615193000","29","3","嘉義縣","六腳鄉","120.225","23.485","42"
"163","196836","20220615193000","90","3","嘉義縣","六腳鄉","120.285","23.500","133"
"254","196856","20220615193000","171","2","雲林縣","水林鄉","120.225","23.505","274"
"122","196879","20220615193000","364","0","嘉義縣","六腳鄉","120.245","23.485","122"
"297","196886","20220615193000","209","2","嘉義縣","民雄鄉","120.415","23.525","320"
"32","196888","20220615193000","28","1","嘉義縣","民雄鄉","120.425","23.525","32"
"129","196895","20220615193000","189","0","嘉義縣","太保市","120.310","23.460","150"
"150","196913","20220615193000","176","0","嘉義縣","新港鄉","120.375","23.515","161"
"400","196921","20220615193000","861","0","嘉義縣","新港鄉","120.380","23.525","374"
"336","196935","20220615193000","304","1","嘉義縣","六腳鄉","120.280","23.505","353"
"606","196963","20220615193000","697","0","嘉義縣","六腳鄉","120.310","23.500","596"
"1038","197018","20220615193000","899","1","嘉義縣","太保市","120.335","23.490","1001"
"699","197019","20220615193000","416","3","嘉義縣","太保市","120.340","23.495","665"
"2601","197036","20220615193000","2175","1","嘉義縣","太保市","120.365","23.500","2755"
"33","197041","20220615193000","137","0","嘉義縣","太保市","120.360","23.510","37"
"1046","197046","20220615193000","596","3","嘉義縣","太保市","120.370","23.500","926"
"19","197053","20220615193000","11","3","嘉義縣","六腳鄉","120.265","23.525","20"
"320","197055","20220615193000","267","1","嘉義縣","六腳鄉","120.275","23.525","376"
"92","197536","20220615193000","87","1","南投縣","信義鄉","120.870","23.470","50"
"26","197634","20220615193000","26","1","南投縣","信義鄉","120.825","23.510","32"
"489","197682","20220615193000","839","0","嘉義縣","民雄鄉","120.440","23.520","496"
"1185","197684","20220615193000","1554","0","嘉義縣","民雄鄉","120.440","23.525","1213"
"1197","197685","20220615193000","1597","0","嘉義縣","民雄鄉","120.445","23.525","1192"
"122","197686","20220615193000","93","2","嘉義縣","民雄鄉","120.450","23.525","95"
"116","197696","20220615193000","56","3","嘉義縣","民雄鄉","120.425","23.510","96"
"535","197703","20220615193000","347","3","嘉義縣","民雄鄉","120.465","23.505","481"
"489","197710","20220615193000","406","2","嘉義縣","民雄鄉","120.475","23.515","512"
"86","197714","20220615193000","85","1","嘉義縣","民雄鄉","120.480","23.520","85"
"135","197719","20220615193000","100","2","雲林縣","水林鄉","120.205","23.530","141"
"546","197727","20220615193000","175","3","嘉義縣","太保市","120.380","23.490","407"
"279","197729","20220615193000","187","2","嘉義縣","太保市","120.370","23.495","288"
"429","197749","20220615193000","108","3","嘉義縣","太保市","120.385","23.480","329"
"2356","197755","20220615193000","1310","3","嘉義縣","朴子市","120.285","23.465","2141"
"502","197756","20220615193000","251","3","嘉義縣","朴子市","120.290","23.465","521"
"88","197762","20220615193000","34","3","嘉義縣","太保市","120.290","23.470","70"
"84","197764","20220615193000","260","0","嘉義縣","太保市","120.290","23.475","80"
"356","197766","20220615193000","131","3","嘉義縣","朴子市","120.240","23.470","277"
"65","197770","20220615193000","83","0","嘉義縣","新港鄉","120.310","23.515","67"
"48","197781","20220615193000","77","0","嘉義縣","新港鄉","120.330","23.520","45"
"124","197788","20220615193000","426","0","嘉義縣","朴子市","120.285","23.455","143"
"51","197789","20220615193000","203","0","嘉義縣","朴子市","120.290","23.455","54"
"500","197794","20220615193000","1005","0","嘉義縣","朴子市","120.285","23.460","492"
"135","197795","20220615193000","295","0","嘉義縣","朴子市","120.290","23.460","118"
"1023","197796","20220615193000","686","2","嘉義縣","朴子市","120.265","23.465","961"
"103","197797","20220615193000","416","0","嘉義縣","朴子市","120.255","23.455","100"
"79","197799","20220615193000","42","3","嘉義縣","朴子市","120.265","23.455","61"
"1014","197800","20220615193000","241","3","嘉義縣","朴子市","120.250","23.460","763"
"179","197802","20220615193000","83","3","嘉義縣","朴子市","120.260","23.460","190"
"579","197804","20220615193000","250","3","嘉義縣","朴子市","120.255","23.465","556"
"153","197820","20220615193000","162","0","嘉義縣","新港鄉","120.365","23.515","191"
"209","197822","20220615193000","306","0","嘉義縣","新港鄉","120.350","23.520","208"
"154","197827","20220615193000","459","0","嘉義縣","新港鄉","120.355","23.520","128"
"65","197830","20220615193000","161","0","嘉義縣","新港鄉","120.330","23.510","56"
"64","197832","20220615193000","55","1","嘉義縣","新港鄉","120.340","23.510","67"
"145","197837","20220615193000","74","3","嘉義縣","新港鄉","120.340","23.515","124"
"51","197862","20220615193000","45","1","嘉義縣","阿里山鄉","120.790","23.505","25"
"162","197867","20220615193000","223","0","嘉義縣","阿里山鄉","120.810","23.515","117"
"108","197868","20220615193000","84","2","嘉義縣","阿里山鄉","120.815","23.515","105"
"521","197899","20220615193000","360","2","嘉義縣","太保市","120.335","23.475","505"
"322","197906","20220615193000","314","1","嘉義縣","太保市","120.345","23.480","291"
"65","197913","20220615193000","157","0","嘉義縣","太保市","120.300","23.465","51"
"26","197924","20220615193000","181","0","嘉義縣","太保市","120.300","23.470","34"
"53","197940","20220615193000","29","3","南投縣","信義鄉","120.890","23.490","39"
"103","198035","20220615193000","114","0","雲林縣","水林鄉","120.230","23.515","108"
"727","198046","20220615193000","442","3","雲林縣","水林鄉","120.230","23.520","679"
"2543","198052","20220615193000","1479","3","嘉義縣","朴子市","120.245","23.470","2325"
"118","198053","20220615193000","540","0","嘉義縣","六腳鄉","120.250","23.470","132"
"362","198057","20220615193000","1318","0","嘉義縣","朴子市","120.245","23.465","307"
"471","198066","20220615193000","1375","0","嘉義縣","朴子市","120.240","23.465","1657"
"974","198068","20220615193000","285","3","嘉義縣","朴子市","120.225","23.460","690"
"527","198071","20220615193000","957","0","嘉義縣","朴子市","120.235","23.465","460"
"619","198076","20220615193000","326","3","嘉義縣","朴子市","120.270","23.480","605"
"113","198087","20220615193000","162","0","嘉義縣","太保市","120.355","23.465","111"
"1761","198089","20220615193000","2618","0","嘉義縣","太保市","120.380","23.500","1854"
"21","198113","20220615193000","85","0","雲林縣","水林鄉","120.225","23.510","16"
"1448","198129","20220615193000","613","3","嘉義縣","太保市","120.325","23.455","1399"
"155","198131","20220615193000","367","0","嘉義縣","太保市","120.335","23.455","151"
"120","198135","20220615193000","299","0","嘉義縣","太保市","120.335","23.460","119"
"184","198141","20220615193000","746","0","嘉義縣","太保市","120.295","23.455","198"
"376","198144","20220615193000","1053","0","嘉義縣","太保市","120.295","23.460","388"
"215","198164","20220615193000","170","2","嘉義縣","東石鄉","120.170","23.480","220"
"17","198175","20220615193000","12","2","嘉義縣","東石鄉","120.195","23.465","11"
"66","198190","20220615193000","58","1","嘉義縣","東石鄉","120.145","23.465","45"
"41","198208","20220615193000","40","1","嘉義縣","梅山鄉","120.710","23.520","28"
"168","198214","20220615193000","133","2","嘉義縣","梅山鄉","120.710","23.525","110"
"784","198237","20220615193000","641","2","嘉義縣","東石鄉","120.170","23.465","740"
"480","198282","20220615193000","466","1","嘉義縣","東石鄉","120.185","23.490","498"
"15","198283","20220615193000","28","0","嘉義縣","東石鄉","120.185","23.495","15"
"967","198309","20220615193000","851","1","嘉義縣","東石鄉","120.150","23.460","941"
"319","198354","20220615193000","173","3","嘉義縣","東石鄉","120.155","23.500","292"
"211","198358","20220615193000","188","1","嘉義縣","東石鄉","120.175","23.500","214"
"86","198378","20220615193000","73","1","嘉義縣","東石鄉","120.160","23.510","94"
"245","198419","20220615193000","214","1","嘉義縣","梅山鄉","120.660","23.525","242"
"69","198450","20220615193000","71","0","嘉義縣","民雄鄉","120.450","23.520","61"
"218","198452","20220615193000","134","3","嘉義縣","民雄鄉","120.460","23.520","204"
"53","198455","20220615193000","56","0","嘉義縣","民雄鄉","120.455","23.525","46"
"362","198456","20220615193000","438","0","嘉義縣","民雄鄉","120.460","23.525","372"
"195","198457","20220615193000","112","3","嘉義縣","民雄鄉","120.450","23.530","186"
"911","198458","20220615193000","501","3","嘉義縣","民雄鄉","120.455","23.530","729"
"548","198459","20220615193000","448","2","嘉義縣","民雄鄉","120.460","23.530","590"
"136","198474","20220615193000","109","2","嘉義縣","民雄鄉","120.475","23.525","133"
"68","198490","20220615193000","144","0","嘉義縣","新港鄉","120.390","23.515","72"
"94","198491","20220615193000","70","2","嘉義縣","民雄鄉","120.400","23.515","73"
"601","198495","20220615193000","558","1","嘉義縣","民雄鄉","120.410","23.520","707"
"92","198501","20220615193000","83","1","嘉義縣","民雄鄉","120.415","23.520","83"
"1006","198503","20220615193000","1054","0","嘉義縣","民雄鄉","120.430","23.530","984"
"444","198542","20220615193000","175","3","嘉義縣","六腳鄉","120.300","23.505","424"
"34","198546","20220615193000","25","2","嘉義縣","六腳鄉","120.300","23.515","31"
"34","198646","20220615193000","117","0","嘉義縣","水上鄉","120.375","23.460","39"
"184","198651","20220615193000","132","2","雲林縣","水林鄉","120.210","23.515","169"
"329","198686","20220615193000","410","0","嘉義縣","水上鄉","120.410","23.455","374"
"337","198687","20220615193000","164","3","嘉義縣","水上鄉","120.415","23.455","324"
"846","198691","20220615193000","317","3","嘉義市","西區","120.415","23.460","850"
"88","198693","20220615193000","109","0","嘉義縣","水上鄉","120.420","23.460","80"
"1526","198697","20220615193000","1050","2","嘉義縣","六腳鄉","120.295","23.490","1617"
"364","198713","20220615193000","272","2","雲林縣","口湖鄉","120.185","23.525","339"
"748","198720","20220615193000","652","1","嘉義縣","水上鄉","120.400","23.455","768"
"458","198726","20220615193000","1201","0","嘉義縣","朴子市","120.245","23.460","425"
"30","198735","20220615193000","16","3","嘉義縣","六腳鄉","120.260","23.530","27"
"48","198765","20220615193000","20","3","嘉義縣","竹崎鄉","120.580","23.520","37"
"238","198769","20220615193000","237","1","嘉義縣","番路鄉","120.555","23.465","262"
"597","198770","20220615193000","736","0","嘉義縣","番路鄉","120.560","23.465","631"
"329","198785","20220615193000","288","1","嘉義縣","番路鄉","120.505","23.455","241"
"124","198844","20220615193000","115","1","嘉義縣","番路鄉","120.620","23.480","137"
"28","198849","20220615193000","17","3","嘉義縣","番路鄉","120.625","23.485","22"
"87","198869","20220615193000","65","2","嘉義縣","番路鄉","120.540","23.460","76"
"330","198871","20220615193000","204","3","嘉義縣","番路鄉","120.550","23.460","287"
"113","198874","20220615193000","121","0","嘉義縣","番路鄉","120.540","23.465","101"
"22","198875","20220615193000","39","0","嘉義縣","番路鄉","120.535","23.470","12"
"188","198880","20220615193000","121","3","嘉義縣","番路鄉","120.600","23.455","205"
"207","198884","20220615193000","203","1","嘉義縣","番路鄉","120.595","23.460","219"
"60","198885","20220615193000","37","3","嘉義縣","番路鄉","120.600","23.460","67"
"23","198891","20220615193000","137","0","嘉義縣","番路鄉","120.530","23.475","166"
"767","198892","20220615193000","762","1","嘉義縣","番路鄉","120.535","23.475","763"
"148","198893","20220615193000","111","2","嘉義縣","番路鄉","120.510","23.480","137"
"42","198896","20220615193000","45","0","嘉義縣","番路鄉","120.525","23.480","18"
"280","198913","20220615193000","207","2","嘉義縣","竹崎鄉","120.685","23.460","224"
"160","198918","20220615193000","140","1","嘉義縣","竹崎鄉","120.695","23.475","158"
"39","198922","20220615193000","34","1","嘉義縣","竹崎鄉","120.700","23.480","23"
"14","198923","20220615193000","13","1","嘉義縣","竹崎鄉","120.705","23.480","19"
"12","198932","20220615193000","30","0","嘉義縣","竹崎鄉","120.705","23.485","35"
"164","198946","20220615193000","133","2","嘉義縣","竹崎鄉","120.695","23.500","125"
"159","198952","20220615193000","148","1","嘉義縣","竹崎鄉","120.695","23.505","124"
"21","198964","20220615193000","35","0","嘉義縣","竹崎鄉","120.660","23.505","15"
"226","198983","20220615193000","136","3","嘉義縣","竹崎鄉","120.635","23.520","200"
"93","199039","20220615193000","65","2","嘉義縣","竹崎鄉","120.650","23.470","100"
"154","199063","20220615193000","112","2","嘉義縣","竹崎鄉","120.680","23.480","151"
"645","199106","20220615193000","508","2","嘉義縣","竹崎鄉","120.570","23.485","650"
"326","199108","20220615193000","309","1","嘉義縣","竹崎鄉","120.555","23.485","318"
"63","199120","20220615193000","29","3","嘉義縣","竹崎鄉","120.540","23.515","68"
"1518","199122","20220615193000","1630","0","嘉義縣","竹崎鄉","120.550","23.515","1475"
"359","199146","20220615193000","425","0","嘉義縣","竹崎鄉","120.570","23.500","392"
"102","199161","20220615193000","431","0","嘉義縣","竹崎鄉","120.550","23.530","94"
"65","199213","20220615193000","45","2","嘉義縣","竹崎鄉","120.590","23.465","62"
"220","199237","20220615193000","142","3","嘉義縣","竹崎鄉","120.605","23.470","238"
"59","199241","20220615193000","49","2","嘉義縣","竹崎鄉","120.585","23.475","58"
"237","199248","20220615193000","162","2","嘉義縣","竹崎鄉","120.575","23.480","222"
"487","199280","20220615193000","383","2","嘉義縣","竹崎鄉","120.505","23.485","516"
"782","199288","20220615193000","711","1","嘉義縣","竹崎鄉","120.500","23.490","860"
"753","199291","20220615193000","541","2","嘉義縣","竹崎鄉","120.520","23.490","729"
"463","199297","20220615193000","477","0","嘉義縣","竹崎鄉","120.495","23.495","458"
"455","199306","20220615193000","233","3","嘉義縣","竹崎鄉","120.500","23.500","447"
"316","199313","20220615193000","269","1","嘉義縣","竹崎鄉","120.505","23.525","355"
"292","199322","20220615193000","276","1","嘉義縣","竹崎鄉","120.515","23.530","321"
"227","199330","20220615193000","220","1","嘉義縣","竹崎鄉","120.495","23.510","247"
"167","199332","20220615193000","92","3","嘉義縣","竹崎鄉","120.495","23.515","127"
"827","199353","20220615193000","744","1","嘉義縣","竹崎鄉","120.570","23.505","930"
"162","199358","20220615193000","139","1","嘉義縣","竹崎鄉","120.610","23.510","82"
"144","199367","20220615193000","140","1","嘉義縣","竹崎鄉","120.605","23.515","184"
"172","199379","20220615193000","59","3","嘉義縣","竹崎鄉","120.610","23.520","147"
"52","199459","20220615193000","66","0","嘉義縣","阿里山鄉","120.950","23.465","28"
"25","199523","20220615193000","13","3","嘉義縣","阿里山鄉","120.795","23.490","15"
"13","199541","20220615193000","15","0","嘉義縣","阿里山鄉","120.800","23.500","12"
"78","199552","20220615193000","46","3","嘉義縣","阿里山鄉","120.815","23.505","50"
"520","199555","20220615193000","608","0","嘉義縣","阿里山鄉","120.805","23.510","439"
"224","199603","20220615193000","159","2","嘉義縣","阿里山鄉","120.730","23.530","229"
"90","199642","20220615193000","89","1","嘉義縣","阿里山鄉","120.755","23.490","100"
"42","199653","20220615193000","30","2","嘉義縣","阿里山鄉","120.745","23.495","51"
"85","199699","20220615193000","81","1","嘉義縣","阿里山鄉","120.740","23.515","80"
"67","199719","20220615193000","75","0","嘉義縣","阿里山鄉","120.720","23.455","51"
"39","199725","20220615193000","38","1","嘉義縣","阿里山鄉","120.700","23.460","39"
"153","199742","20220615193000","144","1","嘉義縣","阿里山鄉","120.730","23.465","139"
"147","199744","20220615193000","63","3","嘉義縣","竹崎鄉","120.695","23.470","113"
"451","199745","20220615193000","331","2","嘉義縣","阿里山鄉","120.700","23.470","422"
"63","199748","20220615193000","59","1","嘉義縣","阿里山鄉","120.715","23.470","66"
"101","199760","20220615193000","85","1","嘉義縣","阿里山鄉","120.715","23.480","88"
"60","199769","20220615193000","37","3","嘉義縣","阿里山鄉","120.720","23.485","43"
"152","199777","20220615193000","122","2","嘉義縣","阿里山鄉","120.750","23.455","148"
"33","199798","20220615193000","20","3","嘉義縣","阿里山鄉","120.775","23.460","26"
"377","199875","20220615193000","188","3","嘉義縣","竹崎鄉","120.595","23.485","350"
"234","199886","20220615193000","116","3","嘉義縣","竹崎鄉","120.595","23.495","206"
"461","199897","20220615193000","383","2","嘉義縣","竹崎鄉","120.550","23.485","417"
"249","199900","20220615193000","245","1","嘉義縣","竹崎鄉","120.540","23.495","168"
"600","199903","20220615193000","696","0","嘉義縣","竹崎鄉","120.540","23.500","669"
"113","199909","20220615193000","78","2","嘉義縣","竹崎鄉","120.595","23.525","109"
"164","199920","20220615193000","125","2","嘉義縣","竹崎鄉","120.510","23.490","152"
"533","199938","20220615193000","507","1","嘉義縣","竹崎鄉","120.525","23.515","594"
"249","200367","20220615193000","378","0","澎湖縣","馬公市","119.550","23.535","229"
"70","201149","20220615193000","57","2","澎湖縣","馬公市","119.570","23.550","63"
"451","201150","20220615193000","260","3","澎湖縣","馬公市","119.575","23.550","381"
"73","201400","20220615193000","203","0","澎湖縣","馬公市","119.570","23.555","81"
"505","202108","20220615193000","568","0","澎湖縣","西嶼鄉","119.485","23.565","555"
"23","202120","20220615193000","10","3","澎湖縣","馬公市","119.560","23.565","23"
"1213","202121","20220615193000","1150","1","澎湖縣","馬公市","119.565","23.565","1015"
"216","202367","20220615193000","262","0","澎湖縣","馬公市","119.565","23.570","196"
"69","202600","20220615193000","45","3","澎湖縣","西嶼鄉","119.500","23.575","42"
"704","202858","20220615193000","730","0","澎湖縣","馬公市","119.575","23.580","650"
"49","202863","20220615193000","14","3","澎湖縣","湖西鄉","119.625","23.580","30"
"99","203106","20220615193000","94","1","澎湖縣","馬公市","119.570","23.585","133"
"590","203108","20220615193000","359","3","澎湖縣","馬公市","119.580","23.585","598"
"110","203109","20220615193000","79","2","澎湖縣","馬公市","119.585","23.585","90"
"20","203624","20220615193000","14","2","澎湖縣","湖西鄉","119.670","23.595","13"
"51","203877","20220615193000","21","3","澎湖縣","湖西鄉","119.640","23.600","43"
"66","203940","20220615193000","68","0","澎湖縣","馬公市","119.570","23.560","47"
"1163","203941","20220615193000","1490","0","澎湖縣","馬公市","119.570","23.565","1043"
"2005","203942","20220615193000","2541","0","澎湖縣","馬公市","119.570","23.570","1823"
"513","203945","20220615193000","300","3","澎湖縣","湖西鄉","119.615","23.570","434"
"57","203947","20220615193000","277","0","澎湖縣","湖西鄉","119.625","23.570","50"
"224","203951","20220615193000","245","0","澎湖縣","馬公市","119.600","23.555","253"
"57","203964","20220615193000","184","0","澎湖縣","湖西鄉","119.620","23.600","46"
"439","203989","20220615193000","227","3","澎湖縣","西嶼鄉","119.480","23.565","410"
"288","203992","20220615193000","227","2","澎湖縣","湖西鄉","119.615","23.595","248"
"108","203994","20220615193000","77","2","澎湖縣","湖西鄉","119.665","23.585","123"
"36","204001","20220615193000","10","3","澎湖縣","馬公市","119.590","23.550","32"
"1430","204013","20220615193000","1006","2","澎湖縣","馬公市","119.600","23.570","1420"
"210","204018","20220615193000","448","0","澎湖縣","馬公市","119.580","23.560","140"
"2116","204021","20220615193000","977","3","澎湖縣","馬公市","119.585","23.565","2057"
"1469","204022","20220615193000","564","3","澎湖縣","馬公市","119.590","23.565","1458"
"362","204025","20220615193000","695","0","澎湖縣","湖西鄉","119.630","23.565","320"
"164","204033","20220615193000","185","0","澎湖縣","湖西鄉","119.655","23.565","170"
"346","204042","20220615193000","261","2","澎湖縣","馬公市","119.545","23.540","360"
"388","204045","20220615193000","674","0","澎湖縣","湖西鄉","119.670","23.570","369"
"406","204049","20220615193000","446","0","澎湖縣","馬公市","119.575","23.570","548"
"874","204050","20220615193000","484","3","澎湖縣","馬公市","119.580","23.570","879"
"2995","204052","20220615193000","2900","1","澎湖縣","馬公市","119.575","23.575","2965"
"202","204053","20220615193000","482","0","澎湖縣","馬公市","119.580","23.575","159"
"719","204054","20220615193000","428","3","澎湖縣","馬公市","119.580","23.580","788"
"524","204067","20220615193000","246","3","澎湖縣","馬公市","119.615","23.555","463"
"107","204074","20220615193000","60","3","澎湖縣","湖西鄉","119.620","23.565","94"
"322","204075","20220615193000","278","1","澎湖縣","湖西鄉","119.650","23.570","341"
"631","204080","20220615193000","513","2","澎湖縣","湖西鄉","119.650","23.580","674"
"276","204087","20220615193000","162","3","澎湖縣","西嶼鄉","119.505","23.585","217"
"294","204092","20220615193000","377","0","澎湖縣","西嶼鄉","119.510","23.600","309"
"282","204107","20220615193000","210","2","澎湖縣","馬公市","119.560","23.560","252"
"748","204108","20220615193000","736","1","澎湖縣","馬公市","119.565","23.560","574"
"28","204109","20220615193000","29","0","澎湖縣","馬公市","119.595","23.550","26"
"82","204111","20220615193000","273","0","澎湖縣","馬公市","119.595","23.555","60"
"348","204113","20220615193000","178","3","澎湖縣","馬公市","119.605","23.535","256"
"87","204120","20220615193000","241","0","澎湖縣","馬公市","119.610","23.545","71"
"22","204123","20220615193000","16","2","澎湖縣","馬公市","119.615","23.550","32"
"463","204124","20220615193000","227","3","澎湖縣","馬公市","119.620","23.550","386"
"97","204136","20220615193000","155","0","澎湖縣","湖西鄉","119.640","23.580","97"
"384","204137","20220615193000","330","1","澎湖縣","湖西鄉","119.645","23.580","361"
"12","204159","20220615193000","98","0","澎湖縣","湖西鄉","119.630","23.555","12"
"229","204161","20220615193000","178","2","澎湖縣","湖西鄉","119.640","23.555","233"
"63","204162","20220615193000","645","0","澎湖縣","湖西鄉","119.630","23.560","67"
"40","204163","20220615193000","185","0","澎湖縣","湖西鄉","119.635","23.560","36"
"43","204174","20220615193000","307","0","澎湖縣","湖西鄉","119.615","23.590","40"
"138","204179","20220615193000","25","3","澎湖縣","湖西鄉","119.680","23.555","95"
"359","204185","20220615193000","291","2","澎湖縣","湖西鄉","119.670","23.565","423"
"2852","204189","20220615193000","1312","3","澎湖縣","馬公市","119.575","23.565","2499"
"158","204191","20220615193000","642","0","澎湖縣","馬公市","119.585","23.555","117"
"733","204192","20220615193000","283","3","澎湖縣","馬公市","119.585","23.560","970"
"81","204194","20220615193000","223","0","澎湖縣","馬公市","119.595","23.560","74"
"1179","204195","20220615193000","898","2","澎湖縣","馬公市","119.600","23.560","1209"
"16","204200","20220615193000","15","1","澎湖縣","馬公市","119.600","23.565","16"
"64","204307","20220615193000","45","2","花蓮縣","瑞穗鄉","121.370","23.575","65"
"265","204313","20220615193000","228","1","花蓮縣","瑞穗鄉","121.375","23.575","304"
"178","204317","20220615193000","155","1","花蓮縣","瑞穗鄉","121.370","23.580","183"
"147","204319","20220615193000","117","2","花蓮縣","瑞穗鄉","121.380","23.580","160"
"30","204320","20220615193000","35","0","花蓮縣","萬榮鄉","121.355","23.585","28"
"148","204355","20220615193000","113","2","花蓮縣","瑞穗鄉","121.385","23.570","133"
"104","204381","20220615193000","75","2","花蓮縣","瑞穗鄉","121.385","23.580","99"
"52","204384","20220615193000","47","1","花蓮縣","瑞穗鄉","121.400","23.580","49"
"165","204421","20220615193000","139","1","花蓮縣","光復鄉","121.390","23.605","163"
"52","204446","20220615193000","41","2","花蓮縣","光復鄉","121.385","23.605","62"
"190","204758","20220615193000","165","1","花蓮縣","瑞穗鄉","121.375","23.540","190"
"43","205305","20220615193000","22","3","花蓮縣","豐濱鄉","121.525","23.575","32"
"21","205385","20220615193000","16","2","花蓮縣","豐濱鄉","121.520","23.595","24"
"134","205386","20220615193000","68","3","花蓮縣","豐濱鄉","121.525","23.595","122"
"207","205403","20220615193000","181","1","花蓮縣","豐濱鄉","121.520","23.600","221"
"59","205422","20220615193000","43","2","花蓮縣","豐濱鄉","121.530","23.605","69"
"35","205447","20220615193000","67","0","花蓮縣","光復鄉","121.420","23.605","41"
"415","205461","20220615193000","324","2","雲林縣","元長鄉","120.350","23.600","352"
"92","205475","20220615193000","68","2","嘉義縣","民雄鄉","120.400","23.555","63"
"429","205481","20220615193000","513","0","嘉義縣","民雄鄉","120.400","23.560","472"
"240","205482","20220615193000","156","3","嘉義縣","溪口鄉","120.405","23.560","212"
"893","205486","20220615193000","733","2","嘉義縣","民雄鄉","120.420","23.550","974"
"42","205488","20220615193000","62","0","嘉義縣","民雄鄉","120.425","23.555","33"
"632","205494","20220615193000","370","3","嘉義縣","民雄鄉","120.380","23.545","574"
"466","205501","20220615193000","296","3","嘉義縣","民雄鄉","120.445","23.560","401"
"387","205502","20220615193000","284","2","嘉義縣","民雄鄉","120.450","23.560","406"
"64","205523","20220615193000","64","1","嘉義縣","民雄鄉","120.450","23.570","45"
"674","205531","20220615193000","541","2","嘉義縣","民雄鄉","120.435","23.565","612"
"132","205537","20220615193000","226","0","嘉義縣","民雄鄉","120.435","23.535","117"
"222","205548","20220615193000","159","2","嘉義縣","六腳鄉","120.295","23.540","216"
"350","205557","20220615193000","277","2","嘉義縣","六腳鄉","120.300","23.550","375"
"150","205571","20220615193000","246","0","雲林縣","水林鄉","120.245","23.605","165"
"58","205579","20220615193000","36","3","雲林縣","水林鄉","120.220","23.595","57"
"15","205586","20220615193000","210","0","雲林縣","水林鄉","120.235","23.605","29"
"163","205593","20220615193000","393","0","嘉義縣","新港鄉","120.345","23.570","167"
"146","205600","20220615193000","422","0","嘉義縣","新港鄉","120.345","23.550","134"
"298","205605","20220615193000","151","3","嘉義縣","新港鄉","120.330","23.560","260"
"151","205606","20220615193000","74","3","嘉義縣","新港鄉","120.335","23.560","142"
"70","205615","20220615193000","214","0","嘉義縣","新港鄉","120.340","23.575","68"
"399","205623","20220615193000","282","2","雲林縣","元長鄉","120.335","23.610","402"
"175","205641","20220615193000","146","1","嘉義縣","新港鄉","120.350","23.590","205"
"53","205670","20220615193000","31","3","雲林縣","口湖鄉","120.170","23.605","39"
"260","206056","20220615193000","297","0","南投縣","信義鄉","120.925","23.560","254"
"559","206426","20220615193000","478","1","南投縣","信義鄉","120.895","23.595","531"
"57","206756","20220615193000","40","2","嘉義縣","溪口鄉","120.410","23.600","50"
"1080","206759","20220615193000","952","1","嘉義縣","溪口鄉","120.400","23.605","1032"
"706","206766","20220615193000","978","0","嘉義縣","民雄鄉","120.430","23.550","758"
"1593","206767","20220615193000","1435","1","嘉義縣","民雄鄉","120.430","23.555","1466"
"757","206768","20220615193000","673","1","嘉義縣","民雄鄉","120.435","23.555","866"
"299","206781","20220615193000","314","0","雲林縣","北港鎮","120.325","23.585","292"
"692","206786","20220615193000","857","0","雲林縣","北港鎮","120.295","23.575","743"
"407","206789","20220615193000","438","0","雲林縣","北港鎮","120.300","23.580","407"
"582","206790","20220615193000","631","0","雲林縣","北港鎮","120.305","23.580","645"
"61","206794","20220615193000","64","0","雲林縣","北港鎮","120.310","23.585","71"
"131","206797","20220615193000","769","0","雲林縣","北港鎮","120.310","23.590","128"
"247","206815","20220615193000","207","1","嘉義縣","大林鎮","120.465","23.600","297"
"479","206822","20220615193000","247","3","嘉義縣","大林鎮","120.470","23.605","489"
"162","206825","20220615193000","474","0","嘉義縣","大林鎮","120.485","23.605","170"
"312","206830","20220615193000","226","2","嘉義縣","民雄鄉","120.445","23.545","283"
"27","206834","20220615193000","39","0","嘉義縣","民雄鄉","120.440","23.550","36"
"102","206837","20220615193000","126","0","嘉義縣","民雄鄉","120.455","23.550","133"
"313","206858","20220615193000","275","1","嘉義縣","民雄鄉","120.480","23.535","331"
"118","206869","20220615193000","114","1","嘉義縣","民雄鄉","120.500","23.540","112"
"35","206879","20220615193000","45","0","嘉義縣","民雄鄉","120.415","23.560","27"
"31","206882","20220615193000","27","1","嘉義縣","民雄鄉","120.410","23.565","35"
"20","206903","20220615193000","72","0","雲林縣","水林鄉","120.235","23.580","22"
"411","206905","20220615193000","200","3","雲林縣","水林鄉","120.230","23.585","390"
"26","206932","20220615193000","27","0","雲林縣","水林鄉","120.255","23.600","26"
"111","206936","20220615193000","77","2","雲林縣","水林鄉","120.265","23.605","134"
"1210","206940","20220615193000","1287","0","雲林縣","北港鎮","120.300","23.565","1185"
"440","206943","20220615193000","213","3","雲林縣","北港鎮","120.310","23.575","373"
"485","206964","20220615193000","296","3","嘉義縣","新港鄉","120.360","23.590","484"
"124","206982","20220615193000","400","0","嘉義縣","新港鄉","120.370","23.555","100"
"754","206991","20220615193000","784","0","嘉義縣","新港鄉","120.350","23.555","771"
"743","206992","20220615193000","370","3","嘉義縣","新港鄉","120.355","23.555","739"
"126","206994","20220615193000","776","0","嘉義縣","新港鄉","120.350","23.560","136"
"785","206997","20220615193000","501","3","嘉義縣","新港鄉","120.320","23.565","753"
"43","207025","20220615193000","201","0","嘉義縣","新港鄉","120.335","23.540","40"
"1226","207038","20220615193000","586","3","嘉義縣","新港鄉","120.345","23.555","1117"
"100","207039","20220615193000","27","3","嘉義縣","新港鄉","120.345","23.560","71"
"45","207040","20220615193000","115","0","嘉義縣","新港鄉","120.345","23.535","44"
"66","207051","20220615193000","280","0","嘉義縣","新港鄉","120.375","23.560","64"
"23","207166","20220615193000","33","0","南投縣","信義鄉","120.915","23.545","16"
"113","207170","20220615193000","97","1","南投縣","信義鄉","120.870","23.550","114"
"141","207172","20220615193000","99","2","南投縣","信義鄉","120.880","23.550","135"
"235","207208","20220615193000","183","2","南投縣","信義鄉","120.905","23.565","225"
"385","207242","20220615193000","337","1","南投縣","信義鄉","120.890","23.590","380"
"1220","207256","20220615193000","1268","0","雲林縣","北港鎮","120.305","23.565","1182"
"210","207266","20220615193000","157","2","嘉義縣","新港鄉","120.310","23.565","220"
"2321","207275","20220615193000","1681","2","雲林縣","北港鎮","120.290","23.575","1974"
"77","207299","20220615193000","53","2","嘉義縣","梅山鄉","120.600","23.560","69"
"137","207304","20220615193000","140","0","嘉義縣","梅山鄉","120.595","23.565","126"
"214","207305","20220615193000","216","0","嘉義縣","梅山鄉","120.605","23.565","197"
"105","207326","20220615193000","125","0","嘉義縣","梅山鄉","120.625","23.550","103"
"339","207338","20220615193000","347","0","嘉義縣","梅山鄉","120.580","23.545","336"
"999","207352","20220615193000","1100","0","嘉義縣","梅山鄉","120.555","23.585","1045"
"763","207353","20220615193000","767","0","嘉義縣","梅山鄉","120.560","23.585","768"
"688","207356","20220615193000","405","3","嘉義縣","梅山鄉","120.550","23.590","601"
"414","207360","20220615193000","392","1","嘉義縣","大林鎮","120.450","23.605","464"
"93","207361","20220615193000","70","2","嘉義縣","大林鎮","120.410","23.605","93"
"96","207367","20220615193000","568","0","嘉義縣","大林鎮","120.525","23.595","87"
"261","207373","20220615193000","433","0","嘉義縣","大林鎮","120.500","23.605","265"
"850","207387","20220615193000","579","2","雲林縣","北港鎮","120.275","23.600","768"
"237","207403","20220615193000","232","1","雲林縣","北港鎮","120.325","23.595","243"
"474","207414","20220615193000","433","1","雲林縣","北港鎮","120.280","23.560","471"
"18","207427","20220615193000","13","2","雲林縣","口湖鄉","120.190","23.570","13"
"14","207432","20220615193000","216","0","雲林縣","口湖鄉","120.180","23.605","14"
"329","207435","20220615193000","236","2","雲林縣","古坑鄉","120.540","23.595","335"
"118","207462","20220615193000","108","1","雲林縣","古坑鄉","120.595","23.600","114"
"171","207463","20220615193000","108","3","雲林縣","古坑鄉","120.600","23.600","163"
"137","207465","20220615193000","111","2","雲林縣","古坑鄉","120.610","23.600","134"
"40","207467","20220615193000","24","3","雲林縣","古坑鄉","120.620","23.600","37"
"37","207494","20220615193000","39","0","雲林縣","古坑鄉","120.640","23.605","62"
"20","207498","20220615193000","106","0","雲林縣","古坑鄉","120.570","23.605","34"
"199","207505","20220615193000","207","0","嘉義縣","大林鎮","120.470","23.580","225"
"197","207507","20220615193000","334","0","嘉義縣","大林鎮","120.465","23.585","207"
"66","207511","20220615193000","52","2","嘉義縣","大林鎮","120.505","23.560","69"
"120","207522","20220615193000","183","0","嘉義縣","大林鎮","120.490","23.570","139"
"247","207523","20220615193000","568","0","嘉義縣","大林鎮","120.495","23.570","306"
"15","207536","20220615193000","95","0","嘉義縣","大林鎮","120.505","23.575","11"
"73","207556","20220615193000","463","0","嘉義縣","大林鎮","120.500","23.580","88"
"32","207558","20220615193000","131","0","嘉義縣","大林鎮","120.510","23.580","29"
"316","207564","20220615193000","211","2","嘉義縣","大林鎮","120.495","23.585","350"
"30","207576","20220615193000","225","0","嘉義縣","大林鎮","120.475","23.590","39"
"328","207578","20220615193000","263","2","嘉義縣","大林鎮","120.465","23.595","315"
"213","207585","20220615193000","169","2","嘉義縣","大林鎮","120.505","23.590","222"
"17","207587","20220615193000","274","0","嘉義縣","大林鎮","120.515","23.590","29"
"126","207592","20220615193000","532","0","嘉義縣","大林鎮","120.505","23.595","119"
"88","207596","20220615193000","35","3","嘉義縣","大林鎮","120.505","23.600","84"
"275","207602","20220615193000","331","0","嘉義縣","大林鎮","120.455","23.595","280"
"640","207604","20220615193000","967","0","嘉義縣","大林鎮","120.455","23.600","584"
"1348","207605","20220615193000","1278","1","嘉義縣","大林鎮","120.460","23.600","1294"
"201","207606","20220615193000","148","2","嘉義縣","大林鎮","120.460","23.605","173"
"260","207613","20220615193000","280","0","嘉義縣","大林鎮","120.445","23.610","254"
"45","207617","20220615193000","398","0","嘉義縣","大林鎮","120.445","23.595","36"
"1401","207626","20220615193000","1212","1","嘉義縣","大林鎮","120.455","23.605","1408"
"443","207628","20220615193000","1475","0","雲林縣","水林鄉","120.240","23.570","415"
"699","207634","20220615193000","456","3","雲林縣","水林鄉","120.250","23.575","677"
"19","207650","20220615193000","13","2","雲林縣","水林鄉","120.265","23.535","20"
"297","207670","20220615193000","157","3","嘉義縣","溪口鄉","120.395","23.600","262"
"125","207674","20220615193000","83","3","嘉義縣","梅山鄉","120.575","23.560","115"
"198","207675","20220615193000","200","0","嘉義縣","梅山鄉","120.580","23.560","192"
"775","207684","20220615193000","885","0","嘉義縣","梅山鄉","120.565","23.575","786"
"70","207691","20220615193000","44","3","嘉義縣","梅山鄉","120.580","23.580","58"
"118","207701","20220615193000","47","3","嘉義縣","梅山鄉","120.600","23.565","87"
"46","207703","20220615193000","77","0","嘉義縣","梅山鄉","120.580","23.570","34"
"359","207707","20220615193000","124","3","嘉義縣","梅山鄉","120.595","23.570","335"
"88","207721","20220615193000","70","2","嘉義縣","梅山鄉","120.600","23.575","85"
"451","207727","20220615193000","532","0","嘉義縣","梅山鄉","120.555","23.545","501"
"88","207736","20220615193000","76","1","嘉義縣","梅山鄉","120.545","23.555","91"
"83","207753","20220615193000","47","3","嘉義縣","梅山鄉","120.715","23.535","73"
"37","207756","20220615193000","43","0","嘉義縣","梅山鄉","120.730","23.535","36"
"283","207761","20220615193000","174","3","嘉義縣","梅山鄉","120.710","23.540","235"
"142","207793","20220615193000","101","2","嘉義縣","梅山鄉","120.740","23.555","149"
"158","207860","20220615193000","151","1","雲林縣","古坑鄉","120.695","23.580","150"
"109","207910","20220615193000","78","2","雲林縣","古坑鄉","120.690","23.595","105"
"56","207945","20220615193000","46","2","雲林縣","古坑鄉","120.710","23.605","49"
"20","207960","20220615193000","24","0","雲林縣","古坑鄉","120.565","23.595","29"
"24","207962","20220615193000","16","3","雲林縣","古坑鄉","120.575","23.595","18"
"36","207964","20220615193000","24","3","雲林縣","古坑鄉","120.585","23.595","33"
"280","207970","20220615193000","136","3","雲林縣","古坑鄉","120.590","23.585","252"
"20","207972","20220615193000","12","3","雲林縣","古坑鄉","120.600","23.585","15"
"177","207983","20220615193000","130","2","雲林縣","古坑鄉","120.595","23.595","169"
"76","207985","20220615193000","40","3","雲林縣","古坑鄉","120.585","23.600","88"
"460","207988","20220615193000","321","2","雲林縣","口湖鄉","120.165","23.535","407"
"668","208006","20220615193000","680","0","雲林縣","口湖鄉","120.185","23.585","586"
"141","208021","20220615193000","62","3","嘉義縣","梅山鄉","120.625","23.570","101"
"192","208025","20220615193000","119","3","嘉義縣","梅山鄉","120.625","23.575","194"
"221","208030","20220615193000","244","0","嘉義縣","新港鄉","120.310","23.570","228"
"289","208049","20220615193000","275","1","雲林縣","口湖鄉","120.160","23.560","305"
"58","208080","20220615193000","191","0","雲林縣","口湖鄉","120.150","23.580","302"
"35","208091","20220615193000","12","3","雲林縣","口湖鄉","120.140","23.585","22"
"372","208104","20220615193000","214","3","嘉義縣","溪口鄉","120.400","23.590","331"
"390","208131","20220615193000","256","3","嘉義縣","民雄鄉","120.410","23.570","349"
"562","208146","20220615193000","465","2","雲林縣","大埤鄉","120.370","23.610","551"
"741","208152","20220615193000","610","2","嘉義縣","梅山鄉","120.560","23.580","761"
"251","208158","20220615193000","177","2","嘉義縣","梅山鄉","120.560","23.565","235"
"257","208165","20220615193000","236","1","嘉義縣","梅山鄉","120.555","23.575","269"
"102","208171","20220615193000","139","0","嘉義縣","梅山鄉","120.680","23.535","115"
"179","208176","20220615193000","170","1","嘉義縣","梅山鄉","120.665","23.540","177"
"147","208180","20220615193000","89","3","嘉義縣","梅山鄉","120.685","23.540","119"
"242","208200","20220615193000","251","0","嘉義縣","梅山鄉","120.665","23.550","274"
"59","208203","20220615193000","38","3","嘉義縣","梅山鄉","120.680","23.550","43"
"145","208265","20220615193000","107","2","嘉義縣","梅山鄉","120.530","23.580","164"
"29","208273","20220615193000","87","0","嘉義縣","梅山鄉","120.535","23.590","29"
"236","208301","20220615193000","175","2","嘉義縣","梅山鄉","120.525","23.550","244"
"177","208303","20220615193000","151","1","嘉義縣","梅山鄉","120.535","23.550","174"
"599","208323","20220615193000","333","3","嘉義縣","民雄鄉","120.465","23.555","535"
"1670","208324","20220615193000","1585","1","嘉義縣","民雄鄉","120.470","23.555","1853"
"171","208325","20220615193000","90","3","嘉義縣","民雄鄉","120.475","23.555","159"
"35","208326","20220615193000","21","3","嘉義縣","民雄鄉","120.480","23.555","26"
"585","208328","20220615193000","920","0","嘉義縣","民雄鄉","120.470","23.560","603"
"578","208329","20220615193000","898","0","嘉義縣","民雄鄉","120.475","23.560","635"
"222","208332","20220615193000","414","0","嘉義縣","民雄鄉","120.475","23.565","193"
"124","208340","20220615193000","84","2","嘉義縣","民雄鄉","120.410","23.545","124"
"689","208347","20220615193000","371","3","嘉義縣","民雄鄉","120.400","23.535","621"
"111","208352","20220615193000","469","0","嘉義縣","民雄鄉","120.460","23.535","125"
"421","208357","20220615193000","258","3","嘉義縣","民雄鄉","120.460","23.545","446"
"1370","208359","20220615193000","1449","0","嘉義縣","民雄鄉","120.425","23.560","1477"
"27","208360","20220615193000","89","0","嘉義縣","民雄鄉","120.430","23.560","38"
"38","208363","20220615193000","310","0","嘉義縣","民雄鄉","120.425","23.570","46"
"78","208371","20220615193000","170","0","嘉義縣","民雄鄉","120.430","23.575","84"
"390","208380","20220615193000","141","3","嘉義縣","民雄鄉","120.390","23.545","370"
"559","208390","20220615193000","401","2","嘉義縣","民雄鄉","120.420","23.540","491"
"181","208392","20220615193000","176","1","嘉義縣","民雄鄉","120.430","23.540","637"
"239","208407","20220615193000","180","2","雲林縣","口湖鄉","120.175","23.570","221"
"338","208415","20220615193000","292","1","雲林縣","口湖鄉","120.190","23.575","364"
"149","208438","20220615193000","101","2","雲林縣","口湖鄉","120.160","23.600","145"
"455","208452","20220615193000","483","0","嘉義縣","溪口鄉","120.430","23.585","489"
"19","208454","20220615193000","305","0","嘉義縣","溪口鄉","120.440","23.585","26"
"478","208468","20220615193000","491","0","嘉義縣","溪口鄉","120.385","23.595","528"
"266","208486","20220615193000","196","2","嘉義縣","溪口鄉","120.390","23.605","242"
"595","208497","20220615193000","527","1","嘉義縣","六腳鄉","120.300","23.560","573"
"540","208503","20220615193000","541","0","嘉義縣","六腳鄉","120.290","23.535","539"
"590","208508","20220615193000","427","2","雲林縣","口湖鄉","120.180","23.585","605"
"286","208528","20220615193000","246","1","雲林縣","口湖鄉","120.140","23.550","305"
"464","208546","20220615193000","325","2","雲林縣","口湖鄉","120.150","23.565","420"
"198","208554","20220615193000","183","1","雲林縣","水林鄉","120.270","23.565","220"
"1260","208568","20220615193000","893","2","雲林縣","口湖鄉","120.190","23.545","1172"
"360","208573","20220615193000","331","1","雲林縣","北港鎮","120.285","23.610","381"
"1477","208589","20220615193000","1592","0","雲林縣","北港鎮","120.300","23.570","1473"
"777","208590","20220615193000","950","0","雲林縣","北港鎮","120.300","23.575","891"
"95","208617","20220615193000","444","0","雲林縣","水林鄉","120.220","23.560","78"
"374","208629","20220615193000","257","2","雲林縣","水林鄉","120.205","23.575","395"
"16","208633","20220615193000","12","2","雲林縣","水林鄉","120.225","23.535","10"
"428","208638","20220615193000","319","2","雲林縣","水林鄉","120.230","23.540","516"
"197","208647","20220615193000","404","0","雲林縣","水林鄉","120.250","23.550","198"
"188","208695","20220615193000","111","3","嘉義縣","竹崎鄉","120.555","23.540","187"
"177","208704","20220615193000","91","3","嘉義縣","竹崎鄉","120.560","23.540","175"
"79","208793","20220615193000","74","1","嘉義縣","阿里山鄉","120.750","23.570","101"
"63","208821","20220615193000","42","3","嘉義縣","阿里山鄉","120.750","23.580","53"
"27","208866","20220615193000","26","1","嘉義縣","阿里山鄉","120.750","23.590","35"
"88","209129","20220615193000","92","0","澎湖縣","湖西鄉","119.625","23.605","90"
"232","209899","20220615193000","77","3","澎湖縣","白沙鄉","119.570","23.615","164"
"56","209905","20220615193000","202","0","澎湖縣","白沙鄉","119.605","23.615","57"
"85","210790","20220615193000","38","3","花蓮縣","豐濱鄉","121.535","23.635","77"
"156","210927","20220615193000","102","3","澎湖縣","西嶼鄉","119.530","23.635","142"
"227","210940","20220615193000","216","1","澎湖縣","白沙鄉","119.600","23.635","259"
"45","211725","20220615193000","25","3","澎湖縣","白沙鄉","119.630","23.650","21"
"413","212241","20220615193000","247","3","澎湖縣","白沙鄉","119.655","23.660","409"
"689","212745","20220615193000","401","3","澎湖縣","白沙鄉","119.595","23.665","695"
"13","213441","20220615193000","52","0","澎湖縣","白沙鄉","119.555","23.655","11"
"36","213442","20220615193000","17","3","澎湖縣","白沙鄉","119.555","23.660","26"
"67","213444","20220615193000","160","0","澎湖縣","白沙鄉","119.590","23.655","44"
"32","213447","20220615193000","19","3","澎湖縣","白沙鄉","119.600","23.650","15"
"18","213448","20220615193000","12","3","澎湖縣","白沙鄉","119.560","23.655","12"
"261","213454","20220615193000","112","3","澎湖縣","白沙鄉","119.560","23.660","228"
"163","213465","20220615193000","114","2","澎湖縣","白沙鄉","119.595","23.650","168"
"12","213478","20220615193000","13","0","澎湖縣","西嶼鄉","119.520","23.605","12"
"130","213491","20220615193000","138","0","澎湖縣","西嶼鄉","119.510","23.615","140"
"220","213509","20220615193000","199","1","澎湖縣","西嶼鄉","119.515","23.630","224"
"111","213516","20220615193000","96","1","澎湖縣","西嶼鄉","119.515","23.650","110"
"387","213554","20220615193000","324","1","花蓮縣","光復鄉","121.430","23.675","402"
"96","213627","20220615193000","96","1","花蓮縣","光復鄉","121.420","23.660","71"
"390","213652","20220615193000","431","0","花蓮縣","光復鄉","121.420","23.670","432"
"97","213675","20220615193000","96","1","花蓮縣","光復鄉","121.415","23.680","104"
"81","213820","20220615193000","65","2","花蓮縣","光復鄉","121.430","23.635","80"
"81","214398","20220615193000","47","3","花蓮縣","豐濱鄉","121.540","23.655","36"
"38","214415","20220615193000","19","3","花蓮縣","豐濱鄉","121.545","23.670","28"
"63","214424","20220615193000","46","2","花蓮縣","豐濱鄉","121.530","23.680","73"
"43","214495","20220615193000","42","1","花蓮縣","豐濱鄉","121.485","23.640","46"
"25","214506","20220615193000","157","0","雲林縣","四湖鄉","120.180","23.650","23"
"138","214521","20220615193000","16","3","雲林縣","四湖鄉","120.185","23.660","110"
"279","214544","20220615193000","185","3","雲林縣","四湖鄉","120.275","23.650","241"
"477","214550","20220615193000","234","3","雲林縣","元長鄉","120.275","23.660","394"
"297","214565","20220615193000","190","3","雲林縣","四湖鄉","120.200","23.640","332"
"151","214566","20220615193000","114","2","雲林縣","四湖鄉","120.205","23.640","145"
"586","214578","20220615193000","370","3","雲林縣","四湖鄉","120.220","23.615","561"
"66","214580","20220615193000","192","0","雲林縣","四湖鄉","120.170","23.640","71"
"273","214640","20220615193000","161","3","花蓮縣","光復鄉","121.450","23.655","279"
"161","214665","20220615193000","183","0","花蓮縣","光復鄉","121.405","23.625","159"
"158","214678","20220615193000","129","2","花蓮縣","光復鄉","121.415","23.645","161"
"29","214691","20220615193000","29","1","花蓮縣","光復鄉","121.415","23.655","24"
"13","214697","20220615193000","24","0","花蓮縣","光復鄉","121.410","23.660","19"
"299","214701","20220615193000","199","3","花蓮縣","光復鄉","121.430","23.665","296"
"395","214703","20220615193000","435","0","花蓮縣","光復鄉","121.425","23.670","396"
"783","214705","20220615193000","570","2","花蓮縣","光復鄉","121.420","23.665","720"
"162","214706","20220615193000","118","2","花蓮縣","光復鄉","121.425","23.665","138"
"474","214707","20220615193000","409","1","花蓮縣","光復鄉","121.450","23.660","459"
"292","214728","20220615193000","143","3","雲林縣","元長鄉","120.315","23.675","226"
"59","214762","20220615193000","36","3","雲林縣","元長鄉","120.285","23.640","71"
"405","214797","20220615193000","371","1","雲林縣","元長鄉","120.375","23.645","362"
"249","214824","20220615193000","130","3","雲林縣","東勢鄉","120.260","23.665","256"
"77","214826","20220615193000","240","0","雲林縣","東勢鄉","120.250","23.670","94"
"29","214842","20220615193000","212","0","雲林縣","四湖鄉","120.150","23.625","27"
"74","214846","20220615193000","116","0","雲林縣","口湖鄉","120.155","23.630","72"
"472","214854","20220615193000","313","3","雲林縣","斗南鎮","120.440","23.685","442"
"809","214857","20220615193000","642","2","雲林縣","斗南鎮","120.485","23.685","791"
"166","214861","20220615193000","66","3","雲林縣","斗南鎮","120.490","23.640","170"
"384","214868","20220615193000","296","2","雲林縣","斗南鎮","120.430","23.670","390"
"319","214876","20220615193000","224","2","雲林縣","斗南鎮","120.445","23.675","321"
"1530","214886","20220615193000","1255","2","雲林縣","斗南鎮","120.475","23.665","1563"
"27","214887","20220615193000","227","0","雲林縣","大埤鄉","120.455","23.670","32"
"420","214890","20220615193000","353","1","雲林縣","斗南鎮","120.470","23.670","445"
"2103","214891","20220615193000","1863","1","雲林縣","斗南鎮","120.475","23.670","1996"
"650","214896","20220615193000","601","1","雲林縣","斗南鎮","120.470","23.675","684"
"53","214922","20220615193000","65","0","南投縣","鹿谷鄉","120.790","23.670","42"
"54","214931","20220615193000","102","0","南投縣","鹿谷鄉","120.790","23.675","39"
"214","214932","20220615193000","160","2","南投縣","鹿谷鄉","120.800","23.670","112"
"133","214936","20220615193000","153","0","南投縣","鹿谷鄉","120.795","23.675","123"
"79","214937","20220615193000","78","1","南投縣","鹿谷鄉","120.800","23.675","73"
"126","214940","20220615193000","133","0","南投縣","鹿谷鄉","120.795","23.680","135"
"318","214967","20220615193000","523","0","雲林縣","斗南鎮","120.485","23.640","338"
"371","214975","20220615193000","315","1","雲林縣","斗南鎮","120.480","23.665","399"
"434","214978","20220615193000","202","3","雲林縣","斗南鎮","120.485","23.670","438"
"198","215001","20220615193000","330","0","雲林縣","土庫鎮","120.390","23.665","160"
"632","215006","20220615193000","424","2","雲林縣","土庫鎮","120.380","23.675","577"
"1534","215009","20220615193000","958","3","雲林縣","土庫鎮","120.390","23.680","1498"
"47","215011","20220615193000","104","0","雲林縣","土庫鎮","120.385","23.685","37"
"223","215012","20220615193000","241","0","雲林縣","土庫鎮","120.390","23.685","262"
"260","215013","20220615193000","169","3","雲林縣","土庫鎮","120.365","23.660","260"
"274","215017","20220615193000","215","2","雲林縣","土庫鎮","120.370","23.665","229"
"185","215022","20220615193000","162","1","雲林縣","土庫鎮","120.375","23.670","186"
"292","215044","20220615193000","239","2","雲林縣","元長鄉","120.335","23.615","319"
"365","215049","20220615193000","333","1","雲林縣","元長鄉","120.335","23.620","373"
"40","215072","20220615193000","45","0","雲林縣","元長鄉","120.350","23.615","43"
"313","215075","20220615193000","223","2","雲林縣","元長鄉","120.340","23.635","294"
"97","215100","20220615193000","290","0","雲林縣","元長鄉","120.330","23.660","103"
"1043","215115","20220615193000","498","3","雲林縣","口湖鄉","120.165","23.615","749"
"279","215539","20220615193000","208","2","南投縣","信義鄉","120.865","23.625","287"
"95","215550","20220615193000","47","3","南投縣","信義鄉","120.895","23.630","95"
"71","215558","20220615193000","82","0","南投縣","信義鄉","120.880","23.635","82"
"202","215647","20220615193000","154","2","南投縣","信義鄉","120.860","23.665","193"
"56","215656","20220615193000","57","0","南投縣","信義鄉","120.855","23.670","71"
"427","216356","20220615193000","267","3","雲林縣","北港鎮","120.295","23.615","416"
"35","216361","20220615193000","31","1","雲林縣","斗南鎮","120.485","23.675","32"
"77","216367","20220615193000","60","2","雲林縣","斗南鎮","120.500","23.680","81"
"46","216370","20220615193000","313","0","雲林縣","斗南鎮","120.480","23.650","42"
"121","216372","20220615193000","109","1","雲林縣","斗南鎮","120.490","23.650","124"
"596","216377","20220615193000","394","3","雲林縣","斗南鎮","120.475","23.660","568"
"28","216386","20220615193000","18","3","雲林縣","元長鄉","120.335","23.630","24"
"234","216394","20220615193000","181","2","雲林縣","元長鄉","120.355","23.620","233"
"874","216409","20220615193000","651","2","雲林縣","元長鄉","120.360","23.640","834"
"56","216416","20220615193000","52","1","雲林縣","水林鄉","120.250","23.615","66"
"1006","216421","20220615193000","650","3","雲林縣","斗南鎮","120.480","23.675","1042"
"110","216424","20220615193000","109","1","雲林縣","斗南鎮","120.480","23.670","147"
"23","216438","20220615193000","18","2","雲林縣","斗六市","120.525","23.670","22"
"182","216439","20220615193000","103","3","雲林縣","斗六市","120.530","23.670","204"
"41","216451","20220615193000","27","3","雲林縣","斗六市","120.625","23.685","34"
"93","216459","20220615193000","260","0","雲林縣","土庫鎮","120.345","23.665","83"
"179","216478","20220615193000","74","3","雲林縣","水林鄉","120.260","23.620","117"
"146","216482","20220615193000","145","1","雲林縣","水林鄉","120.265","23.625","145"
"831","216488","20220615193000","529","3","雲林縣","斗南鎮","120.470","23.680","825"
"633","216489","20220615193000","562","1","雲林縣","斗南鎮","120.475","23.680","659"
"1284","216490","20220615193000","1052","2","雲林縣","斗南鎮","120.480","23.680","1304"
"75","216498","20220615193000","180","0","雲林縣","斗南鎮","120.515","23.645","77"
"357","216500","20220615193000","193","3","雲林縣","斗南鎮","120.505","23.650","356"
"716","216517","20220615193000","405","3","雲林縣","古坑鄉","120.540","23.660","647"
"413","216519","20220615193000","232","3","雲林縣","斗六市","120.525","23.665","403"
"129","216526","20220615193000","216","0","雲林縣","斗南鎮","120.465","23.685","128"
"13","216534","20220615193000","170","0","雲林縣","斗南鎮","120.535","23.650","16"
"339","216543","20220615193000","230","2","雲林縣","斗南鎮","120.505","23.665","341"
"25","216544","20220615193000","124","0","雲林縣","斗南鎮","120.495","23.670","30"
"224","216579","20220615193000","118","3","雲林縣","土庫鎮","120.345","23.660","208"
"287","216583","20220615193000","1033","0","雲林縣","土庫鎮","120.390","23.675","268"
"489","216589","20220615193000","398","2","雲林縣","土庫鎮","120.355","23.685","485"
"92","216593","20220615193000","81","1","雲林縣","北港鎮","120.270","23.615","95"
"167","216595","20220615193000","289","0","雲林縣","大埤鄉","120.465","23.635","182"
"60","216597","20220615193000","193","0","雲林縣","大埤鄉","120.465","23.640","75"
"129","216607","20220615193000","250","0","雲林縣","大埤鄉","120.450","23.650","159"
"77","216617","20220615193000","71","1","南投縣","信義鄉","120.810","23.665","61"
"195","216682","20220615193000","112","3","南投縣","信義鄉","120.865","23.640","189"
"28","216694","20220615193000","25","1","南投縣","信義鄉","120.875","23.660","32"
"25","216718","20220615193000","163","0","雲林縣","古坑鄉","120.565","23.625","27"
"224","216737","20220615193000","871","0","雲林縣","古坑鄉","120.565","23.640","232"
"45","216744","20220615193000","175","0","雲林縣","古坑鄉","120.575","23.645","47"
"93","216754","20220615193000","246","0","雲林縣","古坑鄉","120.550","23.610","83"
"56","216766","20220615193000","156","0","雲林縣","古坑鄉","120.540","23.620","38"
"39","216791","20220615193000","33","1","雲林縣","古坑鄉","120.605","23.670","44"
"48","216792","20220615193000","24","3","雲林縣","古坑鄉","120.595","23.670","38"
"63","216800","20220615193000","127","0","雲林縣","古坑鄉","120.590","23.685","51"
"540","216807","20220615193000","454","1","雲林縣","古坑鄉","120.565","23.645","561"
"10","216815","20220615193000","44","0","雲林縣","古坑鄉","120.615","23.645","17"
"34","216821","20220615193000","22","3","雲林縣","古坑鄉","120.605","23.655","31"
"311","216832","20220615193000","245","2","雲林縣","古坑鄉","120.575","23.675","335"
"234","216841","20220615193000","611","0","雲林縣","古坑鄉","120.570","23.685","262"
"305","216889","20220615193000","207","2","雲林縣","古坑鄉","120.600","23.685","284"
"67","216891","20220615193000","260","0","雲林縣","古坑鄉","120.610","23.685","62"
"11","216893","20220615193000","23","0","雲林縣","古坑鄉","120.620","23.685","11"
"10","216896","20220615193000","10","1","雲林縣","古坑鄉","120.635","23.610","10"
"495","216901","20220615193000","228","3","雲林縣","古坑鄉","120.635","23.615","409"
"61","216906","20220615193000","54","1","雲林縣","古坑鄉","120.640","23.620","62"
"74","216928","20220615193000","404","0","雲林縣","古坑鄉","120.560","23.670","74"
"47","216932","20220615193000","30","3","雲林縣","古坑鄉","120.570","23.610","38"
"77","216938","20220615193000","43","3","雲林縣","古坑鄉","120.575","23.615","68"
"260","216939","20220615193000","154","3","雲林縣","古坑鄉","120.580","23.615","232"
"205","216944","20220615193000","612","0","雲林縣","古坑鄉","120.560","23.620","208"
"67","216948","20220615193000","170","0","雲林縣","古坑鄉","120.580","23.620","50"
"501","216990","20220615193000","509","0","嘉義縣","大林鎮","120.470","23.620","497"
"18","217001","20220615193000","63","0","嘉義縣","大林鎮","120.495","23.620","23"
"34","217013","20220615193000","120","0","嘉義縣","大林鎮","120.500","23.625","40"
"39","217022","20220615193000","23","3","嘉義縣","大林鎮","120.490","23.615","44"
"31","217030","20220615193000","192","0","嘉義縣","大林鎮","120.420","23.615","281"
"657","217035","20220615193000","539","2","嘉義縣","大林鎮","120.435","23.620","629"
"49","217047","20220615193000","114","0","嘉義縣","大林鎮","120.460","23.620","41"
"140","217057","20220615193000","330","0","雲林縣","大埤鄉","120.395","23.625","152"
"109","217065","20220615193000","221","0","雲林縣","大埤鄉","120.380","23.620","382"
"75","217073","20220615193000","165","0","雲林縣","大埤鄉","120.425","23.665","63"
"45","217076","20220615193000","26","3","雲林縣","大埤鄉","120.415","23.665","44"
"89","217087","20220615193000","274","0","雲林縣","大埤鄉","120.470","23.655","92"
"240","217105","20220615193000","466","0","雲林縣","古坑鄉","120.555","23.625","244"
"297","217110","20220615193000","255","1","雲林縣","古坑鄉","120.555","23.630","271"
"45","217112","20220615193000","142","0","雲林縣","古坑鄉","120.550","23.640","47"
"44","217135","20220615193000","21","3","雲林縣","土庫鎮","120.395","23.680","44"
"18","217149","20220615193000","29","0","雲林縣","古坑鄉","120.710","23.610","18"
"32","217196","20220615193000","18","3","雲林縣","古坑鄉","120.590","23.650","33"
"70","217207","20220615193000","57","2","雲林縣","古坑鄉","120.590","23.660","73"
"68","217209","20220615193000","220","0","雲林縣","古坑鄉","120.575","23.665","65"
"1331","217221","20220615193000","446","3","雲林縣","古坑鄉","120.560","23.650","1098"
"92","217222","20220615193000","125","0","雲林縣","古坑鄉","120.560","23.655","99"
"41","217230","20220615193000","79","0","雲林縣","古坑鄉","120.515","23.625","46"
"179","217236","20220615193000","187","0","雲林縣","古坑鄉","120.525","23.630","158"
"28","217239","20220615193000","46","0","雲林縣","古坑鄉","120.520","23.635","28"
"113","217259","20220615193000","63","3","雲林縣","大埤鄉","120.420","23.625","82"
"89","217266","20220615193000","413","0","雲林縣","大埤鄉","120.420","23.635","103"
"587","217403","20220615193000","387","3","嘉義縣","溪口鄉","120.410","23.615","508"
"356","217423","20220615193000","112","3","雲林縣","大埤鄉","120.410","23.640","302"
"362","217432","20220615193000","845","0","雲林縣","大埤鄉","120.430","23.645","402"
"64","217442","20220615193000","169","0","雲林縣","大埤鄉","120.415","23.660","66"
"314","217449","20220615193000","112","3","雲林縣","東勢鄉","120.300","23.680","257"
"161","217458","20220615193000","332","0","雲林縣","東勢鄉","120.265","23.675","142"
"232","217463","20220615193000","398","0","雲林縣","東勢鄉","120.255","23.685","191"
"254","217467","20220615193000","762","0","雲林縣","東勢鄉","120.255","23.675","234"
"257","217468","20220615193000","74","3","雲林縣","東勢鄉","120.250","23.680","272"
"166","217492","20220615193000","209","0","雲林縣","四湖鄉","120.155","23.650","153"
"94","217497","20220615193000","154","0","雲林縣","四湖鄉","120.155","23.655","83"
"132","217526","20220615193000","79","3","雲林縣","元長鄉","120.320","23.615","118"
"113","217546","20220615193000","75","3","雲林縣","四湖鄉","120.190","23.620","112"
"35","217550","20220615193000","100","0","雲林縣","四湖鄉","120.185","23.625","32"
"28","217553","20220615193000","17","3","雲林縣","四湖鄉","120.200","23.625","26"
"646","217561","20220615193000","617","1","雲林縣","四湖鄉","120.230","23.635","620"
"233","217585","20220615193000","207","1","雲林縣","斗六市","120.525","23.675","265"
"236","217589","20220615193000","153","3","雲林縣","斗六市","120.520","23.680","264"
"192","217593","20220615193000","580","0","雲林縣","斗六市","120.510","23.685","179"
"114","217594","20220615193000","222","0","雲林縣","斗六市","120.515","23.685","116"
"462","217597","20220615193000","173","3","雲林縣","斗南鎮","120.470","23.630","415"
"35","217604","20220615193000","18","3","雲林縣","斗南鎮","120.480","23.640","30"
"103","217605","20220615193000","25","3","雲林縣","四湖鄉","120.140","23.620","124"
"162","217610","20220615193000","63","3","雲林縣","四湖鄉","120.150","23.630","156"
"12","217614","20220615193000","46","0","雲林縣","四湖鄉","120.155","23.635","14"
"893","217637","20220615193000","697","2","雲林縣","口湖鄉","120.160","23.610","807"
"11","217641","20220615193000","186","0","雲林縣","元長鄉","120.310","23.615","12"
"582","217646","20220615193000","370","3","雲林縣","元長鄉","120.305","23.625","536"
"419","217654","20220615193000","160","3","雲林縣","元長鄉","120.325","23.655","417"
"451","217663","20220615193000","206","3","雲林縣","元長鄉","120.315","23.640","427"
"688","217673","20220615193000","1617","0","雲林縣","元長鄉","120.315","23.650","684"
"91","217674","20220615193000","111","0","雲林縣","元長鄉","120.300","23.655","92"
"215","217701","20220615193000","192","1","雲林縣","斗六市","120.560","23.675","174"
"13","217703","20220615193000","62","0","雲林縣","斗六市","120.555","23.680","29"
"545","217705","20220615193000","244","3","雲林縣","古坑鄉","120.565","23.680","474"
"38","217707","20220615193000","225","0","雲林縣","斗六市","120.550","23.685","30"
"112","217708","20220615193000","79","2","雲林縣","斗六市","120.555","23.685","127"
"325","217711","20220615193000","786","0","雲林縣","斗六市","120.540","23.675","284"
"37","217712","20220615193000","122","0","雲林縣","斗六市","120.545","23.675","37"
"905","217716","20220615193000","599","3","雲林縣","斗六市","120.545","23.680","971"
"546","217718","20220615193000","420","2","雲林縣","斗六市","120.540","23.685","531"
"92","217728","20220615193000","399","0","雲林縣","大埤鄉","120.450","23.665","83"
"285","217747","20220615193000","189","3","雲林縣","四湖鄉","120.220","23.635","294"
"607","217753","20220615193000","408","2","雲林縣","四湖鄉","120.225","23.645","602"
"216","217774","20220615193000","404","0","雲林縣","四湖鄉","120.175","23.680","173"
"244","217781","20220615193000","160","3","雲林縣","口湖鄉","120.200","23.615","229"
"169","217799","20220615193000","147","1","雲林縣","四湖鄉","120.215","23.635","170"
"643","217801","20220615193000","552","1","雲林縣","四湖鄉","120.225","23.635","637"
"212","217802","20220615193000","200","1","雲林縣","四湖鄉","120.225","23.640","262"
"89","217817","20220615193000","160","0","雲林縣","虎尾鎮","120.405","23.680","85"
"45","217819","20220615193000","141","0","雲林縣","虎尾鎮","120.415","23.680","48"
"585","217821","20220615193000","460","2","雲林縣","虎尾鎮","120.410","23.685","584"
"96","217830","20220615193000","69","2","南投縣","竹山鎮","120.660","23.670","107"
"278","217842","20220615193000","700","0","雲林縣","大埤鄉","120.450","23.630","220"
"68","217845","20220615193000","237","0","雲林縣","大埤鄉","120.465","23.630","77"
"83","217856","20220615193000","56","2","雲林縣","大埤鄉","120.405","23.635","93"
"54","217877","20220615193000","172","0","雲林縣","大埤鄉","120.395","23.650","60"
"333","217883","20220615193000","162","3","雲林縣","大埤鄉","120.400","23.655","341"
"78","217899","20220615193000","150","0","南投縣","竹山鎮","120.670","23.670","70"
"142","218047","20220615193000","161","0","南投縣","竹山鎮","120.795","23.630","109"
"87","218092","20220615193000","151","0","南投縣","竹山鎮","120.790","23.640","31"
"57","218153","20220615193000","149","0","南投縣","竹山鎮","120.765","23.655","40"
"45","218168","20220615193000","40","1","南投縣","竹山鎮","120.745","23.660","29"
"278","218218","20220615193000","326","0","南投縣","竹山鎮","120.760","23.675","216"
"114","218283","20220615193000","104","1","南投縣","竹山鎮","120.655","23.645","107"
"146","218348","20220615193000","108","2","南投縣","竹山鎮","120.665","23.650","142"
"171","218364","20220615193000","127","2","南投縣","竹山鎮","120.665","23.660","169"
"695","218380","20220615193000","288","3","雲林縣","台西鄉","120.210","23.675","673"
"29","218386","20220615193000","152","0","雲林縣","台西鄉","120.225","23.680","25"
"92","218399","20220615193000","284","0","雲林縣","台西鄉","120.180","23.680","101"
"118","218413","20220615193000","193","0","雲林縣","台西鄉","120.210","23.665","106"
"52","219194","20220615193000","33","3","花蓮縣","豐濱鄉","121.555","23.695","52"
"13","221071","20220615193000","14","0","花蓮縣","豐濱鄉","121.560","23.725","13"
"424","222539","20220615193000","344","2","澎湖縣","白沙鄉","119.610","23.750","389"
"74","223443","20220615193000","35","3","澎湖縣","白沙鄉","119.610","23.745","58"
"734","223474","20220615193000","498","2","花蓮縣","鳳林鎮","121.445","23.745","740"
"95","223481","20220615193000","55","3","花蓮縣","鳳林鎮","121.445","23.750","102"
"129","223503","20220615193000","129","1","花蓮縣","光復鄉","121.410","23.685","121"
"15","223515","20220615193000","10","3","花蓮縣","光復鄉","121.485","23.690","21"
"14","223582","20220615193000","10","2","花蓮縣","壽豐鄉","121.560","23.755","14"
"387","223610","20220615193000","325","1","雲林縣","二崙鄉","120.420","23.755","372"
"43","223616","20220615193000","63","0","雲林縣","二崙鄉","120.425","23.755","40"
"155","223971","20220615193000","114","2","花蓮縣","鳳林鎮","121.455","23.745","150"
"222","223986","20220615193000","197","1","花蓮縣","鳳林鎮","121.465","23.755","266"
"227","224005","20220615193000","162","2","花蓮縣","鳳林鎮","121.505","23.710","191"
"71","224077","20220615193000","52","2","花蓮縣","鳳林鎮","121.500","23.760","71"
"39","224149","20220615193000","37","1","花蓮縣","鳳林鎮","121.410","23.700","42"
"357","224179","20220615193000","475","0","花蓮縣","鳳林鎮","121.420","23.710","372"
"25","224210","20220615193000","18","2","花蓮縣","萬榮鄉","121.395","23.715","21"
"41","224212","20220615193000","58","0","花蓮縣","萬榮鄉","121.405","23.715","39"
"568","224231","20220615193000","385","2","花蓮縣","鳳林鎮","121.450","23.750","557"
"254","224245","20220615193000","243","1","花蓮縣","鳳林鎮","121.440","23.725","276"
"830","224262","20220615193000","863","0","花蓮縣","鳳林鎮","121.450","23.745","821"
"78","224269","20220615193000","47","3","雲林縣","土庫鎮","120.370","23.700","73"
"621","224270","20220615193000","402","3","雲林縣","土庫鎮","120.365","23.705","633"
"87","224271","20220615193000","47","3","雲林縣","土庫鎮","120.370","23.705","85"
"482","224272","20220615193000","207","3","雲林縣","土庫鎮","120.365","23.710","466"
"106","224291","20220615193000","58","3","雲林縣","土庫鎮","120.370","23.740","108"
"33","224301","20220615193000","83","0","雲林縣","二崙鄉","120.410","23.750","26"
"476","224303","20220615193000","424","1","雲林縣","二崙鄉","120.410","23.755","464"
"274","224441","20220615193000","93","3","花蓮縣","萬榮鄉","121.400","23.705","252"
"244","224591","20220615193000","222","1","花蓮縣","鳳林鎮","121.450","23.760","235"
"16","224657","20220615193000","12","2","花蓮縣","豐濱鄉","121.550","23.710","16"
"59","224688","20220615193000","42","2","花蓮縣","豐濱鄉","121.560","23.730","39"
"49","224707","20220615193000","147","0","雲林縣","二崙鄉","120.395","23.750","49"
"117","224725","20220615193000","75","3","雲林縣","元長鄉","120.330","23.690","86"
"322","224731","20220615193000","262","2","雲林縣","斗六市","120.565","23.730","339"
"844","224732","20220615193000","593","2","雲林縣","斗六市","120.555","23.735","844"
"15","224733","20220615193000","17","0","雲林縣","斗六市","120.560","23.735","19"
"476","224734","20220615193000","289","3","雲林縣","斗六市","120.565","23.735","503"
"323","224735","20220615193000","280","1","雲林縣","斗六市","120.550","23.740","318"
"76","224737","20220615193000","58","2","雲林縣","斗六市","120.560","23.740","86"
"241","224742","20220615193000","248","0","雲林縣","斗六市","120.560","23.745","235"
"554","224761","20220615193000","402","2","雲林縣","褒忠鄉","120.280","23.705","515"
"331","224763","20220615193000","222","2","雲林縣","東勢鄉","120.270","23.710","347"
"188","224805","20220615193000","112","3","雲林縣","東勢鄉","120.255","23.735","207"
"255","224806","20220615193000","157","3","雲林縣","斗南鎮","120.485","23.690","235"
"131","224834","20220615193000","209","0","南投縣","鹿谷鄉","120.795","23.690","125"
"140","224863","20220615193000","133","1","南投縣","鹿谷鄉","120.780","23.720","118"
"243","224872","20220615193000","172","2","南投縣","鹿谷鄉","120.745","23.760","238"
"88","224873","20220615193000","67","2","南投縣","鹿谷鄉","120.725","23.765","87"
"280","224875","20220615193000","255","1","南投縣","鹿谷鄉","120.735","23.765","276"
"270","224896","20220615193000","281","0","南投縣","鹿谷鄉","120.780","23.705","287"
"47","224900","20220615193000","37","2","南投縣","鹿谷鄉","120.775","23.715","41"
"32","224917","20220615193000","132","0","雲林縣","土庫鎮","120.365","23.730","47"
"304","224920","20220615193000","204","2","雲林縣","土庫鎮","120.385","23.690","275"
"625","224923","20220615193000","260","3","雲林縣","土庫鎮","120.390","23.695","557"
"50","224936","20220615193000","270","0","南投縣","鹿谷鄉","120.770","23.730","49"
"302","224950","20220615193000","316","0","南投縣","鹿谷鄉","120.760","23.740","274"
"280","224951","20220615193000","401","0","南投縣","鹿谷鄉","120.765","23.740","482"
"251","224973","20220615193000","827","0","南投縣","鹿谷鄉","120.775","23.750","254"
"412","225062","20220615193000","366","1","南投縣","鹿谷鄉","120.755","23.725","411"
"16","225085","20220615193000","10","3","南投縣","鹿谷鄉","120.740","23.730","13"
"47","225138","20220615193000","63","0","南投縣","鹿谷鄉","120.820","23.720","29"
"450","225159","20220615193000","432","1","南投縣","鹿谷鄉","120.790","23.730","439"
"385","225192","20220615193000","361","1","南投縣","鹿谷鄉","120.755","23.745","360"
"737","225195","20220615193000","547","2","南投縣","鹿谷鄉","120.755","23.750","722"
"125","225196","20220615193000","146","0","南投縣","鹿谷鄉","120.745","23.755","148"
"592","225206","20220615193000","517","1","雲林縣","麥寮鄉","120.185","23.760","591"
"114","225208","20220615193000","99","1","雲林縣","麥寮鄉","120.175","23.765","80"
"776","225215","20220615193000","761","1","雲林縣","斗六市","120.575","23.725","809"
"197","225247","20220615193000","148","2","南投縣","信義鄉","120.850","23.695","207"
"229","225254","20220615193000","173","2","南投縣","信義鄉","120.885","23.695","198"
"192","225259","20220615193000","157","2","南投縣","信義鄉","120.850","23.700","187"
"267","225307","20220615193000","172","3","南投縣","信義鄉","120.850","23.685","246"
"123","225309","20220615193000","128","0","南投縣","信義鄉","120.850","23.690","133"
"310","225972","20220615193000","190","3","雲林縣","斗南鎮","120.500","23.690","287"
"669","225977","20220615193000","639","1","雲林縣","斗南鎮","120.480","23.700","687"
"230","225978","20220615193000","226","1","雲林縣","斗南鎮","120.485","23.700","251"
"319","225980","20220615193000","353","0","雲林縣","斗南鎮","120.495","23.700","335"
"57","225991","20220615193000","217","0","雲林縣","斗六市","120.500","23.710","45"
"280","226020","20220615193000","163","3","南投縣","水里鄉","120.855","23.730","263"
"2234","226032","20220615193000","1422","3","雲林縣","斗六市","120.535","23.700","2144"
"1559","226033","20220615193000","931","3","雲林縣","斗六市","120.540","23.705","1540"
"1134","226034","20220615193000","1020","1","雲林縣","斗六市","120.555","23.710","1122"
"1254","226037","20220615193000","1205","1","雲林縣","斗六市","120.555","23.715","1253"
"1858","226039","20220615193000","1269","2","雲林縣","斗六市","120.525","23.695","1820"
"969","226040","20220615193000","707","2","雲林縣","斗六市","120.530","23.695","973"
"189","226041","20220615193000","368","0","雲林縣","斗六市","120.530","23.700","180"
"3207","226042","20220615193000","1621","3","雲林縣","斗六市","120.535","23.705","3295"
"81","226047","20220615193000","71","1","雲林縣","斗六市","120.560","23.725","85"
"403","226050","20220615193000","394","1","雲林縣","斗六市","120.530","23.730","448"
"61","226056","20220615193000","321","0","雲林縣","斗六市","120.530","23.735","76"
"19","226057","20220615193000","29","0","雲林縣","斗六市","120.535","23.735","34"
"202","226058","20220615193000","222","0","雲林縣","斗六市","120.540","23.735","225"
"426","226062","20220615193000","287","2","雲林縣","斗六市","120.540","23.740","408"
"19","226065","20220615193000","10","3","雲林縣","斗六市","120.505","23.690","14"
"30","226070","20220615193000","26","1","雲林縣","斗六市","120.505","23.700","36"
"276","226075","20220615193000","281","0","雲林縣","斗六市","120.510","23.705","304"
"783","226079","20220615193000","500","3","雲林縣","斗六市","120.525","23.690","827"
"227","226080","20220615193000","781","0","雲林縣","斗六市","120.530","23.690","211"
"686","226081","20220615193000","738","0","雲林縣","斗六市","120.535","23.690","627"
"856","226083","20220615193000","541","3","雲林縣","斗六市","120.595","23.710","856"
"32","226086","20220615193000","75","0","雲林縣","斗六市","120.590","23.715","19"
"359","226091","20220615193000","296","2","雲林縣","斗六市","120.595","23.715","317"
"39","226098","20220615193000","22","3","雲林縣","斗六市","120.625","23.695","29"
"216","226124","20220615193000","168","2","雲林縣","斗六市","120.600","23.715","221"
"21","226125","20220615193000","20","1","雲林縣","斗六市","120.610","23.715","18"
"16","226131","20220615193000","41","0","雲林縣","斗六市","120.605","23.715","24"
"2373","226137","20220615193000","2087","1","雲林縣","斗六市","120.540","23.700","2396"
"196","226143","20220615193000","211","0","雲林縣","斗六市","120.505","23.715","203"
"504","226146","20220615193000","422","1","雲林縣","斗六市","120.525","23.715","499"
"616","226149","20220615193000","480","2","雲林縣","斗六市","120.505","23.720","581"
"178","226151","20220615193000","186","0","雲林縣","斗六市","120.515","23.720","185"
"560","226153","20220615193000","565","0","雲林縣","斗六市","120.525","23.720","573"
"878","226159","20220615193000","726","2","雲林縣","斗六市","120.520","23.725","869"
"334","226168","20220615193000","1033","0","雲林縣","土庫鎮","120.355","23.705","325"
"34","226173","20220615193000","306","0","雲林縣","斗南鎮","120.475","23.690","29"
"300","226174","20220615193000","197","3","雲林縣","斗南鎮","120.480","23.690","265"
"333","226175","20220615193000","316","1","雲林縣","斗南鎮","120.465","23.695","344"
"165","226182","20220615193000","139","1","雲林縣","崙背鄉","120.345","23.755","177"
"103","226190","20220615193000","390","0","雲林縣","崙背鄉","120.305","23.755","118"
"238","226206","20220615193000","139","3","雲林縣","土庫鎮","120.345","23.695","231"
"89","226232","20220615193000","360","0","南投縣","水里鄉","120.845","23.745","98"
"103","226253","20220615193000","49","3","南投縣","水里鄉","120.855","23.765","103"
"439","226259","20220615193000","346","2","雲林縣","虎尾鎮","120.445","23.705","464"
"366","226261","20220615193000","356","1","雲林縣","虎尾鎮","120.455","23.705","385"
"1333","226263","20220615193000","1061","2","雲林縣","虎尾鎮","120.450","23.710","1298"
"567","226265","20220615193000","344","3","雲林縣","虎尾鎮","120.445","23.710","535"
"378","226266","20220615193000","367","1","雲林縣","虎尾鎮","120.450","23.715","405"
"251","226267","20220615193000","200","2","雲林縣","虎尾鎮","120.415","23.715","303"
"612","226268","20220615193000","450","2","雲林縣","虎尾鎮","120.420","23.715","623"
"347","226277","20220615193000","315","1","雲林縣","虎尾鎮","120.420","23.725","364"
"753","226286","20220615193000","560","2","雲林縣","虎尾鎮","120.425","23.735","720"
"395","226287","20220615193000","334","1","雲林縣","虎尾鎮","120.415","23.740","384"
"322","226291","20220615193000","369","0","雲林縣","斗六市","120.575","23.715","336"
"379","226293","20220615193000","416","0","雲林縣","斗六市","120.580","23.720","354"
"718","226294","20220615193000","636","1","雲林縣","斗六市","120.585","23.720","709"
"392","226298","20220615193000","406","0","雲林縣","斗六市","120.585","23.725","401"
"41","226299","20220615193000","129","0","雲林縣","斗六市","120.590","23.725","42"
"131","226300","20220615193000","119","1","雲林縣","斗六市","120.595","23.725","132"
"310","226302","20220615193000","246","2","雲林縣","斗六市","120.590","23.730","310"
"182","226669","20220615193000","438","0","雲林縣","崙背鄉","120.380","23.750","201"
"10","226674","20220615193000","106","0","雲林縣","崙背鄉","120.385","23.755","12"
"403","226678","20220615193000","168","3","雲林縣","崙背鄉","120.375","23.760","380"
"478","226684","20220615193000","329","2","雲林縣","斗六市","120.560","23.695","464"
"173","226686","20220615193000","117","2","雲林縣","斗六市","120.555","23.700","173"
"290","226687","20220615193000","180","3","雲林縣","斗六市","120.560","23.700","320"
"310","226689","20220615193000","284","1","雲林縣","斗六市","120.560","23.705","351"
"523","226695","20220615193000","497","1","雲林縣","斗六市","120.575","23.700","560"
"52","226701","20220615193000","259","0","雲林縣","斗六市","120.605","23.700","46"
"21","226707","20220615193000","15","2","雲林縣","斗六市","120.600","23.705","16"
"1031","226714","20220615193000","508","3","雲林縣","虎尾鎮","120.430","23.715","974"
"398","226715","20220615193000","499","0","雲林縣","虎尾鎮","120.440","23.715","390"
"38","226718","20220615193000","63","0","雲林縣","斗六市","120.570","23.690","31"
"149","226726","20220615193000","80","3","雲林縣","古坑鄉","120.605","23.695","161"
"250","226731","20220615193000","174","2","雲林縣","虎尾鎮","120.400","23.715","269"
"78","226733","20220615193000","340","0","雲林縣","虎尾鎮","120.410","23.715","85"
"449","226737","20220615193000","489","0","雲林縣","虎尾鎮","120.445","23.715","455"
"117","226738","20220615193000","95","2","雲林縣","虎尾鎮","120.445","23.720","117"
"586","226739","20220615193000","513","1","雲林縣","虎尾鎮","120.450","23.720","616"
"551","226749","20220615193000","352","3","雲林縣","東勢鄉","120.250","23.715","565"
"773","226761","20220615193000","323","3","雲林縣","莿桐鄉","120.500","23.750","748"
"643","226763","20220615193000","223","3","雲林縣","莿桐鄉","120.510","23.750","596"
"293","226767","20220615193000","981","0","雲林縣","莿桐鄉","120.500","23.760","294"
"80","226768","20220615193000","406","0","雲林縣","莿桐鄉","120.505","23.760","96"
"65","226770","20220615193000","29","3","雲林縣","莿桐鄉","120.500","23.765","60"
"312","226788","20220615193000","278","1","雲林縣","虎尾鎮","120.405","23.700","295"
"407","226802","20220615193000","321","2","雲林縣","虎尾鎮","120.460","23.710","398"
"65","226804","20220615193000","73","0","雲林縣","虎尾鎮","120.470","23.710","67"
"579","226807","20220615193000","510","1","雲林縣","虎尾鎮","120.470","23.715","528"
"197","226810","20220615193000","159","2","雲林縣","虎尾鎮","120.460","23.715","225"
"245","226820","20220615193000","166","2","雲林縣","東勢鄉","120.245","23.690","283"
"24","226824","20220615193000","54","0","雲林縣","斗六市","120.600","23.725","21"
"179","226828","20220615193000","192","0","雲林縣","林內鄉","120.595","23.735","222"
"178","226841","20220615193000","691","0","雲林縣","林內鄉","120.595","23.750","178"
"35","226857","20220615193000","237","0","雲林縣","林內鄉","120.635","23.755","49"
"1092","226870","20220615193000","853","2","雲林縣","林內鄉","120.610","23.755","1026"
"472","226877","20220615193000","335","2","雲林縣","林內鄉","120.615","23.765","420"
"187","226880","20220615193000","547","0","雲林縣","林內鄉","120.620","23.765","205"
"482","226886","20220615193000","390","2","雲林縣","林內鄉","120.615","23.760","513"
"36","226902","20220615193000","20","3","雲林縣","林內鄉","120.615","23.745","48"
"45","226903","20220615193000","76","0","雲林縣","林內鄉","120.620","23.745","45"
"28","226920","20220615193000","59","0","雲林縣","林內鄉","120.625","23.720","34"
"189","226924","20220615193000","155","2","雲林縣","林內鄉","120.610","23.725","191"
"104","226957","20220615193000","200","0","雲林縣","林內鄉","120.590","23.760","80"
"1745","226964","20220615193000","2375","0","雲林縣","斗六市","120.555","23.705","1767"
"1303","226965","20220615193000","927","2","雲林縣","斗六市","120.530","23.715","1332"
"643","226966","20220615193000","511","2","雲林縣","斗六市","120.535","23.710","717"
"1473","226967","20220615193000","1480","0","雲林縣","斗六市","120.535","23.715","1383"
"98","227221","20220615193000","54","3","雲林縣","斗六市","120.545","23.720","108"
"88","227224","20220615193000","229","0","雲林縣","斗六市","120.540","23.725","139"
"69","227240","20220615193000","176","0","雲林縣","東勢鄉","120.270","23.705","66"
"20","227244","20220615193000","191","0","雲林縣","東勢鄉","120.285","23.690","20"
"511","227262","20220615193000","279","3","雲林縣","東勢鄉","120.250","23.705","507"
"110","227268","20220615193000","84","2","雲林縣","西螺鎮","120.460","23.760","146"
"1825","227273","20220615193000","1018","3","雲林縣","斗六市","120.545","23.715","1742"
"99","227274","20220615193000","114","0","雲林縣","斗六市","120.565","23.710","107"
"926","227276","20220615193000","845","1","雲林縣","斗六市","120.565","23.715","910"
"200","227279","20220615193000","168","1","雲林縣","斗六市","120.560","23.715","202"
"591","227280","20220615193000","384","3","雲林縣","斗六市","120.565","23.720","565"
"140","227287","20220615193000","367","0","雲林縣","土庫鎮","120.345","23.705","121"
"218","227301","20220615193000","134","3","雲林縣","斗六市","120.520","23.695","230"
"19","227302","20220615193000","51","0","雲林縣","斗六市","120.520","23.700","28"
"311","227303","20220615193000","360","0","雲林縣","斗六市","120.525","23.700","323"
"29","227305","20220615193000","62","0","雲林縣","斗六市","120.525","23.705","24"
"95","227306","20220615193000","1228","0","雲林縣","斗六市","120.530","23.705","101"
"30","227309","20220615193000","58","0","雲林縣","斗六市","120.525","23.710","24"
"238","227316","20220615193000","252","0","雲林縣","斗六市","120.515","23.715","260"
"215","227320","20220615193000","144","2","雲林縣","斗六市","120.565","23.695","232"
"1277","227328","20220615193000","1908","0","雲林縣","斗六市","120.540","23.710","1244"
"1084","227329","20220615193000","748","2","雲林縣","斗六市","120.540","23.715","1089"
"925","227330","20220615193000","884","1","雲林縣","斗六市","120.550","23.715","925"
"32","227339","20220615193000","231","0","雲林縣","斗六市","120.565","23.750","28"
"2537","227348","20220615193000","2586","0","雲林縣","斗六市","120.545","23.710","2417"
"598","227349","20220615193000","1040","0","雲林縣","斗六市","120.540","23.690","570"
"229","227350","20220615193000","1135","0","雲林縣","斗六市","120.550","23.710","219"
"508","227351","20220615193000","150","3","雲林縣","崙背鄉","120.360","23.755","488"
"154","227355","20220615193000","332","0","雲林縣","崙背鄉","120.370","23.755","178"
"1019","227359","20220615193000","980","1","雲林縣","崙背鄉","120.350","23.760","1012"
"175","227365","20220615193000","149","1","雲林縣","崙背鄉","120.330","23.750","177"
"608","227373","20220615193000","231","3","雲林縣","崙背鄉","120.315","23.755","623"
"62","227383","20220615193000","166","0","雲林縣","崙背鄉","120.335","23.760","76"
"200","227395","20220615193000","194","1","雲林縣","西螺鎮","120.435","23.755","200"
"244","227444","20220615193000","552","0","雲林縣","台西鄉","120.200","23.715","260"
"120","227446","20220615193000","83","2","雲林縣","台西鄉","120.210","23.715","138"
"458","227476","20220615193000","1369","0","雲林縣","台西鄉","120.200","23.700","497"
"1042","227502","20220615193000","945","1","南投縣","竹山鎮","120.695","23.760","1079"
"368","227503","20220615193000","275","2","南投縣","竹山鎮","120.685","23.765","305"
"75","227504","20220615193000","97","0","南投縣","竹山鎮","120.690","23.765","74"
"301","227505","20220615193000","283","1","南投縣","竹山鎮","120.695","23.765","313"
"53","227537","20220615193000","119","0","南投縣","竹山鎮","120.725","23.755","58"
"26","227540","20220615193000","61","0","南投縣","竹山鎮","120.710","23.760","27"
"211","227544","20220615193000","164","2","雲林縣","莿桐鄉","120.525","23.735","257"
"86","227559","20220615193000","370","0","雲林縣","莿桐鄉","120.505","23.730","70"
"60","227564","20220615193000","283","0","雲林縣","莿桐鄉","120.515","23.735","59"
"108","227570","20220615193000","395","0","雲林縣","莿桐鄉","120.515","23.740","110"
"39","227577","20220615193000","146","0","雲林縣","莿桐鄉","120.490","23.760","36"
"30","227580","20220615193000","39","0","雲林縣","虎尾鎮","120.435","23.715","30"
"467","227581","20220615193000","367","2","雲林縣","虎尾鎮","120.435","23.720","429"
"197","227585","20220615193000","135","2","雲林縣","虎尾鎮","120.435","23.735","169"
"511","227588","20220615193000","297","3","雲林縣","虎尾鎮","120.435","23.690","532"
"402","227593","20220615193000","460","0","雲林縣","虎尾鎮","120.435","23.695","452"
"131","227603","20220615193000","465","0","雲林縣","土庫鎮","120.375","23.705","128"
"343","227604","20220615193000","175","3","雲林縣","虎尾鎮","120.380","23.705","351"
"304","227632","20220615193000","188","3","雲林縣","褒忠鄉","120.340","23.735","294"
"729","227636","20220615193000","708","1","南投縣","竹山鎮","120.680","23.750","802"
"697","227637","20220615193000","594","1","南投縣","竹山鎮","120.675","23.755","675"
"2423","227638","20220615193000","2170","1","南投縣","竹山鎮","120.680","23.755","2326"
"76","227639","20220615193000","106","0","南投縣","竹山鎮","120.685","23.755","62"
"86","227640","20220615193000","544","0","雲林縣","虎尾鎮","120.420","23.700","88"
"341","227642","20220615193000","232","2","雲林縣","虎尾鎮","120.420","23.705","345"
"595","227645","20220615193000","480","2","雲林縣","虎尾鎮","120.420","23.710","665"
"3452","227647","20220615193000","2914","1","雲林縣","虎尾鎮","120.435","23.710","2959"
"232","227655","20220615193000","233","0","雲林縣","褒忠鄉","120.310","23.720","212"
"246","227684","20220615193000","243","1","雲林縣","虎尾鎮","120.405","23.725","275"
"229","227697","20220615193000","73","3","雲林縣","虎尾鎮","120.395","23.735","192"
"189","227698","20220615193000","150","2","雲林縣","虎尾鎮","120.400","23.735","185"
"367","227706","20220615193000","216","3","雲林縣","虎尾鎮","120.405","23.740","288"
"1781","227716","20220615193000","1642","1","雲林縣","虎尾鎮","120.430","23.705","1609"
"729","227717","20220615193000","590","2","雲林縣","虎尾鎮","120.435","23.705","743"
"204","227722","20220615193000","115","3","雲林縣","崙背鄉","120.345","23.750","198"
"504","227728","20220615193000","777","0","雲林縣","崙背鄉","120.350","23.750","513"
"47","227730","20220615193000","330","0","雲林縣","崙背鄉","120.350","23.755","55"
"45","227733","20220615193000","41","1","雲林縣","虎尾鎮","120.400","23.710","43"
"653","227738","20220615193000","610","1","雲林縣","虎尾鎮","120.430","23.710","715"
"303","227741","20220615193000","221","2","雲林縣","斗南鎮","120.485","23.720","303"
"15","227744","20220615193000","16","0","雲林縣","虎尾鎮","120.485","23.725","13"
"402","227745","20220615193000","254","3","雲林縣","虎尾鎮","120.490","23.725","430"
"192","227748","20220615193000","147","2","雲林縣","虎尾鎮","120.480","23.730","197"
"1122","227763","20220615193000","674","3","雲林縣","虎尾鎮","120.440","23.710","1063"
"101","227766","20220615193000","580","0","雲林縣","虎尾鎮","120.390","23.705","109"
"494","227798","20220615193000","545","0","南投縣","竹山鎮","120.710","23.765","491"
"641","227807","20220615193000","591","1","南投縣","竹山鎮","120.700","23.765","667"
"189","227808","20220615193000","209","0","南投縣","竹山鎮","120.705","23.765","190"
"482","227840","20220615193000","599","0","南投縣","竹山鎮","120.685","23.760","461"
"206","227841","20220615193000","135","3","南投縣","竹山鎮","120.670","23.760","188"
"235","227842","20220615193000","696","0","南投縣","竹山鎮","120.675","23.760","235"
"228","227852","20220615193000","149","3","南投縣","竹山鎮","120.650","23.705","199"
"31","227871","20220615193000","93","0","南投縣","竹山鎮","120.655","23.720","26"
"15","227880","20220615193000","649","0","雲林縣","崙背鄉","120.355","23.760","12"
"517","227882","20220615193000","635","0","雲林縣","虎尾鎮","120.430","23.700","523"
"928","227894","20220615193000","604","3","雲林縣","虎尾鎮","120.460","23.725","911"
"339","227907","20220615193000","182","3","雲林縣","虎尾鎮","120.465","23.740","378"
"2300","227921","20220615193000","1806","2","雲林縣","褒忠鄉","120.315","23.695","2155"
"109","227938","20220615193000","87","2","南投縣","竹山鎮","120.715","23.695","111"
"19","227947","20220615193000","18","1","南投縣","竹山鎮","120.715","23.705","18"
"18","227979","20220615193000","32","0","南投縣","竹山鎮","120.700","23.705","15"
"576","228012","20220615193000","313","3","雲林縣","褒忠鄉","120.285","23.700","544"
"848","228016","20220615193000","658","2","雲林縣","褒忠鄉","120.315","23.710","789"
"214","228047","20220615193000","154","2","南投縣","竹山鎮","120.665","23.755","238"
"540","228051","20220615193000","426","2","南投縣","竹山鎮","120.665","23.760","522"
"812","228091","20220615193000","339","3","雲林縣","台西鄉","120.215","23.740","855"
"274","228138","20220615193000","279","0","雲林縣","崙背鄉","120.295","23.760","282"
"59","228142","20220615193000","318","0","雲林縣","虎尾鎮","120.440","23.720","359"
"776","228151","20220615193000","262","3","雲林縣","麥寮鄉","120.260","23.750","786"
"446","228157","20220615193000","221","3","雲林縣","麥寮鄉","120.255","23.760","418"
"2248","228161","20220615193000","1524","2","雲林縣","斗六市","120.545","23.705","2217"
"414","228162","20220615193000","429","0","雲林縣","斗六市","120.550","23.705","367"
"186","228194","20220615193000","154","2","南投縣","竹山鎮","120.705","23.745","183"
"45","228199","20220615193000","35","2","南投縣","竹山鎮","120.700","23.750","40"
"544","228200","20220615193000","408","2","南投縣","竹山鎮","120.690","23.755","564"
"82","228205","20220615193000","75","1","南投縣","竹山鎮","120.680","23.745","82"
"258","228207","20220615193000","251","1","南投縣","竹山鎮","120.675","23.750","250"
"284","228209","20220615193000","621","0","雲林縣","台西鄉","120.210","23.720","107"
"1505","228228","20220615193000","814","3","雲林縣","台西鄉","120.220","23.720","1717"
"46","228231","20220615193000","22","3","雲林縣","台西鄉","120.215","23.700","50"
"198","228245","20220615193000","316","0","雲林縣","台西鄉","120.190","23.700","185"
"94","228266","20220615193000","192","0","雲林縣","麥寮鄉","120.260","23.745","66"
"2024","228271","20220615193000","743","3","雲林縣","麥寮鄉","120.250","23.750","1928"
"2268","228272","20220615193000","2052","1","雲林縣","麥寮鄉","120.255","23.750","2175"
"424","228274","20220615193000","361","1","雲林縣","麥寮鄉","120.265","23.750","582"
"106","228278","20220615193000","479","0","雲林縣","莿桐鄉","120.480","23.745","119"
"1202","228283","20220615193000","913","2","雲林縣","西螺鎮","120.465","23.755","1144"
"242","228312","20220615193000","901","0","雲林縣","麥寮鄉","120.240","23.750","235"
"277","228321","20220615193000","176","3","雲林縣","台西鄉","120.220","23.750","272"
"485","228335","20220615193000","336","2","雲林縣","虎尾鎮","120.420","23.690","476"
"337","228337","20220615193000","227","2","雲林縣","虎尾鎮","120.425","23.695","313"
"2985","228338","20220615193000","2500","1","雲林縣","虎尾鎮","120.425","23.700","3055"
"72","228340","20220615193000","764","0","雲林縣","虎尾鎮","120.425","23.710","66"
"38","228375","20220615193000","71","0","南投縣","竹山鎮","120.665","23.725","35"
"55","228395","20220615193000","96","0","南投縣","竹山鎮","120.690","23.725","50"
"167","228399","20220615193000","94","3","南投縣","竹山鎮","120.710","23.725","147"
"26","228402","20220615193000","167","0","南投縣","竹山鎮","120.690","23.730","26"
"270","228415","20220615193000","1024","0","南投縣","竹山鎮","120.680","23.760","180"
"204","228711","20220615193000","159","2","雲林縣","麥寮鄉","120.170","23.770","167"
"183","230307","20220615193000","214","0","雲林縣","麥寮鄉","120.180","23.795","125"
"43","232186","20220615193000","29","2","花蓮縣","壽豐鄉","121.585","23.825","31"
"124","233034","20220615193000","85","2","花蓮縣","壽豐鄉","121.565","23.780","116"
"17","233064","20220615193000","10","3","花蓮縣","壽豐鄉","121.570","23.800","11"
"57","233104","20220615193000","36","3","花蓮縣","壽豐鄉","121.460","23.810","68"
"313","233119","20220615193000","204","3","花蓮縣","壽豐鄉","121.475","23.815","308"
"165","233140","20220615193000","124","2","花蓮縣","壽豐鄉","121.480","23.825","159"
"588","233238","20220615193000","495","1","花蓮縣","壽豐鄉","121.515","23.840","580"
"17","233277","20220615193000","11","3","花蓮縣","壽豐鄉","121.590","23.840","10"
"90","233282","20220615193000","142","0","雲林縣","二崙鄉","120.420","23.815","89"
"203","234014","20220615193000","192","1","花蓮縣","鳳林鎮","121.455","23.800","217"
"93","234015","20220615193000","92","1","花蓮縣","鳳林鎮","121.460","23.800","103"
"311","234042","20220615193000","277","1","花蓮縣","萬榮鄉","121.445","23.810","371"
"1139","234074","20220615193000","1462","0","雲林縣","二崙鄉","120.415","23.770","1038"
"44","234106","20220615193000","223","0","雲林縣","二崙鄉","120.410","23.815","57"
"66","234119","20220615193000","15","3","雲林縣","二崙鄉","120.415","23.795","74"
"115","234120","20220615193000","333","0","雲林縣","二崙鄉","120.420","23.795","125"
"492","234127","20220615193000","346","2","雲林縣","二崙鄉","120.385","23.795","496"
"342","234130","20220615193000","295","1","雲林縣","二崙鄉","120.380","23.800","381"
"385","234162","20220615193000","146","3","雲林縣","二崙鄉","120.395","23.820","359"
"228","234274","20220615193000","132","3","花蓮縣","鳳林鎮","121.460","23.780","235"
"77","234277","20220615193000","47","3","花蓮縣","鳳林鎮","121.460","23.785","92"
"89","234283","20220615193000","358","0","雲林縣","二崙鄉","120.410","23.805","102"
"34","234324","20220615193000","135","0","雲林縣","二崙鄉","120.395","23.765","49"
"445","234338","20220615193000","377","1","雲林縣","二崙鄉","120.365","23.805","436"
"248","234373","20220615193000","137","3","雲林縣","二崙鄉","120.375","23.795","251"
"262","234386","20220615193000","596","0","雲林縣","二崙鄉","120.395","23.790","269"
"874","234401","20220615193000","379","3","雲林縣","西螺鎮","120.470","23.795","822"
"304","234404","20220615193000","222","2","雲林縣","西螺鎮","120.470","23.800","289"
"259","234406","20220615193000","153","3","雲林縣","西螺鎮","120.480","23.800","183"
"1499","234413","20220615193000","782","3","雲林縣","西螺鎮","120.450","23.785","1558"
"500","234424","20220615193000","336","2","雲林縣","麥寮鄉","120.270","23.770","432"
"649","234432","20220615193000","374","3","雲林縣","麥寮鄉","120.265","23.780","629"
"153","234453","20220615193000","25","3","雲林縣","麥寮鄉","120.235","23.790","154"
"152","234454","20220615193000","468","0","雲林縣","麥寮鄉","120.240","23.790","195"
"2014","234481","20220615193000","1445","2","南投縣","水里鄉","120.855","23.815","2024"
"207","234482","20220615193000","138","3","南投縣","水里鄉","120.860","23.815","232"
"13","234513","20220615193000","260","0","雲林縣","西螺鎮","120.485","23.785","1240"
"328","234539","20220615193000","203","3","雲林縣","西螺鎮","120.450","23.775","313"
"860","234540","20220615193000","383","3","雲林縣","西螺鎮","120.445","23.780","816"
"38","234570","20220615193000","31","2","南投縣","鹿谷鄉","120.740","23.775","34"
"357","234591","20220615193000","253","2","南投縣","水里鄉","120.845","23.820","359"
"185","234630","20220615193000","161","1","南投縣","水里鄉","120.930","23.795","187"
"195","234678","20220615193000","648","0","南投縣","水里鄉","120.850","23.815","213"
"187","234703","20220615193000","171","1","南投縣","水里鄉","120.845","23.775","169"
"529","234721","20220615193000","381","2","彰化縣","溪州鄉","120.515","23.815","478"
"171","234765","20220615193000","119","2","南投縣","鹿谷鄉","120.785","23.790","167"
"181","234802","20220615193000","91","3","南投縣","鹿谷鄉","120.785","23.805","172"
"56","234826","20220615193000","50","1","南投縣","鹿谷鄉","120.785","23.765","59"
"66","234843","20220615193000","45","2","南投縣","鹿谷鄉","120.775","23.775","68"
"153","234859","20220615193000","89","3","南投縣","鹿谷鄉","120.775","23.785","138"
"88","234881","20220615193000","70","2","雲林縣","麥寮鄉","120.195","23.775","106"
"119","234888","20220615193000","100","1","雲林縣","麥寮鄉","120.180","23.785","114"
"75","234892","20220615193000","100","0","雲林縣","麥寮鄉","120.200","23.785","55"
"264","234900","20220615193000","249","1","雲林縣","麥寮鄉","120.205","23.790","248"
"1558","234906","20220615193000","720","3","雲林縣","麥寮鄉","120.260","23.790","1367"
"1364","234915","20220615193000","696","3","雲林縣","麥寮鄉","120.220","23.795","1097"
"575","234934","20220615193000","194","3","雲林縣","麥寮鄉","120.230","23.795","427"
"1303","234937","20220615193000","566","3","雲林縣","麥寮鄉","120.245","23.795","1184"
"23","234945","20220615193000","15","3","雲林縣","麥寮鄉","120.190","23.800","22"
"69","234949","20220615193000","53","2","雲林縣","麥寮鄉","120.210","23.800","82"
"1309","234952","20220615193000","1093","1","雲林縣","麥寮鄉","120.225","23.800","1270"
"320","234961","20220615193000","190","3","雲林縣","麥寮鄉","120.270","23.800","313"
"48","234965","20220615193000","66","0","雲林縣","麥寮鄉","120.195","23.805","65"
"105","234967","20220615193000","131","0","雲林縣","麥寮鄉","120.205","23.805","61"
"183","234997","20220615193000","184","0","雲林縣","麥寮鄉","120.215","23.815","120"
"11","235080","20220615193000","101","0","南投縣","信義鄉","120.940","23.820","11"
"12","235214","20220615193000","23","0","南投縣","信義鄉","120.980","23.785","12"
"111","235228","20220615193000","231","0","雲林縣","崙背鄉","120.350","23.775","113"
"305","235235","20220615193000","132","3","雲林縣","崙背鄉","120.345","23.785","291"
"13","235239","20220615193000","281","0","雲林縣","崙背鄉","120.350","23.790","13"
"759","235274","20220615193000","718","1","南投縣","水里鄉","120.850","23.810","763"
"299","235297","20220615193000","285","1","彰化縣","溪州鄉","120.505","23.815","317"
"906","235309","20220615193000","775","1","彰化縣","溪州鄉","120.540","23.830","895"
"547","235350","20220615193000","430","2","彰化縣","溪州鄉","120.490","23.830","545"
"187","235352","20220615193000","182","1","彰化縣","溪州鄉","120.475","23.835","168"
"406","235362","20220615193000","301","2","彰化縣","溪州鄉","120.480","23.845","392"
"147","235370","20220615193000","185","0","彰化縣","溪州鄉","120.500","23.840","173"
"587","235385","20220615193000","337","3","雲林縣","崙背鄉","120.325","23.780","530"
"48","235403","20220615193000","39","2","南投縣","水里鄉","120.855","23.795","46"
"342","235405","20220615193000","212","3","南投縣","水里鄉","120.865","23.795","303"
"496","235409","20220615193000","547","0","南投縣","水里鄉","120.860","23.800","470"
"299","235459","20220615193000","274","1","南投縣","水里鄉","120.825","23.810","297"
"15","235490","20220615193000","85","0","南投縣","水里鄉","120.865","23.835","18"
"58","235505","20220615193000","42","2","南投縣","水里鄉","120.870","23.845","46"
"76","235509","20220615193000","351","0","南投縣","名間鄉","120.635","23.835","480"
"397","235515","20220615193000","333","1","南投縣","名間鄉","120.705","23.820","414"
"260","235521","20220615193000","230","1","南投縣","名間鄉","120.715","23.830","255"
"1202","235523","20220615193000","1188","1","南投縣","名間鄉","120.705","23.835","1213"
"79","235527","20220615193000","95","0","南投縣","名間鄉","120.725","23.835","84"
"185","235539","20220615193000","144","2","南投縣","名間鄉","120.665","23.820","174"
"642","235555","20220615193000","390","3","南投縣","集集鎮","120.795","23.825","648"
"146","235556","20220615193000","354","0","南投縣","集集鎮","120.795","23.830","156"
"41","235703","20220615193000","55","0","南投縣","信義鄉","120.915","23.785","53"
"256","235812","20220615193000","203","2","南投縣","信義鄉","120.940","23.795","278"
"63","236275","20220615193000","216","0","南投縣","名間鄉","120.660","23.835","51"
"317","236286","20220615193000","261","2","南投縣","名間鄉","120.655","23.845","354"
"63","236299","20220615193000","72","0","南投縣","名間鄉","120.695","23.810","55"
"136","236318","20220615193000","76","3","彰化縣","二水鄉","120.635","23.830","102"
"512","236322","20220615193000","346","2","南投縣","名間鄉","120.630","23.840","406"
"212","236329","20220615193000","157","2","彰化縣","溪州鄉","120.515","23.830","222"
"134","236334","20220615193000","96","2","彰化縣","溪州鄉","120.520","23.835","149"
"18","236347","20220615193000","50","0","彰化縣","溪州鄉","120.510","23.845","18"
"173","236374","20220615193000","136","2","彰化縣","溪州鄉","120.580","23.820","150"
"329","236389","20220615193000","300","1","彰化縣","溪州鄉","120.470","23.830","315"
"358","236394","20220615193000","347","1","南投縣","名間鄉","120.695","23.835","344"
"733","236405","20220615193000","647","1","南投縣","名間鄉","120.700","23.835","783"
"78","236406","20220615193000","25","3","彰化縣","二水鄉","120.650","23.810","64"
"51","236410","20220615193000","203","0","南投縣","名間鄉","120.645","23.820","42"
"225","236415","20220615193000","123","3","南投縣","名間鄉","120.655","23.830","212"
"528","236419","20220615193000","190","3","彰化縣","大城鄉","120.345","23.845","549"
"332","236421","20220615193000","245","2","彰化縣","大城鄉","120.300","23.840","357"
"382","236449","20220615193000","251","3","彰化縣","溪州鄉","120.565","23.815","357"
"231","236455","20220615193000","205","1","彰化縣","溪州鄉","120.560","23.830","260"
"76","236462","20220615193000","279","0","雲林縣","莿桐鄉","120.540","23.765","63"
"464","236463","20220615193000","295","3","雲林縣","莿桐鄉","120.530","23.770","432"
"222","236470","20220615193000","184","2","南投縣","名間鄉","120.630","23.845","208"
"143","236472","20220615193000","114","2","南投縣","名間鄉","120.640","23.845","149"
"325","236479","20220615193000","234","2","南投縣","名間鄉","120.690","23.845","336"
"233","236481","20220615193000","257","0","南投縣","名間鄉","120.700","23.845","258"
"699","236492","20220615193000","466","3","雲林縣","林內鄉","120.610","23.770","675"
"135","236494","20220615193000","140","0","雲林縣","林內鄉","120.610","23.775","153"
"118","236509","20220615193000","321","0","雲林縣","林內鄉","120.625","23.775","116"
"167","236557","20220615193000","320","0","南投縣","集集鎮","120.800","23.825","132"
"17","236558","20220615193000","90","0","南投縣","集集鎮","120.805","23.825","16"
"325","236563","20220615193000","114","3","南投縣","集集鎮","120.765","23.820","324"
"45","236573","20220615193000","110","0","南投縣","集集鎮","120.770","23.845","49"
"176","236578","20220615193000","216","0","南投縣","集集鎮","120.815","23.825","196"
"493","236593","20220615193000","1075","0","南投縣","集集鎮","120.785","23.825","519"
"323","236635","20220615193000","207","3","彰化縣","大城鄉","120.350","23.835","339"
"401","236679","20220615193000","250","3","彰化縣","大城鄉","120.275","23.845","368"
"287","236695","20220615193000","203","2","南投縣","信義鄉","120.905","23.770","291"
"85","236721","20220615193000","382","0","彰化縣","二水鄉","120.615","23.810","74"
"1137","236741","20220615193000","256","3","雲林縣","莿桐鄉","120.500","23.780","885"
"363","236758","20220615193000","106","3","彰化縣","二水鄉","120.630","23.830","255"
"414","236765","20220615193000","558","0","彰化縣","二水鄉","120.610","23.815","376"
"506","236771","20220615193000","319","3","彰化縣","二水鄉","120.635","23.795","526"
"22","236772","20220615193000","43","0","彰化縣","二水鄉","120.640","23.795","17"
"2633","236781","20220615193000","1036","3","雲林縣","西螺鎮","120.440","23.780","2541"
"426","236785","20220615193000","281","3","雲林縣","西螺鎮","120.430","23.790","434"
"667","236786","20220615193000","132","3","雲林縣","西螺鎮","120.435","23.790","606"
"41","236796","20220615193000","198","0","彰化縣","二水鄉","120.640","23.805","35"
"40","236801","20220615193000","302","0","彰化縣","二水鄉","120.605","23.825","45"
"416","236814","20220615193000","998","0","彰化縣","二水鄉","120.620","23.810","430"
"309","237024","20220615193000","360","0","雲林縣","莿桐鄉","120.515","23.775","309"
"392","237025","20220615193000","284","2","雲林縣","莿桐鄉","120.520","23.775","405"
"1337","237039","20220615193000","398","3","雲林縣","西螺鎮","120.435","23.800","1373"
"1017","237048","20220615193000","216","3","雲林縣","西螺鎮","120.440","23.810","999"
"393","237053","20220615193000","360","1","雲林縣","西螺鎮","120.465","23.795","437"
"1536","237054","20220615193000","1291","1","雲林縣","西螺鎮","120.465","23.800","1516"
"19","237056","20220615193000","249","0","雲林縣","西螺鎮","120.465","23.765","15"
"1379","237062","20220615193000","897","3","雲林縣","西螺鎮","120.475","23.785","1379"
"258","237066","20220615193000","99","3","雲林縣","西螺鎮","120.475","23.765","235"
"68","237068","20220615193000","494","0","雲林縣","西螺鎮","120.460","23.795","64"
"1046","237069","20220615193000","1382","0","雲林縣","西螺鎮","120.460","23.800","1020"
"1783","237075","20220615193000","654","3","雲林縣","西螺鎮","120.440","23.800","1770"
"410","237076","20220615193000","267","3","雲林縣","西螺鎮","120.455","23.790","403"
"185","237078","20220615193000","2734","0","雲林縣","西螺鎮","120.455","23.800","194"
"29","237081","20220615193000","128","0","彰化縣","二水鄉","120.635","23.810","29"
"14","237089","20220615193000","13","1","彰化縣","二水鄉","120.640","23.800","16"
"72","237103","20220615193000","226","0","彰化縣","二水鄉","120.630","23.800","60"
"81","237115","20220615193000","44","3","彰化縣","二水鄉","120.655","23.800","68"
"421","237141","20220615193000","343","2","雲林縣","崙背鄉","120.325","23.795","420"
"221","237147","20220615193000","144","3","雲林縣","崙背鄉","120.340","23.800","237"
"133","237182","20220615193000","114","1","雲林縣","崙背鄉","120.310","23.790","131"
"200","237186","20220615193000","208","0","雲林縣","崙背鄉","120.305","23.795","211"
"33","237187","20220615193000","28","1","雲林縣","崙背鄉","120.310","23.795","30"
"926","237189","20220615193000","356","3","雲林縣","麥寮鄉","120.295","23.800","901"
"102","237228","20220615193000","66","3","彰化縣","田中鎮","120.605","23.845","98"
"29","237236","20220615193000","33","0","彰化縣","溪州鄉","120.455","23.825","44"
"176","237241","20220615193000","209","0","彰化縣","竹塘鄉","120.445","23.835","200"
"33","237254","20220615193000","28","1","雲林縣","莿桐鄉","120.560","23.775","31"
"778","237255","20220615193000","562","2","雲林縣","莿桐鄉","120.565","23.775","742"
"38","237256","20220615193000","204","0","雲林縣","莿桐鄉","120.570","23.775","43"
"289","237302","20220615193000","165","3","雲林縣","莿桐鄉","120.550","23.765","293"
"19","237358","20220615193000","140","0","南投縣","竹山鎮","120.680","23.770","31"
"104","237361","20220615193000","163","0","南投縣","竹山鎮","120.680","23.775","92"
"164","237386","20220615193000","156","1","南投縣","竹山鎮","120.650","23.770","166"
"216","237414","20220615193000","225","0","南投縣","竹山鎮","120.730","23.815","204"
"205","237424","20220615193000","214","0","南投縣","竹山鎮","120.715","23.765","200"
"385","237434","20220615193000","472","0","南投縣","竹山鎮","120.705","23.780","419"
"184","237436","20220615193000","182","1","南投縣","竹山鎮","120.715","23.780","184"
"308","237453","20220615193000","338","0","南投縣","竹山鎮","120.695","23.770","298"
"16","237456","20220615193000","102","0","南投縣","竹山鎮","120.695","23.775","79"
"217","237489","20220615193000","150","2","彰化縣","竹塘鄉","120.400","23.845","246"
"62","237498","20220615193000","407","0","雲林縣","麥寮鄉","120.240","23.770","859"
"229","237499","20220615193000","93","3","雲林縣","麥寮鄉","120.245","23.770","199"
"53","237516","20220615193000","272","0","雲林縣","崙背鄉","120.355","23.765","61"
"131","237531","20220615193000","87","3","南投縣","竹山鎮","120.750","23.815","126"
"482","237559","20220615193000","452","1","南投縣","竹山鎮","120.715","23.800","466"
"159","237593","20220615193000","158","1","南投縣","魚池鄉","120.895","23.835","153"
"156","237595","20220615193000","230","0","南投縣","魚池鄉","120.905","23.835","122"
"393","237603","20220615193000","398","0","南投縣","竹山鎮","120.715","23.805","378"
"279","237607","20220615193000","167","3","南投縣","竹山鎮","120.730","23.810","287"
"321","237611","20220615193000","262","2","南投縣","竹山鎮","120.725","23.810","321"
"164","237614","20220615193000","297","0","南投縣","竹山鎮","120.720","23.815","162"
"10","237638","20220615193000","11","0","南投縣","魚池鄉","120.915","23.845","10"
"88","237670","20220615193000","74","1","南投縣","魚池鄉","120.885","23.820","78"
"477","237685","20220615193000","316","3","雲林縣","麥寮鄉","120.290","23.765","437"
"96","237741","20220615193000","60","3","南投縣","集集鎮","120.760","23.830","96"
"82","237745","20220615193000","57","2","南投縣","集集鎮","120.760","23.835","67"
"184","237775","20220615193000","92","3","南投縣","集集鎮","120.750","23.840","184"
"257","237785","20220615193000","207","2","南投縣","集集鎮","120.745","23.830","240"
"46","237788","20220615193000","40","1","南投縣","集集鎮","120.740","23.835","42"
"94","237801","20220615193000","251","0","南投縣","集集鎮","120.780","23.825","78"
"349","237819","20220615193000","154","3","雲林縣","莿桐鄉","120.505","23.765","375"
"334","237826","20220615193000","199","3","雲林縣","莿桐鄉","120.520","23.765","310"
"1304","237833","20220615193000","438","3","雲林縣","西螺鎮","120.480","23.770","1189"
"378","237848","20220615193000","307","2","雲林縣","麥寮鄉","120.290","23.795","380"
"1979","237860","20220615193000","1437","2","雲林縣","麥寮鄉","120.275","23.795","1909"
"497","237864","20220615193000","377","2","雲林縣","麥寮鄉","120.280","23.795","528"
"18","237872","20220615193000","109","0","彰化縣","田中鎮","120.560","23.845","23"
"170","237874","20220615193000","123","2","彰化縣","田中鎮","120.570","23.845","164"
"78","237878","20220615193000","55","2","彰化縣","田中鎮","120.580","23.840","86"
"364","237881","20220615193000","301","2","彰化縣","田中鎮","120.595","23.840","315"
"82","237884","20220615193000","395","0","彰化縣","田中鎮","120.595","23.845","86"
"250","237895","20220615193000","182","2","彰化縣","田中鎮","120.595","23.830","270"
"172","237900","20220615193000","432","0","雲林縣","莿桐鄉","120.535","23.775","186"
"56","240440","20220615193000","58","0","花蓮縣","壽豐鄉","121.605","23.885","48"
"215","242904","20220615193000","190","1","花蓮縣","秀林鄉","121.500","23.920","201"
"158","242957","20220615193000","121","2","花蓮縣","壽豐鄉","121.530","23.865","148"
"160","242963","20220615193000","133","2","花蓮縣","壽豐鄉","121.525","23.870","169"
"1193","242988","20220615193000","972","2","花蓮縣","壽豐鄉","121.510","23.870","1039"
"708","243010","20220615193000","740","0","花蓮縣","壽豐鄉","121.520","23.890","746"
"23","243014","20220615193000","82","0","花蓮縣","壽豐鄉","121.540","23.890","24"
"341","243023","20220615193000","594","0","花蓮縣","壽豐鄉","121.555","23.895","382"
"367","243053","20220615193000","386","0","花蓮縣","壽豐鄉","121.535","23.895","408"
"271","243054","20220615193000","495","0","花蓮縣","壽豐鄉","121.540","23.895","281"
"357","243055","20220615193000","405","0","花蓮縣","壽豐鄉","121.545","23.895","377"
"320","243057","20220615193000","252","2","花蓮縣","壽豐鄉","121.530","23.895","345"
"581","243065","20220615193000","506","1","花蓮縣","壽豐鄉","121.530","23.900","586"
"625","243069","20220615193000","781","0","花蓮縣","壽豐鄉","121.550","23.900","656"
"1024","243073","20220615193000","847","2","花蓮縣","壽豐鄉","121.530","23.905","1029"
"155","243089","20220615193000","118","2","花蓮縣","壽豐鄉","121.520","23.915","153"
"109","243103","20220615193000","55","3","花蓮縣","壽豐鄉","121.550","23.920","97"
"66","243143","20220615193000","72","0","花蓮縣","壽豐鄉","121.555","23.865","73"
"58","243149","20220615193000","64","0","花蓮縣","壽豐鄉","121.555","23.870","51"
"58","243164","20220615193000","62","0","花蓮縣","壽豐鄉","121.585","23.880","68"
"39","243184","20220615193000","46","0","花蓮縣","壽豐鄉","121.595","23.905","27"
"10","243217","20220615193000","12","0","花蓮縣","壽豐鄉","121.510","23.905","10"
"37","243230","20220615193000","77","0","花蓮縣","壽豐鄉","121.520","23.845","67"
"537","243249","20220615193000","482","1","花蓮縣","壽豐鄉","121.495","23.850","568"
"516","243255","20220615193000","462","1","花蓮縣","壽豐鄉","121.490","23.855","518"
"111","243262","20220615193000","93","1","花蓮縣","壽豐鄉","121.485","23.855","105"
"134","243315","20220615193000","117","1","花蓮縣","壽豐鄉","121.600","23.870","126"
"45","243324","20220615193000","27","3","花蓮縣","壽豐鄉","121.590","23.885","32"
"26","243336","20220615193000","24","1","花蓮縣","壽豐鄉","121.600","23.900","10"
"170","243338","20220615193000","198","0","花蓮縣","壽豐鄉","121.600","23.905","108"
"84","243339","20220615193000","36","3","花蓮縣","壽豐鄉","121.605","23.905","56"
"661","243392","20220615193000","669","0","彰化縣","二林鎮","120.360","23.895","632"
"1300","243393","20220615193000","913","2","彰化縣","二林鎮","120.370","23.900","1303"
"362","243406","20220615193000","300","2","彰化縣","二林鎮","120.390","23.865","280"
"123","243422","20220615193000","163","0","彰化縣","二林鎮","120.415","23.910","129"
"406","243424","20220615193000","354","1","彰化縣","二林鎮","120.425","23.910","418"
"297","243439","20220615193000","263","1","彰化縣","二林鎮","120.360","23.865","261"
"376","243447","20220615193000","294","2","彰化縣","二林鎮","120.360","23.880","417"
"510","243770","20220615193000","487","1","彰化縣","二林鎮","120.365","23.890","508"
"627","243772","20220615193000","780","0","彰化縣","二林鎮","120.370","23.895","581"
"722","243777","20220615193000","480","3","彰化縣","二林鎮","120.425","23.895","716"
"355","243783","20220615193000","449","0","彰化縣","二林鎮","120.365","23.900","362"
"433","243796","20220615193000","375","1","彰化縣","二林鎮","120.440","23.875","417"
"83","243827","20220615193000","93","0","南投縣","水里鄉","120.865","23.905","100"
"322","243861","20220615193000","89","3","彰化縣","大城鄉","120.325","23.860","282"
"1344","243867","20220615193000","1159","1","彰化縣","大城鄉","120.320","23.850","1207"
"38","243883","20220615193000","33","1","彰化縣","埤頭鄉","120.480","23.870","39"
"667","243900","20220615193000","679","0","彰化縣","埤頭鄉","120.470","23.915","711"
"318","243909","20220615193000","184","3","彰化縣","埤頭鄉","120.460","23.925","336"
"61","243970","20220615193000","50","2","南投縣","中寮鄉","120.800","23.905","73"
"146","244008","20220615193000","133","1","南投縣","中寮鄉","120.805","23.925","152"
"368","244044","20220615193000","141","3","南投縣","中寮鄉","120.750","23.895","356"
"27","244051","20220615193000","54","0","南投縣","中寮鄉","120.765","23.900","26"
"39","244098","20220615193000","111","0","南投縣","中寮鄉","120.790","23.860","33"
"27","244101","20220615193000","52","0","南投縣","中寮鄉","120.805","23.860","22"
"692","244122","20220615193000","455","3","彰化縣","埤頭鄉","120.480","23.890","617"
"308","244129","20220615193000","270","1","彰化縣","埤頭鄉","120.460","23.860","301"
"71","244142","20220615193000","433","0","彰化縣","埤頭鄉","120.460","23.880","586"
"1414","244150","20220615193000","1091","2","彰化縣","埤頭鄉","120.465","23.890","1305"
"161","244159","20220615193000","392","0","南投縣","中寮鄉","120.760","23.880","147"
"346","244163","20220615193000","547","0","南投縣","中寮鄉","120.775","23.885","344"
"405","244211","20220615193000","265","3","南投縣","中寮鄉","120.735","23.895","387"
"78","244235","20220615193000","57","2","南投縣","中寮鄉","120.770","23.920","97"
"126","244247","20220615193000","269","0","南投縣","中寮鄉","120.830","23.860","97"
"150","244274","20220615193000","86","3","南投縣","中寮鄉","120.800","23.880","117"
"64","244326","20220615193000","570","0","南投縣","中寮鄉","120.710","23.895","58"
"61","244341","20220615193000","54","1","彰化縣","員林鎮","120.580","23.925","50"
"30","244360","20220615193000","41","0","南投縣","中寮鄉","120.795","23.905","70"
"14","244380","20220615193000","19","0","南投縣","中寮鄉","120.720","23.915","14"
"165","244392","20220615193000","114","2","南投縣","中寮鄉","120.725","23.925","163"
"82","244395","20220615193000","60","2","南投縣","中寮鄉","120.740","23.925","84"
"1046","244397","20220615193000","1001","1","彰化縣","二林鎮","120.375","23.895","913"
"1179","244398","20220615193000","1040","1","彰化縣","二林鎮","120.380","23.895","1219"
"254","244411","20220615193000","227","1","南投縣","南投市","120.695","23.915","224"
"350","244414","20220615193000","631","0","南投縣","南投市","120.695","23.920","374"
"547","244415","20220615193000","430","2","南投縣","南投市","120.700","23.920","566"
"106","244420","20220615193000","73","2","南投縣","南投市","120.640","23.925","87"
"1863","244422","20220615193000","2065","0","南投縣","南投市","120.690","23.905","1803"
"604","244426","20220615193000","569","1","彰化縣","永靖鄉","120.545","23.920","611"
"332","244429","20220615193000","332","1","彰化縣","永靖鄉","120.570","23.925","334"
"61","244451","20220615193000","57","1","南投縣","水里鄉","120.870","23.880","60"
"641","244465","20220615193000","494","2","彰化縣","溪州鄉","120.500","23.855","665"
"125","244468","20220615193000","135","0","彰化縣","溪州鄉","120.505","23.860","124"
"150","244477","20220615193000","152","0","南投縣","南投市","120.635","23.905","158"
"391","244478","20220615193000","385","1","南投縣","南投市","120.640","23.905","384"
"19","244480","20220615193000","21","0","南投縣","南投市","120.635","23.910","19"
"46","244488","20220615193000","29","3","彰化縣","社頭鄉","120.635","23.920","42"
"154","244490","20220615193000","185","0","南投縣","南投市","120.650","23.920","154"
"494","244492","20220615193000","591","0","彰化縣","永靖鄉","120.535","23.920","506"
"358","244498","20220615193000","323","1","彰化縣","永靖鄉","120.515","23.915","347"
"412","244499","20220615193000","297","2","彰化縣","永靖鄉","120.520","23.915","411"
"459","244512","20220615193000","480","0","彰化縣","永靖鄉","120.560","23.920","466"
"119","244516","20220615193000","330","0","彰化縣","永靖鄉","120.535","23.925","116"
"1414","244517","20220615193000","1735","0","彰化縣","永靖鄉","120.540","23.925","1419"
"323","244520","20220615193000","209","3","彰化縣","永靖鄉","120.560","23.910","331"
"10","244528","20220615193000","12","0","彰化縣","永靖鄉","120.540","23.915","10"
"36","244530","20220615193000","249","0","彰化縣","永靖鄉","120.545","23.910","37"
"106","244534","20220615193000","101","1","彰化縣","田尾鄉","120.530","23.910","105"
"56","244537","20220615193000","525","0","彰化縣","永靖鄉","120.550","23.920","49"
"66","244540","20220615193000","518","0","彰化縣","永靖鄉","120.550","23.925","49"
"78","244544","20220615193000","496","0","彰化縣","永靖鄉","120.505","23.920","79"
"397","244566","20220615193000","88","3","彰化縣","大城鄉","120.285","23.865","397"
"204","244576","20220615193000","31","3","彰化縣","大城鄉","120.290","23.870","227"
"604","244605","20220615193000","468","2","彰化縣","芳苑鄉","120.345","23.910","619"
"19","244609","20220615193000","406","0","彰化縣","芳苑鄉","120.350","23.915","17"
"319","244612","20220615193000","216","2","彰化縣","芳苑鄉","120.350","23.920","306"
"27","244615","20220615193000","23","1","彰化縣","芳苑鄉","120.355","23.925","23"
"249","244624","20220615193000","99","3","彰化縣","芳苑鄉","120.315","23.895","253"
"68","244639","20220615193000","50","2","彰化縣","芳苑鄉","120.305","23.905","65"
"1976","244674","20220615193000","1764","1","南投縣","南投市","120.695","23.900","1734"
"99","244675","20220615193000","77","2","南投縣","南投市","120.685","23.925","82"
"167","244677","20220615193000","148","1","南投縣","南投市","120.695","23.925","157"
"317","244693","20220615193000","347","0","南投縣","南投市","120.680","23.895","338"
"20","244694","20220615193000","13","3","南投縣","南投市","120.685","23.895","19"
"2070","244695","20220615193000","1803","1","南投縣","南投市","120.685","23.900","2049"
"339","244696","20220615193000","351","0","南投縣","南投市","120.690","23.900","414"
"159","244697","20220615193000","143","1","彰化縣","溪州鄉","120.480","23.850","172"
"46","244698","20220615193000","407","0","彰化縣","溪州鄉","120.485","23.850","45"
"680","244700","20220615193000","600","1","彰化縣","溪州鄉","120.495","23.850","656"
"769","244706","20220615193000","835","0","南投縣","南投市","120.680","23.910","803"
"392","244716","20220615193000","259","3","南投縣","南投市","120.675","23.900","392"
"240","244717","20220615193000","252","0","南投縣","南投市","120.680","23.905","251"
"1543","244720","20220615193000","1034","2","南投縣","南投市","120.675","23.905","1477"
"37","244738","20220615193000","32","1","南投縣","埔里鎮","120.990","23.925","27"
"134","244739","20220615193000","120","1","南投縣","埔里鎮","120.995","23.925","125"
"107","244741","20220615193000","91","1","南投縣","仁愛鄉","121.010","23.925","124"
"594","244742","20220615193000","633","0","彰化縣","溪州鄉","120.495","23.855","583"
"15","244748","20220615193000","40","0","彰化縣","溪州鄉","120.515","23.850","11"
"34","244772","20220615193000","41","0","南投縣","水里鄉","120.865","23.855","45"
"226","244790","20220615193000","147","3","南投縣","名間鄉","120.675","23.870","224"
"260","244793","20220615193000","239","1","彰化縣","田中鎮","120.625","23.855","277"
"133","244800","20220615193000","84","3","南投縣","名間鄉","120.630","23.855","127"
"166","244806","20220615193000","94","3","南投縣","名間鄉","120.635","23.860","153"
"666","244815","20220615193000","492","2","南投縣","名間鄉","120.705","23.875","679"
"130","244846","20220615193000","85","3","南投縣","名間鄉","120.635","23.880","133"
"560","244854","20220615193000","336","3","南投縣","南投市","120.690","23.910","578"
"731","244855","20220615193000","636","1","南投縣","南投市","120.690","23.915","759"
"163","244860","20220615193000","222","0","南投縣","南投市","120.655","23.915","153"
"878","244865","20220615193000","688","2","南投縣","南投市","120.665","23.920","847"
"863","244867","20220615193000","558","3","南投縣","南投市","120.675","23.920","894"
"756","244868","20220615193000","734","1","南投縣","南投市","120.680","23.920","754"
"812","244869","20220615193000","539","3","南投縣","南投市","120.670","23.925","836"
"644","244870","20220615193000","597","1","南投縣","南投市","120.675","23.925","691"
"1345","244872","20220615193000","1032","2","南投縣","南投市","120.685","23.910","1326"
"2222","244873","20220615193000","2379","0","南投縣","南投市","120.685","23.905","2218"
"153","244874","20220615193000","188","0","南投縣","南投市","120.705","23.900","177"
"139","244875","20220615193000","150","0","南投縣","南投市","120.710","23.900","115"
"136","244880","20220615193000","122","1","南投縣","南投市","120.695","23.905","123"
"425","244881","20220615193000","396","1","南投縣","南投市","120.700","23.905","460"
"440","244890","20220615193000","443","0","南投縣","南投市","120.705","23.915","417"
"832","244893","20220615193000","838","0","彰化縣","溪州鄉","120.495","23.865","734"
"610","244909","20220615193000","669","0","彰化縣","埤頭鄉","120.460","23.890","639"
"781","244910","20220615193000","627","2","彰化縣","埤頭鄉","120.455","23.895","682"
"603","244911","20220615193000","593","1","彰化縣","埤頭鄉","120.460","23.895","591"
"529","244918","20220615193000","415","2","彰化縣","埤頭鄉","120.495","23.885","527"
"760","244922","20220615193000","499","3","彰化縣","埤頭鄉","120.495","23.890","714"
"223","244924","20220615193000","176","2","彰化縣","埤頭鄉","120.480","23.895","236"
"394","244925","20220615193000","389","1","彰化縣","埤頭鄉","120.485","23.895","446"
"739","244953","20220615193000","710","1","彰化縣","北斗鎮","120.515","23.875","724"
"393","244955","20220615193000","261","3","彰化縣","北斗鎮","120.515","23.865","420"
"53","244956","20220615193000","380","0","彰化縣","北斗鎮","120.520","23.865","57"
"465","244958","20220615193000","905","0","彰化縣","北斗鎮","120.520","23.870","479"
"533","244960","20220615193000","467","1","彰化縣","埤頭鄉","120.460","23.850","537"
"255","244961","20220615193000","242","1","彰化縣","埤頭鄉","120.465","23.850","262"
"200","244970","20220615193000","148","2","南投縣","名間鄉","120.645","23.865","213"
"179","244972","20220615193000","200","0","南投縣","名間鄉","120.650","23.870","166"
"942","244974","20220615193000","652","2","南投縣","名間鄉","120.655","23.870","890"
"388","244987","20220615193000","340","1","南投縣","名間鄉","120.670","23.850","406"
"360","244993","20220615193000","304","1","南投縣","名間鄉","120.675","23.855","336"
"787","245005","20220615193000","639","2","南投縣","名間鄉","120.695","23.865","798"
"227","245007","20220615193000","227","1","南投縣","名間鄉","120.685","23.870","226"
"328","245016","20220615193000","215","3","南投縣","名間鄉","120.685","23.880","361"
"99","245017","20220615193000","414","0","南投縣","名間鄉","120.690","23.880","98"
"157","245037","20220615193000","131","1","南投縣","名間鄉","120.705","23.865","151"
"302","245042","20220615193000","269","1","彰化縣","溪州鄉","120.525","23.850","297"
"350","245076","20220615193000","38","3","彰化縣","大城鄉","120.295","23.885","339"
"500","245099","20220615193000","155","3","彰化縣","大城鄉","120.300","23.890","458"
"714","245133","20220615193000","179","3","彰化縣","大城鄉","120.330","23.865","724"
"87","245150","20220615193000","215","0","彰化縣","大城鄉","120.295","23.855","67"
"194","245157","20220615193000","185","1","彰化縣","北斗鎮","120.530","23.855","193"
"1261","245161","20220615193000","1198","1","彰化縣","北斗鎮","120.530","23.870","1342"
"205","245165","20220615193000","184","1","彰化縣","北斗鎮","120.545","23.870","203"
"452","245169","20220615193000","288","3","彰化縣","芳苑鄉","120.320","23.920","428"
"97","245184","20220615193000","50","3","南投縣","名間鄉","120.625","23.850","87"
"124","245191","20220615193000","136","0","南投縣","名間鄉","120.690","23.850","175"
"257","245192","20220615193000","224","1","南投縣","名間鄉","120.695","23.850","268"
"1386","245211","20220615193000","355","3","彰化縣","大城鄉","120.290","23.860","1395"
"141","245214","20220615193000","79","3","彰化縣","大城鄉","120.300","23.865","139"
"197","245216","20220615193000","53","3","彰化縣","大城鄉","120.300","23.870","209"
"596","245296","20220615193000","237","3","南投縣","南投市","120.635","23.895","558"
"800","245305","20220615193000","711","1","南投縣","南投市","120.660","23.925","822"
"19","245311","20220615193000","11","3","南投縣","南投市","120.670","23.905","22"
"36","245312","20220615193000","170","0","南投縣","南投市","120.665","23.910","50"
"384","245314","20220615193000","1182","0","南投縣","南投市","120.675","23.910","407"
"875","245316","20220615193000","1253","0","南投縣","南投市","120.680","23.915","898"
"1890","245320","20220615193000","1400","2","彰化縣","北斗鎮","120.520","23.880","1841"
"704","245325","20220615193000","543","2","彰化縣","北斗鎮","120.530","23.875","734"
"360","245329","20220615193000","212","3","彰化縣","北斗鎮","120.535","23.880","355"
"39","245332","20220615193000","812","0","彰化縣","北斗鎮","120.525","23.870","46"
"590","245335","20220615193000","163","3","彰化縣","大城鄉","120.310","23.875","602"
"298","245353","20220615193000","239","2","彰化縣","大城鄉","120.315","23.870","342"
"302","245376","20220615193000","257","1","彰化縣","北斗鎮","120.510","23.880","327"
"78","245379","20220615193000","261","0","彰化縣","田尾鄉","120.515","23.890","71"
"357","245489","20220615193000","271","2","南投縣","仁愛鄉","120.990","23.905","337"
"29","245503","20220615193000","25","1","南投縣","仁愛鄉","121.005","23.910","37"
"26","245515","20220615193000","20","2","南投縣","埔里鎮","121.010","23.920","27"
"22","245723","20220615193000","24","0","南投縣","仁愛鄉","121.025","23.910","21"
"272","245728","20220615193000","297","0","南投縣","仁愛鄉","121.050","23.910","289"
"39","245748","20220615193000","86","0","南投縣","仁愛鄉","121.030","23.920","24"
"158","246363","20220615193000","374","0","彰化縣","北斗鎮","120.525","23.880","166"
"204","246370","20220615193000","211","0","彰化縣","北斗鎮","120.555","23.855","220"
"707","246377","20220615193000","586","2","彰化縣","北斗鎮","120.550","23.865","744"
"314","246388","20220615193000","239","2","彰化縣","埤頭鄉","120.455","23.850","317"
"370","246394","20220615193000","265","2","彰化縣","二林鎮","120.410","23.920","400"
"34","246402","20220615193000","570","0","彰化縣","二林鎮","120.365","23.895","29"
"675","246404","20220615193000","466","2","彰化縣","二林鎮","120.405","23.895","667"
"215","246436","20220615193000","255","0","彰化縣","芳苑鄉","120.380","23.925","216"
"599","246446","20220615193000","422","2","彰化縣","芳苑鄉","120.330","23.895","610"
"162","246468","20220615193000","138","1","彰化縣","芳苑鄉","120.330","23.915","186"
"175","246471","20220615193000","124","2","彰化縣","芳苑鄉","120.335","23.920","147"
"1202","246472","20220615193000","1091","1","彰化縣","北斗鎮","120.525","23.875","1109"
"215","246476","20220615193000","173","2","彰化縣","北斗鎮","120.560","23.850","208"
"77","246477","20220615193000","82","0","彰化縣","北斗鎮","120.540","23.855","99"
"105","246480","20220615193000","81","2","彰化縣","北斗鎮","120.550","23.855","86"
"487","246488","20220615193000","307","3","彰化縣","北斗鎮","120.535","23.870","507"
"124","246493","20220615193000","123","1","彰化縣","二林鎮","120.395","23.890","144"
"433","246499","20220615193000","284","3","彰化縣","大城鄉","120.315","23.850","421"
"199","246518","20220615193000","220","0","南投縣","南投市","120.670","23.890","240"
"641","246522","20220615193000","541","1","南投縣","南投市","120.690","23.890","647"
"1064","246530","20220615193000","894","1","彰化縣","社頭鄉","120.605","23.915","1083"
"594","246531","20220615193000","291","3","彰化縣","田中鎮","120.585","23.875","617"
"223","246534","20220615193000","196","1","彰化縣","田中鎮","120.575","23.865","225"
"418","246537","20220615193000","290","2","彰化縣","田中鎮","120.575","23.875","365"
"148","246545","20220615193000","142","1","彰化縣","田尾鄉","120.510","23.905","199"
"458","246547","20220615193000","320","2","彰化縣","竹塘鄉","120.415","23.850","454"
"421","246558","20220615193000","470","0","彰化縣","田尾鄉","120.535","23.905","402"
"1783","246566","20220615193000","882","3","彰化縣","社頭鄉","120.580","23.895","1844"
"1225","246568","20220615193000","564","3","彰化縣","社頭鄉","120.580","23.900","1226"
"2298","246569","20220615193000","1123","3","彰化縣","社頭鄉","120.580","23.905","2304"
"116","246573","20220615193000","257","0","彰化縣","田尾鄉","120.525","23.885","118"
"234","246574","20220615193000","326","0","彰化縣","田尾鄉","120.530","23.885","266"
"362","246579","20220615193000","254","2","彰化縣","田尾鄉","120.535","23.890","350"
"785","246581","20220615193000","521","3","彰化縣","田尾鄉","120.535","23.895","733"
"850","246583","20220615193000","705","2","彰化縣","田尾鄉","120.530","23.900","876"
"31","246608","20220615193000","37","0","彰化縣","社頭鄉","120.620","23.925","26"
"1536","246615","20220615193000","1361","1","彰化縣","竹塘鄉","120.430","23.855","1535"
"608","246618","20220615193000","593","1","彰化縣","竹塘鄉","120.420","23.875","586"
"262","246630","20220615193000","174","3","彰化縣","竹塘鄉","120.375","23.850","282"
"2666","246654","20220615193000","867","3","彰化縣","社頭鄉","120.585","23.900","2575"
"1300","246659","20220615193000","461","3","彰化縣","社頭鄉","120.585","23.890","1233"
"379","246669","20220615193000","230","3","彰化縣","竹塘鄉","120.445","23.860","372"
"12","246687","20220615193000","11","1","南投縣","魚池鄉","120.905","23.850","11"
"570","246711","20220615193000","408","2","南投縣","魚池鄉","120.910","23.860","487"
"209","246720","20220615193000","162","2","南投縣","魚池鄉","120.900","23.865","170"
"167","246722","20220615193000","186","0","南投縣","魚池鄉","120.910","23.865","155"
"273","246735","20220615193000","215","2","南投縣","魚池鄉","120.925","23.870","226"
"332","246739","20220615193000","266","2","南投縣","魚池鄉","120.935","23.895","316"
"550","246741","20220615193000","441","2","南投縣","魚池鄉","120.935","23.900","520"
"490","246742","20220615193000","369","2","南投縣","魚池鄉","120.940","23.900","465"
"257","246747","20220615193000","271","0","彰化縣","芳苑鄉","120.350","23.900","259"
"280","246748","20220615193000","221","2","彰化縣","二林鎮","120.355","23.900","292"
"169","246749","20220615193000","151","1","彰化縣","芳苑鄉","120.360","23.900","173"
"47","246750","20220615193000","72","0","彰化縣","芳苑鄉","120.345","23.905","43"
"169","246758","20220615193000","134","2","彰化縣","芳苑鄉","120.355","23.920","177"
"271","246770","20220615193000","270","1","彰化縣","芳苑鄉","120.335","23.890","278"
"18","246777","20220615193000","28","0","南投縣","魚池鄉","120.925","23.875","20"
"267","246788","20220615193000","188","2","南投縣","魚池鄉","120.925","23.885","254"
"169","246822","20220615193000","98","3","南投縣","魚池鄉","120.905","23.880","148"
"11","246823","20220615193000","12","0","南投縣","魚池鄉","120.875","23.885","11"
"23","246824","20220615193000","98","0","南投縣","魚池鄉","120.880","23.885","17"
"54","246826","20220615193000","70","0","南投縣","魚池鄉","120.890","23.885","55"
"18","246832","20220615193000","16","1","南投縣","魚池鄉","120.880","23.890","18"
"26","246857","20220615193000","17","3","南投縣","魚池鄉","120.890","23.905","21"
"22","246858","20220615193000","28","0","南投縣","魚池鄉","120.895","23.905","21"
"15","246870","20220615193000","21","0","南投縣","魚池鄉","120.890","23.910","10"
"13","246871","20220615193000","10","2","南投縣","魚池鄉","120.895","23.910","15"
"96","246893","20220615193000","98","0","南投縣","魚池鄉","120.955","23.900","78"
"199","246906","20220615193000","188","1","南投縣","魚池鄉","120.955","23.910","214"
"113","246920","20220615193000","135","0","南投縣","魚池鄉","120.965","23.915","127"
"70","246922","20220615193000","91","0","南投縣","魚池鄉","120.965","23.920","58"
"13","246930","20220615193000","19","0","南投縣","魚池鄉","120.950","23.865","13"
"56","246935","20220615193000","74","0","南投縣","魚池鄉","120.945","23.870","68"
"17","246941","20220615193000","99","0","南投縣","魚池鄉","120.950","23.875","22"
"233","246945","20220615193000","168","2","南投縣","魚池鄉","120.950","23.880","256"
"34","246955","20220615193000","284","0","南投縣","魚池鄉","120.905","23.905","33"
"320","246964","20220615193000","293","1","南投縣","魚池鄉","120.920","23.910","339"
"35","246970","20220615193000","44","0","南投縣","魚池鄉","120.920","23.915","33"
"267","246989","20220615193000","231","1","南投縣","魚池鄉","120.925","23.910","252"
"219","247005","20220615193000","124","3","南投縣","魚池鄉","120.945","23.925","189"
"621","247013","20220615193000","504","2","南投縣","魚池鄉","120.930","23.850","541"
"455","247088","20220615193000","371","2","南投縣","魚池鄉","120.965","23.890","456"
"564","247100","20220615193000","322","3","南投縣","魚池鄉","120.940","23.895","548"
"71","247117","20220615193000","44","3","彰化縣","竹塘鄉","120.400","23.860","75"
"193","247119","20220615193000","148","2","彰化縣","竹塘鄉","120.410","23.860","195"
"27","247152","20220615193000","21","2","彰化縣","田中鎮","120.570","23.870","20"
"1022","247156","20220615193000","781","2","彰化縣","社頭鄉","120.595","23.900","1045"
"280","247158","20220615193000","215","2","彰化縣","田尾鄉","120.550","23.890","267"
"115","247160","20220615193000","97","1","彰化縣","田尾鄉","120.555","23.895","123"
"18","247163","20220615193000","298","0","彰化縣","田尾鄉","120.560","23.900","20"
"663","247166","20220615193000","654","1","彰化縣","田尾鄉","120.525","23.905","633"
"48","247170","20220615193000","30","3","彰化縣","田尾鄉","120.520","23.890","42"
"666","247187","20220615193000","627","1","彰化縣","田尾鄉","120.500","23.920","671"
"120","247189","20220615193000","649","0","彰化縣","溪湖鎮","120.475","23.925","108"
"2652","247194","20220615193000","596","3","彰化縣","社頭鄉","120.585","23.895","2635"
"309","247207","20220615193000","258","1","彰化縣","社頭鄉","120.605","23.895","327"
"75","247218","20220615193000","179","0","彰化縣","田尾鄉","120.540","23.885","70"
"544","247222","20220615193000","767","0","彰化縣","田中鎮","120.585","23.865","452"
"345","247224","20220615193000","335","1","彰化縣","田中鎮","120.585","23.850","352"
"59","247227","20220615193000","650","0","彰化縣","田中鎮","120.600","23.855","56"
"1378","247235","20220615193000","1174","1","彰化縣","田中鎮","120.590","23.855","1314"
"116","247238","20220615193000","116","1","彰化縣","田尾鄉","120.530","23.895","122"
"235","247244","20220615193000","195","2","彰化縣","北斗鎮","120.545","23.880","238"
"72","247248","20220615193000","76","0","彰化縣","田尾鄉","120.550","23.885","87"
"293","247250","20220615193000","250","1","彰化縣","田尾鄉","120.560","23.890","327"
"122","247251","20220615193000","111","1","彰化縣","田尾鄉","120.565","23.890","140"
"59","247253","20220615193000","376","0","彰化縣","田尾鄉","120.535","23.900","72"
"116","247259","20220615193000","767","0","彰化縣","田尾鄉","120.550","23.900","109"
"539","247268","20220615193000","433","2","彰化縣","社頭鄉","120.585","23.920","548"
"47","247277","20220615193000","59","0","彰化縣","社頭鄉","120.615","23.885","68"
"397","247283","20220615193000","309","2","彰化縣","社頭鄉","120.610","23.890","398"
"19","247286","20220615193000","26","0","彰化縣","社頭鄉","120.570","23.910","18"
"52","247288","20220615193000","56","0","彰化縣","永靖鄉","120.575","23.915","44"
"52","247290","20220615193000","43","2","彰化縣","永靖鄉","120.575","23.920","63"
"22","247291","20220615193000","318","0","彰化縣","社頭鄉","120.595","23.920","26"
"18","247293","20220615193000","314","0","彰化縣","社頭鄉","120.605","23.920","23"
"626","247305","20220615193000","642","0","彰化縣","北斗鎮","120.570","23.850","620"
"302","247308","20220615193000","275","1","彰化縣","田中鎮","120.575","23.855","339"
"684","247312","20220615193000","617","1","彰化縣","田中鎮","120.605","23.855","706"
"646","247316","20220615193000","1230","0","彰化縣","田中鎮","120.580","23.860","591"
"412","247328","20220615193000","347","1","彰化縣","社頭鄉","120.575","23.900","450"
"343","247336","20220615193000","271","2","彰化縣","社頭鄉","120.610","23.905","331"
"19","247347","20220615193000","30","0","彰化縣","社頭鄉","120.630","23.905","16"
"467","247352","20220615193000","495","0","彰化縣","田中鎮","120.560","23.865","477"
"141","247353","20220615193000","154","0","彰化縣","田中鎮","120.565","23.865","153"
"222","247359","20220615193000","139","3","彰化縣","田中鎮","120.590","23.865","207"
"551","247361","20220615193000","543","1","彰化縣","田中鎮","120.585","23.870","586"
"489","247365","20220615193000","438","1","彰化縣","田中鎮","120.585","23.860","501"
"230","247366","20220615193000","187","2","彰化縣","田中鎮","120.570","23.875","197"
"17","247367","20220615193000","219","0","彰化縣","田中鎮","120.560","23.880","15"
"295","247377","20220615193000","264","1","彰化縣","田中鎮","120.605","23.870","313"
"131","247383","20220615193000","135","0","彰化縣","田中鎮","120.605","23.875","142"
"238","247399","20220615193000","212","1","彰化縣","田中鎮","120.595","23.855","260"
"83","247400","20220615193000","255","0","彰化縣","田中鎮","120.590","23.860","75"
"660","247403","20220615193000","312","3","彰化縣","社頭鄉","120.590","23.900","686"
"901","247409","20220615193000","310","3","彰化縣","社頭鄉","120.585","23.885","939"
"47","247637","20220615193000","49","0","花蓮縣","壽豐鄉","121.610","23.920","36"
"147","252412","20220615193000","121","2","花蓮縣","花蓮市","121.640","23.995","120"
"51","252926","20220615193000","43","1","臺中市","霧峰區","120.705","24.010","50"
"194","253141","20220615193000","146","2","花蓮縣","秀林鄉","121.505","23.945","209"
"329","253374","20220615193000","295","1","花蓮縣","秀林鄉","121.555","24.005","307"
"233","253376","20220615193000","149","3","花蓮縣","新城鄉","121.615","24.005","205"
"158","253382","20220615193000","202","0","花蓮縣","吉安鄉","121.580","23.925","143"
"265","253393","20220615193000","198","2","花蓮縣","吉安鄉","121.585","23.930","268"
"221","253400","20220615193000","85","3","花蓮縣","吉安鄉","121.580","23.935","197"
"785","253410","20220615193000","503","3","花蓮縣","吉安鄉","121.595","23.940","871"
"518","253413","20220615193000","397","2","花蓮縣","吉安鄉","121.575","23.945","504"
"1510","253414","20220615193000","1291","1","花蓮縣","吉安鄉","121.585","23.975","1539"
"178","253433","20220615193000","190","0","花蓮縣","吉安鄉","121.550","23.945","168"
"128","253436","20220615193000","109","1","花蓮縣","吉安鄉","121.525","23.945","129"
"20","253450","20220615193000","48","0","花蓮縣","吉安鄉","121.580","23.950","22"
"1320","253452","20220615193000","982","2","花蓮縣","吉安鄉","121.590","23.950","1349"
"799","253454","20220615193000","801","0","花蓮縣","吉安鄉","121.590","23.955","834"
"517","253457","20220615193000","489","1","花蓮縣","吉安鄉","121.590","23.945","511"
"476","253463","20220615193000","303","3","花蓮縣","吉安鄉","121.600","23.945","447"
"907","253470","20220615193000","1058","0","花蓮縣","吉安鄉","121.590","23.965","968"
"1129","253471","20220615193000","843","2","花蓮縣","吉安鄉","121.590","23.970","1214"
"2741","253472","20220615193000","1973","2","花蓮縣","花蓮市","121.590","23.975","2855"
"1199","253475","20220615193000","893","2","花蓮縣","吉安鄉","121.590","23.980","1240"
"371","253477","20220615193000","301","2","花蓮縣","吉安鄉","121.585","23.985","361"
"341","253478","20220615193000","457","0","花蓮縣","吉安鄉","121.585","23.980","364"
"1141","253479","20220615193000","834","2","花蓮縣","花蓮市","121.600","23.985","1165"
"378","253480","20220615193000","643","0","花蓮縣","吉安鄉","121.580","23.985","383"
"624","253481","20220615193000","441","2","花蓮縣","吉安鄉","121.585","23.990","642"
"2505","253482","20220615193000","2619","0","花蓮縣","花蓮市","121.595","23.990","2507"
"1809","253484","20220615193000","1401","2","花蓮縣","吉安鄉","121.580","23.970","1860"
"632","253485","20220615193000","834","0","花蓮縣","吉安鄉","121.585","23.970","540"
"154","253506","20220615193000","190","0","花蓮縣","吉安鄉","121.570","23.965","172"
"482","253507","20220615193000","441","1","花蓮縣","吉安鄉","121.575","23.965","498"
"564","253508","20220615193000","438","2","花蓮縣","吉安鄉","121.565","23.970","593"
"106","253517","20220615193000","125","0","花蓮縣","吉安鄉","121.560","23.975","104"
"1621","253520","20220615193000","1016","3","花蓮縣","吉安鄉","121.580","23.975","1650"
"588","253542","20220615193000","564","1","花蓮縣","吉安鄉","121.555","23.990","600"
"177","253545","20220615193000","240","0","花蓮縣","吉安鄉","121.570","23.990","188"
"484","253552","20220615193000","342","2","花蓮縣","吉安鄉","121.570","23.975","447"
"41","253553","20220615193000","52","0","花蓮縣","吉安鄉","121.560","23.980","41"
"808","253554","20220615193000","448","3","花蓮縣","吉安鄉","121.565","23.980","823"
"1642","253555","20220615193000","1266","2","花蓮縣","吉安鄉","121.570","23.980","1570"
"318","253556","20220615193000","447","0","花蓮縣","吉安鄉","121.575","23.980","398"
"56","253557","20220615193000","42","2","花蓮縣","吉安鄉","121.555","23.985","50"
"688","253559","20220615193000","387","3","花蓮縣","吉安鄉","121.565","23.985","731"
"256","253561","20220615193000","345","0","花蓮縣","吉安鄉","121.605","23.955","237"
"673","253562","20220615193000","460","2","花蓮縣","吉安鄉","121.595","23.960","705"
"452","253563","20220615193000","619","0","花蓮縣","吉安鄉","121.600","23.960","484"
"1561","253565","20220615193000","1239","2","花蓮縣","吉安鄉","121.595","23.965","1620"
"516","253569","20220615193000","679","0","花蓮縣","吉安鄉","121.575","23.985","574"
"469","253575","20220615193000","352","2","花蓮縣","吉安鄉","121.570","23.940","486"
"599","253584","20220615193000","462","2","花蓮縣","吉安鄉","121.560","23.950","619"
"891","253594","20220615193000","988","0","花蓮縣","吉安鄉","121.550","23.965","874"
"60","253595","20220615193000","37","3","花蓮縣","吉安鄉","121.555","23.965","63"
"856","253596","20220615193000","502","3","花蓮縣","吉安鄉","121.560","23.965","871"
"965","253597","20220615193000","727","2","花蓮縣","吉安鄉","121.565","23.965","1015"
"514","253603","20220615193000","360","2","花蓮縣","吉安鄉","121.560","23.970","562"
"408","253608","20220615193000","342","1","花蓮縣","吉安鄉","121.580","23.955","453"
"985","253609","20220615193000","751","2","花蓮縣","吉安鄉","121.570","23.960","964"
"434","253611","20220615193000","315","2","花蓮縣","吉安鄉","121.580","23.960","389"
"384","253627","20220615193000","395","0","花蓮縣","吉安鄉","121.535","23.930","385"
"12","253641","20220615193000","25","0","花蓮縣","壽豐鄉","121.605","23.925","12"
"559","253648","20220615193000","447","2","花蓮縣","花蓮市","121.625","23.985","489"
"1239","253649","20220615193000","1011","2","花蓮縣","花蓮市","121.620","24.005","1267"
"90","253650","20220615193000","62","2","彰化縣","二林鎮","120.420","23.955","96"
"94","253656","20220615193000","85","1","彰化縣","二林鎮","120.415","23.965","92"
"446","253670","20220615193000","307","2","彰化縣","二林鎮","120.440","23.930","444"
"2089","253672","20220615193000","1674","2","彰化縣","員林鎮","120.580","23.955","2160"
"728","253673","20220615193000","686","1","彰化縣","員林鎮","120.585","23.955","739"
"461","253675","20220615193000","815","0","彰化縣","員林鎮","120.565","23.950","529"
"351","253677","20220615193000","376","0","彰化縣","埔心鄉","120.560","23.940","383"
"828","253681","20220615193000","685","2","彰化縣","員林鎮","120.565","23.945","835"
"14","253686","20220615193000","13","1","彰化縣","員林鎮","120.610","23.980","13"
"2109","253688","20220615193000","1983","1","彰化縣","員林鎮","120.570","23.960","1899"
"3609","253689","20220615193000","3880","0","彰化縣","員林鎮","120.570","23.955","3324"
"235","253764","20220615193000","191","2","花蓮縣","秀林鄉","121.505","23.960","244"
"145","253789","20220615193000","88","3","花蓮縣","秀林鄉","121.495","23.965","143"
"2307","254233","20220615193000","4589","0","花蓮縣","花蓮市","121.605","23.975","2036"
"2664","254234","20220615193000","1964","2","花蓮縣","花蓮市","121.600","23.975","2643"
"1498","254236","20220615193000","1653","0","花蓮縣","花蓮市","121.625","23.990","1447"
"890","254237","20220615193000","857","1","花蓮縣","花蓮市","121.630","23.985","844"
"1339","254238","20220615193000","1202","1","花蓮縣","花蓮市","121.630","23.990","1287"
"10","254239","20220615193000","22","0","花蓮縣","花蓮市","121.635","23.990","17"
"2180","254240","20220615193000","1811","2","花蓮縣","花蓮市","121.635","23.995","2119"
"41","254242","20220615193000","48","0","南投縣","國姓鄉","120.880","23.970","34"
"189","254247","20220615193000","297","0","南投縣","國姓鄉","120.875","23.975","320"
"12","254251","20220615193000","12","1","南投縣","國姓鄉","120.895","23.975","12"
"39","254256","20220615193000","34","1","南投縣","國姓鄉","120.885","23.980","29"
"275","254260","20220615193000","223","2","南投縣","國姓鄉","120.870","23.985","242"
"37","254328","20220615193000","41","0","南投縣","國姓鄉","120.830","23.945","44"
"47","254335","20220615193000","33","2","南投縣","國姓鄉","120.865","23.945","42"
"123","254346","20220615193000","79","3","南投縣","國姓鄉","120.865","23.950","109"
"30","254349","20220615193000","27","1","南投縣","中寮鄉","120.830","23.955","30"
"36","254374","20220615193000","25","2","南投縣","國姓鄉","120.860","23.960","31"
"60","254379","20220615193000","27","3","南投縣","中寮鄉","120.835","23.965","56"
"212","254397","20220615193000","132","3","南投縣","國姓鄉","120.865","23.975","173"
"945","254400","20220615193000","676","2","南投縣","埔里鎮","120.970","23.955","900"
"682","254401","20220615193000","478","2","南投縣","埔里鎮","120.990","23.945","705"
"1493","254411","20220615193000","2295","0","南投縣","埔里鎮","120.975","23.955","1446"
"2362","254415","20220615193000","1788","2","南投縣","埔里鎮","120.975","23.960","2465"
"168","254447","20220615193000","149","1","南投縣","埔里鎮","120.925","23.940","158"
"35","254450","20220615193000","36","0","南投縣","埔里鎮","120.940","23.940","31"
"218","254465","20220615193000","234","0","南投縣","埔里鎮","120.915","23.950","239"
"300","254467","20220615193000","868","0","南投縣","埔里鎮","120.925","23.950","482"
"288","254470","20220615193000","237","2","南投縣","埔里鎮","120.940","23.950","297"
"11","254477","20220615193000","11","1","南投縣","埔里鎮","120.930","23.955","11"
"176","254481","20220615193000","200","0","南投縣","埔里鎮","120.915","23.955","176"
"211","254490","20220615193000","248","0","南投縣","埔里鎮","120.980","23.935","204"
"58","254499","20220615193000","70","0","南投縣","埔里鎮","120.995","23.940","67"
"412","254504","20220615193000","357","1","南投縣","埔里鎮","120.970","23.945","439"
"403","254506","20220615193000","335","2","南投縣","埔里鎮","120.980","23.945","411"
"637","254510","20220615193000","406","3","南投縣","埔里鎮","120.965","23.950","610"
"442","254512","20220615193000","532","0","南投縣","埔里鎮","120.975","23.950","408"
"2495","254517","20220615193000","2119","1","南投縣","埔里鎮","120.970","23.970","2487"
"337","254519","20220615193000","256","2","南投縣","埔里鎮","120.975","23.975","374"
"32","254520","20220615193000","74","0","南投縣","埔里鎮","120.970","23.980","37"
"286","254538","20220615193000","155","3","南投縣","中寮鄉","120.790","23.945","276"
"817","254550","20220615193000","1793","0","南投縣","埔里鎮","120.970","23.965","842"
"293","254560","20220615193000","301","0","南投縣","埔里鎮","120.945","23.960","278"
"19","254571","20220615193000","218","0","南投縣","埔里鎮","120.930","23.970","20"
"375","254589","20220615193000","324","1","南投縣","埔里鎮","120.955","24.005","360"
"930","254592","20220615193000","888","1","南投縣","埔里鎮","120.965","23.955","986"
"25","254593","20220615193000","38","0","南投縣","埔里鎮","120.910","23.985","22"
"41","254599","20220615193000","26","3","南投縣","埔里鎮","120.915","23.990","42"
"893","254621","20220615193000","586","3","南投縣","埔里鎮","120.960","23.960","890"
"252","254622","20220615193000","185","2","南投縣","埔里鎮","120.965","23.960","238"
"101","254624","20220615193000","1157","0","南投縣","埔里鎮","120.955","23.965","91"
"52","254626","20220615193000","106","0","南投縣","埔里鎮","120.955","23.970","68"
"522","254627","20220615193000","836","0","南投縣","埔里鎮","120.960","23.970","577"
"677","254629","20220615193000","613","1","南投縣","埔里鎮","120.955","23.975","635"
"793","254633","20220615193000","742","1","南投縣","埔里鎮","120.980","23.980","768"
"54","254641","20220615193000","201","0","南投縣","埔里鎮","120.955","23.955","57"
"445","254658","20220615193000","352","2","南投縣","埔里鎮","120.980","23.990","440"
"183","254675","20220615193000","188","0","南投縣","埔里鎮","120.960","24.000","213"
"36","254680","20220615193000","36","1","南投縣","埔里鎮","120.985","24.000","35"
"33","254694","20220615193000","348","0","南投縣","埔里鎮","120.955","23.940","43"
"403","254705","20220615193000","357","1","南投縣","埔里鎮","120.970","24.005","370"
"211","254706","20220615193000","175","2","南投縣","埔里鎮","120.975","24.005","205"
"648","254712","20220615193000","566","1","花蓮縣","花蓮市","121.610","23.970","493"
"1503","254713","20220615193000","1205","2","花蓮縣","花蓮市","121.600","23.965","1567"
"837","254714","20220615193000","717","1","花蓮縣","花蓮市","121.610","23.985","830"
"1744","254716","20220615193000","1621","1","花蓮縣","花蓮市","121.605","23.980","1611"
"1924","254717","20220615193000","1671","1","花蓮縣","花蓮市","121.600","23.980","1730"
"1070","254719","20220615193000","1423","0","花蓮縣","花蓮市","121.605","23.985","1008"
"55","254721","20220615193000","215","0","花蓮縣","花蓮市","121.600","23.970","47"
"1517","254723","20220615193000","1617","0","花蓮縣","花蓮市","121.605","23.970","2052"
"69","254728","20220615193000","154","0","花蓮縣","花蓮市","121.615","23.985","72"
"1132","254729","20220615193000","1032","1","花蓮縣","花蓮市","121.620","24.000","1170"
"1635","254730","20220615193000","1445","1","花蓮縣","花蓮市","121.625","23.995","1646"
"1007","254732","20220615193000","832","2","花蓮縣","花蓮市","121.615","23.975","845"
"387","254733","20220615193000","418","0","花蓮縣","花蓮市","121.615","23.980","391"
"1805","254735","20220615193000","1441","2","花蓮縣","吉安鄉","121.590","23.985","1934"
"152","254742","20220615193000","655","0","花蓮縣","花蓮市","121.610","24.005","154"
"67","254743","20220615193000","349","0","花蓮縣","吉安鄉","121.580","23.990","60"
"897","254745","20220615193000","650","2","花蓮縣","吉安鄉","121.590","23.990","972"
"613","254746","20220615193000","415","2","花蓮縣","花蓮市","121.585","23.995","599"
"510","254747","20220615193000","442","1","花蓮縣","花蓮市","121.590","23.995","553"
"1049","254748","20220615193000","1447","0","花蓮縣","花蓮市","121.595","23.995","1073"
"392","254754","20220615193000","429","0","花蓮縣","花蓮市","121.590","24.005","371"
"430","254755","20220615193000","571","0","花蓮縣","花蓮市","121.595","24.005","412"
"1362","254756","20220615193000","1068","2","花蓮縣","花蓮市","121.595","23.970","1583"
"838","254757","20220615193000","896","0","花蓮縣","花蓮市","121.595","23.975","835"
"2699","254766","20220615193000","2535","1","彰化縣","員林鎮","120.570","23.970","2577"
"611","254767","20220615193000","540","1","彰化縣","員林鎮","120.575","23.970","646"
"872","254769","20220615193000","807","1","花蓮縣","花蓮市","121.610","23.975","723"
"2311","254770","20220615193000","1816","2","花蓮縣","花蓮市","121.610","23.980","2063"
"758","254771","20220615193000","559","2","花蓮縣","花蓮市","121.615","24.000","728"
"31","254772","20220615193000","41","0","花蓮縣","花蓮市","121.560","24.000","26"
"194","254777","20220615193000","319","0","花蓮縣","花蓮市","121.575","24.005","196"
"2606","254779","20220615193000","2005","2","花蓮縣","花蓮市","121.600","23.990","2683"
"789","254780","20220615193000","648","2","花蓮縣","花蓮市","121.610","23.990","773"
"2669","254781","20220615193000","3999","0","花蓮縣","花蓮市","121.605","23.990","2696"
"499","254782","20220615193000","399","2","花蓮縣","花蓮市","121.605","23.995","472"
"2924","254783","20220615193000","2102","2","花蓮縣","吉安鄉","121.575","23.990","3166"
"1549","254784","20220615193000","1412","1","花蓮縣","吉安鄉","121.565","23.995","1628"
"452","254785","20220615193000","514","0","花蓮縣","花蓮市","121.570","23.995","472"
"349","254786","20220615193000","395","0","花蓮縣","花蓮市","121.575","23.995","328"
"1176","254789","20220615193000","939","2","花蓮縣","吉安鄉","121.595","23.985","953"
"2404","254790","20220615193000","1422","3","花蓮縣","花蓮市","121.600","23.995","2345"
"19","254798","20220615193000","66","0","南投縣","中寮鄉","120.745","23.935","20"
"46","254887","20220615193000","143","0","南投縣","中寮鄉","120.780","23.945","43"
"298","254901","20220615193000","232","2","南投縣","中寮鄉","120.765","23.940","300"
"236","254913","20220615193000","188","2","彰化縣","員林鎮","120.550","23.975","204"
"557","254920","20220615193000","538","1","彰化縣","員林鎮","120.580","23.935","578"
"87","254922","20220615193000","103","0","彰化縣","員林鎮","120.575","23.940","94"
"312","254925","20220615193000","252","2","彰化縣","員林鎮","120.580","23.945","347"
"125","254926","20220615193000","309","0","彰化縣","員林鎮","120.575","23.945","153"
"751","254940","20220615193000","619","2","花蓮縣","花蓮市","121.620","23.985","683"
"625","254941","20220615193000","702","0","花蓮縣","花蓮市","121.615","23.990","663"
"327","254942","20220615193000","454","0","花蓮縣","花蓮市","121.620","23.990","315"
"26","254945","20220615193000","69","0","花蓮縣","花蓮市","121.630","23.995","23"
"61","254950","20220615193000","55","1","花蓮縣","花蓮市","121.645","24.005","69"
"604","254952","20220615193000","491","2","彰化縣","埔心鄉","120.520","23.965","581"
"42","254964","20220615193000","92","0","彰化縣","芳苑鄉","120.325","23.940","40"
"372","254974","20220615193000","212","3","彰化縣","芳苑鄉","120.330","23.940","327"
"1865","255019","20220615193000","1356","2","彰化縣","員林鎮","120.565","23.965","1882"
"147","255021","20220615193000","719","0","彰化縣","員林鎮","120.600","23.965","175"
"88","255024","20220615193000","58","3","彰化縣","員林鎮","120.610","23.970","72"
"389","255030","20220615193000","319","2","彰化縣","埔心鄉","120.530","23.940","382"
"37","255038","20220615193000","597","0","彰化縣","埔鹽鄉","120.480","23.990","33"
"186","255039","20220615193000","183","1","彰化縣","埔鹽鄉","120.500","23.975","220"
"156","255044","20220615193000","228","0","南投縣","南投市","120.700","23.930","165"
"252","255046","20220615193000","177","2","南投縣","南投市","120.635","23.935","245"
"189","255053","20220615193000","134","2","南投縣","南投市","120.635","23.945","182"
"682","255063","20220615193000","642","1","彰化縣","永靖鄉","120.555","23.935","665"
"56","255064","20220615193000","424","0","彰化縣","永靖鄉","120.560","23.930","48"
"548","255065","20220615193000","478","1","彰化縣","員林鎮","120.555","23.960","564"
"337","255068","20220615193000","213","3","彰化縣","員林鎮","120.560","23.965","383"
"454","255069","20220615193000","398","1","彰化縣","員林鎮","120.555","23.970","493"
"1676","255073","20220615193000","1453","1","南投縣","南投市","120.690","23.945","1680"
"1513","255074","20220615193000","1202","2","南投縣","南投市","120.690","23.950","1539"
"72","255075","20220615193000","204","0","南投縣","南投市","120.685","23.950","63"
"93","255078","20220615193000","278","0","南投縣","南投市","120.675","23.945","97"
"98","255079","20220615193000","514","0","南投縣","南投市","120.680","23.945","105"
"211","255081","20220615193000","155","2","南投縣","草屯鎮","120.675","23.950","200"
"321","255088","20220615193000","379","0","南投縣","南投市","120.660","23.935","320"
"239","255092","20220615193000","401","0","南投縣","南投市","120.665","23.940","236"
"180","255094","20220615193000","125","2","南投縣","南投市","120.650","23.945","163"
"39","255100","20220615193000","145","0","南投縣","南投市","120.655","23.950","24"
"95","255107","20220615193000","147","0","南投縣","南投市","120.650","23.955","85"
"360","255130","20220615193000","264","2","彰化縣","芳苑鄉","120.315","23.930","347"
"10","255153","20220615193000","143","0","彰化縣","芳苑鄉","120.380","23.940","20"
"756","255158","20220615193000","467","3","彰化縣","芳苑鄉","120.380","23.955","681"
"221","255176","20220615193000","509","0","彰化縣","埔心鄉","120.555","23.940","234"
"1355","255177","20220615193000","1380","0","彰化縣","埔心鄉","120.540","23.950","1324"
"27","255178","20220615193000","550","0","彰化縣","埔心鄉","120.545","23.950","34"
"92","255179","20220615193000","88","1","彰化縣","埔心鄉","120.540","23.955","94"
"296","255199","20220615193000","239","2","彰化縣","二林鎮","120.420","23.950","326"
"403","255210","20220615193000","402","1","彰化縣","永靖鄉","120.550","23.930","398"
"375","255220","20220615193000","342","1","彰化縣","大村鄉","120.585","23.990","397"
"795","255222","20220615193000","776","1","彰化縣","大村鄉","120.580","23.995","830"
"26","255223","20220615193000","33","0","彰化縣","大村鄉","120.585","23.995","25"
"83","255227","20220615193000","132","0","彰化縣","大村鄉","120.590","23.995","73"
"27","255228","20220615193000","70","0","彰化縣","大村鄉","120.595","23.995","30"
"123","255229","20220615193000","220","0","彰化縣","大村鄉","120.600","23.995","124"
"36","255230","20220615193000","55","0","彰化縣","大村鄉","120.605","23.995","41"
"283","255232","20220615193000","713","0","彰化縣","大村鄉","120.595","24.000","282"
"634","255234","20220615193000","569","1","彰化縣","大村鄉","120.570","23.975","604"
"679","255238","20220615193000","498","2","彰化縣","大村鄉","120.535","24.000","714"
"32","255239","20220615193000","209","0","彰化縣","大村鄉","120.540","24.000","41"
"19","255241","20220615193000","17","1","彰化縣","大村鄉","120.535","24.005","17"
"266","255251","20220615193000","235","1","彰化縣","埔心鄉","120.515","23.970","293"
"92","255257","20220615193000","80","1","彰化縣","埔心鄉","120.540","23.965","81"
"488","255261","20220615193000","292","3","彰化縣","埔心鄉","120.555","23.950","457"
"197","255262","20220615193000","287","0","彰化縣","埔心鄉","120.550","23.955","200"
"389","255263","20220615193000","372","1","彰化縣","埔心鄉","120.555","23.955","417"
"27","255264","20220615193000","289","0","彰化縣","埔心鄉","120.545","23.960","26"
"1009","255265","20220615193000","143","3","彰化縣","埔心鄉","120.560","23.945","1023"
"497","255266","20220615193000","253","3","彰化縣","埔心鄉","120.550","23.945","523"
"439","255267","20220615193000","371","1","彰化縣","埔心鄉","120.555","23.945","459"
"164","255273","20220615193000","119","2","彰化縣","埔心鄉","120.515","23.940","161"
"187","255276","20220615193000","187","1","彰化縣","埔心鄉","120.525","23.950","211"
"1230","255277","20220615193000","702","3","彰化縣","埔心鄉","120.525","23.945","1231"
"334","255284","20220615193000","276","2","彰化縣","埔心鄉","120.520","23.945","306"
"540","255287","20220615193000","421","2","彰化縣","埔心鄉","120.515","23.950","558"
"553","255292","20220615193000","673","0","南投縣","埔里鎮","120.935","23.995","245"
"214","255303","20220615193000","240","0","南投縣","埔里鎮","120.945","24.000","252"
"280","255308","20220615193000","189","2","南投縣","埔里鎮","120.940","24.005","282"
"138","255309","20220615193000","305","0","南投縣","埔里鎮","120.945","24.005","138"
"574","255312","20220615193000","444","2","彰化縣","溪湖鎮","120.495","23.965","607"
"451","255322","20220615193000","438","1","彰化縣","溪湖鎮","120.510","23.970","451"
"1167","255326","20220615193000","610","3","彰化縣","大村鄉","120.545","23.995","1202"
"367","255337","20220615193000","379","0","彰化縣","大村鄉","120.555","24.000","387"
"627","255339","20220615193000","535","1","彰化縣","大村鄉","120.550","24.005","622"
"38","255345","20220615193000","372","0","彰化縣","大村鄉","120.580","24.000","38"
"144","255351","20220615193000","87","3","彰化縣","大村鄉","120.585","24.000","115"
"389","255359","20220615193000","322","2","彰化縣","大村鄉","120.550","23.980","420"
"1510","255361","20220615193000","1040","2","彰化縣","大村鄉","120.565","23.980","1408"
"517","255365","20220615193000","357","2","彰化縣","大村鄉","120.540","23.975","514"
"72","255366","20220615193000","84","0","彰化縣","大村鄉","120.520","23.980","73"
"27","255371","20220615193000","89","0","彰化縣","芳苑鄉","120.355","23.935","27"
"171","255379","20220615193000","74","3","彰化縣","芳苑鄉","120.365","23.940","168"
"83","255396","20220615193000","253","0","彰化縣","芳苑鄉","120.350","23.975","87"
"517","255400","20220615193000","263","3","彰化縣","芳苑鄉","120.345","23.980","508"
"310","255443","20220615193000","205","3","彰化縣","芳苑鄉","120.390","23.980","282"
"87","255448","20220615193000","74","1","彰化縣","芳苑鄉","120.385","23.985","86"
"1742","255463","20220615193000","1430","2","南投縣","埔里鎮","120.975","23.970","1706"
"94","255464","20220615193000","359","0","彰化縣","埔心鄉","120.560","23.950","95"
"13","255465","20220615193000","124","0","彰化縣","埔心鄉","120.560","23.955","10"
"454","255466","20220615193000","317","2","南投縣","南投市","120.695","23.940","466"
"602","255472","20220615193000","620","0","南投縣","南投市","120.695","23.945","605"
"53","255475","20220615193000","44","2","南投縣","南投市","120.700","23.950","57"
"418","255480","20220615193000","468","0","南投縣","南投市","120.695","23.950","376"
"226","255482","20220615193000","186","2","南投縣","南投市","120.690","23.955","208"
"118","255490","20220615193000","250","0","南投縣","南投市","120.690","23.930","132"
"1340","255491","20220615193000","834","3","南投縣","南投市","120.695","23.930","1367"
"393","255494","20220615193000","615","0","南投縣","南投市","120.690","23.935","429"
"513","255496","20220615193000","423","2","南投縣","南投市","120.700","23.935","468"
"132","255498","20220615193000","460","0","南投縣","南投市","120.710","23.935","158"
"386","255525","20220615193000","853","0","彰化縣","芳苑鄉","120.335","23.960","390"
"128","255535","20220615193000","101","2","彰化縣","芳苑鄉","120.360","23.970","143"
"150","255545","20220615193000","140","1","彰化縣","二林鎮","120.385","23.945","186"
"159","255549","20220615193000","168","0","彰化縣","芳苑鄉","120.385","23.955","159"
"151","255550","20220615193000","114","2","彰化縣","芳苑鄉","120.390","23.955","170"
"177","255551","20220615193000","131","2","彰化縣","芳苑鄉","120.395","23.955","198"
"129","255559","20220615193000","98","2","彰化縣","芳苑鄉","120.385","23.970","131"
"86","255593","20220615193000","63","2","南投縣","國姓鄉","120.855","23.995","76"
"303","255626","20220615193000","217","2","南投縣","國姓鄉","120.840","24.005","289"
"321","255633","20220615193000","281","1","南投縣","國姓鄉","120.815","24.000","306"
"123","255636","20220615193000","105","1","南投縣","國姓鄉","120.815","24.005","135"
"306","255646","20220615193000","264","1","南投縣","埔里鎮","120.955","23.995","311"
"474","255647","20220615193000","253","3","南投縣","埔里鎮","120.960","23.965","432"
"18","255663","20220615193000","179","0","南投縣","埔里鎮","121.000","23.955","16"
"240","255680","20220615193000","189","2","南投縣","埔里鎮","121.000","23.965","220"
"749","255708","20220615193000","753","0","南投縣","埔里鎮","120.995","23.975","709"
"177","255724","20220615193000","183","0","南投縣","埔里鎮","121.005","23.980","185"
"81","255748","20220615193000","123","0","南投縣","埔里鎮","121.020","23.990","92"
"81","255778","20220615193000","137","0","南投縣","仁愛鄉","121.040","24.000","67"
"14","255784","20220615193000","26","0","南投縣","埔里鎮","121.055","24.000","14"
"1489","255785","20220615193000","1549","0","南投縣","埔里鎮","120.965","23.965","1457"
"63","255786","20220615193000","77","0","南投縣","埔里鎮","120.965","23.970","57"
"284","255794","20220615193000","241","1","南投縣","埔里鎮","120.990","23.930","292"
"788","255798","20220615193000","561","2","彰化縣","埔鹽鄉","120.485","24.005","819"
"555","255803","20220615193000","447","2","彰化縣","埔鹽鄉","120.475","23.995","545"
"885","255804","20220615193000","602","2","彰化縣","埔鹽鄉","120.480","23.995","887"
"318","255810","20220615193000","167","3","彰化縣","埔鹽鄉","120.455","24.010","285"
"49","255814","20220615193000","469","0","彰化縣","埔鹽鄉","120.430","23.980","559"
"339","255817","20220615193000","226","3","彰化縣","埔鹽鄉","120.445","23.960","301"
"390","255822","20220615193000","166","3","彰化縣","埔鹽鄉","120.440","23.975","343"
"757","255835","20220615193000","530","2","彰化縣","埔鹽鄉","120.465","24.000","706"
"275","255836","20220615193000","159","3","彰化縣","埔鹽鄉","120.460","24.005","250"
"734","255841","20220615193000","473","3","彰化縣","花壇鄉","120.575","24.005","737"
"14","255845","20220615193000","90","0","彰化縣","花壇鄉","120.585","24.010","15"
"312","255861","20220615193000","130","3","彰化縣","埔鹽鄉","120.450","23.985","258"
"130","255868","20220615193000","325","0","彰化縣","埔鹽鄉","120.445","23.985","113"
"324","255875","20220615193000","293","1","彰化縣","埔鹽鄉","120.465","23.970","394"
"213","255894","20220615193000","200","1","彰化縣","埔鹽鄉","120.490","23.990","210"
"33","255901","20220615193000","262","0","彰化縣","埔鹽鄉","120.490","23.975","29"
"69","255903","20220615193000","487","0","彰化縣","埔鹽鄉","120.480","23.980","70"
"626","255912","20220615193000","501","2","彰化縣","大村鄉","120.530","23.990","631"
"511","255913","20220615193000","465","1","彰化縣","大村鄉","120.535","23.990","593"
"1159","255917","20220615193000","1036","1","彰化縣","大村鄉","120.555","23.990","1150"
"179","255920","20220615193000","533","0","彰化縣","大村鄉","120.575","23.985","217"
"406","255921","20220615193000","331","2","彰化縣","大村鄉","120.580","23.985","455"
"724","255923","20220615193000","448","3","彰化縣","大村鄉","120.590","23.985","723"
"125","255924","20220615193000","88","2","彰化縣","大村鄉","120.595","23.985","124"
"143","255941","20220615193000","132","1","彰化縣","大村鄉","120.540","23.980","144"
"221","255943","20220615193000","235","0","彰化縣","大村鄉","120.540","23.985","216"
"451","255950","20220615193000","293","3","彰化縣","大村鄉","120.510","23.985","437"
"341","255953","20220615193000","214","3","彰化縣","大村鄉","120.520","23.985","342"
"171","255956","20220615193000","1118","0","彰化縣","大村鄉","120.560","23.990","164"
"50","255962","20220615193000","44","1","彰化縣","埔鹽鄉","120.430","23.995","57"
"44","255966","20220615193000","29","3","彰化縣","埔鹽鄉","120.435","24.000","41"
"24","255973","20220615193000","17","2","彰化縣","埔鹽鄉","120.475","24.010","23"
"455","255975","20220615193000","229","3","彰化縣","埔鹽鄉","120.420","23.990","370"
"202","255987","20220615193000","514","0","彰化縣","埔鹽鄉","120.450","24.005","595"
"377","256002","20220615193000","563","0","南投縣","埔里鎮","120.945","23.965","363"
"150","256004","20220615193000","1012","0","南投縣","埔里鎮","120.945","23.970","146"
"88","256025","20220615193000","64","2","南投縣","埔里鎮","120.890","23.955","80"
"1040","256042","20220615193000","1065","0","南投縣","埔里鎮","120.945","23.975","1094"
"481","256043","20220615193000","448","1","南投縣","埔里鎮","120.925","23.980","464"
"72","256061","20220615193000","71","1","彰化縣","員林鎮","120.605","23.950","57"
"1241","256062","20220615193000","776","3","彰化縣","員林鎮","120.605","23.955","1314"
"84","256063","20220615193000","490","0","南投縣","南投市","120.670","23.930","70"
"86","256065","20220615193000","324","0","南投縣","南投市","120.675","23.935","73"
"22","256071","20220615193000","31","0","南投縣","南投市","120.730","23.930","19"
"359","256085","20220615193000","308","1","南投縣","南投市","120.660","23.930","333"
"224","256086","20220615193000","221","1","南投縣","南投市","120.665","23.930","240"
"640","256089","20220615193000","558","1","南投縣","南投市","120.670","23.940","645"
"372","256091","20220615193000","402","0","彰化縣","員林鎮","120.570","23.965","371"
"1557","256092","20220615193000","1791","0","彰化縣","員林鎮","120.575","23.965","1505"
"2232","256094","20220615193000","2145","1","彰化縣","員林鎮","120.580","23.960","2269"
"11","256095","20220615193000","21","0","彰化縣","員林鎮","120.585","23.960","16"
"2528","256096","20220615193000","1593","3","彰化縣","員林鎮","120.580","23.965","2524"
"109","256144","20220615193000","121","0","南投縣","仁愛鄉","121.080","23.995","96"
"169","256164","20220615193000","117","2","南投縣","仁愛鄉","121.085","24.000","129"
"95","256171","20220615193000","75","2","南投縣","仁愛鄉","121.070","24.005","109"
"99","256180","20220615193000","58","3","南投縣","仁愛鄉","121.130","23.980","104"
"276","256187","20220615193000","251","1","南投縣","仁愛鄉","121.100","23.990","303"
"79","256354","20220615193000","49","3","南投縣","仁愛鄉","121.075","23.930","94"
"186","256404","20220615193000","126","2","南投縣","仁愛鄉","121.075","23.950","202"
"19","256598","20220615193000","16","1","南投縣","仁愛鄉","121.120","23.950","18"
"21","256646","20220615193000","33","0","南投縣","仁愛鄉","121.180","23.955","18"
"100","256716","20220615193000","65","3","南投縣","仁愛鄉","121.130","23.960","95"
"149","256753","20220615193000","94","3","南投縣","仁愛鄉","121.105","23.965","131"
"186","256953","20220615193000","1741","0","彰化縣","員林鎮","120.575","23.950","171"
"723","256956","20220615193000","552","2","彰化縣","員林鎮","120.595","23.960","804"
"66","256962","20220615193000","50","2","彰化縣","員林鎮","120.615","23.950","69"
"189","256968","20220615193000","184","1","彰化縣","員林鎮","120.625","23.955","219"
"28","256971","20220615193000","244","0","彰化縣","員林鎮","120.550","23.965","33"
"134","256976","20220615193000","151","0","彰化縣","員林鎮","120.605","23.945","117"
"68","256977","20220615193000","73","0","彰化縣","員林鎮","120.610","23.945","70"
"139","256978","20220615193000","136","1","彰化縣","員林鎮","120.615","23.945","116"
"1505","256982","20220615193000","1455","1","彰化縣","員林鎮","120.565","23.955","1454"
"1915","256983","20220615193000","1839","1","彰化縣","員林鎮","120.565","23.960","1842"
"480","256986","20220615193000","325","2","彰化縣","員林鎮","120.595","23.975","471"
"679","256988","20220615193000","456","2","彰化縣","大村鄉","120.590","23.980","687"
"2033","256995","20220615193000","1570","2","彰化縣","員林鎮","120.575","23.955","1990"
"90","256996","20220615193000","91","0","彰化縣","員林鎮","120.595","23.935","96"
"127","256997","20220615193000","476","0","彰化縣","員林鎮","120.605","23.935","123"
"24","257007","20220615193000","33","0","彰化縣","員林鎮","120.620","23.940","15"
"336","257021","20220615193000","295","1","彰化縣","二林鎮","120.415","23.955","322"
"128","257028","20220615193000","84","3","彰化縣","二林鎮","120.430","23.955","131"
"483","257055","20220615193000","401","2","彰化縣","二林鎮","120.400","23.930","486"
"773","257083","20220615193000","652","1","南投縣","草屯鎮","120.670","23.950","826"
"34","257086","20220615193000","297","0","南投縣","草屯鎮","120.680","23.955","37"
"697","257088","20220615193000","1876","0","南投縣","草屯鎮","120.680","23.960","733"
"291","257089","20220615193000","1031","0","南投縣","草屯鎮","120.680","23.965","266"
"67","257092","20220615193000","707","0","彰化縣","員林鎮","120.570","23.945","79"
"637","257094","20220615193000","483","2","彰化縣","員林鎮","120.590","23.950","613"
"267","257095","20220615193000","264","1","彰化縣","員林鎮","120.595","23.950","312"
"1400","257097","20220615193000","1296","1","彰化縣","員林鎮","120.570","23.950","1311"
"131","257100","20220615193000","578","0","彰化縣","員林鎮","120.585","23.970","120"
"451","257103","20220615193000","332","2","彰化縣","二林鎮","120.455","23.930","461"
"166","257115","20220615193000","137","2","彰化縣","二林鎮","120.445","23.945","188"
"1001","257118","20220615193000","775","2","彰化縣","二林鎮","120.440","23.950","998"
"539","257124","20220615193000","525","1","彰化縣","員林鎮","120.590","23.940","506"
"207","257135","20220615193000","203","1","彰化縣","埔心鄉","120.510","23.940","240"
"18","257145","20220615193000","368","0","彰化縣","溪湖鎮","120.485","23.940","15"
"288","257149","20220615193000","289","0","彰化縣","溪湖鎮","120.480","23.955","308"
"642","257152","20220615193000","2190","0","南投縣","草屯鎮","120.685","23.975","646"
"740","257154","20220615193000","604","2","南投縣","草屯鎮","120.725","23.980","745"
"76","257160","20220615193000","66","1","南投縣","草屯鎮","120.720","23.990","90"
"128","257162","20220615193000","130","0","南投縣","草屯鎮","120.730","23.990","140"
"1019","257166","20220615193000","424","3","南投縣","草屯鎮","120.680","23.970","949"
"2627","257168","20220615193000","2245","1","南投縣","草屯鎮","120.680","23.980","2512"
"47","257171","20220615193000","397","0","南投縣","草屯鎮","120.655","24.000","45"
"452","257173","20220615193000","408","1","南投縣","草屯鎮","120.665","24.000","485"
"646","257176","20220615193000","404","3","南投縣","草屯鎮","120.650","24.005","649"
"334","257181","20220615193000","293","1","南投縣","草屯鎮","120.725","23.995","342"
"274","257193","20220615193000","176","3","南投縣","草屯鎮","120.730","24.000","266"
"622","257213","20220615193000","435","2","彰化縣","溪湖鎮","120.450","23.955","634"
"551","257215","20220615193000","483","1","彰化縣","溪湖鎮","120.460","23.955","543"
"23","257222","20220615193000","17","2","南投縣","草屯鎮","120.750","23.975","20"
"340","257229","20220615193000","241","2","南投縣","草屯鎮","120.750","23.980","250"
"397","257235","20220615193000","338","1","南投縣","草屯鎮","120.750","23.985","402"
"60","257245","20220615193000","36","3","南投縣","草屯鎮","120.720","23.955","48"
"126","257251","20220615193000","100","2","南投縣","中寮鄉","120.750","23.955","116"
"40","257266","20220615193000","30","2","南投縣","草屯鎮","120.740","23.965","46"
"189","257267","20220615193000","140","2","南投縣","草屯鎮","120.745","23.965","191"
"83","257273","20220615193000","88","0","南投縣","草屯鎮","120.705","23.960","84"
"1014","257282","20220615193000","683","2","南投縣","草屯鎮","120.705","23.975","1076"
"703","257285","20220615193000","591","1","南投縣","草屯鎮","120.695","23.980","656"
"1566","257286","20220615193000","1354","1","南投縣","草屯鎮","120.700","23.980","1570"
"980","257289","20220615193000","799","2","南投縣","草屯鎮","120.715","23.980","933"
"993","257294","20220615193000","728","2","南投縣","南投市","120.685","23.955","967"
"204","257295","20220615193000","712","0","南投縣","草屯鎮","120.685","23.960","206"
"2216","257299","20220615193000","1548","2","南投縣","草屯鎮","120.690","23.965","2208"
"24","257300","20220615193000","20","2","南投縣","草屯鎮","120.695","23.965","22"
"174","257307","20220615193000","142","2","南投縣","草屯鎮","120.775","23.985","162"
"64","257320","20220615193000","92","0","南投縣","草屯鎮","120.765","23.995","72"
"347","257342","20220615193000","482","0","南投縣","草屯鎮","120.700","23.985","365"
"21","257346","20220615193000","18","1","南投縣","草屯鎮","120.705","23.990","14"
"168","257348","20220615193000","227","0","南投縣","草屯鎮","120.715","23.990","152"
"421","257349","20220615193000","1102","0","南投縣","草屯鎮","120.690","23.995","393"
"195","257351","20220615193000","141","2","南投縣","草屯鎮","120.700","23.995","212"
"549","257354","20220615193000","544","1","南投縣","草屯鎮","120.715","23.995","550"
"945","257356","20220615193000","358","3","南投縣","草屯鎮","120.695","23.995","636"
"143","257365","20220615193000","107","2","南投縣","草屯鎮","120.710","24.000","131"
"148","257366","20220615193000","167","0","南投縣","草屯鎮","120.670","23.960","124"
"434","257368","20220615193000","284","3","南投縣","草屯鎮","120.675","23.965","452"
"253","257369","20220615193000","196","2","南投縣","草屯鎮","120.670","23.970","238"
"492","257370","20220615193000","446","1","南投縣","草屯鎮","120.670","23.975","567"
"336","257373","20220615193000","281","1","南投縣","草屯鎮","120.675","23.980","400"
"1043","257376","20220615193000","1267","0","南投縣","草屯鎮","120.680","23.985","1055"
"299","257377","20220615193000","260","1","南投縣","草屯鎮","120.670","23.990","301"
"42","257381","20220615193000","226","0","南投縣","草屯鎮","120.670","23.995","41"
"413","257386","20220615193000","137","3","南投縣","草屯鎮","120.685","23.990","389"
"621","257387","20220615193000","398","3","南投縣","草屯鎮","120.680","23.995","550"
"118","257389","20220615193000","364","0","南投縣","草屯鎮","120.680","24.000","114"
"840","257396","20220615193000","445","3","南投縣","草屯鎮","120.680","24.005","617"
"281","257400","20220615193000","884","0","南投縣","草屯鎮","120.685","23.985","290"
"2166","257401","20220615193000","2116","1","南投縣","草屯鎮","120.685","23.980","1998"
"111","257403","20220615193000","214","0","南投縣","草屯鎮","120.640","23.995","133"
"327","257407","20220615193000","360","0","南投縣","草屯鎮","120.660","23.995","307"
"112","257410","20220615193000","237","0","南投縣","草屯鎮","120.650","23.995","89"
"146","257415","20220615193000","128","1","南投縣","草屯鎮","120.655","23.965","136"
"722","257418","20220615193000","587","2","南投縣","草屯鎮","120.650","23.970","743"
"415","257422","20220615193000","323","2","南投縣","草屯鎮","120.650","23.975","414"
"283","257424","20220615193000","233","2","南投縣","草屯鎮","120.660","23.975","331"
"548","257425","20220615193000","438","2","南投縣","草屯鎮","120.665","23.975","545"
"153","257426","20220615193000","284","0","南投縣","草屯鎮","120.650","23.980","142"
"556","257429","20220615193000","648","0","南投縣","草屯鎮","120.665","23.950","544"
"438","257438","20220615193000","296","2","南投縣","草屯鎮","120.660","23.960","446"
"163","257439","20220615193000","191","0","南投縣","草屯鎮","120.665","23.960","148"
"289","257496","20220615193000","239","2","南投縣","草屯鎮","120.795","23.985","284"
"244","257505","20220615193000","174","2","南投縣","草屯鎮","120.795","23.990","242"
"137","257522","20220615193000","156","0","南投縣","草屯鎮","120.800","24.000","146"
"129","257550","20220615193000","306","0","彰化縣","福興鄉","120.410","24.005","117"
"121","257580","20220615193000","75","3","彰化縣","芳苑鄉","120.400","23.995","129"
"426","257591","20220615193000","353","2","彰化縣","芳苑鄉","120.365","24.000","474"
"283","257595","20220615193000","198","2","彰化縣","芳苑鄉","120.385","24.000","238"
"406","257609","20220615193000","326","2","彰化縣","芳苑鄉","120.370","24.005","422"
"337","257631","20220615193000","140","3","彰化縣","芳苑鄉","120.340","23.965","267"
"206","257632","20220615193000","661","0","彰化縣","芳苑鄉","120.345","23.965","224"
"35","257638","20220615193000","30","1","彰化縣","芳苑鄉","120.325","23.970","31"
"356","257669","20220615193000","969","0","彰化縣","秀水鄉","120.510","23.995","401"
"569","257680","20220615193000","404","2","彰化縣","秀水鄉","120.520","24.000","592"
"171","257685","20220615193000","156","1","彰化縣","福興鄉","120.490","24.010","205"
"1166","257686","20220615193000","782","2","彰化縣","福興鄉","120.495","24.010","1110"
"22","257694","20220615193000","15","2","彰化縣","芬園鄉","120.605","24.005","22"
"401","257699","20220615193000","265","3","彰化縣","溪湖鎮","120.490","23.950","398"
"587","257700","20220615193000","578","1","彰化縣","溪湖鎮","120.495","23.950","599"
"1410","257703","20220615193000","857","3","彰化縣","溪湖鎮","120.475","23.960","1253"
"393","257704","20220615193000","294","2","彰化縣","溪湖鎮","120.465","23.965","424"
"2233","257708","20220615193000","2243","0","彰化縣","溪湖鎮","120.480","23.960","2151"
"463","257713","20220615193000","449","1","彰化縣","溪湖鎮","120.485","23.935","505"
"14","257720","20220615193000","20","0","彰化縣","溪湖鎮","120.500","23.940","14"
"48","257725","20220615193000","257","0","彰化縣","溪湖鎮","120.505","23.950","29"
"531","257727","20220615193000","450","1","彰化縣","溪湖鎮","120.490","23.955","560"
"71","257728","20220615193000","75","0","彰化縣","溪湖鎮","120.495","23.955","68"
"448","257729","20220615193000","555","0","彰化縣","溪湖鎮","120.485","23.960","466"
"220","257731","20220615193000","224","0","彰化縣","溪湖鎮","120.495","23.960","226"
"382","257733","20220615193000","298","2","彰化縣","溪湖鎮","120.490","23.965","386"
"500","257734","20220615193000","528","0","彰化縣","溪湖鎮","120.485","23.970","524"
"287","257750","20220615193000","245","1","彰化縣","芬園鄉","120.625","23.965","282"
"240","257766","20220615193000","319","0","彰化縣","溪湖鎮","120.475","23.950","280"
"725","257767","20220615193000","837","0","彰化縣","溪湖鎮","120.475","23.955","744"
"286","257778","20220615193000","191","2","彰化縣","溪湖鎮","120.475","23.970","249"
"836","257781","20220615193000","701","1","彰化縣","溪湖鎮","120.470","23.980","840"
"254","257784","20220615193000","192","2","南投縣","草屯鎮","120.670","23.980","207"
"152","257785","20220615193000","426","0","南投縣","草屯鎮","120.650","23.985","174"
"371","257788","20220615193000","409","0","南投縣","草屯鎮","120.665","23.985","360"
"318","257792","20220615193000","295","1","南投縣","草屯鎮","120.665","23.990","312"
"52","257795","20220615193000","460","0","彰化縣","社頭鄉","120.605","23.930","50"
"139","257797","20220615193000","156","0","彰化縣","社頭鄉","120.615","23.930","129"
"94","257798","20220615193000","51","3","彰化縣","社頭鄉","120.620","23.930","91"
"465","257802","20220615193000","294","3","彰化縣","芬園鄉","120.630","23.995","417"
"33","257808","20220615193000","16","3","彰化縣","芬園鄉","120.615","24.005","10"
"1616","257810","20220615193000","1080","2","彰化縣","芬園鄉","120.630","24.010","1544"
"56","257812","20220615193000","276","0","彰化縣","芬園鄉","120.640","24.010","55"
"54","257813","20220615193000","36","3","彰化縣","芬園鄉","120.645","24.010","61"
"435","257817","20220615193000","220","3","彰化縣","埔鹽鄉","120.425","23.995","349"
"70","257823","20220615193000","205","0","彰化縣","埔鹽鄉","120.430","24.005","56"
"285","257824","20220615193000","176","3","彰化縣","福興鄉","120.420","24.010","280"
"30","257825","20220615193000","11","3","彰化縣","福興鄉","120.425","24.010","26"
"310","257827","20220615193000","791","0","彰化縣","秀水鄉","120.515","24.010","319"
"286","257834","20220615193000","193","2","彰化縣","芬園鄉","120.620","23.980","283"
"269","257851","20220615193000","150","3","彰化縣","芬園鄉","120.610","23.995","235"
"93","257857","20220615193000","83","1","彰化縣","芬園鄉","120.625","24.000","102"
"41","257867","20220615193000","190","0","彰化縣","芬園鄉","120.645","23.965","40"
"481","257871","20220615193000","310","3","彰化縣","芬園鄉","120.640","23.975","483"
"33","257882","20220615193000","349","0","彰化縣","花壇鄉","120.550","24.010","30"
"54","257884","20220615193000","66","0","彰化縣","花壇鄉","120.570","24.010","52"
"616","257886","20220615193000","544","1","彰化縣","社頭鄉","120.575","23.930","595"
"368","257898","20220615193000","376","0","南投縣","草屯鎮","120.730","23.975","429"
"256","257902","20220615193000","218","1","南投縣","草屯鎮","120.735","23.980","318"
"659","257907","20220615193000","1438","0","彰化縣","溪湖鎮","120.480","23.965","629"
"35","257908","20220615193000","445","0","彰化縣","溪湖鎮","120.480","23.970","29"
"946","263412","20220615193000","1356","0","臺中市","霧峰區","120.690","24.045","941"
"323","263414","20220615193000","267","2","臺中市","霧峰區","120.685","24.050","311"
"146","263420","20220615193000","135","1","臺中市","霧峰區","120.705","24.045","139"
"57","263428","20220615193000","37","3","臺中市","霧峰區","120.705","24.055","35"
"499","263432","20220615193000","397","2","臺中市","霧峰區","120.705","24.060","500"
"29","263433","20220615193000","451","0","臺中市","霧峰區","120.710","24.060","42"
"48","263450","20220615193000","206","0","臺中市","霧峰區","120.700","24.020","52"
"299","263482","20220615193000","318","0","臺中市","霧峰區","120.700","24.030","314"
"384","263484","20220615193000","324","1","臺中市","霧峰區","120.695","24.035","369"
"262","263486","20220615193000","368","0","臺中市","霧峰區","120.710","24.070","310"
"194","263487","20220615193000","620","0","臺中市","霧峰區","120.715","24.070","153"
"69","263488","20220615193000","220","0","臺中市","霧峰區","120.720","24.070","64"
"388","263490","20220615193000","467","0","臺中市","霧峰區","120.705","24.075","370"
"345","263491","20220615193000","303","1","臺中市","霧峰區","120.710","24.075","341"
"1483","263492","20220615193000","1407","1","臺中市","霧峰區","120.715","24.075","1517"
"21","263493","20220615193000","316","0","臺中市","霧峰區","120.720","24.075","21"
"540","263495","20220615193000","399","2","臺中市","霧峰區","120.710","24.080","559"
"21","263497","20220615193000","24","0","臺中市","大里區","120.720","24.080","19"
"97","263498","20220615193000","383","0","臺中市","霧峰區","120.665","24.055","78"
"19","263518","20220615193000","90","0","臺中市","霧峰區","120.730","24.040","17"
"1148","263528","20220615193000","1089","1","臺中市","霧峰區","120.695","24.040","1170"
"71","263539","20220615193000","89","0","臺中市","霧峰區","120.695","24.045","69"
"108","263553","20220615193000","66","3","臺中市","霧峰區","120.725","24.030","109"
"263","263569","20220615193000","154","3","臺中市","霧峰區","120.725","24.035","259"
"810","263579","20220615193000","758","1","臺中市","大里區","120.695","24.080","849"
"2700","263581","20220615193000","2004","2","臺中市","大里區","120.695","24.085","2761"
"304","263583","20220615193000","291","1","臺中市","大里區","120.690","24.085","279"
"120","263584","20220615193000","127","0","臺中市","大里區","120.700","24.080","120"
"1223","263585","20220615193000","1202","1","臺中市","大里區","120.700","24.085","1260"
"19","263586","20220615193000","385","0","臺中市","大里區","120.705","24.085","16"
"1465","263587","20220615193000","1361","1","臺中市","大里區","120.705","24.090","1440"
"436","263588","20220615193000","391","1","臺中市","大里區","120.715","24.095","392"
"25","263708","20220615193000","17","2","臺中市","太平區","120.755","24.085","21"
"151","263716","20220615193000","189","0","臺中市","太平區","120.745","24.090","178"
"220","263736","20220615193000","247","0","臺中市","霧峰區","120.700","24.050","218"
"727","263737","20220615193000","563","2","臺中市","霧峰區","120.695","24.055","730"
"147","263738","20220615193000","121","2","臺中市","霧峰區","120.700","24.055","145"
"98","263741","20220615193000","422","0","臺中市","霧峰區","120.680","24.060","101"
"912","263743","20220615193000","810","1","臺中市","霧峰區","120.680","24.065","966"
"29","263745","20220615193000","29","1","臺中市","霧峰區","120.690","24.065","17"
"575","263746","20220615193000","378","3","臺中市","霧峰區","120.680","24.070","579"
"119","263747","20220615193000","748","0","臺中市","霧峰區","120.700","24.070","111"
"123","263753","20220615193000","123","1","臺中市","新社區","120.885","24.095","121"
"516","263758","20220615193000","507","1","臺中市","大里區","120.685","24.075","505"
"502","263759","20220615193000","295","3","臺中市","大里區","120.690","24.075","513"
"230","263764","20220615193000","354","0","臺中市","大里區","120.680","24.085","194"
"10","263765","20220615193000","176","0","臺中市","大里區","120.685","24.085","15"
"302","263766","20220615193000","267","1","臺中市","太平區","120.730","24.095","330"
"401","263776","20220615193000","359","1","臺中市","霧峰區","120.705","24.065","392"
"75","263778","20220615193000","230","0","臺中市","霧峰區","120.715","24.065","79"
"134","263794","20220615193000","91","2","臺中市","霧峰區","120.745","24.045","123"
"129","263828","20220615193000","181","0","臺中市","霧峰區","120.745","24.060","121"
"35","263842","20220615193000","37","0","臺中市","霧峰區","120.760","24.065","38"
"78","263846","20220615193000","58","2","臺中市","霧峰區","120.735","24.070","91"
"381","263863","20220615193000","311","2","臺中市","霧峰區","120.695","24.015","347"
"655","263864","20220615193000","573","1","臺中市","霧峰區","120.685","24.020","579"
"483","263875","20220615193000","312","3","臺中市","烏日區","120.655","24.055","450"
"254","263876","20220615193000","330","0","臺中市","烏日區","120.660","24.055","247"
"303","263878","20220615193000","260","1","臺中市","烏日區","120.655","24.045","318"
"298","263884","20220615193000","256","1","臺中市","烏日區","120.650","24.050","313"
"434","263885","20220615193000","557","0","臺中市","烏日區","120.635","24.070","451"
"1365","263888","20220615193000","1304","1","臺中市","烏日區","120.635","24.080","1336"
"444","263891","20220615193000","398","1","臺中市","烏日區","120.625","24.090","483"
"1691","263900","20220615193000","1468","1","臺中市","烏日區","120.640","24.075","1688"
"685","263902","20220615193000","680","1","臺中市","烏日區","120.650","24.075","727"
"37","263907","20220615193000","1026","0","臺中市","烏日區","120.645","24.085","51"
"134","263933","20220615193000","183","0","臺中市","烏日區","120.635","24.050","128"
"3672","263942","20220615193000","2221","3","臺中市","大里區","120.680","24.095","3645"
"259","263943","20220615193000","254","1","臺中市","大里區","120.665","24.095","276"
"1485","263945","20220615193000","994","2","臺中市","大里區","120.690","24.090","1486"
"1054","263946","20220615193000","1143","0","臺中市","大里區","120.695","24.095","1064"
"455","263948","20220615193000","413","1","臺中市","大里區","120.705","24.095","502"
"279","263949","20220615193000","321","0","臺中市","大里區","120.710","24.095","328"
"402","263950","20220615193000","461","0","臺中市","大里區","120.715","24.090","412"
"597","263951","20220615193000","579","1","臺中市","大里區","120.720","24.095","574"
"19","263953","20220615193000","440","0","臺中市","大里區","120.695","24.090","19"
"1280","263954","20220615193000","1158","1","臺中市","大里區","120.700","24.095","1259"
"644","263960","20220615193000","362","3","臺中市","大里區","120.735","24.090","613"
"637","263962","20220615193000","614","1","臺中市","大里區","120.720","24.090","661"
"517","263964","20220615193000","485","1","臺中市","大里區","120.730","24.090","527"
"956","263969","20220615193000","1152","0","臺中市","大里區","120.710","24.085","972"
"349","263970","20220615193000","613","0","臺中市","大里區","120.715","24.085","394"
"97","263971","20220615193000","129","0","臺中市","大里區","120.720","24.085","125"
"49","263975","20220615193000","67","0","臺中市","大里區","120.710","24.090","48"
"138","263977","20220615193000","103","2","臺中市","大里區","120.665","24.085","160"
"313","263979","20220615193000","280","1","臺中市","大里區","120.675","24.085","302"
"312","263989","20220615193000","290","1","臺中市","大里區","120.685","24.095","322"
"367","263990","20220615193000","428","0","臺中市","大里區","120.690","24.095","395"
"189","263991","20220615193000","334","0","臺中市","霧峰區","120.695","24.065","202"
"2664","263992","20220615193000","2906","0","臺中市","霧峰區","120.700","24.065","2662"
"535","263995","20220615193000","336","3","臺中市","霧峰區","120.665","24.065","515"
"190","263999","20220615193000","699","0","臺中市","霧峰區","120.665","24.070","199"
"27","264007","20220615193000","396","0","臺中市","霧峰區","120.655","24.085","33"
"34","264008","20220615193000","345","0","臺中市","霧峰區","120.650","24.085","40"
"202","264016","20220615193000","196","1","臺中市","霧峰區","120.690","24.040","243"
"65","264018","20220615193000","421","0","臺中市","霧峰區","120.685","24.045","64"
"35","264024","20220615193000","535","0","臺中市","霧峰區","120.665","24.040","31"
"128","264029","20220615193000","114","1","臺中市","霧峰區","120.660","24.050","116"
"778","264031","20220615193000","806","0","臺中市","大里區","120.700","24.090","782"
"62","264037","20220615193000","48","2","臺中市","霧峰區","120.670","24.025","63"
"10","264042","20220615193000","203","0","臺中市","霧峰區","120.670","24.030","16"
"167","264047","20220615193000","222","0","花蓮縣","秀林鄉","121.580","24.020","166"
"239","264094","20220615193000","217","1","花蓮縣","秀林鄉","121.595","24.050","256"
"711","264107","20220615193000","791","0","花蓮縣","秀林鄉","121.600","24.055","707"
"405","264435","20220615193000","359","1","花蓮縣","新城鄉","121.610","24.080","393"
"311","264642","20220615193000","425","0","花蓮縣","新城鄉","121.595","24.015","300"
"245","264655","20220615193000","238","1","花蓮縣","新城鄉","121.590","24.035","227"
"266","264661","20220615193000","193","2","花蓮縣","新城鄉","121.595","24.040","290"
"1038","264663","20220615193000","550","3","花蓮縣","新城鄉","121.605","24.030","1064"
"481","264665","20220615193000","361","2","花蓮縣","新城鄉","121.605","24.035","450"
"460","264667","20220615193000","385","1","花蓮縣","新城鄉","121.600","24.035","475"
"1802","264676","20220615193000","1430","2","臺中市","烏日區","120.645","24.060","1760"
"64","264678","20220615193000","505","0","臺中市","烏日區","120.655","24.060","61"
"360","264683","20220615193000","391","0","臺中市","烏日區","120.640","24.065","362"
"221","264700","20220615193000","184","2","臺中市","烏日區","120.620","24.090","233"
"460","264703","20220615193000","289","3","臺中市","霧峰區","120.675","24.040","451"
"192","264707","20220615193000","152","2","臺中市","霧峰區","120.680","24.045","209"
"423","264712","20220615193000","359","1","臺中市","霧峰區","120.675","24.050","411"
"883","264717","20220615193000","848","1","臺中市","烏日區","120.645","24.090","836"
"366","264719","20220615193000","356","1","臺中市","烏日區","120.635","24.095","332"
"36","264720","20220615193000","31","1","臺中市","烏日區","120.640","24.095","33"
"56","264722","20220615193000","222","0","臺中市","烏日區","120.645","24.095","48"
"446","264725","20220615193000","421","1","臺中市","烏日區","120.655","24.095","471"
"171","264726","20220615193000","149","1","臺中市","大里區","120.660","24.095","178"
"753","264728","20220615193000","573","2","花蓮縣","花蓮市","121.625","24.010","941"
"359","264732","20220615193000","357","1","花蓮縣","花蓮市","121.630","24.015","352"
"229","264737","20220615193000","208","1","花蓮縣","花蓮市","121.635","24.025","205"
"90","265344","20220615193000","61","2","南投縣","國姓鄉","120.830","24.030","57"
"23","265374","20220615193000","20","1","南投縣","國姓鄉","120.800","24.045","18"
"51","265406","20220615193000","39","2","南投縣","國姓鄉","120.825","24.070","53"
"19","265430","20220615193000","16","1","南投縣","國姓鄉","120.880","24.050","12"
"129","265436","20220615193000","105","2","南投縣","國姓鄉","120.910","24.050","129"
"132","265440","20220615193000","123","1","南投縣","國姓鄉","120.930","24.050","128"
"399","265442","20220615193000","232","3","南投縣","國姓鄉","120.880","24.055","377"
"235","265449","20220615193000","245","0","南投縣","國姓鄉","120.915","24.055","225"
"26","265465","20220615193000","31","0","南投縣","國姓鄉","120.930","24.060","27"
"129","265467","20220615193000","114","1","南投縣","國姓鄉","120.940","24.060","138"
"18","265498","20220615193000","23","0","南投縣","國姓鄉","120.930","24.075","25"
"134","265569","20220615193000","452","0","南投縣","國姓鄉","120.850","24.040","98"
"25","265593","20220615193000","142","0","南投縣","埔里鎮","120.910","24.025","23"
"18","265615","20220615193000","263","0","南投縣","埔里鎮","120.920","24.040","20"
"337","265622","20220615193000","241","2","南投縣","國姓鄉","120.930","24.045","362"
"27","265627","20220615193000","30","0","南投縣","埔里鎮","120.950","24.010","24"
"98","265628","20220615193000","258","0","南投縣","埔里鎮","120.945","24.015","94"
"198","265633","20220615193000","218","0","南投縣","埔里鎮","120.950","24.020","225"
"73","265651","20220615193000","90","0","南投縣","埔里鎮","120.950","24.035","63"
"85","265706","20220615193000","233","0","花蓮縣","花蓮市","121.590","24.010","84"
"1280","265708","20220615193000","1467","0","花蓮縣","新城鄉","121.610","24.015","1304"
"198","265711","20220615193000","132","3","花蓮縣","新城鄉","121.605","24.020","195"
"747","265716","20220615193000","501","2","花蓮縣","新城鄉","121.605","24.025","753"
"133","265719","20220615193000","159","0","花蓮縣","新城鄉","121.620","24.025","135"
"135","265723","20220615193000","122","1","花蓮縣","新城鄉","121.615","24.030","139"
"48","265734","20220615193000","65","0","花蓮縣","新城鄉","121.625","24.035","37"
"553","265739","20220615193000","423","2","花蓮縣","新城鄉","121.605","24.040","529"
"407","265742","20220615193000","367","1","花蓮縣","新城鄉","121.610","24.045","429"
"12","265743","20220615193000","196","0","花蓮縣","新城鄉","121.615","24.045","11"
"59","265753","20220615193000","50","1","花蓮縣","新城鄉","121.615","24.060","50"
"267","265754","20220615193000","308","0","花蓮縣","新城鄉","121.610","24.065","233"
"898","265773","20220615193000","601","2","彰化縣","彰化市","120.570","24.085","966"
"888","265774","20220615193000","778","1","彰化縣","彰化市","120.575","24.090","808"
"196","265780","20220615193000","211","0","彰化縣","彰化市","120.620","24.045","185"
"369","265784","20220615193000","327","1","彰化縣","彰化市","120.620","24.060","396"
"1325","265794","20220615193000","2058","0","彰化縣","彰化市","120.535","24.090","1321"
"1082","265797","20220615193000","880","2","彰化縣","彰化市","120.545","24.075","1030"
"855","265798","20220615193000","465","3","彰化縣","彰化市","120.555","24.070","852"
"1985","265800","20220615193000","1321","3","彰化縣","彰化市","120.545","24.085","2011"
"472","265801","20220615193000","374","2","彰化縣","彰化市","120.555","24.090","474"
"840","265802","20220615193000","954","0","彰化縣","彰化市","120.555","24.080","836"
"94","265803","20220615193000","889","0","彰化縣","彰化市","120.560","24.080","88"
"1105","265804","20220615193000","1401","0","彰化縣","彰化市","120.555","24.085","1188"
"42","265805","20220615193000","115","0","彰化縣","彰化市","120.560","24.085","42"
"1387","265806","20220615193000","860","3","彰化縣","彰化市","120.535","24.080","1312"
"2954","265807","20220615193000","1929","3","彰化縣","彰化市","120.540","24.085","3020"
"2153","265808","20220615193000","1390","3","彰化縣","彰化市","120.545","24.090","2089"
"479","265810","20220615193000","208","3","彰化縣","彰化市","120.550","24.075","503"
"1912","265812","20220615193000","1661","1","彰化縣","彰化市","120.530","24.080","1894"
"76","265817","20220615193000","282","0","彰化縣","鹿港鎮","120.480","24.090","101"
"1047","265820","20220615193000","787","2","彰化縣","彰化市","120.535","24.070","1080"
"1607","265821","20220615193000","1016","3","彰化縣","彰化市","120.530","24.065","1583"
"2052","265822","20220615193000","1560","2","彰化縣","彰化市","120.530","24.070","2045"
"833","265823","20220615193000","879","0","彰化縣","鹿港鎮","120.445","24.055","829"
"29","265824","20220615193000","344","0","彰化縣","鹿港鎮","120.445","24.060","32"
"41","265825","20220615193000","38","1","彰化縣","鹿港鎮","120.450","24.060","30"
"682","265826","20220615193000","618","1","彰化縣","鹿港鎮","120.445","24.065","741"
"22","265839","20220615193000","24","0","彰化縣","彰化市","120.580","24.075","20"
"390","265841","20220615193000","1967","0","彰化縣","彰化市","120.535","24.075","406"
"649","265848","20220615193000","609","1","彰化縣","鹿港鎮","120.460","24.080","610"
"457","265863","20220615193000","425","1","彰化縣","鹿港鎮","120.435","24.050","457"
"1093","265864","20220615193000","1200","0","彰化縣","彰化市","120.550","24.085","1057"
"792","265898","20220615193000","537","2","南投縣","國姓鄉","120.860","24.060","757"
"243","265927","20220615193000","191","2","南投縣","國姓鄉","120.845","24.025","230"
"68","265948","20220615193000","357","0","南投縣","國姓鄉","120.860","24.040","389"
"542","265956","20220615193000","311","3","南投縣","國姓鄉","120.855","24.045","434"
"307","265973","20220615193000","338","0","南投縣","國姓鄉","120.820","24.020","227"
"47","265977","20220615193000","234","0","南投縣","國姓鄉","120.825","24.025","234"
"207","266037","20220615193000","175","1","南投縣","國姓鄉","120.875","24.075","221"
"2180","266081","20220615193000","3257","0","彰化縣","彰化市","120.535","24.065","2219"
"1506","266082","20220615193000","675","3","彰化縣","和美鎮","120.510","24.090","1485"
"25","266090","20220615193000","43","0","彰化縣","埔鹽鄉","120.450","24.015","25"
"327","266091","20220615193000","256","2","彰化縣","埔鹽鄉","120.455","24.015","349"
"1248","266093","20220615193000","1150","1","彰化縣","彰化市","120.540","24.070","1203"
"793","266099","20220615193000","625","2","彰化縣","花壇鄉","120.545","24.015","860"
"456","266100","20220615193000","435","1","彰化縣","花壇鄉","120.545","24.020","433"
"61","266107","20220615193000","94","0","彰化縣","花壇鄉","120.545","24.030","69"
"33","266111","20220615193000","63","0","彰化縣","花壇鄉","120.550","24.035","28"
"380","266122","20220615193000","327","1","彰化縣","埔鹽鄉","120.445","24.020","393"
"645","266124","20220615193000","149","3","彰化縣","彰化市","120.520","24.055","648"
"549","266127","20220615193000","578","0","彰化縣","彰化市","120.565","24.090","546"
"1219","266128","20220615193000","687","3","彰化縣","彰化市","120.555","24.095","1260"
"359","266129","20220615193000","221","3","彰化縣","彰化市","120.560","24.095","384"
"997","266131","20220615193000","784","2","彰化縣","彰化市","120.595","24.070","968"
"169","266132","20220615193000","208","0","彰化縣","彰化市","120.595","24.075","168"
"241","266134","20220615193000","151","3","彰化縣","彰化市","120.605","24.075","207"
"763","266136","20220615193000","615","2","彰化縣","彰化市","120.600","24.080","758"
"524","266138","20220615193000","324","3","彰化縣","彰化市","120.595","24.085","500"
"38","266153","20220615193000","77","0","彰化縣","彰化市","120.605","24.045","50"
"104","266154","20220615193000","94","1","彰化縣","彰化市","120.585","24.050","108"
"53","266155","20220615193000","94","0","彰化縣","彰化市","120.590","24.050","60"
"62","266157","20220615193000","54","1","彰化縣","彰化市","120.600","24.050","63"
"413","266166","20220615193000","287","2","彰化縣","彰化市","120.615","24.055","402"
"607","266168","20220615193000","514","1","彰化縣","彰化市","120.580","24.080","616"
"854","266169","20220615193000","749","1","彰化縣","彰化市","120.575","24.085","883"
"1405","266170","20220615193000","1034","2","彰化縣","彰化市","120.580","24.085","1354"
"304","266171","20220615193000","242","2","彰化縣","彰化市","120.560","24.075","314"
"609","266172","20220615193000","611","0","彰化縣","彰化市","120.550","24.080","606"
"1449","266176","20220615193000","432","3","彰化縣","和美鎮","120.495","24.085","1452"
"55","266180","20220615193000","58","0","彰化縣","和美鎮","120.495","24.090","58"
"995","266182","20220615193000","2698","0","彰化縣","彰化市","120.535","24.085","1058"
"764","266183","20220615193000","744","1","彰化縣","和美鎮","120.525","24.095","753"
"229","266185","20220615193000","182","2","彰化縣","和美鎮","120.535","24.095","223"
"80","266190","20220615193000","90","0","彰化縣","秀水鄉","120.505","24.065","98"
"1548","266191","20220615193000","384","3","彰化縣","彰化市","120.510","24.065","1185"
"1267","266192","20220615193000","897","2","彰化縣","彰化市","120.515","24.065","1209"
"606","266194","20220615193000","195","3","彰化縣","彰化市","120.510","24.070","649"
"334","266196","20220615193000","264","2","彰化縣","花壇鄉","120.570","24.055","287"
"14","266199","20220615193000","31","0","彰化縣","彰化市","120.560","24.060","19"
"15","266205","20220615193000","155","0","彰化縣","彰化市","120.570","24.065","23"
"1836","266210","20220615193000","1150","3","彰化縣","彰化市","120.540","24.075","1693"
"3085","266211","20220615193000","2678","1","彰化縣","彰化市","120.540","24.080","2796"
"1054","266214","20220615193000","560","3","彰化縣","彰化市","120.525","24.080","999"
"1052","266216","20220615193000","905","1","彰化縣","彰化市","120.530","24.085","1040"
"1245","266222","20220615193000","1027","2","彰化縣","彰化市","120.600","24.090","1193"
"328","266224","20220615193000","323","1","彰化縣","彰化市","120.585","24.090","318"
"198","266228","20220615193000","124","3","彰化縣","彰化市","120.580","24.095","194"
"17","266232","20220615193000","24","0","彰化縣","彰化市","120.600","24.095","24"
"483","266233","20220615193000","201","3","彰化縣","秀水鄉","120.500","24.075","472"
"56","266234","20220615193000","529","0","彰化縣","彰化市","120.505","24.075","55"
"464","266237","20220615193000","364","2","彰化縣","彰化市","120.520","24.075","509"
"488","266238","20220615193000","152","3","彰化縣","彰化市","120.510","24.080","492"
"121","266239","20220615193000","365","0","彰化縣","和美鎮","120.515","24.080","124"
"92","266240","20220615193000","224","0","彰化縣","彰化市","120.520","24.080","96"
"581","266241","20220615193000","252","3","彰化縣","彰化市","120.515","24.085","525"
"276","266243","20220615193000","186","2","彰化縣","彰化市","120.525","24.085","270"
"376","266244","20220615193000","667","0","彰化縣","彰化市","120.545","24.095","358"
"42","266245","20220615193000","772","0","彰化縣","彰化市","120.545","24.080","47"
"314","266246","20220615193000","205","3","彰化縣","彰化市","120.565","24.085","307"
"1722","266247","20220615193000","1420","2","彰化縣","彰化市","120.560","24.090","1817"
"590","266248","20220615193000","529","1","彰化縣","彰化市","120.570","24.090","594"
"995","266249","20220615193000","757","2","彰化縣","和美鎮","120.530","24.090","986"
"223","266250","20220615193000","339","0","彰化縣","彰化市","120.555","24.065","233"
"1565","266251","20220615193000","3601","0","彰化縣","彰化市","120.545","24.070","1564"
"261","266252","20220615193000","261","1","彰化縣","彰化市","120.550","24.070","334"
"34","266255","20220615193000","16","3","彰化縣","彰化市","120.600","24.060","21"
"17","266262","20220615193000","220","0","彰化縣","彰化市","120.610","24.065","17"
"440","266263","20220615193000","380","1","彰化縣","彰化市","120.600","24.070","477"
"31","266264","20220615193000","27","1","彰化縣","彰化市","120.605","24.070","40"
"268","266265","20220615193000","197","2","彰化縣","彰化市","120.610","24.070","236"
"381","266266","20220615193000","1719","0","彰化縣","彰化市","120.540","24.090","427"
"568","266267","20220615193000","440","2","彰化縣","和美鎮","120.520","24.090","552"
"135","266274","20220615193000","478","0","彰化縣","和美鎮","120.505","24.085","153"
"50","266309","20220615193000","45","1","南投縣","仁愛鄉","120.970","24.045","55"
"288","266333","20220615193000","280","1","南投縣","仁愛鄉","120.970","24.060","295"
"172","266406","20220615193000","120","2","南投縣","仁愛鄉","121.095","24.010","148"
"96","266517","20220615193000","82","1","南投縣","仁愛鄉","121.210","24.075","70"
"61","266589","20220615193000","41","2","南投縣","仁愛鄉","121.210","24.090","56"
"31","266666","20220615193000","213","0","南投縣","仁愛鄉","121.130","24.020","26"
"262","266696","20220615193000","251","1","南投縣","仁愛鄉","121.150","24.040","220"
"17","266697","20220615193000","15","1","南投縣","仁愛鄉","121.155","24.040","17"
"359","266700","20220615193000","283","2","南投縣","仁愛鄉","121.125","24.045","335"
"130","266706","20220615193000","161","0","南投縣","仁愛鄉","121.155","24.045","84"
"38","266715","20220615193000","34","1","南投縣","仁愛鄉","121.155","24.050","35"
"36","266733","20220615193000","55","0","南投縣","仁愛鄉","121.160","24.055","24"
"280","266768","20220615193000","378","0","南投縣","仁愛鄉","121.165","24.070","235"
"39","266805","20220615193000","23","3","南投縣","仁愛鄉","121.175","24.090","12"
"17","267165","20220615193000","24","0","南投縣","仁愛鄉","121.025","24.090","11"
"241","267268","20220615193000","192","2","南投縣","仁愛鄉","121.175","24.010","215"
"57","267286","20220615193000","294","0","南投縣","仁愛鄉","121.140","24.025","57"
"52","267290","20220615193000","48","1","南投縣","仁愛鄉","121.160","24.025","59"
"465","267410","20220615193000","536","0","南投縣","仁愛鄉","121.180","24.035","420"
"109","267555","20220615193000","71","3","南投縣","仁愛鄉","121.190","24.060","118"
"206","267605","20220615193000","247","0","南投縣","仁愛鄉","121.210","24.070","160"
"136","267630","20220615193000","145","0","彰化縣","花壇鄉","120.530","24.050","148"
"509","267631","20220615193000","482","1","彰化縣","彰化市","120.530","24.055","549"
"1750","267632","20220615193000","1312","2","彰化縣","彰化市","120.530","24.060","1765"
"117","267633","20220615193000","1666","0","彰化縣","彰化市","120.535","24.060","131"
"1641","267634","20220615193000","1858","0","彰化縣","彰化市","120.550","24.090","1666"
"794","267636","20220615193000","575","2","彰化縣","彰化市","120.550","24.095","820"
"98","267637","20220615193000","59","3","彰化縣","彰化市","120.590","24.065","87"
"461","267640","20220615193000","353","2","彰化縣","彰化市","120.585","24.080","517"
"667","267641","20220615193000","507","2","彰化縣","彰化市","120.590","24.080","680"
"765","267646","20220615193000","420","3","彰化縣","彰化市","120.520","24.065","725"
"1785","267649","20220615193000","1512","1","彰化縣","彰化市","120.525","24.070","1808"
"70","267650","20220615193000","162","0","彰化縣","彰化市","120.525","24.075","75"
"523","267652","20220615193000","412","2","彰化縣","彰化市","120.555","24.050","508"
"793","267654","20220615193000","487","3","彰化縣","彰化市","120.535","24.055","801"
"273","267655","20220615193000","196","2","彰化縣","彰化市","120.540","24.055","322"
"366","267656","20220615193000","229","3","彰化縣","彰化市","120.545","24.055","342"
"292","267661","20220615193000","295","0","彰化縣","彰化市","120.540","24.060","292"
"343","267662","20220615193000","384","0","彰化縣","彰化市","120.545","24.060","323"
"140","267664","20220615193000","96","2","彰化縣","彰化市","120.555","24.060","147"
"3586","267665","20220615193000","3011","1","彰化縣","彰化市","120.540","24.065","3579"
"844","267666","20220615193000","811","1","彰化縣","彰化市","120.545","24.065","888"
"394","267667","20220615193000","796","0","彰化縣","彰化市","120.550","24.065","324"
"2437","267669","20220615193000","984","3","彰化縣","彰化市","120.515","24.055","2421"
"3529","267670","20220615193000","1588","3","彰化縣","彰化市","120.515","24.060","3628"
"38","267676","20220615193000","251","0","彰化縣","福興鄉","120.470","24.030","54"
"175","267682","20220615193000","90","3","彰化縣","福興鄉","120.470","24.035","158"
"589","267689","20220615193000","441","2","彰化縣","福興鄉","120.480","24.040","587"
"369","267697","20220615193000","190","3","彰化縣","福興鄉","120.455","24.035","418"
"629","267705","20220615193000","619","1","彰化縣","福興鄉","120.465","24.045","605"
"20","267711","20220615193000","254","0","彰化縣","福興鄉","120.460","24.020","29"
"350","267717","20220615193000","166","3","彰化縣","秀水鄉","120.510","24.015","376"
"37","267718","20220615193000","28","2","彰化縣","秀水鄉","120.500","24.020","32"
"67","267726","20220615193000","116","0","彰化縣","鹿港鎮","120.480","24.085","55"
"1023","267729","20220615193000","667","3","彰化縣","鹿港鎮","120.485","24.090","1021"
"2499","267732","20220615193000","1901","2","彰化縣","鹿港鎮","120.435","24.055","2328"
"1138","267736","20220615193000","578","3","彰化縣","鹿港鎮","120.465","24.090","1077"
"37","267739","20220615193000","324","0","彰化縣","鹿港鎮","120.470","24.095","48"
"1214","267795","20220615193000","692","3","彰化縣","福興鄉","120.490","24.015","1159"
"389","267808","20220615193000","286","2","彰化縣","福興鄉","120.440","24.030","396"
"454","267810","20220615193000","355","2","彰化縣","福興鄉","120.435","24.035","500"
"419","267824","20220615193000","431","0","彰化縣","福興鄉","120.390","24.015","439"
"768","267834","20220615193000","706","1","彰化縣","福興鄉","120.410","24.020","752"
"1256","267844","20220615193000","803","3","彰化縣","秀水鄉","120.495","24.025","1266"
"678","267873","20220615193000","492","2","彰化縣","福興鄉","120.400","24.045","681"
"782","267898","20220615193000","410","3","彰化縣","福興鄉","120.430","24.040","800"
"15","267899","20220615193000","113","0","彰化縣","福興鄉","120.425","24.045","21"
"918","267900","20220615193000","665","2","彰化縣","福興鄉","120.430","24.045","851"
"64","267904","20220615193000","313","0","彰化縣","福興鄉","120.430","24.050","67"
"276","267908","20220615193000","137","3","彰化縣","福興鄉","120.430","24.020","259"
"21","267913","20220615193000","22","0","彰化縣","福興鄉","120.425","24.030","26"
"57","267926","20220615193000","47","2","彰化縣","福興鄉","120.405","24.030","54"
"235","267928","20220615193000","183","2","彰化縣","福興鄉","120.415","24.030","260"
"59","267935","20220615193000","68","0","彰化縣","秀水鄉","120.500","24.060","72"
"315","267946","20220615193000","252","2","彰化縣","秀水鄉","120.490","24.050","327"
"110","267947","20220615193000","51","3","彰化縣","秀水鄉","120.495","24.050","118"
"151","267949","20220615193000","508","0","彰化縣","秀水鄉","120.500","24.050","130"
"36","267955","20220615193000","235","0","彰化縣","秀水鄉","120.495","24.060","46"
"176","267957","20220615193000","932","0","彰化縣","秀水鄉","120.500","24.030","177"
"506","267959","20220615193000","955","0","彰化縣","秀水鄉","120.495","24.035","528"
"167","267960","20220615193000","636","0","彰化縣","秀水鄉","120.500","24.035","173"
"197","267964","20220615193000","90","3","彰化縣","秀水鄉","120.520","24.025","190"
"84","267966","20220615193000","510","0","彰化縣","秀水鄉","120.520","24.030","92"
"695","267972","20220615193000","450","3","彰化縣","鹿港鎮","120.435","24.065","715"
"630","267973","20220615193000","528","1","彰化縣","鹿港鎮","120.440","24.065","661"
"416","267975","20220615193000","372","1","彰化縣","鹿港鎮","120.435","24.070","448"
"30","267978","20220615193000","308","0","彰化縣","鹿港鎮","120.425","24.075","30"
"1163","267984","20220615193000","1108","1","彰化縣","鹿港鎮","120.410","24.080","1080"
"143","267987","20220615193000","123","1","彰化縣","鹿港鎮","120.425","24.080","152"
"19","267991","20220615193000","304","0","彰化縣","鹿港鎮","120.445","24.080","14"
"421","267999","20220615193000","326","2","彰化縣","鹿港鎮","120.415","24.080","407"
"419","268001","20220615193000","298","2","彰化縣","鹿港鎮","120.425","24.085","366"
"999","268005","20220615193000","533","3","彰化縣","鹿港鎮","120.445","24.085","840"
"655","268020","20220615193000","452","2","彰化縣","鹿港鎮","120.475","24.065","674"
"988","268031","20220615193000","496","3","彰化縣","鹿港鎮","120.485","24.085","1013"
"1149","268032","20220615193000","1104","1","彰化縣","鹿港鎮","120.430","24.060","1161"
"516","268034","20220615193000","629","0","彰化縣","彰化市","120.525","24.060","524"
"1103","268035","20220615193000","1057","1","彰化縣","彰化市","120.525","24.065","1107"
"97","268044","20220615193000","465","0","彰化縣","鹿港鎮","120.450","24.095","645"
"42","268053","20220615193000","29","2","彰化縣","鹿港鎮","120.470","24.075","47"
"508","268057","20220615193000","1060","0","彰化縣","鹿港鎮","120.475","24.080","518"
"219","268061","20220615193000","174","2","彰化縣","鹿港鎮","120.430","24.055","206"
"56","268068","20220615193000","167","0","彰化縣","芬園鄉","120.625","24.025","57"
"13","268070","20220615193000","40","0","彰化縣","花壇鄉","120.600","24.015","12"
"42","268073","20220615193000","30","2","彰化縣","芬園鄉","120.615","24.015","34"
"81","268074","20220615193000","71","1","彰化縣","芬園鄉","120.620","24.015","73"
"61","268077","20220615193000","469","0","彰化縣","福興鄉","120.480","24.045","71"
"1152","268085","20220615193000","1061","1","彰化縣","鹿港鎮","120.470","24.055","1246"
"205","268089","20220615193000","169","2","彰化縣","鹿港鎮","120.460","24.060","226"
"197","268108","20220615193000","181","1","彰化縣","鹿港鎮","120.385","24.060","178"
"205","268109","20220615193000","198","1","彰化縣","鹿港鎮","120.390","24.060","237"
"291","268110","20220615193000","337","0","彰化縣","鹿港鎮","120.395","24.060","303"
"23","268126","20220615193000","26","0","彰化縣","鹿港鎮","120.390","24.065","26"
"408","268128","20220615193000","227","3","彰化縣","鹿港鎮","120.400","24.065","388"
"128","268129","20220615193000","128","1","彰化縣","鹿港鎮","120.405","24.065","112"
"386","268130","20220615193000","284","2","彰化縣","鹿港鎮","120.410","24.065","415"
"560","268134","20220615193000","393","2","彰化縣","鹿港鎮","120.430","24.065","594"
"80","268144","20220615193000","107","0","彰化縣","鹿港鎮","120.395","24.070","65"
"228","268157","20220615193000","217","1","彰化縣","鹿港鎮","120.390","24.075","210"
"37","268158","20220615193000","138","0","彰化縣","鹿港鎮","120.395","24.075","43"
"151","268161","20220615193000","128","1","彰化縣","鹿港鎮","120.410","24.075","137"
"38","268162","20220615193000","80","0","彰化縣","鹿港鎮","120.415","24.075","52"
"633","268170","20220615193000","619","1","彰化縣","鹿港鎮","120.395","24.080","640"
"2079","268172","20220615193000","2101","0","彰化縣","鹿港鎮","120.440","24.055","2014"
"201","268173","20220615193000","1483","0","彰化縣","鹿港鎮","120.440","24.060","194"
"2134","268175","20220615193000","2146","0","彰化縣","福興鄉","120.440","24.045","2095"
"24","268176","20220615193000","158","0","彰化縣","花壇鄉","120.550","24.040","27"
"34","268203","20220615193000","25","2","彰化縣","芬園鄉","120.595","24.035","50"
"255","268205","20220615193000","191","2","彰化縣","芬園鄉","120.605","24.035","255"
"497","268224","20220615193000","400","2","彰化縣","芬園鄉","120.650","24.020","430"
"609","268226","20220615193000","288","3","彰化縣","芬園鄉","120.635","24.025","641"
"414","268233","20220615193000","366","1","彰化縣","福興鄉","120.440","24.035","391"
"682","268245","20220615193000","357","3","彰化縣","秀水鄉","120.490","24.070","698"
"423","268249","20220615193000","225","3","彰化縣","秀水鄉","120.505","24.030","401"
"334","268253","20220615193000","764","0","彰化縣","秀水鄉","120.505","24.040","316"
"99","268258","20220615193000","318","0","彰化縣","秀水鄉","120.515","24.020","113"
"26","268261","20220615193000","451","0","彰化縣","福興鄉","120.450","24.030","32"
"639","268262","20220615193000","384","3","彰化縣","福興鄉","120.455","24.030","623"
"937","268271","20220615193000","749","2","彰化縣","福興鄉","120.420","24.035","892"
"51","268274","20220615193000","396","0","彰化縣","福興鄉","120.425","24.035","53"
"711","268277","20220615193000","450","3","彰化縣","芬園鄉","120.660","24.015","591"
"203","268289","20220615193000","609","0","彰化縣","芬園鄉","120.625","24.020","215"
"138","268296","20220615193000","479","0","彰化縣","福興鄉","120.470","24.020","143"
"1001","268297","20220615193000","351","3","彰化縣","秀水鄉","120.505","24.035","1062"
"52","268301","20220615193000","278","0","彰化縣","秀水鄉","120.495","24.040","51"
"68","268303","20220615193000","349","0","彰化縣","秀水鄉","120.500","24.040","76"
"544","268308","20220615193000","234","3","彰化縣","秀水鄉","120.510","24.045","535"
"105","268311","20220615193000","1018","0","彰化縣","秀水鄉","120.510","24.050","94"
"692","268316","20220615193000","542","2","彰化縣","花壇鄉","120.530","24.020","724"
"365","268321","20220615193000","378","0","彰化縣","花壇鄉","120.530","24.040","353"
"88","268322","20220615193000","220","0","彰化縣","花壇鄉","120.520","24.045","77"
"51","268324","20220615193000","647","0","彰化縣","花壇鄉","120.530","24.045","754"
"276","268327","20220615193000","226","2","彰化縣","花壇鄉","120.535","24.030","273"
"602","268328","20220615193000","494","2","彰化縣","花壇鄉","120.535","24.035","602"
"106","268329","20220615193000","257","0","彰化縣","花壇鄉","120.535","24.040","97"
"121","268331","20220615193000","570","0","彰化縣","花壇鄉","120.545","24.040","137"
"559","268333","20220615193000","365","3","彰化縣","花壇鄉","120.540","24.040","604"
"362","268335","20220615193000","318","1","彰化縣","花壇鄉","120.555","24.020","368"
"892","268336","20220615193000","843","1","彰化縣","花壇鄉","120.540","24.025","930"
"449","268338","20220615193000","407","1","彰化縣","花壇鄉","120.550","24.025","466"
"193","268339","20220615193000","177","1","彰化縣","花壇鄉","120.555","24.025","215"
"131","268347","20220615193000","129","1","彰化縣","花壇鄉","120.565","24.020","172"
"16","268352","20220615193000","37","0","彰化縣","花壇鄉","120.575","24.030","21"
"121","268356","20220615193000","115","1","彰化縣","花壇鄉","120.575","24.035","107"
"73","268370","20220615193000","168","0","彰化縣","花壇鄉","120.560","24.015","84"
"96","268371","20220615193000","95","1","彰化縣","花壇鄉","120.570","24.020","82"
"36","268375","20220615193000","35","1","彰化縣","花壇鄉","120.595","24.020","34"
"10","268380","20220615193000","11","0","彰化縣","花壇鄉","120.585","24.030","15"
"393","268381","20220615193000","731","0","彰化縣","花壇鄉","120.545","24.045","353"
"54","268391","20220615193000","26","3","彰化縣","花壇鄉","120.540","24.020","61"
"1786","268393","20220615193000","1442","2","彰化縣","花壇鄉","120.535","24.025","1795"
"41","268399","20220615193000","264","0","彰化縣","福興鄉","120.480","24.020","52"
"12","269403","20220615193000","19","0","彰化縣","鹿港鎮","120.395","24.105","14"
"773","274405","20220615193000","1080","0","臺中市","太平區","120.720","24.135","830"
"2133","274408","20220615193000","1574","2","臺中市","太平區","120.720","24.115","2113"
"121","274410","20220615193000","85","2","臺中市","太平區","120.755","24.120","114"
"173","274476","20220615193000","161","1","臺中市","太平區","120.810","24.140","158"
"2866","274515","20220615193000","2496","1","臺中市","南屯區","120.645","24.135","2857"
"3773","274516","20220615193000","3524","1","臺中市","南屯區","120.650","24.140","3897"
"3081","274517","20220615193000","2749","1","臺中市","南屯區","120.650","24.150","3104"
"959","274518","20220615193000","1097","0","臺中市","西屯區","120.650","24.155","1027"
"70","274519","20220615193000","746","0","臺中市","南屯區","120.650","24.135","58"
"1871","274520","20220615193000","1270","2","臺中市","南屯區","120.650","24.130","2003"
"605","274521","20220615193000","475","2","臺中市","南屯區","120.610","24.150","668"
"2196","274522","20220615193000","1754","2","臺中市","南屯區","120.615","24.150","2224"
"15","274523","20220615193000","76","0","臺中市","南屯區","120.620","24.150","22"
"829","274524","20220615193000","683","2","臺中市","南屯區","120.605","24.155","787"
"337","274525","20220615193000","375","0","臺中市","南屯區","120.610","24.155","334"
"24","274528","20220615193000","36","0","臺中市","南屯區","120.590","24.160","20"
"115","274530","20220615193000","160","0","臺中市","南屯區","120.600","24.160","126"
"598","274531","20220615193000","722","0","臺中市","南屯區","120.605","24.160","613"
"198","274534","20220615193000","165","2","臺中市","南屯區","120.590","24.165","188"
"1743","274535","20220615193000","1654","1","臺中市","北區","120.690","24.155","1795"
"2187","274536","20220615193000","2232","0","臺中市","北屯區","120.695","24.165","2188"
"2150","274537","20220615193000","1580","2","臺中市","北屯區","120.700","24.160","1904"
"2159","274538","20220615193000","1664","2","臺中市","北區","120.690","24.160","2339"
"1615","274539","20220615193000","1811","0","臺中市","北區","120.680","24.150","1621"
"3864","274540","20220615193000","2961","2","臺中市","北區","120.685","24.150","3600"
"1523","274541","20220615193000","1789","0","臺中市","南區","120.660","24.125","1622"
"2248","274543","20220615193000","1941","1","臺中市","南區","120.675","24.125","2403"
"80","274544","20220615193000","109","0","臺中市","北屯區","120.665","24.185","90"
"879","274545","20220615193000","742","1","臺中市","北屯區","120.725","24.170","927"
"813","274546","20220615193000","1562","0","臺中市","北屯區","120.720","24.175","878"
"1821","274547","20220615193000","1616","1","臺中市","北屯區","120.725","24.175","1713"
"2417","274549","20220615193000","2024","1","臺中市","北屯區","120.725","24.180","2555"
"423","274551","20220615193000","346","2","臺中市","北屯區","120.735","24.180","367"
"1797","274554","20220615193000","2037","0","臺中市","西區","120.675","24.140","1786"
"1489","274556","20220615193000","1340","1","臺中市","大里區","120.675","24.105","1527"
"759","274558","20220615193000","782","0","臺中市","大里區","120.675","24.115","821"
"1679","274559","20220615193000","1640","1","臺中市","西屯區","120.615","24.175","1731"
"1104","274560","20220615193000","791","2","臺中市","西屯區","120.630","24.175","1125"
"2735","274561","20220615193000","2939","0","臺中市","西屯區","120.615","24.180","2817"
"1769","274562","20220615193000","2166","0","臺中市","西屯區","120.625","24.180","1701"
"926","274564","20220615193000","918","1","臺中市","西屯區","120.630","24.180","1059"
"2852","274566","20220615193000","2592","1","臺中市","西屯區","120.640","24.175","2989"
"1622","274567","20220615193000","1533","1","臺中市","西屯區","120.635","24.175","1622"
"1726","274568","20220615193000","965","3","臺中市","西屯區","120.635","24.180","1654"
"107","274569","20220615193000","1066","0","臺中市","西屯區","120.630","24.185","101"
"152","274571","20220615193000","737","0","臺中市","北屯區","120.715","24.175","178"
"1239","274572","20220615193000","954","2","臺中市","北屯區","120.715","24.180","1255"
"315","274575","20220615193000","754","0","臺中市","北屯區","120.715","24.185","324"
"70","274577","20220615193000","55","2","臺中市","北屯區","120.730","24.185","64"
"613","274578","20220615193000","417","2","臺中市","北屯區","120.720","24.185","611"
"1691","274581","20220615193000","2506","0","臺中市","北區","120.665","24.165","1719"
"2946","274582","20220615193000","2345","2","臺中市","北區","120.670","24.165","3037"
"782","274583","20220615193000","725","1","臺中市","南區","120.670","24.125","641"
"1475","274585","20220615193000","1525","0","臺中市","西屯區","120.610","24.185","1440"
"803","274586","20220615193000","1011","0","臺中市","西屯區","120.600","24.180","822"
"1734","274587","20220615193000","1757","0","臺中市","西屯區","120.605","24.180","1696"
"414","274591","20220615193000","1916","0","臺中市","龍井區","120.530","24.180","433"
"652","274593","20220615193000","1311","0","臺中市","烏日區","120.635","24.100","665"
"1375","274595","20220615193000","1780","0","臺中市","烏日區","120.635","24.105","1383"
"1105","274596","20220615193000","1161","0","臺中市","烏日區","120.640","24.105","1126"
"855","274603","20220615193000","552","3","臺中市","大肚區","120.530","24.160","811"
"2572","274608","20220615193000","1960","2","臺中市","西區","120.670","24.135","2520"
"1085","274609","20220615193000","2128","0","臺中市","西區","120.655","24.150","1034"
"3528","274610","20220615193000","2926","2","臺中市","西區","120.655","24.135","3499"
"2906","274611","20220615193000","3228","0","臺中市","西區","120.655","24.145","2828"
"2115","274612","20220615193000","2154","0","臺中市","西區","120.670","24.130","2078"
"264","274615","20220615193000","284","0","臺中市","太平區","120.735","24.135","260"
"35","274616","20220615193000","23","3","臺中市","太平區","120.740","24.140","38"
"2449","274620","20220615193000","1577","3","臺中市","北區","120.685","24.160","2400"
"2383","274621","20220615193000","1645","2","臺中市","北區","120.675","24.150","2407"
"1875","274623","20220615193000","1190","3","臺中市","北區","120.690","24.150","1839"
"1423","274624","20220615193000","1333","1","臺中市","南區","120.680","24.120","1387"
"2191","274625","20220615193000","1740","2","臺中市","大里區","120.685","24.120","2122"
"1377","274626","20220615193000","798","3","臺中市","南區","120.660","24.120","1343"
"1101","274627","20220615193000","811","2","臺中市","南區","120.675","24.120","1156"
"1169","274628","20220615193000","1802","0","臺中市","東區","120.695","24.130","1094"
"1994","274629","20220615193000","3157","0","臺中市","西屯區","120.620","24.185","1940"
"1169","274630","20220615193000","741","3","臺中市","西屯區","120.615","24.185","1153"
"757","274631","20220615193000","1268","0","臺中市","西屯區","120.620","24.190","834"
"3781","274632","20220615193000","3261","1","臺中市","西屯區","120.605","24.185","3752"
"714","274634","20220615193000","1101","0","臺中市","西屯區","120.600","24.185","699"
"928","274636","20220615193000","533","3","臺中市","東區","120.705","24.130","950"
"667","274637","20220615193000","657","1","臺中市","東區","120.705","24.135","735"
"3034","274639","20220615193000","1950","3","臺中市","東區","120.695","24.145","3077"
"100","274640","20220615193000","185","0","臺中市","東區","120.700","24.145","133"
"1708","274641","20220615193000","1266","2","臺中市","東區","120.695","24.125","1744"
"3197","274642","20220615193000","2318","2","臺中市","大里區","120.680","24.110","3089"
"242","274644","20220615193000","221","1","臺中市","大里區","120.665","24.100","236"
"72","274646","20220615193000","658","0","臺中市","大里區","120.665","24.105","88"
"341","274647","20220615193000","316","1","臺中市","大里區","120.670","24.105","378"
"48","274648","20220615193000","739","0","臺中市","大里區","120.665","24.110","49"
"1087","274649","20220615193000","828","2","臺中市","大里區","120.670","24.110","1095"
"648","274650","20220615193000","623","1","臺中市","大里區","120.700","24.105","659"
"10","274669","20220615193000","95","0","臺中市","太平區","120.780","24.105","10"
"227","274683","20220615193000","223","1","臺中市","太平區","120.765","24.110","225"
"58","274707","20220615193000","65","0","臺中市","太平區","120.795","24.115","73"
"449","274737","20220615193000","480","0","臺中市","太平區","120.720","24.140","450"
"1129","274738","20220615193000","610","3","臺中市","太平區","120.725","24.135","1121"
"1255","274739","20220615193000","739","3","臺中市","大里區","120.695","24.120","1253"
"220","274741","20220615193000","147","2","臺中市","東區","120.700","24.130","220"
"191","274742","20220615193000","151","2","臺中市","東區","120.700","24.135","189"
"1890","274744","20220615193000","2100","0","臺中市","大里區","120.685","24.105","1944"
"10","274758","20220615193000","11","0","臺中市","新社區","120.825","24.145","11"
"151","274781","20220615193000","85","3","臺中市","新社區","120.825","24.165","144"
"104","274785","20220615193000","63","3","臺中市","新社區","120.835","24.170","95"
"1018","274786","20220615193000","613","3","臺中市","西屯區","120.610","24.180","1057"
"77","274787","20220615193000","550","0","臺中市","南區","120.680","24.125","63"
"1564","274788","20220615193000","1140","2","臺中市","東區","120.685","24.135","1527"
"5486","274789","20220615193000","5040","1","臺中市","北區","120.685","24.145","4988"
"4514","274790","20220615193000","3646","2","臺中市","北屯區","120.670","24.175","4546"
"619","274792","20220615193000","556","1","臺中市","東區","120.695","24.135","623"
"70","274805","20220615193000","58","2","臺中市","新社區","120.825","24.155","72"
"334","274823","20220615193000","206","3","臺中市","新社區","120.800","24.180","299"
"223","274835","20220615193000","1602","0","臺中市","大肚區","120.540","24.150","205"
"285","274842","20220615193000","319","0","臺中市","大肚區","120.540","24.170","310"
"39","274852","20220615193000","38","1","臺中市","大肚區","120.525","24.175","40"
"123","274869","20220615193000","467","0","臺中市","大肚區","120.545","24.135","114"
"20","274873","20220615193000","243","0","臺中市","大肚區","120.550","24.140","19"
"178","274874","20220615193000","143","2","臺中市","大肚區","120.555","24.140","181"
"2359","274883","20220615193000","1973","1","臺中市","北區","120.670","24.155","2347"
"714","274884","20220615193000","563","2","臺中市","西屯區","120.655","24.175","734"
"191","274885","20220615193000","580","0","臺中市","西屯區","120.660","24.175","204"
"1476","274889","20220615193000","1182","2","臺中市","大肚區","120.580","24.110","1476"
"36","274891","20220615193000","389","0","臺中市","大肚區","120.570","24.115","38"
"178","274895","20220615193000","141","2","臺中市","大肚區","120.545","24.145","196"
"265","274897","20220615193000","1540","0","臺中市","大肚區","120.550","24.150","264"
"1370","274905","20220615193000","943","2","臺中市","南區","120.650","24.115","1368"
"251","274907","20220615193000","753","0","臺中市","南區","120.650","24.120","274"
"1240","274908","20220615193000","1094","1","臺中市","南區","120.655","24.120","1231"
"1150","274910","20220615193000","996","1","臺中市","南區","120.645","24.110","1171"
"1610","274911","20220615193000","1541","1","臺中市","南區","120.650","24.110","1618"
"1568","274912","20220615193000","1544","1","臺中市","南區","120.655","24.110","1556"
"699","274913","20220615193000","1217","0","臺中市","南區","120.670","24.115","740"
"506","274917","20220615193000","349","2","臺中市","龍井區","120.575","24.180","512"
"1409","274918","20220615193000","1046","2","臺中市","龍井區","120.580","24.180","1446"
"268","274921","20220615193000","247","1","臺中市","龍井區","120.580","24.185","294"
"225","274926","20220615193000","188","1","臺中市","新社區","120.815","24.180","233"
"10","274937","20220615193000","19","0","臺中市","新社區","120.880","24.105","10"
"65","274950","20220615193000","63","1","南投縣","國姓鄉","120.855","24.120","56"
"23","274969","20220615193000","29","0","臺中市","新社區","120.840","24.130","14"
"66","274972","20220615193000","48","2","臺中市","新社區","120.855","24.130","65"
"15","274976","20220615193000","16","0","臺中市","新社區","120.875","24.130","20"
"40","274982","20220615193000","49","0","臺中市","新社區","120.855","24.135","53"
"82","274997","20220615193000","47","3","臺中市","和平區","120.885","24.140","74"
"26","275017","20220615193000","92","0","臺中市","新社區","120.865","24.155","19"
"24","275019","20220615193000","55","0","臺中市","新社區","120.875","24.155","27"
"359","275027","20220615193000","126","3","臺中市","新社區","120.885","24.160","347"
"21","275030","20220615193000","124","0","臺中市","新社區","120.885","24.165","22"
"1574","275034","20220615193000","1860","0","臺中市","北區","120.675","24.165","1531"
"4928","275035","20220615193000","3253","3","臺中市","北區","120.680","24.165","4887"
"1795","275036","20220615193000","2201","0","臺中市","北區","120.675","24.170","1802"
"1339","275037","20220615193000","1319","1","臺中市","南區","120.655","24.115","1381"
"1566","275038","20220615193000","2594","0","臺中市","南區","120.660","24.115","2651"
"2916","275039","20220615193000","2190","2","臺中市","南區","120.665","24.120","2886"
"2317","275040","20220615193000","2132","1","臺中市","南區","120.670","24.120","2277"
"239","275041","20220615193000","735","0","臺中市","太平區","120.715","24.115","246"
"1329","275042","20220615193000","1198","1","臺中市","太平區","120.720","24.120","1308"
"4186","275043","20220615193000","3676","1","臺中市","西屯區","120.645","24.175","4302"
"2900","275044","20220615193000","3414","0","臺中市","西屯區","120.650","24.175","2873"
"680","275045","20220615193000","1425","0","臺中市","西屯區","120.640","24.185","748"
"127","275048","20220615193000","132","0","臺中市","西屯區","120.625","24.155","128"
"738","275049","20220615193000","686","1","臺中市","西屯區","120.625","24.160","732"
"1458","275052","20220615193000","1449","1","臺中市","龍井區","120.585","24.180","1423"
"2377","275053","20220615193000","2656","0","臺中市","西屯區","120.590","24.185","2148"
"590","275054","20220615193000","576","1","臺中市","龍井區","120.585","24.185","533"
"1585","275055","20220615193000","1687","0","臺中市","龍井區","120.590","24.180","1709"
"553","275056","20220615193000","344","3","臺中市","西屯區","120.595","24.190","559"
"815","275061","20220615193000","820","0","臺中市","東區","120.710","24.145","795"
"1472","275062","20220615193000","1555","0","臺中市","東區","120.710","24.140","1540"
"233","275064","20220615193000","277","0","臺中市","大里區","120.695","24.100","281"
"397","275065","20220615193000","481","0","臺中市","大里區","120.700","24.100","429"
"1732","275066","20220615193000","1571","1","臺中市","大里區","120.685","24.110","1738"
"797","275067","20220615193000","444","3","臺中市","大里區","120.690","24.110","795"
"614","275069","20220615193000","550","1","臺中市","太平區","120.730","24.100","667"
"538","275075","20220615193000","667","0","臺中市","太平區","120.730","24.105","515"
"675","275076","20220615193000","400","3","臺中市","太平區","120.735","24.120","701"
"15","275081","20220615193000","12","2","臺中市","太平區","120.745","24.125","10"
"477","275082","20220615193000","304","3","臺中市","太平區","120.740","24.130","476"
"2453","275083","20220615193000","2256","1","臺中市","北區","120.680","24.155","2369"
"339","275084","20220615193000","307","1","臺中市","太平區","120.750","24.125","376"
"33","275090","20220615193000","47","0","臺中市","太平區","120.755","24.135","40"
"738","275099","20220615193000","496","2","臺中市","太平區","120.735","24.110","803"
"1014","275110","20220615193000","880","1","臺中市","西區","120.665","24.130","1027"
"1575","275111","20220615193000","1546","1","臺中市","東區","120.690","24.125","1710"
"133","275112","20220615193000","121","1","臺中市","東區","120.685","24.125","144"
"1192","275114","20220615193000","945","2","臺中市","西區","120.665","24.135","1124"
"1529","275115","20220615193000","2107","0","臺中市","西區","120.670","24.140","1654"
"1616","275116","20220615193000","961","3","臺中市","南區","120.655","24.130","1837"
"1367","275118","20220615193000","1411","0","臺中市","北區","120.695","24.155","1293"
"2360","275119","20220615193000","1717","2","臺中市","北區","120.695","24.160","2264"
"6007","275120","20220615193000","4640","2","臺中市","西區","120.660","24.135","5592"
"972","275121","20220615193000","1103","0","臺中市","東區","120.685","24.130","901"
"2229","275122","20220615193000","1308","3","臺中市","南區","120.675","24.130","2280"
"2080","275123","20220615193000","1979","1","臺中市","南屯區","120.635","24.145","2089"
"3771","275124","20220615193000","2990","2","臺中市","南屯區","120.640","24.145","3816"
"2794","275125","20220615193000","2349","1","臺中市","西區","120.670","24.145","2739"
"3447","275126","20220615193000","3031","1","臺中市","北區","120.665","24.160","3427"
"1981","275128","20220615193000","1929","1","臺中市","北區","120.675","24.160","1904"
"1382","275129","20220615193000","1721","0","臺中市","北區","120.675","24.145","1313"
"1927","275130","20220615193000","1615","1","臺中市","北屯區","120.700","24.185","1925"
"730","275133","20220615193000","270","3","臺中市","北屯區","120.660","24.185","660"
"2195","275134","20220615193000","1404","3","臺中市","北屯區","120.660","24.180","2238"
"357","275137","20220615193000","263","2","臺中市","龍井區","120.565","24.175","374"
"4532","275141","20220615193000","4595","0","臺中市","南屯區","120.655","24.140","4646"
"603","275142","20220615193000","1069","0","臺中市","西區","120.665","24.140","616"
"808","275143","20220615193000","627","2","臺中市","西屯區","120.625","24.185","871"
"2857","275144","20220615193000","2444","1","臺中市","西屯區","120.655","24.160","2708"
"1182","275145","20220615193000","1038","1","臺中市","西屯區","120.650","24.165","1199"
"4575","275146","20220615193000","3785","2","臺中市","西屯區","120.655","24.165","4516"
"99","275147","20220615193000","600","0","臺中市","烏日區","120.600","24.120","89"
"117","275154","20220615193000","549","0","臺中市","烏日區","120.605","24.125","117"
"47","275159","20220615193000","91","0","臺中市","南屯區","120.600","24.130","38"
"76","275166","20220615193000","77","0","臺中市","烏日區","120.590","24.110","75"
"2477","275167","20220615193000","1749","2","臺中市","烏日區","120.595","24.110","2558"
"1296","275174","20220615193000","1093","1","臺中市","烏日區","120.615","24.105","1249"
"922","275175","20220615193000","1362","0","臺中市","烏日區","120.615","24.110","832"
"306","275177","20220615193000","1181","0","臺中市","烏日區","120.625","24.110","331"
"10","275178","20220615193000","128","0","臺中市","烏日區","120.615","24.115","10"
"1346","275179","20220615193000","2521","0","臺中市","北區","120.685","24.165","1367"
"664","275181","20220615193000","1745","0","臺中市","北屯區","120.725","24.160","656"
"517","275185","20220615193000","369","2","臺中市","北屯區","120.725","24.165","530"
"1415","275187","20220615193000","1180","1","臺中市","北屯區","120.735","24.165","1450"
"46","275188","20220615193000","84","0","臺中市","北屯區","120.740","24.165","50"
"698","275189","20220615193000","349","3","臺中市","北屯區","120.730","24.170","683"
"452","275192","20220615193000","830","0","臺中市","北屯區","120.735","24.175","474"
"620","275193","20220615193000","682","0","臺中市","北屯區","120.740","24.175","592"
"2294","275194","20220615193000","2314","0","臺中市","北區","120.670","24.170","2290"
"960","275195","20220615193000","906","1","臺中市","北屯區","120.690","24.170","1000"
"1179","275196","20220615193000","661","3","臺中市","北屯區","120.675","24.175","1208"
"5463","275197","20220615193000","4030","2","臺中市","北屯區","120.680","24.175","5446"
"4178","275198","20220615193000","3426","2","臺中市","北屯區","120.685","24.175","4150"
"4203","275199","20220615193000","4497","0","臺中市","南屯區","120.635","24.150","4205"
"1506","275200","20220615193000","1189","2","臺中市","南屯區","120.640","24.150","1519"
"2279","275201","20220615193000","2405","0","臺中市","南屯區","120.635","24.155","2223"
"2280","275202","20220615193000","1305","3","臺中市","北屯區","120.685","24.190","2216"
"34","275203","20220615193000","140","0","臺中市","南屯區","120.620","24.115","21"
"2166","275204","20220615193000","1258","3","臺中市","南屯區","120.625","24.115","2144"
"328","275206","20220615193000","352","0","臺中市","南屯區","120.625","24.120","374"
"2192","275207","20220615193000","2481","0","臺中市","西屯區","120.650","24.180","2368"
"2366","275208","20220615193000","1623","2","臺中市","西屯區","120.635","24.185","2368"
"4403","275209","20220615193000","5120","0","臺中市","西屯區","120.645","24.180","4149"
"2016","275210","20220615193000","2592","0","臺中市","西屯區","120.640","24.180","2035"
"427","275211","20220615193000","280","3","臺中市","西屯區","120.655","24.185","467"
"1408","275212","20220615193000","904","3","臺中市","西屯區","120.660","24.165","1424"
"2992","275213","20220615193000","2527","1","臺中市","西屯區","120.650","24.160","2952"
"467","275214","20220615193000","454","1","臺中市","西屯區","120.665","24.170","476"
"523","275215","20220615193000","448","1","臺中市","大里區","120.710","24.110","532"
"427","275217","20220615193000","605","0","臺中市","太平區","120.710","24.115","454"
"153","275219","20220615193000","210","0","臺中市","太平區","120.710","24.120","172"
"893","275221","20220615193000","817","1","臺中市","太平區","120.705","24.125","852"
"674","275222","20220615193000","629","1","臺中市","太平區","120.710","24.125","668"
"1416","275223","20220615193000","1495","0","臺中市","太平區","120.715","24.125","1383"
"1351","275227","20220615193000","1163","1","臺中市","北屯區","120.670","24.180","1298"
"903","275228","20220615193000","561","3","臺中市","北屯區","120.665","24.180","921"
"240","275229","20220615193000","811","0","臺中市","北屯區","120.700","24.165","219"
"1971","275230","20220615193000","2399","0","臺中市","北屯區","120.700","24.170","1942"
"1194","275231","20220615193000","597","3","臺中市","北屯區","120.705","24.165","1226"
"1566","275232","20220615193000","795","3","臺中市","北屯區","120.675","24.180","1474"
"759","275233","20220615193000","415","3","臺中市","北屯區","120.675","24.185","691"
"3588","275234","20220615193000","2052","3","臺中市","北屯區","120.680","24.180","3315"
"2291","275235","20220615193000","1577","2","臺中市","北屯區","120.670","24.185","2234"
"1006","275237","20220615193000","419","3","臺中市","北屯區","120.675","24.190","974"
"149","275238","20220615193000","867","0","臺中市","北屯區","120.680","24.185","1386"
"4045","275239","20220615193000","3685","1","臺中市","北區","120.680","24.160","3952"
"2222","275240","20220615193000","2382","0","臺中市","南區","120.660","24.110","2260"
"2096","275241","20220615193000","2090","1","臺中市","南區","120.665","24.115","2148"
"2295","275242","20220615193000","1987","1","臺中市","南區","120.665","24.125","2482"
"1428","275243","20220615193000","1248","1","臺中市","南區","120.655","24.125","1533"
"2385","275245","20220615193000","2267","1","臺中市","南屯區","120.645","24.145","2268"
"3265","275246","20220615193000","3573","0","臺中市","西區","120.650","24.145","3142"
"198","275247","20220615193000","324","0","臺中市","南屯區","120.600","24.140","176"
"512","275249","20220615193000","365","2","臺中市","南屯區","120.610","24.140","564"
"253","275250","20220615193000","178","2","臺中市","南屯區","120.615","24.140","241"
"1174","275251","20220615193000","794","2","臺中市","南屯區","120.600","24.145","1250"
"2111","275252","20220615193000","1451","2","臺中市","南屯區","120.605","24.145","2023"
"1094","275253","20220615193000","658","3","臺中市","南屯區","120.610","24.145","1074"
"1544","275254","20220615193000","1057","2","臺中市","南屯區","120.615","24.145","1621"
"563","275255","20220615193000","798","0","臺中市","南屯區","120.620","24.145","521"
"60","275256","20220615193000","76","0","臺中市","南屯區","120.595","24.150","65"
"399","275257","20220615193000","252","3","臺中市","南屯區","120.600","24.150","417"
"2650","275267","20220615193000","2702","0","臺中市","北屯區","120.690","24.185","2667"
"34","275268","20220615193000","36","0","臺中市","北屯區","120.690","24.190","30"
"501","275270","20220615193000","424","1","臺中市","大肚區","120.555","24.130","522"
"448","275272","20220615193000","467","0","臺中市","大肚區","120.555","24.135","427"
"735","275278","20220615193000","711","1","臺中市","南屯區","120.620","24.140","682"
"289","275280","20220615193000","314","0","臺中市","南屯區","120.625","24.145","312"
"594","275281","20220615193000","521","1","臺中市","南屯區","120.630","24.145","524"
"502","275284","20220615193000","362","2","臺中市","南屯區","120.610","24.130","481"
"606","275286","20220615193000","280","3","臺中市","南屯區","120.600","24.135","535"
"358","275288","20220615193000","331","1","臺中市","南屯區","120.610","24.135","406"
"230","275291","20220615193000","206","1","臺中市","南屯區","120.595","24.135","237"
"980","275293","20220615193000","1167","0","臺中市","南屯區","120.605","24.135","976"
"1774","275294","20220615193000","1450","2","臺中市","南屯區","120.615","24.135","1786"
"65","275297","20220615193000","31","3","臺中市","南屯區","120.590","24.140","56"
"10","275298","20220615193000","15","0","臺中市","南屯區","120.595","24.140","10"
"19","275300","20220615193000","16","1","臺中市","南屯區","120.580","24.145","19"
"769","275302","20220615193000","519","2","臺中市","南屯區","120.590","24.145","739"
"34","275303","20220615193000","133","0","臺中市","南屯區","120.595","24.145","26"
"293","275307","20220615193000","197","2","臺中市","南屯區","120.590","24.150","311"
"139","275309","20220615193000","185","0","臺中市","南屯區","120.630","24.115","165"
"125","275311","20220615193000","428","0","臺中市","南屯區","120.630","24.120","135"
"501","275312","20220615193000","366","2","臺中市","南屯區","120.635","24.120","442"
"148","275314","20220615193000","68","3","臺中市","南屯區","120.625","24.135","131"
"3104","275315","20220615193000","2221","2","臺中市","南屯區","120.630","24.135","3146"
"1154","275316","20220615193000","952","2","臺中市","南屯區","120.630","24.140","1080"
"3554","275317","20220615193000","2182","3","臺中市","南屯區","120.635","24.140","3626"
"1606","275318","20220615193000","1482","1","臺中市","南屯區","120.645","24.150","1595"
"1746","275319","20220615193000","1426","2","臺中市","南屯區","120.640","24.140","1816"
"2047","275320","20220615193000","2468","0","臺中市","南屯區","120.645","24.140","2074"
"283","275322","20220615193000","261","1","臺中市","南屯區","120.635","24.125","298"
"407","275325","20220615193000","391","1","臺中市","南屯區","120.635","24.130","400"
"2582","275326","20220615193000","2299","1","臺中市","南屯區","120.645","24.130","2579"
"1068","275328","20220615193000","753","2","臺中市","南屯區","120.640","24.135","1118"
"195","275329","20220615193000","546","0","臺中市","南屯區","120.640","24.130","231"
"125","275330","20220615193000","135","0","臺中市","南屯區","120.620","24.125","119"
"746","275332","20220615193000","374","3","臺中市","南屯區","120.630","24.125","745"
"177","275333","20220615193000","108","3","臺中市","南屯區","120.620","24.130","187"
"215","275336","20220615193000","157","2","臺中市","南屯區","120.640","24.125","204"
"483","275337","20220615193000","412","1","臺中市","南屯區","120.620","24.135","504"
"2333","275340","20220615193000","2034","1","臺中市","太平區","120.700","24.150","2160"
"87","275341","20220615193000","871","0","臺中市","北區","120.700","24.155","1194"
"2857","275343","20220615193000","2180","2","臺中市","北屯區","120.685","24.180","2863"
"1476","275344","20220615193000","1055","2","臺中市","北屯區","120.690","24.180","1473"
"425","275350","20220615193000","295","2","臺中市","北屯區","120.745","24.160","460"
"149","275354","20220615193000","143","1","臺中市","太平區","120.770","24.160","147"
"16","275362","20220615193000","14","1","臺中市","北屯區","120.745","24.170","13"
"213","275365","20220615193000","139","3","臺中市","北屯區","120.760","24.170","214"
"11","275378","20220615193000","10","1","臺中市","北屯區","120.765","24.175","10"
"206","275380","20220615193000","176","1","臺中市","北屯區","120.775","24.175","215"
"90","275382","20220615193000","62","2","臺中市","北屯區","120.785","24.175","81"
"164","275386","20220615193000","138","1","臺中市","北屯區","120.750","24.180","142"
"1199","275391","20220615193000","1099","1","臺中市","北屯區","120.710","24.160","1139"
"496","275392","20220615193000","420","1","臺中市","北屯區","120.715","24.160","642"
"432","275393","20220615193000","437","0","臺中市","北屯區","120.710","24.165","423"
"802","275394","20220615193000","601","2","臺中市","北屯區","120.715","24.165","732"
"520","275395","20220615193000","628","0","臺中市","北屯區","120.720","24.165","429"
"1843","275396","20220615193000","1647","1","臺中市","北屯區","120.710","24.170","1872"
"388","275397","20220615193000","398","0","臺中市","北屯區","120.715","24.170","437"
"1241","275398","20220615193000","1141","1","臺中市","北屯區","120.720","24.170","1232"
"67","275399","20220615193000","64","1","臺中市","大肚區","120.570","24.150","65"
"149","275400","20220615193000","135","1","臺中市","大肚區","120.570","24.155","176"
"1362","275403","20220615193000","1214","1","臺中市","大肚區","120.570","24.160","1376"
"47","275420","20220615193000","42","1","臺中市","大肚區","120.535","24.150","60"
"2644","275421","20220615193000","2794","0","臺中市","西區","120.655","24.155","2786"
"3340","275422","20220615193000","2602","2","臺中市","西區","120.660","24.155","3381"
"784","275423","20220615193000","705","1","臺中市","西區","120.660","24.160","808"
"181","275424","20220615193000","233","0","臺中市","大里區","120.675","24.100","191"
"592","275425","20220615193000","579","1","臺中市","大里區","120.680","24.100","623"
"411","275426","20220615193000","333","2","臺中市","大里區","120.680","24.105","447"
"2001","275427","20220615193000","1346","2","臺中市","西區","120.680","24.135","1937"
"1040","275428","20220615193000","1074","0","臺中市","中區","120.680","24.145","1014"
"3511","275429","20220615193000","2242","3","臺中市","中區","120.680","24.140","3402"
"2769","275430","20220615193000","1819","3","臺中市","北屯區","120.680","24.170","2843"
"804","275431","20220615193000","1176","0","臺中市","北屯區","120.685","24.170","805"
"711","275432","20220615193000","1071","0","臺中市","北屯區","120.690","24.165","662"
"1545","275433","20220615193000","1368","1","臺中市","北屯區","120.695","24.170","1444"
"3090","275434","20220615193000","2834","1","臺中市","北屯區","120.695","24.175","3204"
"3393","275435","20220615193000","3028","1","臺中市","北屯區","120.690","24.175","3360"
"1856","275436","20220615193000","1897","0","臺中市","南屯區","120.630","24.150","1799"
"1211","275437","20220615193000","826","2","臺中市","南屯區","120.630","24.155","1197"
"491","275439","20220615193000","1198","0","臺中市","北屯區","120.710","24.175","426"
"452","275440","20220615193000","404","1","臺中市","北屯區","120.695","24.185","412"
"654","275442","20220615193000","837","0","臺中市","北屯區","120.710","24.180","686"
"342","275443","20220615193000","687","0","臺中市","北屯區","120.705","24.180","342"
"1277","275445","20220615193000","970","2","臺中市","北屯區","120.705","24.185","1284"
"1802","275457","20220615193000","1360","2","臺中市","北區","120.670","24.160","1840"
"2330","275458","20220615193000","2352","0","臺中市","北區","120.685","24.155","2048"
"1695","275459","20220615193000","1095","3","臺中市","北屯區","120.700","24.175","1702"
"632","275461","20220615193000","462","2","臺中市","大里區","120.710","24.100","602"
"948","275462","20220615193000","891","1","臺中市","大里區","120.715","24.100","929"
"2001","275463","20220615193000","2478","0","臺中市","大里區","120.690","24.105","1919"
"578","275464","20220615193000","792","0","臺中市","大里區","120.695","24.105","552"
"1089","275466","20220615193000","1195","0","臺中市","大里區","120.685","24.100","1122"
"3781","275467","20220615193000","2994","2","臺中市","大里區","120.680","24.115","3727"
"483","275468","20220615193000","392","2","臺中市","大里區","120.685","24.115","553"
"972","275469","20220615193000","1171","0","臺中市","南屯區","120.635","24.135","1015"
"51","275471","20220615193000","696","0","臺中市","大里區","120.695","24.110","56"
"1960","275477","20220615193000","1158","3","臺中市","太平區","120.715","24.155","1803"
"1245","275478","20220615193000","620","3","臺中市","北屯區","120.705","24.170","1218"
"388","275479","20220615193000","351","1","臺中市","北屯區","120.740","24.180","371"
"79","275480","20220615193000","224","0","臺中市","北屯區","120.745","24.180","81"
"18","275487","20220615193000","128","0","臺中市","北屯區","120.745","24.185","12"
"29","275492","20220615193000","18","3","臺中市","北屯區","120.770","24.185","38"
"21","275495","20220615193000","32","0","臺中市","北屯區","120.780","24.185","19"
"58","275502","20220615193000","91","0","臺中市","北屯區","120.765","24.185","60"
"1815","275504","20220615193000","1801","1","臺中市","北屯區","120.695","24.180","1803"
"1945","275505","20220615193000","1545","2","臺中市","西屯區","120.665","24.175","2006"
"658","275506","20220615193000","748","0","臺中市","西屯區","120.640","24.155","616"
"2850","275507","20220615193000","3088","0","臺中市","西屯區","120.645","24.155","2942"
"1322","275508","20220615193000","2781","0","臺中市","西屯區","120.640","24.160","1415"
"2646","275509","20220615193000","1449","3","臺中市","西屯區","120.645","24.160","2643"
"363","275510","20220615193000","1216","0","臺中市","西屯區","120.640","24.165","339"
"5286","275511","20220615193000","4916","1","臺中市","西屯區","120.645","24.165","5403"
"1230","275512","20220615193000","984","2","臺中市","西屯區","120.650","24.170","1198"
"951","275513","20220615193000","550","3","臺中市","太平區","120.720","24.145","989"
"581","275515","20220615193000","548","1","臺中市","太平區","120.715","24.145","524"
"1716","275517","20220615193000","1478","1","臺中市","大里區","120.690","24.115","1796"
"688","275518","20220615193000","548","2","臺中市","大里區","120.690","24.120","713"
"582","275519","20220615193000","391","2","臺中市","東區","120.700","24.125","553"
"109","275685","20220615193000","73","2","臺中市","和平區","120.950","24.165","104"
"42","275710","20220615193000","21","3","臺中市","和平區","120.945","24.170","39"
"23","275716","20220615193000","74","0","臺中市","和平區","120.975","24.170","20"
"18","275771","20220615193000","106","0","臺中市","和平區","120.980","24.180","18"
"208","275829","20220615193000","123","3","臺中市","和平區","120.990","24.185","227"
"130","276007","20220615193000","116","1","臺中市","和平區","120.925","24.180","135"
"348","276027","20220615193000","857","0","臺中市","北屯區","120.700","24.180","354"
"1665","276028","20220615193000","2201","0","臺中市","南區","120.680","24.130","1704"
"1604","276029","20220615193000","2564","0","臺中市","西屯區","120.620","24.180","1655"
"1358","276033","20220615193000","1600","0","臺中市","西屯區","120.650","24.185","1481"
"28","276036","20220615193000","78","0","臺中市","西屯區","120.630","24.160","16"
"1385","276037","20220615193000","1077","2","臺中市","西屯區","120.635","24.160","1393"
"1753","276039","20220615193000","1905","0","臺中市","西屯區","120.635","24.165","1687"
"484","276040","20220615193000","338","2","臺中市","西屯區","120.630","24.170","473"
"901","276041","20220615193000","674","2","臺中市","西屯區","120.635","24.170","917"
"2053","276043","20220615193000","1643","2","臺中市","太平區","120.715","24.140","2086"
"203","276044","20220615193000","1050","0","臺中市","太平區","120.720","24.155","212"
"2624","276045","20220615193000","2411","1","臺中市","西區","120.660","24.140","2722"
"2253","276046","20220615193000","2577","0","臺中市","西區","120.660","24.145","2264"
"1171","276048","20220615193000","1169","1","臺中市","南區","120.660","24.130","1201"
"64","276451","20220615193000","120","0","花蓮縣","秀林鄉","121.285","24.140","44"
"237","276521","20220615193000","219","1","花蓮縣","秀林鄉","121.635","24.140","251"
"96","276664","20220615193000","85","1","花蓮縣","秀林鄉","121.625","24.150","88"
"139","276735","20220615193000","82","3","花蓮縣","秀林鄉","121.625","24.155","161"
"59","276803","20220615193000","51","1","花蓮縣","秀林鄉","121.620","24.160","67"
"33","276945","20220615193000","49","0","花蓮縣","秀林鄉","121.300","24.175","25"
"36","277000","20220615193000","69","0","花蓮縣","秀林鄉","121.570","24.175","29"
"258","277116","20220615193000","200","2","花蓮縣","秀林鄉","121.495","24.180","227"
"586","277183","20220615193000","393","2","花蓮縣","秀林鄉","121.655","24.125","605"
"53","277187","20220615193000","41","2","花蓮縣","秀林鄉","121.645","24.135","51"
"283","277214","20220615193000","241","1","花蓮縣","秀林鄉","121.650","24.155","262"
"149","277223","20220615193000","132","1","花蓮縣","秀林鄉","121.655","24.160","128"
"110","277237","20220615193000","94","1","花蓮縣","秀林鄉","121.655","24.170","98"
"2432","277409","20220615193000","3715","0","臺中市","西屯區","120.645","24.170","1921"
"550","277410","20220615193000","378","2","臺中市","太平區","120.730","24.155","577"
"266","277411","20220615193000","739","0","臺中市","太平區","120.735","24.155","311"
"24","277415","20220615193000","217","0","臺中市","大肚區","120.550","24.120","23"
"1032","277420","20220615193000","928","1","臺中市","大肚區","120.570","24.120","1066"
"117","277421","20220615193000","702","0","臺中市","大肚區","120.575","24.120","128"
"475","277423","20220615193000","422","1","臺中市","大肚區","120.570","24.125","474"
"72","277425","20220615193000","400","0","臺中市","大肚區","120.580","24.125","52"
"244","277426","20220615193000","231","1","臺中市","大肚區","120.570","24.130","254"
"224","277434","20220615193000","258","0","臺中市","大肚區","120.585","24.135","209"
"2418","277437","20220615193000","2110","1","臺中市","大里區","120.705","24.105","2465"
"484","277439","20220615193000","480","1","臺中市","大里區","120.705","24.110","553"
"45","277440","20220615193000","401","0","臺中市","太平區","120.705","24.150","42"
"452","277441","20220615193000","705","0","臺中市","太平區","120.710","24.150","454"
"485","277442","20220615193000","344","2","臺中市","烏日區","120.625","24.100","539"
"855","277443","20220615193000","741","1","臺中市","烏日區","120.630","24.100","828"
"1544","277444","20220615193000","1021","3","臺中市","烏日區","120.620","24.105","1516"
"641","277445","20220615193000","454","2","臺中市","烏日區","120.625","24.105","597"
"184","277450","20220615193000","116","3","臺中市","西屯區","120.595","24.165","218"
"290","277451","20220615193000","308","0","臺中市","西屯區","120.600","24.165","289"
"296","277452","20220615193000","364","0","臺中市","西屯區","120.605","24.165","296"
"459","277453","20220615193000","459","1","臺中市","西屯區","120.610","24.165","484"
"14","277456","20220615193000","189","0","臺中市","西屯區","120.585","24.170","11"
"947","277457","20220615193000","1079","0","臺中市","西屯區","120.590","24.170","920"
"115","277458","20220615193000","85","2","臺中市","西屯區","120.595","24.170","123"
"100","277460","20220615193000","110","0","臺中市","西屯區","120.605","24.170","96"
"473","277461","20220615193000","631","0","臺中市","西屯區","120.610","24.170","446"
"160","277462","20220615193000","230","0","臺中市","西屯區","120.615","24.170","146"
"781","277463","20220615193000","805","0","臺中市","西屯區","120.620","24.170","810"
"11","277465","20220615193000","301","0","臺中市","西屯區","120.585","24.175","12"
"170","277467","20220615193000","184","0","臺中市","西屯區","120.605","24.175","163"
"700","277468","20220615193000","578","2","臺中市","西屯區","120.595","24.175","680"
"570","277471","20220615193000","487","1","臺中市","西屯區","120.620","24.175","604"
"62","277472","20220615193000","47","2","臺中市","西屯區","120.625","24.175","49"
"966","277473","20220615193000","1453","0","臺中市","西屯區","120.595","24.180","1001"
"362","277474","20220615193000","588","0","臺中市","西屯區","120.595","24.185","406"
"390","277475","20220615193000","837","0","臺中市","西屯區","120.600","24.175","435"
"2246","277477","20220615193000","2199","1","臺中市","太平區","120.720","24.130","2263"
"37","277478","20220615193000","322","0","臺中市","太平區","120.710","24.130","48"
"140","277480","20220615193000","1436","0","臺中市","太平區","120.715","24.135","148"
"1901","277481","20220615193000","1560","2","臺中市","太平區","120.730","24.150","1920"
"38","277483","20220615193000","222","0","臺中市","大肚區","120.575","24.170","40"
"611","277484","20220615193000","965","0","臺中市","大肚區","120.580","24.170","672"
"1848","277487","20220615193000","1883","0","臺中市","大肚區","120.545","24.155","1944"
"129","277488","20220615193000","598","0","臺中市","大肚區","120.540","24.160","130"
"742","277489","20220615193000","650","1","臺中市","大肚區","120.545","24.160","745"
"289","277492","20220615193000","219","2","臺中市","大肚區","120.535","24.165","302"
"904","277493","20220615193000","1165","0","臺中市","大里區","120.690","24.100","802"
"443","277496","20220615193000","347","2","臺中市","太平區","120.735","24.105","431"
"920","277503","20220615193000","816","1","臺中市","太平區","120.730","24.140","911"
"1227","277504","20220615193000","1254","0","臺中市","太平區","120.735","24.140","1253"
"37","277507","20220615193000","43","0","臺中市","太平區","120.730","24.145","26"
"1391","277508","20220615193000","1088","2","臺中市","太平區","120.735","24.145","1463"
"1406","277520","20220615193000","1187","1","臺中市","太平區","120.740","24.155","1490"
"270","277531","20220615193000","1012","0","臺中市","太平區","120.730","24.125","279"
"113","277532","20220615193000","217","0","臺中市","太平區","120.725","24.130","98"
"1553","277533","20220615193000","1649","0","臺中市","東區","120.690","24.130","1485"
"1569","277534","20220615193000","1797","0","臺中市","東區","120.690","24.140","1439"
"3292","277535","20220615193000","2624","2","臺中市","中區","120.685","24.140","3451"
"26","277537","20220615193000","187","0","臺中市","太平區","120.735","24.130","17"
"698","277538","20220615193000","1022","0","臺中市","太平區","120.720","24.100","732"
"846","277540","20220615193000","629","2","臺中市","太平區","120.720","24.105","802"
"1018","277541","20220615193000","1016","1","臺中市","太平區","120.725","24.140","988"
"410","277542","20220615193000","441","0","臺中市","太平區","120.730","24.135","437"
"1023","277544","20220615193000","893","1","臺中市","龍井區","120.540","24.175","956"
"684","277557","20220615193000","444","3","臺中市","大肚區","120.560","24.125","668"
"94","277558","20220615193000","641","0","臺中市","大肚區","120.565","24.125","116"
"830","277564","20220615193000","733","1","臺中市","龍井區","120.575","24.175","807"
"302","277565","20220615193000","678","0","臺中市","龍井區","120.580","24.175","317"
"698","277566","20220615193000","679","1","臺中市","太平區","120.725","24.145","706"
"846","277567","20220615193000","788","1","臺中市","太平區","120.720","24.125","853"
"24","277587","20220615193000","17","2","臺中市","東勢區","120.855","24.175","20"
"86","277597","20220615193000","71","2","臺中市","東勢區","120.840","24.185","103"
"10","277611","20220615193000","11","0","臺中市","東勢區","120.865","24.185","14"
"796","277614","20220615193000","811","0","臺中市","太平區","120.710","24.135","781"
"1906","277615","20220615193000","1662","1","臺中市","東區","120.705","24.140","1875"
"1560","277617","20220615193000","1097","2","臺中市","東區","120.695","24.150","1545"
"259","277618","20220615193000","1793","0","臺中市","太平區","120.705","24.155","244"
"1164","277619","20220615193000","772","3","臺中市","太平區","120.705","24.160","882"
"1923","277620","20220615193000","941","3","臺中市","太平區","120.710","24.155","1994"
"1747","277621","20220615193000","1355","2","臺中市","東區","120.690","24.135","1831"
"662","277622","20220615193000","665","0","臺中市","東區","120.690","24.145","660"
"2199","277623","20220615193000","1707","2","臺中市","東區","120.700","24.140","2208"
"2279","277624","20220615193000","2058","1","臺中市","北區","120.675","24.155","2218"
"2109","277625","20220615193000","1907","1","臺中市","西區","120.660","24.150","1973"
"2978","277626","20220615193000","2822","1","臺中市","西區","120.665","24.155","2777"
"25","277630","20220615193000","408","0","臺中市","龍井區","120.550","24.185","34"
"191","277637","20220615193000","213","0","臺中市","烏日區","120.650","24.105","238"
"875","277638","20220615193000","820","1","臺中市","烏日區","120.655","24.105","893"
"3598","277639","20220615193000","3074","1","臺中市","西屯區","120.640","24.170","3977"
"1416","277640","20220615193000","1742","0","臺中市","西屯區","120.655","24.170","1443"
"4414","277641","20220615193000","4076","1","臺中市","西屯區","120.660","24.170","4475"
"1693","277642","20220615193000","2070","0","臺中市","太平區","120.720","24.150","1843"
"280","277643","20220615193000","218","2","臺中市","太平區","120.725","24.150","295"
"1650","277644","20220615193000","1366","2","臺中市","太平區","120.725","24.155","1730"
"1092","277646","20220615193000","556","3","臺中市","烏日區","120.605","24.105","1156"
"481","277647","20220615193000","218","3","臺中市","烏日區","120.610","24.105","487"
"150","277648","20220615193000","209","0","臺中市","烏日區","120.600","24.110","137"
"1641","277649","20220615193000","1840","0","臺中市","烏日區","120.605","24.110","1559"
"42","277650","20220615193000","40","1","臺中市","烏日區","120.610","24.110","47"
"424","277652","20220615193000","368","1","臺中市","烏日區","120.605","24.115","491"
"425","277653","20220615193000","369","1","臺中市","烏日區","120.610","24.115","405"
"75","277655","20220615193000","126","0","臺中市","烏日區","120.595","24.120","78"
"417","277656","20220615193000","1229","0","臺中市","烏日區","120.635","24.110","393"
"1059","277657","20220615193000","1049","1","臺中市","烏日區","120.640","24.110","1036"
"3416","277661","20220615193000","2636","2","臺中市","西區","120.665","24.150","3226"
"416","277662","20220615193000","689","0","臺中市","西區","120.670","24.150","429"
"1622","277663","20220615193000","2648","0","臺中市","西區","120.675","24.135","1684"
"2237","277664","20220615193000","2085","1","臺中市","西區","120.665","24.145","2222"
"184","277681","20220615193000","177","1","花蓮縣","秀林鄉","121.630","24.115","180"
"89","277712","20220615193000","73","2","花蓮縣","秀林鄉","121.630","24.125","88"
"252","277713","20220615193000","232","1","花蓮縣","秀林鄉","121.635","24.125","247"
"241","277756","20220615193000","213","1","花蓮縣","新城鄉","121.615","24.100","226"
"161","277759","20220615193000","160","1","花蓮縣","新城鄉","121.620","24.105","169"
"360","277766","20220615193000","291","2","花蓮縣","新城鄉","121.640","24.115","298"
"70","277799","20220615193000","68","1","花蓮縣","新城鄉","121.650","24.125","58"
"175","277805","20220615193000","215","0","花蓮縣","新城鄉","121.645","24.130","199"
"52","277807","20220615193000","54","0","彰化縣","彰化市","120.545","24.100","38"
"1328","277812","20220615193000","1197","1","彰化縣","和美鎮","120.495","24.115","1297"
"371","277817","20220615193000","250","2","彰化縣","彰化市","120.560","24.105","359"
"472","277821","20220615193000","148","3","彰化縣","和美鎮","120.505","24.140","464"
"1220","277830","20220615193000","1469","0","彰化縣","和美鎮","120.500","24.105","1287"
"2447","277831","20220615193000","2297","1","彰化縣","和美鎮","120.495","24.110","2291"
"1723","277832","20220615193000","1661","1","彰化縣","和美鎮","120.500","24.110","1725"
"169","277834","20220615193000","1150","0","彰化縣","伸港鄉","120.480","24.140","192"
"89","277848","20220615193000","93","0","南投縣","國姓鄉","120.895","24.110","88"
"23","277865","20220615193000","16","2","南投縣","國姓鄉","120.850","24.105","20"
"60","277866","20220615193000","32","3","南投縣","國姓鄉","120.855","24.105","65"
"608","277889","20220615193000","555","1","彰化縣","和美鎮","120.490","24.110","688"
"288","277890","20220615193000","346","0","彰化縣","和美鎮","120.490","24.115","305"
"209","277892","20220615193000","285","0","彰化縣","和美鎮","120.515","24.125","202"
"34","277895","20220615193000","49","0","彰化縣","和美鎮","120.520","24.130","28"
"451","277898","20220615193000","317","2","彰化縣","和美鎮","120.515","24.135","430"
"481","277902","20220615193000","375","2","彰化縣","和美鎮","120.500","24.130","518"
"49","277906","20220615193000","35","2","彰化縣","和美鎮","120.505","24.135","55"
"35","277907","20220615193000","28","2","彰化縣","和美鎮","120.510","24.135","39"
"1729","277912","20220615193000","1348","2","彰化縣","和美鎮","120.490","24.120","1730"
"660","277913","20220615193000","626","1","彰化縣","和美鎮","120.495","24.120","691"
"127","277919","20220615193000","234","0","彰化縣","伸港鄉","120.510","24.160","117"
"192","277922","20220615193000","116","3","彰化縣","伸港鄉","120.510","24.165","160"
"193","277925","20220615193000","818","0","彰化縣","伸港鄉","120.505","24.170","233"
"292","277926","20220615193000","235","2","彰化縣","伸港鄉","120.510","24.170","350"
"365","277931","20220615193000","149","3","彰化縣","伸港鄉","120.505","24.180","354"
"941","277935","20220615193000","566","3","彰化縣","彰化市","120.575","24.100","906"
"57","277953","20220615193000","647","0","彰化縣","和美鎮","120.530","24.110","44"
"16","277963","20220615193000","19","0","彰化縣","和美鎮","120.535","24.105","11"
"65","277967","20220615193000","687","0","彰化縣","和美鎮","120.545","24.110","68"
"13","277968","20220615193000","33","0","彰化縣","和美鎮","120.540","24.115","17"
"39","277971","20220615193000","55","0","彰化縣","和美鎮","120.530","24.100","54"
"1408","277975","20220615193000","1128","2","彰化縣","和美鎮","120.525","24.115","1443"
"28","277978","20220615193000","22","2","彰化縣","和美鎮","120.485","24.135","43"
"194","277979","20220615193000","166","1","彰化縣","和美鎮","120.485","24.140","208"
"1184","277980","20220615193000","2410","0","彰化縣","伸港鄉","120.485","24.145","1145"
"444","277982","20220615193000","619","0","彰化縣","伸港鄉","120.490","24.150","496"
"360","277984","20220615193000","161","3","彰化縣","伸港鄉","120.470","24.145","369"
"144","277985","20220615193000","328","0","彰化縣","伸港鄉","120.475","24.145","148"
"338","277994","20220615193000","669","0","彰化縣","伸港鄉","120.500","24.140","329"
"249","277998","20220615193000","236","1","彰化縣","伸港鄉","120.480","24.155","221"
"828","278002","20220615193000","731","1","彰化縣","和美鎮","120.490","24.105","857"
"74","278003","20220615193000","141","0","彰化縣","和美鎮","120.490","24.125","92"
"516","278011","20220615193000","456","1","彰化縣","和美鎮","120.515","24.105","600"
"691","278012","20220615193000","586","1","彰化縣","和美鎮","120.510","24.110","680"
"298","278018","20220615193000","475","0","彰化縣","和美鎮","120.510","24.150","280"
"88","278026","20220615193000","541","0","彰化縣","線西鄉","120.455","24.145","101"
"274","278032","20220615193000","118","3","彰化縣","伸港鄉","120.450","24.155","243"
"1493","278037","20220615193000","1290","1","彰化縣","和美鎮","120.500","24.115","1430"
"1461","278047","20220615193000","553","3","彰化縣","和美鎮","120.490","24.130","1391"
"1147","278050","20220615193000","559","3","彰化縣","和美鎮","120.490","24.100","1187"
"2190","278052","20220615193000","697","3","彰化縣","和美鎮","120.515","24.100","2207"
"929","278053","20220615193000","604","3","彰化縣","和美鎮","120.520","24.100","974"
"166","278058","20220615193000","101","3","彰化縣","和美鎮","120.485","24.100","160"
"509","278060","20220615193000","425","1","彰化縣","和美鎮","120.485","24.110","542"
"152","278065","20220615193000","194","0","彰化縣","伸港鄉","120.475","24.155","174"
"62","278066","20220615193000","15","3","彰化縣","伸港鄉","120.470","24.160","66"
"22","278084","20220615193000","20","1","彰化縣","伸港鄉","120.485","24.180","21"
"1181","278099","20220615193000","1044","1","彰化縣","和美鎮","120.530","24.105","1196"
"499","278100","20220615193000","399","2","彰化縣","和美鎮","120.515","24.120","515"
"199","278175","20220615193000","173","1","南投縣","仁愛鄉","121.190","24.145","182"
"278","278457","20220615193000","318","0","南投縣","仁愛鄉","121.205","24.110","253"
"66","278506","20220615193000","77","0","南投縣","仁愛鄉","121.270","24.140","38"
"19","278518","20220615193000","29","0","南投縣","仁愛鄉","121.285","24.160","11"
"123","278973","20220615193000","111","1","南投縣","仁愛鄉","121.185","24.120","136"
"279","279090","20220615193000","282","0","南投縣","仁愛鄉","121.170","24.155","222"
"42","279213","20220615193000","80","0","南投縣","仁愛鄉","121.200","24.180","50"
"176","279218","20220615193000","200","0","南投縣","仁愛鄉","121.225","24.180","152"
"782","279255","20220615193000","1769","0","彰化縣","伸港鄉","120.485","24.160","753"
"491","279258","20220615193000","703","0","彰化縣","伸港鄉","120.495","24.160","502"
"51","279282","20220615193000","30","3","彰化縣","線西鄉","120.420","24.130","39"
"104","279286","20220615193000","410","0","彰化縣","和美鎮","120.480","24.105","95"
"84","279292","20220615193000","376","0","彰化縣","鹿港鎮","120.460","24.105","68"
"44","279293","20220615193000","431","0","彰化縣","鹿港鎮","120.465","24.105","49"
"720","279295","20220615193000","278","3","彰化縣","鹿港鎮","120.465","24.110","707"
"385","279296","20220615193000","239","3","彰化縣","鹿港鎮","120.460","24.115","389"
"1807","279303","20220615193000","1383","2","彰化縣","線西鄉","120.465","24.130","1774"
"406","279311","20220615193000","302","2","彰化縣","線西鄉","120.435","24.140","385"
"632","279350","20220615193000","400","3","彰化縣","鹿港鎮","120.450","24.115","607"
"17","279355","20220615193000","20","0","彰化縣","鹿港鎮","120.415","24.120","12"
"280","279359","20220615193000","156","3","彰化縣","鹿港鎮","120.455","24.120","275"
"51","279366","20220615193000","43","1","彰化縣","線西鄉","120.460","24.130","50"
"592","279368","20220615193000","585","1","彰化縣","線西鄉","120.430","24.130","553"
"458","279371","20220615193000","366","2","彰化縣","線西鄉","120.425","24.135","487"
"530","279375","20220615193000","370","2","彰化縣","線西鄉","120.470","24.135","551"
"181","279379","20220615193000","77","3","彰化縣","線西鄉","120.440","24.150","148"
"210","279387","20220615193000","229","0","彰化縣","線西鄉","120.445","24.150","223"
"500","279389","20220615193000","365","2","彰化縣","線西鄉","120.480","24.115","504"
"305","279392","20220615193000","219","2","彰化縣","和美鎮","120.485","24.120","285"
"10","279395","20220615193000","14","0","彰化縣","線西鄉","120.475","24.125","13"
"396","279396","20220615193000","409","0","彰化縣","線西鄉","120.480","24.125","454"
"756","279398","20220615193000","428","3","彰化縣","線西鄉","120.470","24.130","763"
"13","285400","20220615193000","12","1","臺中市","清水區","120.555","24.270","13"
"270","285401","20220615193000","238","1","臺中市","清水區","120.560","24.270","288"
"2191","285403","20220615193000","1923","1","臺中市","清水區","120.550","24.275","2141"
"750","285405","20220615193000","617","2","臺中市","清水區","120.540","24.275","733"
"175","285406","20220615193000","660","0","臺中市","北屯區","120.665","24.195","893"
"865","285409","20220615193000","644","2","臺中市","北屯區","120.680","24.195","885"
"794","285410","20220615193000","595","2","臺中市","北屯區","120.665","24.200","733"
"665","285412","20220615193000","544","2","臺中市","北屯區","120.675","24.200","603"
"504","285413","20220615193000","451","1","臺中市","北屯區","120.680","24.200","521"
"1057","285414","20220615193000","911","1","臺中市","北屯區","120.685","24.200","655"
"66","285415","20220615193000","64","1","臺中市","北屯區","120.665","24.190","69"
"1516","285416","20220615193000","790","3","臺中市","北屯區","120.670","24.190","1480"
"29","285418","20220615193000","772","0","臺中市","沙鹿區","120.560","24.240","24"
"2262","285419","20220615193000","3119","0","臺中市","沙鹿區","120.565","24.240","2242"
"56","285422","20220615193000","57","0","臺中市","沙鹿區","120.565","24.245","60"
"381","285423","20220615193000","649","0","臺中市","沙鹿區","120.570","24.245","375"
"366","285425","20220615193000","381","0","臺中市","沙鹿區","120.560","24.250","412"
"618","285426","20220615193000","342","3","臺中市","沙鹿區","120.565","24.250","686"
"628","285428","20220615193000","480","2","臺中市","沙鹿區","120.565","24.255","587"
"1743","285431","20220615193000","763","3","臺中市","清水區","120.575","24.275","1736"
"1236","285434","20220615193000","1198","1","臺中市","潭子區","120.715","24.205","1412"
"635","285437","20220615193000","382","3","臺中市","潭子區","120.700","24.200","594"
"665","285439","20220615193000","495","2","臺中市","潭子區","120.700","24.205","647"
"591","285440","20220615193000","592","0","臺中市","潭子區","120.700","24.210","606"
"1714","285441","20220615193000","1667","1","臺中市","潭子區","120.705","24.210","1641"
"1426","285442","20220615193000","1529","0","臺中市","潭子區","120.700","24.215","1509"
"136","285443","20220615193000","186","0","臺中市","潭子區","120.710","24.195","121"
"74","285444","20220615193000","75","0","臺中市","潭子區","120.705","24.200","95"
"627","285445","20220615193000","543","1","臺中市","潭子區","120.710","24.200","681"
"1407","285446","20220615193000","1707","0","臺中市","潭子區","120.705","24.205","1501"
"2972","285447","20220615193000","2135","2","臺中市","潭子區","120.710","24.205","3015"
"499","285453","20220615193000","352","2","臺中市","潭子區","120.720","24.195","453"
"499","285454","20220615193000","544","0","臺中市","潭子區","120.725","24.195","519"
"544","285459","20220615193000","417","2","臺中市","潭子區","120.725","24.200","528"
"1235","285460","20220615193000","1162","1","臺中市","潭子區","120.730","24.200","1172"
"75","285468","20220615193000","52","2","臺中市","潭子區","120.745","24.210","66"
"4011","285469","20220615193000","2927","2","臺中市","北屯區","120.705","24.190","3994"
"69","285470","20220615193000","82","0","臺中市","北屯區","120.705","24.195","70"
"31","285471","20220615193000","120","0","臺中市","西屯區","120.645","24.190","43"
"479","285472","20220615193000","344","2","臺中市","大雅區","120.615","24.235","463"
"719","285473","20220615193000","476","3","臺中市","沙鹿區","120.610","24.240","675"
"122","285474","20220615193000","610","0","臺中市","沙鹿區","120.615","24.240","137"
"28","285488","20220615193000","139","0","臺中市","沙鹿區","120.575","24.240","24"
"423","285500","20220615193000","360","1","臺中市","沙鹿區","120.560","24.225","359"
"1112","285503","20220615193000","1242","0","臺中市","沙鹿區","120.565","24.225","1116"
"159","285504","20220615193000","409","0","臺中市","神岡區","120.655","24.250","150"
"15","285505","20220615193000","17","0","臺中市","神岡區","120.660","24.250","15"
"38","285507","20220615193000","50","0","臺中市","神岡區","120.660","24.255","39"
"393","285509","20220615193000","360","1","臺中市","神岡區","120.675","24.260","437"
"657","285515","20220615193000","653","1","臺中市","神岡區","120.680","24.265","637"
"86","285519","20220615193000","686","0","臺中市","神岡區","120.655","24.275","74"
"882","285522","20220615193000","1864","0","臺中市","豐原區","120.705","24.240","893"
"890","285523","20220615193000","749","1","臺中市","豐原區","120.700","24.245","946"
"823","285524","20220615193000","1258","0","臺中市","豐原區","120.705","24.245","869"
"345","285525","20220615193000","256","2","臺中市","龍井區","120.560","24.190","371"
"438","285526","20220615193000","322","2","臺中市","龍井區","120.535","24.195","447"
"39","285527","20220615193000","33","1","臺中市","龍井區","120.540","24.195","53"
"524","285528","20220615193000","438","1","臺中市","龍井區","120.545","24.195","536"
"635","285531","20220615193000","512","2","臺中市","龍井區","120.560","24.195","657"
"686","285533","20220615193000","692","0","臺中市","龍井區","120.545","24.200","672"
"339","285536","20220615193000","317","1","臺中市","龍井區","120.560","24.200","363"
"721","285538","20220615193000","726","0","臺中市","潭子區","120.705","24.215","679"
"58","285539","20220615193000","45","2","臺中市","潭子區","120.700","24.220","53"
"1040","285540","20220615193000","1021","1","臺中市","潭子區","120.705","24.220","989"
"2295","285541","20220615193000","2407","0","臺中市","潭子區","120.705","24.225","2334"
"402","285542","20220615193000","419","0","臺中市","龍井區","120.590","24.190","403"
"242","285544","20220615193000","206","1","臺中市","西屯區","120.605","24.190","293"
"754","285547","20220615193000","591","2","臺中市","神岡區","120.690","24.265","758"
"234","285549","20220615193000","150","3","臺中市","神岡區","120.685","24.270","233"
"140","285551","20220615193000","123","1","臺中市","神岡區","120.675","24.275","141"
"336","285553","20220615193000","354","0","臺中市","神岡區","120.685","24.275","341"
"370","285559","20220615193000","168","3","臺中市","神岡區","120.690","24.275","380"
"931","285561","20220615193000","693","2","臺中市","神岡區","120.680","24.240","1008"
"507","285565","20220615193000","464","1","臺中市","神岡區","120.680","24.245","484"
"628","285567","20220615193000","659","0","臺中市","神岡區","120.675","24.250","653"
"1378","285568","20220615193000","1305","1","臺中市","神岡區","120.685","24.245","1384"
"43","285569","20220615193000","47","0","臺中市","神岡區","120.680","24.250","41"
"33","285570","20220615193000","359","0","臺中市","神岡區","120.685","24.250","45"
"111","285571","20220615193000","132","0","臺中市","神岡區","120.690","24.250","126"
"311","285573","20220615193000","284","1","臺中市","神岡區","120.685","24.255","295"
"128","285574","20220615193000","128","1","臺中市","神岡區","120.690","24.255","140"
"2052","285581","20220615193000","1704","2","臺中市","沙鹿區","120.555","24.230","2016"
"1460","285582","20220615193000","1568","0","臺中市","沙鹿區","120.555","24.235","1359"
"152","285584","20220615193000","315","0","臺中市","沙鹿區","120.580","24.250","162"
"369","285593","20220615193000","424","0","臺中市","沙鹿區","120.600","24.255","357"
"442","285599","20220615193000","352","2","臺中市","沙鹿區","120.600","24.260","464"
"329","285602","20220615193000","183","3","臺中市","沙鹿區","120.585","24.265","321"
"449","285607","20220615193000","291","3","臺中市","大雅區","120.655","24.210","475"
"405","285613","20220615193000","598","0","臺中市","大雅區","120.665","24.220","429"
"104","285618","20220615193000","475","0","臺中市","新社區","120.805","24.250","84"
"514","285621","20220615193000","322","3","臺中市","新社區","120.805","24.255","461"
"714","285626","20220615193000","629","1","臺中市","梧棲區","120.515","24.260","442"
"356","285627","20220615193000","273","2","臺中市","梧棲區","120.520","24.260","315"
"86","285630","20220615193000","273","0","臺中市","梧棲區","120.515","24.270","100"
"1286","285634","20220615193000","1286","1","臺中市","梧棲區","120.535","24.255","1369"
"840","285635","20220615193000","571","2","臺中市","梧棲區","120.550","24.255","845"
"650","285637","20220615193000","743","0","臺中市","梧棲區","120.560","24.255","653"
"1282","285638","20220615193000","980","2","臺中市","梧棲區","120.540","24.260","1339"
"528","285642","20220615193000","669","0","臺中市","梧棲區","120.555","24.240","536"
"2123","285644","20220615193000","1263","3","臺中市","梧棲區","120.545","24.245","2006"
"719","285646","20220615193000","1357","0","臺中市","神岡區","120.695","24.245","705"
"609","285648","20220615193000","603","1","臺中市","神岡區","120.695","24.255","696"
"128","285657","20220615193000","92","2","臺中市","梧棲區(海)","120.490","24.255","123"
"13","285659","20220615193000","36","0","臺中市","梧棲區(海)","120.500","24.255","13"
"327","285667","20220615193000","181","3","臺中市","梧棲區(海)","120.500","24.265","264"
"91","285671","20220615193000","91","1","臺中市","梧棲區(海)","120.500","24.270","85"
"38","285677","20220615193000","43","0","臺中市","梧棲區(海)","120.505","24.275","33"
"13","285681","20220615193000","155","0","臺中市","梧棲區","120.525","24.260","10"
"144","285682","20220615193000","166","0","臺中市","梧棲區","120.530","24.260","127"
"463","285683","20220615193000","275","3","臺中市","北屯區","120.790","24.205","532"
"275","285685","20220615193000","209","2","臺中市","新社區","120.805","24.190","285"
"146","285695","20220615193000","145","1","臺中市","新社區","120.815","24.200","149"
"163","285697","20220615193000","176","0","臺中市","新社區","120.805","24.205","184"
"134","285701","20220615193000","113","1","臺中市","新社區","120.805","24.210","131"
"263","285707","20220615193000","250","1","臺中市","新社區","120.800","24.220","462"
"170","285713","20220615193000","122","2","臺中市","新社區","120.795","24.235","196"
"63","285717","20220615193000","340","0","臺中市","新社區","120.795","24.230","79"
"171","285720","20220615193000","129","2","臺中市","新社區","120.780","24.230","170"
"122","285727","20220615193000","382","0","臺中市","新社區","120.785","24.235","103"
"1144","285738","20220615193000","867","2","臺中市","神岡區","120.700","24.250","1126"
"614","285742","20220615193000","464","2","臺中市","神岡區","120.645","24.250","527"
"157","285745","20220615193000","148","1","臺中市","神岡區","120.645","24.255","150"
"159","285747","20220615193000","117","2","臺中市","神岡區","120.635","24.260","134"
"769","285750","20220615193000","1334","0","臺中市","豐原區","120.710","24.245","1541"
"1404","285752","20220615193000","762","3","臺中市","豐原區","120.720","24.260","1478"
"3229","285754","20220615193000","2625","2","臺中市","豐原區","120.720","24.265","3209"
"369","285758","20220615193000","297","2","臺中市","豐原區","120.715","24.275","400"
"834","285759","20220615193000","380","3","臺中市","豐原區","120.720","24.275","883"
"300","285761","20220615193000","236","2","臺中市","豐原區","120.720","24.280","275"
"1318","285764","20220615193000","1000","2","臺中市","梧棲區","120.545","24.240","1350"
"1285","285765","20220615193000","1594","0","臺中市","梧棲區","120.540","24.245","1341"
"516","285766","20220615193000","435","1","臺中市","梧棲區","120.520","24.255","421"
"932","285767","20220615193000","1246","0","臺中市","梧棲區","120.525","24.255","925"
"229","285773","20220615193000","179","2","臺中市","新社區","120.810","24.225","259"
"375","285777","20220615193000","372","1","臺中市","新社區","120.805","24.230","335"
"2997","285782","20220615193000","1661","3","臺中市","豐原區","120.725","24.255","2865"
"961","285783","20220615193000","1065","0","臺中市","豐原區","120.705","24.250","937"
"664","285785","20220615193000","489","2","臺中市","豐原區","120.720","24.240","683"
"1512","285787","20220615193000","1374","1","臺中市","豐原區","120.715","24.235","1473"
"2019","285788","20220615193000","1532","2","臺中市","豐原區","120.720","24.235","2015"
"753","285789","20220615193000","669","1","臺中市","豐原區","120.725","24.235","817"
"3012","285791","20220615193000","1695","3","臺中市","豐原區","120.715","24.245","2972"
"122","285792","20220615193000","98","2","臺中市","豐原區","120.710","24.240","118"
"56","285793","20220615193000","95","0","臺中市","豐原區","120.725","24.250","77"
"480","285796","20220615193000","308","3","臺中市","豐原區","120.740","24.240","557"
"826","285799","20220615193000","1253","0","臺中市","豐原區","120.730","24.245","772"
"948","285800","20220615193000","516","3","臺中市","豐原區","120.735","24.245","901"
"967","285803","20220615193000","601","3","臺中市","豐原區","120.730","24.250","985"
"966","285804","20220615193000","728","2","臺中市","豐原區","120.735","24.250","1039"
"996","285805","20220615193000","802","2","臺中市","豐原區","120.740","24.250","1052"
"38","285806","20220615193000","642","0","臺中市","龍井區","120.525","24.210","38"
"417","285812","20220615193000","461","0","臺中市","龍井區","120.515","24.215","404"
"591","285819","20220615193000","454","2","臺中市","龍井區","120.510","24.220","759"
"684","285821","20220615193000","435","3","臺中市","龍井區","120.520","24.220","684"
"2221","285822","20220615193000","1014","3","臺中市","龍井區","120.525","24.220","2271"
"932","285849","20220615193000","878","1","臺中市","新社區","120.805","24.240","1200"
"272","285852","20220615193000","125","3","臺中市","新社區","120.820","24.205","258"
"92","285856","20220615193000","88","1","臺中市","北屯區","120.780","24.210","380"
"29","285859","20220615193000","152","0","臺中市","新社區","120.795","24.210","63"
"607","285862","20220615193000","315","3","臺中市","新社區","120.780","24.215","607"
"259","285867","20220615193000","214","2","臺中市","新社區","120.775","24.220","262"
"123","285871","20220615193000","104","1","臺中市","新社區","120.775","24.225","105"
"151","285886","20220615193000","93","3","臺中市","梧棲區","120.515","24.225","157"
"155","285894","20220615193000","185","0","臺中市","清水區","120.635","24.265","144"
"853","285910","20220615193000","867","0","臺中市","梧棲區","120.535","24.250","766"
"43","285912","20220615193000","397","0","臺中市","梧棲區","120.545","24.250","44"
"398","285914","20220615193000","468","0","臺中市","梧棲區","120.540","24.255","443"
"225","285916","20220615193000","243","0","臺中市","豐原區","120.700","24.230","264"
"399","285918","20220615193000","463","0","臺中市","豐原區","120.705","24.235","399"
"382","285919","20220615193000","269","2","臺中市","豐原區","120.700","24.235","334"
"486","285920","20220615193000","292","3","臺中市","豐原區","120.700","24.240","528"
"35","285921","20220615193000","29","2","臺中市","豐原區","120.760","24.235","37"
"44","285923","20220615193000","36","2","臺中市","豐原區","120.755","24.240","35"
"24","285925","20220615193000","15","3","臺中市","豐原區","120.765","24.240","19"
"79","285927","20220615193000","83","0","臺中市","豐原區","120.750","24.245","94"
"435","285933","20220615193000","338","2","臺中市","豐原區","120.745","24.250","456"
"88","285937","20220615193000","64","2","臺中市","豐原區","120.765","24.250","100"
"12","285943","20220615193000","11","1","臺中市","豐原區","120.765","24.255","15"
"218","285948","20220615193000","127","3","臺中市","石岡區","120.770","24.260","216"
"49","285949","20220615193000","51","0","臺中市","豐原區","120.760","24.265","47"
"131","285953","20220615193000","76","3","臺中市","石岡區","120.765","24.270","125"
"1317","285954","20220615193000","799","3","臺中市","豐原區","120.730","24.255","1253"
"565","285955","20220615193000","667","0","臺中市","豐原區","120.735","24.255","563"
"1330","285956","20220615193000","1011","2","臺中市","豐原區","120.745","24.255","1258"
"695","285957","20220615193000","346","3","臺中市","豐原區","120.740","24.260","713"
"439","285958","20220615193000","249","3","臺中市","豐原區","120.745","24.260","427"
"73","285959","20220615193000","264","0","臺中市","豐原區","120.750","24.260","389"
"235","285960","20220615193000","255","0","臺中市","豐原區","120.755","24.265","242"
"2634","285962","20220615193000","2260","1","臺中市","豐原區","120.725","24.240","2738"
"1679","285963","20220615193000","1611","1","臺中市","豐原區","120.730","24.240","1628"
"136","285964","20220615193000","217","0","臺中市","龍井區","120.580","24.190","137"
"46","285965","20220615193000","50","0","臺中市","龍井區","120.585","24.190","50"
"29","285980","20220615193000","415","0","臺中市","沙鹿區","120.570","24.225","33"
"2344","285981","20220615193000","2150","1","臺中市","沙鹿區","120.570","24.230","2406"
"454","285983","20220615193000","1055","0","臺中市","沙鹿區","120.565","24.215","460"
"1922","285984","20220615193000","1636","1","臺中市","沙鹿區","120.555","24.220","1928"
"252","285985","20220615193000","198","2","臺中市","沙鹿區","120.560","24.220","262"
"505","285990","20220615193000","309","3","臺中市","沙鹿區","120.575","24.200","542"
"2030","285991","20220615193000","1503","2","臺中市","沙鹿區","120.580","24.200","1997"
"369","285994","20220615193000","301","2","臺中市","沙鹿區","120.570","24.205","394"
"556","285999","20220615193000","548","1","臺中市","沙鹿區","120.575","24.210","539"
"361","286001","20220615193000","364","0","臺中市","沙鹿區","120.560","24.235","323"
"657","286002","20220615193000","737","0","臺中市","豐原區","120.710","24.250","655"
"3218","286003","20220615193000","2683","1","臺中市","豐原區","120.715","24.250","3010"
"507","286005","20220615193000","511","0","臺中市","豐原區","120.725","24.225","488"
"346","286006","20220615193000","288","2","臺中市","豐原區","120.730","24.225","357"
"549","286008","20220615193000","400","2","臺中市","豐原區","120.725","24.230","587"
"226","286010","20220615193000","172","2","臺中市","豐原區","120.735","24.230","198"
"532","286012","20220615193000","445","1","臺中市","豐原區","120.730","24.230","541"
"1427","286014","20220615193000","1214","1","臺中市","北屯區","120.660","24.190","1387"
"1775","286023","20220615193000","609","3","臺中市","龍井區","120.520","24.205","1786"
"926","286024","20220615193000","186","3","臺中市","龍井區","120.525","24.205","863"
"1077","286027","20220615193000","384","3","臺中市","龍井區","120.505","24.210","1046"
"136","286031","20220615193000","96","2","臺中市","龍井區","120.545","24.205","142"
"1369","286036","20220615193000","1197","1","臺中市","龍井區","120.550","24.210","1376"
"377","286039","20220615193000","381","0","臺中市","龍井區","120.545","24.215","427"
"392","286043","20220615193000","219","3","臺中市","東勢區","120.830","24.235","376"
"520","286047","20220615193000","396","2","臺中市","東勢區","120.830","24.240","522"
"1105","286051","20220615193000","1236","0","臺中市","東勢區","120.830","24.245","1081"
"255","286052","20220615193000","194","2","臺中市","東勢區","120.835","24.245","280"
"618","286053","20220615193000","495","2","臺中市","東勢區","120.840","24.245","646"
"813","286054","20220615193000","845","0","臺中市","東勢區","120.825","24.255","783"
"65","286060","20220615193000","65","1","臺中市","東勢區","120.845","24.275","66"
"150","286071","20220615193000","146","1","臺中市","清水區","120.580","24.270","191"
"2248","286072","20220615193000","1417","3","臺中市","北屯區","120.685","24.185","2148"
"63","286075","20220615193000","226","0","臺中市","北屯區","120.690","24.195","64"
"2828","286078","20220615193000","2897","0","臺中市","豐原區","120.720","24.250","2587"
"3065","286079","20220615193000","3041","1","臺中市","梧棲區","120.535","24.260","3084"
"535","286081","20220615193000","568","0","臺中市","梧棲區","120.530","24.265","589"
"952","286084","20220615193000","918","1","臺中市","梧棲區","120.530","24.270","916"
"587","286088","20220615193000","603","0","臺中市","沙鹿區","120.565","24.200","651"
"346","286090","20220615193000","213","3","臺中市","沙鹿區","120.560","24.205","378"
"29","286091","20220615193000","549","0","臺中市","沙鹿區","120.565","24.205","25"
"64","286092","20220615193000","552","0","臺中市","沙鹿區","120.555","24.210","75"
"27","286093","20220615193000","221","0","臺中市","沙鹿區","120.560","24.210","30"
"173","286094","20220615193000","165","1","臺中市","沙鹿區","120.565","24.210","201"
"136","286095","20220615193000","143","0","臺中市","沙鹿區","120.555","24.215","151"
"197","286097","20220615193000","169","1","臺中市","沙鹿區","120.605","24.240","212"
"309","286098","20220615193000","290","1","臺中市","沙鹿區","120.605","24.245","333"
"861","286099","20220615193000","616","2","臺中市","沙鹿區","120.610","24.245","872"
"519","286100","20220615193000","267","3","臺中市","沙鹿區","120.600","24.250","485"
"221","286105","20220615193000","283","0","臺中市","北屯區","120.685","24.195","235"
"350","286108","20220615193000","287","2","臺中市","北屯區","120.750","24.190","332"
"155","286113","20220615193000","113","2","臺中市","北屯區","120.750","24.195","142"
"20","286116","20220615193000","90","0","臺中市","北屯區","120.765","24.195","20"
"34","286118","20220615193000","26","2","臺中市","北屯區","120.745","24.200","33"
"44","286121","20220615193000","33","2","臺中市","北屯區","120.760","24.200","38"
"1454","286135","20220615193000","798","3","臺中市","北屯區","120.680","24.190","1471"
"752","286137","20220615193000","609","2","臺中市","清水區","120.545","24.265","801"
"750","286140","20220615193000","659","1","臺中市","清水區","120.545","24.270","702"
"508","286141","20220615193000","562","0","臺中市","清水區","120.550","24.270","563"
"1351","286147","20220615193000","1825","0","臺中市","潭子區","120.710","24.215","1416"
"24","286149","20220615193000","382","0","臺中市","潭子區","120.710","24.220","23"
"13","286151","20220615193000","21","0","臺中市","潭子區","120.715","24.225","24"
"424","286153","20220615193000","469","0","臺中市","豐原區","120.720","24.230","460"
"430","286156","20220615193000","364","1","臺中市","潭子區","120.680","24.225","431"
"874","286159","20220615193000","665","2","臺中市","潭子區","120.685","24.230","827"
"1997","286161","20220615193000","1631","2","臺中市","潭子區","120.690","24.225","2078"
"308","286162","20220615193000","360","0","臺中市","潭子區","120.695","24.225","349"
"425","286167","20220615193000","512","0","臺中市","梧棲區","120.525","24.225","444"
"371","286169","20220615193000","456","0","臺中市","梧棲區","120.510","24.230","420"
"25","286172","20220615193000","10","3","臺中市","梧棲區","120.525","24.230","26"
"157","286173","20220615193000","134","1","臺中市","梧棲區","120.505","24.235","135"
"36","286175","20220615193000","37","0","臺中市","梧棲區","120.515","24.235","29"
"1163","286177","20220615193000","1584","0","臺中市","梧棲區","120.525","24.235","1156"
"19","286179","20220615193000","19","1","臺中市","梧棲區","120.505","24.240","21"
"340","286180","20220615193000","372","0","臺中市","梧棲區","120.510","24.240","286"
"146","286181","20220615193000","167","0","臺中市","梧棲區","120.515","24.240","157"
"857","286183","20220615193000","519","3","臺中市","梧棲區","120.525","24.240","923"
"97","286186","20220615193000","99","0","臺中市","梧棲區","120.510","24.245","88"
"329","286187","20220615193000","335","0","臺中市","梧棲區","120.515","24.245","291"
"919","286190","20220615193000","1069","0","臺中市","梧棲區","120.530","24.245","878"
"279","286195","20220615193000","269","1","臺中市","梧棲區","120.525","24.250","259"
"386","286199","20220615193000","703","0","臺中市","沙鹿區","120.580","24.220","407"
"1607","286203","20220615193000","1951","0","臺中市","沙鹿區","120.575","24.225","1625"
"506","286204","20220615193000","684","0","臺中市","沙鹿區","120.580","24.225","519"
"355","286205","20220615193000","623","0","臺中市","沙鹿區","120.585","24.225","395"
"666","286208","20220615193000","770","0","臺中市","沙鹿區","120.575","24.230","553"
"185","286209","20220615193000","575","0","臺中市","沙鹿區","120.580","24.230","182"
"12","286210","20220615193000","79","0","臺中市","沙鹿區","120.585","24.230","12"
"70","286215","20220615193000","715","0","臺中市","沙鹿區","120.550","24.225","82"
"29","286221","20220615193000","19","3","臺中市","北屯區","120.770","24.195","38"
"29","286224","20220615193000","254","0","臺中市","北屯區","120.780","24.195","36"
"35","286235","20220615193000","22","3","臺中市","北屯區","120.770","24.205","36"
"1023","286244","20220615193000","1953","0","臺中市","大雅區","120.650","24.225","1040"
"164","286246","20220615193000","177","0","臺中市","大雅區","120.605","24.225","152"
"155","286248","20220615193000","149","1","臺中市","大雅區","120.615","24.225","166"
"452","286260","20220615193000","362","2","臺中市","大雅區","120.620","24.235","418"
"1689","286262","20220615193000","1251","2","臺中市","大雅區","120.645","24.215","1591"
"332","286263","20220615193000","273","2","臺中市","大雅區","120.645","24.220","370"
"847","286264","20220615193000","679","2","臺中市","大雅區","120.645","24.225","816"
"569","286266","20220615193000","407","2","臺中市","大雅區","120.635","24.205","621"
"49","286267","20220615193000","282","0","臺中市","大雅區","120.640","24.205","63"
"5254","286269","20220615193000","3706","2","臺中市","大雅區","120.615","24.210","5543"
"910","286270","20220615193000","638","2","臺中市","大雅區","120.620","24.210","871"
"799","286272","20220615193000","641","2","臺中市","大雅區","120.630","24.210","871"
"320","286273","20220615193000","301","1","臺中市","大雅區","120.635","24.210","315"
"499","286276","20220615193000","458","1","臺中市","大雅區","120.605","24.215","419"
"1031","286279","20220615193000","1461","0","臺中市","大雅區","120.620","24.215","1109"
"11","286280","20220615193000","81","0","臺中市","大雅區","120.625","24.215","14"
"821","286281","20220615193000","544","3","臺中市","大雅區","120.635","24.215","749"
"84","286282","20220615193000","63","2","臺中市","大雅區","120.600","24.220","73"
"77","286284","20220615193000","101","0","臺中市","大雅區","120.610","24.220","80"
"355","286285","20220615193000","197","3","臺中市","大雅區","120.615","24.220","341"
"795","286287","20220615193000","462","3","臺中市","大雅區","120.640","24.220","772"
"190","286288","20220615193000","188","1","臺中市","大雅區","120.630","24.215","215"
"64","286289","20220615193000","97","0","臺中市","大雅區","120.625","24.220","61"
"891","286292","20220615193000","994","0","臺中市","大雅區","120.625","24.225","916"
"1675","286293","20220615193000","1521","1","臺中市","大雅區","120.630","24.225","1602"
"1328","286296","20220615193000","870","3","臺中市","大雅區","120.620","24.230","1379"
"261","286300","20220615193000","244","1","臺中市","大雅區","120.625","24.230","276"
"534","286302","20220615193000","412","2","臺中市","潭子區","120.670","24.205","550"
"146","286305","20220615193000","119","2","臺中市","大雅區","120.670","24.215","151"
"553","286306","20220615193000","336","3","臺中市","大雅區","120.675","24.215","538"
"677","286307","20220615193000","601","1","臺中市","大雅區","120.670","24.220","690"
"597","286318","20220615193000","364","3","臺中市","東勢區","120.835","24.220","514"
"247","286323","20220615193000","166","2","臺中市","東勢區","120.820","24.275","222"
"332","286344","20220615193000","350","0","臺中市","東勢區","120.850","24.260","374"
"232","286375","20220615193000","179","2","臺中市","沙鹿區","120.590","24.230","218"
"612","286377","20220615193000","869","0","臺中市","沙鹿區","120.565","24.235","672"
"2664","286384","20220615193000","2823","0","臺中市","沙鹿區","120.570","24.240","2609"
"758","286386","20220615193000","1066","0","臺中市","東勢區","120.830","24.255","667"
"432","286388","20220615193000","705","0","臺中市","東勢區","120.825","24.250","486"
"326","286389","20220615193000","300","1","臺中市","梧棲區","120.530","24.230","349"
"643","286392","20220615193000","663","0","臺中市","梧棲區","120.545","24.230","659"
"1094","286398","20220615193000","987","1","臺中市","豐原區","120.715","24.255","1047"
"1255","286399","20220615193000","1371","0","臺中市","豐原區","120.720","24.255","1300"
"2481","286400","20220615193000","610","3","臺中市","豐原區","120.735","24.270","2445"
"147","286406","20220615193000","380","0","臺中市","豐原區","120.745","24.275","135"
"473","286408","20220615193000","282","3","臺中市","豐原區","120.755","24.275","461"
"758","286413","20220615193000","579","2","臺中市","東勢區","120.760","24.280","723"
"425","286418","20220615193000","203","3","臺中市","豐原區","120.725","24.275","407"
"710","286422","20220615193000","163","3","臺中市","豐原區","120.735","24.280","699"
"155","286436","20220615193000","128","2","臺中市","豐原區","120.760","24.230","173"
"188","286446","20220615193000","139","2","臺中市","豐原區","120.740","24.235","197"
"207","286447","20220615193000","105","3","臺中市","豐原區","120.745","24.235","208"
"218","286461","20220615193000","1361","0","臺中市","龍井區","120.520","24.195","194"
"1157","286465","20220615193000","361","3","臺中市","龍井區","120.500","24.200","1176"
"613","286475","20220615193000","208","3","臺中市","龍井區","120.510","24.200","608"
"89","286482","20220615193000","370","0","臺中市","龍井區","120.515","24.205","94"
"385","286485","20220615193000","268","2","臺中市","石岡區","120.770","24.280","385"
"1037","286486","20220615193000","931","1","臺中市","石岡區","120.775","24.275","1033"
"657","286489","20220615193000","418","3","臺中市","石岡區","120.795","24.270","767"
"113","286497","20220615193000","75","3","臺中市","石岡區","120.775","24.255","101"
"18","286500","20220615193000","18","1","臺中市","石岡區","120.775","24.260","19"
"174","286510","20220615193000","130","2","臺中市","石岡區","120.770","24.275","195"
"151","286511","20220615193000","111","2","臺中市","新社區","120.795","24.245","135"
"16","286515","20220615193000","73","0","臺中市","石岡區","120.790","24.255","16"
"299","286517","20220615193000","219","2","臺中市","石岡區","120.785","24.260","291"
"585","286522","20220615193000","489","1","臺中市","潭子區","120.695","24.230","606"
"593","286525","20220615193000","480","2","臺中市","神岡區","120.695","24.235","640"
"533","286526","20220615193000","374","2","臺中市","神岡區","120.690","24.240","503"
"125","286528","20220615193000","472","0","臺中市","豐原區","120.740","24.265","118"
"2867","286530","20220615193000","2972","0","臺中市","清水區","120.570","24.265","2791"
"414","286531","20220615193000","419","0","臺中市","清水區","120.570","24.270","442"
"520","286535","20220615193000","428","2","臺中市","清水區","120.630","24.275","545"
"178","286541","20220615193000","161","1","臺中市","清水區","120.565","24.275","184"
"363","286544","20220615193000","600","0","臺中市","西屯區","120.640","24.190","355"
"411","286547","20220615193000","421","0","臺中市","西屯區","120.645","24.195","412"
"1108","286549","20220615193000","758","2","臺中市","西屯區","120.645","24.200","1066"
"83","286550","20220615193000","455","0","臺中市","西屯區","120.650","24.200","77"
"78","286551","20220615193000","114","0","臺中市","西屯區","120.650","24.205","99"
"54","286554","20220615193000","449","0","臺中市","神岡區","120.670","24.255","62"
"1006","286555","20220615193000","852","1","臺中市","神岡區","120.675","24.255","999"
"818","286556","20220615193000","790","1","臺中市","神岡區","120.665","24.260","770"
"18","286557","20220615193000","12","3","臺中市","神岡區","120.650","24.260","10"
"22","286558","20220615193000","134","0","臺中市","神岡區","120.655","24.265","25"
"344","286561","20220615193000","227","3","臺中市","神岡區","120.665","24.270","334"
"162","286563","20220615193000","74","3","臺中市","神岡區","120.665","24.275","112"
"161","286566","20220615193000","187","0","臺中市","神岡區","120.645","24.265","203"
"90","286569","20220615193000","83","1","臺中市","神岡區","120.650","24.270","84"
"522","286570","20220615193000","320","3","臺中市","神岡區","120.655","24.270","527"
"63","286572","20220615193000","468","0","臺中市","神岡區","120.650","24.275","59"
"589","286574","20220615193000","480","2","臺中市","神岡區","120.660","24.275","524"
"133","286598","20220615193000","69","3","臺中市","和平區","120.895","24.230","110"
"31","286652","20220615193000","36","0","臺中市","和平區","120.905","24.240","30"
"128","286658","20220615193000","99","2","臺中市","和平區","120.935","24.240","99"
"100","286690","20220615193000","73","2","臺中市","和平區","120.900","24.250","83"
"31","286794","20220615193000","44","0","臺中市","和平區","121.015","24.195","34"
"199","286822","20220615193000","149","2","臺中市","和平區","121.005","24.200","165"
"161","286823","20220615193000","282","0","臺中市","和平區","121.010","24.200","263"
"90","286853","20220615193000","118","0","臺中市","和平區","121.015","24.205","136"
"17","286950","20220615193000","12","2","臺中市","和平區","120.965","24.225","17"
"107","287119","20220615193000","83","2","臺中市","和平區","121.010","24.255","45"
"33","287154","20220615193000","18","3","臺中市","和平區","121.000","24.265","26"
"27","287173","20220615193000","15","3","臺中市","和平區","121.015","24.270","17"
"171","287678","20220615193000","164","1","臺中市","和平區","121.245","24.245","134"
"188","287725","20220615193000","123","3","臺中市","和平區","121.245","24.250","136"
"214","287726","20220615193000","174","2","臺中市","和平區","121.250","24.250","175"
"39","287756","20220615193000","34","1","臺中市","和平區","121.165","24.255","34"
"19","287766","20220615193000","22","0","臺中市","和平區","121.215","24.255","30"
"211","287770","20220615193000","173","2","臺中市","和平區","121.235","24.255","191"
"230","287774","20220615193000","271","0","臺中市","和平區","121.255","24.255","185"
"158","287776","20220615193000","150","1","臺中市","和平區","121.265","24.255","161"
"13","287809","20220615193000","10","2","臺中市","和平區","121.190","24.260","13"
"507","287823","20220615193000","427","1","臺中市","和平區","121.260","24.260","475"
"53","288103","20220615193000","38","2","臺中市","和平區","120.890","24.275","61"
"13","288133","20220615193000","10","2","臺中市","和平區","120.945","24.280","13"
"13","288159","20220615193000","23","0","臺中市","和平區","121.025","24.280","13"
"698","288160","20220615193000","662","1","臺中市","清水區","120.555","24.260","745"
"616","288161","20220615193000","623","0","臺中市","清水區","120.560","24.260","675"
"1136","288163","20220615193000","904","2","臺中市","清水區","120.550","24.265","1199"
"514","288166","20220615193000","1270","0","臺中市","清水區","120.565","24.265","553"
"1427","288169","20220615193000","994","2","臺中市","清水區","120.560","24.275","1420"
"317","288179","20220615193000","329","0","臺中市","清水區","120.605","24.275","342"
"155","288182","20220615193000","247","0","臺中市","清水區","120.600","24.275","155"
"100","288184","20220615193000","93","1","臺中市","清水區","120.610","24.275","98"
"213","288192","20220615193000","168","2","臺中市","潭子區","120.725","24.215","181"
"301","288194","20220615193000","285","1","臺中市","潭子區","120.735","24.215","306"
"468","288198","20220615193000","498","0","臺中市","潭子區","120.720","24.220","522"
"1375","288207","20220615193000","1254","1","臺中市","潭子區","120.680","24.205","1439"
"80","288208","20220615193000","68","1","臺中市","潭子區","120.685","24.205","52"
"620","288209","20220615193000","543","1","臺中市","北屯區","120.690","24.205","703"
"168","288212","20220615193000","131","2","臺中市","潭子區","120.690","24.210","184"
"820","288215","20220615193000","670","2","臺中市","潭子區","120.685","24.215","775"
"1463","288216","20220615193000","1427","1","臺中市","潭子區","120.690","24.215","1402"
"356","288219","20220615193000","362","0","臺中市","潭子區","120.690","24.220","351"
"1679","288223","20220615193000","1529","1","臺中市","潭子區","120.710","24.230","1685"
"286","288224","20220615193000","334","0","臺中市","豐原區","120.715","24.230","279"
"1029","288225","20220615193000","777","2","臺中市","潭子區","120.705","24.230","1067"
"1753","288228","20220615193000","1473","1","臺中市","神岡區","120.660","24.260","1651"
"1065","288232","20220615193000","956","1","臺中市","神岡區","120.700","24.265","1065"
"1418","288240","20220615193000","1176","2","臺中市","神岡區","120.710","24.255","1393"
"738","288242","20220615193000","492","3","臺中市","神岡區","120.705","24.260","728"
"212","288243","20220615193000","1181","0","臺中市","神岡區","120.710","24.260","245"
"742","288247","20220615193000","663","1","臺中市","神岡區","120.705","24.275","749"
"666","288250","20220615193000","609","1","臺中市","神岡區","120.710","24.275","707"
"136","288252","20220615193000","106","2","臺中市","西屯區","120.605","24.195","107"
"130","288253","20220615193000","147","0","臺中市","西屯區","120.610","24.195","132"
"76","288259","20220615193000","83","0","臺中市","西屯區","120.600","24.200","75"
"98","288260","20220615193000","93","1","臺中市","西屯區","120.605","24.200","114"
"205","288261","20220615193000","275","0","臺中市","西屯區","120.610","24.200","213"
"1161","288262","20220615193000","1187","0","臺中市","西屯區","120.615","24.200","1211"
"747","288264","20220615193000","434","3","臺中市","西屯區","120.625","24.200","690"
"775","288265","20220615193000","662","1","臺中市","西屯區","120.630","24.200","718"
"54","288267","20220615193000","39","2","臺中市","西屯區","120.595","24.205","38"
"621","288268","20220615193000","374","3","臺中市","西屯區","120.600","24.205","653"
"511","288269","20220615193000","649","0","臺中市","西屯區","120.605","24.205","508"
"307","288270","20220615193000","218","2","臺中市","西屯區","120.610","24.205","344"
"1063","288271","20220615193000","1100","0","臺中市","西屯區","120.615","24.205","1047"
"1366","288272","20220615193000","1197","1","臺中市","西屯區","120.620","24.205","1286"
"14","288275","20220615193000","15","0","臺中市","西屯區","120.600","24.210","10"
"350","288276","20220615193000","411","0","臺中市","西屯區","120.605","24.210","379"
"3607","288277","20220615193000","4468","0","臺中市","西屯區","120.610","24.210","3600"
"3516","288279","20220615193000","3259","1","臺中市","西屯區","120.610","24.190","3620"
"270","288281","20220615193000","184","2","臺中市","西屯區","120.625","24.190","283"
"74","288284","20220615193000","22","3","臺中市","西屯區","120.595","24.195","87"
"324","288287","20220615193000","274","1","臺中市","西屯區","120.655","24.190","318"
"726","288289","20220615193000","481","3","臺中市","西屯區","120.655","24.195","762"
"1168","288290","20220615193000","915","2","臺中市","西屯區","120.660","24.195","1136"
"655","288291","20220615193000","439","2","臺中市","西屯區","120.655","24.200","681"
"354","288294","20220615193000","277","2","臺中市","西屯區","120.660","24.205","334"
"481","288298","20220615193000","423","1","臺中市","東勢區","120.850","24.240","490"
"257","288299","20220615193000","166","3","臺中市","東勢區","120.845","24.245","277"
"380","288302","20220615193000","498","0","臺中市","東勢區","120.825","24.260","573"
"1293","288304","20220615193000","934","2","臺中市","東勢區","120.825","24.265","1163"
"302","288312","20220615193000","193","3","臺中市","東勢區","120.835","24.230","224"
"42","288317","20220615193000","339","0","臺中市","東勢區","120.840","24.235","394"
"76","288339","20220615193000","34","3","臺中市","東勢區","120.875","24.215","69"
"56","288351","20220615193000","43","2","臺中市","東勢區","120.895","24.220","62"
"20","288365","20220615193000","119","0","臺中市","東勢區","120.880","24.230","20"
"138","288382","20220615193000","105","2","臺中市","東勢區","120.865","24.240","148"
"946","288395","20220615193000","654","2","臺中市","沙鹿區","120.560","24.230","842"
"1065","288396","20220615193000","995","1","臺中市","潭子區","120.710","24.235","1125"
"372","288397","20220615193000","1039","0","臺中市","豐原區","120.715","24.240","342"
"862","288401","20220615193000","944","0","臺中市","清水區","120.570","24.260","837"
"12","288402","20220615193000","111","0","臺中市","清水區","120.575","24.270","12"
"2129","288403","20220615193000","2537","0","臺中市","清水區","120.580","24.275","2008"
"356","288407","20220615193000","1211","0","臺中市","潭子區","120.700","24.190","343"
"105","288459","20220615193000","83","2","花蓮縣","秀林鄉","121.715","24.245","89"
"90","288610","20220615193000","45","3","花蓮縣","秀林鄉","121.740","24.260","99"
"48","288819","20220615193000","50","0","花蓮縣","秀林鄉","121.485","24.190","26"
"27","288993","20220615193000","22","2","花蓮縣","秀林鄉","121.480","24.205","26"
"23","289039","20220615193000","17","2","花蓮縣","秀林鄉","121.450","24.210","21"
"1172","289851","20220615193000","1616","0","臺中市","大雅區","120.650","24.220","1216"
"669","289852","20220615193000","1134","0","臺中市","大雅區","120.655","24.220","632"
"406","289853","20220615193000","327","2","臺中市","大雅區","120.660","24.220","422"
"3805","289854","20220615193000","2842","2","臺中市","大雅區","120.655","24.225","3798"
"129","289855","20220615193000","118","1","臺中市","大雅區","120.660","24.225","142"
"1148","289860","20220615193000","1174","0","臺中市","大雅區","120.635","24.235","1148"
"1419","289863","20220615193000","1024","2","臺中市","大雅區","120.630","24.240","1282"
"286","289868","20220615193000","258","1","臺中市","大雅區","120.635","24.245","279"
"71","289874","20220615193000","95","0","臺中市","大雅區","120.635","24.255","67"
"1843","289875","20220615193000","1281","2","臺中市","大雅區","120.645","24.230","1946"
"976","289879","20220615193000","673","2","臺中市","大雅區","120.655","24.230","908"
"604","289882","20220615193000","374","3","臺中市","大雅區","120.655","24.235","616"
"312","289884","20220615193000","191","3","臺中市","大雅區","120.645","24.240","294"
"1095","289886","20220615193000","708","3","臺中市","大雅區","120.655","24.240","904"
"348","289893","20220615193000","357","0","臺中市","豐原區","120.735","24.260","345"
"1060","289895","20220615193000","449","3","臺中市","豐原區","120.750","24.265","975"
"382","289898","20220615193000","274","2","臺中市","豐原區","120.735","24.265","412"
"141","289907","20220615193000","118","1","臺中市","新社區","120.815","24.240","115"
"101","289909","20220615193000","723","0","臺中市","豐原區","120.720","24.245","107"
"1498","289910","20220615193000","1404","1","臺中市","豐原區","120.725","24.245","1297"
"406","289912","20220615193000","428","0","臺中市","大雅區","120.670","24.225","448"
"565","289916","20220615193000","1235","0","臺中市","大雅區","120.650","24.230","601"
"55","289918","20220615193000","385","0","臺中市","大雅區","120.645","24.210","49"
"1313","289919","20220615193000","1135","1","臺中市","大雅區","120.650","24.210","1257"
"501","289920","20220615193000","628","0","臺中市","大雅區","120.650","24.215","514"
"1146","289921","20220615193000","999","1","臺中市","大雅區","120.660","24.230","1174"
"511","289922","20220615193000","475","1","臺中市","大雅區","120.665","24.230","493"
"1655","289923","20220615193000","1508","1","臺中市","大雅區","120.670","24.230","1681"
"516","289927","20220615193000","607","0","臺中市","大雅區","120.675","24.240","490"
"1292","289928","20220615193000","898","2","臺中市","東勢區","120.830","24.250","1222"
"668","289929","20220615193000","580","1","臺中市","東勢區","120.835","24.250","714"
"664","289937","20220615193000","500","2","臺中市","石岡區","120.785","24.275","715"
"811","289944","20220615193000","552","2","臺中市","石岡區","120.815","24.260","806"
"99","289946","20220615193000","243","0","臺中市","石岡區","120.805","24.265","99"
"58","289955","20220615193000","247","0","臺中市","石岡區","120.795","24.275","61"
"839","289964","20220615193000","275","3","臺中市","龍井區","120.480","24.210","851"
"334","289976","20220615193000","147","3","臺中市","龍井區","120.485","24.220","326"
"185","289982","20220615193000","159","1","臺中市","龍井區","120.490","24.225","169"
"532","289983","20220615193000","374","2","臺中市","龍井區","120.495","24.225","563"
"80","289992","20220615193000","101","0","臺中市","龍井區","120.490","24.230","72"
"11","289993","20220615193000","119","0","臺中市","龍井區","120.495","24.230","11"
"592","289996","20220615193000","693","0","臺中市","沙鹿區","120.580","24.210","680"
"107","289999","20220615193000","793","0","臺中市","沙鹿區","120.575","24.215","102"
"422","290000","20220615193000","585","0","臺中市","沙鹿區","120.580","24.215","441"
"295","290001","20220615193000","474","0","臺中市","沙鹿區","120.585","24.215","273"
"1141","290004","20220615193000","905","2","臺中市","沙鹿區","120.570","24.220","1183"
"300","290005","20220615193000","249","2","臺中市","沙鹿區","120.575","24.220","357"
"47","290008","20220615193000","35","2","臺中市","東勢區","120.840","24.190","37"
"87","290010","20220615193000","54","3","臺中市","東勢區","120.835","24.195","84"
"456","290015","20220615193000","282","3","臺中市","東勢區","120.840","24.200","388"
"174","290025","20220615193000","138","2","臺中市","東勢區","120.840","24.210","147"
"20","290037","20220615193000","319","0","臺中市","東勢區","120.850","24.195","262"
"779","290046","20220615193000","798","0","臺中市","龍井區","120.545","24.190","790"
"157","290051","20220615193000","152","1","臺中市","潭子區","120.695","24.195","183"
"2094","290052","20220615193000","1615","2","臺中市","潭子區","120.700","24.195","2056"
"13","290171","20220615193000","14","0","南投縣","仁愛鄉","121.290","24.225","11"
"79","290182","20220615193000","91","0","南投縣","仁愛鄉","121.260","24.230","78"
"158","290292","20220615193000","120","2","南投縣","仁愛鄉","121.220","24.190","151"
"173","290293","20220615193000","123","2","南投縣","仁愛鄉","121.225","24.190","153"
"38","296900","20220615193000","48","0","宜蘭縣","南澳鄉","121.750","24.320","37"
"325","296924","20220615193000","196","3","宜蘭縣","南澳鄉","121.745","24.330","332"
"628","297399","20220615193000","431","2","臺中市","清水區","120.580","24.280","667"
"1440","297407","20220615193000","1237","1","臺中市","外埔區","120.620","24.335","1455"
"173","297413","20220615193000","151","1","臺中市","神岡區","120.650","24.280","175"
"336","297416","20220615193000","315","1","臺中市","神岡區","120.640","24.285","355"
"66","297422","20220615193000","46","2","臺中市","神岡區","120.640","24.290","61"
"213","297424","20220615193000","180","1","臺中市","神岡區","120.650","24.290","223"
"238","297433","20220615193000","1766","0","臺中市","大甲區","120.620","24.345","233"
"227","297434","20220615193000","188","2","臺中市","梧棲區(海)","120.510","24.280","254"
"40","297444","20220615193000","15","3","臺中市","清水區","120.620","24.285","32"
"145","297446","20220615193000","113","2","臺中市","大甲區","120.640","24.345","133"
"1132","297450","20220615193000","1068","1","臺中市","大甲區","120.630","24.355","1109"
"514","297453","20220615193000","525","0","臺中市","大甲區","120.645","24.355","521"
"47","297457","20220615193000","57","0","臺中市","大甲區","120.650","24.360","23"
"68","297458","20220615193000","470","0","臺中市","大甲區","120.640","24.365","63"
"114","297462","20220615193000","155","0","臺中市","東勢區","120.795","24.295","123"
"125","297485","20220615193000","98","2","臺中市","東勢區","120.785","24.310","110"
"275","297494","20220615193000","246","1","臺中市","東勢區","120.780","24.315","285"
"94","297510","20220615193000","258","0","臺中市","東勢區","120.870","24.280","94"
"144","297533","20220615193000","118","2","臺中市","清水區","120.560","24.310","123"
"28","297539","20220615193000","232","0","臺中市","清水區","120.555","24.305","18"
"198","297540","20220615193000","190","1","臺中市","清水區","120.550","24.310","218"
"434","297546","20220615193000","410","1","臺中市","清水區","120.560","24.320","392"
"13","297575","20220615193000","12","1","臺中市","清水區","120.540","24.300","19"
"220","297586","20220615193000","217","1","臺中市","清水區","120.545","24.305","172"
"105","297618","20220615193000","181","0","臺中市","后里區","120.665","24.305","158"
"498","297627","20220615193000","441","1","臺中市","后里區","120.680","24.310","504"
"254","297639","20220615193000","260","0","臺中市","后里區","120.725","24.285","253"
"13","297641","20220615193000","19","0","臺中市","后里區","120.735","24.285","13"
"340","297645","20220615193000","298","1","臺中市","后里區","120.725","24.290","329"
"502","297646","20220615193000","496","1","臺中市","后里區","120.730","24.290","519"
"115","297647","20220615193000","64","3","臺中市","后里區","120.735","24.290","101"
"208","297648","20220615193000","79","3","臺中市","后里區","120.740","24.290","216"
"430","297654","20220615193000","838","0","臺中市","后里區","120.730","24.295","429"
"40","297656","20220615193000","35","1","臺中市","后里區","120.740","24.295","46"
"176","297659","20220615193000","202","0","臺中市","后里區","120.755","24.295","166"
"17","297662","20220615193000","33","0","臺中市","后里區","120.725","24.300","13"
"57","297664","20220615193000","60","0","臺中市","后里區","120.735","24.300","68"
"796","297671","20220615193000","710","1","臺中市","后里區","120.725","24.305","750"
"55","297672","20220615193000","10","3","臺中市","后里區","120.735","24.305","53"
"614","297689","20220615193000","491","2","臺中市","大安區","120.585","24.365","593"
"1933","297697","20220615193000","1760","1","臺中市","大甲區","120.630","24.350","1933"
"12","297698","20220615193000","68","0","臺中市","大甲區","120.620","24.350","13"
"26","297701","20220615193000","19","2","苗栗縣","苑裡鎮","120.700","24.365","25"
"1787","297704","20220615193000","1241","2","臺中市","大甲區","120.625","24.350","1849"
"1779","297705","20220615193000","1711","1","臺中市","大甲區","120.620","24.355","1860"
"2158","297706","20220615193000","1649","2","臺中市","大甲區","120.615","24.345","2090"
"799","297725","20220615193000","734","1","臺中市","大甲區","120.635","24.370","751"
"380","297760","20220615193000","271","2","臺中市","清水區","120.605","24.305","350"
"570","297763","20220615193000","514","1","臺中市","清水區","120.605","24.310","583"
"165","297775","20220615193000","1050","0","臺中市","后里區","120.710","24.305","165"
"227","297776","20220615193000","182","2","臺中市","后里區","120.700","24.310","228"
"234","297778","20220615193000","143","3","臺中市","后里區","120.735","24.310","227"
"50","297782","20220615193000","51","0","臺中市","后里區","120.755","24.310","47"
"237","297783","20220615193000","287","0","臺中市","后里區","120.740","24.315","279"
"15","297787","20220615193000","12","2","臺中市","后里區","120.760","24.315","20"
"190","297795","20220615193000","176","1","臺中市","后里區","120.735","24.325","196"
"372","297801","20220615193000","356","1","臺中市","后里區","120.740","24.330","391"
"375","297811","20220615193000","239","3","臺中市","后里區","120.725","24.340","325"
"301","297831","20220615193000","340","0","臺中市","外埔區","120.700","24.345","299"
"638","297868","20220615193000","630","1","臺中市","外埔區","120.645","24.320","661"
"539","297883","20220615193000","390","2","臺中市","外埔區","120.670","24.320","515"
"193","297885","20220615193000","177","1","臺中市","外埔區","120.680","24.320","216"
"803","297886","20220615193000","712","1","臺中市","外埔區","120.665","24.325","828"
"690","297921","20220615193000","503","2","臺中市","外埔區","120.650","24.330","662"
"2037","297922","20220615193000","1903","1","臺中市","外埔區","120.655","24.330","2083"
"2439","297926","20220615193000","2228","1","臺中市","外埔區","120.635","24.340","2501"
"362","297928","20220615193000","286","2","臺中市","外埔區","120.645","24.340","377"
"421","297941","20220615193000","369","1","臺中市","外埔區","120.625","24.320","383"
"343","297947","20220615193000","327","1","臺中市","外埔區","120.630","24.325","348"
"85","297954","20220615193000","61","2","臺中市","外埔區","120.635","24.330","59"
"322","297957","20220615193000","261","2","臺中市","外埔區","120.630","24.335","338"
"304","297959","20220615193000","237","2","臺中市","外埔區","120.685","24.325","296"
"35","297961","20220615193000","54","0","臺中市","外埔區","120.675","24.330","38"
"319","297967","20220615193000","249","2","臺中市","后里區","120.710","24.330","316"
"546","297988","20220615193000","465","1","臺中市","外埔區","120.665","24.340","539"
"388","297992","20220615193000","257","3","臺中市","外埔區","120.685","24.340","397"
"799","297995","20220615193000","846","0","臺中市","大安區","120.585","24.345","812"
"38","298020","20220615193000","29","2","臺中市","大安區","120.570","24.340","33"
"94","298024","20220615193000","92","1","臺中市","大安區","120.570","24.345","60"
"322","298036","20220615193000","260","2","臺中市","大安區","120.590","24.335","310"
"310","298040","20220615193000","395","0","臺中市","大安區","120.590","24.340","310"
"68","298043","20220615193000","596","0","臺中市","大安區","120.605","24.365","69"
"1592","298045","20220615193000","1534","1","臺中市","后里區","120.720","24.310","1588"
"397","298047","20220615193000","587","0","臺中市","后里區","120.720","24.320","425"
"138","298050","20220615193000","716","0","臺中市","后里區","120.725","24.315","148"
"377","298051","20220615193000","328","1","臺中市","后里區","120.730","24.315","369"
"3067","298052","20220615193000","2487","2","臺中市","后里區","120.725","24.320","3026"
"289","298053","20220615193000","340","0","臺中市","后里區","120.730","24.320","288"
"60","298054","20220615193000","136","0","臺中市","后里區","120.735","24.320","73"
"112","298056","20220615193000","127","0","臺中市","后里區","120.725","24.325","110"
"794","298059","20220615193000","667","1","臺中市","后里區","120.710","24.310","821"
"174","298060","20220615193000","165","1","臺中市","后里區","120.715","24.310","196"
"378","298062","20220615193000","197","3","臺中市","后里區","120.710","24.315","382"
"210","298066","20220615193000","100","3","臺中市","后里區","120.705","24.320","216"
"43","298069","20220615193000","136","0","臺中市","外埔區","120.695","24.325","37"
"209","298070","20220615193000","335","0","臺中市","后里區","120.700","24.325","222"
"229","298074","20220615193000","230","0","臺中市","后里區","120.705","24.325","250"
"503","298075","20220615193000","504","0","臺中市","后里區","120.710","24.325","516"
"352","298078","20220615193000","347","1","臺中市","后里區","120.705","24.330","349"
"47","298081","20220615193000","213","0","臺中市","后里區","120.745","24.325","31"
"98","298082","20220615193000","96","1","臺中市","后里區","120.750","24.325","118"
"133","298092","20220615193000","123","1","臺中市","后里區","120.680","24.315","108"
"46","298093","20220615193000","46","1","臺中市","后里區","120.685","24.315","46"
"636","298094","20220615193000","532","1","臺中市","后里區","120.690","24.315","647"
"499","298095","20220615193000","397","2","臺中市","后里區","120.695","24.315","495"
"106","298096","20220615193000","88","2","臺中市","外埔區","120.685","24.320","96"
"62","298098","20220615193000","476","0","臺中市","大安區","120.600","24.345","59"
"46","298100","20220615193000","435","0","臺中市","大安區","120.600","24.350","50"
"163","298108","20220615193000","110","2","臺中市","大甲區","120.680","24.365","157"
"298","298116","20220615193000","262","1","臺中市","大甲區","120.675","24.370","285"
"596","298125","20220615193000","725","0","臺中市","大甲區","120.625","24.340","622"
"364","298126","20220615193000","422","0","臺中市","大甲區","120.630","24.340","374"
"178","298128","20220615193000","162","1","臺中市","大甲區","120.620","24.340","161"
"2890","298129","20220615193000","2790","1","臺中市","大甲區","120.625","24.345","2909"
"167","298135","20220615193000","230","0","臺中市","后里區","120.715","24.295","216"
"1355","298141","20220615193000","1587","0","臺中市","后里區","120.715","24.305","1407"
"399","298142","20220615193000","570","0","臺中市","后里區","120.720","24.305","411"
"513","298151","20220615193000","475","1","臺中市","清水區","120.610","24.290","526"
"136","298155","20220615193000","129","1","臺中市","清水區","120.610","24.295","147"
"1383","298159","20220615193000","1230","1","臺中市","大甲區","120.615","24.350","1273"
"412","298177","20220615193000","453","0","臺中市","大甲區","120.605","24.325","386"
"257","298178","20220615193000","277","0","臺中市","大甲區","120.595","24.330","269"
"1469","298182","20220615193000","1124","2","臺中市","后里區","120.725","24.310","1455"
"126","298183","20220615193000","178","0","臺中市","后里區","120.730","24.305","131"
"378","298184","20220615193000","496","0","臺中市","后里區","120.730","24.310","378"
"44","298185","20220615193000","21","3","臺中市","后里區","120.735","24.315","57"
"165","298202","20220615193000","145","1","臺中市","后里區","120.700","24.285","140"
"24","298208","20220615193000","252","0","臺中市","后里區","120.675","24.290","330"
"403","298213","20220615193000","347","1","臺中市","后里區","120.700","24.290","439"
"19","298360","20220615193000","32","0","臺中市","和平區","121.280","24.305","16"
"518","298427","20220615193000","401","2","臺中市","和平區","121.295","24.315","466"
"111","298504","20220615193000","70","3","臺中市","和平區","121.310","24.325","97"
"178","298630","20220615193000","138","2","臺中市","和平區","121.310","24.335","202"
"107","298631","20220615193000","77","2","臺中市","和平區","121.315","24.335","68"
"80","298723","20220615193000","105","0","臺中市","和平區","121.310","24.345","61"
"98","298770","20220615193000","111","0","臺中市","和平區","121.310","24.350","76"
"14","298772","20220615193000","16","0","臺中市","和平區","121.320","24.350","14"
"66","298818","20220615193000","84","0","臺中市","和平區","121.315","24.355","38"
"23","298866","20220615193000","30","0","臺中市","和平區","121.315","24.360","26"
"17","298968","20220615193000","17","1","臺中市","和平區","121.340","24.370","14"
"30","299078","20220615193000","15","3","臺中市","和平區","121.265","24.285","22"
"30","299174","20220615193000","12","3","臺中市","和平區","121.275","24.295","22"
"93","299584","20220615193000","72","2","臺中市","和平區","120.905","24.290","105"
"16","299585","20220615193000","10","3","臺中市","和平區","120.910","24.290","17"
"62","299602","20220615193000","45","2","臺中市","和平區","120.930","24.295","58"
"49","299659","20220615193000","51","0","臺中市","和平區","120.940","24.300","50"
"14","299678","20220615193000","11","2","臺中市","和平區","120.925","24.305","14"
"74","299703","20220615193000","71","1","臺中市","和平區","120.940","24.310","57"
"27","299761","20220615193000","14","3","臺中市","和平區","120.930","24.325","18"
"96","299779","20220615193000","84","1","臺中市","和平區","120.925","24.325","108"
"139","299781","20220615193000","140","0","臺中市","和平區","120.935","24.325","120"
"13","299796","20220615193000","20","0","臺中市","和平區","120.920","24.330","13"
"983","299822","20220615193000","952","1","臺中市","清水區","120.565","24.290","987"
"31","299823","20220615193000","390","0","臺中市","清水區","120.560","24.295","33"
"140","299826","20220615193000","139","1","臺中市","清水區","120.600","24.280","129"
"38","299828","20220615193000","36","1","臺中市","清水區","120.610","24.280","53"
"200","299830","20220615193000","206","0","臺中市","清水區","120.600","24.285","186"
"541","299831","20220615193000","586","0","臺中市","清水區","120.575","24.285","588"
"556","299835","20220615193000","498","1","臺中市","清水區","120.575","24.300","588"
"95","299845","20220615193000","97","0","臺中市","東勢區","120.790","24.285","98"
"324","299852","20220615193000","232","2","臺中市","東勢區","120.795","24.285","290"
"42","299868","20220615193000","33","2","臺中市","東勢區","120.805","24.300","43"
"163","299869","20220615193000","174","0","臺中市","東勢區","120.810","24.300","171"
"447","299873","20220615193000","360","2","臺中市","清水區","120.555","24.280","481"
"215","299884","20220615193000","880","0","臺中市","清水區","120.540","24.285","196"
"32","299886","20220615193000","486","0","臺中市","清水區","120.525","24.290","26"
"74","299892","20220615193000","68","1","臺中市","清水區","120.520","24.295","60"
"560","299901","20220615193000","465","2","臺中市","清水區","120.630","24.290","547"
"66","299913","20220615193000","73","0","臺中市","清水區","120.630","24.300","63"
"77","299923","20220615193000","129","0","臺中市","清水區","120.580","24.290","93"
"627","299926","20220615193000","504","2","臺中市","清水區","120.590","24.295","625"
"93","300263","20220615193000","93","1","花蓮縣","秀林鄉","121.755","24.300","114"
"280","300401","20220615193000","217","2","花蓮縣","秀林鄉","121.750","24.310","291"
"65","300404","20220615193000","43","3","花蓮縣","秀林鄉","121.765","24.310","57"
"29","300405","20220615193000","17","3","花蓮縣","秀林鄉","121.765","24.305","18"
"31","300877","20220615193000","101","0","苗栗縣","三義鄉","120.740","24.365","32"
"15","300914","20220615193000","92","0","苗栗縣","三義鄉","120.765","24.340","13"
"88","300918","20220615193000","72","2","苗栗縣","三義鄉","120.750","24.345","71"
"206","300926","20220615193000","162","2","苗栗縣","三義鄉","120.745","24.350","222"
"83","300932","20220615193000","313","0","苗栗縣","三義鄉","120.735","24.355","56"
"120","300935","20220615193000","88","2","苗栗縣","三義鄉","120.750","24.355","106"
"23","300937","20220615193000","122","0","苗栗縣","三義鄉","120.760","24.355","26"
"48","300943","20220615193000","34","2","苗栗縣","三義鄉","120.770","24.355","48"
"64","300949","20220615193000","63","1","苗栗縣","三義鄉","120.780","24.360","75"
"10","300965","20220615193000","39","0","苗栗縣","三義鄉","120.795","24.370","11"
"231","300971","20220615193000","184","2","苗栗縣","卓蘭鎮","120.835","24.300","228"
"16","300972","20220615193000","18","0","苗栗縣","卓蘭鎮","120.830","24.305","12"
"31","300982","20220615193000","23","2","苗栗縣","卓蘭鎮","120.845","24.310","42"
"41","301006","20220615193000","188","0","臺中市","東勢區","120.805","24.280","34"
"319","301007","20220615193000","220","2","臺中市","東勢區","120.810","24.280","323"
"16","301011","20220615193000","13","2","苗栗縣","苑裡鎮","120.720","24.360","10"
"19","301013","20220615193000","11","3","苗栗縣","苑裡鎮","120.715","24.365","17"
"658","301021","20220615193000","557","1","苗栗縣","卓蘭鎮","120.830","24.310","649"
"301","301030","20220615193000","206","2","苗栗縣","卓蘭鎮","120.845","24.320","259"
"276","301060","20220615193000","210","2","苗栗縣","卓蘭鎮","120.810","24.330","250"
"189","301079","20220615193000","147","2","苗栗縣","卓蘭鎮","120.785","24.330","192"
"153","301082","20220615193000","116","2","苗栗縣","卓蘭鎮","120.825","24.330","149"
"58","301093","20220615193000","58","1","苗栗縣","卓蘭鎮","120.805","24.335","64"
"62","301097","20220615193000","22","3","苗栗縣","卓蘭鎮","120.825","24.335","58"
"22","301117","20220615193000","12","3","苗栗縣","苑裡鎮","120.700","24.370","14"
"45","301176","20220615193000","31","2","臺中市","和平區","121.040","24.295","36"
"83","301578","20220615193000","44","3","苗栗縣","泰安鄉","120.945","24.360","68"
"94","301582","20220615193000","58","3","苗栗縣","泰安鄉","120.965","24.360","108"
"148","301609","20220615193000","97","3","苗栗縣","泰安鄉","120.960","24.370","157"
"40","301626","20220615193000","185","0","苗栗縣","卓蘭鎮","120.845","24.295","41"
"111","301629","20220615193000","111","1","苗栗縣","卓蘭鎮","120.860","24.295","121"
"140","301639","20220615193000","70","3","苗栗縣","卓蘭鎮","120.840","24.300","134"
"95","301640","20220615193000","61","3","苗栗縣","卓蘭鎮","120.845","24.300","80"
"80","301669","20220615193000","47","3","苗栗縣","卓蘭鎮","120.880","24.315","81"
"163","301723","20220615193000","149","1","苗栗縣","卓蘭鎮","120.850","24.340","166"
"206","301727","20220615193000","103","3","苗栗縣","卓蘭鎮","120.870","24.340","200"
"113","301752","20220615193000","137","0","苗栗縣","卓蘭鎮","120.825","24.305","128"
"676","301756","20220615193000","637","1","苗栗縣","卓蘭鎮","120.820","24.315","634"
"1002","301757","20220615193000","772","2","苗栗縣","卓蘭鎮","120.825","24.315","946"
"32","301775","20220615193000","70","0","苗栗縣","卓蘭鎮","120.855","24.355","130"
"52","301787","20220615193000","42","2","苗栗縣","大湖鄉","120.870","24.360","48"
"43","301810","20220615193000","104","0","苗栗縣","大湖鄉","120.825","24.345","33"
"114","301882","20220615193000","84","2","苗栗縣","大湖鄉","120.875","24.365","123"
"15","307890","20220615193000","20","0","宜蘭縣","南澳鄉","121.780","24.365","16"
"14","307940","20220615193000","12","1","宜蘭縣","南澳鄉","121.790","24.400","14"
"20","307967","20220615193000","25","0","宜蘭縣","南澳鄉","121.790","24.415","161"
"16","308048","20220615193000","13","2","宜蘭縣","南澳鄉","121.765","24.440","23"
"17","308051","20220615193000","17","1","宜蘭縣","南澳鄉","121.780","24.440","14"
"26","308125","20220615193000","29","0","宜蘭縣","南澳鄉","121.775","24.450","29"
"271","308964","20220615193000","210","2","宜蘭縣","南澳鄉","121.750","24.425","261"
"32","309060","20220615193000","16","3","宜蘭縣","南澳鄉","121.750","24.435","16"
"83","309298","20220615193000","50","3","宜蘭縣","大同鄉","121.355","24.395","47"
"476","309501","20220615193000","315","3","宜蘭縣","大同鄉","121.380","24.435","501"
"100","309740","20220615193000","85","1","宜蘭縣","蘇澳鎮","121.805","24.445","104"
"243","309750","20220615193000","194","2","宜蘭縣","蘇澳鎮","121.790","24.455","215"
"635","309853","20220615193000","465","2","臺中市","大甲區","120.640","24.410","579"
"107","309860","20220615193000","733","0","臺中市","大甲區","120.630","24.415","109"
"427","309867","20220615193000","346","2","臺中市","大甲區","120.635","24.390","423"
"111","309881","20220615193000","563","0","臺中市","大甲區","120.635","24.410","107"
"603","309883","20220615193000","561","1","臺中市","大甲區","120.640","24.415","597"
"16","309891","20220615193000","350","0","臺中市","大安區","120.600","24.370","18"
"396","309899","20220615193000","365","1","臺中市","大安區","120.605","24.385","373"
"352","309910","20220615193000","278","2","臺中市","大安區","120.600","24.395","311"
"38","309925","20220615193000","488","0","臺中市","大甲區","120.670","24.380","46"
"23","309935","20220615193000","30","0","臺中市","大甲區","120.665","24.390","27"
"46","309937","20220615193000","746","0","臺中市","大甲區","120.660","24.395","49"
"739","309939","20220615193000","754","0","苗栗縣","苑裡鎮","120.665","24.400","717"
"674","309942","20220615193000","479","2","臺中市","大甲區","120.645","24.400","698"
"1737","309947","20220615193000","1941","0","臺中市","大甲區","120.650","24.405","1767"
"732","309948","20220615193000","1066","0","臺中市","大甲區","120.655","24.405","772"
"172","309960","20220615193000","243","0","臺中市","大安區","120.595","24.385","207"
"60","309972","20220615193000","281","0","臺中市","大安區","120.585","24.375","45"
"454","309973","20220615193000","383","1","臺中市","大安區","120.590","24.375","433"
"47","309975","20220615193000","37","2","臺中市","大安區","120.585","24.380","47"
"49","309977","20220615193000","53","0","臺中市","大安區","120.610","24.375","53"
"355","309986","20220615193000","285","2","臺中市","大甲區","120.660","24.370","349"
"1646","310004","20220615193000","2160","0","臺中市","大甲區","120.655","24.380","1600"
"48","310009","20220615193000","1039","0","臺中市","大甲區","120.650","24.390","52"
"399","310033","20220615193000","312","2","臺中市","大甲區","120.615","24.415","393"
"411","310040","20220615193000","458","0","臺中市","大甲區","120.620","24.370","467"
"20","310149","20220615193000","19","1","臺中市","和平區","121.305","24.380","20"
"32","310150","20220615193000","28","1","臺中市","和平區","121.310","24.380","25"
"33","310180","20220615193000","24","2","臺中市","和平區","121.300","24.385","28"
"16","310235","20220615193000","36","0","臺中市","和平區","121.305","24.395","20"
"42","310390","20220615193000","43","0","苗栗縣","三義鄉","120.780","24.385","36"
"202","310395","20220615193000","231","0","苗栗縣","三義鄉","120.750","24.395","201"
"405","310396","20220615193000","335","2","苗栗縣","三義鄉","120.755","24.395","404"
"12","310399","20220615193000","13","0","苗栗縣","三義鄉","120.770","24.395","13"
"1912","310412","20220615193000","1717","1","苗栗縣","三義鄉","120.760","24.405","1946"
"509","310415","20220615193000","521","0","苗栗縣","三義鄉","120.765","24.410","416"
"917","310419","20220615193000","996","0","苗栗縣","三義鄉","120.770","24.415","964"
"240","310423","20220615193000","235","1","苗栗縣","三義鄉","120.745","24.370","206"
"28","310429","20220615193000","26","1","苗栗縣","三義鄉","120.770","24.370","22"
"257","310433","20220615193000","299","0","苗栗縣","三義鄉","120.750","24.375","295"
"59","310441","20220615193000","67","0","苗栗縣","三義鄉","120.750","24.380","40"
"179","310450","20220615193000","115","3","苗栗縣","三義鄉","120.755","24.385","146"
"27","310451","20220615193000","147","0","苗栗縣","三義鄉","120.760","24.385","25"
"44","310456","20220615193000","73","0","苗栗縣","三義鄉","120.755","24.390","45"
"38","310458","20220615193000","114","0","苗栗縣","三義鄉","120.760","24.390","33"
"19","310469","20220615193000","27","0","苗栗縣","三義鄉","120.780","24.375","23"
"611","310489","20220615193000","605","1","苗栗縣","三義鄉","120.775","24.420","629"
"162","310506","20220615193000","228","0","苗栗縣","三義鄉","120.770","24.435","188"
"30","310521","20220615193000","30","1","苗栗縣","三義鄉","120.805","24.385","23"
"17","310527","20220615193000","27","0","苗栗縣","三義鄉","120.795","24.390","17"
"25","310542","20220615193000","17","2","苗栗縣","三義鄉","120.775","24.405","20"
"271","310551","20220615193000","250","1","苗栗縣","三義鄉","120.790","24.410","278"
"19","310552","20220615193000","18","1","苗栗縣","三義鄉","120.795","24.410","24"
"144","310580","20220615193000","127","1","苗栗縣","公館鄉","120.860","24.460","155"
"17","310595","20220615193000","24","0","苗栗縣","苑裡鎮","120.660","24.430","19"
"750","310596","20220615193000","547","2","苗栗縣","苑裡鎮","120.665","24.430","717"
"70","310601","20220615193000","254","0","苗栗縣","苑裡鎮","120.710","24.375","485"
"76","310623","20220615193000","70","1","苗栗縣","苑裡鎮","120.695","24.400","80"
"14","310630","20220615193000","16","0","苗栗縣","苑裡鎮","120.670","24.445","18"
"605","310636","20220615193000","381","3","苗栗縣","苑裡鎮","120.660","24.440","597"
"54","310637","20220615193000","65","0","苗栗縣","苑裡鎮","120.655","24.445","43"
"26","310639","20220615193000","30","0","苗栗縣","苑裡鎮","120.665","24.445","31"
"33","310640","20220615193000","19","3","苗栗縣","通霄鎮","120.660","24.450","32"
"450","310644","20220615193000","381","1","苗栗縣","苑裡鎮","120.655","24.450","432"
"41","310647","20220615193000","68","0","苗栗縣","通霄鎮","120.660","24.455","35"
"19","310648","20220615193000","13","2","苗栗縣","苑裡鎮","120.650","24.460","20"
"18","310656","20220615193000","177","0","苗栗縣","三義鄉","120.745","24.395","18"
"39","310670","20220615193000","103","0","苗栗縣","苑裡鎮","120.715","24.410","27"
"134","310685","20220615193000","63","3","苗栗縣","苑裡鎮","120.710","24.420","109"
"68","310688","20220615193000","49","2","苗栗縣","苑裡鎮","120.660","24.435","50"
"281","310695","20220615193000","213","2","苗栗縣","苑裡鎮","120.670","24.405","320"
"244","310698","20220615193000","219","1","苗栗縣","苑裡鎮","120.690","24.410","259"
"215","310699","20220615193000","96","3","苗栗縣","苑裡鎮","120.690","24.415","219"
"57","310721","20220615193000","475","0","苗栗縣","苑裡鎮","120.645","24.435","49"
"114","310722","20220615193000","116","0","苗栗縣","苑裡鎮","120.650","24.435","124"
"540","310727","20220615193000","419","2","苗栗縣","苑裡鎮","120.635","24.445","522"
"25","310728","20220615193000","18","2","苗栗縣","苑裡鎮","120.655","24.410","22"
"16","310729","20220615193000","13","2","苗栗縣","苑裡鎮","120.650","24.415","27"
"493","310730","20220615193000","360","2","苗栗縣","苑裡鎮","120.655","24.415","439"
"369","310737","20220615193000","354","1","苗栗縣","苑裡鎮","120.650","24.425","379"
"10","310749","20220615193000","131","0","苗栗縣","苑裡鎮","120.685","24.435","10"
"281","310752","20220615193000","197","2","苗栗縣","苑裡鎮","120.700","24.435","245"
"46","310755","20220615193000","50","0","苗栗縣","苑裡鎮","120.680","24.440","44"
"347","310758","20220615193000","251","2","苗栗縣","苑裡鎮","120.700","24.385","305"
"236","310763","20220615193000","254","0","苗栗縣","苑裡鎮","120.695","24.395","248"
"19","310764","20220615193000","11","3","苗栗縣","苑裡鎮","120.685","24.400","21"
"67","310766","20220615193000","17","3","苗栗縣","苑裡鎮","120.685","24.405","71"
"1072","310776","20220615193000","963","1","苗栗縣","大湖鄉","120.870","24.425","1103"
"22","310779","20220615193000","20","1","苗栗縣","大湖鄉","120.885","24.425","21"
"287","310796","20220615193000","233","2","苗栗縣","大湖鄉","120.865","24.400","296"
"41","310800","20220615193000","39","1","苗栗縣","大湖鄉","120.855","24.405","46"
"20","310825","20220615193000","161","0","苗栗縣","大湖鄉","120.900","24.410","22"
"176","310860","20220615193000","115","3","苗栗縣","大湖鄉","120.870","24.405","186"
"17","310881","20220615193000","277","0","苗栗縣","大湖鄉","120.860","24.420","13"
"28","310888","20220615193000","168","0","苗栗縣","苑裡鎮","120.695","24.370","22"
"613","310894","20220615193000","742","0","苗栗縣","苑裡鎮","120.655","24.440","591"
"17","310899","20220615193000","25","0","苗栗縣","苑裡鎮","120.690","24.375","12"
"1297","310905","20220615193000","1087","1","苗栗縣","苑裡鎮","120.680","24.385","1251"
"124","310911","20220615193000","92","2","苗栗縣","苑裡鎮","120.660","24.410","144"
"296","310914","20220615193000","138","3","苗栗縣","苑裡鎮","120.660","24.415","317"
"53","310926","20220615193000","35","3","苗栗縣","苑裡鎮","120.720","24.395","32"
"18","310927","20220615193000","88","0","苗栗縣","苑裡鎮","120.725","24.395","28"
"13","310930","20220615193000","13","1","苗栗縣","苑裡鎮","120.715","24.400","12"
"44","310938","20220615193000","31","2","苗栗縣","苑裡鎮","120.705","24.410","32"
"31","310941","20220615193000","60","0","苗栗縣","苑裡鎮","120.675","24.400","42"
"29","310942","20220615193000","23","2","苗栗縣","苑裡鎮","120.680","24.400","24"
"101","310943","20220615193000","450","0","苗栗縣","苑裡鎮","120.675","24.405","106"
"441","310949","20220615193000","202","3","苗栗縣","苑裡鎮","120.670","24.415","439"
"23","310953","20220615193000","13","3","苗栗縣","苑裡鎮","120.670","24.425","22"
"38","310959","20220615193000","20","3","苗栗縣","苑裡鎮","120.680","24.410","26"
"313","310964","20220615193000","1118","0","苗栗縣","苑裡鎮","120.685","24.415","329"
"195","310996","20220615193000","159","2","苗栗縣","銅鑼鄉","120.810","24.465","204"
"12","310999","20220615193000","26","0","苗栗縣","銅鑼鄉","120.755","24.445","11"
"46","311009","20220615193000","42","1","苗栗縣","銅鑼鄉","120.765","24.460","34"
"403","311014","20220615193000","220","3","苗栗縣","銅鑼鄉","120.760","24.460","392"
"61","311016","20220615193000","72","0","苗栗縣","銅鑼鄉","120.770","24.465","59"
"107","311031","20220615193000","62","3","苗栗縣","銅鑼鄉","120.810","24.405","111"
"145","311073","20220615193000","60","3","苗栗縣","銅鑼鄉","120.835","24.420","119"
"15","311089","20220615193000","11","2","苗栗縣","銅鑼鄉","120.765","24.435","21"
"255","311108","20220615193000","207","2","苗栗縣","銅鑼鄉","120.780","24.450","186"
"408","311118","20220615193000","380","1","苗栗縣","銅鑼鄉","120.780","24.465","352"
"2209","311279","20220615193000","2382","0","苗栗縣","苑裡鎮","120.650","24.440","2209"
"165","311280","20220615193000","141","1","苗栗縣","苑裡鎮","120.650","24.445","175"
"29","311281","20220615193000","24","2","苗栗縣","苑裡鎮","120.645","24.445","17"
"361","311283","20220615193000","330","1","苗栗縣","苑裡鎮","120.650","24.450","341"
"71","311310","20220615193000","55","2","苗栗縣","泰安鄉","120.925","24.390","72"
"14","311446","20220615193000","16","0","苗栗縣","泰安鄉","120.980","24.445","14"
"100","311474","20220615193000","80","2","苗栗縣","泰安鄉","120.935","24.420","81"
"182","311478","20220615193000","148","2","苗栗縣","泰安鄉","120.925","24.420","168"
"101","311666","20220615193000","97","1","苗栗縣","泰安鄉","120.980","24.390","103"
"11","312076","20220615193000","16","0","苗栗縣","泰安鄉","121.015","24.425","14"
"118","312522","20220615193000","111","1","苗栗縣","泰安鄉","120.925","24.440","114"
"155","312590","20220615193000","100","3","苗栗縣","通霄鎮","120.735","24.410","145"
"182","312624","20220615193000","148","2","苗栗縣","通霄鎮","120.680","24.455","190"
"84","312636","20220615193000","76","1","苗栗縣","通霄鎮","120.690","24.465","89"
"21","312656","20220615193000","16","2","苗栗縣","通霄鎮","120.745","24.440","14"
"130","312664","20220615193000","51","3","苗栗縣","通霄鎮","120.725","24.450","105"
"15","312666","20220615193000","13","1","苗栗縣","通霄鎮","120.735","24.450","12"
"62","312668","20220615193000","102","0","苗栗縣","通霄鎮","120.720","24.425","83"
"96","312670","20220615193000","208","0","苗栗縣","通霄鎮","120.720","24.430","108"
"199","312677","20220615193000","172","1","苗栗縣","通霄鎮","120.715","24.440","211"
"204","312691","20220615193000","225","0","苗栗縣","通霄鎮","120.700","24.455","208"
"32","312717","20220615193000","29","1","苗栗縣","通霄鎮","120.730","24.460","42"
"54","312744","20220615193000","85","0","苗栗縣","大湖鄉","120.865","24.430","46"
"38","312752","20220615193000","217","0","苗栗縣","大湖鄉","120.865","24.435","26"
"61","312778","20220615193000","43","2","苗栗縣","大湖鄉","120.905","24.445","64"
"39","312782","20220615193000","32","2","苗栗縣","大湖鄉","120.880","24.450","33"
"231","312784","20220615193000","186","2","苗栗縣","大湖鄉","120.875","24.455","224"
"76","312785","20220615193000","760","0","苗栗縣","大湖鄉","120.865","24.420","68"
"216","312798","20220615193000","228","0","苗栗縣","大湖鄉","120.900","24.375","182"
"11","312821","20220615193000","207","0","苗栗縣","大湖鄉","120.835","24.370","11"
"410","312833","20220615193000","312","2","苗栗縣","三義鄉","120.820","24.380","348"
"152","312851","20220615193000","112","2","苗栗縣","大湖鄉","120.865","24.375","146"
"75","312863","20220615193000","181","0","苗栗縣","大湖鄉","120.850","24.385","57"
"28","317431","20220615193000","37","0","宜蘭縣","蘇澳鎮","121.845","24.520","14"
"440","319889","20220615193000","322","2","宜蘭縣","南澳鄉","121.800","24.465","399"
"438","319890","20220615193000","447","0","宜蘭縣","蘇澳鎮","121.805","24.465","435"
"28","319894","20220615193000","28","1","宜蘭縣","南澳鄉","121.810","24.470","63"
"108","320020","20220615193000","96","1","宜蘭縣","蘇澳鎮","121.830","24.515","142"
"13","320043","20220615193000","29","0","宜蘭縣","南澳鄉","121.830","24.530","19"
"40","320054","20220615193000","35","1","宜蘭縣","南澳鄉","121.835","24.535","20"
"39","320069","20220615193000","49","0","宜蘭縣","蘇澳鎮","121.850","24.535","43"
"263","320197","20220615193000","204","2","宜蘭縣","南澳鄉","121.790","24.470","279"
"24","320298","20220615193000","12","3","宜蘭縣","南澳鄉","121.785","24.460","19"
"192","320807","20220615193000","131","2","宜蘭縣","大同鄉","121.430","24.485","147"
"167","320829","20220615193000","128","2","宜蘭縣","大同鄉","121.430","24.490","145"
"98","321192","20220615193000","97","1","宜蘭縣","大同鄉","121.530","24.500","99"
"13","321219","20220615193000","18","0","宜蘭縣","大同鄉","121.530","24.505","13"
"18","321263","20220615193000","17","1","宜蘭縣","南澳鄉","121.610","24.505","35"
"98","321699","20220615193000","66","2","宜蘭縣","大同鄉","121.450","24.530","92"
"16","321804","20220615193000","13","2","宜蘭縣","蘇澳鎮","121.810","24.465","13"
"178","321823","20220615193000","280","0","宜蘭縣","蘇澳鎮","121.840","24.485","244"
"35","321846","20220615193000","61","0","宜蘭縣","蘇澳鎮","121.835","24.510","100"
"209","321850","20220615193000","151","2","宜蘭縣","蘇澳鎮","121.835","24.520","225"
"161","321880","20220615193000","95","3","宜蘭縣","蘇澳鎮","121.820","24.460","151"
"26","321882","20220615193000","57","0","宜蘭縣","蘇澳鎮","121.820","24.465","20"
"47","321898","20220615193000","49","0","宜蘭縣","蘇澳鎮","121.825","24.485","112"
"19","322586","20220615193000","14","2","新竹縣","五峰鄉","121.090","24.500","19"
"21","322590","20220615193000","25","0","新竹縣","五峰鄉","121.075","24.505","22"
"29","322609","20220615193000","18","3","新竹縣","五峰鄉","121.115","24.510","12"
"51","322716","20220615193000","87","0","新竹縣","五峰鄉","121.110","24.525","56"
"28","322717","20220615193000","47","0","新竹縣","五峰鄉","121.115","24.525","41"
"24","322744","20220615193000","36","0","新竹縣","五峰鄉","121.125","24.530","27"
"56","322792","20220615193000","76","0","新竹縣","五峰鄉","121.125","24.540","54"
"21","322897","20220615193000","20","1","新竹縣","五峰鄉","121.130","24.560","14"
"69","322913","20220615193000","382","0","苗栗縣","公館鄉","120.820","24.495","78"
"19","322918","20220615193000","208","0","苗栗縣","公館鄉","120.815","24.510","14"
"174","322920","20220615193000","255","0","苗栗縣","公館鄉","120.815","24.515","177"
"413","322921","20220615193000","324","2","苗栗縣","銅鑼鄉","120.810","24.515","383"
"251","322933","20220615193000","206","2","苗栗縣","公館鄉","120.835","24.510","253"
"384","322941","20220615193000","385","0","苗栗縣","公館鄉","120.835","24.530","419"
"13","322961","20220615193000","95","0","苗栗縣","公館鄉","120.850","24.530","15"
"86","322992","20220615193000","77","1","苗栗縣","公館鄉","120.890","24.540","70"
"144","323065","20220615193000","136","1","苗栗縣","公館鄉","120.835","24.500","144"
"10","323076","20220615193000","13","0","苗栗縣","公館鄉","120.835","24.540","10"
"127","323078","20220615193000","145","0","苗栗縣","公館鄉","120.835","24.545","131"
"1144","323086","20220615193000","823","2","苗栗縣","公館鄉","120.825","24.510","1137"
"76","323090","20220615193000","730","0","苗栗縣","公館鄉","120.820","24.515","64"
"266","323092","20220615193000","403","0","苗栗縣","公館鄉","120.825","24.520","285"
"431","323094","20220615193000","335","2","苗栗縣","公館鄉","120.825","24.465","464"
"131","323105","20220615193000","188","0","苗栗縣","公館鄉","120.835","24.465","135"
"35","323120","20220615193000","40","0","苗栗縣","公館鄉","120.855","24.475","36"
"445","323126","20220615193000","379","1","苗栗縣","公館鄉","120.825","24.475","439"
"311","323131","20220615193000","374","0","苗栗縣","公館鄉","120.820","24.480","315"
"578","323137","20220615193000","463","2","苗栗縣","公館鄉","120.830","24.485","635"
"545","323139","20220615193000","587","0","苗栗縣","公館鄉","120.825","24.500","574"
"785","323140","20220615193000","784","1","苗栗縣","公館鄉","120.825","24.505","768"
"1168","323143","20220615193000","1336","0","苗栗縣","公館鄉","120.820","24.500","1167"
"423","323150","20220615193000","268","3","苗栗縣","公館鄉","120.830","24.530","416"
"176","323152","20220615193000","170","1","苗栗縣","公館鄉","120.830","24.535","192"
"820","323159","20220615193000","633","2","苗栗縣","公館鄉","120.825","24.530","915"
"152","323161","20220615193000","127","1","苗栗縣","苗栗市","120.835","24.555","152"
"1110","323164","20220615193000","1159","0","苗栗縣","苗栗市","120.820","24.560","1065"
"24","323166","20220615193000","39","0","苗栗縣","通霄鎮","120.695","24.540","27"
"11","323168","20220615193000","39","0","苗栗縣","通霄鎮","120.705","24.540","11"
"267","323174","20220615193000","166","3","苗栗縣","通霄鎮","120.700","24.550","267"
"271","323187","20220615193000","234","1","苗栗縣","通霄鎮","120.695","24.475","274"
"24","323189","20220615193000","433","0","苗栗縣","通霄鎮","120.685","24.480","23"
"65","323210","20220615193000","54","2","苗栗縣","通霄鎮","120.730","24.490","72"
"16","323218","20220615193000","58","0","苗栗縣","通霄鎮","120.740","24.495","19"
"23","323223","20220615193000","13","3","苗栗縣","通霄鎮","120.760","24.485","26"
"91","323237","20220615193000","82","1","苗栗縣","通霄鎮","120.720","24.505","91"
"15","323239","20220615193000","38","0","苗栗縣","通霄鎮","120.730","24.505","14"
"86","323242","20220615193000","57","3","苗栗縣","通霄鎮","120.740","24.505","75"
"50","323248","20220615193000","47","1","苗栗縣","通霄鎮","120.730","24.510","62"
"24","323299","20220615193000","17","2","苗栗縣","南庄鄉","120.960","24.520","25"
"87","323333","20220615193000","87","1","苗栗縣","南庄鄉","120.965","24.535","86"
"31","323356","20220615193000","122","0","苗栗縣","南庄鄉","120.970","24.545","44"
"2855","323391","20220615193000","2511","1","苗栗縣","苗栗市","120.825","24.555","2765"
"23","323392","20220615193000","24","0","苗栗縣","苗栗市","120.820","24.540","21"
"1031","323394","20220615193000","653","3","苗栗縣","苗栗市","120.825","24.545","972"
"773","323395","20220615193000","2120","0","苗栗縣","苗栗市","120.815","24.550","873"
"110","323396","20220615193000","133","0","苗栗縣","苗栗市","120.820","24.550","110"
"1826","323397","20220615193000","1728","1","苗栗縣","苗栗市","120.815","24.555","1719"
"639","323400","20220615193000","520","2","苗栗縣","苗栗市","120.820","24.555","643"
"242","323402","20220615193000","288","0","苗栗縣","苗栗市","120.830","24.555","240"
"559","323403","20220615193000","375","2","苗栗縣","苗栗市","120.825","24.565","584"
"27","323405","20220615193000","42","0","苗栗縣","苗栗市","120.790","24.525","28"
"96","323411","20220615193000","204","0","苗栗縣","苗栗市","120.785","24.535","81"
"86","323412","20220615193000","114","0","苗栗縣","苗栗市","120.790","24.535","53"
"284","323414","20220615193000","124","3","苗栗縣","苗栗市","120.800","24.535","283"
"35","323530","20220615193000","25","2","苗栗縣","南庄鄉","121.025","24.535","23"
"40","323545","20220615193000","32","2","苗栗縣","南庄鄉","121.030","24.540","27"
"98","323601","20220615193000","60","3","苗栗縣","頭屋鄉","120.855","24.555","113"
"32","323631","20220615193000","48","0","苗栗縣","頭屋鄉","120.870","24.560","38"
"14","323638","20220615193000","14","1","苗栗縣","頭屋鄉","120.905","24.550","10"
"209","323661","20220615193000","184","1","苗栗縣","銅鑼鄉","120.775","24.495","183"
"14","323663","20220615193000","28","0","苗栗縣","西湖鄉","120.770","24.500","20"
"10","323666","20220615193000","112","0","苗栗縣","銅鑼鄉","120.780","24.505","12"
"307","323674","20220615193000","248","2","苗栗縣","銅鑼鄉","120.790","24.470","305"
"390","323678","20220615193000","268","2","苗栗縣","銅鑼鄉","120.790","24.475","349"
"43","323679","20220615193000","54","0","苗栗縣","銅鑼鄉","120.795","24.475","37"
"502","323682","20220615193000","474","1","苗栗縣","銅鑼鄉","120.785","24.480","549"
"573","323683","20220615193000","539","1","苗栗縣","銅鑼鄉","120.790","24.480","594"
"479","323685","20220615193000","496","0","苗栗縣","銅鑼鄉","120.785","24.485","443"
"905","323686","20220615193000","1177","0","苗栗縣","銅鑼鄉","120.785","24.490","826"
"82","323691","20220615193000","81","1","苗栗縣","通霄鎮","120.725","24.520","98"
"10","323700","20220615193000","53","0","苗栗縣","通霄鎮","120.735","24.525","11"
"31","323727","20220615193000","146","0","苗栗縣","通霄鎮","120.675","24.485","38"
"688","323728","20220615193000","1218","0","苗栗縣","苗栗市","120.810","24.545","637"
"71","323734","20220615193000","41","3","苗栗縣","西湖鄉","120.790","24.550","67"
"134","323738","20220615193000","144","0","苗栗縣","苗栗市","120.795","24.555","141"
"371","323740","20220615193000","312","1","苗栗縣","苗栗市","120.805","24.555","392"
"320","323743","20220615193000","281","1","苗栗縣","苗栗市","120.800","24.560","336"
"91","323744","20220615193000","251","0","苗栗縣","苗栗市","120.805","24.560","90"
"518","323747","20220615193000","480","1","苗栗縣","苗栗市","120.815","24.530","524"
"1416","323751","20220615193000","1459","0","苗栗縣","苗栗市","120.815","24.540","1408"
"242","323752","20220615193000","169","2","苗栗縣","苗栗市","120.805","24.545","246"
"41","323753","20220615193000","62","0","苗栗縣","苗栗市","120.805","24.550","39"
"53","323763","20220615193000","222","0","苗栗縣","西湖鄉","120.730","24.555","68"
"152","323770","20220615193000","132","1","苗栗縣","西湖鄉","120.745","24.555","142"
"107","323782","20220615193000","69","3","苗栗縣","西湖鄉","120.765","24.520","122"
"154","323800","20220615193000","144","1","苗栗縣","西湖鄉","120.785","24.525","137"
"73","323808","20220615193000","39","3","苗栗縣","西湖鄉","120.745","24.525","83"
"41","323810","20220615193000","70","0","苗栗縣","西湖鄉","120.740","24.530","27"
"42","323815","20220615193000","36","1","苗栗縣","西湖鄉","120.750","24.535","46"
"153","323828","20220615193000","135","1","苗栗縣","通霄鎮","120.680","24.500","162"
"252","323830","20220615193000","267","0","苗栗縣","通霄鎮","120.690","24.500","253"
"157","323838","20220615193000","36","3","苗栗縣","通霄鎮","120.690","24.510","166"
"201","323845","20220615193000","196","1","苗栗縣","通霄鎮","120.695","24.515","195"
"86","323854","20220615193000","75","1","苗栗縣","通霄鎮","120.695","24.530","63"
"26","323864","20220615193000","18","2","苗栗縣","通霄鎮","120.675","24.490","30"
"1444","323865","20220615193000","1417","1","苗栗縣","通霄鎮","120.680","24.490","1466"
"891","323876","20220615193000","852","1","苗栗縣","銅鑼鄉","120.800","24.490","904"
"429","323879","20220615193000","542","0","苗栗縣","銅鑼鄉","120.800","24.495","413"
"226","323881","20220615193000","214","1","苗栗縣","銅鑼鄉","120.810","24.495","219"
"23","323884","20220615193000","167","0","苗栗縣","銅鑼鄉","120.805","24.500","20"
"220","323893","20220615193000","197","1","苗栗縣","銅鑼鄉","120.805","24.510","263"
"51","323896","20220615193000","62","0","苗栗縣","銅鑼鄉","120.810","24.520","56"
"290","323898","20220615193000","305","0","苗栗縣","銅鑼鄉","120.760","24.465","313"
"116","323899","20220615193000","121","0","苗栗縣","銅鑼鄉","120.765","24.465","102"
"203","323904","20220615193000","178","1","苗栗縣","銅鑼鄉","120.770","24.470","206"
"169","323913","20220615193000","177","0","苗栗縣","銅鑼鄉","120.790","24.485","174"
"201","323918","20220615193000","171","1","苗栗縣","銅鑼鄉","120.790","24.505","209"
"106","323920","20220615193000","57","3","苗栗縣","銅鑼鄉","120.785","24.510","101"
"329","323923","20220615193000","386","0","苗栗縣","西湖鄉","120.785","24.515","313"
"25","323948","20220615193000","71","0","苗栗縣","泰安鄉","120.950","24.465","71"
"60","323952","20220615193000","128","0","苗栗縣","泰安鄉","120.970","24.465","47"
"114","323970","20220615193000","107","1","苗栗縣","泰安鄉","120.945","24.470","132"
"63","323976","20220615193000","60","1","苗栗縣","泰安鄉","120.975","24.470","65"
"13","323977","20220615193000","12","1","苗栗縣","泰安鄉","120.980","24.470","13"
"22","324112","20220615193000","14","3","苗栗縣","獅潭鄉","120.910","24.505","24"
"12","324115","20220615193000","36","0","苗栗縣","獅潭鄉","120.925","24.505","10"
"47","324130","20220615193000","31","3","苗栗縣","獅潭鄉","120.910","24.510","35"
"284","324200","20220615193000","172","3","苗栗縣","獅潭鄉","120.920","24.540","298"
"61","324206","20220615193000","36","3","苗栗縣","獅潭鄉","120.950","24.540","49"
"95","324257","20220615193000","87","1","苗栗縣","獅潭鄉","120.935","24.555","117"
"39","324281","20220615193000","41","0","苗栗縣","獅潭鄉","120.910","24.465","26"
"115","324285","20220615193000","151","0","苗栗縣","獅潭鄉","120.880","24.470","134"
"34","324297","20220615193000","17","3","苗栗縣","獅潭鄉","120.915","24.475","29"
"65","324301","20220615193000","61","1","苗栗縣","獅潭鄉","120.900","24.485","60"
"59","324306","20220615193000","37","3","苗栗縣","獅潭鄉","120.900","24.490","64"
"55","324349","20220615193000","59","0","苗栗縣","泰安鄉","120.945","24.485","55"
"31","324420","20220615193000","70","0","苗栗縣","泰安鄉","121.205","24.465","31"
"45","324615","20220615193000","39","1","苗栗縣","泰安鄉","121.070","24.495","27"
"29","324700","20220615193000","14","3","苗栗縣","通霄鎮","120.700","24.505","22"
"26","324701","20220615193000","19","2","苗栗縣","通霄鎮","120.705","24.505","23"
"105","324706","20220615193000","75","2","苗栗縣","通霄鎮","120.715","24.510","87"
"85","324721","20220615193000","77","1","苗栗縣","西湖鄉","120.780","24.550","79"
"106","324736","20220615193000","55","3","苗栗縣","西湖鄉","120.755","24.495","95"
"93","324766","20220615193000","148","0","苗栗縣","西湖鄉","120.785","24.540","79"
"38","324767","20220615193000","35","1","苗栗縣","西湖鄉","120.755","24.545","46"
"47","324782","20220615193000","53","0","苗栗縣","通霄鎮","120.680","24.465","50"
"461","324784","20220615193000","444","1","苗栗縣","通霄鎮","120.665","24.470","470"
"125","324791","20220615193000","855","0","苗栗縣","通霄鎮","120.675","24.475","115"
"277","324812","20220615193000","290","0","苗栗縣","通霄鎮","120.710","24.555","313"
"19","324828","20220615193000","19","1","苗栗縣","通霄鎮","120.700","24.500","16"
"36","324833","20220615193000","235","0","苗栗縣","通霄鎮","120.710","24.505","29"
"79","324841","20220615193000","67","1","苗栗縣","通霄鎮","120.705","24.475","99"
"22","324850","20220615193000","33","0","苗栗縣","通霄鎮","120.715","24.480","16"
"43","324851","20220615193000","37","1","苗栗縣","通霄鎮","120.720","24.480","49"
"250","324858","20220615193000","165","3","苗栗縣","通霄鎮","120.720","24.465","246"
"106","324872","20220615193000","95","1","苗栗縣","通霄鎮","120.685","24.485","109"
"52","324877","20220615193000","730","0","苗栗縣","通霄鎮","120.690","24.495","42"
"41","324879","20220615193000","296","0","苗栗縣","通霄鎮","120.695","24.500","41"
"85","328071","20220615193000","103","0","宜蘭縣","蘇澳鎮","121.860","24.600","82"
"73","328073","20220615193000","111","0","宜蘭縣","蘇澳鎮","121.870","24.600","73"
"561","328074","20220615193000","374","3","宜蘭縣","蘇澳鎮","121.880","24.600","215"
"21","328390","20220615193000","30","0","宜蘭縣","蘇澳鎮","121.880","24.605","23"
"261","331880","20220615193000","229","1","宜蘭縣","冬山鄉","121.750","24.645","260"
"17","331921","20220615193000","13","2","宜蘭縣","南澳鄉","121.805","24.555","16"
"1539","332115","20220615193000","1124","2","宜蘭縣","蘇澳鎮","121.865","24.580","1519"
"147","332120","20220615193000","125","1","宜蘭縣","冬山鄉","121.815","24.630","148"
"254","332121","20220615193000","214","1","宜蘭縣","蘇澳鎮","121.820","24.625","262"
"694","332122","20220615193000","714","0","宜蘭縣","冬山鄉","121.810","24.630","718"
"331","332124","20220615193000","236","2","宜蘭縣","冬山鄉","121.820","24.630","324"
"245","332146","20220615193000","239","1","宜蘭縣","冬山鄉","121.710","24.635","241"
"77","332175","20220615193000","73","1","宜蘭縣","冬山鄉","121.765","24.620","74"
"571","332186","20220615193000","484","1","宜蘭縣","冬山鄉","121.770","24.630","608"
"543","332216","20220615193000","563","0","宜蘭縣","冬山鄉","121.785","24.625","521"
"163","332233","20220615193000","173","0","宜蘭縣","冬山鄉","121.730","24.650","175"
"307","332244","20220615193000","237","2","宜蘭縣","冬山鄉","121.805","24.625","342"
"16","332340","20220615193000","16","1","宜蘭縣","大同鄉","121.495","24.570","12"
"77","332362","20220615193000","42","3","宜蘭縣","大同鄉","121.480","24.575","67"
"43","332385","20220615193000","70","0","宜蘭縣","大同鄉","121.495","24.580","77"
"22","332698","20220615193000","28","0","宜蘭縣","大同鄉","121.685","24.610","19"
"155","332699","20220615193000","110","2","宜蘭縣","大同鄉","121.690","24.610","169"
"26","332745","20220615193000","73","0","宜蘭縣","大同鄉","121.685","24.625","25"
"22","332848","20220615193000","17","2","宜蘭縣","大同鄉","121.635","24.615","16"
"45","332889","20220615193000","73","0","宜蘭縣","大同鄉","121.605","24.630","48"
"31","332899","20220615193000","16","3","宜蘭縣","三星鄉","121.605","24.635","21"
"60","332902","20220615193000","75","0","宜蘭縣","大同鄉","121.560","24.640","57"
"81","333040","20220615193000","129","0","宜蘭縣","大同鄉","121.530","24.595","80"
"28","333263","20220615193000","89","0","宜蘭縣","大同鄉","121.540","24.625","23"
"72","333282","20220615193000","50","2","宜蘭縣","大同鄉","121.525","24.630","79"
"12","333283","20220615193000","13","0","宜蘭縣","大同鄉","121.530","24.630","12"
"12","333369","20220615193000","20","0","宜蘭縣","大同鄉","121.475","24.650","13"
"101","333370","20220615193000","56","3","宜蘭縣","大同鄉","121.480","24.650","31"
"11","333448","20220615193000","257","0","宜蘭縣","蘇澳鎮","121.865","24.575","17"
"377","333450","20220615193000","501","0","宜蘭縣","蘇澳鎮","121.870","24.580","376"
"431","333451","20220615193000","453","0","宜蘭縣","蘇澳鎮","121.875","24.580","446"
"1010","333457","20220615193000","840","2","宜蘭縣","蘇澳鎮","121.855","24.595","992"
"53","333458","20220615193000","80","0","宜蘭縣","蘇澳鎮","121.875","24.600","41"
"25","333460","20220615193000","14","3","宜蘭縣","蘇澳鎮","121.860","24.605","22"
"52","333462","20220615193000","33","3","宜蘭縣","蘇澳鎮","121.870","24.605","39"
"615","333474","20220615193000","442","2","宜蘭縣","蘇澳鎮","121.835","24.590","589"
"1028","333478","20220615193000","1068","0","宜蘭縣","蘇澳鎮","121.835","24.595","1054"
"357","333479","20220615193000","448","0","宜蘭縣","蘇澳鎮","121.840","24.595","358"
"184","333488","20220615193000","124","2","宜蘭縣","蘇澳鎮","121.835","24.605","172"
"56","333492","20220615193000","28","3","宜蘭縣","蘇澳鎮","121.830","24.610","50"
"796","333495","20220615193000","681","1","宜蘭縣","蘇澳鎮","121.830","24.615","725"
"829","333504","20220615193000","771","1","宜蘭縣","五結鄉","121.835","24.650","828"
"342","333511","20220615193000","262","2","宜蘭縣","冬山鄉","121.795","24.640","344"
"40","333515","20220615193000","38","1","宜蘭縣","冬山鄉","121.780","24.650","42"
"236","333516","20220615193000","124","3","宜蘭縣","冬山鄉","121.785","24.650","214"
"605","333519","20220615193000","597","1","宜蘭縣","蘇澳鎮","121.835","24.620","672"
"1603","333520","20220615193000","1366","1","宜蘭縣","蘇澳鎮","121.840","24.620","1669"
"106","333521","20220615193000","84","2","宜蘭縣","蘇澳鎮","121.845","24.620","106"
"523","333522","20220615193000","347","3","宜蘭縣","蘇澳鎮","121.835","24.625","504"
"62","333545","20220615193000","58","1","宜蘭縣","蘇澳鎮","121.845","24.565","52"
"142","333557","20220615193000","131","1","宜蘭縣","蘇澳鎮","121.840","24.575","160"
"22","333558","20220615193000","21","1","宜蘭縣","蘇澳鎮","121.845","24.575","25"
"210","333564","20220615193000","348","0","宜蘭縣","蘇澳鎮","121.855","24.605","215"
"109","333566","20220615193000","109","1","宜蘭縣","蘇澳鎮","121.850","24.610","107"
"540","333569","20220615193000","466","1","宜蘭縣","蘇澳鎮","121.850","24.615","513"
"421","333653","20220615193000","401","1","宜蘭縣","三星鄉","121.615","24.650","412"
"646","333661","20220615193000","491","2","宜蘭縣","冬山鄉","121.805","24.640","659"
"174","333695","20220615193000","116","3","宜蘭縣","蘇澳鎮","121.850","24.575","203"
"18","333704","20220615193000","38","0","宜蘭縣","蘇澳鎮","121.845","24.580","27"
"12","333737","20220615193000","29","0","宜蘭縣","蘇澳鎮","121.815","24.610","18"
"157","333739","20220615193000","152","1","宜蘭縣","蘇澳鎮","121.815","24.615","171"
"57","333741","20220615193000","83","0","宜蘭縣","蘇澳鎮","121.825","24.615","51"
"465","333742","20220615193000","436","1","宜蘭縣","蘇澳鎮","121.815","24.620","478"
"251","333747","20220615193000","154","3","宜蘭縣","蘇澳鎮","121.830","24.625","259"
"944","333751","20220615193000","886","1","宜蘭縣","冬山鄉","121.765","24.650","966"
"258","333753","20220615193000","360","0","宜蘭縣","冬山鄉","121.795","24.630","276"
"683","333754","20220615193000","668","1","宜蘭縣","冬山鄉","121.800","24.630","673"
"37","333756","20220615193000","34","1","宜蘭縣","冬山鄉","121.805","24.630","29"
"25","333764","20220615193000","40","0","宜蘭縣","冬山鄉","121.725","24.625","28"
"78","333769","20220615193000","31","3","宜蘭縣","冬山鄉","121.750","24.625","28"
"36","333770","20220615193000","24","3","宜蘭縣","冬山鄉","121.760","24.625","36"
"21","333774","20220615193000","63","0","宜蘭縣","冬山鄉","121.740","24.630","28"
"168","333781","20220615193000","184","0","宜蘭縣","冬山鄉","121.750","24.635","169"
"198","333789","20220615193000","157","2","宜蘭縣","冬山鄉","121.765","24.640","198"
"72","333791","20220615193000","76","0","宜蘭縣","冬山鄉","121.760","24.645","62"
"925","333802","20220615193000","839","1","宜蘭縣","冬山鄉","121.790","24.635","894"
"1409","333804","20220615193000","1078","2","宜蘭縣","冬山鄉","121.795","24.635","1378"
"15","333808","20220615193000","11","2","宜蘭縣","蘇澳鎮","121.845","24.635","18"
"1003","333809","20220615193000","514","3","宜蘭縣","蘇澳鎮","121.835","24.640","1010"
"116","333810","20220615193000","158","0","宜蘭縣","蘇澳鎮","121.840","24.640","107"
"738","333814","20220615193000","677","1","宜蘭縣","蘇澳鎮","121.830","24.630","745"
"626","333818","20220615193000","528","1","宜蘭縣","蘇澳鎮","121.830","24.640","648"
"644","333821","20220615193000","604","1","宜蘭縣","蘇澳鎮","121.830","24.645","669"
"17","333893","20220615193000","12","2","新竹縣","北埔鄉","121.065","24.645","13"
"52","333899","20220615193000","57","0","新竹縣","竹東鎮","121.095","24.645","64"
"122","334213","20220615193000","80","3","新竹縣","尖石鄉","121.340","24.650","139"
"75","334309","20220615193000","40","3","新竹縣","尖石鄉","121.310","24.570","76"
"89","334366","20220615193000","93","0","新竹縣","尖石鄉","121.305","24.580","68"
"53","334372","20220615193000","22","3","新竹縣","尖石鄉","121.335","24.580","58"
"32","334487","20220615193000","41","0","新竹縣","尖石鄉","121.290","24.605","39"
"232","334532","20220615193000","201","1","新竹縣","尖石鄉","121.295","24.610","246"
"54","334547","20220615193000","42","2","新竹縣","尖石鄉","121.285","24.615","44"
"27","334623","20220615193000","25","1","新竹縣","尖石鄉","121.275","24.640","35"
"51","334698","20220615193000","52","0","新竹縣","峨眉鄉","121.025","24.655","45"
"86","334723","20220615193000","93","0","宜蘭縣","蘇澳鎮","121.840","24.590","103"
"86","334725","20220615193000","99","0","宜蘭縣","蘇澳鎮","121.850","24.590","85"
"810","334726","20220615193000","699","1","宜蘭縣","蘇澳鎮","121.845","24.595","770"
"31","334737","20220615193000","33","0","新竹縣","五峰鄉","121.090","24.605","23"
"38","334763","20220615193000","19","3","新竹縣","五峰鄉","121.105","24.615","32"
"23","334770","20220615193000","28","0","新竹縣","五峰鄉","121.085","24.625","22"
"138","334783","20220615193000","124","1","新竹縣","五峰鄉","121.120","24.630","141"
"407","334790","20220615193000","407","1","新竹縣","五峰鄉","121.100","24.640","333"
"35","334829","20220615193000","25","2","新竹縣","五峰鄉","121.090","24.565","25"
"11","334833","20220615193000","13","0","新竹縣","五峰鄉","121.110","24.565","10"
"88","334868","20220615193000","73","2","新竹縣","五峰鄉","121.105","24.580","83"
"22","334869","20220615193000","15","2","新竹縣","五峰鄉","121.110","24.580","21"
"69","334891","20220615193000","50","2","新竹縣","五峰鄉","121.115","24.590","92"
"40","334969","20220615193000","81","0","新竹縣","五峰鄉","121.125","24.590","58"
"48","335076","20220615193000","24","3","新竹縣","五峰鄉","121.155","24.610","34"
"66","335109","20220615193000","50","2","新竹縣","五峰鄉","121.110","24.620","68"
"18","335134","20220615193000","18","1","新竹縣","五峰鄉","121.145","24.625","25"
"80","335187","20220615193000","74","1","新竹縣","五峰鄉","121.150","24.645","72"
"111","335195","20220615193000","78","2","新竹縣","竹東鎮","121.125","24.650","99"
"36","335200","20220615193000","49","0","新竹縣","五峰鄉","121.150","24.650","35"
"110","335230","20220615193000","79","2","新竹縣","五峰鄉","121.180","24.655","109"
"175","335366","20220615193000","139","2","桃園市","復興區","121.400","24.640","122"
"22","335480","20220615193000","24","0","苗栗縣","三灣鄉","120.960","24.610","28"
"10","335488","20220615193000","63","0","苗栗縣","三灣鄉","120.950","24.615","10"
"97","335520","20220615193000","58","3","苗栗縣","三灣鄉","120.925","24.640","87"
"287","335553","20220615193000","219","2","苗栗縣","三灣鄉","121.005","24.645","227"
"224","335569","20220615193000","882","0","苗栗縣","三灣鄉","120.955","24.650","214"
"80","335581","20220615193000","26","3","苗栗縣","三灣鄉","120.945","24.655","84"
"119","335594","20220615193000","80","2","苗栗縣","三灣鄉","120.975","24.645","132"
"177","335619","20220615193000","155","1","苗栗縣","三灣鄉","120.905","24.625","188"
"333","335630","20220615193000","263","2","苗栗縣","後龍鎮","120.770","24.615","363"
"85","335632","20220615193000","61","2","苗栗縣","後龍鎮","120.765","24.620","80"
"648","335635","20220615193000","652","0","苗栗縣","後龍鎮","120.780","24.620","392"
"46","335639","20220615193000","649","0","苗栗縣","後龍鎮","120.780","24.625","34"
"437","335647","20220615193000","486","0","苗栗縣","苗栗市","120.830","24.560","439"
"347","335648","20220615193000","284","2","苗栗縣","苗栗市","120.835","24.560","342"
"764","335652","20220615193000","580","2","苗栗縣","苗栗市","120.825","24.585","741"
"161","335655","20220615193000","178","0","苗栗縣","苗栗市","120.815","24.595","173"
"302","335657","20220615193000","245","2","苗栗縣","苗栗市","120.825","24.595","334"
"731","335658","20220615193000","444","3","苗栗縣","苗栗市","120.825","24.575","785"
"1450","335660","20220615193000","1331","1","苗栗縣","苗栗市","120.825","24.580","1513"
"246","335662","20220615193000","234","1","苗栗縣","苗栗市","120.810","24.560","247"
"2116","335663","20220615193000","2656","0","苗栗縣","苗栗市","120.815","24.560","2005"
"13","335664","20220615193000","171","0","苗栗縣","苗栗市","120.805","24.565","233"
"166","335666","20220615193000","330","0","苗栗縣","通霄鎮","120.715","24.560","173"
"62","335669","20220615193000","59","1","苗栗縣","通霄鎮","120.715","24.565","65"
"104","335671","20220615193000","159","0","苗栗縣","通霄鎮","120.710","24.570","106"
"135","335675","20220615193000","148","0","苗栗縣","通霄鎮","120.710","24.565","156"
"127","335689","20220615193000","126","1","苗栗縣","南庄鄉","121.005","24.615","137"
"168","335701","20220615193000","97","3","苗栗縣","南庄鄉","121.010","24.635","145"
"2207","335706","20220615193000","2285","0","苗栗縣","苗栗市","120.820","24.565","2135"
"149","335707","20220615193000","1337","0","苗栗縣","苗栗市","120.820","24.570","132"
"508","335708","20220615193000","471","1","苗栗縣","苗栗市","120.820","24.575","512"
"15","335716","20220615193000","120","0","苗栗縣","後龍鎮","120.770","24.650","22"
"546","335717","20220615193000","384","2","苗栗縣","後龍鎮","120.775","24.650","507"
"45","335748","20220615193000","281","0","苗栗縣","南庄鄉","120.985","24.635","44"
"1014","335753","20220615193000","679","2","苗栗縣","苗栗市","120.830","24.575","1017"
"274","335754","20220615193000","148","3","苗栗縣","苗栗市","120.830","24.580","272"
"79","335762","20220615193000","1901","0","苗栗縣","苗栗市","120.830","24.570","74"
"1108","335763","20220615193000","822","2","苗栗縣","苗栗市","120.835","24.570","1084"
"24","335766","20220615193000","137","0","苗栗縣","苗栗市","120.840","24.575","28"
"416","335767","20220615193000","277","3","苗栗縣","苗栗市","120.835","24.580","463"
"239","335776","20220615193000","266","0","苗栗縣","頭屋鄉","120.845","24.595","259"
"56","335787","20220615193000","37","3","苗栗縣","頭屋鄉","120.860","24.570","49"
"346","335795","20220615193000","205","3","苗栗縣","頭屋鄉","120.855","24.580","406"
"170","335796","20220615193000","144","1","苗栗縣","頭屋鄉","120.860","24.580","191"
"61","335799","20220615193000","254","0","苗栗縣","頭屋鄉","120.875","24.580","57"
"95","335801","20220615193000","343","0","苗栗縣","頭屋鄉","120.850","24.570","104"
"76","335802","20220615193000","57","2","苗栗縣","頭屋鄉","120.855","24.570","85"
"586","335804","20220615193000","396","2","苗栗縣","頭屋鄉","120.850","24.575","593"
"114","335805","20220615193000","321","0","苗栗縣","頭屋鄉","120.855","24.575","105"
"118","335817","20220615193000","99","1","苗栗縣","後龍鎮","120.730","24.590","139"
"149","335832","20220615193000","138","1","苗栗縣","後龍鎮","120.735","24.605","176"
"14","335881","20220615193000","70","0","苗栗縣","南庄鄉","120.985","24.570","17"
"36","335884","20220615193000","18","3","苗栗縣","南庄鄉","121.000","24.570","30"
"28","335915","20220615193000","137","0","苗栗縣","南庄鄉","120.995","24.585","26"
"179","335931","20220615193000","138","2","苗栗縣","南庄鄉","121.015","24.595","158"
"454","335948","20220615193000","392","1","苗栗縣","南庄鄉","120.955","24.640","452"
"406","335954","20220615193000","350","1","苗栗縣","南庄鄉","121.000","24.600","383"
"388","335959","20220615193000","356","1","苗栗縣","南庄鄉","121.000","24.605","396"
"31","336014","20220615193000","31","1","苗栗縣","南庄鄉","121.035","24.585","36"
"43","336050","20220615193000","109","0","苗栗縣","南庄鄉","121.040","24.600","39"
"187","336097","20220615193000","180","1","苗栗縣","南庄鄉","121.035","24.620","181"
"38","336103","20220615193000","41","0","苗栗縣","南庄鄉","121.020","24.620","51"
"82","336149","20220615193000","177","0","苗栗縣","頭屋鄉","120.890","24.585","89"
"187","336180","20220615193000","143","2","苗栗縣","頭屋鄉","120.885","24.600","169"
"288","336185","20220615193000","376","0","苗栗縣","頭屋鄉","120.845","24.560","326"
"23","336218","20220615193000","23","1","苗栗縣","頭屋鄉","120.895","24.570","27"
"52","336244","20220615193000","310","0","苗栗縣","頭份鎮","120.880","24.645","46"
"175","336248","20220615193000","193","0","苗栗縣","頭份鎮","120.880","24.650","245"
"491","336249","20220615193000","385","2","苗栗縣","頭份鎮","120.885","24.650","415"
"927","336266","20220615193000","910","1","苗栗縣","後龍鎮","120.785","24.610","867"
"258","336274","20220615193000","255","1","苗栗縣","後龍鎮","120.820","24.615","296"
"43","336275","20220615193000","23","3","苗栗縣","後龍鎮","120.825","24.615","36"
"617","336278","20220615193000","532","1","苗栗縣","後龍鎮","120.810","24.620","590"
"174","336282","20220615193000","188","0","苗栗縣","造橋鄉","120.815","24.625","149"
"1916","336283","20220615193000","1418","2","苗栗縣","苗栗市","120.810","24.565","1917"
"1765","336284","20220615193000","1285","2","苗栗縣","苗栗市","120.815","24.565","1755"
"197","336285","20220615193000","153","2","苗栗縣","苗栗市","120.805","24.570","200"
"28","336287","20220615193000","718","0","苗栗縣","苗栗市","120.815","24.570","37"
"70","336288","20220615193000","79","0","苗栗縣","苗栗市","120.810","24.575","84"
"437","336292","20220615193000","435","1","苗栗縣","苗栗市","120.810","24.585","417"
"189","336295","20220615193000","166","1","苗栗縣","苗栗市","120.810","24.590","186"
"12","336298","20220615193000","78","0","苗栗縣","苗栗市","120.810","24.595","14"
"20","336306","20220615193000","14","2","苗栗縣","苗栗市","120.790","24.570","15"
"25","336318","20220615193000","23","1","苗栗縣","苗栗市","120.795","24.580","30"
"10","336321","20220615193000","13","0","苗栗縣","苗栗市","120.785","24.585","10"
"56","336323","20220615193000","58","0","苗栗縣","苗栗市","120.795","24.585","40"
"513","336331","20220615193000","936","0","苗栗縣","苗栗市","120.825","24.570","521"
"167","336352","20220615193000","527","0","苗栗縣","後龍鎮","120.805","24.645","171"
"177","336359","20220615193000","104","3","苗栗縣","後龍鎮","120.805","24.650","219"
"2194","336369","20220615193000","1711","2","苗栗縣","後龍鎮","120.790","24.610","2199"
"97","336376","20220615193000","407","0","苗栗縣","後龍鎮","120.810","24.610","109"
"173","336382","20220615193000","189","0","苗栗縣","後龍鎮","120.800","24.625","166"
"167","336386","20220615193000","118","2","苗栗縣","後龍鎮","120.800","24.630","151"
"345","336390","20220615193000","220","3","苗栗縣","後龍鎮","120.800","24.635","344"
"120","336395","20220615193000","121","0","苗栗縣","後龍鎮","120.825","24.605","100"
"136","336400","20220615193000","196","0","苗栗縣","後龍鎮","120.825","24.610","137"
"370","336426","20220615193000","369","1","苗栗縣","造橋鄉","120.890","24.620","386"
"78","336440","20220615193000","73","1","苗栗縣","造橋鄉","120.925","24.600","85"
"83","336466","20220615193000","55","3","苗栗縣","造橋鄉","120.910","24.620","96"
"58","336470","20220615193000","176","0","苗栗縣","造橋鄉","120.865","24.605","62"
"11","336489","20220615193000","10","1","苗栗縣","造橋鄉","120.870","24.615","11"
"138","336492","20220615193000","91","3","苗栗縣","造橋鄉","120.855","24.620","105"
"53","336494","20220615193000","39","2","苗栗縣","造橋鄉","120.865","24.620","89"
"31","336501","20220615193000","186","0","苗栗縣","造橋鄉","120.865","24.630","35"
"48","336504","20220615193000","30","3","苗栗縣","造橋鄉","120.860","24.645","43"
"266","336507","20220615193000","207","2","苗栗縣","造橋鄉","120.870","24.650","294"
"302","336511","20220615193000","185","3","苗栗縣","造橋鄉","120.860","24.655","341"
"147","336512","20220615193000","92","3","苗栗縣","造橋鄉","120.865","24.655","179"
"146","336520","20220615193000","98","2","苗栗縣","造橋鄉","120.850","24.645","166"
"187","336523","20220615193000","157","1","苗栗縣","造橋鄉","120.845","24.650","191"
"154","336526","20220615193000","313","0","苗栗縣","造橋鄉","120.840","24.650","163"
"26","336528","20220615193000","33","0","苗栗縣","造橋鄉","120.850","24.650","28"
"75","336531","20220615193000","102","0","苗栗縣","造橋鄉","120.855","24.655","66"
"167","336542","20220615193000","179","0","苗栗縣","造橋鄉","120.840","24.610","174"
"15","336543","20220615193000","13","1","苗栗縣","造橋鄉","120.845","24.610","15"
"49","336546","20220615193000","38","2","苗栗縣","造橋鄉","120.840","24.615","62"
"20","336549","20220615193000","11","3","苗栗縣","造橋鄉","120.830","24.620","14"
"143","336556","20220615193000","105","2","苗栗縣","造橋鄉","120.840","24.625","109"
"61","336559","20220615193000","51","1","苗栗縣","造橋鄉","120.855","24.625","52"
"13","336561","20220615193000","41","0","苗栗縣","造橋鄉","120.855","24.630","15"
"11","336566","20220615193000","15","0","苗栗縣","造橋鄉","120.870","24.635","10"
"117","336569","20220615193000","60","3","苗栗縣","造橋鄉","120.860","24.640","94"
"273","336572","20220615193000","270","1","苗栗縣","造橋鄉","120.875","24.640","322"
"213","336573","20220615193000","157","2","苗栗縣","造橋鄉","120.865","24.645","237"
"150","336574","20220615193000","127","1","苗栗縣","造橋鄉","120.870","24.645","127"
"85","336587","20220615193000","51","3","苗栗縣","造橋鄉","120.820","24.630","68"
"16","336597","20220615193000","128","0","苗栗縣","造橋鄉","120.825","24.640","13"
"34","336604","20220615193000","27","2","苗栗縣","造橋鄉","120.840","24.645","38"
"141","336605","20220615193000","70","3","苗栗縣","造橋鄉","120.830","24.650","170"
"88","336610","20220615193000","77","1","苗栗縣","造橋鄉","120.840","24.655","91"
"16","336614","20220615193000","68","0","苗栗縣","獅潭鄉","120.940","24.560","18"
"341","336662","20220615193000","266","2","苗栗縣","獅潭鄉","120.940","24.590","326"
"1155","336672","20220615193000","891","2","苗栗縣","頭份鎮","120.890","24.625","1155"
"261","336679","20220615193000","212","2","苗栗縣","頭份鎮","120.885","24.635","244"
"193","336689","20220615193000","112","3","苗栗縣","頭份鎮","120.885","24.645","215"
"19","336694","20220615193000","16","1","苗栗縣","頭份鎮","120.905","24.650","21"
"239","336696","20220615193000","124","3","苗栗縣","後龍鎮","120.815","24.635","213"
"240","336716","20220615193000","246","0","苗栗縣","後龍鎮","120.765","24.590","239"
"141","336717","20220615193000","75","3","苗栗縣","後龍鎮","120.750","24.595","139"
"194","336734","20220615193000","136","2","苗栗縣","後龍鎮","120.760","24.635","182"
"35","336737","20220615193000","31","1","苗栗縣","後龍鎮","120.775","24.635","25"
"138","336741","20220615193000","125","1","苗栗縣","後龍鎮","120.770","24.640","139"
"472","336749","20220615193000","421","1","苗栗縣","後龍鎮","120.825","24.600","435"
"403","336751","20220615193000","306","2","苗栗縣","後龍鎮","120.815","24.605","395"
"162","336767","20220615193000","151","1","苗栗縣","後龍鎮","120.790","24.590","154"
"66","336777","20220615193000","367","0","苗栗縣","後龍鎮","120.780","24.600","58"
"16","336802","20220615193000","98","0","苗栗縣","後龍鎮","120.755","24.610","16"
"250","336816","20220615193000","419","0","苗栗縣","西湖鄉","120.755","24.560","246"
"382","336818","20220615193000","328","1","苗栗縣","西湖鄉","120.755","24.565","393"
"13","336840","20220615193000","126","0","苗栗縣","苗栗市","120.825","24.560","15"
"56","336841","20220615193000","754","0","苗栗縣","後龍鎮","120.790","24.615","54"
"219","336849","20220615193000","229","0","苗栗縣","後龍鎮","120.735","24.570","224"
"56","336860","20220615193000","46","2","苗栗縣","後龍鎮","120.715","24.585","62"
"64","336867","20220615193000","69","0","苗栗縣","後龍鎮","120.725","24.590","74"
"13","336873","20220615193000","10","2","苗栗縣","後龍鎮","120.725","24.600","32"
"1052","345384","20220615193000","889","1","宜蘭縣","員山鄉","121.730","24.730","1063"
"670","345386","20220615193000","468","2","宜蘭縣","冬山鄉","121.750","24.655","664"
"966","345394","20220615193000","906","1","宜蘭縣","員山鄉","121.725","24.740","1043"
"855","345398","20220615193000","747","1","宜蘭縣","員山鄉","121.725","24.745","929"
"184","345405","20220615193000","169","1","宜蘭縣","員山鄉","121.705","24.730","202"
"274","345413","20220615193000","155","3","宜蘭縣","員山鄉","121.715","24.735","289"
"346","345414","20220615193000","252","2","宜蘭縣","員山鄉","121.720","24.735","341"
"32","345418","20220615193000","475","0","宜蘭縣","宜蘭市","121.760","24.755","38"
"1442","345419","20220615193000","1640","0","宜蘭縣","宜蘭市","121.755","24.755","1359"
"259","345420","20220615193000","233","1","宜蘭縣","員山鄉","121.730","24.710","248"
"705","345431","20220615193000","524","2","宜蘭縣","宜蘭市","121.740","24.725","680"
"66","345442","20220615193000","57","1","宜蘭縣","員山鄉","121.630","24.690","69"
"27","345460","20220615193000","28","0","宜蘭縣","員山鄉","121.645","24.700","27"
"85","345472","20220615193000","85","1","宜蘭縣","員山鄉","121.645","24.705","100"
"83","345493","20220615193000","72","1","宜蘭縣","員山鄉","121.665","24.710","77"
"38","345545","20220615193000","57","0","宜蘭縣","員山鄉","121.680","24.715","50"
"376","345546","20220615193000","297","2","宜蘭縣","員山鄉","121.685","24.715","347"
"395","345550","20220615193000","311","2","宜蘭縣","員山鄉","121.685","24.720","397"
"921","345564","20220615193000","685","2","宜蘭縣","冬山鄉","121.705","24.655","901"
"499","345567","20220615193000","448","1","宜蘭縣","冬山鄉","121.745","24.670","535"
"42","345571","20220615193000","228","0","宜蘭縣","羅東鎮","121.750","24.685","41"
"27","345574","20220615193000","17","3","宜蘭縣","冬山鄉","121.730","24.660","26"
"421","345575","20220615193000","330","2","宜蘭縣","冬山鄉","121.735","24.660","401"
"551","345579","20220615193000","433","2","宜蘭縣","冬山鄉","121.745","24.665","456"
"555","345580","20220615193000","312","3","宜蘭縣","冬山鄉","121.750","24.670","567"
"352","345593","20220615193000","277","2","宜蘭縣","冬山鄉","121.735","24.680","400"
"274","345596","20220615193000","232","1","宜蘭縣","冬山鄉","121.730","24.685","277"
"451","345600","20220615193000","251","3","宜蘭縣","冬山鄉","121.740","24.690","460"
"276","345608","20220615193000","198","2","宜蘭縣","壯圍鄉","121.780","24.725","277"
"719","345621","20220615193000","360","3","宜蘭縣","宜蘭市","121.755","24.765","657"
"202","345623","20220615193000","403","0","宜蘭縣","三星鄉","121.685","24.700","223"
"254","345646","20220615193000","137","3","宜蘭縣","五結鄉","121.775","24.700","247"
"90","345649","20220615193000","187","0","宜蘭縣","五結鄉","121.790","24.700","75"
"405","345652","20220615193000","361","1","宜蘭縣","五結鄉","121.785","24.705","403"
"286","345678","20220615193000","273","1","宜蘭縣","三星鄉","121.675","24.685","268"
"405","345685","20220615193000","345","1","宜蘭縣","三星鄉","121.670","24.690","457"
"47","345695","20220615193000","148","0","宜蘭縣","三星鄉","121.685","24.695","37"
"276","345711","20220615193000","189","2","宜蘭縣","三星鄉","121.630","24.665","272"
"1181","345715","20220615193000","1276","0","宜蘭縣","宜蘭市","121.755","24.760","1161"
"470","345716","20220615193000","381","2","宜蘭縣","三星鄉","121.655","24.670","487"
"1498","345720","20220615193000","1301","1","宜蘭縣","三星鄉","121.650","24.665","1450"
"858","345726","20220615193000","1005","0","宜蘭縣","壯圍鄉","121.815","24.760","862"
"224","345731","20220615193000","207","1","宜蘭縣","大同鄉","121.600","24.675","204"
"189","345738","20220615193000","143","2","宜蘭縣","大同鄉","121.610","24.680","189"
"118","345857","20220615193000","103","1","宜蘭縣","大同鄉","121.580","24.655","117"
"154","345897","20220615193000","121","2","宜蘭縣","大同鄉","121.590","24.665","147"
"26","345918","20220615193000","21","2","宜蘭縣","大同鄉","121.590","24.670","14"
"343","345998","20220615193000","314","1","宜蘭縣","宜蘭市","121.745","24.760","351"
"400","346004","20220615193000","392","1","宜蘭縣","壯圍鄉","121.820","24.725","422"
"518","346010","20220615193000","487","1","宜蘭縣","員山鄉","121.685","24.730","524"
"405","346029","20220615193000","260","3","宜蘭縣","員山鄉","121.705","24.710","390"
"154","346033","20220615193000","150","1","宜蘭縣","員山鄉","121.725","24.710","152"
"1051","346041","20220615193000","828","2","宜蘭縣","員山鄉","121.720","24.725","1113"
"266","346048","20220615193000","214","2","宜蘭縣","員山鄉","121.700","24.745","266"
"20","346150","20220615193000","18","1","宜蘭縣","員山鄉","121.670","24.745","21"
"250","346153","20220615193000","220","1","宜蘭縣","員山鄉","121.685","24.745","284"
"33","346174","20220615193000","22","3","宜蘭縣","員山鄉","121.590","24.755","10"
"32","346184","20220615193000","48","0","宜蘭縣","員山鄉","121.640","24.755","28"
"201","346231","20220615193000","160","2","宜蘭縣","冬山鄉","121.790","24.655","208"
"449","346234","20220615193000","492","0","宜蘭縣","冬山鄉","121.805","24.655","436"
"821","346247","20220615193000","616","2","宜蘭縣","羅東鎮","121.775","24.685","767"
"239","346248","20220615193000","181","2","宜蘭縣","五結鄉","121.775","24.690","251"
"947","346251","20220615193000","851","1","宜蘭縣","五結鄉","121.770","24.695","975"
"393","346252","20220615193000","290","2","宜蘭縣","五結鄉","121.775","24.695","391"
"3572","346254","20220615193000","3244","1","宜蘭縣","羅東鎮","121.770","24.680","3365"
"38","346256","20220615193000","23","3","宜蘭縣","員山鄉","121.720","24.760","34"
"2798","346259","20220615193000","1722","3","宜蘭縣","五結鄉","121.770","24.705","2826"
"1145","346261","20220615193000","831","2","宜蘭縣","五結鄉","121.785","24.685","1162"
"2072","346263","20220615193000","2018","1","宜蘭縣","五結鄉","121.795","24.685","2066"
"1002","346264","20220615193000","803","2","宜蘭縣","五結鄉","121.800","24.685","979"
"1447","346266","20220615193000","1443","1","宜蘭縣","五結鄉","121.795","24.690","1440"
"697","346267","20220615193000","621","1","宜蘭縣","五結鄉","121.795","24.695","705"
"1263","346274","20220615193000","987","2","宜蘭縣","五結鄉","121.820","24.665","1068"
"49","346275","20220615193000","18","3","宜蘭縣","五結鄉","121.825","24.665","56"
"564","346280","20220615193000","421","2","宜蘭縣","五結鄉","121.810","24.675","594"
"128","346281","20220615193000","79","3","宜蘭縣","五結鄉","121.815","24.675","101"
"395","346284","20220615193000","283","2","宜蘭縣","五結鄉","121.815","24.680","435"
"228","346286","20220615193000","181","2","宜蘭縣","五結鄉","121.800","24.680","232"
"347","346292","20220615193000","363","0","宜蘭縣","壯圍鄉","121.795","24.760","352"
"27","346296","20220615193000","21","2","宜蘭縣","三星鄉","121.665","24.675","25"
"249","346360","20220615193000","323","0","宜蘭縣","壯圍鄉","121.815","24.745","284"
"49","346378","20220615193000","30","3","宜蘭縣","壯圍鄉","121.805","24.765","44"
"2710","346379","20220615193000","2254","2","宜蘭縣","宜蘭市","121.750","24.750","2676"
"383","346389","20220615193000","401","0","宜蘭縣","五結鄉","121.810","24.700","390"
"272","346394","20220615193000","251","1","宜蘭縣","五結鄉","121.830","24.675","299"
"418","346399","20220615193000","429","0","宜蘭縣","五結鄉","121.825","24.680","391"
"27","346400","20220615193000","100","0","宜蘭縣","五結鄉","121.830","24.680","43"
"36","346401","20220615193000","25","2","宜蘭縣","五結鄉","121.835","24.680","32"
"56","346403","20220615193000","103","0","宜蘭縣","五結鄉","121.825","24.685","51"
"16","346410","20220615193000","12","2","宜蘭縣","五結鄉","121.835","24.655","15"
"286","346413","20220615193000","271","1","宜蘭縣","五結鄉","121.835","24.660","268"
"229","346416","20220615193000","140","3","宜蘭縣","五結鄉","121.835","24.665","239"
"768","346420","20220615193000","702","1","宜蘭縣","五結鄉","121.795","24.680","770"
"793","346421","20220615193000","569","2","宜蘭縣","五結鄉","121.800","24.675","753"
"739","346423","20220615193000","397","3","宜蘭縣","五結鄉","121.785","24.680","738"
"703","346429","20220615193000","481","2","宜蘭縣","冬山鄉","121.775","24.660","696"
"258","346430","20220615193000","392","0","宜蘭縣","冬山鄉","121.770","24.665","240"
"482","346431","20220615193000","634","0","宜蘭縣","宜蘭市","121.745","24.755","509"
"577","346436","20220615193000","647","0","宜蘭縣","宜蘭市","121.750","24.740","946"
"1311","346437","20220615193000","1037","2","宜蘭縣","宜蘭市","121.750","24.760","1261"
"51","346440","20220615193000","132","0","宜蘭縣","冬山鄉","121.765","24.665","51"
"283","346442","20220615193000","210","2","宜蘭縣","冬山鄉","121.780","24.660","302"
"471","346443","20220615193000","367","2","宜蘭縣","冬山鄉","121.785","24.660","459"
"165","346456","20220615193000","251","0","宜蘭縣","宜蘭市","121.770","24.720","149"
"907","346457","20220615193000","774","1","宜蘭縣","宜蘭市","121.760","24.720","881"
"193","346458","20220615193000","168","1","宜蘭縣","宜蘭市","121.765","24.720","194"
"137","346461","20220615193000","203","0","宜蘭縣","五結鄉","121.820","24.695","130"
"221","346470","20220615193000","168","2","宜蘭縣","五結鄉","121.810","24.705","181"
"495","346472","20220615193000","266","3","宜蘭縣","五結鄉","121.820","24.705","463"
"225","346534","20220615193000","212","1","宜蘭縣","三星鄉","121.680","24.665","214"
"304","346538","20220615193000","255","1","宜蘭縣","三星鄉","121.680","24.670","312"
"424","346540","20220615193000","510","0","宜蘭縣","宜蘭市","121.740","24.760","378"
"259","346545","20220615193000","748","0","宜蘭縣","員山鄉","121.710","24.750","275"
"347","346553","20220615193000","263","2","宜蘭縣","員山鄉","121.715","24.760","368"
"667","346555","20220615193000","450","2","宜蘭縣","羅東鎮","121.765","24.690","639"
"630","346556","20220615193000","756","0","宜蘭縣","五結鄉","121.770","24.690","663"
"337","346558","20220615193000","262","2","宜蘭縣","壯圍鄉","121.800","24.730","356"
"1876","346566","20220615193000","1268","2","宜蘭縣","壯圍鄉","121.785","24.745","1925"
"337","346572","20220615193000","351","0","宜蘭縣","三星鄉","121.690","24.680","347"
"109","346599","20220615193000","285","0","宜蘭縣","三星鄉","121.700","24.665","134"
"613","346607","20220615193000","507","2","宜蘭縣","三星鄉","121.710","24.670","680"
"632","346608","20220615193000","534","1","宜蘭縣","三星鄉","121.715","24.670","663"
"308","346611","20220615193000","225","2","宜蘭縣","冬山鄉","121.730","24.670","285"
"599","346626","20220615193000","741","0","宜蘭縣","員山鄉","121.725","24.765","575"
"2496","346628","20220615193000","3967","0","宜蘭縣","羅東鎮","121.770","24.675","2270"
"3461","346629","20220615193000","3159","1","宜蘭縣","羅東鎮","121.760","24.680","3417"
"2817","346630","20220615193000","2470","1","宜蘭縣","羅東鎮","121.760","24.675","2668"
"375","346634","20220615193000","196","3","宜蘭縣","宜蘭市","121.775","24.735","372"
"734","346635","20220615193000","894","0","宜蘭縣","宜蘭市","121.765","24.740","753"
"1395","346642","20220615193000","1359","1","宜蘭縣","宜蘭市","121.770","24.750","1426"
"29","346652","20220615193000","93","0","宜蘭縣","壯圍鄉","121.805","24.720","22"
"2828","346668","20220615193000","1994","2","宜蘭縣","宜蘭市","121.750","24.755","2841"
"850","346672","20220615193000","875","0","宜蘭縣","冬山鄉","121.770","24.655","859"
"1205","346673","20220615193000","1226","0","宜蘭縣","冬山鄉","121.755","24.660","1014"
"519","346674","20220615193000","486","1","宜蘭縣","冬山鄉","121.760","24.660","492"
"677","346675","20220615193000","458","2","宜蘭縣","冬山鄉","121.765","24.660","671"
"1295","346678","20220615193000","1288","1","宜蘭縣","羅東鎮","121.780","24.675","1300"
"525","346684","20220615193000","633","0","宜蘭縣","宜蘭市","121.770","24.725","513"
"479","346685","20220615193000","372","2","宜蘭縣","宜蘭市","121.765","24.725","438"
"2440","346692","20220615193000","2764","0","宜蘭縣","宜蘭市","121.755","24.745","2433"
"532","346698","20220615193000","273","3","宜蘭縣","三星鄉","121.725","24.690","528"
"630","346702","20220615193000","525","2","宜蘭縣","三星鄉","121.730","24.695","645"
"635","346710","20220615193000","627","1","宜蘭縣","羅東鎮","121.755","24.670","633"
"993","346712","20220615193000","880","1","宜蘭縣","羅東鎮","121.765","24.670","947"
"745","346713","20220615193000","581","2","宜蘭縣","五結鄉","121.800","24.690","773"
"1008","346714","20220615193000","863","1","宜蘭縣","五結鄉","121.800","24.695","1040"
"421","346718","20220615193000","344","2","宜蘭縣","五結鄉","121.790","24.705","464"
"263","346731","20220615193000","185","2","宜蘭縣","三星鄉","121.745","24.700","265"
"2424","346739","20220615193000","1846","2","新竹縣","竹東鎮","121.100","24.720","2534"
"162","346747","20220615193000","217","0","新竹縣","竹東鎮","121.035","24.760","168"
"2829","346754","20220615193000","1633","3","新竹縣","竹東鎮","121.090","24.745","2876"
"709","346790","20220615193000","659","1","新竹市","香山區","120.955","24.750","808"
"95","346791","20220615193000","144","0","新竹市","香山區","120.940","24.755","92"
"206","346792","20220615193000","133","3","新竹市","香山區","120.945","24.755","212"
"872","346793","20220615193000","1451","0","新竹市","香山區","120.950","24.755","879"
"151","346794","20220615193000","79","3","新竹市","香山區","120.920","24.720","169"
"559","346797","20220615193000","562","0","新竹市","香山區","120.915","24.730","620"
"265","346804","20220615193000","236","1","新竹市","香山區","120.915","24.735","256"
"503","346806","20220615193000","817","0","新竹市","香山區","120.915","24.740","553"
"1201","346812","20220615193000","657","3","新竹市","香山區","120.910","24.745","1209"
"154","346817","20220615193000","155","0","新竹市","香山區","120.880","24.735","129"
"29","346819","20220615193000","16","3","新竹市","香山區","120.890","24.735","20"
"332","346825","20220615193000","394","0","新竹市","香山區","120.895","24.740","325"
"100","346835","20220615193000","56","3","新竹市","香山區","120.925","24.715","104"
"148","346841","20220615193000","82","3","新竹市","香山區","120.930","24.725","143"
"114","346860","20220615193000","130","0","新竹縣","關西鎮","121.210","24.760","120"
"33","346863","20220615193000","35","0","新竹縣","關西鎮","121.225","24.760","35"
"54","346867","20220615193000","78","0","新竹縣","關西鎮","121.215","24.765","52"
"127","346868","20220615193000","83","3","新竹縣","關西鎮","121.220","24.765","121"
"108","346896","20220615193000","78","2","新竹縣","關西鎮","121.240","24.765","102"
"225","346907","20220615193000","127","3","新竹縣","關西鎮","121.230","24.770","232"
"3329","346918","20220615193000","3698","0","新竹市","東區","121.020","24.760","3226"
"143","346919","20220615193000","261","0","新竹市","東區","121.025","24.760","130"
"1450","346920","20220615193000","1618","0","新竹市","東區","121.020","24.765","1450"
"2162","346921","20220615193000","2147","1","新竹市","東區","121.025","24.765","2278"
"18212","346922","20220615193000","17602","1","新竹市","東區","121.015","24.770","17933"
"2892","346923","20220615193000","3976","0","新竹市","東區","121.020","24.770","2902"
"1632","346924","20220615193000","2318","0","新竹市","東區","121.025","24.770","1569"
"328","346931","20220615193000","781","0","新竹縣","竹東鎮","121.090","24.735","270"
"617","346936","20220615193000","377","3","新竹縣","橫山鄉","121.100","24.710","572"
"704","346937","20220615193000","509","2","新竹縣","竹東鎮","121.100","24.715","737"
"399","346949","20220615193000","459","0","新竹縣","橫山鄉","121.180","24.705","373"
"216","346961","20220615193000","234","0","新竹縣","橫山鄉","121.165","24.710","192"
"176","346964","20220615193000","239","0","新竹縣","橫山鄉","121.150","24.715","184"
"839","347497","20220615193000","797","1","新竹市","東區","120.975","24.765","944"
"688","347498","20220615193000","296","3","新竹市","東區","120.980","24.765","718"
"303","347499","20220615193000","259","1","新竹市","東區","120.970","24.770","326"
"1751","347500","20220615193000","1348","2","新竹市","東區","120.975","24.770","1708"
"395","347505","20220615193000","223","3","新竹市","東區","120.965","24.765","396"
"794","347506","20220615193000","1115","0","新竹市","東區","120.970","24.765","838"
"75","347507","20220615193000","43","3","新竹市","東區","120.965","24.770","65"
"1134","347508","20220615193000","1125","1","新竹縣","竹東鎮","121.085","24.735","1178"
"343","347515","20220615193000","386","0","新竹縣","竹東鎮","121.075","24.725","341"
"388","347520","20220615193000","333","1","新竹縣","竹東鎮","121.090","24.730","434"
"1495","347521","20220615193000","1007","2","新竹縣","竹東鎮","121.085","24.740","1433"
"1047","347522","20220615193000","648","3","新竹縣","竹東鎮","121.100","24.745","970"
"439","347533","20220615193000","589","0","新竹縣","芎林鄉","121.125","24.725","472"
"19","347535","20220615193000","11","3","新竹縣","芎林鄉","121.120","24.730","14"
"303","347538","20220615193000","296","1","新竹縣","芎林鄉","121.120","24.735","320"
"276","347547","20220615193000","307","0","新竹縣","芎林鄉","121.135","24.745","277"
"47","347555","20220615193000","35","2","新竹縣","芎林鄉","121.140","24.750","51"
"93","347573","20220615193000","69","2","新竹縣","關西鎮","121.185","24.755","94"
"23","347621","20220615193000","30","0","新竹縣","關西鎮","121.195","24.750","22"
"30","347630","20220615193000","19","3","新竹縣","關西鎮","121.205","24.755","30"
"35","347640","20220615193000","74","0","新竹縣","關西鎮","121.180","24.745","32"
"50","347650","20220615193000","34","2","新竹縣","關西鎮","121.170","24.755","41"
"111","347665","20220615193000","55","3","新竹縣","關西鎮","121.170","24.765","132"
"159","347670","20220615193000","187","0","新竹縣","關西鎮","121.170","24.770","172"
"3445","347702","20220615193000","2713","2","新竹縣","竹東鎮","121.090","24.740","3277"
"271","347705","20220615193000","181","2","新竹縣","竹東鎮","121.100","24.695","257"
"1426","347714","20220615193000","1188","2","新竹縣","竹東鎮","121.050","24.770","1403"
"172","347720","20220615193000","128","2","新竹縣","寶山鄉","121.030","24.735","174"
"39","347723","20220615193000","94","0","新竹縣","寶山鄉","121.020","24.740","32"
"165","347740","20220615193000","145","1","新竹縣","寶山鄉","121.030","24.750","190"
"13","347750","20220615193000","10","2","新竹縣","寶山鄉","120.970","24.715","13"
"100","347774","20220615193000","90","1","新竹縣","寶山鄉","121.050","24.730","103"
"118","347788","20220615193000","90","2","新竹縣","寶山鄉","121.040","24.745","105"
"89","347794","20220615193000","84","1","新竹縣","寶山鄉","121.045","24.745","105"
"21","347799","20220615193000","15","2","新竹縣","寶山鄉","121.050","24.750","20"
"191","347805","20220615193000","274","0","新竹縣","寶山鄉","120.960","24.725","185"
"128","347806","20220615193000","99","2","新竹縣","寶山鄉","120.965","24.725","162"
"28","347808","20220615193000","30","0","新竹縣","寶山鄉","120.975","24.725","32"
"202","347809","20220615193000","184","1","新竹縣","寶山鄉","120.980","24.725","210"
"215","347812","20220615193000","134","3","新竹縣","寶山鄉","120.965","24.730","207"
"19","347817","20220615193000","11","3","新竹縣","寶山鄉","120.965","24.735","12"
"13","347818","20220615193000","77","0","新竹縣","寶山鄉","120.970","24.735","28"
"49","347821","20220615193000","41","1","新竹縣","寶山鄉","120.985","24.735","52"
"158","347823","20220615193000","87","3","新竹縣","寶山鄉","120.970","24.740","150"
"137","347832","20220615193000","76","3","新竹縣","寶山鄉","120.980","24.745","139"
"175","347835","20220615193000","128","2","新竹縣","寶山鄉","120.980","24.755","194"
"76","347842","20220615193000","99","0","新竹縣","寶山鄉","121.000","24.715","69"
"111","347845","20220615193000","70","3","新竹縣","寶山鄉","121.015","24.715","125"
"608","347878","20220615193000","431","2","新竹縣","寶山鄉","120.940","24.725","585"
"57","347882","20220615193000","38","3","新竹縣","寶山鄉","120.945","24.740","54"
"130","347889","20220615193000","118","1","新竹縣","寶山鄉","120.960","24.745","153"
"82","347900","20220615193000","49","3","新竹縣","北埔鄉","121.055","24.670","70"
"1359","347925","20220615193000","1364","0","新竹縣","北埔鄉","121.055","24.695","1357"
"160","347926","20220615193000","103","3","新竹縣","北埔鄉","121.045","24.700","175"
"349","347927","20220615193000","209","3","新竹縣","北埔鄉","121.050","24.700","352"
"51","347930","20220615193000","29","3","新竹縣","北埔鄉","121.045","24.705","49"
"31","347931","20220615193000","51","0","新竹縣","北埔鄉","121.050","24.705","28"
"71","347934","20220615193000","48","2","新竹縣","北埔鄉","121.045","24.715","82"
"297","347949","20220615193000","245","2","新竹縣","北埔鄉","121.065","24.675","297"
"422","347958","20220615193000","410","1","新竹縣","橫山鄉","121.130","24.725","435"
"300","347972","20220615193000","156","3","新竹縣","橫山鄉","121.140","24.715","276"
"387","347976","20220615193000","423","0","新竹縣","橫山鄉","121.140","24.720","402"
"39","347986","20220615193000","33","1","新竹縣","橫山鄉","121.130","24.700","28"
"80","347995","20220615193000","178","0","新竹縣","橫山鄉","121.115","24.710","104"
"358","348000","20220615193000","494","0","新竹縣","橫山鄉","121.110","24.715","439"
"101","348001","20220615193000","117","0","新竹縣","橫山鄉","121.115","24.715","111"
"71","348003","20220615193000","60","1","新竹縣","橫山鄉","121.125","24.715","70"
"218","348006","20220615193000","178","2","新竹縣","橫山鄉","121.115","24.720","214"
"414","348007","20220615193000","434","0","新竹縣","橫山鄉","121.120","24.720","449"
"102","348008","20220615193000","63","3","新竹縣","橫山鄉","121.125","24.720","111"
"326","348022","20220615193000","287","1","新竹縣","橫山鄉","121.160","24.740","340"
"129","348032","20220615193000","76","3","新竹縣","橫山鄉","121.165","24.745","132"
"59","348040","20220615193000","47","2","新竹縣","橫山鄉","121.105","24.680","52"
"48","348074","20220615193000","61","0","新竹縣","橫山鄉","121.165","24.730","54"
"28","348081","20220615193000","14","3","新竹縣","橫山鄉","121.170","24.735","28"
"24","348083","20220615193000","25","0","新竹縣","橫山鄉","121.180","24.735","23"
"14","348089","20220615193000","15","0","新竹縣","關西鎮","121.185","24.740","14"
"260","348136","20220615193000","127","3","新竹縣","橫山鄉","121.140","24.700","239"
"1292","348137","20220615193000","1056","2","新竹縣","竹東鎮","121.095","24.735","1266"
"1649","348138","20220615193000","1320","2","新竹縣","竹東鎮","121.100","24.735","1761"
"42","348144","20220615193000","32","2","新竹縣","芎林鄉","121.110","24.770","48"
"755","348163","20220615193000","860","0","新竹縣","芎林鄉","121.085","24.765","768"
"24","348164","20220615193000","24","1","新竹縣","芎林鄉","121.085","24.770","23"
"371","348165","20220615193000","301","2","新竹縣","芎林鄉","121.095","24.760","367"
"73","348190","20220615193000","68","1","新竹縣","芎林鄉","121.125","24.755","79"
"393","348207","20220615193000","270","2","新竹縣","寶山鄉","120.985","24.750","359"
"233","348212","20220615193000","245","0","新竹縣","寶山鄉","120.995","24.755","266"
"1370","348213","20220615193000","1416","0","新竹縣","寶山鄉","120.985","24.760","1388"
"723","348217","20220615193000","854","0","新竹縣","寶山鄉","120.990","24.765","652"
"206","348225","20220615193000","214","0","新竹縣","尖石鄉","121.200","24.705","195"
"82","348272","20220615193000","65","2","新竹縣","尖石鄉","121.225","24.730","60"
"73","348276","20220615193000","51","2","新竹縣","尖石鄉","121.245","24.730","85"
"40","348320","20220615193000","38","1","新竹縣","尖石鄉","121.260","24.705","39"
"137","348345","20220615193000","101","2","新竹縣","尖石鄉","121.270","24.715","121"
"119","348353","20220615193000","89","2","新竹縣","尖石鄉","121.250","24.720","127"
"104","348419","20220615193000","100","1","新竹縣","尖石鄉","121.265","24.745","90"
"34","348461","20220615193000","23","2","新竹縣","尖石鄉","121.185","24.665","39"
"55","348468","20220615193000","33","3","新竹縣","尖石鄉","121.195","24.670","64"
"33","348469","20220615193000","20","3","新竹縣","尖石鄉","121.200","24.670","30"
"102","348470","20220615193000","95","1","新竹縣","尖石鄉","121.205","24.670","91"
"27","348485","20220615193000","21","2","新竹縣","尖石鄉","121.300","24.655","28"
"101","348506","20220615193000","60","3","新竹縣","尖石鄉","121.350","24.660","93"
"47","348549","20220615193000","37","2","新竹縣","尖石鄉","121.310","24.685","44"
"202","348577","20220615193000","140","2","新竹縣","尖石鄉","121.280","24.665","166"
"138","348584","20220615193000","140","0","新竹縣","五峰鄉","121.150","24.670","126"
"32","348599","20220615193000","19","3","新竹縣","尖石鄉","121.170","24.680","27"
"80","348600","20220615193000","82","0","新竹縣","尖石鄉","121.175","24.680","49"
"28","348708","20220615193000","16","3","新竹縣","尖石鄉","121.235","24.680","17"
"173","348711","20220615193000","86","3","新竹縣","尖石鄉","121.250","24.680","194"
"78","348720","20220615193000","156","0","新竹縣","尖石鄉","121.220","24.685","71"
"11","348736","20220615193000","34","0","新竹縣","尖石鄉","121.220","24.690","11"
"316","348785","20220615193000","170","3","新竹縣","尖石鄉","121.220","24.705","320"
"52","348819","20220615193000","29","3","新竹縣","峨眉鄉","121.035","24.695","46"
"177","348820","20220615193000","113","3","新竹縣","北埔鄉","121.040","24.695","166"
"84","348822","20220615193000","101","0","新竹縣","峨眉鄉","121.035","24.700","87"
"91","348831","20220615193000","54","3","新竹縣","峨眉鄉","120.985","24.685","94"
"41","348834","20220615193000","30","2","新竹縣","峨眉鄉","120.970","24.690","43"
"125","348838","20220615193000","109","1","新竹縣","峨眉鄉","120.990","24.690","142"
"72","348845","20220615193000","64","1","新竹縣","峨眉鄉","120.985","24.700","67"
"56","348851","20220615193000","38","2","新竹縣","峨眉鄉","120.990","24.705","27"
"415","348861","20220615193000","375","1","新竹縣","峨眉鄉","121.025","24.685","408"
"261","348863","20220615193000","196","2","新竹縣","峨眉鄉","121.020","24.690","261"
"127","348870","20220615193000","113","1","新竹縣","北埔鄉","121.055","24.685","119"
"156","348889","20220615193000","128","2","新竹縣","北埔鄉","121.090","24.690","183"
"83","348892","20220615193000","53","3","新竹縣","北埔鄉","121.070","24.695","80"
"559","348909","20220615193000","596","0","新竹縣","北埔鄉","121.060","24.700","533"
"36","348910","20220615193000","59","0","新竹縣","北埔鄉","121.065","24.700","35"
"21","348919","20220615193000","17","2","新竹縣","北埔鄉","121.060","24.710","20"
"24","348944","20220615193000","17","2","新竹縣","寶山鄉","121.000","24.720","22"
"131","348947","20220615193000","85","3","新竹縣","寶山鄉","121.000","24.725","137"
"45","348952","20220615193000","36","2","新竹縣","寶山鄉","121.005","24.730","37"
"358","348957","20220615193000","272","2","新竹縣","寶山鄉","120.990","24.740","354"
"77","348958","20220615193000","41","3","新竹縣","寶山鄉","120.995","24.740","75"
"29","348968","20220615193000","186","0","新竹縣","寶山鄉","120.990","24.745","30"
"54","348969","20220615193000","65","0","新竹縣","寶山鄉","121.005","24.745","56"
"748","348971","20220615193000","1093","0","新竹縣","寶山鄉","121.005","24.750","720"
"641","348978","20220615193000","389","3","新竹縣","寶山鄉","121.020","24.755","661"
"314","348983","20220615193000","527","0","新竹縣","寶山鄉","121.000","24.765","355"
"1628","348986","20220615193000","3805","0","新竹縣","寶山鄉","121.015","24.765","1719"
"1317","348987","20220615193000","2468","0","新竹縣","寶山鄉","121.000","24.770","1281"
"240","348988","20220615193000","124","3","新竹縣","寶山鄉","121.005","24.770","188"
"366","348989","20220615193000","1464","0","新竹縣","寶山鄉","121.010","24.770","364"
"77","348993","20220615193000","51","3","新竹縣","峨眉鄉","120.990","24.665","66"
"26","349000","20220615193000","17","3","新竹縣","峨眉鄉","120.995","24.670","26"
"70","349005","20220615193000","31","3","新竹縣","峨眉鄉","120.985","24.675","73"
"88","349012","20220615193000","90","0","新竹縣","峨眉鄉","120.990","24.680","91"
"167","349031","20220615193000","107","3","新竹縣","峨眉鄉","121.000","24.700","136"
"1124","349060","20220615193000","856","2","新竹縣","竹東鎮","121.060","24.750","1171"
"240","349062","20220615193000","164","2","新竹縣","竹東鎮","121.070","24.750","268"
"889","349066","20220615193000","1049","0","新竹縣","竹東鎮","121.070","24.755","895"
"1709","349070","20220615193000","1607","1","新竹縣","竹東鎮","121.065","24.760","1720"
"4398","349073","20220615193000","3178","2","新竹縣","竹東鎮","121.060","24.765","4721"
"225","349074","20220615193000","81","3","新竹縣","竹東鎮","121.065","24.765","162"
"163","349079","20220615193000","116","2","新竹縣","竹東鎮","121.120","24.660","157"
"381","349087","20220615193000","221","3","新竹縣","竹東鎮","121.090","24.720","334"
"1888","349088","20220615193000","2045","0","新竹縣","竹東鎮","121.095","24.720","2030"
"2677","349089","20220615193000","2123","2","新竹縣","竹東鎮","121.090","24.725","2644"
"692","349090","20220615193000","711","0","新竹縣","竹東鎮","121.095","24.725","690"
"1873","349092","20220615193000","1529","2","新竹縣","竹東鎮","121.095","24.730","1864"
"336","349094","20220615193000","327","1","新竹縣","竹東鎮","121.105","24.730","377"
"315","349096","20220615193000","507","0","新竹縣","竹東鎮","121.055","24.755","360"
"324","349099","20220615193000","455","0","新竹縣","竹東鎮","121.045","24.765","330"
"723","349103","20220615193000","865","0","新竹縣","竹東鎮","121.060","24.770","694"
"644","349105","20220615193000","552","1","新竹縣","竹東鎮","121.080","24.735","687"
"143","349109","20220615193000","70","3","新竹縣","竹東鎮","121.080","24.740","150"
"92","349110","20220615193000","56","3","新竹縣","竹東鎮","121.075","24.745","95"
"926","349113","20220615193000","1234","0","新竹縣","竹東鎮","121.080","24.745","942"
"1640","349114","20220615193000","1796","0","新竹縣","竹東鎮","121.085","24.745","1750"
"309","349115","20220615193000","221","2","新竹縣","竹東鎮","121.080","24.750","358"
"674","349118","20220615193000","555","2","宜蘭縣","宜蘭市","121.780","24.750","677"
"882","349120","20220615193000","828","1","宜蘭縣","宜蘭市","121.765","24.755","1104"
"545","349124","20220615193000","885","0","宜蘭縣","宜蘭市","121.765","24.760","587"
"405","349125","20220615193000","363","1","宜蘭縣","宜蘭市","121.770","24.760","416"
"109","349130","20220615193000","132","0","宜蘭縣","宜蘭市","121.760","24.725","95"
"548","349131","20220615193000","449","2","宜蘭縣","宜蘭市","121.755","24.730","551"
"72","349132","20220615193000","48","3","宜蘭縣","宜蘭市","121.760","24.730","84"
"727","349136","20220615193000","849","0","宜蘭縣","宜蘭市","121.755","24.740","714"
"415","349139","20220615193000","652","0","宜蘭縣","宜蘭市","121.735","24.755","373"
"1072","349140","20220615193000","846","2","宜蘭縣","宜蘭市","121.740","24.755","1119"
"34","349143","20220615193000","51","0","宜蘭縣","羅東鎮","121.755","24.680","30"
"2405","349144","20220615193000","1958","2","宜蘭縣","羅東鎮","121.775","24.680","2292"
"1664","349145","20220615193000","1433","1","宜蘭縣","羅東鎮","121.775","24.675","1662"
"856","349146","20220615193000","906","0","宜蘭縣","羅東鎮","121.750","24.675","910"
"639","349147","20220615193000","659","0","宜蘭縣","羅東鎮","121.770","24.685","673"
"380","349149","20220615193000","229","3","宜蘭縣","羅東鎮","121.750","24.680","370"
"260","349158","20220615193000","113","3","新竹市","香山區","120.930","24.745","254"
"102","349160","20220615193000","76","2","新竹市","香山區","120.925","24.750","96"
"416","349162","20220615193000","288","2","新竹市","香山區","120.915","24.760","453"
"876","349166","20220615193000","1140","0","新竹市","香山區","120.915","24.765","926"
"105","349176","20220615193000","198","0","新竹市","香山區","120.955","24.760","91"
"103","349177","20220615193000","162","0","新竹市","東區","120.960","24.760","105"
"1121","349183","20220615193000","737","3","新竹市","香山區","120.955","24.770","1182"
"367","349184","20220615193000","410","0","新竹市","香山區","120.960","24.770","327"
"126","349186","20220615193000","37","3","新竹市","香山區","120.910","24.755","85"
"17","349189","20220615193000","19","0","新竹市","香山區","120.925","24.755","16"
"17","349194","20220615193000","46","0","新竹市","香山區","120.905","24.760","17"
"334","349196","20220615193000","229","2","新竹市","香山區","120.920","24.760","322"
"79","349198","20220615193000","71","1","新竹市","香山區","120.930","24.760","92"
"118","349199","20220615193000","31","3","新竹市","香山區","120.935","24.760","108"
"99","349203","20220615193000","120","0","宜蘭縣","宜蘭市","121.765","24.745","113"
"1270","349204","20220615193000","1354","0","宜蘭縣","宜蘭市","121.760","24.750","1274"
"1007","349205","20220615193000","1017","0","宜蘭縣","宜蘭市","121.765","24.750","959"
"1991","349206","20220615193000","1772","1","宜蘭縣","羅東鎮","121.775","24.670","2038"
"1289","349207","20220615193000","1096","1","宜蘭縣","羅東鎮","121.755","24.675","1207"
"174","349208","20220615193000","257","0","宜蘭縣","羅東鎮","121.755","24.690","144"
"114","349210","20220615193000","149","0","宜蘭縣","羅東鎮","121.755","24.695","101"
"760","349211","20220615193000","765","0","宜蘭縣","羅東鎮","121.760","24.695","820"
"1033","349214","20220615193000","1819","0","宜蘭縣","羅東鎮","121.770","24.670","1051"
"543","349216","20220615193000","517","1","宜蘭縣","羅東鎮","121.800","24.665","535"
"1144","349222","20220615193000","659","3","宜蘭縣","羅東鎮","121.795","24.675","1162"
"685","349224","20220615193000","875","0","宜蘭縣","羅東鎮","121.785","24.675","671"
"3205","349225","20220615193000","2140","2","宜蘭縣","羅東鎮","121.780","24.680","3132"
"1394","349227","20220615193000","1692","0","宜蘭縣","宜蘭市","121.750","24.745","1684"
"1015","349228","20220615193000","921","1","宜蘭縣","員山鄉","121.735","24.745","1082"
"2132","349229","20220615193000","2816","0","宜蘭縣","宜蘭市","121.740","24.745","2024"
"1827","349230","20220615193000","1751","1","宜蘭縣","宜蘭市","121.745","24.745","1774"
"548","349231","20220615193000","563","0","宜蘭縣","宜蘭市","121.730","24.750","539"
"1516","349232","20220615193000","1783","0","宜蘭縣","宜蘭市","121.735","24.750","1488"
"1519","349234","20220615193000","1768","0","宜蘭縣","羅東鎮","121.765","24.675","1551"
"980","349235","20220615193000","773","2","宜蘭縣","宜蘭市","121.760","24.760","978"
"957","349236","20220615193000","651","2","宜蘭縣","宜蘭市","121.750","24.765","889"
"655","349237","20220615193000","518","2","宜蘭縣","宜蘭市","121.745","24.750","636"
"526","349238","20220615193000","585","0","宜蘭縣","宜蘭市","121.760","24.765","519"
"770","349240","20220615193000","504","3","宜蘭縣","羅東鎮","121.755","24.685","788"
"49","349242","20220615193000","58","0","宜蘭縣","羅東鎮","121.765","24.685","45"
"21","349296","20220615193000","27","0","桃園市","復興區","121.350","24.760","27"
"43","349304","20220615193000","34","2","桃園市","復興區","121.360","24.770","35"
"91","349422","20220615193000","64","2","桃園市","復興區","121.390","24.660","66"
"23","349482","20220615193000","27","0","桃園市","復興區","121.385","24.680","27"
"183","349502","20220615193000","140","2","桃園市","復興區","121.395","24.685","246"
"282","349582","20220615193000","122","3","桃園市","復興區","121.410","24.705","196"
"14","349676","20220615193000","14","1","桃園市","復興區","121.350","24.705","26"
"64","349762","20220615193000","42","3","桃園市","復興區","121.345","24.725","64"
"18","349769","20220615193000","13","2","桃園市","復興區","121.380","24.725","18"
"13","349794","20220615193000","10","2","桃園市","復興區","121.375","24.730","13"
"16","349865","20220615193000","19","0","桃園市","復興區","121.365","24.740","33"
"147","349883","20220615193000","122","2","新竹市","香山區","120.940","24.760","164"
"291","349889","20220615193000","175","3","新竹市","香山區","120.935","24.770","340"
"292","349896","20220615193000","227","2","新竹市","香山區","120.905","24.750","299"
"574","349897","20220615193000","290","3","新竹市","香山區","120.910","24.750","551"
"1579","349904","20220615193000","2046","0","新竹縣","竹東鎮","121.030","24.770","1477"
"57","349937","20220615193000","52","1","桃園市","復興區","121.365","24.675","73"
"25","349983","20220615193000","114","0","苗栗縣","三灣鄉","120.965","24.665","31"
"299","349985","20220615193000","230","2","苗栗縣","三灣鄉","120.975","24.665","303"
"180","350003","20220615193000","213","0","苗栗縣","三灣鄉","120.950","24.670","186"
"216","350012","20220615193000","125","3","苗栗縣","頭份鎮","120.955","24.680","206"
"513","350014","20220615193000","268","3","苗栗縣","頭份鎮","120.965","24.680","479"
"70","350017","20220615193000","307","0","苗栗縣","頭份鎮","120.960","24.685","83"
"362","350018","20220615193000","241","3","苗栗縣","頭份鎮","120.965","24.685","370"
"143","350019","20220615193000","111","2","苗栗縣","竹南鎮","120.880","24.680","135"
"2977","350021","20220615193000","2267","2","苗栗縣","竹南鎮","120.885","24.685","3196"
"17","350023","20220615193000","22","0","苗栗縣","頭份鎮","120.925","24.690","23"
"1083","350024","20220615193000","724","2","苗栗縣","頭份鎮","120.930","24.690","1146"
"352","350031","20220615193000","273","2","苗栗縣","頭份鎮","120.920","24.665","373"
"81","350036","20220615193000","383","0","苗栗縣","頭份鎮","120.920","24.670","73"
"432","350042","20220615193000","327","2","苗栗縣","頭份鎮","120.925","24.675","282"
"60","350052","20220615193000","165","0","苗栗縣","後龍鎮","120.820","24.660","65"
"440","350068","20220615193000","299","2","苗栗縣","頭份鎮","120.910","24.690","450"
"866","350073","20220615193000","603","2","苗栗縣","竹南鎮","120.885","24.695","849"
"894","350075","20220615193000","551","3","苗栗縣","頭份鎮","120.890","24.695","929"
"1683","350077","20220615193000","1233","2","苗栗縣","頭份鎮","120.910","24.695","1627"
"1027","350078","20220615193000","760","2","苗栗縣","頭份鎮","120.910","24.700","991"
"634","350080","20220615193000","506","2","苗栗縣","頭份鎮","120.940","24.680","629"
"158","350082","20220615193000","240","0","苗栗縣","頭份鎮","120.950","24.680","170"
"607","350085","20220615193000","554","1","苗栗縣","頭份鎮","120.925","24.685","661"
"463","350087","20220615193000","398","1","苗栗縣","頭份鎮","120.935","24.685","424"
"1756","350090","20220615193000","1188","2","苗栗縣","頭份鎮","120.895","24.690","1866"
"1842","350091","20220615193000","2807","0","苗栗縣","頭份鎮","120.905","24.690","1949"
"844","350092","20220615193000","1349","0","苗栗縣","頭份鎮","120.905","24.685","852"
"148","350095","20220615193000","289","0","苗栗縣","頭份鎮","120.945","24.690","178"
"37","350102","20220615193000","172","0","苗栗縣","頭份鎮","120.935","24.700","41"
"41","350103","20220615193000","340","0","苗栗縣","頭份鎮","120.940","24.695","42"
"149","350109","20220615193000","136","1","苗栗縣","頭份鎮","120.940","24.700","134"
"160","350110","20220615193000","259","0","苗栗縣","頭份鎮","120.945","24.700","193"
"737","350112","20220615193000","542","2","苗栗縣","頭份鎮","120.930","24.705","794"
"327","350117","20220615193000","197","3","苗栗縣","頭份鎮","120.935","24.710","328"
"596","350118","20220615193000","514","1","苗栗縣","頭份鎮","120.885","24.665","587"
"37","350124","20220615193000","318","0","苗栗縣","頭份鎮","120.885","24.675","48"
"370","350127","20220615193000","454","0","苗栗縣","頭份鎮","120.905","24.700","394"
"900","350128","20220615193000","1353","0","苗栗縣","頭份鎮","120.900","24.695","900"
"1086","350129","20220615193000","907","1","苗栗縣","頭份鎮","120.905","24.695","1118"
"215","350131","20220615193000","509","0","苗栗縣","頭份鎮","120.915","24.690","197"
"1278","350132","20220615193000","1452","0","苗栗縣","頭份鎮","120.915","24.695","1205"
"27","350142","20220615193000","34","0","苗栗縣","頭份鎮","120.915","24.665","21"
"75","350146","20220615193000","421","0","苗栗縣","頭份鎮","120.915","24.670","79"
"866","350150","20220615193000","659","2","苗栗縣","竹南鎮","120.860","24.695","881"
"812","350151","20220615193000","484","3","苗栗縣","竹南鎮","120.865","24.695","797"
"220","350154","20220615193000","673","0","苗栗縣","竹南鎮","120.870","24.695","237"
"151","350155","20220615193000","560","0","苗栗縣","竹南鎮","120.880","24.695","143"
"366","350156","20220615193000","289","2","苗栗縣","竹南鎮","120.865","24.680","340"
"469","350157","20220615193000","644","0","苗栗縣","竹南鎮","120.910","24.710","557"
"737","350159","20220615193000","762","0","苗栗縣","竹南鎮","120.920","24.705","756"
"809","350160","20220615193000","1203","0","苗栗縣","頭份鎮","120.925","24.705","823"
"268","350161","20220615193000","211","2","苗栗縣","竹南鎮","120.915","24.705","244"
"1777","350162","20220615193000","1652","1","苗栗縣","竹南鎮","120.915","24.710","1629"
"459","350163","20220615193000","426","1","苗栗縣","竹南鎮","120.920","24.710","471"
"388","350165","20220615193000","468","0","苗栗縣","竹南鎮","120.930","24.710","383"
"631","350166","20220615193000","812","0","苗栗縣","竹南鎮","120.915","24.715","641"
"196","350167","20220615193000","199","0","苗栗縣","竹南鎮","120.920","24.715","185"
"1841","350169","20220615193000","1663","1","苗栗縣","頭份鎮","120.910","24.685","1753"
"2413","350170","20220615193000","2124","1","苗栗縣","頭份鎮","120.895","24.700","2402"
"1535","350172","20220615193000","935","3","苗栗縣","頭份鎮","120.905","24.680","1518"
"674","350173","20220615193000","520","2","苗栗縣","竹南鎮","120.875","24.700","760"
"744","350174","20220615193000","528","2","苗栗縣","竹南鎮","120.870","24.700","761"
"397","350176","20220615193000","394","1","苗栗縣","頭份鎮","120.920","24.690","391"
"131","350177","20220615193000","100","2","苗栗縣","頭份鎮","120.880","24.660","128"
"730","350179","20220615193000","767","0","苗栗縣","頭份鎮","120.900","24.700","764"
"27","350180","20220615193000","39","0","苗栗縣","竹南鎮","120.910","24.705","31"
"520","350182","20220615193000","555","0","苗栗縣","頭份鎮","120.920","24.700","505"
"997","350183","20220615193000","1180","0","苗栗縣","頭份鎮","120.895","24.695","957"
"395","350203","20220615193000","287","2","苗栗縣","竹南鎮","120.860","24.685","436"
"56","350206","20220615193000","232","0","苗栗縣","竹南鎮","120.865","24.700","44"
"558","350208","20220615193000","377","2","苗栗縣","竹南鎮","120.875","24.705","640"
"1058","350209","20220615193000","1110","0","苗栗縣","竹南鎮","120.880","24.700","1046"
"1106","350210","20220615193000","657","3","苗栗縣","頭份鎮","120.885","24.700","1078"
"587","350211","20220615193000","309","3","苗栗縣","竹南鎮","120.880","24.705","610"
"123","350214","20220615193000","109","1","苗栗縣","竹南鎮","120.865","24.705","135"
"47","350220","20220615193000","374","0","苗栗縣","竹南鎮","120.880","24.710","45"
"147","350223","20220615193000","152","0","苗栗縣","竹南鎮","120.865","24.715","146"
"312","350224","20220615193000","294","1","苗栗縣","竹南鎮","120.870","24.715","297"
"287","350225","20220615193000","403","0","苗栗縣","竹南鎮","120.875","24.715","254"
"57","350226","20220615193000","51","1","苗栗縣","竹南鎮","120.880","24.715","48"
"101","350229","20220615193000","111","0","苗栗縣","竹南鎮","120.865","24.720","80"
"75","350236","20220615193000","92","0","苗栗縣","竹南鎮","120.870","24.725","85"
"272","350240","20220615193000","181","3","苗栗縣","竹南鎮","120.890","24.725","261"
"65","350247","20220615193000","88","0","苗栗縣","竹南鎮","120.880","24.685","73"
"2110","350248","20220615193000","2043","1","苗栗縣","竹南鎮","120.880","24.690","2116"
"1728","350250","20220615193000","2069","0","苗栗縣","竹南鎮","120.890","24.690","1696"
"2888","350251","20220615193000","3198","0","苗栗縣","竹南鎮","120.875","24.685","2716"
"418","350258","20220615193000","313","2","苗栗縣","竹南鎮","120.855","24.675","452"
"18","350259","20220615193000","33","0","苗栗縣","竹南鎮","120.860","24.675","19"
"317","350264","20220615193000","260","2","苗栗縣","竹南鎮","120.850","24.680","333"
"17","350275","20220615193000","235","0","苗栗縣","竹南鎮","120.850","24.670","28"
"1142","350277","20220615193000","764","2","苗栗縣","竹南鎮","120.860","24.670","1086"
"89","350278","20220615193000","81","1","苗栗縣","竹南鎮","120.845","24.675","65"
"84","350279","20220615193000","67","2","苗栗縣","造橋鄉","120.855","24.660","85"
"120","350285","20220615193000","310","0","苗栗縣","頭份鎮","120.900","24.685","129"
"307","350286","20220615193000","486","0","苗栗縣","頭份鎮","120.895","24.675","352"
"608","350288","20220615193000","732","0","苗栗縣","頭份鎮","120.890","24.680","608"
"987","350290","20220615193000","922","1","苗栗縣","頭份鎮","120.900","24.680","1147"
"478","350291","20220615193000","462","1","苗栗縣","頭份鎮","120.945","24.685","464"
"181","350303","20220615193000","140","2","苗栗縣","頭份鎮","120.960","24.700","175"
"119","350311","20220615193000","66","3","苗栗縣","頭份鎮","120.965","24.705","116"
"1051","350314","20220615193000","1777","0","苗栗縣","竹南鎮","120.870","24.690","1059"
"634","350316","20220615193000","540","1","苗栗縣","竹南鎮","120.855","24.690","616"
"1286","350319","20220615193000","1314","0","苗栗縣","竹南鎮","120.865","24.685","1585"
"872","350320","20220615193000","890","0","苗栗縣","竹南鎮","120.875","24.695","834"
"170","350321","20220615193000","1030","0","苗栗縣","竹南鎮","120.875","24.690","1291"
"704","350326","20220615193000","787","0","苗栗縣","竹南鎮","120.910","24.720","426"
"208","350328","20220615193000","82","3","苗栗縣","竹南鎮","120.895","24.725","185"
"27","350330","20220615193000","335","0","苗栗縣","竹南鎮","120.905","24.725","17"
"376","350331","20220615193000","426","0","苗栗縣","竹南鎮","120.910","24.725","398"
"765","350334","20220615193000","572","2","苗栗縣","竹南鎮","120.905","24.730","612"
"131","350336","20220615193000","97","2","新竹市","香山區","120.900","24.735","105"
"107","350338","20220615193000","440","0","新竹市","香山區","120.905","24.740","107"
"703","350340","20220615193000","666","1","苗栗縣","竹南鎮","120.875","24.660","716"
"942","350347","20220615193000","875","1","苗栗縣","竹南鎮","120.865","24.675","1072"
"59","350349","20220615193000","279","0","苗栗縣","竹南鎮","120.875","24.675","50"
"672","350350","20220615193000","791","0","苗栗縣","竹南鎮","120.880","24.675","745"
"612","350351","20220615193000","385","3","苗栗縣","竹南鎮","120.870","24.680","621"
"390","350352","20220615193000","376","1","苗栗縣","竹南鎮","120.875","24.680","375"
"2311","350353","20220615193000","2460","0","苗栗縣","竹南鎮","120.870","24.685","2268"
"124","350357","20220615193000","488","0","苗栗縣","竹南鎮","120.890","24.705","102"
"316","350358","20220615193000","251","2","苗栗縣","竹南鎮","120.895","24.705","305"
"627","350359","20220615193000","431","2","苗栗縣","竹南鎮","120.900","24.705","610"
"305","350363","20220615193000","490","0","苗栗縣","竹南鎮","120.900","24.710","342"
"321","350364","20220615193000","125","3","苗栗縣","竹南鎮","120.905","24.710","243"
"201","350365","20220615193000","192","1","苗栗縣","竹南鎮","120.895","24.715","234"
"509","350367","20220615193000","346","2","苗栗縣","竹南鎮","120.905","24.715","525"
"232","350368","20220615193000","382","0","苗栗縣","竹南鎮","120.910","24.715","247"
"143","350369","20220615193000","153","0","苗栗縣","竹南鎮","120.895","24.720","180"
"97","356638","20220615193000","101","0","宜蘭縣","頭城鎮","121.940","24.840","113"
"850","360378","20220615193000","547","3","宜蘭縣","礁溪鄉","121.765","24.825","845"
"1513","360379","20220615193000","1698","0","宜蘭縣","礁溪鄉","121.770","24.825","1293"
"581","360380","20220615193000","566","1","宜蘭縣","礁溪鄉","121.775","24.825","560"
"511","360392","20220615193000","322","3","宜蘭縣","礁溪鄉","121.810","24.815","495"
"175","360394","20220615193000","106","3","宜蘭縣","礁溪鄉","121.795","24.815","164"
"34","360410","20220615193000","190","0","宜蘭縣","礁溪鄉","121.720","24.815","23"
"103","360417","20220615193000","110","0","宜蘭縣","礁溪鄉","121.720","24.820","106"
"125","360419","20220615193000","83","3","宜蘭縣","礁溪鄉","121.730","24.820","127"
"109","360427","20220615193000","318","0","宜蘭縣","礁溪鄉","121.725","24.820","135"
"344","360433","20220615193000","227","3","宜蘭縣","礁溪鄉","121.755","24.820","360"
"33","360437","20220615193000","41","0","宜蘭縣","礁溪鄉","121.740","24.825","34"
"1918","360439","20220615193000","1854","1","宜蘭縣","宜蘭市","121.755","24.770","1893"
"440","360442","20220615193000","314","2","宜蘭縣","宜蘭市","121.745","24.775","441"
"982","360449","20220615193000","779","2","宜蘭縣","壯圍鄉","121.785","24.775","984"
"18","360451","20220615193000","11","3","宜蘭縣","壯圍鄉","121.780","24.780","17"
"367","360457","20220615193000","237","3","宜蘭縣","壯圍鄉","121.795","24.790","387"
"143","360471","20220615193000","264","0","宜蘭縣","頭城鎮","121.820","24.855","150"
"57","360474","20220615193000","70","0","宜蘭縣","頭城鎮","121.835","24.885","50"
"103","360476","20220615193000","91","1","宜蘭縣","頭城鎮","121.845","24.885","103"
"491","360478","20220615193000","524","0","宜蘭縣","頭城鎮","121.830","24.855","533"
"721","360482","20220615193000","793","0","宜蘭縣","頭城鎮","121.820","24.860","728"
"297","360484","20220615193000","201","2","宜蘭縣","頭城鎮","121.815","24.860","318"
"603","360485","20220615193000","732","0","宜蘭縣","頭城鎮","121.820","24.865","583"
"251","360486","20220615193000","276","0","宜蘭縣","頭城鎮","121.810","24.865","271"
"161","360502","20220615193000","196","0","宜蘭縣","頭城鎮","121.815","24.850","162"
"620","360507","20220615193000","586","1","宜蘭縣","頭城鎮","121.825","24.865","580"
"152","360520","20220615193000","176","0","宜蘭縣","頭城鎮","121.835","24.870","133"
"25","360521","20220615193000","61","0","宜蘭縣","頭城鎮","121.840","24.870","30"
"174","360524","20220615193000","135","2","宜蘭縣","頭城鎮","121.840","24.875","190"
"36","360537","20220615193000","35","1","新北市","三峽區","121.345","24.845","46"
"88","360552","20220615193000","84","1","新北市","三峽區","121.360","24.855","89"
"16","360554","20220615193000","12","2","新北市","三峽區","121.370","24.855","23"
"18","360559","20220615193000","23","0","新北市","三峽區","121.365","24.860","17"
"64","360569","20220615193000","47","2","新北市","三峽區","121.355","24.870","56"
"45","360573","20220615193000","35","2","新北市","三峽區","121.375","24.870","44"
"40","360625","20220615193000","34","1","宜蘭縣","頭城鎮","121.820","24.825","28"
"117","360631","20220615193000","226","0","宜蘭縣","頭城鎮","121.790","24.845","90"
"260","360639","20220615193000","264","0","宜蘭縣","頭城鎮","121.795","24.855","261"
"514","360641","20220615193000","453","1","宜蘭縣","頭城鎮","121.805","24.855","543"
"237","360684","20220615193000","221","1","宜蘭縣","礁溪鄉","121.765","24.800","217"
"249","360687","20220615193000","212","1","宜蘭縣","礁溪鄉","121.760","24.810","256"
"250","360689","20220615193000","211","1","宜蘭縣","礁溪鄉","121.755","24.815","269"
"113","360694","20220615193000","84","2","宜蘭縣","員山鄉","121.700","24.780","113"
"38","360702","20220615193000","28","2","宜蘭縣","礁溪鄉","121.680","24.785","48"
"197","360788","20220615193000","164","2","宜蘭縣","礁溪鄉","121.780","24.810","200"
"446","360803","20220615193000","387","1","宜蘭縣","壯圍鄉","121.810","24.800","435"
"496","360806","20220615193000","453","1","宜蘭縣","壯圍鄉","121.815","24.805","538"
"529","360817","20220615193000","491","1","宜蘭縣","礁溪鄉","121.780","24.785","528"
"541","360820","20220615193000","555","0","宜蘭縣","礁溪鄉","121.775","24.815","530"
"1163","360822","20220615193000","955","2","宜蘭縣","礁溪鄉","121.770","24.820","1197"
"220","360828","20220615193000","232","0","宜蘭縣","礁溪鄉","121.730","24.790","200"
"105","360848","20220615193000","128","0","宜蘭縣","礁溪鄉","121.710","24.810","108"
"598","360876","20220615193000","542","1","宜蘭縣","礁溪鄉","121.760","24.785","571"
"76","360877","20220615193000","74","1","宜蘭縣","礁溪鄉","121.750","24.790","90"
"451","360879","20220615193000","314","2","宜蘭縣","礁溪鄉","121.760","24.790","470"
"491","360881","20220615193000","362","2","宜蘭縣","礁溪鄉","121.765","24.815","502"
"518","360883","20220615193000","525","0","宜蘭縣","礁溪鄉","121.765","24.820","567"
"259","360888","20220615193000","267","0","宜蘭縣","礁溪鄉","121.755","24.825","240"
"424","360889","20220615193000","325","2","宜蘭縣","礁溪鄉","121.760","24.825","438"
"18","360898","20220615193000","18","1","宜蘭縣","礁溪鄉","121.745","24.830","15"
"51","360964","20220615193000","38","2","新北市","三峽區","121.410","24.865","48"
"166","360967","20220615193000","240","0","新北市","三峽區","121.410","24.870","169"
"99","360994","20220615193000","76","2","新北市","三峽區","121.415","24.885","123"
"15","361075","20220615193000","24","0","新北市","三峽區","121.445","24.830","12"
"13","361124","20220615193000","16","0","新北市","三峽區","121.430","24.845","21"
"27","361179","20220615193000","39","0","新北市","三峽區","121.435","24.860","21"
"10","361193","20220615193000","12","0","新北市","三峽區","121.430","24.865","10"
"20","361195","20220615193000","21","0","新北市","三峽區","121.440","24.865","31"
"17","361256","20220615193000","18","0","新北市","三峽區","121.450","24.890","11"
"12","361279","20220615193000","13","0","新北市","三峽區","121.390","24.875","12"
"16","361286","20220615193000","15","1","新北市","三峽區","121.380","24.880","14"
"34","361304","20220615193000","46","0","新北市","三峽區","121.375","24.885","32"
"27","361308","20220615193000","18","3","新北市","三峽區","121.400","24.885","23"
"737","361316","20220615193000","670","1","宜蘭縣","員山鄉","121.720","24.770","759"
"259","361349","20220615193000","285","0","宜蘭縣","員山鄉","121.715","24.775","439"
"412","361393","20220615193000","292","2","宜蘭縣","壯圍鄉","121.800","24.770","388"
"256","361412","20220615193000","173","2","宜蘭縣","宜蘭市","121.735","24.775","265"
"21","361413","20220615193000","24","0","宜蘭縣","宜蘭市","121.740","24.775","13"
"192","361414","20220615193000","170","1","宜蘭縣","宜蘭市","121.730","24.780","178"
"11","361433","20220615193000","16","0","宜蘭縣","頭城鎮","121.800","24.830","10"
"737","361441","20220615193000","501","2","宜蘭縣","頭城鎮","121.790","24.835","767"
"23","361461","20220615193000","19","2","宜蘭縣","頭城鎮","121.775","24.860","24"
"12","361466","20220615193000","21","0","新北市","坪林區","121.770","24.865","12"
"558","361479","20220615193000","499","1","宜蘭縣","頭城鎮","121.815","24.835","498"
"499","361482","20220615193000","361","2","宜蘭縣","頭城鎮","121.810","24.845","532"
"4162","361485","20220615193000","3154","2","新竹市","東區","120.985","24.800","4196"
"2369","361486","20220615193000","1704","2","新竹市","東區","120.985","24.810","2315"
"142","361502","20220615193000","158","0","桃園市","大溪區","121.330","24.880","72"
"108","361509","20220615193000","95","1","桃園市","大溪區","121.325","24.885","130"
"26","361515","20220615193000","47","0","桃園市","大溪區","121.325","24.890","16"
"18","361517","20220615193000","13","2","桃園市","大溪區","121.335","24.890","16"
"311","361521","20220615193000","311","1","桃園市","大溪區","121.250","24.865","304"
"57","361525","20220615193000","40","2","桃園市","大溪區","121.255","24.870","62"
"415","361530","20220615193000","476","0","桃園市","大溪區","121.260","24.875","471"
"628","361536","20220615193000","476","2","桃園市","大溪區","121.260","24.880","629"
"89","361538","20220615193000","211","0","桃園市","大溪區","121.275","24.880","130"
"972","361539","20220615193000","1088","0","桃園市","大溪區","121.250","24.880","997"
"322","361545","20220615193000","187","3","桃園市","大溪區","121.275","24.885","308"
"171","361546","20220615193000","275","0","桃園市","大溪區","121.280","24.885","173"
"580","361547","20220615193000","568","1","桃園市","大溪區","121.275","24.890","617"
"1456","361550","20220615193000","878","3","桃園市","大溪區","121.295","24.885","1496"
"147","361551","20220615193000","190","0","桃園市","大溪區","121.300","24.880","137"
"111","361552","20220615193000","437","0","桃園市","大溪區","121.290","24.880","113"
"76","361556","20220615193000","65","1","新竹縣","新埔鎮","121.080","24.835","77"
"382","361565","20220615193000","333","1","新竹縣","新埔鎮","121.080","24.840","345"
"65","361570","20220615193000","37","3","新竹縣","新埔鎮","121.130","24.860","65"
"21","361574","20220615193000","11","3","新竹縣","新埔鎮","121.135","24.865","19"
"34","361579","20220615193000","22","3","新竹縣","新埔鎮","121.140","24.870","34"
"94","361585","20220615193000","78","2","新竹縣","新埔鎮","121.135","24.875","102"
"863","361597","20220615193000","558","3","新竹縣","新豐鄉","120.995","24.885","818"
"1683","361600","20220615193000","2042","0","新竹縣","新豐鄉","121.010","24.885","1668"
"962","361602","20220615193000","648","2","新竹市","東區","120.975","24.805","961"
"2504","361603","20220615193000","6160","0","新竹市","東區","120.980","24.805","2545"
"1081","361604","20220615193000","827","2","新竹市","東區","120.980","24.810","1008"
"1209","361605","20220615193000","964","2","新竹市","東區","120.975","24.800","1162"
"259","361609","20220615193000","539","0","新竹市","東區","120.985","24.785","117"
"7171","361610","20220615193000","4080","3","新竹市","東區","121.020","24.780","6756"
"2950","361611","20220615193000","3830","0","新竹市","東區","121.015","24.785","3144"
"197","361614","20220615193000","147","2","新竹縣","新埔鎮","121.105","24.845","171"
"51","361615","20220615193000","37","2","新竹縣","新埔鎮","121.115","24.845","56"
"75","361621","20220615193000","50","3","新竹縣","新埔鎮","121.120","24.850","83"
"32","361623","20220615193000","20","3","新竹縣","新埔鎮","121.100","24.855","33"
"62","361624","20220615193000","56","1","新竹縣","新埔鎮","121.105","24.855","51"
"25","361628","20220615193000","21","1","新竹縣","新埔鎮","121.125","24.855","24"
"115","361642","20220615193000","88","2","新竹縣","新埔鎮","121.115","24.875","125"
"618","361646","20220615193000","924","0","新竹縣","新埔鎮","121.070","24.825","587"
"877","361648","20220615193000","537","3","新竹縣","新埔鎮","121.080","24.825","914"
"411","361651","20220615193000","483","0","新竹縣","新埔鎮","121.070","24.830","397"
"141","361655","20220615193000","73","3","新竹縣","新埔鎮","121.135","24.845","153"
"353","361668","20220615193000","561","0","新竹縣","新豐鄉","120.980","24.870","397"
"43","361671","20220615193000","26","3","新竹縣","新豐鄉","120.970","24.880","49"
"1864","361683","20220615193000","946","3","新竹縣","竹東鎮","121.030","24.775","1839"
"380","361685","20220615193000","983","0","新竹縣","湖口鄉","121.010","24.855","406"
"564","361687","20220615193000","484","1","新竹縣","湖口鄉","121.020","24.855","556"
"163","361688","20220615193000","277","0","新竹縣","湖口鄉","121.025","24.855","184"
"1878","361692","20220615193000","1570","1","新竹縣","湖口鄉","121.010","24.860","1907"
"30","361693","20220615193000","20","3","新竹縣","湖口鄉","121.015","24.860","33"
"2744","361694","20220615193000","3659","0","新竹縣","湖口鄉","120.995","24.865","2734"
"2061","361695","20220615193000","1710","2","新竹縣","湖口鄉","121.000","24.865","2045"
"496","361696","20220615193000","305","3","新竹縣","湖口鄉","121.005","24.865","501"
"267","361697","20220615193000","235","1","新竹縣","湖口鄉","121.010","24.865","272"
"4652","361698","20220615193000","2345","3","新竹縣","湖口鄉","121.000","24.870","2544"
"6720","361700","20220615193000","798","3","新竹縣","湖口鄉","121.010","24.870","10455"
"9485","361702","20220615193000","1002","3","新竹縣","湖口鄉","121.010","24.875","12236"
"894","361703","20220615193000","658","2","新竹縣","竹北市","121.030","24.810","1342"
"1788","361704","20220615193000","1346","2","新竹縣","竹北市","121.035","24.810","1628"
"547","361705","20220615193000","289","3","新竹縣","竹北市","121.030","24.815","508"
"350","361712","20220615193000","738","0","桃園市","大溪區","121.260","24.890","422"
"285","361715","20220615193000","408","0","新竹市","香山區","120.920","24.810","289"
"321","361721","20220615193000","196","3","新竹市","香山區","120.925","24.815","347"
"117","361725","20220615193000","93","2","新竹市","香山區","120.915","24.820","100"
"579","361727","20220615193000","467","2","新竹市","香山區","120.925","24.820","634"
"629","361733","20220615193000","459","2","新竹市","北區","120.925","24.825","642"
"1523","361736","20220615193000","1325","1","新竹市","香山區","120.930","24.790","1462"
"807","361738","20220615193000","441","3","新竹市","香山區","120.930","24.795","790"
"447","361744","20220615193000","299","2","新竹市","香山區","120.915","24.780","408"
"262","361752","20220615193000","449","0","新竹市","香山區","120.920","24.785","260"
"1128","361756","20220615193000","1297","0","新竹市","香山區","120.920","24.805","1173"
"969","361758","20220615193000","794","2","新竹市","香山區","120.935","24.805","952"
"684","361761","20220615193000","886","0","新竹市","香山區","120.940","24.805","806"
"3231","361763","20220615193000","2178","2","新竹市","香山區","120.945","24.795","3387"
"506","361765","20220615193000","699","0","新竹市","香山區","120.940","24.790","537"
"108","361766","20220615193000","1440","0","新竹市","香山區","120.935","24.790","75"
"171","361767","20220615193000","175","0","新竹市","香山區","120.935","24.800","156"
"591","361768","20220615193000","818","0","新竹市","香山區","120.940","24.795","581"
"44","362002","20220615193000","45","0","新竹縣","關西鎮","121.260","24.775","56"
"22","362024","20220615193000","19","1","新竹縣","湖口鄉","121.015","24.880","22"
"227","362027","20220615193000","139","3","新竹縣","湖口鄉","121.030","24.880","167"
"769","362033","20220615193000","1099","0","新竹縣","湖口鄉","121.025","24.885","807"
"963","362036","20220615193000","1011","0","新竹縣","竹北市","120.965","24.860","1029"
"118","362037","20220615193000","59","3","新竹縣","竹北市","120.970","24.860","110"
"441","362039","20220615193000","275","3","新竹縣","竹北市","120.980","24.860","432"
"118","362040","20220615193000","57","3","新竹縣","竹北市","120.970","24.865","99"
"1798","362056","20220615193000","1834","0","新竹縣","竹北市","121.015","24.825","1911"
"2080","362057","20220615193000","2507","0","新竹縣","竹北市","121.010","24.830","2008"
"326","362058","20220615193000","148","3","新竹縣","竹北市","121.040","24.810","297"
"1222","362059","20220615193000","660","3","新竹縣","竹北市","121.035","24.815","1322"
"104","362060","20220615193000","372","0","新竹縣","竹北市","121.040","24.815","82"
"2949","362063","20220615193000","2879","1","新竹縣","竹北市","121.030","24.820","2888"
"1236","362064","20220615193000","988","2","新竹縣","竹北市","121.035","24.820","1305"
"1854","362066","20220615193000","1831","1","新竹縣","竹北市","121.020","24.825","1352"
"948","362067","20220615193000","591","3","新竹縣","竹北市","121.025","24.825","894"
"4446","362068","20220615193000","3993","1","新竹縣","竹北市","121.030","24.825","4532"
"1567","362069","20220615193000","1054","2","新竹縣","竹北市","121.035","24.825","1667"
"2544","362070","20220615193000","2348","1","新竹縣","竹北市","121.015","24.830","2516"
"1149","362071","20220615193000","748","3","新竹縣","竹北市","121.020","24.830","1148"
"1737","362072","20220615193000","1426","2","新竹縣","竹北市","121.025","24.830","1922"
"1347","362073","20220615193000","813","3","新竹縣","新埔鎮","121.030","24.830","1112"
"43","362075","20220615193000","20","3","新竹縣","竹北市","120.990","24.855","39"
"476","362076","20220615193000","559","0","新竹縣","竹北市","120.995","24.855","517"
"412","362077","20220615193000","487","0","新竹縣","竹北市","120.990","24.860","426"
"99","362079","20220615193000","215","0","新竹縣","竹北市","120.995","24.860","115"
"4059","362081","20220615193000","2489","3","新竹市","東區","120.995","24.800","3865"
"652","362082","20220615193000","483","2","新竹市","東區","121.000","24.805","627"
"113","362085","20220615193000","366","0","新竹市","東區","121.000","24.810","94"
"560","362086","20220615193000","664","0","新竹市","東區","121.005","24.810","603"
"1102","362087","20220615193000","602","3","新竹市","東區","121.010","24.810","1108"
"1098","362088","20220615193000","702","3","新竹市","東區","120.995","24.815","991"
"2061","362092","20220615193000","2087","0","新竹市","東區","121.010","24.775","2123"
"1566","362093","20220615193000","1574","0","新竹市","東區","121.015","24.775","1540"
"2206","362094","20220615193000","2065","1","新竹市","東區","121.020","24.775","2195"
"4547","362095","20220615193000","3724","2","新竹市","東區","121.025","24.775","4723"
"2966","362096","20220615193000","2153","2","新竹市","東區","120.990","24.780","3057"
"2097","362097","20220615193000","2344","0","新竹市","東區","121.005","24.775","2034"
"1475","362098","20220615193000","1384","1","新竹市","東區","121.005","24.780","1582"
"1397","362099","20220615193000","1604","0","新竹市","東區","121.010","24.780","1238"
"2031","362100","20220615193000","1123","3","新竹市","東區","121.015","24.780","1972"
"2331","362101","20220615193000","4280","0","新竹市","東區","121.005","24.785","2019"
"1352","362102","20220615193000","1371","0","新竹市","東區","121.010","24.785","1273"
"421","362103","20220615193000","324","2","新竹市","北區","120.945","24.835","422"
"431","362104","20220615193000","788","0","新竹市","北區","120.950","24.835","390"
"773","362107","20220615193000","528","2","新竹縣","竹東鎮","121.045","24.785","796"
"170","362108","20220615193000","153","1","新竹縣","竹東鎮","121.050","24.785","178"
"1105","362117","20220615193000","583","3","新竹縣","竹東鎮","121.035","24.790","1162"
"631","362122","20220615193000","1802","0","新竹縣","竹東鎮","121.030","24.795","650"
"178","362128","20220615193000","100","3","新竹縣","竹北市","120.960","24.855","169"
"511","362141","20220615193000","444","1","新竹縣","竹北市","120.955","24.870","458"
"2205","362143","20220615193000","1564","2","新竹縣","竹北市","121.015","24.835","2252"
"250","362158","20220615193000","279","0","新竹縣","新豐鄉","120.975","24.890","249"
"2125","362159","20220615193000","1524","2","新竹市","東區","121.005","24.790","2140"
"4957","362160","20220615193000","3166","3","新竹市","東區","121.015","24.790","5049"
"42","362275","20220615193000","36","1","新北市","烏來區","121.525","24.835","47"
"13","362568","20220615193000","11","1","新北市","烏來區","121.590","24.850","13"
"116","362673","20220615193000","130","0","新北市","烏來區","121.550","24.875","127"
"48","362692","20220615193000","47","1","新北市","烏來區","121.545","24.880","48"
"101","362700","20220615193000","135","0","新北市","烏來區","121.550","24.885","124"
"130","362717","20220615193000","162","0","新北市","烏來區","121.555","24.845","121"
"52","362740","20220615193000","59","0","新北市","烏來區","121.560","24.860","73"
"352","362744","20220615193000","516","0","新北市","烏來區","121.550","24.865","311"
"69","362793","20220615193000","42","3","新北市","烏來區","121.510","24.775","53"
"1722","362984","20220615193000","2456","0","新竹市","東區","120.960","24.795","1734"
"6064","362985","20220615193000","4829","2","新竹市","東區","121.020","24.790","6231"
"1165","362988","20220615193000","886","2","新竹市","東區","120.970","24.775","1174"
"2773","362990","20220615193000","2976","0","新竹市","東區","120.985","24.805","2841"
"19","362991","20220615193000","23","0","新竹市","東區","120.965","24.775","28"
"1202","362992","20220615193000","1483","0","新竹市","北區","120.960","24.805","1099"
"427","362994","20220615193000","300","2","新竹縣","竹北市","120.945","24.850","473"
"868","362996","20220615193000","1161","0","新竹縣","竹北市","120.945","24.855","837"
"1709","362998","20220615193000","1262","2","新竹縣","竹北市","120.995","24.840","1788"
"1553","362999","20220615193000","2046","0","新竹縣","竹北市","121.000","24.840","1580"
"480","363002","20220615193000","543","0","新竹縣","竹北市","121.035","24.800","405"
"1137","363004","20220615193000","713","3","新竹縣","竹北市","121.025","24.805","988"
"1467","363005","20220615193000","1246","1","新竹縣","竹北市","121.030","24.805","1337"
"3769","363006","20220615193000","4082","0","新竹縣","竹北市","121.035","24.805","3682"
"3829","363007","20220615193000","2514","3","新竹縣","竹北市","121.025","24.810","3871"
"98","363008","20220615193000","54","3","新竹縣","芎林鄉","121.065","24.790","93"
"809","363013","20220615193000","682","1","新竹縣","竹北市","121.050","24.805","818"
"210","363016","20220615193000","464","0","新竹縣","竹北市","121.045","24.810","231"
"2770","363021","20220615193000","2264","2","新竹縣","竹北市","121.005","24.840","2797"
"2320","363023","20220615193000","1943","1","新竹縣","竹北市","121.020","24.840","2253"
"1421","363024","20220615193000","1611","0","新竹縣","竹北市","121.000","24.845","1398"
"919","363025","20220615193000","472","3","新竹縣","竹北市","121.000","24.855","887"
"1211","363026","20220615193000","1273","0","新竹縣","竹北市","121.010","24.845","1187"
"336","363027","20220615193000","690","0","新竹縣","新埔鎮","121.015","24.850","367"
"518","363028","20220615193000","591","0","新竹縣","竹北市","121.020","24.845","522"
"104","363029","20220615193000","57","3","新竹縣","竹北市","121.000","24.850","85"
"1341","363032","20220615193000","1074","2","新竹縣","芎林鄉","121.080","24.775","1386"
"17","363046","20220615193000","14","2","新竹縣","關西鎮","121.140","24.790","22"
"18","363048","20220615193000","18","1","新竹縣","關西鎮","121.150","24.790","16"
"122","363062","20220615193000","79","3","新竹縣","關西鎮","121.185","24.800","103"
"516","363073","20220615193000","575","0","新竹縣","關西鎮","121.200","24.810","524"
"64","363082","20220615193000","69","0","新竹縣","關西鎮","121.180","24.820","46"
"96","363084","20220615193000","99","0","新竹縣","關西鎮","121.175","24.825","89"
"1058","363085","20220615193000","1013","1","桃園市","龍潭區","121.180","24.825","1013"
"1003","363086","20220615193000","879","1","新竹市","東區","120.975","24.795","947"
"1157","363088","20220615193000","1327","0","新竹縣","寶山鄉","120.985","24.775","1189"
"457","363090","20220615193000","310","2","新竹市","東區","120.980","24.780","446"
"1237","363093","20220615193000","1572","0","新竹市","東區","120.980","24.785","1315"
"1581","363094","20220615193000","1033","3","新竹縣","新豐鄉","121.000","24.875","1638"
"915","363095","20220615193000","979","0","新竹縣","新豐鄉","120.995","24.880","955"
"1048","363096","20220615193000","404","3","新竹縣","新豐鄉","121.000","24.880","580"
"393","363097","20220615193000","329","1","新竹縣","新豐鄉","121.005","24.880","361"
"4624","363098","20220615193000","1295","3","新竹縣","新豐鄉","120.990","24.870","1886"
"3927","363099","20220615193000","4680","0","新竹縣","新豐鄉","120.995","24.870","3917"
"1420","363100","20220615193000","1645","0","新竹縣","新豐鄉","120.985","24.865","1458"
"465","363101","20220615193000","514","0","新竹縣","新豐鄉","120.990","24.865","479"
"196","363102","20220615193000","416","0","新竹縣","新豐鄉","120.985","24.870","217"
"639","363103","20220615193000","412","3","新竹縣","新豐鄉","120.985","24.875","681"
"648","363109","20220615193000","666","0","新竹縣","關西鎮","121.145","24.805","646"
"12","363124","20220615193000","11","1","新竹縣","關西鎮","121.125","24.775","12"
"67","363127","20220615193000","78","0","新竹縣","關西鎮","121.120","24.780","94"
"15","363131","20220615193000","13","1","新竹縣","關西鎮","121.115","24.785","16"
"223","363143","20220615193000","174","2","新竹縣","關西鎮","121.130","24.790","196"
"113","363153","20220615193000","56","3","新竹縣","關西鎮","121.200","24.775","117"
"1031","363158","20220615193000","973","1","新竹縣","關西鎮","121.175","24.785","1042"
"82","363159","20220615193000","53","3","新竹縣","關西鎮","121.180","24.790","65"
"969","363160","20220615193000","959","1","新竹縣","關西鎮","121.185","24.790","1066"
"681","363164","20220615193000","537","2","新竹縣","關西鎮","121.190","24.795","604"
"22","363183","20220615193000","22","1","新竹縣","關西鎮","121.205","24.780","28"
"16","363187","20220615193000","18","0","新竹縣","關西鎮","121.195","24.785","14"
"197","363195","20220615193000","147","2","新竹縣","關西鎮","121.195","24.790","214"
"18","363197","20220615193000","17","1","新竹縣","關西鎮","121.205","24.790","22"
"50","363217","20220615193000","61","0","新竹縣","關西鎮","121.230","24.795","53"
"79","363223","20220615193000","70","1","新竹縣","關西鎮","121.235","24.800","74"
"26","363229","20220615193000","22","1","新竹縣","關西鎮","121.135","24.820","26"
"400","363233","20220615193000","392","1","新竹縣","關西鎮","121.115","24.825","419"
"270","363245","20220615193000","193","2","新竹縣","關西鎮","121.115","24.830","340"
"655","363256","20220615193000","562","1","新竹縣","關西鎮","121.165","24.830","667"
"66","363258","20220615193000","50","2","新竹縣","新埔鎮","121.125","24.835","73"
"227","363272","20220615193000","252","0","新竹縣","關西鎮","121.150","24.840","238"
"1035","363274","20220615193000","938","1","新竹縣","關西鎮","121.135","24.810","1035"
"65","363279","20220615193000","33","3","新竹縣","關西鎮","121.130","24.815","65"
"26","363288","20220615193000","11","3","新竹縣","關西鎮","121.165","24.795","17"
"507","363291","20220615193000","541","0","新竹縣","關西鎮","121.165","24.800","518"
"2782","363304","20220615193000","2403","1","新竹縣","關西鎮","121.175","24.790","2814"
"205","363305","20220615193000","166","2","新竹縣","關西鎮","121.170","24.795","216"
"295","363306","20220615193000","364","0","新竹縣","關西鎮","121.175","24.795","238"
"58","363308","20220615193000","61","0","新竹縣","關西鎮","121.175","24.805","62"
"2948","363344","20220615193000","2369","2","桃園市","龍潭區","121.230","24.875","2954"
"520","363345","20220615193000","447","1","桃園市","龍潭區","121.230","24.880","499"
"905","363346","20220615193000","679","2","桃園市","龍潭區","121.225","24.855","965"
"162","363347","20220615193000","163","0","桃園市","龍潭區","121.230","24.855","172"
"71","363355","20220615193000","56","2","桃園市","龍潭區","121.235","24.865","50"
"112","363358","20220615193000","341","0","桃園市","龍潭區","121.230","24.870","89"
"525","363359","20220615193000","373","2","桃園市","龍潭區","121.235","24.870","543"
"245","363362","20220615193000","476","0","桃園市","平鎮區","121.245","24.875","250"
"1050","363365","20220615193000","967","1","桃園市","龍潭區","121.235","24.840","1035"
"1297","363366","20220615193000","1179","1","桃園市","龍潭區","121.240","24.835","1321"
"246","363369","20220615193000","305","0","桃園市","龍潭區","121.240","24.845","223"
"293","363370","20220615193000","198","2","桃園市","龍潭區","121.245","24.850","269"
"273","363371","20220615193000","256","1","桃園市","龍潭區","121.250","24.850","282"
"485","363374","20220615193000","349","2","桃園市","龍潭區","121.250","24.855","517"
"93","363376","20220615193000","152","0","桃園市","龍潭區","121.255","24.860","85"
"291","363377","20220615193000","234","2","桃園市","龍潭區","121.180","24.870","286"
"932","363380","20220615193000","872","1","桃園市","龍潭區","121.195","24.870","985"
"581","363388","20220615193000","490","1","桃園市","龍潭區","121.185","24.880","559"
"3452","363392","20220615193000","2602","2","桃園市","龍潭區","121.185","24.885","3208"
"66","363394","20220615193000","61","1","桃園市","龍潭區","121.180","24.885","66"
"292","363396","20220615193000","290","1","桃園市","龍潭區","121.190","24.885","318"
"139","363397","20220615193000","130","1","桃園市","龍潭區","121.190","24.890","136"
"6970","363481","20220615193000","5685","2","新竹市","東區","120.975","24.810","7337"
"5291","363482","20220615193000","5074","1","新竹市","東區","120.970","24.800","4861"
"1107","363483","20220615193000","1225","0","新竹市","東區","120.970","24.810","1026"
"845","363484","20220615193000","1038","0","新竹市","東區","120.970","24.785","731"
"1577","363485","20220615193000","1145","2","新竹市","東區","120.975","24.785","1682"
"4403","363486","20220615193000","4336","1","新竹市","東區","120.965","24.795","4359"
"997","363502","20220615193000","932","1","桃園市","龍潭區","121.185","24.840","927"
"590","363507","20220615193000","648","0","桃園市","龍潭區","121.185","24.845","634"
"167","363514","20220615193000","156","1","桃園市","龍潭區","121.195","24.850","159"
"226","363523","20220615193000","148","3","桃園市","龍潭區","121.190","24.860","226"
"443","363528","20220615193000","517","0","桃園市","龍潭區","121.245","24.835","429"
"282","363532","20220615193000","270","1","桃園市","龍潭區","121.245","24.840","282"
"101","363557","20220615193000","113","0","桃園市","龍潭區","121.240","24.830","77"
"612","363560","20220615193000","507","2","桃園市","龍潭區","121.230","24.835","595"
"51","363589","20220615193000","55","0","桃園市","龍潭區","121.160","24.870","60"
"770","363593","20220615193000","633","2","桃園市","龍潭區","121.210","24.840","800"
"408","363597","20220615193000","270","3","桃園市","龍潭區","121.200","24.855","385"
"591","363599","20220615193000","824","0","桃園市","龍潭區","121.210","24.855","606"
"1320","363602","20220615193000","792","3","桃園市","龍潭區","121.225","24.845","1388"
"292","363603","20220615193000","638","0","桃園市","龍潭區","121.230","24.845","327"
"30","363605","20220615193000","30","1","桃園市","龍潭區","121.225","24.850","26"
"1647","363611","20220615193000","1321","2","桃園市","龍潭區","121.220","24.850","1624"
"1514","363613","20220615193000","988","3","桃園市","龍潭區","121.215","24.865","1323"
"717","363614","20220615193000","1115","0","桃園市","龍潭區","121.220","24.865","724"
"611","363615","20220615193000","913","0","桃園市","龍潭區","121.210","24.870","620"
"1280","363616","20220615193000","982","2","桃園市","龍潭區","121.215","24.870","1242"
"561","363620","20220615193000","694","0","桃園市","龍潭區","121.220","24.860","600"
"477","363625","20220615193000","636","0","桃園市","龍潭區","121.205","24.865","424"
"170","363626","20220615193000","170","1","桃園市","龍潭區","121.200","24.870","147"
"1645","363627","20220615193000","1088","3","桃園市","龍潭區","121.205","24.870","1622"
"3528","363628","20220615193000","2720","2","新竹縣","竹北市","121.020","24.835","3444"
"2025","363629","20220615193000","1710","1","新竹縣","竹北市","121.025","24.835","2156"
"1128","363630","20220615193000","1210","0","新竹縣","竹北市","121.010","24.835","1120"
"327","363633","20220615193000","205","3","新竹市","東區","120.960","24.780","393"
"556","363634","20220615193000","411","2","新竹市","東區","120.965","24.780","593"
"1382","363637","20220615193000","1020","2","新竹市","東區","120.965","24.785","1450"
"3866","363639","20220615193000","3079","2","新竹市","東區","120.965","24.790","3876"
"2404","363641","20220615193000","2605","0","新竹市","東區","121.020","24.785","2409"
"419","363642","20220615193000","653","0","新竹縣","竹東鎮","121.025","24.785","424"
"855","363644","20220615193000","585","2","新竹縣","竹東鎮","121.035","24.775","916"
"440","363646","20220615193000","499","0","新竹縣","竹東鎮","121.045","24.775","416"
"2418","363648","20220615193000","2883","0","新竹縣","竹東鎮","121.030","24.780","2463"
"272","363649","20220615193000","352","0","新竹縣","竹東鎮","121.035","24.780","263"
"297","363651","20220615193000","413","0","新竹縣","竹東鎮","121.045","24.780","293"
"1130","363655","20220615193000","1204","0","桃園市","龍潭區","121.235","24.880","1120"
"937","363658","20220615193000","850","1","桃園市","龍潭區","121.240","24.880","935"
"55","363661","20220615193000","46","1","桃園市","龍潭區","121.240","24.810","38"
"514","363663","20220615193000","518","0","桃園市","龍潭區","121.240","24.815","585"
"34","363664","20220615193000","65","0","桃園市","龍潭區","121.235","24.820","34"
"280","363667","20220615193000","241","1","桃園市","龍潭區","121.230","24.825","297"
"599","363668","20220615193000","512","1","桃園市","龍潭區","121.235","24.825","640"
"905","363676","20220615193000","694","2","桃園市","龍潭區","121.230","24.840","916"
"867","363677","20220615193000","654","2","新竹縣","竹北市","121.005","24.845","785"
"1552","363682","20220615193000","1564","0","新竹縣","芎林鄉","121.080","24.780","1631"
"218","363685","20220615193000","83","3","新竹縣","芎林鄉","121.075","24.785","202"
"1162","363687","20220615193000","818","2","新竹縣","芎林鄉","121.070","24.790","1217"
"771","363696","20220615193000","951","0","新竹縣","芎林鄉","121.060","24.795","828"
"19","363707","20220615193000","20","0","新竹縣","芎林鄉","121.065","24.810","33"
"717","363709","20220615193000","696","1","新竹縣","芎林鄉","121.090","24.775","734"
"26","363713","20220615193000","17","3","新竹縣","芎林鄉","121.110","24.775","20"
"31","363721","20220615193000","27","1","新竹縣","芎林鄉","121.085","24.780","34"
"74","363725","20220615193000","75","0","新竹縣","芎林鄉","121.100","24.780","74"
"286","363728","20220615193000","278","1","新竹縣","芎林鄉","121.100","24.785","276"
"1138","363737","20220615193000","688","3","新竹縣","竹北市","120.985","24.835","1198"
"617","363744","20220615193000","313","3","新竹縣","竹北市","120.975","24.840","689"
"676","363746","20220615193000","753","0","新竹縣","竹北市","120.955","24.840","719"
"621","363748","20220615193000","327","3","新竹縣","竹北市","120.965","24.840","496"
"147","363755","20220615193000","83","3","新竹縣","竹北市","120.960","24.850","127"
"280","363765","20220615193000","329","0","宜蘭縣","礁溪鄉","121.790","24.795","236"
"46","363769","20220615193000","172","0","宜蘭縣","礁溪鄉","121.780","24.800","44"
"220","363770","20220615193000","315","0","宜蘭縣","礁溪鄉","121.785","24.800","213"
"179","363777","20220615193000","249","0","宜蘭縣","礁溪鄉","121.790","24.810","189"
"851","363779","20220615193000","1592","0","宜蘭縣","礁溪鄉","121.775","24.830","768"
"721","363783","20220615193000","410","3","宜蘭縣","礁溪鄉","121.780","24.835","661"
"441","363797","20220615193000","452","0","宜蘭縣","礁溪鄉","121.790","24.830","437"
"30","363798","20220615193000","98","0","宜蘭縣","礁溪鄉","121.785","24.835","22"
"1292","363803","20220615193000","904","2","桃園市","平鎮區","121.200","24.890","1312"
"1673","363805","20220615193000","1744","0","新竹市","北區","120.955","24.805","1748"
"433","363808","20220615193000","853","0","新竹市","北區","120.945","24.815","451"
"182","363811","20220615193000","42","3","新竹市","北區","120.955","24.785","114"
"2149","363814","20220615193000","1346","3","新竹市","北區","120.955","24.790","2184"
"702","363815","20220615193000","1179","0","新竹市","香山區","120.950","24.795","743"
"1336","363816","20220615193000","1108","2","桃園市","大溪區","121.290","24.885","1265"
"2826","363817","20220615193000","2835","0","新竹縣","寶山鄉","120.990","24.775","2886"
"2568","363818","20220615193000","1769","2","新竹縣","寶山鄉","120.995","24.775","2582"
"4197","363819","20220615193000","4957","0","新竹縣","寶山鄉","121.000","24.775","4076"
"3991","363821","20220615193000","3888","1","新竹市","東區","120.995","24.780","3939"
"1877","363824","20220615193000","1037","3","新竹縣","竹北市","121.010","24.820","1939"
"2058","363825","20220615193000","2271","0","新竹縣","竹北市","121.015","24.820","2043"
"2251","363826","20220615193000","1351","3","新竹縣","竹北市","121.005","24.825","2405"
"3567","363827","20220615193000","2764","2","新竹縣","竹北市","121.010","24.825","3625"
"2215","363828","20220615193000","2116","1","新竹縣","竹北市","121.005","24.830","2371"
"975","363835","20220615193000","378","3","新竹縣","新埔鎮","121.050","24.835","961"
"570","363837","20220615193000","852","0","新竹縣","新埔鎮","121.045","24.840","615"
"376","363839","20220615193000","26","3","新竹縣","新埔鎮","121.055","24.840","351"
"12","363850","20220615193000","22","0","新竹縣","新埔鎮","121.035","24.840","11"
"962","363852","20220615193000","933","1","新竹縣","新埔鎮","121.025","24.845","1010"
"203","363854","20220615193000","24","3","新竹縣","新埔鎮","121.035","24.845","198"
"75","363855","20220615193000","179","0","新竹縣","新埔鎮","121.040","24.845","78"
"26","363860","20220615193000","26","1","新竹縣","新埔鎮","121.030","24.850","29"
"21","363864","20220615193000","18","1","桃園市","龍潭區","121.210","24.875","19"
"1432","363865","20220615193000","1294","1","桃園市","龍潭區","121.205","24.880","1438"
"306","363866","20220615193000","215","2","新竹縣","竹北市","120.980","24.840","318"
"766","363870","20220615193000","522","2","新竹縣","竹北市","120.975","24.850","806"
"438","363871","20220615193000","426","1","新竹縣","竹北市","120.980","24.850","452"
"111","363872","20220615193000","307","0","新竹縣","竹東鎮","121.055","24.775","96"
"1193","363875","20220615193000","436","3","新竹縣","竹東鎮","121.055","24.780","1001"
"235","363877","20220615193000","273","0","新竹縣","竹東鎮","121.055","24.785","264"
"78","363882","20220615193000","67","1","宜蘭縣","礁溪鄉","121.745","24.800","84"
"210","363884","20220615193000","208","1","宜蘭縣","礁溪鄉","121.755","24.800","244"
"1233","363890","20220615193000","778","3","宜蘭縣","礁溪鄉","121.740","24.780","1276"
"134","363899","20220615193000","95","2","宜蘭縣","礁溪鄉","121.740","24.790","118"
"16","363932","20220615193000","34","0","新竹市","香山區","120.915","24.775","16"
"424","363936","20220615193000","800","0","新竹市","香山區","120.950","24.775","455"
"84","363937","20220615193000","22","3","新竹市","香山區","120.955","24.775","84"
"427","363940","20220615193000","267","3","新竹市","香山區","120.950","24.780","470"
"314","363941","20220615193000","391","0","新竹市","香山區","120.935","24.795","280"
"534","363948","20220615193000","374","2","新竹市","香山區","120.925","24.800","597"
"2532","363957","20220615193000","1540","3","新竹縣","竹北市","120.995","24.835","2422"
"864","363960","20220615193000","1516","0","新竹縣","竹北市","121.000","24.825","867"
"749","363961","20220615193000","341","3","新竹縣","竹北市","120.990","24.830","627"
"1312","363963","20220615193000","1037","2","新竹縣","竹北市","121.000","24.830","1173"
"1654","363964","20220615193000","1411","1","新竹縣","竹北市","121.000","24.835","1646"
"671","363965","20220615193000","470","2","新竹縣","竹北市","121.005","24.835","680"
"546","363968","20220615193000","518","1","新竹縣","竹北市","120.970","24.835","598"
"3303","363976","20220615193000","3160","1","桃園市","龍潭區","121.215","24.860","3260"
"1568","363977","20220615193000","1099","2","桃園市","龍潭區","121.210","24.865","1415"
"326","363980","20220615193000","169","3","新竹縣","新埔鎮","121.110","24.815","331"
"80","363983","20220615193000","30","3","新竹縣","新埔鎮","121.100","24.820","65"
"617","363985","20220615193000","637","0","新竹縣","新埔鎮","121.090","24.825","635"
"291","363989","20220615193000","364","0","新竹縣","關西鎮","121.110","24.825","274"
"182","363993","20220615193000","430","0","新竹市","北區","120.965","24.820","159"
"3195","363994","20220615193000","2568","2","新竹市","北區","120.970","24.820","3216"
"2077","363995","20220615193000","2285","0","新竹市","北區","120.955","24.810","2094"
"2849","363996","20220615193000","2212","2","新竹市","北區","120.960","24.810","2880"
"908","363997","20220615193000","761","1","宜蘭縣","頭城鎮","121.825","24.860","875"
"37","364010","20220615193000","37","1","桃園市","大溪區","121.295","24.835","41"
"11","364012","20220615193000","13","0","桃園市","大溪區","121.305","24.835","11"
"35","364013","20220615193000","38","0","桃園市","大溪區","121.280","24.840","38"
"11","364014","20220615193000","20","0","桃園市","大溪區","121.285","24.840","11"
"678","364024","20220615193000","587","1","桃園市","大溪區","121.285","24.850","699"
"26","364032","20220615193000","302","0","桃園市","大溪區","121.295","24.855","25"
"20","364043","20220615193000","22","0","桃園市","大溪區","121.305","24.860","18"
"294","364050","20220615193000","251","1","桃園市","大溪區","121.295","24.865","272"
"81","364052","20220615193000","77","1","桃園市","大溪區","121.305","24.865","87"
"334","364061","20220615193000","263","2","桃園市","大溪區","121.300","24.870","335"
"202","364068","20220615193000","200","1","桃園市","大溪區","121.300","24.875","177"
"46","364070","20220615193000","41","1","桃園市","大溪區","121.310","24.875","48"
"215","364110","20220615193000","266","0","桃園市","大溪區","121.270","24.840","215"
"36","364116","20220615193000","13","3","桃園市","大溪區","121.275","24.850","33"
"615","364119","20220615193000","522","1","新竹縣","新豐鄉","121.005","24.885","678"
"711","364123","20220615193000","446","3","新竹縣","新豐鄉","121.005","24.890","693"
"429","364126","20220615193000","253","3","新竹縣","湖口鄉","121.020","24.890","439"
"203","364127","20220615193000","79","3","新竹縣","新豐鄉","120.995","24.875","151"
"523","364129","20220615193000","314","3","新竹縣","新豐鄉","120.990","24.880","426"
"215","364130","20220615193000","225","0","新竹縣","新豐鄉","120.990","24.885","250"
"1583","364132","20220615193000","1273","2","新竹縣","新豐鄉","120.990","24.890","1645"
"339","364139","20220615193000","491","0","新竹縣","湖口鄉","121.025","24.890","341"
"680","364141","20220615193000","519","2","新竹縣","湖口鄉","121.035","24.890","691"
"909","364143","20220615193000","883","1","新竹縣","湖口鄉","121.020","24.860","970"
"266","364146","20220615193000","203","2","新竹縣","湖口鄉","121.015","24.865","258"
"428","364147","20220615193000","360","1","新竹縣","湖口鄉","121.020","24.865","452"
"1445","364148","20220615193000","988","2","新竹縣","湖口鄉","121.025","24.865","1546"
"612","364149","20220615193000","1091","0","新竹縣","湖口鄉","121.030","24.865","615"
"578","364163","20220615193000","666","0","新竹縣","湖口鄉","121.035","24.875","533"
"1032","364164","20220615193000","1344","0","新竹縣","湖口鄉","121.040","24.875","1005"
"409","364168","20220615193000","260","3","新竹縣","湖口鄉","121.035","24.880","353"
"381","364171","20220615193000","253","3","新竹縣","湖口鄉","121.050","24.880","392"
"15","364179","20220615193000","21","0","新竹縣","湖口鄉","121.065","24.875","12"
"33","364180","20220615193000","20","3","新竹縣","湖口鄉","121.070","24.875","21"
"217","364189","20220615193000","311","0","新竹縣","湖口鄉","121.075","24.880","218"
"199","364194","20220615193000","134","2","新竹縣","湖口鄉","121.070","24.885","201"
"280","364195","20220615193000","175","3","新竹縣","湖口鄉","121.075","24.885","259"
"750","364201","20220615193000","700","1","新竹縣","湖口鄉","121.055","24.880","750"
"345","364202","20220615193000","497","0","新竹縣","湖口鄉","121.060","24.880","367"
"654","364205","20220615193000","465","2","新竹縣","湖口鄉","121.050","24.885","683"
"75","364211","20220615193000","76","0","新竹縣","湖口鄉","121.105","24.880","68"
"405","364216","20220615193000","363","1","新竹縣","湖口鄉","121.090","24.885","424"
"247","364221","20220615193000","119","3","新竹縣","湖口鄉","121.095","24.885","148"
"112","364222","20220615193000","65","3","新竹縣","湖口鄉","121.100","24.885","108"
"383","364228","20220615193000","271","2","新竹縣","湖口鄉","121.110","24.890","378"
"307","364231","20220615193000","201","3","新竹縣","湖口鄉","121.085","24.885","291"
"447","364236","20220615193000","242","3","新竹縣","湖口鄉","121.080","24.890","433"
"367","364238","20220615193000","285","2","新竹縣","湖口鄉","121.090","24.890","329"
"8112","364239","20220615193000","2629","3","新竹縣","湖口鄉","121.015","24.870","2845"
"438","364240","20220615193000","735","0","新竹縣","湖口鄉","121.015","24.875","438"
"1414","364242","20220615193000","954","2","新竹縣","湖口鄉","121.025","24.875","1437"
"945","364243","20220615193000","617","3","新竹縣","湖口鄉","121.010","24.880","1044"
"3637","364244","20220615193000","2586","2","新竹市","北區","120.965","24.805","3409"
"11","364290","20220615193000","27","0","新北市","新店區","121.510","24.890","10"
"15","364291","20220615193000","19","0","新北市","新店區","121.515","24.890","18"
"411","364296","20220615193000","614","0","桃園市","大溪區","121.265","24.885","456"
"501","364314","20220615193000","365","2","桃園市","大溪區","121.280","24.870","431"
"28","364340","20220615193000","31","0","桃園市","大溪區","121.285","24.820","19"
"12","364349","20220615193000","11","1","桃園市","大溪區","121.295","24.825","13"
"113","364352","20220615193000","107","1","桃園市","大溪區","121.310","24.825","107"
"10","364355","20220615193000","12","0","桃園市","大溪區","121.300","24.830","11"
"36","364359","20220615193000","42","0","桃園市","大溪區","121.305","24.830","31"
"19","364384","20220615193000","55","0","桃園市","大溪區","121.335","24.845","19"
"82","364400","20220615193000","95","0","桃園市","大溪區","121.285","24.885","58"
"661","364405","20220615193000","656","1","桃園市","大溪區","121.300","24.890","675"
"218","364408","20220615193000","118","3","新竹縣","湖口鄉","121.055","24.885","207"
"850","364409","20220615193000","578","2","新竹縣","湖口鄉","121.045","24.890","876"
"97","364410","20220615193000","100","0","新竹縣","湖口鄉","121.050","24.890","84"
"150","364419","20220615193000","75","3","新竹縣","湖口鄉","121.040","24.860","132"
"1175","364424","20220615193000","820","2","新竹縣","湖口鄉","121.035","24.865","1223"
"408","364429","20220615193000","253","3","新竹縣","湖口鄉","121.020","24.870","406"
"1010","364430","20220615193000","1802","0","新竹縣","湖口鄉","121.025","24.870","1060"
"983","364431","20220615193000","806","2","新竹縣","湖口鄉","121.030","24.870","1099"
"1824","364432","20220615193000","1252","2","新竹縣","湖口鄉","121.035","24.870","1434"
"1385","364436","20220615193000","1392","0","新竹縣","湖口鄉","121.030","24.875","1163"
"26","364448","20220615193000","25","1","新竹縣","新埔鎮","121.095","24.805","25"
"345","364453","20220615193000","210","3","新竹縣","新埔鎮","121.090","24.810","300"
"69","364455","20220615193000","40","3","新竹縣","新埔鎮","121.100","24.810","74"
"111","364470","20220615193000","87","2","新竹縣","新埔鎮","121.095","24.855","119"
"387","364480","20220615193000","411","0","新竹縣","新埔鎮","121.060","24.835","370"
"288","364482","20220615193000","205","2","新竹縣","新埔鎮","121.060","24.840","278"
"2036","364497","20220615193000","2200","0","新竹縣","新埔鎮","121.085","24.830","2080"
"79","364505","20220615193000","53","2","新竹縣","芎林鄉","121.085","24.790","66"
"91","364507","20220615193000","84","1","新竹縣","新埔鎮","121.085","24.795","88"
"96","364516","20220615193000","44","3","新竹縣","新埔鎮","121.080","24.810","81"
"172","364518","20220615193000","149","1","新竹縣","新埔鎮","121.080","24.815","193"
"560","364538","20220615193000","589","0","新竹縣","新埔鎮","121.120","24.840","577"
"625","364549","20220615193000","482","2","新竹縣","新埔鎮","121.060","24.820","645"
"60","364554","20220615193000","26","3","新竹縣","新埔鎮","121.055","24.825","38"
"243","364555","20220615193000","182","2","新竹縣","新埔鎮","121.060","24.825","223"
"32","364557","20220615193000","322","0","新竹縣","新埔鎮","121.035","24.830","33"
"869","364558","20220615193000","991","0","新竹縣","新埔鎮","121.040","24.830","922"
"3427","364561","20220615193000","2723","2","新竹縣","新埔鎮","121.030","24.835","3211"
"25","364571","20220615193000","50","0","新竹縣","新埔鎮","121.145","24.855","33"
"1224","364579","20220615193000","1191","1","新竹縣","新埔鎮","121.080","24.830","1223"
"119","364580","20220615193000","70","3","新竹縣","新埔鎮","121.075","24.830","93"
"330","364581","20220615193000","345","0","宜蘭縣","宜蘭市","121.760","24.770","350"
"439","364583","20220615193000","367","1","宜蘭縣","宜蘭市","121.770","24.770","454"
"166","364585","20220615193000","160","1","宜蘭縣","宜蘭市","121.765","24.770","147"
"214","364586","20220615193000","185","1","宜蘭縣","宜蘭市","121.760","24.775","211"
"424","364587","20220615193000","326","2","宜蘭縣","宜蘭市","121.760","24.780","425"
"60","364588","20220615193000","56","1","桃園市","平鎮區","121.185","24.890","54"
"306","364590","20220615193000","230","2","桃園市","大溪區","121.285","24.865","291"
"689","364594","20220615193000","551","2","桃園市","大溪區","121.285","24.875","671"
"1256","364597","20220615193000","1061","1","桃園市","大溪區","121.285","24.880","1266"
"872","364599","20220615193000","1062","0","桃園市","大溪區","121.295","24.880","856"
"1453","364601","20220615193000","1061","2","桃園市","大溪區","121.270","24.880","1433"
"10","364604","20220615193000","12","0","桃園市","楊梅區","121.175","24.885","10"
"233","364607","20220615193000","258","0","桃園市","楊梅區","121.180","24.890","250"
"448","364609","20220615193000","362","2","桃園市","龍潭區","121.235","24.875","445"
"578","364612","20220615193000","430","2","桃園市","龍潭區","121.220","24.870","598"
"979","364613","20220615193000","637","3","桃園市","龍潭區","121.225","24.870","986"
"588","364614","20220615193000","433","2","桃園市","龍潭區","121.205","24.885","642"
"214","364615","20220615193000","140","3","桃園市","龍潭區","121.205","24.890","200"
"1169","364616","20220615193000","1230","0","桃園市","龍潭區","121.210","24.885","1237"
"310","364618","20220615193000","241","2","新竹縣","竹北市","120.990","24.835","350"
"476","364620","20220615193000","350","2","新竹縣","竹北市","120.990","24.840","549"
"542","364623","20220615193000","441","2","新竹縣","竹北市","120.990","24.845","616"
"856","364629","20220615193000","2188","0","新竹縣","竹北市","121.045","24.795","905"
"1530","364631","20220615193000","820","3","新竹縣","竹北市","121.040","24.800","1594"
"692","364632","20220615193000","363","3","新竹縣","竹北市","121.045","24.800","664"
"509","364633","20220615193000","654","0","新竹縣","竹北市","121.050","24.800","493"
"1705","364634","20220615193000","1925","0","新竹縣","竹北市","121.040","24.805","2042"
"527","364635","20220615193000","336","3","新竹縣","竹北市","121.045","24.805","587"
"2235","364637","20220615193000","2609","0","新竹縣","竹北市","121.020","24.810","2353"
"2285","364639","20220615193000","1580","2","新竹縣","竹北市","121.020","24.815","2272"
"2592","364640","20220615193000","4279","0","新竹縣","竹北市","121.025","24.815","2668"
"727","364641","20220615193000","604","2","新竹縣","竹北市","121.020","24.820","549"
"2374","364642","20220615193000","4811","0","新竹縣","竹北市","121.025","24.820","2302"
"1199","364648","20220615193000","756","3","新竹市","北區","120.925","24.840","1285"
"898","364657","20220615193000","755","1","桃園市","龍潭區","121.210","24.890","767"
"135","364662","20220615193000","32","3","桃園市","復興區","121.325","24.775","64"
"15","364692","20220615193000","15","1","桃園市","復興區","121.335","24.790","15"
"113","364720","20220615193000","97","1","桃園市","復興區","121.345","24.805","112"
"181","364731","20220615193000","143","2","桃園市","復興區","121.350","24.815","146"
"109","364735","20220615193000","99","1","桃園市","復興區","121.350","24.820","100"
"79","364741","20220615193000","85","0","桃園市","復興區","121.370","24.825","83"
"114","364767","20220615193000","133","0","桃園市","復興區","121.375","24.800","105"
"29","364824","20220615193000","33","0","桃園市","復興區","121.375","24.785","32"
"31","364825","20220615193000","22","2","桃園市","復興區","121.380","24.785","30"
"45","364828","20220615193000","24","3","桃園市","復興區","121.395","24.785","41"
"85","364934","20220615193000","82","1","桃園市","復興區","121.305","24.800","90"
"37","364969","20220615193000","31","1","桃園市","復興區","121.400","24.805","31"
"15","364990","20220615193000","13","1","桃園市","復興區","121.375","24.815","12"
"25","365017","20220615193000","42","0","桃園市","復興區","121.390","24.825","44"
"83","365042","20220615193000","49","3","桃園市","復興區","121.385","24.835","46"
"190","365054","20220615193000","222","0","桃園市","楊梅區","121.155","24.880","169"
"87","365058","20220615193000","72","2","桃園市","楊梅區","121.155","24.885","77"
"292","365063","20220615193000","246","1","桃園市","楊梅區","121.150","24.885","312"
"203","365065","20220615193000","219","0","桃園市","楊梅區","121.160","24.885","206"
"55","365067","20220615193000","189","0","桃園市","楊梅區","121.150","24.890","54"
"824","365068","20220615193000","832","0","桃園市","楊梅區","121.155","24.890","867"
"1028","365070","20220615193000","668","3","桃園市","楊梅區","121.170","24.885","1033"
"2920","365073","20220615193000","3725","0","新竹市","北區","120.955","24.795","3020"
"194","365074","20220615193000","259","0","新竹市","香山區","120.955","24.780","185"
"1833","365075","20220615193000","1787","1","新竹市","香山區","120.945","24.790","1871"
"658","365076","20220615193000","415","3","新竹市","香山區","120.950","24.790","663"
"1028","365079","20220615193000","1033","0","新竹市","香山區","120.925","24.790","992"
"2249","365080","20220615193000","1832","2","新竹市","香山區","120.925","24.795","2362"
"890","365083","20220615193000","748","1","新竹市","香山區","120.940","24.775","885"
"107","365084","20220615193000","48","3","新竹市","香山區","120.930","24.780","81"
"348","365086","20220615193000","597","0","新竹市","香山區","120.940","24.780","348"
"302","365089","20220615193000","340","0","新竹市","香山區","120.935","24.785","305"
"2350","365090","20220615193000","2723","0","新竹縣","竹北市","121.015","24.840","2390"
"4525","365091","20220615193000","3990","1","新竹縣","竹北市","121.010","24.840","4681"
"1045","365092","20220615193000","798","2","桃園市","龍潭區","121.210","24.880","1063"
"707","365093","20220615193000","514","2","桃園市","龍潭區","121.215","24.880","653"
"582","365094","20220615193000","503","1","桃園市","龍潭區","121.215","24.885","628"
"484","365099","20220615193000","527","0","桃園市","龍潭區","121.200","24.875","474"
"531","365102","20220615193000","522","1","桃園市","龍潭區","121.195","24.885","550"
"364","365105","20220615193000","234","3","桃園市","龍潭區","121.200","24.885","342"
"728","365121","20220615193000","570","2","桃園市","龍潭區","121.180","24.835","806"
"371","365122","20220615193000","380","0","桃園市","龍潭區","121.185","24.835","354"
"682","365124","20220615193000","895","0","桃園市","龍潭區","121.195","24.835","687"
"689","365133","20220615193000","987","0","桃園市","龍潭區","121.200","24.850","892"
"479","365138","20220615193000","435","1","桃園市","龍潭區","121.210","24.810","508"
"90","365145","20220615193000","98","0","桃園市","龍潭區","121.205","24.820","88"
"183","365150","20220615193000","207","0","桃園市","龍潭區","121.205","24.825","162"
"111","365153","20220615193000","76","2","桃園市","龍潭區","121.220","24.825","92"
"524","365158","20220615193000","584","0","桃園市","龍潭區","121.205","24.835","587"
"816","365161","20220615193000","754","1","桃園市","龍潭區","121.205","24.840","856"
"368","365169","20220615193000","367","1","桃園市","龍潭區","121.230","24.885","341"
"1184","365173","20220615193000","964","2","新竹市","北區","120.965","24.815","1228"
"1004","365174","20220615193000","966","1","新竹市","北區","120.960","24.820","1022"
"1509","365175","20220615193000","1140","2","新竹市","北區","120.960","24.800","1583"
"2450","365176","20220615193000","1882","2","新竹市","東區","120.980","24.795","2381"
"1241","365177","20220615193000","1275","0","新竹市","東區","120.985","24.795","1241"
"75","365178","20220615193000","273","0","新竹市","東區","120.985","24.790","70"
"2156","365183","20220615193000","1221","3","新竹市","北區","120.975","24.820","2189"
"1330","365184","20220615193000","1115","1","新竹市","北區","120.975","24.825","1520"
"717","365185","20220615193000","1156","0","新竹市","北區","120.980","24.825","771"
"32","365199","20220615193000","96","0","新竹市","北區","120.950","24.820","21"
"1711","365210","20220615193000","1335","2","新竹市","東區","121.000","24.800","1803"
"2222","365211","20220615193000","2130","1","新竹市","東區","121.000","24.795","2095"
"1010","365212","20220615193000","619","3","新竹市","東區","121.025","24.780","1093"
"450","365213","20220615193000","583","0","桃園市","龍潭區","121.245","24.880","472"
"455","365219","20220615193000","467","0","桃園市","平鎮區","121.240","24.890","444"
"1327","365221","20220615193000","1284","1","新竹市","北區","120.930","24.835","1391"
"926","365222","20220615193000","1007","0","新竹市","北區","120.935","24.835","938"
"3654","365223","20220615193000","2343","3","新竹市","北區","120.970","24.825","3774"
"4819","365224","20220615193000","4420","1","新竹市","東區","120.975","24.815","4751"
"3295","365225","20220615193000","2495","2","新竹市","東區","120.980","24.815","3149"
"1662","365226","20220615193000","1338","2","新竹市","北區","120.965","24.825","1746"
"604","365227","20220615193000","317","3","新竹市","北區","120.965","24.830","640"
"162","365229","20220615193000","144","1","桃園市","楊梅區","121.140","24.885","188"
"163","365231","20220615193000","74","3","桃園市","楊梅區","121.135","24.885","165"
"339","365234","20220615193000","449","0","桃園市","楊梅區","121.135","24.890","322"
"303","365235","20220615193000","327","0","桃園市","楊梅區","121.140","24.890","305"
"591","365236","20220615193000","804","0","桃園市","楊梅區","121.145","24.890","584"
"1000","365237","20220615193000","795","2","新竹市","北區","120.950","24.805","1005"
"1267","365238","20220615193000","955","2","新竹市","北區","120.940","24.840","1321"
"914","365240","20220615193000","1183","0","新竹市","北區","120.930","24.840","909"
"1314","365241","20220615193000","561","3","新竹市","北區","120.935","24.840","914"
"98","365242","20220615193000","33","3","新竹市","北區","120.920","24.845","89"
"173","365243","20220615193000","149","1","新竹市","北區","120.925","24.845","156"
"829","365244","20220615193000","698","1","新竹市","北區","120.930","24.845","892"
"2283","365253","20220615193000","2129","1","新竹市","東區","120.965","24.800","2281"
"5867","365254","20220615193000","3780","3","新竹市","東區","121.005","24.795","5821"
"4090","365255","20220615193000","2467","3","新竹市","東區","121.010","24.795","3964"
"1335","365258","20220615193000","916","2","新竹市","東區","121.015","24.795","1485"
"1090","365259","20220615193000","668","3","新竹市","東區","120.970","24.790","1079"
"1082","365261","20220615193000","1401","0","新竹市","北區","120.955","24.815","1148"
"5490","365262","20220615193000","5859","0","新竹市","北區","120.960","24.815","5655"
"17","365263","20220615193000","108","0","新竹市","北區","120.955","24.820","21"
"944","365264","20220615193000","703","2","新竹市","北區","120.955","24.825","998"
"3305","365265","20220615193000","2728","2","新竹市","東區","121.010","24.790","3339"
"545","365266","20220615193000","1109","0","新竹市","東區","120.970","24.795","559"
"1119","365267","20220615193000","973","1","新竹市","東區","120.980","24.790","1064"
"2929","365268","20220615193000","2780","1","新竹市","東區","120.970","24.805","2784"
"671","365269","20220615193000","945","0","新竹市","北區","120.945","24.805","543"
"815","365270","20220615193000","519","3","新竹市","香山區","120.950","24.800","769"
"2041","365271","20220615193000","1608","2","新竹市","北區","120.955","24.800","2073"
"71","365292","20220615193000","89","0","桃園市","復興區","121.340","24.820","58"
"63","365296","20220615193000","26","3","桃園市","復興區","121.340","24.825","54"
"233","365304","20220615193000","201","1","桃園市","大溪區","121.330","24.835","235"
"101","365315","20220615193000","116","0","桃園市","復興區","121.350","24.835","108"
"1870","365322","20220615193000","1637","1","新竹市","東區","120.970","24.815","1795"
"3789","365323","20220615193000","3236","1","新竹市","北區","120.965","24.810","3690"
"3379","365324","20220615193000","4312","0","新竹市","東區","120.990","24.800","3363"
"142","365325","20220615193000","330","0","新竹市","東區","120.990","24.805","144"
"180","365326","20220615193000","353","0","新竹市","東區","120.995","24.805","179"
"924","365327","20220615193000","3507","0","新竹市","東區","120.995","24.785","957"
"631","365328","20220615193000","766","0","新竹市","東區","121.000","24.780","572"
"483","365330","20220615193000","578","0","新竹市","東區","120.990","24.785","504"
"1700","365331","20220615193000","2898","0","新竹市","東區","121.000","24.790","1744"
"1237","365332","20220615193000","779","3","新竹市","東區","121.000","24.785","1294"
"509","365334","20220615193000","847","0","新竹市","東區","120.990","24.795","508"
"1601","365335","20220615193000","1772","0","新竹市","東區","120.990","24.790","1597"
"2072","365336","20220615193000","1617","2","新竹市","東區","120.995","24.795","1952"
"2146","365337","20220615193000","1600","2","新竹市","東區","120.995","24.790","2142"
"741","365338","20220615193000","694","1","新竹市","北區","120.960","24.790","784"
"1305","365339","20220615193000","907","2","新竹市","東區","120.980","24.800","1357"
"482","365340","20220615193000","272","3","新竹市","東區","120.990","24.810","425"
"1750","365341","20220615193000","2694","0","新竹市","東區","120.985","24.815","1794"
"864","365346","20220615193000","1597","0","新竹市","東區","120.995","24.820","842"
"48","365347","20220615193000","107","0","新竹市","東區","121.005","24.800","43"
"33","365352","20220615193000","553","0","新竹市","東區","121.015","24.805","30"
"254","365356","20220615193000","380","0","桃園市","楊梅區","121.130","24.885","269"
"115","365363","20220615193000","104","1","桃園市","楊梅區","121.125","24.890","116"
"172","365364","20220615193000","215","0","桃園市","楊梅區","121.130","24.890","190"
"20","367498","20220615193000","39","0","宜蘭縣","頭城鎮","121.880","24.910","25"
"70","369694","20220615193000","79","0","宜蘭縣","頭城鎮","121.895","24.940","75"
"26","369695","20220615193000","193","0","宜蘭縣","頭城鎮","121.900","24.940","35"
"444","373866","20220615193000","360","2","新北市","板橋區","121.435","24.985","470"
"2280","373867","20220615193000","3359","0","新北市","中和區","121.515","24.990","2189"
"34","373876","20220615193000","56","0","宜蘭縣","頭城鎮","121.850","24.895","40"
"226","373895","20220615193000","235","0","宜蘭縣","頭城鎮","121.890","24.940","225"
"68","373934","20220615193000","104","0","宜蘭縣","頭城鎮","121.900","24.945","70"
"22","373935","20220615193000","28","0","宜蘭縣","頭城鎮","121.900","24.950","15"
"25","373940","20220615193000","52","0","宜蘭縣","頭城鎮","121.915","24.950","24"
"131","373951","20220615193000","186","0","宜蘭縣","頭城鎮","121.920","24.960","132"
"131","373977","20220615193000","142","0","新北市","雙溪區","121.795","24.900","122"
"189","373991","20220615193000","222","0","宜蘭縣","頭城鎮","121.865","24.905","182"
"62","373993","20220615193000","87","0","宜蘭縣","頭城鎮","121.850","24.905","38"
"2187","374034","20220615193000","2566","0","新北市","中和區","121.525","24.990","2704"
"3101","374036","20220615193000","5636","0","新北市","土城區","121.465","24.985","3007"
"3435","374037","20220615193000","2941","1","新北市","土城區","121.470","24.990","3612"
"959","374042","20220615193000","942","1","新北市","土城區","121.470","24.975","924"
"1054","374045","20220615193000","2192","0","新北市","新店區","121.545","24.980","1064"
"774","374046","20220615193000","730","1","新北市","中和區","121.480","24.965","775"
"23","374051","20220615193000","26","0","新北市","中和區","121.490","24.970","27"
"29","374054","20220615193000","33","0","新北市","中和區","121.495","24.975","20"
"290","374055","20220615193000","376","0","新北市","中和區","121.495","24.980","325"
"1273","374056","20220615193000","1705","0","新北市","中和區","121.505","24.985","1170"
"603","374067","20220615193000","435","2","新北市","三峽區","121.380","24.925","639"
"1995","374070","20220615193000","1328","3","新北市","三峽區","121.370","24.930","1900"
"366","374083","20220615193000","272","2","新北市","三峽區","121.405","24.905","364"
"74","374086","20220615193000","39","3","新北市","三峽區","121.380","24.910","64"
"41","374097","20220615193000","21","3","新北市","三峽區","121.350","24.895","30"
"54","374103","20220615193000","46","1","新北市","三峽區","121.350","24.900","60"
"121","374104","20220615193000","80","3","新北市","三峽區","121.355","24.900","114"
"88","374106","20220615193000","106","0","新北市","三峽區","121.365","24.900","70"
"357","374107","20220615193000","218","3","新北市","三峽區","121.360","24.905","312"
"158","374108","20220615193000","265","0","新北市","三峽區","121.365","24.905","139"
"750","374109","20220615193000","590","2","新北市","三峽區","121.365","24.910","810"
"194","374111","20220615193000","162","1","新北市","三峽區","121.365","24.920","211"
"61","374139","20220615193000","49","2","新北市","三峽區","121.465","24.915","57"
"60","374147","20220615193000","40","3","新北市","三峽區","121.455","24.920","59"
"24","374151","20220615193000","14","3","新北市","三峽區","121.475","24.920","21"
"125","374167","20220615193000","105","1","新北市","三峽區","121.445","24.925","138"
"175","374179","20220615193000","143","2","新北市","三峽區","121.455","24.930","166"
"35","374183","20220615193000","47","0","新北市","三峽區","121.445","24.935","38"
"2915","374196","20220615193000","2961","0","新北市","新店區","121.550","24.970","3018"
"713","374198","20220615193000","558","2","新北市","新店區","121.550","24.975","683"
"610","374199","20220615193000","694","0","新北市","土城區","121.455","24.990","655"
"1316","374200","20220615193000","1041","2","新北市","土城區","121.440","24.980","1373"
"313","374201","20220615193000","357","0","新北市","土城區","121.445","24.980","269"
"3182","374203","20220615193000","3156","1","新北市","中和區","121.495","24.990","3298"
"2000","374204","20220615193000","2066","0","新北市","中和區","121.510","24.985","2013"
"6925","374205","20220615193000","6777","1","新北市","新店區","121.545","24.975","6816"
"1475","374206","20220615193000","1190","2","新北市","新店區","121.550","24.980","1549"
"1788","374207","20220615193000","2082","0","新北市","中和區","121.505","24.980","1864"
"44","374212","20220615193000","36","2","新北市","中和區","121.485","24.980","37"
"273","374215","20220615193000","206","2","新北市","中和區","121.485","24.990","266"
"67","374216","20220615193000","79","0","新北市","中和區","121.500","24.970","57"
"134","374217","20220615193000","82","3","新北市","中和區","121.500","24.975","117"
"589","374218","20220615193000","346","3","新北市","中和區","121.505","24.975","624"
"466","374219","20220615193000","527","0","新北市","新店區","121.510","24.975","474"
"97","374220","20220615193000","60","3","新北市","中和區","121.500","24.980","97"
"3850","374221","20220615193000","3342","1","新北市","樹林區","121.375","24.945","4044"
"1137","374222","20220615193000","1273","0","新北市","三峽區","121.370","24.925","1140"
"1051","374223","20220615193000","1906","0","新北市","三峽區","121.365","24.930","1156"
"163","374240","20220615193000","107","3","新北市","三峽區","121.345","24.915","157"
"39","374252","20220615193000","182","0","新北市","三峽區","121.360","24.925","21"
"152","374255","20220615193000","124","2","新北市","三峽區","121.420","24.925","154"
"702","374266","20220615193000","288","3","新北市","中和區","121.500","24.985","735"
"254","374267","20220615193000","1364","0","新北市","中和區","121.500","24.990","225"
"5959","374268","20220615193000","5239","1","新北市","中和區","121.510","24.990","5937"
"2826","374272","20220615193000","2479","1","新北市","三峽區","121.370","24.935","2903"
"353","374277","20220615193000","293","2","新北市","三峽區","121.370","24.900","382"
"194","374283","20220615193000","232","0","新北市","三峽區","121.395","24.935","191"
"395","374286","20220615193000","382","1","新北市","三峽區","121.400","24.940","378"
"189","374288","20220615193000","238","0","新北市","三峽區","121.405","24.945","200"
"471","374295","20220615193000","378","2","新北市","三峽區","121.390","24.930","494"
"470","374297","20220615193000","346","2","新北市","三峽區","121.400","24.930","472"
"231","374300","20220615193000","163","2","新北市","三峽區","121.415","24.925","245"
"533","374302","20220615193000","480","1","新北市","三峽區","121.410","24.930","446"
"33","374321","20220615193000","17","3","新北市","三峽區","121.420","24.900","22"
"99","374335","20220615193000","64","3","新北市","三峽區","121.435","24.905","109"
"94","374343","20220615193000","80","1","新北市","三峽區","121.420","24.910","100"
"153","374363","20220615193000","91","3","新北市","三峽區","121.425","24.920","145"
"10","374364","20220615193000","44","0","新北市","三峽區","121.430","24.920","10"
"176","374371","20220615193000","149","1","新北市","三峽區","121.425","24.925","171"
"853","374390","20220615193000","288","3","新北市","三峽區","121.360","24.935","441"
"2703","374391","20220615193000","2130","2","新北市","三峽區","121.365","24.935","2769"
"1002","374393","20220615193000","1390","0","新北市","三峽區","121.375","24.935","1009"
"595","374394","20220615193000","303","3","新北市","三峽區","121.380","24.935","625"
"1744","374396","20220615193000","1887","0","新北市","三峽區","121.380","24.940","1737"
"17","374399","20220615193000","15","1","新北市","三峽區","121.395","24.945","14"
"1751","374402","20220615193000","2008","0","新北市","三峽區","121.370","24.940","1740"
"1744","374403","20220615193000","2680","0","新北市","三峽區","121.375","24.940","1494"
"352","374405","20220615193000","192","3","新北市","三峽區","121.370","24.945","293"
"575","374408","20220615193000","327","3","新北市","三峽區","121.365","24.925","610"
"55","374410","20220615193000","28","3","新北市","三峽區","121.370","24.920","51"
"813","374412","20220615193000","882","0","新北市","三峽區","121.375","24.925","809"
"18","374414","20220615193000","20","0","新北市","三峽區","121.340","24.900","17"
"442","374418","20220615193000","474","0","新北市","三峽區","121.355","24.910","476"
"1985","374420","20220615193000","1639","2","新北市","三峽區","121.375","24.930","2093"
"562","374421","20220615193000","702","0","新北市","三峽區","121.385","24.930","602"
"2296","374422","20220615193000","3407","0","新北市","中和區","121.505","24.990","2305"
"1212","374423","20220615193000","2396","0","新北市","土城區","121.455","24.985","1872"
"1741","374424","20220615193000","1384","2","新北市","土城區","121.470","24.985","1830"
"208","374427","20220615193000","31","3","宜蘭縣","頭城鎮","121.870","24.910","217"
"25","374433","20220615193000","26","0","宜蘭縣","頭城鎮","121.880","24.920","25"
"29","374451","20220615193000","37","0","宜蘭縣","頭城鎮","121.885","24.935","25"
"2293","374458","20220615193000","3668","0","新北市","中和區","121.520","24.990","2438"
"3272","374459","20220615193000","3400","0","新北市","樹林區","121.415","24.980","3294"
"1279","374462","20220615193000","1786","0","新北市","樹林區","121.385","24.955","1295"
"12","374466","20220615193000","13","0","新北市","樹林區","121.380","24.970","10"
"73","374467","20220615193000","111","0","新北市","樹林區","121.385","24.970","82"
"187","374493","20220615193000","808","0","新北市","新店區","121.535","24.990","130"
"370","374494","20220615193000","212","3","新北市","新店區","121.530","24.955","337"
"1256","374496","20220615193000","995","2","新北市","新店區","121.535","24.960","1188"
"201","374498","20220615193000","478","0","新北市","新店區","121.520","24.970","175"
"1940","374500","20220615193000","2164","0","新北市","新店區","121.515","24.975","2089"
"1885","374512","20220615193000","1993","0","新北市","樹林區","121.420","24.990","1699"
"3352","374513","20220615193000","2469","2","新北市","中和區","121.510","24.980","3417"
"1390","374514","20220615193000","1011","2","新北市","土城區","121.460","24.975","1431"
"513","374515","20220615193000","350","2","新北市","新店區","121.520","24.980","539"
"866","374516","20220615193000","1462","0","新北市","新店區","121.520","24.985","903"
"159","374517","20220615193000","136","1","桃園市","大溪區","121.310","24.895","155"
"31","374520","20220615193000","41","0","桃園市","大溪區","121.330","24.895","26"
"18","374524","20220615193000","30","0","桃園市","大溪區","121.320","24.905","22"
"98","374544","20220615193000","44","3","桃園市","大溪區","121.305","24.925","76"
"864","374548","20220615193000","960","0","桃園市","中壢區","121.240","24.940","905"
"234","374549","20220615193000","208","1","桃園市","中壢區","121.245","24.940","234"
"207","374550","20220615193000","117","3","桃園市","中壢區","121.235","24.945","245"
"986","374551","20220615193000","806","2","桃園市","中壢區","121.240","24.945","1010"
"689","374552","20220615193000","593","1","桃園市","中壢區","121.240","24.980","696"
"604","374554","20220615193000","480","2","桃園市","中壢區","121.240","24.930","668"
"308","374555","20220615193000","557","0","桃園市","中壢區","121.245","24.930","304"
"752","374556","20220615193000","957","0","桃園市","中壢區","121.235","24.930","798"
"2198","374558","20220615193000","1735","2","桃園市","中壢區","121.250","24.930","2168"
"334","374560","20220615193000","239","2","桃園市","平鎮區","121.205","24.930","339"
"1130","374561","20220615193000","799","2","桃園市","平鎮區","121.200","24.935","1185"
"149","374562","20220615193000","241","0","桃園市","平鎮區","121.205","24.935","136"
"951","374563","20220615193000","932","1","桃園市","平鎮區","121.205","24.940","990"
"2104","374564","20220615193000","2721","0","桃園市","平鎮區","121.210","24.955","2171"
"1940","374565","20220615193000","1790","1","桃園市","平鎮區","121.205","24.955","1898"
"745","374566","20220615193000","698","1","桃園市","平鎮區","121.240","24.910","751"
"170","374575","20220615193000","102","3","桃園市","平鎮區","121.195","24.945","140"
"2409","374577","20220615193000","2493","0","桃園市","平鎮區","121.200","24.950","2386"
"1599","374578","20220615193000","2188","0","桃園市","平鎮區","121.200","24.955","1680"
"1427","374579","20220615193000","1164","2","桃園市","平鎮區","121.215","24.950","1373"
"335","374580","20220615193000","454","0","新北市","樹林區","121.365","24.950","291"
"536","374582","20220615193000","467","1","新北市","樹林區","121.375","24.950","554"
"665","374587","20220615193000","534","2","新竹縣","新豐鄉","120.980","24.910","660"
"61","374593","20220615193000","37","3","新竹縣","新豐鄉","120.985","24.915","50"
"485","374594","20220615193000","468","1","新竹縣","新豐鄉","120.970","24.920","477"
"1688","374598","20220615193000","1353","2","桃園市","中壢區","121.245","24.970","1658"
"1119","374599","20220615193000","886","2","桃園市","中壢區","121.240","24.975","1136"
"1622","374600","20220615193000","1328","2","桃園市","中壢區","121.250","24.980","1621"
"1442","374601","20220615193000","1213","1","桃園市","中壢區","121.250","24.975","1317"
"1998","374602","20220615193000","2132","0","桃園市","中壢區","121.260","24.975","1896"
"626","374603","20220615193000","1061","0","桃園市","中壢區","121.210","24.960","578"
"1108","374604","20220615193000","972","1","新北市","中和區","121.490","24.990","1092"
"279","374605","20220615193000","377","0","新北市","土城區","121.445","24.990","298"
"311","374606","20220615193000","174","3","新北市","新店區","121.545","24.960","328"
"2574","374607","20220615193000","3144","0","新北市","新店區","121.535","24.965","2495"
"2840","374608","20220615193000","2471","1","新北市","新店區","121.535","24.970","3018"
"2066","374609","20220615193000","1347","3","新北市","鶯歌區","121.350","24.955","2062"
"1778","374610","20220615193000","1246","2","新北市","鶯歌區","121.345","24.950","1811"
"311","374612","20220615193000","170","3","桃園市","龜山區","121.335","24.980","330"
"2361","374613","20220615193000","1771","2","新北市","鶯歌區","121.335","24.975","2443"
"1314","374614","20220615193000","1199","1","新北市","鶯歌區","121.340","24.940","1309"
"234","374617","20220615193000","338","0","新北市","鶯歌區","121.335","24.945","175"
"585","374618","20220615193000","420","2","新北市","鶯歌區","121.340","24.945","627"
"151","374620","20220615193000","258","0","新北市","鶯歌區","121.330","24.950","164"
"3043","374622","20220615193000","3337","0","新北市","鶯歌區","121.345","24.955","3076"
"86","374623","20220615193000","54","3","新北市","鶯歌區","121.365","24.955","82"
"312","374626","20220615193000","181","3","新北市","鶯歌區","121.370","24.960","338"
"184","374630","20220615193000","97","3","新北市","鶯歌區","121.375","24.965","227"
"316","374631","20220615193000","112","3","新北市","樹林區","121.380","24.965","305"
"61","374641","20220615193000","65","0","新北市","鶯歌區","121.355","24.975","65"
"2488","374648","20220615193000","1540","3","桃園市","中壢區","121.250","24.935","2559"
"79","374649","20220615193000","45","3","新竹縣","新豐鄉","120.980","24.895","70"
"961","374653","20220615193000","526","3","桃園市","八德區","121.300","24.955","890"
"2132","374654","20220615193000","2748","0","桃園市","中壢區","121.225","24.965","2080"
"138","374656","20220615193000","156","0","桃園市","大溪區","121.250","24.895","168"
"418","374659","20220615193000","277","3","桃園市","大溪區","121.265","24.895","404"
"309","374662","20220615193000","570","0","桃園市","大溪區","121.265","24.900","300"
"815","374664","20220615193000","1206","0","桃園市","大溪區","121.260","24.905","812"
"4368","374674","20220615193000","5052","0","新北市","新店區","121.535","24.985","4468"
"267","374675","20220615193000","412","0","新北市","新店區","121.540","24.985","267"
"39","374676","20220615193000","1148","0","新北市","新店區","121.505","24.945","44"
"803","374679","20220615193000","432","3","新北市","新店區","121.500","24.955","776"
"836","374680","20220615193000","632","2","新北市","新店區","121.505","24.955","629"
"44","374683","20220615193000","37","1","新北市","新店區","121.500","24.960","47"
"2857","374685","20220615193000","3487","0","新北市","新店區","121.510","24.960","2812"
"313","374692","20220615193000","610","0","新北市","中和區","121.490","24.980","365"
"1081","374694","20220615193000","727","2","新北市","中和區","121.490","24.985","1076"
"347","374695","20220615193000","230","3","新北市","中和區","121.495","24.985","354"
"18","374714","20220615193000","19","0","新北市","坪林區","121.735","24.950","16"
"135","374733","20220615193000","133","1","新北市","坪林區","121.700","24.960","154"
"120","374748","20220615193000","94","2","新北市","坪林區","121.725","24.960","120"
"38","374749","20220615193000","26","2","新北市","坪林區","121.705","24.965","38"
"156","374755","20220615193000","180","0","新北市","坪林區","121.705","24.935","179"
"83","374759","20220615193000","263","0","新北市","坪林區","121.710","24.940","73"
"283","374760","20220615193000","292","0","新北市","坪林區","121.720","24.940","283"
"70","374766","20220615193000","173","0","新北市","坪林區","121.700","24.950","50"
"27","374772","20220615193000","18","3","新北市","坪林區","121.710","24.890","26"
"32","374784","20220615193000","25","2","新北市","坪林區","121.700","24.905","32"
"28","374792","20220615193000","17","3","新北市","坪林區","121.700","24.915","15"
"32","374801","20220615193000","26","2","新北市","坪林區","121.700","24.920","33"
"165","374804","20220615193000","147","1","新北市","坪林區","121.695","24.925","159"
"188","374823","20220615193000","193","0","新北市","坪林區","121.715","24.925","165"
"43","374907","20220615193000","19","3","新北市","坪林區","121.785","24.955","22"
"29","374921","20220615193000","39","0","新北市","坪林區","121.730","24.965","33"
"22","374929","20220615193000","18","2","新北市","坪林區","121.770","24.965","18"
"15","374932","20220615193000","13","1","新北市","坪林區","121.785","24.965","12"
"14","374980","20220615193000","12","1","新北市","坪林區","121.730","24.895","15"
"10","375116","20220615193000","37","0","新北市","坪林區","121.680","24.915","10"
"60","375126","20220615193000","71","0","新北市","坪林區","121.680","24.930","66"
"53","375135","20220615193000","47","1","新北市","石碇區","121.665","24.940","48"
"1189","375152","20220615193000","962","2","新北市","新店區","121.535","24.980","1204"
"563","375153","20220615193000","466","2","新北市","新店區","121.495","24.945","518"
"726","375154","20220615193000","511","2","新北市","新店區","121.495","24.950","753"
"2154","375155","20220615193000","4066","0","新北市","新店區","121.545","24.970","2152"
"408","375159","20220615193000","316","2","新北市","新店區","121.535","24.940","452"
"424","375160","20220615193000","211","3","新北市","新店區","121.540","24.940","411"
"2326","375167","20220615193000","2250","1","桃園市","八德區","121.295","24.960","2356"
"677","375168","20220615193000","311","3","桃園市","中壢區","121.205","24.965","543"
"17","375172","20220615193000","29","0","桃園市","中壢區","121.190","24.975","14"
"38","375176","20220615193000","82","0","桃園市","中壢區","121.210","24.975","42"
"2757","375180","20220615193000","3307","0","桃園市","中壢區","121.255","24.975","2675"
"1382","375181","20220615193000","1181","1","桃園市","平鎮區","121.220","24.950","1422"
"1570","375182","20220615193000","1575","0","桃園市","中壢區","121.225","24.945","1664"
"3746","375183","20220615193000","2715","2","桃園市","中壢區","121.230","24.955","3828"
"551","375185","20220615193000","882","0","桃園市","中壢區","121.220","24.985","583"
"2539","375190","20220615193000","2812","0","桃園市","八德區","121.300","24.960","2460"
"1553","375191","20220615193000","1107","2","新竹縣","湖口鄉","121.050","24.905","1601"
"698","375194","20220615193000","513","2","新竹縣","湖口鄉","121.055","24.910","720"
"438","375195","20220615193000","304","2","新竹縣","湖口鄉","121.050","24.915","457"
"1205","375199","20220615193000","1910","0","桃園市","楊梅區","121.060","24.920","1208"
"286","375200","20220615193000","220","2","新竹縣","湖口鄉","121.055","24.925","268"
"2120","375202","20220615193000","2119","1","桃園市","八德區","121.295","24.965","2206"
"2637","375203","20220615193000","2263","1","桃園市","中壢區","121.225","24.955","2393"
"1804","375204","20220615193000","1596","1","桃園市","中壢區","121.225","24.960","1814"
"1476","375206","20220615193000","1649","0","桃園市","中壢區","121.260","24.965","1413"
"1314","375207","20220615193000","1349","0","桃園市","八德區","121.300","24.970","1376"
"2949","375208","20220615193000","1935","3","桃園市","桃園區","121.305","24.975","3185"
"1197","375209","20220615193000","1483","0","桃園市","八德區","121.300","24.975","1244"
"36","375211","20220615193000","36","1","桃園市","八德區","121.315","24.940","17"
"488","375215","20220615193000","378","2","桃園市","八德區","121.300","24.925","511"
"1438","375216","20220615193000","647","3","新北市","土城區","121.450","24.990","1424"
"1393","375217","20220615193000","2166","0","新北市","土城區","121.440","24.975","1412"
"1867","375218","20220615193000","1554","2","新北市","土城區","121.465","24.975","1985"
"1051","375220","20220615193000","1572","0","新北市","新店區","121.540","24.970","1285"
"73","375228","20220615193000","67","1","新北市","新店區","121.470","24.940","66"
"250","375229","20220615193000","266","0","新北市","新店區","121.475","24.940","255"
"57","375230","20220615193000","498","0","新北市","新店區","121.480","24.940","43"
"197","375239","20220615193000","272","0","新北市","新店區","121.485","24.950","229"
"96","375241","20220615193000","198","0","新北市","新店區","121.510","24.965","62"
"1012","375244","20220615193000","1310","0","新北市","新店區","121.510","24.970","1034"
"1128","375246","20220615193000","1065","1","新北市","新店區","121.515","24.970","983"
"1458","375247","20220615193000","1931","0","桃園市","中壢區","121.210","24.965","1446"
"1707","375250","20220615193000","2034","0","桃園市","中壢區","121.235","24.970","1529"
"608","375252","20220615193000","535","1","桃園市","中壢區","121.235","24.975","613"
"319","375253","20220615193000","815","0","桃園市","中壢區","121.235","24.980","521"
"81","375255","20220615193000","290","0","桃園市","中壢區","121.235","24.985","98"
"1332","375256","20220615193000","1322","1","桃園市","中壢區","121.230","24.990","1255"
"2086","375258","20220615193000","1624","2","桃園市","八德區","121.295","24.945","2148"
"490","375259","20220615193000","600","0","桃園市","八德區","121.295","24.950","491"
"1083","375260","20220615193000","830","2","桃園市","八德區","121.275","24.965","1111"
"570","375261","20220615193000","646","0","桃園市","八德區","121.280","24.970","584"
"1342","375264","20220615193000","2147","0","桃園市","中壢區","121.195","24.960","1358"
"107","375265","20220615193000","233","0","桃園市","中壢區","121.200","24.960","78"
"3077","375266","20220615193000","3878","0","桃園市","平鎮區","121.190","24.965","3054"
"724","375269","20220615193000","746","0","桃園市","平鎮區","121.190","24.970","697"
"2978","375271","20220615193000","1471","3","桃園市","中壢區","121.205","24.960","3050"
"2270","375272","20220615193000","1602","2","桃園市","中壢區","121.260","24.950","2364"
"2731","375273","20220615193000","1651","3","桃園市","中壢區","121.260","24.955","2649"
"724","375274","20220615193000","477","3","桃園市","八德區","121.290","24.960","694"
"851","375275","20220615193000","1404","0","桃園市","八德區","121.265","24.970","814"
"216","375276","20220615193000","607","0","桃園市","八德區","121.275","24.970","224"
"499","375278","20220615193000","380","2","桃園市","八德區","121.270","24.970","503"
"1220","375279","20220615193000","1077","1","桃園市","八德區","121.275","24.975","1208"
"1111","375281","20220615193000","1179","0","桃園市","八德區","121.295","24.925","1205"
"333","375296","20220615193000","222","3","新竹縣","新豐鄉","121.005","24.925","341"
"299","375299","20220615193000","281","1","新竹縣","新豐鄉","121.020","24.925","309"
"188","375303","20220615193000","120","3","新竹縣","新豐鄉","120.965","24.895","186"
"255","375308","20220615193000","282","0","新竹縣","新豐鄉","120.970","24.900","244"
"1428","375316","20220615193000","2073","0","新北市","土城區","121.420","24.960","1337"
"510","375317","20220615193000","653","0","新北市","土城區","121.410","24.955","563"
"1192","375318","20220615193000","720","3","新北市","土城區","121.415","24.955","1208"
"209","375319","20220615193000","191","1","新北市","新店區","121.515","24.980","204"
"127","375320","20220615193000","72","3","新北市","新店區","121.515","24.945","142"
"424","375321","20220615193000","393","1","新北市","新店區","121.520","24.945","437"
"49","375323","20220615193000","60","0","新北市","新店區","121.520","24.950","45"
"59","375324","20220615193000","17","3","新北市","新店區","121.525","24.950","66"
"365","375325","20220615193000","323","1","新北市","新店區","121.515","24.955","341"
"1075","375326","20220615193000","583","3","新北市","新店區","121.520","24.955","1092"
"224","375330","20220615193000","192","1","新北市","新店區","121.530","24.960","222"
"683","375332","20220615193000","597","1","新北市","新店區","121.525","24.965","650"
"12","375333","20220615193000","782","0","新北市","新店區","121.520","24.965","12"
"2047","375335","20220615193000","2664","0","新北市","新店區","121.540","24.975","1979"
"514","375346","20220615193000","706","0","新北市","新店區","121.505","24.920","513"
"502","375357","20220615193000","434","1","新北市","新店區","121.510","24.925","575"
"33","375361","20220615193000","21","3","新北市","新店區","121.530","24.925","24"
"4901","375369","20220615193000","4975","0","新北市","新店區","121.540","24.980","5122"
"1011","375370","20220615193000","1083","0","新北市","新店區","121.530","24.950","1052"
"1423","375371","20220615193000","1137","2","新北市","新店區","121.550","24.955","1461"
"126","375372","20220615193000","296","0","新北市","新店區","121.555","24.955","135"
"529","375374","20220615193000","524","1","新北市","新店區","121.555","24.965","576"
"68","375384","20220615193000","60","1","新北市","新店區","121.500","24.920","73"
"72","375390","20220615193000","71","1","新北市","新店區","121.505","24.930","90"
"34","375394","20220615193000","28","2","新北市","新店區","121.510","24.935","37"
"471","375399","20220615193000","435","1","新北市","新店區","121.505","24.940","442"
"1515","375400","20220615193000","1164","2","桃園市","八德區","121.320","24.960","1527"
"1803","375401","20220615193000","1701","1","桃園市","八德區","121.325","24.970","1756"
"872","375402","20220615193000","726","2","桃園市","八德區","121.300","24.930","860"
"426","375403","20220615193000","481","0","桃園市","八德區","121.305","24.930","442"
"157","375404","20220615193000","136","1","桃園市","八德區","121.300","24.935","138"
"476","375405","20220615193000","628","0","桃園市","八德區","121.305","24.935","454"
"221","375407","20220615193000","264","0","桃園市","八德區","121.300","24.940","240"
"654","375408","20220615193000","504","2","桃園市","八德區","121.305","24.940","645"
"724","375410","20220615193000","813","0","桃園市","八德區","121.255","24.920","710"
"336","375417","20220615193000","446","0","桃園市","八德區","121.260","24.925","353"
"1177","375419","20220615193000","1052","1","桃園市","八德區","121.270","24.975","1153"
"3156","375420","20220615193000","3823","0","桃園市","中壢區","121.240","24.955","3017"
"1048","375421","20220615193000","2622","0","桃園市","中壢區","121.240","24.960","1071"
"1049","375422","20220615193000","1019","1","桃園市","中壢區","121.245","24.960","966"
"2215","375427","20220615193000","1589","2","桃園市","中壢區","121.255","24.960","2317"
"133","375435","20220615193000","116","1","新竹縣","新豐鄉","121.005","24.930","120"
"10","375443","20220615193000","14","0","新竹縣","新豐鄉","121.015","24.935","13"
"220","375452","20220615193000","179","2","新竹縣","新豐鄉","121.000","24.905","238"
"404","375460","20220615193000","325","2","新竹縣","新豐鄉","121.010","24.910","426"
"418","375465","20220615193000","495","0","新竹縣","新豐鄉","121.025","24.915","454"
"429","375468","20220615193000","302","2","新竹縣","新豐鄉","121.035","24.930","453"
"1462","375480","20220615193000","1376","1","新竹縣","新豐鄉","120.985","24.900","1503"
"986","375481","20220615193000","872","1","新竹縣","新豐鄉","120.990","24.900","903"
"944","375484","20220615193000","1819","0","桃園市","中壢區","121.235","24.950","929"
"2697","375485","20220615193000","2247","2","新北市","土城區","121.445","24.970","2871"
"1011","375486","20220615193000","570","3","新北市","土城區","121.445","24.975","1012"
"2740","375487","20220615193000","2366","1","新北市","新店區","121.530","24.970","2890"
"2108","375488","20220615193000","1477","2","新北市","新店區","121.525","24.975","1924"
"947","375489","20220615193000","509","3","新北市","新店區","121.530","24.975","927"
"182","375490","20220615193000","128","2","新北市","新店區","121.525","24.980","166"
"2386","375492","20220615193000","1983","2","新北市","土城區","121.435","24.970","2465"
"2622","375493","20220615193000","3136","0","新北市","新店區","121.545","24.965","2570"
"3332","375495","20220615193000","5238","0","新北市","新店區","121.535","24.975","3464"
"444","375515","20220615193000","355","2","新北市","新店區","121.555","24.930","442"
"58","375517","20220615193000","45","2","新北市","新店區","121.565","24.930","42"
"477","375521","20220615193000","519","0","新北市","新店區","121.550","24.935","469"
"929","375529","20220615193000","1132","0","新北市","新店區","121.530","24.965","975"
"1152","375530","20220615193000","1500","0","新北市","新店區","121.475","24.955","573"
"803","375534","20220615193000","901","0","新北市","中和區","121.485","24.965","817"
"1377","375536","20220615193000","789","3","桃園市","中壢區","121.245","24.935","1537"
"1589","375537","20220615193000","1220","2","桃園市","中壢區","121.260","24.970","1506"
"710","375539","20220615193000","1139","0","桃園市","中壢區","121.255","24.935","688"
"521","375540","20220615193000","506","1","桃園市","中壢區","121.260","24.935","567"
"1142","375541","20220615193000","1730","0","桃園市","中壢區","121.250","24.940","1123"
"731","375542","20220615193000","277","3","桃園市","中壢區","121.260","24.940","516"
"1880","375543","20220615193000","1208","3","桃園市","中壢區","121.240","24.950","2017"
"450","375544","20220615193000","429","1","桃園市","中壢區","121.245","24.950","450"
"1018","375548","20220615193000","705","2","桃園市","觀音區","121.150","24.965","1019"
"305","375551","20220615193000","302","1","桃園市","觀音區","121.140","24.975","291"
"170","375559","20220615193000","92","3","桃園市","觀音區","121.135","24.985","170"
"1096","375569","20220615193000","966","1","桃園市","觀音區","121.165","24.990","1074"
"489","375572","20220615193000","330","2","桃園市","八德區","121.320","24.945","442"
"368","375574","20220615193000","390","0","桃園市","八德區","121.315","24.950","367"
"827","375577","20220615193000","1346","0","桃園市","八德區","121.315","24.955","825"
"1223","375578","20220615193000","1271","0","桃園市","八德區","121.295","24.970","1306"
"429","375581","20220615193000","412","1","桃園市","蘆竹區","121.270","24.990","359"
"109","375593","20220615193000","171","0","新北市","石碇區","121.675","24.970","97"
"26","375644","20220615193000","24","1","新北市","石碇區","121.635","24.950","29"
"48","375652","20220615193000","56","0","新北市","石碇區","121.635","24.955","54"
"37","375653","20220615193000","36","1","新北市","石碇區","121.640","24.955","40"
"100","375655","20220615193000","104","0","新北市","石碇區","121.650","24.955","86"
"108","375667","20220615193000","96","1","新北市","石碇區","121.630","24.965","116"
"19","375811","20220615193000","14","2","新北市","石碇區","121.645","24.930","16"
"17","375836","20220615193000","13","2","新北市","石碇區","121.660","24.950","15"
"41","375839","20220615193000","46","0","新北市","石碇區","121.670","24.980","34"
"44","375840","20220615193000","19","3","新北市","石碇區","121.675","24.980","55"
"77","375891","20220615193000","66","1","新北市","石碇區","121.660","24.975","72"
"100","375897","20220615193000","72","2","新北市","石碇區","121.665","24.980","95"
"35","375941","20220615193000","35","1","新北市","貢寮區","121.885","24.985","37"
"162","375959","20220615193000","120","2","新北市","土城區","121.445","24.960","168"
"923","375963","20220615193000","882","1","新北市","土城區","121.435","24.975","930"
"1338","375967","20220615193000","922","2","新北市","土城區","121.440","24.970","1411"
"445","375969","20220615193000","395","1","新北市","土城區","121.455","24.970","455"
"260","375970","20220615193000","210","2","新北市","新店區","121.550","24.960","265"
"470","375971","20220615193000","480","0","新北市","新店區","121.550","24.965","517"
"34","375972","20220615193000","36","0","新北市","新店區","121.580","24.910","36"
"194","375990","20220615193000","166","1","新北市","新店區","121.570","24.930","182"
"60","375994","20220615193000","42","2","新北市","新店區","121.590","24.930","63"
"11","376009","20220615193000","12","0","新北市","新店區","121.590","24.940","15"
"80","376023","20220615193000","87","0","新北市","新店區","121.580","24.950","95"
"47","376024","20220615193000","33","2","新北市","新店區","121.585","24.950","44"
"15","376031","20220615193000","12","2","新北市","新店區","121.595","24.955","23"
"17","376033","20220615193000","20","0","新北市","新店區","121.605","24.955","18"
"199","376045","20220615193000","224","0","新北市","新店區","121.500","24.935","222"
"18","376049","20220615193000","58","0","新北市","新店區","121.500","24.940","19"
"88","376050","20220615193000","73","2","新北市","新店區","121.485","24.945","94"
"1862","376051","20220615193000","1882","0","新北市","新店區","121.490","24.945","1867"
"319","376052","20220615193000","329","0","新北市","新店區","121.490","24.950","331"
"670","376060","20220615193000","543","2","新北市","新店區","121.545","24.955","725"
"1025","376063","20220615193000","925","1","新北市","新店區","121.560","24.955","1072"
"1130","376064","20220615193000","901","2","新北市","新店區","121.565","24.955","1196"
"51","376065","20220615193000","54","0","新北市","新店區","121.570","24.955","61"
"16","376072","20220615193000","39","0","新北市","新店區","121.580","24.960","17"
"35","376096","20220615193000","15","3","新北市","新店區","121.570","24.900","29"
"13","376099","20220615193000","252","0","新北市","新店區","121.555","24.905","19"
"395","376101","20220615193000","436","0","新北市","新店區","121.545","24.910","408"
"690","376106","20220615193000","480","2","桃園市","觀音區","121.155","24.975","768"
"376","376109","20220615193000","215","3","桃園市","觀音區","121.150","24.980","382"
"300","376115","20220615193000","321","0","桃園市","觀音區","121.135","24.990","262"
"2502","376118","20220615193000","3385","0","新北市","新店區","121.515","24.985","2323"
"514","376123","20220615193000","539","0","新北市","土城區","121.445","24.950","521"
"340","376130","20220615193000","135","3","新北市","土城區","121.440","24.965","335"
"368","376131","20220615193000","409","0","新北市","土城區","121.430","24.970","400"
"1094","376132","20220615193000","906","2","新北市","土城區","121.435","24.965","1144"
"370","376133","20220615193000","327","1","新北市","板橋區","121.430","24.975","377"
"1717","376134","20220615193000","2787","0","臺北市","文山區","121.545","24.985","1584"
"362","376135","20220615193000","480","0","新北市","新店區","121.510","24.950","402"
"1205","376136","20220615193000","870","2","新北市","新店區","121.515","24.960","1261"
"53","376137","20220615193000","1824","0","新北市","新店區","121.515","24.965","62"
"1927","376141","20220615193000","2396","0","桃園市","八德區","121.320","24.965","2016"
"554","376145","20220615193000","372","2","新竹縣","湖口鄉","121.060","24.895","589"
"252","376148","20220615193000","1709","0","新北市","土城區","121.455","24.980","200"
"378","376149","20220615193000","1280","0","新北市","土城區","121.450","24.980","426"
"174","376150","20220615193000","1026","0","新北市","新店區","121.540","24.955","183"
"273","376151","20220615193000","884","0","桃園市","中壢區","121.255","24.940","385"
"1307","376153","20220615193000","1154","1","桃園市","中壢區","121.250","24.965","1258"
"2115","376154","20220615193000","2994","0","桃園市","中壢區","121.255","24.965","2166"
"2803","376155","20220615193000","5253","0","桃園市","中壢區","121.250","24.970","3295"
"91","376156","20220615193000","102","0","桃園市","八德區","121.320","24.955","71"
"160","376157","20220615193000","499","0","桃園市","八德區","121.325","24.955","118"
"828","376160","20220615193000","501","3","桃園市","八德區","121.325","24.965","835"
"3846","376161","20220615193000","3597","1","桃園市","桃園區","121.280","24.990","3942"
"129","376176","20220615193000","135","0","新北市","樹林區","121.405","24.990","140"
"14","376177","20220615193000","39","0","新北市","樹林區","121.410","24.990","14"
"585","376178","20220615193000","541","1","桃園市","平鎮區","121.205","24.895","876"
"338","376179","20220615193000","412","0","桃園市","平鎮區","121.195","24.895","335"
"1302","376180","20220615193000","1515","0","桃園市","平鎮區","121.200","24.895","1229"
"854","376181","20220615193000","713","1","桃園市","平鎮區","121.195","24.900","866"
"324","376183","20220615193000","239","2","桃園市","平鎮區","121.205","24.900","327"
"431","376184","20220615193000","525","0","桃園市","平鎮區","121.195","24.905","412"
"407","376185","20220615193000","485","0","桃園市","平鎮區","121.200","24.905","404"
"188","376189","20220615193000","165","1","桃園市","平鎮區","121.215","24.900","196"
"498","376192","20220615193000","472","1","桃園市","平鎮區","121.215","24.905","428"
"2198","376194","20220615193000","2450","0","桃園市","桃園區","121.315","24.985","2364"
"1247","376195","20220615193000","1075","1","桃園市","中壢區","121.245","24.945","1273"
"651","376196","20220615193000","384","3","桃園市","中壢區","121.250","24.945","676"
"251","376199","20220615193000","170","2","新北市","石碇區","121.660","24.990","250"
"72","376200","20220615193000","48","3","新北市","石碇區","121.685","24.960","57"
"48","376205","20220615193000","58","0","新北市","石碇區","121.680","24.970","42"
"202","376222","20220615193000","261","0","新北市","石碇區","121.690","24.980","180"
"360","376245","20220615193000","588","0","新北市","鶯歌區","121.340","24.960","368"
"208","376246","20220615193000","366","0","新北市","鶯歌區","121.340","24.965","216"
"175","376248","20220615193000","103","3","新北市","鶯歌區","121.340","24.970","178"
"461","376251","20220615193000","562","0","新北市","鶯歌區","121.345","24.975","462"
"237","376258","20220615193000","151","3","新北市","鶯歌區","121.320","24.935","228"
"684","376259","20220615193000","646","1","新北市","鶯歌區","121.325","24.935","682"
"357","376260","20220615193000","438","0","新北市","鶯歌區","121.330","24.935","364"
"370","376263","20220615193000","348","1","新北市","鶯歌區","121.330","24.940","316"
"296","376265","20220615193000","292","1","新北市","鶯歌區","121.335","24.930","290"
"538","376268","20220615193000","452","1","新北市","鶯歌區","121.345","24.935","539"
"2413","376269","20220615193000","2197","1","新北市","鶯歌區","121.355","24.955","2493"
"768","376270","20220615193000","973","0","新北市","鶯歌區","121.360","24.955","803"
"683","376273","20220615193000","475","2","新北市","鶯歌區","121.355","24.940","672"
"213","376274","20220615193000","397","0","新北市","鶯歌區","121.350","24.945","216"
"449","376277","20220615193000","387","1","新北市","鶯歌區","121.350","24.950","463"
"1593","376280","20220615193000","1156","2","新北市","樹林區","121.395","24.970","1585"
"615","376281","20220615193000","482","2","桃園市","楊梅區","121.185","24.915","684"
"764","376282","20220615193000","707","1","桃園市","楊梅區","121.180","24.920","729"
"583","376283","20220615193000","572","1","桃園市","楊梅區","121.185","24.920","607"
"612","376284","20220615193000","408","3","桃園市","中壢區","121.215","24.960","541"
"1212","376285","20220615193000","3321","0","桃園市","中壢區","121.215","24.965","1221"
"127","376287","20220615193000","34","3","桃園市","中壢區","121.175","24.975","90"
"243","376293","20220615193000","327","0","桃園市","中壢區","121.190","24.980","219"
"33","376295","20220615193000","44","0","桃園市","中壢區","121.175","24.980","31"
"1235","376297","20220615193000","900","2","桃園市","中壢區","121.185","24.980","1303"
"299","376300","20220615193000","313","0","桃園市","中壢區","121.175","24.985","284"
"189","376301","20220615193000","111","3","桃園市","中壢區","121.180","24.985","183"
"2081","376307","20220615193000","1377","3","桃園市","八德區","121.260","24.930","1949"
"1422","376308","20220615193000","1355","1","桃園市","平鎮區","121.220","24.945","1417"
"1384","376309","20220615193000","2029","0","桃園市","楊梅區","121.150","24.905","1358"
"480","376311","20220615193000","473","1","桃園市","平鎮區","121.220","24.920","472"
"571","376312","20220615193000","496","1","桃園市","平鎮區","121.220","24.925","574"
"1246","376313","20220615193000","920","2","桃園市","平鎮區","121.205","24.915","1234"
"981","376315","20220615193000","1043","0","新北市","樹林區","121.390","24.960","994"
"56","376320","20220615193000","59","0","新北市","樹林區","121.395","24.965","41"
"18","376321","20220615193000","134","0","新北市","樹林區","121.400","24.965","18"
"239","376325","20220615193000","186","2","新北市","樹林區","121.405","24.970","218"
"4343","376326","20220615193000","3980","1","新北市","樹林區","121.380","24.945","4441"
"637","376327","20220615193000","546","1","新北市","樹林區","121.385","24.945","639"
"2397","376330","20220615193000","2121","1","新北市","樹林區","121.380","24.950","2173"
"535","376331","20220615193000","609","0","新北市","樹林區","121.385","24.950","564"
"1871","376333","20220615193000","2087","0","新北市","樹林區","121.395","24.950","1907"
"450","376335","20220615193000","515","0","新北市","板橋區","121.435","24.990","465"
"4989","376337","20220615193000","4510","1","新北市","土城區","121.450","24.985","6028"
"807","376338","20220615193000","817","0","桃園市","中壢區","121.245","24.985","713"
"1198","376341","20220615193000","1064","1","桃園市","中壢區","121.240","24.990","1352"
"458","376344","20220615193000","685","0","桃園市","中壢區","121.255","24.990","424"
"1521","376345","20220615193000","1153","2","桃園市","中壢區","121.255","24.980","1525"
"667","376347","20220615193000","675","0","桃園市","中壢區","121.260","24.945","597"
"480","376348","20220615193000","657","0","桃園市","中壢區","121.255","24.950","474"
"1420","376349","20220615193000","1221","1","桃園市","中壢區","121.165","24.960","1515"
"509","376350","20220615193000","566","0","桃園市","中壢區","121.170","24.960","468"
"886","376351","20220615193000","954","0","桃園市","新屋區","121.155","24.960","967"
"306","376352","20220615193000","286","1","桃園市","中壢區","121.155","24.965","284"
"629","376353","20220615193000","576","1","桃園市","中壢區","121.160","24.965","541"
"259","376358","20220615193000","257","1","桃園市","中壢區","121.160","24.970","236"
"1744","376361","20220615193000","1184","2","桃園市","中壢區","121.175","24.970","1800"
"1355","376370","20220615193000","1026","2","新北市","樹林區","121.420","24.980","1380"
"1365","376373","20220615193000","1229","1","新北市","樹林區","121.420","24.975","1303"
"3012","376375","20220615193000","2155","2","新北市","板橋區","121.425","24.985","2999"
"2720","376380","20220615193000","3060","0","新北市","板橋區","121.430","24.985","2676"
"1188","376381","20220615193000","916","2","桃園市","平鎮區","121.250","24.925","1135"
"17","376385","20220615193000","57","0","桃園市","龜山區","121.350","24.985","21"
"474","376391","20220615193000","597","0","桃園市","龜山區","121.360","24.990","498"
"36","376392","20220615193000","32","1","桃園市","龜山區","121.365","24.990","29"
"84","376393","20220615193000","99","0","桃園市","龜山區","121.370","24.990","95"
"121","376400","20220615193000","292","0","桃園市","楊梅區","121.105","24.910","134"
"257","376403","20220615193000","258","0","桃園市","楊梅區","121.120","24.910","262"
"251","376407","20220615193000","266","0","桃園市","楊梅區","121.100","24.915","229"
"1243","376412","20220615193000","892","2","桃園市","楊梅區","121.125","24.915","1266"
"192","376419","20220615193000","178","1","新竹縣","湖口鄉","121.105","24.895","178"
"22","376422","20220615193000","136","0","桃園市","楊梅區","121.085","24.900","17"
"918","376427","20220615193000","638","2","桃園市","楊梅區","121.060","24.905","949"
"386","376431","20220615193000","265","2","桃園市","楊梅區","121.080","24.905","391"
"715","376438","20220615193000","591","2","桃園市","楊梅區","121.070","24.910","604"
"315","376440","20220615193000","296","1","桃園市","楊梅區","121.080","24.910","331"
"411","376443","20220615193000","350","1","桃園市","楊梅區","121.095","24.910","432"
"495","376447","20220615193000","579","0","桃園市","楊梅區","121.075","24.915","545"
"621","376456","20220615193000","687","0","桃園市","楊梅區","121.125","24.940","597"
"480","376457","20220615193000","185","3","桃園市","楊梅區","121.130","24.940","519"
"167","376471","20220615193000","195","0","新北市","深坑區","121.620","24.980","171"
"606","376485","20220615193000","836","0","新北市","樹林區","121.415","24.985","629"
"2243","376486","20220615193000","2183","1","新北市","樹林區","121.425","24.990","2215"
"938","376487","20220615193000","1326","0","桃園市","平鎮區","121.200","24.945","823"
"3861","376488","20220615193000","3397","1","桃園市","平鎮區","121.205","24.945","4005"
"1533","376490","20220615193000","2240","0","桃園市","平鎮區","121.210","24.950","1581"
"1431","376491","20220615193000","1518","0","桃園市","平鎮區","121.210","24.900","1411"
"2025","376492","20220615193000","1744","1","桃園市","平鎮區","121.210","24.905","2084"
"11","376500","20220615193000","25","0","新北市","土城區","121.445","24.940","11"
"51","376502","20220615193000","50","1","新北市","土城區","121.415","24.945","37"
"260","376508","20220615193000","224","1","新北市","土城區","121.410","24.950","211"
"278","376509","20220615193000","179","3","新北市","土城區","121.415","24.950","286"
"3345","376510","20220615193000","2317","2","桃園市","中壢區","121.230","24.945","3316"
"2476","376511","20220615193000","2687","0","桃園市","中壢區","121.235","24.955","2361"
"20","376512","20220615193000","16","2","桃園市","中壢區","121.220","24.970","23"
"437","376514","20220615193000","474","0","桃園市","中壢區","121.220","24.975","475"
"818","376517","20220615193000","412","3","桃園市","中壢區","121.215","24.980","819"
"41","376518","20220615193000","236","0","桃園市","中壢區","121.220","24.980","28"
"3771","376521","20220615193000","3448","1","桃園市","中壢區","121.220","24.960","3598"
"334","376522","20220615193000","215","3","新竹縣","新豐鄉","121.000","24.895","338"
"145","376524","20220615193000","93","3","新竹縣","新豐鄉","121.010","24.895","138"
"821","376531","20220615193000","755","1","桃園市","平鎮區","121.255","24.925","832"
"775","376532","20220615193000","520","2","新北市","樹林區","121.415","24.975","807"
"332","376533","20220615193000","635","0","新北市","樹林區","121.400","24.970","324"
"2739","376539","20220615193000","2372","1","新北市","樹林區","121.420","24.985","2802"
"3756","376540","20220615193000","2407","3","新北市","土城區","121.460","24.980","3758"
"1577","376541","20220615193000","1589","0","新北市","土城區","121.460","24.985","1645"
"2272","376542","20220615193000","2631","0","新北市","板橋區","121.430","24.990","2369"
"29","376544","20220615193000","25","1","新北市","平溪區","121.725","24.975","23"
"4682","376577","20220615193000","4227","1","新北市","板橋區","121.460","24.990","4739"
"406","376578","20220615193000","1043","0","新北市","土城區","121.465","24.980","448"
"520","376584","20220615193000","433","2","新北市","土城區","121.425","24.960","479"
"463","376586","20220615193000","838","0","新北市","土城區","121.435","24.960","490"
"876","376587","20220615193000","1723","0","新北市","土城區","121.430","24.965","940"
"3269","376588","20220615193000","2231","2","桃園市","八德區","121.305","24.965","3379"
"1232","376589","20220615193000","936","2","桃園市","桃園區","121.295","24.975","1090"
"990","376592","20220615193000","681","2","桃園市","中壢區","121.230","24.940","1014"
"1698","376594","20220615193000","1227","2","桃園市","平鎮區","121.245","24.915","1754"
"2038","376595","20220615193000","1874","1","桃園市","八德區","121.295","24.955","2056"
"85","376597","20220615193000","38","3","新竹縣","新豐鄉","120.980","24.925","71"
"506","376607","20220615193000","478","1","新竹縣","新豐鄉","120.985","24.920","491"
"1288","376614","20220615193000","986","2","新竹縣","新豐鄉","120.990","24.930","1363"
"860","376622","20220615193000","985","0","桃園市","中壢區","121.230","24.970","837"
"798","376623","20220615193000","655","2","桃園市","中壢區","121.225","24.975","772"
"1047","376624","20220615193000","1508","0","桃園市","中壢區","121.230","24.975","1161"
"896","376627","20220615193000","703","2","桃園市","中壢區","121.230","24.980","917"
"118","376628","20220615193000","43","3","新竹縣","湖口鄉","121.035","24.900","90"
"148","376629","20220615193000","153","0","新竹縣","湖口鄉","121.040","24.900","122"
"1187","376633","20220615193000","746","3","新竹縣","湖口鄉","121.040","24.895","1166"
"834","376636","20220615193000","489","3","新竹縣","湖口鄉","121.040","24.915","825"
"331","376641","20220615193000","171","3","新竹縣","湖口鄉","121.040","24.925","301"
"299","376651","20220615193000","148","3","新竹縣","湖口鄉","121.045","24.935","317"
"1704","376653","20220615193000","1526","1","桃園市","中壢區","121.235","24.965","1612"
"102","376655","20220615193000","95","1","桃園市","中壢區","121.240","24.970","88"
"197","376656","20220615193000","653","0","桃園市","中壢區","121.255","24.930","197"
"662","376658","20220615193000","470","2","新竹縣","湖口鄉","121.065","24.895","652"
"423","376665","20220615193000","332","2","新北市","鶯歌區","121.355","24.950","391"
"659","376666","20220615193000","781","0","新北市","鶯歌區","121.335","24.955","648"
"2067","376667","20220615193000","1844","1","新北市","鶯歌區","121.330","24.960","2138"
"282","376668","20220615193000","233","2","新北市","鶯歌區","121.335","24.960","211"
"444","376670","20220615193000","312","2","新北市","鶯歌區","121.340","24.950","449"
"1308","376674","20220615193000","1094","1","新北市","鶯歌區","121.330","24.965","1319"
"2178","376675","20220615193000","2185","0","新北市","樹林區","121.425","24.980","2097"
"140","376679","20220615193000","119","1","新北市","樹林區","121.405","24.955","123"
"553","376680","20220615193000","530","1","新北市","樹林區","121.405","24.960","534"
"485","376682","20220615193000","489","0","新北市","樹林區","121.410","24.970","497"
"403","376685","20220615193000","219","3","新北市","樹林區","121.400","24.975","313"
"523","376686","20220615193000","319","3","新北市","樹林區","121.405","24.975","481"
"1445","376687","20220615193000","1901","0","新北市","樹林區","121.410","24.975","1463"
"81","376690","20220615193000","99","0","新北市","樹林區","121.400","24.980","73"
"1497","376699","20220615193000","1312","1","新北市","樹林區","121.410","24.980","1489"
"809","376700","20220615193000","679","1","新北市","樹林區","121.415","24.990","794"
"1399","376701","20220615193000","1080","2","新北市","新店區","121.500","24.945","1425"
"81","376703","20220615193000","69","1","新北市","新店區","121.565","24.905","73"
"462","376717","20220615193000","377","2","新北市","新店區","121.550","24.920","483"
"3452","376725","20220615193000","1716","3","新北市","新店區","121.540","24.960","3515"
"22","376752","20220615193000","15","2","新北市","新店區","121.535","24.905","20"
"22","376759","20220615193000","19","1","新北市","新店區","121.535","24.910","28"
"23","376761","20220615193000","20","1","新北市","新店區","121.520","24.915","28"
"51","376764","20220615193000","58","0","新北市","新店區","121.535","24.915","54"
"53","376766","20220615193000","43","2","新北市","新店區","121.545","24.915","58"
"2830","376768","20220615193000","3277","0","新北市","土城區","121.445","24.985","2831"
"1113","376769","20220615193000","1037","1","新北市","土城區","121.450","24.975","1100"
"644","376770","20220615193000","519","2","新北市","土城區","121.455","24.975","589"
"2026","376772","20220615193000","2317","0","新北市","土城區","121.415","24.960","1988"
"245","376774","20220615193000","1312","0","新北市","土城區","121.420","24.965","203"
"656","376775","20220615193000","808","0","新北市","土城區","121.425","24.965","873"
"386","376777","20220615193000","397","0","新北市","土城區","121.425","24.970","368"
"120","376787","20220615193000","150","0","新北市","土城區","121.470","24.960","102"
"129","376788","20220615193000","104","2","新北市","土城區","121.455","24.965","110"
"32","376791","20220615193000","39","0","新北市","土城區","121.470","24.965","33"
"780","376796","20220615193000","1220","0","新北市","土城區","121.460","24.970","827"
"5196","376798","20220615193000","4505","1","新北市","新店區","121.540","24.965","5379"
"21","376801","20220615193000","14","3","桃園市","大溪區","121.305","24.895","17"
"38","376808","20220615193000","146","0","桃園市","八德區","121.280","24.930","24"
"1390","376809","20220615193000","1293","1","桃園市","八德區","121.285","24.930","1426"
"563","376810","20220615193000","449","2","桃園市","八德區","121.280","24.935","559"
"697","376813","20220615193000","683","1","桃園市","八德區","121.270","24.930","768"
"57","376815","20220615193000","53","1","桃園市","八德區","121.270","24.935","51"
"65","376817","20220615193000","55","1","桃園市","八德區","121.270","24.940","83"
"1465","376823","20220615193000","996","2","桃園市","八德區","121.280","24.925","1615"
"1606","376824","20220615193000","1365","1","桃園市","八德區","121.285","24.925","1615"
"3064","376825","20220615193000","5218","0","桃園市","中壢區","121.220","24.955","2862"
"2105","376826","20220615193000","1837","1","桃園市","中壢區","121.230","24.965","2082"
"1685","376828","20220615193000","1066","3","桃園市","八德區","121.275","24.980","1656"
"453","376829","20220615193000","747","0","桃園市","八德區","121.280","24.980","469"
"2163","376831","20220615193000","2489","0","新竹縣","湖口鄉","121.050","24.900","2089"
"3456","376832","20220615193000","3804","0","新竹縣","湖口鄉","121.045","24.900","3557"
"114","376834","20220615193000","66","3","新竹縣","湖口鄉","121.030","24.900","112"
"124","376835","20220615193000","71","3","新竹縣","湖口鄉","121.025","24.905","120"
"676","376845","20220615193000","779","0","桃園市","平鎮區","121.230","24.930","595"
"2293","376847","20220615193000","1470","3","桃園市","中壢區","121.230","24.935","2363"
"1042","376848","20220615193000","803","2","桃園市","中壢區","121.225","24.940","1056"
"1940","376849","20220615193000","1748","1","桃園市","中壢區","121.245","24.975","2004"
"2114","376850","20220615193000","2309","0","桃園市","中壢區","121.245","24.980","2181"
"789","376851","20220615193000","658","1","桃園市","中壢區","121.250","24.985","838"
"225","376852","20220615193000","254","0","桃園市","中壢區","121.240","24.985","283"
"1263","376853","20220615193000","1239","1","桃園市","八德區","121.295","24.935","1228"
"268","376854","20220615193000","250","1","桃園市","八德區","121.295","24.940","288"
"1341","376855","20220615193000","1313","1","桃園市","八德區","121.295","24.930","1321"
"732","376856","20220615193000","739","0","桃園市","龜山區","121.335","24.985","711"
"2477","376857","20220615193000","3066","0","桃園市","龜山區","121.335","24.990","2428"
"505","376860","20220615193000","872","0","桃園市","龜山區","121.345","24.980","503"
"24","376865","20220615193000","123","0","桃園市","龜山區","121.360","24.985","25"
"2276","376866","20220615193000","2452","0","桃園市","平鎮區","121.220","24.940","2278"
"290","376871","20220615193000","292","0","桃園市","楊梅區","121.185","24.905","280"
"246","376875","20220615193000","221","1","桃園市","平鎮區","121.200","24.910","263"
"1314","376878","20220615193000","686","3","桃園市","平鎮區","121.200","24.915","1279"
"205","376881","20220615193000","272","0","桃園市","平鎮區","121.200","24.920","188"
"440","376882","20220615193000","1131","0","桃園市","楊梅區","121.180","24.945","460"
"1095","376886","20220615193000","801","2","桃園市","平鎮區","121.185","24.955","1103"
"788","376887","20220615193000","564","2","桃園市","中壢區","121.175","24.960","797"
"844","376889","20220615193000","697","2","桃園市","平鎮區","121.185","24.960","880"
"680","376892","20220615193000","846","0","桃園市","中壢區","121.185","24.970","646"
"317","376894","20220615193000","276","1","桃園市","平鎮區","121.190","24.930","302"
"72","376895","20220615193000","41","3","桃園市","楊梅區","121.185","24.935","29"
"434","376899","20220615193000","422","1","桃園市","平鎮區","121.190","24.940","364"
"757","376900","20220615193000","495","3","桃園市","平鎮區","121.195","24.940","808"
"293","376915","20220615193000","340","0","桃園市","大溪區","121.310","24.930","331"
"920","376925","20220615193000","666","2","桃園市","大溪區","121.275","24.895","855"
"1451","376927","20220615193000","1348","1","桃園市","大溪區","121.280","24.895","1429"
"744","376929","20220615193000","741","1","桃園市","大溪區","121.285","24.905","805"
"611","376930","20220615193000","596","1","桃園市","大溪區","121.280","24.900","668"
"688","376931","20220615193000","661","1","桃園市","大溪區","121.280","24.905","628"
"1391","376932","20220615193000","1509","0","桃園市","龜山區","121.325","24.990","1372"
"733","376933","20220615193000","671","1","桃園市","桃園區","121.325","24.980","790"
"1828","376934","20220615193000","1970","0","桃園市","龜山區","121.330","24.980","1808"
"1930","376936","20220615193000","1388","2","桃園市","桃園區","121.320","24.985","2089"
"3284","376937","20220615193000","3361","0","桃園市","龜山區","121.325","24.985","3253"
"843","376938","20220615193000","1287","0","桃園市","龜山區","121.330","24.985","818"
"340","376940","20220615193000","300","1","桃園市","新屋區","121.055","24.975","354"
"192","376956","20220615193000","175","1","桃園市","新屋區","121.125","24.955","213"
"430","376971","20220615193000","393","1","桃園市","新屋區","121.135","24.970","420"
"70","376972","20220615193000","109","0","桃園市","觀音區","121.140","24.970","77"
"722","376974","20220615193000","943","0","桃園市","龜山區","121.330","24.990","707"
"3020","376975","20220615193000","5336","0","桃園市","桃園區","121.310","24.990","2932"
"2105","376976","20220615193000","1799","1","桃園市","楊梅區","121.170","24.910","2041"
"691","376978","20220615193000","464","2","桃園市","楊梅區","121.175","24.915","656"
"995","376979","20220615193000","1325","0","桃園市","楊梅區","121.170","24.920","1003"
"629","376984","20220615193000","510","2","桃園市","楊梅區","121.110","24.925","634"
"786","376995","20220615193000","834","0","桃園市","楊梅區","121.125","24.930","837"
"145","376998","20220615193000","104","2","桃園市","楊梅區","121.115","24.940","149"
"230","377001","20220615193000","215","1","桃園市","楊梅區","121.175","24.900","302"
"1212","377002","20220615193000","1118","1","桃園市","楊梅區","121.180","24.900","1201"
"2981","377003","20220615193000","2643","1","桃園市","楊梅區","121.175","24.905","2802"
"104","377004","20220615193000","70","2","桃園市","楊梅區","121.180","24.905","82"
"90","377007","20220615193000","114","0","桃園市","楊梅區","121.095","24.930","88"
"580","377008","20220615193000","498","1","桃園市","楊梅區","121.100","24.930","569"
"1075","377010","20220615193000","696","3","桃園市","楊梅區","121.090","24.935","1102"
"495","377027","20220615193000","404","2","桃園市","新屋區","121.090","24.955","462"
"670","377030","20220615193000","575","1","桃園市","楊梅區","121.160","24.900","607"
"1105","377031","20220615193000","1037","1","桃園市","楊梅區","121.155","24.900","1164"
"605","377033","20220615193000","743","0","桃園市","楊梅區","121.085","24.935","621"
"348","377034","20220615193000","387","0","桃園市","楊梅區","121.075","24.940","346"
"852","377039","20220615193000","524","3","桃園市","桃園區","121.285","24.990","915"
"802","377041","20220615193000","556","2","桃園市","桃園區","121.295","24.980","788"
"2923","377042","20220615193000","4419","0","桃園市","桃園區","121.300","24.990","2876"
"267","377043","20220615193000","315","0","桃園市","桃園區","121.300","24.980","275"
"2853","377045","20220615193000","2050","2","桃園市","桃園區","121.300","24.985","2981"
"823","377046","20220615193000","708","1","桃園市","楊梅區","121.175","24.910","791"
"2011","377047","20220615193000","1644","2","桃園市","八德區","121.300","24.965","2014"
"1248","377051","20220615193000","994","2","桃園市","八德區","121.305","24.955","1328"
"465","377052","20220615193000","335","2","桃園市","八德區","121.310","24.955","493"
"315","377054","20220615193000","326","0","桃園市","八德區","121.300","24.945","283"
"472","377056","20220615193000","454","1","桃園市","八德區","121.275","24.940","462"
"820","377058","20220615193000","1012","0","桃園市","八德區","121.285","24.940","848"
"258","377059","20220615193000","223","1","桃園市","八德區","121.280","24.945","252"
"381","377061","20220615193000","425","0","桃園市","八德區","121.290","24.950","367"
"155","377068","20220615193000","120","2","桃園市","八德區","121.290","24.955","128"
"357","377069","20220615193000","231","3","桃園市","八德區","121.280","24.960","402"
"808","377070","20220615193000","501","3","桃園市","八德區","121.285","24.960","807"
"3559","377071","20220615193000","3612","0","桃園市","桃園區","121.290","24.985","3576"
"4761","377072","20220615193000","3137","3","桃園市","中壢區","121.220","24.965","4725"
"1054","377073","20220615193000","1623","0","桃園市","中壢區","121.215","24.955","1057"
"482","377077","20220615193000","349","2","桃園市","中壢區","121.205","24.980","462"
"560","377084","20220615193000","605","0","桃園市","中壢區","121.205","24.990","497"
"1601","377086","20220615193000","1478","1","桃園市","中壢區","121.255","24.970","1490"
"1857","377088","20220615193000","1947","0","桃園市","楊梅區","121.155","24.910","1941"
"817","377089","20220615193000","488","3","桃園市","楊梅區","121.160","24.910","812"
"1683","377092","20220615193000","1618","1","桃園市","平鎮區","121.205","24.910","1691"
"1835","377093","20220615193000","1855","0","桃園市","平鎮區","121.205","24.920","1955"
"190","377099","20220615193000","141","2","桃園市","新屋區","121.010","24.960","177"
"584","377106","20220615193000","641","0","桃園市","新屋區","121.120","24.970","588"
"377","377111","20220615193000","207","3","桃園市","新屋區","121.130","24.975","359"
"1282","377117","20220615193000","1222","1","桃園市","新屋區","121.110","24.980","1276"
"674","377122","20220615193000","583","1","桃園市","新屋區","121.110","24.985","683"
"550","377125","20220615193000","488","1","桃園市","新屋區","121.125","24.985","591"
"444","377128","20220615193000","449","0","桃園市","新屋區","121.125","24.990","453"
"758","377135","20220615193000","813","0","桃園市","新屋區","121.100","24.990","790"
"38","377136","20220615193000","39","0","桃園市","新屋區","121.105","24.990","24"
"75","377148","20220615193000","49","3","桃園市","新屋區","121.095","24.960","72"
"281","377155","20220615193000","270","1","桃園市","新屋區","121.070","24.970","295"
"149","377159","20220615193000","131","1","桃園市","新屋區","121.020","24.970","149"
"339","377173","20220615193000","302","1","桃園市","新屋區","121.015","24.985","292"
"238","377175","20220615193000","262","0","桃園市","新屋區","120.990","24.940","238"
"163","377179","20220615193000","96","3","桃園市","新屋區","121.000","24.945","163"
"281","377183","20220615193000","272","1","桃園市","新屋區","121.010","24.950","250"
"581","377187","20220615193000","511","1","桃園市","新屋區","121.080","24.975","605"
"434","377195","20220615193000","304","2","桃園市","新屋區","121.075","24.990","386"
"249","377204","20220615193000","320","0","桃園市","新屋區","121.140","24.960","264"
"579","377205","20220615193000","877","0","桃園市","新屋區","121.145","24.960","558"
"395","377209","20220615193000","397","0","桃園市","新屋區","121.160","24.960","384"
"57","377211","20220615193000","49","1","桃園市","觀音區","121.145","24.970","52"
"10","377247","20220615193000","14","0","新北市","貢寮區","121.910","24.990","13"
"420","377249","20220615193000","502","0","桃園市","平鎮區","121.210","24.895","442"
"852","377259","20220615193000","680","2","桃園市","桃園區","121.285","24.980","808"
"1879","377261","20220615193000","1195","3","桃園市","楊梅區","121.145","24.915","1754"
"659","377263","20220615193000","711","0","桃園市","楊梅區","121.145","24.910","489"
"52","377264","20220615193000","363","0","桃園市","楊梅區","121.130","24.915","50"
"591","377268","20220615193000","451","2","桃園市","楊梅區","121.130","24.920","639"
"560","377270","20220615193000","710","0","桃園市","楊梅區","121.140","24.920","497"
"2983","377280","20220615193000","2555","1","桃園市","楊梅區","121.145","24.900","3028"
"478","377285","20220615193000","430","1","桃園市","楊梅區","121.170","24.900","559"
"849","377288","20220615193000","691","2","桃園市","楊梅區","121.185","24.925","899"
"674","377289","20220615193000","819","0","桃園市","平鎮區","121.190","24.925","687"
"695","377292","20220615193000","467","2","桃園市","平鎮區","121.195","24.925","703"
"243","377295","20220615193000","591","0","桃園市","平鎮區","121.210","24.935","255"
"2173","377296","20220615193000","1557","2","桃園市","桃園區","121.295","24.990","2154"
"2762","377297","20220615193000","2669","1","桃園市","桃園區","121.285","24.985","2808"
"791","377303","20220615193000","618","2","桃園市","新屋區","121.120","24.950","686"
"274","377308","20220615193000","287","0","桃園市","新屋區","121.100","24.960","291"
"505","377310","20220615193000","371","2","桃園市","新屋區","121.110","24.960","490"
"635","377311","20220615193000","635","1","桃園市","新屋區","121.095","24.965","653"
"654","377322","20220615193000","624","1","桃園市","新屋區","121.045","24.960","718"
"252","377333","20220615193000","187","2","桃園市","新屋區","121.045","24.970","276"
"1609","377335","20220615193000","1707","0","桃園市","桃園區","121.320","24.990","1623"
"1864","377337","20220615193000","1684","1","桃園市","平鎮區","121.250","24.920","1890"
"858","377339","20220615193000","914","0","桃園市","平鎮區","121.240","24.925","818"
"1325","377340","20220615193000","1521","0","桃園市","桃園區","121.305","24.985","1338"
"1178","377342","20220615193000","929","2","桃園市","桃園區","121.325","24.975","1169"
"2660","377344","20220615193000","1938","2","桃園市","桃園區","121.320","24.975","2675"
"1234","377345","20220615193000","1013","2","新北市","鶯歌區","121.330","24.975","1084"
"694","377346","20220615193000","1073","0","桃園市","桃園區","121.320","24.980","765"
"1457","377347","20220615193000","1199","2","桃園市","中壢區","121.230","24.960","1318"
"1340","377348","20220615193000","1679","0","桃園市","中壢區","121.235","24.960","1386"
"582","377349","20220615193000","992","0","桃園市","中壢區","121.230","24.950","616"
"1742","377350","20220615193000","1287","2","桃園市","中壢區","121.225","24.950","1722"
"459","377361","20220615193000","490","0","桃園市","新屋區","121.030","24.950","474"
"378","377372","20220615193000","489","0","桃園市","新屋區","121.090","24.980","375"
"1211","377380","20220615193000","1303","0","桃園市","新屋區","121.110","24.970","1233"
"111","377381","20220615193000","118","0","桃園市","新屋區","121.110","24.975","93"
"2535","377384","20220615193000","2680","0","桃園市","新屋區","121.105","24.975","2505"
"132","377428","20220615193000","103","2","桃園市","新屋區","121.040","24.980","141"
"936","377433","20220615193000","1008","0","桃園市","新屋區","121.035","24.985","949"
"402","377434","20220615193000","367","1","桃園市","新屋區","121.040","24.985","398"
"10","377437","20220615193000","60","0","桃園市","新屋區","121.020","24.990","10"
"1624","377446","20220615193000","1489","1","桃園市","桃園區","121.315","24.990","1554"
"2033","377447","20220615193000","1135","3","桃園市","桃園區","121.270","24.980","2163"
"3425","377449","20220615193000","1990","3","桃園市","桃園區","121.275","24.990","3367"
"1270","377450","20220615193000","1418","0","桃園市","桃園區","121.265","24.975","1261"
"1958","377452","20220615193000","1798","1","桃園市","桃園區","121.265","24.980","2050"
"50","377454","20220615193000","64","0","桃園市","桃園區","121.265","24.985","45"
"2259","377455","20220615193000","2943","0","桃園市","桃園區","121.290","24.990","2272"
"437","377456","20220615193000","455","0","桃園市","平鎮區","121.245","24.905","454"
"54","377457","20220615193000","151","0","桃園市","平鎮區","121.250","24.905","44"
"282","377459","20220615193000","262","1","桃園市","平鎮區","121.250","24.915","258"
"954","377460","20220615193000","628","3","桃園市","平鎮區","121.215","24.935","870"
"1821","377461","20220615193000","1558","1","桃園市","平鎮區","121.215","24.940","1771"
"1757","377462","20220615193000","1531","1","桃園市","平鎮區","121.215","24.945","2120"
"2607","377463","20220615193000","2507","1","桃園市","桃園區","121.310","24.980","2666"
"1554","377464","20220615193000","1703","0","桃園市","桃園區","121.310","24.985","1561"
"2157","377468","20220615193000","1503","2","桃園市","桃園區","121.305","24.980","2212"
"171","377469","20220615193000","94","3","桃園市","楊梅區","121.175","24.950","149"
"1623","377470","20220615193000","1551","1","桃園市","楊梅區","121.170","24.955","1664"
"386","377473","20220615193000","287","2","桃園市","楊梅區","121.115","24.900","413"
"175","377476","20220615193000","261","0","桃園市","楊梅區","121.125","24.910","178"
"571","377481","20220615193000","504","1","桃園市","楊梅區","121.150","24.940","509"
"232","377483","20220615193000","301","0","桃園市","楊梅區","121.150","24.920","291"
"1091","377484","20220615193000","1452","0","桃園市","楊梅區","121.155","24.920","1132"
"825","377488","20220615193000","621","2","桃園市","楊梅區","121.150","24.925","845"
"140","377489","20220615193000","201","0","桃園市","楊梅區","121.155","24.925","108"
"38","377490","20220615193000","15","3","桃園市","楊梅區","121.160","24.925","34"
"727","377491","20220615193000","580","2","桃園市","楊梅區","121.165","24.925","778"
"400","377493","20220615193000","397","1","桃園市","楊梅區","121.145","24.930","373"
"629","377497","20220615193000","649","0","桃園市","楊梅區","121.160","24.930","630"
"196","377498","20220615193000","476","0","桃園市","楊梅區","121.165","24.930","155"
"925","377499","20220615193000","529","3","桃園市","楊梅區","121.170","24.930","961"
"314","377501","20220615193000","403","0","桃園市","楊梅區","121.140","24.930","251"
"1926","377508","20220615193000","1343","2","桃園市","平鎮區","121.210","24.940","1944"
"2150","377509","20220615193000","1466","2","桃園市","平鎮區","121.210","24.945","2113"
"809","377513","20220615193000","524","3","桃園市","平鎮區","121.210","24.930","838"
"1494","377519","20220615193000","1019","2","桃園市","平鎮區","121.230","24.900","1582"
"300","377522","20220615193000","365","0","桃園市","平鎮區","121.245","24.900","321"
"1053","377529","20220615193000","1348","0","桃園市","平鎮區","121.225","24.910","1058"
"582","377530","20220615193000","524","1","桃園市","平鎮區","121.230","24.910","590"
"2053","377532","20220615193000","1739","1","桃園市","桃園區","121.305","24.990","1842"
"1071","377533","20220615193000","1301","0","新北市","鶯歌區","121.330","24.970","1123"
"422","377534","20220615193000","639","0","新北市","鶯歌區","121.335","24.965","436"
"851","377535","20220615193000","452","3","桃園市","桃園區","121.320","24.970","858"
"2040","377538","20220615193000","2045","0","桃園市","桃園區","121.315","24.980","1868"
"879","377539","20220615193000","731","2","桃園市","楊梅區","121.175","24.925","732"
"376","377542","20220615193000","305","2","桃園市","楊梅區","121.180","24.925","413"
"336","377546","20220615193000","169","3","桃園市","楊梅區","121.180","24.930","308"
"835","377547","20220615193000","757","1","桃園市","楊梅區","121.160","24.935","844"
"148","377551","20220615193000","100","2","桃園市","楊梅區","121.180","24.935","198"
"57","377559","20220615193000","70","0","桃園市","楊梅區","121.150","24.945","48"
"21","377561","20220615193000","22","0","桃園市","楊梅區","121.160","24.945","19"
"605","377564","20220615193000","572","1","桃園市","楊梅區","121.175","24.945","451"
"660","377565","20220615193000","535","2","桃園市","新屋區","121.150","24.950","662"
"416","377566","20220615193000","249","3","桃園市","楊梅區","121.155","24.950","534"
"24","377568","20220615193000","21","1","桃園市","楊梅區","121.170","24.950","23"
"817","377570","20220615193000","991","0","桃園市","蘆竹區","121.265","24.990","819"
"290","377571","20220615193000","865","0","桃園市","龜山區","121.340","24.980","379"
"30","377572","20220615193000","82","0","桃園市","龜山區","121.340","24.985","34"
"2118","377573","20220615193000","2278","0","桃園市","龜山區","121.345","24.985","2138"
"818","377574","20220615193000","689","1","桃園市","龜山區","121.340","24.990","858"
"498","377575","20220615193000","316","3","桃園市","龜山區","121.345","24.990","546"
"11","377650","20220615193000","11","1","新北市","雙溪區","121.810","24.930","11"
"12","377742","20220615193000","20","0","新北市","雙溪區","121.820","24.965","13"
"15","377753","20220615193000","12","2","新北市","雙溪區","121.810","24.970","19"
"12","377756","20220615193000","16","0","新北市","雙溪區","121.825","24.970","12"
"12","377787","20220615193000","18","0","新北市","雙溪區","121.845","24.980","15"
"1435","377821","20220615193000","1207","1","桃園市","楊梅區","121.145","24.905","1507"
"1754","377823","20220615193000","1673","1","桃園市","楊梅區","121.165","24.910","1710"
"49","377824","20220615193000","181","0","桃園市","楊梅區","121.165","24.915","47"
"372","377826","20220615193000","186","3","桃園市","大溪區","121.280","24.910","326"
"957","377827","20220615193000","874","1","桃園市","大溪區","121.285","24.910","954"
"1319","377831","20220615193000","1122","1","桃園市","大溪區","121.280","24.915","1341"
"314","377833","20220615193000","364","0","桃園市","大溪區","121.290","24.915","308"
"860","377835","20220615193000","610","2","桃園市","大溪區","121.280","24.920","881"
"746","377837","20220615193000","1009","0","桃園市","大溪區","121.290","24.920","762"
"701","377839","20220615193000","642","1","桃園市","大溪區","121.275","24.900","748"
"875","377841","20220615193000","550","3","桃園市","大溪區","121.275","24.905","909"
"2495","377843","20220615193000","2890","0","桃園市","楊梅區","121.180","24.910","2456"
"1244","377844","20220615193000","738","3","桃園市","楊梅區","121.180","24.915","1276"
"299","377845","20220615193000","271","1","桃園市","平鎮區","121.225","24.925","311"
"543","377847","20220615193000","792","0","桃園市","平鎮區","121.220","24.935","541"
"3026","377848","20220615193000","2503","2","桃園市","平鎮區","121.225","24.930","3085"
"857","377849","20220615193000","766","1","桃園市","平鎮區","121.220","24.930","813"
"434","377851","20220615193000","359","2","桃園市","平鎮區","121.230","24.925","499"
"552","377852","20220615193000","631","0","桃園市","中壢區","121.245","24.925","579"
"1825","377853","20220615193000","1232","2","桃園市","楊梅區","121.150","24.910","1795"
"961","377854","20220615193000","779","2","桃園市","楊梅區","121.150","24.915","954"
"96","377858","20220615193000","103","0","桃園市","楊梅區","121.130","24.905","84"
"683","377859","20220615193000","552","2","桃園市","楊梅區","121.135","24.905","646"
"107","377862","20220615193000","186","0","桃園市","楊梅區","121.135","24.910","106"
"379","377866","20220615193000","129","3","桃園市","楊梅區","121.070","24.930","381"
"413","377868","20220615193000","477","0","桃園市","楊梅區","121.065","24.935","418"
"334","377877","20220615193000","196","3","桃園市","楊梅區","121.100","24.920","340"
"162","377879","20220615193000","336","0","桃園市","楊梅區","121.070","24.925","130"
"421","377895","20220615193000","945","0","桃園市","楊梅區","121.085","24.930","447"
"228","377896","20220615193000","409","0","桃園市","楊梅區","121.160","24.950","212"
"3265","377898","20220615193000","2053","3","桃園市","楊梅區","121.160","24.955","3399"
"331","377901","20220615193000","240","2","桃園市","楊梅區","121.120","24.895","349"
"118","377906","20220615193000","38","3","桃園市","楊梅區","121.125","24.900","74"
"340","377909","20220615193000","200","3","桃園市","平鎮區","121.210","24.910","307"
"2455","377914","20220615193000","1701","2","桃園市","平鎮區","121.210","24.920","2422"
"239","377919","20220615193000","384","0","桃園市","平鎮區","121.195","24.930","272"
"795","377920","20220615193000","1047","0","桃園市","平鎮區","121.200","24.940","751"
"173","377924","20220615193000","602","0","桃園市","八德區","121.290","24.945","148"
"1791","377925","20220615193000","1297","2","桃園市","八德區","121.290","24.930","1789"
"1216","377933","20220615193000","1265","0","桃園市","八德區","121.275","24.960","1129"
"1816","377940","20220615193000","1825","0","臺北市","文山區","121.555","24.985","1844"
"822","377941","20220615193000","590","2","臺北市","文山區","121.560","24.985","797"
"1217","377942","20220615193000","1460","0","臺北市","文山區","121.565","24.980","1319"
"36","377946","20220615193000","38","0","新北市","新店區","121.575","24.965","40"
"104","377947","20220615193000","114","0","臺北市","文山區","121.580","24.965","99"
"564","377948","20220615193000","640","0","臺北市","文山區","121.560","24.970","526"
"196","377953","20220615193000","170","1","臺北市","文山區","121.560","24.975","187"
"93","377955","20220615193000","98","0","臺北市","文山區","121.570","24.975","105"
"10","377956","20220615193000","12","0","臺北市","文山區","121.575","24.975","12"
"438","377957","20220615193000","811","0","臺北市","文山區","121.570","24.980","437"
"2385","377958","20220615193000","2432","0","臺北市","文山區","121.565","24.985","2327"
"161","377962","20220615193000","180","0","臺北市","文山區","121.610","24.965","167"
"126","377964","20220615193000","56","3","臺北市","文山區","121.590","24.965","110"
"195","377978","20220615193000","158","2","臺北市","文山區","121.580","24.975","156"
"384","377979","20220615193000","447","0","臺北市","文山區","121.585","24.975","394"
"134","377980","20220615193000","137","0","臺北市","文山區","121.590","24.975","129"
"1265","377982","20220615193000","1623","0","臺北市","文山區","121.575","24.980","1212"
"568","377989","20220615193000","584","0","臺北市","文山區","121.585","24.985","608"
"660","377990","20220615193000","907","0","臺北市","文山區","121.590","24.985","677"
"639","377994","20220615193000","34","3","臺北市","文山區","121.590","24.990","634"
"147","377995","20220615193000","109","2","臺北市","文山區","121.595","24.990","173"
"2946","377997","20220615193000","2514","1","臺北市","文山區","121.560","24.990","3019"
"602","377998","20220615193000","2365","0","臺北市","文山區","121.575","24.985","633"
"875","377999","20220615193000","949","0","臺北市","文山區","121.580","24.985","906"
"2304","378000","20220615193000","2332","0","臺北市","文山區","121.575","24.990","2480"
"1016","378001","20220615193000","740","2","臺北市","文山區","121.580","24.990","956"
"1239","378002","20220615193000","1727","0","臺北市","文山區","121.550","24.985","1207"
"1301","378003","20220615193000","2015","0","臺北市","文山區","121.565","24.990","1316"
"2221","378004","20220615193000","2660","0","臺北市","文山區","121.570","24.990","2232"
"2002","378005","20220615193000","2280","0","臺北市","文山區","121.555","24.980","2064"
"2869","378006","20220615193000","2410","1","臺北市","文山區","121.560","24.980","2893"
"661","378007","20220615193000","601","1","臺北市","文山區","121.555","24.975","676"
"2897","378008","20220615193000","2797","1","臺北市","文山區","121.570","24.985","2873"
"2524","378009","20220615193000","3092","0","臺北市","文山區","121.545","24.990","2352"
"3492","378010","20220615193000","4425","0","臺北市","文山區","121.540","24.990","3106"
"312","378011","20220615193000","676","0","臺北市","文山區","121.550","24.990","327"
"517","378012","20220615193000","481","1","臺北市","文山區","121.555","24.990","520"
"22","378561","20220615193000","19","1","新北市","貢寮區","121.990","24.995","21"
"13","378916","20220615193000","12","1","新北市","貢寮區","122.000","25.000","17"
"53","379975","20220615193000","31","3","新北市","貢寮區","122.005","25.015","52"
"2774","382513","20220615193000","3410","0","新北市","新莊區","121.450","25.035","2516"
"922","382514","20220615193000","759","2","新北市","新莊區","121.415","25.020","892"
"3389","382515","20220615193000","2455","2","新北市","板橋區","121.430","24.995","3556"
"821","382517","20220615193000","639","2","新北市","新莊區","121.435","25.005","903"
"569","382519","20220615193000","576","0","新北市","板橋區","121.440","25.010","571"
"1606","382521","20220615193000","2309","0","新北市","新莊區","121.430","25.020","1577"
"2075","382522","20220615193000","2017","1","新北市","新莊區","121.430","25.015","2221"
"63","382523","20220615193000","258","0","新北市","新莊區","121.420","25.020","75"
"2342","382525","20220615193000","2506","0","新北市","新莊區","121.410","25.025","2424"
"162","382526","20220615193000","122","2","新北市","新莊區","121.400","25.030","171"
"4134","382528","20220615193000","3284","2","新北市","板橋區","121.470","25.015","4167"
"2715","382530","20220615193000","3054","0","新北市","板橋區","121.465","25.025","2734"
"5337","382531","20220615193000","4904","1","新北市","板橋區","121.460","25.025","5445"
"2420","382532","20220615193000","2504","0","新北市","中和區","121.480","24.995","2391"
"1630","382534","20220615193000","2294","0","新北市","板橋區","121.445","25.000","1721"
"2834","382536","20220615193000","3167","0","新北市","中和區","121.520","24.995","2908"
"2460","382537","20220615193000","2944","0","新北市","板橋區","121.455","25.025","2543"
"1083","382538","20220615193000","934","1","臺北市","文山區","121.530","24.995","844"
"1025","382539","20220615193000","1038","0","新北市","汐止區","121.620","25.045","1103"
"724","382546","20220615193000","824","0","新北市","樹林區","121.410","25.010","751"
"2686","382547","20220615193000","3267","0","新北市","新莊區","121.425","25.015","2594"
"2088","382548","20220615193000","2471","0","新北市","中和區","121.495","24.995","2130"
"1000","382549","20220615193000","1355","0","臺北市","萬華區","121.490","25.015","972"
"85","382550","20220615193000","94","0","新北市","三重區","121.480","25.050","98"
"2466","382552","20220615193000","2177","1","新北市","中和區","121.480","25.000","2476"
"1563","382553","20220615193000","2498","0","新北市","中和區","121.475","25.005","1753"
"6477","382554","20220615193000","4343","2","新北市","中和區","121.470","25.005","6522"
"4042","382555","20220615193000","4907","0","新北市","中和區","121.500","24.995","4201"
"2693","382556","20220615193000","3060","0","新北市","中和區","121.495","25.005","2833"
"2483","382557","20220615193000","3323","0","新北市","中和區","121.500","25.005","2534"
"1873","382558","20220615193000","2529","0","新北市","三重區","121.490","25.055","1996"
"840","382559","20220615193000","748","1","新北市","三重區","121.475","25.045","872"
"1749","382560","20220615193000","2191","0","新北市","板橋區","121.445","25.005","1710"
"564","382561","20220615193000","611","0","新北市","板橋區","121.445","25.010","549"
"517","382562","20220615193000","775","0","新北市","板橋區","121.450","25.005","503"
"754","382563","20220615193000","1144","0","新北市","板橋區","121.450","25.020","722"
"2508","382564","20220615193000","2488","1","新北市","中和區","121.505","25.005","2568"
"2479","382565","20220615193000","2467","1","新北市","三重區","121.485","25.055","2492"
"2522","382567","20220615193000","2224","1","新北市","三重區","121.495","25.055","2519"
"1616","382568","20220615193000","1639","0","新北市","三重區","121.500","25.045","1638"
"2122","382571","20220615193000","1617","2","新北市","中和區","121.490","25.005","2069"
"1546","382572","20220615193000","1623","0","新北市","中和區","121.490","25.000","1588"
"1174","382574","20220615193000","807","2","新北市","中和區","121.485","25.010","1158"
"3792","382575","20220615193000","3133","2","新北市","中和區","121.485","24.995","3897"
"2615","382576","20220615193000","4043","0","新北市","中和區","121.490","24.995","2573"
"4326","382577","20220615193000","4758","0","新北市","中和區","121.505","24.995","4415"
"130","382579","20220615193000","529","0","新北市","板橋區","121.460","25.030","142"
"2990","382580","20220615193000","3244","0","新北市","板橋區","121.455","25.015","3158"
"270","382582","20220615193000","695","0","新北市","板橋區","121.450","25.025","255"
"401","382583","20220615193000","405","0","新北市","泰山區","121.420","25.045","436"
"773","382584","20220615193000","1652","0","新北市","泰山區","121.425","25.045","802"
"298","382589","20220615193000","87","3","新北市","三重區","121.485","25.045","278"
"1154","382592","20220615193000","628","3","新北市","三重區","121.485","25.050","1150"
"2421","382593","20220615193000","1841","2","新北市","三重區","121.490","25.050","2506"
"697","382594","20220615193000","467","2","桃園市","龜山區","121.410","25.020","710"
"2406","382595","20220615193000","2032","1","新北市","新莊區","121.460","25.050","2380"
"1738","382596","20220615193000","1749","0","新北市","新莊區","121.465","25.050","1684"
"413","382597","20220615193000","962","0","新北市","新莊區","121.460","25.055","463"
"1261","382598","20220615193000","1554","0","新北市","新莊區","121.465","25.055","1184"
"1554","382600","20220615193000","2063","0","新北市","三重區","121.470","25.045","1467"
"1141","382601","20220615193000","1107","1","新北市","三重區","121.470","25.050","1138"
"272","382602","20220615193000","304","0","新北市","三重區","121.470","25.055","265"
"2968","382603","20220615193000","2412","2","新北市","中和區","121.480","25.010","3010"
"4167","382604","20220615193000","3106","2","新北市","板橋區","121.475","25.010","4364"
"2053","382605","20220615193000","2213","0","新北市","中和區","121.465","24.995","2034"
"2823","382606","20220615193000","2747","1","新北市","新莊區","121.450","25.040","2774"
"3780","382607","20220615193000","3259","1","新北市","新莊區","121.445","25.040","3769"
"3803","382608","20220615193000","3821","0","新北市","新莊區","121.425","25.020","3592"
"267","382609","20220615193000","2165","0","新北市","新莊區","121.455","25.045","235"
"2567","382610","20220615193000","2278","1","新北市","板橋區","121.465","25.005","2640"
"3304","382611","20220615193000","2592","2","新北市","板橋區","121.460","25.005","2981"
"89","382614","20220615193000","202","0","新北市","深坑區","121.630","25.010","86"
"206","382615","20220615193000","176","1","新北市","深坑區","121.620","25.010","210"
"84","382618","20220615193000","249","0","新北市","深坑區","121.630","25.015","75"
"309","382623","20220615193000","653","0","新北市","深坑區","121.605","25.000","330"
"1719","382624","20220615193000","1637","1","新北市","新莊區","121.435","25.015","1709"
"17","382625","20220615193000","495","0","新北市","板橋區","121.450","25.000","21"
"822","382626","20220615193000","519","3","新北市","中和區","121.470","24.995","766"
"110","382627","20220615193000","83","2","新北市","中和區","121.480","24.990","113"
"402","382628","20220615193000","1837","0","新北市","中和區","121.475","25.000","383"
"231","382629","20220615193000","721","0","新北市","中和區","121.505","25.000","191"
"2476","382630","20220615193000","2886","0","新北市","永和區","121.525","25.005","2597"
"1729","382634","20220615193000","1351","2","新北市","樹林區","121.420","24.995","1899"
"1049","382637","20220615193000","730","2","新北市","樹林區","121.420","25.000","1036"
"507","382638","20220615193000","570","0","新北市","新莊區","121.440","25.030","504"
"2739","382639","20220615193000","1968","2","新北市","新莊區","121.420","25.025","2821"
"3081","382640","20220615193000","2536","2","新北市","新莊區","121.455","25.050","3113"
"3802","382641","20220615193000","2860","2","新北市","中和區","121.470","25.000","3950"
"7515","382642","20220615193000","4573","3","新北市","板橋區","121.455","25.005","7662"
"852","382643","20220615193000","224","3","新北市","板橋區","121.445","25.020","836"
"1025","382644","20220615193000","743","2","新北市","板橋區","121.440","25.000","998"
"5110","382645","20220615193000","7143","0","新北市","永和區","121.520","25.010","5102"
"1127","382646","20220615193000","1368","0","新北市","樹林區","121.415","25.000","1063"
"1060","382647","20220615193000","635","3","新北市","樹林區","121.415","25.005","1020"
"2487","382648","20220615193000","3110","0","新北市","土城區","121.455","24.995","2463"
"20","382660","20220615193000","24","0","新北市","平溪區","121.710","25.020","18"
"2477","382667","20220615193000","2367","1","新北市","新莊區","121.460","25.040","2072"
"4452","382668","20220615193000","4411","1","新北市","新莊區","121.460","25.045","4324"
"949","382671","20220615193000","923","1","新北市","板橋區","121.445","25.015","983"
"5745","382673","20220615193000","4959","1","新北市","板橋區","121.450","24.995","5634"
"2086","382674","20220615193000","1909","1","新北市","板橋區","121.455","25.000","2014"
"5152","382675","20220615193000","3403","3","新北市","永和區","121.520","25.015","5369"
"3130","382676","20220615193000","5271","0","新北市","永和區","121.515","25.015","3249"
"2312","382677","20220615193000","2609","0","新北市","新莊區","121.445","25.030","2661"
"3681","382678","20220615193000","3197","1","新北市","新莊區","121.455","25.035","3353"
"25","382679","20220615193000","808","0","新北市","板橋區","121.460","25.035","31"
"999","382680","20220615193000","787","2","新北市","新莊區","121.465","25.040","1040"
"951","382683","20220615193000","449","3","桃園市","中壢區","121.215","25.000","1164"
"505","382686","20220615193000","218","3","桃園市","觀音區","121.125","25.030","484"
"3189","382699","20220615193000","3602","0","新北市","板橋區","121.485","25.020","3277"
"6696","382700","20220615193000","6741","0","新北市","板橋區","121.460","25.010","6553"
"3705","382701","20220615193000","2443","3","新北市","板橋區","121.460","24.995","3831"
"1490","382702","20220615193000","1010","2","新北市","樹林區","121.420","25.015","1559"
"780","382703","20220615193000","566","2","新北市","新莊區","121.435","25.010","883"
"1156","382706","20220615193000","998","1","新北市","新莊區","121.440","25.020","953"
"278","382710","20220615193000","204","2","新北市","新莊區","121.445","25.025","316"
"4045","382711","20220615193000","2741","2","新北市","永和區","121.505","25.010","4221"
"3526","382712","20220615193000","4061","0","新北市","板橋區","121.475","25.020","3578"
"3008","382713","20220615193000","1978","3","新北市","新莊區","121.430","25.025","3075"
"303","382714","20220615193000","129","3","新北市","新莊區","121.435","25.025","227"
"1639","382715","20220615193000","1572","1","新北市","新莊區","121.425","25.025","1698"
"1566","382716","20220615193000","1476","1","臺北市","萬華區","121.500","25.015","1258"
"2269","382717","20220615193000","1476","3","新北市","新莊區","121.450","25.030","2101"
"289","382724","20220615193000","307","0","桃園市","中壢區","121.180","25.005","331"
"863","382730","20220615193000","645","2","桃園市","中壢區","121.190","25.010","768"
"666","382732","20220615193000","327","3","桃園市","中壢區","121.185","25.015","667"
"613","382735","20220615193000","504","2","桃園市","大園區","121.180","25.025","614"
"1152","382741","20220615193000","1071","1","桃園市","觀音區","121.160","24.995","1152"
"431","382743","20220615193000","439","0","桃園市","觀音區","121.155","25.000","461"
"913","382759","20220615193000","844","1","桃園市","觀音區","121.160","25.020","974"
"468","382780","20220615193000","433","1","桃園市","觀音區","121.105","25.040","467"
"217","382785","20220615193000","185","1","桃園市","觀音區","121.130","25.020","216"
"319","382813","20220615193000","368","0","桃園市","觀音區","121.110","25.050","316"
"1678","382814","20220615193000","1442","1","桃園市","觀音區","121.115","25.050","1544"
"1336","382815","20220615193000","681","3","桃園市","觀音區","121.120","25.050","1351"
"308","382816","20220615193000","200","3","桃園市","觀音區","121.125","25.050","354"
"358","382820","20220615193000","253","2","桃園市","觀音區","121.120","25.055","354"
"785","382821","20220615193000","1020","0","桃園市","觀音區","121.125","25.055","781"
"752","382830","20220615193000","785","0","桃園市","觀音區","121.080","25.035","834"
"678","382842","20220615193000","301","3","桃園市","觀音區","121.095","25.050","640"
"470","382853","20220615193000","578","0","桃園市","觀音區","121.145","25.040","448"
"3207","382855","20220615193000","2690","1","桃園市","觀音區","121.140","25.045","3213"
"801","382857","20220615193000","755","1","桃園市","觀音區","121.130","25.050","847"
"295","382858","20220615193000","347","0","桃園市","觀音區","121.135","25.050","309"
"310","382868","20220615193000","238","2","桃園市","觀音區","121.115","25.000","388"
"1382","382888","20220615193000","945","2","桃園市","蘆竹區","121.270","25.010","1407"
"161","382890","20220615193000","216","0","桃園市","蘆竹區","121.265","25.015","139"
"1491","382891","20220615193000","1438","1","桃園市","蘆竹區","121.240","25.025","1539"
"1207","382893","20220615193000","830","2","桃園市","蘆竹區","121.250","25.025","1283"
"371","382894","20220615193000","803","0","桃園市","大園區","121.235","25.025","407"
"1496","382896","20220615193000","981","3","桃園市","蘆竹區","121.245","25.025","1211"
"459","382898","20220615193000","231","3","桃園市","蘆竹區","121.240","25.030","503"
"152","382911","20220615193000","152","1","新北市","石碇區","121.670","25.010","157"
"67","382935","20220615193000","85","0","新北市","石碇區","121.670","25.030","69"
"126","382953","20220615193000","96","2","新北市","石碇區","121.690","25.005","116"
"52","382971","20220615193000","52","1","新北市","石碇區","121.700","25.015","49"
"97","382976","20220615193000","111","0","新北市","石碇區","121.660","24.995","93"
"56","382980","20220615193000","81","0","新北市","石碇區","121.650","25.000","46"
"21","382991","20220615193000","31","0","新北市","貢寮區","121.885","24.995","22"
"20","382996","20220615193000","13","3","新北市","貢寮區","121.885","25.000","23"
"21","383019","20220615193000","42","0","新北市","貢寮區","122.000","25.005","30"
"69","383024","20220615193000","42","3","新北市","貢寮區","121.990","25.010","78"
"49","383035","20220615193000","49","1","新北市","貢寮區","121.985","25.020","62"
"2170","383037","20220615193000","3657","0","新北市","永和區","121.520","25.000","2198"
"4576","383038","20220615193000","4114","1","新北市","板橋區","121.475","25.025","4637"
"451","383039","20220615193000","659","0","新北市","新莊區","121.410","25.030","463"
"624","383040","20220615193000","410","3","新北市","新莊區","121.415","25.030","671"
"73","383045","20220615193000","74","0","新北市","新莊區","121.405","25.040","75"
"3014","383046","20220615193000","3582","0","新北市","新莊區","121.455","25.055","3040"
"1284","383047","20220615193000","2151","0","新北市","新莊區","121.435","25.030","1332"
"1867","383048","20220615193000","1129","3","新北市","新莊區","121.425","25.030","1904"
"631","383049","20220615193000","1566","0","新北市","新莊區","121.430","25.030","590"
"688","383050","20220615193000","915","0","新北市","新莊區","121.430","25.035","718"
"4430","383054","20220615193000","6074","0","新北市","新莊區","121.445","25.050","4470"
"4614","383055","20220615193000","4439","1","新北市","新莊區","121.450","25.045","4371"
"1872","383056","20220615193000","1817","1","桃園市","蘆竹區","121.290","25.050","1650"
"2534","383057","20220615193000","2136","1","桃園市","蘆竹區","121.280","25.055","2582"
"578","383058","20220615193000","627","0","桃園市","蘆竹區","121.285","25.045","585"
"2174","383059","20220615193000","1794","2","桃園市","蘆竹區","121.285","25.050","2323"
"1432","383060","20220615193000","2006","0","桃園市","蘆竹區","121.285","25.055","1490"
"734","383094","20220615193000","872","0","桃園市","觀音區","121.050","25.025","855"
"440","383096","20220615193000","590","0","桃園市","觀音區","121.080","25.030","467"
"723","383099","20220615193000","705","1","桃園市","觀音區","121.085","25.035","733"
"1214","383113","20220615193000","790","3","桃園市","觀音區","121.120","25.025","1188"
"415","383117","20220615193000","449","0","桃園市","觀音區","121.115","25.025","427"
"1302","383118","20220615193000","1246","1","新北市","樹林區","121.410","25.015","1149"
"1336","383121","20220615193000","2485","0","新北市","泰山區","121.440","25.045","1334"
"36","383122","20220615193000","391","0","新北市","泰山區","121.430","25.050","31"
"839","383124","20220615193000","377","3","新北市","泰山區","121.440","25.050","845"
"152","383125","20220615193000","517","0","新北市","泰山區","121.435","25.055","108"
"1218","383126","20220615193000","888","2","新北市","泰山區","121.425","25.050","1182"
"1232","383127","20220615193000","764","3","新北市","新莊區","121.440","25.055","1304"
"1313","383128","20220615193000","1705","0","新北市","新莊區","121.445","25.055","1251"
"4007","383129","20220615193000","3598","1","新北市","新莊區","121.450","25.055","3842"
"4253","383130","20220615193000","5238","0","新北市","新莊區","121.450","25.050","4644"
"916","383131","20220615193000","1036","0","新北市","新莊區","121.455","25.040","884"
"178","383132","20220615193000","50","3","新北市","板橋區","121.435","24.995","190"
"1334","383134","20220615193000","1076","2","新北市","板橋區","121.445","24.995","1363"
"3774","383141","20220615193000","4869","0","新北市","永和區","121.515","25.005","3505"
"4171","383142","20220615193000","4822","0","新北市","板橋區","121.470","25.025","4090"
"4293","383143","20220615193000","3124","2","新北市","板橋區","121.475","25.030","4408"
"2244","383144","20220615193000","1970","1","新北市","新莊區","121.445","25.045","2239"
"263","383152","20220615193000","264","0","新北市","泰山區","121.400","25.055","255"
"2822","383156","20220615193000","2274","2","新北市","汐止區","121.625","25.040","2905"
"28","383164","20220615193000","33","0","新北市","雙溪區","121.860","25.045","41"
"58","383165","20220615193000","51","1","新北市","雙溪區","121.865","25.045","53"
"11","383177","20220615193000","11","1","新北市","雙溪區","121.780","25.000","11"
"14","383200","20220615193000","10","2","新北市","雙溪區","121.790","25.015","10"
"106","383202","20220615193000","92","1","新北市","雙溪區","121.800","25.015","102"
"467","383204","20220615193000","400","1","新北市","中和區","121.490","25.010","505"
"461","383205","20220615193000","516","0","新北市","樹林區","121.430","25.000","448"
"3004","383207","20220615193000","3180","0","新北市","永和區","121.515","24.995","2999"
"2132","383208","20220615193000","2802","0","桃園市","桃園區","121.315","25.005","2138"
"807","383209","20220615193000","751","1","桃園市","桃園區","121.315","25.010","839"
"529","383210","20220615193000","398","2","臺北市","萬華區","121.495","25.010","500"
"1099","383211","20220615193000","1581","0","新北市","永和區","121.500","25.010","1104"
"4043","383212","20220615193000","3625","1","新北市","永和區","121.510","25.015","4167"
"622","383214","20220615193000","757","0","新北市","汐止區","121.625","25.050","661"
"794","383218","20220615193000","978","0","桃園市","蘆竹區","121.290","25.055","797"
"1067","383219","20220615193000","861","2","桃園市","蘆竹區","121.295","25.050","912"
"1563","383220","20220615193000","2054","0","桃園市","蘆竹區","121.300","25.050","1511"
"1806","383222","20220615193000","1524","1","桃園市","蘆竹區","121.300","25.055","1893"
"41","383225","20220615193000","31","2","桃園市","蘆竹區","121.315","25.055","40"
"177","383229","20220615193000","185","0","新北市","石碇區","121.645","25.005","211"
"20","383234","20220615193000","22","0","新北市","石碇區","121.700","24.995","18"
"74","383253","20220615193000","72","1","新北市","石碇區","121.665","25.010","73"
"302","383254","20220615193000","255","1","新北市","石碇區","121.645","25.010","244"
"83","383261","20220615193000","80","1","新北市","石碇區","121.655","25.015","77"
"529","383272","20220615193000","397","2","桃園市","觀音區","121.100","25.005","487"
"652","383277","20220615193000","545","1","桃園市","觀音區","121.095","25.020","624"
"357","383281","20220615193000","339","1","桃園市","觀音區","121.095","25.025","341"
"1702","383283","20220615193000","2480","0","桃園市","桃園區","121.285","24.995","1687"
"266","383284","20220615193000","461","0","桃園市","桃園區","121.290","24.995","238"
"795","383285","20220615193000","400","3","桃園市","桃園區","121.285","25.000","818"
"4320","383286","20220615193000","4319","1","桃園市","蘆竹區","121.290","25.045","4049"
"229","383287","20220615193000","119","3","桃園市","桃園區","121.280","25.030","277"
"641","383290","20220615193000","821","0","桃園市","蘆竹區","121.280","25.035","641"
"1415","383291","20220615193000","1155","2","桃園市","蘆竹區","121.285","25.035","1482"
"2486","383294","20220615193000","1659","2","桃園市","蘆竹區","121.285","25.040","2541"
"3399","383295","20220615193000","4215","0","桃園市","蘆竹區","121.290","25.040","3174"
"39","383299","20220615193000","215","0","桃園市","蘆竹區","121.255","25.025","31"
"302","383301","20220615193000","331","0","桃園市","蘆竹區","121.250","25.035","322"
"266","383311","20220615193000","177","3","桃園市","蘆竹區","121.240","25.040","267"
"184","383313","20220615193000","141","2","桃園市","蘆竹區","121.255","25.040","171"
"25","383315","20220615193000","247","0","桃園市","蘆竹區","121.250","25.045","28"
"587","383318","20220615193000","713","0","桃園市","蘆竹區","121.265","25.025","517"
"766","383325","20220615193000","815","0","桃園市","蘆竹區","121.275","25.030","783"
"42","383357","20220615193000","77","0","新北市","雙溪區","121.880","25.020","40"
"28","383364","20220615193000","38","0","新北市","雙溪區","121.870","25.030","27"
"3040","383376","20220615193000","4770","0","新北市","中和區","121.485","25.000","2953"
"2794","383377","20220615193000","3503","0","新北市","中和區","121.485","25.005","2901"
"2667","383378","20220615193000","4839","0","新北市","中和區","121.500","25.000","3103"
"2960","383379","20220615193000","3140","0","新北市","板橋區","121.465","25.010","3003"
"3304","383380","20220615193000","2894","1","新北市","板橋區","121.470","25.010","3168"
"896","383384","20220615193000","709","2","新北市","汐止區","121.635","25.040","959"
"273","383424","20220615193000","253","1","桃園市","蘆竹區","121.255","25.050","275"
"632","383426","20220615193000","552","1","桃園市","蘆竹區","121.265","25.050","655"
"95","383430","20220615193000","56","3","桃園市","蘆竹區","121.250","25.055","72"
"439","383435","20220615193000","387","1","桃園市","蘆竹區","121.275","25.055","484"
"575","383437","20220615193000","408","2","桃園市","大園區","121.160","25.030","507"
"595","383449","20220615193000","488","2","桃園市","觀音區","121.155","25.050","501"
"1601","383456","20220615193000","1412","1","桃園市","觀音區","121.140","25.010","1591"
"653","383457","20220615193000","609","1","桃園市","觀音區","121.145","25.010","613"
"514","383463","20220615193000","442","1","桃園市","觀音區","121.130","25.005","538"
"244","383469","20220615193000","195","2","桃園市","觀音區","121.060","25.025","210"
"291","383475","20220615193000","355","0","桃園市","觀音區","121.065","25.025","286"
"142","383483","20220615193000","167","0","桃園市","觀音區","121.060","25.035","139"
"133","383485","20220615193000","238","0","桃園市","觀音區","121.070","25.035","127"
"100","383489","20220615193000","123","0","桃園市","觀音區","121.070","25.040","138"
"1577","383492","20220615193000","1624","0","新北市","三重區","121.475","25.050","1629"
"3416","383493","20220615193000","4304","0","新北市","中和區","121.510","24.995","3542"
"4330","383494","20220615193000","4747","0","新北市","中和區","121.510","25.000","4588"
"3025","383495","20220615193000","3007","1","新北市","板橋區","121.455","25.010","3000"
"3764","383496","20220615193000","3297","1","新北市","板橋區","121.455","25.020","3834"
"2452","383500","20220615193000","2485","0","新北市","樹林區","121.425","24.995","2454"
"215","383502","20220615193000","561","0","新北市","樹林區","121.405","25.005","179"
"56","383503","20220615193000","343","0","新北市","樹林區","121.410","25.005","53"
"2127","383507","20220615193000","1374","3","新北市","永和區","121.505","25.015","2226"
"145","383513","20220615193000","187","0","桃園市","中壢區","121.245","24.995","144"
"1618","383515","20220615193000","1675","0","桃園市","中壢區","121.225","25.000","1680"
"23","383518","20220615193000","275","0","桃園市","中壢區","121.240","25.000","17"
"543","383519","20220615193000","367","2","桃園市","中壢區","121.245","25.000","597"
"796","383520","20220615193000","546","2","桃園市","中壢區","121.250","25.000","790"
"353","383521","20220615193000","184","3","桃園市","中壢區","121.230","25.005","366"
"716","383524","20220615193000","446","3","桃園市","中壢區","121.245","25.005","649"
"426","383526","20220615193000","661","0","桃園市","大園區","121.245","25.010","427"
"1208","383529","20220615193000","962","2","桃園市","中壢區","121.175","24.995","1277"
"689","383553","20220615193000","723","0","桃園市","中壢區","121.220","25.005","723"
"163","383554","20220615193000","318","0","桃園市","中壢區","121.215","25.010","102"
"22","383556","20220615193000","304","0","桃園市","中壢區","121.215","25.015","22"
"878","383557","20220615193000","535","3","桃園市","中壢區","121.220","25.015","871"
"1487","383559","20220615193000","2064","0","新北市","板橋區","121.480","25.030","1478"
"335","383560","20220615193000","233","2","新北市","樹林區","121.420","25.005","360"
"2339","383562","20220615193000","1530","3","新北市","新莊區","121.430","25.005","2524"
"1001","383563","20220615193000","1531","0","新北市","樹林區","121.425","25.010","1053"
"338","383564","20220615193000","1551","0","新北市","樹林區","121.425","25.000","348"
"3687","383565","20220615193000","2930","2","新北市","永和區","121.515","25.000","3757"
"2869","383566","20220615193000","3523","0","新北市","永和區","121.520","25.005","2893"
"2619","383567","20220615193000","1399","3","新北市","中和區","121.480","25.005","2654"
"774","383568","20220615193000","931","0","新北市","泰山區","121.415","25.050","756"
"1800","383572","20220615193000","2333","0","新北市","泰山區","121.430","25.055","1779"
"2798","383573","20220615193000","1707","3","新北市","板橋區","121.460","25.000","2748"
"4716","383574","20220615193000","3208","2","新北市","中和區","121.495","25.000","4901"
"1923","383575","20220615193000","2899","0","新北市","板橋區","121.465","25.030","1986"
"4452","383576","20220615193000","4678","0","新北市","板橋區","121.470","25.030","4598"
"231","383589","20220615193000","341","0","新北市","深坑區","121.615","25.000","227"
"364","383590","20220615193000","760","0","新北市","深坑區","121.620","25.000","443"
"1238","383591","20220615193000","1034","1","新北市","深坑區","121.625","25.000","1269"
"424","383599","20220615193000","290","2","新北市","深坑區","121.635","25.005","426"
"1469","383600","20220615193000","1065","2","新北市","深坑區","121.615","25.005","1390"
"3728","383602","20220615193000","3518","1","新北市","板橋區","121.480","25.025","3853"
"3945","383603","20220615193000","5034","0","新北市","新莊區","121.445","25.035","3667"
"265","383604","20220615193000","647","0","新北市","永和區","121.530","25.000","254"
"2715","383605","20220615193000","3588","0","新北市","板橋區","121.480","25.020","2735"
"4155","383606","20220615193000","3537","1","新北市","板橋區","121.480","25.015","4208"
"1837","383607","20220615193000","1823","1","桃園市","桃園區","121.310","25.010","1809"
"3619","383608","20220615193000","2777","2","桃園市","桃園區","121.310","25.015","3691"
"2961","383609","20220615193000","3893","0","新北市","永和區","121.510","25.010","2983"
"4041","383610","20220615193000","3373","1","新北市","永和區","121.515","25.010","3983"
"3540","383611","20220615193000","2832","2","新北市","板橋區","121.460","25.015","3635"
"2371","383612","20220615193000","3660","0","新北市","板橋區","121.465","25.000","2377"
"2059","383614","20220615193000","1182","3","桃園市","桃園區","121.300","25.010","2033"
"3427","383615","20220615193000","2554","2","桃園市","桃園區","121.315","24.995","3344"
"248","383616","20220615193000","370","0","新北市","深坑區","121.605","25.005","288"
"281","383618","20220615193000","250","1","新北市","深坑區","121.600","25.010","253"
"1838","383631","20220615193000","1908","0","新北市","深坑區","121.600","25.005","2004"
"2096","383632","20220615193000","2516","0","新北市","中和區","121.485","25.015","2221"
"2630","383633","20220615193000","2403","1","新北市","板橋區","121.475","25.015","2678"
"4173","383634","20220615193000","4955","0","新北市","板橋區","121.450","25.015","4240"
"2204","383635","20220615193000","2462","0","新北市","永和區","121.510","25.005","2231"
"2973","383636","20220615193000","3247","0","新北市","板橋區","121.450","25.010","2931"
"842","383637","20220615193000","981","0","新北市","樹林區","121.405","25.015","819"
"329","383638","20220615193000","463","0","新北市","樹林區","121.420","25.010","316"
"1278","383639","20220615193000","1165","1","新北市","樹林區","121.415","25.015","1301"
"60","383641","20220615193000","43","2","新北市","平溪區","121.765","25.035","48"
"199","383658","20220615193000","195","1","新北市","平溪區","121.775","25.040","197"
"130","383678","20220615193000","121","1","新北市","平溪區","121.740","25.025","129"
"120","383679","20220615193000","116","1","新北市","平溪區","121.745","25.025","118"
"28","383682","20220615193000","28","1","新北市","平溪區","121.745","25.030","24"
"20","383718","20220615193000","18","1","新北市","平溪區","121.780","25.025","18"
"10","383746","20220615193000","12","0","新北市","平溪區","121.765","25.020","10"
"42","383787","20220615193000","37","1","新北市","平溪區","121.750","25.005","40"
"66","383811","20220615193000","216","0","新北市","平溪區","121.715","25.020","77"
"13","383820","20220615193000","18","0","新北市","平溪區","121.735","25.020","13"
"1040","383828","20220615193000","2254","0","新北市","中和區","121.475","24.995","982"
"5087","383829","20220615193000","5331","0","新北市","板橋區","121.470","25.020","5264"
"398","383830","20220615193000","219","3","新北市","板橋區","121.440","25.005","402"
"759","383831","20220615193000","1375","0","新北市","新莊區","121.440","25.015","786"
"1191","383833","20220615193000","2416","0","新北市","永和區","121.515","25.020","1293"
"167","383834","20220615193000","158","1","新北市","汐止區","121.645","25.030","172"
"297","383848","20220615193000","255","1","新北市","汐止區","121.645","25.040","298"
"18","383859","20220615193000","91","0","新北市","汐止區","121.670","25.045","10"
"30","383862","20220615193000","105","0","新北市","汐止區","121.660","25.050","36"
"612","383865","20220615193000","663","0","新北市","永和區","121.530","25.005","624"
"1425","383866","20220615193000","1574","0","新北市","新莊區","121.465","25.045","1405"
"1507","383867","20220615193000","2611","0","新北市","新莊區","121.415","25.025","1582"
"1710","383868","20220615193000","2466","0","新北市","中和區","121.525","24.995","1779"
"798","383871","20220615193000","1343","0","桃園市","中壢區","121.200","25.010","865"
"664","383880","20220615193000","523","2","桃園市","中壢區","121.200","25.020","705"
"88","383883","20220615193000","145","0","新北市","深坑區","121.635","25.010","93"
"5587","383889","20220615193000","4946","1","新北市","板橋區","121.465","25.015","5366"
"16","383890","20220615193000","250","0","新北市","板橋區","121.475","25.035","15"
"1209","383891","20220615193000","803","3","新北市","板橋區","121.480","25.035","1231"
"6124","383893","20220615193000","5675","1","新北市","板橋區","121.465","25.020","6388"
"2272","383894","20220615193000","2967","0","新北市","板橋區","121.460","25.020","2276"
"2867","383895","20220615193000","2360","2","新北市","永和區","121.525","25.010","3010"
"4612","383896","20220615193000","4980","0","新北市","永和區","121.525","25.000","4469"
"705","383897","20220615193000","941","0","桃園市","龜山區","121.365","25.030","715"
"1130","383900","20220615193000","987","1","桃園市","龜山區","121.360","25.040","1196"
"716","383902","20220615193000","704","1","桃園市","龜山區","121.360","25.045","753"
"1631","383903","20220615193000","1099","2","桃園市","龜山區","121.360","25.050","1614"
"1020","383904","20220615193000","1820","0","桃園市","龜山區","121.365","25.050","1026"
"1467","383905","20220615193000","1639","0","桃園市","龜山區","121.360","25.055","1474"
"3147","383906","20220615193000","2673","1","桃園市","龜山區","121.365","25.055","3165"
"2172","383907","20220615193000","1764","2","桃園市","龜山區","121.375","25.035","2102"
"829","383908","20220615193000","567","2","桃園市","龜山區","121.370","25.040","939"
"451","383909","20220615193000","392","1","桃園市","龜山區","121.375","25.040","504"
"151","383910","20220615193000","230","0","桃園市","龜山區","121.365","25.045","132"
"1304","383911","20220615193000","1380","0","桃園市","龜山區","121.370","25.045","1348"
"308","383912","20220615193000","320","0","桃園市","龜山區","121.375","25.045","287"
"1296","383913","20220615193000","1846","0","桃園市","龜山區","121.370","25.050","1248"
"2922","383914","20220615193000","2485","1","桃園市","龜山區","121.375","25.050","2881"
"1584","383915","20220615193000","1064","2","桃園市","龜山區","121.370","25.055","1759"
"2064","383916","20220615193000","1931","1","桃園市","龜山區","121.375","25.055","2173"
"456","383919","20220615193000","657","0","桃園市","龜山區","121.360","25.000","470"
"359","383920","20220615193000","226","3","桃園市","龜山區","121.365","25.000","351"
"797","383922","20220615193000","781","1","桃園市","龜山區","121.340","25.000","850"
"487","383924","20220615193000","425","1","桃園市","龜山區","121.340","25.005","554"
"984","383928","20220615193000","933","1","桃園市","龜山區","121.365","25.005","979"
"437","383930","20220615193000","272","3","桃園市","龜山區","121.355","25.010","406"
"261","383939","20220615193000","393","0","桃園市","龜山區","121.360","25.020","274"
"687","383940","20220615193000","692","0","桃園市","龜山區","121.365","25.015","665"
"151","383941","20220615193000","214","0","桃園市","龜山區","121.370","25.020","142"
"177","383945","20220615193000","102","3","桃園市","龜山區","121.365","25.020","230"
"10","383951","20220615193000","10","1","桃園市","龜山區","121.375","25.025","10"
"1521","383958","20220615193000","1433","1","桃園市","龜山區","121.335","24.995","1522"
"890","383959","20220615193000","734","2","桃園市","龜山區","121.345","25.005","911"
"748","383962","20220615193000","697","1","桃園市","龜山區","121.345","25.010","742"
"449","383966","20220615193000","405","1","桃園市","龜山區","121.345","25.015","500"
"372","383978","20220615193000","396","0","桃園市","龜山區","121.350","25.020","336"
"36","383987","20220615193000","35","1","桃園市","龜山區","121.345","25.030","39"
"183","383989","20220615193000","103","3","桃園市","龜山區","121.355","25.030","258"
"53","383991","20220615193000","86","0","桃園市","龜山區","121.380","25.020","43"
"223","383995","20220615193000","528","0","桃園市","龜山區","121.385","25.025","211"
"91","383996","20220615193000","381","0","桃園市","龜山區","121.390","25.025","85"
"1107","384001","20220615193000","1737","0","桃園市","龜山區","121.390","25.030","1041"
"509","384003","20220615193000","492","1","桃園市","龜山區","121.385","25.035","446"
"834","384004","20220615193000","1068","0","桃園市","龜山區","121.390","25.035","845"
"127","384008","20220615193000","19","3","桃園市","龜山區","121.385","25.040","143"
"1117","384009","20220615193000","1176","0","桃園市","龜山區","121.390","25.040","1219"
"1506","384015","20220615193000","1432","1","桃園市","龜山區","121.380","25.050","1513"
"59","384017","20220615193000","174","0","桃園市","龜山區","121.390","25.050","67"
"228","384019","20220615193000","491","0","桃園市","龜山區","121.380","25.055","184"
"6897","384021","20220615193000","7903","0","臺北市","中山區","121.525","25.050","6600"
"7267","384022","20220615193000","7908","0","臺北市","中山區","121.530","25.055","7151"
"435","384040","20220615193000","483","0","桃園市","大園區","121.185","25.045","432"
"422","384041","20220615193000","407","1","桃園市","大園區","121.190","25.045","391"
"11","384045","20220615193000","53","0","桃園市","大園區","121.180","25.055","14"
"177","384058","20220615193000","160","1","桃園市","龜山區","121.355","24.995","175"
"419","384060","20220615193000","279","3","桃園市","龜山區","121.355","25.000","341"
"2401","384064","20220615193000","2338","1","新北市","永和區","121.510","25.020","2196"
"2625","384065","20220615193000","2925","0","臺北市","中正區","121.515","25.025","2673"
"1702","384066","20220615193000","3207","0","臺北市","中正區","121.525","25.020","1735"
"1083","384067","20220615193000","1833","0","臺北市","中正區","121.515","25.040","1062"
"9733","384068","20220615193000","13591","0","臺北市","中正區","121.515","25.045","9134"
"7587","384069","20220615193000","8140","0","臺北市","中山區","121.535","25.055","7799"
"1559","384070","20220615193000","1420","1","臺北市","文山區","121.560","25.005","1584"
"793","384071","20220615193000","587","2","臺北市","大安區","121.560","25.010","811"
"421","384072","20220615193000","1155","0","桃園市","桃園區","121.310","24.995","441"
"4690","384073","20220615193000","5034","0","臺北市","中山區","121.535","25.045","4764"
"2683","384074","20220615193000","4184","0","臺北市","中山區","121.535","25.050","2616"
"4010","384075","20220615193000","3779","1","臺北市","中正區","121.515","25.030","3985"
"4750","384076","20220615193000","6386","0","臺北市","信義區","121.565","25.025","4613"
"1565","384077","20220615193000","1819","0","臺北市","信義區","121.575","25.045","1570"
"417","384078","20220615193000","436","0","臺北市","信義區","121.585","25.035","444"
"919","384079","20220615193000","913","1","臺北市","信義區","121.565","25.020","967"
"15","384080","20220615193000","15","1","桃園市","桃園區","121.285","25.010","16"
"844","384081","20220615193000","1575","0","桃園市","桃園區","121.290","25.010","841"
"1126","384082","20220615193000","1183","0","桃園市","桃園區","121.285","25.015","1101"
"1079","384083","20220615193000","708","3","桃園市","桃園區","121.290","25.015","1100"
"4766","384084","20220615193000","6194","0","臺北市","中正區","121.525","25.045","4796"
"5884","384085","20220615193000","5233","1","臺北市","中正區","121.530","25.045","5880"
"2641","384086","20220615193000","4311","0","臺北市","中正區","121.530","25.010","2541"
"6068","384087","20220615193000","7124","0","臺北市","中山區","121.525","25.055","6025"
"2869","384088","20220615193000","3191","0","臺北市","中山區","121.540","25.045","2783"
"3887","384089","20220615193000","4638","0","臺北市","大安區","121.540","25.040","3828"
"4289","384090","20220615193000","4688","0","臺北市","中正區","121.520","25.030","4378"
"2099","384091","20220615193000","2283","0","臺北市","中正區","121.520","25.035","1932"
"3611","384092","20220615193000","4283","0","臺北市","中正區","121.520","25.040","3578"
"7052","384093","20220615193000","8619","0","臺北市","中正區","121.525","25.040","7078"
"356","384094","20220615193000","792","0","臺北市","中正區","121.525","25.015","375"
"1514","384100","20220615193000","856","3","桃園市","中壢區","121.200","25.000","1580"
"207","384101","20220615193000","246","0","桃園市","中壢區","121.205","25.000","183"
"643","384103","20220615193000","272","3","桃園市","中壢區","121.200","25.005","676"
"1102","384104","20220615193000","967","1","新北市","泰山區","121.420","25.030","1149"
"438","384106","20220615193000","370","1","新北市","泰山區","121.425","25.035","427"
"1820","384109","20220615193000","2299","0","新北市","泰山區","121.420","25.040","1875"
"1281","384111","20220615193000","1108","1","新北市","泰山區","121.425","25.040","1244"
"2131","384112","20220615193000","1723","2","新北市","泰山區","121.430","25.040","2128"
"174","384113","20220615193000","132","2","桃園市","龜山區","121.330","24.995","135"
"102","384129","20220615193000","175","0","桃園市","龜山區","121.375","25.010","88"
"529","384131","20220615193000","455","1","桃園市","龜山區","121.385","25.010","571"
"320","384132","20220615193000","187","3","桃園市","龜山區","121.390","25.010","210"
"1122","384140","20220615193000","1078","1","桃園市","龜山區","121.395","25.020","1196"
"494","384141","20220615193000","472","1","桃園市","龜山區","121.400","25.020","470"
"1283","384142","20220615193000","1069","2","桃園市","龜山區","121.340","24.995","1343"
"1964","384145","20220615193000","1924","1","桃園市","龜山區","121.345","25.000","1899"
"8686","384146","20220615193000","10784","0","臺北市","中山區","121.520","25.055","8323"
"1090","384147","20220615193000","1713","0","桃園市","桃園區","121.305","25.025","1110"
"63","384149","20220615193000","59","1","桃園市","新屋區","121.030","25.000","64"
"128","384152","20220615193000","196","0","桃園市","新屋區","121.030","25.005","150"
"132","384164","20220615193000","127","1","桃園市","新屋區","121.060","24.995","141"
"242","384167","20220615193000","193","2","桃園市","新屋區","121.060","25.000","255"
"629","384185","20220615193000","617","1","桃園市","新屋區","121.075","25.005","649"
"33","384188","20220615193000","213","0","桃園市","桃園區","121.325","25.000","38"
"97","384189","20220615193000","166","0","桃園市","桃園區","121.320","25.005","105"
"812","384190","20220615193000","569","2","桃園市","桃園區","121.325","25.005","818"
"2508","384194","20220615193000","3425","0","臺北市","中正區","121.510","25.025","2480"
"39","384227","20220615193000","43","0","新北市","貢寮區","121.955","25.005","68"
"94","384234","20220615193000","93","1","新北市","貢寮區","121.950","25.010","87"
"339","384241","20220615193000","288","1","新北市","貢寮區","121.945","25.015","342"
"47","384254","20220615193000","34","2","新北市","貢寮區","121.970","25.025","45"
"46","384264","20220615193000","43","1","新北市","貢寮區","121.890","25.020","38"
"310","384267","20220615193000","297","1","新北市","貢寮區","121.905","25.020","326"
"19","384270","20220615193000","24","0","新北市","貢寮區","121.900","25.025","18"
"132","384299","20220615193000","105","2","新北市","貢寮區","121.920","25.010","131"
"35","384306","20220615193000","69","0","新北市","貢寮區","121.930","25.015","28"
"17","384313","20220615193000","14","2","新北市","貢寮區","121.925","25.025","10"
"26","384338","20220615193000","24","1","新北市","貢寮區","121.905","25.010","32"
"218","384342","20220615193000","197","1","新北市","貢寮區","121.945","25.020","160"
"73","384349","20220615193000","81","0","新北市","貢寮區","121.930","25.030","87"
"20","384353","20220615193000","18","1","新北市","貢寮區","121.930","25.035","19"
"2027","384355","20220615193000","1704","1","桃園市","龜山區","121.400","25.015","2066"
"2815","384356","20220615193000","2899","0","桃園市","龜山區","121.405","25.020","2885"
"228","384362","20220615193000","206","1","桃園市","新屋區","121.045","25.005","251"
"285","384367","20220615193000","329","0","桃園市","桃園區","121.320","24.995","246"
"1505","384368","20220615193000","1068","2","桃園市","桃園區","121.325","24.995","1526"
"1830","384371","20220615193000","1353","2","桃園市","桃園區","121.295","25.000","1775"
"606","384372","20220615193000","390","3","桃園市","桃園區","121.280","25.005","646"
"302","384373","20220615193000","285","1","桃園市","桃園區","121.285","25.005","214"
"1149","384374","20220615193000","2467","0","桃園市","桃園區","121.280","25.010","1203"
"1724","384375","20220615193000","3092","0","桃園市","桃園區","121.300","25.000","1724"
"1424","384376","20220615193000","1197","1","桃園市","桃園區","121.305","25.000","1339"
"1251","384377","20220615193000","791","3","桃園市","桃園區","121.310","25.025","1271"
"505","384378","20220615193000","336","3","桃園市","桃園區","121.310","25.020","498"
"765","384379","20220615193000","410","3","桃園市","桃園區","121.315","25.025","798"
"1572","384382","20220615193000","1300","2","桃園市","桃園區","121.300","25.025","1630"
"1203","384383","20220615193000","1076","1","桃園市","桃園區","121.305","25.020","1250"
"33","384386","20220615193000","53","0","桃園市","桃園區","121.300","25.030","33"
"69","384387","20220615193000","75","0","桃園市","桃園區","121.295","24.995","44"
"2977","384388","20220615193000","4034","0","臺北市","中山區","121.530","25.050","2949"
"4086","384389","20220615193000","3757","1","桃園市","桃園區","121.295","25.025","4125"
"29","384391","20220615193000","51","0","桃園市","蘆竹區","121.295","25.035","32"
"3395","384392","20220615193000","2701","2","桃園市","蘆竹區","121.295","25.040","3631"
"2641","384393","20220615193000","2789","0","桃園市","桃園區","121.300","25.015","2590"
"5684","384394","20220615193000","4260","2","桃園市","桃園區","121.295","25.015","5725"
"2895","384395","20220615193000","2088","2","桃園市","桃園區","121.320","25.010","3053"
"1825","384398","20220615193000","1044","3","桃園市","桃園區","121.310","25.000","1813"
"782","384399","20220615193000","736","1","桃園市","桃園區","121.315","25.000","767"
"510","384400","20220615193000","380","2","桃園市","桃園區","121.320","25.000","519"
"791","384401","20220615193000","599","2","桃園市","桃園區","121.310","25.005","799"
"302","384402","20220615193000","282","1","臺北市","南港區","121.590","25.035","301"
"288","384403","20220615193000","294","0","臺北市","大安區","121.550","25.015","216"
"3394","384404","20220615193000","3864","0","臺北市","大安區","121.555","25.020","3487"
"6180","384405","20220615193000","7071","0","臺北市","大安區","121.550","25.020","6147"
"1948","384408","20220615193000","1786","1","桃園市","桃園區","121.305","25.010","2061"
"3432","384409","20220615193000","4076","0","臺北市","中正區","121.530","25.015","3472"
"3757","384410","20220615193000","4200","0","臺北市","中正區","121.525","25.035","3785"
"2359","384411","20220615193000","3553","0","臺北市","中山區","121.540","25.050","2170"
"1270","384412","20220615193000","1617","0","桃園市","桃園區","121.290","25.020","1262"
"4522","384413","20220615193000","6174","0","臺北市","信義區","121.560","25.045","4692"
"89","384415","20220615193000","314","0","桃園市","桃園區","121.300","24.995","84"
"1782","384416","20220615193000","1952","0","桃園市","桃園區","121.290","25.025","1768"
"930","384417","20220615193000","544","3","桃園市","桃園區","121.290","25.005","950"
"2062","384418","20220615193000","1602","2","桃園市","桃園區","121.295","25.005","2005"
"1109","384419","20220615193000","1862","0","桃園市","桃園區","121.295","25.010","1088"
"3378","384420","20220615193000","3950","0","臺北市","大同區","121.510","25.055","3286"
"1505","384421","20220615193000","1226","2","臺北市","中正區","121.520","25.020","1590"
"5168","384422","20220615193000","4158","2","臺北市","信義區","121.570","25.025","5143"
"1726","384424","20220615193000","1738","0","臺北市","信義區","121.570","25.030","1780"
"1101","384425","20220615193000","1475","0","臺北市","信義區","121.575","25.030","1049"
"4417","384426","20220615193000","6252","0","臺北市","大同區","121.515","25.050","4551"
"7315","384427","20220615193000","7759","0","臺北市","中山區","121.520","25.050","7101"
"2614","384428","20220615193000","2929","0","臺北市","大同區","121.515","25.055","2657"
"2785","384429","20220615193000","2190","2","桃園市","桃園區","121.305","24.995","2691"
"2659","384430","20220615193000","2818","0","桃園市","桃園區","121.300","25.005","2660"
"1117","384431","20220615193000","1284","0","臺北市","大同區","121.505","25.050","992"
"3201","384432","20220615193000","3854","0","臺北市","大同區","121.510","25.050","3144"
"618","384433","20220615193000","2098","0","臺北市","大安區","121.555","25.040","593"
"6650","384434","20220615193000","7750","0","臺北市","大安區","121.555","25.030","6472"
"3946","384435","20220615193000","4451","0","臺北市","大安區","121.530","25.025","4132"
"1162","384436","20220615193000","3067","0","臺北市","大安區","121.525","25.030","1120"
"6480","384437","20220615193000","9555","0","臺北市","大安區","121.525","25.025","5977"
"2951","384438","20220615193000","3485","0","臺北市","大安區","121.545","25.035","2988"
"7445","384439","20220615193000","9605","0","臺北市","大安區","121.545","25.030","7414"
"4625","384440","20220615193000","5282","0","臺北市","大安區","121.555","25.035","5228"
"3548","384441","20220615193000","5715","0","臺北市","大安區","121.550","25.025","3565"
"6623","384442","20220615193000","6282","1","臺北市","中正區","121.530","25.035","6609"
"3906","384443","20220615193000","4821","0","臺北市","中正區","121.510","25.045","3767"
"494","384446","20220615193000","325","3","桃園市","蘆竹區","121.270","25.015","498"
"514","384447","20220615193000","508","1","桃園市","蘆竹區","121.260","25.025","527"
"1656","384448","20220615193000","1183","2","桃園市","蘆竹區","121.265","25.020","1723"
"305","384449","20220615193000","409","0","桃園市","蘆竹區","121.270","25.020","261"
"18","384450","20220615193000","16","1","桃園市","蘆竹區","121.270","25.025","16"
"22","384454","20220615193000","26","0","桃園市","蘆竹區","121.255","25.000","24"
"32","384461","20220615193000","112","0","桃園市","蘆竹區","121.260","25.010","25"
"48","384463","20220615193000","186","0","桃園市","蘆竹區","121.250","25.015","43"
"493","384466","20220615193000","428","1","桃園市","蘆竹區","121.250","25.020","538"
"1703","384467","20220615193000","1209","2","桃園市","蘆竹區","121.255","25.020","1622"
"3014","384468","20220615193000","2532","1","桃園市","蘆竹區","121.260","25.020","2993"
"3127","384469","20220615193000","3518","0","桃園市","蘆竹區","121.295","25.055","3091"
"555","384473","20220615193000","417","2","桃園市","桃園區","121.305","25.030","592"
"161","384480","20220615193000","326","0","桃園市","龜山區","121.305","25.035","140"
"1008","384489","20220615193000","612","3","桃園市","蘆竹區","121.295","25.045","1033"
"983","384497","20220615193000","2168","0","桃園市","龜山區","121.305","25.045","1046"
"252","384499","20220615193000","866","0","桃園市","龜山區","121.315","25.045","269"
"41","384502","20220615193000","16","3","桃園市","龜山區","121.330","25.045","38"
"304","384507","20220615193000","160","3","桃園市","龜山區","121.320","25.050","317"
"399","384514","20220615193000","194","3","桃園市","龜山區","121.335","25.055","456"
"362","384517","20220615193000","594","0","桃園市","龜山區","121.340","25.035","381"
"276","384521","20220615193000","266","1","桃園市","龜山區","121.345","25.040","264"
"331","384522","20220615193000","276","1","桃園市","龜山區","121.350","25.040","274"
"29","384523","20220615193000","82","0","桃園市","龜山區","121.355","25.040","20"
"318","384525","20220615193000","464","0","桃園市","龜山區","121.350","25.045","319"
"481","384526","20220615193000","669","0","桃園市","龜山區","121.355","25.045","521"
"31","384527","20220615193000","56","0","桃園市","龜山區","121.345","25.050","33"
"567","384528","20220615193000","581","0","桃園市","龜山區","121.350","25.050","568"
"343","384532","20220615193000","177","3","桃園市","龜山區","121.350","25.055","380"
"4775","384533","20220615193000","5515","0","臺北市","信義區","121.570","25.035","4738"
"2423","384534","20220615193000","2869","0","臺北市","信義區","121.575","25.035","2445"
"15","384537","20220615193000","13","1","臺北市","南港區","121.625","25.020","10"
"57","384549","20220615193000","106","0","臺北市","南港區","121.630","25.030","63"
"954","384552","20220615193000","758","2","臺北市","南港區","121.620","25.035","1004"
"76","384554","20220615193000","71","1","新北市","汐止區","121.630","25.035","79"
"1081","384555","20220615193000","942","1","臺北市","南港區","121.620","25.040","1106"
"3463","384556","20220615193000","4720","0","臺北市","信義區","121.575","25.040","3517"
"5452","384557","20220615193000","4849","1","臺北市","南港區","121.585","25.045","5528"
"94","384572","20220615193000","71","2","新北市","雙溪區","121.825","25.025","102"
"79","384613","20220615193000","56","2","新北市","雙溪區","121.860","25.035","83"
"814","384614","20220615193000","781","1","新北市","雙溪區","121.865","25.035","768"
"48","384624","20220615193000","45","1","新北市","雙溪區","121.830","25.000","45"
"30","384641","20220615193000","45","0","新北市","雙溪區","121.805","25.015","27"
"13","384650","20220615193000","12","1","新北市","雙溪區","121.810","25.020","11"
"140","384662","20220615193000","118","1","新北市","雙溪區","121.840","25.035","112"
"311","384679","20220615193000","279","1","新北市","雙溪區","121.865","25.040","309"
"29","384696","20220615193000","30","0","新北市","雙溪區","121.845","24.995","31"
"647","384710","20220615193000","342","3","桃園市","桃園區","121.275","25.020","679"
"435","384711","20220615193000","333","2","桃園市","桃園區","121.280","25.020","495"
"13","384715","20220615193000","273","0","臺北市","信義區","121.560","25.025","14"
"537","384716","20220615193000","972","0","臺北市","信義區","121.565","25.030","577"
"9171","384717","20220615193000","11127","0","臺北市","信義區","121.560","25.030","9272"
"3070","384718","20220615193000","4444","0","臺北市","中正區","121.520","25.025","2970"
"1299","384719","20220615193000","1410","0","桃園市","大園區","121.210","25.005","1175"
"993","384720","20220615193000","789","2","桃園市","大園區","121.210","25.010","995"
"2279","384721","20220615193000","1780","2","桃園市","大園區","121.210","25.015","2100"
"1274","384722","20220615193000","694","3","桃園市","大園區","121.210","25.020","1431"
"147","384723","20220615193000","240","0","桃園市","大園區","121.220","25.020","124"
"769","384726","20220615193000","527","2","桃園市","大園區","121.220","25.025","789"
"529","384729","20220615193000","350","3","桃園市","大園區","121.215","25.025","522"
"551","384731","20220615193000","532","1","桃園市","大園區","121.205","25.035","601"
"467","384739","20220615193000","326","2","桃園市","大園區","121.205","25.050","454"
"48","384743","20220615193000","86","0","桃園市","大園區","121.210","25.055","39"
"4009","384744","20220615193000","4765","0","臺北市","信義區","121.580","25.040","4034"
"986","384745","20220615193000","1197","0","臺北市","中正區","121.510","25.030","989"
"3992","384746","20220615193000","4743","0","臺北市","中正區","121.520","25.045","3784"
"2734","384747","20220615193000","3546","0","臺北市","中正區","121.505","25.030","2868"
"2731","384748","20220615193000","3353","0","臺北市","中正區","121.510","25.035","2800"
"401","384749","20220615193000","706","0","臺北市","中正區","121.515","25.035","329"
"3193","384750","20220615193000","5159","0","臺北市","中正區","121.510","25.040","3192"
"2132","384751","20220615193000","1968","1","桃園市","桃園區","121.305","25.015","2193"
"2167","384752","20220615193000","1944","1","桃園市","桃園區","121.300","25.020","2151"
"4039","384754","20220615193000","2903","2","桃園市","桃園區","121.295","25.020","4012"
"3496","384756","20220615193000","4113","0","桃園市","桃園區","121.315","25.015","3544"
"583","384757","20220615193000","1380","0","桃園市","桃園區","121.315","25.020","570"
"2182","384759","20220615193000","1962","1","桃園市","桃園區","121.305","25.005","2112"
"4003","384760","20220615193000","4536","0","臺北市","信義區","121.570","25.045","4025"
"600","384761","20220615193000","499","2","臺北市","信義區","121.575","25.015","634"
"592","384763","20220615193000","660","0","臺北市","信義區","121.575","25.020","651"
"707","384770","20220615193000","569","2","桃園市","大園區","121.225","25.015","721"
"725","384775","20220615193000","619","1","桃園市","大園區","121.230","25.020","737"
"65","384776","20220615193000","74","0","桃園市","大園區","121.235","25.020","41"
"405","384777","20220615193000","549","0","桃園市","大園區","121.240","25.020","443"
"167","384783","20220615193000","128","2","桃園市","大園區","121.230","25.025","175"
"119","384787","20220615193000","145","0","桃園市","大園區","121.220","25.035","126"
"608","384788","20220615193000","575","1","桃園市","大園區","121.225","25.035","638"
"384","384790","20220615193000","369","1","桃園市","大園區","121.165","25.050","434"
"694","384794","20220615193000","704","0","桃園市","大園區","121.160","25.055","683"
"240","384798","20220615193000","236","1","桃園市","大園區","121.175","25.055","234"
"431","384806","20220615193000","438","0","桃園市","大園區","121.175","25.030","424"
"286","384811","20220615193000","178","3","桃園市","大園區","121.180","25.035","314"
"246","384818","20220615193000","249","0","桃園市","大園區","121.215","25.035","246"
"434","384824","20220615193000","550","0","桃園市","大園區","121.215","25.045","443"
"153","384830","20220615193000","120","2","桃園市","大園區","121.215","25.055","157"
"610","384831","20220615193000","765","0","桃園市","大園區","121.220","25.055","631"
"4591","384843","20220615193000","6691","0","臺北市","松山區","121.550","25.045","4533"
"2188","384844","20220615193000","2729","0","臺北市","信義區","121.565","25.045","2106"
"82","384845","20220615193000","78","1","臺北市","南港區","121.595","25.035","79"
"2910","384846","20220615193000","4048","0","臺北市","大安區","121.535","25.020","3015"
"970","384847","20220615193000","1049","0","臺北市","大安區","121.535","25.030","970"
"1447","384848","20220615193000","1000","2","臺北市","文山區","121.575","25.000","1399"
"88","384849","20220615193000","75","1","臺北市","文山區","121.590","25.000","72"
"211","384853","20220615193000","283","0","臺北市","文山區","121.585","25.005","213"
"394","384856","20220615193000","285","2","臺北市","文山區","121.570","25.010","371"
"146","384857","20220615193000","178","0","臺北市","文山區","121.575","25.010","159"
"59","384858","20220615193000","108","0","臺北市","文山區","121.580","25.010","37"
"50","384862","20220615193000","34","2","臺北市","文山區","121.590","25.010","51"
"863","384864","20220615193000","971","0","臺北市","大安區","121.540","25.010","682"
"3557","384865","20220615193000","3146","1","臺北市","文山區","121.540","25.005","3511"
"1582","384868","20220615193000","1586","0","臺北市","萬華區","121.490","25.035","1494"
"2989","384871","20220615193000","3537","0","臺北市","文山區","121.560","25.000","2934"
"1438","384874","20220615193000","1493","0","臺北市","萬華區","121.495","25.015","1369"
"129","384876","20220615193000","52","3","臺北市","信義區","121.565","25.015","119"
"4230","384878","20220615193000","4569","0","臺北市","大安區","121.550","25.035","4327"
"3848","384879","20220615193000","3788","1","臺北市","中正區","121.530","25.040","3936"
"10945","384880","20220615193000","10063","1","臺北市","大安區","121.550","25.030","10586"
"3952","384881","20220615193000","4456","0","臺北市","信義區","121.555","25.025","3956"
"1136","384882","20220615193000","610","3","臺北市","文山區","121.550","24.995","1273"
"3072","384883","20220615193000","2740","1","臺北市","文山區","121.550","25.000","3333"
"3953","384884","20220615193000","4226","0","臺北市","萬華區","121.500","25.020","4159"
"4629","384885","20220615193000","4900","0","臺北市","大安區","121.530","25.020","4529"
"4812","384886","20220615193000","4844","0","臺北市","大安區","121.540","25.035","4953"
"412","384888","20220615193000","324","2","臺北市","文山區","121.565","25.000","419"
"243","384889","20220615193000","393","0","臺北市","文山區","121.565","25.005","260"
"882","384890","20220615193000","899","0","臺北市","文山區","121.570","25.005","915"
"119","384891","20220615193000","13","3","臺北市","文山區","121.575","24.995","122"
"49","384893","20220615193000","60","0","臺北市","文山區","121.585","24.995","46"
"454","384895","20220615193000","243","3","臺北市","文山區","121.580","25.000","424"
"447","384897","20220615193000","442","1","新北市","深坑區","121.600","25.000","447"
"4190","384898","20220615193000","5322","0","臺北市","文山區","121.540","24.995","3954"
"203","384899","20220615193000","192","1","臺北市","文山區","121.570","24.995","173"
"1647","384900","20220615193000","1442","1","臺北市","文山區","121.570","25.000","1640"
"4727","384901","20220615193000","4607","1","臺北市","文山區","121.540","25.000","4812"
"1116","384903","20220615193000","1566","0","臺北市","萬華區","121.505","25.020","1127"
"1311","384904","20220615193000","1296","1","臺北市","文山區","121.555","24.995","1349"
"1239","384905","20220615193000","1209","1","臺北市","文山區","121.560","24.995","1228"
"1730","384906","20220615193000","2194","0","臺北市","文山區","121.555","25.000","1600"
"1677","384907","20220615193000","1510","1","臺北市","文山區","121.550","25.005","1736"
"571","384908","20220615193000","366","3","臺北市","大安區","121.550","25.010","516"
"1875","384909","20220615193000","2589","0","臺北市","大安區","121.540","25.015","1756"
"1539","384911","20220615193000","3796","0","臺北市","中正區","121.535","25.010","1534"
"482","384913","20220615193000","992","0","臺北市","大安區","121.545","25.010","508"
"4397","384914","20220615193000","5300","0","臺北市","大安區","121.535","25.015","4064"
"662","384916","20220615193000","1082","0","臺北市","大安區","121.545","25.015","725"
"7551","384917","20220615193000","10325","0","臺北市","大安區","121.550","25.040","7053"
"1429","384918","20220615193000","1399","1","臺北市","文山區","121.535","24.995","1175"
"4100","384919","20220615193000","4587","0","臺北市","松山區","121.545","25.045","3980"
"3645","384920","20220615193000","3634","1","臺北市","萬華區","121.500","25.040","3632"
"814","384922","20220615193000","824","0","臺北市","萬華區","121.490","25.030","731"
"7887","384923","20220615193000","9080","0","臺北市","萬華區","121.505","25.045","7462"
"1814","384924","20220615193000","2260","0","臺北市","南港區","121.585","25.050","1604"
"1111","384925","20220615193000","1682","0","臺北市","南港區","121.590","25.050","1189"
"1791","384926","20220615193000","1548","1","臺北市","南港區","121.590","25.040","1795"
"385","384927","20220615193000","548","0","臺北市","南港區","121.590","25.045","372"
"1203","384929","20220615193000","1183","1","臺北市","南港區","121.595","25.040","1220"
"324","384931","20220615193000","584","0","臺北市","南港區","121.595","25.045","334"
"61","384932","20220615193000","86","0","臺北市","南港區","121.600","25.045","68"
"1808","384933","20220615193000","1696","1","臺北市","南港區","121.595","25.050","1891"
"3525","384935","20220615193000","4158","0","臺北市","萬華區","121.495","25.030","3454"
"1864","384936","20220615193000","1370","2","臺北市","萬華區","121.490","25.025","1785"
"196","384937","20220615193000","161","2","臺北市","文山區","121.555","25.010","195"
"166","384938","20220615193000","179","0","臺北市","信義區","121.565","25.010","179"
"2076","384940","20220615193000","2356","0","臺北市","大安區","121.560","25.015","2080"
"5590","384941","20220615193000","5386","1","臺北市","松山區","121.550","25.050","4739"
"212","384942","20220615193000","505","0","臺北市","大安區","121.540","25.020","210"
"98","384943","20220615193000","2162","0","臺北市","大安區","121.540","25.025","91"
"8391","384944","20220615193000","9677","0","臺北市","松山區","121.555","25.050","8268"
"2046","384945","20220615193000","1738","1","臺北市","萬華區","121.495","25.035","1950"
"440","384946","20220615193000","496","0","臺北市","萬華區","121.495","25.040","461"
"910","384947","20220615193000","771","1","臺北市","文山區","121.565","24.995","972"
"4719","384948","20220615193000","4541","1","臺北市","松山區","121.560","25.050","4732"
"3878","384949","20220615193000","5624","0","臺北市","松山區","121.565","25.050","3949"
"1720","384950","20220615193000","1238","2","臺北市","萬華區","121.490","25.020","1654"
"1043","384951","20220615193000","1229","0","臺北市","萬華區","121.500","25.030","834"
"4169","384952","20220615193000","4751","0","臺北市","萬華區","121.505","25.040","4341"
"5531","384955","20220615193000","6582","0","臺北市","大安區","121.535","25.040","5595"
"4355","384956","20220615193000","3231","2","臺北市","松山區","121.555","25.045","4318"
"2768","384957","20220615193000","2619","1","臺北市","松山區","121.575","25.050","2572"
"6156","384958","20220615193000","6873","0","臺北市","南港區","121.580","25.050","6080"
"189","384960","20220615193000","253","0","臺北市","信義區","121.580","25.030","217"
"2241","384961","20220615193000","3146","0","臺北市","信義區","121.580","25.035","2264"
"2641","384962","20220615193000","4149","0","臺北市","信義區","121.580","25.045","2723"
"3684","384963","20220615193000","7341","0","臺北市","萬華區","121.500","25.035","2760"
"4393","384964","20220615193000","6241","0","臺北市","松山區","121.545","25.050","4531"
"1893","384965","20220615193000","1396","2","臺北市","萬華區","121.495","25.020","1968"
"2352","384966","20220615193000","2353","0","臺北市","萬華區","121.500","25.025","2399"
"438","384968","20220615193000","310","2","臺北市","信義區","121.570","25.015","407"
"161","384969","20220615193000","1394","0","臺北市","信義區","121.570","25.020","175"
"2062","384970","20220615193000","4955","0","臺北市","信義區","121.560","25.040","2147"
"4196","384971","20220615193000","5073","0","臺北市","大安區","121.535","25.035","4073"
"1827","384972","20220615193000","1689","1","臺北市","文山區","121.545","24.995","1786"
"1657","384973","20220615193000","1255","2","臺北市","大安區","121.555","25.015","1722"
"2998","384974","20220615193000","3287","0","臺北市","大安區","121.540","25.030","2948"
"185","384975","20220615193000","126","2","臺北市","文山區","121.545","25.005","173"
"742","384976","20220615193000","621","1","臺北市","文山區","121.535","25.000","718"
"490","384977","20220615193000","864","0","臺北市","文山區","121.535","25.005","551"
"3467","384978","20220615193000","4056","0","臺北市","萬華區","121.505","25.025","3478"
"1073","384983","20220615193000","1065","1","臺北市","南港區","121.610","25.050","1179"
"30","384984","20220615193000","126","0","臺北市","南港區","121.615","25.050","36"
"1406","384986","20220615193000","1166","2","臺北市","南港區","121.615","25.040","1356"
"2149","384987","20220615193000","2258","0","臺北市","南港區","121.615","25.045","2288"
"26","384992","20220615193000","22","1","臺北市","南港區","121.595","25.015","13"
"46","384996","20220615193000","39","1","臺北市","南港區","121.600","25.020","51"
"215","384997","20220615193000","250","0","臺北市","南港區","121.605","25.020","210"
"61","385006","20220615193000","44","2","臺北市","南港區","121.620","25.025","56"
"942","385010","20220615193000","639","2","臺北市","南港區","121.610","25.030","962"
"28","385015","20220615193000","489","0","臺北市","南港區","121.615","25.035","20"
"4426","385016","20220615193000","4388","1","臺北市","大安區","121.535","25.025","4247"
"3349","385018","20220615193000","4660","0","臺北市","大安區","121.545","25.020","3378"
"6248","385019","20220615193000","9166","0","臺北市","信義區","121.565","25.040","6018"
"6523","385020","20220615193000","7188","0","臺北市","信義區","121.570","25.040","6355"
"2004","385021","20220615193000","3579","0","臺北市","信義區","121.560","25.035","1671"
"4975","385022","20220615193000","6192","0","臺北市","信義區","121.565","25.035","4971"
"310","385023","20220615193000","229","2","臺北市","文山區","121.555","25.005","309"
"2066","385025","20220615193000","1793","1","臺北市","文山區","121.545","25.000","2190"
"4301","385026","20220615193000","4536","0","臺北市","萬華區","121.505","25.035","4304"
"1790","385027","20220615193000","1782","1","臺北市","萬華區","121.495","25.025","1731"
"9194","385028","20220615193000","11604","0","臺北市","大安區","121.545","25.040","9006"
"1690","385029","20220615193000","1726","0","臺北市","信義區","121.560","25.020","1758"
"3450","385033","20220615193000","2972","1","臺北市","信義區","121.585","25.040","3393"
"4888","385034","20220615193000","5152","0","臺北市","大安區","121.530","25.030","4744"
"3688","385035","20220615193000","3924","0","臺北市","大安區","121.545","25.025","3696"
"76","387378","20220615193000","49","3","新北市","貢寮區","121.920","25.075","62"
"352","391023","20220615193000","461","0","桃園市","大園區","121.240","25.115","308"
"247","392790","20220615193000","319","0","新北市","林口區","121.360","25.135","240"
"1308","392791","20220615193000","1145","1","基隆市","中正區(海)","121.745","25.135","1156"
"112","392792","20220615193000","105","1","新北市","瑞芳區","121.805","25.135","94"
"946","393254","20220615193000","713","2","基隆市","中正區(海)","121.750","25.140","986"
"3054","394037","20220615193000","3846","0","基隆市","七堵區","121.700","25.085","3086"
"82","394044","20220615193000","57","2","基隆市","七堵區","121.715","25.105","86"
"25","394049","20220615193000","23","1","基隆市","安樂區","121.710","25.120","24"
"674","394050","20220615193000","652","1","基隆市","中正區","121.760","25.140","677"
"805","394051","20220615193000","723","1","基隆市","中正區","121.755","25.135","790"
"1552","394053","20220615193000","1052","2","基隆市","安樂區","121.720","25.125","1645"
"809","394054","20220615193000","1097","0","基隆市","中山區","121.730","25.145","827"
"1367","394055","20220615193000","1832","0","新北市","三重區","121.475","25.065","1472"
"1698","394056","20220615193000","1047","3","新北市","三重區","121.490","25.070","1571"
"4020","394057","20220615193000","3632","1","新北市","汐止區","121.635","25.065","4145"
"3107","394058","20220615193000","2887","1","新北市","汐止區","121.660","25.065","2964"
"24","394059","20220615193000","20","2","新北市","汐止區","121.665","25.050","20"
"868","394060","20220615193000","921","0","新北市","汐止區","121.670","25.055","816"
"1039","394062","20220615193000","1164","0","新北市","汐止區","121.665","25.055","1128"
"1546","394064","20220615193000","2680","0","新北市","汐止區","121.660","25.060","1658"
"878","394066","20220615193000","783","1","基隆市","七堵區","121.695","25.080","948"
"934","394068","20220615193000","897","1","基隆市","七堵區","121.720","25.100","960"
"1307","394069","20220615193000","1814","0","基隆市","中正區","121.750","25.135","1049"
"298","394070","20220615193000","380","0","基隆市","中正區","121.755","25.140","228"
"476","394072","20220615193000","473","1","基隆市","中正區","121.770","25.145","499"
"807","394074","20220615193000","899","0","基隆市","暖暖區","121.730","25.095","865"
"426","394075","20220615193000","372","1","基隆市","暖暖區","121.735","25.105","416"
"429","394076","20220615193000","597","0","基隆市","暖暖區","121.735","25.110","429"
"511","394077","20220615193000","518","0","基隆市","暖暖區","121.740","25.100","514"
"671","394078","20220615193000","650","1","基隆市","中山區","121.735","25.135","649"
"220","394082","20220615193000","143","3","基隆市","安樂區","121.705","25.140","222"
"37","394085","20220615193000","32","1","基隆市","安樂區","121.700","25.145","37"
"1635","394090","20220615193000","1216","2","基隆市","安樂區","121.715","25.125","1780"
"2430","394091","20220615193000","2282","1","基隆市","仁愛區","121.740","25.125","2448"
"1031","394092","20220615193000","1005","1","臺北市","大同區","121.510","25.070","1026"
"4150","394093","20220615193000","3056","2","新北市","三重區","121.500","25.055","4260"
"5101","394094","20220615193000","4991","1","新北市","三重區","121.500","25.065","5142"
"610","394095","20220615193000","907","0","基隆市","中山區","121.740","25.135","608"
"3098","394096","20220615193000","3136","0","基隆市","信義區","121.755","25.130","3292"
"927","394097","20220615193000","965","0","基隆市","仁愛區","121.735","25.125","1085"
"420","394098","20220615193000","355","1","基隆市","安樂區","121.725","25.140","440"
"269","394099","20220615193000","1070","0","基隆市","安樂區","121.730","25.130","229"
"2888","394102","20220615193000","2619","1","新北市","五股區","121.450","25.105","2974"
"1298","394106","20220615193000","1006","2","新北市","五股區","121.440","25.090","1349"
"975","394108","20220615193000","870","1","新北市","五股區","121.440","25.095","990"
"276","394109","20220615193000","225","2","新北市","五股區","121.430","25.100","248"
"120","394115","20220615193000","248","0","新北市","五股區","121.445","25.075","117"
"1257","394118","20220615193000","952","2","新北市","五股區","121.460","25.075","1265"
"1523","394121","20220615193000","1368","1","新北市","五股區","121.455","25.080","1476"
"80","394125","20220615193000","74","1","新北市","五股區","121.430","25.085","63"
"1674","394126","20220615193000","2127","0","新北市","五股區","121.435","25.085","1651"
"42","394127","20220615193000","35","2","新北市","五股區","121.420","25.090","38"
"1975","394129","20220615193000","3102","0","新北市","五股區","121.430","25.070","2127"
"2106","394130","20220615193000","1224","3","新北市","五股區","121.435","25.070","2231"
"242","394135","20220615193000","249","0","新北市","五股區","121.425","25.070","264"
"45","394136","20220615193000","22","3","新北市","林口區","121.405","25.075","32"
"54","394138","20220615193000","36","3","新北市","五股區","121.405","25.080","52"
"754","394139","20220615193000","1146","0","新北市","新莊區","121.450","25.060","797"
"1898","394141","20220615193000","2224","0","新北市","新莊區","121.455","25.060","1755"
"483","394142","20220615193000","744","0","新北市","五股區","121.450","25.070","473"
"1093","394144","20220615193000","1066","1","新北市","五股區","121.455","25.070","1183"
"1359","394146","20220615193000","1178","1","新北市","五股區","121.465","25.070","1404"
"512","394147","20220615193000","459","1","新北市","五股區","121.465","25.075","471"
"163","394149","20220615193000","176","0","新北市","五股區","121.435","25.105","163"
"162","394150","20220615193000","119","2","新北市","五股區","121.420","25.110","153"
"42","394155","20220615193000","50","0","新北市","五股區","121.420","25.115","39"
"66","394166","20220615193000","33","3","新北市","五股區","121.425","25.120","68"
"108","394170","20220615193000","117","0","新北市","五股區","121.420","25.125","113"
"1205","394174","20220615193000","822","2","基隆市","信義區","121.765","25.125","1297"
"1070","394175","20220615193000","977","1","基隆市","信義區","121.760","25.130","1075"
"592","394176","20220615193000","560","1","基隆市","中正區","121.760","25.135","608"
"316","394178","20220615193000","250","2","基隆市","七堵區","121.700","25.070","306"
"671","394179","20220615193000","416","3","基隆市","七堵區","121.695","25.075","542"
"1162","394181","20220615193000","1496","0","基隆市","七堵區","121.715","25.095","1170"
"725","394182","20220615193000","535","2","基隆市","七堵區","121.720","25.095","725"
"874","394185","20220615193000","718","2","基隆市","中山區","121.720","25.140","919"
"2349","394186","20220615193000","2209","1","基隆市","中山區","121.725","25.145","2428"
"1163","394187","20220615193000","838","2","新北市","五股區","121.435","25.090","1203"
"874","394188","20220615193000","1025","0","新北市","五股區","121.440","25.080","819"
"745","394189","20220615193000","1141","0","新北市","五股區","121.440","25.085","752"
"68","394191","20220615193000","37","3","新北市","五股區","121.415","25.085","60"
"142","394193","20220615193000","124","1","新北市","五股區","121.415","25.090","110"
"75","394196","20220615193000","68","1","新北市","五股區","121.410","25.100","85"
"173","394202","20220615193000","233","0","新北市","五股區","121.405","25.110","202"
"38","394207","20220615193000","69","0","新北市","五股區","121.410","25.110","34"
"18","394208","20220615193000","18","1","新北市","八里區","121.400","25.115","20"
"262","394211","20220615193000","330","0","新北市","五股區","121.425","25.095","255"
"109","394214","20220615193000","832","0","新北市","泰山區","121.435","25.065","107"
"176","394216","20220615193000","216","0","新北市","五股區","121.415","25.075","180"
"112","394218","20220615193000","86","2","新北市","五股區","121.425","25.075","117"
"975","394220","20220615193000","699","2","新北市","五股區","121.435","25.075","995"
"58","394223","20220615193000","49","1","新北市","五股區","121.420","25.080","65"
"889","394226","20220615193000","1001","0","新北市","五股區","121.435","25.080","893"
"1235","394227","20220615193000","961","2","新北市","五股區","121.445","25.090","1274"
"963","394229","20220615193000","626","3","新北市","五股區","121.445","25.095","974"
"48","394230","20220615193000","334","0","新北市","五股區","121.450","25.095","45"
"772","394234","20220615193000","1208","0","新北市","五股區","121.450","25.100","731"
"4923","394235","20220615193000","4976","0","新北市","三重區","121.495","25.070","5060"
"3211","394236","20220615193000","2694","1","新北市","三重區","121.500","25.070","3254"
"4473","394237","20220615193000","5562","0","新北市","三重區","121.490","25.065","4520"
"3555","394238","20220615193000","2032","3","基隆市","中正區","121.785","25.135","3611"
"2568","394242","20220615193000","2599","0","基隆市","安樂區","121.720","25.120","2697"
"1270","394243","20220615193000","1401","0","新北市","三重區","121.505","25.060","1376"
"3704","394244","20220615193000","4176","0","新北市","三重區","121.480","25.060","3871"
"2194","394247","20220615193000","1696","2","新北市","三重區","121.485","25.070","2218"
"1058","394248","20220615193000","621","3","基隆市","中正區","121.790","25.135","1001"
"1096","394252","20220615193000","1087","1","基隆市","信義區","121.765","25.130","1171"
"75","394254","20220615193000","353","0","基隆市","信義區","121.770","25.135","93"
"1346","394258","20220615193000","1333","1","基隆市","信義區","121.770","25.130","1416"
"866","394259","20220615193000","1056","0","基隆市","信義區","121.775","25.130","873"
"100","394262","20220615193000","82","2","基隆市","信義區","121.790","25.115","68"
"101","394265","20220615193000","92","1","基隆市","信義區","121.790","25.120","90"
"529","394266","20220615193000","361","2","基隆市","信義區","121.785","25.125","504"
"1703","394270","20220615193000","1890","0","基隆市","信義區","121.775","25.135","1811"
"638","394272","20220615193000","587","1","基隆市","安樂區","121.725","25.135","590"
"1567","394273","20220615193000","1334","1","基隆市","安樂區","121.715","25.140","1707"
"1943","394275","20220615193000","2632","0","基隆市","中山區","121.735","25.130","2133"
"352","394276","20220615193000","663","0","基隆市","安樂區","121.725","25.125","1183"
"1322","394277","20220615193000","1071","2","基隆市","安樂區","121.725","25.130","1420"
"187","394278","20220615193000","315","0","基隆市","中山區","121.720","25.145","173"
"2906","394280","20220615193000","2811","1","基隆市","仁愛區","121.740","25.130","2649"
"975","394281","20220615193000","942","1","基隆市","安樂區","121.730","25.135","1000"
"3084","394282","20220615193000","2354","2","新北市","三重區","121.490","25.075","3135"
"4504","394283","20220615193000","5179","0","新北市","三重區","121.490","25.060","4409"
"2360","394284","20220615193000","2354","1","新北市","三重區","121.495","25.060","2510"
"658","394285","20220615193000","551","1","基隆市","中山區","121.740","25.145","693"
"1604","394288","20220615193000","1902","0","基隆市","安樂區","121.710","25.140","1823"
"1147","394290","20220615193000","1093","1","基隆市","安樂區","121.710","25.150","1160"
"802","394291","20220615193000","431","3","基隆市","中山區","121.715","25.145","812"
"69","394292","20220615193000","312","0","新北市","三重區","121.485","25.065","67"
"693","394293","20220615193000","810","0","臺北市","大同區","121.510","25.075","708"
"4837","394294","20220615193000","5123","0","新北市","三重區","121.500","25.060","4869"
"1866","394295","20220615193000","1512","2","新北市","三重區","121.475","25.055","1858"
"345","394297","20220615193000","245","2","新北市","五股區","121.460","25.070","366"
"1069","394298","20220615193000","1018","1","新北市","三重區","121.470","25.060","821"
"854","394299","20220615193000","1312","0","新北市","三重區","121.470","25.065","898"
"667","394301","20220615193000","468","2","新北市","三重區","121.505","25.075","682"
"2325","394302","20220615193000","2370","0","新北市","三重區","121.485","25.080","2360"
"296","394303","20220615193000","232","2","基隆市","中山區","121.740","25.140","315"
"1231","394304","20220615193000","960","2","新北市","三重區","121.470","25.070","1240"
"212","394305","20220615193000","277","0","基隆市","信義區","121.780","25.135","225"
"795","394306","20220615193000","1482","0","基隆市","信義區","121.780","25.130","872"
"996","394307","20220615193000","848","1","基隆市","信義區","121.780","25.140","997"
"607","394308","20220615193000","520","1","基隆市","中正區","121.785","25.140","623"
"219","394312","20220615193000","117","3","基隆市","信義區","121.775","25.125","208"
"925","394313","20220615193000","1076","0","基隆市","信義區","121.780","25.125","974"
"137","394317","20220615193000","95","2","新北市","瑞芳區","121.760","25.110","92"
"170","394320","20220615193000","169","1","基隆市","信義區","121.765","25.115","143"
"305","394321","20220615193000","292","1","基隆市","信義區","121.765","25.120","299"
"1329","394324","20220615193000","1460","0","基隆市","信義區","121.760","25.125","1178"
"1504","394325","20220615193000","1880","0","新北市","三重區","121.490","25.085","1458"
"636","394326","20220615193000","546","1","新北市","三重區","121.490","25.090","586"
"288","394327","20220615193000","54","3","新北市","三重區","121.495","25.090","266"
"2054","394329","20220615193000","1300","3","新北市","三重區","121.475","25.070","2133"
"2643","394330","20220615193000","2958","0","新北市","三重區","121.480","25.070","2856"
"2464","394332","20220615193000","1051","3","新北市","泰山區","121.430","25.065","2567"
"1165","394333","20220615193000","907","2","新北市","泰山區","121.440","25.060","1217"
"423","394335","20220615193000","341","2","基隆市","中山區","121.735","25.140","426"
"73","394336","20220615193000","1020","0","基隆市","中山區","121.730","25.140","91"
"158","394337","20220615193000","547","0","基隆市","暖暖區","121.735","25.100","148"
"31","394358","20220615193000","63","0","基隆市","暖暖區","121.755","25.075","29"
"51","394364","20220615193000","33","3","基隆市","暖暖區","121.745","25.085","49"
"612","394398","20220615193000","535","1","基隆市","暖暖區","121.740","25.090","624"
"40","394401","20220615193000","225","0","基隆市","暖暖區","121.735","25.095","33"
"24","394402","20220615193000","495","0","基隆市","暖暖區","121.740","25.095","26"
"3640","394404","20220615193000","3525","1","基隆市","暖暖區","121.755","25.095","3880"
"57","394405","20220615193000","586","0","基隆市","暖暖區","121.750","25.090","57"
"428","394407","20220615193000","306","2","基隆市","暖暖區","121.750","25.095","450"
"1708","394413","20220615193000","1606","1","基隆市","暖暖區","121.740","25.105","1670"
"367","394418","20220615193000","322","1","基隆市","暖暖區","121.730","25.100","343"
"1101","394422","20220615193000","1151","0","基隆市","安樂區","121.705","25.145","1116"
"1703","394423","20220615193000","1023","3","基隆市","安樂區","121.710","25.145","1676"
"2661","394426","20220615193000","3144","0","新北市","三重區","121.490","25.080","2659"
"1916","394427","20220615193000","1887","1","新北市","三重區","121.485","25.075","1943"
"3765","394428","20220615193000","3610","1","新北市","三重區","121.480","25.075","3870"
"42","394429","20220615193000","239","0","基隆市","中山區","121.735","25.145","36"
"5598","394430","20220615193000","4767","1","新北市","三重區","121.495","25.065","5727"
"2729","394435","20220615193000","2640","1","基隆市","仁愛區","121.745","25.125","2748"
"721","394436","20220615193000","978","0","基隆市","仁愛區","121.745","25.120","701"
"2443","394438","20220615193000","2673","0","新北市","三重區","121.485","25.060","2326"
"1507","394441","20220615193000","1367","1","基隆市","暖暖區","121.750","25.100","1484"
"852","394442","20220615193000","722","1","基隆市","安樂區","121.730","25.115","931"
"3518","394444","20220615193000","3604","0","基隆市","安樂區","121.725","25.120","3227"
"861","394447","20220615193000","808","1","新北市","三重區","121.495","25.075","827"
"2488","394450","20220615193000","2191","1","新北市","三重區","121.495","25.085","2577"
"4523","394451","20220615193000","4214","1","新北市","三重區","121.480","25.065","4643"
"386","394458","20220615193000","239","3","基隆市","暖暖區","121.730","25.110","344"
"541","394461","20220615193000","364","2","基隆市","七堵區","121.700","25.075","592"
"200","394464","20220615193000","189","1","基隆市","七堵區","121.705","25.085","195"
"831","394466","20220615193000","1010","0","基隆市","七堵區","121.705","25.090","881"
"396","394467","20220615193000","294","2","基隆市","七堵區","121.700","25.095","385"
"700","394470","20220615193000","571","2","基隆市","七堵區","121.665","25.090","733"
"54","394480","20220615193000","50","1","基隆市","七堵區","121.670","25.100","60"
"522","394492","20220615193000","345","3","基隆市","七堵區","121.670","25.105","477"
"49","394500","20220615193000","46","1","基隆市","七堵區","121.660","25.115","53"
"67","394518","20220615193000","70","0","基隆市","七堵區","121.660","25.130","72"
"99","394538","20220615193000","280","0","基隆市","七堵區","121.695","25.085","73"
"1247","394546","20220615193000","1413","0","基隆市","七堵區","121.685","25.075","1274"
"648","394547","20220615193000","355","3","基隆市","七堵區","121.690","25.075","541"
"1215","394550","20220615193000","688","3","基隆市","七堵區","121.690","25.085","1220"
"4952","394551","20220615193000","6033","0","基隆市","中正區","121.745","25.130","4610"
"114","394552","20220615193000","360","0","基隆市","仁愛區","121.740","25.120","440"
"2302","394553","20220615193000","2262","1","基隆市","信義區","121.750","25.130","2306"
"229","394554","20220615193000","575","0","基隆市","仁愛區","121.750","25.125","514"
"486","394555","20220615193000","751","0","基隆市","中正區","121.765","25.140","463"
"254","394556","20220615193000","183","2","基隆市","中正區","121.795","25.125","241"
"226","394559","20220615193000","141","3","基隆市","中正區","121.795","25.130","233"
"1498","394564","20220615193000","1410","1","基隆市","中正區","121.790","25.140","1314"
"1252","394565","20220615193000","1025","2","基隆市","中正區","121.795","25.140","1126"
"1496","394567","20220615193000","1399","1","基隆市","中正區","121.760","25.145","1555"
"913","394570","20220615193000","602","3","基隆市","安樂區","121.715","25.120","894"
"1095","394576","20220615193000","1326","0","基隆市","安樂區","121.715","25.130","1097"
"95","394582","20220615193000","75","2","基隆市","仁愛區","121.740","25.110","82"
"203","394583","20220615193000","92","3","基隆市","仁愛區","121.745","25.110","140"
"470","394586","20220615193000","396","1","基隆市","仁愛區","121.745","25.115","483"
"83","394587","20220615193000","60","2","基隆市","仁愛區","121.750","25.115","89"
"400","394590","20220615193000","225","3","基隆市","七堵區","121.710","25.100","103"
"2971","394592","20220615193000","1977","3","基隆市","七堵區","121.715","25.100","3057"
"362","394607","20220615193000","173","3","基隆市","七堵區","121.710","25.085","290"
"1519","394611","20220615193000","1795","0","基隆市","七堵區","121.710","25.090","1578"
"198","394613","20220615193000","466","0","基隆市","七堵區","121.720","25.090","201"
"54","394617","20220615193000","45","2","基隆市","七堵區","121.680","25.100","66"
"103","394625","20220615193000","91","1","基隆市","七堵區","121.695","25.105","84"
"61","394632","20220615193000","45","2","基隆市","七堵區","121.690","25.115","47"
"117","394634","20220615193000","105","1","基隆市","七堵區","121.700","25.115","96"
"35","394645","20220615193000","22","3","基隆市","安樂區","121.700","25.130","16"
"73","394660","20220615193000","67","1","基隆市","七堵區","121.680","25.120","83"
"36","394663","20220615193000","17","3","基隆市","七堵區","121.680","25.125","43"
"232","394685","20220615193000","144","3","新北市","蘆洲區","121.485","25.090","241"
"832","394686","20220615193000","923","0","新北市","汐止區","121.630","25.060","868"
"2226","394687","20220615193000","1493","2","新北市","汐止區","121.620","25.065","2443"
"2010","394688","20220615193000","2541","0","新北市","汐止區","121.625","25.065","2214"
"16","394694","20220615193000","23","0","新北市","八里區","121.415","25.145","21"
"649","394705","20220615193000","1170","0","新北市","八里區","121.450","25.140","705"
"42","394716","20220615193000","41","1","新北市","八里區","121.415","25.130","40"
"123","394724","20220615193000","121","1","新北市","八里區","121.410","25.145","117"
"40","394725","20220615193000","236","0","新北市","八里區","121.405","25.150","26"
"404","394726","20220615193000","320","2","新北市","八里區","121.410","25.150","398"
"84","394731","20220615193000","130","0","新北市","八里區","121.405","25.125","75"
"1807","394740","20220615193000","1204","3","新北市","蘆洲區","121.465","25.090","1803"
"3238","394741","20220615193000","2819","1","新北市","蘆洲區","121.460","25.085","3176"
"1556","394742","20220615193000","1506","1","新北市","蘆洲區","121.465","25.085","1559"
"2083","394743","20220615193000","2232","0","新北市","蘆洲區","121.460","25.090","1972"
"604","394744","20220615193000","1848","0","新北市","蘆洲區","121.460","25.095","662"
"247","394745","20220615193000","541","0","新北市","蘆洲區","121.475","25.075","219"
"962","394746","20220615193000","966","0","新北市","蘆洲區","121.475","25.090","945"
"2095","394747","20220615193000","1221","3","新北市","蘆洲區","121.470","25.095","1872"
"42","394748","20220615193000","277","0","新北市","蘆洲區","121.475","25.095","36"
"521","394749","20220615193000","260","3","新北市","蘆洲區","121.470","25.100","451"
"1053","394750","20220615193000","1893","0","新北市","新莊區","121.460","25.060","864"
"2200","394751","20220615193000","2304","0","新北市","新莊區","121.465","25.060","2177"
"1680","394752","20220615193000","953","3","新北市","五股區","121.465","25.065","1794"
"413","394787","20220615193000","526","0","新北市","瑞芳區","121.770","25.100","446"
"26","394788","20220615193000","74","0","新北市","瑞芳區","121.775","25.100","56"
"63","394798","20220615193000","41","3","新北市","瑞芳區","121.825","25.085","65"
"18","394809","20220615193000","15","2","新北市","瑞芳區","121.815","25.120","18"
"447","394810","20220615193000","508","0","新北市","瑞芳區","121.820","25.120","422"
"1166","394819","20220615193000","1045","1","新北市","五股區","121.430","25.090","1167"
"2424","394821","20220615193000","1906","2","新北市","八里區","121.395","25.145","2424"
"71","394822","20220615193000","44","3","新北市","八里區","121.390","25.150","56"
"1844","394824","20220615193000","1143","3","新北市","八里區","121.400","25.150","1912"
"67","394829","20220615193000","43","3","新北市","八里區","121.400","25.100","63"
"92","394833","20220615193000","93","0","新北市","八里區","121.390","25.110","112"
"253","394843","20220615193000","361","0","新北市","林口區","121.375","25.120","335"
"442","394854","20220615193000","530","0","新北市","八里區","121.385","25.130","489"
"1919","394858","20220615193000","1645","1","新北市","瑞芳區","121.805","25.105","1812"
"22","394863","20220615193000","32","0","新北市","瑞芳區","121.795","25.085","17"
"268","394867","20220615193000","183","2","新北市","瑞芳區","121.795","25.090","254"
"669","394873","20220615193000","511","2","新北市","瑞芳區","121.785","25.095","726"
"142","394878","20220615193000","129","1","新北市","瑞芳區","121.790","25.100","139"
"484","394885","20220615193000","422","1","新北市","瑞芳區","121.790","25.110","555"
"68","394894","20220615193000","57","1","新北市","瑞芳區","121.825","25.090","67"
"285","394924","20220615193000","151","3","新北市","瑞芳區","121.760","25.100","307"
"15","394926","20220615193000","34","0","新北市","瑞芳區","121.760","25.105","10"
"48","394932","20220615193000","49","0","新北市","瑞芳區","121.775","25.110","34"
"68","394934","20220615193000","35","3","新北市","瑞芳區","121.770","25.115","61"
"344","394937","20220615193000","396","0","新北市","瑞芳區","121.845","25.110","336"
"90","394943","20220615193000","92","0","新北市","瑞芳區","121.830","25.095","104"
"308","394949","20220615193000","324","0","新北市","瑞芳區","121.840","25.095","271"
"248","394954","20220615193000","219","1","新北市","瑞芳區","121.850","25.105","243"
"257","394965","20220615193000","199","2","新北市","瑞芳區","121.815","25.105","243"
"102","394966","20220615193000","98","1","新北市","五股區","121.455","25.115","142"
"562","394972","20220615193000","333","3","新北市","八里區","121.450","25.125","555"
"1094","394973","20220615193000","1066","1","新北市","八里區","121.455","25.125","1208"
"978","394979","20220615193000","647","3","新北市","八里區","121.450","25.130","995"
"440","394985","20220615193000","333","2","新北市","八里區","121.450","25.135","454"
"2001","394986","20220615193000","1588","2","新北市","汐止區","121.640","25.065","1943"
"479","394991","20220615193000","493","0","桃園市","觀音區","121.120","25.060","491"
"498","394992","20220615193000","475","1","桃園市","觀音區","121.125","25.060","526"
"29","394993","20220615193000","181","0","桃園市","觀音區","121.130","25.060","24"
"461","394996","20220615193000","422","1","桃園市","觀音區","121.110","25.065","465"
"661","395000","20220615193000","651","1","桃園市","觀音區","121.130","25.065","641"
"241","395008","20220615193000","261","0","桃園市","觀音區","121.135","25.060","219"
"1344","395014","20220615193000","1307","1","桃園市","蘆竹區","121.285","25.070","1395"
"216","395019","20220615193000","626","0","桃園市","蘆竹區","121.285","25.075","503"
"479","395023","20220615193000","637","0","桃園市","蘆竹區","121.285","25.080","473"
"703","395029","20220615193000","892","0","桃園市","蘆竹區","121.255","25.110","655"
"216","395030","20220615193000","280","0","桃園市","蘆竹區","121.260","25.110","187"
"227","395031","20220615193000","259","0","桃園市","蘆竹區","121.265","25.110","195"
"381","395032","20220615193000","336","1","桃園市","蘆竹區","121.270","25.110","390"
"193","395038","20220615193000","188","1","桃園市","蘆竹區","121.255","25.115","211"
"1404","395042","20220615193000","1596","0","桃園市","蘆竹區","121.295","25.060","1045"
"1106","395043","20220615193000","748","2","桃園市","蘆竹區","121.300","25.060","1083"
"30","395046","20220615193000","46","0","桃園市","蘆竹區","121.315","25.060","26"
"257","395057","20220615193000","227","1","新北市","瑞芳區","121.860","25.125","230"
"25","395074","20220615193000","23","1","新北市","貢寮區","121.910","25.085","27"
"335","395083","20220615193000","265","2","新北市","雙溪區","121.875","25.090","394"
"29","395098","20220615193000","21","2","新北市","貢寮區","121.915","25.095","33"
"72","395109","20220615193000","98","0","新北市","貢寮區","121.920","25.105","86"
"341","395119","20220615193000","328","1","新北市","貢寮區","121.925","25.055","322"
"279","395121","20220615193000","255","1","新北市","貢寮區","121.925","25.060","300"
"54","395125","20220615193000","46","1","新北市","貢寮區","121.925","25.065","55"
"841","395129","20220615193000","902","0","新北市","新莊區","121.455","25.065","954"
"962","395130","20220615193000","897","1","新北市","五股區","121.445","25.065","906"
"574","395131","20220615193000","650","0","新北市","泰山區","121.435","25.060","559"
"356","395132","20220615193000","731","0","新北市","汐止區","121.645","25.060","352"
"3262","395133","20220615193000","2130","3","新北市","汐止區","121.665","25.065","3312"
"290","395134","20220615193000","342","0","桃園市","蘆竹區","121.270","25.060","273"
"630","395135","20220615193000","722","0","桃園市","蘆竹區","121.275","25.060","616"
"870","395137","20220615193000","627","2","桃園市","蘆竹區","121.265","25.065","894"
"792","395141","20220615193000","903","0","桃園市","蘆竹區","121.270","25.070","787"
"2594","395143","20220615193000","3319","0","新北市","蘆洲區","121.470","25.090","2696"
"22","395145","20220615193000","71","0","新北市","瑞芳區","121.835","25.110","22"
"11","395147","20220615193000","11","1","新北市","瑞芳區","121.830","25.115","14"
"187","395149","20220615193000","156","1","新北市","瑞芳區","121.840","25.115","183"
"195","395156","20220615193000","137","2","新北市","瑞芳區","121.830","25.125","165"
"26","395157","20220615193000","13","3","新北市","瑞芳區","121.835","25.125","16"
"210","395163","20220615193000","456","0","新北市","瑞芳區","121.815","25.130","168"
"1430","395173","20220615193000","1208","1","新北市","瑞芳區","121.810","25.105","1529"
"2499","395174","20220615193000","2699","0","新北市","泰山區","121.445","25.060","2638"
"1264","395175","20220615193000","1028","2","新北市","五股區","121.450","25.065","1183"
"1370","395176","20220615193000","1804","0","新北市","新莊區","121.460","25.065","1356"
"50","395186","20220615193000","46","1","新北市","萬里區","121.605","25.145","51"
"2599","395203","20220615193000","2883","0","新北市","蘆洲區","121.470","25.085","2555"
"99","395204","20220615193000","186","0","新北市","蘆洲區","121.465","25.095","83"
"32","395205","20220615193000","19","3","新北市","蘆洲區","121.465","25.100","45"
"2786","395206","20220615193000","1732","3","新北市","汐止區","121.630","25.065","2765"
"2173","395207","20220615193000","1813","1","新北市","汐止區","121.630","25.070","2299"
"1465","395208","20220615193000","2051","0","新北市","汐止區","121.645","25.065","1506"
"29","395223","20220615193000","41","0","新北市","瑞芳區","121.820","25.060","34"
"73","395239","20220615193000","42","3","新北市","瑞芳區","121.840","25.105","63"
"162","395245","20220615193000","186","0","新北市","瑞芳區","121.855","25.105","165"
"81","395253","20220615193000","61","2","新北市","瑞芳區","121.915","25.120","76"
"252","395254","20220615193000","303","0","新北市","瑞芳區","121.915","25.125","302"
"360","395256","20220615193000","318","1","新北市","瑞芳區","121.795","25.110","315"
"18","395257","20220615193000","695","0","新北市","瑞芳區","121.800","25.110","18"
"327","395269","20220615193000","177","3","新北市","泰山區","121.385","25.065","216"
"794","395270","20220615193000","246","3","桃園市","龜山區","121.390","25.060","888"
"245","395273","20220615193000","203","2","新北市","泰山區","121.390","25.065","234"
"1384","395280","20220615193000","1291","1","新北市","淡水區","121.465","25.135","1355"
"23","395284","20220615193000","18","2","新北市","雙溪區","121.855","25.050","25"
"258","395287","20220615193000","224","1","新北市","雙溪區","121.850","25.055","266"
"3006","395319","20220615193000","3318","0","新北市","三重區","121.495","25.080","3062"
"1763","395320","20220615193000","2123","0","新北市","三重區","121.475","25.060","1787"
"702","395322","20220615193000","839","0","新北市","五股區","121.455","25.105","755"
"43","395323","20220615193000","38","1","新北市","五股區","121.450","25.110","58"
"49","395324","20220615193000","102","0","新北市","五股區","121.455","25.110","54"
"189","395329","20220615193000","700","0","新北市","五股區","121.445","25.105","198"
"87","395331","20220615193000","129","0","新北市","五股區","121.445","25.110","107"
"38","395344","20220615193000","94","0","新北市","八里區","121.375","25.140","26"
"308","395346","20220615193000","434","0","新北市","八里區","121.385","25.140","325"
"89","395349","20220615193000","50","3","新北市","瑞芳區","121.800","25.100","95"
"633","395350","20220615193000","561","1","新北市","瑞芳區","121.800","25.105","613"
"463","395351","20220615193000","498","0","新北市","瑞芳區","121.820","25.105","499"
"28","395356","20220615193000","395","0","新北市","汐止區","121.670","25.065","519"
"1005","395357","20220615193000","1232","0","新北市","汐止區","121.670","25.070","948"
"1040","395361","20220615193000","998","1","桃園市","蘆竹區","121.285","25.060","1048"
"1240","395362","20220615193000","517","3","桃園市","蘆竹區","121.290","25.060","1557"
"65","395363","20220615193000","246","0","桃園市","蘆竹區","121.320","25.060","63"
"380","395367","20220615193000","284","2","桃園市","觀音區","121.140","25.065","391"
"667","395388","20220615193000","344","3","桃園市","蘆竹區","121.265","25.085","665"
"124","395395","20220615193000","169","0","桃園市","蘆竹區","121.265","25.095","110"
"419","395397","20220615193000","220","3","桃園市","蘆竹區","121.275","25.095","394"
"916","395400","20220615193000","560","3","桃園市","蘆竹區","121.260","25.100","986"
"25","395417","20220615193000","12","3","桃園市","蘆竹區","121.330","25.065","27"
"182","395420","20220615193000","78","3","桃園市","蘆竹區","121.325","25.065","179"
"93","395423","20220615193000","47","3","桃園市","蘆竹區","121.340","25.070","89"
"385","395424","20220615193000","201","3","桃園市","蘆竹區","121.345","25.065","388"
"13","395433","20220615193000","205","0","桃園市","蘆竹區","121.315","25.075","13"
"49","395436","20220615193000","31","3","桃園市","蘆竹區","121.330","25.075","42"
"203","395447","20220615193000","179","1","桃園市","蘆竹區","121.300","25.080","164"
"227","395448","20220615193000","172","2","桃園市","蘆竹區","121.305","25.080","230"
"55","395464","20220615193000","39","2","桃園市","蘆竹區","121.325","25.090","57"
"1198","395471","20220615193000","841","2","桃園市","蘆竹區","121.280","25.085","1208"
"934","395473","20220615193000","633","2","桃園市","蘆竹區","121.290","25.085","923"
"13","395480","20220615193000","13","1","桃園市","蘆竹區","121.295","25.095","13"
"2820","395483","20220615193000","2775","1","新北市","蘆洲區","121.470","25.080","2993"
"4682","395484","20220615193000","4104","1","新北市","蘆洲區","121.465","25.080","4741"
"4752","395485","20220615193000","5787","0","新北市","三重區","121.485","25.085","4947"
"2485","395486","20220615193000","2173","1","新北市","蘆洲區","121.455","25.090","2562"
"1830","395487","20220615193000","1788","1","新北市","蘆洲區","121.475","25.080","1740"
"1349","395488","20220615193000","1573","0","新北市","汐止區","121.665","25.075","1213"
"3425","395489","20220615193000","4267","0","新北市","汐止區","121.650","25.060","3471"
"3691","395490","20220615193000","2079","3","新北市","汐止區","121.655","25.060","3664"
"39","395491","20220615193000","40","0","新北市","汐止區","121.625","25.070","38"
"444","395492","20220615193000","345","2","新北市","汐止區","121.625","25.075","423"
"1278","395493","20220615193000","1053","2","新北市","汐止區","121.630","25.080","1404"
"365","395495","20220615193000","452","0","新北市","汐止區","121.650","25.080","393"
"1154","395499","20220615193000","1073","1","新北市","汐止區","121.645","25.090","1175"
"98","395501","20220615193000","68","2","新北市","汐止區","121.655","25.090","67"
"233","395508","20220615193000","517","0","新北市","汐止區","121.650","25.055","198"
"2585","395509","20220615193000","1793","2","新北市","汐止區","121.655","25.055","2707"
"812","395512","20220615193000","1511","0","新北市","汐止區","121.655","25.065","900"
"25","395526","20220615193000","28","0","新北市","汐止區","121.715","25.055","29"
"184","395530","20220615193000","138","2","新北市","汐止區","121.700","25.060","186"
"1994","395539","20220615193000","1768","1","新北市","汐止區","121.635","25.055","2208"
"2218","395541","20220615193000","2197","1","新北市","汐止區","121.635","25.060","2061"
"2606","395542","20220615193000","2022","2","新北市","汐止區","121.640","25.060","2581"
"2875","395544","20220615193000","3032","0","新北市","林口區","121.375","25.070","3049"
"1264","395546","20220615193000","885","2","新北市","林口區","121.400","25.075","1285"
"511","395548","20220615193000","620","0","新北市","林口區","121.400","25.080","489"
"195","395549","20220615193000","213","0","新北市","林口區","121.400","25.085","203"
"300","395550","20220615193000","250","2","新北市","林口區","121.405","25.085","321"
"32","395553","20220615193000","27","1","新北市","林口區","121.405","25.095","21"
"123","395555","20220615193000","214","0","新北市","林口區","121.405","25.100","113"
"99","395557","20220615193000","252","0","新北市","林口區","121.400","25.065","85"
"2300","395558","20220615193000","2189","1","新北市","林口區","121.390","25.075","2210"
"975","395559","20220615193000","1222","0","新北市","林口區","121.395","25.075","996"
"53","395560","20220615193000","71","0","新北市","林口區","121.385","25.090","44"
"900","395561","20220615193000","594","3","新北市","林口區","121.390","25.090","912"
"547","395565","20220615193000","632","0","新北市","林口區","121.385","25.100","595"
"105","395570","20220615193000","106","0","新北市","林口區","121.385","25.110","108"
"5681","395571","20220615193000","3466","3","新北市","林口區","121.375","25.075","5686"
"1271","395572","20220615193000","989","2","新北市","林口區","121.380","25.075","1280"
"1663","395574","20220615193000","1253","2","新北市","林口區","121.370","25.080","1714"
"1521","395575","20220615193000","767","3","新北市","林口區","121.375","25.080","1381"
"1401","395576","20220615193000","788","3","新北市","林口區","121.380","25.080","1352"
"829","395579","20220615193000","531","3","新北市","林口區","121.370","25.085","874"
"1937","395580","20220615193000","2327","0","新北市","林口區","121.375","25.085","2065"
"50","395587","20220615193000","58","0","新北市","林口區","121.365","25.110","55"
"28","395603","20220615193000","47","0","新北市","林口區","121.390","25.080","14"
"386","395604","20220615193000","262","2","新北市","林口區","121.385","25.085","421"
"779","395606","20220615193000","548","2","新北市","汐止區","121.655","25.070","687"
"1748","395607","20220615193000","2018","0","新北市","汐止區","121.660","25.070","1687"
"77","395616","20220615193000","78","0","桃園市","大園區","121.260","25.065","65"
"477","395617","20220615193000","396","2","新北市","汐止區","121.635","25.070","588"
"2212","395618","20220615193000","1714","2","新北市","汐止區","121.640","25.070","2273"
"509","395619","20220615193000","440","1","新北市","汐止區","121.640","25.075","550"
"1859","395622","20220615193000","1559","1","新北市","汐止區","121.640","25.080","1931"
"375","395623","20220615193000","272","2","新北市","汐止區","121.635","25.085","366"
"489","395625","20220615193000","508","0","新北市","汐止區","121.635","25.075","465"
"196","395628","20220615193000","162","2","新北市","汐止區","121.640","25.100","193"
"95","395641","20220615193000","59","3","新北市","汐止區","121.620","25.115","95"
"69","395643","20220615193000","53","2","新北市","汐止區","121.630","25.115","59"
"37","395653","20220615193000","36","1","新北市","汐止區","121.605","25.125","29"
"520","395667","20220615193000","408","2","新北市","汐止區","121.615","25.135","438"
"1705","395672","20220615193000","1357","2","新北市","淡水區","121.460","25.130","1640"
"3069","395673","20220615193000","4250","0","新北市","淡水區","121.460","25.135","2905"
"2332","395675","20220615193000","2804","0","新北市","淡水區","121.460","25.140","2207"
"909","395676","20220615193000","504","3","新北市","淡水區","121.465","25.140","942"
"1288","395691","20220615193000","748","3","新北市","汐止區","121.675","25.065","1123"
"1718","395692","20220615193000","1202","2","新北市","汐止區","121.665","25.080","1766"
"390","395698","20220615193000","727","0","新北市","汐止區","121.670","25.075","385"
"659","395699","20220615193000","812","0","新北市","汐止區","121.675","25.075","684"
"302","395701","20220615193000","246","2","新北市","汐止區","121.610","25.105","329"
"137","395703","20220615193000","156","0","新北市","汐止區","121.605","25.110","117"
"1410","395715","20220615193000","1808","0","新北市","泰山區","121.430","25.060","1476"
"725","395717","20220615193000","1883","0","新北市","泰山區","121.425","25.065","633"
"2838","395718","20220615193000","2298","2","新北市","蘆洲區","121.480","25.090","2990"
"536","395719","20220615193000","491","1","新北市","蘆洲區","121.480","25.095","521"
"40","395724","20220615193000","42","0","桃園市","蘆竹區","121.300","25.100","35"
"181","395727","20220615193000","260","0","新北市","林口區","121.290","25.105","204"
"300","395732","20220615193000","411","0","新北市","林口區","121.315","25.105","285"
"41","395735","20220615193000","92","0","新北市","林口區","121.295","25.110","32"
"66","395748","20220615193000","104","0","新北市","林口區","121.295","25.115","64"
"143","395749","20220615193000","105","2","新北市","林口區","121.300","25.115","147"
"114","395752","20220615193000","145","0","新北市","林口區","121.295","25.120","124"
"2888","395755","20220615193000","3842","0","新北市","林口區","121.385","25.080","2776"
"1037","395756","20220615193000","583","3","新北市","林口區","121.380","25.085","1004"
"672","395757","20220615193000","751","0","新北市","林口區","121.375","25.090","675"
"3908","395768","20220615193000","4369","0","新北市","林口區","121.365","25.065","4002"
"3091","395769","20220615193000","2487","2","新北市","汐止區","121.665","25.070","2997"
"128","395773","20220615193000","146","0","新北市","汐止區","121.675","25.070","109"
"675","395774","20220615193000","545","2","新北市","汐止區","121.680","25.070","639"
"454","395775","20220615193000","158","3","新北市","汐止區","121.685","25.070","194"
"674","395777","20220615193000","479","2","新北市","汐止區","121.675","25.080","648"
"505","395784","20220615193000","536","0","新北市","汐止區","121.645","25.080","498"
"43","395791","20220615193000","120","0","新北市","汐止區","121.640","25.095","47"
"329","395805","20220615193000","422","0","新北市","林口區","121.390","25.070","377"
"922","395806","20220615193000","463","3","新北市","林口區","121.385","25.075","969"
"166","395809","20220615193000","164","1","新北市","林口區","121.345","25.085","187"
"24","395833","20220615193000","58","0","新北市","林口區","121.340","25.100","20"
"35","395837","20220615193000","16","3","新北市","林口區","121.330","25.105","35"
"2760","395840","20220615193000","2886","0","桃園市","龜山區","121.375","25.065","2532"
"1434","395843","20220615193000","821","3","新北市","林口區","121.360","25.065","1289"
"259","395844","20220615193000","150","3","新北市","林口區","121.350","25.070","267"
"1730","395846","20220615193000","1159","2","新北市","林口區","121.360","25.070","1749"
"4372","395847","20220615193000","3918","1","新北市","林口區","121.370","25.070","4398"
"80","395848","20220615193000","47","3","新北市","林口區","121.345","25.075","87"
"1335","395850","20220615193000","702","3","新北市","林口區","121.355","25.075","1383"
"1981","395853","20220615193000","910","3","新北市","林口區","121.370","25.075","1909"
"1024","395854","20220615193000","1276","0","新北市","林口區","121.350","25.080","1085"
"378","395858","20220615193000","283","2","新北市","林口區","121.345","25.100","315"
"81","395862","20220615193000","55","2","新北市","林口區","121.340","25.105","73"
"108","395869","20220615193000","67","3","新北市","林口區","121.340","25.110","134"
"140","395881","20220615193000","150","0","新北市","林口區","121.320","25.115","145"
"23","395883","20220615193000","19","2","新北市","林口區","121.330","25.115","22"
"128","395900","20220615193000","60","3","新北市","林口區","121.345","25.125","131"
"6525","395909","20220615193000","6377","1","新北市","蘆洲區","121.480","25.080","6773"
"135","395910","20220615193000","306","0","新北市","蘆洲區","121.455","25.085","140"
"4027","395911","20220615193000","2669","3","新北市","林口區","121.365","25.070","4074"
"15","395919","20220615193000","12","2","新北市","平溪區","121.770","25.050","15"
"51","395949","20220615193000","41","2","新北市","平溪區","121.790","25.070","48"
"935","395961","20220615193000","1507","0","新北市","汐止區","121.630","25.055","942"
"940","395962","20220615193000","992","0","新北市","汐止區","121.625","25.060","931"
"1245","395965","20220615193000","1778","0","新北市","蘆洲區","121.470","25.075","1248"
"3077","395966","20220615193000","3998","0","桃園市","龜山區","121.370","25.060","2946"
"1575","395968","20220615193000","849","3","桃園市","龜山區","121.380","25.060","1620"
"731","395969","20220615193000","469","3","桃園市","龜山區","121.375","25.060","775"
"5864","395972","20220615193000","8044","0","臺北市","中山區","121.530","25.060","6637"
"965","395973","20220615193000","919","1","桃園市","大園區","121.245","25.105","985"
"21","395977","20220615193000","19","1","桃園市","大園區","121.250","25.110","24"
"540","395980","20220615193000","542","0","桃園市","大園區","121.180","25.065","600"
"925","395981","20220615193000","980","0","桃園市","大園區","121.190","25.060","925"
"348","395982","20220615193000","426","0","桃園市","大園區","121.195","25.060","292"
"319","395983","20220615193000","413","0","桃園市","大園區","121.185","25.065","323"
"796","395984","20220615193000","763","1","桃園市","大園區","121.190","25.065","834"
"721","395990","20220615193000","1066","0","桃園市","大園區","121.250","25.095","694"
"50","395991","20220615193000","43","1","桃園市","大園區","121.255","25.095","45"
"84","395992","20220615193000","116","0","桃園市","大園區","121.235","25.100","82"
"1138","395998","20220615193000","1274","0","桃園市","大園區","121.260","25.070","1183"
"936","395999","20220615193000","949","0","桃園市","大園區","121.255","25.075","875"
"2623","396009","20220615193000","2403","1","臺北市","中山區","121.530","25.070","2688"
"2945","396012","20220615193000","4252","0","臺北市","中山區","121.530","25.065","2985"
"4563","396013","20220615193000","6240","0","臺北市","中山區","121.540","25.060","4683"
"273","396014","20220615193000","340","0","臺北市","中山區","121.555","25.075","261"
"1519","396015","20220615193000","2042","0","臺北市","中山區","121.550","25.080","1634"
"3186","396016","20220615193000","2459","2","臺北市","中山區","121.555","25.080","3175"
"1558","396018","20220615193000","1646","0","臺北市","中山區","121.525","25.080","1616"
"206","396020","20220615193000","235","0","臺北市","中山區","121.535","25.080","191"
"1272","396021","20220615193000","1311","0","臺北市","中山區","121.540","25.080","1288"
"93","396022","20220615193000","227","0","臺北市","中山區","121.535","25.085","105"
"3031","396025","20220615193000","2888","1","新北市","蘆洲區","121.480","25.085","3072"
"1067","396033","20220615193000","1301","0","新北市","泰山區","121.420","25.065","1066"
"289","396035","20220615193000","189","3","新北市","泰山區","121.440","25.065","245"
"71","396038","20220615193000","87","0","新北市","泰山區","121.410","25.070","81"
"77","396040","20220615193000","60","2","新北市","淡水區","121.460","25.145","79"
"2550","396044","20220615193000","2836","0","臺北市","大同區","121.510","25.065","2353"
"1961","396045","20220615193000","2331","0","臺北市","大同區","121.515","25.075","1976"
"3316","396046","20220615193000","3005","1","臺北市","大同區","121.510","25.060","3250"
"4828","396047","20220615193000","4679","1","臺北市","松山區","121.545","25.060","4754"
"5574","396048","20220615193000","6965","0","臺北市","中山區","121.525","25.060","5841"
"2074","396049","20220615193000","2252","0","新北市","蘆洲區","121.460","25.080","1974"
"3117","396050","20220615193000","2970","1","新北市","蘆洲區","121.475","25.085","3303"
"490","396053","20220615193000","468","1","新北市","貢寮區","121.920","25.050","498"
"164","396054","20220615193000","138","1","新北市","貢寮區","121.925","25.050","136"
"37","396057","20220615193000","31","1","新北市","貢寮區","121.900","25.050","38"
"33","396059","20220615193000","43","0","新北市","貢寮區","121.890","25.055","40"
"91","396074","20220615193000","68","2","新北市","貢寮區","121.900","25.065","97"
"602","396088","20220615193000","350","3","新北市","瑞芳區","121.805","25.110","573"
"151","396089","20220615193000","85","3","新北市","瑞芳區","121.810","25.110","147"
"1842","396099","20220615193000","1724","1","桃園市","龜山區","121.385","25.060","1683"
"1590","396100","20220615193000","2201","0","臺北市","中山區","121.540","25.055","1594"
"1575","396101","20220615193000","1942","0","臺北市","松山區","121.540","25.070","1550"
"1252","396102","20220615193000","1467","0","臺北市","中山區","121.535","25.070","1268"
"474","396103","20220615193000","240","3","臺北市","內湖區","121.615","25.075","499"
"4386","396104","20220615193000","4237","1","臺北市","內湖區","121.610","25.070","4319"
"3354","396105","20220615193000","3007","1","臺北市","北投區","121.500","25.140","3174"
"1562","396106","20220615193000","2113","0","臺北市","北投區","121.505","25.140","1538"
"384","396112","20220615193000","379","1","臺北市","北投區","121.485","25.115","406"
"87","396118","20220615193000","149","0","臺北市","北投區","121.485","25.120","97"
"2014","396121","20220615193000","2116","0","臺北市","北投區","121.500","25.120","2039"
"3616","396123","20220615193000","2428","2","臺北市","北投區","121.500","25.125","3523"
"3432","396124","20220615193000","3038","1","臺北市","北投區","121.510","25.115","3527"
"3099","396126","20220615193000","3382","0","臺北市","中山區","121.535","25.065","3310"
"1831","396127","20220615193000","2209","0","臺北市","中山區","121.550","25.085","1921"
"1264","396128","20220615193000","1538","0","臺北市","中山區","121.555","25.085","973"
"2178","396130","20220615193000","2230","0","新北市","三重區","121.505","25.065","2160"
"2135","396131","20220615193000","2769","0","臺北市","中山區","121.525","25.070","2065"
"2311","396132","20220615193000","2224","1","新北市","三重區","121.505","25.070","1931"
"344","396133","20220615193000","289","1","桃園市","蘆竹區","121.280","25.065","318"
"1743","396134","20220615193000","1409","2","桃園市","蘆竹區","121.285","25.065","1729"
"595","396135","20220615193000","415","2","桃園市","蘆竹區","121.290","25.065","620"
"635","396136","20220615193000","522","2","桃園市","蘆竹區","121.275","25.070","604"
"608","396144","20220615193000","901","0","桃園市","龜山區","121.355","25.060","562"
"2476","396145","20220615193000","2851","0","桃園市","龜山區","121.365","25.060","2334"
"182","396146","20220615193000","243","0","桃園市","蘆竹區","121.340","25.065","146"
"562","396149","20220615193000","325","3","新北市","林口區","121.355","25.065","543"
"247","396150","20220615193000","143","3","桃園市","龜山區","121.355","25.055","262"
"949","396151","20220615193000","1022","0","新北市","林口區","121.370","25.065","905"
"3966","396157","20220615193000","3841","1","臺北市","內湖區","121.620","25.070","3931"
"4402","396158","20220615193000","4043","1","臺北市","內湖區","121.595","25.080","4373"
"280","396159","20220615193000","461","0","臺北市","內湖區","121.600","25.080","253"
"35","396164","20220615193000","51","0","臺北市","北投區","121.505","25.150","30"
"664","396165","20220615193000","317","3","臺北市","北投區","121.505","25.125","652"
"1316","396166","20220615193000","732","3","臺北市","北投區","121.510","25.125","1394"
"1250","396168","20220615193000","1143","1","臺北市","北投區","121.505","25.130","1258"
"15","396169","20220615193000","45","0","臺北市","北投區","121.510","25.130","17"
"249","396170","20220615193000","298","0","臺北市","北投區","121.515","25.130","234"
"58","396172","20220615193000","58","1","臺北市","北投區","121.510","25.105","65"
"354","396173","20220615193000","412","0","臺北市","北投區","121.505","25.110","304"
"1310","396175","20220615193000","1486","0","臺北市","南港區","121.595","25.055","1289"
"648","396176","20220615193000","1225","0","臺北市","南港區","121.600","25.050","705"
"981","396177","20220615193000","1175","0","臺北市","南港區","121.590","25.055","977"
"3610","396178","20220615193000","3263","1","臺北市","內湖區","121.595","25.060","3629"
"817","396179","20220615193000","591","2","臺北市","內湖區","121.600","25.060","866"
"62","396189","20220615193000","38","3","新北市","雙溪區","121.880","25.060","58"
"10","396205","20220615193000","10","1","新北市","雙溪區","121.845","25.060","10"
"31","396219","20220615193000","22","2","新北市","雙溪區","121.850","25.075","24"
"2943","396233","20220615193000","2956","0","桃園市","龜山區","121.360","25.060","2933"
"681","396237","20220615193000","983","0","臺北市","士林區","121.545","25.100","661"
"739","396238","20220615193000","691","1","臺北市","士林區","121.550","25.100","803"
"99","396243","20220615193000","111","0","臺北市","士林區","121.560","25.105","105"
"1630","396246","20220615193000","1466","1","臺北市","士林區","121.535","25.105","1613"
"64","396247","20220615193000","153","0","臺北市","士林區","121.545","25.110","60"
"1460","396248","20220615193000","1012","2","臺北市","士林區","121.535","25.110","989"
"59","396249","20220615193000","67","0","臺北市","士林區","121.550","25.115","50"
"13","396253","20220615193000","15","0","臺北市","士林區","121.570","25.135","12"
"119","396255","20220615193000","75","3","臺北市","士林區","121.560","25.140","120"
"25","396258","20220615193000","50","0","臺北市","士林區","121.555","25.145","23"
"100","396259","20220615193000","127","0","臺北市","士林區","121.560","25.145","82"
"235","396260","20220615193000","179","2","臺北市","士林區","121.565","25.145","216"
"136","396262","20220615193000","141","0","臺北市","士林區","121.555","25.150","145"
"79","396263","20220615193000","78","1","臺北市","士林區","121.560","25.150","76"
"2889","396266","20220615193000","2710","1","臺北市","士林區","121.510","25.085","2847"
"3165","396267","20220615193000","3781","0","臺北市","北投區","121.520","25.110","3159"
"2300","396268","20220615193000","2211","1","臺北市","北投區","121.520","25.115","2249"
"1483","396269","20220615193000","1402","1","臺北市","北投區","121.520","25.105","1497"
"1648","396270","20220615193000","2108","0","臺北市","士林區","121.525","25.100","1659"
"26","396271","20220615193000","29","0","臺北市","士林區","121.545","25.130","25"
"824","396273","20220615193000","2180","0","臺北市","士林區","121.540","25.135","876"
"254","396274","20220615193000","261","0","臺北市","士林區","121.545","25.135","243"
"1575","396276","20220615193000","1820","0","臺北市","士林區","121.545","25.140","1585"
"186","396278","20220615193000","110","3","臺北市","士林區","121.550","25.145","201"
"1411","396280","20220615193000","1252","1","臺北市","士林區","121.530","25.100","1379"
"941","396281","20220615193000","1175","0","臺北市","士林區","121.535","25.100","895"
"1206","396282","20220615193000","1281","0","臺北市","士林區","121.530","25.085","1074"
"44","396283","20220615193000","34","2","臺北市","士林區","121.530","25.090","47"
"1595","396285","20220615193000","1974","0","臺北市","士林區","121.530","25.095","1585"
"519","396286","20220615193000","558","0","臺北市","士林區","121.535","25.095","488"
"1888","396289","20220615193000","1986","0","臺北市","士林區","121.520","25.080","1872"
"2552","396290","20220615193000","2732","0","臺北市","士林區","121.525","25.085","2480"
"329","396294","20220615193000","392","0","臺北市","士林區","121.565","25.105","345"
"4112","396296","20220615193000","5180","0","臺北市","內湖區","121.575","25.075","3917"
"350","396297","20220615193000","783","0","臺北市","內湖區","121.575","25.085","302"
"1227","396299","20220615193000","1109","1","臺北市","北投區","121.495","25.145","1255"
"4390","396301","20220615193000","4685","0","臺北市","士林區","121.525","25.115","4272"
"2312","396302","20220615193000","2563","0","臺北市","內湖區","121.575","25.055","2499"
"1878","396303","20220615193000","2169","0","臺北市","內湖區","121.575","25.060","1846"
"1108","396304","20220615193000","1148","0","臺北市","內湖區","121.585","25.055","1024"
"1563","396305","20220615193000","1631","0","臺北市","內湖區","121.580","25.065","1594"
"1034","396306","20220615193000","1338","0","臺北市","內湖區","121.575","25.065","1240"
"1698","396307","20220615193000","2090","0","臺北市","內湖區","121.575","25.070","1692"
"1233","396308","20220615193000","1368","0","臺北市","內湖區","121.585","25.065","1325"
"1337","396309","20220615193000","2016","0","臺北市","中山區","121.570","25.075","1394"
"1800","396310","20220615193000","1879","0","臺北市","內湖區","121.580","25.070","1823"
"108","396311","20220615193000","74","2","臺北市","內湖區","121.585","25.080","93"
"3310","396312","20220615193000","3302","1","臺北市","內湖區","121.590","25.080","3277"
"775","396313","20220615193000","783","0","臺北市","內湖區","121.585","25.085","771"
"645","396314","20220615193000","627","1","臺北市","內湖區","121.595","25.065","685"
"1173","396315","20220615193000","1193","0","臺北市","內湖區","121.600","25.065","1163"
"1343","396316","20220615193000","2628","0","臺北市","內湖區","121.595","25.070","1318"
"959","396317","20220615193000","972","0","臺北市","內湖區","121.600","25.070","965"
"236","396318","20220615193000","178","2","桃園市","大園區","121.200","25.060","222"
"320","396320","20220615193000","232","2","桃園市","大園區","121.200","25.065","307"
"332","396322","20220615193000","264","2","桃園市","大園區","121.200","25.070","382"
"120","396333","20220615193000","235","0","桃園市","大園區","121.230","25.095","121"
"151","396335","20220615193000","120","2","桃園市","大園區","121.210","25.100","129"
"325","396349","20220615193000","242","2","桃園市","大園區","121.230","25.110","333"
"1884","396355","20220615193000","1711","1","臺北市","北投區","121.505","25.120","1869"
"2614","396356","20220615193000","2407","1","臺北市","北投區","121.510","25.120","2621"
"484","396357","20220615193000","508","0","臺北市","北投區","121.510","25.135","511"
"504","396358","20220615193000","357","2","臺北市","北投區","121.515","25.135","433"
"222","396360","20220615193000","173","2","臺北市","北投區","121.510","25.140","262"
"234","396361","20220615193000","474","0","臺北市","北投區","121.515","25.140","261"
"158","396363","20220615193000","216","0","臺北市","北投區","121.525","25.145","156"
"992","396366","20220615193000","1090","0","臺北市","北投區","121.485","25.135","1011"
"1760","396368","20220615193000","1271","2","臺北市","北投區","121.485","25.140","1777"
"4220","396370","20220615193000","4929","0","臺北市","士林區","121.525","25.105","4095"
"3477","396371","20220615193000","3667","0","臺北市","士林區","121.530","25.105","3650"
"3351","396372","20220615193000","3583","0","臺北市","北投區","121.515","25.110","3331"
"2092","396373","20220615193000","2369","0","臺北市","士林區","121.520","25.100","2134"
"1351","396376","20220615193000","1970","0","臺北市","士林區","121.530","25.125","1435"
"486","396377","20220615193000","519","0","臺北市","北投區","121.525","25.130","525"
"791","396378","20220615193000","724","1","臺北市","北投區","121.530","25.130","827"
"22","396380","20220615193000","23","0","臺北市","士林區","121.530","25.135","21"
"3190","396382","20220615193000","3296","0","臺北市","北投區","121.515","25.115","3124"
"637","396383","20220615193000","1244","0","臺北市","北投區","121.515","25.120","648"
"1726","396384","20220615193000","2055","0","臺北市","北投區","121.520","25.120","1752"
"3774","396385","20220615193000","3310","1","臺北市","北投區","121.525","25.120","3872"
"863","396395","20220615193000","1110","0","臺北市","松山區","121.545","25.070","755"
"337","396397","20220615193000","365","0","臺北市","中山區","121.540","25.065","318"
"925","396398","20220615193000","758","2","臺北市","中山區","121.535","25.075","922"
"722","396399","20220615193000","442","3","臺北市","松山區","121.550","25.075","716"
"4269","396400","20220615193000","5000","0","臺北市","中山區","121.545","25.080","4230"
"988","396401","20220615193000","1307","0","臺北市","中山區","121.545","25.085","985"
"1313","396404","20220615193000","1070","2","臺北市","北投區","121.495","25.140","1392"
"761","396405","20220615193000","1911","0","臺北市","北投區","121.515","25.105","781"
"6178","396406","20220615193000","7558","0","臺北市","中山區","121.525","25.065","6190"
"3879","396407","20220615193000","4459","0","臺北市","士林區","121.535","25.115","3883"
"2147","396408","20220615193000","3162","0","臺北市","士林區","121.525","25.090","1993"
"986","396409","20220615193000","535","3","臺北市","士林區","121.560","25.115","1049"
"419","396410","20220615193000","429","0","臺北市","士林區","121.560","25.120","417"
"146","396412","20220615193000","123","1","臺北市","士林區","121.560","25.125","155"
"157","396416","20220615193000","220","0","臺北市","士林區","121.560","25.135","159"
"4119","396417","20220615193000","4935","0","臺北市","士林區","121.520","25.085","4188"
"3227","396418","20220615193000","3687","0","臺北市","內湖區","121.580","25.080","3195"
"1036","396419","20220615193000","950","1","臺北市","內湖區","121.580","25.085","1071"
"375","396422","20220615193000","445","0","桃園市","大園區","121.240","25.065","376"
"35","396424","20220615193000","29","2","桃園市","大園區","121.250","25.065","25"
"48","396433","20220615193000","208","0","桃園市","大園區","121.255","25.070","39"
"316","396435","20220615193000","385","0","桃園市","大園區","121.185","25.070","325"
"470","396436","20220615193000","496","0","桃園市","大園區","121.190","25.070","465"
"969","396438","20220615193000","739","2","桃園市","大園區","121.175","25.075","982"
"453","396439","20220615193000","608","0","桃園市","大園區","121.180","25.075","484"
"809","396440","20220615193000","744","1","桃園市","大園區","121.185","25.075","801"
"129","396443","20220615193000","157","0","桃園市","大園區","121.180","25.080","132"
"310","396447","20220615193000","244","2","桃園市","大園區","121.185","25.085","300"
"420","396462","20220615193000","302","2","桃園市","大園區","121.160","25.075","412"
"309","396471","20220615193000","201","3","桃園市","大園區","121.165","25.060","343"
"346","396472","20220615193000","315","1","桃園市","大園區","121.170","25.060","357"
"951","396473","20220615193000","757","2","桃園市","大園區","121.175","25.060","940"
"753","396496","20220615193000","763","0","桃園市","大園區","121.210","25.060","788"
"123","396505","20220615193000","118","1","桃園市","大園區","121.220","25.070","131"
"2136","396517","20220615193000","1684","2","桃園市","大園區","121.230","25.075","2171"
"444","396518","20220615193000","501","0","桃園市","大園區","121.235","25.075","376"
"901","396524","20220615193000","664","2","桃園市","大園區","121.235","25.080","735"
"523","396531","20220615193000","404","2","桃園市","大園區","121.240","25.085","449"
"170","396532","20220615193000","110","3","桃園市","大園區","121.245","25.085","195"
"634","396533","20220615193000","498","2","桃園市","大園區","121.250","25.085","648"
"1119","396537","20220615193000","578","3","桃園市","大園區","121.245","25.090","1114"
"516","396541","20220615193000","381","2","桃園市","大園區","121.240","25.100","503"
"1711","396542","20220615193000","1810","0","桃園市","大園區","121.195","25.065","1565"
"1969","396543","20220615193000","2106","0","桃園市","大園區","121.195","25.070","2114"
"124","396549","20220615193000","262","0","桃園市","大園區","121.235","25.065","106"
"291","396555","20220615193000","384","0","桃園市","大園區","121.200","25.085","331"
"342","396560","20220615193000","221","3","桃園市","大園區","121.225","25.090","268"
"3693","396561","20220615193000","4632","0","臺北市","士林區","121.520","25.095","3681"
"1139","396562","20220615193000","1224","0","臺北市","南港區","121.600","25.055","1162"
"4834","396563","20220615193000","5994","0","臺北市","南港區","121.605","25.055","5121"
"52","396564","20220615193000","60","0","臺北市","內湖區","121.615","25.080","60"
"1462","396567","20220615193000","1936","0","臺北市","內湖區","121.615","25.070","1509"
"3356","396568","20220615193000","2859","1","臺北市","內湖區","121.590","25.065","3051"
"254","396569","20220615193000","357","0","臺北市","內湖區","121.585","25.070","255"
"2047","396570","20220615193000","1502","2","臺北市","內湖區","121.590","25.070","2199"
"509","396571","20220615193000","408","2","臺北市","北投區","121.500","25.145","558"
"833","396572","20220615193000","738","1","臺北市","內湖區","121.620","25.075","764"
"219","396574","20220615193000","160","2","新北市","汐止區","121.625","25.080","201"
"97","396576","20220615193000","78","2","臺北市","內湖區","121.625","25.085","95"
"11","396581","20220615193000","11","1","臺北市","內湖區","121.625","25.095","11"
"19","396587","20220615193000","36","0","臺北市","內湖區","121.610","25.100","16"
"1266","396590","20220615193000","1042","2","臺北市","內湖區","121.610","25.065","1282"
"548","396592","20220615193000","654","0","臺北市","內湖區","121.605","25.085","541"
"952","396594","20220615193000","990","0","臺北市","內湖區","121.600","25.090","932"
"22","396599","20220615193000","23","0","臺北市","內湖區","121.605","25.095","26"
"3085","396603","20220615193000","3448","0","臺北市","北投區","121.500","25.130","3250"
"1258","396604","20220615193000","1389","0","新北市","汐止區","121.620","25.055","1328"
"3038","396605","20220615193000","3452","0","臺北市","士林區","121.505","25.085","3018"
"963","396606","20220615193000","1221","0","臺北市","士林區","121.515","25.085","966"
"1200","396607","20220615193000","886","2","臺北市","內湖區","121.590","25.085","1156"
"2282","396608","20220615193000","2428","0","臺北市","內湖區","121.595","25.085","2373"
"3798","396609","20220615193000","3976","0","臺北市","內湖區","121.575","25.080","3443"
"3923","396611","20220615193000","5052","0","臺北市","北投區","121.470","25.125","3980"
"339","396612","20220615193000","532","0","臺北市","北投區","121.475","25.125","303"
"1260","396615","20220615193000","1439","0","臺北市","北投區","121.465","25.130","1347"
"825","396616","20220615193000","984","0","臺北市","北投區","121.470","25.130","722"
"173","396617","20220615193000","161","1","臺北市","北投區","121.475","25.130","176"
"1470","396619","20220615193000","1756","0","臺北市","北投區","121.470","25.135","1552"
"47","396620","20220615193000","35","2","臺北市","北投區","121.475","25.135","42"
"27","396621","20220615193000","27","1","臺北市","北投區","121.475","25.140","18"
"564","396622","20220615193000","967","0","臺北市","南港區","121.610","25.055","518"
"1186","396623","20220615193000","961","2","臺北市","內湖區","121.605","25.065","1224"
"5218","396624","20220615193000","5557","0","臺北市","中山區","121.520","25.060","5335"
"458","396625","20220615193000","624","0","臺北市","中山區","121.530","25.075","354"
"445","396626","20220615193000","567","0","臺北市","內湖區","121.570","25.065","424"
"1486","396628","20220615193000","1412","1","臺北市","松山區","121.550","25.070","1319"
"166","396629","20220615193000","192","0","臺北市","松山區","121.555","25.070","138"
"317","396630","20220615193000","382","0","臺北市","松山區","121.560","25.070","312"
"17","396632","20220615193000","73","0","臺北市","中山區","121.565","25.075","14"
"110","396633","20220615193000","2194","0","臺北市","松山區","121.555","25.055","129"
"5101","396634","20220615193000","5433","0","臺北市","松山區","121.570","25.055","5051"
"2450","396635","20220615193000","2476","0","臺北市","士林區","121.530","25.115","2382"
"31","396636","20220615193000","358","0","臺北市","士林區","121.495","25.095","30"
"1785","396637","20220615193000","1813","0","臺北市","士林區","121.500","25.095","1839"
"300","396639","20220615193000","336","0","臺北市","士林區","121.490","25.100","327"
"119","396643","20220615193000","122","0","臺北市","士林區","121.480","25.110","122"
"445","396644","20220615193000","405","1","臺北市","士林區","121.495","25.110","406"
"3714","396647","20220615193000","5377","0","臺北市","松山區","121.550","25.060","3802"
"3117","396648","20220615193000","4041","0","臺北市","松山區","121.555","25.060","3102"
"530","396649","20220615193000","607","0","臺北市","松山區","121.560","25.065","459"
"1631","396650","20220615193000","1831","0","臺北市","松山區","121.555","25.065","1608"
"1405","396651","20220615193000","1333","1","臺北市","中山區","121.545","25.075","1329"
"145","396655","20220615193000","153","0","臺北市","內湖區","121.605","25.080","156"
"2528","396656","20220615193000","1745","2","臺北市","內湖區","121.600","25.085","2599"
"4272","396657","20220615193000","3928","1","臺北市","松山區","121.550","25.065","4268"
"2166","396658","20220615193000","2205","0","臺北市","松山區","121.545","25.065","1942"
"3554","396659","20220615193000","4089","0","臺北市","松山區","121.565","25.055","3492"
"4655","396660","20220615193000","4480","1","臺北市","松山區","121.560","25.060","4486"
"314","396661","20220615193000","1220","0","臺北市","內湖區","121.570","25.060","313"
"2705","396662","20220615193000","3183","0","臺北市","松山區","121.565","25.060","2668"
"313","396663","20220615193000","308","1","臺北市","中山區","121.560","25.075","287"
"239","396665","20220615193000","381","0","臺北市","松山區","121.570","25.070","232"
"4220","396666","20220615193000","4969","0","臺北市","中山區","121.560","25.080","4413"
"5289","396667","20220615193000","9033","0","臺北市","松山區","121.550","25.055","5170"
"406","396669","20220615193000","559","0","臺北市","士林區","121.535","25.125","436"
"110","396672","20220615193000","146","0","臺北市","士林區","121.535","25.135","94"
"4256","396674","20220615193000","2853","2","臺北市","士林區","121.530","25.120","4297"
"5566","396675","20220615193000","5451","1","臺北市","士林區","121.530","25.110","5563"
"3681","396676","20220615193000","8717","0","臺北市","松山區","121.545","25.055","3654"
"3631","396677","20220615193000","3511","1","臺北市","松山區","121.560","25.055","3724"
"2920","396678","20220615193000","3161","0","臺北市","內湖區","121.580","25.075","2908"
"1471","396680","20220615193000","1538","0","臺北市","內湖區","121.590","25.060","1597"
"3013","396683","20220615193000","2399","2","臺北市","內湖區","121.590","25.090","3110"
"80","396684","20220615193000","17","3","臺北市","內湖區","121.595","25.090","56"
"63","396688","20220615193000","146","0","臺北市","內湖區","121.590","25.100","57"
"116","396690","20220615193000","174","0","臺北市","內湖區","121.580","25.105","108"
"106","396693","20220615193000","94","1","臺北市","內湖區","121.595","25.105","115"
"2621","396701","20220615193000","3542","0","臺北市","北投區","121.495","25.135","2546"
"262","396703","20220615193000","132","3","臺北市","北投區","121.505","25.100","246"
"318","396707","20220615193000","347","0","臺北市","北投區","121.500","25.110","286"
"116","396710","20220615193000","149","0","臺北市","北投區","121.530","25.140","94"
"79","396716","20220615193000","95","0","臺北市","北投區","121.535","25.150","93"
"358","396719","20220615193000","424","0","臺北市","士林區","121.555","25.115","379"
"178","396722","20220615193000","175","1","臺北市","士林區","121.550","25.125","204"
"2186","396727","20220615193000","2281","0","臺北市","士林區","121.510","25.080","2161"
"230","396731","20220615193000","260","0","臺北市","士林區","121.480","25.105","206"
"422","396732","20220615193000","434","0","臺北市","士林區","121.485","25.105","443"
"223","396735","20220615193000","808","0","臺北市","北投區","121.470","25.110","177"
"119","396737","20220615193000","124","0","臺北市","士林區","121.485","25.110","126"
"124","396739","20220615193000","60","3","臺北市","士林區","121.460","25.110","168"
"4537","396740","20220615193000","4328","1","臺北市","大同區","121.515","25.060","4370"
"3184","396741","20220615193000","3929","0","臺北市","中山區","121.520","25.065","3229"
"1082","396742","20220615193000","1649","0","臺北市","內湖區","121.615","25.065","1103"
"3033","396743","20220615193000","2715","1","臺北市","內湖區","121.605","25.070","3095"
"522","396744","20220615193000","411","2","臺北市","內湖區","121.605","25.075","531"
"2591","396745","20220615193000","2535","1","臺北市","內湖區","121.610","25.075","2672"
"732","396746","20220615193000","538","2","臺北市","內湖區","121.585","25.090","721"
"3466","396754","20220615193000","4184","0","臺北市","南港區","121.610","25.060","3446"
"1480","396755","20220615193000","1777","0","臺北市","南港區","121.620","25.060","1295"
"2288","396756","20220615193000","2372","0","臺北市","南港區","121.615","25.060","2260"
"3365","396758","20220615193000","3335","1","臺北市","南港區","121.615","25.055","3357"
"1847","396759","20220615193000","1313","2","臺北市","北投區","121.505","25.145","1877"
"405","396762","20220615193000","663","0","臺北市","北投區","121.465","25.115","397"
"3261","396765","20220615193000","2907","1","臺北市","北投區","121.465","25.120","3049"
"1250","396766","20220615193000","1517","0","臺北市","北投區","121.470","25.120","1300"
"2941","396767","20220615193000","3380","0","臺北市","士林區","121.525","25.095","2879"
"1996","396768","20220615193000","1549","2","臺北市","士林區","121.505","25.090","2087"
"1818","396769","20220615193000","1068","3","臺北市","士林區","121.510","25.090","1804"
"487","396771","20220615193000","807","0","新北市","三重區","121.500","25.075","684"
"3040","396773","20220615193000","3339","0","臺北市","內湖區","121.585","25.075","3124"
"1465","396774","20220615193000","1333","1","臺北市","內湖區","121.590","25.075","1452"
"902","396775","20220615193000","773","1","臺北市","內湖區","121.595","25.075","952"
"790","396776","20220615193000","817","0","臺北市","內湖區","121.600","25.075","810"
"4502","396777","20220615193000","5801","0","臺北市","中山區","121.535","25.060","4461"
"3602","396778","20220615193000","4388","0","臺北市","大同區","121.515","25.070","3753"
"2159","396779","20220615193000","2984","0","臺北市","大同區","121.515","25.065","2137"
"3315","396781","20220615193000","3502","0","臺北市","北投區","121.510","25.110","3287"
"1511","396785","20220615193000","1709","0","臺北市","北投區","121.490","25.145","1582"
"2333","396788","20220615193000","2534","0","臺北市","北投區","121.505","25.115","2338"
"617","396789","20220615193000","636","0","臺北市","北投區","121.515","25.100","624"
"2341","396790","20220615193000","2591","0","臺北市","士林區","121.525","25.110","2331"
"1707","396791","20220615193000","1789","0","臺北市","中山區","121.520","25.070","1546"
"1968","396792","20220615193000","1815","1","臺北市","大同區","121.520","25.075","1931"
"18","396793","20220615193000","528","0","臺北市","士林區","121.515","25.080","14"
"719","396794","20220615193000","860","0","臺北市","內湖區","121.605","25.060","722"
"2162","396798","20220615193000","1918","1","臺北市","內湖區","121.585","25.060","2146"
"3779","396799","20220615193000","3506","1","臺北市","北投區","121.505","25.135","3893"
"29","396802","20220615193000","43","0","臺北市","士林區","121.575","25.120","30"
"34","396803","20220615193000","29","1","臺北市","士林區","121.570","25.125","34"
"181","396804","20220615193000","135","2","臺北市","士林區","121.575","25.125","170"
"24","396806","20220615193000","30","0","臺北市","士林區","121.570","25.130","17"
"202","396807","20220615193000","227","0","臺北市","士林區","121.575","25.130","192"
"22","396809","20220615193000","19","1","臺北市","士林區","121.575","25.135","25"
"44","396812","20220615193000","36","2","臺北市","士林區","121.580","25.140","44"
"634","396819","20220615193000","672","0","臺北市","士林區","121.515","25.090","590"
"5439","396820","20220615193000","4437","2","臺北市","士林區","121.520","25.090","5265"
"1340","396821","20220615193000","1687","0","臺北市","士林區","121.515","25.095","1381"
"3243","396822","20220615193000","2495","2","臺北市","北投區","121.500","25.135","3083"
"1901","396823","20220615193000","1836","1","臺北市","士林區","121.525","25.075","1587"
"978","396824","20220615193000","1205","0","臺北市","士林區","121.540","25.110","1015"
"548","396826","20220615193000","409","2","臺北市","士林區","121.545","25.115","555"
"196","396828","20220615193000","181","1","臺北市","士林區","121.540","25.125","205"
"715","396831","20220615193000","648","1","臺北市","士林區","121.505","25.095","720"
"1090","396832","20220615193000","338","3","臺北市","士林區","121.540","25.095","1030"
"740","396833","20220615193000","844","0","臺北市","士林區","121.545","25.105","733"
"335","396834","20220615193000","302","1","臺北市","士林區","121.540","25.105","314"
"124","396839","20220615193000","157","0","臺北市","士林區","121.560","25.110","94"
"51","396841","20220615193000","33","3","臺北市","士林區","121.570","25.110","50"
"99","396848","20220615193000","112","0","臺北市","士林區","121.580","25.115","81"
"61","396852","20220615193000","58","1","臺北市","士林區","121.580","25.120","62"
"91","396853","20220615193000","108","0","臺北市","士林區","121.585","25.120","73"
"221","396856","20220615193000","182","2","新北市","汐止區","121.600","25.120","241"
"2302","396878","20220615193000","2696","0","臺北市","內湖區","121.580","25.055","2148"
"2589","396879","20220615193000","2345","1","臺北市","內湖區","121.580","25.060","2725"
"608","396880","20220615193000","995","0","臺北市","內湖區","121.565","25.090","656"
"5291","396884","20220615193000","6636","0","臺北市","內湖區","121.565","25.080","5345"
"1507","396885","20220615193000","1374","1","臺北市","內湖區","121.560","25.085","1413"
"3153","396886","20220615193000","2868","1","臺北市","內湖區","121.565","25.085","3344"
"581","396888","20220615193000","510","1","臺北市","內湖區","121.560","25.090","640"
"3964","396890","20220615193000","4873","0","臺北市","內湖區","121.570","25.080","3872"
"2453","396891","20220615193000","1731","2","臺北市","內湖區","121.570","25.085","2547"
"2731","396892","20220615193000","2980","0","臺北市","松山區","121.570","25.050","2737"
"1094","396893","20220615193000","1207","0","臺北市","松山區","121.565","25.065","1067"
"402","398951","20220615193000","315","2","新北市","八里區","121.390","25.165","3846"
"136","398956","20220615193000","87","3","基隆市","安樂區","121.710","25.165","72"
"93","399938","20220615193000","96","0","基隆市","安樂區","121.710","25.175","91"
"38","402902","20220615193000","44","0","新北市","萬里區","121.680","25.200","28"
"390","403910","20220615193000","312","2","新北市","萬里區","121.700","25.210","344"
"181","406949","20220615193000","126","2","新北市","金山區","121.635","25.240","163"
"51","409009","20220615193000","43","1","新北市","金山區","121.635","25.255","46"
"106","409527","20220615193000","111","0","新北市","三芝區","121.475","25.260","87"
"464","413221","20220615193000","574","0","新北市","石門區","121.565","25.290","463"
"36","413222","20220615193000","24","3","新北市","石門區","121.590","25.290","10"
"87","413767","20220615193000","88","0","新北市","石門區","121.580","25.295","91"
"203","414894","20220615193000","75","3","基隆市","中正區","121.765","25.145","191"
"449","414895","20220615193000","383","1","基隆市","中正區","121.770","25.155","365"
"484","414896","20220615193000","479","1","基隆市","中正區","121.765","25.155","515"
"111","414897","20220615193000","83","2","基隆市","中正區","121.765","25.160","76"
"174","414900","20220615193000","759","0","基隆市","中正區","121.780","25.145","176"
"588","414901","20220615193000","1078","0","基隆市","中正區","121.775","25.150","622"
"149","414906","20220615193000","134","1","基隆市","安樂區","121.695","25.150","135"
"522","414907","20220615193000","464","1","基隆市","安樂區","121.700","25.150","507"
"1037","414909","20220615193000","786","2","基隆市","安樂區","121.695","25.155","1064"
"368","414910","20220615193000","331","1","基隆市","安樂區","121.700","25.155","361"
"254","414912","20220615193000","149","3","基隆市","安樂區","121.695","25.160","245"
"34","414913","20220615193000","177","0","基隆市","安樂區","121.700","25.160","26"
"251","414921","20220615193000","223","1","基隆市","中山區","121.750","25.145","258"
"1089","414923","20220615193000","1019","1","基隆市","中山區","121.720","25.150","1192"
"279","414929","20220615193000","200","2","基隆市","中山區","121.745","25.150","260"
"964","414936","20220615193000","1077","0","新北市","三芝區","121.495","25.250","921"
"245","414948","20220615193000","254","0","新北市","三芝區","121.490","25.270","204"
"742","414949","20220615193000","612","2","基隆市","中山區","121.740","25.150","749"
"220","414951","20220615193000","174","2","基隆市","中山區","121.740","25.155","187"
"373","414985","20220615193000","353","1","新北市","三芝區","121.510","25.215","371"
"73","415028","20220615193000","71","1","新北市","三芝區","121.530","25.230","90"
"2073","415040","20220615193000","1629","2","新北市","三芝區","121.505","25.255","2092"
"537","415041","20220615193000","501","1","新北市","三芝區","121.505","25.260","556"
"2629","415044","20220615193000","2306","1","新北市","三芝區","121.500","25.255","2595"
"236","415063","20220615193000","107","3","新北市","三芝區","121.505","25.205","223"
"1980","415070","20220615193000","1844","1","基隆市","中正區","121.770","25.150","1771"
"156","415078","20220615193000","141","1","新北市","三芝區","121.465","25.240","147"
"268","415083","20220615193000","255","1","新北市","三芝區","121.455","25.245","288"
"128","415087","20220615193000","89","2","新北市","三芝區","121.475","25.245","64"
"127","415093","20220615193000","179","0","新北市","三芝區","121.465","25.250","117"
"321","415100","20220615193000","318","1","新北市","三芝區","121.475","25.250","328"
"82","415103","20220615193000","66","2","新北市","三芝區","121.505","25.265","71"
"1273","415124","20220615193000","666","3","新北市","三芝區","121.535","25.245","1111"
"124","415149","20220615193000","91","2","新北市","三芝區","121.520","25.225","123"
"277","415181","20220615193000","232","1","新北市","三芝區","121.500","25.210","271"
"294","415188","20220615193000","377","0","新北市","三芝區","121.510","25.255","296"
"173","415196","20220615193000","114","3","新北市","三芝區","121.495","25.235","159"
"26","415202","20220615193000","17","3","新北市","三芝區","121.490","25.245","21"
"410","415205","20220615193000","430","0","新北市","三芝區","121.495","25.245","164"
"330","415211","20220615193000","339","0","基隆市","中山區","121.735","25.150","326"
"255","415212","20220615193000","136","3","基隆市","中山區","121.730","25.155","238"
"444","415214","20220615193000","498","0","基隆市","中正區","121.785","25.145","443"
"213","415224","20220615193000","464","0","新北市","八里區","121.415","25.155","189"
"1515","415226","20220615193000","1375","1","新北市","八里區","121.415","25.160","1424"
"696","415229","20220615193000","747","0","新北市","八里區","121.420","25.160","755"
"103","415237","20220615193000","66","3","新北市","八里區","121.440","25.155","120"
"346","415239","20220615193000","308","1","新北市","八里區","121.430","25.155","349"
"183","415242","20220615193000","245","0","新北市","八里區","121.430","25.160","160"
"257","415250","20220615193000","413","0","新北市","八里區","121.395","25.160","369"
"224","415252","20220615193000","263","0","新北市","八里區","121.405","25.155","222"
"323","415257","20220615193000","301","1","新北市","萬里區","121.675","25.180","275"
"19","415259","20220615193000","52","0","新北市","萬里區","121.685","25.180","19"
"501","415264","20220615193000","377","2","新北市","萬里區","121.640","25.210","444"
"57","415271","20220615193000","45","2","新北市","萬里區","121.645","25.150","44"
"138","415286","20220615193000","101","2","新北市","萬里區","121.665","25.160","129"
"57","415301","20220615193000","47","2","新北市","萬里區","121.625","25.150","59"
"20","415357","20220615193000","57","0","新北市","萬里區","121.620","25.200","16"
"124","415363","20220615193000","264","0","新北市","萬里區","121.650","25.200","185"
"1043","415369","20220615193000","989","1","新北市","萬里區","121.690","25.175","1053"
"716","415372","20220615193000","641","1","新北市","萬里區","121.690","25.180","675"
"2391","415375","20220615193000","2458","0","新北市","淡水區","121.440","25.175","2249"
"416","415378","20220615193000","423","0","新北市","淡水區","121.450","25.160","436"
"1228","415379","20220615193000","793","3","新北市","淡水區","121.455","25.160","1356"
"461","415380","20220615193000","657","0","新北市","淡水區","121.460","25.160","506"
"717","415383","20220615193000","564","2","新北市","淡水區","121.450","25.165","700"
"48","415388","20220615193000","91","0","新北市","淡水區","121.445","25.200","48"
"18","415391","20220615193000","33","0","新北市","淡水區","121.430","25.205","16"
"34","415394","20220615193000","94","0","新北市","淡水區","121.445","25.205","22"
"308","415395","20220615193000","342","0","新北市","淡水區","121.450","25.205","309"
"245","415396","20220615193000","160","3","新北市","淡水區","121.455","25.205","224"
"41","415398","20220615193000","37","1","新北市","淡水區","121.440","25.210","32"
"236","415408","20220615193000","339","0","新北市","淡水區","121.460","25.215","264"
"49","415409","20220615193000","40","2","新北市","淡水區","121.465","25.215","41"
"440","415412","20220615193000","275","3","新北市","淡水區","121.450","25.220","453"
"12","415428","20220615193000","12","1","新北市","石門區","121.580","25.240","15"
"14","415437","20220615193000","18","0","新北市","石門區","121.580","25.245","14"
"89","415462","20220615193000","30","3","新北市","石門區","121.530","25.285","72"
"120","415465","20220615193000","159","0","新北市","石門區","121.535","25.290","112"
"432","415468","20220615193000","397","1","新北市","石門區","121.540","25.290","425"
"123","415521","20220615193000","165","0","新北市","石門區","121.550","25.285","134"
"142","415532","20220615193000","199","0","新北市","石門區","121.515","25.275","169"
"15","415541","20220615193000","23","0","新北市","石門區","121.515","25.285","54"
"262","415546","20220615193000","79","3","新北市","石門區","121.570","25.255","284"
"105","415568","20220615193000","194","0","新北市","石門區","121.550","25.255","128"
"70","415594","20220615193000","81","0","新北市","石門區","121.595","25.270","53"
"35","415595","20220615193000","23","3","新北市","石門區","121.590","25.275","37"
"85","415599","20220615193000","69","2","新北市","石門區","121.590","25.285","70"
"21","415623","20220615193000","23","0","新北市","石門區","121.600","25.280","35"
"122","415625","20220615193000","109","1","新北市","石門區","121.610","25.280","117"
"237","415628","20220615193000","153","3","新北市","萬里區","121.675","25.165","235"
"49","415630","20220615193000","59","0","新北市","萬里區","121.685","25.165","63"
"22","415649","20220615193000","21","1","新北市","萬里區","121.655","25.200","21"
"701","415654","20220615193000","629","1","新北市","萬里區","121.690","25.200","646"
"69","415655","20220615193000","68","1","新北市","萬里區","121.655","25.205","92"
"87","415656","20220615193000","96","0","新北市","萬里區","121.660","25.205","125"
"211","415657","20220615193000","129","3","新北市","萬里區","121.690","25.205","194"
"18","415664","20220615193000","17","1","新北市","淡水區","121.465","25.175","18"
"125","415674","20220615193000","95","2","新北市","淡水區","121.520","25.175","87"
"57","415676","20220615193000","54","1","新北市","淡水區","121.480","25.180","51"
"146","415677","20220615193000","98","2","新北市","淡水區","121.485","25.180","164"
"153","415685","20220615193000","93","3","新北市","淡水區","121.470","25.185","143"
"33","415687","20220615193000","80","0","新北市","淡水區","121.480","25.185","24"
"494","415688","20220615193000","544","0","新北市","淡水區","121.485","25.185","512"
"97","415696","20220615193000","143","0","新北市","淡水區","121.475","25.190","103"
"198","415697","20220615193000","77","3","新北市","淡水區","121.490","25.190","185"
"22","415699","20220615193000","13","3","新北市","淡水區","121.500","25.190","20"
"484","415701","20220615193000","1275","0","新北市","淡水區","121.440","25.180","377"
"178","415706","20220615193000","244","0","新北市","淡水區","121.485","25.165","172"
"52","415713","20220615193000","70","0","新北市","淡水區","121.485","25.170","64"
"100","415717","20220615193000","83","2","新北市","淡水區","121.485","25.175","97"
"51","415718","20220615193000","439","0","新北市","淡水區","121.415","25.180","30"
"83","415720","20220615193000","57","2","新北市","淡水區","121.410","25.185","103"
"1619","415722","20220615193000","1131","2","新北市","淡水區","121.420","25.185","1662"
"1020","415723","20220615193000","977","1","新北市","淡水區","121.425","25.185","1072"
"899","415724","20220615193000","1138","0","新北市","淡水區","121.430","25.185","949"
"686","415730","20220615193000","250","3","新北市","淡水區","121.430","25.190","732"
"39","415731","20220615193000","18","3","新北市","淡水區","121.420","25.195","25"
"729","415732","20220615193000","620","1","新北市","淡水區","121.425","25.195","701"
"601","415734","20220615193000","564","1","新北市","淡水區","121.420","25.175","633"
"122","415735","20220615193000","98","2","新北市","淡水區","121.425","25.175","127"
"49","415738","20220615193000","25","3","新北市","淡水區","121.475","25.210","50"
"15","415743","20220615193000","21","0","新北市","淡水區","121.475","25.215","20"
"54","415744","20220615193000","27","3","新北市","淡水區","121.480","25.215","45"
"141","415745","20220615193000","208","0","新北市","淡水區","121.485","25.215","150"
"10","415749","20220615193000","59","0","新北市","淡水區","121.475","25.220","46"
"41","415753","20220615193000","111","0","新北市","淡水區","121.445","25.225","39"
"188","415754","20220615193000","321","0","新北市","淡水區","121.450","25.225","181"
"147","415755","20220615193000","158","0","新北市","淡水區","121.455","25.225","135"
"22","415761","20220615193000","67","0","新北市","淡水區","121.445","25.230","21"
"159","415762","20220615193000","93","3","新北市","淡水區","121.450","25.230","156"
"136","415775","20220615193000","97","2","新北市","萬里區","121.635","25.165","137"
"86","415799","20220615193000","45","3","新北市","萬里區","121.650","25.175","83"
"254","415830","20220615193000","251","1","新北市","萬里區","121.685","25.190","252"
"180","415832","20220615193000","122","2","新北市","萬里區","121.680","25.195","159"
"335","415838","20220615193000","226","2","新北市","淡水區","121.430","25.175","344"
"1372","415839","20220615193000","1553","0","新北市","淡水區","121.435","25.175","1391"
"1744","415840","20220615193000","1804","0","新北市","淡水區","121.435","25.180","1781"
"637","415841","20220615193000","630","1","新北市","淡水區","121.435","25.170","578"
"16","415849","20220615193000","11","2","新北市","淡水區","121.485","25.230","16"
"180","415852","20220615193000","162","1","新北市","三芝區","121.480","25.235","172"
"3286","415853","20220615193000","2656","2","新北市","淡水區","121.445","25.175","3303"
"3148","415854","20220615193000","5547","0","新北市","淡水區","121.450","25.175","3037"
"1796","415857","20220615193000","1772","1","新北市","淡水區","121.460","25.155","1937"
"1155","415860","20220615193000","718","3","新北市","淡水區","121.455","25.155","1189"
"261","415861","20220615193000","717","0","新北市","淡水區","121.465","25.160","284"
"14","415863","20220615193000","38","0","新北市","淡水區","121.470","25.155","12"
"48","415870","20220615193000","92","0","新北市","金山區","121.615","25.240","97"
"87","415905","20220615193000","53","3","新北市","金山區","121.590","25.235","58"
"1817","415910","20220615193000","1951","0","新北市","淡水區","121.445","25.180","1871"
"2046","415911","20220615193000","2470","0","新北市","淡水區","121.450","25.180","2104"
"86","415912","20220615193000","165","0","新北市","淡水區","121.455","25.180","73"
"1038","415916","20220615193000","1480","0","新北市","淡水區","121.445","25.185","997"
"1397","415921","20220615193000","1226","1","新北市","淡水區","121.455","25.175","1393"
"2733","415922","20220615193000","2960","0","新北市","淡水區","121.440","25.170","2678"
"156","415924","20220615193000","139","1","新北市","淡水區","121.485","25.155","161"
"342","415927","20220615193000","398","0","新北市","淡水區","121.485","25.160","347"
"240","415931","20220615193000","272","0","新北市","淡水區","121.470","25.165","248"
"392","415932","20220615193000","598","0","新北市","淡水區","121.440","25.190","438"
"1932","415933","20220615193000","1312","2","新北市","淡水區","121.445","25.190","1962"
"69","415936","20220615193000","114","0","新北市","淡水區","121.460","25.190","45"
"779","415942","20220615193000","1179","0","新北市","淡水區","121.450","25.200","729"
"206","415944","20220615193000","277","0","新北市","淡水區","121.460","25.200","235"
"751","415946","20220615193000","967","0","新北市","淡水區","121.420","25.180","717"
"1964","415947","20220615193000","1658","1","新北市","淡水區","121.450","25.170","1981"
"696","415948","20220615193000","1025","0","新北市","淡水區","121.455","25.170","751"
"300","415951","20220615193000","321","0","新北市","淡水區","121.455","25.235","283"
"1003","415961","20220615193000","800","2","新北市","淡水區","121.435","25.185","1043"
"354","415962","20220615193000","262","2","新北市","淡水區","121.440","25.185","360"
"2051","415963","20220615193000","1197","3","新北市","淡水區","121.435","25.190","2155"
"637","415964","20220615193000","481","2","新北市","淡水區","121.430","25.195","653"
"519","415968","20220615193000","388","2","新北市","淡水區","121.430","25.200","474"
"1427","415969","20220615193000","1110","2","新北市","淡水區","121.435","25.200","1510"
"392","415971","20220615193000","187","3","新北市","淡水區","121.425","25.205","345"
"38","415972","20220615193000","45","0","新北市","淡水區","121.435","25.205","26"
"94","415975","20220615193000","522","0","新北市","淡水區","121.445","25.170","77"
"45","415977","20220615193000","39","1","新北市","淡水區","121.485","25.190","42"
"27","415979","20220615193000","138","0","新北市","淡水區","121.470","25.195","22"
"173","415984","20220615193000","191","0","新北市","淡水區","121.470","25.200","178"
"109","415986","20220615193000","117","0","新北市","淡水區","121.480","25.200","97"
"25","415989","20220615193000","12","3","新北市","淡水區","121.470","25.205","20"
"1329","416009","20220615193000","1429","0","新北市","金山區","121.640","25.220","1446"
"28","416022","20220615193000","26","1","新北市","金山區","121.625","25.270","21"
"293","416030","20220615193000","294","0","新北市","金山區","121.640","25.225","313"
"199","416031","20220615193000","199","1","新北市","金山區","121.645","25.225","199"
"205","416033","20220615193000","192","1","新北市","金山區","121.645","25.230","213"
"51","416038","20220615193000","88","0","臺北市","北投區","121.500","25.155","58"
"314","416050","20220615193000","302","1","新北市","金山區","121.630","25.225","300"
"449","416051","20220615193000","356","2","新北市","金山區","121.635","25.225","427"
"203","416060","20220615193000","166","2","新北市","金山區","121.615","25.245","197"
"60","416062","20220615193000","32","3","新北市","金山區","121.605","25.245","99"
"22","416063","20220615193000","20","1","新北市","金山區","121.610","25.245","25"
"20","416067","20220615193000","21","0","新北市","金山區","121.610","25.250","20"
"132","416122","20220615193000","114","1","新北市","金山區","121.595","25.200","133"
"309","416123","20220615193000","175","3","新北市","金山區","121.600","25.200","271"
"128","416146","20220615193000","100","2","新北市","金山區","121.600","25.215","109"
"563","416155","20220615193000","667","0","新北市","金山區","121.630","25.220","585"
"1085","416156","20220615193000","726","2","新北市","金山區","121.635","25.220","1144"
"48","416160","20220615193000","48","1","臺北市","士林區","121.555","25.155","55"
"35","416182","20220615193000","55","0","臺北市","士林區","121.570","25.190","26"
"38","416192","20220615193000","58","0","臺北市","北投區","121.530","25.155","28"
"2803","416202","20220615193000","3533","0","新北市","淡水區","121.445","25.165","2674"
"188","416204","20220615193000","134","2","臺北市","北投區","121.540","25.155","194"
"163","416205","20220615193000","163","1","臺北市","北投區","121.545","25.150","156"
"19","416212","20220615193000","12","3","臺北市","北投區","121.540","25.160","19"
"45","416213","20220615193000","33","2","臺北市","北投區","121.545","25.160","37"
"278","416221","20220615193000","90","3","臺北市","北投區","121.540","25.165","264"
"204","416225","20220615193000","35","3","臺北市","北投區","121.560","25.165","218"
"61","416236","20220615193000","65","0","臺北市","北投區","121.535","25.175","48"
"88","416246","20220615193000","71","2","臺北市","北投區","121.545","25.180","77"
"71","416251","20220615193000","130","0","臺北市","北投區","121.535","25.185","86"
"57","416275","20220615193000","95","0","臺北市","北投區","121.490","25.155","41"
"21","616904","20220615193000","15","2","金門縣","金城鎮","118.320","24.390","12"
"19","617429","20220615193000","205","0","金門縣","金城鎮","118.305","24.400","21"
"1133","617430","20220615193000","1046","1","金門縣","金城鎮","118.310","24.400","1183"
"414","617700","20220615193000","377","1","金門縣","金城鎮","118.305","24.405","397"
"256","617704","20220615193000","246","1","金門縣","金城鎮","118.325","24.405","265"
"19","617966","20220615193000","18","1","金門縣","烈嶼鄉","118.225","24.405","21"
"76","617974","20220615193000","59","2","金門縣","金城鎮","118.290","24.405","90"
"97","617990","20220615193000","91","1","金門縣","金湖鎮","118.430","24.410","94"
"74","617991","20220615193000","59","2","金門縣","金湖鎮","118.435","24.410","64"
"109","618255","20220615193000","124","0","金門縣","金城鎮","118.285","24.410","75"
"107","618257","20220615193000","340","0","金門縣","金城鎮","118.295","24.410","115"
"163","618258","20220615193000","184","0","金門縣","金城鎮","118.300","24.410","153"
"43","618259","20220615193000","36","1","金門縣","金城鎮","118.305","24.410","33"
"59","618260","20220615193000","56","1","金門縣","金城鎮","118.310","24.410","52"
"211","618263","20220615193000","183","1","金門縣","金城鎮","118.325","24.410","204"
"760","618264","20220615193000","587","2","金門縣","金城鎮","118.330","24.410","757"
"208","618266","20220615193000","180","1","金門縣","金城鎮","118.335","24.410","210"
"383","618273","20220615193000","341","1","金門縣","金湖鎮","118.435","24.415","348"
"598","618274","20220615193000","584","1","金門縣","金湖鎮","118.440","24.415","577"
"47","618530","20220615193000","287","0","金門縣","烈嶼鄉","118.230","24.415","52"
"392","618532","20220615193000","555","0","金門縣","烈嶼鄉","118.240","24.415","391"
"168","618541","20220615193000","183","0","金門縣","金城鎮","118.290","24.415","180"
"561","618545","20220615193000","670","0","金門縣","金城鎮","118.310","24.415","553"
"640","618547","20220615193000","724","0","金門縣","金城鎮","118.315","24.415","624"
"281","618552","20220615193000","171","3","金門縣","金寧鄉","118.340","24.415","273"
"163","618560","20220615193000","173","0","金門縣","金湖鎮","118.440","24.420","169"
"510","618813","20220615193000","480","1","金門縣","烈嶼鄉","118.220","24.420","560"
"34","618818","20220615193000","16","3","金門縣","烈嶼鄉","118.245","24.420","32"
"40","618832","20220615193000","985","0","金門縣","金城鎮","118.310","24.420","26"
"144","618833","20220615193000","105","2","金門縣","金城鎮","118.315","24.420","124"
"54","618834","20220615193000","81","0","金門縣","金城鎮","118.320","24.420","53"
"34","618835","20220615193000","38","0","金門縣","金城鎮","118.325","24.420","34"
"125","618836","20220615193000","161","0","金門縣","金寧鄉","118.330","24.420","112"
"64","618837","20220615193000","54","1","金門縣","金寧鄉","118.335","24.420","47"
"13","618838","20220615193000","13","1","金門縣","金寧鄉","118.340","24.420","13"
"1414","619113","20220615193000","1330","1","金門縣","烈嶼鄉","118.245","24.425","1442"
"347","619116","20220615193000","215","3","金門縣","烈嶼鄉","118.260","24.425","353"
"55","619117","20220615193000","40","2","金門縣","烈嶼鄉","118.265","24.425","47"
"1542","619127","20220615193000","1267","2","金門縣","金城鎮","118.320","24.425","1467"
"193","619131","20220615193000","153","2","金門縣","金寧鄉","118.340","24.425","185"
"142","619133","20220615193000","161","0","金門縣","金寧鄉","118.350","24.425","131"
"276","619146","20220615193000","232","1","金門縣","金湖鎮","118.430","24.425","281"
"121","619151","20220615193000","118","1","金門縣","金湖鎮","118.455","24.430","130"
"78","619406","20220615193000","63","2","金門縣","烈嶼鄉","118.230","24.430","16"
"92","619420","20220615193000","1176","0","金門縣","金城鎮","118.310","24.430","84"
"813","619421","20220615193000","1490","0","金門縣","金城鎮","118.315","24.430","846"
"1044","619422","20220615193000","1383","0","金門縣","金城鎮","118.320","24.430","1069"
"112","619424","20220615193000","157","0","金門縣","金寧鄉","118.330","24.430","137"
"404","619426","20220615193000","478","0","金門縣","金寧鄉","118.340","24.430","416"
"94","619430","20220615193000","54","3","金門縣","金寧鄉","118.360","24.430","113"
"44","619440","20220615193000","904","0","金門縣","金湖鎮","118.410","24.430","403"
"427","619442","20220615193000","469","0","金門縣","金湖鎮","118.420","24.430","385"
"308","619709","20220615193000","339","0","金門縣","烈嶼鄉","118.255","24.435","278"
"13","619710","20220615193000","20","0","金門縣","烈嶼鄉","118.260","24.435","11"
"574","619718","20220615193000","557","1","金門縣","金城鎮","118.310","24.435","568"
"2519","619719","20220615193000","3296","0","金門縣","金城鎮","118.315","24.435","2570"
"54","619721","20220615193000","969","0","金門縣","金城鎮","118.325","24.435","47"
"274","619722","20220615193000","353","0","金門縣","金寧鄉","118.330","24.435","271"
"11","619726","20220615193000","41","0","金門縣","金寧鄉","118.350","24.435","11"
"18","619728","20220615193000","18","1","金門縣","金寧鄉","118.360","24.435","10"
"214","619729","20220615193000","290","0","金門縣","金湖鎮","118.365","24.435","279"
"150","619731","20220615193000","117","2","金門縣","金湖鎮","118.375","24.435","153"
"123","619734","20220615193000","164","0","金門縣","金湖鎮","118.390","24.435","128"
"257","619736","20220615193000","319","0","金門縣","金湖鎮","118.400","24.435","283"
"1472","619737","20220615193000","1553","0","金門縣","金湖鎮","118.405","24.435","1403"
"110","619739","20220615193000","107","1","金門縣","金湖鎮","118.415","24.435","51"
"110","619747","20220615193000","114","0","金門縣","金湖鎮","118.455","24.435","115"
"288","620001","20220615193000","159","3","金門縣","烈嶼鄉","118.250","24.440","277"
"658","620010","20220615193000","374","3","金門縣","金城鎮","118.310","24.440","601"
"4322","620011","20220615193000","2479","3","金門縣","金城鎮","118.315","24.440","4237"
"732","620012","20220615193000","557","2","金門縣","金寧鄉","118.320","24.440","754"
"87","620013","20220615193000","84","1","金門縣","金城鎮","118.325","24.440","91"
"533","620015","20220615193000","541","0","金門縣","金寧鄉","118.335","24.440","592"
"11","620020","20220615193000","152","0","金門縣","金寧鄉","118.360","24.440","12"
"34","620021","20220615193000","52","0","金門縣","金湖鎮","118.365","24.440","36"
"132","620024","20220615193000","89","2","金門縣","金湖鎮","118.380","24.440","111"
"703","620025","20220615193000","806","0","金門縣","金湖鎮","118.385","24.440","720"
"88","620027","20220615193000","47","3","金門縣","金湖鎮","118.395","24.440","87"
"68","620029","20220615193000","183","0","金門縣","金湖鎮","118.405","24.440","69"
"1087","620031","20220615193000","3705","0","金門縣","金湖鎮","118.415","24.440","1034"
"1022","620032","20220615193000","1349","0","金門縣","金湖鎮","118.420","24.440","1077"
"287","620037","20220615193000","123","3","金門縣","金湖鎮","118.445","24.440","297"
"132","620040","20220615193000","114","1","金門縣","金湖鎮","118.460","24.440","126"
"427","620293","20220615193000","360","1","金門縣","烈嶼鄉","118.240","24.440","440"
"854","620304","20220615193000","818","1","金門縣","金寧鄉","118.310","24.445","831"
"175","620306","20220615193000","281","0","金門縣","金寧鄉","118.320","24.445","198"
"41","620312","20220615193000","425","0","金門縣","金寧鄉","118.350","24.445","26"
"37","620317","20220615193000","243","0","金門縣","金湖鎮","118.375","24.445","33"
"369","620318","20220615193000","274","2","金門縣","金湖鎮","118.380","24.445","326"
"56","620319","20220615193000","48","1","金門縣","金湖鎮","118.385","24.445","48"
"40","620323","20220615193000","21","3","金門縣","金湖鎮","118.405","24.445","21"
"46","620326","20220615193000","31","2","金門縣","金湖鎮","118.420","24.445","29"
"33","620327","20220615193000","313","0","金門縣","金湖鎮","118.425","24.445","35"
"16","620335","20220615193000","13","2","金門縣","金湖鎮","118.465","24.445","13"
"159","620336","20220615193000","197","0","金門縣","金湖鎮","118.470","24.445","123"
"144","620593","20220615193000","129","1","金門縣","烈嶼鄉","118.250","24.445","133"
"95","620594","20220615193000","92","1","金門縣","烈嶼鄉","118.255","24.445","93"
"273","620604","20220615193000","380","0","金門縣","金寧鄉","118.305","24.450","234"
"725","620605","20220615193000","444","3","金門縣","金寧鄉","118.310","24.450","715"
"211","620607","20220615193000","586","0","金門縣","金寧鄉","118.320","24.450","208"
"522","620608","20220615193000","356","2","金門縣","金寧鄉","118.325","24.450","497"
"1591","620609","20220615193000","1503","1","金門縣","金寧鄉","118.330","24.450","1606"
"688","620610","20220615193000","594","1","金門縣","金寧鄉","118.335","24.450","668"
"388","620611","20220615193000","498","0","金門縣","金寧鄉","118.340","24.450","383"
"69","620613","20220615193000","56","2","金門縣","金寧鄉","118.350","24.450","66"
"40","620618","20220615193000","55","0","金門縣","金湖鎮","118.375","24.450","45"
"62","620623","20220615193000","38","3","金門縣","金湖鎮","118.400","24.450","53"
"44","620624","20220615193000","39","1","金門縣","金湖鎮","118.405","24.450","38"
"88","620625","20220615193000","38","3","金門縣","金湖鎮","118.410","24.450","73"
"107","620634","20220615193000","54","3","金門縣","金沙鎮","118.455","24.450","116"
"545","620912","20220615193000","268","3","金門縣","金寧鄉","118.335","24.455","562"
"398","620919","20220615193000","264","3","金門縣","金湖鎮","118.370","24.455","339"
"362","620920","20220615193000","362","1","金門縣","金湖鎮","118.375","24.455","355"
"528","620921","20220615193000","420","2","金門縣","金湖鎮","118.380","24.455","535"
"112","620922","20220615193000","69","3","金門縣","金湖鎮","118.385","24.455","80"
"41","620927","20220615193000","22","3","金門縣","金湖鎮","118.410","24.455","32"
"42","620928","20220615193000","37","1","金門縣","金湖鎮","118.415","24.455","34"
"346","621210","20220615193000","577","0","金門縣","金寧鄉","118.305","24.455","344"
"51","621214","20220615193000","662","0","金門縣","金寧鄉","118.325","24.455","47"
"231","621221","20220615193000","251","0","金門縣","金寧鄉","118.360","24.460","244"
"14","621226","20220615193000","17","0","金門縣","金沙鎮","118.385","24.460","12"
"76","621230","20220615193000","109","0","金門縣","金沙鎮","118.405","24.460","74"
"792","621231","20220615193000","454","3","金門縣","金湖鎮","118.410","24.460","772"
"48","621233","20220615193000","24","3","金門縣","金湖鎮","118.420","24.460","48"
"26","621239","20220615193000","29","0","金門縣","金沙鎮","118.450","24.460","28"
"607","621509","20220615193000","790","0","金門縣","金寧鄉","118.315","24.460","586"
"158","621510","20220615193000","199","0","金門縣","金寧鄉","118.320","24.460","159"
"172","621511","20220615193000","152","1","金門縣","金寧鄉","118.325","24.460","170"
"199","621523","20220615193000","144","2","金門縣","金沙鎮","118.385","24.465","178"
"19","621529","20220615193000","17","1","金門縣","金沙鎮","118.415","24.465","19"
"13","621530","20220615193000","12","1","金門縣","金湖鎮","118.420","24.465","13"
"124","621533","20220615193000","95","2","金門縣","金沙鎮","118.435","24.465","124"
"70","621534","20220615193000","70","1","金門縣","金沙鎮","118.440","24.465","70"
"168","621810","20220615193000","249","0","金門縣","金沙鎮","118.390","24.465","180"
"894","621816","20220615193000","779","1","金門縣","金沙鎮","118.420","24.470","902"
"311","621823","20220615193000","275","1","金門縣","金沙鎮","118.455","24.470","337"
"417","622079","20220615193000","522","0","金門縣","金寧鄉","118.315","24.470","500"
"74","622096","20220615193000","451","0","金門縣","金沙鎮","118.400","24.470","81"
"20","622101","20220615193000","15","2","金門縣","金沙鎮","118.425","24.475","26"
"73","622102","20220615193000","66","1","金門縣","金沙鎮","118.430","24.475","73"
"272","622377","20220615193000","136","3","金門縣","金沙鎮","118.390","24.475","238"
"195","622643","20220615193000","402","0","金門縣","金寧鄉","118.305","24.480","198"
"62","622644","20220615193000","84","0","金門縣","金寧鄉","118.310","24.480","63"
"364","622657","20220615193000","265","2","金門縣","金沙鎮","118.390","24.480","363"
"136","622658","20220615193000","121","1","金門縣","金沙鎮","118.395","24.480","132"
"15","622921","20220615193000","14","1","金門縣","金寧鄉","118.300","24.485","15"
"1162","622937","20220615193000","863","2","金門縣","金沙鎮","118.415","24.485","1196"
"99","622938","20220615193000","108","0","金門縣","金沙鎮","118.420","24.485","89"
"32","622941","20220615193000","38","0","金門縣","金沙鎮","118.435","24.485","28"
"47","622942","20220615193000","99","0","金門縣","金沙鎮","118.440","24.485","54"
"166","623204","20220615193000","158","1","金門縣","金沙鎮","118.400","24.490","177"
"458","623206","20220615193000","455","1","金門縣","金沙鎮","118.410","24.490","468"
"563","623207","20220615193000","561","1","金門縣","金沙鎮","118.415","24.490","546"
"81","623210","20220615193000","83","0","金門縣","金沙鎮","118.430","24.490","81"
"711","623474","20220615193000","885","0","金門縣","金沙鎮","118.415","24.495","718"
"352","623478","20220615193000","396","0","金門縣","金沙鎮","118.435","24.495","371"
"78","623734","20220615193000","66","1","金門縣","金沙鎮","118.400","24.500","87"
"40","623738","20220615193000","35","1","金門縣","金沙鎮","118.420","24.500","41"
"243","623993","20220615193000","230","1","金門縣","金沙鎮","118.405","24.505","254"
"36","623999","20220615193000","22","3","金門縣","金沙鎮","118.435","24.505","26"
"217","624000","20220615193000","267","0","金門縣","金沙鎮","118.440","24.505","219"
"243","624511","20220615193000","209","1","金門縣","金沙鎮","118.405","24.515","231"
"255","624771","20220615193000","201","2","金門縣","金沙鎮","118.415","24.515","227"
"16","625280","20220615193000","11","2","金門縣","金沙鎮","118.410","24.525","12"
"11","653042","20220615193000","15","0","連江縣","莒光鄉","119.975","25.955","11"
"391","653049","20220615193000","442","0","連江縣","莒光鄉","119.975","25.960","359"
"15","653081","20220615193000","19","0","連江縣","莒光鄉","119.930","25.970","11"
"276","653082","20220615193000","267","1","連江縣","莒光鄉","119.935","25.970","235"
"190","653097","20220615193000","238","0","連江縣","莒光鄉","119.930","25.975","173"
"26","653099","20220615193000","20","2","連江縣","莒光鄉","119.940","25.975","24"
"469","653173","20220615193000","343","2","連江縣","南竿鄉","119.925","26.140","460"
"134","653187","20220615193000","144","0","連江縣","南竿鄉","119.930","26.145","138"
"135","653198","20220615193000","108","2","連江縣","南竿鄉","119.915","26.145","154"
"59","653200","20220615193000","77","0","連江縣","南竿鄉","119.925","26.145","43"
"289","653203","20220615193000","453","0","連江縣","南竿鄉","119.940","26.145","339"
"32","653217","20220615193000","88","0","連江縣","南竿鄉","119.925","26.150","30"
"379","653219","20220615193000","400","0","連江縣","南竿鄉","119.935","26.150","398"
"56","653221","20220615193000","37","3","連江縣","南竿鄉","119.945","26.150","57"
"210","653231","20220615193000","300","0","連江縣","南竿鄉","119.920","26.155","205"
"552","653235","20220615193000","518","1","連江縣","南竿鄉","119.940","26.155","555"
"1017","653238","20220615193000","828","2","連江縣","南竿鄉","119.955","26.155","988"
"157","653248","20220615193000","144","1","連江縣","南竿鄉","119.920","26.160","146"
"947","653255","20220615193000","737","2","連江縣","南竿鄉","119.955","26.160","1021"
"28","653257","20220615193000","10","3","連江縣","南竿鄉","119.965","26.160","20"
"506","653272","20220615193000","694","0","連江縣","南竿鄉","119.950","26.165","487"
"134","653282","20220615193000","211","0","連江縣","南竿鄉","119.925","26.170","136"
"255","653344","20220615193000","206","2","連江縣","北竿鄉","119.970","26.205","254"
"171","653365","20220615193000","139","2","連江縣","北竿鄉","119.975","26.215","193"
"32","653380","20220615193000","19","3","連江縣","北竿鄉","119.990","26.220","44"
"33","653382","20220615193000","51","0","連江縣","北竿鄉","120.000","26.220","25"
"11","653393","20220615193000","24","0","連江縣","北竿鄉","119.980","26.225","11"
"899","653396","20220615193000","1003","0","連江縣","北竿鄉","119.995","26.225","973"
"429","653397","20220615193000","311","2","連江縣","北竿鄉","120.000","26.225","455"
"33","653399","20220615193000","16","3","連江縣","北竿鄉","120.010","26.225","40"
"128","653411","20220615193000","98","2","連江縣","北竿鄉","120.000","26.230","104"
"18","653580","20220615193000","28","0","連江縣","東引鄉","120.485","26.360","29"
"53","653590","20220615193000","39","2","連江縣","東引鄉","120.490","26.360","50"
"484","653592","20220615193000","638","0","連江縣","東引鄉","120.500","26.360","356"
"902","653602","20220615193000","856","1","連江縣","東引鄉","120.490","26.365","881"
"111","653603","20220615193000","51","3","連江縣","東引鄉","120.495","26.365","100"
"42","653606","20220615193000","19","3","連江縣","東引鄉","120.510","26.365","42"
"135","653623","20220615193000","116","1","連江縣","東引鄉","120.480","26.375","133"
