"POPULATION","G_ID","time","avg","idx","City","Town","x","y","prePop"
"79","6258","20221006051000","80","0","屏東縣","恆春鎮","120.745","21.945","95"
"11","6267","20221006051000","137","0","屏東縣","恆春鎮","120.790","21.945","11"
"102","9415","20221006051000","77","2","屏東縣","恆春鎮","120.715","21.970","92"
"72","9416","20221006051000","48","3","屏東縣","恆春鎮","120.845","21.970","76"
"176","15716","20221006051000","190","0","臺東縣","蘭嶼鄉","121.535","22.025","223"
"20","15719","20221006051000","309","0","臺東縣","蘭嶼鄉","121.550","22.025","20"
"79","18068","20221006051000","43","3","屏東縣","車城鄉","120.695","22.045","27"
"75","20191","20221006051000","559","0","臺東縣","蘭嶼鄉","121.570","22.065","75"
"65","46865","20221006051000","70","0","臺東縣","大武鄉","120.890","22.305","69"
"98","49782","20221006051000","165","0","屏東縣","琉球鄉","120.355","22.330","78"
"426","52213","20221006051000","228","3","屏東縣","琉球鄉","120.380","22.355","428"
"23","57589","20221006051000","20","1","屏東縣","春日鄉","120.660","22.365","28"
"90","57606","20221006051000","55","3","屏東縣","春日鄉","120.665","22.365","84"
"100","57748","20221006051000","83","2","屏東縣","春日鄉","120.750","22.405","101"
"221","57758","20221006051000","159","2","屏東縣","春日鄉","120.625","22.365","230"
"10","57868","20221006051000","218","0","屏東縣","車城鄉","120.730","22.055","10"
"142","57949","20221006051000","63","3","屏東縣","車城鄉","120.715","22.050","147"
"13","57951","20221006051000","124","0","屏東縣","車城鄉","120.710","22.055","13"
"178","57952","20221006051000","151","1","屏東縣","枋寮鄉","120.595","22.375","204"
"84","57962","20221006051000","406","0","屏東縣","枋寮鄉","120.595","22.385","70"
"340","57963","20221006051000","350","0","屏東縣","枋寮鄉","120.600","22.385","355"
"13","57992","20221006051000","14","0","屏東縣","滿州鄉","120.890","22.090","16"
"116","58150","20221006051000","93","2","屏東縣","滿州鄉","120.875","22.115","127"
"96","58209","20221006051000","77","2","屏東縣","滿州鄉","120.840","21.985","108"
"60","58243","20221006051000","63","0","屏東縣","滿州鄉","120.840","22.015","47"
"239","58245","20221006051000","199","2","屏東縣","滿州鄉","120.835","22.020","256"
"22","58246","20221006051000","26","0","屏東縣","滿州鄉","120.840","22.020","20"
"228","58248","20221006051000","172","2","屏東縣","滿州鄉","120.830","22.025","272"
"297","58265","20221006051000","235","2","屏東縣","滿州鄉","120.830","21.995","287"
"29","58303","20221006051000","30","0","屏東縣","滿州鄉","120.850","22.020","28"
"71","58452","20221006051000","43","3","屏東縣","滿州鄉","120.830","22.075","75"
"28","58493","20221006051000","20","2","屏東縣","滿州鄉","120.830","22.095","23"
"23","58500","20221006051000","21","1","屏東縣","滿州鄉","120.840","22.100","17"
"76","58514","20221006051000","42","3","屏東縣","枋山鄉","120.665","22.240","85"
"159","58522","20221006051000","141","1","屏東縣","枋山鄉","120.650","22.260","136"
"26","58529","20221006051000","224","0","屏東縣","枋山鄉","120.690","22.190","30"
"21","58531","20221006051000","102","0","屏東縣","枋山鄉","120.690","22.195","16"
"10","58544","20221006051000","10","1","屏東縣","佳冬鄉","120.525","22.410","10"
"316","58554","20221006051000","596","0","屏東縣","恆春鎮","120.740","22.030","289"
"19","58568","20221006051000","140","0","屏東縣","恆春鎮","120.735","22.040","19"
"196","58585","20221006051000","68","3","屏東縣","恆春鎮","120.720","22.045","92"
"25","58614","20221006051000","379","0","屏東縣","恆春鎮","120.755","21.960","26"
"17","58615","20221006051000","21","0","屏東縣","恆春鎮","120.760","21.960","19"
"338","58618","20221006051000","546","0","屏東縣","恆春鎮","120.755","21.965","319"
"430","58656","20221006051000","225","3","屏東縣","恆春鎮","120.730","22.010","405"
"322","58663","20221006051000","368","0","屏東縣","恆春鎮","120.745","22.005","308"
"266","58680","20221006051000","231","1","屏東縣","恆春鎮","120.730","21.995","234"
"223","58691","20221006051000","182","2","屏東縣","恆春鎮","120.725","21.925","210"
"18","58698","20221006051000","16","1","屏東縣","恆春鎮","120.715","21.935","27"
"36","58707","20221006051000","23","3","屏東縣","恆春鎮","120.715","21.945","37"
"59","58723","20221006051000","163","0","屏東縣","恆春鎮","120.720","21.960","214"
"1032","58725","20221006051000","1151","0","屏東縣","恆春鎮","120.740","22.010","1042"
"21","58785","20221006051000","62","0","屏東縣","恆春鎮","120.720","22.040","11"
"67","58793","20221006051000","51","2","屏東縣","恆春鎮","120.695","22.020","68"
"27","58796","20221006051000","15","3","屏東縣","恆春鎮","120.710","22.020","20"
"234","58818","20221006051000","74","3","屏東縣","恆春鎮","120.850","21.905","129"
"19","58819","20221006051000","15","2","屏東縣","恆春鎮","120.855","21.905","17"
"70","58824","20221006051000","43","3","屏東縣","恆春鎮","120.850","21.910","53"
"168","58829","20221006051000","119","2","屏東縣","恆春鎮","120.850","21.915","152"
"47","58837","20221006051000","67","0","屏東縣","恆春鎮","120.830","21.925","50"
"154","58849","20221006051000","98","3","屏東縣","恆春鎮","120.825","21.935","171"
"13","58859","20221006051000","13","1","屏東縣","恆春鎮","120.840","21.940","15"
"13","58893","20221006051000","227","0","屏東縣","車城鄉","120.715","22.070","14"
"76","58924","20221006051000","68","1","屏東縣","獅子鄉","120.730","22.195","63"
"15","58958","20221006051000","107","0","屏東縣","獅子鄉","120.750","22.205","11"
"94","58971","20221006051000","82","1","屏東縣","獅子鄉","120.725","22.210","102"
"23","58997","20221006051000","16","2","屏東縣","獅子鄉","120.785","22.215","28"
"34","59115","20221006051000","428","0","屏東縣","琉球鄉","120.380","22.350","41"
"35","59117","20221006051000","321","0","屏東縣","琉球鄉","120.365","22.325","28"
"314","59120","20221006051000","263","1","屏東縣","琉球鄉","120.370","22.335","317"
"101","59149","20221006051000","111","0","屏東縣","獅子鄉","120.660","22.275","82"
"74","59469","20221006051000","70","1","屏東縣","獅子鄉","120.650","22.315","71"
"134","59772","20221006051000","98","2","屏東縣","獅子鄉","120.685","22.225","123"
"110","60023","20221006051000","95","1","屏東縣","獅子鄉","120.700","22.165","113"
"1440","60172","20221006051000","1405","1","屏東縣","琉球鄉","120.370","22.340","1578"
"26","60174","20221006051000","70","0","屏東縣","琉球鄉","120.375","22.345","24"
"101","60189","20221006051000","67","3","屏東縣","車城鄉","120.700","22.040","87"
"58","60193","20221006051000","50","1","屏東縣","車城鄉","120.700","22.050","56"
"23","60196","20221006051000","29","0","屏東縣","琉球鄉","120.365","22.340","35"
"10","60197","20221006051000","26","0","屏東縣","琉球鄉","120.365","22.345","16"
"206","60198","20221006051000","176","1","屏東縣","琉球鄉","120.370","22.350","256"
"329","60206","20221006051000","191","3","屏東縣","車城鄉","120.715","22.065","345"
"22","60213","20221006051000","136","0","屏東縣","車城鄉","120.720","22.090","29"
"33","60234","20221006051000","22","3","屏東縣","車城鄉","120.715","22.115","33"
"991","60246","20221006051000","548","3","屏東縣","琉球鄉","120.385","22.350","1010"
"65","60260","20221006051000","61","1","屏東縣","車城鄉","120.740","22.085","75"
"206","60283","20221006051000","215","0","屏東縣","車城鄉","120.750","22.095","192"
"26","60322","20221006051000","321","0","屏東縣","車城鄉","120.715","22.075","27"
"172","60328","20221006051000","133","2","屏東縣","車城鄉","120.730","22.075","210"
"23","60338","20221006051000","16","2","屏東縣","枋寮鄉","120.595","22.390","23"
"197","60350","20221006051000","167","1","屏東縣","枋寮鄉","120.590","22.405","199"
"38","60369","20221006051000","262","0","屏東縣","枋寮鄉","120.620","22.405","31"
"92","60374","20221006051000","64","2","屏東縣","枋寮鄉","120.590","22.370","91"
"214","60377","20221006051000","171","2","屏東縣","枋寮鄉","120.580","22.375","193"
"769","60401","20221006051000","714","1","屏東縣","枋寮鄉","120.575","22.405","760"
"316","60404","20221006051000","231","2","屏東縣","佳冬鄉","120.565","22.410","317"
"1276","60421","20221006051000","1104","1","屏東縣","枋寮鄉","120.600","22.360","1269"
"411","60428","20221006051000","314","2","屏東縣","枋寮鄉","120.600","22.365","421"
"68","60441","20221006051000","71","0","屏東縣","枋山鄉","120.645","22.295","81"
"97","60442","20221006051000","62","3","屏東縣","獅子鄉","120.640","22.310","98"
"235","60446","20221006051000","199","1","屏東縣","枋山鄉","120.630","22.320","247"
"116","60449","20221006051000","85","2","屏東縣","枋山鄉","120.615","22.330","114"
"336","60455","20221006051000","132","3","屏東縣","枋山鄉","120.620","22.335","313"
"160","60456","20221006051000","103","3","屏東縣","枋山鄉","120.625","22.335","189"
"966","60532","20221006051000","731","2","屏東縣","恆春鎮","120.740","22.000","958"
"714","60533","20221006051000","410","3","屏東縣","恆春鎮","120.740","22.005","632"
"138","60535","20221006051000","279","0","屏東縣","恆春鎮","120.815","21.935","183"
"203","60537","20221006051000","205","0","屏東縣","恆春鎮","120.805","21.940","156"
"12","60539","20221006051000","235","0","屏東縣","恆春鎮","120.795","21.945","16"
"519","60540","20221006051000","501","1","屏東縣","恆春鎮","120.800","21.945","456"
"442","60541","20221006051000","477","0","屏東縣","恆春鎮","120.805","21.945","376"
"77","60543","20221006051000","78","0","屏東縣","恆春鎮","120.780","21.950","55"
"199","60544","20221006051000","104","3","屏東縣","恆春鎮","120.785","21.950","215"
"133","60568","20221006051000","135","0","屏東縣","恆春鎮","120.810","21.955","97"
"67","60589","20221006051000","55","2","屏東縣","恆春鎮","120.815","21.965","66"
"41","60623","20221006051000","338","0","屏東縣","恆春鎮","120.735","21.950","34"
"73","60646","20221006051000","59","2","屏東縣","恆春鎮","120.720","21.975","68"
"87","60651","20221006051000","79","1","屏東縣","恆春鎮","120.715","21.985","84"
"242","60656","20221006051000","174","2","屏東縣","恆春鎮","120.705","21.995","376"
"48","60671","20221006051000","877","0","屏東縣","恆春鎮","120.740","21.995","45"
"54","60672","20221006051000","273","0","屏東縣","恆春鎮","120.745","21.995","63"
"619","60680","20221006051000","595","1","屏東縣","恆春鎮","120.745","22.000","642"
"26","60694","20221006051000","58","0","屏東縣","恆春鎮","120.765","22.000","29"
"50","60732","20221006051000","46","1","屏東縣","牡丹鄉","120.815","22.075","48"
"42","60771","20221006051000","114","0","屏東縣","滿州鄉","120.890","22.140","39"
"13","60778","20221006051000","12","1","屏東縣","牡丹鄉","120.880","22.155","18"
"32","60784","20221006051000","31","1","屏東縣","牡丹鄉","120.880","22.160","30"
"149","60791","20221006051000","176","0","屏東縣","牡丹鄉","120.890","22.165","290"
"41","60821","20221006051000","67","0","屏東縣","牡丹鄉","120.880","22.185","37"
"36","60825","20221006051000","28","2","屏東縣","牡丹鄉","120.880","22.190","34"
"73","60827","20221006051000","60","2","屏東縣","牡丹鄉","120.885","22.190","69"
"27","60884","20221006051000","21","2","屏東縣","牡丹鄉","120.850","22.185","32"
"48","60907","20221006051000","61","0","屏東縣","牡丹鄉","120.855","22.200","51"
"15","60936","20221006051000","13","1","屏東縣","牡丹鄉","120.815","22.150","11"
"78","60994","20221006051000","52","3","屏東縣","牡丹鄉","120.835","22.175","77"
"84","61141","20221006051000","57","2","屏東縣","牡丹鄉","120.770","22.125","84"
"234","61160","20221006051000","219","1","屏東縣","牡丹鄉","120.780","22.130","221"
"15","61331","20221006051000","96","0","屏東縣","牡丹鄉","120.840","22.115","22"
"151","61332","20221006051000","160","0","屏東縣","牡丹鄉","120.845","22.115","161"
"110","61441","20221006051000","64","3","臺東縣","大武鄉","120.880","22.325","75"
"33","61469","20221006051000","169","0","臺東縣","大武鄉","120.905","22.360","22"
"13","61471","20221006051000","104","0","臺東縣","大武鄉","120.900","22.365","13"
"21","61472","20221006051000","230","0","臺東縣","大武鄉","120.905","22.365","282"
"45","61501","20221006051000","254","0","臺東縣","大武鄉","120.910","22.380","10"
"48","61562","20221006051000","315","0","臺東縣","大武鄉","120.885","22.340","48"
"211","61604","20221006051000","223","0","臺東縣","蘭嶼鄉","121.525","22.080","209"
"176","61605","20221006051000","159","1","臺東縣","蘭嶼鄉","121.530","22.080","195"
"28","61620","20221006051000","31","0","臺東縣","蘭嶼鄉","121.590","22.005","30"
"203","61703","20221006051000","184","1","臺東縣","蘭嶼鄉","121.510","22.055","193"
"180","61734","20221006051000","220","0","臺東縣","蘭嶼鄉","121.555","22.025","197"
"24","61738","20221006051000","24","1","臺東縣","蘭嶼鄉","121.535","22.030","21"
"10","61830","20221006051000","77","0","臺東縣","達仁鄉","120.885","22.285","10"
"15","61933","20221006051000","118","0","臺東縣","達仁鄉","120.885","22.295","15"
"36","62017","20221006051000","44","0","臺東縣","達仁鄉","120.855","22.320","46"
"72","62355","20221006051000","43","3","臺東縣","達仁鄉","120.855","22.390","66"
"35","62479","20221006051000","31","1","臺東縣","達仁鄉","120.855","22.275","33"
"58","62493","20221006051000","31","3","臺東縣","達仁鄉","120.875","22.290","51"
"32","63917","20221006051000","23","2","臺東縣","大武鄉","120.930","22.415","20"
"35","65292","20221006051000","230","0","屏東縣","東港鎮","120.480","22.430","47"
"21","72794","20221006051000","35","0","高雄市","小港區","120.360","22.510","20"
"210","80997","20221006051000","156","2","屏東縣","新埤鄉","120.560","22.475","207"
"482","81045","20221006051000","400","2","屏東縣","新埤鄉","120.545","22.465","480"
"128","81049","20221006051000","79","3","屏東縣","新埤鄉","120.565","22.465","131"
"18","81063","20221006051000","13","2","屏東縣","新埤鄉","120.610","22.450","17"
"147","81079","20221006051000","126","1","屏東縣","新埤鄉","120.610","22.460","149"
"539","81134","20221006051000","507","1","屏東縣","新埤鄉","120.580","22.505","518"
"254","81174","20221006051000","210","2","屏東縣","新埤鄉","120.615","22.470","261"
"85","81486","20221006051000","58","2","屏東縣","春日鄉","120.630","22.425","79"
"169","81488","20221006051000","87","3","屏東縣","春日鄉","120.640","22.425","156"
"664","81506","20221006051000","400","3","屏東縣","新園鄉","120.435","22.500","668"
"83","81517","20221006051000","54","3","屏東縣","新園鄉","120.440","22.510","83"
"348","81529","20221006051000","468","0","屏東縣","萬巒鄉","120.610","22.590","342"
"780","81547","20221006051000","1281","0","屏東縣","林邊鄉","120.515","22.435","780"
"529","81552","20221006051000","343","3","屏東縣","林邊鄉","120.520","22.430","562"
"20","81557","20221006051000","12","3","屏東縣","林邊鄉","120.490","22.430","19"
"49","81560","20221006051000","31","3","屏東縣","東港鎮","120.495","22.460","45"
"260","81569","20221006051000","259","1","屏東縣","東港鎮","120.455","22.460","279"
"30","81573","20221006051000","26","1","屏東縣","東港鎮","120.465","22.440","33"
"61","81584","20221006051000","42","2","屏東縣","東港鎮","120.455","22.450","49"
"54","81816","20221006051000","55","0","屏東縣","來義鄉","120.680","22.525","55"
"71","81919","20221006051000","53","2","屏東縣","來義鄉","120.640","22.435","70"
"74","82042","20221006051000","69","1","屏東縣","來義鄉","120.635","22.525","77"
"40","82186","20221006051000","33","2","屏東縣","來義鄉","120.665","22.560","34"
"16","82194","20221006051000","355","0","屏東縣","佳冬鄉","120.550","22.415","17"
"866","82204","20221006051000","719","2","屏東縣","佳冬鄉","120.545","22.415","868"
"546","82217","20221006051000","508","1","屏東縣","竹田鄉","120.515","22.575","553"
"254","82239","20221006051000","132","3","屏東縣","東港鎮","120.495","22.455","247"
"21","82241","20221006051000","539","0","屏東縣","東港鎮","120.490","22.455","27"
"506","82243","20221006051000","537","0","屏東縣","東港鎮","120.445","22.465","502"
"127","82245","20221006051000","627","0","屏東縣","東港鎮","120.445","22.460","126"
"808","82256","20221006051000","705","1","屏東縣","東港鎮","120.455","22.470","811"
"36","82257","20221006051000","49","0","屏東縣","東港鎮","120.460","22.470","43"
"1342","82262","20221006051000","677","3","屏東縣","東港鎮","120.460","22.475","1341"
"141","82266","20221006051000","529","0","屏東縣","東港鎮","120.465","22.480","141"
"98","82270","20221006051000","450","0","屏東縣","東港鎮","120.475","22.485","95"
"59","82283","20221006051000","54","1","屏東縣","泰武鄉","120.625","22.590","65"
"101","82284","20221006051000","79","2","屏東縣","泰武鄉","120.635","22.590","109"
"320","82290","20221006051000","286","1","屏東縣","林邊鄉","120.520","22.435","332"
"327","82303","20221006051000","332","0","屏東縣","新園鄉","120.460","22.540","326"
"729","82306","20221006051000","700","1","屏東縣","新園鄉","120.460","22.545","737"
"41","82311","20221006051000","384","0","屏東縣","東港鎮","120.450","22.470","47"
"17","82316","20221006051000","10","3","屏東縣","竹田鄉","120.540","22.570","16"
"455","82324","20221006051000","522","0","屏東縣","竹田鄉","120.540","22.585","478"
"91","82325","20221006051000","86","1","屏東縣","竹田鄉","120.545","22.585","93"
"832","82333","20221006051000","695","1","屏東縣","新園鄉","120.455","22.525","860"
"396","82340","20221006051000","227","3","屏東縣","新園鄉","120.465","22.530","398"
"303","82347","20221006051000","231","2","屏東縣","新園鄉","120.440","22.475","265"
"42","82367","20221006051000","46","0","屏東縣","萬丹鄉","120.465","22.595","44"
"290","82441","20221006051000","203","2","屏東縣","泰武鄉","120.650","22.570","290"
"16","82445","20221006051000","168","0","屏東縣","泰武鄉","120.635","22.580","16"
"74","82467","20221006051000","68","1","屏東縣","泰武鄉","120.660","22.570","67"
"40","82513","20221006051000","22","3","屏東縣","泰武鄉","120.665","22.585","38"
"31","82568","20221006051000","29","1","屏東縣","萬丹鄉","120.490","22.575","32"
"274","82569","20221006051000","246","1","屏東縣","新園鄉","120.450","22.475","282"
"256","82576","20221006051000","210","2","屏東縣","新園鄉","120.445","22.515","262"
"135","82591","20221006051000","109","2","屏東縣","新園鄉","120.450","22.525","131"
"27","82614","20221006051000","316","0","屏東縣","佳冬鄉","120.515","22.415","23"
"11","82630","20221006051000","341","0","屏東縣","佳冬鄉","120.560","22.430","12"
"124","82634","20221006051000","468","0","屏東縣","佳冬鄉","120.560","22.435","120"
"89","82638","20221006051000","52","3","屏東縣","佳冬鄉","120.535","22.425","88"
"208","82649","20221006051000","549","0","屏東縣","佳冬鄉","120.555","22.420","207"
"243","82700","20221006051000","174","2","屏東縣","來義鄉","120.635","22.515","241"
"88","82715","20221006051000","41","3","屏東縣","來義鄉","120.660","22.525","81"
"105","82722","20221006051000","86","2","屏東縣","南州鄉","120.490","22.485","107"
"233","82723","20221006051000","155","3","屏東縣","南州鄉","120.495","22.485","243"
"60","82736","20221006051000","196","0","屏東縣","南州鄉","120.530","22.465","69"
"13","82738","20221006051000","13","1","屏東縣","南州鄉","120.525","22.470","15"
"30","82740","20221006051000","170","0","屏東縣","南州鄉","120.535","22.470","30"
"635","82742","20221006051000","679","0","屏東縣","南州鄉","120.520","22.475","635"
"129","82751","20221006051000","101","2","屏東縣","南州鄉","120.540","22.485","130"
"34","82754","20221006051000","28","2","屏東縣","南州鄉","120.535","22.490","57"
"31","82763","20221006051000","24","2","屏東縣","崁頂鄉","120.520","22.495","21"
"105","82767","20221006051000","62","3","屏東縣","內埔鄉","120.560","22.585","93"
"11","82779","20221006051000","179","0","屏東縣","萬丹鄉","120.495","22.550","18"
"592","82796","20221006051000","424","2","屏東縣","新園鄉","120.460","22.505","569"
"168","82807","20221006051000","295","0","屏東縣","崁頂鄉","120.505","22.540","78"
"39","82821","20221006051000","271","0","屏東縣","崁頂鄉","120.490","22.510","30"
"21","82835","20221006051000","77","0","屏東縣","崁頂鄉","120.520","22.530","18"
"568","82839","20221006051000","638","0","屏東縣","南州鄉","120.510","22.495","573"
"33","82881","20221006051000","143","0","屏東縣","佳冬鄉","120.560","22.445","37"
"131","82883","20221006051000","88","2","屏東縣","佳冬鄉","120.560","22.450","131"
"251","82893","20221006051000","240","1","屏東縣","萬丹鄉","120.495","22.545","245"
"44","82901","20221006051000","41","1","屏東縣","崁頂鄉","120.510","22.510","50"
"50","82906","20221006051000","415","0","屏東縣","崁頂鄉","120.515","22.515","262"
"36","82941","20221006051000","27","2","屏東縣","崁頂鄉","120.490","22.500","45"
"17","82951","20221006051000","27","0","屏東縣","內埔鄉","120.570","22.590","19"
"536","82954","20221006051000","445","2","屏東縣","新園鄉","120.460","22.495","530"
"143","82963","20221006051000","129","1","屏東縣","新園鄉","120.475","22.550","152"
"525","82970","20221006051000","510","1","屏東縣","新園鄉","120.455","22.545","509"
"66","82987","20221006051000","463","0","屏東縣","新園鄉","120.460","22.490","69"
"82","82992","20221006051000","388","0","屏東縣","新園鄉","120.445","22.500","82"
"22","82996","20221006051000","15","2","屏東縣","新園鄉","120.445","22.475","21"
"379","82997","20221006051000","244","3","屏東縣","新園鄉","120.440","22.480","361"
"177","82998","20221006051000","184","0","屏東縣","新園鄉","120.445","22.480","192"
"18","83002","20221006051000","48","0","屏東縣","新園鄉","120.440","22.485","14"
"154","83015","20221006051000","135","1","屏東縣","新埤鄉","120.550","22.505","138"
"517","83024","20221006051000","450","1","屏東縣","潮州鎮","120.530","22.545","560"
"1768","83025","20221006051000","1123","3","屏東縣","潮州鎮","120.535","22.545","1720"
"11","83041","20221006051000","10","1","屏東縣","潮州鎮","120.590","22.540","13"
"159","83047","20221006051000","143","1","屏東縣","潮州鎮","120.555","22.550","153"
"328","83049","20221006051000","243","2","屏東縣","潮州鎮","120.565","22.550","335"
"464","83055","20221006051000","377","2","屏東縣","萬丹鄉","120.470","22.560","474"
"29","83064","20221006051000","204","0","屏東縣","萬巒鄉","120.600","22.590","36"
"187","83080","20221006051000","370","0","屏東縣","東港鎮","120.450","22.465","168"
"352","83093","20221006051000","231","3","屏東縣","萬巒鄉","120.595","22.565","368"
"54","83095","20221006051000","313","0","屏東縣","萬巒鄉","120.605","22.565","54"
"155","83096","20221006051000","102","3","屏東縣","萬巒鄉","120.600","22.570","141"
"220","83142","20221006051000","156","2","屏東縣","新埤鄉","120.625","22.525","219"
"52","83161","20221006051000","416","0","屏東縣","萬巒鄉","120.620","22.545","48"
"402","83162","20221006051000","442","0","屏東縣","泰武鄉","120.625","22.545","419"
"653","83201","20221006051000","511","2","屏東縣","萬巒鄉","120.570","22.570","671"
"286","83206","20221006051000","314","0","屏東縣","萬巒鄉","120.565","22.575","273"
"136","83210","20221006051000","130","1","屏東縣","內埔鄉","120.565","22.580","137"
"12","83216","20221006051000","15","0","屏東縣","萬丹鄉","120.485","22.555","20"
"34","83231","20221006051000","27","2","屏東縣","東港鎮","120.460","22.460","25"
"849","83232","20221006051000","677","2","屏東縣","東港鎮","120.465","22.460","858"
"627","83234","20221006051000","688","0","屏東縣","東港鎮","120.455","22.465","646"
"108","83235","20221006051000","82","2","屏東縣","東港鎮","120.460","22.465","114"
"130","83236","20221006051000","870","0","屏東縣","東港鎮","120.465","22.465","110"
"14","83237","20221006051000","12","1","屏東縣","東港鎮","120.470","22.465","13"
"533","83241","20221006051000","581","0","屏東縣","東港鎮","120.440","22.460","573"
"80","83257","20221006051000","755","0","屏東縣","竹田鄉","120.525","22.575","63"
"184","83258","20221006051000","113","3","屏東縣","潮州鎮","120.530","22.525","190"
"242","83261","20221006051000","202","1","屏東縣","潮州鎮","120.540","22.525","220"
"172","83267","20221006051000","114","3","屏東縣","潮州鎮","120.535","22.535","191"
"290","83269","20221006051000","239","2","屏東縣","潮州鎮","120.535","22.540","303"
"61","83271","20221006051000","82","0","屏東縣","枋寮鄉","120.580","22.410","75"
"84","83278","20221006051000","67","2","屏東縣","枋寮鄉","120.580","22.415","77"
"32","83323","20221006051000","74","0","屏東縣","枋寮鄉","120.620","22.425","29"
"35","83342","20221006051000","40","0","屏東縣","枋寮鄉","120.595","22.435","35"
"28","83378","20221006051000","226","0","屏東縣","萬丹鄉","120.460","22.575","18"
"44","83380","20221006051000","43","1","屏東縣","萬丹鄉","120.470","22.575","44"
"21","83382","20221006051000","16","2","屏東縣","竹田鄉","120.530","22.595","20"
"299","83383","20221006051000","287","1","屏東縣","竹田鄉","120.535","22.595","297"
"19","83404","20221006051000","12","3","屏東縣","林邊鄉","120.505","22.435","20"
"92","83414","20221006051000","42","3","屏東縣","林邊鄉","120.525","22.455","56"
"133","83430","20221006051000","140","0","屏東縣","萬丹鄉","120.485","22.580","132"
"461","83431","20221006051000","409","1","屏東縣","萬丹鄉","120.490","22.580","463"
"68","83433","20221006051000","60","1","屏東縣","萬丹鄉","120.480","22.565","63"
"672","83435","20221006051000","773","0","屏東縣","竹田鄉","120.490","22.565","827"
"123","83437","20221006051000","85","2","屏東縣","萬丹鄉","120.480","22.570","106"
"40","83438","20221006051000","37","1","屏東縣","萬丹鄉","120.490","22.550","35"
"48","83439","20221006051000","51","0","屏東縣","萬丹鄉","120.490","22.555","52"
"832","83442","20221006051000","731","1","屏東縣","潮州鎮","120.545","22.545","849"
"394","83443","20221006051000","299","2","屏東縣","潮州鎮","120.550","22.545","399"
"936","83448","20221006051000","778","2","屏東縣","潮州鎮","120.550","22.555","931"
"520","83455","20221006051000","443","1","屏東縣","潮州鎮","120.560","22.515","501"
"144","83457","20221006051000","121","1","屏東縣","潮州鎮","120.570","22.515","112"
"670","83473","20221006051000","588","1","屏東縣","潮州鎮","120.530","22.560","667"
"333","83483","20221006051000","354","0","屏東縣","萬丹鄉","120.465","22.565","328"
"803","83504","20221006051000","1126","0","屏東縣","潮州鎮","120.540","22.555","782"
"11","83508","20221006051000","126","0","屏東縣","潮州鎮","120.550","22.560","22"
"16","83518","20221006051000","15","1","屏東縣","潮州鎮","120.545","22.550","18"
"572","83525","20221006051000","494","1","屏東縣","潮州鎮","120.530","22.540","563"
"137","83540","20221006051000","106","2","屏東縣","潮州鎮","120.580","22.555","144"
"1034","83567","20221006051000","762","2","屏東縣","萬丹鄉","120.490","22.590","1019"
"12","83574","20221006051000","14","0","屏東縣","潮州鎮","120.550","22.535","11"
"274","83576","20221006051000","226","2","屏東縣","潮州鎮","120.550","22.540","284"
"579","83577","20221006051000","401","2","屏東縣","潮州鎮","120.535","22.550","556"
"38","83578","20221006051000","639","0","屏東縣","潮州鎮","120.535","22.555","39"
"90","83582","20221006051000","58","3","屏東縣","萬丹鄉","120.500","22.595","86"
"494","83585","20221006051000","450","1","屏東縣","萬丹鄉","120.485","22.585","488"
"131","83586","20221006051000","395","0","屏東縣","萬丹鄉","120.490","22.585","128"
"31","83599","20221006051000","310","0","屏東縣","南州鄉","120.505","22.490","23"
"741","83623","20221006051000","421","3","屏東縣","南州鄉","120.510","22.490","740"
"182","83624","20221006051000","133","2","屏東縣","潮州鎮","120.530","22.510","156"
"143","83625","20221006051000","141","1","屏東縣","潮州鎮","120.535","22.510","159"
"439","83646","20221006051000","287","3","屏東縣","潮州鎮","120.530","22.550","431"
"1084","83648","20221006051000","874","2","高雄市","鳳山區","120.325","22.595","1076"
"472","83650","20221006051000","443","1","高雄市","前鎮區","120.320","22.595","514"
"1244","83651","20221006051000","1355","0","高雄市","小港區","120.360","22.565","1182"
"123","83652","20221006051000","104","1","高雄市","小港區(海)","120.335","22.550","120"
"20","83653","20221006051000","239","0","高雄市","小港區","120.335","22.555","16"
"320","83655","20221006051000","295","1","高雄市","小港區","120.340","22.560","317"
"43","83657","20221006051000","59","0","高雄市","小港區","120.370","22.530","41"
"113","83658","20221006051000","126","0","高雄市","小港區","120.365","22.535","109"
"21","83660","20221006051000","126","0","高雄市","小港區","120.370","22.540","17"
"28","83661","20221006051000","22","2","高雄市","小港區","120.375","22.540","39"
"260","83662","20221006051000","141","3","高雄市","小港區","120.370","22.545","255"
"72","83666","20221006051000","47","3","高雄市","小港區","120.375","22.545","60"
"11","83669","20221006051000","125","0","高雄市","小港區","120.375","22.550","18"
"274","83670","20221006051000","84","3","高雄市","小港區","120.370","22.555","256"
"44","83671","20221006051000","741","0","高雄市","小港區","120.365","22.560","42"
"670","83673","20221006051000","693","0","高雄市","小港區","120.375","22.560","685"
"500","83674","20221006051000","1130","0","高雄市","小港區","120.365","22.565","505"
"282","83675","20221006051000","379","0","高雄市","小港區","120.370","22.565","253"
"83","83677","20221006051000","1698","0","高雄市","小港區","120.355","22.570","165"
"717","83684","20221006051000","623","1","高雄市","大寮區","120.380","22.590","709"
"43","83692","20221006051000","542","0","高雄市","大寮區","120.385","22.590","43"
"550","83694","20221006051000","382","2","高雄市","大寮區","120.395","22.590","568"
"35","83701","20221006051000","106","0","高雄市","大寮區","120.420","22.585","24"
"19","83702","20221006051000","308","0","高雄市","大寮區","120.410","22.590","21"
"164","83703","20221006051000","120","2","高雄市","大寮區","120.415","22.590","165"
"927","83704","20221006051000","906","1","高雄市","大寮區","120.420","22.590","953"
"535","83705","20221006051000","446","1","高雄市","大寮區","120.410","22.595","515"
"413","83706","20221006051000","274","3","高雄市","大寮區","120.415","22.595","400"
"20","83712","20221006051000","48","0","高雄市","前鎮區","120.310","22.580","17"
"42","83713","20221006051000","652","0","高雄市","小港區","120.345","22.565","43"
"11","83752","20221006051000","10","1","臺東縣","大武鄉","120.930","22.425","17"
"15","83764","20221006051000","14","1","臺東縣","大武鄉","120.935","22.435","16"
"67","83802","20221006051000","58","1","臺東縣","大武鄉","120.925","22.415","64"
"18","83805","20221006051000","545","0","高雄市","小港區","120.345","22.525","15"
"146","83815","20221006051000","111","2","高雄市","林園區","120.405","22.495","122"
"40","83819","20221006051000","55","0","高雄市","林園區","120.400","22.500","47"
"14","83820","20221006051000","163","0","高雄市","林園區","120.410","22.495","15"
"385","83822","20221006051000","298","2","高雄市","林園區","120.390","22.505","322"
"57","83828","20221006051000","39","2","高雄市","林園區","120.415","22.485","65"
"354","83831","20221006051000","452","0","高雄市","前鎮區","120.315","22.580","354"
"1522","83836","20221006051000","1186","2","高雄市","大寮區","120.405","22.545","1523"
"16","83838","20221006051000","164","0","高雄市","前鎮區","120.300","22.590","17"
"19","83839","20221006051000","192","0","高雄市","前鎮區","120.300","22.585","19"
"175","83840","20221006051000","99","3","高雄市","前鎮區","120.295","22.590","177"
"76","83842","20221006051000","307","0","高雄市","前鎮區","120.305","22.590","71"
"143","83843","20221006051000","88","3","高雄市","前鎮區","120.290","22.595","113"
"202","83844","20221006051000","127","3","高雄市","前鎮區","120.295","22.595","165"
"217","83845","20221006051000","250","0","高雄市","前鎮區","120.310","22.585","217"
"185","83862","20221006051000","161","1","臺東縣","達仁鄉","120.905","22.475","194"
"177","84086","20221006051000","136","2","臺東縣","達仁鄉","120.885","22.455","162"
"308","84511","20221006051000","271","1","臺東縣","金峰鄉","120.960","22.595","285"
"220","85294","20221006051000","177","2","臺東縣","太麻里鄉","120.960","22.530","221"
"506","85296","20221006051000","414","2","高雄市","林園區","120.410","22.480","515"
"13","85297","20221006051000","14","0","高雄市","林園區","120.395","22.490","15"
"422","85301","20221006051000","328","2","高雄市","林園區","120.360","22.505","428"
"506","85302","20221006051000","342","2","高雄市","林園區","120.365","22.505","495"
"324","85305","20221006051000","1019","0","高雄市","小港區","120.335","22.560","320"
"365","85307","20221006051000","338","1","高雄市","鳳山區","120.345","22.585","390"
"550","85308","20221006051000","439","2","高雄市","鳳山區","120.355","22.590","536"
"516","85309","20221006051000","539","0","高雄市","鳳山區","120.360","22.590","549"
"68","85310","20221006051000","410","0","高雄市","鳳山區","120.365","22.590","55"
"1836","85311","20221006051000","1359","2","高雄市","鳳山區","120.355","22.595","1788"
"534","85315","20221006051000","346","3","高雄市","鳳山區","120.360","22.595","530"
"351","85322","20221006051000","509","0","高雄市","小港區","120.350","22.560","333"
"176","85323","20221006051000","698","0","高雄市","小港區","120.355","22.560","209"
"1717","85325","20221006051000","1616","1","高雄市","鳳山區","120.360","22.585","1658"
"65","85327","20221006051000","482","0","高雄市","小港區","120.370","22.570","71"
"109","85328","20221006051000","117","0","高雄市","小港區","120.355","22.565","101"
"408","85329","20221006051000","299","2","高雄市","小港區","120.375","22.570","395"
"31","85331","20221006051000","228","0","高雄市","小港區","120.370","22.575","40"
"770","85332","20221006051000","753","1","高雄市","小港區","120.375","22.575","765"
"65","85337","20221006051000","88","0","高雄市","小港區","120.355","22.540","58"
"96","85340","20221006051000","85","1","高雄市","小港區","120.350","22.540","100"
"251","85343","20221006051000","176","2","高雄市","小港區","120.360","22.540","267"
"31","85345","20221006051000","45","0","高雄市","小港區","120.340","22.545","94"
"241","85347","20221006051000","189","2","高雄市","小港區","120.350","22.545","254"
"41","85353","20221006051000","42","0","高雄市","小港區","120.350","22.550","39"
"82","85354","20221006051000","74","1","高雄市","小港區","120.355","22.550","84"
"164","85355","20221006051000","161","1","高雄市","小港區","120.360","22.550","169"
"33","85356","20221006051000","78","0","高雄市","小港區","120.345","22.555","31"
"234","85359","20221006051000","227","1","高雄市","小港區","120.355","22.555","260"
"277","85360","20221006051000","205","2","高雄市","小港區","120.345","22.560","275"
"88","85367","20221006051000","93","0","高雄市","小港區","120.345","22.530","95"
"52","85368","20221006051000","32","3","高雄市","小港區","120.350","22.530","48"
"143","85370","20221006051000","142","1","高雄市","小港區","120.355","22.530","136"
"303","85371","20221006051000","242","2","高雄市","小港區","120.360","22.530","309"
"166","85372","20221006051000","183","0","高雄市","小港區","120.335","22.535","168"
"117","85374","20221006051000","87","2","高雄市","小港區","120.345","22.535","102"
"73","85377","20221006051000","69","1","高雄市","小港區(海)","120.330","22.540","138"
"53","85382","20221006051000","127","0","高雄市","小港區","120.320","22.545","81"
"914","85384","20221006051000","869","1","高雄市","前鎮區","120.325","22.570","866"
"909","85385","20221006051000","942","0","高雄市","前鎮區","120.325","22.575","875"
"401","85386","20221006051000","1249","0","高雄市","前鎮區","120.315","22.590","369"
"595","85387","20221006051000","306","3","高雄市","前鎮區","120.305","22.595","586"
"512","85389","20221006051000","627","0","高雄市","前鎮區","120.310","22.595","501"
"342","85391","20221006051000","328","1","高雄市","前鎮區","120.315","22.575","383"
"305","85392","20221006051000","197","3","高雄市","前鎮區","120.320","22.575","293"
"832","85393","20221006051000","1491","0","高雄市","前鎮區","120.325","22.580","845"
"1067","85396","20221006051000","571","3","高雄市","前鎮區","120.330","22.585","1103"
"395","85398","20221006051000","531","0","高雄市","鳳山區","120.340","22.585","415"
"170","85400","20221006051000","135","2","臺東縣","太麻里鄉","120.940","22.460","162"
"16","85417","20221006051000","14","1","臺東縣","太麻里鄉","120.950","22.480","12"
"49","85451","20221006051000","53","0","臺東縣","太麻里鄉","120.955","22.510","54"
"194","85475","20221006051000","115","3","臺東縣","太麻里鄉","120.935","22.520","149"
"386","85487","20221006051000","265","2","高雄市","鳳山區","120.325","22.585","387"
"949","85489","20221006051000","483","3","高雄市","鳳山區","120.350","22.590","955"
"854","85490","20221006051000","1100","0","高雄市","鳳山區","120.345","22.595","823"
"536","85491","20221006051000","806","0","高雄市","鳳山區","120.330","22.590","538"
"2237","85492","20221006051000","1840","2","高雄市","鳳山區","120.325","22.590","2306"
"1103","85493","20221006051000","873","2","高雄市","前鎮區","120.320","22.585","1104"
"580","85496","20221006051000","472","2","高雄市","前鎮區","120.330","22.580","559"
"488","85517","20221006051000","421","1","高雄市","大寮區","120.410","22.560","484"
"301","85519","20221006051000","206","2","高雄市","大寮區","120.420","22.560","287"
"370","85533","20221006051000","298","2","高雄市","大寮區","120.405","22.580","372"
"1428","85535","20221006051000","1128","2","高雄市","鳳山區","120.335","22.595","1274"
"135","85536","20221006051000","412","0","高雄市","小港區","120.360","22.570","115"
"760","85537","20221006051000","640","1","高雄市","林園區","120.385","22.490","750"
"488","85543","20221006051000","440","1","高雄市","鳳山區","120.330","22.595","492"
"253","85544","20221006051000","243","1","高雄市","小港區","120.355","22.515","232"
"95","85546","20221006051000","90","1","高雄市","小港區","120.360","22.525","89"
"345","85559","20221006051000","374","0","臺東縣","太麻里鄉","120.965","22.530","343"
"20","85590","20221006051000","16","2","臺東縣","太麻里鄉","120.965","22.545","15"
"12","85591","20221006051000","17","0","臺東縣","太麻里鄉","120.970","22.545","10"
"267","85656","20221006051000","100","3","臺東縣","太麻里鄉","120.990","22.575","289"
"35","85660","20221006051000","82","0","臺東縣","太麻里鄉","120.990","22.580","47"
"735","85678","20221006051000","631","1","高雄市","鳳山區","120.350","22.595","692"
"252","85680","20221006051000","317","0","高雄市","鳳山區","120.340","22.595","233"
"565","85681","20221006051000","436","2","高雄市","林園區","120.375","22.500","557"
"1150","85683","20221006051000","1029","1","高雄市","林園區","120.385","22.500","1208"
"119","85684","20221006051000","432","0","高雄市","林園區","120.395","22.485","115"
"252","85685","20221006051000","249","1","高雄市","林園區","120.375","22.505","235"
"240","85689","20221006051000","1059","0","高雄市","前鎮區","120.310","22.590","228"
"659","85700","20221006051000","646","1","高雄市","小港區","120.340","22.565","642"
"310","85708","20221006051000","295","1","高雄市","小港區","120.380","22.545","300"
"59","85713","20221006051000","111","0","高雄市","小港區","120.390","22.545","61"
"401","85719","20221006051000","470","0","高雄市","小港區","120.385","22.555","416"
"493","85721","20221006051000","522","0","高雄市","小港區","120.390","22.560","494"
"185","85723","20221006051000","200","0","高雄市","小港區","120.380","22.555","177"
"340","85724","20221006051000","268","2","高雄市","小港區","120.380","22.560","349"
"191","85725","20221006051000","92","3","高雄市","小港區","120.385","22.560","194"
"147","85726","20221006051000","146","1","高雄市","小港區","120.380","22.565","131"
"493","85728","20221006051000","332","2","高雄市","大寮區","120.400","22.590","474"
"49","85729","20221006051000","49","1","高雄市","大寮區","120.390","22.595","32"
"48","85731","20221006051000","35","2","高雄市","大寮區","120.415","22.535","46"
"84","85751","20221006051000","80","1","高雄市","大寮區","120.425","22.555","81"
"225","85754","20221006051000","159","2","高雄市","大寮區","120.425","22.560","238"
"1173","85755","20221006051000","798","2","高雄市","前鎮區","120.315","22.585","1182"
"256","85756","20221006051000","210","2","高雄市","前鎮區","120.305","22.585","272"
"147","85758","20221006051000","303","0","高雄市","小港區","120.345","22.570","183"
"60","85759","20221006051000","1280","0","高雄市","小港區","120.350","22.570","61"
"31","85764","20221006051000","320","0","高雄市","小港區","120.350","22.575","27"
"306","85768","20221006051000","314","0","高雄市","小港區","120.350","22.580","328"
"594","85770","20221006051000","988","0","高雄市","鳳山區","120.350","22.585","607"
"2175","85771","20221006051000","2216","0","高雄市","鳳山區","120.355","22.585","2067"
"1539","85772","20221006051000","1481","1","高雄市","小港區","120.350","22.565","1566"
"12","85776","20221006051000","25","0","高雄市","小港區","120.325","22.565","12"
"775","85777","20221006051000","667","1","高雄市","小港區","120.330","22.565","765"
"590","85778","20221006051000","475","2","高雄市","前鎮區","120.330","22.570","593"
"867","85779","20221006051000","906","0","高雄市","小港區","120.335","22.570","875"
"325","85780","20221006051000","212","3","高雄市","小港區","120.335","22.565","325"
"635","85790","20221006051000","548","1","高雄市","鳳山區","120.340","22.590","602"
"352","85791","20221006051000","326","1","高雄市","鳳山區","120.345","22.590","357"
"1476","85793","20221006051000","1195","2","高雄市","鳳山區","120.335","22.590","1483"
"461","85794","20221006051000","309","2","高雄市","前鎮區","120.335","22.585","462"
"78","85806","20221006051000","111","0","高雄市","小港區(海)","120.330","22.550","47"
"123","85816","20221006051000","98","2","高雄市","小港區(海)","120.315","22.550","87"
"86","85817","20221006051000","90","0","高雄市","旗津區","120.310","22.555","95"
"24","85821","20221006051000","48","0","高雄市","旗津區(海)","120.300","22.575","31"
"17","85823","20221006051000","40","0","高雄市","前鎮區(海)","120.295","22.585","18"
"131","85826","20221006051000","234","0","高雄市","旗津區(海)","120.295","22.580","129"
"213","85827","20221006051000","126","3","高雄市","旗津區","120.290","22.585","209"
"33","85829","20221006051000","89","0","高雄市","大寮區","120.430","22.560","31"
"23","85834","20221006051000","69","0","高雄市","大寮區","120.430","22.565","25"
"189","85835","20221006051000","147","2","高雄市","大寮區","120.435","22.565","190"
"100","85837","20221006051000","86","1","高雄市","大寮區","120.420","22.570","108"
"431","85839","20221006051000","366","1","高雄市","大寮區","120.430","22.570","434"
"20","85845","20221006051000","20","1","高雄市","大寮區","120.435","22.580","17"
"53","85858","20221006051000","60","0","高雄市","大寮區","120.410","22.575","51"
"298","85859","20221006051000","241","2","高雄市","大寮區","120.415","22.575","282"
"161","85864","20221006051000","206","0","高雄市","大寮區","120.420","22.580","162"
"228","85865","20221006051000","201","1","高雄市","大寮區","120.425","22.580","238"
"18","85866","20221006051000","240","0","高雄市","大寮區","120.430","22.580","17"
"55","85867","20221006051000","64","0","高雄市","大寮區","120.425","22.585","59"
"21","85869","20221006051000","27","0","高雄市","大寮區","120.435","22.585","18"
"12","85872","20221006051000","125","0","高雄市","大寮區","120.425","22.590","11"
"114","85873","20221006051000","132","0","高雄市","大寮區","120.430","22.590","113"
"22","85880","20221006051000","346","0","高雄市","大寮區","120.400","22.595","21"
"602","85881","20221006051000","487","2","高雄市","大寮區","120.405","22.595","584"
"208","85887","20221006051000","338","0","高雄市","前鎮區","120.320","22.570","200"
"58","85888","20221006051000","85","0","高雄市","前鎮區(海)","120.305","22.575","81"
"175","85894","20221006051000","468","0","高雄市","小港區","120.365","22.585","173"
"789","85896","20221006051000","733","1","高雄市","前鎮區","120.320","22.590","794"
"294","85897","20221006051000","289","1","高雄市","林園區","120.395","22.505","302"
"1472","85898","20221006051000","1022","2","高雄市","林園區","120.395","22.510","1452"
"242","85910","20221006051000","198","2","高雄市","林園區","120.405","22.500","238"
"63","85911","20221006051000","92","0","高雄市","林園區","120.410","22.500","75"
"346","85915","20221006051000","329","1","高雄市","林園區","120.405","22.505","331"
"48","85916","20221006051000","37","2","高雄市","林園區","120.410","22.505","45"
"205","85920","20221006051000","195","1","高雄市","林園區","120.405","22.510","200"
"410","85929","20221006051000","305","2","高雄市","林園區","120.405","22.520","399"
"242","85936","20221006051000","223","1","高雄市","林園區","120.390","22.525","251"
"135","85937","20221006051000","206","0","高雄市","林園區","120.395","22.525","137"
"18","85945","20221006051000","114","0","高雄市","前鎮區","120.300","22.595","11"
"1080","85946","20221006051000","679","3","高雄市","前鎮區","120.325","22.600","1010"
"98","85948","20221006051000","464","0","高雄市","林園區","120.390","22.510","98"
"12","85949","20221006051000","15","0","高雄市","林園區","120.390","22.515","14"
"216","85950","20221006051000","183","1","高雄市","林園區","120.400","22.480","208"
"81","85953","20221006051000","68","1","高雄市","旗津區","120.310","22.560","121"
"44","85954","20221006051000","48","0","高雄市","旗津區","120.305","22.565","49"
"337","85955","20221006051000","318","1","高雄市","旗津區","120.300","22.570","328"
"38","85960","20221006051000","310","0","高雄市","林園區","120.395","22.530","44"
"229","85961","20221006051000","232","0","高雄市","林園區","120.400","22.530","230"
"20","85963","20221006051000","18","1","高雄市","林園區","120.385","22.505","20"
"43","85971","20221006051000","319","0","高雄市","旗津區","120.280","22.595","43"
"185","85972","20221006051000","125","2","高雄市","旗津區","120.285","22.585","157"
"111","85975","20221006051000","118","0","高雄市","旗津區","120.285","22.590","130"
"537","85978","20221006051000","417","2","高雄市","林園區","120.390","22.500","484"
"57","85982","20221006051000","816","0","高雄市","林園區","120.380","22.500","60"
"67","85983","20221006051000","664","0","高雄市","林園區","120.395","22.500","66"
"52","85988","20221006051000","156","0","高雄市","林園區","120.395","22.535","49"
"344","85989","20221006051000","232","2","高雄市","林園區","120.400","22.535","340"
"40","88407","20221006051000","103","0","高雄市","鼓山區","120.260","22.625","46"
"17","90458","20221006051000","13","2","臺東縣","綠島鄉","121.470","22.645","23"
"186","93129","20221006051000","115","3","臺東縣","綠島鄉","121.485","22.680","205"
"309","94971","20221006051000","211","2","高雄市","左營區","120.275","22.700","387"
"32","97490","20221006051000","625","0","屏東縣","屏東市","120.480","22.650","37"
"361","97491","20221006051000","318","1","屏東縣","屏東市","120.485","22.650","347"
"378","97497","20221006051000","453","0","屏東縣","屏東市","120.485","22.645","382"
"22","97500","20221006051000","16","2","屏東縣","屏東市","120.500","22.660","19"
"317","97501","20221006051000","298","1","屏東縣","屏東市","120.500","22.665","319"
"27","97502","20221006051000","292","0","屏東縣","九如鄉","120.490","22.730","26"
"1022","97503","20221006051000","864","1","屏東縣","九如鄉","120.490","22.735","1011"
"280","97504","20221006051000","198","2","屏東縣","九如鄉","120.490","22.710","305"
"19","97506","20221006051000","33","0","屏東縣","九如鄉","120.490","22.715","26"
"33","97516","20221006051000","368","0","屏東縣","九如鄉","120.500","22.735","30"
"458","97519","20221006051000","383","1","屏東縣","屏東市","120.475","22.655","465"
"279","97520","20221006051000","190","2","屏東縣","屏東市","120.480","22.655","298"
"21","97528","20221006051000","30","0","屏東縣","屏東市","120.455","22.635","19"
"20","97529","20221006051000","18","1","屏東縣","屏東市","120.460","22.635","16"
"42","97542","20221006051000","39","1","屏東縣","屏東市","120.495","22.625","50"
"539","97544","20221006051000","448","2","屏東縣","屏東市","120.505","22.625","519"
"1810","97550","20221006051000","1680","1","屏東縣","長治鄉","120.510","22.680","1785"
"629","97552","20221006051000","440","2","屏東縣","屏東市","120.485","22.670","626"
"69","97565","20221006051000","64","1","屏東縣","內埔鄉","120.570","22.650","69"
"14","97566","20221006051000","122","0","屏東縣","內埔鄉","120.575","22.650","10"
"17","97567","20221006051000","27","0","屏東縣","內埔鄉","120.560","22.655","16"
"371","97588","20221006051000","287","2","屏東縣","屏東市","120.505","22.690","382"
"1318","97589","20221006051000","1483","0","屏東縣","屏東市","120.495","22.685","1327"
"16","97597","20221006051000","254","0","屏東縣","屏東市","120.510","22.700","18"
"57","97598","20221006051000","68","0","屏東縣","屏東市","120.495","22.705","54"
"177","97600","20221006051000","71","3","屏東縣","屏東市","120.505","22.705","186"
"1130","97606","20221006051000","998","1","屏東縣","屏東市","120.475","22.660","1104"
"134","97607","20221006051000","351","0","屏東縣","屏東市","120.480","22.660","126"
"2248","97613","20221006051000","1569","2","屏東縣","屏東市","120.475","22.690","2203"
"94","97614","20221006051000","161","0","屏東縣","屏東市","120.470","22.690","117"
"29","97625","20221006051000","43","0","屏東縣","屏東市","120.485","22.700","26"
"308","97627","20221006051000","207","2","屏東縣","屏東市","120.480","22.670","310"
"300","97628","20221006051000","277","1","屏東縣","屏東市","120.495","22.670","283"
"403","97638","20221006051000","314","2","屏東縣","竹田鄉","120.525","22.605","377"
"707","97642","20221006051000","657","1","屏東縣","屏東市","120.495","22.665","725"
"435","97643","20221006051000","492","0","屏東縣","屏東市","120.480","22.640","435"
"467","97654","20221006051000","336","2","屏東縣","鹽埔鄉","120.605","22.725","481"
"16","97655","20221006051000","15","1","屏東縣","屏東市","120.500","22.650","13"
"42","97656","20221006051000","36","1","屏東縣","屏東市","120.505","22.650","46"
"520","97657","20221006051000","343","3","屏東縣","屏東市","120.480","22.675","506"
"1584","97658","20221006051000","1011","3","屏東縣","屏東市","120.490","22.655","1554"
"491","97660","20221006051000","324","3","屏東縣","屏東市","120.490","22.660","482"
"72","97661","20221006051000","68","1","屏東縣","屏東市","120.495","22.660","61"
"171","97663","20221006051000","70","3","屏東縣","屏東市","120.460","22.665","141"
"41","97701","20221006051000","542","0","屏東縣","鹽埔鄉","120.540","22.730","38"
"31","97715","20221006051000","351","0","屏東縣","鹽埔鄉","120.555","22.735","29"
"10","97743","20221006051000","20","0","屏東縣","長治鄉","120.525","22.690","10"
"65","97744","20221006051000","300","0","屏東縣","長治鄉","120.530","22.690","75"
"26","97746","20221006051000","30","0","屏東縣","長治鄉","120.530","22.695","32"
"351","97754","20221006051000","310","1","屏東縣","屏東市","120.490","22.675","352"
"239","97761","20221006051000","811","0","屏東縣","屏東市","120.470","22.655","234"
"25","97765","20221006051000","30","0","屏東縣","屏東市","120.510","22.645","29"
"873","97771","20221006051000","826","1","屏東縣","屏東市","120.495","22.680","868"
"835","97772","20221006051000","401","3","屏東縣","屏東市","120.495","22.675","824"
"153","97773","20221006051000","326","0","屏東縣","屏東市","120.500","22.685","147"
"1523","97774","20221006051000","1290","1","屏東縣","屏東市","120.505","22.685","1491"
"945","97775","20221006051000","716","2","屏東縣","屏東市","120.510","22.685","936"
"704","97777","20221006051000","544","2","屏東縣","屏東市","120.500","22.675","671"
"180","97783","20221006051000","101","3","屏東縣","內埔鄉","120.600","22.650","191"
"427","97786","20221006051000","799","0","屏東縣","內埔鄉","120.615","22.650","446"
"102","97791","20221006051000","648","0","屏東縣","內埔鄉","120.600","22.660","123"
"268","97800","20221006051000","188","2","屏東縣","麟洛鄉","120.535","22.650","243"
"119","97814","20221006051000","108","1","屏東縣","麟洛鄉","120.550","22.660","113"
"75","97818","20221006051000","79","0","屏東縣","麟洛鄉","120.535","22.665","80"
"28","97823","20221006051000","29","0","屏東縣","麟洛鄉","120.515","22.640","32"
"322","97842","20221006051000","248","2","屏東縣","麟洛鄉","120.520","22.645","331"
"19","97844","20221006051000","17","1","屏東縣","屏東市","120.515","22.650","16"
"23","97849","20221006051000","525","0","屏東縣","麟洛鄉","120.525","22.650","25"
"77","97851","20221006051000","499","0","屏東縣","麟洛鄉","120.520","22.655","73"
"39","97914","20221006051000","346","0","屏東縣","萬丹鄉","120.460","22.595","44"
"729","97916","20221006051000","616","1","屏東縣","屏東市","120.490","22.680","704"
"762","97917","20221006051000","665","1","屏東縣","屏東市","120.490","22.685","746"
"1210","97918","20221006051000","740","3","屏東縣","屏東市","120.490","22.690","1225"
"643","97919","20221006051000","645","0","屏東縣","屏東市","120.505","22.670","644"
"1636","97920","20221006051000","1549","1","屏東縣","長治鄉","120.510","22.670","1638"
"129","97925","20221006051000","359","0","屏東縣","長治鄉","120.545","22.690","122"
"377","97947","20221006051000","327","1","屏東縣","屏東市","120.475","22.680","371"
"130","97948","20221006051000","278","0","屏東縣","屏東市","120.480","22.680","104"
"96","97953","20221006051000","183","0","屏東縣","屏東市","120.465","22.685","107"
"292","97954","20221006051000","262","1","屏東縣","屏東市","120.470","22.685","278"
"197","97955","20221006051000","404","0","屏東縣","屏東市","120.475","22.685","193"
"940","97964","20221006051000","880","1","屏東縣","屏東市","120.510","22.655","945"
"405","97965","20221006051000","485","0","屏東縣","屏東市","120.505","22.660","406"
"279","97967","20221006051000","564","0","屏東縣","屏東市","120.515","22.660","278"
"768","97969","20221006051000","785","0","屏東縣","屏東市","120.505","22.665","776"
"32","97974","20221006051000","942","0","屏東縣","屏東市","120.505","22.675","27"
"419","97978","20221006051000","378","1","屏東縣","屏東市","120.475","22.670","399"
"351","97985","20221006051000","241","2","屏東縣","萬丹鄉","120.490","22.610","361"
"37","97991","20221006051000","199","0","屏東縣","萬丹鄉","120.490","22.620","36"
"15","98173","20221006051000","131","0","屏東縣","泰武鄉","120.640","22.625","29"
"100","98233","20221006051000","504","0","屏東縣","萬丹鄉","120.470","22.620","97"
"172","98245","20221006051000","144","1","屏東縣","萬丹鄉","120.470","22.610","170"
"26","98249","20221006051000","149","0","屏東縣","內埔鄉","120.600","22.675","25"
"177","98252","20221006051000","95","3","屏東縣","內埔鄉","120.585","22.640","178"
"51","98255","20221006051000","725","0","屏東縣","內埔鄉","120.590","22.645","55"
"292","98266","20221006051000","171","3","屏東縣","瑪家鄉","120.650","22.700","290"
"326","98270","20221006051000","305","1","屏東縣","內埔鄉","120.645","22.705","315"
"987","98276","20221006051000","725","2","屏東縣","內埔鄉","120.565","22.635","969"
"238","98277","20221006051000","192","2","屏東縣","內埔鄉","120.545","22.640","231"
"540","98281","20221006051000","445","2","屏東縣","麟洛鄉","120.540","22.645","526"
"358","98298","20221006051000","474","0","屏東縣","內埔鄉","120.555","22.600","339"
"1006","98309","20221006051000","794","2","屏東縣","內埔鄉","120.595","22.630","985"
"462","98311","20221006051000","247","3","屏東縣","內埔鄉","120.590","22.635","444"
"70","98316","20221006051000","546","0","屏東縣","內埔鄉","120.600","22.640","77"
"132","98328","20221006051000","86","3","屏東縣","瑪家鄉","120.630","22.650","141"
"12","98341","20221006051000","312","0","屏東縣","內埔鄉","120.580","22.620","10"
"11","98344","20221006051000","10","1","屏東縣","竹田鄉","120.535","22.625","14"
"32","98346","20221006051000","26","2","屏東縣","內埔鄉","120.545","22.630","41"
"45","98348","20221006051000","278","0","屏東縣","內埔鄉","120.540","22.635","49"
"321","98362","20221006051000","214","3","屏東縣","內埔鄉","120.640","22.695","330"
"65","98378","20221006051000","336","0","屏東縣","長治鄉","120.550","22.680","72"
"29","98380","20221006051000","25","1","屏東縣","長治鄉","120.540","22.685","31"
"162","98392","20221006051000","446","0","屏東縣","長治鄉","120.550","22.695","151"
"35","98396","20221006051000","29","2","屏東縣","長治鄉","120.535","22.705","38"
"466","98405","20221006051000","410","1","屏東縣","長治鄉","120.535","22.710","470"
"161","98407","20221006051000","142","1","屏東縣","長治鄉","120.545","22.710","170"
"49","98408","20221006051000","255","0","屏東縣","長治鄉","120.525","22.715","42"
"17","98410","20221006051000","118","0","屏東縣","長治鄉","120.535","22.715","19"
"73","98418","20221006051000","375","0","屏東縣","萬丹鄉","120.470","22.615","65"
"67","98422","20221006051000","120","0","屏東縣","萬丹鄉","120.520","22.595","61"
"197","98443","20221006051000","198","0","屏東縣","屏東市","120.495","22.640","179"
"400","98446","20221006051000","358","1","屏東縣","屏東市","120.490","22.645","387"
"217","98453","20221006051000","156","2","屏東縣","屏東市","120.485","22.625","225"
"428","98457","20221006051000","478","0","屏東縣","屏東市","120.480","22.635","431"
"27","98458","20221006051000","26","1","屏東縣","屏東市","120.485","22.635","23"
"229","98459","20221006051000","219","1","屏東縣","屏東市","120.490","22.635","249"
"21","98460","20221006051000","305","0","屏東縣","屏東市","120.485","22.640","19"
"53","98462","20221006051000","467","0","屏東縣","內埔鄉","120.565","22.610","44"
"24","98463","20221006051000","20","2","屏東縣","內埔鄉","120.570","22.610","25"
"969","98464","20221006051000","899","1","屏東縣","內埔鄉","120.570","22.615","923"
"564","98467","20221006051000","610","0","屏東縣","內埔鄉","120.560","22.605","584"
"21","98471","20221006051000","306","0","屏東縣","內埔鄉","120.560","22.600","18"
"287","98472","20221006051000","355","0","屏東縣","內埔鄉","120.565","22.600","285"
"30","98486","20221006051000","189","0","屏東縣","內埔鄉","120.595","22.675","32"
"857","98496","20221006051000","920","0","屏東縣","屏東市","120.485","22.685","832"
"1163","98497","20221006051000","574","3","屏東縣","屏東市","120.480","22.690","1145"
"721","98498","20221006051000","811","0","屏東縣","屏東市","120.485","22.690","703"
"738","98502","20221006051000","728","1","屏東縣","內埔鄉","120.545","22.625","749"
"17","98511","20221006051000","11","3","屏東縣","內埔鄉","120.570","22.640","16"
"886","98532","20221006051000","665","2","屏東縣","內埔鄉","120.560","22.620","850"
"558","98533","20221006051000","499","1","屏東縣","內埔鄉","120.565","22.620","560"
"30","98544","20221006051000","280","0","屏東縣","內埔鄉","120.600","22.690","27"
"316","98558","20221006051000","333","0","屏東縣","內埔鄉","120.610","22.700","319"
"18","98563","20221006051000","13","2","屏東縣","內埔鄉","120.600","22.665","16"
"372","98589","20221006051000","354","1","屏東縣","屏東市","120.505","22.695","378"
"164","98591","20221006051000","158","1","屏東縣","屏東市","120.445","22.640","173"
"337","98594","20221006051000","332","1","屏東縣","屏東市","120.460","22.640","325"
"13","98596","20221006051000","47","0","屏東縣","屏東市","120.445","22.645","11"
"92","98598","20221006051000","70","2","屏東縣","屏東市","120.455","22.645","95"
"318","98607","20221006051000","254","2","屏東縣","屏東市","120.465","22.650","305"
"10","98616","20221006051000","14","0","屏東縣","屏東市","120.445","22.660","14"
"186","98633","20221006051000","174","1","屏東縣","三地門鄉","120.640","22.715","201"
"396","98636","20221006051000","395","1","屏東縣","三地門鄉","120.655","22.715","410"
"82","98648","20221006051000","54","3","屏東縣","三地門鄉","120.670","22.720","85"
"271","98723","20221006051000","245","1","屏東縣","屏東市","120.495","22.690","272"
"638","98724","20221006051000","409","3","屏東縣","屏東市","120.500","22.690","653"
"786","98725","20221006051000","727","1","屏東縣","屏東市","120.480","22.665","815"
"436","98726","20221006051000","321","2","屏東縣","屏東市","120.495","22.695","436"
"254","98729","20221006051000","224","1","屏東縣","屏東市","120.500","22.695","249"
"763","98734","20221006051000","382","3","屏東縣","屏東市","120.490","22.670","767"
"78","98776","20221006051000","48","3","屏東縣","萬巒鄉","120.625","22.630","77"
"66","98782","20221006051000","43","3","屏東縣","萬巒鄉","120.625","22.640","73"
"47","98803","20221006051000","59","0","屏東縣","萬巒鄉","120.615","22.605","43"
"463","98804","20221006051000","311","2","屏東縣","萬巒鄉","120.620","22.605","490"
"72","98822","20221006051000","54","2","屏東縣","長治鄉","120.535","22.670","69"
"1226","98826","20221006051000","907","2","屏東縣","長治鄉","120.525","22.675","1223"
"237","98837","20221006051000","222","1","屏東縣","長治鄉","120.515","22.685","226"
"24","98842","20221006051000","1011","0","屏東縣","長治鄉","120.510","22.665","20"
"435","98843","20221006051000","419","1","屏東縣","長治鄉","120.515","22.665","429"
"28","98844","20221006051000","33","0","屏東縣","長治鄉","120.520","22.665","21"
"17","98884","20221006051000","23","0","屏東縣","瑪家鄉","120.705","22.675","17"
"190","98968","20221006051000","133","2","屏東縣","瑪家鄉","120.670","22.675","203"
"29","99003","20221006051000","29","1","屏東縣","瑪家鄉","120.655","22.705","22"
"98","99078","20221006051000","123","0","屏東縣","瑪家鄉","120.640","22.685","139"
"186","99099","20221006051000","162","1","屏東縣","竹田鄉","120.535","22.640","195"
"13","99104","20221006051000","18","0","屏東縣","竹田鄉","120.545","22.600","16"
"238","99110","20221006051000","217","1","屏東縣","竹田鄉","120.520","22.615","234"
"11","99116","20221006051000","296","0","屏東縣","竹田鄉","120.525","22.620","15"
"53","99293","20221006051000","448","0","屏東縣","萬丹鄉","120.465","22.605","54"
"291","99294","20221006051000","212","2","屏東縣","萬丹鄉","120.470","22.605","272"
"48","99299","20221006051000","621","0","屏東縣","萬丹鄉","120.495","22.595","42"
"497","99310","20221006051000","504","0","屏東縣","長治鄉","120.520","22.680","521"
"43","99313","20221006051000","107","0","屏東縣","長治鄉","120.525","22.685","51"
"19","99317","20221006051000","269","0","屏東縣","長治鄉","120.565","22.670","16"
"682","99340","20221006051000","359","3","屏東縣","長治鄉","120.590","22.695","654"
"337","99352","20221006051000","515","0","屏東縣","長治鄉","120.575","22.705","338"
"90","99358","20221006051000","57","3","屏東縣","長治鄉","120.580","22.710","98"
"32","99371","20221006051000","23","2","屏東縣","鹽埔鄉","120.580","22.720","35"
"105","99390","20221006051000","81","2","屏東縣","長治鄉","120.570","22.700","94"
"11","99551","20221006051000","18","0","屏東縣","霧台鄉","120.755","22.730","11"
"12","99607","20221006051000","14","0","屏東縣","高樹鄉","120.630","22.735","13"
"54","99617","20221006051000","36","3","屏東縣","萬丹鄉","120.450","22.620","67"
"16","99627","20221006051000","305","0","屏東縣","萬丹鄉","120.465","22.625","19"
"24","99670","20221006051000","136","0","屏東縣","九如鄉","120.485","22.735","25"
"839","99671","20221006051000","842","0","屏東縣","屏東市","120.490","22.665","810"
"10","99680","20221006051000","133","0","屏東縣","九如鄉","120.480","22.710","10"
"316","99690","20221006051000","203","3","屏東縣","九如鄉","120.520","22.710","322"
"11","99705","20221006051000","106","0","屏東縣","九如鄉","120.505","22.725","14"
"239","99716","20221006051000","195","2","臺東縣","綠島鄉","121.470","22.670","300"
"353","99719","20221006051000","255","2","臺東縣","綠島鄉","121.470","22.675","323"
"35","99724","20221006051000","10","3","臺東縣","綠島鄉","121.495","22.640","17"
"80","99732","20221006051000","69","1","臺東縣","綠島鄉","121.500","22.645","78"
"20","99739","20221006051000","24","0","臺東縣","綠島鄉","121.505","22.655","68"
"284","99759","20221006051000","141","3","臺東縣","綠島鄉","121.490","22.675","261"
"23","99760","20221006051000","24","0","臺東縣","綠島鄉","121.495","22.675","29"
"57","99762","20221006051000","50","1","臺東縣","綠島鄉","121.505","22.675","34"
"64","99767","20221006051000","53","2","臺東縣","綠島鄉","121.475","22.650","61"
"82","99769","20221006051000","85","0","臺東縣","綠島鄉","121.485","22.650","132"
"157","99774","20221006051000","178","0","臺東縣","綠島鄉","121.475","22.660","184"
"168","99777","20221006051000","153","1","臺東縣","綠島鄉","121.470","22.665","229"
"603","99779","20221006051000","496","2","臺東縣","綠島鄉","121.465","22.670","674"
"500","99780","20221006051000","340","2","高雄市","楠梓區","120.295","22.715","520"
"196","99782","20221006051000","163","2","高雄市","楠梓區","120.305","22.710","196"
"865","99783","20221006051000","636","2","高雄市","楠梓區","120.300","22.715","841"
"563","99784","20221006051000","442","2","高雄市","楠梓區","120.305","22.715","487"
"101","99785","20221006051000","379","0","高雄市","楠梓區","120.310","22.715","79"
"355","99787","20221006051000","417","0","高雄市","前金區","120.290","22.625","359"
"1056","99788","20221006051000","947","1","高雄市","前金區","120.300","22.620","1076"
"495","99792","20221006051000","529","0","臺東縣","臺東市","121.050","22.705","459"
"402","99796","20221006051000","387","1","臺東縣","臺東市","121.040","22.705","361"
"781","99800","20221006051000","536","2","臺東縣","臺東市","121.045","22.710","873"
"19","99817","20221006051000","241","0","臺東縣","臺東市","121.060","22.710","19"
"720","99819","20221006051000","626","1","臺東縣","臺東市","121.070","22.710","650"
"121","99837","20221006051000","110","1","臺東縣","臺東市","121.070","22.720","117"
"42","99854","20221006051000","66","0","臺東縣","臺東市","121.085","22.730","35"
"56","99856","20221006051000","47","1","高雄市","大寮區","120.415","22.620","67"
"51","99859","20221006051000","34","3","高雄市","大寮區","120.430","22.620","53"
"235","99862","20221006051000","249","0","高雄市","大寮區","120.425","22.625","259"
"1151","99875","20221006051000","1646","0","高雄市","鳥松區","120.335","22.655","1170"
"543","99876","20221006051000","756","0","高雄市","前鎮區","120.315","22.595","508"
"1096","99877","20221006051000","911","2","高雄市","三民區","120.320","22.670","1065"
"299","99885","20221006051000","285","1","臺東縣","臺東市","121.055","22.725","259"
"893","99892","20221006051000","811","1","高雄市","前鎮區","120.305","22.605","842"
"1540","99893","20221006051000","1070","2","高雄市","前鎮區","120.315","22.615","1506"
"1378","99894","20221006051000","1129","2","高雄市","前鎮區","120.305","22.600","1388"
"1578","99895","20221006051000","1738","0","高雄市","前鎮區","120.330","22.610","1598"
"18","99897","20221006051000","50","0","高雄市","仁武區","120.330","22.705","21"
"683","99898","20221006051000","571","1","高雄市","仁武區","120.335","22.705","672"
"402","99899","20221006051000","336","1","高雄市","仁武區","120.330","22.710","395"
"316","99900","20221006051000","220","2","高雄市","仁武區","120.335","22.710","315"
"14","99901","20221006051000","10","2","高雄市","仁武區","120.330","22.715","13"
"245","99902","20221006051000","208","1","高雄市","楠梓區","120.330","22.720","226"
"26","99903","20221006051000","12","3","高雄市","三民區","120.290","22.640","19"
"35","99905","20221006051000","750","0","高雄市","仁武區","120.355","22.680","35"
"264","99906","20221006051000","1389","0","高雄市","仁武區","120.355","22.685","265"
"668","99908","20221006051000","738","0","高雄市","仁武區","120.345","22.685","681"
"103","99912","20221006051000","84","2","高雄市","仁武區","120.365","22.690","98"
"16","99913","20221006051000","13","2","高雄市","仁武區","120.370","22.690","16"
"175","99914","20221006051000","160","1","高雄市","仁武區","120.375","22.690","169"
"119","99919","20221006051000","97","2","高雄市","仁武區","120.375","22.695","109"
"386","99924","20221006051000","377","1","高雄市","仁武區","120.365","22.700","370"
"139","99927","20221006051000","115","2","高雄市","仁武區","120.380","22.700","140"
"314","99930","20221006051000","216","2","高雄市","仁武區","120.395","22.700","325"
"2096","99933","20221006051000","1965","1","高雄市","鹽埕區","120.285","22.630","2089"
"1663","99935","20221006051000","1633","1","高雄市","楠梓區","120.325","22.725","1723"
"51","99936","20221006051000","289","0","高雄市","楠梓區","120.315","22.735","60"
"983","99937","20221006051000","831","1","高雄市","楠梓區","120.320","22.730","997"
"1498","99940","20221006051000","1369","1","高雄市","楠梓區","120.300","22.710","1536"
"1810","99941","20221006051000","1675","1","高雄市","三民區","120.320","22.650","1766"
"2156","99942","20221006051000","2011","1","高雄市","前金區","120.295","22.630","2119"
"598","99943","20221006051000","649","0","高雄市","三民區","120.290","22.645","633"
"57","99944","20221006051000","763","0","高雄市","鳳山區","120.375","22.635","49"
"2167","99945","20221006051000","1460","2","高雄市","鳳山區","120.365","22.625","2220"
"751","99946","20221006051000","615","2","高雄市","鳳山區","120.370","22.625","726"
"41","99951","20221006051000","199","0","高雄市","大樹區","120.420","22.695","44"
"17","99964","20221006051000","14","2","高雄市","大樹區","120.410","22.690","10"
"68","99973","20221006051000","53","2","高雄市","大樹區","120.400","22.700","63"
"113","99976","20221006051000","128","0","高雄市","大社區","120.340","22.725","116"
"263","99979","20221006051000","409","0","高雄市","大社區","120.345","22.725","257"
"22","99983","20221006051000","435","0","高雄市","左營區","120.300","22.685","28"
"18","99984","20221006051000","452","0","高雄市","左營區","120.305","22.690","16"
"1483","99985","20221006051000","1170","2","高雄市","左營區","120.310","22.685","1485"
"1278","99987","20221006051000","719","3","高雄市","左營區","120.315","22.690","1293"
"997","99989","20221006051000","864","1","高雄市","新興區","120.305","22.630","1014"
"108","99990","20221006051000","202","0","高雄市","大寮區","120.385","22.615","105"
"760","99993","20221006051000","964","0","高雄市","大寮區","120.380","22.620","786"
"472","99994","20221006051000","273","3","高雄市","大寮區","120.385","22.620","453"
"17","99999","20221006051000","14","2","高雄市","大寮區","120.375","22.600","20"
"1601","100002","20221006051000","1815","0","高雄市","三民區","120.295","22.635","1572"
"803","100003","20221006051000","659","2","高雄市","前金區","120.300","22.625","778"
"1400","100004","20221006051000","1484","0","高雄市","新興區","120.300","22.630","1399"
"542","100005","20221006051000","943","0","高雄市","大寮區","120.385","22.600","543"
"829","100007","20221006051000","774","1","高雄市","大寮區","120.385","22.610","834"
"101","100010","20221006051000","486","0","高雄市","苓雅區","120.330","22.625","108"
"3095","100011","20221006051000","2683","1","高雄市","鳳山區","120.360","22.635","3204"
"476","100012","20221006051000","788","0","高雄市","鳳山區","120.365","22.630","465"
"349","100013","20221006051000","314","1","高雄市","鳳山區","120.375","22.640","336"
"410","100014","20221006051000","1341","0","高雄市","鳳山區","120.350","22.615","411"
"2232","100015","20221006051000","1822","2","高雄市","楠梓區","120.300","22.725","2248"
"1341","100016","20221006051000","1114","2","高雄市","橋頭區","120.300","22.730","1413"
"896","100017","20221006051000","1800","0","高雄市","橋頭區","120.305","22.730","851"
"716","100019","20221006051000","1406","0","高雄市","鳳山區","120.345","22.615","714"
"735","100021","20221006051000","314","3","高雄市","楠梓區","120.285","22.725","840"
"58","100022","20221006051000","1356","0","高雄市","楠梓區","120.290","22.725","61"
"598","100023","20221006051000","586","1","高雄市","橋頭區","120.295","22.730","604"
"371","100025","20221006051000","322","1","高雄市","楠梓區","120.285","22.730","339"
"12","100026","20221006051000","10","2","高雄市","楠梓區","120.290","22.730","12"
"1231","100028","20221006051000","1397","0","高雄市","楠梓區","120.290","22.715","1205"
"1493","100029","20221006051000","1487","1","高雄市","楠梓區","120.290","22.720","1494"
"838","100032","20221006051000","1207","0","高雄市","苓雅區","120.300","22.610","861"
"1268","100033","20221006051000","1277","0","高雄市","苓雅區","120.335","22.625","1282"
"2684","100034","20221006051000","2588","1","高雄市","前鎮區","120.310","22.615","2577"
"253","100038","20221006051000","182","2","高雄市","大寮區","120.405","22.640","235"
"316","100039","20221006051000","263","2","高雄市","大寮區","120.410","22.640","305"
"2913","100044","20221006051000","2064","2","高雄市","三民區","120.325","22.650","3062"
"948","100045","20221006051000","658","2","高雄市","三民區","120.320","22.655","935"
"813","100047","20221006051000","1462","0","高雄市","鳳山區","120.380","22.630","807"
"4449","100048","20221006051000","3916","1","高雄市","苓雅區","120.320","22.620","4450"
"2081","100049","20221006051000","2536","0","高雄市","新興區","120.310","22.630","2087"
"67","100050","20221006051000","471","0","高雄市","三民區","120.315","22.650","60"
"539","100052","20221006051000","561","0","高雄市","三民區","120.315","22.655","527"
"2207","100053","20221006051000","1342","3","高雄市","三民區","120.330","22.640","2209"
"1628","100054","20221006051000","948","3","高雄市","三民區","120.315","22.640","1637"
"146","100057","20221006051000","223","0","高雄市","前鎮區","120.285","22.605","151"
"127","100058","20221006051000","133","0","高雄市","前鎮區","120.290","22.605","167"
"355","100059","20221006051000","255","2","高雄市","前鎮區","120.300","22.605","336"
"75","100071","20221006051000","53","2","臺東縣","太麻里鄉","121.025","22.670","76"
"123","100074","20221006051000","110","1","臺東縣","太麻里鄉","121.040","22.670","132"
"81","100530","20221006051000","85","0","臺東縣","金峰鄉","120.950","22.640","71"
"128","100729","20221006051000","84","3","臺東縣","金峰鄉","121.000","22.635","142"
"657","100742","20221006051000","668","0","高雄市","鳳山區","120.360","22.625","633"
"980","100743","20221006051000","1172","0","高雄市","三民區","120.305","22.640","981"
"103","100744","20221006051000","1140","0","高雄市","楠梓區","120.295","22.725","95"
"1948","100745","20221006051000","1498","2","高雄市","楠梓區","120.300","22.720","1885"
"93","100746","20221006051000","95","0","高雄市","鳳山區","120.365","22.605","86"
"1332","100747","20221006051000","1277","1","高雄市","鳳山區","120.360","22.610","1334"
"631","100753","20221006051000","507","2","高雄市","鳳山區","120.355","22.605","627"
"147","100755","20221006051000","99","2","高雄市","鳳山區","120.365","22.615","146"
"11","100759","20221006051000","84","0","高雄市","左營區","120.295","22.695","17"
"117","100760","20221006051000","96","2","高雄市","左營區","120.295","22.700","127"
"1773","100762","20221006051000","1621","1","高雄市","三民區","120.315","22.645","1796"
"2361","100764","20221006051000","2170","1","高雄市","三民區","120.310","22.640","2354"
"1687","100765","20221006051000","1599","1","高雄市","前金區","120.290","22.630","1625"
"1845","100766","20221006051000","1016","3","高雄市","三民區","120.295","22.645","1799"
"70","100767","20221006051000","54","2","高雄市","仁武區","120.340","22.705","68"
"123","100768","20221006051000","852","0","高雄市","仁武區","120.345","22.705","126"
"132","100771","20221006051000","137","0","高雄市","仁武區","120.340","22.715","124"
"1066","100773","20221006051000","1004","1","高雄市","仁武區","120.350","22.690","1089"
"886","100775","20221006051000","613","2","高雄市","仁武區","120.350","22.695","902"
"32","100777","20221006051000","578","0","高雄市","仁武區","120.355","22.700","37"
"54","100778","20221006051000","56","0","高雄市","仁武區","120.350","22.705","49"
"267","100779","20221006051000","204","2","高雄市","仁武區","120.355","22.705","267"
"390","100781","20221006051000","385","1","高雄市","仁武區","120.350","22.710","430"
"123","100783","20221006051000","103","1","高雄市","仁武區","120.345","22.715","126"
"1126","100786","20221006051000","1727","0","高雄市","前鎮區","120.335","22.605","1096"
"1154","100787","20221006051000","2589","0","高雄市","前鎮區","120.330","22.600","1968"
"2359","100788","20221006051000","2040","1","高雄市","三民區","120.335","22.650","2312"
"936","100789","20221006051000","832","1","高雄市","三民區","120.325","22.655","918"
"24","100790","20221006051000","24","1","臺東縣","太麻里鄉","120.975","22.600","27"
"655","100808","20221006051000","607","1","臺東縣","太麻里鄉","121.005","22.610","629"
"2371","100829","20221006051000","2080","1","高雄市","苓雅區","120.340","22.630","2356"
"1835","100830","20221006051000","1684","1","高雄市","鳳山區","120.345","22.630","1780"
"1256","100831","20221006051000","2433","0","高雄市","鳳山區","120.365","22.640","1220"
"2286","100832","20221006051000","1918","1","高雄市","苓雅區","120.325","22.615","2306"
"1676","100833","20221006051000","1316","2","高雄市","左營區","120.305","22.660","1691"
"2726","100834","20221006051000","2755","0","高雄市","左營區","120.310","22.660","2752"
"2814","100835","20221006051000","2589","1","高雄市","左營區","120.305","22.665","2786"
"1868","100836","20221006051000","2175","0","高雄市","左營區","120.310","22.665","1879"
"1969","100837","20221006051000","2117","0","高雄市","左營區","120.300","22.670","1963"
"1111","100838","20221006051000","813","2","高雄市","左營區","120.305","22.670","1047"
"2255","100839","20221006051000","2285","0","高雄市","左營區","120.300","22.680","2318"
"1711","100842","20221006051000","1489","1","高雄市","新興區","120.305","22.635","1681"
"30","100844","20221006051000","37","0","高雄市","大寮區","120.385","22.635","31"
"1922","100848","20221006051000","1576","2","高雄市","大寮區","120.395","22.640","1933"
"2085","100851","20221006051000","2200","0","高雄市","三民區","120.325","22.675","2090"
"1921","100852","20221006051000","1774","1","高雄市","三民區","120.325","22.660","1918"
"2222","100853","20221006051000","1771","2","高雄市","三民區","120.330","22.660","2274"
"1428","100854","20221006051000","2548","0","高雄市","三民區","120.325","22.665","1415"
"12","100855","20221006051000","430","0","高雄市","鳥松區","120.335","22.665","10"
"67","100856","20221006051000","668","0","高雄市","三民區","120.330","22.665","68"
"495","100858","20221006051000","432","1","高雄市","三民區","120.330","22.670","505"
"2377","100860","20221006051000","2396","0","高雄市","三民區","120.335","22.645","2371"
"124","100861","20221006051000","80","3","高雄市","前鎮區","120.310","22.605","101"
"2230","100862","20221006051000","2800","0","高雄市","前鎮區","120.310","22.610","2096"
"638","100863","20221006051000","911","0","高雄市","前鎮區","120.315","22.610","620"
"1331","100865","20221006051000","1098","2","高雄市","左營區","120.285","22.680","1356"
"738","100866","20221006051000","490","3","高雄市","左營區","120.290","22.680","730"
"923","100867","20221006051000","922","1","高雄市","鳳山區","120.350","22.640","916"
"1961","100868","20221006051000","1583","2","高雄市","鳳山區","120.350","22.630","1978"
"569","100869","20221006051000","1410","0","高雄市","鳳山區","120.350","22.645","547"
"1251","100870","20221006051000","1835","0","高雄市","鳳山區","120.350","22.635","1260"
"2013","100871","20221006051000","1949","1","高雄市","苓雅區","120.335","22.620","2019"
"1082","100872","20221006051000","2112","0","高雄市","鳳山區","120.340","22.600","1046"
"2435","100873","20221006051000","1664","2","高雄市","三民區","120.320","22.645","2403"
"1746","100874","20221006051000","1648","1","高雄市","三民區","120.325","22.645","1710"
"2113","100875","20221006051000","1339","3","高雄市","三民區","120.290","22.635","2099"
"1550","100877","20221006051000","1840","0","高雄市","三民區","120.325","22.670","1576"
"1033","100878","20221006051000","1674","0","高雄市","三民區","120.315","22.660","1047"
"1311","100879","20221006051000","1707","0","高雄市","三民區","120.320","22.660","1337"
"2083","100880","20221006051000","3548","0","高雄市","三民區","120.315","22.665","2083"
"140","100881","20221006051000","2158","0","高雄市","三民區","120.320","22.665","151"
"1125","100883","20221006051000","740","3","高雄市","前鎮區","120.305","22.610","1214"
"133","100888","20221006051000","859","0","高雄市","大寮區","120.390","22.625","131"
"2671","100890","20221006051000","2193","2","高雄市","三民區","120.335","22.640","2652"
"2632","100891","20221006051000","2630","1","高雄市","鳳山區","120.345","22.635","2643"
"552","100909","20221006051000","544","1","臺東縣","臺東市","121.055","22.705","516"
"180","100915","20221006051000","159","1","臺東縣","太麻里鄉","121.010","22.625","195"
"41","100925","20221006051000","35","1","臺東縣","太麻里鄉","121.015","22.640","38"
"302","100938","20221006051000","337","0","臺東縣","臺東市","121.100","22.725","280"
"148","100946","20221006051000","465","0","高雄市","鳥松區","120.350","22.665","150"
"1326","100947","20221006051000","938","2","高雄市","鳥松區","120.355","22.665","1281"
"297","100948","20221006051000","302","0","高雄市","鳥松區","120.360","22.665","298"
"109","100954","20221006051000","128","0","高雄市","仁武區","120.370","22.680","105"
"11","100961","20221006051000","11","1","高雄市","鳥松區","120.380","22.685","12"
"470","100966","20221006051000","368","2","高雄市","鳥松區","120.395","22.665","477"
"33","100969","20221006051000","51","0","高雄市","鳥松區","120.390","22.675","26"
"1558","100974","20221006051000","1752","0","高雄市","三民區","120.340","22.645","1626"
"345","100975","20221006051000","247","2","高雄市","鳥松區","120.345","22.655","321"
"451","100977","20221006051000","519","0","高雄市","鳥松區","120.340","22.655","453"
"379","100978","20221006051000","260","2","高雄市","鳥松區","120.340","22.660","371"
"353","100982","20221006051000","391","0","高雄市","鳥松區","120.390","22.660","352"
"38","100983","20221006051000","368","0","高雄市","鳥松區","120.395","22.660","49"
"81","100986","20221006051000","1438","0","高雄市","鳳山區","120.360","22.640","56"
"45","100987","20221006051000","1245","0","高雄市","鳥松區","120.355","22.645","46"
"181","100988","20221006051000","176","1","高雄市","鳳山區","120.360","22.645","180"
"546","100989","20221006051000","253","3","高雄市","鳥松區","120.365","22.645","552"
"424","100992","20221006051000","821","0","高雄市","鳥松區","120.355","22.650","411"
"446","100995","20221006051000","458","0","高雄市","鳥松區","120.370","22.650","452"
"93","100997","20221006051000","126","0","高雄市","鳥松區","120.355","22.655","97"
"1127","100998","20221006051000","861","2","高雄市","鳥松區","120.360","22.655","1100"
"563","101004","20221006051000","537","1","高雄市","鳥松區","120.360","22.660","578"
"506","101009","20221006051000","508","0","高雄市","鳥松區","120.370","22.665","501"
"65","101010","20221006051000","72","0","高雄市","鳥松區","120.340","22.665","70"
"12","101012","20221006051000","15","0","高雄市","仁武區","120.345","22.670","13"
"463","101014","20221006051000","416","1","高雄市","鳥松區","120.370","22.670","465"
"313","101017","20221006051000","231","2","高雄市","鳥松區","120.380","22.655","328"
"197","101018","20221006051000","126","3","高雄市","鳥松區","120.385","22.655","202"
"80","101019","20221006051000","80","1","高雄市","鳥松區","120.370","22.660","80"
"251","101021","20221006051000","363","0","高雄市","鳥松區","120.380","22.660","252"
"10","101023","20221006051000","10","1","高雄市","鳥松區","120.375","22.665","10"
"778","101029","20221006051000","583","2","高雄市","鳳山區","120.355","22.625","774"
"2996","101030","20221006051000","2316","2","高雄市","鳳山區","120.355","22.635","2991"
"24","101034","20221006051000","27","0","高雄市","鳳山區","120.380","22.625","20"
"621","101035","20221006051000","524","1","高雄市","楠梓區","120.325","22.705","638"
"30","101038","20221006051000","33","0","高雄市","仁武區","120.330","22.695","28"
"360","101039","20221006051000","350","1","高雄市","仁武區","120.325","22.700","349"
"469","101043","20221006051000","1367","0","高雄市","前鎮區","120.315","22.605","492"
"1827","101044","20221006051000","2582","0","高雄市","三民區","120.335","22.635","1829"
"175","101045","20221006051000","1220","0","高雄市","三民區","120.345","22.640","181"
"115","101046","20221006051000","1305","0","高雄市","仁武區","120.345","22.675","109"
"678","101047","20221006051000","697","0","高雄市","仁武區","120.350","22.675","643"
"194","101048","20221006051000","754","0","高雄市","仁武區","120.340","22.680","199"
"593","101049","20221006051000","533","1","高雄市","仁武區","120.345","22.680","604"
"1569","101052","20221006051000","1521","1","高雄市","仁武區","120.325","22.685","1480"
"966","101053","20221006051000","793","2","高雄市","仁武區","120.325","22.690","930"
"693","101055","20221006051000","425","3","高雄市","仁武區","120.325","22.695","681"
"324","101056","20221006051000","199","3","高雄市","仁武區","120.320","22.695","335"
"141","101058","20221006051000","192","0","高雄市","仁武區","120.330","22.700","131"
"262","101059","20221006051000","1083","0","高雄市","鳳山區","120.365","22.635","265"
"1127","101061","20221006051000","1118","1","高雄市","苓雅區","120.295","22.615","1117"
"1042","101062","20221006051000","1338","0","高雄市","苓雅區","120.320","22.625","1054"
"1897","101063","20221006051000","1652","1","高雄市","鳳山區","120.375","22.625","1858"
"31","101064","20221006051000","924","0","高雄市","鳳山區","120.375","22.620","38"
"35","101068","20221006051000","46","0","高雄市","鳳山區","120.365","22.620","28"
"550","101069","20221006051000","459","1","高雄市","鳳山區","120.370","22.620","559"
"1569","101074","20221006051000","1895","0","高雄市","左營區","120.290","22.675","1579"
"43","101076","20221006051000","126","0","高雄市","梓官區","120.250","22.730","33"
"803","101077","20221006051000","820","0","高雄市","梓官區","120.255","22.730","824"
"670","101086","20221006051000","564","1","高雄市","楠梓區","120.275","22.725","676"
"14","101090","20221006051000","689","0","高雄市","楠梓區","120.280","22.725","15"
"827","101092","20221006051000","809","1","高雄市","楠梓區","120.280","22.730","850"
"1541","101094","20221006051000","1219","2","高雄市","楠梓區","120.320","22.725","1534"
"1471","101095","20221006051000","1063","2","高雄市","楠梓區","120.285","22.710","1506"
"1523","101100","20221006051000","1396","1","高雄市","苓雅區","120.315","22.625","1525"
"1266","101101","20221006051000","1250","1","高雄市","鹽埕區","120.280","22.625","1244"
"2705","101102","20221006051000","1273","3","高雄市","苓雅區","120.325","22.620","2862"
"424","101103","20221006051000","363","1","高雄市","左營區","120.310","22.670","437"
"1665","101104","20221006051000","987","3","高雄市","左營區","120.315","22.670","1672"
"1716","101105","20221006051000","1672","1","高雄市","左營區","120.300","22.675","1727"
"585","101106","20221006051000","279","3","高雄市","左營區","120.295","22.680","616"
"2068","101107","20221006051000","2128","0","高雄市","左營區","120.305","22.675","2077"
"407","101109","20221006051000","954","0","高雄市","鳳山區","120.340","22.610","420"
"1341","101110","20221006051000","1324","1","高雄市","鳳山區","120.335","22.615","1357"
"100","101111","20221006051000","736","0","高雄市","鳳山區","120.340","22.615","84"
"575","101113","20221006051000","2386","0","高雄市","鳳山區","120.340","22.605","579"
"832","101114","20221006051000","741","1","高雄市","鼓山區","120.280","22.655","839"
"1916","101115","20221006051000","1804","1","高雄市","鼓山區","120.280","22.660","1917"
"1188","101116","20221006051000","1191","0","高雄市","鼓山區","120.285","22.650","1140"
"749","101117","20221006051000","1368","0","高雄市","鼓山區","120.290","22.650","723"
"1605","101119","20221006051000","1626","0","高雄市","鼓山區","120.290","22.655","1638"
"61","101120","20221006051000","974","0","高雄市","鼓山區","120.285","22.660","75"
"1134","101121","20221006051000","1789","0","高雄市","鼓山區","120.290","22.660","1156"
"791","101122","20221006051000","638","2","高雄市","鼓山區","120.290","22.665","788"
"667","101123","20221006051000","1415","0","高雄市","鼓山區","120.285","22.665","671"
"1258","101124","20221006051000","1070","1","高雄市","鼓山區","120.280","22.645","1248"
"1165","101125","20221006051000","926","2","高雄市","鼓山區","120.270","22.625","1153"
"1525","101126","20221006051000","2149","0","高雄市","鼓山區","120.280","22.630","1495"
"42","101127","20221006051000","58","0","高雄市","鼓山區","120.275","22.625","40"
"54","101128","20221006051000","87","0","高雄市","鼓山區","120.270","22.635","63"
"33","101129","20221006051000","39","0","高雄市","鼓山區","120.275","22.635","21"
"1413","101132","20221006051000","1624","0","高雄市","三民區","120.320","22.640","1438"
"913","101133","20221006051000","1493","0","高雄市","鳥松區","120.340","22.650","905"
"2354","101134","20221006051000","2589","0","高雄市","三民區","120.340","22.640","2346"
"1531","101135","20221006051000","2517","0","高雄市","三民區","120.345","22.645","1542"
"178","101137","20221006051000","327","0","高雄市","梓官區","120.260","22.725","182"
"513","101139","20221006051000","303","3","高雄市","梓官區","120.255","22.725","480"
"33","101449","20221006051000","27","2","臺東縣","卑南鄉","120.990","22.690","27"
"25","101488","20221006051000","342","0","臺東縣","卑南鄉","121.020","22.695","312"
"12","101568","20221006051000","172","0","臺東縣","卑南鄉","121.030","22.700","12"
"1165","101748","20221006051000","1399","0","高雄市","苓雅區","120.300","22.615","1106"
"1074","101749","20221006051000","1228","0","高雄市","苓雅區","120.325","22.630","1049"
"768","101750","20221006051000","950","0","高雄市","鳳山區","120.340","22.620","755"
"377","101751","20221006051000","737","0","高雄市","鳳山區","120.370","22.630","388"
"1258","101752","20221006051000","1238","1","高雄市","鳳山區","120.355","22.630","1234"
"470","101753","20221006051000","778","0","高雄市","鳳山區","120.360","22.630","455"
"75","101754","20221006051000","263","0","高雄市","鳳山區","120.330","22.615","78"
"59","101757","20221006051000","1224","0","高雄市","苓雅區","120.325","22.635","66"
"23","101758","20221006051000","187","0","高雄市","仁武區","120.350","22.680","25"
"360","101759","20221006051000","364","0","高雄市","鳥松區","120.355","22.670","337"
"94","101760","20221006051000","1406","0","高雄市","仁武區","120.355","22.675","87"
"13","101761","20221006051000","11","1","高雄市","仁武區","120.340","22.690","16"
"19","101763","20221006051000","14","2","高雄市","仁武區","120.335","22.695","19"
"39","101765","20221006051000","35","1","高雄市","仁武區","120.345","22.695","39"
"161","101766","20221006051000","145","1","高雄市","仁武區","120.340","22.700","157"
"853","101767","20221006051000","742","1","高雄市","仁武區","120.345","22.700","871"
"201","101768","20221006051000","699","0","高雄市","仁武區","120.350","22.700","184"
"16","101777","20221006051000","14","1","高雄市","仁武區","120.375","22.710","20"
"36","101778","20221006051000","65","0","高雄市","仁武區","120.380","22.710","36"
"63","101783","20221006051000","64","0","高雄市","仁武區","120.380","22.715","63"
"39","101785","20221006051000","31","2","高雄市","仁武區","120.390","22.715","36"
"35","101790","20221006051000","28","2","高雄市","仁武區","120.390","22.720","37"
"425","101808","20221006051000","425","1","高雄市","三民區","120.335","22.670","444"
"120","101809","20221006051000","719","0","高雄市","仁武區","120.335","22.680","112"
"1781","101810","20221006051000","1584","1","高雄市","仁武區","120.335","22.685","1755"
"60","101815","20221006051000","803","0","高雄市","仁武區","120.330","22.680","69"
"101","101817","20221006051000","1556","0","高雄市","仁武區","120.330","22.690","90"
"106","101818","20221006051000","513","0","高雄市","仁武區","120.335","22.690","120"
"33","101819","20221006051000","891","0","高雄市","仁武區","120.330","22.675","31"
"208","101820","20221006051000","650","0","高雄市","仁武區","120.335","22.675","186"
"836","101822","20221006051000","677","2","高雄市","前鎮區","120.320","22.605","803"
"389","101823","20221006051000","524","0","高雄市","前鎮區","120.325","22.605","432"
"114","101824","20221006051000","1262","0","高雄市","前鎮區","120.325","22.610","114"
"2654","101825","20221006051000","2597","1","高雄市","前鎮區","120.320","22.610","2644"
"243","101826","20221006051000","191","2","高雄市","左營區","120.290","22.685","205"
"600","101827","20221006051000","353","3","高雄市","左營區","120.275","22.690","553"
"172","101829","20221006051000","113","3","高雄市","左營區","120.285","22.690","203"
"347","101832","20221006051000","238","2","高雄市","左營區","120.285","22.695","417"
"422","101833","20221006051000","435","0","高雄市","左營區","120.290","22.695","398"
"108","101835","20221006051000","252","0","高雄市","左營區","120.285","22.700","122"
"114","101836","20221006051000","116","0","高雄市","左營區","120.280","22.705","106"
"276","101837","20221006051000","238","1","高雄市","楠梓區","120.285","22.705","257"
"1430","101838","20221006051000","2167","0","高雄市","左營區","120.290","22.670","1452"
"1716","101839","20221006051000","1235","2","高雄市","苓雅區","120.335","22.630","1693"
"992","101840","20221006051000","1878","0","高雄市","三民區","120.340","22.635","968"
"1077","101842","20221006051000","951","1","高雄市","鳳山區","120.345","22.625","1092"
"608","101843","20221006051000","695","0","高雄市","鼓山區","120.275","22.660","589"
"56","101852","20221006051000","367","0","臺東縣","太麻里鄉","121.000","22.600","56"
"36","101859","20221006051000","407","0","臺東縣","太麻里鄉","121.010","22.605","36"
"42","101862","20221006051000","70","0","臺東縣","太麻里鄉","121.045","22.675","56"
"409","101876","20221006051000","277","2","臺東縣","太麻里鄉","121.030","22.685","383"
"234","101895","20221006051000","164","2","臺東縣","太麻里鄉","121.050","22.690","200"
"171","101900","20221006051000","158","1","臺東縣","卑南鄉","121.015","22.695","173"
"47","101930","20221006051000","36","2","臺東縣","太麻里鄉","121.020","22.650","42"
"14","101962","20221006051000","113","0","臺東縣","太麻里鄉","121.030","22.660","14"
"766","101964","20221006051000","701","1","高雄市","苓雅區","120.320","22.635","810"
"396","101965","20221006051000","1047","0","高雄市","三民區","120.315","22.635","379"
"1626","101966","20221006051000","1965","0","高雄市","苓雅區","120.330","22.630","1629"
"268","101967","20221006051000","259","1","高雄市","鳳山區","120.350","22.605","256"
"2163","101970","20221006051000","1795","2","高雄市","鳳山區","120.350","22.600","2103"
"751","101972","20221006051000","1675","0","高雄市","鳳山區","120.335","22.610","792"
"2659","101973","20221006051000","1776","2","高雄市","苓雅區","120.330","22.635","2648"
"134","101976","20221006051000","94","2","高雄市","大寮區","120.425","22.600","135"
"36","101977","20221006051000","84","0","高雄市","大寮區","120.430","22.600","38"
"42","101981","20221006051000","321","0","高雄市","前金區","120.290","22.620","47"
"1855","101982","20221006051000","1708","1","高雄市","苓雅區","120.340","22.625","1847"
"531","101983","20221006051000","567","0","高雄市","苓雅區","120.330","22.620","676"
"2126","101984","20221006051000","2193","0","高雄市","鼓山區","120.280","22.650","2126"
"731","101985","20221006051000","1341","0","高雄市","三民區","120.285","22.640","710"
"1202","101988","20221006051000","917","2","高雄市","楠梓區","120.285","22.715","1265"
"2321","101989","20221006051000","1947","1","高雄市","苓雅區","120.305","22.620","2318"
"92","101991","20221006051000","1176","0","高雄市","苓雅區","120.320","22.630","86"
"2066","101992","20221006051000","1789","1","高雄市","前金區","120.295","22.620","2118"
"1152","101993","20221006051000","679","3","高雄市","苓雅區","120.325","22.625","1162"
"1485","101995","20221006051000","1348","1","高雄市","鼓山區","120.275","22.620","1474"
"112","101996","20221006051000","136","0","高雄市","鹽埕區","120.280","22.620","136"
"21","101997","20221006051000","717","0","高雄市","左營區","120.295","22.705","22"
"3371","101998","20221006051000","2572","2","高雄市","左營區","120.310","22.675","3387"
"751","101999","20221006051000","830","0","高雄市","左營區","120.315","22.675","757"
"974","102000","20221006051000","790","2","高雄市","左營區","120.320","22.675","937"
"66","102001","20221006051000","884","0","高雄市","左營區","120.305","22.685","58"
"658","102002","20221006051000","449","2","高雄市","左營區","120.310","22.680","618"
"2794","102003","20221006051000","1963","2","高雄市","左營區","120.320","22.680","2814"
"57","102005","20221006051000","122","0","高雄市","大寮區","120.395","22.600","47"
"303","102006","20221006051000","301","1","高雄市","大寮區","120.390","22.600","273"
"487","102007","20221006051000","384","2","高雄市","大寮區","120.390","22.605","492"
"960","102008","20221006051000","815","1","高雄市","大寮區","120.395","22.605","1001"
"643","102010","20221006051000","619","1","高雄市","大寮區","120.400","22.610","633"
"18","102011","20221006051000","17","1","高雄市","大寮區","120.405","22.610","16"
"110","102013","20221006051000","652","0","高雄市","大寮區","120.405","22.615","124"
"765","102015","20221006051000","785","0","高雄市","鳳山區","120.355","22.640","772"
"1008","102017","20221006051000","688","2","高雄市","鼓山區","120.280","22.635","1034"
"1491","102018","20221006051000","1005","2","高雄市","鳳山區","120.370","22.635","1463"
"691","102019","20221006051000","1244","0","高雄市","鼓山區","120.295","22.665","683"
"3259","102020","20221006051000","3361","0","高雄市","鼓山區","120.300","22.665","3203"
"17","102021","20221006051000","48","0","高雄市","鼓山區","120.265","22.625","18"
"324","102022","20221006051000","612","0","高雄市","鼓山區","120.265","22.630","328"
"25","102024","20221006051000","149","0","高雄市","鼓山區","120.260","22.635","19"
"187","102030","20221006051000","171","1","高雄市","鼓山區","120.255","22.645","162"
"27","102031","20221006051000","57","0","高雄市","鼓山區","120.260","22.645","41"
"607","102045","20221006051000","729","0","高雄市","鼓山區","120.275","22.650","592"
"671","102046","20221006051000","418","3","高雄市","苓雅區","120.310","22.620","660"
"2021","102047","20221006051000","2545","0","高雄市","左營區","120.295","22.670","1991"
"19","102048","20221006051000","327","0","高雄市","鼓山區","120.285","22.670","16"
"73","102049","20221006051000","980","0","高雄市","鼓山區","120.280","22.640","65"
"11","102052","20221006051000","312","0","高雄市","大樹區","120.430","22.675","11"
"384","102078","20221006051000","447","0","高雄市","大樹區","120.410","22.675","365"
"201","102079","20221006051000","219","0","高雄市","大樹區","120.405","22.680","198"
"75","102090","20221006051000","49","3","高雄市","大樹區","120.395","22.690","75"
"897","102093","20221006051000","810","1","高雄市","大樹區","120.430","22.690","905"
"446","102098","20221006051000","372","1","高雄市","大樹區","120.435","22.695","427"
"411","102111","20221006051000","566","0","高雄市","大樹區","120.410","22.660","391"
"905","102113","20221006051000","592","3","高雄市","大樹區","120.410","22.665","916"
"256","102120","20221006051000","261","0","高雄市","大樹區","120.445","22.725","253"
"342","102123","20221006051000","282","2","高雄市","大樹區","120.445","22.730","322"
"122","102126","20221006051000","117","1","高雄市","大樹區","120.445","22.735","139"
"134","102132","20221006051000","115","1","高雄市","大樹區","120.425","22.665","123"
"148","102141","20221006051000","92","3","高雄市","大樹區","120.425","22.675","143"
"1352","102143","20221006051000","1435","0","高雄市","左營區","120.295","22.690","1405"
"920","102144","20221006051000","902","1","高雄市","鳳山區","120.360","22.620","907"
"1421","102146","20221006051000","1703","0","高雄市","鳳山區","120.355","22.620","1456"
"469","102147","20221006051000","447","1","高雄市","鳳山區","120.335","22.600","478"
"3202","102148","20221006051000","2331","2","高雄市","新興區","120.315","22.630","3111"
"1299","102149","20221006051000","1038","2","高雄市","苓雅區","120.305","22.615","1345"
"1159","102150","20221006051000","1378","0","高雄市","鳳山區","120.345","22.605","1141"
"2549","102151","20221006051000","2097","2","高雄市","前鎮區","120.330","22.605","2475"
"1708","102152","20221006051000","1344","2","高雄市","鳥松區","120.345","22.650","1672"
"1831","102153","20221006051000","2222","0","高雄市","三民區","120.330","22.650","1788"
"492","102154","20221006051000","1285","0","高雄市","三民區","120.330","22.655","516"
"37","102157","20221006051000","351","0","高雄市","仁武區","120.360","22.675","33"
"92","102159","20221006051000","101","0","高雄市","仁武區","120.365","22.680","96"
"609","102160","20221006051000","609","1","高雄市","仁武區","120.360","22.685","616"
"18","102165","20221006051000","127","0","高雄市","仁武區","120.365","22.685","13"
"190","102172","20221006051000","273","0","高雄市","大寮區","120.425","22.605","171"
"86","102173","20221006051000","482","0","高雄市","大寮區","120.430","22.605","75"
"972","102181","20221006051000","743","2","高雄市","大寮區","120.410","22.615","952"
"32","102185","20221006051000","23","2","高雄市","大寮區","120.430","22.615","32"
"336","102186","20221006051000","251","2","高雄市","大寮區","120.420","22.640","315"
"234","102190","20221006051000","250","0","高雄市","大寮區","120.415","22.640","217"
"413","102200","20221006051000","322","2","高雄市","鼓山區","120.270","22.620","446"
"554","102203","20221006051000","576","0","高雄市","大寮區","120.385","22.640","562"
"353","102206","20221006051000","312","1","高雄市","鳥松區","120.385","22.645","372"
"455","102213","20221006051000","211","3","高雄市","鳥松區","120.390","22.650","439"
"718","102215","20221006051000","650","1","高雄市","鳥松區","120.390","22.655","699"
"14","102216","20221006051000","236","0","高雄市","鳥松區","120.395","22.655","19"
"268","102217","20221006051000","152","3","高雄市","鳥松區","120.400","22.655","255"
"571","102227","20221006051000","467","2","高雄市","鼓山區","120.285","22.655","608"
"1168","102228","20221006051000","1290","0","高雄市","三民區","120.295","22.650","1152"
"1416","102229","20221006051000","1384","1","高雄市","鼓山區","120.295","22.655","1394"
"1786","102230","20221006051000","1747","1","高雄市","鼓山區","120.300","22.655","1720"
"1103","102231","20221006051000","1585","0","高雄市","鼓山區","120.305","22.655","1126"
"805","102232","20221006051000","639","2","高雄市","左營區","120.310","22.655","789"
"3357","102233","20221006051000","3508","0","高雄市","鼓山區","120.295","22.660","3342"
"86","102235","20221006051000","508","0","高雄市","楠梓區","120.315","22.715","59"
"1284","102236","20221006051000","1114","1","高雄市","楠梓區","120.315","22.720","1313"
"451","102237","20221006051000","1719","0","高雄市","楠梓區","120.295","22.710","430"
"2318","102238","20221006051000","2092","1","高雄市","苓雅區","120.315","22.620","2386"
"54","102239","20221006051000","76","0","高雄市","旗津區","120.265","22.615","70"
"558","102241","20221006051000","487","1","高雄市","大寮區","120.410","22.620","549"
"338","102243","20221006051000","283","1","高雄市","大寮區","120.410","22.625","317"
"195","102244","20221006051000","185","1","高雄市","大寮區","120.405","22.630","188"
"127","102246","20221006051000","123","1","高雄市","大樹區","120.425","22.715","123"
"11","102251","20221006051000","33","0","高雄市","大樹區","120.425","22.720","14"
"294","102254","20221006051000","1291","0","高雄市","大樹區","120.405","22.725","283"
"77","102259","20221006051000","50","3","高雄市","大樹區","120.430","22.725","79"
"88","102260","20221006051000","1346","0","高雄市","仁武區","120.400","22.730","90"
"20","102261","20221006051000","255","0","高雄市","大樹區","120.405","22.730","20"
"37","102267","20221006051000","51","0","高雄市","大樹區","120.410","22.735","36"
"522","102273","20221006051000","488","1","高雄市","大樹區","120.415","22.655","523"
"331","102274","20221006051000","338","0","高雄市","大樹區","120.420","22.655","330"
"77","102276","20221006051000","576","0","高雄市","大樹區","120.420","22.660","67"
"117","102278","20221006051000","89","2","高雄市","大樹區","120.410","22.645","130"
"48","102279","20221006051000","40","2","高雄市","大樹區","120.415","22.645","50"
"483","102280","20221006051000","872","0","高雄市","大樹區","120.420","22.645","472"
"328","102282","20221006051000","353","0","高雄市","大樹區","120.425","22.650","334"
"464","102285","20221006051000","427","1","高雄市","大樹區","120.425","22.655","450"
"107","102292","20221006051000","214","0","高雄市","大寮區","120.405","22.605","113"
"47","102296","20221006051000","55","0","高雄市","前鎮區(海)","120.285","22.610","41"
"1051","102302","20221006051000","964","1","高雄市","大寮區","120.390","22.635","1077"
"470","102303","20221006051000","568","0","高雄市","大寮區","120.395","22.635","487"
"98","102304","20221006051000","96","1","高雄市","大寮區","120.400","22.635","106"
"244","102305","20221006051000","115","3","高雄市","大寮區","120.400","22.640","240"
"1274","102306","20221006051000","1289","0","高雄市","三民區","120.305","22.645","1315"
"1543","102307","20221006051000","1456","1","高雄市","三民區","120.305","22.650","1634"
"1777","102308","20221006051000","1588","1","高雄市","鳳山區","120.345","22.620","1803"
"744","102309","20221006051000","375","3","高雄市","鳳山區","120.350","22.620","733"
"328","102310","20221006051000","1313","0","高雄市","鳳山區","120.350","22.625","335"
"119","102311","20221006051000","111","1","高雄市","旗津區","120.275","22.605","127"
"86","102312","20221006051000","174","0","高雄市","旗津區(海)","120.275","22.610","125"
"557","102313","20221006051000","526","1","高雄市","旗津區","120.275","22.600","617"
"602","102314","20221006051000","451","2","高雄市","旗津區","120.270","22.610","588"
"80","102316","20221006051000","59","2","高雄市","大社區","120.365","22.715","73"
"329","102319","20221006051000","343","0","高雄市","大社區","120.350","22.720","337"
"69","102326","20221006051000","53","2","高雄市","大社區","120.340","22.730","62"
"588","102327","20221006051000","1228","0","高雄市","大社區","120.350","22.735","567"
"1896","102328","20221006051000","1729","1","高雄市","大社區","120.345","22.730","1896"
"772","102329","20221006051000","1176","0","高雄市","大社區","120.350","22.730","776"
"582","102330","20221006051000","583","0","高雄市","大社區","120.355","22.730","574"
"70","102333","20221006051000","47","2","高雄市","大社區","120.370","22.730","65"
"43","102335","20221006051000","50","0","高雄市","大社區","120.375","22.730","51"
"55","102340","20221006051000","246","0","高雄市","大社區","120.360","22.720","70"
"1194","102341","20221006051000","1256","0","高雄市","大社區","120.350","22.725","1175"
"596","102342","20221006051000","541","1","高雄市","大社區","120.355","22.725","629"
"176","102345","20221006051000","381","0","高雄市","左營區","120.300","22.690","164"
"14","102346","20221006051000","10","2","高雄市","左營區","120.260","22.670","14"
"147","102347","20221006051000","148","0","高雄市","左營區","120.265","22.675","159"
"194","102349","20221006051000","115","3","高雄市","左營區","120.275","22.675","191"
"222","102350","20221006051000","115","3","高雄市","左營區","120.280","22.675","221"
"123","102353","20221006051000","221","0","高雄市","左營區","120.275","22.680","162"
"626","102354","20221006051000","1186","0","高雄市","左營區","120.280","22.680","619"
"367","102356","20221006051000","253","2","高雄市","左營區","120.265","22.680","250"
"206","102357","20221006051000","154","2","高雄市","左營區","120.270","22.680","209"
"354","102358","20221006051000","355","0","高雄市","左營區","120.280","22.685","337"
"89","102360","20221006051000","148","0","高雄市","左營區","120.265","22.685","32"
"419","102361","20221006051000","283","2","高雄市","左營區","120.275","22.685","394"
"62","102364","20221006051000","155","0","高雄市","左營區","120.295","22.685","55"
"2043","102365","20221006051000","1834","1","高雄市","新興區","120.310","22.625","2046"
"1239","102366","20221006051000","757","3","高雄市","新興區","120.305","22.625","1180"
"1836","102370","20221006051000","1480","2","高雄市","仁武區","120.325","22.680","1892"
"2367","102371","20221006051000","2368","0","高雄市","左營區","120.305","22.680","2312"
"1074","102372","20221006051000","2276","0","高雄市","左營區","120.315","22.680","1068"
"919","102373","20221006051000","899","1","高雄市","左營區","120.315","22.685","896"
"753","102374","20221006051000","925","0","高雄市","仁武區","120.330","22.685","757"
"310","102375","20221006051000","496","0","高雄市","左營區","120.310","22.690","309"
"1761","102376","20221006051000","2081","0","高雄市","左營區","120.320","22.685","1714"
"3364","102377","20221006051000","3252","1","高雄市","三民區","120.310","22.645","3350"
"265","102378","20221006051000","892","0","高雄市","三民區","120.310","22.650","281"
"1875","102380","20221006051000","1482","2","高雄市","三民區","120.325","22.640","1866"
"764","102381","20221006051000","726","1","高雄市","三民區","120.295","22.640","788"
"1693","102382","20221006051000","1546","1","高雄市","三民區","120.300","22.650","1675"
"1301","102383","20221006051000","1070","2","高雄市","新興區","120.300","22.635","1374"
"484","102384","20221006051000","1068","0","高雄市","三民區","120.285","22.635","496"
"1468","102385","20221006051000","1382","1","高雄市","三民區","120.330","22.645","1501"
"13","102386","20221006051000","32","0","高雄市","楠梓區","120.330","22.725","13"
"56","102387","20221006051000","59","0","高雄市","楠梓區","120.330","22.730","66"
"1722","102388","20221006051000","1509","1","高雄市","楠梓區","120.335","22.730","1755"
"2591","102389","20221006051000","1936","2","高雄市","楠梓區","120.325","22.730","2679"
"1435","102390","20221006051000","1361","1","高雄市","楠梓區","120.285","22.720","1424"
"529","102391","20221006051000","699","0","高雄市","楠梓區","120.290","22.705","543"
"118","102393","20221006051000","37","3","高雄市","楠梓區","120.305","22.700","153"
"161","102408","20221006051000","131","2","高雄市","鼓山區(海)","120.295","22.600","165"
"1733","102417","20221006051000","1727","1","高雄市","三民區","120.300","22.645","1764"
"62","102419","20221006051000","107","0","高雄市","新興區","120.310","22.635","71"
"1489","102420","20221006051000","1461","1","高雄市","三民區","120.300","22.640","1550"
"494","102421","20221006051000","529","0","高雄市","鳳山區","120.345","22.600","533"
"2829","102422","20221006051000","3460","0","高雄市","鳳山區","120.345","22.610","2840"
"154","102423","20221006051000","221","0","高雄市","鳳山區","120.355","22.610","145"
"1448","102424","20221006051000","1394","1","高雄市","鹽埕區","120.285","22.625","1500"
"1877","102425","20221006051000","1242","3","高雄市","鹽埕區","120.285","22.620","2008"
"369","102426","20221006051000","304","2","高雄市","楠梓區","120.305","22.720","278"
"580","102427","20221006051000","761","0","高雄市","楠梓區","120.310","22.720","846"
"1071","102428","20221006051000","712","3","高雄市","楠梓區","120.305","22.725","1043"
"896","102429","20221006051000","764","1","高雄市","楠梓區","120.310","22.725","968"
"615","102430","20221006051000","1193","0","高雄市","楠梓區","120.315","22.725","633"
"1497","102431","20221006051000","1300","1","高雄市","楠梓區","120.315","22.730","1636"
"30","102441","20221006051000","277","0","高雄市","楠梓區","120.280","22.715","27"
"293","102442","20221006051000","1129","0","高雄市","楠梓區","120.280","22.720","278"
"531","102444","20221006051000","419","2","高雄市","楠梓區","120.320","22.715","510"
"707","102445","20221006051000","526","2","高雄市","楠梓區","120.325","22.720","743"
"35","102447","20221006051000","704","0","高雄市","楠梓區","120.320","22.720","37"
"131","102448","20221006051000","174","0","高雄市","旗津區","120.270","22.605","125"
"200","102466","20221006051000","159","2","高雄市","大樹區","120.415","22.705","193"
"48","102478","20221006051000","247","0","高雄市","大樹區","120.440","22.710","41"
"280","102482","20221006051000","243","1","高雄市","大樹區","120.445","22.715","265"
"115","111108","20221006051000","596","0","屏東縣","九如鄉","120.480","22.750","111"
"16","111134","20221006051000","14","1","屏東縣","九如鄉","120.490","22.740","14"
"20","111142","20221006051000","206","0","屏東縣","九如鄉","120.500","22.740","17"
"33","111145","20221006051000","217","0","屏東縣","九如鄉","120.500","22.745","38"
"21","111157","20221006051000","373","0","屏東縣","九如鄉","120.500","22.760","21"
"120","111163","20221006051000","97","2","屏東縣","九如鄉","120.495","22.745","146"
"26","111167","20221006051000","211","0","屏東縣","九如鄉","120.490","22.755","17"
"235","111186","20221006051000","156","3","屏東縣","高樹鄉","120.570","22.795","233"
"65","111215","20221006051000","43","3","屏東縣","鹽埔鄉","120.545","22.760","59"
"31","111217","20221006051000","136","0","屏東縣","鹽埔鄉","120.555","22.760","32"
"220","111238","20221006051000","208","1","屏東縣","鹽埔鄉","120.545","22.745","236"
"361","111270","20221006051000","342","1","屏東縣","鹽埔鄉","120.550","22.735","352"
"19","111271","20221006051000","23","0","屏東縣","鹽埔鄉","120.560","22.735","20"
"30","111273","20221006051000","316","0","屏東縣","鹽埔鄉","120.555","22.740","21"
"360","111282","20221006051000","197","3","屏東縣","鹽埔鄉","120.560","22.740","339"
"359","111309","20221006051000","242","2","屏東縣","鹽埔鄉","120.515","22.740","334"
"29","111315","20221006051000","234","0","屏東縣","鹽埔鄉","120.580","22.740","33"
"31","111337","20221006051000","376","0","屏東縣","鹽埔鄉","120.580","22.755","34"
"209","111360","20221006051000","866","0","屏東縣","鹽埔鄉","120.575","22.755","230"
"117","111374","20221006051000","110","1","屏東縣","里港鄉","120.480","22.770","123"
"455","111380","20221006051000","382","1","屏東縣","里港鄉","120.480","22.775","433"
"18","111398","20221006051000","112","0","屏東縣","里港鄉","120.490","22.820","21"
"26","111418","20221006051000","217","0","屏東縣","里港鄉","120.490","22.775","20"
"1015","111419","20221006051000","747","2","屏東縣","里港鄉","120.495","22.775","1039"
"89","111451","20221006051000","136","0","屏東縣","里港鄉","120.535","22.775","84"
"36","111459","20221006051000","455","0","屏東縣","里港鄉","120.520","22.785","42"
"208","111491","20221006051000","184","1","屏東縣","里港鄉","120.500","22.780","213"
"88","111507","20221006051000","303","0","屏東縣","高樹鄉","120.615","22.815","90"
"15","111605","20221006051000","52","0","屏東縣","三地門鄉","120.700","22.790","17"
"13","111824","20221006051000","41","0","屏東縣","三地門鄉","120.700","22.765","11"
"127","111907","20221006051000","115","1","屏東縣","三地門鄉","120.635","22.745","127"
"14","112026","20221006051000","42","0","屏東縣","霧台鄉","120.740","22.740","19"
"14","112635","20221006051000","239","0","屏東縣","里港鄉","120.490","22.805","24"
"401","112659","20221006051000","327","2","屏東縣","里港鄉","120.505","22.815","369"
"26","112669","20221006051000","93","0","屏東縣","里港鄉","120.505","22.820","26"
"216","112687","20221006051000","157","2","屏東縣","里港鄉","120.535","22.825","222"
"152","112714","20221006051000","111","2","屏東縣","里港鄉","120.485","22.765","148"
"1194","112719","20221006051000","922","2","屏東縣","里港鄉","120.495","22.780","1158"
"208","112942","20221006051000","144","2","屏東縣","高樹鄉","120.595","22.775","214"
"16","112982","20221006051000","13","2","屏東縣","高樹鄉","120.615","22.760","16"
"176","112999","20221006051000","116","3","屏東縣","高樹鄉","120.635","22.770","156"
"12","113004","20221006051000","30","0","屏東縣","高樹鄉","120.630","22.740","15"
"192","113006","20221006051000","178","1","屏東縣","高樹鄉","120.620","22.740","190"
"56","113023","20221006051000","34","3","屏東縣","高樹鄉","120.625","22.830","55"
"58","113048","20221006051000","327","0","屏東縣","高樹鄉","120.560","22.785","54"
"39","113075","20221006051000","111","0","屏東縣","高樹鄉","120.590","22.825","35"
"264","113097","20221006051000","243","1","屏東縣","高樹鄉","120.610","22.785","265"
"26","113103","20221006051000","26","1","屏東縣","高樹鄉","120.610","22.790","27"
"85","113129","20221006051000","48","3","屏東縣","高樹鄉","120.595","22.810","81"
"48","113131","20221006051000","42","1","屏東縣","高樹鄉","120.595","22.815","50"
"1119","113133","20221006051000","1028","1","屏東縣","高樹鄉","120.600","22.825","1090"
"1568","113137","20221006051000","2247","0","臺東縣","臺東市","121.155","22.750","1396"
"39","113138","20221006051000","439","0","臺東縣","臺東市","121.135","22.760","39"
"19","113139","20221006051000","33","0","臺東縣","臺東市","121.160","22.760","22"
"2040","113141","20221006051000","1279","3","臺東縣","臺東市","121.155","22.755","1898"
"751","113159","20221006051000","536","2","高雄市","永安區","120.225","22.820","765"
"581","113177","20221006051000","356","3","高雄市","永安區","120.250","22.810","590"
"38","113178","20221006051000","339","0","高雄市","岡山區","120.255","22.810","39"
"79","113182","20221006051000","69","1","高雄市","永安區","120.250","22.815","71"
"160","113185","20221006051000","160","1","高雄市","永安區","120.240","22.815","165"
"22","113196","20221006051000","29","0","高雄市","永安區","120.205","22.840","21"
"502","113206","20221006051000","566","0","臺東縣","臺東市","121.130","22.765","476"
"869","113207","20221006051000","1200","0","臺東縣","臺東市","121.120","22.770","816"
"37","113208","20221006051000","475","0","臺東縣","臺東市","121.125","22.770","37"
"602","113213","20221006051000","502","1","臺東縣","臺東市","121.125","22.780","588"
"1486","113214","20221006051000","1408","1","臺東縣","臺東市","121.120","22.785","1325"
"10","113215","20221006051000","289","0","臺東縣","臺東市","121.125","22.785","10"
"212","113216","20221006051000","152","2","臺東縣","臺東市","121.130","22.770","195"
"1402","113217","20221006051000","813","3","臺東縣","臺東市","121.135","22.770","1377"
"83","113218","20221006051000","110","0","臺東縣","臺東市","121.125","22.775","89"
"427","113219","20221006051000","481","0","臺東縣","臺東市","121.130","22.775","400"
"840","113236","20221006051000","842","0","臺東縣","臺東市","121.115","22.785","780"
"290","113239","20221006051000","231","2","臺東縣","臺東市","121.110","22.790","297"
"42","113251","20221006051000","29","2","臺東縣","臺東市","121.155","22.760","33"
"135","113258","20221006051000","85","3","臺東縣","臺東市","121.175","22.780","108"
"89","113260","20221006051000","72","2","臺東縣","臺東市","121.185","22.790","86"
"495","113263","20221006051000","482","1","臺東縣","臺東市","121.190","22.795","493"
"81","113266","20221006051000","70","1","臺東縣","臺東市","121.195","22.800","61"
"33","113269","20221006051000","36","0","臺東縣","臺東市","121.190","22.810","28"
"114","113273","20221006051000","93","2","臺東縣","臺東市","121.195","22.815","107"
"168","113295","20221006051000","195","0","臺東縣","臺東市","121.175","22.785","175"
"135","113299","20221006051000","143","0","臺東縣","臺東市","121.175","22.790","120"
"125","113310","20221006051000","113","1","臺東縣","臺東市","121.150","22.765","133"
"757","113311","20221006051000","728","1","臺東縣","臺東市","121.155","22.765","716"
"150","113314","20221006051000","1068","0","高雄市","岡山區","120.285","22.780","145"
"48","113315","20221006051000","43","1","高雄市","岡山區","120.290","22.780","45"
"81","113317","20221006051000","85","0","高雄市","岡山區","120.290","22.785","82"
"979","113318","20221006051000","786","2","高雄市","岡山區","120.280","22.800","977"
"219","113327","20221006051000","237","0","臺東縣","臺東市","121.065","22.740","216"
"237","113345","20221006051000","273","0","臺東縣","臺東市","121.055","22.760","236"
"186","113347","20221006051000","240","0","臺東縣","臺東市","121.060","22.760","185"
"61","113353","20221006051000","346","0","臺東縣","臺東市","121.140","22.765","61"
"1479","113354","20221006051000","1611","0","臺東縣","臺東市","121.145","22.765","1415"
"346","113355","20221006051000","485","0","臺東縣","臺東市","121.140","22.770","328"
"1462","113356","20221006051000","1338","1","臺東縣","臺東市","121.145","22.770","1447"
"926","113364","20221006051000","937","0","臺東縣","臺東市","121.145","22.745","883"
"692","113366","20221006051000","1421","0","臺東縣","臺東市","121.140","22.750","506"
"332","113367","20221006051000","358","0","臺東縣","臺東市","121.145","22.750","307"
"224","113369","20221006051000","616","0","臺東縣","臺東市","121.145","22.755","197"
"252","113378","20221006051000","217","1","臺東縣","臺東市","121.125","22.790","262"
"513","113380","20221006051000","502","1","臺東縣","臺東市","121.130","22.790","480"
"680","113381","20221006051000","1143","0","臺東縣","臺東市","121.125","22.795","576"
"273","113386","20221006051000","218","2","臺東縣","臺東市","121.125","22.805","230"
"108","113389","20221006051000","67","3","臺東縣","臺東市","121.120","22.810","111"
"1210","113416","20221006051000","1049","1","臺東縣","臺東市","121.105","22.750","1154"
"271","113423","20221006051000","174","3","臺東縣","臺東市","121.105","22.755","245"
"220","113425","20221006051000","286","0","臺東縣","臺東市","121.075","22.760","204"
"510","113434","20221006051000","483","1","臺東縣","臺東市","121.060","22.735","521"
"99","113448","20221006051000","74","2","屏東縣","里港鄉","120.530","22.830","80"
"92","113450","20221006051000","66","2","高雄市","美濃區","120.540","22.830","86"
"236","113466","20221006051000","217","1","高雄市","美濃區","120.530","22.840","218"
"29","113487","20221006051000","30","0","高雄市","大樹區","120.445","22.740","38"
"54","113496","20221006051000","55","0","高雄市","大樹區","120.445","22.745","58"
"569","113505","20221006051000","656","0","高雄市","大樹區","120.445","22.750","555"
"48","113506","20221006051000","45","1","高雄市","大樹區","120.450","22.750","52"
"67","113513","20221006051000","67","1","高雄市","岡山區","120.270","22.775","70"
"359","113514","20221006051000","325","1","高雄市","楠梓區","120.280","22.735","384"
"309","113564","20221006051000","158","3","臺東縣","卑南鄉","121.075","22.775","292"
"383","113740","20221006051000","397","0","臺東縣","卑南鄉","121.080","22.775","375"
"286","113741","20221006051000","320","0","臺東縣","卑南鄉","121.085","22.775","275"
"453","113742","20221006051000","425","1","臺東縣","卑南鄉","121.090","22.775","448"
"392","113750","20221006051000","249","3","臺東縣","卑南鄉","121.080","22.785","338"
"30","113762","20221006051000","142","0","臺東縣","卑南鄉","121.095","22.790","30"
"307","113792","20221006051000","298","1","臺東縣","卑南鄉","121.100","22.825","283"
"147","113799","20221006051000","96","3","臺東縣","卑南鄉","121.090","22.830","124"
"461","113843","20221006051000","466","0","臺東縣","卑南鄉","121.090","22.800","440"
"127","113882","20221006051000","132","0","臺東縣","卑南鄉","121.090","22.820","113"
"17","113896","20221006051000","25","0","高雄市","路竹區","120.270","22.840","13"
"418","113902","20221006051000","281","2","高雄市","橋頭區","120.290","22.745","425"
"107","113905","20221006051000","111","0","高雄市","橋頭區","120.295","22.755","98"
"557","113906","20221006051000","458","2","高雄市","楠梓區","120.325","22.755","560"
"91","113911","20221006051000","85","1","高雄市","橋頭區","120.320","22.765","89"
"678","113923","20221006051000","588","1","高雄市","橋頭區","120.305","22.770","680"
"335","113933","20221006051000","267","2","高雄市","橋頭區","120.290","22.760","336"
"418","113934","20221006051000","340","2","高雄市","岡山區","120.280","22.765","415"
"28","113947","20221006051000","28","1","高雄市","路竹區","120.275","22.840","23"
"33","113948","20221006051000","42","0","高雄市","路竹區","120.280","22.840","33"
"299","113950","20221006051000","189","3","高雄市","路竹區","120.275","22.820","278"
"169","113959","20221006051000","138","2","高雄市","路竹區","120.275","22.825","159"
"208","113962","20221006051000","134","3","高雄市","路竹區","120.265","22.830","209"
"87","113965","20221006051000","15","3","高雄市","路竹區","120.265","22.840","83"
"588","113969","20221006051000","484","2","高雄市","路竹區","120.240","22.835","563"
"645","113971","20221006051000","575","1","高雄市","路竹區","120.250","22.835","684"
"321","113978","20221006051000","332","0","高雄市","路竹區","120.245","22.845","319"
"178","113982","20221006051000","152","1","高雄市","路竹區","120.260","22.840","182"
"32","113984","20221006051000","238","0","高雄市","彌陀區","120.245","22.785","32"
"204","113985","20221006051000","248","0","高雄市","彌陀區","120.245","22.790","216"
"55","113992","20221006051000","47","1","高雄市","橋頭區","120.300","22.765","55"
"12","113994","20221006051000","737","0","高雄市","橋頭區","120.320","22.735","10"
"382","113997","20221006051000","279","2","高雄市","橋頭區","120.315","22.745","394"
"490","114001","20221006051000","610","0","高雄市","橋頭區","120.315","22.760","467"
"294","114004","20221006051000","262","1","高雄市","橋頭區","120.310","22.760","289"
"1701","114006","20221006051000","1523","1","高雄市","橋頭區","120.310","22.765","1664"
"11","114044","20221006051000","11","1","高雄市","旗山區","120.465","22.830","10"
"462","114050","20221006051000","380","2","高雄市","橋頭區","120.300","22.740","438"
"642","114055","20221006051000","490","2","高雄市","橋頭區","120.295","22.735","627"
"283","114057","20221006051000","487","0","高雄市","橋頭區","120.295","22.740","282"
"55","114059","20221006051000","624","0","高雄市","橋頭區","120.290","22.765","47"
"417","114062","20221006051000","255","3","高雄市","橋頭區","120.270","22.735","401"
"27","114068","20221006051000","400","0","高雄市","橋頭區","120.280","22.745","20"
"500","114075","20221006051000","295","3","高雄市","永安區","120.240","22.820","472"
"104","114077","20221006051000","73","2","高雄市","永安區","120.250","22.820","113"
"136","114094","20221006051000","88","3","高雄市","永安區","120.210","22.810","117"
"41","114108","20221006051000","46","0","高雄市","永安區","120.205","22.825","41"
"1642","114116","20221006051000","1657","0","臺東縣","臺東市","121.150","22.755","1476"
"2358","114117","20221006051000","1801","2","臺東縣","臺東市","121.145","22.760","2218"
"733","114118","20221006051000","753","0","臺東縣","臺東市","121.150","22.760","662"
"365","114125","20221006051000","362","1","臺東縣","臺東市","121.115","22.750","386"
"1705","114128","20221006051000","1330","2","臺東縣","臺東市","121.135","22.755","1670"
"1017","114129","20221006051000","867","1","臺東縣","臺東市","121.140","22.760","948"
"208","114130","20221006051000","1278","0","臺東縣","臺東市","121.150","22.750","134"
"294","114135","20221006051000","278","1","臺東縣","臺東市","121.100","22.740","277"
"461","114143","20221006051000","571","0","高雄市","燕巢區","120.360","22.765","468"
"924","114144","20221006051000","738","2","高雄市","燕巢區","120.365","22.765","868"
"363","114154","20221006051000","672","0","高雄市","燕巢區","120.360","22.770","337"
"637","114155","20221006051000","503","2","高雄市","岡山區","120.315","22.775","629"
"353","114160","20221006051000","292","2","高雄市","燕巢區","120.340","22.775","334"
"152","114174","20221006051000","109","2","高雄市","燕巢區","120.360","22.775","139"
"89","114194","20221006051000","66","2","高雄市","燕巢區","120.400","22.810","84"
"234","114204","20221006051000","247","0","高雄市","燕巢區","120.340","22.755","244"
"138","114206","20221006051000","195","0","高雄市","燕巢區","120.350","22.755","143"
"411","114207","20221006051000","417","0","高雄市","燕巢區","120.355","22.755","422"
"51","114210","20221006051000","102","0","高雄市","燕巢區","120.335","22.760","49"
"209","114212","20221006051000","208","1","高雄市","燕巢區","120.345","22.760","196"
"24","114214","20221006051000","80","0","高雄市","燕巢區","120.355","22.760","26"
"29","114226","20221006051000","25","1","高雄市","田寮區","120.420","22.820","30"
"11","114268","20221006051000","11","1","高雄市","岡山區","120.270","22.795","14"
"1331","114271","20221006051000","981","2","高雄市","岡山區","120.285","22.795","1323"
"679","114274","20221006051000","533","2","高雄市","岡山區","120.280","22.780","701"
"609","114276","20221006051000","505","2","高雄市","梓官區","120.265","22.750","612"
"703","114278","20221006051000","560","2","高雄市","梓官區","120.260","22.745","727"
"353","114279","20221006051000","157","3","高雄市","梓官區","120.265","22.745","359"
"838","114288","20221006051000","676","2","高雄市","梓官區","120.265","22.760","815"
"1459","114295","20221006051000","1083","2","高雄市","梓官區","120.270","22.760","1459"
"451","114297","20221006051000","325","2","高雄市","梓官區","120.245","22.740","440"
"134","114302","20221006051000","95","2","高雄市","梓官區","120.245","22.750","126"
"449","114304","20221006051000","332","2","高雄市","梓官區","120.250","22.735","466"
"702","114307","20221006051000","936","0","高雄市","橋頭區","120.310","22.750","722"
"85","114308","20221006051000","76","1","高雄市","橋頭區","120.315","22.755","85"
"957","114309","20221006051000","1329","0","高雄市","橋頭區","120.310","22.755","925"
"526","114311","20221006051000","416","2","高雄市","橋頭區","120.305","22.735","503"
"39","114315","20221006051000","283","0","高雄市","橋頭區","120.305","22.740","40"
"567","114318","20221006051000","576","0","高雄市","橋頭區","120.310","22.745","570"
"415","114322","20221006051000","415","1","高雄市","橋頭區","120.300","22.755","414"
"48","114344","20221006051000","45","1","高雄市","旗山區","120.440","22.785","43"
"10","114349","20221006051000","23","0","高雄市","旗山區","120.430","22.790","11"
"13","114358","20221006051000","25","0","高雄市","旗山區","120.435","22.795","21"
"162","114363","20221006051000","162","1","高雄市","旗山區","120.460","22.795","174"
"83","114393","20221006051000","52","3","高雄市","旗山區","120.455","22.815","82"
"83","114395","20221006051000","78","1","高雄市","旗山區","120.465","22.815","80"
"629","114407","20221006051000","729","0","高雄市","旗山區","120.465","22.840","586"
"48","114408","20221006051000","79","0","高雄市","旗山區","120.450","22.845","50"
"27","114416","20221006051000","505","0","高雄市","梓官區","120.270","22.765","28"
"38","114421","20221006051000","976","0","高雄市","梓官區","120.260","22.740","49"
"324","114422","20221006051000","300","1","高雄市","橋頭區","120.265","22.740","323"
"11","114424","20221006051000","304","0","臺東縣","卑南鄉","121.160","22.790","11"
"35","114448","20221006051000","44","0","臺東縣","卑南鄉","121.180","22.805","56"
"70","114462","20221006051000","54","2","臺東縣","卑南鄉","121.150","22.820","56"
"84","114473","20221006051000","105","0","臺東縣","卑南鄉","121.150","22.830","75"
"107","114575","20221006051000","88","2","臺東縣","卑南鄉","121.055","22.745","73"
"295","114700","20221006051000","301","0","臺東縣","臺東市","121.045","22.760","293"
"176","114840","20221006051000","116","3","臺東縣","卑南鄉","121.070","22.795","179"
"351","114846","20221006051000","340","1","臺東縣","卑南鄉","121.065","22.800","332"
"647","114971","20221006051000","659","0","臺東縣","臺東市","121.125","22.740","594"
"16","114972","20221006051000","538","0","臺東縣","臺東市","121.130","22.740","16"
"953","114977","20221006051000","1034","0","臺東縣","臺東市","121.135","22.740","834"
"965","114979","20221006051000","910","1","臺東縣","臺東市","121.120","22.735","870"
"11","114990","20221006051000","14","0","高雄市","岡山區","120.345","22.820","14"
"1274","115004","20221006051000","1310","0","高雄市","岡山區","120.285","22.790","1285"
"23","115005","20221006051000","17","2","高雄市","岡山區","120.290","22.790","17"
"311","115006","20221006051000","259","2","高雄市","岡山區","120.295","22.785","333"
"18","115293","20221006051000","11","3","高雄市","田寮區","120.370","22.825","10"
"279","115298","20221006051000","201","2","高雄市","田寮區","120.360","22.830","271"
"123","115300","20221006051000","123","1","高雄市","田寮區","120.370","22.830","124"
"106","115304","20221006051000","98","1","高雄市","田寮區","120.355","22.835","115"
"61","115311","20221006051000","54","1","高雄市","田寮區","120.395","22.835","57"
"128","115312","20221006051000","120","1","高雄市","田寮區","120.345","22.840","112"
"47","115319","20221006051000","50","0","高雄市","田寮區","120.345","22.845","44"
"38","115329","20221006051000","58","0","高雄市","旗山區","120.435","22.830","38"
"82","115367","20221006051000","869","0","高雄市","燕巢區","120.355","22.790","88"
"324","115368","20221006051000","248","2","高雄市","燕巢區","120.360","22.790","321"
"133","115374","20221006051000","158","0","高雄市","燕巢區","120.325","22.785","144"
"264","115375","20221006051000","189","2","高雄市","燕巢區","120.330","22.785","244"
"347","115377","20221006051000","299","1","高雄市","燕巢區","120.340","22.785","342"
"107","115380","20221006051000","108","0","高雄市","燕巢區","120.355","22.785","119"
"352","115382","20221006051000","274","2","高雄市","燕巢區","120.340","22.790","357"
"272","115384","20221006051000","209","2","高雄市","燕巢區","120.350","22.790","252"
"14","115394","20221006051000","19","0","高雄市","燕巢區","120.355","22.810","19"
"24","115398","20221006051000","21","1","高雄市","燕巢區","120.375","22.810","28"
"79","115401","20221006051000","80","0","高雄市","燕巢區","120.390","22.810","78"
"82","115402","20221006051000","58","2","高雄市","燕巢區","120.355","22.815","86"
"299","115429","20221006051000","249","2","高雄市","燕巢區","120.365","22.790","288"
"459","115436","20221006051000","410","1","高雄市","燕巢區","120.365","22.795","456"
"154","115437","20221006051000","140","1","高雄市","燕巢區","120.370","22.795","163"
"49","115438","20221006051000","43","1","高雄市","燕巢區","120.375","22.795","46"
"536","115447","20221006051000","623","0","高雄市","燕巢區","120.375","22.760","542"
"672","115450","20221006051000","491","2","高雄市","燕巢區","120.375","22.765","690"
"40","115453","20221006051000","40","1","高雄市","燕巢區","120.390","22.765","46"
"11","115458","20221006051000","83","0","高雄市","燕巢區","120.385","22.770","11"
"51","115463","20221006051000","47","1","高雄市","燕巢區","120.410","22.770","58"
"324","115472","20221006051000","275","1","高雄市","燕巢區","120.385","22.775","327"
"178","115473","20221006051000","158","1","高雄市","燕巢區","120.390","22.775","189"
"76","115475","20221006051000","62","2","高雄市","燕巢區","120.400","22.775","65"
"148","115482","20221006051000","116","2","高雄市","燕巢區","120.385","22.780","153"
"176","115486","20221006051000","153","1","高雄市","燕巢區","120.405","22.780","162"
"145","115500","20221006051000","129","1","高雄市","燕巢區","120.420","22.780","128"
"143","115501","20221006051000","69","3","高雄市","燕巢區","120.425","22.780","91"
"23","115507","20221006051000","27","0","高雄市","燕巢區","120.410","22.785","23"
"98","115513","20221006051000","89","1","高雄市","燕巢區","120.405","22.790","29"
"113","115519","20221006051000","87","2","高雄市","燕巢區","120.410","22.795","72"
"108","115523","20221006051000","97","1","高雄市","岡山區","120.315","22.785","106"
"326","115524","20221006051000","215","3","高雄市","燕巢區","120.320","22.785","316"
"23","115528","20221006051000","110","0","高雄市","燕巢區","120.330","22.790","20"
"47","115531","20221006051000","442","0","高雄市","燕巢區","120.325","22.795","43"
"229","115537","20221006051000","383","0","高雄市","燕巢區","120.335","22.800","159"
"899","115543","20221006051000","836","1","高雄市","燕巢區","120.355","22.795","898"
"186","115544","20221006051000","158","1","高雄市","燕巢區","120.360","22.795","180"
"270","115546","20221006051000","229","1","高雄市","燕巢區","120.355","22.800","254"
"923","115555","20221006051000","2041","0","高雄市","楠梓區","120.325","22.735","918"
"1281","115556","20221006051000","679","3","高雄市","楠梓區","120.330","22.735","1257"
"1071","115557","20221006051000","1609","0","高雄市","楠梓區","120.335","22.735","1105"
"967","115559","20221006051000","921","1","高雄市","楠梓區","120.330","22.740","971"
"1147","115560","20221006051000","1108","1","高雄市","楠梓區","120.335","22.740","1138"
"44","115562","20221006051000","592","0","高雄市","楠梓區","120.330","22.745","42"
"33","115563","20221006051000","442","0","高雄市","橋頭區","120.325","22.750","32"
"1042","115564","20221006051000","770","2","高雄市","楠梓區","120.330","22.750","1066"
"129","115565","20221006051000","61","3","高雄市","岡山區","120.305","22.780","118"
"183","115567","20221006051000","165","1","高雄市","岡山區","120.315","22.825","183"
"289","115568","20221006051000","249","1","高雄市","岡山區","120.325","22.825","299"
"128","115576","20221006051000","296","0","高雄市","岡山區","120.315","22.815","137"
"231","115577","20221006051000","111","3","高雄市","岡山區","120.320","22.815","167"
"60","115580","20221006051000","66","0","高雄市","岡山區","120.325","22.820","60"
"75","115598","20221006051000","1014","0","高雄市","岡山區","120.295","22.795","79"
"250","115599","20221006051000","240","1","高雄市","岡山區","120.290","22.800","260"
"597","115600","20221006051000","612","0","高雄市","岡山區","120.295","22.800","625"
"601","115616","20221006051000","605","0","臺東縣","臺東市","121.105","22.770","594"
"398","115617","20221006051000","419","0","臺東縣","臺東市","121.110","22.770","351"
"45","115618","20221006051000","652","0","臺東縣","臺東市","121.115","22.770","45"
"146","115631","20221006051000","60","3","高雄市","大樹區","120.420","22.765","125"
"50","115636","20221006051000","52","0","高雄市","大樹區","120.445","22.765","38"
"232","115644","20221006051000","200","1","高雄市","大樹區","120.450","22.770","241"
"41","115647","20221006051000","31","2","高雄市","旗山區","120.430","22.775","42"
"379","115648","20221006051000","240","3","高雄市","岡山區","120.300","22.815","380"
"1079","115657","20221006051000","869","2","高雄市","岡山區","120.300","22.820","1059"
"579","115660","20221006051000","421","2","高雄市","岡山區","120.315","22.820","593"
"59","115663","20221006051000","37","3","高雄市","岡山區","120.295","22.830","55"
"262","115664","20221006051000","200","2","高雄市","岡山區","120.290","22.795","258"
"888","115665","20221006051000","827","1","高雄市","岡山區","120.285","22.800","854"
"14","115669","20221006051000","186","0","高雄市","燕巢區","120.325","22.800","12"
"10","115670","20221006051000","15","0","高雄市","岡山區","120.310","22.805","11"
"83","115676","20221006051000","61","2","高雄市","岡山區","120.320","22.810","51"
"145","115684","20221006051000","165","0","高雄市","岡山區","120.305","22.775","128"
"26","115686","20221006051000","46","0","高雄市","岡山區","120.310","22.775","28"
"25","115687","20221006051000","367","0","高雄市","岡山區","120.300","22.780","27"
"27","115690","20221006051000","875","0","高雄市","岡山區","120.300","22.785","27"
"48","115691","20221006051000","438","0","高雄市","岡山區","120.290","22.805","43"
"102","115692","20221006051000","222","0","高雄市","岡山區","120.295","22.805","88"
"75","115694","20221006051000","635","0","高雄市","岡山區","120.295","22.790","66"
"168","115706","20221006051000","144","1","高雄市","彌陀區","120.240","22.755","162"
"129","115708","20221006051000","119","1","高雄市","梓官區","120.250","22.755","121"
"162","115709","20221006051000","101","3","高雄市","彌陀區","120.235","22.760","159"
"140","115713","20221006051000","118","1","高雄市","彌陀區","120.240","22.765","150"
"348","115714","20221006051000","491","0","高雄市","彌陀區","120.250","22.780","375"
"696","115717","20221006051000","615","1","臺東縣","臺東市","121.140","22.740","665"
"310","115718","20221006051000","288","1","臺東縣","臺東市","121.130","22.745","306"
"2276","115719","20221006051000","2001","1","臺東縣","臺東市","121.135","22.745","2166"
"40","115720","20221006051000","715","0","臺東縣","臺東市","121.140","22.745","40"
"421","115721","20221006051000","419","1","臺東縣","臺東市","121.130","22.750","358"
"601","115722","20221006051000","685","0","臺東縣","臺東市","121.135","22.750","610"
"397","115724","20221006051000","312","2","臺東縣","臺東市","121.120","22.750","388"
"353","115727","20221006051000","320","1","臺東縣","臺東市","121.130","22.755","281"
"254","115728","20221006051000","317","0","臺東縣","臺東市","121.120","22.760","263"
"72","115732","20221006051000","80","0","臺東縣","臺東市","121.090","22.760","62"
"339","115739","20221006051000","276","2","臺東縣","臺東市","121.095","22.765","310"
"510","115745","20221006051000","519","0","臺東縣","臺東市","121.095","22.770","487"
"157","115749","20221006051000","152","1","高雄市","阿蓮區","120.335","22.835","169"
"1168","115782","20221006051000","802","2","高雄市","岡山區","120.300","22.795","1177"
"1136","115783","20221006051000","1079","1","高雄市","岡山區","120.305","22.795","1145"
"27","115784","20221006051000","31","0","高雄市","岡山區","120.310","22.795","25"
"541","115787","20221006051000","395","2","高雄市","岡山區","120.270","22.780","530"
"85","115788","20221006051000","411","0","高雄市","岡山區","120.270","22.785","74"
"259","115791","20221006051000","852","0","高雄市","岡山區","120.285","22.785","254"
"468","115793","20221006051000","485","0","高雄市","彌陀區","120.250","22.785","478"
"1169","115795","20221006051000","880","2","高雄市","彌陀區","120.235","22.795","1151"
"117","115804","20221006051000","132","0","高雄市","彌陀區","120.245","22.775","119"
"87","115805","20221006051000","66","2","高雄市","彌陀區","120.245","22.765","81"
"160","115808","20221006051000","170","0","高雄市","彌陀區","120.245","22.770","164"
"18","115810","20221006051000","161","0","高雄市","彌陀區","120.255","22.770","12"
"1345","115819","20221006051000","1011","2","高雄市","岡山區","120.305","22.785","1328"
"489","115820","20221006051000","1285","0","高雄市","岡山區","120.300","22.790","482"
"879","115821","20221006051000","834","1","高雄市","岡山區","120.305","22.790","821"
"559","115833","20221006051000","230","3","高雄市","岡山區","120.265","22.815","555"
"205","115834","20221006051000","190","1","高雄市","岡山區","120.270","22.815","195"
"159","115836","20221006051000","138","1","高雄市","岡山區","120.255","22.820","161"
"104","115841","20221006051000","93","1","高雄市","岡山區","120.265","22.820","113"
"129","115844","20221006051000","94","2","高雄市","岡山區","120.300","22.830","119"
"523","115849","20221006051000","551","0","高雄市","阿蓮區","120.305","22.835","537"
"28","115851","20221006051000","123","0","高雄市","岡山區","120.280","22.810","30"
"228","115852","20221006051000","157","2","高雄市","岡山區","120.285","22.810","235"
"373","115855","20221006051000","334","1","高雄市","岡山區","120.285","22.815","399"
"37","115856","20221006051000","278","0","高雄市","岡山區","120.290","22.815","38"
"442","115872","20221006051000","325","2","高雄市","彌陀區","120.250","22.775","440"
"28","115876","20221006051000","29","0","高雄市","大社區","120.345","22.735","36"
"19","115878","20221006051000","255","0","高雄市","大社區","120.360","22.740","18"
"92","115879","20221006051000","88","1","高雄市","大社區","120.365","22.740","85"
"222","115883","20221006051000","246","0","高雄市","大社區","120.345","22.740","209"
"961","115886","20221006051000","935","1","高雄市","楠梓區","120.335","22.745","957"
"403","115889","20221006051000","661","0","高雄市","大社區","120.350","22.745","391"
"231","115892","20221006051000","468","0","高雄市","燕巢區","120.340","22.750","223"
"40","115895","20221006051000","38","1","高雄市","大社區","120.355","22.750","38"
"155","115897","20221006051000","141","1","高雄市","大社區","120.365","22.750","182"
"46","115911","20221006051000","46","1","高雄市","大社區","120.395","22.745","44"
"12","115922","20221006051000","29","0","高雄市","大社區","120.405","22.750","12"
"10","115927","20221006051000","56","0","高雄市","大社區","120.390","22.755","10"
"242","115941","20221006051000","144","3","高雄市","大社區","120.370","22.735","241"
"367","115943","20221006051000","384","0","高雄市","大社區","120.380","22.735","388"
"565","115946","20221006051000","503","1","高雄市","岡山區","120.275","22.775","545"
"695","115949","20221006051000","549","2","高雄市","岡山區","120.310","22.790","717"
"910","115953","20221006051000","930","0","高雄市","岡山區","120.300","22.800","943"
"45","115954","20221006051000","523","0","高雄市","岡山區","120.305","22.800","49"
"87","115966","20221006051000","69","2","高雄市","旗山區","120.425","22.815","86"
"14","115972","20221006051000","11","2","高雄市","旗山區","120.435","22.825","10"
"52","124145","20221006051000","387","0","屏東縣","高樹鄉","120.610","22.850","57"
"50","124161","20221006051000","197","0","屏東縣","高樹鄉","120.630","22.865","54"
"96","124176","20221006051000","52","3","屏東縣","高樹鄉","120.640","22.880","88"
"44","124193","20221006051000","33","2","臺南市","仁德區","120.245","22.935","43"
"635","124197","20221006051000","619","1","臺南市","仁德區","120.250","22.940","623"
"34","124211","20221006051000","35","0","臺南市","關廟區","120.330","22.910","36"
"265","124220","20221006051000","273","0","臺南市","關廟區","120.345","22.915","276"
"55","124243","20221006051000","76","0","高雄市","茄萣區","120.205","22.855","42"
"398","124253","20221006051000","361","1","臺南市","仁德區","120.215","22.910","406"
"349","124255","20221006051000","249","2","高雄市","湖內區","120.225","22.905","365"
"22","124262","20221006051000","406","0","臺南市","南區","120.185","22.920","16"
"161","124271","20221006051000","236","0","臺南市","歸仁區","120.270","22.920","174"
"135","124275","20221006051000","232","0","臺南市","歸仁區","120.285","22.920","132"
"168","124278","20221006051000","122","2","臺南市","歸仁區","120.280","22.925","151"
"18","124291","20221006051000","110","0","臺南市","南區","120.175","22.940","13"
"174","124293","20221006051000","261","0","臺南市","仁德區","120.245","22.925","160"
"13","124295","20221006051000","24","0","臺南市","仁德區","120.240","22.930","17"
"537","124314","20221006051000","1469","0","臺南市","仁德區","120.260","22.945","539"
"509","124322","20221006051000","537","0","臺南市","歸仁區","120.270","22.905","524"
"631","124323","20221006051000","549","1","臺南市","仁德區","120.255","22.910","613"
"579","124338","20221006051000","409","2","臺南市","仁德區","120.250","22.910","577"
"70","124352","20221006051000","66","1","臺南市","關廟區","120.325","22.950","68"
"276","124363","20221006051000","150","3","臺南市","關廟區","120.335","22.930","265"
"1079","124386","20221006051000","993","1","臺南市","仁德區","120.255","22.950","1044"
"146","124408","20221006051000","219","0","臺南市","仁德區","120.230","22.945","142"
"249","124415","20221006051000","278","0","臺南市","仁德區","120.260","22.950","236"
"105","124431","20221006051000","149","0","臺南市","歸仁區","120.295","22.925","159"
"170","124453","20221006051000","156","1","臺南市","歸仁區","120.300","22.940","181"
"707","124469","20221006051000","583","2","臺南市","南區","120.180","22.930","708"
"17","124474","20221006051000","101","0","臺南市","南區","120.190","22.935","13"
"22","124481","20221006051000","14","3","臺南市","歸仁區","120.275","22.905","24"
"11","124490","20221006051000","492","0","臺南市","歸仁區","120.270","22.910","11"
"25","124491","20221006051000","376","0","臺南市","歸仁區","120.275","22.910","22"
"146","124494","20221006051000","173","0","臺南市","歸仁區","120.285","22.910","144"
"696","124526","20221006051000","657","1","臺南市","歸仁區","120.275","22.950","706"
"156","124527","20221006051000","165","0","臺南市","歸仁區","120.280","22.950","149"
"33","124538","20221006051000","43","0","臺南市","仁德區","120.220","22.920","41"
"190","124546","20221006051000","160","1","臺南市","南區","120.215","22.950","182"
"12","124548","20221006051000","39","0","臺南市","仁德區","120.220","22.945","12"
"103","124549","20221006051000","138","0","臺南市","仁德區","120.220","22.950","134"
"435","124551","20221006051000","517","0","臺南市","仁德區","120.235","22.915","454"
"686","124552","20221006051000","761","0","臺南市","仁德區","120.225","22.920","676"
"352","124553","20221006051000","624","0","臺南市","仁德區","120.230","22.920","383"
"210","124557","20221006051000","216","0","臺南市","仁德區","120.250","22.920","217"
"422","124559","20221006051000","467","0","臺南市","仁德區","120.225","22.925","420"
"493","124565","20221006051000","420","1","臺南市","仁德區","120.220","22.915","483"
"987","124569","20221006051000","964","1","臺南市","仁德區","120.215","22.915","1016"
"543","124585","20221006051000","533","1","臺南市","南區","120.180","22.945","523"
"290","124591","20221006051000","293","0","臺南市","南區","120.185","22.950","297"
"10","124593","20221006051000","12","0","臺南市","南區","120.195","22.950","10"
"46","124601","20221006051000","34","2","高雄市","茂林區","120.685","22.905","41"
"1445","124642","20221006051000","1394","1","高雄市","茄萣區","120.185","22.895","1416"
"13","124648","20221006051000","12","1","高雄市","內門區","120.450","22.920","14"
"295","124661","20221006051000","315","0","高雄市","美濃區","120.525","22.850","288"
"100","124668","20221006051000","101","0","高雄市","美濃區","120.535","22.850","109"
"236","124671","20221006051000","350","0","高雄市","美濃區","120.550","22.850","233"
"353","124678","20221006051000","338","1","高雄市","美濃區","120.535","22.860","323"
"207","124706","20221006051000","148","2","高雄市","美濃區","120.580","22.920","211"
"844","124774","20221006051000","816","1","高雄市","美濃區","120.545","22.900","858"
"227","124778","20221006051000","157","2","高雄市","美濃區","120.555","22.905","214"
"287","124780","20221006051000","235","2","高雄市","美濃區","120.545","22.910","266"
"252","124803","20221006051000","188","2","高雄市","美濃區","120.535","22.865","254"
"366","124809","20221006051000","300","2","高雄市","美濃區","120.535","22.875","358"
"260","124812","20221006051000","187","2","高雄市","美濃區","120.535","22.880","261"
"234","124818","20221006051000","176","2","高雄市","美濃區","120.555","22.885","228"
"190","124831","20221006051000","300","0","高雄市","內門區","120.460","22.925","189"
"58","124869","20221006051000","86","0","高雄市","內門區","120.470","22.910","51"
"22","124870","20221006051000","29","0","高雄市","內門區","120.475","22.910","22"
"247","124903","20221006051000","235","1","高雄市","內門區","120.465","22.940","241"
"28","124908","20221006051000","181","0","高雄市","內門區","120.460","22.920","33"
"17","124962","20221006051000","13","2","臺南市","龍崎區","120.380","22.950","14"
"21","124976","20221006051000","20","1","臺南市","龍崎區","120.395","22.930","18"
"85","124995","20221006051000","73","1","臺南市","龍崎區","120.365","22.915","83"
"117","125006","20221006051000","79","2","臺南市","龍崎區","120.350","22.930","83"
"320","125045","20221006051000","386","0","臺南市","龍崎區","120.425","22.940","308"
"15","125051","20221006051000","14","1","臺南市","龍崎區","120.400","22.950","15"
"54","125099","20221006051000","204","0","臺東縣","卑南鄉","121.090","22.865","54"
"11","125131","20221006051000","53","0","臺東縣","卑南鄉","121.135","22.860","11"
"188","125138","20221006051000","242","0","臺東縣","卑南鄉","121.125","22.870","193"
"10","125172","20221006051000","59","0","臺東縣","卑南鄉","121.190","22.850","10"
"251","125177","20221006051000","240","1","高雄市","湖內區","120.235","22.900","239"
"84","125178","20221006051000","115","0","臺南市","仁德區","120.235","22.905","75"
"490","125179","20221006051000","289","3","高雄市","湖內區","120.230","22.910","477"
"491","125186","20221006051000","416","1","高雄市","路竹區","120.275","22.870","493"
"62","125192","20221006051000","50","2","高雄市","路竹區","120.265","22.885","59"
"451","125206","20221006051000","387","1","高雄市","路竹區","120.270","22.870","450"
"495","125207","20221006051000","436","1","高雄市","路竹區","120.255","22.875","443"
"153","125215","20221006051000","130","1","高雄市","茄萣區","120.180","22.910","161"
"575","125229","20221006051000","416","2","高雄市","路竹區","120.290","22.865","608"
"299","125232","20221006051000","282","1","高雄市","路竹區","120.245","22.860","284"
"1362","125234","20221006051000","936","2","高雄市","路竹區","120.255","22.860","1205"
"81","125242","20221006051000","77","1","高雄市","路竹區","120.250","22.855","71"
"379","125244","20221006051000","46","3","高雄市","路竹區","120.260","22.865","27"
"396","125249","20221006051000","439","0","高雄市","路竹區","120.235","22.860","376"
"460","125257","20221006051000","560","0","高雄市","路竹區","120.260","22.860","457"
"109","125258","20221006051000","60","3","高雄市","路竹區","120.255","22.865","60"
"395","125263","20221006051000","406","0","高雄市","路竹區","120.225","22.855","407"
"157","125284","20221006051000","81","3","高雄市","旗山區","120.515","22.855","161"
"172","125285","20221006051000","147","1","高雄市","旗山區","120.490","22.860","160"
"10","125295","20221006051000","65","0","高雄市","旗山區","120.490","22.880","12"
"343","125296","20221006051000","193","3","高雄市","旗山區","120.495","22.880","336"
"435","125297","20221006051000","421","1","高雄市","旗山區","120.500","22.880","432"
"733","125340","20221006051000","1158","0","高雄市","旗山區","120.480","22.895","730"
"66","125343","20221006051000","129","0","高雄市","旗山區","120.480","22.900","60"
"465","125346","20221006051000","495","0","高雄市","旗山區","120.475","22.905","484"
"21","125349","20221006051000","407","0","高雄市","旗山區","120.485","22.905","21"
"83","125360","20221006051000","457","0","高雄市","湖內區","120.250","22.880","78"
"351","125361","20221006051000","783","0","高雄市","湖內區","120.245","22.885","321"
"26","125366","20221006051000","272","0","高雄市","湖內區","120.240","22.890","33"
"526","125367","20221006051000","424","2","高雄市","湖內區","120.245","22.890","533"
"39","125374","20221006051000","52","0","高雄市","旗山區","120.445","22.885","43"
"37","125393","20221006051000","53","0","高雄市","內門區","120.420","22.910","48"
"17","125438","20221006051000","13","2","高雄市","茂林區","120.650","22.880","17"
"68","125487","20221006051000","77","0","高雄市","六龜區","120.620","22.890","70"
"117","125491","20221006051000","101","1","高雄市","六龜區","120.625","22.895","120"
"114","125506","20221006051000","106","1","高雄市","六龜區","120.635","22.910","121"
"17","125528","20221006051000","10","3","高雄市","六龜區","120.615","22.880","12"
"11","125541","20221006051000","11","1","高雄市","六龜區","120.615","22.885","11"
"82","125543","20221006051000","68","2","高雄市","六龜區","120.625","22.885","80"
"90","125591","20221006051000","77","1","高雄市","六龜區","120.645","22.925","85"
"907","125608","20221006051000","731","2","高雄市","路竹區","120.265","22.865","844"
"112","125613","20221006051000","111","1","高雄市","路竹區","120.265","22.850","125"
"105","125614","20221006051000","101","1","高雄市","路竹區","120.260","22.855","84"
"10","125615","20221006051000","526","0","高雄市","路竹區","120.265","22.855","10"
"366","125624","20221006051000","230","3","高雄市","路竹區","120.290","22.875","361"
"58","125626","20221006051000","50","1","高雄市","路竹區","120.295","22.875","53"
"65","125629","20221006051000","71","0","高雄市","路竹區","120.285","22.880","67"
"220","125646","20221006051000","180","2","臺南市","關廟區","120.345","22.905","190"
"309","125659","20221006051000","264","1","高雄市","阿蓮區","120.290","22.895","312"
"184","125660","20221006051000","180","1","高雄市","阿蓮區","120.295","22.895","180"
"487","125667","20221006051000","528","0","臺南市","歸仁區","120.280","22.905","475"
"14","125673","20221006051000","13","1","高雄市","阿蓮區","120.330","22.875","15"
"11","125675","20221006051000","116","0","高雄市","湖內區","120.195","22.910","11"
"293","125676","20221006051000","104","3","高雄市","湖內區","120.200","22.910","295"
"22","125737","20221006051000","208","0","高雄市","田寮區","120.370","22.865","19"
"59","125772","20221006051000","61","0","高雄市","田寮區","120.400","22.890","51"
"25","125779","20221006051000","42","0","高雄市","田寮區","120.400","22.895","29"
"19","125825","20221006051000","24","0","臺東縣","東河鄉","121.270","22.930","24"
"19","125838","20221006051000","25","0","臺東縣","東河鄉","121.275","22.940","17"
"104","125849","20221006051000","86","2","臺東縣","鹿野鄉","121.150","22.930","105"
"720","125884","20221006051000","1047","0","高雄市","旗山區","120.480","22.880","725"
"489","125896","20221006051000","510","0","高雄市","美濃區","120.540","22.900","516"
"25","125917","20221006051000","32","0","高雄市","美濃區","120.535","22.900","21"
"168","125941","20221006051000","162","1","高雄市","美濃區","120.565","22.865","169"
"15","125950","20221006051000","16","0","高雄市","美濃區","120.570","22.870","19"
"48","125951","20221006051000","28","3","高雄市","美濃區","120.575","22.870","41"
"59","125952","20221006051000","70","0","高雄市","美濃區","120.580","22.870","62"
"311","125955","20221006051000","279","1","高雄市","美濃區","120.565","22.875","305"
"96","125966","20221006051000","78","2","高雄市","美濃區","120.545","22.880","85"
"58","125970","20221006051000","83","0","高雄市","美濃區","120.535","22.885","52"
"315","125981","20221006051000","286","1","高雄市","美濃區","120.515","22.875","301"
"133","125989","20221006051000","127","1","高雄市","旗山區","120.505","22.890","137"
"258","125997","20221006051000","265","0","高雄市","美濃區","120.520","22.895","280"
"233","126001","20221006051000","181","2","高雄市","美濃區","120.520","22.900","242"
"435","126010","20221006051000","380","1","高雄市","美濃區","120.560","22.915","428"
"128","126024","20221006051000","129","0","高雄市","美濃區","120.580","22.925","133"
"282","126043","20221006051000","229","2","高雄市","美濃區","120.550","22.865","262"
"331","126059","20221006051000","269","2","高雄市","美濃區","120.575","22.880","308"
"88","126076","20221006051000","89","0","高雄市","美濃區","120.570","22.895","91"
"592","126092","20221006051000","772","0","高雄市","旗山區","120.480","22.885","567"
"342","126096","20221006051000","568","0","高雄市","路竹區","120.265","22.870","263"
"522","126107","20221006051000","641","0","高雄市","路竹區","120.270","22.865","513"
"272","126119","20221006051000","373","0","高雄市","旗山區","120.490","22.920","239"
"297","126120","20221006051000","347","0","高雄市","旗山區","120.495","22.920","297"
"413","126140","20221006051000","243","3","高雄市","路竹區","120.280","22.850","399"
"43","126141","20221006051000","273","0","高雄市","路竹區","120.270","22.855","41"
"1399","126142","20221006051000","1128","2","高雄市","路竹區","120.265","22.860","1389"
"24","126160","20221006051000","25","0","臺東縣","卑南鄉","121.105","22.850","22"
"40","126178","20221006051000","507","0","臺東縣","卑南鄉","121.105","22.860","40"
"62","126219","20221006051000","382","0","高雄市","茄萣區","120.185","22.890","46"
"388","126227","20221006051000","294","2","高雄市","湖內區","120.235","22.895","364"
"80","126236","20221006051000","53","3","高雄市","湖內區","120.225","22.880","80"
"567","126244","20221006051000","510","1","高雄市","湖內區","120.225","22.895","573"
"564","126247","20221006051000","411","2","高雄市","湖內區","120.240","22.870","563"
"208","126249","20221006051000","160","2","高雄市","湖內區","120.235","22.875","207"
"265","126256","20221006051000","266","0","高雄市","湖內區","120.240","22.885","270"
"807","126258","20221006051000","725","1","高雄市","湖內區","120.250","22.875","772"
"177","126273","20221006051000","158","1","高雄市","美濃區","120.545","22.895","162"
"269","126301","20221006051000","242","1","臺東縣","鹿野鄉","121.085","22.900","249"
"259","126303","20221006051000","227","1","臺東縣","延平鄉","121.075","22.905","247"
"12","126313","20221006051000","29","0","臺東縣","延平鄉","121.090","22.915","11"
"31","126423","20221006051000","33","0","臺東縣","延平鄉","121.100","22.910","32"
"130","127499","20221006051000","150","0","臺東縣","延平鄉","121.150","22.900","119"
"20","127566","20221006051000","12","3","臺東縣","鹿野鄉","121.120","22.920","17"
"19","127569","20221006051000","184","0","臺東縣","鹿野鄉","121.120","22.925","19"
"217","127581","20221006051000","146","2","臺東縣","鹿野鄉","121.120","22.930","212"
"112","127584","20221006051000","102","1","臺東縣","鹿野鄉","121.135","22.930","100"
"57","127600","20221006051000","48","1","臺東縣","鹿野鄉","121.135","22.945","50"
"109","127605","20221006051000","88","2","高雄市","田寮區","120.395","22.850","104"
"68","127613","20221006051000","48","2","高雄市","田寮區","120.380","22.875","72"
"274","127617","20221006051000","254","1","高雄市","田寮區","120.385","22.880","273"
"49","127622","20221006051000","41","1","高雄市","田寮區","120.390","22.885","43"
"49","127652","20221006051000","51","0","高雄市","田寮區","120.360","22.880","47"
"74","127664","20221006051000","58","2","高雄市","田寮區","120.370","22.890","79"
"47","127666","20221006051000","51","0","高雄市","田寮區","120.360","22.895","39"
"27","127698","20221006051000","44","0","高雄市","田寮區","120.425","22.885","26"
"290","127704","20221006051000","346","0","高雄市","茄萣區","120.180","22.900","294"
"52","127705","20221006051000","454","0","高雄市","茄萣區","120.185","22.900","45"
"87","127717","20221006051000","153","0","臺東縣","鹿野鄉","121.100","22.895","87"
"65","127724","20221006051000","39","3","臺東縣","鹿野鄉","121.135","22.895","59"
"170","127733","20221006051000","204","0","臺東縣","鹿野鄉","121.135","22.910","180"
"99","127737","20221006051000","92","1","臺東縣","鹿野鄉","121.135","22.920","92"
"238","127754","20221006051000","215","1","臺東縣","鹿野鄉","121.120","22.905","212"
"1257","127765","20221006051000","1374","0","臺南市","仁德區","120.220","22.910","1229"
"41","127770","20221006051000","202","0","高雄市","湖內區","120.215","22.905","43"
"60","127835","20221006051000","45","2","臺東縣","東河鄉","121.235","22.940","40"
"164","127852","20221006051000","155","1","臺東縣","東河鄉","121.250","22.895","148"
"84","127889","20221006051000","79","1","臺東縣","東河鄉","121.255","22.915","96"
"15","127912","20221006051000","177","0","臺東縣","東河鄉","121.265","22.925","15"
"158","127933","20221006051000","154","1","臺東縣","東河鄉","121.190","22.860","151"
"40","127935","20221006051000","50","0","臺東縣","東河鄉","121.200","22.860","50"
"703","127958","20221006051000","753","0","臺東縣","東河鄉","121.225","22.870","674"
"100","127984","20221006051000","15","3","臺東縣","東河鄉","121.225","22.880","108"
"113","127998","20221006051000","84","2","臺東縣","東河鄉","121.235","22.880","99"
"50","128028","20221006051000","59","0","臺東縣","東河鄉","121.245","22.890","48"
"41","128038","20221006051000","57","0","臺東縣","東河鄉","121.235","22.895","37"
"195","128060","20221006051000","195","1","高雄市","阿蓮區","120.345","22.860","200"
"37","128066","20221006051000","471","0","高雄市","阿蓮區","120.320","22.850","46"
"118","128071","20221006051000","100","1","高雄市","阿蓮區","120.320","22.855","121"
"247","128073","20221006051000","199","2","高雄市","阿蓮區","120.330","22.855","236"
"1217","128075","20221006051000","905","2","高雄市","阿蓮區","120.325","22.875","1156"
"1432","128076","20221006051000","1045","2","高雄市","阿蓮區","120.325","22.880","1425"
"13","128078","20221006051000","182","0","高雄市","路竹區","120.305","22.860","13"
"248","128090","20221006051000","203","2","高雄市","阿蓮區","120.310","22.870","262"
"176","128091","20221006051000","142","2","高雄市","阿蓮區","120.315","22.870","164"
"83","128097","20221006051000","71","1","高雄市","阿蓮區","120.315","22.880","82"
"64","128418","20221006051000","48","2","高雄市","茂林區","120.715","22.910","64"
"97","128722","20221006051000","61","3","高雄市","茂林區","120.665","22.885","86"
"49","128723","20221006051000","31","3","高雄市","茂林區","120.670","22.885","51"
"22","128748","20221006051000","254","0","高雄市","旗山區","120.480","22.890","23"
"27","128751","20221006051000","21","2","高雄市","旗山區","120.475","22.850","24"
"331","128754","20221006051000","269","2","高雄市","路竹區","120.300","22.880","338"
"148","128758","20221006051000","117","2","高雄市","阿蓮區","120.305","22.890","132"
"19","128759","20221006051000","251","0","高雄市","阿蓮區","120.310","22.890","15"
"283","128764","20221006051000","221","2","高雄市","阿蓮區","120.330","22.880","326"
"44","128765","20221006051000","719","0","高雄市","阿蓮區","120.335","22.880","888"
"180","128766","20221006051000","172","1","高雄市","阿蓮區","120.340","22.880","181"
"251","128769","20221006051000","230","1","高雄市","阿蓮區","120.330","22.885","247"
"282","128776","20221006051000","223","2","高雄市","阿蓮區","120.320","22.890","284"
"143","128782","20221006051000","96","2","高雄市","阿蓮區","120.335","22.870","149"
"393","128789","20221006051000","321","2","高雄市","田寮區","120.355","22.870","407"
"666","128797","20221006051000","436","3","高雄市","茄萣區","120.185","22.905","638"
"297","128798","20221006051000","226","2","高雄市","茄萣區","120.190","22.905","298"
"95","128803","20221006051000","73","2","高雄市","茄萣區","120.195","22.855","62"
"51","128807","20221006051000","67","0","高雄市","茄萣區","120.195","22.860","67"
"317","128823","20221006051000","254","2","高雄市","茄萣區","120.190","22.870","335"
"480","128824","20221006051000","356","2","高雄市","茄萣區","120.195","22.870","470"
"206","128825","20221006051000","187","1","高雄市","茄萣區","120.200","22.870","162"
"21","128829","20221006051000","12","3","高雄市","茄萣區","120.190","22.875","23"
"480","128830","20221006051000","379","2","高雄市","茄萣區","120.195","22.875","497"
"148","128833","20221006051000","141","1","高雄市","茄萣區","120.210","22.875","150"
"193","128847","20221006051000","193","1","高雄市","茄萣區","120.190","22.910","198"
"427","128850","20221006051000","542","0","高雄市","茄萣區","120.185","22.910","431"
"176","128866","20221006051000","184","0","高雄市","旗山區","120.475","22.870","193"
"121","128884","20221006051000","93","2","高雄市","旗山區","120.455","22.880","87"
"70","128886","20221006051000","206","0","高雄市","旗山區","120.465","22.880","78"
"14","128887","20221006051000","14","1","高雄市","旗山區","120.470","22.880","14"
"792","128898","20221006051000","609","2","高雄市","旗山區","120.470","22.855","793"
"210","128911","20221006051000","316","0","高雄市","旗山區","120.500","22.925","218"
"233","128916","20221006051000","185","2","高雄市","旗山區","120.500","22.930","217"
"187","128946","20221006051000","136","2","高雄市","杉林區","120.525","22.930","179"
"521","134975","20221006051000","343","3","臺南市","安南區","120.210","23.035","515"
"643","134976","20221006051000","513","2","臺南市","安南區","120.210","23.040","662"
"1312","134977","20221006051000","1182","1","臺南市","安南區","120.215","23.040","1323"
"1145","134978","20221006051000","813","2","臺南市","安南區","120.215","23.030","1144"
"449","134979","20221006051000","316","2","臺南市","安南區","120.215","23.035","450"
"489","134985","20221006051000","445","1","臺南市","安南區","120.195","23.025","467"
"307","134991","20221006051000","279","1","臺南市","關廟區","120.300","22.995","323"
"19","134995","20221006051000","13","2","臺南市","關廟區","120.320","22.995","18"
"240","135015","20221006051000","175","2","臺南市","關廟區","120.305","23.010","225"
"774","135022","20221006051000","784","0","臺南市","關廟區","120.325","22.965","766"
"209","135056","20221006051000","234","0","臺南市","關廟區","120.330","22.965","222"
"389","135061","20221006051000","2020","0","臺南市","中西區","120.210","22.985","407"
"1351","135063","20221006051000","1422","0","臺南市","東區","120.230","22.980","1320"
"301","135064","20221006051000","211","2","臺南市","安南區","120.125","23.040","281"
"255","135074","20221006051000","211","2","臺南市","南區","120.175","22.965","217"
"1399","135079","20221006051000","1583","0","臺南市","南區","120.185","22.970","1408"
"463","135080","20221006051000","421","1","臺南市","南區","120.175","22.975","349"
"279","135081","20221006051000","299","0","臺南市","南區","120.180","22.975","280"
"1052","135083","20221006051000","822","2","臺南市","南區","120.185","22.980","1013"
"1389","135084","20221006051000","958","2","臺南市","北區","120.210","23.020","1425"
"106","135085","20221006051000","1383","0","臺南市","南區","120.200","22.980","1287"
"18","135086","20221006051000","77","0","臺南市","南區","120.205","22.970","19"
"287","135087","20221006051000","238","2","臺南市","南區","120.195","22.970","285"
"922","135088","20221006051000","1081","0","臺南市","南區","120.190","22.960","905"
"25","135461","20221006051000","17","2","臺東縣","海端鄉","121.130","23.000","28"
"176","135797","20221006051000","129","2","臺東縣","關山鎮","121.145","23.020","167"
"2114","135951","20221006051000","1711","2","臺南市","永康區","120.230","23.010","2079"
"4319","135952","20221006051000","3610","1","臺南市","永康區","120.225","23.020","4360"
"871","135953","20221006051000","800","1","臺南市","永康區","120.220","23.025","864"
"401","135954","20221006051000","328","2","臺南市","永康區","120.225","23.025","398"
"1420","135956","20221006051000","1367","1","臺南市","永康區","120.235","23.025","1475"
"345","135957","20221006051000","257","2","臺南市","永康區","120.225","23.030","349"
"151","135958","20221006051000","173","0","臺南市","永康區","120.230","23.030","148"
"24","135959","20221006051000","909","0","臺南市","永康區","120.255","22.995","19"
"896","135960","20221006051000","865","1","臺南市","永康區","120.255","23.000","916"
"373","135963","20221006051000","426","0","臺南市","永康區","120.260","23.005","397"
"1579","135966","20221006051000","1370","1","臺南市","安南區","120.205","23.030","1558"
"753","135967","20221006051000","699","1","臺南市","安南區","120.210","23.030","771"
"439","135969","20221006051000","308","2","臺南市","安南區","120.220","23.040","417"
"2117","135971","20221006051000","1730","2","臺南市","中西區","120.190","23.005","2123"
"146","135972","20221006051000","641","0","臺南市","永康區","120.250","23.005","136"
"643","135980","20221006051000","449","2","臺南市","南區","120.195","22.980","668"
"1269","135981","20221006051000","1073","1","臺南市","南區","120.190","22.970","1246"
"653","135982","20221006051000","1221","0","臺南市","中西區","120.190","23.000","608"
"1662","135983","20221006051000","1019","3","臺南市","中西區","120.195","23.000","1697"
"2261","135984","20221006051000","2216","1","臺南市","中西區","120.175","23.005","2600"
"266","135985","20221006051000","263","1","臺南市","中西區","120.180","23.000","295"
"586","135986","20221006051000","438","2","臺南市","安南區","120.165","23.005","599"
"1104","135990","20221006051000","1038","1","臺南市","永康區","120.260","23.030","1116"
"2127","135991","20221006051000","2052","1","臺南市","永康區","120.260","23.035","2083"
"346","135992","20221006051000","335","1","臺南市","永康區","120.255","23.040","350"
"2821","135993","20221006051000","2634","1","臺南市","永康區","120.230","23.015","2833"
"1235","135994","20221006051000","1105","1","臺南市","永康區","120.230","23.020","1252"
"617","135995","20221006051000","458","2","臺南市","安南區","120.205","23.035","603"
"912","135997","20221006051000","872","1","臺南市","永康區","120.220","23.020","918"
"958","135998","20221006051000","625","3","臺南市","北區","120.195","23.010","980"
"2352","136000","20221006051000","2059","1","臺南市","北區","120.195","23.015","2367"
"894","136001","20221006051000","852","1","臺南市","北區","120.200","23.015","871"
"551","136002","20221006051000","387","2","臺南市","北區","120.195","23.005","560"
"1378","136005","20221006051000","1135","2","臺南市","南區","120.190","22.985","1356"
"27","136006","20221006051000","198","0","臺南市","南區","120.210","22.975","39"
"589","136008","20221006051000","468","2","臺南市","北區","120.185","23.010","556"
"582","136009","20221006051000","758","0","臺南市","北區","120.190","23.010","599"
"1458","136013","20221006051000","1110","2","臺南市","中西區","120.195","22.990","1404"
"877","136014","20221006051000","756","1","臺南市","仁德區","120.255","22.975","898"
"61","136018","20221006051000","87","0","臺南市","仁德區","120.255","22.980","64"
"660","136020","20221006051000","441","2","臺南市","北區","120.200","23.010","649"
"441","136021","20221006051000","773","0","臺南市","北區","120.200","23.020","402"
"1118","136022","20221006051000","1108","1","臺南市","北區","120.205","23.015","1586"
"2268","136023","20221006051000","1202","3","臺南市","北區","120.210","23.015","2112"
"250","136025","20221006051000","197","2","臺南市","北區","120.205","23.020","272"
"358","136030","20221006051000","312","1","臺南市","永康區","120.275","23.030","351"
"1740","136034","20221006051000","1373","2","臺南市","永康區","120.235","23.020","1755"
"175","136035","20221006051000","288","0","臺南市","永康區","120.240","23.020","222"
"479","136036","20221006051000","752","0","臺南市","永康區","120.245","23.020","487"
"136","136037","20221006051000","1884","0","臺南市","永康區","120.250","23.020","139"
"564","136042","20221006051000","677","0","臺南市","永康區","120.250","23.025","591"
"638","136043","20221006051000","461","2","臺南市","關廟區","120.330","22.955","656"
"502","136044","20221006051000","384","2","臺南市","關廟區","120.330","22.960","490"
"538","136049","20221006051000","673","0","臺南市","關廟區","120.335","22.960","564"
"289","136054","20221006051000","187","3","臺南市","關廟區","120.345","22.965","284"
"49","136056","20221006051000","55","0","臺南市","關廟區","120.355","22.965","61"
"1639","136059","20221006051000","1112","2","臺南市","北區","120.205","23.005","1594"
"821","136061","20221006051000","776","1","臺南市","南區","120.200","22.970","809"
"544","136062","20221006051000","451","2","臺南市","中西區","120.205","22.990","501"
"862","136063","20221006051000","746","1","臺南市","中西區","120.200","22.985","901"
"567","136064","20221006051000","1140","0","臺南市","中西區","120.200","22.990","706"
"762","136065","20221006051000","644","1","臺南市","中西區","120.200","22.995","767"
"371","136067","20221006051000","340","1","臺南市","永康區","120.270","22.995","351"
"1939","136071","20221006051000","1821","1","臺南市","永康區","120.255","23.030","1920"
"552","136080","20221006051000","412","2","臺南市","關廟區","120.325","22.955","553"
"269","136081","20221006051000","274","0","臺南市","關廟區","120.315","22.960","273"
"792","136083","20221006051000","502","3","臺南市","關廟區","120.325","22.960","794"
"206","136085","20221006051000","125","3","臺南市","東區","120.220","22.990","217"
"2673","136087","20221006051000","2446","1","臺南市","東區","120.225","22.985","2681"
"1403","136088","20221006051000","1144","2","臺南市","東區","120.230","22.990","1377"
"1815","136089","20221006051000","1862","0","臺南市","東區","120.230","22.995","1854"
"979","136090","20221006051000","794","2","臺南市","東區","120.235","22.995","1004"
"1389","136091","20221006051000","1079","2","臺南市","北區","120.220","23.000","1437"
"629","136093","20221006051000","502","2","臺南市","中西區","120.180","23.005","642"
"1902","136094","20221006051000","1930","0","臺南市","中西區","120.185","23.005","1866"
"1887","136095","20221006051000","1406","2","臺南市","北區","120.225","23.005","1926"
"552","136096","20221006051000","398","2","臺南市","北區","120.225","23.000","536"
"130","136100","20221006051000","93","2","臺南市","仁德區","120.235","22.950","129"
"237","136101","20221006051000","203","1","臺南市","仁德區","120.235","22.955","237"
"1298","136102","20221006051000","1177","1","臺南市","仁德區","120.230","22.955","1277"
"142","136104","20221006051000","129","1","臺南市","仁德區","120.240","22.955","111"
"1773","136105","20221006051000","1359","2","臺南市","仁德區","120.255","22.955","1758"
"229","136109","20221006051000","243","0","臺南市","仁德區","120.250","22.955","206"
"950","136115","20221006051000","745","2","臺南市","北區","120.220","23.010","964"
"302","136118","20221006051000","1076","0","臺南市","中西區","120.210","22.995","320"
"496","136119","20221006051000","1031","0","臺南市","中西區","120.210","22.990","482"
"1078","136120","20221006051000","1239","0","臺南市","北區","120.205","23.000","1052"
"1297","136122","20221006051000","1024","2","臺南市","東區","120.225","22.965","1289"
"1156","136123","20221006051000","856","2","臺南市","東區","120.220","22.970","1144"
"1072","136125","20221006051000","1522","0","臺南市","東區","120.225","22.990","1082"
"519","136126","20221006051000","625","0","臺南市","東區","120.235","22.990","533"
"671","136128","20221006051000","570","1","臺南市","東區","120.245","22.990","690"
"293","136131","20221006051000","348","0","臺南市","歸仁區","120.275","22.960","297"
"502","136132","20221006051000","401","2","臺南市","歸仁區","120.280","22.960","514"
"29","136145","20221006051000","400","0","臺南市","南區","120.205","22.980","23"
"772","136146","20221006051000","1205","0","臺南市","南區","120.210","22.980","749"
"661","136147","20221006051000","587","1","臺南市","安平區","120.165","22.990","687"
"950","136149","20221006051000","770","2","臺南市","永康區","120.245","23.005","969"
"1339","136151","20221006051000","1228","1","臺南市","永康區","120.245","23.010","1365"
"48","136155","20221006051000","26","3","臺南市","關廟區","120.320","22.970","49"
"37","136163","20221006051000","44","0","臺南市","關廟區","120.310","22.980","31"
"1896","136181","20221006051000","1265","2","臺南市","北區","120.200","23.000","1880"
"46","136182","20221006051000","72","0","臺南市","南區","120.195","22.985","49"
"385","136184","20221006051000","278","2","臺南市","仁德區","120.225","22.960","365"
"369","136185","20221006051000","317","1","臺南市","東區","120.230","22.960","359"
"434","136188","20221006051000","419","1","臺南市","歸仁區","120.275","23.000","428"
"312","136195","20221006051000","249","2","臺南市","歸仁區","120.290","22.995","284"
"1880","136199","20221006051000","1294","2","臺南市","北區","120.210","23.005","1846"
"1390","136200","20221006051000","702","3","臺南市","東區","120.215","22.995","1354"
"627","136229","20221006051000","567","1","臺南市","安南區","120.195","23.030","649"
"1173","136230","20221006051000","1080","1","臺南市","安南區","120.195","23.035","1191"
"550","136231","20221006051000","512","1","臺南市","南區","120.190","22.965","534"
"10","136248","20221006051000","18","0","臺南市","左鎮區","120.405","22.995","16"
"71","136271","20221006051000","62","1","臺南市","左鎮區","120.420","23.010","60"
"21","136316","20221006051000","75","0","臺南市","左鎮區","120.395","23.010","25"
"44","136343","20221006051000","31","2","臺南市","左鎮區","120.385","23.035","38"
"3168","136422","20221006051000","3502","0","臺南市","東區","120.235","22.985","3210"
"1043","136423","20221006051000","638","3","臺南市","東區","120.215","22.990","1058"
"524","136430","20221006051000","531","0","臺南市","歸仁區","120.285","22.980","528"
"190","136438","20221006051000","148","2","臺南市","歸仁區","120.280","22.990","166"
"415","136444","20221006051000","425","0","臺南市","歸仁區","120.295","22.975","401"
"611","136452","20221006051000","499","2","臺南市","歸仁區","120.285","22.960","619"
"629","136453","20221006051000","381","3","臺南市","歸仁區","120.280","22.965","621"
"701","136455","20221006051000","607","1","臺南市","歸仁區","120.285","22.970","694"
"862","136458","20221006051000","865","0","臺南市","歸仁區","120.275","22.970","859"
"436","136459","20221006051000","372","1","臺南市","歸仁區","120.280","22.970","408"
"462","136460","20221006051000","333","2","臺南市","南區","120.200","22.975","424"
"728","136461","20221006051000","445","3","臺南市","南區","120.195","22.960","738"
"2105","136462","20221006051000","1728","2","臺南市","南區","120.190","22.980","2117"
"336","136475","20221006051000","289","1","臺南市","安南區","120.130","23.015","342"
"77","136483","20221006051000","46","3","臺南市","安南區","120.135","23.020","79"
"891","136490","20221006051000","529","3","臺南市","安南區","120.185","23.025","887"
"522","136495","20221006051000","529","0","臺南市","東區","120.235","22.980","524"
"305","136496","20221006051000","284","1","臺南市","永康區","120.255","23.010","293"
"972","136497","20221006051000","1264","0","臺南市","永康區","120.255","23.015","982"
"527","136498","20221006051000","756","0","臺南市","永康區","120.260","23.015","514"
"1093","136507","20221006051000","863","2","臺南市","永康區","120.275","23.020","1127"
"17","136508","20221006051000","686","0","臺南市","永康區","120.280","23.020","14"
"99","136509","20221006051000","1584","0","臺南市","安平區","120.175","22.995","91"
"186","136512","20221006051000","220","0","臺南市","安南區","120.160","23.005","391"
"879","136513","20221006051000","617","2","臺南市","安平區","120.190","22.990","904"
"436","136515","20221006051000","480","0","臺南市","永康區","120.220","23.030","468"
"593","136516","20221006051000","557","1","臺南市","東區","120.245","22.980","598"
"785","136517","20221006051000","741","1","臺南市","仁德區","120.250","22.980","736"
"2618","136518","20221006051000","1742","3","臺南市","東區","120.215","22.980","2647"
"1818","136520","20221006051000","2306","0","臺南市","東區","120.245","22.985","1827"
"1140","136521","20221006051000","814","2","臺南市","仁德區","120.250","22.985","1174"
"748","136523","20221006051000","695","1","臺南市","安平區","120.160","22.990","732"
"608","136525","20221006051000","519","1","臺南市","安平區","120.160","22.995","596"
"1025","136532","20221006051000","859","1","臺南市","安平區","120.165","22.985","1042"
"1024","136533","20221006051000","597","3","臺南市","安平區","120.170","22.985","1018"
"751","136534","20221006051000","789","0","臺南市","安平區","120.175","22.985","790"
"1468","136535","20221006051000","1009","2","臺南市","安平區","120.170","22.990","1420"
"912","136536","20221006051000","829","1","臺南市","安平區","120.175","22.990","925"
"253","136539","20221006051000","207","2","臺南市","安平區","120.150","22.995","250"
"299","136541","20221006051000","217","2","臺南市","安平區","120.145","23.000","294"
"29","136542","20221006051000","172","0","臺南市","安平區","120.150","23.000","190"
"353","136543","20221006051000","262","2","臺南市","安平區","120.155","23.000","404"
"226","136544","20221006051000","214","1","臺南市","安平區","120.160","23.000","247"
"754","136545","20221006051000","1451","0","臺南市","東區","120.240","22.980","742"
"517","136546","20221006051000","465","1","臺南市","東區","120.225","22.995","528"
"1524","136547","20221006051000","1516","1","臺南市","東區","120.235","22.965","1520"
"779","136548","20221006051000","692","1","臺南市","東區","120.220","22.975","765"
"548","136549","20221006051000","577","0","臺南市","歸仁區","120.300","22.960","539"
"422","136553","20221006051000","478","0","臺南市","歸仁區","120.285","23.005","440"
"161","136560","20221006051000","1633","0","臺南市","南區","120.195","22.975","156"
"343","136561","20221006051000","1975","0","臺南市","永康區","120.240","23.015","323"
"898","136562","20221006051000","796","1","臺南市","永康區","120.245","23.015","902"
"751","136563","20221006051000","939","0","臺南市","永康區","120.250","23.015","753"
"1545","136564","20221006051000","1053","2","臺南市","永康區","120.230","23.005","1566"
"1285","136565","20221006051000","2384","0","臺南市","永康區","120.235","23.000","1277"
"882","136566","20221006051000","1631","0","臺南市","北區","120.230","23.000","861"
"915","136567","20221006051000","1130","0","臺南市","永康區","120.270","23.005","899"
"1220","136568","20221006051000","1206","1","臺南市","永康區","120.265","23.010","1223"
"664","136573","20221006051000","716","0","臺南市","永康區","120.265","23.000","644"
"509","136574","20221006051000","492","1","臺南市","安南區","120.200","23.025","528"
"1118","136575","20221006051000","733","3","臺南市","安南區","120.205","23.025","1108"
"1210","136576","20221006051000","797","3","臺南市","安南區","120.210","23.025","1217"
"2745","136577","20221006051000","2155","2","臺南市","北區","120.225","23.010","2786"
"1451","136578","20221006051000","1326","1","臺南市","北區","120.215","23.010","1445"
"1278","136579","20221006051000","873","2","臺南市","北區","120.215","23.015","1287"
"126","136580","20221006051000","352","0","臺南市","南化區","120.495","23.030","125"
"40","136584","20221006051000","24","3","臺南市","南化區","120.500","23.035","38"
"22","136586","20221006051000","35","0","臺南市","南化區","120.465","23.040","28"
"24","136602","20221006051000","17","2","臺南市","南化區","120.465","23.010","27"
"1398","136671","20221006051000","1073","2","臺南市","中西區","120.170","23.000","1336"
"163","136672","20221006051000","1782","0","臺南市","中西區","120.175","23.000","1367"
"445","136674","20221006051000","609","0","臺南市","中西區","120.185","23.000","432"
"1788","136675","20221006051000","1767","1","臺南市","安平區","120.165","22.995","1784"
"628","136676","20221006051000","525","1","臺南市","安平區","120.170","22.995","627"
"1585","136677","20221006051000","1257","2","臺南市","安平區","120.185","22.990","1554"
"264","136678","20221006051000","269","0","臺南市","安平區","120.180","22.995","262"
"989","136679","20221006051000","1094","0","臺南市","安平區","120.185","22.995","978"
"478","136680","20221006051000","793","0","臺南市","安平區","120.180","22.985","1022"
"1890","136681","20221006051000","1293","2","臺南市","安平區","120.180","22.990","1918"
"17","136684","20221006051000","474","0","臺南市","安南區","120.190","23.040","20"
"187","136690","20221006051000","199","0","臺南市","南區","120.215","22.955","202"
"517","136695","20221006051000","402","2","臺南市","南區","120.210","22.965","505"
"794","136696","20221006051000","848","0","臺南市","南區","120.215","22.965","803"
"2853","136697","20221006051000","1663","3","臺南市","南區","120.185","22.965","2748"
"572","136701","20221006051000","400","2","臺南市","南區","120.170","22.955","544"
"181","136709","20221006051000","90","3","臺南市","南區","120.165","22.965","125"
"433","136712","20221006051000","420","1","臺南市","仁德區","120.220","22.955","424"
"459","136717","20221006051000","322","2","臺南市","仁德區","120.255","22.965","425"
"230","136718","20221006051000","303","0","臺南市","仁德區","120.260","22.965","220"
"556","136722","20221006051000","415","2","臺南市","仁德區","120.260","22.970","576"
"2251","136727","20221006051000","1563","2","臺南市","北區","120.220","23.005","2217"
"1819","136728","20221006051000","1497","2","臺南市","北區","120.200","23.005","1768"
"460","136732","20221006051000","370","2","臺南市","仁德區","120.260","22.985","476"
"1115","136738","20221006051000","792","2","臺南市","仁德區","120.260","22.990","1115"
"18","136741","20221006051000","53","0","臺南市","仁德區","120.265","22.995","20"
"440","136752","20221006051000","217","3","臺南市","安南區","120.185","23.035","453"
"516","136755","20221006051000","613","0","臺南市","安南區","120.185","23.040","533"
"2562","136756","20221006051000","2116","2","臺南市","中西區","120.205","22.995","2529"
"423","136758","20221006051000","449","0","臺南市","永康區","120.250","23.000","449"
"529","136763","20221006051000","443","1","臺南市","安南區","120.200","23.040","513"
"1143","136764","20221006051000","2656","0","臺南市","安南區","120.190","23.025","1130"
"146","136765","20221006051000","131","1","臺南市","安南區","120.140","23.000","151"
"2144","136786","20221006051000","1883","1","臺南市","北區","120.210","23.000","2097"
"1060","136787","20221006051000","537","3","臺南市","中西區","120.195","22.995","1074"
"1005","136788","20221006051000","825","2","臺南市","中西區","120.205","22.985","1036"
"810","136789","20221006051000","971","0","臺南市","東區","120.225","22.980","804"
"4485","136790","20221006051000","3061","2","臺南市","東區","120.220","22.985","4407"
"481","136791","20221006051000","525","0","臺南市","永康區","120.225","23.015","464"
"10","136793","20221006051000","993","0","臺南市","永康區","120.240","23.000","10"
"1149","136794","20221006051000","1921","0","臺南市","永康區","120.235","23.010","1120"
"864","136795","20221006051000","604","2","臺南市","永康區","120.245","23.000","900"
"1181","136799","20221006051000","1769","0","臺南市","新化區","120.300","23.035","1162"
"973","136800","20221006051000","1261","0","臺南市","東區","120.215","22.975","1024"
"1102","136801","20221006051000","803","2","臺南市","東區","120.230","22.985","1084"
"2188","136802","20221006051000","1734","2","臺南市","東區","120.230","22.975","2151"
"571","136804","20221006051000","373","3","臺南市","東區","120.230","22.970","543"
"1218","136805","20221006051000","1139","1","臺南市","東區","120.230","22.965","1232"
"468","136806","20221006051000","409","1","臺南市","南區","120.185","22.975","460"
"837","136808","20221006051000","902","0","臺南市","南區","120.210","22.970","829"
"660","136809","20221006051000","564","1","臺南市","東區","120.215","22.970","702"
"354","136812","20221006051000","305","1","臺南市","仁德區","120.245","22.955","358"
"230","136813","20221006051000","178","2","臺南市","仁德區","120.240","22.960","240"
"206","136814","20221006051000","121","3","臺南市","仁德區","120.245","22.960","214"
"276","136816","20221006051000","706","0","臺南市","仁德區","120.255","22.960","296"
"426","136817","20221006051000","441","0","臺南市","仁德區","120.240","22.965","458"
"794","136821","20221006051000","518","3","臺南市","仁德區","120.245","22.970","828"
"551","136822","20221006051000","638","0","臺南市","仁德區","120.250","22.970","521"
"1045","136823","20221006051000","630","3","臺南市","仁德區","120.240","22.975","1092"
"943","136824","20221006051000","951","0","臺南市","仁德區","120.245","22.975","923"
"569","136825","20221006051000","490","1","臺南市","仁德區","120.250","22.975","582"
"1944","136826","20221006051000","1504","2","臺南市","北區","120.215","23.005","1926"
"28","136851","20221006051000","230","0","高雄市","內門區","120.445","22.975","25"
"80","136939","20221006051000","31","3","高雄市","內門區","120.435","22.955","73"
"96","136953","20221006051000","88","1","高雄市","內門區","120.465","23.000","91"
"155","136958","20221006051000","218","0","高雄市","內門區","120.470","22.960","162"
"70","136970","20221006051000","62","1","高雄市","內門區","120.465","22.975","75"
"49","136996","20221006051000","48","1","高雄市","內門區","120.495","22.955","45"
"96","137008","20221006051000","125","0","高雄市","內門區","120.490","22.970","97"
"59","137020","20221006051000","69","0","高雄市","內門區","120.510","22.980","67"
"247","137023","20221006051000","271","0","高雄市","內門區","120.500","22.985","245"
"19","137048","20221006051000","86","0","高雄市","六龜區","120.660","23.005","21"
"47","137056","20221006051000","103","0","高雄市","六龜區","120.665","23.010","48"
"24","137124","20221006051000","20","2","臺南市","龍崎區","120.385","23.005","23"
"55","137130","20221006051000","54","1","臺南市","關廟區","120.370","22.960","57"
"325","137196","20221006051000","891","0","臺南市","安南區","120.190","23.020","326"
"28","137197","20221006051000","45","0","臺南市","南區","120.195","22.965","38"
"289","137202","20221006051000","591","0","臺南市","永康區","120.255","23.005","611"
"206","137251","20221006051000","236","0","高雄市","內門區","120.485","23.015","216"
"32","137259","20221006051000","31","1","高雄市","內門區","120.480","22.965","34"
"84","137275","20221006051000","103","0","高雄市","內門區","120.510","23.015","74"
"114","137311","20221006051000","61","3","高雄市","六龜區","120.650","22.975","125"
"604","137325","20221006051000","755","0","高雄市","六龜區","120.660","22.985","578"
"171","137409","20221006051000","115","2","高雄市","六龜區","120.640","22.990","149"
"191","137466","20221006051000","193","0","高雄市","六龜區","120.660","23.035","180"
"846","137491","20221006051000","774","1","高雄市","六龜區","120.635","22.995","822"
"197","137494","20221006051000","158","2","臺南市","安平區","120.165","23.000","194"
"177","137502","20221006051000","171","1","臺南市","安平區","120.150","22.990","141"
"677","137506","20221006051000","534","2","臺南市","永康區","120.260","23.020","677"
"521","137507","20221006051000","482","1","臺南市","永康區","120.250","23.030","516"
"147","137585","20221006051000","95","3","臺東縣","鹿野鄉","121.140","22.975","130"
"169","137592","20221006051000","138","2","臺東縣","鹿野鄉","121.140","22.985","172"
"68","137600","20221006051000","78","0","臺東縣","鹿野鄉","121.155","22.950","66"
"371","137609","20221006051000","337","1","臺東縣","鹿野鄉","121.155","22.955","331"
"460","137617","20221006051000","497","0","高雄市","旗山區","120.510","22.955","439"
"92","137618","20221006051000","101","0","高雄市","旗山區","120.515","22.955","87"
"187","137627","20221006051000","253","0","高雄市","旗山區","120.515","22.970","172"
"811","137638","20221006051000","2057","0","臺南市","歸仁區","120.290","22.965","812"
"19","137642","20221006051000","152","0","臺南市","永康區","120.275","23.035","23"
"19","137645","20221006051000","25","0","臺南市","永康區","120.275","23.040","22"
"495","137648","20221006051000","469","1","臺南市","新化區","120.305","23.030","512"
"793","137649","20221006051000","721","1","臺南市","永康區","120.240","23.010","806"
"679","137650","20221006051000","532","2","臺南市","永康區","120.215","23.020","627"
"684","137651","20221006051000","410","3","臺南市","北區","120.220","23.015","673"
"100","138047","20221006051000","50","3","臺東縣","成功鎮","121.320","23.005","80"
"56","138061","20221006051000","38","2","臺東縣","成功鎮","121.325","23.020","45"
"208","138079","20221006051000","209","0","臺東縣","成功鎮","121.335","23.030","210"
"574","138095","20221006051000","166","3","臺東縣","關山鎮","121.170","23.040","558"
"71","138110","20221006051000","54","2","臺東縣","關山鎮","121.145","23.005","87"
"136","138197","20221006051000","131","1","臺東縣","關山鎮","121.175","23.015","105"
"82","138230","20221006051000","69","1","臺東縣","關山鎮","121.185","23.025","86"
"39","138241","20221006051000","28","2","臺東縣","鹿野鄉","121.130","22.955","38"
"190","138251","20221006051000","185","1","臺東縣","鹿野鄉","121.120","22.970","186"
"127","138278","20221006051000","136","0","臺東縣","鹿野鄉","121.150","22.980","107"
"195","138325","20221006051000","158","2","臺南市","新化區","120.305","23.020","186"
"356","138337","20221006051000","318","1","臺南市","安南區","120.125","23.035","357"
"167","138363","20221006051000","167","1","臺南市","安南區","120.140","23.030","186"
"479","138367","20221006051000","236","3","臺南市","安南區","120.160","23.030","465"
"245","138369","20221006051000","199","2","臺南市","安南區","120.135","23.035","203"
"135","138375","20221006051000","82","3","臺南市","安南區","120.140","23.040","135"
"469","138376","20221006051000","512","0","臺南市","安南區","120.145","23.040","478"
"304","138377","20221006051000","239","2","臺南市","安南區","120.150","23.040","271"
"233","138378","20221006051000","154","3","臺南市","安南區","120.155","23.040","224"
"31","138379","20221006051000","16","3","臺南市","安南區","120.160","23.040","32"
"28","138760","20221006051000","18","3","高雄市","桃源區","120.715","23.035","38"
"2192","138833","20221006051000","1883","1","臺南市","永康區","120.260","23.025","2195"
"783","138838","20221006051000","703","1","臺南市","永康區","120.265","23.035","795"
"19","138851","20221006051000","12","3","臺南市","新化區","120.375","23.010","26"
"34","138868","20221006051000","1099","0","臺南市","新化區","120.305","23.040","28"
"50","138910","20221006051000","23","3","臺南市","新化區","120.330","23.025","39"
"11","138917","20221006051000","1689","0","臺南市","新化區","120.310","23.035","13"
"2227","138922","20221006051000","1215","3","臺南市","東區","120.220","22.980","2209"
"1972","138923","20221006051000","1279","3","臺南市","東區","120.235","22.970","1985"
"863","138926","20221006051000","755","1","臺南市","永康區","120.230","23.035","840"
"1517","138928","20221006051000","1218","2","臺南市","永康區","120.235","23.040","1473"
"1581","138932","20221006051000","1116","2","臺南市","永康區","120.240","23.035","1616"
"52","138933","20221006051000","194","0","臺南市","永康區","120.245","23.035","47"
"1078","138935","20221006051000","691","3","臺南市","永康區","120.240","23.040","1119"
"3306","138936","20221006051000","2023","3","臺南市","永康區","120.245","23.040","3303"
"149","138937","20221006051000","146","1","臺南市","永康區","120.250","23.040","161"
"20","138942","20221006051000","230","0","臺東縣","東河鄉","121.285","23.000","20"
"88","138962","20221006051000","82","1","臺東縣","東河鄉","121.280","23.020","94"
"14","138979","20221006051000","77","0","臺東縣","東河鄉","121.285","23.030","14"
"13","139027","20221006051000","69","0","臺東縣","東河鄉","121.240","22.965","13"
"47","139060","20221006051000","280","0","臺東縣","東河鄉","121.300","22.970","47"
"22","139073","20221006051000","14","3","臺東縣","東河鄉","121.300","22.985","11"
"33","139131","20221006051000","25","2","臺東縣","東河鄉","121.260","22.980","30"
"25","139146","20221006051000","26","0","臺東縣","東河鄉","121.265","22.985","26"
"167","139164","20221006051000","110","3","臺東縣","東河鄉","121.280","22.990","143"
"89","139299","20221006051000","101","0","臺南市","新化區","120.330","23.015","93"
"21","139336","20221006051000","22","0","臺南市","新化區","120.340","23.035","15"
"1487","139358","20221006051000","1076","2","臺南市","東區","120.220","22.995","1519"
"42","139360","20221006051000","137","0","臺南市","東區","120.215","23.000","50"
"987","139362","20221006051000","682","2","臺南市","東區","120.235","22.960","974"
"284","139635","20221006051000","298","0","高雄市","杉林區","120.540","22.970","291"
"144","139644","20221006051000","133","1","高雄市","杉林區","120.550","22.975","128"
"108","139672","20221006051000","108","1","高雄市","杉林區","120.565","22.985","111"
"10","139688","20221006051000","12","0","高雄市","杉林區","120.575","23.000","10"
"586","139718","20221006051000","460","2","高雄市","杉林區","120.540","22.965","601"
"54","139735","20221006051000","50","1","高雄市","杉林區","120.550","23.020","54"
"15","139762","20221006051000","12","2","高雄市","杉林區","120.535","23.035","14"
"68","139796","20221006051000","90","0","高雄市","杉林區","120.550","23.000","62"
"102","139852","20221006051000","156","0","高雄市","杉林區","120.585","22.995","93"
"139","139897","20221006051000","163","0","高雄市","杉林區","120.565","23.015","142"
"60","139960","20221006051000","59","1","高雄市","杉林區","120.550","23.040","56"
"150","144971","20221006051000","131","1","臺南市","新市區","120.330","23.105","161"
"2859","144989","20221006051000","3262","0","臺南市","善化區","120.305","23.115","2867"
"477","144992","20221006051000","468","1","臺南市","善化區","120.320","23.115","504"
"331","144998","20221006051000","375","0","臺南市","善化區","120.310","23.125","345"
"2216","144999","20221006051000","1637","2","臺南市","善化區","120.315","23.125","2263"
"3907","145002","20221006051000","2142","3","臺南市","新市區","120.300","23.105","3934"
"2750","145007","20221006051000","2113","2","臺南市","善化區","120.295","23.115","2827"
"308","145022","20221006051000","322","0","臺南市","安定區","120.235","23.110","317"
"190","145031","20221006051000","126","3","臺南市","安定區","120.255","23.115","189"
"19","145032","20221006051000","213","0","臺南市","安定區","120.235","23.120","18"
"793","145050","20221006051000","712","1","臺南市","七股區","120.160","23.115","791"
"66","145054","20221006051000","52","2","臺南市","安南區","120.135","23.045","64"
"80","145055","20221006051000","103","0","臺南市","安南區","120.155","23.045","92"
"288","145067","20221006051000","1924","0","臺南市","安南區","120.195","23.045","251"
"32","145103","20221006051000","27","1","臺東縣","池上鄉","121.220","23.100","21"
"43","145114","20221006051000","42","1","臺東縣","池上鄉","121.225","23.105","44"
"63","145631","20221006051000","51","2","臺東縣","海端鄉","121.145","23.045","65"
"339","145817","20221006051000","366","0","臺東縣","海端鄉","121.175","23.095","314"
"637","146199","20221006051000","565","1","臺南市","西港區","120.205","23.115","614"
"1379","146201","20221006051000","1070","2","臺南市","西港區","120.200","23.120","1372"
"136","146215","20221006051000","562","0","臺南市","西港區","120.180","23.115","136"
"25","146227","20221006051000","580","0","臺南市","安南區","120.215","23.045","25"
"1020","146231","20221006051000","690","2","臺南市","安南區","120.215","23.050","1041"
"1542","146234","20221006051000","1289","1","臺南市","安南區","120.220","23.045","1527"
"218","146235","20221006051000","319","0","臺南市","安南區","120.225","23.045","213"
"139","146238","20221006051000","469","0","臺南市","安南區","120.235","23.050","127"
"87","146239","20221006051000","66","2","臺南市","永康區","120.240","23.050","84"
"79","146241","20221006051000","83","0","臺南市","安南區","120.235","23.055","97"
"1039","146244","20221006051000","928","1","臺南市","安南區","120.230","23.060","1039"
"110","146245","20221006051000","44","3","臺南市","安南區","120.235","23.060","114"
"507","146251","20221006051000","494","1","臺南市","西港區","120.210","23.115","509"
"85","146265","20221006051000","77","1","臺南市","大內區","120.390","23.110","74"
"297","146341","20221006051000","230","2","臺南市","安南區","120.110","23.080","298"
"475","146347","20221006051000","763","0","臺南市","安南區","120.205","23.045","455"
"531","146348","20221006051000","456","1","臺南市","安南區","120.210","23.045","553"
"89","146361","20221006051000","88","1","臺南市","大內區","120.395","23.120","105"
"78","146366","20221006051000","52","3","臺南市","大內區","120.420","23.120","79"
"616","146385","20221006051000","354","3","臺南市","安南區","120.220","23.055","616"
"1137","146387","20221006051000","994","1","臺南市","安南區","120.215","23.060","1136"
"407","146388","20221006051000","315","2","臺南市","安南區","120.220","23.060","399"
"1342","146390","20221006051000","1513","0","臺南市","安南區","120.225","23.065","1358"
"82","146400","20221006051000","50","3","臺南市","七股區","120.160","23.100","79"
"20","146423","20221006051000","26","0","臺南市","七股區","120.100","23.120","19"
"2169","146430","20221006051000","2122","1","臺南市","新市區","120.290","23.070","2223"
"1380","146432","20221006051000","1261","1","臺南市","新市區","120.290","23.080","1389"
"2149","146433","20221006051000","2732","0","臺南市","新市區","120.295","23.080","2485"
"621","146444","20221006051000","575","1","臺南市","新市區","120.300","23.060","648"
"478","146450","20221006051000","315","3","臺南市","新市區","120.295","23.065","480"
"1466","146460","20221006051000","978","2","臺南市","新市區","120.295","23.075","1286"
"561","146461","20221006051000","310","3","臺南市","新市區","120.300","23.075","430"
"433","146468","20221006051000","484","0","臺南市","新市區","120.300","23.085","443"
"211","146478","20221006051000","216","0","臺南市","新市區","120.325","23.070","211"
"50","146482","20221006051000","44","1","臺南市","新市區","120.320","23.075","48"
"228","146495","20221006051000","385","0","臺南市","新市區","120.280","23.060","244"
"177","146505","20221006051000","162","1","臺南市","新市區","120.280","23.075","160"
"2761","146506","20221006051000","2798","0","臺南市","新市區","120.285","23.075","2870"
"138","146509","20221006051000","91","3","臺南市","新市區","120.285","23.080","143"
"532","146513","20221006051000","476","1","臺南市","新市區","120.280","23.090","534"
"218","146525","20221006051000","212","1","臺南市","新市區","120.270","23.090","222"
"483","146526","20221006051000","463","1","臺南市","新市區","120.275","23.090","530"
"221","146529","20221006051000","160","2","臺南市","新市區","120.255","23.095","233"
"93","146533","20221006051000","912","0","臺南市","新市區","120.275","23.095","90"
"392","146535","20221006051000","291","2","臺南市","新市區","120.250","23.100","403"
"198","146537","20221006051000","182","1","臺南市","新市區","120.260","23.095","175"
"14","146542","20221006051000","131","0","臺南市","新市區","120.285","23.100","10"
"413","146545","20221006051000","456","0","臺南市","新市區","120.255","23.100","435"
"10","146546","20221006051000","23","0","臺南市","善化區","120.260","23.105","10"
"13","146547","20221006051000","13","1","臺南市","新市區","120.265","23.100","13"
"232","146549","20221006051000","218","1","臺南市","新市區","120.275","23.100","256"
"185","146550","20221006051000","225","0","臺南市","新市區","120.280","23.100","164"
"435","146552","20221006051000","493","0","臺南市","新市區","120.265","23.105","415"
"625","146554","20221006051000","768","0","臺南市","新市區","120.275","23.105","673"
"255","146562","20221006051000","258","0","臺南市","七股區","120.145","23.105","240"
"698","146587","20221006051000","414","3","臺南市","安定區","120.225","23.080","682"
"373","146590","20221006051000","348","1","臺南市","安定區","120.230","23.100","398"
"763","146602","20221006051000","586","2","臺南市","西港區","120.210","23.125","757"
"340","146614","20221006051000","180","3","臺南市","安南區","120.155","23.055","324"
"129","146615","20221006051000","91","2","臺南市","安南區","120.165","23.060","147"
"580","146616","20221006051000","540","1","臺南市","安南區","120.175","23.060","554"
"1096","146621","20221006051000","987","1","臺南市","安南區","120.175","23.070","1108"
"458","146661","20221006051000","378","2","臺南市","安南區","120.130","23.070","454"
"12","146695","20221006051000","275","0","臺南市","安南區","120.095","23.060","13"
"76","146704","20221006051000","60","2","臺南市","山上區","120.355","23.085","88"
"46","146707","20221006051000","67","0","臺南市","山上區","120.345","23.090","49"
"120","146712","20221006051000","202","0","臺南市","山上區","120.355","23.095","114"
"183","146713","20221006051000","119","3","臺南市","山上區","120.360","23.095","184"
"123","146727","20221006051000","151","0","臺南市","山上區","120.340","23.110","126"
"60","146773","20221006051000","56","1","臺南市","山上區","120.405","23.105","53"
"45","146783","20221006051000","43","1","臺南市","山上區","120.365","23.075","48"
"13","146806","20221006051000","12","1","臺南市","左鎮區","120.380","23.050","16"
"101","146822","20221006051000","118","0","臺南市","左鎮區","120.365","23.065","108"
"75","146848","20221006051000","101","0","臺南市","左鎮區","120.400","23.055","66"
"203","146850","20221006051000","174","1","臺南市","左鎮區","120.410","23.055","209"
"180","146853","20221006051000","152","1","臺南市","左鎮區","120.390","23.060","181"
"217","146890","20221006051000","277","0","臺南市","安南區","120.160","23.065","207"
"418","146891","20221006051000","339","2","臺南市","安南區","120.160","23.070","414"
"526","146892","20221006051000","483","1","臺南市","安南區","120.165","23.070","506"
"176","146896","20221006051000","152","1","臺南市","安南區","120.200","23.075","172"
"36","146931","20221006051000","945","0","臺南市","安南區","120.130","23.060","42"
"60","146932","20221006051000","518","0","臺南市","安南區","120.135","23.060","41"
"22","146947","20221006051000","215","0","臺南市","安南區","120.115","23.055","25"
"726","146954","20221006051000","666","1","臺南市","安南區","120.125","23.060","710"
"551","146957","20221006051000","459","2","臺南市","安南區","120.125","23.065","532"
"941","146965","20221006051000","829","1","臺南市","山上區","120.355","23.105","911"
"107","146969","20221006051000","84","2","臺南市","山上區","120.370","23.080","106"
"75","146971","20221006051000","110","0","臺南市","山上區","120.380","23.080","90"
"1529","146988","20221006051000","1215","2","臺南市","永康區","120.255","23.045","1516"
"66","146992","20221006051000","46","2","臺南市","永康區","120.260","23.050","80"
"179","147017","20221006051000","116","3","臺南市","安南區","120.145","23.075","172"
"585","147019","20221006051000","450","2","臺南市","安南區","120.135","23.080","593"
"172","147031","20221006051000","162","1","臺南市","安定區","120.220","23.105","168"
"44","147043","20221006051000","82","0","臺南市","安定區","120.260","23.110","48"
"44","147044","20221006051000","78","0","臺南市","安定區","120.260","23.115","50"
"489","147045","20221006051000","467","1","臺南市","安定區","120.255","23.120","444"
"2531","147046","20221006051000","2017","2","臺南市","安定區","120.260","23.120","2487"
"155","147073","20221006051000","141","1","臺南市","安南區","120.180","23.045","151"
"1930","147074","20221006051000","1667","1","臺南市","安南區","120.185","23.045","1958"
"722","147075","20221006051000","692","1","臺南市","安南區","120.180","23.050","651"
"535","147079","20221006051000","364","2","臺南市","安南區","120.190","23.055","533"
"65","147083","20221006051000","185","0","臺南市","南化區","120.450","23.050","62"
"314","147121","20221006051000","238","2","臺南市","南化區","120.485","23.080","327"
"210","147153","20221006051000","192","1","臺南市","南化區","120.475","23.065","221"
"305","147170","20221006051000","242","2","臺南市","南化區","120.475","23.045","312"
"54","147181","20221006051000","60","0","臺南市","南化區","120.515","23.045","53"
"71","147248","20221006051000","68","1","臺南市","南化區","120.515","23.075","70"
"19","147252","20221006051000","18","1","臺南市","南化區","120.535","23.075","21"
"82","147257","20221006051000","68","2","臺南市","南化區","120.510","23.080","77"
"25","147271","20221006051000","29","0","臺南市","南化區","120.525","23.085","30"
"400","147381","20221006051000","346","1","臺南市","安南區","120.165","23.050","386"
"92","147382","20221006051000","540","0","臺南市","安南區","120.170","23.050","99"
"44","147391","20221006051000","38","1","臺東縣","池上鄉","121.205","23.100","42"
"283","147393","20221006051000","150","3","臺東縣","池上鄉","121.200","23.105","233"
"102","147398","20221006051000","91","1","臺東縣","池上鄉","121.200","23.110","107"
"65","147404","20221006051000","62","1","臺東縣","池上鄉","121.200","23.115","62"
"374","147422","20221006051000","438","0","臺東縣","池上鄉","121.220","23.115","370"
"61","147425","20221006051000","60","1","臺東縣","池上鄉","121.210","23.120","51"
"451","147426","20221006051000","415","1","臺東縣","池上鄉","121.215","23.120","424"
"188","147427","20221006051000","866","0","臺東縣","池上鄉","121.220","23.120","108"
"20","147429","20221006051000","473","0","臺南市","安南區","120.120","23.075","20"
"92","147438","20221006051000","886","0","臺南市","安南區","120.205","23.050","92"
"889","147448","20221006051000","833","1","臺南市","安南區","120.195","23.070","880"
"398","147449","20221006051000","346","1","臺南市","安定區","120.200","23.070","379"
"662","147457","20221006051000","470","2","臺南市","新市區","120.280","23.105","707"
"1246","147458","20221006051000","1074","1","臺南市","善化區","120.265","23.110","1269"
"796","147459","20221006051000","900","0","臺南市","善化區","120.270","23.110","801"
"810","147460","20221006051000","600","2","臺南市","善化區","120.275","23.110","755"
"19","147461","20221006051000","13","2","臺南市","善化區","120.280","23.110","24"
"1108","147464","20221006051000","875","2","臺南市","善化區","120.270","23.115","1151"
"948","147465","20221006051000","940","1","臺南市","善化區","120.275","23.115","923"
"39","147467","20221006051000","71","0","臺南市","善化區","120.285","23.115","42"
"403","147468","20221006051000","237","3","臺南市","善化區","120.270","23.120","450"
"1773","147475","20221006051000","947","3","臺南市","安南區","120.190","23.045","1803"
"203","147479","20221006051000","139","2","臺南市","安定區","120.215","23.075","200"
"658","147503","20221006051000","511","2","臺南市","大內區","120.370","23.115","643"
"169","147511","20221006051000","192","0","臺南市","安定區","120.205","23.080","170"
"96","147522","20221006051000","473","0","臺南市","安定區","120.210","23.090","90"
"40","147528","20221006051000","453","0","臺南市","安定區","120.215","23.095","45"
"539","147531","20221006051000","493","1","臺南市","安定區","120.210","23.095","569"
"1183","147539","20221006051000","582","3","臺南市","新市區","120.290","23.085","1177"
"685","147540","20221006051000","555","2","臺南市","新市區","120.285","23.090","659"
"1630","147548","20221006051000","1470","1","臺南市","新市區","120.290","23.100","1521"
"64","147550","20221006051000","175","0","臺南市","新市區","120.285","23.105","67"
"34","147563","20221006051000","19","3","臺南市","新市區","120.255","23.070","25"
"88","147570","20221006051000","71","2","臺南市","新市區","120.265","23.075","74"
"162","147571","20221006051000","104","3","臺南市","新市區","120.255","23.080","140"
"153","147576","20221006051000","189","0","臺南市","新市區","120.305","23.090","160"
"421","147587","20221006051000","338","2","臺南市","新市區","120.310","23.100","411"
"390","147594","20221006051000","468","0","臺南市","新市區","120.320","23.085","393"
"1381","147598","20221006051000","925","2","臺南市","新市區","120.315","23.090","1366"
"28","147613","20221006051000","127","0","臺南市","安南區","120.165","23.045","27"
"386","147619","20221006051000","338","1","臺南市","安南區","120.170","23.045","384"
"183","147620","20221006051000","151","2","臺南市","安南區","120.175","23.045","180"
"980","147621","20221006051000","1066","0","臺南市","安南區","120.175","23.050","933"
"76","147622","20221006051000","389","0","臺南市","安南區","120.175","23.055","66"
"175","147627","20221006051000","105","3","臺南市","七股區","120.120","23.095","165"
"76","147686","20221006051000","104","0","臺南市","七股區","120.075","23.125","69"
"40","147743","20221006051000","28","2","臺南市","七股區","120.050","23.080","37"
"118","147812","20221006051000","120","0","臺南市","七股區","120.090","23.095","112"
"596","147816","20221006051000","464","2","臺南市","七股區","120.110","23.095","619"
"70","147889","20221006051000","63","1","臺東縣","池上鄉","121.220","23.080","60"
"152","147906","20221006051000","130","1","臺東縣","池上鄉","121.230","23.120","134"
"155","147984","20221006051000","163","0","高雄市","甲仙區","120.585","23.080","165"
"201","147985","20221006051000","103","3","高雄市","甲仙區","120.590","23.080","190"
"52","147999","20221006051000","37","2","高雄市","甲仙區","120.610","23.110","55"
"15","148032","20221006051000","10","3","高雄市","甲仙區","120.630","23.115","10"
"176","148097","20221006051000","160","1","高雄市","六龜區","120.670","23.065","170"
"149","148126","20221006051000","96","3","高雄市","六龜區","120.675","23.080","128"
"561","148173","20221006051000","369","3","臺南市","安南區","120.205","23.060","574"
"440","148177","20221006051000","352","2","臺南市","安南區","120.220","23.070","397"
"366","148178","20221006051000","354","1","臺南市","安南區","120.225","23.070","360"
"156","148201","20221006051000","125","2","高雄市","六龜區","120.690","23.095","166"
"115","148224","20221006051000","145","0","高雄市","六龜區","120.690","23.105","116"
"105","148238","20221006051000","188","0","高雄市","六龜區","120.700","23.110","101"
"14","148255","20221006051000","12","1","高雄市","桃源區","120.710","23.115","14"
"81","148271","20221006051000","86","0","高雄市","六龜區","120.720","23.115","82"
"35","148275","20221006051000","27","2","高雄市","桃源區","120.745","23.115","52"
"34","148342","20221006051000","18","3","高雄市","六龜區","120.715","23.065","37"
"10","148372","20221006051000","17","0","臺南市","新化區","120.330","23.055","11"
"52","148373","20221006051000","51","1","臺南市","新化區","120.335","23.055","56"
"40","148376","20221006051000","42","0","臺南市","新化區","120.335","23.060","50"
"83","148377","20221006051000","74","1","臺南市","新化區","120.340","23.060","91"
"15","148378","20221006051000","13","1","臺南市","新化區","120.345","23.060","17"
"596","148380","20221006051000","534","1","臺南市","新化區","120.345","23.065","584"
"196","148386","20221006051000","214","0","臺南市","新化區","120.355","23.070","159"
"160","148418","20221006051000","106","3","臺東縣","池上鄉","121.235","23.120","147"
"43","148429","20221006051000","88","0","臺南市","玉井區","120.425","23.070","38"
"12","148453","20221006051000","41","0","臺南市","玉井區","120.430","23.085","50"
"15","148472","20221006051000","12","2","臺南市","玉井區","120.440","23.095","17"
"27","148477","20221006051000","25","1","臺南市","玉井區","120.450","23.090","27"
"102","148526","20221006051000","63","3","臺南市","玉井區","120.480","23.110","86"
"10","148531","20221006051000","11","0","臺南市","玉井區","120.505","23.110","10"
"1784","148561","20221006051000","1589","1","臺南市","玉井區","120.460","23.120","1767"
"603","148562","20221006051000","595","1","臺南市","玉井區","120.465","23.120","625"
"374","148578","20221006051000","432","0","臺南市","永康區","120.265","23.045","355"
"45","148582","20221006051000","58","0","臺南市","永康區","120.265","23.050","37"
"255","148583","20221006051000","281","0","臺南市","永康區","120.270","23.050","261"
"15","148584","20221006051000","52","0","臺南市","永康區","120.275","23.050","17"
"51","148590","20221006051000","240","0","臺南市","永康區","120.245","23.050","38"
"167","148594","20221006051000","82","3","臺南市","永康區","120.260","23.055","178"
"318","148600","20221006051000","285","1","臺南市","永康區","120.265","23.055","305"
"30","148632","20221006051000","26","1","臺東縣","成功鎮","121.355","23.120","23"
"428","148641","20221006051000","285","3","臺東縣","成功鎮","121.400","23.120","364"
"21","148653","20221006051000","14","3","臺東縣","成功鎮","121.355","23.105","19"
"73","148657","20221006051000","832","0","臺東縣","成功鎮","121.375","23.105","73"
"76","148690","20221006051000","59","2","臺東縣","成功鎮","121.340","23.045","73"
"33","148696","20221006051000","27","2","臺東縣","成功鎮","121.340","23.050","22"
"164","148718","20221006051000","121","2","臺東縣","成功鎮","121.345","23.065","169"
"87","148763","20221006051000","73","1","臺東縣","成功鎮","121.355","23.090","110"
"21","148769","20221006051000","14","3","臺東縣","成功鎮","121.345","23.095","16"
"15","148782","20221006051000","159","0","臺東縣","成功鎮","121.370","23.100","15"
"629","148784","20221006051000","464","2","臺東縣","成功鎮","121.380","23.100","627"
"450","148795","20221006051000","410","1","臺東縣","關山鎮","121.175","23.070","402"
"105","148817","20221006051000","117","0","臺東縣","關山鎮","121.175","23.080","114"
"10","148847","20221006051000","266","0","臺東縣","關山鎮","121.165","23.045","10"
"36","148852","20221006051000","1120","0","臺東縣","關山鎮","121.165","23.050","36"
"446","148873","20221006051000","384","1","臺東縣","關山鎮","121.165","23.055","417"
"372","148879","20221006051000","320","1","臺東縣","關山鎮","121.155","23.045","357"
"431","148883","20221006051000","492","0","高雄市","甲仙區","120.590","23.085","448"
"49","148899","20221006051000","56","0","高雄市","甲仙區","120.590","23.100","55"
"55","148910","20221006051000","43","2","高雄市","甲仙區","120.550","23.055","60"
"90","148925","20221006051000","83","1","高雄市","甲仙區","120.570","23.065","84"
"287","148938","20221006051000","146","3","高雄市","甲仙區","120.575","23.070","279"
"75","148960","20221006051000","79","0","高雄市","甲仙區","120.560","23.050","78"
"164","148988","20221006051000","89","3","臺南市","安南區","120.145","23.045","174"
"35","149026","20221006051000","24","2","高雄市","桃源區","120.720","23.050","32"
"11","149159","20221006051000","10","1","高雄市","桃源區","120.755","23.070","12"
"10","149519","20221006051000","96","0","高雄市","六龜區","120.685","23.110","10"
"288","149576","20221006051000","226","2","臺南市","新化區","120.295","23.045","261"
"111","149589","20221006051000","350","0","臺南市","永康區","120.235","23.045","126"
"3904","149590","20221006051000","2044","3","臺南市","永康區","120.240","23.045","3812"
"393","149593","20221006051000","231","3","臺南市","永康區","120.250","23.045","395"
"61","149614","20221006051000","65","0","臺南市","玉井區","120.460","23.100","61"
"19","149636","20221006051000","19","1","臺南市","玉井區","120.490","23.095","16"
"116","149651","20221006051000","123","0","臺南市","玉井區","120.480","23.105","135"
"152","149654","20221006051000","1234","0","臺東縣","成功鎮","121.380","23.105","152"
"67","149658","20221006051000","51","2","臺東縣","東河鄉","121.285","23.045","59"
"67","149682","20221006051000","36","3","臺東縣","東河鄉","121.295","23.055","67"
"15","149761","20221006051000","26","0","臺東縣","東河鄉","121.295","23.080","16"
"37","149865","20221006051000","97","0","臺南市","新化區","120.310","23.045","40"
"134","149866","20221006051000","91","2","臺南市","新化區","120.315","23.045","120"
"41","149873","20221006051000","41","1","臺南市","新化區","120.325","23.055","55"
"28","149908","20221006051000","30","0","高雄市","甲仙區","120.600","23.085","26"
"248","149946","20221006051000","261","0","臺南市","善化區","120.270","23.125","245"
"778","149948","20221006051000","741","1","臺南市","大內區","120.355","23.120","780"
"185","154962","20221006051000","161","1","澎湖縣","七美鄉","119.415","23.195","221"
"902","154965","20221006051000","731","2","臺南市","善化區","120.325","23.140","896"
"420","154980","20221006051000","424","0","臺南市","善化區","120.325","23.135","400"
"1976","154984","20221006051000","1550","2","臺南市","善化區","120.300","23.130","1952"
"468","154985","20221006051000","577","0","臺南市","善化區","120.305","23.130","492"
"780","154986","20221006051000","738","1","臺南市","善化區","120.310","23.130","814"
"54","154996","20221006051000","65","0","澎湖縣","七美鄉","119.435","23.200","75"
"364","155098","20221006051000","651","0","臺南市","麻豆區","120.245","23.190","374"
"391","155107","20221006051000","187","3","臺南市","佳里區","120.180","23.145","382"
"684","155111","20221006051000","655","1","臺南市","佳里區","120.175","23.150","701"
"189","155114","20221006051000","844","0","臺南市","佳里區","120.175","23.155","177"
"988","155129","20221006051000","775","2","臺南市","佳里區","120.195","23.190","1008"
"98","155501","20221006051000","67","2","臺東縣","海端鄉","121.025","23.185","90"
"79","155650","20221006051000","64","2","臺東縣","海端鄉","121.180","23.130","74"
"34","155658","20221006051000","21","3","臺東縣","海端鄉","121.205","23.150","38"
"99","155664","20221006051000","103","0","臺東縣","海端鄉","121.190","23.155","96"
"62","155779","20221006051000","77","0","臺東縣","海端鄉","121.125","23.130","57"
"53","155786","20221006051000","36","2","臺東縣","海端鄉","121.160","23.130","47"
"33","156049","20221006051000","27","2","臺東縣","海端鄉","121.030","23.165","22"
"78","156052","20221006051000","62","2","臺東縣","海端鄉","121.045","23.165","64"
"79","156083","20221006051000","62","2","臺東縣","海端鄉","121.045","23.170","33"
"72","156227","20221006051000","374","0","臺南市","西港區","120.180","23.130","74"
"111","156233","20221006051000","138","0","臺南市","西港區","120.200","23.130","116"
"540","156281","20221006051000","418","2","臺南市","佳里區","120.180","23.165","530"
"31","156284","20221006051000","127","0","臺南市","佳里區","120.180","23.170","26"
"46","156292","20221006051000","29","3","臺南市","佳里區","120.155","23.170","36"
"570","156302","20221006051000","583","0","臺南市","麻豆區","120.215","23.175","569"
"968","156306","20221006051000","860","1","臺南市","佳里區","120.160","23.160","954"
"1520","156309","20221006051000","1383","1","臺南市","佳里區","120.175","23.160","1557"
"3637","156314","20221006051000","3558","1","臺南市","佳里區","120.175","23.165","3585"
"20","156316","20221006051000","15","2","臺南市","佳里區","120.170","23.170","16"
"298","156333","20221006051000","213","2","臺南市","七股區","120.140","23.140","301"
"309","156339","20221006051000","284","1","臺南市","七股區","120.150","23.150","330"
"231","156348","20221006051000","178","2","花蓮縣","富里鄉","121.255","23.180","236"
"261","156361","20221006051000","212","2","花蓮縣","富里鄉","121.275","23.190","249"
"327","156391","20221006051000","585","0","臺南市","西港區","120.220","23.140","298"
"553","156401","20221006051000","582","0","臺南市","麻豆區","120.240","23.155","557"
"25","156402","20221006051000","12","3","臺南市","麻豆區","120.240","23.160","30"
"220","156420","20221006051000","146","3","臺南市","麻豆區","120.270","23.195","221"
"116","156423","20221006051000","43","3","臺南市","麻豆區","120.285","23.195","125"
"253","156446","20221006051000","254","0","臺南市","大內區","120.415","23.150","247"
"27","156474","20221006051000","27","1","臺南市","大內區","120.410","23.165","25"
"10","156651","20221006051000","15","0","花蓮縣","富里鄉","121.280","23.130","10"
"629","156721","20221006051000","465","2","臺南市","善化區","120.270","23.145","641"
"24","156730","20221006051000","22","1","臺南市","大內區","120.405","23.130","26"
"18","156736","20221006051000","18","1","臺南市","大內區","120.435","23.130","13"
"14","156743","20221006051000","90","0","臺南市","大內區","120.430","23.135","14"
"66","156744","20221006051000","85","0","臺南市","玉井區","120.435","23.135","58"
"967","156753","20221006051000","697","2","臺南市","善化區","120.285","23.135","919"
"85","156765","20221006051000","796","0","臺南市","善化區","120.290","23.135","79"
"797","156781","20221006051000","593","2","臺南市","善化區","120.285","23.150","804"
"775","156792","20221006051000","553","2","臺南市","七股區","120.135","23.140","764"
"267","156851","20221006051000","319","0","臺南市","佳里區","120.155","23.180","272"
"431","156856","20221006051000","377","1","臺南市","佳里區","120.155","23.140","452"
"647","156864","20221006051000","583","1","臺南市","佳里區","120.185","23.145","644"
"146","156865","20221006051000","783","0","臺南市","佳里區","120.180","23.150","143"
"1744","156869","20221006051000","1430","2","臺南市","佳里區","120.180","23.155","1763"
"52","156870","20221006051000","154","0","臺南市","佳里區","120.185","23.155","47"
"803","156873","20221006051000","766","1","臺南市","佳里區","120.155","23.175","826"
"456","156909","20221006051000","464","0","臺南市","麻豆區","120.240","23.190","452"
"339","156941","20221006051000","327","1","臺南市","佳里區","120.190","23.190","320"
"411","156942","20221006051000","177","3","臺南市","佳里區","120.185","23.185","384"
"937","156974","20221006051000","885","1","臺南市","七股區","120.090","23.185","970"
"460","156977","20221006051000","233","3","臺南市","西港區","120.200","23.140","432"
"1578","157009","20221006051000","1321","1","臺南市","麻豆區","120.240","23.185","1579"
"753","157010","20221006051000","948","0","臺南市","麻豆區","120.250","23.185","771"
"10","157011","20221006051000","587","0","臺南市","麻豆區","120.255","23.185","11"
"17","157047","20221006051000","38","0","臺南市","六甲區","120.415","23.205","17"
"85","157077","20221006051000","66","2","臺南市","楠西區","120.505","23.140","83"
"377","157130","20221006051000","348","1","臺南市","將軍區","120.160","23.190","360"
"75","157174","20221006051000","593","0","臺南市","官田區","120.315","23.195","78"
"625","157183","20221006051000","478","2","臺南市","安定區","120.245","23.130","600"
"233","157198","20221006051000","224","1","花蓮縣","富里鄉","121.265","23.155","246"
"147","157259","20221006051000","190","0","臺南市","官田區","120.325","23.200","157"
"85","157263","20221006051000","76","1","臺南市","官田區","120.320","23.205","87"
"273","157334","20221006051000","233","1","臺南市","官田區","120.370","23.195","276"
"19","157335","20221006051000","102","0","臺南市","官田區","120.375","23.195","22"
"14","157360","20221006051000","686","0","臺南市","官田區","120.335","23.180","12"
"164","157382","20221006051000","90","3","臺南市","官田區","120.320","23.170","159"
"127","157394","20221006051000","140","0","臺南市","官田區","120.310","23.175","133"
"69","157422","20221006051000","48","2","臺南市","官田區","120.330","23.165","64"
"612","157478","20221006051000","625","0","臺南市","官田區","120.315","23.190","604"
"56","157597","20221006051000","40","2","臺南市","南化區","120.595","23.165","59"
"61","157624","20221006051000","42","2","臺南市","南化區","120.600","23.175","61"
"42","157646","20221006051000","58","0","臺南市","南化區","120.570","23.185","37"
"1720","157737","20221006051000","1786","0","臺南市","麻豆區","120.245","23.180","1650"
"75","157740","20221006051000","65","1","臺南市","麻豆區","120.240","23.195","60"
"499","157752","20221006051000","497","1","臺南市","麻豆區","120.260","23.185","506"
"233","157756","20221006051000","203","1","臺南市","麻豆區","120.265","23.190","230"
"254","157759","20221006051000","163","3","臺南市","麻豆區","120.255","23.190","230"
"44","157773","20221006051000","43","1","臺東縣","池上鄉","121.210","23.125","51"
"125","157789","20221006051000","115","1","臺東縣","池上鄉","121.200","23.140","121"
"273","157818","20221006051000","236","1","花蓮縣","卓溪鄉","121.225","23.160","288"
"120","157895","20221006051000","120","1","花蓮縣","富里鄉","121.250","23.200","128"
"584","157913","20221006051000","820","0","臺南市","善化區","120.295","23.135","574"
"20","157915","20221006051000","29","0","臺南市","善化區","120.305","23.135","26"
"1082","157919","20221006051000","699","3","臺南市","善化區","120.305","23.140","1131"
"559","157924","20221006051000","390","2","臺南市","善化區","120.290","23.145","518"
"63","157961","20221006051000","614","0","臺南市","善化區","120.285","23.130","68"
"86","157991","20221006051000","61","2","花蓮縣","富里鄉","121.235","23.135","79"
"48","157998","20221006051000","73","0","花蓮縣","富里鄉","121.240","23.140","63"
"311","158028","20221006051000","254","2","花蓮縣","富里鄉","121.250","23.170","304"
"406","158030","20221006051000","342","1","花蓮縣","富里鄉","121.250","23.175","413"
"67","158032","20221006051000","47","2","花蓮縣","富里鄉","121.250","23.180","61"
"848","158045","20221006051000","487","3","臺南市","將軍區","120.140","23.205","822"
"1421","158058","20221006051000","1415","1","臺南市","將軍區","120.160","23.200","1432"
"265","158065","20221006051000","282","0","臺南市","七股區","120.135","23.130","270"
"415","158072","20221006051000","343","2","臺南市","七股區","120.110","23.145","400"
"20","158092","20221006051000","22","0","臺南市","七股區","120.130","23.185","20"
"16","158097","20221006051000","13","2","臺南市","七股區","120.145","23.180","17"
"452","158106","20221006051000","270","3","臺南市","佳里區","120.190","23.165","438"
"33","158107","20221006051000","427","0","臺南市","佳里區","120.195","23.165","30"
"150","158122","20221006051000","153","0","臺南市","佳里區","120.180","23.180","158"
"348","158126","20221006051000","331","1","臺南市","佳里區","120.175","23.185","336"
"37","158128","20221006051000","33","1","臺東縣","池上鄉","121.185","23.130","40"
"285","158181","20221006051000","280","1","臺南市","麻豆區","120.265","23.180","288"
"959","158192","20221006051000","663","2","臺南市","麻豆區","120.245","23.185","941"
"17","158363","20221006051000","11","3","高雄市","桃源區","120.790","23.185","13"
"69","158397","20221006051000","82","0","臺東縣","池上鄉","121.235","23.130","58"
"573","158398","20221006051000","418","2","臺南市","玉井區","120.470","23.130","537"
"20","158400","20221006051000","187","0","臺南市","玉井區","120.480","23.130","16"
"186","158410","20221006051000","152","2","臺南市","玉井區","120.440","23.135","199"
"92","158457","20221006051000","70","2","臺南市","楠西區","120.490","23.190","104"
"61","158502","20221006051000","59","1","臺南市","楠西區","120.515","23.200","66"
"14","158508","20221006051000","17","0","臺南市","楠西區","120.545","23.205","17"
"786","158533","20221006051000","624","2","臺南市","楠西區","120.485","23.175","785"
"294","158546","20221006051000","277","1","臺南市","楠西區","120.485","23.170","299"
"21","158547","20221006051000","347","0","臺南市","楠西區","120.480","23.175","16"
"14","158550","20221006051000","187","0","臺南市","楠西區","120.480","23.185","13"
"38","158572","20221006051000","38","1","臺南市","楠西區","120.505","23.160","38"
"17","158634","20221006051000","14","2","臺南市","楠西區","120.560","23.180","14"
"92","158670","20221006051000","66","2","臺南市","楠西區","120.465","23.190","90"
"32","158687","20221006051000","64","0","臺南市","楠西區","120.490","23.200","39"
"71","158905","20221006051000","62","1","臺東縣","成功鎮","121.400","23.170","59"
"113","158933","20221006051000","95","1","臺東縣","成功鎮","121.395","23.180","93"
"117","159028","20221006051000","101","1","高雄市","甲仙區","120.635","23.150","115"
"10","159158","20221006051000","13","0","高雄市","三民區","120.660","23.200","10"
"16","159434","20221006051000","10","3","高雄市","桃源區","120.755","23.145","15"
"186","159527","20221006051000","164","1","高雄市","桃源區","120.765","23.160","187"
"74","159574","20221006051000","76","0","高雄市","桃源區","120.770","23.165","57"
"51","159707","20221006051000","31","3","高雄市","桃源區","120.740","23.135","51"
"148","159838","20221006051000","135","1","臺南市","官田區","120.350","23.150","134"
"73","159846","20221006051000","64","1","臺南市","大內區","120.365","23.155","74"
"270","159859","20221006051000","225","2","臺南市","大內區","120.380","23.145","244"
"55","159883","20221006051000","46","1","臺南市","大內區","120.370","23.160","61"
"85","159912","20221006051000","103","0","臺南市","麻豆區","120.225","23.175","81"
"478","159913","20221006051000","522","0","臺南市","麻豆區","120.220","23.180","476"
"737","159928","20221006051000","656","1","臺南市","麻豆區","120.255","23.180","721"
"89","159936","20221006051000","476","0","臺南市","善化區","120.315","23.145","78"
"727","159943","20221006051000","567","2","臺南市","善化區","120.300","23.150","725"
"13","159947","20221006051000","67","0","臺南市","善化區","120.265","23.130","13"
"223","159950","20221006051000","166","2","臺南市","善化區","120.260","23.135","208"
"154","161053","20221006051000","114","2","澎湖縣","七美鄉","119.430","23.215","139"
"107","162017","20221006051000","47","3","臺東縣","長濱鄉","121.415","23.235","76"
"310","164970","20221006051000","331","0","澎湖縣","七美鄉","119.425","23.205","310"
"37","164978","20221006051000","104","0","澎湖縣","望安鄉","119.670","23.245","63"
"631","165017","20221006051000","517","2","臺南市","學甲區","120.195","23.215","621"
"477","165030","20221006051000","538","0","臺南市","學甲區","120.195","23.230","500"
"10","165342","20221006051000","42","0","臺東縣","海端鄉","120.985","23.250","34"
"51","165457","20221006051000","40","2","臺東縣","海端鄉","120.990","23.270","24"
"1308","165635","20221006051000","1696","0","臺南市","下營區","120.265","23.240","1301"
"703","165652","20221006051000","638","1","臺南市","下營區","120.270","23.245","692"
"257","165697","20221006051000","200","2","花蓮縣","富里鄉","121.275","23.215","260"
"389","165713","20221006051000","376","1","臺南市","下營區","120.270","23.210","406"
"51","165716","20221006051000","56","0","花蓮縣","富里鄉","121.340","23.280","28"
"168","165718","20221006051000","125","2","花蓮縣","玉里鎮","121.345","23.285","145"
"180","165736","20221006051000","116","3","花蓮縣","玉里鎮","121.285","23.280","181"
"224","165743","20221006051000","136","3","花蓮縣","玉里鎮","121.280","23.285","224"
"85","165775","20221006051000","146","0","花蓮縣","富里鄉","121.290","23.240","76"
"41","165778","20221006051000","45","0","花蓮縣","富里鄉","121.305","23.240","38"
"107","165815","20221006051000","98","1","花蓮縣","富里鄉","121.295","23.255","108"
"217","165847","20221006051000","276","0","臺南市","新營區","120.275","23.275","221"
"60","165852","20221006051000","54","1","臺南市","六甲區","120.345","23.230","59"
"1018","165855","20221006051000","738","2","臺南市","北門區","120.135","23.240","991"
"103","165858","20221006051000","144","0","臺南市","北門區","120.130","23.250","115"
"337","165925","20221006051000","362","0","臺南市","六甲區","120.345","23.235","340"
"50","165938","20221006051000","37","2","臺南市","六甲區","120.340","23.250","48"
"33","165969","20221006051000","28","1","臺南市","六甲區","120.400","23.220","33"
"426","166037","20221006051000","292","2","臺南市","柳營區","120.305","23.280","434"
"314","166071","20221006051000","499","0","臺南市","六甲區","120.340","23.225","324"
"56","166077","20221006051000","40","2","臺南市","六甲區","120.315","23.250","58"
"257","166081","20221006051000","303","0","臺南市","六甲區","120.310","23.255","242"
"66","166097","20221006051000","57","1","臺南市","北門區","120.110","23.260","69"
"140","166128","20221006051000","124","1","臺南市","北門區","120.140","23.265","148"
"123","166144","20221006051000","142","0","臺南市","學甲區","120.180","23.285","110"
"64","166153","20221006051000","352","0","臺南市","將軍區","120.165","23.220","56"
"28","166181","20221006051000","487","0","臺南市","北門區","120.095","23.230","35"
"1158","166188","20221006051000","1145","1","臺南市","北門區","120.115","23.235","1161"
"820","166224","20221006051000","751","1","臺南市","北門區","120.135","23.280","847"
"726","166238","20221006051000","722","1","臺南市","北門區","120.125","23.270","735"
"77","166250","20221006051000","37","3","花蓮縣","富里鄉","121.315","23.220","65"
"215","166256","20221006051000","184","1","花蓮縣","富里鄉","121.275","23.225","214"
"161","166326","20221006051000","144","1","花蓮縣","富里鄉","121.305","23.255","160"
"107","166340","20221006051000","76","2","花蓮縣","富里鄉","121.305","23.265","93"
"65","166344","20221006051000","71","0","花蓮縣","富里鄉","121.300","23.270","57"
"270","166354","20221006051000","200","2","臺南市","官田區","120.320","23.215","261"
"165","166363","20221006051000","197","0","臺南市","官田區","120.340","23.220","167"
"13","166377","20221006051000","578","0","臺南市","官田區","120.310","23.215","10"
"308","166389","20221006051000","196","3","臺南市","官田區","120.360","23.210","254"
"269","166391","20221006051000","144","3","臺南市","官田區","120.370","23.210","326"
"214","166424","20221006051000","231","0","臺南市","北門區","120.145","23.285","202"
"287","166429","20221006051000","224","2","臺南市","將軍區","120.160","23.220","267"
"1825","166446","20221006051000","1981","0","臺南市","六甲區","120.355","23.230","1856"
"62","166455","20221006051000","83","0","臺南市","六甲區","120.370","23.230","60"
"135","166495","20221006051000","129","1","臺南市","北門區","120.125","23.240","147"
"431","166562","20221006051000","352","2","臺南市","麻豆區","120.220","23.220","447"
"38","166785","20221006051000","31","2","花蓮縣","富里鄉","121.265","23.215","37"
"332","167284","20221006051000","321","1","臺南市","下營區","120.290","23.245","313"
"38","167340","20221006051000","35","1","花蓮縣","富里鄉","121.315","23.275","46"
"21","167482","20221006051000","153","0","臺南市","東山區","120.470","23.260","16"
"55","167491","20221006051000","45","2","臺南市","東山區","120.515","23.260","52"
"227","167497","20221006051000","151","3","臺南市","東山區","120.480","23.265","213"
"22","167501","20221006051000","178","0","臺南市","東山區","120.500","23.265","23"
"12","167514","20221006051000","78","0","臺南市","東山區","120.395","23.265","16"
"52","167565","20221006051000","139","0","臺南市","東山區","120.445","23.265","57"
"274","167568","20221006051000","198","2","臺南市","東山區","120.445","23.270","280"
"84","167588","20221006051000","64","2","臺南市","東山區","120.445","23.290","77"
"44","167626","20221006051000","144","0","臺南市","東山區","120.405","23.285","43"
"28","167655","20221006051000","23","2","臺南市","東山區","120.465","23.280","26"
"14","167656","20221006051000","199","0","臺南市","東山區","120.470","23.280","15"
"55","167674","20221006051000","41","2","臺南市","東山區","120.500","23.285","50"
"50","167688","20221006051000","25","3","臺南市","東山區","120.515","23.290","42"
"169","167707","20221006051000","164","1","臺南市","將軍區","120.085","23.215","165"
"247","167714","20221006051000","197","2","臺南市","將軍區","120.120","23.220","241"
"559","167786","20221006051000","426","2","臺南市","鹽水區","120.205","23.260","564"
"66","167813","20221006051000","41","3","臺東縣","長濱鄉","121.410","23.215","58"
"92","167824","20221006051000","81","1","臺東縣","長濱鄉","121.415","23.225","89"
"16","167894","20221006051000","206","0","臺東縣","長濱鄉","121.415","23.250","16"
"30","167952","20221006051000","30","1","臺南市","學甲區","120.185","23.230","27"
"1041","167953","20221006051000","941","1","臺南市","學甲區","120.185","23.235","1038"
"1496","167958","20221006051000","980","3","臺南市","學甲區","120.185","23.225","1353"
"28","167982","20221006051000","124","0","臺南市","學甲區","120.195","23.240","30"
"1673","167993","20221006051000","1869","0","臺南市","學甲區","120.180","23.235","1656"
"145","168093","20221006051000","163","0","高雄市","三民區","120.670","23.235","130"
"80","168132","20221006051000","70","1","高雄市","三民區","120.695","23.235","75"
"99","168149","20221006051000","94","1","高雄市","三民區","120.695","23.240","100"
"57","168296","20221006051000","60","0","高雄市","三民區","120.680","23.265","53"
"18","168304","20221006051000","13","2","高雄市","三民區","120.720","23.265","16"
"217","168347","20221006051000","272","0","高雄市","三民區","120.700","23.275","229"
"216","168351","20221006051000","138","3","高雄市","三民區","120.720","23.275","205"
"16","168370","20221006051000","10","3","高雄市","三民區","120.685","23.280","16"
"627","168445","20221006051000","617","1","臺南市","鹽水區","120.235","23.285","648"
"482","168462","20221006051000","887","0","臺南市","柳營區","120.325","23.290","504"
"135","168468","20221006051000","152","0","臺南市","柳營區","120.405","23.235","141"
"114","168484","20221006051000","115","0","臺南市","柳營區","120.420","23.245","119"
"10","168515","20221006051000","407","0","臺南市","柳營區","120.380","23.265","10"
"38","168538","20221006051000","1302","0","臺南市","柳營區","120.315","23.280","21"
"135","168541","20221006051000","134","1","臺南市","柳營區","120.330","23.280","140"
"64","168545","20221006051000","53","2","臺南市","柳營區","120.380","23.240","82"
"166","168619","20221006051000","172","0","臺南市","楠西區","120.495","23.215","169"
"41","168624","20221006051000","29","2","臺南市","楠西區","120.520","23.215","39"
"216","168647","20221006051000","108","3","臺南市","楠西區","120.500","23.225","105"
"27","168692","20221006051000","25","1","臺南市","鹽水區","120.245","23.275","23"
"31","168719","20221006051000","26","1","臺東縣","成功鎮","121.400","23.210","23"
"70","168825","20221006051000","71","0","高雄市","桃源區","120.805","23.220","79"
"63","168996","20221006051000","48","2","高雄市","桃源區","120.815","23.240","66"
"82","169242","20221006051000","77","1","高雄市","桃源區","120.825","23.265","72"
"194","169480","20221006051000","199","0","臺南市","新營區","120.275","23.265","212"
"139","169490","20221006051000","113","2","臺南市","學甲區","120.195","23.275","145"
"315","169506","20221006051000","320","0","臺南市","學甲區","120.205","23.280","322"
"612","169527","20221006051000","538","1","臺南市","學甲區","120.160","23.245","598"
"14","169530","20221006051000","13","1","臺南市","學甲區","120.150","23.250","17"
"379","169555","20221006051000","318","1","臺南市","鹽水區","120.255","23.250","362"
"229","169567","20221006051000","298","0","臺南市","將軍區","120.135","23.225","211"
"35","169664","20221006051000","24","2","嘉義縣","大埔鄉","120.625","23.245","30"
"43","169729","20221006051000","41","1","嘉義縣","大埔鄉","120.590","23.270","44"
"37","169739","20221006051000","25","2","嘉義縣","大埔鄉","120.585","23.275","36"
"37","169788","20221006051000","30","2","嘉義縣","大埔鄉","120.545","23.230","35"
"22","169812","20221006051000","11","3","臺南市","東山區","120.520","23.240","19"
"34","169834","20221006051000","30","1","嘉義縣","大埔鄉","120.565","23.245","33"
"11","169837","20221006051000","19","0","嘉義縣","大埔鄉","120.580","23.245","12"
"26","169842","20221006051000","21","2","嘉義縣","大埔鄉","120.535","23.250","24"
"369","174966","20221006051000","361","1","澎湖縣","望安鄉","119.505","23.360","406"
"11","174989","20221006051000","70","0","臺南市","白河區","120.460","23.350","11"
"32","175007","20221006051000","88","0","臺南市","東山區","120.500","23.295","99"
"47","175048","20221006051000","37","2","臺南市","白河區","120.480","23.320","43"
"303","175059","20221006051000","304","0","臺南市","白河區","120.485","23.325","305"
"63","175081","20221006051000","62","1","臺南市","白河區","120.495","23.335","81"
"147","175083","20221006051000","135","1","臺南市","白河區","120.505","23.335","166"
"55","175092","20221006051000","53","1","臺南市","白河區","120.505","23.340","84"
"1185","175108","20221006051000","1092","1","臺南市","新營區","120.310","23.305","1197"
"127","175181","20221006051000","109","1","花蓮縣","玉里鎮","121.335","23.320","140"
"1075","175206","20221006051000","1011","1","花蓮縣","玉里鎮","121.310","23.335","1017"
"96","175209","20221006051000","89","1","花蓮縣","玉里鎮","121.310","23.340","89"
"79","175217","20221006051000","59","2","花蓮縣","玉里鎮","121.300","23.300","70"
"326","175262","20221006051000","330","0","花蓮縣","玉里鎮","121.300","23.320","331"
"175","175264","20221006051000","156","1","花蓮縣","玉里鎮","121.310","23.320","210"
"35","175284","20221006051000","21","3","花蓮縣","玉里鎮","121.275","23.290","33"
"27","175299","20221006051000","29","0","花蓮縣","玉里鎮","121.290","23.295","24"
"104","175318","20221006051000","636","0","臺南市","白河區","120.410","23.345","90"
"22","175319","20221006051000","442","0","臺南市","白河區","120.405","23.350","25"
"79","175320","20221006051000","586","0","臺南市","白河區","120.410","23.350","58"
"59","175328","20221006051000","49","2","臺南市","白河區","120.460","23.365","54"
"112","175348","20221006051000","233","0","臺南市","白河區","120.440","23.345","95"
"198","175355","20221006051000","103","3","臺南市","新營區","120.330","23.320","215"
"47","175359","20221006051000","16","3","臺南市","新營區","120.350","23.320","45"
"896","175362","20221006051000","860","1","臺南市","新營區","120.315","23.325","876"
"488","175398","20221006051000","344","2","臺南市","後壁區","120.315","23.370","499"
"407","175467","20221006051000","477","0","臺南市","北門區","120.170","23.300","396"
"214","175484","20221006051000","197","1","臺南市","後壁區","120.330","23.355","197"
"438","175489","20221006051000","499","0","臺南市","新營區","120.270","23.295","449"
"591","175497","20221006051000","801","0","臺南市","後壁區","120.360","23.370","582"
"2659","175499","20221006051000","2370","1","臺南市","後壁區","120.370","23.370","2616"
"1459","175523","20221006051000","1293","1","臺南市","後壁區","120.395","23.370","1406"
"932","175546","20221006051000","771","2","臺南市","新營區","120.310","23.300","910"
"1480","175547","20221006051000","1235","1","臺南市","新營區","120.315","23.310","1471"
"1700","175548","20221006051000","2026","0","臺南市","新營區","120.315","23.315","1714"
"186","175564","20221006051000","232","0","臺南市","後壁區","120.355","23.365","153"
"1744","175576","20221006051000","992","3","臺南市","新營區","120.300","23.310","1739"
"165","175585","20221006051000","118","2","臺南市","北門區","120.110","23.300","178"
"16","175648","20221006051000","32","0","臺南市","新營區","120.290","23.300","14"
"41","175651","20221006051000","32","2","臺南市","柳營區","120.300","23.295","44"
"19","175712","20221006051000","137","0","臺南市","白河區","120.430","23.330","20"
"27","175874","20221006051000","28","0","花蓮縣","卓溪鄉","121.270","23.305","28"
"81","176357","20221006051000","138","0","花蓮縣","玉里鎮","121.300","23.345","70"
"374","176756","20221006051000","297","2","臺南市","新營區","120.325","23.315","399"
"322","176757","20221006051000","271","1","臺南市","新營區","120.330","23.315","319"
"42","176764","20221006051000","37","1","花蓮縣","玉里鎮","121.330","23.300","38"
"246","176798","20221006051000","203","2","臺南市","後壁區","120.350","23.335","278"
"1053","176811","20221006051000","966","1","臺南市","新營區","120.305","23.300","1074"
"882","176812","20221006051000","693","2","臺南市","新營區","120.315","23.305","886"
"11","176814","20221006051000","12","0","臺南市","東山區","120.385","23.310","10"
"27","176830","20221006051000","147","0","臺南市","東山區","120.390","23.330","32"
"834","176863","20221006051000","743","1","臺南市","東山區","120.405","23.320","821"
"158","176885","20221006051000","156","1","臺南市","東山區","120.405","23.325","157"
"70","176921","20221006051000","295","0","臺南市","東山區","120.390","23.295","69"
"397","176933","20221006051000","385","1","臺南市","東山區","120.415","23.300","388"
"569","177006","20221006051000","729","0","臺南市","鹽水區","120.270","23.325","588"
"644","177007","20221006051000","596","1","嘉義縣","義竹鄉","120.255","23.330","603"
"508","177010","20221006051000","483","1","臺南市","鹽水區","120.270","23.330","502"
"20","177169","20221006051000","32","0","花蓮縣","玉里鎮","121.370","23.350","17"
"1231","177425","20221006051000","682","3","臺南市","新營區","120.315","23.300","1252"
"297","177432","20221006051000","294","1","臺南市","鹽水區","120.280","23.330","291"
"276","177436","20221006051000","205","2","臺南市","鹽水區","120.290","23.335","278"
"1022","177466","20221006051000","850","2","臺南市","鹽水區","120.270","23.310","1007"
"433","177467","20221006051000","470","0","臺南市","新營區","120.275","23.310","441"
"885","177475","20221006051000","610","2","臺南市","鹽水區","120.265","23.325","874"
"79","177480","20221006051000","84","0","臺南市","白河區","120.480","23.325","67"
"138","177580","20221006051000","1227","0","臺南市","白河區","120.415","23.350","127"
"137","177586","20221006051000","137","1","臺南市","柳營區","120.325","23.295","127"
"16","177599","20221006051000","774","0","臺南市","柳營區","120.365","23.295","14"
"44","177602","20221006051000","27","3","臺南市","鹽水區","120.270","23.320","44"
"347","177603","20221006051000","297","1","花蓮縣","玉里鎮","121.320","23.320","358"
"706","177605","20221006051000","348","3","花蓮縣","玉里鎮","121.310","23.325","585"
"286","177606","20221006051000","141","3","花蓮縣","玉里鎮","121.315","23.325","272"
"294","177609","20221006051000","196","3","花蓮縣","玉里鎮","121.310","23.330","249"
"2081","177610","20221006051000","2010","1","花蓮縣","玉里鎮","121.315","23.330","1999"
"1056","177613","20221006051000","952","1","花蓮縣","玉里鎮","121.315","23.340","1028"
"177","177617","20221006051000","143","2","花蓮縣","玉里鎮","121.320","23.345","161"
"421","177619","20221006051000","380","1","花蓮縣","玉里鎮","121.320","23.330","426"
"139","177624","20221006051000","106","2","花蓮縣","玉里鎮","121.320","23.350","155"
"232","177632","20221006051000","204","1","花蓮縣","卓溪鄉","121.320","23.355","240"
"34","177682","20221006051000","19","3","臺東縣","長濱鄉","121.440","23.325","31"
"89","177742","20221006051000","41","3","臺東縣","長濱鄉","121.425","23.290","85"
"33","177750","20221006051000","27","2","臺東縣","長濱鄉","121.420","23.295","28"
"269","177808","20221006051000","477","0","臺東縣","長濱鄉","121.455","23.315","242"
"196","177813","20221006051000","173","1","臺東縣","長濱鄉","121.460","23.320","165"
"114","177815","20221006051000","88","2","臺東縣","長濱鄉","121.445","23.325","110"
"186","177826","20221006051000","140","2","臺東縣","長濱鄉","121.465","23.335","183"
"931","178630","20221006051000","566","3","臺南市","鹽水區","120.265","23.320","912"
"237","178643","20221006051000","206","1","臺南市","新營區","120.305","23.320","228"
"40","178697","20221006051000","38","1","嘉義縣","中埔鄉","120.510","23.345","42"
"19","178710","20221006051000","15","2","嘉義縣","中埔鄉","120.520","23.350","16"
"186","178722","20221006051000","115","3","嘉義縣","中埔鄉","120.540","23.355","181"
"111","178756","20221006051000","71","3","嘉義縣","中埔鄉","120.495","23.370","110"
"334","178768","20221006051000","276","2","臺南市","鹽水區","120.260","23.295","336"
"241","178886","20221006051000","151","3","嘉義縣","布袋鎮","120.140","23.335","254"
"473","178930","20221006051000","179","3","嘉義縣","布袋鎮","120.160","23.320","505"
"1090","178938","20221006051000","1109","0","嘉義縣","布袋鎮","120.165","23.325","1091"
"75","178970","20221006051000","47","3","嘉義縣","大埔鄉","120.625","23.300","84"
"20","178978","20221006051000","17","1","嘉義縣","大埔鄉","120.605","23.305","17"
"69","179106","20221006051000","75","0","嘉義縣","大埔鄉","120.590","23.295","72"
"537","179113","20221006051000","486","1","嘉義縣","大埔鄉","120.595","23.295","569"
"80","179189","20221006051000","106","0","嘉義縣","大埔鄉","120.570","23.330","76"
"30","179210","20221006051000","28","1","嘉義縣","大埔鄉","120.555","23.340","21"
"24","179249","20221006051000","14","3","嘉義縣","大埔鄉","120.585","23.360","20"
"30","179312","20221006051000","52","0","嘉義縣","番路鄉","120.605","23.355","36"
"145","179320","20221006051000","146","0","嘉義縣","番路鄉","120.590","23.360","134"
"1383","179352","20221006051000","1240","1","嘉義縣","義竹鄉","120.250","23.340","1380"
"604","179448","20221006051000","611","0","嘉義縣","義竹鄉","120.240","23.335","629"
"51","179461","20221006051000","55","0","嘉義縣","義竹鄉","120.245","23.335","51"
"780","179521","20221006051000","424","3","嘉義縣","義竹鄉","120.195","23.305","761"
"13","179523","20221006051000","12","1","嘉義縣","義竹鄉","120.205","23.305","11"
"48","179646","20221006051000","28","3","嘉義縣","阿里山鄉","120.680","23.335","39"
"88","179666","20221006051000","53","3","嘉義縣","阿里山鄉","120.680","23.340","69"
"102","179747","20221006051000","81","2","嘉義縣","阿里山鄉","120.665","23.300","93"
"63","179773","20221006051000","71","0","嘉義縣","阿里山鄉","120.695","23.305","68"
"39","179780","20221006051000","35","1","嘉義縣","阿里山鄉","120.665","23.310","31"
"1023","179845","20221006051000","708","2","嘉義縣","義竹鄉","120.225","23.320","980"
"1053","179874","20221006051000","683","3","嘉義縣","義竹鄉","120.190","23.335","1053"
"548","179880","20221006051000","560","0","嘉義縣","義竹鄉","120.230","23.360","537"
"86","179883","20221006051000","81","1","嘉義縣","義竹鄉","120.245","23.360","91"
"749","179922","20221006051000","662","1","嘉義縣","義竹鄉","120.220","23.360","744"
"197","179933","20221006051000","128","3","嘉義縣","義竹鄉","120.210","23.300","201"
"715","179945","20221006051000","504","2","嘉義縣","義竹鄉","120.270","23.360","692"
"190","180132","20221006051000","271","0","澎湖縣","望安鄉","119.520","23.365","202"
"91","180802","20221006051000","122","0","嘉義縣","布袋鎮","120.140","23.375","97"
"100","180804","20221006051000","64","3","臺東縣","長濱鄉","121.475","23.380","103"
"138","181221","20221006051000","116","1","澎湖縣","望安鄉","119.495","23.380","147"
"162","185223","20221006051000","146","1","嘉義縣","東石鄉","120.135","23.450","195"
"1263","185452","20221006051000","1404","0","嘉義市","東區","120.455","23.450","1223"
"849","185456","20221006051000","974","0","嘉義縣","水上鄉","120.430","23.450","849"
"58","185475","20221006051000","85","0","澎湖縣","望安鄉","119.320","23.395","86"
"16","185483","20221006051000","13","2","花蓮縣","玉里鎮","121.350","23.440","16"
"50","185491","20221006051000","51","0","花蓮縣","瑞穗鄉","121.350","23.450","56"
"59","185499","20221006051000","710","0","臺南市","白河區","120.405","23.395","75"
"24","185543","20221006051000","10","3","花蓮縣","玉里鎮","121.390","23.380","27"
"281","185546","20221006051000","236","1","花蓮縣","玉里鎮","121.355","23.385","273"
"11","185565","20221006051000","11","1","花蓮縣","玉里鎮","121.395","23.390","15"
"61","185576","20221006051000","28","3","花蓮縣","玉里鎮","121.355","23.395","55"
"59","185590","20221006051000","51","1","花蓮縣","玉里鎮","121.365","23.405","54"
"73","185598","20221006051000","313","0","臺南市","白河區","120.415","23.380","67"
"215","185635","20221006051000","306","0","臺南市","後壁區","120.380","23.390","212"
"561","185683","20221006051000","735","0","臺南市","後壁區","120.340","23.380","548"
"197","185698","20221006051000","128","3","臺南市","白河區","120.480","23.385","181"
"146","186808","20221006051000","128","1","花蓮縣","卓溪鄉","121.315","23.435","125"
"277","186812","20221006051000","199","2","花蓮縣","卓溪鄉","121.335","23.435","277"
"84","186826","20221006051000","56","3","花蓮縣","卓溪鄉","121.340","23.440","81"
"17","186875","20221006051000","26","0","臺南市","後壁區","120.335","23.380","19"
"27","186914","20221006051000","23","1","臺南市","白河區","120.445","23.380","26"
"33","186915","20221006051000","415","0","臺南市","白河區","120.450","23.380","25"
"83","186921","20221006051000","162","0","臺南市","白河區","120.435","23.390","72"
"21","187008","20221006051000","18","1","臺東縣","長濱鄉","121.480","23.395","16"
"199","187061","20221006051000","165","2","花蓮縣","玉里鎮","121.320","23.395","196"
"127","187086","20221006051000","109","1","花蓮縣","玉里鎮","121.340","23.415","124"
"143","187099","20221006051000","84","3","花蓮縣","玉里鎮","121.345","23.425","135"
"123","187105","20221006051000","118","1","花蓮縣","玉里鎮","121.345","23.430","128"
"137","187173","20221006051000","117","1","花蓮縣","玉里鎮","121.395","23.450","135"
"13","187199","20221006051000","10","2","花蓮縣","玉里鎮","121.390","23.395","11"
"251","187253","20221006051000","208","2","花蓮縣","玉里鎮","121.375","23.425","247"
"91","187296","20221006051000","255","0","臺南市","白河區","120.440","23.400","72"
"171","187322","20221006051000","142","2","花蓮縣","玉里鎮","121.330","23.375","158"
"202","187339","20221006051000","120","3","花蓮縣","玉里鎮","121.325","23.390","192"
"21","187385","20221006051000","25","0","臺東縣","長濱鄉","121.465","23.405","24"
"42","187398","20221006051000","43","0","臺東縣","長濱鄉","121.470","23.410","34"
"32","188051","20221006051000","571","0","嘉義縣","中埔鄉","120.520","23.430","34"
"368","188063","20221006051000","268","2","嘉義縣","中埔鄉","120.560","23.435","369"
"673","188064","20221006051000","898","0","嘉義縣","中埔鄉","120.520","23.420","680"
"426","188069","20221006051000","217","3","嘉義縣","中埔鄉","120.520","23.425","439"
"82","188090","20221006051000","80","1","嘉義縣","中埔鄉","120.510","23.400","80"
"19","188129","20221006051000","429","0","嘉義縣","中埔鄉","120.460","23.445","23"
"303","188131","20221006051000","258","1","嘉義縣","中埔鄉","120.460","23.450","311"
"476","188132","20221006051000","465","1","嘉義縣","中埔鄉","120.470","23.450","441"
"537","188133","20221006051000","615","0","嘉義縣","中埔鄉","120.475","23.450","519"
"1531","188134","20221006051000","1578","0","嘉義縣","中埔鄉","120.465","23.450","1521"
"139","188136","20221006051000","107","2","嘉義縣","中埔鄉","120.485","23.450","129"
"1320","188141","20221006051000","1277","1","嘉義縣","中埔鄉","120.450","23.435","1297"
"514","188144","20221006051000","496","1","嘉義縣","中埔鄉","120.455","23.445","498"
"444","188147","20221006051000","423","1","嘉義縣","中埔鄉","120.480","23.440","456"
"681","188193","20221006051000","516","2","嘉義縣","中埔鄉","120.520","23.385","653"
"178","188241","20221006051000","127","2","嘉義縣","中埔鄉","120.580","23.425","172"
"222","188261","20221006051000","144","3","嘉義縣","中埔鄉","120.540","23.390","230"
"36","188314","20221006051000","39","0","嘉義縣","中埔鄉","120.590","23.395","44"
"500","188331","20221006051000","438","1","嘉義縣","中埔鄉","120.555","23.405","503"
"30","188335","20221006051000","12","3","嘉義縣","中埔鄉","120.575","23.405","27"
"69","188368","20221006051000","673","0","嘉義縣","中埔鄉","120.540","23.440","64"
"263","188369","20221006051000","232","1","嘉義縣","中埔鄉","120.545","23.440","283"
"200","188382","20221006051000","188","1","嘉義縣","中埔鄉","120.565","23.445","212"
"404","188390","20221006051000","329","2","嘉義縣","中埔鄉","120.530","23.440","395"
"314","188417","20221006051000","323","0","嘉義縣","中埔鄉","120.510","23.435","307"
"477","188421","20221006051000","370","2","嘉義縣","中埔鄉","120.510","23.440","463"
"731","188422","20221006051000","672","1","嘉義縣","中埔鄉","120.495","23.445","722"
"439","188442","20221006051000","392","1","嘉義縣","中埔鄉","120.515","23.410","417"
"271","188445","20221006051000","242","1","嘉義縣","中埔鄉","120.530","23.410","260"
"343","188457","20221006051000","384","0","嘉義縣","中埔鄉","120.505","23.425","319"
"32","188462","20221006051000","36","0","嘉義縣","中埔鄉","120.505","23.375","30"
"139","188463","20221006051000","100","2","嘉義縣","中埔鄉","120.510","23.375","142"
"391","188469","20221006051000","362","1","嘉義縣","鹿草鄉","120.315","23.390","387"
"455","188493","20221006051000","429","1","嘉義縣","鹿草鄉","120.320","23.420","452"
"212","188498","20221006051000","127","3","嘉義縣","鹿草鄉","120.320","23.425","238"
"1008","188503","20221006051000","900","1","嘉義縣","鹿草鄉","120.315","23.410","1012"
"10","188507","20221006051000","103","0","嘉義縣","太保市","120.335","23.430","10"
"146","188508","20221006051000","99","2","嘉義縣","太保市","120.340","23.430","126"
"22","188516","20221006051000","230","0","嘉義縣","太保市","120.340","23.440","19"
"32","188554","20221006051000","401","0","嘉義縣","鹿草鄉","120.340","23.400","33"
"212","188555","20221006051000","227","0","嘉義縣","鹿草鄉","120.290","23.375","218"
"38","188574","20221006051000","324","0","嘉義縣","朴子市","120.245","23.415","49"
"54","188579","20221006051000","282","0","嘉義縣","水上鄉","120.355","23.410","45"
"191","188626","20221006051000","146","2","嘉義縣","鹿草鄉","120.345","23.405","183"
"148","188631","20221006051000","141","1","嘉義縣","鹿草鄉","120.330","23.410","141"
"63","188650","20221006051000","77","0","嘉義縣","朴子市","120.280","23.450","65"
"679","188654","20221006051000","654","1","嘉義縣","布袋鎮","120.170","23.375","653"
"136","188666","20221006051000","134","1","嘉義縣","布袋鎮","120.220","23.390","141"
"173","188716","20221006051000","135","2","嘉義縣","阿里山鄉","120.715","23.390","179"
"81","188874","20221006051000","866","0","嘉義縣","太保市","120.345","23.450","83"
"25","188885","20221006051000","282","0","嘉義縣","太保市","120.320","23.445","16"
"45","188892","20221006051000","344","0","嘉義縣","太保市","120.340","23.450","35"
"26","188897","20221006051000","98","0","嘉義縣","朴子市","120.235","23.440","96"
"10","188921","20221006051000","12","0","嘉義縣","朴子市","120.240","23.450","11"
"128","188949","20221006051000","127","1","嘉義縣","朴子市","120.255","23.410","129"
"539","188956","20221006051000","366","2","嘉義縣","朴子市","120.260","23.420","460"
"109","188966","20221006051000","111","0","嘉義縣","東石鄉","120.145","23.455","119"
"468","188983","20221006051000","291","3","嘉義縣","布袋鎮","120.190","23.375","474"
"30","189028","20221006051000","311","0","嘉義縣","太保市","120.295","23.440","25"
"178","189044","20221006051000","138","2","嘉義縣","東石鄉","120.170","23.430","171"
"172","189051","20221006051000","132","2","嘉義縣","東石鄉","120.180","23.440","202"
"28","189105","20221006051000","128","0","嘉義縣","東石鄉","120.185","23.450","27"
"25","189112","20221006051000","211","0","嘉義縣","東石鄉","120.200","23.455","21"
"10","189120","20221006051000","11","0","嘉義縣","東石鄉","120.150","23.435","10"
"478","189144","20221006051000","366","2","嘉義縣","布袋鎮","120.165","23.375","500"
"35","189152","20221006051000","332","0","嘉義縣","東石鄉","120.205","23.425","37"
"11","189184","20221006051000","168","0","嘉義縣","水上鄉","120.410","23.430","11"
"14","189187","20221006051000","247","0","嘉義縣","水上鄉","120.415","23.430","11"
"713","189189","20221006051000","575","2","嘉義縣","水上鄉","120.415","23.435","717"
"232","189192","20221006051000","222","1","嘉義縣","水上鄉","120.420","23.440","241"
"638","189195","20221006051000","600","1","嘉義縣","布袋鎮","120.180","23.375","644"
"121","189210","20221006051000","122","0","嘉義縣","布袋鎮","120.200","23.400","112"
"198","189225","20221006051000","163","2","嘉義縣","水上鄉","120.420","23.430","198"
"738","189233","20221006051000","529","2","嘉義縣","水上鄉","120.425","23.440","713"
"31","189242","20221006051000","178","0","嘉義縣","水上鄉","120.370","23.415","38"
"140","189246","20221006051000","146","0","嘉義縣","水上鄉","120.370","23.420","136"
"41","189248","20221006051000","162","0","嘉義縣","水上鄉","120.360","23.425","38"
"327","189268","20221006051000","293","1","嘉義縣","水上鄉","120.495","23.400","332"
"14","189286","20221006051000","52","0","嘉義縣","水上鄉","120.450","23.415","11"
"11","189288","20221006051000","172","0","嘉義縣","水上鄉","120.460","23.415","13"
"111","189292","20221006051000","56","3","嘉義縣","水上鄉","120.450","23.420","105"
"36","189296","20221006051000","58","0","嘉義縣","水上鄉","120.410","23.445","34"
"330","189322","20221006051000","355","0","嘉義縣","水上鄉","120.370","23.440","312"
"54","189337","20221006051000","589","0","嘉義縣","水上鄉","120.360","23.445","47"
"273","189343","20221006051000","257","1","嘉義縣","水上鄉","120.425","23.445","273"
"1130","189344","20221006051000","896","2","嘉義縣","水上鄉","120.430","23.445","1143"
"98","189349","20221006051000","42","3","嘉義縣","水上鄉","120.435","23.415","85"
"519","189350","20221006051000","409","2","嘉義縣","水上鄉","120.430","23.420","500"
"748","189351","20221006051000","658","1","嘉義縣","水上鄉","120.435","23.420","753"
"114","189364","20221006051000","90","2","嘉義縣","布袋鎮","120.150","23.375","126"
"405","189365","20221006051000","258","3","嘉義縣","布袋鎮","120.155","23.375","371"
"240","189369","20221006051000","139","3","嘉義縣","布袋鎮","120.150","23.380","221"
"434","189370","20221006051000","338","2","嘉義縣","布袋鎮","120.155","23.380","422"
"53","189382","20221006051000","816","0","嘉義縣","水上鄉","120.470","23.435","69"
"140","189385","20221006051000","121","1","嘉義縣","水上鄉","120.385","23.405","137"
"71","189387","20221006051000","81","0","嘉義縣","水上鄉","120.390","23.410","71"
"227","189388","20221006051000","166","2","嘉義縣","水上鄉","120.385","23.415","226"
"327","189389","20221006051000","406","0","嘉義縣","水上鄉","120.385","23.420","320"
"19","189392","20221006051000","16","1","嘉義縣","水上鄉","120.405","23.450","19"
"502","189393","20221006051000","453","1","嘉義縣","水上鄉","120.435","23.445","490"
"184","189396","20221006051000","350","0","嘉義縣","水上鄉","120.400","23.425","158"
"59","189397","20221006051000","369","0","嘉義縣","水上鄉","120.395","23.430","66"
"1183","189399","20221006051000","1190","0","嘉義縣","水上鄉","120.400","23.430","1195"
"219","189411","20221006051000","283","0","嘉義縣","水上鄉","120.390","23.425","220"
"51","189413","20221006051000","634","0","嘉義縣","水上鄉","120.395","23.435","62"
"404","189416","20221006051000","441","0","嘉義縣","水上鄉","120.400","23.435","394"
"389","189439","20221006051000","333","1","嘉義縣","水上鄉","120.420","23.420","388"
"72","189459","20221006051000","86","0","嘉義縣","水上鄉","120.385","23.425","75"
"397","189461","20221006051000","338","1","嘉義縣","水上鄉","120.380","23.430","373"
"240","189463","20221006051000","335","0","嘉義縣","水上鄉","120.390","23.430","241"
"894","189474","20221006051000","781","1","嘉義縣","鹿草鄉","120.295","23.380","858"
"183","189491","20221006051000","158","1","嘉義縣","鹿草鄉","120.270","23.395","196"
"254","189518","20221006051000","229","1","嘉義縣","鹿草鄉","120.305","23.415","249"
"21","189555","20221006051000","128","0","嘉義縣","鹿草鄉","120.285","23.435","22"
"51","189575","20221006051000","286","0","嘉義縣","朴子市","120.245","23.430","41"
"476","189579","20221006051000","427","1","嘉義縣","朴子市","120.245","23.435","460"
"128","189583","20221006051000","127","1","嘉義縣","朴子市","120.250","23.440","127"
"1295","189591","20221006051000","1433","0","嘉義縣","東石鄉","120.180","23.420","1281"
"279","189607","20221006051000","237","1","嘉義縣","番路鄉","120.660","23.420","266"
"122","189608","20221006051000","84","2","嘉義縣","番路鄉","120.650","23.425","152"
"25","189630","20221006051000","32","0","嘉義縣","番路鄉","120.640","23.440","20"
"154","189633","20221006051000","101","3","嘉義縣","番路鄉","120.655","23.440","147"
"24","189645","20221006051000","25","0","嘉義縣","番路鄉","120.645","23.440","17"
"212","189663","20221006051000","149","2","嘉義縣","番路鄉","120.670","23.445","168"
"128","189673","20221006051000","96","2","嘉義縣","番路鄉","120.645","23.400","125"
"33","189685","20221006051000","27","2","嘉義縣","番路鄉","120.650","23.405","39"
"20","189703","20221006051000","19","1","嘉義縣","番路鄉","120.640","23.415","28"
"47","189705","20221006051000","25","3","嘉義縣","番路鄉","120.605","23.420","40"
"19","189724","20221006051000","22","0","嘉義縣","番路鄉","120.610","23.430","19"
"15","189740","20221006051000","11","2","嘉義縣","番路鄉","120.610","23.445","10"
"91","189756","20221006051000","54","3","嘉義縣","番路鄉","120.620","23.375","90"
"146","189823","20221006051000","125","1","嘉義縣","番路鄉","120.600","23.435","153"
"231","189837","20221006051000","177","2","嘉義縣","番路鄉","120.580","23.450","204"
"349","189852","20221006051000","224","3","嘉義縣","布袋鎮","120.170","23.385","344"
"170","189978","20221006051000","121","2","嘉義縣","阿里山鄉","120.665","23.380","150"
"17","189981","20221006051000","13","2","嘉義縣","阿里山鄉","120.680","23.380","13"
"74","190321","20221006051000","93","0","嘉義縣","阿里山鄉","120.750","23.440","81"
"54","190374","20221006051000","42","2","嘉義縣","阿里山鄉","120.755","23.450","54"
"165","190402","20221006051000","132","2","嘉義縣","義竹鄉","120.245","23.385","147"
"332","190407","20221006051000","251","2","嘉義縣","義竹鄉","120.240","23.375","355"
"156","192504","20221006051000","98","3","澎湖縣","馬公市","119.515","23.485","123"
"248","192620","20221006051000","246","1","嘉義縣","東石鄉","120.165","23.490","248"
"106","192621","20221006051000","68","3","花蓮縣","豐濱鄉","121.510","23.490","112"
"34","194053","20221006051000","113","0","澎湖縣","馬公市","119.515","23.510","38"
"306","194584","20221006051000","280","1","澎湖縣","馬公市","119.595","23.520","322"
"384","194849","20221006051000","293","2","澎湖縣","馬公市","119.580","23.525","389"
"145","194852","20221006051000","158","0","澎湖縣","馬公市","119.595","23.525","128"
"1211","194945","20221006051000","932","2","嘉義市","東區","120.455","23.495","1194"
"398","194952","20221006051000","207","3","嘉義市","東區","120.485","23.460","398"
"55","194954","20221006051000","53","1","嘉義市","東區","120.495","23.460","65"
"50","194959","20221006051000","36","2","嘉義市","東區","120.485","23.470","52"
"696","194965","20221006051000","938","0","嘉義市","西區","120.435","23.460","673"
"757","194966","20221006051000","1469","0","嘉義市","西區","120.440","23.460","745"
"493","194967","20221006051000","334","2","嘉義市","西區","120.445","23.460","479"
"17","194968","20221006051000","44","0","嘉義市","西區","120.440","23.475","13"
"802","194969","20221006051000","446","3","嘉義市","西區","120.440","23.490","814"
"782","194970","20221006051000","1233","0","嘉義市","東區","120.460","23.480","775"
"865","194971","20221006051000","789","1","嘉義市","東區","120.450","23.480","902"
"1207","194972","20221006051000","721","3","嘉義市","東區","120.450","23.490","1262"
"244","194973","20221006051000","1926","0","嘉義市","東區","120.450","23.495","284"
"1177","194974","20221006051000","881","2","嘉義市","西區","120.415","23.485","1208"
"524","194975","20221006051000","610","0","嘉義市","西區","120.405","23.490","485"
"1059","194980","20221006051000","2319","0","嘉義市","西區","120.425","23.475","1045"
"601","194981","20221006051000","564","1","嘉義市","西區","120.430","23.470","556"
"58","194985","20221006051000","1576","0","嘉義市","東區","120.470","23.490","57"
"437","194986","20221006051000","448","0","嘉義市","東區","120.470","23.495","427"
"365","194988","20221006051000","335","1","嘉義市","東區","120.480","23.495","365"
"660","194993","20221006051000","696","0","嘉義市","東區","120.450","23.500","634"
"33","194994","20221006051000","478","0","嘉義市","東區","120.450","23.505","35"
"683","194995","20221006051000","614","1","嘉義市","東區","120.455","23.505","674"
"204","194996","20221006051000","212","0","嘉義市","東區","120.445","23.510","190"
"460","195001","20221006051000","1381","0","嘉義市","東區","120.485","23.485","449"
"451","195002","20221006051000","362","2","嘉義市","東區","120.490","23.480","466"
"790","195003","20221006051000","1146","0","嘉義市","東區","120.455","23.490","740"
"2102","195004","20221006051000","1953","1","嘉義市","東區","120.455","23.480","2007"
"458","195006","20221006051000","258","3","嘉義市","西區","120.420","23.480","471"
"910","195007","20221006051000","959","0","嘉義市","西區","120.430","23.480","943"
"509","195008","20221006051000","461","1","嘉義市","西區","120.420","23.490","469"
"985","195009","20221006051000","2489","0","嘉義市","西區","120.430","23.465","982"
"1116","195011","20221006051000","816","2","嘉義市","西區","120.425","23.485","1184"
"866","195012","20221006051000","1755","0","嘉義市","西區","120.435","23.480","876"
"1441","195013","20221006051000","1821","0","嘉義市","西區","120.430","23.485","1397"
"22","195015","20221006051000","35","0","嘉義市","西區","120.395","23.490","21"
"139","195016","20221006051000","78","3","嘉義市","西區","120.400","23.490","141"
"17","195017","20221006051000","22","0","嘉義市","西區","120.390","23.495","15"
"1609","195022","20221006051000","1061","3","嘉義市","西區","120.440","23.480","1565"
"666","195024","20221006051000","382","3","嘉義市","西區","120.430","23.495","661"
"45","195025","20221006051000","1382","0","嘉義市","西區","120.425","23.490","44"
"1854","195033","20221006051000","1056","3","嘉義市","東區","120.450","23.475","1833"
"1706","195036","20221006051000","923","3","嘉義市","東區","120.450","23.460","1696"
"2225","195037","20221006051000","1749","2","嘉義市","東區","120.455","23.455","2269"
"82","195038","20221006051000","1740","0","嘉義市","西區","120.435","23.470","79"
"215","195039","20221006051000","162","2","嘉義市","西區","120.430","23.455","200"
"23","195040","20221006051000","407","0","嘉義市","西區","120.430","23.460","23"
"69","195041","20221006051000","1148","0","嘉義市","西區","120.440","23.485","70"
"131","195042","20221006051000","102","2","嘉義市","西區","120.395","23.465","135"
"373","195047","20221006051000","304","2","嘉義市","西區","120.405","23.470","379"
"381","195049","20221006051000","374","1","嘉義市","西區","120.405","23.475","390"
"37","195053","20221006051000","543","0","嘉義市","西區","120.445","23.500","42"
"1546","195054","20221006051000","1675","0","嘉義市","東區","120.465","23.490","1560"
"26","195055","20221006051000","14","3","嘉義市","東區","120.465","23.495","27"
"506","195056","20221006051000","275","3","嘉義市","東區","120.460","23.470","509"
"2028","195057","20221006051000","1109","3","嘉義市","東區","120.470","23.480","2077"
"124","195058","20221006051000","802","0","嘉義市","東區","120.465","23.475","121"
"1986","195060","20221006051000","1661","1","嘉義市","西區","120.435","23.475","1997"
"1349","195061","20221006051000","738","3","嘉義市","西區","120.440","23.465","1312"
"16","195062","20221006051000","427","0","嘉義市","西區","120.450","23.465","12"
"1209","195064","20221006051000","1878","0","嘉義市","西區","120.440","23.470","1202"
"14","195065","20221006051000","12","1","嘉義市","東區","120.455","23.485","13"
"34","195066","20221006051000","577","0","嘉義市","東區","120.450","23.485","35"
"560","195069","20221006051000","477","1","嘉義市","西區","120.415","23.475","522"
"1301","195073","20221006051000","3056","0","嘉義市","西區","120.440","23.455","1296"
"2639","195075","20221006051000","2347","1","嘉義市","西區","120.445","23.475","2666"
"1948","195076","20221006051000","1967","0","嘉義市","東區","120.465","23.465","1937"
"1055","195083","20221006051000","731","2","嘉義市","東區","120.445","23.515","1085"
"351","195084","20221006051000","743","0","嘉義市","東區","120.465","23.480","346"
"918","195086","20221006051000","952","0","嘉義市","東區","120.480","23.465","849"
"1356","195090","20221006051000","802","3","嘉義市","東區","120.475","23.475","1293"
"34","195093","20221006051000","641","0","嘉義市","東區","120.470","23.485","33"
"773","195094","20221006051000","496","3","嘉義市","東區","120.475","23.485","783"
"22","195098","20221006051000","17","2","嘉義市","東區","120.500","23.475","22"
"17","195100","20221006051000","300","0","嘉義市","東區","120.485","23.480","13"
"630","195103","20221006051000","462","2","嘉義市","東區","120.500","23.480","647"
"508","195108","20221006051000","358","2","嘉義市","東區","120.490","23.485","496"
"53","195113","20221006051000","754","0","嘉義市","東區","120.470","23.475","43"
"763","195114","20221006051000","552","2","嘉義市","東區","120.455","23.500","801"
"126","195115","20221006051000","115","1","嘉義市","東區","120.475","23.490","130"
"712","195118","20221006051000","565","2","嘉義市","東區","120.480","23.490","708"
"950","195120","20221006051000","1808","0","嘉義市","東區","120.455","23.475","888"
"1432","195121","20221006051000","1529","0","嘉義市","西區","120.430","23.490","1497"
"61","195122","20221006051000","834","0","嘉義市","西區","120.435","23.485","58"
"78","195123","20221006051000","903","0","嘉義市","西區","120.435","23.490","74"
"645","195124","20221006051000","604","1","嘉義市","西區","120.450","23.470","647"
"790","195127","20221006051000","395","3","嘉義市","東區","120.470","23.470","767"
"30","195128","20221006051000","655","0","嘉義市","東區","120.475","23.480","28"
"454","195129","20221006051000","418","1","嘉義市","東區","120.465","23.485","471"
"34","195131","20221006051000","34","1","嘉義市","東區","120.480","23.480","27"
"751","195133","20221006051000","704","1","嘉義市","東區","120.460","23.490","760"
"40","195139","20221006051000","489","0","嘉義市","西區","120.405","23.480","46"
"422","195147","20221006051000","269","3","嘉義市","西區","120.415","23.465","421"
"61","195148","20221006051000","1716","0","嘉義市","西區","120.420","23.465","59"
"835","195150","20221006051000","624","2","嘉義市","西區","120.415","23.470","857"
"69","195151","20221006051000","57","2","嘉義市","西區","120.420","23.470","59"
"819","195154","20221006051000","446","3","嘉義市","西區","120.440","23.495","817"
"71","195158","20221006051000","78","0","嘉義市","東區","120.430","23.505","79"
"154","195159","20221006051000","116","2","嘉義市","西區","120.435","23.505","179"
"816","195160","20221006051000","762","1","嘉義市","西區","120.445","23.485","788"
"1763","195161","20221006051000","1263","2","嘉義市","東區","120.460","23.465","1757"
"597","195162","20221006051000","1259","0","嘉義市","西區","120.445","23.470","597"
"120","195164","20221006051000","92","2","嘉義市","西區","120.425","23.465","120"
"44","195165","20221006051000","68","0","嘉義市","西區","120.425","23.480","41"
"1452","195166","20221006051000","1045","2","嘉義市","西區","120.445","23.480","1475"
"875","195167","20221006051000","794","1","嘉義市","東區","120.460","23.455","853"
"298","195169","20221006051000","239","2","嘉義市","東區","120.465","23.460","292"
"1220","195170","20221006051000","1324","0","嘉義市","東區","120.455","23.465","1234"
"592","195171","20221006051000","500","1","嘉義市","東區","120.455","23.470","590"
"449","195183","20221006051000","396","1","澎湖縣","馬公市","119.590","23.515","481"
"349","195202","20221006051000","193","3","澎湖縣","馬公市","119.605","23.525","364"
"95","195219","20221006051000","146","0","花蓮縣","瑞穗鄉","121.375","23.495","95"
"23","195220","20221006051000","64","0","花蓮縣","瑞穗鄉","121.375","23.500","26"
"323","195222","20221006051000","372","0","花蓮縣","瑞穗鄉","121.375","23.505","336"
"263","195231","20221006051000","218","2","花蓮縣","瑞穗鄉","121.390","23.490","257"
"1246","195232","20221006051000","1149","1","花蓮縣","瑞穗鄉","121.380","23.495","1192"
"76","195268","20221006051000","56","2","花蓮縣","瑞穗鄉","121.355","23.465","74"
"52","195289","20221006051000","64","0","花蓮縣","瑞穗鄉","121.360","23.475","44"
"305","195291","20221006051000","260","1","花蓮縣","瑞穗鄉","121.370","23.475","314"
"43","195336","20221006051000","29","2","花蓮縣","瑞穗鄉","121.390","23.520","51"
"71","195430","20221006051000","47","3","花蓮縣","瑞穗鄉","121.445","23.490","79"
"190","196332","20221006051000","161","1","花蓮縣","瑞穗鄉","121.375","23.515","189"
"68","196345","20221006051000","45","3","花蓮縣","瑞穗鄉","121.360","23.480","67"
"230","196360","20221006051000","194","1","花蓮縣","瑞穗鄉","121.355","23.490","209"
"296","196364","20221006051000","264","1","花蓮縣","瑞穗鄉","121.375","23.490","282"
"63","196368","20221006051000","46","2","花蓮縣","瑞穗鄉","121.360","23.495","61"
"165","196453","20221006051000","155","1","花蓮縣","卓溪鄉","121.325","23.490","194"
"207","196567","20221006051000","173","1","花蓮縣","豐濱鄉","121.505","23.470","233"
"67","196575","20221006051000","37","3","花蓮縣","豐濱鄉","121.505","23.475","67"
"52","196592","20221006051000","42","2","花蓮縣","豐濱鄉","121.510","23.480","53"
"56","196639","20221006051000","48","1","花蓮縣","豐濱鄉","121.500","23.455","62"
"208","196667","20221006051000","127","3","花蓮縣","玉里鎮","121.405","23.465","192"
"127","196709","20221006051000","60","3","花蓮縣","玉里鎮","121.395","23.455","130"
"926","196774","20221006051000","729","2","嘉義縣","中埔鄉","120.465","23.455","961"
"1154","196781","20221006051000","1604","0","嘉義縣","民雄鄉","120.430","23.520","1107"
"431","196789","20221006051000","455","0","嘉義縣","民雄鄉","120.440","23.515","430"
"351","196793","20221006051000","211","3","嘉義縣","六腳鄉","120.290","23.520","365"
"704","196815","20221006051000","579","2","嘉義縣","六腳鄉","120.250","23.510","664"
"42","196825","20221006051000","34","2","嘉義縣","六腳鄉","120.225","23.485","42"
"115","196836","20221006051000","90","2","嘉義縣","六腳鄉","120.285","23.500","122"
"265","196856","20221006051000","158","3","雲林縣","水林鄉","120.225","23.505","253"
"42","196879","20221006051000","333","0","嘉義縣","六腳鄉","120.245","23.485","47"
"331","196886","20221006051000","187","3","嘉義縣","民雄鄉","120.415","23.525","335"
"37","196888","20221006051000","19","3","嘉義縣","民雄鄉","120.425","23.525","41"
"30","196895","20221006051000","164","0","嘉義縣","太保市","120.310","23.460","29"
"57","196913","20221006051000","80","0","嘉義縣","新港鄉","120.375","23.515","28"
"142","196921","20221006051000","679","0","嘉義縣","新港鄉","120.380","23.525","117"
"371","196935","20221006051000","306","2","嘉義縣","六腳鄉","120.280","23.505","386"
"450","196963","20221006051000","497","0","嘉義縣","六腳鄉","120.310","23.500","417"
"957","197018","20221006051000","783","2","嘉義縣","太保市","120.335","23.490","956"
"641","197019","20221006051000","426","3","嘉義縣","太保市","120.340","23.495","631"
"1277","197036","20221006051000","2202","0","嘉義縣","太保市","120.365","23.500","1258"
"15","197041","20221006051000","92","0","嘉義縣","太保市","120.360","23.510","16"
"585","197046","20221006051000","549","1","嘉義縣","太保市","120.370","23.500","543"
"18","197053","20221006051000","16","1","嘉義縣","六腳鄉","120.265","23.525","21"
"385","197055","20221006051000","287","2","嘉義縣","六腳鄉","120.275","23.525","390"
"155","197536","20221006051000","119","2","南投縣","信義鄉","120.870","23.470","127"
"25","197634","20221006051000","39","0","南投縣","信義鄉","120.825","23.510","33"
"453","197682","20221006051000","790","0","嘉義縣","民雄鄉","120.440","23.520","447"
"1088","197684","20221006051000","1228","0","嘉義縣","民雄鄉","120.440","23.525","1098"
"1143","197685","20221006051000","1542","0","嘉義縣","民雄鄉","120.445","23.525","1081"
"78","197696","20221006051000","57","2","嘉義縣","民雄鄉","120.425","23.510","78"
"27","197703","20221006051000","333","0","嘉義縣","民雄鄉","120.465","23.505","441"
"571","197710","20221006051000","424","2","嘉義縣","民雄鄉","120.475","23.515","546"
"28","197714","20221006051000","48","0","嘉義縣","民雄鄉","120.480","23.520","31"
"147","197719","20221006051000","95","3","雲林縣","水林鄉","120.205","23.530","146"
"23","197727","20221006051000","127","0","嘉義縣","太保市","120.380","23.490","24"
"309","197729","20221006051000","206","3","嘉義縣","太保市","120.370","23.495","302"
"199","197749","20221006051000","89","3","嘉義縣","太保市","120.385","23.480","207"
"861","197755","20221006051000","775","1","嘉義縣","朴子市","120.285","23.465","779"
"136","197756","20221006051000","82","3","嘉義縣","朴子市","120.290","23.465","77"
"35","197762","20221006051000","21","3","嘉義縣","太保市","120.290","23.470","36"
"49","197764","20221006051000","181","0","嘉義縣","太保市","120.290","23.475","31"
"172","197766","20221006051000","122","2","嘉義縣","朴子市","120.240","23.470","175"
"17","197770","20221006051000","72","0","嘉義縣","新港鄉","120.310","23.515","21"
"32","197788","20221006051000","419","0","嘉義縣","朴子市","120.285","23.455","31"
"15","197789","20221006051000","142","0","嘉義縣","朴子市","120.290","23.455","17"
"327","197794","20221006051000","912","0","嘉義縣","朴子市","120.285","23.460","239"
"27","197795","20221006051000","206","0","嘉義縣","朴子市","120.290","23.460","24"
"627","197796","20221006051000","637","0","嘉義縣","朴子市","120.265","23.465","648"
"46","197797","20221006051000","389","0","嘉義縣","朴子市","120.255","23.455","41"
"48","197799","20221006051000","38","2","嘉義縣","朴子市","120.265","23.455","47"
"419","197800","20221006051000","224","3","嘉義縣","朴子市","120.250","23.460","422"
"66","197802","20221006051000","56","1","嘉義縣","朴子市","120.260","23.460","52"
"274","197804","20221006051000","204","2","嘉義縣","朴子市","120.255","23.465","275"
"75","197820","20221006051000","91","0","嘉義縣","新港鄉","120.365","23.515","78"
"40","197822","20221006051000","277","0","嘉義縣","新港鄉","120.350","23.520","50"
"48","197827","20221006051000","374","0","嘉義縣","新港鄉","120.355","23.520","35"
"25","197830","20221006051000","107","0","嘉義縣","新港鄉","120.330","23.510","24"
"47","197862","20221006051000","46","1","嘉義縣","阿里山鄉","120.790","23.505","59"
"218","197867","20221006051000","185","1","嘉義縣","阿里山鄉","120.810","23.515","243"
"163","197868","20221006051000","79","3","嘉義縣","阿里山鄉","120.815","23.515","129"
"274","197899","20221006051000","240","1","嘉義縣","太保市","120.335","23.475","283"
"247","197906","20221006051000","243","1","嘉義縣","太保市","120.345","23.480","235"
"39","197913","20221006051000","149","0","嘉義縣","太保市","120.300","23.465","25"
"68","197940","20221006051000","46","2","南投縣","信義鄉","120.890","23.490","43"
"95","198035","20221006051000","105","0","雲林縣","水林鄉","120.230","23.515","87"
"700","198046","20221006051000","432","3","雲林縣","水林鄉","120.230","23.520","585"
"1505","198052","20221006051000","1153","2","嘉義縣","朴子市","120.245","23.470","1476"
"34","198053","20221006051000","462","0","嘉義縣","六腳鄉","120.250","23.470","31"
"73","198057","20221006051000","981","0","嘉義縣","朴子市","120.245","23.465","68"
"71","198066","20221006051000","907","0","嘉義縣","朴子市","120.240","23.465","64"
"308","198068","20221006051000","220","2","嘉義縣","朴子市","120.225","23.460","291"
"98","198071","20221006051000","870","0","嘉義縣","朴子市","120.235","23.465","86"
"313","198076","20221006051000","358","0","嘉義縣","朴子市","120.270","23.480","313"
"52","198087","20221006051000","170","0","嘉義縣","太保市","120.355","23.465","51"
"1612","198089","20221006051000","2435","0","嘉義縣","太保市","120.380","23.500","1667"
"12","198113","20221006051000","81","0","雲林縣","水林鄉","120.225","23.510","12"
"654","198129","20221006051000","387","3","嘉義縣","太保市","120.325","23.455","629"
"28","198131","20221006051000","319","0","嘉義縣","太保市","120.335","23.455","20"
"33","198135","20221006051000","308","0","嘉義縣","太保市","120.335","23.460","29"
"43","198141","20221006051000","606","0","嘉義縣","太保市","120.295","23.455","49"
"89","198144","20221006051000","808","0","嘉義縣","太保市","120.295","23.460","45"
"212","198164","20221006051000","163","2","嘉義縣","東石鄉","120.170","23.480","222"
"12","198175","20221006051000","10","2","嘉義縣","東石鄉","120.195","23.465","12"
"30","198190","20221006051000","28","1","嘉義縣","東石鄉","120.145","23.465","37"
"39","198208","20221006051000","31","2","嘉義縣","梅山鄉","120.710","23.520","36"
"132","198214","20221006051000","119","1","嘉義縣","梅山鄉","120.710","23.525","124"
"630","198237","20221006051000","575","1","嘉義縣","東石鄉","120.170","23.465","624"
"432","198282","20221006051000","432","1","嘉義縣","東石鄉","120.185","23.490","431"
"19","198283","20221006051000","26","0","嘉義縣","東石鄉","120.185","23.495","19"
"839","198309","20221006051000","760","1","嘉義縣","東石鄉","120.150","23.460","818"
"259","198354","20221006051000","190","2","嘉義縣","東石鄉","120.155","23.500","267"
"213","198358","20221006051000","167","2","嘉義縣","東石鄉","120.175","23.500","175"
"77","198378","20221006051000","71","1","嘉義縣","東石鄉","120.160","23.510","77"
"42","198419","20221006051000","183","0","嘉義縣","梅山鄉","120.660","23.525","219"
"36","198450","20221006051000","31","1","嘉義縣","民雄鄉","120.450","23.520","35"
"165","198452","20221006051000","94","3","嘉義縣","民雄鄉","120.460","23.520","147"
"29","198455","20221006051000","40","0","嘉義縣","民雄鄉","120.455","23.525","26"
"281","198456","20221006051000","312","0","嘉義縣","民雄鄉","120.460","23.525","296"
"149","198457","20221006051000","120","2","嘉義縣","民雄鄉","120.450","23.530","144"
"722","198458","20221006051000","567","2","嘉義縣","民雄鄉","120.455","23.530","701"
"547","198459","20221006051000","425","2","嘉義縣","民雄鄉","120.460","23.530","567"
"120","198474","20221006051000","104","1","嘉義縣","民雄鄉","120.475","23.525","132"
"25","198490","20221006051000","120","0","嘉義縣","新港鄉","120.390","23.515","18"
"30","198491","20221006051000","45","0","嘉義縣","民雄鄉","120.400","23.515","41"
"634","198495","20221006051000","547","1","嘉義縣","民雄鄉","120.410","23.520","647"
"21","198501","20221006051000","40","0","嘉義縣","民雄鄉","120.415","23.520","27"
"914","198503","20221006051000","775","1","嘉義縣","民雄鄉","120.430","23.530","960"
"300","198542","20221006051000","168","3","嘉義縣","六腳鄉","120.300","23.505","312"
"34","198546","20221006051000","31","1","嘉義縣","六腳鄉","120.300","23.515","30"
"172","198651","20221006051000","135","2","雲林縣","水林鄉","120.210","23.515","174"
"445","198686","20221006051000","441","1","嘉義縣","水上鄉","120.410","23.455","443"
"262","198687","20221006051000","149","3","嘉義縣","水上鄉","120.415","23.455","279"
"795","198691","20221006051000","330","3","嘉義市","西區","120.415","23.460","816"
"41","198693","20221006051000","98","0","嘉義縣","水上鄉","120.420","23.460","45"
"1494","198697","20221006051000","972","3","嘉義縣","六腳鄉","120.295","23.490","1471"
"335","198713","20221006051000","245","2","雲林縣","口湖鄉","120.185","23.525","336"
"956","198720","20221006051000","790","2","嘉義縣","水上鄉","120.400","23.455","916"
"111","198726","20221006051000","1099","0","嘉義縣","朴子市","120.245","23.460","99"
"21","198735","20221006051000","16","2","嘉義縣","六腳鄉","120.260","23.530","24"
"20","198765","20221006051000","13","3","嘉義縣","竹崎鄉","120.580","23.520","20"
"232","198769","20221006051000","231","1","嘉義縣","番路鄉","120.555","23.465","245"
"776","198770","20221006051000","711","1","嘉義縣","番路鄉","120.560","23.465","772"
"300","198785","20221006051000","190","3","嘉義縣","番路鄉","120.505","23.455","251"
"155","198844","20221006051000","108","2","嘉義縣","番路鄉","120.620","23.480","172"
"23","198849","20221006051000","19","2","嘉義縣","番路鄉","120.625","23.485","21"
"77","198869","20221006051000","61","2","嘉義縣","番路鄉","120.540","23.460","72"
"230","198871","20221006051000","192","1","嘉義縣","番路鄉","120.550","23.460","237"
"117","198874","20221006051000","108","1","嘉義縣","番路鄉","120.540","23.465","80"
"24","198875","20221006051000","40","0","嘉義縣","番路鄉","120.535","23.470","29"
"178","198880","20221006051000","122","2","嘉義縣","番路鄉","120.600","23.455","173"
"201","198884","20221006051000","194","1","嘉義縣","番路鄉","120.595","23.460","181"
"54","198885","20221006051000","40","2","嘉義縣","番路鄉","120.600","23.460","68"
"845","198892","20221006051000","724","1","嘉義縣","番路鄉","120.535","23.475","859"
"136","198893","20221006051000","84","3","嘉義縣","番路鄉","120.510","23.480","144"
"27","198896","20221006051000","53","0","嘉義縣","番路鄉","120.525","23.480","37"
"225","198913","20221006051000","201","1","嘉義縣","竹崎鄉","120.685","23.460","229"
"143","198918","20221006051000","111","2","嘉義縣","竹崎鄉","120.695","23.475","152"
"26","198922","20221006051000","31","0","嘉義縣","竹崎鄉","120.700","23.480","25"
"20","198923","20221006051000","18","1","嘉義縣","竹崎鄉","120.705","23.480","22"
"49","198932","20221006051000","24","3","嘉義縣","竹崎鄉","120.705","23.485","23"
"131","198946","20221006051000","97","2","嘉義縣","竹崎鄉","120.695","23.500","136"
"151","198952","20221006051000","159","0","嘉義縣","竹崎鄉","120.695","23.505","179"
"19","198964","20221006051000","23","0","嘉義縣","竹崎鄉","120.660","23.505","16"
"121","198983","20221006051000","120","1","嘉義縣","竹崎鄉","120.635","23.520","107"
"78","199039","20221006051000","59","2","嘉義縣","竹崎鄉","120.650","23.470","83"
"112","199063","20221006051000","106","1","嘉義縣","竹崎鄉","120.680","23.480","120"
"391","199106","20221006051000","490","0","嘉義縣","竹崎鄉","120.570","23.485","369"
"381","199108","20221006051000","251","3","嘉義縣","竹崎鄉","120.555","23.485","391"
"29","199120","20221006051000","21","2","嘉義縣","竹崎鄉","120.540","23.515","24"
"1355","199122","20221006051000","1244","1","嘉義縣","竹崎鄉","120.550","23.515","1337"
"481","199146","20221006051000","447","1","嘉義縣","竹崎鄉","120.570","23.500","480"
"18","199161","20221006051000","388","0","嘉義縣","竹崎鄉","120.550","23.530","17"
"79","199213","20221006051000","52","3","嘉義縣","竹崎鄉","120.590","23.465","75"
"254","199237","20221006051000","149","3","嘉義縣","竹崎鄉","120.605","23.470","246"
"47","199241","20221006051000","50","0","嘉義縣","竹崎鄉","120.585","23.475","60"
"189","199248","20221006051000","184","1","嘉義縣","竹崎鄉","120.575","23.480","180"
"458","199280","20221006051000","403","1","嘉義縣","竹崎鄉","120.505","23.485","428"
"899","199288","20221006051000","741","2","嘉義縣","竹崎鄉","120.500","23.490","861"
"671","199291","20221006051000","550","2","嘉義縣","竹崎鄉","120.520","23.490","691"
"451","199297","20221006051000","430","1","嘉義縣","竹崎鄉","120.495","23.495","453"
"359","199306","20221006051000","275","2","嘉義縣","竹崎鄉","120.500","23.500","347"
"302","199313","20221006051000","293","1","嘉義縣","竹崎鄉","120.505","23.525","301"
"319","199322","20221006051000","271","1","嘉義縣","竹崎鄉","120.515","23.530","343"
"288","199330","20221006051000","215","2","嘉義縣","竹崎鄉","120.495","23.510","275"
"109","199332","20221006051000","86","2","嘉義縣","竹崎鄉","120.495","23.515","111"
"857","199353","20221006051000","741","1","嘉義縣","竹崎鄉","120.570","23.505","888"
"195","199358","20221006051000","133","2","嘉義縣","竹崎鄉","120.610","23.510","182"
"135","199367","20221006051000","151","0","嘉義縣","竹崎鄉","120.605","23.515","141"
"135","199379","20221006051000","53","3","嘉義縣","竹崎鄉","120.610","23.520","139"
"29","199459","20221006051000","18","3","嘉義縣","阿里山鄉","120.950","23.465","19"
"10","199523","20221006051000","13","0","嘉義縣","阿里山鄉","120.795","23.490","18"
"18","199541","20221006051000","13","2","嘉義縣","阿里山鄉","120.800","23.500","14"
"126","199552","20221006051000","93","2","嘉義縣","阿里山鄉","120.815","23.505","149"
"575","199555","20221006051000","511","1","嘉義縣","阿里山鄉","120.805","23.510","647"
"202","199603","20221006051000","157","2","嘉義縣","阿里山鄉","120.730","23.530","196"
"104","199642","20221006051000","93","1","嘉義縣","阿里山鄉","120.755","23.490","103"
"41","199653","20221006051000","37","1","嘉義縣","阿里山鄉","120.745","23.495","48"
"94","199699","20221006051000","71","2","嘉義縣","阿里山鄉","120.740","23.515","82"
"102","199719","20221006051000","74","2","嘉義縣","阿里山鄉","120.720","23.455","72"
"44","199725","20221006051000","37","1","嘉義縣","阿里山鄉","120.700","23.460","44"
"127","199742","20221006051000","119","1","嘉義縣","阿里山鄉","120.730","23.465","125"
"135","199744","20221006051000","92","2","嘉義縣","竹崎鄉","120.695","23.470","137"
"379","199745","20221006051000","310","2","嘉義縣","阿里山鄉","120.700","23.470","400"
"64","199748","20221006051000","54","1","嘉義縣","阿里山鄉","120.715","23.470","74"
"67","199760","20221006051000","60","1","嘉義縣","阿里山鄉","120.715","23.480","69"
"71","199769","20221006051000","39","3","嘉義縣","阿里山鄉","120.720","23.485","58"
"140","199777","20221006051000","116","2","嘉義縣","阿里山鄉","120.750","23.455","143"
"17","199798","20221006051000","13","2","嘉義縣","阿里山鄉","120.775","23.460","17"
"327","199875","20221006051000","205","3","嘉義縣","竹崎鄉","120.595","23.485","309"
"183","199886","20221006051000","120","3","嘉義縣","竹崎鄉","120.595","23.495","158"
"364","199897","20221006051000","395","0","嘉義縣","竹崎鄉","120.550","23.485","376"
"84","199900","20221006051000","240","0","嘉義縣","竹崎鄉","120.540","23.495","92"
"729","199903","20221006051000","675","1","嘉義縣","竹崎鄉","120.540","23.500","696"
"118","199909","20221006051000","70","3","嘉義縣","竹崎鄉","120.595","23.525","108"
"154","199920","20221006051000","109","2","嘉義縣","竹崎鄉","120.510","23.490","154"
"651","199938","20221006051000","535","2","嘉義縣","竹崎鄉","120.525","23.515","679"
"308","200367","20221006051000","409","0","澎湖縣","馬公市","119.550","23.535","387"
"42","201149","20221006051000","55","0","澎湖縣","馬公市","119.570","23.550","61"
"353","201150","20221006051000","214","3","澎湖縣","馬公市","119.575","23.550","309"
"57","201400","20221006051000","133","0","澎湖縣","馬公市","119.570","23.555","67"
"610","202108","20221006051000","538","1","澎湖縣","西嶼鄉","119.485","23.565","509"
"707","202121","20221006051000","514","2","澎湖縣","馬公市","119.565","23.565","728"
"189","202367","20221006051000","166","1","澎湖縣","馬公市","119.565","23.570","191"
"66","202600","20221006051000","55","2","澎湖縣","西嶼鄉","119.500","23.575","72"
"540","202858","20221006051000","934","0","澎湖縣","馬公市","119.575","23.580","563"
"143","203106","20221006051000","116","2","澎湖縣","馬公市","119.570","23.585","153"
"572","203108","20221006051000","485","1","澎湖縣","馬公市","119.580","23.585","558"
"115","203109","20221006051000","113","1","澎湖縣","馬公市","119.585","23.585","130"
"19","203624","20221006051000","20","0","澎湖縣","湖西鄉","119.670","23.595","19"
"27","203877","20221006051000","13","3","澎湖縣","湖西鄉","119.640","23.600","23"
"16","203940","20221006051000","29","0","澎湖縣","馬公市","119.570","23.560","16"
"768","203941","20221006051000","775","0","澎湖縣","馬公市","119.570","23.565","760"
"1429","203942","20221006051000","1827","0","澎湖縣","馬公市","119.570","23.570","1415"
"252","203945","20221006051000","333","0","澎湖縣","湖西鄉","119.615","23.570","259"
"26","203947","20221006051000","231","0","澎湖縣","湖西鄉","119.625","23.570","24"
"271","203951","20221006051000","220","2","澎湖縣","馬公市","119.600","23.555","255"
"18","203964","20221006051000","198","0","澎湖縣","湖西鄉","119.620","23.600","12"
"357","203989","20221006051000","239","2","澎湖縣","西嶼鄉","119.480","23.565","352"
"259","203992","20221006051000","188","2","澎湖縣","湖西鄉","119.615","23.595","244"
"119","203994","20221006051000","91","2","澎湖縣","湖西鄉","119.665","23.585","104"
"36","204001","20221006051000","15","3","澎湖縣","馬公市","119.590","23.550","38"
"1517","204013","20221006051000","1078","2","澎湖縣","馬公市","119.600","23.570","1534"
"63","204018","20221006051000","431","0","澎湖縣","馬公市","119.580","23.560","68"
"2150","204021","20221006051000","691","3","澎湖縣","馬公市","119.585","23.565","2103"
"1393","204022","20221006051000","520","3","澎湖縣","馬公市","119.590","23.565","1417"
"334","204025","20221006051000","161","3","澎湖縣","湖西鄉","119.630","23.565","355"
"217","204033","20221006051000","189","1","澎湖縣","湖西鄉","119.655","23.565","224"
"309","204042","20221006051000","304","1","澎湖縣","馬公市","119.545","23.540","298"
"155","204045","20221006051000","706","0","澎湖縣","湖西鄉","119.670","23.570","140"
"340","204049","20221006051000","304","1","澎湖縣","馬公市","119.575","23.570","350"
"993","204050","20221006051000","497","3","澎湖縣","馬公市","119.580","23.570","988"
"2461","204052","20221006051000","2733","0","澎湖縣","馬公市","119.575","23.575","2516"
"42","204053","20221006051000","383","0","澎湖縣","馬公市","119.580","23.575","41"
"833","204054","20221006051000","551","3","澎湖縣","馬公市","119.580","23.580","856"
"336","204067","20221006051000","269","2","澎湖縣","馬公市","119.615","23.555","360"
"126","204074","20221006051000","69","3","澎湖縣","湖西鄉","119.620","23.565","115"
"432","204075","20221006051000","305","2","澎湖縣","湖西鄉","119.650","23.570","549"
"603","204080","20221006051000","467","2","澎湖縣","湖西鄉","119.650","23.580","561"
"189","204087","20221006051000","191","0","澎湖縣","西嶼鄉","119.505","23.585","175"
"306","204092","20221006051000","327","0","澎湖縣","西嶼鄉","119.510","23.600","286"
"242","204107","20221006051000","235","1","澎湖縣","馬公市","119.560","23.560","259"
"395","204108","20221006051000","464","0","澎湖縣","馬公市","119.565","23.560","428"
"48","204109","20221006051000","29","3","澎湖縣","馬公市","119.595","23.550","55"
"26","204111","20221006051000","248","0","澎湖縣","馬公市","119.595","23.555","25"
"269","204113","20221006051000","246","1","澎湖縣","馬公市","119.605","23.535","275"
"44","204120","20221006051000","242","0","澎湖縣","馬公市","119.610","23.545","35"
"52","204124","20221006051000","200","0","澎湖縣","馬公市","119.620","23.550","45"
"39","204136","20221006051000","138","0","澎湖縣","湖西鄉","119.640","23.580","38"
"413","204137","20221006051000","326","2","澎湖縣","湖西鄉","119.645","23.580","383"
"420","204161","20221006051000","134","3","澎湖縣","湖西鄉","119.640","23.555","379"
"12","204163","20221006051000","151","0","澎湖縣","湖西鄉","119.635","23.560","12"
"12","204174","20221006051000","398","0","澎湖縣","湖西鄉","119.615","23.590","11"
"67","204179","20221006051000","37","3","澎湖縣","湖西鄉","119.680","23.555","72"
"494","204185","20221006051000","339","2","澎湖縣","湖西鄉","119.670","23.565","475"
"1563","204189","20221006051000","778","3","澎湖縣","馬公市","119.575","23.565","1364"
"30","204191","20221006051000","731","0","澎湖縣","馬公市","119.585","23.555","28"
"740","204192","20221006051000","325","3","澎湖縣","馬公市","119.585","23.560","735"
"31","204194","20221006051000","223","0","澎湖縣","馬公市","119.595","23.560","32"
"2345","204195","20221006051000","978","3","澎湖縣","馬公市","119.600","23.560","2329"
"66","204307","20221006051000","48","2","花蓮縣","瑞穗鄉","121.370","23.575","68"
"281","204313","20221006051000","220","2","花蓮縣","瑞穗鄉","121.375","23.575","254"
"160","204317","20221006051000","137","1","花蓮縣","瑞穗鄉","121.370","23.580","147"
"117","204319","20221006051000","97","2","花蓮縣","瑞穗鄉","121.380","23.580","118"
"24","204320","20221006051000","30","0","花蓮縣","萬榮鄉","121.355","23.585","35"
"99","204355","20221006051000","99","1","花蓮縣","瑞穗鄉","121.385","23.570","109"
"79","204381","20221006051000","68","1","花蓮縣","瑞穗鄉","121.385","23.580","87"
"44","204384","20221006051000","30","2","花蓮縣","瑞穗鄉","121.400","23.580","37"
"153","204421","20221006051000","117","2","花蓮縣","光復鄉","121.390","23.605","151"
"55","204446","20221006051000","37","2","花蓮縣","光復鄉","121.385","23.605","51"
"175","204758","20221006051000","148","1","花蓮縣","瑞穗鄉","121.375","23.540","161"
"29","205305","20221006051000","19","3","花蓮縣","豐濱鄉","121.525","23.575","28"
"93","205386","20221006051000","59","3","花蓮縣","豐濱鄉","121.525","23.595","103"
"195","205403","20221006051000","163","1","花蓮縣","豐濱鄉","121.520","23.600","185"
"15","205419","20221006051000","10","3","花蓮縣","豐濱鄉","121.515","23.605","12"
"68","205422","20221006051000","45","3","花蓮縣","豐濱鄉","121.530","23.605","61"
"24","205447","20221006051000","44","0","花蓮縣","光復鄉","121.420","23.605","25"
"290","205461","20221006051000","294","0","雲林縣","元長鄉","120.350","23.600","284"
"42","205475","20221006051000","55","0","嘉義縣","民雄鄉","120.400","23.555","40"
"431","205481","20221006051000","518","0","嘉義縣","民雄鄉","120.400","23.560","455"
"12","205482","20221006051000","160","0","嘉義縣","溪口鄉","120.405","23.560","208"
"749","205486","20221006051000","542","2","嘉義縣","民雄鄉","120.420","23.550","731"
"24","205488","20221006051000","32","0","嘉義縣","民雄鄉","120.425","23.555","15"
"452","205494","20221006051000","359","2","嘉義縣","民雄鄉","120.380","23.545","444"
"10","205501","20221006051000","357","0","嘉義縣","民雄鄉","120.445","23.560","419"
"453","205502","20221006051000","334","2","嘉義縣","民雄鄉","120.450","23.560","452"
"41","205523","20221006051000","40","1","嘉義縣","民雄鄉","120.450","23.570","28"
"555","205531","20221006051000","551","1","嘉義縣","民雄鄉","120.435","23.565","560"
"51","205537","20221006051000","147","0","嘉義縣","民雄鄉","120.435","23.535","54"
"186","205548","20221006051000","150","2","嘉義縣","六腳鄉","120.295","23.540","183"
"316","205557","20221006051000","246","2","嘉義縣","六腳鄉","120.300","23.550","270"
"100","205571","20221006051000","232","0","雲林縣","水林鄉","120.245","23.605","94"
"85","205579","20221006051000","38","3","雲林縣","水林鄉","120.220","23.595","78"
"13","205586","20221006051000","207","0","雲林縣","水林鄉","120.235","23.605","13"
"36","205593","20221006051000","411","0","嘉義縣","新港鄉","120.345","23.570","36"
"31","205600","20221006051000","325","0","嘉義縣","新港鄉","120.345","23.550","36"
"188","205605","20221006051000","146","2","嘉義縣","新港鄉","120.330","23.560","205"
"85","205606","20221006051000","60","2","嘉義縣","新港鄉","120.335","23.560","86"
"15","205615","20221006051000","132","0","嘉義縣","新港鄉","120.340","23.575","14"
"320","205623","20221006051000","269","1","雲林縣","元長鄉","120.335","23.610","317"
"162","205641","20221006051000","149","1","嘉義縣","新港鄉","120.350","23.590","148"
"25","205649","20221006051000","290","0","嘉義縣","新港鄉","120.315","23.550","24"
"96","205670","20221006051000","25","3","雲林縣","口湖鄉","120.170","23.605","93"
"338","206056","20221006051000","315","1","南投縣","信義鄉","120.925","23.560","430"
"471","206426","20221006051000","462","1","南投縣","信義鄉","120.895","23.595","465"
"1073","206759","20221006051000","923","1","嘉義縣","溪口鄉","120.400","23.605","1061"
"694","206766","20221006051000","585","1","嘉義縣","民雄鄉","120.430","23.550","697"
"1026","206767","20221006051000","906","1","嘉義縣","民雄鄉","120.430","23.555","1035"
"788","206768","20221006051000","708","1","嘉義縣","民雄鄉","120.435","23.555","815"
"420","206781","20221006051000","270","3","雲林縣","北港鎮","120.325","23.585","429"
"60","206786","20221006051000","770","0","雲林縣","北港鎮","120.295","23.575","64"
"239","206789","20221006051000","261","0","雲林縣","北港鎮","120.300","23.580","227"
"577","206790","20221006051000","580","0","雲林縣","北港鎮","120.305","23.580","591"
"65","206794","20221006051000","45","2","雲林縣","北港鎮","120.310","23.585","62"
"75","206797","20221006051000","739","0","雲林縣","北港鎮","120.310","23.590","72"
"318","206815","20221006051000","212","3","嘉義縣","大林鎮","120.465","23.600","332"
"363","206822","20221006051000","222","3","嘉義縣","大林鎮","120.470","23.605","360"
"57","206825","20221006051000","462","0","嘉義縣","大林鎮","120.485","23.605","51"
"256","206830","20221006051000","268","0","嘉義縣","民雄鄉","120.445","23.545","249"
"31","206834","20221006051000","23","2","嘉義縣","民雄鄉","120.440","23.550","32"
"227","206837","20221006051000","142","3","嘉義縣","民雄鄉","120.455","23.550","223"
"430","206858","20221006051000","358","2","嘉義縣","民雄鄉","120.480","23.535","429"
"101","206869","20221006051000","83","2","嘉義縣","民雄鄉","120.500","23.540","99"
"17","206879","20221006051000","20","0","嘉義縣","民雄鄉","120.415","23.560","17"
"43","206882","20221006051000","27","3","嘉義縣","民雄鄉","120.410","23.565","39"
"359","206905","20221006051000","205","3","雲林縣","水林鄉","120.230","23.585","347"
"890","206940","20221006051000","950","0","雲林縣","北港鎮","120.300","23.565","875"
"372","206943","20221006051000","216","3","雲林縣","北港鎮","120.310","23.575","348"
"511","206964","20221006051000","300","3","嘉義縣","新港鄉","120.360","23.590","491"
"28","206982","20221006051000","415","0","嘉義縣","新港鄉","120.370","23.555","24"
"376","206991","20221006051000","586","0","嘉義縣","新港鄉","120.350","23.555","317"
"433","206992","20221006051000","387","1","嘉義縣","新港鄉","120.355","23.555","444"
"34","206994","20221006051000","736","0","嘉義縣","新港鄉","120.350","23.560","35"
"516","206997","20221006051000","470","1","嘉義縣","新港鄉","120.320","23.565","513"
"11","207025","20221006051000","152","0","嘉義縣","新港鄉","120.335","23.540","11"
"761","207038","20221006051000","496","3","嘉義縣","新港鄉","120.345","23.555","793"
"26","207039","20221006051000","25","1","嘉義縣","新港鄉","120.345","23.560","27"
"16","207040","20221006051000","93","0","嘉義縣","新港鄉","120.345","23.535","10"
"25","207051","20221006051000","280","0","嘉義縣","新港鄉","120.375","23.560","20"
"112","207170","20221006051000","103","1","南投縣","信義鄉","120.870","23.550","106"
"110","207172","20221006051000","91","2","南投縣","信義鄉","120.880","23.550","118"
"13","207177","20221006051000","44","0","南投縣","信義鄉","120.905","23.550","17"
"194","207208","20221006051000","162","1","南投縣","信義鄉","120.905","23.565","190"
"15","207242","20221006051000","287","0","南投縣","信義鄉","120.890","23.590","12"
"944","207256","20221006051000","958","0","雲林縣","北港鎮","120.305","23.565","943"
"178","207266","20221006051000","138","2","嘉義縣","新港鄉","120.310","23.565","167"
"2026","207275","20221006051000","1499","2","雲林縣","北港鎮","120.290","23.575","1981"
"68","207299","20221006051000","50","2","嘉義縣","梅山鄉","120.600","23.560","49"
"82","207304","20221006051000","133","0","嘉義縣","梅山鄉","120.595","23.565","97"
"238","207305","20221006051000","207","1","嘉義縣","梅山鄉","120.605","23.565","222"
"124","207326","20221006051000","125","0","嘉義縣","梅山鄉","120.625","23.550","160"
"394","207338","20221006051000","366","1","嘉義縣","梅山鄉","120.580","23.545","394"
"1043","207352","20221006051000","1006","1","嘉義縣","梅山鄉","120.555","23.585","1027"
"882","207353","20221006051000","817","1","嘉義縣","梅山鄉","120.560","23.585","896"
"421","207356","20221006051000","392","1","嘉義縣","梅山鄉","120.550","23.590","417"
"521","207360","20221006051000","409","2","嘉義縣","大林鎮","120.450","23.605","525"
"24","207367","20221006051000","404","0","嘉義縣","大林鎮","120.525","23.595","35"
"93","207373","20221006051000","366","0","嘉義縣","大林鎮","120.500","23.605","100"
"61","207387","20221006051000","599","0","雲林縣","北港鎮","120.275","23.600","58"
"238","207403","20221006051000","218","1","雲林縣","北港鎮","120.325","23.595","236"
"438","207414","20221006051000","446","0","雲林縣","北港鎮","120.280","23.560","441"
"16","207432","20221006051000","233","0","雲林縣","口湖鄉","120.180","23.605","17"
"198","207435","20221006051000","174","1","雲林縣","古坑鄉","120.540","23.595","217"
"24","207462","20221006051000","105","0","雲林縣","古坑鄉","120.595","23.600","27"
"157","207463","20221006051000","111","2","雲林縣","古坑鄉","120.600","23.600","156"
"140","207465","20221006051000","96","2","雲林縣","古坑鄉","120.610","23.600","136"
"27","207467","20221006051000","25","1","雲林縣","古坑鄉","120.620","23.600","33"
"62","207494","20221006051000","49","2","雲林縣","古坑鄉","120.640","23.605","54"
"14","207498","20221006051000","102","0","雲林縣","古坑鄉","120.570","23.605","17"
"292","207505","20221006051000","247","1","嘉義縣","大林鎮","120.470","23.580","272"
"232","207507","20221006051000","356","0","嘉義縣","大林鎮","120.465","23.585","230"
"68","207511","20221006051000","53","2","嘉義縣","大林鎮","120.505","23.560","62"
"285","207522","20221006051000","254","1","嘉義縣","大林鎮","120.490","23.570","270"
"302","207523","20221006051000","344","0","嘉義縣","大林鎮","120.495","23.570","318"
"37","207556","20221006051000","432","0","嘉義縣","大林鎮","120.500","23.580","36"
"272","207564","20221006051000","222","2","嘉義縣","大林鎮","120.495","23.585","244"
"24","207576","20221006051000","245","0","嘉義縣","大林鎮","120.475","23.590","16"
"210","207578","20221006051000","300","0","嘉義縣","大林鎮","120.465","23.595","226"
"42","207585","20221006051000","19","3","嘉義縣","大林鎮","120.505","23.590","32"
"52","207592","20221006051000","508","0","嘉義縣","大林鎮","120.505","23.595","38"
"44","207596","20221006051000","31","2","嘉義縣","大林鎮","120.505","23.600","45"
"119","207602","20221006051000","167","0","嘉義縣","大林鎮","120.455","23.595","108"
"392","207604","20221006051000","705","0","嘉義縣","大林鎮","120.455","23.600","404"
"1101","207605","20221006051000","1314","0","嘉義縣","大林鎮","120.460","23.600","1110"
"129","207606","20221006051000","115","1","嘉義縣","大林鎮","120.460","23.605","137"
"289","207613","20221006051000","272","1","嘉義縣","大林鎮","120.445","23.610","293"
"18","207617","20221006051000","378","0","嘉義縣","大林鎮","120.445","23.595","19"
"1299","207626","20221006051000","1045","2","嘉義縣","大林鎮","120.455","23.605","1325"
"153","207628","20221006051000","1406","0","雲林縣","水林鄉","120.240","23.570","162"
"61","207634","20221006051000","418","0","雲林縣","水林鄉","120.250","23.575","57"
"16","207650","20221006051000","11","2","雲林縣","水林鄉","120.265","23.535","13"
"177","207670","20221006051000","148","1","嘉義縣","溪口鄉","120.395","23.600","174"
"77","207674","20221006051000","82","0","嘉義縣","梅山鄉","120.575","23.560","79"
"208","207675","20221006051000","197","1","嘉義縣","梅山鄉","120.580","23.560","205"
"749","207684","20221006051000","765","0","嘉義縣","梅山鄉","120.565","23.575","734"
"34","207691","20221006051000","47","0","嘉義縣","梅山鄉","120.580","23.580","28"
"68","207701","20221006051000","42","3","嘉義縣","梅山鄉","120.600","23.565","75"
"32","207703","20221006051000","83","0","嘉義縣","梅山鄉","120.580","23.570","31"
"382","207707","20221006051000","133","3","嘉義縣","梅山鄉","120.595","23.570","366"
"85","207721","20221006051000","69","2","嘉義縣","梅山鄉","120.600","23.575","75"
"534","207727","20221006051000","504","1","嘉義縣","梅山鄉","120.555","23.545","507"
"78","207736","20221006051000","75","1","嘉義縣","梅山鄉","120.545","23.555","78"
"56","207753","20221006051000","47","1","嘉義縣","梅山鄉","120.715","23.535","47"
"44","207756","20221006051000","37","1","嘉義縣","梅山鄉","120.730","23.535","29"
"317","207761","20221006051000","162","3","嘉義縣","梅山鄉","120.710","23.540","259"
"206","207793","20221006051000","104","3","嘉義縣","梅山鄉","120.740","23.555","133"
"41","207860","20221006051000","143","0","雲林縣","古坑鄉","120.695","23.580","139"
"65","207945","20221006051000","40","3","雲林縣","古坑鄉","120.710","23.605","60"
"21","207964","20221006051000","14","3","雲林縣","古坑鄉","120.585","23.595","18"
"217","207970","20221006051000","110","3","雲林縣","古坑鄉","120.590","23.585","203"
"141","207983","20221006051000","104","2","雲林縣","古坑鄉","120.595","23.595","143"
"82","207985","20221006051000","52","3","雲林縣","古坑鄉","120.585","23.600","77"
"344","207988","20221006051000","329","1","雲林縣","口湖鄉","120.165","23.535","344"
"648","208006","20221006051000","647","1","雲林縣","口湖鄉","120.185","23.585","653"
"51","208021","20221006051000","54","0","嘉義縣","梅山鄉","120.625","23.570","49"
"222","208025","20221006051000","127","3","嘉義縣","梅山鄉","120.625","23.575","198"
"189","208030","20221006051000","201","0","嘉義縣","新港鄉","120.310","23.570","192"
"17","208049","20221006051000","293","0","雲林縣","口湖鄉","120.160","23.560","14"
"40","208080","20221006051000","199","0","雲林縣","口湖鄉","120.150","23.580","55"
"94","208091","20221006051000","17","3","雲林縣","口湖鄉","120.140","23.585","96"
"315","208131","20221006051000","234","2","嘉義縣","民雄鄉","120.410","23.570","331"
"542","208146","20221006051000","465","1","雲林縣","大埤鄉","120.370","23.610","523"
"654","208152","20221006051000","524","2","嘉義縣","梅山鄉","120.560","23.580","655"
"173","208158","20221006051000","163","1","嘉義縣","梅山鄉","120.560","23.565","165"
"261","208165","20221006051000","232","1","嘉義縣","梅山鄉","120.555","23.575","251"
"217","208171","20221006051000","126","3","嘉義縣","梅山鄉","120.680","23.535","111"
"258","208176","20221006051000","167","3","嘉義縣","梅山鄉","120.665","23.540","176"
"118","208180","20221006051000","76","3","嘉義縣","梅山鄉","120.685","23.540","116"
"295","208200","20221006051000","239","2","嘉義縣","梅山鄉","120.665","23.550","285"
"31","208203","20221006051000","30","1","嘉義縣","梅山鄉","120.680","23.550","26"
"153","208265","20221006051000","96","3","嘉義縣","梅山鄉","120.530","23.580","144"
"12","208273","20221006051000","109","0","嘉義縣","梅山鄉","120.535","23.590","12"
"179","208303","20221006051000","156","1","嘉義縣","梅山鄉","120.535","23.550","157"
"52","208323","20221006051000","437","0","嘉義縣","民雄鄉","120.465","23.555","545"
"2347","208324","20221006051000","2013","1","嘉義縣","民雄鄉","120.470","23.555","2310"
"167","208325","20221006051000","118","2","嘉義縣","民雄鄉","120.475","23.555","165"
"20","208326","20221006051000","17","1","嘉義縣","民雄鄉","120.480","23.555","16"
"1013","208328","20221006051000","816","2","嘉義縣","民雄鄉","120.470","23.560","972"
"470","208329","20221006051000","482","0","嘉義縣","民雄鄉","120.475","23.560","467"
"79","208332","20221006051000","88","0","嘉義縣","民雄鄉","120.475","23.565","76"
"515","208347","20221006051000","384","2","嘉義縣","民雄鄉","120.400","23.535","508"
"43","208352","20221006051000","490","0","嘉義縣","民雄鄉","120.460","23.535","39"
"406","208357","20221006051000","342","1","嘉義縣","民雄鄉","120.460","23.545","392"
"1168","208359","20221006051000","1138","1","嘉義縣","民雄鄉","120.425","23.560","1188"
"21","208363","20221006051000","292","0","嘉義縣","民雄鄉","120.425","23.570","22"
"281","208380","20221006051000","137","3","嘉義縣","民雄鄉","120.390","23.545","284"
"538","208390","20221006051000","383","2","嘉義縣","民雄鄉","120.420","23.540","544"
"133","208392","20221006051000","116","1","嘉義縣","民雄鄉","120.430","23.540","124"
"215","208407","20221006051000","159","2","雲林縣","口湖鄉","120.175","23.570","205"
"420","208415","20221006051000","294","2","雲林縣","口湖鄉","120.190","23.575","396"
"462","208452","20221006051000","418","1","嘉義縣","溪口鄉","120.430","23.585","433"
"33","208454","20221006051000","263","0","嘉義縣","溪口鄉","120.440","23.585","31"
"506","208468","20221006051000","491","1","嘉義縣","溪口鄉","120.385","23.595","520"
"238","208486","20221006051000","177","2","嘉義縣","溪口鄉","120.390","23.605","231"
"471","208497","20221006051000","463","1","嘉義縣","六腳鄉","120.300","23.560","465"
"516","208503","20221006051000","558","0","嘉義縣","六腳鄉","120.290","23.535","515"
"53","208508","20221006051000","423","0","雲林縣","口湖鄉","120.180","23.585","75"
"343","208528","20221006051000","233","2","雲林縣","口湖鄉","120.140","23.550","345"
"34","208546","20221006051000","309","0","雲林縣","口湖鄉","120.150","23.565","39"
"1042","208568","20221006051000","851","2","雲林縣","口湖鄉","120.190","23.545","1021"
"113","208573","20221006051000","313","0","雲林縣","北港鎮","120.285","23.610","103"
"1131","208589","20221006051000","1284","0","雲林縣","北港鎮","120.300","23.570","1141"
"698","208590","20221006051000","747","0","雲林縣","北港鎮","120.300","23.575","702"
"39","208617","20221006051000","439","0","雲林縣","水林鄉","120.220","23.560","41"
"46","208629","20221006051000","251","0","雲林縣","水林鄉","120.205","23.575","32"
"12","208633","20221006051000","10","2","雲林縣","水林鄉","120.225","23.535","16"
"403","208638","20221006051000","310","2","雲林縣","水林鄉","120.230","23.540","413"
"70","208647","20221006051000","363","0","雲林縣","水林鄉","120.250","23.550","76"
"133","208695","20221006051000","115","1","嘉義縣","竹崎鄉","120.555","23.540","125"
"101","208704","20221006051000","90","1","嘉義縣","竹崎鄉","120.560","23.540","112"
"88","208793","20221006051000","73","2","嘉義縣","阿里山鄉","120.750","23.570","79"
"58","208821","20221006051000","60","0","嘉義縣","阿里山鄉","120.750","23.580","50"
"34","208866","20221006051000","30","1","嘉義縣","阿里山鄉","120.750","23.590","32"
"93","209129","20221006051000","107","0","澎湖縣","湖西鄉","119.625","23.605","87"
"93","209899","20221006051000","100","0","澎湖縣","白沙鄉","119.570","23.615","103"
"23","209905","20221006051000","220","0","澎湖縣","白沙鄉","119.605","23.615","12"
"59","210790","20221006051000","32","3","花蓮縣","豐濱鄉","121.535","23.635","57"
"75","210927","20221006051000","98","0","澎湖縣","西嶼鄉","119.530","23.635","80"
"232","210940","20221006051000","200","1","澎湖縣","白沙鄉","119.600","23.635","216"
"14","211725","20221006051000","10","2","澎湖縣","白沙鄉","119.630","23.650","13"
"322","212241","20221006051000","224","2","澎湖縣","白沙鄉","119.655","23.660","282"
"742","212745","20221006051000","432","3","澎湖縣","白沙鄉","119.595","23.665","777"
"14","213442","20221006051000","14","1","澎湖縣","白沙鄉","119.555","23.660","36"
"23","213444","20221006051000","143","0","澎湖縣","白沙鄉","119.590","23.655","18"
"20","213447","20221006051000","18","1","澎湖縣","白沙鄉","119.600","23.650","20"
"12","213448","20221006051000","12","1","澎湖縣","白沙鄉","119.560","23.655","10"
"233","213454","20221006051000","110","3","澎湖縣","白沙鄉","119.560","23.660","227"
"141","213465","20221006051000","115","2","澎湖縣","白沙鄉","119.595","23.650","130"
"153","213491","20221006051000","125","2","澎湖縣","西嶼鄉","119.510","23.615","145"
"169","213509","20221006051000","199","0","澎湖縣","西嶼鄉","119.515","23.630","144"
"109","213516","20221006051000","95","1","澎湖縣","西嶼鄉","119.515","23.650","103"
"411","213554","20221006051000","347","1","花蓮縣","光復鄉","121.430","23.675","399"
"104","213627","20221006051000","86","2","花蓮縣","光復鄉","121.420","23.660","95"
"290","213652","20221006051000","290","1","花蓮縣","光復鄉","121.420","23.670","310"
"90","213675","20221006051000","81","1","花蓮縣","光復鄉","121.415","23.680","92"
"71","213820","20221006051000","55","2","花蓮縣","光復鄉","121.430","23.635","65"
"13","213864","20221006051000","158","0","雲林縣","四湖鄉","120.185","23.650","16"
"10","214398","20221006051000","43","0","花蓮縣","豐濱鄉","121.540","23.655","10"
"26","214415","20221006051000","15","3","花蓮縣","豐濱鄉","121.545","23.670","24"
"63","214424","20221006051000","40","3","花蓮縣","豐濱鄉","121.530","23.680","59"
"29","214495","20221006051000","32","0","花蓮縣","豐濱鄉","121.485","23.640","25"
"16","214506","20221006051000","147","0","雲林縣","四湖鄉","120.180","23.650","11"
"59","214521","20221006051000","15","3","雲林縣","四湖鄉","120.185","23.660","70"
"27","214544","20221006051000","187","0","雲林縣","四湖鄉","120.275","23.650","31"
"44","214550","20221006051000","233","0","雲林縣","元長鄉","120.275","23.660","45"
"235","214565","20221006051000","178","2","雲林縣","四湖鄉","120.200","23.640","223"
"59","214566","20221006051000","110","0","雲林縣","四湖鄉","120.205","23.640","57"
"89","214578","20221006051000","334","0","雲林縣","四湖鄉","120.220","23.615","79"
"34","214580","20221006051000","175","0","雲林縣","四湖鄉","120.170","23.640","45"
"259","214640","20221006051000","162","3","花蓮縣","光復鄉","121.450","23.655","276"
"142","214665","20221006051000","136","1","花蓮縣","光復鄉","121.405","23.625","111"
"132","214678","20221006051000","117","1","花蓮縣","光復鄉","121.415","23.645","152"
"23","214691","20221006051000","28","0","花蓮縣","光復鄉","121.415","23.655","18"
"270","214701","20221006051000","195","2","花蓮縣","光復鄉","121.430","23.665","261"
"395","214703","20221006051000","386","1","花蓮縣","光復鄉","121.425","23.670","382"
"637","214705","20221006051000","496","2","花蓮縣","光復鄉","121.420","23.665","606"
"126","214706","20221006051000","91","2","花蓮縣","光復鄉","121.425","23.665","112"
"452","214707","20221006051000","368","2","花蓮縣","光復鄉","121.450","23.660","439"
"238","214728","20221006051000","165","2","雲林縣","元長鄉","120.315","23.675","222"
"12","214731","20221006051000","124","0","雲林縣","元長鄉","120.310","23.680","12"
"36","214762","20221006051000","32","1","雲林縣","元長鄉","120.285","23.640","28"
"285","214797","20221006051000","389","0","雲林縣","元長鄉","120.375","23.645","310"
"139","214824","20221006051000","120","1","雲林縣","東勢鄉","120.260","23.665","123"
"24","214826","20221006051000","255","0","雲林縣","東勢鄉","120.250","23.670","14"
"11","214842","20221006051000","221","0","雲林縣","四湖鄉","120.150","23.625","16"
"30","214846","20221006051000","111","0","雲林縣","口湖鄉","120.155","23.630","21"
"447","214854","20221006051000","325","2","雲林縣","斗南鎮","120.440","23.685","431"
"692","214857","20221006051000","541","2","雲林縣","斗南鎮","120.485","23.685","704"
"143","214861","20221006051000","75","3","雲林縣","斗南鎮","120.490","23.640","138"
"270","214868","20221006051000","313","0","雲林縣","斗南鎮","120.430","23.670","273"
"267","214876","20221006051000","171","3","雲林縣","斗南鎮","120.445","23.675","249"
"1410","214886","20221006051000","1299","1","雲林縣","斗南鎮","120.475","23.665","1401"
"21","214887","20221006051000","202","0","雲林縣","大埤鄉","120.455","23.670","23"
"420","214890","20221006051000","347","2","雲林縣","斗南鎮","120.470","23.670","451"
"1731","214891","20221006051000","1617","1","雲林縣","斗南鎮","120.475","23.670","1684"
"599","214896","20221006051000","600","0","雲林縣","斗南鎮","120.470","23.675","618"
"75","214922","20221006051000","64","1","南投縣","鹿谷鄉","120.790","23.670","72"
"54","214931","20221006051000","34","3","南投縣","鹿谷鄉","120.790","23.675","58"
"263","214932","20221006051000","198","2","南投縣","鹿谷鄉","120.800","23.670","344"
"205","214936","20221006051000","148","2","南投縣","鹿谷鄉","120.795","23.675","194"
"152","214940","20221006051000","138","1","南投縣","鹿谷鄉","120.795","23.680","169"
"330","214967","20221006051000","474","0","雲林縣","斗南鎮","120.485","23.640","323"
"420","214975","20221006051000","389","1","雲林縣","斗南鎮","120.480","23.665","427"
"440","214978","20221006051000","198","3","雲林縣","斗南鎮","120.485","23.670","414"
"50","215001","20221006051000","333","0","雲林縣","土庫鎮","120.390","23.665","52"
"551","215006","20221006051000","470","1","雲林縣","土庫鎮","120.380","23.675","508"
"938","215009","20221006051000","934","1","雲林縣","土庫鎮","120.390","23.680","950"
"25","215011","20221006051000","90","0","雲林縣","土庫鎮","120.385","23.685","30"
"264","215012","20221006051000","300","0","雲林縣","土庫鎮","120.390","23.685","273"
"104","215013","20221006051000","157","0","雲林縣","土庫鎮","120.365","23.660","105"
"175","215017","20221006051000","214","0","雲林縣","土庫鎮","120.370","23.665","191"
"155","215022","20221006051000","144","1","雲林縣","土庫鎮","120.375","23.670","153"
"295","215044","20221006051000","214","2","雲林縣","元長鄉","120.335","23.615","267"
"298","215049","20221006051000","335","0","雲林縣","元長鄉","120.335","23.620","312"
"11","215053","20221006051000","183","0","雲林縣","元長鄉","120.280","23.655","11"
"44","215072","20221006051000","44","1","雲林縣","元長鄉","120.350","23.615","45"
"254","215075","20221006051000","244","1","雲林縣","元長鄉","120.340","23.635","232"
"45","215100","20221006051000","266","0","雲林縣","元長鄉","120.330","23.660","47"
"701","215115","20221006051000","330","3","雲林縣","口湖鄉","120.165","23.615","686"
"260","215539","20221006051000","199","2","南投縣","信義鄉","120.865","23.625","238"
"76","215550","20221006051000","37","3","南投縣","信義鄉","120.895","23.630","66"
"101","215558","20221006051000","82","2","南投縣","信義鄉","120.880","23.635","60"
"158","215647","20221006051000","137","1","南投縣","信義鄉","120.860","23.665","158"
"53","215656","20221006051000","62","0","南投縣","信義鄉","120.855","23.670","59"
"71","216356","20221006051000","269","0","雲林縣","北港鎮","120.295","23.615","58"
"48","216361","20221006051000","40","2","雲林縣","斗南鎮","120.485","23.675","49"
"39","216367","20221006051000","40","0","雲林縣","斗南鎮","120.500","23.680","44"
"26","216370","20221006051000","316","0","雲林縣","斗南鎮","120.480","23.650","23"
"118","216372","20221006051000","109","1","雲林縣","斗南鎮","120.490","23.650","112"
"375","216377","20221006051000","373","1","雲林縣","斗南鎮","120.475","23.660","368"
"20","216386","20221006051000","12","3","雲林縣","元長鄉","120.335","23.630","18"
"201","216394","20221006051000","172","1","雲林縣","元長鄉","120.355","23.620","208"
"751","216409","20221006051000","652","1","雲林縣","元長鄉","120.360","23.640","731"
"57","216416","20221006051000","55","1","雲林縣","水林鄉","120.250","23.615","67"
"751","216421","20221006051000","449","3","雲林縣","斗南鎮","120.480","23.675","752"
"81","216424","20221006051000","46","3","雲林縣","斗南鎮","120.480","23.670","77"
"14","216438","20221006051000","19","0","雲林縣","斗六市","120.525","23.670","14"
"181","216439","20221006051000","125","2","雲林縣","斗六市","120.530","23.670","182"
"17","216451","20221006051000","23","0","雲林縣","斗六市","120.625","23.685","14"
"53","216459","20221006051000","244","0","雲林縣","土庫鎮","120.345","23.665","52"
"56","216478","20221006051000","76","0","雲林縣","水林鄉","120.260","23.620","62"
"57","216482","20221006051000","145","0","雲林縣","水林鄉","120.265","23.625","49"
"836","216488","20221006051000","544","3","雲林縣","斗南鎮","120.470","23.680","822"
"585","216489","20221006051000","435","2","雲林縣","斗南鎮","120.475","23.680","583"
"1072","216490","20221006051000","873","2","雲林縣","斗南鎮","120.480","23.680","1085"
"47","216498","20221006051000","180","0","雲林縣","斗南鎮","120.515","23.645","47"
"324","216500","20221006051000","212","3","雲林縣","斗南鎮","120.505","23.650","309"
"79","216517","20221006051000","324","0","雲林縣","古坑鄉","120.540","23.660","82"
"33","216519","20221006051000","254","0","雲林縣","斗六市","120.525","23.665","32"
"80","216526","20221006051000","176","0","雲林縣","斗南鎮","120.465","23.685","90"
"11","216534","20221006051000","168","0","雲林縣","斗南鎮","120.535","23.650","12"
"61","216543","20221006051000","209","0","雲林縣","斗南鎮","120.505","23.665","58"
"13","216544","20221006051000","126","0","雲林縣","斗南鎮","120.495","23.670","14"
"158","216579","20221006051000","101","3","雲林縣","土庫鎮","120.345","23.660","153"
"90","216583","20221006051000","897","0","雲林縣","土庫鎮","120.390","23.675","84"
"71","216589","20221006051000","367","0","雲林縣","土庫鎮","120.355","23.685","58"
"43","216595","20221006051000","251","0","雲林縣","大埤鄉","120.465","23.635","47"
"11","216597","20221006051000","148","0","雲林縣","大埤鄉","120.465","23.640","10"
"30","216607","20221006051000","252","0","雲林縣","大埤鄉","120.450","23.650","29"
"70","216617","20221006051000","71","0","南投縣","信義鄉","120.810","23.665","81"
"162","216682","20221006051000","109","2","南投縣","信義鄉","120.865","23.640","161"
"30","216694","20221006051000","25","2","南投縣","信義鄉","120.875","23.660","30"
"22","216718","20221006051000","144","0","雲林縣","古坑鄉","120.565","23.625","22"
"60","216737","20221006051000","824","0","雲林縣","古坑鄉","120.565","23.640","49"
"20","216744","20221006051000","154","0","雲林縣","古坑鄉","120.575","23.645","18"
"31","216754","20221006051000","129","0","雲林縣","古坑鄉","120.550","23.610","22"
"18","216766","20221006051000","156","0","雲林縣","古坑鄉","120.540","23.620","16"
"13","216791","20221006051000","37","0","雲林縣","古坑鄉","120.605","23.670","13"
"15","216800","20221006051000","116","0","雲林縣","古坑鄉","120.590","23.685","18"
"317","216807","20221006051000","434","0","雲林縣","古坑鄉","120.565","23.645","326"
"25","216821","20221006051000","24","1","雲林縣","古坑鄉","120.605","23.655","27"
"217","216832","20221006051000","275","0","雲林縣","古坑鄉","120.575","23.675","225"
"82","216841","20221006051000","610","0","雲林縣","古坑鄉","120.570","23.685","77"
"227","216889","20221006051000","207","1","雲林縣","古坑鄉","120.600","23.685","236"
"20","216891","20221006051000","283","0","雲林縣","古坑鄉","120.610","23.685","16"
"355","216901","20221006051000","206","3","雲林縣","古坑鄉","120.635","23.615","343"
"53","216906","20221006051000","62","0","雲林縣","古坑鄉","120.640","23.620","52"
"32","216928","20221006051000","400","0","雲林縣","古坑鄉","120.560","23.670","28"
"27","216932","20221006051000","28","0","雲林縣","古坑鄉","120.570","23.610","25"
"48","216938","20221006051000","44","1","雲林縣","古坑鄉","120.575","23.615","54"
"233","216939","20221006051000","218","1","雲林縣","古坑鄉","120.580","23.615","240"
"79","216944","20221006051000","485","0","雲林縣","古坑鄉","120.560","23.620","62"
"37","216948","20221006051000","30","2","雲林縣","古坑鄉","120.580","23.620","43"
"373","216990","20221006051000","426","0","嘉義縣","大林鎮","120.470","23.620","387"
"13","217013","20221006051000","117","0","嘉義縣","大林鎮","120.500","23.625","12"
"28","217022","20221006051000","21","2","嘉義縣","大林鎮","120.490","23.615","32"
"63","217035","20221006051000","335","0","嘉義縣","大林鎮","120.435","23.620","43"
"47","217057","20221006051000","335","0","雲林縣","大埤鄉","120.395","23.625","44"
"46","217065","20221006051000","261","0","雲林縣","大埤鄉","120.380","23.620","37"
"25","217073","20221006051000","171","0","雲林縣","大埤鄉","120.425","23.665","19"
"28","217087","20221006051000","207","0","雲林縣","大埤鄉","120.470","23.655","30"
"62","217105","20221006051000","471","0","雲林縣","古坑鄉","120.555","23.625","72"
"91","217110","20221006051000","195","0","雲林縣","古坑鄉","120.555","23.630","77"
"12","217112","20221006051000","140","0","雲林縣","古坑鄉","120.550","23.640","12"
"18","217149","20221006051000","24","0","雲林縣","古坑鄉","120.710","23.610","13"
"30","217196","20221006051000","19","3","雲林縣","古坑鄉","120.590","23.650","27"
"30","217209","20221006051000","193","0","雲林縣","古坑鄉","120.575","23.665","30"
"690","217221","20221006051000","408","3","雲林縣","古坑鄉","120.560","23.650","708"
"80","217222","20221006051000","110","0","雲林縣","古坑鄉","120.560","23.655","85"
"19","217230","20221006051000","83","0","雲林縣","古坑鄉","120.515","23.625","13"
"112","217236","20221006051000","107","1","雲林縣","古坑鄉","120.525","23.630","95"
"21","217239","20221006051000","30","0","雲林縣","古坑鄉","120.520","23.635","26"
"37","217259","20221006051000","44","0","雲林縣","大埤鄉","120.420","23.625","44"
"26","217266","20221006051000","429","0","雲林縣","大埤鄉","120.420","23.635","15"
"492","217403","20221006051000","362","2","嘉義縣","溪口鄉","120.410","23.615","485"
"150","217423","20221006051000","92","3","雲林縣","大埤鄉","120.410","23.640","162"
"86","217432","20221006051000","733","0","雲林縣","大埤鄉","120.430","23.645","95"
"26","217442","20221006051000","165","0","雲林縣","大埤鄉","120.415","23.660","21"
"254","217449","20221006051000","123","3","雲林縣","東勢鄉","120.300","23.680","262"
"52","217458","20221006051000","318","0","雲林縣","東勢鄉","120.265","23.675","55"
"81","217463","20221006051000","363","0","雲林縣","東勢鄉","120.255","23.685","96"
"65","217467","20221006051000","701","0","雲林縣","東勢鄉","120.255","23.675","55"
"54","217492","20221006051000","210","0","雲林縣","四湖鄉","120.155","23.650","56"
"26","217497","20221006051000","170","0","雲林縣","四湖鄉","120.155","23.655","18"
"89","217526","20221006051000","80","1","雲林縣","元長鄉","120.320","23.615","101"
"17","217532","20221006051000","324","0","雲林縣","元長鄉","120.320","23.625","15"
"139","217546","20221006051000","69","3","雲林縣","四湖鄉","120.190","23.620","139"
"19","217550","20221006051000","98","0","雲林縣","四湖鄉","120.185","23.625","18"
"118","217561","20221006051000","597","0","雲林縣","四湖鄉","120.230","23.635","123"
"323","217585","20221006051000","330","0","雲林縣","斗六市","120.525","23.675","306"
"238","217589","20221006051000","181","2","雲林縣","斗六市","120.520","23.680","251"
"71","217593","20221006051000","512","0","雲林縣","斗六市","120.510","23.685","66"
"50","217594","20221006051000","251","0","雲林縣","斗六市","120.515","23.685","53"
"187","217597","20221006051000","116","3","雲林縣","斗南鎮","120.470","23.630","176"
"25","217604","20221006051000","14","3","雲林縣","斗南鎮","120.480","23.640","28"
"185","217605","20221006051000","19","3","雲林縣","四湖鄉","120.140","23.620","188"
"87","217610","20221006051000","64","2","雲林縣","四湖鄉","120.150","23.630","91"
"1116","217637","20221006051000","695","3","雲林縣","口湖鄉","120.160","23.610","1141"
"26","217641","20221006051000","192","0","雲林縣","元長鄉","120.310","23.615","20"
"49","217646","20221006051000","407","0","雲林縣","元長鄉","120.305","23.625","43"
"216","217654","20221006051000","156","2","雲林縣","元長鄉","120.325","23.655","209"
"22","217663","20221006051000","166","0","雲林縣","元長鄉","120.315","23.640","20"
"240","217673","20221006051000","1544","0","雲林縣","元長鄉","120.315","23.650","249"
"40","217674","20221006051000","100","0","雲林縣","元長鄉","120.300","23.655","42"
"125","217701","20221006051000","119","1","雲林縣","斗六市","120.560","23.675","119"
"12","217703","20221006051000","38","0","雲林縣","斗六市","120.555","23.680","12"
"362","217705","20221006051000","320","1","雲林縣","古坑鄉","120.565","23.680","364"
"18","217707","20221006051000","266","0","雲林縣","斗六市","120.550","23.685","12"
"144","217708","20221006051000","120","2","雲林縣","斗六市","120.555","23.685","146"
"106","217711","20221006051000","766","0","雲林縣","斗六市","120.540","23.675","106"
"24","217712","20221006051000","137","0","雲林縣","斗六市","120.545","23.675","19"
"952","217716","20221006051000","745","2","雲林縣","斗六市","120.545","23.680","959"
"545","217718","20221006051000","548","0","雲林縣","斗六市","120.540","23.685","559"
"27","217728","20221006051000","347","0","雲林縣","大埤鄉","120.450","23.665","32"
"277","217747","20221006051000","194","2","雲林縣","四湖鄉","120.220","23.635","262"
"56","217753","20221006051000","434","0","雲林縣","四湖鄉","120.225","23.645","69"
"56","217774","20221006051000","414","0","雲林縣","四湖鄉","120.175","23.680","56"
"11","217781","20221006051000","161","0","雲林縣","口湖鄉","120.200","23.615","14"
"191","217799","20221006051000","147","2","雲林縣","四湖鄉","120.215","23.635","195"
"637","217801","20221006051000","466","2","雲林縣","四湖鄉","120.225","23.635","650"
"57","217817","20221006051000","132","0","雲林縣","虎尾鎮","120.405","23.680","49"
"22","217819","20221006051000","112","0","雲林縣","虎尾鎮","120.415","23.680","22"
"383","217821","20221006051000","327","1","雲林縣","虎尾鎮","120.410","23.685","387"
"82","217830","20221006051000","74","1","南投縣","竹山鎮","120.660","23.670","85"
"106","217842","20221006051000","579","0","雲林縣","大埤鄉","120.450","23.630","94"
"26","217845","20221006051000","234","0","雲林縣","大埤鄉","120.465","23.630","18"
"33","217877","20221006051000","175","0","雲林縣","大埤鄉","120.395","23.650","36"
"29","217899","20221006051000","142","0","南投縣","竹山鎮","120.670","23.670","28"
"180","218047","20221006051000","140","2","南投縣","竹山鎮","120.795","23.630","170"
"22","218070","20221006051000","19","1","南投縣","竹山鎮","120.795","23.635","25"
"271","218092","20221006051000","140","3","南投縣","竹山鎮","120.790","23.640","277"
"50","218153","20221006051000","116","0","南投縣","竹山鎮","120.765","23.655","52"
"34","218168","20221006051000","33","1","南投縣","竹山鎮","120.745","23.660","49"
"201","218218","20221006051000","313","0","南投縣","竹山鎮","120.760","23.675","193"
"77","218283","20221006051000","105","0","南投縣","竹山鎮","120.655","23.645","74"
"125","218348","20221006051000","93","2","南投縣","竹山鎮","120.665","23.650","133"
"135","218364","20221006051000","113","1","南投縣","竹山鎮","120.665","23.660","142"
"99","218380","20221006051000","280","0","雲林縣","台西鄉","120.210","23.675","99"
"13","218386","20221006051000","160","0","雲林縣","台西鄉","120.225","23.680","37"
"34","218399","20221006051000","294","0","雲林縣","台西鄉","120.180","23.680","35"
"39","218413","20221006051000","177","0","雲林縣","台西鄉","120.210","23.665","73"
"41","219194","20221006051000","35","1","花蓮縣","豐濱鄉","121.555","23.695","36"
"326","222539","20221006051000","308","1","澎湖縣","白沙鄉","119.610","23.750","333"
"618","223474","20221006051000","393","3","花蓮縣","鳳林鎮","121.445","23.745","603"
"113","223481","20221006051000","57","3","花蓮縣","鳳林鎮","121.445","23.750","95"
"105","223503","20221006051000","109","0","花蓮縣","光復鄉","121.410","23.685","119"
"15","223515","20221006051000","12","2","花蓮縣","光復鄉","121.485","23.690","12"
"347","223610","20221006051000","331","1","雲林縣","二崙鄉","120.420","23.755","344"
"17","223616","20221006051000","49","0","雲林縣","二崙鄉","120.425","23.755","16"
"106","223971","20221006051000","82","2","花蓮縣","鳳林鎮","121.455","23.745","113"
"258","223986","20221006051000","187","2","花蓮縣","鳳林鎮","121.465","23.755","237"
"191","224005","20221006051000","140","2","花蓮縣","鳳林鎮","121.505","23.710","196"
"74","224077","20221006051000","44","3","花蓮縣","鳳林鎮","121.500","23.760","73"
"34","224149","20221006051000","32","1","花蓮縣","鳳林鎮","121.410","23.700","41"
"321","224179","20221006051000","439","0","花蓮縣","鳳林鎮","121.420","23.710","322"
"16","224210","20221006051000","17","0","花蓮縣","萬榮鄉","121.395","23.715","17"
"39","224212","20221006051000","61","0","花蓮縣","萬榮鄉","121.405","23.715","43"
"503","224231","20221006051000","337","2","花蓮縣","鳳林鎮","121.450","23.750","484"
"276","224245","20221006051000","212","2","花蓮縣","鳳林鎮","121.440","23.725","251"
"783","224262","20221006051000","814","0","花蓮縣","鳳林鎮","121.450","23.745","773"
"28","224270","20221006051000","384","0","雲林縣","土庫鎮","120.365","23.705","21"
"33","224272","20221006051000","212","0","雲林縣","土庫鎮","120.365","23.710","42"
"13","224301","20221006051000","86","0","雲林縣","二崙鄉","120.410","23.750","13"
"189","224441","20221006051000","44","3","花蓮縣","萬榮鄉","121.400","23.705","168"
"174","224591","20221006051000","186","0","花蓮縣","鳳林鎮","121.450","23.760","193"
"73","224688","20221006051000","30","3","花蓮縣","豐濱鄉","121.560","23.730","58"
"25","224707","20221006051000","142","0","雲林縣","二崙鄉","120.395","23.750","21"
"19","224725","20221006051000","62","0","雲林縣","元長鄉","120.330","23.690","17"
"302","224731","20221006051000","277","1","雲林縣","斗六市","120.565","23.730","315"
"750","224732","20221006051000","626","1","雲林縣","斗六市","120.555","23.735","735"
"481","224734","20221006051000","302","3","雲林縣","斗六市","120.565","23.735","493"
"243","224735","20221006051000","242","1","雲林縣","斗六市","120.550","23.740","269"
"79","224737","20221006051000","82","0","雲林縣","斗六市","120.560","23.740","77"
"219","224742","20221006051000","220","0","雲林縣","斗六市","120.560","23.745","232"
"20","224761","20221006051000","395","0","雲林縣","褒忠鄉","120.280","23.705","20"
"290","224763","20221006051000","227","2","雲林縣","東勢鄉","120.270","23.710","285"
"150","224805","20221006051000","122","2","雲林縣","東勢鄉","120.255","23.735","151"
"228","224806","20221006051000","186","2","雲林縣","斗南鎮","120.485","23.690","214"
"198","224834","20221006051000","174","1","南投縣","鹿谷鄉","120.795","23.690","202"
"25","224863","20221006051000","104","0","南投縣","鹿谷鄉","120.780","23.720","18"
"196","224872","20221006051000","160","2","南投縣","鹿谷鄉","120.745","23.760","224"
"69","224873","20221006051000","49","2","南投縣","鹿谷鄉","120.725","23.765","67"
"250","224875","20221006051000","228","1","南投縣","鹿谷鄉","120.735","23.765","248"
"250","224896","20221006051000","248","1","南投縣","鹿谷鄉","120.780","23.705","275"
"19","224917","20221006051000","114","0","雲林縣","土庫鎮","120.365","23.730","14"
"204","224920","20221006051000","201","1","雲林縣","土庫鎮","120.385","23.690","209"
"386","224923","20221006051000","240","3","雲林縣","土庫鎮","120.390","23.695","382"
"35","224936","20221006051000","276","0","南投縣","鹿谷鄉","120.770","23.730","34"
"265","224950","20221006051000","304","0","南投縣","鹿谷鄉","120.760","23.740","264"
"417","224951","20221006051000","356","1","南投縣","鹿谷鄉","120.765","23.740","423"
"194","224973","20221006051000","812","0","南投縣","鹿谷鄉","120.775","23.750","189"
"275","225062","20221006051000","319","0","南投縣","鹿谷鄉","120.755","23.725","287"
"18","225085","20221006051000","12","3","南投縣","鹿谷鄉","120.740","23.730","17"
"46","225138","20221006051000","58","0","南投縣","鹿谷鄉","120.820","23.720","40"
"395","225159","20221006051000","448","0","南投縣","鹿谷鄉","120.790","23.730","423"
"265","225192","20221006051000","276","0","南投縣","鹿谷鄉","120.755","23.745","271"
"636","225195","20221006051000","453","2","南投縣","鹿谷鄉","120.755","23.750","652"
"126","225196","20221006051000","128","0","南投縣","鹿谷鄉","120.745","23.755","131"
"652","225206","20221006051000","565","1","雲林縣","麥寮鄉","120.185","23.760","607"
"54","225208","20221006051000","53","1","雲林縣","麥寮鄉","120.175","23.765","45"
"805","225215","20221006051000","809","0","雲林縣","斗六市","120.575","23.725","800"
"194","225247","20221006051000","131","2","南投縣","信義鄉","120.850","23.695","182"
"187","225254","20221006051000","152","2","南投縣","信義鄉","120.885","23.695","185"
"13","225259","20221006051000","122","0","南投縣","信義鄉","120.850","23.700","25"
"220","225307","20221006051000","179","2","南投縣","信義鄉","120.850","23.685","210"
"128","225309","20221006051000","126","1","南投縣","信義鄉","120.850","23.690","123"
"199","225972","20221006051000","153","2","雲林縣","斗南鎮","120.500","23.690","187"
"60","225977","20221006051000","477","0","雲林縣","斗南鎮","120.480","23.700","56"
"14","225978","20221006051000","192","0","雲林縣","斗南鎮","120.485","23.700","13"
"316","225980","20221006051000","422","0","雲林縣","斗南鎮","120.495","23.700","324"
"30","225991","20221006051000","169","0","雲林縣","斗六市","120.500","23.710","38"
"223","226020","20221006051000","164","2","南投縣","水里鄉","120.855","23.730","198"
"2589","226032","20221006051000","954","3","雲林縣","斗六市","120.535","23.700","2621"
"1178","226033","20221006051000","582","3","雲林縣","斗六市","120.540","23.705","1193"
"1011","226034","20221006051000","898","1","雲林縣","斗六市","120.555","23.710","964"
"1153","226037","20221006051000","1169","0","雲林縣","斗六市","120.555","23.715","1162"
"1543","226039","20221006051000","975","3","雲林縣","斗六市","120.525","23.695","1546"
"2134","226040","20221006051000","878","3","雲林縣","斗六市","120.530","23.695","2130"
"2990","226042","20221006051000","1528","3","雲林縣","斗六市","120.535","23.705","3083"
"198","226047","20221006051000","66","3","雲林縣","斗六市","120.560","23.725","191"
"685","226050","20221006051000","407","3","雲林縣","斗六市","120.530","23.730","665"
"63","226056","20221006051000","345","0","雲林縣","斗六市","120.530","23.735","67"
"16","226057","20221006051000","21","0","雲林縣","斗六市","120.535","23.735","15"
"169","226058","20221006051000","181","0","雲林縣","斗六市","120.540","23.735","172"
"389","226062","20221006051000","273","2","雲林縣","斗六市","120.540","23.740","413"
"10","226065","20221006051000","11","0","雲林縣","斗六市","120.505","23.690","12"
"32","226070","20221006051000","30","1","雲林縣","斗六市","120.505","23.700","34"
"262","226075","20221006051000","285","0","雲林縣","斗六市","120.510","23.705","230"
"1765","226079","20221006051000","757","3","雲林縣","斗六市","120.525","23.690","1760"
"461","226080","20221006051000","850","0","雲林縣","斗六市","120.530","23.690","450"
"1116","226081","20221006051000","572","3","雲林縣","斗六市","120.535","23.690","1109"
"678","226083","20221006051000","500","2","雲林縣","斗六市","120.595","23.710","678"
"15","226086","20221006051000","76","0","雲林縣","斗六市","120.590","23.715","10"
"246","226091","20221006051000","204","2","雲林縣","斗六市","120.595","23.715","231"
"24","226098","20221006051000","23","1","雲林縣","斗六市","120.625","23.695","25"
"187","226124","20221006051000","149","2","雲林縣","斗六市","120.600","23.715","201"
"12","226125","20221006051000","17","0","雲林縣","斗六市","120.610","23.715","15"
"20","226131","20221006051000","47","0","雲林縣","斗六市","120.605","23.715","20"
"2889","226137","20221006051000","1329","3","雲林縣","斗六市","120.540","23.700","2893"
"109","226143","20221006051000","115","0","雲林縣","斗六市","120.505","23.715","97"
"1108","226146","20221006051000","446","3","雲林縣","斗六市","120.525","23.715","1109"
"493","226149","20221006051000","351","2","雲林縣","斗六市","120.505","23.720","460"
"78","226151","20221006051000","91","0","雲林縣","斗六市","120.515","23.720","75"
"1303","226153","20221006051000","597","3","雲林縣","斗六市","120.525","23.720","1308"
"914","226159","20221006051000","496","3","雲林縣","斗六市","120.520","23.725","944"
"102","226168","20221006051000","905","0","雲林縣","土庫鎮","120.355","23.705","105"
"17","226173","20221006051000","185","0","雲林縣","斗南鎮","120.475","23.690","15"
"251","226174","20221006051000","174","2","雲林縣","斗南鎮","120.480","23.690","237"
"239","226175","20221006051000","220","1","雲林縣","斗南鎮","120.465","23.695","250"
"43","226190","20221006051000","383","0","雲林縣","崙背鄉","120.305","23.755","38"
"216","226206","20221006051000","131","3","雲林縣","土庫鎮","120.345","23.695","221"
"34","226232","20221006051000","330","0","南投縣","水里鄉","120.845","23.745","33"
"524","226259","20221006051000","428","2","雲林縣","虎尾鎮","120.445","23.705","522"
"32","226261","20221006051000","364","0","雲林縣","虎尾鎮","120.455","23.705","31"
"1254","226263","20221006051000","1101","1","雲林縣","虎尾鎮","120.450","23.710","1211"
"437","226265","20221006051000","234","3","雲林縣","虎尾鎮","120.445","23.710","445"
"390","226266","20221006051000","410","0","雲林縣","虎尾鎮","120.450","23.715","399"
"298","226267","20221006051000","173","3","雲林縣","虎尾鎮","120.415","23.715","302"
"701","226268","20221006051000","457","3","雲林縣","虎尾鎮","120.420","23.715","716"
"287","226277","20221006051000","298","0","雲林縣","虎尾鎮","120.420","23.725","305"
"704","226286","20221006051000","562","2","雲林縣","虎尾鎮","120.425","23.735","717"
"295","226287","20221006051000","336","0","雲林縣","虎尾鎮","120.415","23.740","298"
"254","226291","20221006051000","244","1","雲林縣","斗六市","120.575","23.715","261"
"344","226293","20221006051000","369","0","雲林縣","斗六市","120.580","23.720","324"
"647","226294","20221006051000","593","1","雲林縣","斗六市","120.585","23.720","586"
"314","226298","20221006051000","298","1","雲林縣","斗六市","120.585","23.725","301"
"25","226299","20221006051000","132","0","雲林縣","斗六市","120.590","23.725","29"
"309","226302","20221006051000","244","2","雲林縣","斗六市","120.590","23.730","284"
"68","226669","20221006051000","479","0","雲林縣","崙背鄉","120.380","23.750","67"
"17","226674","20221006051000","104","0","雲林縣","崙背鄉","120.385","23.755","12"
"320","226678","20221006051000","169","3","雲林縣","崙背鄉","120.375","23.760","328"
"500","226684","20221006051000","341","2","雲林縣","斗六市","120.560","23.695","442"
"218","226686","20221006051000","109","3","雲林縣","斗六市","120.555","23.700","180"
"358","226687","20221006051000","202","3","雲林縣","斗六市","120.560","23.700","336"
"325","226689","20221006051000","266","2","雲林縣","斗六市","120.560","23.705","301"
"508","226695","20221006051000","557","0","雲林縣","斗六市","120.575","23.700","517"
"20","226701","20221006051000","256","0","雲林縣","斗六市","120.605","23.700","20"
"17","226707","20221006051000","15","1","雲林縣","斗六市","120.600","23.705","15"
"829","226714","20221006051000","396","3","雲林縣","虎尾鎮","120.430","23.715","851"
"310","226715","20221006051000","392","0","雲林縣","虎尾鎮","120.440","23.715","306"
"35","226718","20221006051000","85","0","雲林縣","斗六市","120.570","23.690","28"
"115","226726","20221006051000","95","2","雲林縣","古坑鄉","120.605","23.695","110"
"207","226731","20221006051000","183","1","雲林縣","虎尾鎮","120.400","23.715","192"
"44","226733","20221006051000","363","0","雲林縣","虎尾鎮","120.410","23.715","46"
"49","226737","20221006051000","505","0","雲林縣","虎尾鎮","120.445","23.715","38"
"119","226738","20221006051000","80","2","雲林縣","虎尾鎮","120.445","23.720","114"
"613","226739","20221006051000","520","1","雲林縣","虎尾鎮","120.450","23.720","584"
"519","226749","20221006051000","346","3","雲林縣","東勢鄉","120.250","23.715","496"
"22","226761","20221006051000","323","0","雲林縣","莿桐鄉","120.500","23.750","17"
"362","226763","20221006051000","231","3","雲林縣","莿桐鄉","120.510","23.750","391"
"70","226767","20221006051000","847","0","雲林縣","莿桐鄉","120.500","23.760","53"
"28","226768","20221006051000","438","0","雲林縣","莿桐鄉","120.505","23.760","27"
"16","226770","20221006051000","20","0","雲林縣","莿桐鄉","120.500","23.765","18"
"20","226788","20221006051000","273","0","雲林縣","虎尾鎮","120.405","23.700","21"
"431","226802","20221006051000","346","2","雲林縣","虎尾鎮","120.460","23.710","438"
"59","226804","20221006051000","50","1","雲林縣","虎尾鎮","120.470","23.710","50"
"490","226807","20221006051000","492","0","雲林縣","虎尾鎮","120.470","23.715","492"
"232","226810","20221006051000","163","2","雲林縣","虎尾鎮","120.460","23.715","233"
"39","226820","20221006051000","174","0","雲林縣","東勢鄉","120.245","23.690","35"
"13","226824","20221006051000","38","0","雲林縣","斗六市","120.600","23.725","15"
"164","226828","20221006051000","150","1","雲林縣","林內鄉","120.595","23.735","162"
"54","226841","20221006051000","655","0","雲林縣","林內鄉","120.595","23.750","58"
"24","226857","20221006051000","225","0","雲林縣","林內鄉","120.635","23.755","22"
"884","226870","20221006051000","774","1","雲林縣","林內鄉","120.610","23.755","889"
"24","226877","20221006051000","337","0","雲林縣","林內鄉","120.615","23.765","25"
"58","226880","20221006051000","537","0","雲林縣","林內鄉","120.620","23.765","51"
"32","226886","20221006051000","381","0","雲林縣","林內鄉","120.615","23.760","33"
"11","226903","20221006051000","77","0","雲林縣","林內鄉","120.620","23.745","12"
"22","226920","20221006051000","44","0","雲林縣","林內鄉","120.625","23.720","18"
"185","226924","20221006051000","172","1","雲林縣","林內鄉","120.610","23.725","184"
"43","226957","20221006051000","162","0","雲林縣","林內鄉","120.590","23.760","31"
"1641","226964","20221006051000","1921","0","雲林縣","斗六市","120.555","23.705","1495"
"1204","226965","20221006051000","829","2","雲林縣","斗六市","120.530","23.715","1406"
"521","226966","20221006051000","371","2","雲林縣","斗六市","120.535","23.710","521"
"1424","226967","20221006051000","1196","1","雲林縣","斗六市","120.535","23.715","1464"
"78","227221","20221006051000","31","3","雲林縣","斗六市","120.545","23.720","80"
"369","227224","20221006051000","226","3","雲林縣","斗六市","120.540","23.725","338"
"36","227240","20221006051000","192","0","雲林縣","東勢鄉","120.270","23.705","28"
"17","227244","20221006051000","218","0","雲林縣","東勢鄉","120.285","23.690","21"
"31","227262","20221006051000","252","0","雲林縣","東勢鄉","120.250","23.705","26"
"114","227268","20221006051000","77","2","雲林縣","西螺鎮","120.460","23.760","91"
"1360","227273","20221006051000","797","3","雲林縣","斗六市","120.545","23.715","1254"
"102","227274","20221006051000","99","1","雲林縣","斗六市","120.565","23.710","96"
"776","227276","20221006051000","730","1","雲林縣","斗六市","120.565","23.715","782"
"206","227279","20221006051000","211","0","雲林縣","斗六市","120.560","23.715","202"
"457","227280","20221006051000","362","2","雲林縣","斗六市","120.565","23.720","479"
"43","227287","20221006051000","377","0","雲林縣","土庫鎮","120.345","23.705","40"
"209","227301","20221006051000","127","3","雲林縣","斗六市","120.520","23.695","202"
"16","227302","20221006051000","32","0","雲林縣","斗六市","120.520","23.700","14"
"340","227303","20221006051000","395","0","雲林縣","斗六市","120.525","23.700","328"
"64","227306","20221006051000","1270","0","雲林縣","斗六市","120.530","23.705","57"
"34","227309","20221006051000","49","0","雲林縣","斗六市","120.525","23.710","25"
"27","227320","20221006051000","147","0","雲林縣","斗六市","120.565","23.695","36"
"757","227328","20221006051000","1044","0","雲林縣","斗六市","120.540","23.710","742"
"973","227329","20221006051000","776","2","雲林縣","斗六市","120.540","23.715","982"
"887","227330","20221006051000","929","0","雲林縣","斗六市","120.550","23.715","905"
"17","227339","20221006051000","223","0","雲林縣","斗六市","120.565","23.750","12"
"1911","227348","20221006051000","1752","1","雲林縣","斗六市","120.545","23.710","1908"
"758","227349","20221006051000","758","1","雲林縣","斗六市","120.540","23.690","755"
"184","227350","20221006051000","877","0","雲林縣","斗六市","120.550","23.710","153"
"48","227351","20221006051000","157","0","雲林縣","崙背鄉","120.360","23.755","49"
"64","227355","20221006051000","322","0","雲林縣","崙背鄉","120.370","23.755","56"
"672","227359","20221006051000","1011","0","雲林縣","崙背鄉","120.350","23.760","657"
"194","227365","20221006051000","171","1","雲林縣","崙背鄉","120.330","23.750","204"
"41","227373","20221006051000","234","0","雲林縣","崙背鄉","120.315","23.755","39"
"18","227383","20221006051000","171","0","雲林縣","崙背鄉","120.335","23.760","17"
"160","227395","20221006051000","209","0","雲林縣","西螺鎮","120.435","23.755","181"
"102","227444","20221006051000","490","0","雲林縣","台西鄉","120.200","23.715","91"
"89","227446","20221006051000","77","1","雲林縣","台西鄉","120.210","23.715","100"
"113","227476","20221006051000","1294","0","雲林縣","台西鄉","120.200","23.700","117"
"320","227502","20221006051000","900","0","南投縣","竹山鎮","120.695","23.760","300"
"243","227503","20221006051000","295","0","南投縣","竹山鎮","120.685","23.765","250"
"53","227504","20221006051000","70","0","南投縣","竹山鎮","120.690","23.765","42"
"313","227505","20221006051000","272","1","南投縣","竹山鎮","120.695","23.765","295"
"28","227537","20221006051000","110","0","南投縣","竹山鎮","120.725","23.755","29"
"11","227540","20221006051000","78","0","南投縣","竹山鎮","120.710","23.760","19"
"152","227544","20221006051000","191","0","雲林縣","莿桐鄉","120.525","23.735","134"
"38","227559","20221006051000","358","0","雲林縣","莿桐鄉","120.505","23.730","33"
"21","227564","20221006051000","269","0","雲林縣","莿桐鄉","120.515","23.735","20"
"50","227570","20221006051000","412","0","雲林縣","莿桐鄉","120.515","23.740","43"
"18","227577","20221006051000","111","0","雲林縣","莿桐鄉","120.490","23.760","14"
"12","227580","20221006051000","27","0","雲林縣","虎尾鎮","120.435","23.715","12"
"435","227581","20221006051000","371","1","雲林縣","虎尾鎮","120.435","23.720","438"
"163","227585","20221006051000","106","3","雲林縣","虎尾鎮","120.435","23.735","161"
"542","227588","20221006051000","340","3","雲林縣","虎尾鎮","120.435","23.690","552"
"417","227593","20221006051000","401","1","雲林縣","虎尾鎮","120.435","23.695","426"
"36","227603","20221006051000","437","0","雲林縣","土庫鎮","120.375","23.705","38"
"229","227604","20221006051000","180","2","雲林縣","虎尾鎮","120.380","23.705","220"
"288","227632","20221006051000","181","3","雲林縣","褒忠鄉","120.340","23.735","283"
"67","227636","20221006051000","645","0","南投縣","竹山鎮","120.680","23.750","65"
"619","227637","20221006051000","613","1","南投縣","竹山鎮","120.675","23.755","606"
"1856","227638","20221006051000","1760","1","南投縣","竹山鎮","120.680","23.755","1867"
"43","227639","20221006051000","71","0","南投縣","竹山鎮","120.685","23.755","34"
"60","227640","20221006051000","650","0","雲林縣","虎尾鎮","120.420","23.700","53"
"382","227642","20221006051000","315","2","雲林縣","虎尾鎮","120.420","23.705","375"
"622","227645","20221006051000","574","1","雲林縣","虎尾鎮","120.420","23.710","619"
"2025","227647","20221006051000","1586","2","雲林縣","虎尾鎮","120.435","23.710","2007"
"208","227655","20221006051000","232","0","雲林縣","褒忠鄉","120.310","23.720","205"
"276","227684","20221006051000","302","0","雲林縣","虎尾鎮","120.405","23.725","282"
"136","227697","20221006051000","96","2","雲林縣","虎尾鎮","120.395","23.735","134"
"134","227698","20221006051000","122","1","雲林縣","虎尾鎮","120.400","23.735","135"
"243","227706","20221006051000","171","2","雲林縣","虎尾鎮","120.405","23.740","242"
"1181","227716","20221006051000","985","1","雲林縣","虎尾鎮","120.430","23.705","1189"
"663","227717","20221006051000","556","1","雲林縣","虎尾鎮","120.435","23.705","685"
"149","227722","20221006051000","112","2","雲林縣","崙背鄉","120.345","23.750","143"
"115","227728","20221006051000","792","0","雲林縣","崙背鄉","120.350","23.750","119"
"15","227730","20221006051000","190","0","雲林縣","崙背鄉","120.350","23.755","15"
"22","227733","20221006051000","24","0","雲林縣","虎尾鎮","120.400","23.710","23"
"679","227738","20221006051000","564","2","雲林縣","虎尾鎮","120.430","23.710","598"
"17","227741","20221006051000","234","0","雲林縣","斗南鎮","120.485","23.720","11"
"15","227744","20221006051000","13","1","雲林縣","虎尾鎮","120.485","23.725","11"
"342","227745","20221006051000","236","2","雲林縣","虎尾鎮","120.490","23.725","360"
"197","227748","20221006051000","123","3","雲林縣","虎尾鎮","120.480","23.730","179"
"969","227763","20221006051000","538","3","雲林縣","虎尾鎮","120.440","23.710","993"
"28","227766","20221006051000","617","0","雲林縣","虎尾鎮","120.390","23.705","24"
"366","227798","20221006051000","516","0","南投縣","竹山鎮","120.710","23.765","377"
"425","227807","20221006051000","523","0","南投縣","竹山鎮","120.700","23.765","440"
"125","227808","20221006051000","147","0","南投縣","竹山鎮","120.705","23.765","118"
"337","227840","20221006051000","391","0","南投縣","竹山鎮","120.685","23.760","320"
"103","227842","20221006051000","684","0","南投縣","竹山鎮","120.675","23.760","86"
"187","227852","20221006051000","145","2","南投縣","竹山鎮","120.650","23.705","187"
"428","227882","20221006051000","321","2","雲林縣","虎尾鎮","120.430","23.700","434"
"79","227894","20221006051000","592","0","雲林縣","虎尾鎮","120.460","23.725","74"
"21","227907","20221006051000","154","0","雲林縣","虎尾鎮","120.465","23.740","17"
"866","227921","20221006051000","1662","0","雲林縣","褒忠鄉","120.315","23.695","894"
"99","227938","20221006051000","78","2","南投縣","竹山鎮","120.715","23.695","83"
"13","227947","20221006051000","14","0","南投縣","竹山鎮","120.715","23.705","13"
"13","227979","20221006051000","34","0","南投縣","竹山鎮","120.700","23.705","17"
"38","228012","20221006051000","322","0","雲林縣","褒忠鄉","120.285","23.700","30"
"735","228016","20221006051000","615","1","雲林縣","褒忠鄉","120.315","23.710","748"
"214","228047","20221006051000","174","2","南投縣","竹山鎮","120.665","23.755","208"
"418","228051","20221006051000","394","1","南投縣","竹山鎮","120.665","23.760","449"
"626","228091","20221006051000","323","3","雲林縣","台西鄉","120.215","23.740","614"
"152","228138","20221006051000","257","0","雲林縣","崙背鄉","120.295","23.760","156"
"23","228142","20221006051000","344","0","雲林縣","虎尾鎮","120.440","23.720","19"
"722","228151","20221006051000","262","3","雲林縣","麥寮鄉","120.260","23.750","746"
"509","228157","20221006051000","152","3","雲林縣","麥寮鄉","120.255","23.760","497"
"1877","228161","20221006051000","1278","2","雲林縣","斗六市","120.545","23.705","1786"
"595","228162","20221006051000","355","3","雲林縣","斗六市","120.550","23.705","385"
"170","228194","20221006051000","181","0","南投縣","竹山鎮","120.705","23.745","178"
"51","228199","20221006051000","38","2","南投縣","竹山鎮","120.700","23.750","41"
"537","228200","20221006051000","388","2","南投縣","竹山鎮","120.690","23.755","546"
"50","228205","20221006051000","65","0","南投縣","竹山鎮","120.680","23.745","49"
"252","228207","20221006051000","254","0","南投縣","竹山鎮","120.675","23.750","244"
"88","228209","20221006051000","575","0","雲林縣","台西鄉","120.210","23.720","69"
"987","228228","20221006051000","819","2","雲林縣","台西鄉","120.220","23.720","986"
"19","228231","20221006051000","20","0","雲林縣","台西鄉","120.215","23.700","19"
"38","228245","20221006051000","287","0","雲林縣","台西鄉","120.190","23.700","49"
"31","228266","20221006051000","178","0","雲林縣","麥寮鄉","120.260","23.745","32"
"281","228271","20221006051000","389","0","雲林縣","麥寮鄉","120.250","23.750","309"
"258","228272","20221006051000","1659","0","雲林縣","麥寮鄉","120.255","23.750","234"
"546","228274","20221006051000","320","3","雲林縣","麥寮鄉","120.265","23.750","478"
"32","228278","20221006051000","493","0","雲林縣","莿桐鄉","120.480","23.745","45"
"970","228283","20221006051000","784","2","雲林縣","西螺鎮","120.465","23.755","931"
"141","228312","20221006051000","848","0","雲林縣","麥寮鄉","120.240","23.750","130"
"239","228321","20221006051000","189","2","雲林縣","台西鄉","120.220","23.750","235"
"461","228335","20221006051000","319","2","雲林縣","虎尾鎮","120.420","23.690","456"
"359","228337","20221006051000","342","1","雲林縣","虎尾鎮","120.425","23.695","386"
"2929","228338","20221006051000","2295","2","雲林縣","虎尾鎮","120.425","23.700","2928"
"18","228340","20221006051000","682","0","雲林縣","虎尾鎮","120.425","23.710","17"
"12","228375","20221006051000","81","0","南投縣","竹山鎮","120.665","23.725","17"
"23","228395","20221006051000","96","0","南投縣","竹山鎮","120.690","23.725","19"
"108","228399","20221006051000","94","1","南投縣","竹山鎮","120.710","23.725","124"
"21","228402","20221006051000","157","0","南投縣","竹山鎮","120.690","23.730","20"
"76","228415","20221006051000","753","0","南投縣","竹山鎮","120.680","23.760","80"
"146","228711","20221006051000","123","1","雲林縣","麥寮鄉","120.170","23.770","138"
"99","230307","20221006051000","116","0","雲林縣","麥寮鄉","120.180","23.795","121"
"17","232186","20221006051000","16","1","花蓮縣","壽豐鄉","121.585","23.825","24"
"124","233034","20221006051000","75","3","花蓮縣","壽豐鄉","121.565","23.780","114"
"45","233104","20221006051000","28","3","花蓮縣","壽豐鄉","121.460","23.810","41"
"267","233119","20221006051000","183","2","花蓮縣","壽豐鄉","121.475","23.815","276"
"135","233140","20221006051000","105","2","花蓮縣","壽豐鄉","121.480","23.825","132"
"476","233238","20221006051000","498","0","花蓮縣","壽豐鄉","121.515","23.840","465"
"18","233277","20221006051000","12","3","花蓮縣","壽豐鄉","121.590","23.840","11"
"27","233282","20221006051000","123","0","雲林縣","二崙鄉","120.420","23.815","28"
"212","234014","20221006051000","181","1","花蓮縣","鳳林鎮","121.455","23.800","198"
"97","234015","20221006051000","83","1","花蓮縣","鳳林鎮","121.460","23.800","93"
"24","234031","20221006051000","20","2","花蓮縣","鳳林鎮","121.465","23.805","13"
"307","234042","20221006051000","262","1","花蓮縣","萬榮鄉","121.445","23.810","316"
"855","234074","20221006051000","1187","0","雲林縣","二崙鄉","120.415","23.770","842"
"16","234106","20221006051000","241","0","雲林縣","二崙鄉","120.410","23.815","16"
"28","234119","20221006051000","10","3","雲林縣","二崙鄉","120.415","23.795","22"
"50","234120","20221006051000","332","0","雲林縣","二崙鄉","120.420","23.795","35"
"491","234127","20221006051000","367","2","雲林縣","二崙鄉","120.385","23.795","465"
"308","234130","20221006051000","250","2","雲林縣","二崙鄉","120.380","23.800","319"
"275","234162","20221006051000","131","3","雲林縣","二崙鄉","120.395","23.820","248"
"208","234274","20221006051000","125","3","花蓮縣","鳳林鎮","121.460","23.780","180"
"64","234277","20221006051000","46","2","花蓮縣","鳳林鎮","121.460","23.785","71"
"37","234283","20221006051000","381","0","雲林縣","二崙鄉","120.410","23.805","39"
"19","234324","20221006051000","120","0","雲林縣","二崙鄉","120.395","23.765","21"
"21","234338","20221006051000","391","0","雲林縣","二崙鄉","120.365","23.805","19"
"114","234386","20221006051000","571","0","雲林縣","二崙鄉","120.395","23.790","91"
"848","234401","20221006051000","333","3","雲林縣","西螺鎮","120.470","23.795","830"
"243","234404","20221006051000","178","2","雲林縣","西螺鎮","120.470","23.800","235"
"229","234406","20221006051000","77","3","雲林縣","西螺鎮","120.480","23.800","219"
"1281","234413","20221006051000","469","3","雲林縣","西螺鎮","120.450","23.785","1262"
"422","234424","20221006051000","363","1","雲林縣","麥寮鄉","120.270","23.770","452"
"640","234432","20221006051000","400","3","雲林縣","麥寮鄉","120.265","23.780","636"
"135","234453","20221006051000","21","3","雲林縣","麥寮鄉","120.235","23.790","130"
"99","234454","20221006051000","435","0","雲林縣","麥寮鄉","120.240","23.790","101"
"1595","234481","20221006051000","1326","2","南投縣","水里鄉","120.855","23.815","1576"
"209","234482","20221006051000","141","2","南投縣","水里鄉","120.860","23.815","229"
"11","234513","20221006051000","241","0","雲林縣","西螺鎮","120.485","23.785","11"
"310","234539","20221006051000","195","3","雲林縣","西螺鎮","120.450","23.775","325"
"659","234540","20221006051000","150","3","雲林縣","西螺鎮","120.445","23.780","666"
"29","234570","20221006051000","34","0","南投縣","鹿谷鄉","120.740","23.775","29"
"330","234591","20221006051000","292","1","南投縣","水里鄉","120.845","23.820","341"
"198","234630","20221006051000","156","2","南投縣","水里鄉","120.930","23.795","179"
"53","234678","20221006051000","520","0","南投縣","水里鄉","120.850","23.815","48"
"202","234703","20221006051000","168","2","南投縣","水里鄉","120.845","23.775","171"
"428","234721","20221006051000","365","1","彰化縣","溪州鄉","120.515","23.815","445"
"144","234765","20221006051000","111","2","南投縣","鹿谷鄉","120.785","23.790","150"
"10","234802","20221006051000","120","0","南投縣","鹿谷鄉","120.785","23.805","10"
"52","234826","20221006051000","44","1","南投縣","鹿谷鄉","120.785","23.765","53"
"64","234843","20221006051000","44","2","南投縣","鹿谷鄉","120.775","23.775","64"
"114","234859","20221006051000","75","3","南投縣","鹿谷鄉","120.775","23.785","115"
"48","234881","20221006051000","44","1","雲林縣","麥寮鄉","120.195","23.775","59"
"84","234888","20221006051000","67","2","雲林縣","麥寮鄉","120.180","23.785","62"
"48","234892","20221006051000","55","0","雲林縣","麥寮鄉","120.200","23.785","39"
"310","234900","20221006051000","190","3","雲林縣","麥寮鄉","120.205","23.790","325"
"1480","234906","20221006051000","650","3","雲林縣","麥寮鄉","120.260","23.790","1492"
"1048","234915","20221006051000","452","3","雲林縣","麥寮鄉","120.220","23.795","1026"
"526","234934","20221006051000","138","3","雲林縣","麥寮鄉","120.230","23.795","515"
"1177","234937","20221006051000","527","3","雲林縣","麥寮鄉","120.245","23.795","1156"
"12","234945","20221006051000","16","0","雲林縣","麥寮鄉","120.190","23.800","12"
"51","234949","20221006051000","30","3","雲林縣","麥寮鄉","120.210","23.800","42"
"1424","234952","20221006051000","1367","1","雲林縣","麥寮鄉","120.225","23.800","1414"
"354","234961","20221006051000","213","3","雲林縣","麥寮鄉","120.270","23.800","351"
"35","234965","20221006051000","44","0","雲林縣","麥寮鄉","120.195","23.805","36"
"60","234967","20221006051000","60","1","雲林縣","麥寮鄉","120.205","23.805","41"
"137","234997","20221006051000","122","1","雲林縣","麥寮鄉","120.215","23.815","108"
"17","235080","20221006051000","101","0","南投縣","信義鄉","120.940","23.820","17"
"15","235214","20221006051000","27","0","南投縣","信義鄉","120.980","23.785","19"
"43","235228","20221006051000","224","0","雲林縣","崙背鄉","120.350","23.775","38"
"209","235235","20221006051000","119","3","雲林縣","崙背鄉","120.345","23.785","210"
"580","235274","20221006051000","611","0","南投縣","水里鄉","120.850","23.810","585"
"326","235297","20221006051000","279","1","彰化縣","溪州鄉","120.505","23.815","302"
"808","235309","20221006051000","752","1","彰化縣","溪州鄉","120.540","23.830","807"
"487","235350","20221006051000","362","2","彰化縣","溪州鄉","120.490","23.830","464"
"162","235352","20221006051000","147","1","彰化縣","溪州鄉","120.475","23.835","152"
"375","235362","20221006051000","273","2","彰化縣","溪州鄉","120.480","23.845","366"
"146","235370","20221006051000","186","0","彰化縣","溪州鄉","120.500","23.840","138"
"521","235385","20221006051000","343","3","雲林縣","崙背鄉","120.325","23.780","503"
"295","235405","20221006051000","201","2","南投縣","水里鄉","120.865","23.795","285"
"472","235409","20221006051000","509","0","南投縣","水里鄉","120.860","23.800","462"
"23","235459","20221006051000","249","0","南投縣","水里鄉","120.825","23.810","14"
"43","235505","20221006051000","36","1","南投縣","水里鄉","120.870","23.845","47"
"26","235509","20221006051000","361","0","南投縣","名間鄉","120.635","23.835","30"
"214","235521","20221006051000","208","1","南投縣","名間鄉","120.715","23.830","230"
"1002","235523","20221006051000","953","1","南投縣","名間鄉","120.705","23.835","1027"
"71","235527","20221006051000","71","1","南投縣","名間鄉","120.725","23.835","82"
"21","235539","20221006051000","128","0","南投縣","名間鄉","120.665","23.820","14"
"284","235555","20221006051000","369","0","南投縣","集集鎮","120.795","23.825","304"
"42","235556","20221006051000","365","0","南投縣","集集鎮","120.795","23.830","37"
"42","235703","20221006051000","44","0","南投縣","信義鄉","120.915","23.785","39"
"221","235812","20221006051000","195","1","南投縣","信義鄉","120.940","23.795","224"
"15","236275","20221006051000","216","0","南投縣","名間鄉","120.660","23.835","12"
"255","236286","20221006051000","258","0","南投縣","名間鄉","120.655","23.845","241"
"57","236299","20221006051000","53","1","南投縣","名間鄉","120.695","23.810","61"
"77","236318","20221006051000","78","0","彰化縣","二水鄉","120.635","23.830","85"
"413","236322","20221006051000","364","1","南投縣","名間鄉","120.630","23.840","394"
"16","236329","20221006051000","159","0","彰化縣","溪州鄉","120.515","23.830","29"
"127","236334","20221006051000","100","2","彰化縣","溪州鄉","120.520","23.835","130"
"188","236374","20221006051000","136","2","彰化縣","溪州鄉","120.580","23.820","179"
"305","236389","20221006051000","279","1","彰化縣","溪州鄉","120.470","23.830","306"
"304","236394","20221006051000","361","0","南投縣","名間鄉","120.695","23.835","316"
"27","236405","20221006051000","689","0","南投縣","名間鄉","120.700","23.835","29"
"33","236406","20221006051000","19","3","彰化縣","二水鄉","120.650","23.810","37"
"21","236410","20221006051000","184","0","南投縣","名間鄉","120.645","23.820","24"
"172","236415","20221006051000","125","2","南投縣","名間鄉","120.655","23.830","157"
"620","236419","20221006051000","194","3","彰化縣","大城鄉","120.345","23.845","605"
"268","236421","20221006051000","233","1","彰化縣","大城鄉","120.300","23.840","254"
"329","236449","20221006051000","250","2","彰化縣","溪州鄉","120.565","23.815","335"
"205","236455","20221006051000","186","1","彰化縣","溪州鄉","120.560","23.830","220"
"29","236462","20221006051000","298","0","雲林縣","莿桐鄉","120.540","23.765","28"
"19","236463","20221006051000","315","0","雲林縣","莿桐鄉","120.530","23.770","23"
"146","236472","20221006051000","121","2","南投縣","名間鄉","120.640","23.845","143"
"395","236479","20221006051000","225","3","南投縣","名間鄉","120.690","23.845","380"
"239","236481","20221006051000","214","1","南投縣","名間鄉","120.700","23.845","236"
"63","236492","20221006051000","437","0","雲林縣","林內鄉","120.610","23.770","49"
"155","236494","20221006051000","151","1","雲林縣","林內鄉","120.610","23.775","152"
"29","236509","20221006051000","232","0","雲林縣","林內鄉","120.625","23.775","39"
"35","236557","20221006051000","305","0","南投縣","集集鎮","120.800","23.825","38"
"17","236573","20221006051000","104","0","南投縣","集集鎮","120.770","23.845","16"
"88","236578","20221006051000","200","0","南投縣","集集鎮","120.815","23.825","86"
"128","236593","20221006051000","929","0","南投縣","集集鎮","120.785","23.825","118"
"283","236635","20221006051000","217","2","彰化縣","大城鄉","120.350","23.835","271"
"321","236679","20221006051000","231","2","彰化縣","大城鄉","120.275","23.845","346"
"244","236695","20221006051000","207","1","南投縣","信義鄉","120.905","23.770","249"
"1165","236741","20221006051000","250","3","雲林縣","莿桐鄉","120.500","23.780","1143"
"119","236758","20221006051000","85","2","彰化縣","二水鄉","120.630","23.830","115"
"124","236765","20221006051000","496","0","彰化縣","二水鄉","120.610","23.815","157"
"286","236771","20221006051000","262","1","彰化縣","二水鄉","120.635","23.795","286"
"15","236772","20221006051000","28","0","彰化縣","二水鄉","120.640","23.795","14"
"2314","236781","20221006051000","1011","3","雲林縣","西螺鎮","120.440","23.780","2336"
"301","236785","20221006051000","279","1","雲林縣","西螺鎮","120.430","23.790","324"
"635","236786","20221006051000","116","3","雲林縣","西螺鎮","120.435","23.790","618"
"10","236796","20221006051000","217","0","彰化縣","二水鄉","120.640","23.805","10"
"26","236801","20221006051000","309","0","彰化縣","二水鄉","120.605","23.825","24"
"165","236814","20221006051000","1001","0","彰化縣","二水鄉","120.620","23.810","158"
"167","237024","20221006051000","337","0","雲林縣","莿桐鄉","120.515","23.775","166"
"373","237025","20221006051000","285","2","雲林縣","莿桐鄉","120.520","23.775","364"
"1193","237039","20221006051000","403","3","雲林縣","西螺鎮","120.435","23.800","1219"
"918","237048","20221006051000","228","3","雲林縣","西螺鎮","120.440","23.810","931"
"392","237053","20221006051000","320","2","雲林縣","西螺鎮","120.465","23.795","398"
"541","237054","20221006051000","1032","0","雲林縣","西螺鎮","120.465","23.800","557"
"12","237056","20221006051000","243","0","雲林縣","西螺鎮","120.465","23.765","11"
"1279","237062","20221006051000","621","3","雲林縣","西螺鎮","120.475","23.785","1236"
"261","237066","20221006051000","105","3","雲林縣","西螺鎮","120.475","23.765","264"
"43","237068","20221006051000","405","0","雲林縣","西螺鎮","120.460","23.795","34"
"785","237069","20221006051000","1055","0","雲林縣","西螺鎮","120.460","23.800","826"
"1764","237075","20221006051000","697","3","雲林縣","西螺鎮","120.440","23.800","1735"
"391","237076","20221006051000","254","3","雲林縣","西螺鎮","120.455","23.790","386"
"111","237078","20221006051000","2389","0","雲林縣","西螺鎮","120.455","23.800","104"
"10","237081","20221006051000","113","0","彰化縣","二水鄉","120.635","23.810","12"
"17","237103","20221006051000","243","0","彰化縣","二水鄉","120.630","23.800","11"
"37","237115","20221006051000","30","2","彰化縣","二水鄉","120.655","23.800","41"
"386","237141","20221006051000","291","2","雲林縣","崙背鄉","120.325","23.795","409"
"184","237147","20221006051000","168","1","雲林縣","崙背鄉","120.340","23.800","187"
"131","237182","20221006051000","127","1","雲林縣","崙背鄉","120.310","23.790","117"
"209","237186","20221006051000","231","0","雲林縣","崙背鄉","120.305","23.795","201"
"28","237187","20221006051000","25","1","雲林縣","崙背鄉","120.310","23.795","28"
"957","237189","20221006051000","383","3","雲林縣","麥寮鄉","120.295","23.800","732"
"93","237228","20221006051000","60","3","彰化縣","田中鎮","120.605","23.845","86"
"17","237236","20221006051000","23","0","彰化縣","溪州鄉","120.455","23.825","11"
"17","237241","20221006051000","211","0","彰化縣","竹塘鄉","120.445","23.835","21"
"52","237255","20221006051000","583","0","雲林縣","莿桐鄉","120.565","23.775","53"
"59","237256","20221006051000","210","0","雲林縣","莿桐鄉","120.570","23.775","55"
"221","237302","20221006051000","168","2","雲林縣","莿桐鄉","120.550","23.765","220"
"68","237361","20221006051000","91","0","南投縣","竹山鎮","120.680","23.775","59"
"19","237386","20221006051000","94","0","南投縣","竹山鎮","120.650","23.770","17"
"194","237414","20221006051000","207","0","南投縣","竹山鎮","120.730","23.815","207"
"184","237424","20221006051000","180","1","南投縣","竹山鎮","120.715","23.765","182"
"46","237434","20221006051000","375","0","南投縣","竹山鎮","120.705","23.780","47"
"179","237436","20221006051000","171","1","南投縣","竹山鎮","120.715","23.780","190"
"15","237453","20221006051000","265","0","南投縣","竹山鎮","120.695","23.770","16"
"35","237498","20221006051000","422","0","雲林縣","麥寮鄉","120.240","23.770","47"
"160","237499","20221006051000","86","3","雲林縣","麥寮鄉","120.245","23.770","164"
"19","237516","20221006051000","226","0","雲林縣","崙背鄉","120.355","23.765","24"
"126","237531","20221006051000","95","2","南投縣","竹山鎮","120.750","23.815","128"
"336","237559","20221006051000","305","1","南投縣","竹山鎮","120.715","23.800","379"
"136","237593","20221006051000","152","0","南投縣","魚池鄉","120.895","23.835","134"
"164","237595","20221006051000","212","0","南投縣","魚池鄉","120.905","23.835","165"
"353","237603","20221006051000","367","0","南投縣","竹山鎮","120.715","23.805","349"
"249","237607","20221006051000","164","3","南投縣","竹山鎮","120.730","23.810","265"
"291","237611","20221006051000","260","1","南投縣","竹山鎮","120.725","23.810","289"
"169","237614","20221006051000","227","0","南投縣","竹山鎮","120.720","23.815","199"
"84","237670","20221006051000","66","2","南投縣","魚池鄉","120.885","23.820","76"
"390","237685","20221006051000","321","2","雲林縣","麥寮鄉","120.290","23.765","377"
"111","237741","20221006051000","59","3","南投縣","集集鎮","120.760","23.830","99"
"11","237775","20221006051000","99","0","南投縣","集集鎮","120.750","23.840","14"
"27","237785","20221006051000","163","0","南投縣","集集鎮","120.745","23.830","26"
"29","237788","20221006051000","23","2","南投縣","集集鎮","120.740","23.835","32"
"35","237801","20221006051000","228","0","南投縣","集集鎮","120.780","23.825","23"
"217","237819","20221006051000","160","2","雲林縣","莿桐鄉","120.505","23.765","241"
"1013","237833","20221006051000","444","3","雲林縣","西螺鎮","120.480","23.770","1056"
"59","237848","20221006051000","306","0","雲林縣","麥寮鄉","120.290","23.795","478"
"1799","237860","20221006051000","1459","2","雲林縣","麥寮鄉","120.275","23.795","1762"
"582","237864","20221006051000","299","3","雲林縣","麥寮鄉","120.280","23.795","535"
"16","237872","20221006051000","108","0","彰化縣","田中鎮","120.560","23.845","15"
"133","237874","20221006051000","103","2","彰化縣","田中鎮","120.570","23.845","135"
"118","237878","20221006051000","53","3","彰化縣","田中鎮","120.580","23.840","140"
"280","237881","20221006051000","289","0","彰化縣","田中鎮","120.595","23.840","278"
"27","237884","20221006051000","348","0","彰化縣","田中鎮","120.595","23.845","19"
"261","237895","20221006051000","185","2","彰化縣","田中鎮","120.595","23.830","257"
"80","237900","20221006051000","431","0","雲林縣","莿桐鄉","120.535","23.775","76"
"63","240440","20221006051000","48","2","花蓮縣","壽豐鄉","121.605","23.885","43"
"197","242904","20221006051000","146","2","花蓮縣","秀林鄉","121.500","23.920","207"
"247","242957","20221006051000","125","3","花蓮縣","壽豐鄉","121.530","23.865","275"
"125","242963","20221006051000","122","1","花蓮縣","壽豐鄉","121.525","23.870","138"
"914","242988","20221006051000","701","2","花蓮縣","壽豐鄉","121.510","23.870","889"
"700","243010","20221006051000","533","2","花蓮縣","壽豐鄉","121.520","23.890","720"
"14","243014","20221006051000","60","0","花蓮縣","壽豐鄉","121.540","23.890","17"
"417","243023","20221006051000","454","0","花蓮縣","壽豐鄉","121.555","23.895","418"
"719","243053","20221006051000","682","1","花蓮縣","壽豐鄉","121.535","23.895","713"
"383","243054","20221006051000","374","1","花蓮縣","壽豐鄉","121.540","23.895","370"
"332","243055","20221006051000","311","1","花蓮縣","壽豐鄉","121.545","23.895","353"
"370","243057","20221006051000","315","1","花蓮縣","壽豐鄉","121.530","23.895","359"
"550","243065","20221006051000","546","1","花蓮縣","壽豐鄉","121.530","23.900","614"
"939","243069","20221006051000","877","1","花蓮縣","壽豐鄉","121.550","23.900","912"
"1010","243073","20221006051000","1013","0","花蓮縣","壽豐鄉","121.530","23.905","973"
"162","243089","20221006051000","84","3","花蓮縣","壽豐鄉","121.520","23.915","142"
"97","243103","20221006051000","59","3","花蓮縣","壽豐鄉","121.550","23.920","85"
"74","243143","20221006051000","64","1","花蓮縣","壽豐鄉","121.555","23.865","54"
"57","243149","20221006051000","61","0","花蓮縣","壽豐鄉","121.555","23.870","45"
"54","243164","20221006051000","39","2","花蓮縣","壽豐鄉","121.585","23.880","46"
"38","243184","20221006051000","28","2","花蓮縣","壽豐鄉","121.595","23.905","36"
"30","243230","20221006051000","80","0","花蓮縣","壽豐鄉","121.520","23.845","49"
"462","243249","20221006051000","432","1","花蓮縣","壽豐鄉","121.495","23.850","490"
"492","243255","20221006051000","454","1","花蓮縣","壽豐鄉","121.490","23.855","497"
"92","243262","20221006051000","92","1","花蓮縣","壽豐鄉","121.485","23.855","91"
"117","243315","20221006051000","63","3","花蓮縣","壽豐鄉","121.600","23.870","98"
"33","243324","20221006051000","25","2","花蓮縣","壽豐鄉","121.590","23.885","34"
"120","243338","20221006051000","157","0","花蓮縣","壽豐鄉","121.600","23.905","211"
"30","243339","20221006051000","27","1","花蓮縣","壽豐鄉","121.605","23.905","41"
"625","243392","20221006051000","622","1","彰化縣","二林鎮","120.360","23.895","601"
"1139","243393","20221006051000","853","2","彰化縣","二林鎮","120.370","23.900","1158"
"353","243406","20221006051000","299","1","彰化縣","二林鎮","120.390","23.865","380"
"128","243422","20221006051000","175","0","彰化縣","二林鎮","120.415","23.910","124"
"401","243424","20221006051000","380","1","彰化縣","二林鎮","120.425","23.910","394"
"237","243439","20221006051000","205","1","彰化縣","二林鎮","120.360","23.865","229"
"363","243447","20221006051000","288","2","彰化縣","二林鎮","120.360","23.880","376"
"427","243770","20221006051000","408","1","彰化縣","二林鎮","120.365","23.890","432"
"435","243772","20221006051000","629","0","彰化縣","二林鎮","120.370","23.895","432"
"630","243777","20221006051000","452","2","彰化縣","二林鎮","120.425","23.895","618"
"334","243783","20221006051000","371","0","彰化縣","二林鎮","120.365","23.900","347"
"372","243796","20221006051000","370","1","彰化縣","二林鎮","120.440","23.875","381"
"96","243827","20221006051000","89","1","南投縣","水里鄉","120.865","23.905","98"
"308","243861","20221006051000","84","3","彰化縣","大城鄉","120.325","23.860","288"
"1131","243867","20221006051000","1096","1","彰化縣","大城鄉","120.320","23.850","1164"
"126","243900","20221006051000","580","0","彰化縣","埤頭鄉","120.470","23.915","142"
"334","243909","20221006051000","195","3","彰化縣","埤頭鄉","120.460","23.925","304"
"65","243970","20221006051000","40","3","南投縣","中寮鄉","120.800","23.905","61"
"209","244044","20221006051000","132","3","南投縣","中寮鄉","120.750","23.895","207"
"68","244051","20221006051000","57","1","南投縣","中寮鄉","120.765","23.900","73"
"570","244122","20221006051000","383","2","彰化縣","埤頭鄉","120.480","23.890","574"
"275","244129","20221006051000","271","1","彰化縣","埤頭鄉","120.460","23.860","280"
"29","244142","20221006051000","345","0","彰化縣","埤頭鄉","120.460","23.880","24"
"1287","244150","20221006051000","1135","1","彰化縣","埤頭鄉","120.465","23.890","1266"
"45","244159","20221006051000","381","0","南投縣","中寮鄉","120.760","23.880","34"
"90","244163","20221006051000","514","0","南投縣","中寮鄉","120.775","23.885","85"
"347","244211","20221006051000","281","2","南投縣","中寮鄉","120.735","23.895","355"
"74","244235","20221006051000","56","2","南投縣","中寮鄉","120.770","23.920","70"
"29","244247","20221006051000","265","0","南投縣","中寮鄉","120.830","23.860","27"
"95","244274","20221006051000","82","1","南投縣","中寮鄉","120.800","23.880","86"
"17","244321","20221006051000","19","0","南投縣","中寮鄉","120.845","23.900","17"
"29","244326","20221006051000","476","0","南投縣","中寮鄉","120.710","23.895","28"
"37","244341","20221006051000","35","1","彰化縣","員林鎮","120.580","23.925","47"
"119","244392","20221006051000","93","2","南投縣","中寮鄉","120.725","23.925","123"
"846","244397","20221006051000","837","1","彰化縣","二林鎮","120.375","23.895","825"
"1180","244398","20221006051000","995","1","彰化縣","二林鎮","120.380","23.895","1150"
"249","244411","20221006051000","194","2","南投縣","南投市","120.695","23.915","254"
"267","244414","20221006051000","575","0","南投縣","南投市","120.695","23.920","283"
"558","244415","20221006051000","498","1","南投縣","南投市","120.700","23.920","547"
"14","244420","20221006051000","77","0","南投縣","南投市","120.640","23.925","15"
"1680","244422","20221006051000","1596","1","南投縣","南投市","120.690","23.905","1727"
"427","244426","20221006051000","460","0","彰化縣","永靖鄉","120.545","23.920","467"
"163","244429","20221006051000","320","0","彰化縣","永靖鄉","120.570","23.925","161"
"48","244451","20221006051000","50","0","南投縣","水里鄉","120.870","23.880","58"
"622","244465","20221006051000","567","1","彰化縣","溪州鄉","120.500","23.855","603"
"124","244468","20221006051000","132","0","彰化縣","溪州鄉","120.505","23.860","118"
"154","244477","20221006051000","162","0","南投縣","南投市","120.635","23.905","158"
"96","244478","20221006051000","378","0","南投縣","南投市","120.640","23.905","104"
"12","244480","20221006051000","13","0","南投縣","南投市","120.635","23.910","15"
"43","244488","20221006051000","35","2","彰化縣","社頭鄉","120.635","23.920","41"
"113","244490","20221006051000","133","0","南投縣","南投市","120.650","23.920","106"
"419","244492","20221006051000","580","0","彰化縣","永靖鄉","120.535","23.920","419"
"319","244498","20221006051000","321","0","彰化縣","永靖鄉","120.515","23.915","316"
"387","244499","20221006051000","309","2","彰化縣","永靖鄉","120.520","23.915","376"
"394","244512","20221006051000","499","0","彰化縣","永靖鄉","120.560","23.920","398"
"79","244516","20221006051000","359","0","彰化縣","永靖鄉","120.535","23.925","87"
"1183","244517","20221006051000","1543","0","彰化縣","永靖鄉","120.540","23.925","1170"
"291","244520","20221006051000","223","2","彰化縣","永靖鄉","120.560","23.910","299"
"21","244530","20221006051000","260","0","彰化縣","永靖鄉","120.545","23.910","19"
"94","244534","20221006051000","97","0","彰化縣","田尾鄉","120.530","23.910","95"
"30","244537","20221006051000","443","0","彰化縣","永靖鄉","120.550","23.920","31"
"23","244540","20221006051000","459","0","彰化縣","永靖鄉","120.550","23.925","24"
"34","244544","20221006051000","464","0","彰化縣","永靖鄉","120.505","23.920","37"
"565","244566","20221006051000","96","3","彰化縣","大城鄉","120.285","23.865","568"
"209","244576","20221006051000","26","3","彰化縣","大城鄉","120.290","23.870","212"
"565","244605","20221006051000","451","2","彰化縣","芳苑鄉","120.345","23.910","569"
"203","244612","20221006051000","179","1","彰化縣","芳苑鄉","120.350","23.920","229"
"20","244615","20221006051000","16","2","彰化縣","芳苑鄉","120.355","23.925","18"
"268","244624","20221006051000","106","3","彰化縣","芳苑鄉","120.315","23.895","268"
"23","244639","20221006051000","53","0","彰化縣","芳苑鄉","120.305","23.905","23"
"1048","244674","20221006051000","898","1","南投縣","南投市","120.695","23.900","1070"
"14","244675","20221006051000","36","0","南投縣","南投市","120.685","23.925","16"
"50","244677","20221006051000","67","0","南投縣","南投市","120.695","23.925","46"
"194","244693","20221006051000","308","0","南投縣","南投市","120.680","23.895","203"
"21","244694","20221006051000","19","1","南投縣","南投市","120.685","23.895","23"
"2083","244695","20221006051000","1900","1","南投縣","南投市","120.685","23.900","2063"
"313","244696","20221006051000","290","1","南投縣","南投市","120.690","23.900","309"
"159","244697","20221006051000","157","1","彰化縣","溪州鄉","120.480","23.850","162"
"41","244698","20221006051000","287","0","彰化縣","溪州鄉","120.485","23.850","38"
"557","244700","20221006051000","553","1","彰化縣","溪州鄉","120.495","23.850","549"
"640","244706","20221006051000","725","0","南投縣","南投市","120.680","23.910","655"
"403","244716","20221006051000","281","2","南投縣","南投市","120.675","23.900","399"
"254","244717","20221006051000","240","1","南投縣","南投市","120.680","23.905","266"
"1212","244720","20221006051000","897","2","南投縣","南投市","120.675","23.905","1225"
"12","244738","20221006051000","24","0","南投縣","埔里鎮","120.990","23.925","12"
"168","244739","20221006051000","132","2","南投縣","埔里鎮","120.995","23.925","178"
"93","244741","20221006051000","84","1","南投縣","仁愛鄉","121.010","23.925","85"
"472","244742","20221006051000","569","0","彰化縣","溪州鄉","120.495","23.855","470"
"12","244748","20221006051000","28","0","彰化縣","溪州鄉","120.515","23.850","12"
"37","244772","20221006051000","32","1","南投縣","水里鄉","120.865","23.855","39"
"218","244790","20221006051000","144","3","南投縣","名間鄉","120.675","23.870","220"
"208","244793","20221006051000","228","0","彰化縣","田中鎮","120.625","23.855","197"
"122","244800","20221006051000","72","3","南投縣","名間鄉","120.630","23.855","134"
"150","244806","20221006051000","102","2","南投縣","名間鄉","120.635","23.860","159"
"627","244815","20221006051000","457","2","南投縣","名間鄉","120.705","23.875","643"
"142","244846","20221006051000","87","3","南投縣","名間鄉","120.635","23.880","159"
"522","244854","20221006051000","294","3","南投縣","南投市","120.690","23.910","550"
"759","244855","20221006051000","699","1","南投縣","南投市","120.690","23.915","760"
"107","244860","20221006051000","112","0","南投縣","南投市","120.655","23.915","107"
"895","244865","20221006051000","651","2","南投縣","南投市","120.665","23.920","917"
"619","244867","20221006051000","522","1","南投縣","南投市","120.675","23.920","622"
"673","244868","20221006051000","726","0","南投縣","南投市","120.680","23.920","652"
"543","244869","20221006051000","428","2","南投縣","南投市","120.670","23.925","537"
"671","244870","20221006051000","607","1","南投縣","南投市","120.675","23.925","684"
"1011","244872","20221006051000","821","2","南投縣","南投市","120.685","23.910","1021"
"1664","244873","20221006051000","1639","1","南投縣","南投市","120.685","23.905","1638"
"183","244874","20221006051000","172","1","南投縣","南投市","120.705","23.900","166"
"38","244875","20221006051000","43","0","南投縣","南投市","120.710","23.900","55"
"108","244880","20221006051000","82","2","南投縣","南投市","120.695","23.905","111"
"450","244881","20221006051000","327","2","南投縣","南投市","120.700","23.905","462"
"376","244890","20221006051000","475","0","南投縣","南投市","120.705","23.915","396"
"653","244893","20221006051000","649","1","彰化縣","溪州鄉","120.495","23.865","643"
"554","244909","20221006051000","495","1","彰化縣","埤頭鄉","120.460","23.890","522"
"741","244910","20221006051000","651","1","彰化縣","埤頭鄉","120.455","23.895","714"
"54","244911","20221006051000","510","0","彰化縣","埤頭鄉","120.460","23.895","38"
"411","244918","20221006051000","383","1","彰化縣","埤頭鄉","120.495","23.885","410"
"573","244922","20221006051000","437","2","彰化縣","埤頭鄉","120.495","23.890","508"
"213","244924","20221006051000","180","1","彰化縣","埤頭鄉","120.480","23.895","205"
"384","244925","20221006051000","382","1","彰化縣","埤頭鄉","120.485","23.895","400"
"619","244953","20221006051000","542","1","彰化縣","北斗鎮","120.515","23.875","595"
"40","244955","20221006051000","234","0","彰化縣","北斗鎮","120.515","23.865","31"
"27","244956","20221006051000","371","0","彰化縣","北斗鎮","120.520","23.865","36"
"483","244958","20221006051000","883","0","彰化縣","北斗鎮","120.520","23.870","482"
"636","244960","20221006051000","425","2","彰化縣","埤頭鄉","120.460","23.850","615"
"34","244961","20221006051000","241","0","彰化縣","埤頭鄉","120.465","23.850","29"
"165","244972","20221006051000","206","0","南投縣","名間鄉","120.650","23.870","162"
"861","244974","20221006051000","678","2","南投縣","名間鄉","120.655","23.870","867"
"363","244987","20221006051000","342","1","南投縣","名間鄉","120.670","23.850","349"
"356","244993","20221006051000","326","1","南投縣","名間鄉","120.675","23.855","339"
"650","245005","20221006051000","586","1","南投縣","名間鄉","120.695","23.865","648"
"190","245007","20221006051000","200","0","南投縣","名間鄉","120.685","23.870","185"
"313","245016","20221006051000","212","2","南投縣","名間鄉","120.685","23.880","326"
"54","245017","20221006051000","417","0","南投縣","名間鄉","120.690","23.880","52"
"149","245037","20221006051000","171","0","南投縣","名間鄉","120.705","23.865","136"
"222","245042","20221006051000","243","0","彰化縣","溪州鄉","120.525","23.850","237"
"267","245076","20221006051000","33","3","彰化縣","大城鄉","120.295","23.885","260"
"11","245099","20221006051000","169","0","彰化縣","大城鄉","120.300","23.890","11"
"26","245150","20221006051000","196","0","彰化縣","大城鄉","120.295","23.855","33"
"166","245157","20221006051000","173","0","彰化縣","北斗鎮","120.530","23.855","159"
"1137","245161","20221006051000","1137","1","彰化縣","北斗鎮","120.530","23.870","1121"
"184","245165","20221006051000","165","1","彰化縣","北斗鎮","120.545","23.870","169"
"329","245169","20221006051000","280","1","彰化縣","芳苑鄉","120.320","23.920","343"
"84","245184","20221006051000","52","3","南投縣","名間鄉","120.625","23.850","79"
"107","245191","20221006051000","123","0","南投縣","名間鄉","120.690","23.850","122"
"14","245192","20221006051000","117","0","南投縣","名間鄉","120.695","23.850","15"
"1107","245211","20221006051000","345","3","彰化縣","大城鄉","120.290","23.860","1108"
"125","245214","20221006051000","74","3","彰化縣","大城鄉","120.300","23.865","117"
"127","245216","20221006051000","55","3","彰化縣","大城鄉","120.300","23.870","124"
"536","245296","20221006051000","241","3","南投縣","南投市","120.635","23.895","508"
"14","245302","20221006051000","35","0","南投縣","南投市","120.655","23.900","12"
"469","245305","20221006051000","288","3","南投縣","南投市","120.660","23.925","482"
"24","245312","20221006051000","155","0","南投縣","南投市","120.665","23.910","18"
"314","245314","20221006051000","1155","0","南投縣","南投市","120.675","23.910","282"
"853","245316","20221006051000","1275","0","南投縣","南投市","120.680","23.915","842"
"1415","245320","20221006051000","979","2","彰化縣","北斗鎮","120.520","23.880","1408"
"550","245325","20221006051000","493","1","彰化縣","北斗鎮","120.530","23.875","555"
"300","245329","20221006051000","230","2","彰化縣","北斗鎮","120.535","23.880","296"
"32","245332","20221006051000","613","0","彰化縣","北斗鎮","120.525","23.870","33"
"597","245335","20221006051000","161","3","彰化縣","大城鄉","120.310","23.875","572"
"394","245353","20221006051000","231","3","彰化縣","大城鄉","120.315","23.870","378"
"300","245376","20221006051000","268","1","彰化縣","北斗鎮","120.510","23.880","292"
"21","245379","20221006051000","236","0","彰化縣","田尾鄉","120.515","23.890","22"
"293","245489","20221006051000","297","0","南投縣","仁愛鄉","120.990","23.905","285"
"28","245503","20221006051000","23","2","南投縣","仁愛鄉","121.005","23.910","35"
"23","245515","20221006051000","20","1","南投縣","埔里鎮","121.010","23.920","15"
"24","245723","20221006051000","23","1","南投縣","仁愛鄉","121.025","23.910","18"
"316","245728","20221006051000","277","1","南投縣","仁愛鄉","121.050","23.910","395"
"23","245748","20221006051000","77","0","南投縣","仁愛鄉","121.030","23.920","28"
"183","246370","20221006051000","212","0","彰化縣","北斗鎮","120.555","23.855","192"
"468","246377","20221006051000","403","1","彰化縣","北斗鎮","120.550","23.865","502"
"276","246388","20221006051000","218","2","彰化縣","埤頭鄉","120.455","23.850","293"
"392","246394","20221006051000","276","2","彰化縣","二林鎮","120.410","23.920","394"
"21","246402","20221006051000","379","0","彰化縣","二林鎮","120.365","23.895","13"
"577","246404","20221006051000","454","2","彰化縣","二林鎮","120.405","23.895","576"
"122","246436","20221006051000","234","0","彰化縣","芳苑鄉","120.380","23.925","126"
"600","246446","20221006051000","450","2","彰化縣","芳苑鄉","120.330","23.895","597"
"167","246468","20221006051000","118","2","彰化縣","芳苑鄉","120.330","23.915","187"
"155","246471","20221006051000","106","2","彰化縣","芳苑鄉","120.335","23.920","165"
"870","246472","20221006051000","849","1","彰化縣","北斗鎮","120.525","23.875","908"
"183","246476","20221006051000","172","1","彰化縣","北斗鎮","120.560","23.850","199"
"40","246477","20221006051000","68","0","彰化縣","北斗鎮","120.540","23.855","52"
"74","246480","20221006051000","61","2","彰化縣","北斗鎮","120.550","23.855","72"
"466","246488","20221006051000","320","2","彰化縣","北斗鎮","120.535","23.870","453"
"107","246493","20221006051000","106","1","彰化縣","二林鎮","120.395","23.890","98"
"19","246499","20221006051000","282","0","彰化縣","大城鄉","120.315","23.850","27"
"189","246518","20221006051000","226","0","南投縣","南投市","120.670","23.890","183"
"539","246522","20221006051000","528","1","南投縣","南投市","120.690","23.890","501"
"1003","246530","20221006051000","945","1","彰化縣","社頭鄉","120.605","23.915","1009"
"568","246531","20221006051000","253","3","彰化縣","田中鎮","120.585","23.875","571"
"49","246534","20221006051000","165","0","彰化縣","田中鎮","120.575","23.865","47"
"295","246537","20221006051000","159","3","彰化縣","田中鎮","120.575","23.875","275"
"64","246545","20221006051000","80","0","彰化縣","田尾鄉","120.510","23.905","55"
"461","246547","20221006051000","332","2","彰化縣","竹塘鄉","120.415","23.850","450"
"403","246558","20221006051000","494","0","彰化縣","田尾鄉","120.535","23.905","372"
"1655","246566","20221006051000","787","3","彰化縣","社頭鄉","120.580","23.895","1677"
"1337","246568","20221006051000","578","3","彰化縣","社頭鄉","120.580","23.900","1444"
"2175","246569","20221006051000","1058","3","彰化縣","社頭鄉","120.580","23.905","2064"
"19","246573","20221006051000","229","0","彰化縣","田尾鄉","120.525","23.885","31"
"94","246579","20221006051000","98","0","彰化縣","田尾鄉","120.535","23.890","99"
"457","246581","20221006051000","403","1","彰化縣","田尾鄉","120.535","23.895","486"
"819","246583","20221006051000","734","1","彰化縣","田尾鄉","120.530","23.900","872"
"14","246608","20221006051000","37","0","彰化縣","社頭鄉","120.620","23.925","18"
"1321","246615","20221006051000","1285","1","彰化縣","竹塘鄉","120.430","23.855","1324"
"596","246618","20221006051000","640","0","彰化縣","竹塘鄉","120.420","23.875","619"
"172","246630","20221006051000","172","1","彰化縣","竹塘鄉","120.375","23.850","181"
"2512","246654","20221006051000","743","3","彰化縣","社頭鄉","120.585","23.900","2546"
"1248","246659","20221006051000","396","3","彰化縣","社頭鄉","120.585","23.890","1260"
"369","246669","20221006051000","226","3","彰化縣","竹塘鄉","120.445","23.860","359"
"490","246711","20221006051000","301","3","南投縣","魚池鄉","120.910","23.860","475"
"261","246720","20221006051000","170","3","南投縣","魚池鄉","120.900","23.865","284"
"156","246722","20221006051000","199","0","南投縣","魚池鄉","120.910","23.865","280"
"216","246735","20221006051000","149","2","南投縣","魚池鄉","120.925","23.870","271"
"253","246739","20221006051000","225","1","南投縣","魚池鄉","120.935","23.895","265"
"483","246741","20221006051000","374","2","南投縣","魚池鄉","120.935","23.900","455"
"565","246742","20221006051000","425","2","南投縣","魚池鄉","120.940","23.900","521"
"286","246747","20221006051000","246","1","彰化縣","芳苑鄉","120.350","23.900","268"
"335","246748","20221006051000","246","2","彰化縣","二林鎮","120.355","23.900","303"
"170","246749","20221006051000","140","2","彰化縣","芳苑鄉","120.360","23.900","164"
"28","246750","20221006051000","22","2","彰化縣","芳苑鄉","120.345","23.905","30"
"142","246758","20221006051000","127","1","彰化縣","芳苑鄉","120.355","23.920","135"
"252","246770","20221006051000","258","0","彰化縣","芳苑鄉","120.335","23.890","260"
"13","246777","20221006051000","27","0","南投縣","魚池鄉","120.925","23.875","16"
"236","246788","20221006051000","176","2","南投縣","魚池鄉","120.925","23.885","236"
"165","246822","20221006051000","78","3","南投縣","魚池鄉","120.905","23.880","156"
"14","246823","20221006051000","14","1","南投縣","魚池鄉","120.875","23.885","13"
"15","246824","20221006051000","102","0","南投縣","魚池鄉","120.880","23.885","17"
"62","246826","20221006051000","64","0","南投縣","魚池鄉","120.890","23.885","47"
"21","246832","20221006051000","17","2","南投縣","魚池鄉","120.880","23.890","15"
"19","246857","20221006051000","15","2","南投縣","魚池鄉","120.890","23.905","17"
"23","246858","20221006051000","26","0","南投縣","魚池鄉","120.895","23.905","22"
"22","246870","20221006051000","19","1","南投縣","魚池鄉","120.890","23.910","18"
"90","246893","20221006051000","89","1","南投縣","魚池鄉","120.955","23.900","90"
"168","246906","20221006051000","158","1","南投縣","魚池鄉","120.955","23.910","180"
"126","246920","20221006051000","122","1","南投縣","魚池鄉","120.965","23.915","132"
"42","246922","20221006051000","85","0","南投縣","魚池鄉","120.965","23.920","55"
"17","246930","20221006051000","17","1","南投縣","魚池鄉","120.950","23.865","15"
"88","246935","20221006051000","81","1","南投縣","魚池鄉","120.945","23.870","96"
"26","246941","20221006051000","79","0","南投縣","魚池鄉","120.950","23.875","29"
"10","246945","20221006051000","161","0","南投縣","魚池鄉","120.950","23.880","10"
"25","246955","20221006051000","270","0","南投縣","魚池鄉","120.905","23.905","23"
"321","246964","20221006051000","308","1","南投縣","魚池鄉","120.920","23.910","356"
"46","246970","20221006051000","39","1","南投縣","魚池鄉","120.920","23.915","38"
"256","246989","20221006051000","227","1","南投縣","魚池鄉","120.925","23.910","243"
"142","247005","20221006051000","129","1","南投縣","魚池鄉","120.945","23.925","153"
"644","247013","20221006051000","473","2","南投縣","魚池鄉","120.930","23.850","674"
"42","247024","20221006051000","32","2","南投縣","魚池鄉","120.935","23.855","17"
"393","247088","20221006051000","399","0","南投縣","魚池鄉","120.965","23.890","408"
"42","247100","20221006051000","334","0","南投縣","魚池鄉","120.940","23.895","42"
"28","247101","20221006051000","22","2","南投縣","魚池鄉","120.945","23.895","23"
"69","247117","20221006051000","45","3","彰化縣","竹塘鄉","120.400","23.860","68"
"188","247119","20221006051000","152","2","彰化縣","竹塘鄉","120.410","23.860","176"
"1014","247156","20221006051000","871","1","彰化縣","社頭鄉","120.595","23.900","1016"
"28","247158","20221006051000","191","0","彰化縣","田尾鄉","120.550","23.890","30"
"113","247160","20221006051000","95","1","彰化縣","田尾鄉","120.555","23.895","105"
"547","247166","20221006051000","578","0","彰化縣","田尾鄉","120.525","23.905","535"
"30","247170","20221006051000","13","3","彰化縣","田尾鄉","120.520","23.890","18"
"565","247187","20221006051000","585","0","彰化縣","田尾鄉","120.500","23.920","528"
"58","247189","20221006051000","584","0","彰化縣","溪湖鎮","120.475","23.925","71"
"2654","247194","20221006051000","524","3","彰化縣","社頭鄉","120.585","23.895","2620"
"302","247207","20221006051000","254","1","彰化縣","社頭鄉","120.605","23.895","284"
"23","247218","20221006051000","163","0","彰化縣","田尾鄉","120.540","23.885","18"
"362","247222","20221006051000","665","0","彰化縣","田中鎮","120.585","23.865","331"
"427","247224","20221006051000","397","1","彰化縣","田中鎮","120.585","23.850","412"
"25","247227","20221006051000","662","0","彰化縣","田中鎮","120.600","23.855","26"
"1029","247235","20221006051000","860","1","彰化縣","田中鎮","120.590","23.855","1011"
"27","247238","20221006051000","41","0","彰化縣","田尾鄉","120.530","23.895","32"
"208","247244","20221006051000","151","2","彰化縣","北斗鎮","120.545","23.880","197"
"16","247248","20221006051000","35","0","彰化縣","田尾鄉","120.550","23.885","24"
"232","247250","20221006051000","211","1","彰化縣","田尾鄉","120.560","23.890","231"
"99","247251","20221006051000","98","1","彰化縣","田尾鄉","120.565","23.890","97"
"16","247253","20221006051000","374","0","彰化縣","田尾鄉","120.535","23.900","14"
"53","247259","20221006051000","811","0","彰化縣","田尾鄉","120.550","23.900","54"
"510","247268","20221006051000","432","1","彰化縣","社頭鄉","120.585","23.920","499"
"60","247277","20221006051000","50","2","彰化縣","社頭鄉","120.615","23.885","72"
"417","247283","20221006051000","325","2","彰化縣","社頭鄉","120.610","23.890","435"
"18","247286","20221006051000","23","0","彰化縣","社頭鄉","120.570","23.910","20"
"23","247288","20221006051000","46","0","彰化縣","永靖鄉","120.575","23.915","28"
"53","247290","20221006051000","39","2","彰化縣","永靖鄉","120.575","23.920","52"
"14","247291","20221006051000","319","0","彰化縣","社頭鄉","120.595","23.920","18"
"17","247293","20221006051000","303","0","彰化縣","社頭鄉","120.605","23.920","21"
"467","247305","20221006051000","524","0","彰化縣","北斗鎮","120.570","23.850","480"
"272","247308","20221006051000","229","1","彰化縣","田中鎮","120.575","23.855","251"
"678","247312","20221006051000","543","2","彰化縣","田中鎮","120.605","23.855","685"
"414","247316","20221006051000","1043","0","彰化縣","田中鎮","120.580","23.860","421"
"408","247328","20221006051000","346","1","彰化縣","社頭鄉","120.575","23.900","346"
"313","247336","20221006051000","273","1","彰化縣","社頭鄉","120.610","23.905","304"
"14","247347","20221006051000","10","2","彰化縣","社頭鄉","120.630","23.905","11"
"392","247352","20221006051000","396","0","彰化縣","田中鎮","120.560","23.865","409"
"134","247353","20221006051000","165","0","彰化縣","田中鎮","120.565","23.865","136"
"232","247359","20221006051000","137","3","彰化縣","田中鎮","120.590","23.865","258"
"537","247361","20221006051000","502","1","彰化縣","田中鎮","120.585","23.870","561"
"435","247365","20221006051000","437","0","彰化縣","田中鎮","120.585","23.860","438"
"214","247366","20221006051000","164","2","彰化縣","田中鎮","120.570","23.875","209"
"11","247367","20221006051000","205","0","彰化縣","田中鎮","120.560","23.880","10"
"263","247377","20221006051000","259","1","彰化縣","田中鎮","120.605","23.870","289"
"139","247383","20221006051000","139","1","彰化縣","田中鎮","120.605","23.875","140"
"256","247399","20221006051000","223","1","彰化縣","田中鎮","120.595","23.855","261"
"45","247400","20221006051000","208","0","彰化縣","田中鎮","120.590","23.860","46"
"638","247403","20221006051000","290","3","彰化縣","社頭鄉","120.590","23.900","630"
"990","247409","20221006051000","280","3","彰化縣","社頭鄉","120.585","23.885","990"
"36","247637","20221006051000","23","3","花蓮縣","壽豐鄉","121.610","23.920","36"
"126","252412","20221006051000","116","1","花蓮縣","花蓮市","121.640","23.995","183"
"54","252926","20221006051000","44","2","臺中市","霧峰區","120.705","24.010","55"
"178","253141","20221006051000","142","2","花蓮縣","秀林鄉","121.505","23.945","190"
"290","253374","20221006051000","241","2","花蓮縣","秀林鄉","121.555","24.005","279"
"244","253376","20221006051000","231","1","花蓮縣","新城鄉","121.615","24.005","245"
"129","253382","20221006051000","142","0","花蓮縣","吉安鄉","121.580","23.925","129"
"157","253393","20221006051000","150","1","花蓮縣","吉安鄉","121.585","23.930","165"
"228","253400","20221006051000","138","3","花蓮縣","吉安鄉","121.580","23.935","232"
"711","253410","20221006051000","602","1","花蓮縣","吉安鄉","121.595","23.940","677"
"420","253413","20221006051000","548","0","花蓮縣","吉安鄉","121.575","23.945","409"
"1385","253414","20221006051000","1005","2","花蓮縣","吉安鄉","121.585","23.975","1353"
"190","253433","20221006051000","182","1","花蓮縣","吉安鄉","121.550","23.945","166"
"156","253436","20221006051000","109","2","花蓮縣","吉安鄉","121.525","23.945","152"
"1234","253452","20221006051000","1056","1","花蓮縣","吉安鄉","121.590","23.950","1220"
"799","253454","20221006051000","679","1","花蓮縣","吉安鄉","121.590","23.955","766"
"470","253457","20221006051000","419","1","花蓮縣","吉安鄉","121.590","23.945","465"
"502","253463","20221006051000","392","2","花蓮縣","吉安鄉","121.600","23.945","464"
"947","253470","20221006051000","1551","0","花蓮縣","吉安鄉","121.590","23.965","934"
"991","253471","20221006051000","567","3","花蓮縣","吉安鄉","121.590","23.970","1012"
"2581","253472","20221006051000","2369","1","花蓮縣","花蓮市","121.590","23.975","2527"
"1021","253475","20221006051000","1044","0","花蓮縣","吉安鄉","121.590","23.980","1021"
"440","253477","20221006051000","418","1","花蓮縣","吉安鄉","121.585","23.985","411"
"305","253478","20221006051000","253","2","花蓮縣","吉安鄉","121.585","23.980","307"
"919","253479","20221006051000","734","2","花蓮縣","花蓮市","121.600","23.985","910"
"339","253480","20221006051000","295","1","花蓮縣","吉安鄉","121.580","23.985","340"
"511","253481","20221006051000","519","0","花蓮縣","吉安鄉","121.585","23.990","506"
"2275","253482","20221006051000","1701","2","花蓮縣","花蓮市","121.595","23.990","2285"
"2026","253484","20221006051000","1297","3","花蓮縣","吉安鄉","121.580","23.970","1973"
"565","253485","20221006051000","500","1","花蓮縣","吉安鄉","121.585","23.970","555"
"97","253506","20221006051000","173","0","花蓮縣","吉安鄉","121.570","23.965","92"
"468","253507","20221006051000","316","2","花蓮縣","吉安鄉","121.575","23.965","493"
"582","253508","20221006051000","430","2","花蓮縣","吉安鄉","121.565","23.970","583"
"32","253517","20221006051000","96","0","花蓮縣","吉安鄉","121.560","23.975","41"
"1121","253520","20221006051000","1093","1","花蓮縣","吉安鄉","121.580","23.975","1100"
"697","253542","20221006051000","546","2","花蓮縣","吉安鄉","121.555","23.990","656"
"111","253545","20221006051000","129","0","花蓮縣","吉安鄉","121.570","23.990","102"
"430","253552","20221006051000","322","2","花蓮縣","吉安鄉","121.570","23.975","448"
"878","253554","20221006051000","450","3","花蓮縣","吉安鄉","121.565","23.980","867"
"1041","253555","20221006051000","1142","0","花蓮縣","吉安鄉","121.570","23.980","1009"
"438","253556","20221006051000","397","1","花蓮縣","吉安鄉","121.575","23.980","430"
"28","253557","20221006051000","35","0","花蓮縣","吉安鄉","121.555","23.985","33"
"597","253559","20221006051000","390","3","花蓮縣","吉安鄉","121.565","23.985","596"
"207","253561","20221006051000","144","2","花蓮縣","吉安鄉","121.605","23.955","231"
"674","253562","20221006051000","491","2","花蓮縣","吉安鄉","121.595","23.960","693"
"505","253563","20221006051000","416","2","花蓮縣","吉安鄉","121.600","23.960","506"
"1527","253565","20221006051000","1649","0","花蓮縣","吉安鄉","121.595","23.965","1543"
"513","253569","20221006051000","549","0","花蓮縣","吉安鄉","121.575","23.985","518"
"458","253575","20221006051000","338","2","花蓮縣","吉安鄉","121.570","23.940","465"
"491","253584","20221006051000","532","0","花蓮縣","吉安鄉","121.560","23.950","487"
"788","253594","20221006051000","704","1","花蓮縣","吉安鄉","121.550","23.965","759"
"831","253596","20221006051000","812","1","花蓮縣","吉安鄉","121.560","23.965","823"
"1269","253597","20221006051000","682","3","花蓮縣","吉安鄉","121.565","23.965","1244"
"443","253603","20221006051000","297","2","花蓮縣","吉安鄉","121.560","23.970","453"
"397","253608","20221006051000","243","3","花蓮縣","吉安鄉","121.580","23.955","393"
"831","253609","20221006051000","878","0","花蓮縣","吉安鄉","121.570","23.960","832"
"350","253611","20221006051000","444","0","花蓮縣","吉安鄉","121.580","23.960","378"
"299","253627","20221006051000","264","1","花蓮縣","吉安鄉","121.535","23.930","276"
"494","253648","20221006051000","465","1","花蓮縣","花蓮市","121.625","23.985","435"
"1271","253649","20221006051000","1322","0","花蓮縣","花蓮市","121.620","24.005","1303"
"79","253650","20221006051000","57","2","彰化縣","二林鎮","120.420","23.955","75"
"95","253656","20221006051000","98","0","彰化縣","二林鎮","120.415","23.965","98"
"57","253670","20221006051000","258","0","彰化縣","二林鎮","120.440","23.930","56"
"1516","253672","20221006051000","1566","0","彰化縣","員林鎮","120.580","23.955","1630"
"492","253673","20221006051000","534","0","彰化縣","員林鎮","120.585","23.955","581"
"554","253675","20221006051000","696","0","彰化縣","員林鎮","120.565","23.950","494"
"325","253677","20221006051000","304","1","彰化縣","埔心鄉","120.560","23.940","343"
"727","253681","20221006051000","683","1","彰化縣","員林鎮","120.565","23.945","730"
"11","253686","20221006051000","11","1","彰化縣","員林鎮","120.610","23.980","11"
"1488","253688","20221006051000","1270","1","彰化縣","員林鎮","120.570","23.960","1482"
"2381","253689","20221006051000","2189","1","彰化縣","員林鎮","120.570","23.955","2335"
"222","253764","20221006051000","187","1","花蓮縣","秀林鄉","121.505","23.960","233"
"153","253789","20221006051000","92","3","花蓮縣","秀林鄉","121.495","23.965","157"
"1191","254233","20221006051000","1608","0","花蓮縣","花蓮市","121.605","23.975","1159"
"2442","254234","20221006051000","2126","1","花蓮縣","花蓮市","121.600","23.975","2403"
"1560","254236","20221006051000","1353","1","花蓮縣","花蓮市","121.625","23.990","1520"
"583","254237","20221006051000","704","0","花蓮縣","花蓮市","121.630","23.985","621"
"1186","254238","20221006051000","1094","1","花蓮縣","花蓮市","121.630","23.990","1195"
"2064","254240","20221006051000","2034","1","花蓮縣","花蓮市","121.635","23.995","2088"
"68","254242","20221006051000","54","2","南投縣","國姓鄉","120.880","23.970","79"
"17","254247","20221006051000","275","0","南投縣","國姓鄉","120.875","23.975","17"
"246","254260","20221006051000","227","1","南投縣","國姓鄉","120.870","23.985","239"
"41","254328","20221006051000","22","3","南投縣","國姓鄉","120.830","23.945","23"
"35","254335","20221006051000","30","1","南投縣","國姓鄉","120.865","23.945","39"
"31","254349","20221006051000","24","2","南投縣","中寮鄉","120.830","23.955","23"
"27","254374","20221006051000","23","1","南投縣","國姓鄉","120.860","23.960","35"
"41","254379","20221006051000","16","3","南投縣","中寮鄉","120.835","23.965","58"
"150","254397","20221006051000","127","1","南投縣","國姓鄉","120.865","23.975","163"
"765","254400","20221006051000","630","2","南投縣","埔里鎮","120.970","23.955","797"
"78","254401","20221006051000","478","0","南投縣","埔里鎮","120.990","23.945","81"
"1312","254411","20221006051000","2198","0","南投縣","埔里鎮","120.975","23.955","1265"
"2006","254415","20221006051000","1718","1","南投縣","埔里鎮","120.975","23.960","1981"
"159","254447","20221006051000","155","1","南投縣","埔里鎮","120.925","23.940","168"
"33","254450","20221006051000","40","0","南投縣","埔里鎮","120.940","23.940","53"
"364","254465","20221006051000","364","1","南投縣","埔里鎮","120.915","23.950","362"
"675","254467","20221006051000","623","1","南投縣","埔里鎮","120.925","23.950","692"
"303","254470","20221006051000","249","2","南投縣","埔里鎮","120.940","23.950","296"
"186","254481","20221006051000","128","2","南投縣","埔里鎮","120.915","23.955","169"
"28","254504","20221006051000","376","0","南投縣","埔里鎮","120.970","23.945","23"
"32","254506","20221006051000","362","0","南投縣","埔里鎮","120.980","23.945","26"
"627","254510","20221006051000","447","2","南投縣","埔里鎮","120.965","23.950","643"
"438","254512","20221006051000","496","0","南投縣","埔里鎮","120.975","23.950","417"
"2067","254517","20221006051000","1954","1","南投縣","埔里鎮","120.970","23.970","2092"
"329","254519","20221006051000","247","2","南投縣","埔里鎮","120.975","23.975","338"
"19","254520","20221006051000","60","0","南投縣","埔里鎮","120.970","23.980","22"
"248","254538","20221006051000","156","3","南投縣","中寮鄉","120.790","23.945","263"
"17","254548","20221006051000","10","3","南投縣","中寮鄉","120.790","23.955","10"
"403","254550","20221006051000","1183","0","南投縣","埔里鎮","120.970","23.965","373"
"278","254560","20221006051000","277","1","南投縣","埔里鎮","120.945","23.960","290"
"31","254571","20221006051000","191","0","南投縣","埔里鎮","120.930","23.970","30"
"343","254589","20221006051000","304","1","南投縣","埔里鎮","120.955","24.005","339"
"959","254592","20221006051000","911","1","南投縣","埔里鎮","120.965","23.955","936"
"26","254599","20221006051000","24","1","南投縣","埔里鎮","120.915","23.990","24"
"817","254621","20221006051000","532","3","南投縣","埔里鎮","120.960","23.960","823"
"138","254622","20221006051000","114","2","南投縣","埔里鎮","120.965","23.960","121"
"59","254624","20221006051000","1029","0","南投縣","埔里鎮","120.955","23.965","52"
"73","254627","20221006051000","741","0","南投縣","埔里鎮","120.960","23.970","59"
"651","254629","20221006051000","619","1","南投縣","埔里鎮","120.955","23.975","666"
"679","254633","20221006051000","777","0","南投縣","埔里鎮","120.980","23.980","704"
"37","254641","20221006051000","200","0","南投縣","埔里鎮","120.955","23.955","27"
"400","254658","20221006051000","360","1","南投縣","埔里鎮","120.980","23.990","373"
"28","254675","20221006051000","180","0","南投縣","埔里鎮","120.960","24.000","18"
"41","254680","20221006051000","31","2","南投縣","埔里鎮","120.985","24.000","43"
"365","254705","20221006051000","325","1","南投縣","埔里鎮","120.970","24.005","353"
"184","254706","20221006051000","168","1","南投縣","埔里鎮","120.975","24.005","178"
"487","254712","20221006051000","484","1","花蓮縣","花蓮市","121.610","23.970","453"
"1662","254713","20221006051000","1293","2","花蓮縣","花蓮市","121.600","23.965","1638"
"583","254714","20221006051000","542","1","花蓮縣","花蓮市","121.610","23.985","564"
"1310","254716","20221006051000","1406","0","花蓮縣","花蓮市","121.605","23.980","1292"
"1149","254717","20221006051000","1049","1","花蓮縣","花蓮市","121.600","23.980","1166"
"641","254719","20221006051000","858","0","花蓮縣","花蓮市","121.605","23.985","668"
"20","254721","20221006051000","94","0","花蓮縣","花蓮市","121.600","23.970","25"
"1468","254723","20221006051000","1996","0","花蓮縣","花蓮市","121.605","23.970","1397"
"55","254728","20221006051000","81","0","花蓮縣","花蓮市","121.615","23.985","36"
"1133","254729","20221006051000","1211","0","花蓮縣","花蓮市","121.620","24.000","1117"
"1573","254730","20221006051000","1621","0","花蓮縣","花蓮市","121.625","23.995","1583"
"685","254732","20221006051000","550","2","花蓮縣","花蓮市","121.615","23.975","663"
"326","254733","20221006051000","331","0","花蓮縣","花蓮市","121.615","23.980","303"
"1537","254735","20221006051000","1303","1","花蓮縣","吉安鄉","121.590","23.985","1635"
"104","254742","20221006051000","233","0","花蓮縣","花蓮市","121.610","24.005","101"
"39","254743","20221006051000","155","0","花蓮縣","吉安鄉","121.580","23.990","28"
"827","254745","20221006051000","499","3","花蓮縣","吉安鄉","121.590","23.990","805"
"821","254746","20221006051000","781","1","花蓮縣","花蓮市","121.585","23.995","835"
"481","254747","20221006051000","485","0","花蓮縣","花蓮市","121.590","23.995","472"
"762","254748","20221006051000","848","0","花蓮縣","花蓮市","121.595","23.995","728"
"283","254754","20221006051000","405","0","花蓮縣","花蓮市","121.590","24.005","320"
"1372","254756","20221006051000","1571","0","花蓮縣","花蓮市","121.595","23.970","1366"
"875","254757","20221006051000","660","2","花蓮縣","花蓮市","121.595","23.975","868"
"2221","254766","20221006051000","2124","1","彰化縣","員林鎮","120.570","23.970","2221"
"620","254767","20221006051000","536","1","彰化縣","員林鎮","120.575","23.970","592"
"504","254769","20221006051000","533","0","花蓮縣","花蓮市","121.610","23.975","526"
"1414","254770","20221006051000","1123","2","花蓮縣","花蓮市","121.610","23.980","1385"
"851","254771","20221006051000","751","1","花蓮縣","花蓮市","121.615","24.000","834"
"17","254772","20221006051000","26","0","花蓮縣","花蓮市","121.560","24.000","23"
"218","254777","20221006051000","157","2","花蓮縣","花蓮市","121.575","24.005","184"
"2344","254779","20221006051000","2186","1","花蓮縣","花蓮市","121.600","23.990","2250"
"765","254780","20221006051000","786","0","花蓮縣","花蓮市","121.610","23.990","723"
"2399","254781","20221006051000","2642","0","花蓮縣","花蓮市","121.605","23.990","2435"
"504","254782","20221006051000","574","0","花蓮縣","花蓮市","121.605","23.995","543"
"3042","254783","20221006051000","3042","1","花蓮縣","吉安鄉","121.575","23.990","3020"
"1831","254784","20221006051000","1762","1","花蓮縣","吉安鄉","121.565","23.995","1856"
"491","254785","20221006051000","405","2","花蓮縣","花蓮市","121.570","23.995","492"
"354","254786","20221006051000","282","2","花蓮縣","花蓮市","121.575","23.995","333"
"1053","254789","20221006051000","1143","0","花蓮縣","吉安鄉","121.595","23.985","1034"
"2062","254790","20221006051000","1696","2","花蓮縣","花蓮市","121.600","23.995","2053"
"15","254887","20221006051000","135","0","南投縣","中寮鄉","120.780","23.945","12"
"233","254901","20221006051000","220","1","南投縣","中寮鄉","120.765","23.940","220"
"207","254913","20221006051000","198","1","彰化縣","員林鎮","120.550","23.975","209"
"33","254920","20221006051000","515","0","彰化縣","員林鎮","120.580","23.935","29"
"332","254925","20221006051000","302","1","彰化縣","員林鎮","120.580","23.945","324"
"66","254926","20221006051000","212","0","彰化縣","員林鎮","120.575","23.945","61"
"737","254940","20221006051000","652","1","花蓮縣","花蓮市","121.620","23.985","727"
"601","254941","20221006051000","621","0","花蓮縣","花蓮市","121.615","23.990","614"
"323","254942","20221006051000","307","1","花蓮縣","花蓮市","121.620","23.990","294"
"70","254950","20221006051000","77","0","花蓮縣","花蓮市","121.645","24.005","77"
"547","254952","20221006051000","489","1","彰化縣","埔心鄉","120.520","23.965","551"
"29","254964","20221006051000","85","0","彰化縣","芳苑鄉","120.325","23.940","27"
"327","254974","20221006051000","218","3","彰化縣","芳苑鄉","120.330","23.940","328"
"1815","255019","20221006051000","1427","2","彰化縣","員林鎮","120.565","23.965","1826"
"259","255021","20221006051000","700","0","彰化縣","員林鎮","120.600","23.965","129"
"53","255024","20221006051000","47","1","彰化縣","員林鎮","120.610","23.970","57"
"396","255030","20221006051000","352","1","彰化縣","埔心鄉","120.530","23.940","387"
"21","255038","20221006051000","578","0","彰化縣","埔鹽鄉","120.480","23.990","16"
"169","255039","20221006051000","151","1","彰化縣","埔鹽鄉","120.500","23.975","180"
"173","255044","20221006051000","239","0","南投縣","南投市","120.700","23.930","119"
"230","255046","20221006051000","184","2","南投縣","南投市","120.635","23.935","231"
"148","255053","20221006051000","156","0","南投縣","南投市","120.635","23.945","158"
"573","255063","20221006051000","613","0","彰化縣","永靖鄉","120.555","23.935","567"
"32","255064","20221006051000","364","0","彰化縣","永靖鄉","120.560","23.930","34"
"632","255065","20221006051000","549","1","彰化縣","員林鎮","120.555","23.960","618"
"371","255068","20221006051000","193","3","彰化縣","員林鎮","120.560","23.965","362"
"404","255069","20221006051000","347","1","彰化縣","員林鎮","120.555","23.970","441"
"886","255073","20221006051000","1355","0","南投縣","南投市","120.690","23.945","898"
"1027","255074","20221006051000","1069","0","南投縣","南投市","120.690","23.950","1014"
"22","255075","20221006051000","160","0","南投縣","南投市","120.685","23.950","27"
"42","255078","20221006051000","259","0","南投縣","南投市","120.675","23.945","33"
"38","255079","20221006051000","542","0","南投縣","南投市","120.680","23.945","36"
"133","255081","20221006051000","164","0","南投縣","草屯鎮","120.675","23.950","114"
"290","255088","20221006051000","304","0","南投縣","南投市","120.660","23.935","293"
"148","255092","20221006051000","243","0","南投縣","南投市","120.665","23.940","154"
"115","255094","20221006051000","110","1","南投縣","南投市","120.650","23.945","122"
"11","255100","20221006051000","149","0","南投縣","南投市","120.655","23.950","10"
"21","255107","20221006051000","18","1","南投縣","南投市","120.650","23.955","41"
"325","255130","20221006051000","237","2","彰化縣","芳苑鄉","120.315","23.930","334"
"13","255153","20221006051000","153","0","彰化縣","芳苑鄉","120.380","23.940","16"
"567","255158","20221006051000","438","2","彰化縣","芳苑鄉","120.380","23.955","556"
"164","255176","20221006051000","490","0","彰化縣","埔心鄉","120.555","23.940","162"
"1205","255177","20221006051000","1223","0","彰化縣","埔心鄉","120.540","23.950","1225"
"15","255178","20221006051000","569","0","彰化縣","埔心鄉","120.545","23.950","21"
"93","255179","20221006051000","79","1","彰化縣","埔心鄉","120.540","23.955","86"
"326","255199","20221006051000","268","2","彰化縣","二林鎮","120.420","23.950","330"
"351","255210","20221006051000","401","0","彰化縣","永靖鄉","120.550","23.930","338"
"379","255220","20221006051000","397","0","彰化縣","大村鄉","120.585","23.990","353"
"932","255222","20221006051000","980","0","彰化縣","大村鄉","120.580","23.995","920"
"15","255223","20221006051000","16","0","彰化縣","大村鄉","120.585","23.995","12"
"73","255227","20221006051000","56","2","彰化縣","大村鄉","120.590","23.995","78"
"178","255229","20221006051000","254","0","彰化縣","大村鄉","120.600","23.995","172"
"20","255230","20221006051000","38","0","彰化縣","大村鄉","120.605","23.995","19"
"287","255232","20221006051000","319","0","彰化縣","大村鄉","120.595","24.000","293"
"471","255234","20221006051000","484","0","彰化縣","大村鄉","120.570","23.975","500"
"651","255238","20221006051000","558","1","彰化縣","大村鄉","120.535","24.000","676"
"12","255239","20221006051000","214","0","彰化縣","大村鄉","120.540","24.000","21"
"11","255251","20221006051000","226","0","彰化縣","埔心鄉","120.515","23.970","12"
"45","255257","20221006051000","44","1","彰化縣","埔心鄉","120.540","23.965","49"
"476","255261","20221006051000","310","3","彰化縣","埔心鄉","120.555","23.950","469"
"116","255262","20221006051000","149","0","彰化縣","埔心鄉","120.550","23.955","110"
"59","255263","20221006051000","305","0","彰化縣","埔心鄉","120.555","23.955","55"
"11","255264","20221006051000","287","0","彰化縣","埔心鄉","120.545","23.960","11"
"668","255265","20221006051000","48","3","彰化縣","埔心鄉","120.560","23.945","682"
"445","255266","20221006051000","224","3","彰化縣","埔心鄉","120.550","23.945","422"
"402","255267","20221006051000","377","1","彰化縣","埔心鄉","120.555","23.945","413"
"161","255273","20221006051000","125","2","彰化縣","埔心鄉","120.515","23.940","172"
"173","255276","20221006051000","147","1","彰化縣","埔心鄉","120.525","23.950","168"
"1053","255277","20221006051000","610","3","彰化縣","埔心鄉","120.525","23.945","1016"
"298","255284","20221006051000","290","1","彰化縣","埔心鄉","120.520","23.945","283"
"577","255287","20221006051000","363","3","彰化縣","埔心鄉","120.515","23.950","603"
"218","255292","20221006051000","302","0","南投縣","埔里鎮","120.935","23.995","212"
"73","255303","20221006051000","54","2","南投縣","埔里鎮","120.945","24.000","71"
"227","255308","20221006051000","178","2","南投縣","埔里鎮","120.940","24.005","221"
"96","255309","20221006051000","262","0","南投縣","埔里鎮","120.945","24.005","92"
"574","255312","20221006051000","487","1","彰化縣","溪湖鎮","120.495","23.965","572"
"58","255322","20221006051000","321","0","彰化縣","溪湖鎮","120.510","23.970","53"
"1099","255326","20221006051000","598","3","彰化縣","大村鄉","120.545","23.995","1091"
"336","255337","20221006051000","332","1","彰化縣","大村鄉","120.555","24.000","367"
"554","255339","20221006051000","440","2","彰化縣","大村鄉","120.550","24.005","548"
"19","255345","20221006051000","411","0","彰化縣","大村鄉","120.580","24.000","19"
"79","255351","20221006051000","72","1","彰化縣","大村鄉","120.585","24.000","82"
"419","255359","20221006051000","345","2","彰化縣","大村鄉","120.550","23.980","410"
"1181","255361","20221006051000","790","2","彰化縣","大村鄉","120.565","23.980","1159"
"344","255365","20221006051000","350","0","彰化縣","大村鄉","120.540","23.975","285"
"63","255366","20221006051000","71","0","彰化縣","大村鄉","120.520","23.980","59"
"11","255371","20221006051000","82","0","彰化縣","芳苑鄉","120.355","23.935","10"
"189","255379","20221006051000","80","3","彰化縣","芳苑鄉","120.365","23.940","186"
"37","255396","20221006051000","233","0","彰化縣","芳苑鄉","120.350","23.975","46"
"525","255400","20221006051000","276","3","彰化縣","芳苑鄉","120.345","23.980","526"
"40","255443","20221006051000","215","0","彰化縣","芳苑鄉","120.390","23.980","32"
"102","255448","20221006051000","83","2","彰化縣","芳苑鄉","120.385","23.985","100"
"1730","255463","20221006051000","1424","2","南投縣","埔里鎮","120.975","23.970","1685"
"46","255464","20221006051000","309","0","彰化縣","埔心鄉","120.560","23.950","42"
"299","255466","20221006051000","304","0","南投縣","南投市","120.695","23.940","323"
"538","255472","20221006051000","510","1","南投縣","南投市","120.695","23.945","507"
"35","255475","20221006051000","30","1","南投縣","南投市","120.700","23.950","33"
"255","255480","20221006051000","421","0","南投縣","南投市","120.695","23.950","388"
"106","255482","20221006051000","111","0","南投縣","南投市","120.690","23.955","110"
"37","255490","20221006051000","192","0","南投縣","南投市","120.690","23.930","39"
"1209","255491","20221006051000","876","2","南投縣","南投市","120.695","23.930","1206"
"274","255494","20221006051000","645","0","南投縣","南投市","120.690","23.935","294"
"402","255496","20221006051000","418","0","南投縣","南投市","120.700","23.935","425"
"31","255498","20221006051000","442","0","南投縣","南投市","120.710","23.935","19"
"126","255525","20221006051000","765","0","彰化縣","芳苑鄉","120.335","23.960","129"
"123","255535","20221006051000","91","2","彰化縣","芳苑鄉","120.360","23.970","134"
"150","255545","20221006051000","124","2","彰化縣","二林鎮","120.385","23.945","136"
"170","255549","20221006051000","165","1","彰化縣","芳苑鄉","120.385","23.955","149"
"146","255550","20221006051000","123","1","彰化縣","芳苑鄉","120.390","23.955","154"
"195","255551","20221006051000","146","2","彰化縣","芳苑鄉","120.395","23.955","194"
"126","255559","20221006051000","107","1","彰化縣","芳苑鄉","120.385","23.970","127"
"79","255593","20221006051000","61","2","南投縣","國姓鄉","120.855","23.995","73"
"255","255626","20221006051000","232","1","南投縣","國姓鄉","120.840","24.005","269"
"31","255633","20221006051000","187","0","南投縣","國姓鄉","120.815","24.000","31"
"25","255646","20221006051000","304","0","南投縣","埔里鎮","120.955","23.995","19"
"275","255647","20221006051000","201","2","南投縣","埔里鎮","120.960","23.965","270"
"11","255663","20221006051000","157","0","南投縣","埔里鎮","121.000","23.955","11"
"213","255680","20221006051000","184","1","南投縣","埔里鎮","121.000","23.965","202"
"650","255708","20221006051000","713","0","南投縣","埔里鎮","120.995","23.975","646"
"191","255724","20221006051000","154","2","南投縣","埔里鎮","121.005","23.980","245"
"74","255748","20221006051000","92","0","南投縣","埔里鎮","121.020","23.990","83"
"18","255784","20221006051000","16","1","南投縣","埔里鎮","121.055","24.000","12"
"641","255785","20221006051000","881","0","南投縣","埔里鎮","120.965","23.965","632"
"34","255786","20221006051000","42","0","南投縣","埔里鎮","120.965","23.970","30"
"320","255794","20221006051000","274","1","南投縣","埔里鎮","120.990","23.930","325"
"679","255798","20221006051000","529","2","彰化縣","埔鹽鄉","120.485","24.005","687"
"450","255803","20221006051000","396","1","彰化縣","埔鹽鄉","120.475","23.995","482"
"836","255804","20221006051000","616","2","彰化縣","埔鹽鄉","120.480","23.995","820"
"226","255810","20221006051000","169","2","彰化縣","埔鹽鄉","120.455","24.010","216"
"10","255814","20221006051000","470","0","彰化縣","埔鹽鄉","120.430","23.980","13"
"282","255817","20221006051000","246","1","彰化縣","埔鹽鄉","120.445","23.960","268"
"262","255822","20221006051000","173","3","彰化縣","埔鹽鄉","120.440","23.975","258"
"548","255835","20221006051000","552","0","彰化縣","埔鹽鄉","120.465","24.000","556"
"214","255836","20221006051000","152","2","彰化縣","埔鹽鄉","120.460","24.005","211"
"713","255841","20221006051000","502","2","彰化縣","花壇鄉","120.575","24.005","723"
"213","255861","20221006051000","117","3","彰化縣","埔鹽鄉","120.450","23.985","231"
"34","255868","20221006051000","347","0","彰化縣","埔鹽鄉","120.445","23.985","34"
"315","255875","20221006051000","243","2","彰化縣","埔鹽鄉","120.465","23.970","342"
"190","255894","20221006051000","222","0","彰化縣","埔鹽鄉","120.490","23.990","212"
"18","255901","20221006051000","245","0","彰化縣","埔鹽鄉","120.490","23.975","11"
"41","255903","20221006051000","455","0","彰化縣","埔鹽鄉","120.480","23.980","39"
"629","255912","20221006051000","467","2","彰化縣","大村鄉","120.530","23.990","652"
"519","255913","20221006051000","443","1","彰化縣","大村鄉","120.535","23.990","538"
"1037","255917","20221006051000","1053","0","彰化縣","大村鄉","120.555","23.990","1022"
"157","255920","20221006051000","448","0","彰化縣","大村鄉","120.575","23.985","148"
"470","255921","20221006051000","408","1","彰化縣","大村鄉","120.580","23.985","470"
"565","255923","20221006051000","602","0","彰化縣","大村鄉","120.590","23.985","540"
"118","255924","20221006051000","102","1","彰化縣","大村鄉","120.595","23.985","127"
"168","255941","20221006051000","135","2","彰化縣","大村鄉","120.540","23.980","163"
"295","255950","20221006051000","246","1","彰化縣","大村鄉","120.510","23.985","253"
"301","255953","20221006051000","200","3","彰化縣","大村鄉","120.520","23.985","318"
"104","255956","20221006051000","951","0","彰化縣","大村鄉","120.560","23.990","119"
"43","255962","20221006051000","32","2","彰化縣","埔鹽鄉","120.430","23.995","46"
"377","255975","20221006051000","226","3","彰化縣","埔鹽鄉","120.420","23.990","374"
"49","255987","20221006051000","546","0","彰化縣","埔鹽鄉","120.450","24.005","56"
"348","256002","20221006051000","535","0","南投縣","埔里鎮","120.945","23.965","327"
"79","256004","20221006051000","893","0","南投縣","埔里鎮","120.945","23.970","70"
"73","256025","20221006051000","67","1","南投縣","埔里鎮","120.890","23.955","71"
"986","256042","20221006051000","1050","0","南投縣","埔里鎮","120.945","23.975","1006"
"399","256043","20221006051000","398","1","南投縣","埔里鎮","120.925","23.980","399"
"57","256061","20221006051000","65","0","彰化縣","員林鎮","120.605","23.950","53"
"894","256062","20221006051000","773","1","彰化縣","員林鎮","120.605","23.955","1093"
"41","256063","20221006051000","462","0","南投縣","南投市","120.670","23.930","37"
"37","256065","20221006051000","319","0","南投縣","南投市","120.675","23.935","35"
"248","256085","20221006051000","185","2","南投縣","南投市","120.660","23.930","255"
"114","256086","20221006051000","92","2","南投縣","南投市","120.665","23.930","119"
"610","256089","20221006051000","554","1","南投縣","南投市","120.670","23.940","600"
"329","256091","20221006051000","300","1","彰化縣","員林鎮","120.570","23.965","331"
"1314","256092","20221006051000","1619","0","彰化縣","員林鎮","120.575","23.965","1302"
"1970","256094","20221006051000","1680","1","彰化縣","員林鎮","120.580","23.960","1912"
"15","256095","20221006051000","17","0","彰化縣","員林鎮","120.585","23.960","10"
"2276","256096","20221006051000","1463","3","彰化縣","員林鎮","120.580","23.965","2236"
"90","256144","20221006051000","97","0","南投縣","仁愛鄉","121.080","23.995","89"
"145","256164","20221006051000","115","2","南投縣","仁愛鄉","121.085","24.000","151"
"306","256187","20221006051000","239","2","南投縣","仁愛鄉","121.100","23.990","282"
"80","256354","20221006051000","47","3","南投縣","仁愛鄉","121.075","23.930","78"
"171","256404","20221006051000","134","2","南投縣","仁愛鄉","121.075","23.950","172"
"22","256598","20221006051000","16","2","南投縣","仁愛鄉","121.120","23.950","24"
"105","256716","20221006051000","58","3","南投縣","仁愛鄉","121.130","23.960","98"
"97","256953","20221006051000","1377","0","彰化縣","員林鎮","120.575","23.950","83"
"63","256962","20221006051000","44","2","彰化縣","員林鎮","120.615","23.950","57"
"34","256968","20221006051000","162","0","彰化縣","員林鎮","120.625","23.955","29"
"28","256971","20221006051000","258","0","彰化縣","員林鎮","120.550","23.965","27"
"25","256976","20221006051000","29","0","彰化縣","員林鎮","120.605","23.945","39"
"67","256977","20221006051000","57","1","彰化縣","員林鎮","120.610","23.945","62"
"136","256978","20221006051000","156","0","彰化縣","員林鎮","120.615","23.945","143"
"1188","256982","20221006051000","1212","0","彰化縣","員林鎮","120.565","23.955","1189"
"1366","256983","20221006051000","1221","1","彰化縣","員林鎮","120.565","23.960","1336"
"654","256986","20221006051000","356","3","彰化縣","員林鎮","120.595","23.975","560"
"676","256988","20221006051000","525","2","彰化縣","大村鄉","120.590","23.980","620"
"1582","256995","20221006051000","1266","2","彰化縣","員林鎮","120.575","23.955","1562"
"84","256996","20221006051000","68","2","彰化縣","員林鎮","120.595","23.935","83"
"71","256997","20221006051000","461","0","彰化縣","員林鎮","120.605","23.935","77"
"17","257007","20221006051000","18","0","彰化縣","員林鎮","120.620","23.940","17"
"305","257021","20221006051000","281","1","彰化縣","二林鎮","120.415","23.955","304"
"106","257028","20221006051000","81","2","彰化縣","二林鎮","120.430","23.955","105"
"472","257055","20221006051000","382","2","彰化縣","二林鎮","120.400","23.930","466"
"65","257083","20221006051000","593","0","南投縣","草屯鎮","120.670","23.950","55"
"159","257088","20221006051000","943","0","南投縣","草屯鎮","120.680","23.960","157"
"67","257089","20221006051000","815","0","南投縣","草屯鎮","120.680","23.965","99"
"53","257092","20221006051000","553","0","彰化縣","員林鎮","120.570","23.945","49"
"567","257094","20221006051000","474","1","彰化縣","員林鎮","120.590","23.950","537"
"282","257095","20221006051000","235","2","彰化縣","員林鎮","120.595","23.950","307"
"1055","257097","20221006051000","924","1","彰化縣","員林鎮","120.570","23.950","1037"
"109","257100","20221006051000","555","0","彰化縣","員林鎮","120.585","23.970","67"
"547","257103","20221006051000","331","3","彰化縣","二林鎮","120.455","23.930","536"
"197","257115","20221006051000","145","2","彰化縣","二林鎮","120.445","23.945","183"
"940","257118","20221006051000","781","2","彰化縣","二林鎮","120.440","23.950","972"
"432","257124","20221006051000","475","0","彰化縣","員林鎮","120.590","23.940","443"
"195","257135","20221006051000","219","0","彰化縣","埔心鄉","120.510","23.940","171"
"18","257149","20221006051000","266","0","彰化縣","溪湖鎮","120.480","23.955","18"
"157","257152","20221006051000","815","0","南投縣","草屯鎮","120.685","23.975","148"
"646","257154","20221006051000","574","1","南投縣","草屯鎮","120.725","23.980","640"
"63","257160","20221006051000","68","0","南投縣","草屯鎮","120.720","23.990","72"
"122","257162","20221006051000","127","0","南投縣","草屯鎮","120.730","23.990","125"
"425","257166","20221006051000","325","2","南投縣","草屯鎮","120.680","23.970","403"
"1365","257168","20221006051000","1820","0","南投縣","草屯鎮","120.680","23.980","1356"
"12","257171","20221006051000","389","0","南投縣","草屯鎮","120.655","24.000","10"
"448","257173","20221006051000","407","1","南投縣","草屯鎮","120.665","24.000","451"
"90","257176","20221006051000","329","0","南投縣","草屯鎮","120.650","24.005","74"
"290","257181","20221006051000","306","0","南投縣","草屯鎮","120.725","23.995","306"
"212","257193","20221006051000","111","3","南投縣","草屯鎮","120.730","24.000","209"
"569","257213","20221006051000","490","1","彰化縣","溪湖鎮","120.450","23.955","568"
"596","257215","20221006051000","496","2","彰化縣","溪湖鎮","120.460","23.955","608"
"11","257222","20221006051000","11","1","南投縣","草屯鎮","120.750","23.975","17"
"298","257229","20221006051000","208","2","南投縣","草屯鎮","120.750","23.980","312"
"281","257235","20221006051000","351","0","南投縣","草屯鎮","120.750","23.985","298"
"55","257245","20221006051000","34","3","南投縣","草屯鎮","120.720","23.955","53"
"77","257251","20221006051000","88","0","南投縣","中寮鄉","120.750","23.955","95"
"38","257266","20221006051000","28","2","南投縣","草屯鎮","120.740","23.965","36"
"173","257267","20221006051000","139","2","南投縣","草屯鎮","120.745","23.965","165"
"92","257273","20221006051000","94","0","南投縣","草屯鎮","120.705","23.960","99"
"902","257282","20221006051000","825","1","南投縣","草屯鎮","120.705","23.975","911"
"359","257285","20221006051000","313","1","南投縣","草屯鎮","120.695","23.980","339"
"1544","257286","20221006051000","1476","1","南投縣","草屯鎮","120.700","23.980","1482"
"774","257289","20221006051000","719","1","南投縣","草屯鎮","120.715","23.980","764"
"676","257294","20221006051000","630","1","南投縣","南投市","120.685","23.955","672"
"57","257295","20221006051000","607","0","南投縣","草屯鎮","120.685","23.960","52"
"1694","257299","20221006051000","1513","1","南投縣","草屯鎮","120.690","23.965","1689"
"17","257300","20221006051000","14","2","南投縣","草屯鎮","120.695","23.965","17"
"135","257307","20221006051000","127","1","南投縣","草屯鎮","120.775","23.985","126"
"65","257320","20221006051000","81","0","南投縣","草屯鎮","120.765","23.995","73"
"393","257342","20221006051000","446","0","南投縣","草屯鎮","120.700","23.985","414"
"13","257346","20221006051000","20","0","南投縣","草屯鎮","120.705","23.990","14"
"169","257348","20221006051000","243","0","南投縣","草屯鎮","120.715","23.990","176"
"147","257349","20221006051000","1030","0","南投縣","草屯鎮","120.690","23.995","143"
"195","257351","20221006051000","176","1","南投縣","草屯鎮","120.700","23.995","191"
"514","257354","20221006051000","561","0","南投縣","草屯鎮","120.715","23.995","528"
"430","257356","20221006051000","306","2","南投縣","草屯鎮","120.695","23.995","428"
"679","257362","20221006051000","617","1","南投縣","草屯鎮","120.695","24.000","694"
"187","257365","20221006051000","71","3","南投縣","草屯鎮","120.710","24.000","187"
"48","257366","20221006051000","124","0","南投縣","草屯鎮","120.670","23.960","47"
"354","257368","20221006051000","299","1","南投縣","草屯鎮","120.675","23.965","358"
"239","257369","20221006051000","204","1","南投縣","草屯鎮","120.670","23.970","241"
"529","257370","20221006051000","415","2","南投縣","草屯鎮","120.670","23.975","551"
"351","257373","20221006051000","294","1","南投縣","草屯鎮","120.675","23.980","340"
"856","257376","20221006051000","1141","0","南投縣","草屯鎮","120.680","23.985","829"
"292","257377","20221006051000","263","1","南投縣","草屯鎮","120.670","23.990","300"
"32","257381","20221006051000","235","0","南投縣","草屯鎮","120.670","23.995","37"
"152","257386","20221006051000","116","2","南投縣","草屯鎮","120.685","23.990","136"
"463","257387","20221006051000","420","1","南投縣","草屯鎮","120.680","23.995","462"
"32","257389","20221006051000","363","0","南投縣","草屯鎮","120.680","24.000","36"
"439","257396","20221006051000","357","2","南投縣","草屯鎮","120.680","24.005","426"
"50","257400","20221006051000","624","0","南投縣","草屯鎮","120.685","23.985","48"
"742","257401","20221006051000","652","1","南投縣","草屯鎮","120.685","23.980","709"
"57","257403","20221006051000","187","0","南投縣","草屯鎮","120.640","23.995","53"
"228","257407","20221006051000","294","0","南投縣","草屯鎮","120.660","23.995","221"
"34","257410","20221006051000","215","0","南投縣","草屯鎮","120.650","23.995","31"
"121","257415","20221006051000","141","0","南投縣","草屯鎮","120.655","23.965","129"
"716","257418","20221006051000","636","1","南投縣","草屯鎮","120.650","23.970","692"
"338","257422","20221006051000","304","1","南投縣","草屯鎮","120.650","23.975","337"
"299","257424","20221006051000","270","1","南投縣","草屯鎮","120.660","23.975","321"
"55","257426","20221006051000","235","0","南投縣","草屯鎮","120.650","23.980","60"
"127","257429","20221006051000","571","0","南投縣","草屯鎮","120.665","23.950","120"
"51","257438","20221006051000","264","0","南投縣","草屯鎮","120.660","23.960","57"
"128","257439","20221006051000","213","0","南投縣","草屯鎮","120.665","23.960","160"
"10","257467","20221006051000","63","0","南投縣","草屯鎮","120.825","23.970","10"
"285","257496","20221006051000","256","1","南投縣","草屯鎮","120.795","23.985","279"
"219","257505","20221006051000","205","1","南投縣","草屯鎮","120.795","23.990","211"
"123","257522","20221006051000","69","3","南投縣","草屯鎮","120.800","24.000","114"
"59","257550","20221006051000","306","0","彰化縣","福興鄉","120.410","24.005","53"
"107","257580","20221006051000","68","3","彰化縣","芳苑鄉","120.400","23.995","104"
"454","257591","20221006051000","361","2","彰化縣","芳苑鄉","120.365","24.000","451"
"265","257595","20221006051000","204","2","彰化縣","芳苑鄉","120.385","24.000","259"
"408","257609","20221006051000","341","1","彰化縣","芳苑鄉","120.370","24.005","429"
"137","257631","20221006051000","117","1","彰化縣","芳苑鄉","120.340","23.965","153"
"53","257632","20221006051000","643","0","彰化縣","芳苑鄉","120.345","23.965","69"
"20","257638","20221006051000","16","2","彰化縣","芳苑鄉","120.325","23.970","17"
"127","257669","20221006051000","681","0","彰化縣","秀水鄉","120.510","23.995","101"
"509","257680","20221006051000","433","1","彰化縣","秀水鄉","120.520","24.000","498"
"135","257685","20221006051000","95","2","彰化縣","福興鄉","120.490","24.010","153"
"756","257686","20221006051000","633","1","彰化縣","福興鄉","120.495","24.010","784"
"15","257694","20221006051000","12","2","彰化縣","芬園鄉","120.605","24.005","18"
"355","257699","20221006051000","238","2","彰化縣","溪湖鎮","120.490","23.950","375"
"526","257700","20221006051000","519","1","彰化縣","溪湖鎮","120.495","23.950","517"
"1231","257703","20221006051000","755","3","彰化縣","溪湖鎮","120.475","23.960","1221"
"362","257704","20221006051000","267","2","彰化縣","溪湖鎮","120.465","23.965","340"
"1517","257708","20221006051000","1323","1","彰化縣","溪湖鎮","120.480","23.960","1459"
"449","257713","20221006051000","329","2","彰化縣","溪湖鎮","120.485","23.935","419"
"14","257720","20221006051000","11","2","彰化縣","溪湖鎮","120.500","23.940","13"
"23","257725","20221006051000","169","0","彰化縣","溪湖鎮","120.505","23.950","25"
"38","257727","20221006051000","382","0","彰化縣","溪湖鎮","120.490","23.955","38"
"22","257728","20221006051000","46","0","彰化縣","溪湖鎮","120.495","23.955","18"
"350","257729","20221006051000","528","0","彰化縣","溪湖鎮","120.485","23.960","353"
"300","257733","20221006051000","245","2","彰化縣","溪湖鎮","120.490","23.965","281"
"549","257734","20221006051000","522","1","彰化縣","溪湖鎮","120.485","23.970","549"
"292","257750","20221006051000","277","1","彰化縣","芬園鄉","120.625","23.965","253"
"278","257766","20221006051000","349","0","彰化縣","溪湖鎮","120.475","23.950","274"
"618","257767","20221006051000","818","0","彰化縣","溪湖鎮","120.475","23.955","635"
"250","257778","20221006051000","203","2","彰化縣","溪湖鎮","120.475","23.970","248"
"756","257781","20221006051000","669","1","彰化縣","溪湖鎮","120.470","23.980","739"
"181","257784","20221006051000","155","1","南投縣","草屯鎮","120.670","23.980","163"
"74","257785","20221006051000","365","0","南投縣","草屯鎮","120.650","23.985","62"
"346","257788","20221006051000","454","0","南投縣","草屯鎮","120.665","23.985","342"
"322","257792","20221006051000","288","1","南投縣","草屯鎮","120.665","23.990","324"
"24","257795","20221006051000","475","0","彰化縣","社頭鄉","120.605","23.930","27"
"124","257797","20221006051000","135","0","彰化縣","社頭鄉","120.615","23.930","105"
"61","257798","20221006051000","46","2","彰化縣","社頭鄉","120.620","23.930","70"
"364","257802","20221006051000","313","1","彰化縣","芬園鄉","120.630","23.995","384"
"13","257808","20221006051000","12","1","彰化縣","芬園鄉","120.615","24.005","12"
"1187","257810","20221006051000","1051","1","彰化縣","芬園鄉","120.630","24.010","1206"
"10","257812","20221006051000","259","0","彰化縣","芬園鄉","120.640","24.010","14"
"29","257813","20221006051000","22","2","彰化縣","芬園鄉","120.645","24.010","36"
"298","257817","20221006051000","225","2","彰化縣","埔鹽鄉","120.425","23.995","299"
"238","257824","20221006051000","187","2","彰化縣","福興鄉","120.420","24.010","240"
"23","257825","20221006051000","12","3","彰化縣","福興鄉","120.425","24.010","19"
"117","257827","20221006051000","573","0","彰化縣","秀水鄉","120.515","24.010","91"
"263","257834","20221006051000","185","2","彰化縣","芬園鄉","120.620","23.980","248"
"203","257851","20221006051000","155","2","彰化縣","芬園鄉","120.610","23.995","204"
"77","257857","20221006051000","71","1","彰化縣","芬園鄉","120.625","24.000","82"
"16","257867","20221006051000","197","0","彰化縣","芬園鄉","120.645","23.965","13"
"438","257871","20221006051000","347","2","彰化縣","芬園鄉","120.640","23.975","413"
"13","257882","20221006051000","294","0","彰化縣","花壇鄉","120.550","24.010","16"
"26","257884","20221006051000","37","0","彰化縣","花壇鄉","120.570","24.010","25"
"508","257886","20221006051000","501","1","彰化縣","社頭鄉","120.575","23.930","521"
"409","257898","20221006051000","396","1","南投縣","草屯鎮","120.730","23.975","411"
"267","257902","20221006051000","221","2","南投縣","草屯鎮","120.735","23.980","267"
"549","257907","20221006051000","1168","0","彰化縣","溪湖鎮","120.480","23.965","526"
"15","257908","20221006051000","406","0","彰化縣","溪湖鎮","120.480","23.970","23"
"1008","263412","20221006051000","1045","0","臺中市","霧峰區","120.690","24.045","948"
"176","263414","20221006051000","101","3","臺中市","霧峰區","120.685","24.050","160"
"131","263420","20221006051000","135","0","臺中市","霧峰區","120.705","24.045","136"
"25","263428","20221006051000","18","2","臺中市","霧峰區","120.705","24.055","24"
"420","263432","20221006051000","426","0","臺中市","霧峰區","120.705","24.060","442"
"28","263433","20221006051000","420","0","臺中市","霧峰區","120.710","24.060","16"
"29","263450","20221006051000","178","0","臺中市","霧峰區","120.700","24.020","35"
"305","263482","20221006051000","316","0","臺中市","霧峰區","120.700","24.030","313"
"343","263484","20221006051000","336","1","臺中市","霧峰區","120.695","24.035","370"
"341","263486","20221006051000","440","0","臺中市","霧峰區","120.710","24.070","353"
"76","263487","20221006051000","90","0","臺中市","霧峰區","120.715","24.070","77"
"45","263488","20221006051000","33","2","臺中市","霧峰區","120.720","24.070","47"
"342","263490","20221006051000","395","0","臺中市","霧峰區","120.705","24.075","342"
"333","263491","20221006051000","302","1","臺中市","霧峰區","120.710","24.075","328"
"1971","263492","20221006051000","1772","1","臺中市","霧峰區","120.715","24.075","1952"
"14","263493","20221006051000","409","0","臺中市","霧峰區","120.720","24.075","13"
"554","263495","20221006051000","471","1","臺中市","霧峰區","120.710","24.080","557"
"13","263497","20221006051000","20","0","臺中市","大里區","120.720","24.080","12"
"1072","263528","20221006051000","1079","0","臺中市","霧峰區","120.695","24.040","1035"
"17","263539","20221006051000","38","0","臺中市","霧峰區","120.695","24.045","21"
"101","263553","20221006051000","64","3","臺中市","霧峰區","120.725","24.030","94"
"231","263569","20221006051000","157","2","臺中市","霧峰區","120.725","24.035","238"
"834","263579","20221006051000","847","0","臺中市","大里區","120.695","24.080","797"
"2488","263581","20221006051000","1951","2","臺中市","大里區","120.695","24.085","2532"
"303","263583","20221006051000","311","0","臺中市","大里區","120.690","24.085","298"
"107","263584","20221006051000","100","1","臺中市","大里區","120.700","24.080","119"
"1121","263585","20221006051000","1121","1","臺中市","大里區","120.700","24.085","1102"
"1209","263587","20221006051000","1136","1","臺中市","大里區","120.705","24.090","1195"
"402","263588","20221006051000","405","0","臺中市","大里區","120.715","24.095","417"
"21","263708","20221006051000","20","1","臺中市","太平區","120.755","24.085","23"
"17","263716","20221006051000","147","0","臺中市","太平區","120.745","24.090","18"
"201","263736","20221006051000","170","1","臺中市","霧峰區","120.700","24.050","194"
"608","263737","20221006051000","522","1","臺中市","霧峰區","120.695","24.055","570"
"90","263738","20221006051000","88","1","臺中市","霧峰區","120.700","24.055","82"
"33","263741","20221006051000","433","0","臺中市","霧峰區","120.680","24.060","34"
"848","263743","20221006051000","769","1","臺中市","霧峰區","120.680","24.065","842"
"436","263746","20221006051000","312","2","臺中市","霧峰區","120.680","24.070","406"
"75","263747","20221006051000","824","0","臺中市","霧峰區","120.700","24.070","65"
"110","263753","20221006051000","119","0","臺中市","新社區","120.885","24.095","108"
"377","263758","20221006051000","320","1","臺中市","大里區","120.685","24.075","367"
"439","263759","20221006051000","262","3","臺中市","大里區","120.690","24.075","421"
"105","263764","20221006051000","192","0","臺中市","大里區","120.680","24.085","115"
"300","263766","20221006051000","301","0","臺中市","太平區","120.730","24.095","296"
"433","263776","20221006051000","431","1","臺中市","霧峰區","120.705","24.065","419"
"198","263778","20221006051000","175","1","臺中市","霧峰區","120.715","24.065","200"
"12","263794","20221006051000","85","0","臺中市","霧峰區","120.745","24.045","14"
"79","263828","20221006051000","181","0","臺中市","霧峰區","120.745","24.060","79"
"34","263842","20221006051000","34","1","臺中市","霧峰區","120.760","24.065","32"
"69","263846","20221006051000","56","2","臺中市","霧峰區","120.735","24.070","69"
"316","263863","20221006051000","298","1","臺中市","霧峰區","120.695","24.015","309"
"530","263864","20221006051000","508","1","臺中市","霧峰區","120.685","24.020","517"
"367","263875","20221006051000","261","2","臺中市","烏日區","120.655","24.055","365"
"292","263876","20221006051000","302","0","臺中市","烏日區","120.660","24.055","323"
"296","263878","20221006051000","211","2","臺中市","烏日區","120.655","24.045","300"
"299","263884","20221006051000","244","2","臺中市","烏日區","120.650","24.050","287"
"422","263885","20221006051000","519","0","臺中市","烏日區","120.635","24.070","452"
"1291","263888","20221006051000","1240","1","臺中市","烏日區","120.635","24.080","1261"
"482","263891","20221006051000","441","1","臺中市","烏日區","120.625","24.090","464"
"1483","263900","20221006051000","1396","1","臺中市","烏日區","120.640","24.075","1479"
"650","263902","20221006051000","577","1","臺中市","烏日區","120.650","24.075","680"
"33","263907","20221006051000","1041","0","臺中市","烏日區","120.645","24.085","30"
"115","263933","20221006051000","164","0","臺中市","烏日區","120.635","24.050","92"
"2761","263942","20221006051000","1996","2","臺中市","大里區","120.680","24.095","2785"
"193","263943","20221006051000","177","1","臺中市","大里區","120.665","24.095","211"
"1094","263945","20221006051000","881","2","臺中市","大里區","120.690","24.090","1131"
"1082","263946","20221006051000","904","1","臺中市","大里區","120.695","24.095","1047"
"526","263948","20221006051000","526","1","臺中市","大里區","120.705","24.095","523"
"297","263949","20221006051000","381","0","臺中市","大里區","120.710","24.095","293"
"234","263950","20221006051000","269","0","臺中市","大里區","120.715","24.090","237"
"493","263951","20221006051000","492","1","臺中市","大里區","120.720","24.095","490"
"1142","263954","20221006051000","1161","0","臺中市","大里區","120.700","24.095","1155"
"573","263960","20221006051000","407","2","臺中市","大里區","120.735","24.090","568"
"460","263962","20221006051000","487","0","臺中市","大里區","120.720","24.090","424"
"519","263964","20221006051000","501","1","臺中市","大里區","120.730","24.090","509"
"988","263969","20221006051000","1343","0","臺中市","大里區","120.710","24.085","1017"
"339","263970","20221006051000","710","0","臺中市","大里區","120.715","24.085","348"
"101","263971","20221006051000","105","0","臺中市","大里區","120.720","24.085","101"
"30","263975","20221006051000","50","0","臺中市","大里區","120.710","24.090","24"
"65","263977","20221006051000","50","2","臺中市","大里區","120.665","24.085","70"
"13","263979","20221006051000","225","0","臺中市","大里區","120.675","24.085","13"
"116","263989","20221006051000","158","0","臺中市","大里區","120.685","24.095","100"
"443","263990","20221006051000","434","1","臺中市","大里區","120.690","24.095","440"
"84","263991","20221006051000","238","0","臺中市","霧峰區","120.695","24.065","74"
"2265","263992","20221006051000","2494","0","臺中市","霧峰區","120.700","24.065","2254"
"379","263995","20221006051000","262","2","臺中市","霧峰區","120.665","24.065","378"
"137","263999","20221006051000","684","0","臺中市","霧峰區","120.665","24.070","142"
"19","264007","20221006051000","298","0","臺中市","霧峰區","120.655","24.085","19"
"20","264008","20221006051000","328","0","臺中市","霧峰區","120.650","24.085","22"
"251","264016","20221006051000","195","2","臺中市","霧峰區","120.690","24.040","258"
"33","264018","20221006051000","555","0","臺中市","霧峰區","120.685","24.045","24"
"17","264024","20221006051000","449","0","臺中市","霧峰區","120.665","24.040","15"
"90","264029","20221006051000","76","1","臺中市","霧峰區","120.660","24.050","88"
"1034","264031","20221006051000","737","2","臺中市","大里區","120.700","24.090","1004"
"62","264037","20221006051000","38","3","臺中市","霧峰區","120.670","24.025","63"
"11","264042","20221006051000","130","0","臺中市","霧峰區","120.670","24.030","11"
"174","264047","20221006051000","177","0","花蓮縣","秀林鄉","121.580","24.020","175"
"231","264094","20221006051000","214","1","花蓮縣","秀林鄉","121.595","24.050","223"
"623","264107","20221006051000","683","0","花蓮縣","秀林鄉","121.600","24.055","678"
"347","264435","20221006051000","292","1","花蓮縣","新城鄉","121.610","24.080","345"
"293","264642","20221006051000","255","1","花蓮縣","新城鄉","121.595","24.015","299"
"230","264655","20221006051000","207","1","花蓮縣","新城鄉","121.590","24.035","190"
"299","264661","20221006051000","204","2","花蓮縣","新城鄉","121.595","24.040","289"
"1099","264663","20221006051000","679","3","花蓮縣","新城鄉","121.605","24.030","1079"
"416","264665","20221006051000","393","1","花蓮縣","新城鄉","121.605","24.035","400"
"438","264667","20221006051000","380","1","花蓮縣","新城鄉","121.600","24.035","430"
"1660","264676","20221006051000","1317","2","臺中市","烏日區","120.645","24.060","1656"
"50","264678","20221006051000","455","0","臺中市","烏日區","120.655","24.060","49"
"337","264683","20221006051000","408","0","臺中市","烏日區","120.640","24.065","344"
"88","264700","20221006051000","118","0","臺中市","烏日區","120.620","24.090","104"
"393","264703","20221006051000","270","2","臺中市","霧峰區","120.675","24.040","359"
"166","264707","20221006051000","141","1","臺中市","霧峰區","120.680","24.045","175"
"404","264712","20221006051000","360","1","臺中市","霧峰區","120.675","24.050","377"
"757","264717","20221006051000","795","0","臺中市","烏日區","120.645","24.090","715"
"217","264719","20221006051000","195","1","臺中市","烏日區","120.635","24.095","221"
"15","264720","20221006051000","16","0","臺中市","烏日區","120.640","24.095","19"
"28","264722","20221006051000","208","0","臺中市","烏日區","120.645","24.095","25"
"414","264725","20221006051000","397","1","臺中市","烏日區","120.655","24.095","399"
"117","264726","20221006051000","97","2","臺中市","大里區","120.660","24.095","128"
"833","264728","20221006051000","917","0","花蓮縣","花蓮市","121.625","24.010","885"
"316","264732","20221006051000","310","1","花蓮縣","花蓮市","121.630","24.015","291"
"212","264737","20221006051000","218","0","花蓮縣","花蓮市","121.635","24.025","225"
"56","265344","20221006051000","45","2","南投縣","國姓鄉","120.830","24.030","58"
"16","265374","20221006051000","20","0","南投縣","國姓鄉","120.800","24.045","16"
"48","265406","20221006051000","34","2","南投縣","國姓鄉","120.825","24.070","46"
"13","265430","20221006051000","15","0","南投縣","國姓鄉","120.880","24.050","12"
"92","265436","20221006051000","105","0","南投縣","國姓鄉","120.910","24.050","101"
"126","265440","20221006051000","120","1","南投縣","國姓鄉","120.930","24.050","112"
"414","265442","20221006051000","372","1","南投縣","國姓鄉","120.880","24.055","401"
"205","265449","20221006051000","219","0","南投縣","國姓鄉","120.915","24.055","219"
"10","265465","20221006051000","15","0","南投縣","國姓鄉","120.930","24.060","10"
"146","265467","20221006051000","97","3","南投縣","國姓鄉","120.940","24.060","101"
"24","265498","20221006051000","23","1","南投縣","國姓鄉","120.930","24.075","27"
"31","265569","20221006051000","407","0","南投縣","國姓鄉","120.850","24.040","30"
"13","265593","20221006051000","147","0","南投縣","埔里鎮","120.910","24.025","13"
"11","265615","20221006051000","251","0","南投縣","埔里鎮","120.920","24.040","11"
"348","265622","20221006051000","256","2","南投縣","國姓鄉","120.930","24.045","331"
"26","265627","20221006051000","21","2","南投縣","埔里鎮","120.950","24.010","22"
"74","265628","20221006051000","262","0","南投縣","埔里鎮","120.945","24.015","78"
"226","265633","20221006051000","196","1","南投縣","埔里鎮","120.950","24.020","219"
"63","265651","20221006051000","79","0","南投縣","埔里鎮","120.950","24.035","72"
"48","265706","20221006051000","90","0","花蓮縣","花蓮市","121.590","24.010","39"
"1087","265708","20221006051000","1073","1","花蓮縣","新城鄉","121.610","24.015","1151"
"187","265711","20221006051000","198","0","花蓮縣","新城鄉","121.605","24.020","187"
"668","265716","20221006051000","586","1","花蓮縣","新城鄉","121.605","24.025","633"
"64","265719","20221006051000","54","1","花蓮縣","新城鄉","121.620","24.025","68"
"150","265723","20221006051000","202","0","花蓮縣","新城鄉","121.615","24.030","141"
"51","265734","20221006051000","23","3","花蓮縣","新城鄉","121.625","24.035","38"
"505","265739","20221006051000","432","1","花蓮縣","新城鄉","121.605","24.040","514"
"414","265742","20221006051000","311","2","花蓮縣","新城鄉","121.610","24.045","418"
"54","265753","20221006051000","41","2","花蓮縣","新城鄉","121.615","24.060","54"
"222","265754","20221006051000","243","0","花蓮縣","新城鄉","121.610","24.065","220"
"904","265773","20221006051000","645","2","彰化縣","彰化市","120.570","24.085","896"
"730","265774","20221006051000","747","0","彰化縣","彰化市","120.575","24.090","724"
"157","265780","20221006051000","155","1","彰化縣","彰化市","120.620","24.045","160"
"349","265784","20221006051000","318","1","彰化縣","彰化市","120.620","24.060","348"
"1081","265794","20221006051000","1396","0","彰化縣","彰化市","120.535","24.090","1059"
"699","265797","20221006051000","479","2","彰化縣","彰化市","120.545","24.075","701"
"906","265798","20221006051000","487","3","彰化縣","彰化市","120.555","24.070","912"
"1880","265800","20221006051000","1198","3","彰化縣","彰化市","120.545","24.085","1881"
"490","265801","20221006051000","382","2","彰化縣","彰化市","120.555","24.090","489"
"983","265802","20221006051000","760","2","彰化縣","彰化市","120.555","24.080","987"
"243","265803","20221006051000","1112","0","彰化縣","彰化市","120.560","24.080","250"
"1207","265804","20221006051000","1012","1","彰化縣","彰化市","120.555","24.085","1227"
"29","265805","20221006051000","113","0","彰化縣","彰化市","120.560","24.085","31"
"809","265806","20221006051000","718","1","彰化縣","彰化市","120.535","24.080","807"
"2752","265807","20221006051000","1818","3","彰化縣","彰化市","120.540","24.085","2680"
"1865","265808","20221006051000","1184","3","彰化縣","彰化市","120.545","24.090","1856"
"453","265810","20221006051000","216","3","彰化縣","彰化市","120.550","24.075","447"
"3741","265812","20221006051000","1786","3","彰化縣","彰化市","120.530","24.080","3730"
"28","265817","20221006051000","255","0","彰化縣","鹿港鎮","120.480","24.090","35"
"1068","265820","20221006051000","566","3","彰化縣","彰化市","120.535","24.070","1048"
"1527","265821","20221006051000","999","3","彰化縣","彰化市","120.530","24.065","1553"
"2359","265822","20221006051000","1540","3","彰化縣","彰化市","120.530","24.070","2366"
"761","265823","20221006051000","855","0","彰化縣","鹿港鎮","120.445","24.055","747"
"14","265824","20221006051000","382","0","彰化縣","鹿港鎮","120.445","24.060","17"
"13","265825","20221006051000","24","0","彰化縣","鹿港鎮","120.450","24.060","13"
"569","265826","20221006051000","634","0","彰化縣","鹿港鎮","120.445","24.065","585"
"14","265839","20221006051000","17","0","彰化縣","彰化市","120.580","24.075","14"
"304","265841","20221006051000","1489","0","彰化縣","彰化市","120.535","24.075","326"
"762","265848","20221006051000","648","1","彰化縣","鹿港鎮","120.460","24.080","650"
"345","265863","20221006051000","328","1","彰化縣","鹿港鎮","120.435","24.050","347"
"946","265864","20221006051000","1160","0","彰化縣","彰化市","120.550","24.085","958"
"68","265898","20221006051000","524","0","南投縣","國姓鄉","120.860","24.060","75"
"183","265927","20221006051000","167","1","南投縣","國姓鄉","120.845","24.025","182"
"37","265948","20221006051000","330","0","南投縣","國姓鄉","120.860","24.040","37"
"407","265956","20221006051000","283","2","南投縣","國姓鄉","120.855","24.045","68"
"254","265973","20221006051000","305","0","南投縣","國姓鄉","120.820","24.020","245"
"3082","266081","20221006051000","2686","1","彰化縣","彰化市","120.535","24.065","3091"
"1886","266082","20221006051000","575","3","彰化縣","和美鎮","120.510","24.090","1811"
"273","266091","20221006051000","209","2","彰化縣","埔鹽鄉","120.455","24.015","251"
"1223","266093","20221006051000","605","3","彰化縣","彰化市","120.540","24.070","1176"
"29","266099","20221006051000","607","0","彰化縣","花壇鄉","120.545","24.015","29"
"357","266100","20221006051000","363","0","彰化縣","花壇鄉","120.545","24.020","364"
"69","266107","20221006051000","69","1","彰化縣","花壇鄉","120.545","24.030","65"
"354","266122","20221006051000","305","1","彰化縣","埔鹽鄉","120.445","24.020","321"
"547","266124","20221006051000","139","3","彰化縣","彰化市","120.520","24.055","517"
"430","266127","20221006051000","462","0","彰化縣","彰化市","120.565","24.090","455"
"1114","266128","20221006051000","683","3","彰化縣","彰化市","120.555","24.095","1107"
"329","266129","20221006051000","201","3","彰化縣","彰化市","120.560","24.095","310"
"1116","266131","20221006051000","978","1","彰化縣","彰化市","120.595","24.070","1136"
"120","266132","20221006051000","160","0","彰化縣","彰化市","120.595","24.075","127"
"180","266134","20221006051000","105","3","彰化縣","彰化市","120.605","24.075","183"
"660","266136","20221006051000","545","2","彰化縣","彰化市","120.600","24.080","644"
"367","266138","20221006051000","220","3","彰化縣","彰化市","120.595","24.085","369"
"52","266153","20221006051000","52","1","彰化縣","彰化市","120.605","24.045","65"
"61","266154","20221006051000","30","3","彰化縣","彰化市","120.585","24.050","56"
"56","266155","20221006051000","55","1","彰化縣","彰化市","120.590","24.050","58"
"60","266157","20221006051000","51","1","彰化縣","彰化市","120.600","24.050","61"
"321","266166","20221006051000","232","2","彰化縣","彰化市","120.615","24.055","321"
"617","266168","20221006051000","612","1","彰化縣","彰化市","120.580","24.080","629"
"930","266169","20221006051000","848","1","彰化縣","彰化市","120.575","24.085","933"
"1148","266170","20221006051000","849","2","彰化縣","彰化市","120.580","24.085","1103"
"247","266171","20221006051000","226","1","彰化縣","彰化市","120.560","24.075","249"
"626","266172","20221006051000","626","1","彰化縣","彰化市","120.550","24.080","635"
"1425","266176","20221006051000","439","3","彰化縣","和美鎮","120.495","24.085","1423"
"42","266180","20221006051000","47","0","彰化縣","和美鎮","120.495","24.090","46"
"570","266182","20221006051000","2088","0","彰化縣","彰化市","120.535","24.085","579"
"621","266183","20221006051000","677","0","彰化縣","和美鎮","120.525","24.095","641"
"80","266185","20221006051000","101","0","彰化縣","和美鎮","120.535","24.095","78"
"38","266190","20221006051000","57","0","彰化縣","秀水鄉","120.505","24.065","41"
"1586","266191","20221006051000","408","3","彰化縣","彰化市","120.510","24.065","1551"
"1282","266192","20221006051000","874","2","彰化縣","彰化市","120.515","24.065","1287"
"756","266194","20221006051000","176","3","彰化縣","彰化市","120.510","24.070","768"
"197","266196","20221006051000","152","2","彰化縣","花壇鄉","120.570","24.055","205"
"17","266205","20221006051000","122","0","彰化縣","彰化市","120.570","24.065","13"
"2529","266210","20221006051000","750","3","彰化縣","彰化市","120.540","24.075","2549"
"2217","266211","20221006051000","1439","3","彰化縣","彰化市","120.540","24.080","2187"
"1875","266214","20221006051000","393","3","彰化縣","彰化市","120.525","24.080","1865"
"1219","266216","20221006051000","968","2","彰化縣","彰化市","120.530","24.085","1230"
"1065","266222","20221006051000","934","1","彰化縣","彰化市","120.600","24.090","1087"
"253","266224","20221006051000","166","3","彰化縣","彰化市","120.585","24.090","240"
"172","266228","20221006051000","103","3","彰化縣","彰化市","120.580","24.095","181"
"16","266232","20221006051000","16","1","彰化縣","彰化市","120.600","24.095","20"
"462","266233","20221006051000","176","3","彰化縣","秀水鄉","120.500","24.075","454"
"26","266234","20221006051000","536","0","彰化縣","彰化市","120.505","24.075","27"
"792","266237","20221006051000","356","3","彰化縣","彰化市","120.520","24.075","795"
"354","266238","20221006051000","127","3","彰化縣","彰化市","120.510","24.080","342"
"112","266239","20221006051000","279","0","彰化縣","和美鎮","120.515","24.080","156"
"33","266240","20221006051000","185","0","彰化縣","彰化市","120.520","24.080","44"
"553","266241","20221006051000","251","3","彰化縣","彰化市","120.515","24.085","539"
"260","266243","20221006051000","157","3","彰化縣","彰化市","120.525","24.085","255"
"286","266244","20221006051000","625","0","彰化縣","彰化市","120.545","24.095","290"
"22","266245","20221006051000","363","0","彰化縣","彰化市","120.545","24.080","33"
"266","266246","20221006051000","217","2","彰化縣","彰化市","120.565","24.085","286"
"1816","266247","20221006051000","1702","1","彰化縣","彰化市","120.560","24.090","1792"
"563","266248","20221006051000","554","1","彰化縣","彰化市","120.570","24.090","564"
"945","266249","20221006051000","797","1","彰化縣","和美鎮","120.530","24.090","937"
"228","266250","20221006051000","219","1","彰化縣","彰化市","120.555","24.065","237"
"2199","266251","20221006051000","3006","0","彰化縣","彰化市","120.545","24.070","2161"
"741","266252","20221006051000","256","3","彰化縣","彰化市","120.550","24.070","736"
"20","266255","20221006051000","17","1","彰化縣","彰化市","120.600","24.060","20"
"12","266262","20221006051000","217","0","彰化縣","彰化市","120.610","24.065","12"
"546","266263","20221006051000","500","1","彰化縣","彰化市","120.600","24.070","524"
"47","266264","20221006051000","42","1","彰化縣","彰化市","120.605","24.070","42"
"223","266265","20221006051000","181","2","彰化縣","彰化市","120.610","24.070","279"
"138","266266","20221006051000","1378","0","彰化縣","彰化市","120.540","24.090","149"
"545","266267","20221006051000","398","2","彰化縣","和美鎮","120.520","24.090","553"
"60","266274","20221006051000","503","0","彰化縣","和美鎮","120.505","24.085","27"
"48","266309","20221006051000","40","2","南投縣","仁愛鄉","120.970","24.045","48"
"334","266333","20221006051000","279","1","南投縣","仁愛鄉","120.970","24.060","257"
"151","266406","20221006051000","113","2","南投縣","仁愛鄉","121.095","24.010","132"
"98","266517","20221006051000","70","2","南投縣","仁愛鄉","121.210","24.075","92"
"49","266589","20221006051000","53","0","南投縣","仁愛鄉","121.210","24.090","57"
"340","266696","20221006051000","249","2","南投縣","仁愛鄉","121.150","24.040","304"
"14","266697","20221006051000","10","2","南投縣","仁愛鄉","121.155","24.040","14"
"308","266700","20221006051000","256","2","南投縣","仁愛鄉","121.125","24.045","266"
"149","266706","20221006051000","122","2","南投縣","仁愛鄉","121.155","24.045","129"
"26","266715","20221006051000","27","0","南投縣","仁愛鄉","121.155","24.050","35"
"18","266733","20221006051000","28","0","南投縣","仁愛鄉","121.160","24.055","26"
"283","266768","20221006051000","315","0","南投縣","仁愛鄉","121.165","24.070","259"
"37","267165","20221006051000","26","2","南投縣","仁愛鄉","121.025","24.090","30"
"47","267268","20221006051000","210","0","南投縣","仁愛鄉","121.175","24.010","35"
"23","267286","20221006051000","276","0","南投縣","仁愛鄉","121.140","24.025","15"
"501","267410","20221006051000","524","0","南投縣","仁愛鄉","121.180","24.035","572"
"96","267555","20221006051000","66","2","南投縣","仁愛鄉","121.190","24.060","98"
"248","267605","20221006051000","223","1","南投縣","仁愛鄉","121.210","24.070","236"
"112","267630","20221006051000","82","2","彰化縣","花壇鄉","120.530","24.050","107"
"385","267631","20221006051000","341","1","彰化縣","彰化市","120.530","24.055","419"
"1817","267632","20221006051000","1514","2","彰化縣","彰化市","120.530","24.060","1862"
"74","267633","20221006051000","1726","0","彰化縣","彰化市","120.535","24.060","79"
"1897","267634","20221006051000","1934","0","彰化縣","彰化市","120.550","24.090","1850"
"723","267636","20221006051000","604","1","彰化縣","彰化市","120.550","24.095","776"
"41","267637","20221006051000","50","0","彰化縣","彰化市","120.590","24.065","46"
"440","267640","20221006051000","301","2","彰化縣","彰化市","120.585","24.080","455"
"774","267641","20221006051000","652","1","彰化縣","彰化市","120.590","24.080","709"
"633","267646","20221006051000","359","3","彰化縣","彰化市","120.520","24.065","637"
"1491","267649","20221006051000","1227","2","彰化縣","彰化市","120.525","24.070","1468"
"47","267650","20221006051000","69","0","彰化縣","彰化市","120.525","24.075","37"
"479","267652","20221006051000","436","1","彰化縣","彰化市","120.555","24.050","471"
"819","267654","20221006051000","584","2","彰化縣","彰化市","120.535","24.055","817"
"276","267655","20221006051000","188","2","彰化縣","彰化市","120.540","24.055","245"
"339","267656","20221006051000","229","2","彰化縣","彰化市","120.545","24.055","336"
"258","267661","20221006051000","352","0","彰化縣","彰化市","120.540","24.060","259"
"278","267662","20221006051000","370","0","彰化縣","彰化市","120.545","24.060","269"
"64","267664","20221006051000","101","0","彰化縣","彰化市","120.555","24.060","68"
"3631","267665","20221006051000","2730","2","彰化縣","彰化市","120.540","24.065","3593"
"913","267666","20221006051000","854","1","彰化縣","彰化市","120.545","24.065","902"
"359","267667","20221006051000","360","0","彰化縣","彰化市","120.550","24.065","355"
"2388","267669","20221006051000","879","3","彰化縣","彰化市","120.515","24.055","3165"
"3408","267670","20221006051000","1466","3","彰化縣","彰化市","120.515","24.060","3469"
"16","267676","20221006051000","251","0","彰化縣","福興鄉","120.470","24.030","19"
"141","267682","20221006051000","85","3","彰化縣","福興鄉","120.470","24.035","131"
"542","267689","20221006051000","451","2","彰化縣","福興鄉","120.480","24.040","506"
"385","267697","20221006051000","176","3","彰化縣","福興鄉","120.455","24.035","362"
"460","267705","20221006051000","463","0","彰化縣","福興鄉","120.465","24.045","474"
"201","267717","20221006051000","163","2","彰化縣","秀水鄉","120.510","24.015","209"
"22","267718","20221006051000","22","1","彰化縣","秀水鄉","120.500","24.020","22"
"18","267726","20221006051000","100","0","彰化縣","鹿港鎮","120.480","24.085","21"
"1116","267729","20221006051000","737","3","彰化縣","鹿港鎮","120.485","24.090","1078"
"1772","267732","20221006051000","1294","2","彰化縣","鹿港鎮","120.435","24.055","1783"
"1578","267736","20221006051000","526","3","彰化縣","鹿港鎮","120.465","24.090","1209"
"39","267739","20221006051000","307","0","彰化縣","鹿港鎮","120.470","24.095","24"
"860","267795","20221006051000","672","2","彰化縣","福興鄉","120.490","24.015","865"
"318","267808","20221006051000","289","1","彰化縣","福興鄉","120.440","24.030","311"
"419","267810","20221006051000","359","1","彰化縣","福興鄉","120.435","24.035","417"
"394","267824","20221006051000","379","1","彰化縣","福興鄉","120.390","24.015","389"
"655","267834","20221006051000","734","0","彰化縣","福興鄉","120.410","24.020","645"
"48","267844","20221006051000","767","0","彰化縣","秀水鄉","120.495","24.025","48"
"682","267873","20221006051000","532","2","彰化縣","福興鄉","120.400","24.045","677"
"753","267898","20221006051000","439","3","彰化縣","福興鄉","120.430","24.040","762"
"720","267900","20221006051000","613","1","彰化縣","福興鄉","120.430","24.045","700"
"10","267904","20221006051000","316","0","彰化縣","福興鄉","120.430","24.050","14"
"209","267908","20221006051000","126","3","彰化縣","福興鄉","120.430","24.020","216"
"32","267913","20221006051000","19","3","彰化縣","福興鄉","120.425","24.030","31"
"55","267926","20221006051000","51","1","彰化縣","福興鄉","120.405","24.030","66"
"294","267928","20221006051000","202","2","彰化縣","福興鄉","120.415","24.030","288"
"43","267935","20221006051000","58","0","彰化縣","秀水鄉","120.500","24.060","46"
"184","267946","20221006051000","194","0","彰化縣","秀水鄉","120.490","24.050","177"
"43","267947","20221006051000","27","3","彰化縣","秀水鄉","120.495","24.050","44"
"35","267949","20221006051000","391","0","彰化縣","秀水鄉","120.500","24.050","54"
"15","267955","20221006051000","243","0","彰化縣","秀水鄉","120.495","24.060","14"
"77","267957","20221006051000","769","0","彰化縣","秀水鄉","120.500","24.030","70"
"158","267959","20221006051000","1036","0","彰化縣","秀水鄉","120.495","24.035","167"
"33","267960","20221006051000","406","0","彰化縣","秀水鄉","120.500","24.035","44"
"106","267964","20221006051000","81","2","彰化縣","秀水鄉","120.520","24.025","96"
"42","267966","20221006051000","596","0","彰化縣","秀水鄉","120.520","24.030","41"
"623","267972","20221006051000","529","1","彰化縣","鹿港鎮","120.435","24.065","626"
"485","267973","20221006051000","553","0","彰化縣","鹿港鎮","120.440","24.065","469"
"433","267975","20221006051000","415","1","彰化縣","鹿港鎮","120.435","24.070","459"
"15","267978","20221006051000","281","0","彰化縣","鹿港鎮","120.425","24.075","17"
"747","267984","20221006051000","708","1","彰化縣","鹿港鎮","120.410","24.080","724"
"116","267987","20221006051000","114","1","彰化縣","鹿港鎮","120.425","24.080","133"
"12","267991","20221006051000","299","0","彰化縣","鹿港鎮","120.445","24.080","10"
"273","267999","20221006051000","194","2","彰化縣","鹿港鎮","120.415","24.080","282"
"389","268001","20221006051000","307","2","彰化縣","鹿港鎮","120.425","24.085","386"
"891","268005","20221006051000","600","2","彰化縣","鹿港鎮","120.445","24.085","885"
"672","268020","20221006051000","475","2","彰化縣","鹿港鎮","120.475","24.065","625"
"23","268028","20221006051000","310","0","彰化縣","鹿港鎮","120.485","24.080","20"
"798","268031","20221006051000","466","3","彰化縣","鹿港鎮","120.485","24.085","793"
"914","268032","20221006051000","956","0","彰化縣","鹿港鎮","120.430","24.060","932"
"330","268034","20221006051000","738","0","彰化縣","彰化市","120.525","24.060","294"
"915","268035","20221006051000","1068","0","彰化縣","彰化市","120.525","24.065","924"
"100","268044","20221006051000","459","0","彰化縣","鹿港鎮","120.450","24.095","125"
"122","268053","20221006051000","40","3","彰化縣","鹿港鎮","120.470","24.075","67"
"156","268057","20221006051000","957","0","彰化縣","鹿港鎮","120.475","24.080","143"
"150","268061","20221006051000","211","0","彰化縣","鹿港鎮","120.430","24.055","161"
"15","268068","20221006051000","151","0","彰化縣","芬園鄉","120.625","24.025","12"
"30","268073","20221006051000","21","2","彰化縣","芬園鄉","120.615","24.015","28"
"61","268074","20221006051000","66","0","彰化縣","芬園鄉","120.620","24.015","58"
"28","268077","20221006051000","411","0","彰化縣","福興鄉","120.480","24.045","27"
"1136","268085","20221006051000","1108","1","彰化縣","鹿港鎮","120.470","24.055","1052"
"190","268089","20221006051000","202","0","彰化縣","鹿港鎮","120.460","24.060","216"
"142","268108","20221006051000","116","2","彰化縣","鹿港鎮","120.385","24.060","127"
"191","268109","20221006051000","127","3","彰化縣","鹿港鎮","120.390","24.060","185"
"221","268110","20221006051000","214","1","彰化縣","鹿港鎮","120.395","24.060","229"
"10","268126","20221006051000","14","0","彰化縣","鹿港鎮","120.390","24.065","17"
"269","268128","20221006051000","137","3","彰化縣","鹿港鎮","120.400","24.065","266"
"72","268129","20221006051000","64","1","彰化縣","鹿港鎮","120.405","24.065","68"
"427","268130","20221006051000","290","2","彰化縣","鹿港鎮","120.410","24.065","446"
"557","268134","20221006051000","426","2","彰化縣","鹿港鎮","120.430","24.065","570"
"57","268144","20221006051000","49","1","彰化縣","鹿港鎮","120.395","24.070","52"
"153","268157","20221006051000","144","1","彰化縣","鹿港鎮","120.390","24.075","122"
"34","268158","20221006051000","83","0","彰化縣","鹿港鎮","120.395","24.075","37"
"83","268161","20221006051000","81","1","彰化縣","鹿港鎮","120.410","24.075","99"
"53","268162","20221006051000","113","0","彰化縣","鹿港鎮","120.415","24.075","58"
"534","268170","20221006051000","449","1","彰化縣","鹿港鎮","120.395","24.080","507"
"1552","268172","20221006051000","1667","0","彰化縣","鹿港鎮","120.440","24.055","1501"
"77","268173","20221006051000","1039","0","彰化縣","鹿港鎮","120.440","24.060","76"
"1855","268175","20221006051000","1755","1","彰化縣","福興鄉","120.440","24.045","1854"
"10","268176","20221006051000","116","0","彰化縣","花壇鄉","120.550","24.040","12"
"24","268203","20221006051000","14","3","彰化縣","芬園鄉","120.595","24.035","28"
"254","268205","20221006051000","235","1","彰化縣","芬園鄉","120.605","24.035","263"
"422","268224","20221006051000","369","1","彰化縣","芬園鄉","120.650","24.020","421"
"137","268226","20221006051000","175","0","彰化縣","芬園鄉","120.635","24.025","150"
"355","268233","20221006051000","343","1","彰化縣","福興鄉","120.440","24.035","340"
"688","268245","20221006051000","362","3","彰化縣","秀水鄉","120.490","24.070","594"
"316","268249","20221006051000","248","2","彰化縣","秀水鄉","120.505","24.030","294"
"119","268253","20221006051000","635","0","彰化縣","秀水鄉","120.505","24.040","119"
"36","268258","20221006051000","308","0","彰化縣","秀水鄉","120.515","24.020","29"
"17","268261","20221006051000","454","0","彰化縣","福興鄉","120.450","24.030","19"
"536","268262","20221006051000","397","2","彰化縣","福興鄉","120.455","24.030","544"
"878","268271","20221006051000","757","1","彰化縣","福興鄉","120.420","24.035","854"
"38","268274","20221006051000","366","0","彰化縣","福興鄉","120.425","24.035","38"
"425","268277","20221006051000","343","2","彰化縣","芬園鄉","120.660","24.015","422"
"70","268289","20221006051000","633","0","彰化縣","芬園鄉","120.625","24.020","64"
"45","268296","20221006051000","510","0","彰化縣","福興鄉","120.470","24.020","37"
"694","268297","20221006051000","311","3","彰化縣","秀水鄉","120.505","24.035","696"
"23","268301","20221006051000","322","0","彰化縣","秀水鄉","120.495","24.040","33"
"23","268303","20221006051000","332","0","彰化縣","秀水鄉","120.500","24.040","23"
"638","268308","20221006051000","288","3","彰化縣","秀水鄉","120.510","24.045","831"
"644","268316","20221006051000","573","1","彰化縣","花壇鄉","120.530","24.020","645"
"304","268321","20221006051000","339","0","彰化縣","花壇鄉","120.530","24.040","346"
"39","268322","20221006051000","108","0","彰化縣","花壇鄉","120.520","24.045","41"
"32","268324","20221006051000","579","0","彰化縣","花壇鄉","120.530","24.045","26"
"282","268327","20221006051000","246","1","彰化縣","花壇鄉","120.535","24.030","284"
"546","268328","20221006051000","516","1","彰化縣","花壇鄉","120.535","24.035","562"
"34","268329","20221006051000","243","0","彰化縣","花壇鄉","120.535","24.040","35"
"43","268331","20221006051000","634","0","彰化縣","花壇鄉","120.545","24.040","49"
"460","268333","20221006051000","354","2","彰化縣","花壇鄉","120.540","24.040","462"
"335","268335","20221006051000","299","1","彰化縣","花壇鄉","120.555","24.020","300"
"55","268336","20221006051000","751","0","彰化縣","花壇鄉","120.540","24.025","44"
"397","268338","20221006051000","342","1","彰化縣","花壇鄉","120.550","24.025","401"
"229","268339","20221006051000","177","2","彰化縣","花壇鄉","120.555","24.025","224"
"139","268347","20221006051000","130","1","彰化縣","花壇鄉","120.565","24.020","162"
"92","268356","20221006051000","79","1","彰化縣","花壇鄉","120.575","24.035","94"
"54","268370","20221006051000","108","0","彰化縣","花壇鄉","120.560","24.015","59"
"59","268371","20221006051000","62","0","彰化縣","花壇鄉","120.570","24.020","58"
"22","268375","20221006051000","19","1","彰化縣","花壇鄉","120.595","24.020","25"
"14","268380","20221006051000","10","2","彰化縣","花壇鄉","120.585","24.030","14"
"119","268381","20221006051000","826","0","彰化縣","花壇鄉","120.545","24.045","104"
"34","268391","20221006051000","21","3","彰化縣","花壇鄉","120.540","24.020","27"
"1646","268393","20221006051000","1322","2","彰化縣","花壇鄉","120.535","24.025","1639"
"20","268399","20221006051000","217","0","彰化縣","福興鄉","120.480","24.020","21"
"20","269403","20221006051000","12","3","彰化縣","鹿港鎮","120.395","24.105","20"
"888","274405","20221006051000","1189","0","臺中市","太平區","120.720","24.135","891"
"2039","274408","20221006051000","1765","1","臺中市","太平區","120.720","24.115","2056"
"112","274410","20221006051000","87","2","臺中市","太平區","120.755","24.120","122"
"136","274476","20221006051000","160","0","臺中市","太平區","120.810","24.140","157"
"4875","274515","20221006051000","2167","3","臺中市","南屯區","120.645","24.135","4817"
"2837","274516","20221006051000","3134","0","臺中市","南屯區","120.650","24.140","2893"
"2424","274517","20221006051000","1953","2","臺中市","南屯區","120.650","24.150","2408"
"869","274518","20221006051000","967","0","臺中市","西屯區","120.650","24.155","871"
"25","274519","20221006051000","424","0","臺中市","南屯區","120.650","24.135","33"
"1765","274520","20221006051000","1328","2","臺中市","南屯區","120.650","24.130","1776"
"667","274521","20221006051000","541","2","臺中市","南屯區","120.610","24.150","657"
"1966","274522","20221006051000","1928","1","臺中市","南屯區","120.615","24.150","1947"
"549","274524","20221006051000","405","2","臺中市","南屯區","120.605","24.155","554"
"312","274525","20221006051000","225","2","臺中市","南屯區","120.610","24.155","310"
"71","274530","20221006051000","65","1","臺中市","南屯區","120.600","24.160","76"
"303","274531","20221006051000","330","0","臺中市","南屯區","120.605","24.160","298"
"108","274534","20221006051000","61","3","臺中市","南屯區","120.590","24.165","119"
"1461","274535","20221006051000","1617","0","臺中市","北區","120.690","24.155","1431"
"1947","274536","20221006051000","2111","0","臺中市","北屯區","120.695","24.165","1986"
"1826","274537","20221006051000","1636","1","臺中市","北屯區","120.700","24.160","1850"
"2211","274538","20221006051000","1711","2","臺中市","北區","120.690","24.160","2180"
"1692","274539","20221006051000","1919","0","臺中市","北區","120.680","24.150","1581"
"2668","274540","20221006051000","1324","3","臺中市","北區","120.685","24.150","2600"
"1093","274541","20221006051000","1782","0","臺中市","南區","120.660","24.125","997"
"2339","274543","20221006051000","2185","1","臺中市","南區","120.675","24.125","2359"
"54","274544","20221006051000","70","0","臺中市","北屯區","120.665","24.185","59"
"886","274545","20221006051000","659","2","臺中市","北屯區","120.725","24.170","848"
"704","274546","20221006051000","1317","0","臺中市","北屯區","120.720","24.175","704"
"1635","274547","20221006051000","1515","1","臺中市","北屯區","120.725","24.175","1649"
"2328","274549","20221006051000","1972","1","臺中市","北屯區","120.725","24.180","2288"
"384","274551","20221006051000","329","1","臺中市","北屯區","120.735","24.180","360"
"1472","274554","20221006051000","1499","0","臺中市","西區","120.675","24.140","1559"
"1357","274556","20221006051000","1328","1","臺中市","大里區","120.675","24.105","1363"
"715","274558","20221006051000","770","0","臺中市","大里區","120.675","24.115","721"
"1632","274559","20221006051000","1630","1","臺中市","西屯區","120.615","24.175","1654"
"835","274560","20221006051000","545","3","臺中市","西屯區","120.630","24.175","810"
"2468","274561","20221006051000","2430","1","臺中市","西屯區","120.615","24.180","2468"
"1206","274562","20221006051000","1255","0","臺中市","西屯區","120.625","24.180","1242"
"869","274564","20221006051000","788","1","臺中市","西屯區","120.630","24.180","866"
"3033","274566","20221006051000","2894","1","臺中市","西屯區","120.640","24.175","2989"
"1748","274567","20221006051000","1645","1","臺中市","西屯區","120.635","24.175","1754"
"1558","274568","20221006051000","934","3","臺中市","西屯區","120.635","24.180","1551"
"126","274569","20221006051000","1061","0","臺中市","西屯區","120.630","24.185","138"
"106","274571","20221006051000","886","0","臺中市","北屯區","120.715","24.175","104"
"1323","274572","20221006051000","1142","1","臺中市","北屯區","120.715","24.180","1340"
"177","274575","20221006051000","511","0","臺中市","北屯區","120.715","24.185","174"
"64","274577","20221006051000","45","2","臺中市","北屯區","120.730","24.185","75"
"455","274578","20221006051000","322","2","臺中市","北屯區","120.720","24.185","455"
"1410","274581","20221006051000","2233","0","臺中市","北區","120.665","24.165","1442"
"1654","274582","20221006051000","2148","0","臺中市","北區","120.670","24.165","1820"
"607","274583","20221006051000","371","3","臺中市","南區","120.670","24.125","587"
"1803","274585","20221006051000","1711","1","臺中市","西屯區","120.610","24.185","1796"
"399","274586","20221006051000","388","1","臺中市","西屯區","120.600","24.180","395"
"1575","274587","20221006051000","1422","1","臺中市","西屯區","120.605","24.180","1617"
"259","274591","20221006051000","1990","0","臺中市","龍井區","120.530","24.180","262"
"684","274593","20221006051000","1307","0","臺中市","烏日區","120.635","24.100","680"
"1330","274595","20221006051000","1610","0","臺中市","烏日區","120.635","24.105","1319"
"1124","274596","20221006051000","1143","0","臺中市","烏日區","120.640","24.105","1106"
"57","274603","20221006051000","539","0","臺中市","大肚區","120.530","24.160","48"
"1942","274608","20221006051000","1322","2","臺中市","西區","120.670","24.135","1932"
"654","274609","20221006051000","1639","0","臺中市","西區","120.655","24.150","794"
"3454","274610","20221006051000","3162","1","臺中市","西區","120.655","24.135","3502"
"2259","274611","20221006051000","2724","0","臺中市","西區","120.655","24.145","2354"
"1897","274612","20221006051000","2023","0","臺中市","西區","120.670","24.130","1864"
"287","274615","20221006051000","315","0","臺中市","太平區","120.735","24.135","286"
"30","274616","20221006051000","18","3","臺中市","太平區","120.740","24.140","34"
"2257","274620","20221006051000","1788","2","臺中市","北區","120.685","24.160","2291"
"2075","274621","20221006051000","1711","2","臺中市","北區","120.675","24.150","2143"
"1667","274623","20221006051000","795","3","臺中市","北區","120.690","24.150","1616"
"1461","274624","20221006051000","1190","2","臺中市","南區","120.680","24.120","1484"
"2170","274625","20221006051000","1876","1","臺中市","大里區","120.685","24.120","2183"
"1063","274626","20221006051000","940","1","臺中市","南區","120.660","24.120","1066"
"1679","274627","20221006051000","963","3","臺中市","南區","120.675","24.120","1695"
"1100","274628","20221006051000","1422","0","臺中市","東區","120.695","24.130","1103"
"1510","274629","20221006051000","2098","0","臺中市","西屯區","120.620","24.185","1520"
"1193","274630","20221006051000","825","2","臺中市","西屯區","120.615","24.185","1135"
"781","274631","20221006051000","1276","0","臺中市","西屯區","120.620","24.190","803"
"3698","274632","20221006051000","3600","1","臺中市","西屯區","120.605","24.185","3728"
"688","274634","20221006051000","706","0","臺中市","西屯區","120.600","24.185","628"
"852","274636","20221006051000","487","3","臺中市","東區","120.705","24.130","817"
"178","274637","20221006051000","787","0","臺中市","東區","120.705","24.135","189"
"2900","274639","20221006051000","1995","2","臺中市","東區","120.695","24.145","2948"
"68","274640","20221006051000","121","0","臺中市","東區","120.700","24.145","58"
"1716","274641","20221006051000","1357","2","臺中市","東區","120.695","24.125","1679"
"2646","274642","20221006051000","1896","2","臺中市","大里區","120.680","24.110","2749"
"198","274644","20221006051000","201","0","臺中市","大里區","120.665","24.100","201"
"55","274646","20221006051000","587","0","臺中市","大里區","120.665","24.105","50"
"208","274647","20221006051000","153","2","臺中市","大里區","120.670","24.105","181"
"45","274648","20221006051000","649","0","臺中市","大里區","120.665","24.110","41"
"1102","274649","20221006051000","856","2","臺中市","大里區","120.670","24.110","1126"
"705","274650","20221006051000","689","1","臺中市","大里區","120.700","24.105","701"
"218","274683","20221006051000","205","1","臺中市","太平區","120.765","24.110","213"
"60","274707","20221006051000","67","0","臺中市","太平區","120.795","24.115","73"
"354","274737","20221006051000","505","0","臺中市","太平區","120.720","24.140","366"
"1124","274738","20221006051000","745","3","臺中市","太平區","120.725","24.135","1154"
"1324","274739","20221006051000","845","3","臺中市","大里區","120.695","24.120","1316"
"199","274741","20221006051000","143","2","臺中市","東區","120.700","24.130","191"
"196","274742","20221006051000","145","2","臺中市","東區","120.700","24.135","181"
"1829","274744","20221006051000","2016","0","臺中市","大里區","120.685","24.105","1833"
"107","274781","20221006051000","64","3","臺中市","新社區","120.825","24.165","127"
"71","274785","20221006051000","51","2","臺中市","新社區","120.835","24.170","71"
"1115","274786","20221006051000","684","3","臺中市","西屯區","120.610","24.180","1078"
"30","274787","20221006051000","466","0","臺中市","南區","120.680","24.125","33"
"1333","274788","20221006051000","683","3","臺中市","東區","120.685","24.135","1363"
"3182","274789","20221006051000","1826","3","臺中市","北區","120.685","24.145","3064"
"4466","274790","20221006051000","3729","1","臺中市","北屯區","120.670","24.175","4293"
"812","274792","20221006051000","707","1","臺中市","東區","120.695","24.135","792"
"71","274805","20221006051000","55","2","臺中市","新社區","120.825","24.155","68"
"213","274823","20221006051000","185","1","臺中市","新社區","120.800","24.180","227"
"128","274835","20221006051000","1476","0","臺中市","大肚區","120.540","24.150","133"
"269","274842","20221006051000","248","1","臺中市","大肚區","120.540","24.170","266"
"31","274852","20221006051000","35","0","臺中市","大肚區","120.525","24.175","30"
"75","274869","20221006051000","402","0","臺中市","大肚區","120.545","24.135","75"
"19","274873","20221006051000","232","0","臺中市","大肚區","120.550","24.140","16"
"172","274874","20221006051000","165","1","臺中市","大肚區","120.555","24.140","188"
"2176","274883","20221006051000","2032","1","臺中市","北區","120.670","24.155","2292"
"640","274884","20221006051000","595","1","臺中市","西屯區","120.655","24.175","639"
"125","274885","20221006051000","643","0","臺中市","西屯區","120.660","24.175","118"
"1237","274889","20221006051000","962","2","臺中市","大肚區","120.580","24.110","1222"
"33","274891","20221006051000","322","0","臺中市","大肚區","120.570","24.115","25"
"151","274895","20221006051000","161","0","臺中市","大肚區","120.545","24.145","154"
"181","274897","20221006051000","1552","0","臺中市","大肚區","120.550","24.150","174"
"1411","274905","20221006051000","965","2","臺中市","南區","120.650","24.115","1398"
"58","274907","20221006051000","386","0","臺中市","南區","120.650","24.120","54"
"1272","274908","20221006051000","1357","0","臺中市","南區","120.655","24.120","1265"
"1083","274910","20221006051000","1062","1","臺中市","南區","120.645","24.110","1054"
"1691","274911","20221006051000","1816","0","臺中市","南區","120.650","24.110","1672"
"1480","274912","20221006051000","1373","1","臺中市","南區","120.655","24.110","1461"
"760","274913","20221006051000","1271","0","臺中市","南區","120.670","24.115","757"
"444","274917","20221006051000","304","2","臺中市","龍井區","120.575","24.180","463"
"1535","274918","20221006051000","1160","2","臺中市","龍井區","120.580","24.180","1506"
"183","274921","20221006051000","174","1","臺中市","龍井區","120.580","24.185","200"
"217","274926","20221006051000","198","1","臺中市","新社區","120.815","24.180","210"
"75","274950","20221006051000","60","2","南投縣","國姓鄉","120.855","24.120","30"
"17","274969","20221006051000","20","0","臺中市","新社區","120.840","24.130","19"
"57","274972","20221006051000","46","2","臺中市","新社區","120.855","24.130","51"
"47","274982","20221006051000","39","2","臺中市","新社區","120.855","24.135","43"
"188","275027","20221006051000","106","3","臺中市","新社區","120.885","24.160","173"
"1225","275034","20221006051000","1656","0","臺中市","北區","120.675","24.165","1218"
"4304","275035","20221006051000","3360","2","臺中市","北區","120.680","24.165","4342"
"1497","275036","20221006051000","2017","0","臺中市","北區","120.675","24.170","1488"
"1141","275037","20221006051000","1030","1","臺中市","南區","120.655","24.115","1126"
"1527","275038","20221006051000","2646","0","臺中市","南區","120.660","24.115","1535"
"2868","275039","20221006051000","2263","2","臺中市","南區","120.665","24.120","2862"
"2398","275040","20221006051000","1821","2","臺中市","南區","120.670","24.120","2360"
"124","275041","20221006051000","905","0","臺中市","太平區","120.715","24.115","122"
"1304","275042","20221006051000","1182","1","臺中市","太平區","120.720","24.120","1296"
"3308","275043","20221006051000","4024","0","臺中市","西屯區","120.645","24.175","3361"
"2904","275044","20221006051000","3769","0","臺中市","西屯區","120.650","24.175","2857"
"340","275045","20221006051000","244","2","臺中市","西屯區","120.640","24.185","325"
"125","275048","20221006051000","113","1","臺中市","西屯區","120.625","24.155","118"
"477","275049","20221006051000","397","2","臺中市","西屯區","120.625","24.160","460"
"1834","275052","20221006051000","2029","0","臺中市","龍井區","120.585","24.180","1807"
"2510","275053","20221006051000","2881","0","臺中市","西屯區","120.590","24.185","2486"
"484","275054","20221006051000","588","0","臺中市","龍井區","120.585","24.185","497"
"1326","275055","20221006051000","2321","0","臺中市","龍井區","120.590","24.180","1297"
"642","275056","20221006051000","415","3","臺中市","西屯區","120.595","24.190","642"
"725","275061","20221006051000","804","0","臺中市","東區","120.710","24.145","807"
"1299","275062","20221006051000","1247","1","臺中市","東區","120.710","24.140","1288"
"173","275064","20221006051000","237","0","臺中市","大里區","120.695","24.100","197"
"406","275065","20221006051000","531","0","臺中市","大里區","120.700","24.100","420"
"1545","275066","20221006051000","1354","1","臺中市","大里區","120.685","24.110","1511"
"718","275067","20221006051000","411","3","臺中市","大里區","120.690","24.110","703"
"599","275069","20221006051000","492","2","臺中市","太平區","120.730","24.100","589"
"487","275075","20221006051000","540","0","臺中市","太平區","120.730","24.105","482"
"685","275076","20221006051000","427","3","臺中市","太平區","120.735","24.120","716"
"11","275081","20221006051000","13","0","臺中市","太平區","120.745","24.125","16"
"442","275082","20221006051000","264","3","臺中市","太平區","120.740","24.130","429"
"1464","275083","20221006051000","1203","2","臺中市","北區","120.680","24.155","1544"
"334","275084","20221006051000","305","1","臺中市","太平區","120.750","24.125","334"
"22","275090","20221006051000","39","0","臺中市","太平區","120.755","24.135","23"
"714","275099","20221006051000","455","3","臺中市","太平區","120.735","24.110","700"
"1178","275110","20221006051000","965","2","臺中市","西區","120.665","24.130","1157"
"1604","275111","20221006051000","1767","0","臺中市","東區","120.690","24.125","1589"
"783","275114","20221006051000","552","2","臺中市","西區","120.665","24.135","850"
"1451","275115","20221006051000","1728","0","臺中市","西區","120.670","24.140","1468"
"1394","275116","20221006051000","910","3","臺中市","南區","120.655","24.130","1403"
"1370","275118","20221006051000","1639","0","臺中市","北區","120.695","24.155","1346"
"2204","275119","20221006051000","1897","1","臺中市","北區","120.695","24.160","2195"
"6019","275120","20221006051000","3678","3","臺中市","西區","120.660","24.135","5919"
"927","275121","20221006051000","917","1","臺中市","東區","120.685","24.130","955"
"2178","275122","20221006051000","1323","3","臺中市","南區","120.675","24.130","2214"
"2372","275123","20221006051000","1946","2","臺中市","南屯區","120.635","24.145","2476"
"4069","275124","20221006051000","2248","3","臺中市","南屯區","120.640","24.145","3695"
"2402","275125","20221006051000","1783","2","臺中市","西區","120.670","24.145","2540"
"3010","275126","20221006051000","2819","1","臺中市","北區","120.665","24.160","2483"
"854","275128","20221006051000","1620","0","臺中市","北區","120.675","24.160","890"
"1402","275129","20221006051000","1619","0","臺中市","北區","120.675","24.145","1349"
"2032","275130","20221006051000","1760","1","臺中市","北屯區","120.700","24.185","2134"
"665","275133","20221006051000","239","3","臺中市","北屯區","120.660","24.185","673"
"2027","275134","20221006051000","1490","2","臺中市","北屯區","120.660","24.180","2018"
"373","275137","20221006051000","277","2","臺中市","龍井區","120.565","24.175","372"
"3895","275141","20221006051000","4022","0","臺中市","南屯區","120.655","24.140","3797"
"217","275142","20221006051000","943","0","臺中市","西區","120.665","24.140","224"
"849","275143","20221006051000","691","2","臺中市","西屯區","120.625","24.185","868"
"2191","275144","20221006051000","1968","1","臺中市","西屯區","120.655","24.160","2164"
"1250","275145","20221006051000","1115","1","臺中市","西屯區","120.650","24.165","1259"
"4377","275146","20221006051000","3464","2","臺中市","西屯區","120.655","24.165","4398"
"31","275147","20221006051000","453","0","臺中市","烏日區","120.600","24.120","35"
"57","275154","20221006051000","508","0","臺中市","烏日區","120.605","24.125","60"
"24","275159","20221006051000","82","0","臺中市","南屯區","120.600","24.130","23"
"78","275166","20221006051000","71","1","臺中市","烏日區","120.590","24.110","78"
"2444","275167","20221006051000","1673","2","臺中市","烏日區","120.595","24.110","2389"
"1019","275174","20221006051000","778","2","臺中市","烏日區","120.615","24.105","1025"
"215","275175","20221006051000","126","3","臺中市","烏日區","120.615","24.110","213"
"292","275177","20221006051000","1133","0","臺中市","烏日區","120.625","24.110","288"
"13","275178","20221006051000","202","0","臺中市","烏日區","120.615","24.115","13"
"936","275179","20221006051000","2136","0","臺中市","北區","120.685","24.165","1032"
"359","275181","20221006051000","1944","0","臺中市","北屯區","120.725","24.160","533"
"568","275185","20221006051000","518","1","臺中市","北屯區","120.725","24.165","615"
"1588","275187","20221006051000","1456","1","臺中市","北屯區","120.735","24.165","1643"
"48","275188","20221006051000","50","0","臺中市","北屯區","120.740","24.165","48"
"570","275189","20221006051000","403","2","臺中市","北屯區","120.730","24.170","556"
"362","275192","20221006051000","718","0","臺中市","北屯區","120.735","24.175","375"
"457","275193","20221006051000","438","1","臺中市","北屯區","120.740","24.175","490"
"2211","275194","20221006051000","2439","0","臺中市","北區","120.670","24.170","2134"
"956","275195","20221006051000","985","0","臺中市","北屯區","120.690","24.170","1014"
"1276","275196","20221006051000","680","3","臺中市","北屯區","120.675","24.175","1340"
"5216","275197","20221006051000","3959","2","臺中市","北屯區","120.680","24.175","5133"
"3301","275198","20221006051000","2990","1","臺中市","北屯區","120.685","24.175","3306"
"4053","275199","20221006051000","4067","0","臺中市","南屯區","120.635","24.150","3877"
"1089","275200","20221006051000","808","2","臺中市","南屯區","120.640","24.150","1035"
"1582","275201","20221006051000","1993","0","臺中市","南屯區","120.635","24.155","1566"
"1996","275202","20221006051000","1441","2","臺中市","北屯區","120.685","24.190","2030"
"12","275203","20221006051000","101","0","臺中市","南屯區","120.620","24.115","16"
"2194","275204","20221006051000","1362","3","臺中市","南屯區","120.625","24.115","2193"
"364","275206","20221006051000","368","0","臺中市","南屯區","120.625","24.120","375"
"2630","275207","20221006051000","2797","0","臺中市","西屯區","120.650","24.180","2608"
"2607","275208","20221006051000","1794","2","臺中市","西屯區","120.635","24.185","2525"
"4476","275209","20221006051000","4254","1","臺中市","西屯區","120.645","24.180","4467"
"2398","275210","20221006051000","2153","1","臺中市","西屯區","120.640","24.180","2441"
"574","275211","20221006051000","331","3","臺中市","西屯區","120.655","24.185","570"
"1281","275212","20221006051000","818","3","臺中市","西屯區","120.660","24.165","1265"
"2199","275213","20221006051000","1834","1","臺中市","西屯區","120.650","24.160","2137"
"408","275214","20221006051000","461","0","臺中市","西屯區","120.665","24.170","445"
"567","275215","20221006051000","499","1","臺中市","大里區","120.710","24.110","563"
"354","275217","20221006051000","477","0","臺中市","太平區","120.710","24.115","368"
"114","275219","20221006051000","149","0","臺中市","太平區","120.710","24.120","126"
"712","275221","20221006051000","653","1","臺中市","太平區","120.705","24.125","715"
"527","275222","20221006051000","489","1","臺中市","太平區","120.710","24.125","527"
"1135","275223","20221006051000","1272","0","臺中市","太平區","120.715","24.125","1122"
"1617","275227","20221006051000","1161","2","臺中市","北屯區","120.670","24.180","1417"
"1032","275228","20221006051000","667","3","臺中市","北屯區","120.665","24.180","1049"
"83","275229","20221006051000","870","0","臺中市","北屯區","120.700","24.165","65"
"1625","275230","20221006051000","2445","0","臺中市","北屯區","120.700","24.170","1625"
"1219","275231","20221006051000","694","3","臺中市","北屯區","120.705","24.165","1196"
"1098","275232","20221006051000","769","2","臺中市","北屯區","120.675","24.180","1184"
"551","275233","20221006051000","368","2","臺中市","北屯區","120.675","24.185","514"
"2912","275234","20221006051000","1782","3","臺中市","北屯區","120.680","24.180","2917"
"2273","275235","20221006051000","1801","2","臺中市","北屯區","120.670","24.185","2230"
"848","275237","20221006051000","463","3","臺中市","北屯區","120.675","24.190","863"
"44","275238","20221006051000","707","0","臺中市","北屯區","120.680","24.185","37"
"3470","275239","20221006051000","3537","0","臺中市","北區","120.680","24.160","3209"
"2111","275240","20221006051000","2666","0","臺中市","南區","120.660","24.110","2069"
"2300","275241","20221006051000","2224","1","臺中市","南區","120.665","24.115","2339"
"2051","275242","20221006051000","2239","0","臺中市","南區","120.665","24.125","2062"
"1385","275243","20221006051000","1519","0","臺中市","南區","120.655","24.125","1412"
"1431","275245","20221006051000","1259","1","臺中市","南屯區","120.645","24.145","1478"
"2682","275246","20221006051000","3147","0","臺中市","西區","120.650","24.145","2663"
"83","275247","20221006051000","128","0","臺中市","南屯區","120.600","24.140","90"
"599","275249","20221006051000","482","2","臺中市","南屯區","120.610","24.140","595"
"312","275250","20221006051000","249","2","臺中市","南屯區","120.615","24.140","325"
"492","275251","20221006051000","306","3","臺中市","南屯區","120.600","24.145","484"
"1677","275252","20221006051000","1020","3","臺中市","南屯區","120.605","24.145","1689"
"1132","275253","20221006051000","695","3","臺中市","南屯區","120.610","24.145","1153"
"983","275254","20221006051000","1193","0","臺中市","南屯區","120.615","24.145","973"
"450","275255","20221006051000","424","1","臺中市","南屯區","120.620","24.145","493"
"32","275256","20221006051000","35","0","臺中市","南屯區","120.595","24.150","33"
"190","275257","20221006051000","117","3","臺中市","南屯區","120.600","24.150","191"
"10","275259","20221006051000","36","0","臺中市","南屯區","120.580","24.155","10"
"2561","275267","20221006051000","2911","0","臺中市","北屯區","120.690","24.185","2594"
"17","275268","20221006051000","21","0","臺中市","北屯區","120.690","24.190","16"
"479","275270","20221006051000","466","1","臺中市","大肚區","120.555","24.130","486"
"544","275272","20221006051000","488","1","臺中市","大肚區","120.555","24.135","551"
"541","275278","20221006051000","474","1","臺中市","南屯區","120.620","24.140","512"
"266","275280","20221006051000","259","1","臺中市","南屯區","120.625","24.145","270"
"404","275281","20221006051000","380","1","臺中市","南屯區","120.630","24.145","401"
"424","275284","20221006051000","364","1","臺中市","南屯區","120.610","24.130","409"
"637","275286","20221006051000","311","3","臺中市","南屯區","120.600","24.135","610"
"434","275288","20221006051000","446","0","臺中市","南屯區","120.610","24.135","437"
"217","275291","20221006051000","234","0","臺中市","南屯區","120.595","24.135","237"
"818","275293","20221006051000","800","1","臺中市","南屯區","120.605","24.135","785"
"2034","275294","20221006051000","1477","2","臺中市","南屯區","120.615","24.135","2062"
"64","275297","20221006051000","35","3","臺中市","南屯區","120.590","24.140","68"
"369","275302","20221006051000","260","2","臺中市","南屯區","120.590","24.145","378"
"18","275303","20221006051000","59","0","臺中市","南屯區","120.595","24.145","16"
"134","275307","20221006051000","96","2","臺中市","南屯區","120.590","24.150","136"
"175","275309","20221006051000","230","0","臺中市","南屯區","120.630","24.115","175"
"60","275311","20221006051000","364","0","臺中市","南屯區","120.630","24.120","72"
"425","275312","20221006051000","357","1","臺中市","南屯區","120.635","24.120","430"
"115","275314","20221006051000","37","3","臺中市","南屯區","120.625","24.135","111"
"3136","275315","20221006051000","2134","2","臺中市","南屯區","120.630","24.135","3021"
"807","275316","20221006051000","625","2","臺中市","南屯區","120.630","24.140","832"
"3357","275317","20221006051000","2249","2","臺中市","南屯區","120.635","24.140","3441"
"1753","275318","20221006051000","863","3","臺中市","南屯區","120.645","24.150","1578"
"2055","275319","20221006051000","1110","3","臺中市","南屯區","120.640","24.140","2105"
"1938","275320","20221006051000","2428","0","臺中市","南屯區","120.645","24.140","1836"
"517","275322","20221006051000","307","3","臺中市","南屯區","120.635","24.125","541"
"834","275325","20221006051000","487","3","臺中市","南屯區","120.635","24.130","838"
"1679","275326","20221006051000","1081","3","臺中市","南屯區","120.645","24.130","1686"
"1767","275328","20221006051000","732","3","臺中市","南屯區","120.640","24.135","1769"
"187","275329","20221006051000","512","0","臺中市","南屯區","120.640","24.130","173"
"92","275330","20221006051000","50","3","臺中市","南屯區","120.620","24.125","92"
"764","275332","20221006051000","322","3","臺中市","南屯區","120.630","24.125","764"
"140","275333","20221006051000","109","2","臺中市","南屯區","120.620","24.130","153"
"332","275336","20221006051000","149","3","臺中市","南屯區","120.640","24.125","326"
"379","275337","20221006051000","295","2","臺中市","南屯區","120.620","24.135","348"
"2044","275340","20221006051000","2245","0","臺中市","太平區","120.700","24.150","2026"
"1187","275341","20221006051000","1096","1","臺中市","北區","120.700","24.155","1190"
"2685","275343","20221006051000","2019","2","臺中市","北屯區","120.685","24.180","2700"
"1210","275344","20221006051000","1142","1","臺中市","北屯區","120.690","24.180","1190"
"134","275350","20221006051000","278","0","臺中市","北屯區","120.745","24.160","130"
"157","275354","20221006051000","138","1","臺中市","太平區","120.770","24.160","160"
"11","275362","20221006051000","12","0","臺中市","北屯區","120.745","24.170","11"
"213","275365","20221006051000","148","2","臺中市","北屯區","120.760","24.170","232"
"24","275380","20221006051000","208","0","臺中市","北屯區","120.775","24.175","20"
"117","275382","20221006051000","52","3","臺中市","北屯區","120.785","24.175","109"
"131","275386","20221006051000","140","0","臺中市","北屯區","120.750","24.180","128"
"911","275391","20221006051000","1262","0","臺中市","北屯區","120.710","24.160","886"
"276","275392","20221006051000","377","0","臺中市","北屯區","120.715","24.160","291"
"329","275393","20221006051000","402","0","臺中市","北屯區","120.710","24.165","333"
"669","275394","20221006051000","600","1","臺中市","北屯區","120.715","24.165","661"
"500","275395","20221006051000","649","0","臺中市","北屯區","120.720","24.165","507"
"1686","275396","20221006051000","1798","0","臺中市","北屯區","120.710","24.170","1700"
"406","275397","20221006051000","456","0","臺中市","北屯區","120.715","24.170","384"
"871","275398","20221006051000","1194","0","臺中市","北屯區","120.720","24.170","878"
"54","275399","20221006051000","50","1","臺中市","大肚區","120.570","24.150","41"
"154","275400","20221006051000","133","1","臺中市","大肚區","120.570","24.155","152"
"1421","275403","20221006051000","1371","1","臺中市","大肚區","120.570","24.160","1533"
"63","275420","20221006051000","48","2","臺中市","大肚區","120.535","24.150","57"
"2537","275421","20221006051000","2283","1","臺中市","西區","120.655","24.155","2486"
"2119","275422","20221006051000","1715","2","臺中市","西區","120.660","24.155","1969"
"724","275423","20221006051000","713","1","臺中市","西區","120.660","24.160","752"
"131","275424","20221006051000","166","0","臺中市","大里區","120.675","24.100","126"
"444","275425","20221006051000","605","0","臺中市","大里區","120.680","24.100","478"
"406","275426","20221006051000","287","2","臺中市","大里區","120.680","24.105","393"
"1659","275427","20221006051000","842","3","臺中市","西區","120.680","24.135","1694"
"1051","275428","20221006051000","1054","0","臺中市","中區","120.680","24.145","943"
"2840","275429","20221006051000","1149","3","臺中市","中區","120.680","24.140","2822"
"2382","275430","20221006051000","1600","2","臺中市","北屯區","120.680","24.170","2480"
"368","275431","20221006051000","934","0","臺中市","北屯區","120.685","24.170","438"
"609","275432","20221006051000","1091","0","臺中市","北屯區","120.690","24.165","615"
"1008","275433","20221006051000","1269","0","臺中市","北屯區","120.695","24.170","995"
"3252","275434","20221006051000","3349","0","臺中市","北屯區","120.695","24.175","3272"
"2715","275435","20221006051000","2526","1","臺中市","北屯區","120.690","24.175","2687"
"1511","275436","20221006051000","1280","1","臺中市","南屯區","120.630","24.150","1547"
"955","275437","20221006051000","598","3","臺中市","南屯區","120.630","24.155","997"
"598","275439","20221006051000","1291","0","臺中市","北屯區","120.710","24.175","596"
"359","275440","20221006051000","403","0","臺中市","北屯區","120.695","24.185","337"
"651","275442","20221006051000","633","1","臺中市","北屯區","120.710","24.180","651"
"141","275443","20221006051000","463","0","臺中市","北屯區","120.705","24.180","142"
"1079","275445","20221006051000","1073","1","臺中市","北屯區","120.705","24.185","1112"
"1875","275457","20221006051000","1395","2","臺中市","北區","120.670","24.160","1972"
"1647","275458","20221006051000","1053","3","臺中市","北區","120.685","24.155","1492"
"1402","275459","20221006051000","968","2","臺中市","北屯區","120.700","24.175","1369"
"669","275461","20221006051000","415","3","臺中市","大里區","120.710","24.100","662"
"847","275462","20221006051000","725","1","臺中市","大里區","120.715","24.100","832"
"1438","275463","20221006051000","1948","0","臺中市","大里區","120.690","24.105","1417"
"523","275464","20221006051000","851","0","臺中市","大里區","120.695","24.105","547"
"631","275466","20221006051000","966","0","臺中市","大里區","120.685","24.100","615"
"3078","275467","20221006051000","2533","2","臺中市","大里區","120.680","24.115","3003"
"16","275468","20221006051000","441","0","臺中市","大里區","120.685","24.115","375"
"1096","275469","20221006051000","1147","0","臺中市","南屯區","120.635","24.135","1086"
"34","275471","20221006051000","807","0","臺中市","大里區","120.695","24.110","43"
"2131","275477","20221006051000","1418","3","臺中市","太平區","120.715","24.155","2050"
"1193","275478","20221006051000","731","3","臺中市","北屯區","120.705","24.170","1192"
"345","275479","20221006051000","331","1","臺中市","北屯區","120.740","24.180","344"
"118","275480","20221006051000","291","0","臺中市","北屯區","120.745","24.180","110"
"52","275492","20221006051000","43","2","臺中市","北屯區","120.770","24.185","44"
"18","275495","20221006051000","35","0","臺中市","北屯區","120.780","24.185","12"
"1538","275504","20221006051000","2068","0","臺中市","北屯區","120.695","24.180","1507"
"2003","275505","20221006051000","1690","1","臺中市","西屯區","120.665","24.175","2068"
"728","275506","20221006051000","596","2","臺中市","西屯區","120.640","24.155","714"
"2164","275507","20221006051000","2350","0","臺中市","西屯區","120.645","24.155","2217"
"960","275508","20221006051000","2274","0","臺中市","西屯區","120.640","24.160","892"
"1586","275509","20221006051000","1144","2","臺中市","西屯區","120.645","24.160","1594"
"356","275510","20221006051000","803","0","臺中市","西屯區","120.640","24.165","366"
"1775","275511","20221006051000","1656","1","臺中市","西屯區","120.645","24.165","1745"
"1355","275512","20221006051000","1243","1","臺中市","西屯區","120.650","24.170","1336"
"853","275513","20221006051000","580","2","臺中市","太平區","120.720","24.145","855"
"617","275515","20221006051000","603","1","臺中市","太平區","120.715","24.145","605"
"1715","275517","20221006051000","1591","1","臺中市","大里區","120.690","24.115","1737"
"686","275518","20221006051000","575","1","臺中市","大里區","120.690","24.120","663"
"855","275519","20221006051000","324","3","臺中市","東區","120.700","24.125","880"
"17","275662","20221006051000","21","0","臺中市","和平區","120.955","24.160","18"
"21","275685","20221006051000","67","0","臺中市","和平區","120.950","24.165","25"
"153","275829","20221006051000","120","2","臺中市","和平區","120.990","24.185","177"
"131","276007","20221006051000","114","1","臺中市","和平區","120.925","24.180","130"
"148","276027","20221006051000","1077","0","臺中市","北屯區","120.700","24.180","148"
"1690","276028","20221006051000","2031","0","臺中市","南區","120.680","24.130","1640"
"1511","276029","20221006051000","2148","0","臺中市","西屯區","120.620","24.180","1472"
"2018","276033","20221006051000","1636","2","臺中市","西屯區","120.650","24.185","2044"
"622","276037","20221006051000","457","2","臺中市","西屯區","120.635","24.160","608"
"1267","276039","20221006051000","1058","1","臺中市","西屯區","120.635","24.165","1263"
"312","276040","20221006051000","234","2","臺中市","西屯區","120.630","24.170","344"
"500","276041","20221006051000","671","0","臺中市","西屯區","120.635","24.170","483"
"1878","276043","20221006051000","1692","1","臺中市","太平區","120.715","24.140","1882"
"82","276044","20221006051000","906","0","臺中市","太平區","120.720","24.155","80"
"2247","276045","20221006051000","2351","0","臺中市","西區","120.660","24.140","2275"
"1936","276046","20221006051000","1944","0","臺中市","西區","120.660","24.145","1848"
"1194","276048","20221006051000","1359","0","臺中市","南區","120.660","24.130","1201"
"84","276451","20221006051000","123","0","花蓮縣","秀林鄉","121.285","24.140","101"
"243","276521","20221006051000","197","2","花蓮縣","秀林鄉","121.635","24.140","248"
"12","276664","20221006051000","72","0","花蓮縣","秀林鄉","121.625","24.150","12"
"148","276735","20221006051000","84","3","花蓮縣","秀林鄉","121.625","24.155","158"
"61","276803","20221006051000","42","2","花蓮縣","秀林鄉","121.620","24.160","60"
"40","276945","20221006051000","39","1","花蓮縣","秀林鄉","121.300","24.175","39"
"43","277000","20221006051000","57","0","花蓮縣","秀林鄉","121.570","24.175","58"
"13","277055","20221006051000","12","1","花蓮縣","秀林鄉","121.510","24.180","13"
"288","277116","20221006051000","190","3","花蓮縣","秀林鄉","121.495","24.180","287"
"557","277183","20221006051000","366","3","花蓮縣","秀林鄉","121.655","24.125","555"
"53","277187","20221006051000","48","1","花蓮縣","秀林鄉","121.645","24.135","54"
"256","277214","20221006051000","225","1","花蓮縣","秀林鄉","121.650","24.155","268"
"124","277223","20221006051000","119","1","花蓮縣","秀林鄉","121.655","24.160","159"
"99","277237","20221006051000","93","1","花蓮縣","秀林鄉","121.655","24.170","121"
"2321","277409","20221006051000","3360","0","臺中市","西屯區","120.645","24.170","2325"
"622","277410","20221006051000","495","2","臺中市","太平區","120.730","24.155","633"
"120","277411","20221006051000","876","0","臺中市","太平區","120.735","24.155","127"
"16","277415","20221006051000","242","0","臺中市","大肚區","120.550","24.120","18"
"971","277420","20221006051000","936","1","臺中市","大肚區","120.570","24.120","960"
"82","277421","20221006051000","685","0","臺中市","大肚區","120.575","24.120","85"
"479","277423","20221006051000","369","2","臺中市","大肚區","120.570","24.125","477"
"41","277425","20221006051000","404","0","臺中市","大肚區","120.580","24.125","34"
"270","277434","20221006051000","235","1","臺中市","大肚區","120.585","24.135","192"
"2386","277437","20221006051000","2491","0","臺中市","大里區","120.705","24.105","2385"
"583","277439","20221006051000","532","1","臺中市","大里區","120.705","24.110","551"
"27","277440","20221006051000","480","0","臺中市","太平區","120.705","24.150","22"
"388","277441","20221006051000","862","0","臺中市","太平區","120.710","24.150","398"
"485","277442","20221006051000","351","2","臺中市","烏日區","120.625","24.100","450"
"853","277443","20221006051000","748","1","臺中市","烏日區","120.630","24.100","842"
"1486","277444","20221006051000","1003","2","臺中市","烏日區","120.620","24.105","1473"
"518","277445","20221006051000","406","2","臺中市","烏日區","120.625","24.105","540"
"108","277450","20221006051000","55","3","臺中市","西屯區","120.595","24.165","98"
"218","277451","20221006051000","201","1","臺中市","西屯區","120.600","24.165","231"
"158","277452","20221006051000","190","0","臺中市","西屯區","120.605","24.165","163"
"379","277453","20221006051000","349","1","臺中市","西屯區","120.610","24.165","375"
"527","277457","20221006051000","506","1","臺中市","西屯區","120.590","24.170","503"
"64","277458","20221006051000","43","2","臺中市","西屯區","120.595","24.170","69"
"39","277460","20221006051000","41","0","臺中市","西屯區","120.605","24.170","45"
"278","277461","20221006051000","413","0","臺中市","西屯區","120.610","24.170","310"
"88","277462","20221006051000","180","0","臺中市","西屯區","120.615","24.170","102"
"740","277463","20221006051000","512","2","臺中市","西屯區","120.620","24.170","734"
"89","277467","20221006051000","91","0","臺中市","西屯區","120.605","24.175","106"
"525","277468","20221006051000","384","2","臺中市","西屯區","120.595","24.175","554"
"341","277471","20221006051000","228","2","臺中市","西屯區","120.620","24.175","377"
"1613","277473","20221006051000","1744","0","臺中市","西屯區","120.595","24.180","1524"
"570","277474","20221006051000","93","3","臺中市","西屯區","120.595","24.185","506"
"923","277475","20221006051000","736","2","臺中市","西屯區","120.600","24.175","937"
"2122","277477","20221006051000","2232","0","臺中市","太平區","120.720","24.130","2139"
"22","277478","20221006051000","264","0","臺中市","太平區","120.710","24.130","18"
"75","277480","20221006051000","1099","0","臺中市","太平區","120.715","24.135","72"
"1914","277481","20221006051000","1628","1","臺中市","太平區","120.730","24.150","1900"
"37","277483","20221006051000","242","0","臺中市","大肚區","120.575","24.170","33"
"608","277484","20221006051000","964","0","臺中市","大肚區","120.580","24.170","619"
"1920","277487","20221006051000","2002","0","臺中市","大肚區","120.545","24.155","1917"
"62","277488","20221006051000","634","0","臺中市","大肚區","120.540","24.160","68"
"723","277489","20221006051000","668","1","臺中市","大肚區","120.545","24.160","747"
"254","277492","20221006051000","213","1","臺中市","大肚區","120.535","24.165","241"
"517","277493","20221006051000","1132","0","臺中市","大里區","120.690","24.100","464"
"423","277496","20221006051000","367","1","臺中市","太平區","120.735","24.105","438"
"1132","277503","20221006051000","977","1","臺中市","太平區","120.730","24.140","1126"
"1422","277504","20221006051000","1225","1","臺中市","太平區","120.735","24.140","1434"
"18","277507","20221006051000","24","0","臺中市","太平區","120.730","24.145","17"
"575","277508","20221006051000","1350","0","臺中市","太平區","120.735","24.145","571"
"1518","277520","20221006051000","1444","1","臺中市","太平區","120.740","24.155","1499"
"165","277531","20221006051000","894","0","臺中市","太平區","120.730","24.125","166"
"103","277532","20221006051000","246","0","臺中市","太平區","120.725","24.130","115"
"1400","277533","20221006051000","1312","1","臺中市","東區","120.690","24.130","1408"
"1037","277534","20221006051000","957","1","臺中市","東區","120.690","24.140","1023"
"2089","277535","20221006051000","1320","3","臺中市","中區","120.685","24.140","2121"
"10","277537","20221006051000","226","0","臺中市","太平區","120.735","24.130","14"
"756","277538","20221006051000","1000","0","臺中市","太平區","120.720","24.100","734"
"658","277540","20221006051000","548","2","臺中市","太平區","120.720","24.105","668"
"954","277541","20221006051000","949","1","臺中市","太平區","120.725","24.140","950"
"483","277542","20221006051000","472","1","臺中市","太平區","120.730","24.135","463"
"873","277544","20221006051000","863","1","臺中市","龍井區","120.540","24.175","870"
"537","277557","20221006051000","429","2","臺中市","大肚區","120.560","24.125","541"
"149","277558","20221006051000","674","0","臺中市","大肚區","120.565","24.125","156"
"818","277564","20221006051000","847","0","臺中市","龍井區","120.575","24.175","809"
"190","277565","20221006051000","559","0","臺中市","龍井區","120.580","24.175","190"
"669","277566","20221006051000","603","1","臺中市","太平區","120.725","24.145","664"
"773","277567","20221006051000","712","1","臺中市","太平區","120.720","24.125","784"
"20","277587","20221006051000","16","2","臺中市","東勢區","120.855","24.175","19"
"79","277597","20221006051000","69","1","臺中市","東勢區","120.840","24.185","81"
"15","277611","20221006051000","10","3","臺中市","東勢區","120.865","24.185","12"
"698","277614","20221006051000","822","0","臺中市","太平區","120.710","24.135","667"
"1648","277615","20221006051000","1431","1","臺中市","東區","120.705","24.140","1609"
"1440","277617","20221006051000","1251","1","臺中市","東區","120.695","24.150","1461"
"149","277618","20221006051000","1929","0","臺中市","太平區","120.705","24.155","151"
"861","277619","20221006051000","793","1","臺中市","太平區","120.705","24.160","840"
"1840","277620","20221006051000","948","3","臺中市","太平區","120.710","24.155","1869"
"1866","277621","20221006051000","1455","2","臺中市","東區","120.690","24.135","1908"
"568","277622","20221006051000","597","0","臺中市","東區","120.690","24.145","620"
"2160","277623","20221006051000","1579","2","臺中市","東區","120.700","24.140","2142"
"2003","277624","20221006051000","1754","1","臺中市","北區","120.675","24.155","1993"
"1802","277625","20221006051000","1688","1","臺中市","西區","120.660","24.150","1686"
"1974","277626","20221006051000","1625","2","臺中市","西區","120.665","24.155","2453"
"29","277630","20221006051000","461","0","臺中市","龍井區","120.550","24.185","21"
"202","277637","20221006051000","183","1","臺中市","烏日區","120.650","24.105","183"
"953","277638","20221006051000","945","1","臺中市","烏日區","120.655","24.105","943"
"3211","277639","20221006051000","2822","1","臺中市","西屯區","120.640","24.170","3190"
"1137","277640","20221006051000","1682","0","臺中市","西屯區","120.655","24.170","1173"
"3921","277641","20221006051000","3716","1","臺中市","西屯區","120.660","24.170","3924"
"1736","277642","20221006051000","2179","0","臺中市","太平區","120.720","24.150","1743"
"328","277643","20221006051000","296","1","臺中市","太平區","120.725","24.150","317"
"1395","277644","20221006051000","1679","0","臺中市","太平區","120.725","24.155","1476"
"1350","277646","20221006051000","664","3","臺中市","烏日區","120.605","24.105","1389"
"455","277647","20221006051000","300","3","臺中市","烏日區","120.610","24.105","431"
"62","277648","20221006051000","54","1","臺中市","烏日區","120.600","24.110","54"
"970","277649","20221006051000","1581","0","臺中市","烏日區","120.605","24.110","972"
"21","277650","20221006051000","15","2","臺中市","烏日區","120.610","24.110","22"
"457","277652","20221006051000","425","1","臺中市","烏日區","120.605","24.115","455"
"211","277653","20221006051000","137","3","臺中市","烏日區","120.610","24.115","210"
"171","277655","20221006051000","115","2","臺中市","烏日區","120.595","24.120","165"
"282","277656","20221006051000","1028","0","臺中市","烏日區","120.635","24.110","268"
"1198","277657","20221006051000","1057","1","臺中市","烏日區","120.640","24.110","1210"
"1820","277661","20221006051000","1222","2","臺中市","西區","120.665","24.150","1739"
"196","277662","20221006051000","363","0","臺中市","西區","120.670","24.150","197"
"1675","277663","20221006051000","2664","0","臺中市","西區","120.675","24.135","1656"
"1662","277664","20221006051000","1760","0","臺中市","西區","120.665","24.145","1653"
"159","277681","20221006051000","137","1","花蓮縣","秀林鄉","121.630","24.115","150"
"83","277712","20221006051000","74","1","花蓮縣","秀林鄉","121.630","24.125","101"
"249","277713","20221006051000","211","1","花蓮縣","秀林鄉","121.635","24.125","261"
"205","277756","20221006051000","198","1","花蓮縣","新城鄉","121.615","24.100","209"
"146","277759","20221006051000","118","2","花蓮縣","新城鄉","121.620","24.105","155"
"285","277766","20221006051000","295","0","花蓮縣","新城鄉","121.640","24.115","287"
"39","277799","20221006051000","52","0","花蓮縣","新城鄉","121.650","24.125","36"
"128","277805","20221006051000","142","0","花蓮縣","新城鄉","121.645","24.130","139"
"14","277807","20221006051000","34","0","彰化縣","彰化市","120.545","24.100","17"
"1083","277812","20221006051000","1010","1","彰化縣","和美鎮","120.495","24.115","1098"
"321","277817","20221006051000","225","2","彰化縣","彰化市","120.560","24.105","334"
"256","277821","20221006051000","143","3","彰化縣","和美鎮","120.505","24.140","256"
"1201","277830","20221006051000","1214","0","彰化縣","和美鎮","120.500","24.105","1089"
"1743","277831","20221006051000","1519","1","彰化縣","和美鎮","120.495","24.110","1678"
"1481","277832","20221006051000","1550","0","彰化縣","和美鎮","120.500","24.110","1421"
"58","277834","20221006051000","1067","0","彰化縣","伸港鄉","120.480","24.140","51"
"110","277848","20221006051000","88","2","南投縣","國姓鄉","120.895","24.110","121"
"22","277865","20221006051000","17","2","南投縣","國姓鄉","120.850","24.105","29"
"44","277866","20221006051000","32","2","南投縣","國姓鄉","120.855","24.105","51"
"675","277889","20221006051000","554","2","彰化縣","和美鎮","120.490","24.110","700"
"195","277890","20221006051000","189","1","彰化縣","和美鎮","120.490","24.115","212"
"204","277892","20221006051000","246","0","彰化縣","和美鎮","120.515","24.125","201"
"27","277895","20221006051000","32","0","彰化縣","和美鎮","120.520","24.130","24"
"348","277898","20221006051000","305","1","彰化縣","和美鎮","120.515","24.135","339"
"397","277902","20221006051000","385","1","彰化縣","和美鎮","120.500","24.130","441"
"11","277906","20221006051000","14","0","彰化縣","和美鎮","120.505","24.135","13"
"27","277907","20221006051000","20","2","彰化縣","和美鎮","120.510","24.135","21"
"1365","277912","20221006051000","1202","1","彰化縣","和美鎮","120.490","24.120","1377"
"688","277913","20221006051000","630","1","彰化縣","和美鎮","120.495","24.120","643"
"63","277919","20221006051000","127","0","彰化縣","伸港鄉","120.510","24.160","57"
"66","277922","20221006051000","42","3","彰化縣","伸港鄉","120.510","24.165","62"
"106","277925","20221006051000","570","0","彰化縣","伸港鄉","120.505","24.170","99"
"133","277926","20221006051000","111","1","彰化縣","伸港鄉","120.510","24.170","175"
"290","277931","20221006051000","176","3","彰化縣","伸港鄉","120.505","24.180","281"
"879","277935","20221006051000","447","3","彰化縣","彰化市","120.575","24.100","907"
"36","277953","20221006051000","787","0","彰化縣","和美鎮","120.530","24.110","37"
"36","277967","20221006051000","540","0","彰化縣","和美鎮","120.545","24.110","38"
"16","277968","20221006051000","31","0","彰化縣","和美鎮","120.540","24.115","13"
"32","277971","20221006051000","46","0","彰化縣","和美鎮","120.530","24.100","30"
"1327","277975","20221006051000","1061","2","彰化縣","和美鎮","120.525","24.115","1348"
"10","277978","20221006051000","15","0","彰化縣","和美鎮","120.485","24.135","13"
"93","277979","20221006051000","175","0","彰化縣","和美鎮","120.485","24.140","81"
"299","277980","20221006051000","2189","0","彰化縣","伸港鄉","120.485","24.145","280"
"114","277982","20221006051000","674","0","彰化縣","伸港鄉","120.490","24.150","118"
"208","277984","20221006051000","170","2","彰化縣","伸港鄉","120.470","24.145","208"
"41","277985","20221006051000","329","0","彰化縣","伸港鄉","120.475","24.145","49"
"91","277994","20221006051000","752","0","彰化縣","伸港鄉","120.500","24.140","104"
"88","277998","20221006051000","268","0","彰化縣","伸港鄉","120.480","24.155","88"
"889","278002","20221006051000","821","1","彰化縣","和美鎮","120.490","24.105","853"
"42","278003","20221006051000","81","0","彰化縣","和美鎮","120.490","24.125","36"
"656","278011","20221006051000","517","2","彰化縣","和美鎮","120.515","24.105","656"
"631","278012","20221006051000","513","2","彰化縣","和美鎮","120.510","24.110","607"
"76","278018","20221006051000","461","0","彰化縣","和美鎮","120.510","24.150","81"
"31","278026","20221006051000","543","0","彰化縣","線西鄉","120.455","24.145","30"
"169","278032","20221006051000","88","3","彰化縣","伸港鄉","120.450","24.155","169"
"1389","278037","20221006051000","1308","1","彰化縣","和美鎮","120.500","24.115","1362"
"906","278047","20221006051000","555","3","彰化縣","和美鎮","120.490","24.130","752"
"1103","278050","20221006051000","562","3","彰化縣","和美鎮","120.490","24.100","1084"
"1926","278052","20221006051000","659","3","彰化縣","和美鎮","120.515","24.100","1894"
"897","278053","20221006051000","519","3","彰化縣","和美鎮","120.520","24.100","870"
"166","278058","20221006051000","117","2","彰化縣","和美鎮","120.485","24.100","157"
"530","278060","20221006051000","524","1","彰化縣","和美鎮","120.485","24.110","491"
"61","278065","20221006051000","200","0","彰化縣","伸港鄉","120.475","24.155","66"
"33","278066","20221006051000","10","3","彰化縣","伸港鄉","120.470","24.160","33"
"1057","278099","20221006051000","1132","0","彰化縣","和美鎮","120.530","24.105","1037"
"485","278100","20221006051000","431","1","彰化縣","和美鎮","120.515","24.120","464"
"231","278175","20221006051000","176","2","南投縣","仁愛鄉","121.190","24.145","219"
"311","278457","20221006051000","307","1","南投縣","仁愛鄉","121.205","24.110","344"
"64","278506","20221006051000","102","0","南投縣","仁愛鄉","121.270","24.140","51"
"31","278518","20221006051000","25","2","南投縣","仁愛鄉","121.285","24.160","40"
"129","278973","20221006051000","106","2","南投縣","仁愛鄉","121.185","24.120","110"
"319","279090","20221006051000","258","2","南投縣","仁愛鄉","121.170","24.155","249"
"77","279213","20221006051000","81","0","南投縣","仁愛鄉","121.200","24.180","54"
"217","279218","20221006051000","190","1","南投縣","仁愛鄉","121.225","24.180","169"
"151","279255","20221006051000","1775","0","彰化縣","伸港鄉","120.485","24.160","182"
"162","279258","20221006051000","755","0","彰化縣","伸港鄉","120.495","24.160","172"
"27","279282","20221006051000","24","1","彰化縣","線西鄉","120.420","24.130","29"
"36","279286","20221006051000","428","0","彰化縣","和美鎮","120.480","24.105","42"
"12","279292","20221006051000","379","0","彰化縣","鹿港鎮","120.460","24.105","15"
"10","279293","20221006051000","431","0","彰化縣","鹿港鎮","120.465","24.105","10"
"712","279295","20221006051000","347","3","彰化縣","鹿港鎮","120.465","24.110","648"
"686","279296","20221006051000","194","3","彰化縣","鹿港鎮","120.460","24.115","669"
"1672","279303","20221006051000","1360","2","彰化縣","線西鄉","120.465","24.130","1690"
"40","279311","20221006051000","226","0","彰化縣","線西鄉","120.435","24.140","49"
"1278","279350","20221006051000","441","3","彰化縣","鹿港鎮","120.450","24.115","1232"
"472","279359","20221006051000","140","3","彰化縣","鹿港鎮","120.455","24.120","481"
"61","279366","20221006051000","51","1","彰化縣","線西鄉","120.460","24.130","56"
"395","279368","20221006051000","360","1","彰化縣","線西鄉","120.430","24.130","393"
"402","279371","20221006051000","215","3","彰化縣","線西鄉","120.425","24.135","428"
"18","279375","20221006051000","395","0","彰化縣","線西鄉","120.470","24.135","20"
"163","279379","20221006051000","99","3","彰化縣","線西鄉","120.440","24.150","162"
"158","279387","20221006051000","164","0","彰化縣","線西鄉","120.445","24.150","157"
"485","279389","20221006051000","354","2","彰化縣","線西鄉","120.480","24.115","478"
"221","279392","20221006051000","223","0","彰化縣","和美鎮","120.485","24.120","221"
"392","279396","20221006051000","397","0","彰化縣","線西鄉","120.480","24.125","372"
"505","279398","20221006051000","421","1","彰化縣","線西鄉","120.470","24.130","543"
"288","285401","20221006051000","244","1","臺中市","清水區","120.560","24.270","299"
"2069","285403","20221006051000","2104","0","臺中市","清水區","120.550","24.275","2102"
"727","285405","20221006051000","681","1","臺中市","清水區","120.540","24.275","739"
"106","285406","20221006051000","896","0","臺中市","北屯區","120.665","24.195","100"
"881","285409","20221006051000","577","3","臺中市","北屯區","120.680","24.195","886"
"653","285410","20221006051000","470","2","臺中市","北屯區","120.665","24.200","667"
"507","285412","20221006051000","466","1","臺中市","北屯區","120.675","24.200","488"
"507","285413","20221006051000","418","2","臺中市","北屯區","120.680","24.200","492"
"502","285414","20221006051000","460","1","臺中市","北屯區","120.685","24.200","510"
"46","285415","20221006051000","21","3","臺中市","北屯區","120.665","24.190","43"
"1512","285416","20221006051000","794","3","臺中市","北屯區","120.670","24.190","1521"
"13","285418","20221006051000","882","0","臺中市","沙鹿區","120.560","24.240","13"
"1636","285419","20221006051000","2305","0","臺中市","沙鹿區","120.565","24.240","1675"
"72","285422","20221006051000","65","1","臺中市","沙鹿區","120.565","24.245","65"
"387","285423","20221006051000","597","0","臺中市","沙鹿區","120.570","24.245","399"
"379","285425","20221006051000","433","0","臺中市","沙鹿區","120.560","24.250","388"
"488","285428","20221006051000","420","1","臺中市","沙鹿區","120.565","24.255","498"
"1662","285431","20221006051000","768","3","臺中市","清水區","120.575","24.275","1702"
"1515","285434","20221006051000","1221","2","臺中市","潭子區","120.715","24.205","1521"
"423","285437","20221006051000","312","2","臺中市","潭子區","120.700","24.200","470"
"554","285439","20221006051000","570","0","臺中市","潭子區","120.700","24.205","550"
"610","285440","20221006051000","596","1","臺中市","潭子區","120.700","24.210","617"
"1480","285441","20221006051000","1604","0","臺中市","潭子區","120.705","24.210","1444"
"601","285442","20221006051000","1236","0","臺中市","潭子區","120.700","24.215","604"
"109","285443","20221006051000","148","0","臺中市","潭子區","120.710","24.195","97"
"82","285444","20221006051000","76","1","臺中市","潭子區","120.705","24.200","67"
"58","285445","20221006051000","624","0","臺中市","潭子區","120.710","24.200","739"
"1401","285446","20221006051000","1582","0","臺中市","潭子區","120.705","24.205","1373"
"2869","285447","20221006051000","2442","1","臺中市","潭子區","120.710","24.205","2930"
"295","285453","20221006051000","224","2","臺中市","潭子區","120.720","24.195","264"
"360","285454","20221006051000","307","1","臺中市","潭子區","120.725","24.195","357"
"549","285459","20221006051000","441","2","臺中市","潭子區","120.725","24.200","569"
"1130","285460","20221006051000","1043","1","臺中市","潭子區","120.730","24.200","1086"
"52","285468","20221006051000","55","0","臺中市","潭子區","120.745","24.210","58"
"3917","285469","20221006051000","3236","2","臺中市","北屯區","120.705","24.190","3887"
"57","285470","20221006051000","66","0","臺中市","北屯區","120.705","24.195","66"
"146","285471","20221006051000","183","0","臺中市","西屯區","120.645","24.190","129"
"440","285472","20221006051000","314","2","臺中市","大雅區","120.615","24.235","433"
"686","285473","20221006051000","415","3","臺中市","沙鹿區","120.610","24.240","661"
"64","285474","20221006051000","532","0","臺中市","沙鹿區","120.615","24.240","63"
"15","285488","20221006051000","105","0","臺中市","沙鹿區","120.575","24.240","16"
"390","285500","20221006051000","404","0","臺中市","沙鹿區","120.560","24.225","384"
"1108","285503","20221006051000","1292","0","臺中市","沙鹿區","120.565","24.225","1108"
"75","285504","20221006051000","394","0","臺中市","神岡區","120.655","24.250","78"
"22","285507","20221006051000","26","0","臺中市","神岡區","120.660","24.255","18"
"20","285509","20221006051000","337","0","臺中市","神岡區","120.675","24.260","21"
"750","285515","20221006051000","599","2","臺中市","神岡區","120.680","24.265","727"
"66","285519","20221006051000","770","0","臺中市","神岡區","120.655","24.275","69"
"622","285522","20221006051000","1853","0","臺中市","豐原區","120.705","24.240","594"
"684","285523","20221006051000","652","1","臺中市","豐原區","120.700","24.245","668"
"710","285524","20221006051000","1148","0","臺中市","豐原區","120.705","24.245","707"
"395","285525","20221006051000","268","2","臺中市","龍井區","120.560","24.190","360"
"368","285526","20221006051000","315","1","臺中市","龍井區","120.535","24.195","360"
"39","285527","20221006051000","36","1","臺中市","龍井區","120.540","24.195","33"
"523","285528","20221006051000","481","1","臺中市","龍井區","120.545","24.195","522"
"761","285531","20221006051000","611","2","臺中市","龍井區","120.560","24.195","768"
"668","285533","20221006051000","714","0","臺中市","龍井區","120.545","24.200","668"
"365","285536","20221006051000","356","1","臺中市","龍井區","120.560","24.200","364"
"506","285538","20221006051000","486","1","臺中市","潭子區","120.705","24.215","527"
"37","285539","20221006051000","26","2","臺中市","潭子區","120.700","24.220","33"
"638","285540","20221006051000","633","1","臺中市","潭子區","120.705","24.220","614"
"1313","285541","20221006051000","1366","0","臺中市","潭子區","120.705","24.225","1306"
"388","285542","20221006051000","489","0","臺中市","龍井區","120.590","24.190","384"
"179","285544","20221006051000","131","2","臺中市","西屯區","120.605","24.190","207"
"829","285547","20221006051000","515","3","臺中市","神岡區","120.690","24.265","831"
"178","285549","20221006051000","107","3","臺中市","神岡區","120.685","24.270","185"
"189","285551","20221006051000","94","3","臺中市","神岡區","120.675","24.275","167"
"336","285553","20221006051000","332","1","臺中市","神岡區","120.685","24.275","342"
"336","285559","20221006051000","182","3","臺中市","神岡區","120.690","24.275","340"
"555","285561","20221006051000","695","0","臺中市","神岡區","120.680","24.240","960"
"545","285565","20221006051000","456","1","臺中市","神岡區","120.680","24.245","533"
"23","285567","20221006051000","571","0","臺中市","神岡區","120.675","24.250","22"
"1351","285568","20221006051000","1256","1","臺中市","神岡區","120.685","24.245","1312"
"55","285569","20221006051000","54","1","臺中市","神岡區","120.680","24.250","54"
"40","285570","20221006051000","430","0","臺中市","神岡區","120.685","24.250","39"
"71","285571","20221006051000","89","0","臺中市","神岡區","120.690","24.250","57"
"335","285573","20221006051000","275","2","臺中市","神岡區","120.685","24.255","343"
"141","285574","20221006051000","110","2","臺中市","神岡區","120.690","24.255","150"
"1853","285581","20221006051000","1555","1","臺中市","沙鹿區","120.555","24.230","1815"
"856","285582","20221006051000","950","0","臺中市","沙鹿區","120.555","24.235","893"
"127","285584","20221006051000","183","0","臺中市","沙鹿區","120.580","24.250","131"
"276","285593","20221006051000","270","1","臺中市","沙鹿區","120.600","24.255","273"
"401","285599","20221006051000","349","1","臺中市","沙鹿區","120.600","24.260","400"
"290","285602","20221006051000","115","3","臺中市","沙鹿區","120.585","24.265","255"
"429","285607","20221006051000","313","2","臺中市","大雅區","120.655","24.210","444"
"174","285613","20221006051000","452","0","臺中市","大雅區","120.665","24.220","198"
"28","285618","20221006051000","423","0","臺中市","新社區","120.805","24.250","25"
"331","285621","20221006051000","259","2","臺中市","新社區","120.805","24.255","341"
"115","285626","20221006051000","69","3","臺中市","梧棲區","120.515","24.260","75"
"161","285627","20221006051000","129","2","臺中市","梧棲區","120.520","24.260","168"
"92","285630","20221006051000","120","0","臺中市","梧棲區","120.515","24.270","44"
"1003","285634","20221006051000","1188","0","臺中市","梧棲區","120.535","24.255","1052"
"879","285635","20221006051000","687","2","臺中市","梧棲區","120.550","24.255","876"
"607","285637","20221006051000","834","0","臺中市","梧棲區","120.560","24.255","578"
"1339","285638","20221006051000","1065","2","臺中市","梧棲區","120.540","24.260","1356"
"562","285642","20221006051000","578","0","臺中市","梧棲區","120.555","24.240","550"
"1886","285644","20221006051000","1329","2","臺中市","梧棲區","120.545","24.245","1881"
"418","285646","20221006051000","1131","0","臺中市","神岡區","120.695","24.245","405"
"614","285648","20221006051000","599","1","臺中市","神岡區","120.695","24.255","611"
"97","285657","20221006051000","83","1","臺中市","梧棲區(海)","120.490","24.255","104"
"234","285667","20221006051000","142","3","臺中市","梧棲區(海)","120.500","24.265","200"
"77","285671","20221006051000","70","1","臺中市","梧棲區(海)","120.500","24.270","79"
"54","285677","20221006051000","41","2","臺中市","梧棲區(海)","120.505","24.275","45"
"75","285682","20221006051000","94","0","臺中市","梧棲區","120.530","24.260","70"
"179","285683","20221006051000","281","0","臺中市","北屯區","120.790","24.205","210"
"354","285685","20221006051000","231","3","臺中市","新社區","120.805","24.190","345"
"129","285695","20221006051000","143","0","臺中市","新社區","120.815","24.200","137"
"140","285697","20221006051000","150","0","臺中市","新社區","120.805","24.205","139"
"183","285701","20221006051000","135","2","臺中市","新社區","120.805","24.210","167"
"17","285707","20221006051000","296","0","臺中市","新社區","120.800","24.220","17"
"40","285713","20221006051000","115","0","臺中市","新社區","120.795","24.235","169"
"22","285717","20221006051000","319","0","臺中市","新社區","120.795","24.230","16"
"16","285720","20221006051000","103","0","臺中市","新社區","120.780","24.230","137"
"28","285727","20221006051000","406","0","臺中市","新社區","120.785","24.235","34"
"1031","285738","20221006051000","863","1","臺中市","神岡區","120.700","24.250","1062"
"743","285742","20221006051000","459","3","臺中市","神岡區","120.645","24.250","768"
"152","285745","20221006051000","144","1","臺中市","神岡區","120.645","24.255","129"
"75","285747","20221006051000","82","0","臺中市","神岡區","120.635","24.260","73"
"468","285750","20221006051000","1287","0","臺中市","豐原區","120.710","24.245","478"
"1146","285752","20221006051000","689","3","臺中市","豐原區","120.720","24.260","1139"
"2096","285754","20221006051000","2711","0","臺中市","豐原區","120.720","24.265","2104"
"322","285758","20221006051000","290","1","臺中市","豐原區","120.715","24.275","337"
"764","285759","20221006051000","275","3","臺中市","豐原區","120.720","24.275","754"
"209","285761","20221006051000","190","1","臺中市","豐原區","120.720","24.280","199"
"857","285764","20221006051000","1164","0","臺中市","梧棲區","120.545","24.240","890"
"979","285765","20221006051000","1163","0","臺中市","梧棲區","120.540","24.245","983"
"241","285766","20221006051000","283","0","臺中市","梧棲區","120.520","24.255","257"
"692","285767","20221006051000","828","0","臺中市","梧棲區","120.525","24.255","700"
"234","285773","20221006051000","180","2","臺中市","新社區","120.810","24.225","221"
"374","285777","20221006051000","410","0","臺中市","新社區","120.805","24.230","380"
"2613","285782","20221006051000","1479","3","臺中市","豐原區","120.725","24.255","2649"
"668","285783","20221006051000","750","0","臺中市","豐原區","120.705","24.250","655"
"640","285785","20221006051000","538","1","臺中市","豐原區","120.720","24.240","637"
"1310","285787","20221006051000","1409","0","臺中市","豐原區","120.715","24.235","1280"
"1705","285788","20221006051000","1410","2","臺中市","豐原區","120.720","24.235","1682"
"785","285789","20221006051000","746","1","臺中市","豐原區","120.725","24.235","758"
"2930","285791","20221006051000","1694","3","臺中市","豐原區","120.715","24.245","2970"
"109","285792","20221006051000","116","0","臺中市","豐原區","120.710","24.240","115"
"43","285793","20221006051000","55","0","臺中市","豐原區","120.725","24.250","51"
"529","285796","20221006051000","350","3","臺中市","豐原區","120.740","24.240","526"
"548","285799","20221006051000","1032","0","臺中市","豐原區","120.730","24.245","521"
"820","285800","20221006051000","585","2","臺中市","豐原區","120.735","24.245","797"
"154","285803","20221006051000","595","0","臺中市","豐原區","120.730","24.250","158"
"945","285804","20221006051000","633","2","臺中市","豐原區","120.735","24.250","916"
"964","285805","20221006051000","881","1","臺中市","豐原區","120.740","24.250","997"
"21","285806","20221006051000","662","0","臺中市","龍井區","120.525","24.210","27"
"273","285812","20221006051000","353","0","臺中市","龍井區","120.515","24.215","280"
"497","285819","20221006051000","314","3","臺中市","龍井區","120.510","24.220","494"
"616","285821","20221006051000","339","3","臺中市","龍井區","120.520","24.220","643"
"2274","285822","20221006051000","1019","3","臺中市","龍井區","120.525","24.220","2217"
"183","285849","20221006051000","798","0","臺中市","新社區","120.805","24.240","177"
"241","285852","20221006051000","174","2","臺中市","新社區","120.820","24.205","241"
"15","285859","20221006051000","152","0","臺中市","新社區","120.795","24.210","12"
"513","285862","20221006051000","311","3","臺中市","新社區","120.780","24.215","481"
"246","285867","20221006051000","231","1","臺中市","新社區","120.775","24.220","241"
"128","285871","20221006051000","106","2","臺中市","新社區","120.775","24.225","121"
"136","285886","20221006051000","78","3","臺中市","梧棲區","120.515","24.225","127"
"131","285894","20221006051000","144","0","臺中市","清水區","120.635","24.265","123"
"675","285910","20221006051000","703","0","臺中市","梧棲區","120.535","24.250","670"
"25","285912","20221006051000","421","0","臺中市","梧棲區","120.545","24.250","27"
"462","285914","20221006051000","470","0","臺中市","梧棲區","120.540","24.255","457"
"299","285916","20221006051000","267","1","臺中市","豐原區","120.700","24.230","302"
"351","285918","20221006051000","352","0","臺中市","豐原區","120.705","24.235","345"
"256","285919","20221006051000","197","2","臺中市","豐原區","120.700","24.235","260"
"351","285920","20221006051000","387","0","臺中市","豐原區","120.700","24.240","366"
"56","285921","20221006051000","41","2","臺中市","豐原區","120.760","24.235","57"
"18","285923","20221006051000","42","0","臺中市","豐原區","120.755","24.240","24"
"23","285925","20221006051000","20","1","臺中市","豐原區","120.765","24.240","24"
"71","285927","20221006051000","80","0","臺中市","豐原區","120.750","24.245","73"
"63","285933","20221006051000","361","0","臺中市","豐原區","120.745","24.250","46"
"98","285937","20221006051000","63","3","臺中市","豐原區","120.765","24.250","103"
"243","285948","20221006051000","145","3","臺中市","石岡區","120.770","24.260","233"
"45","285949","20221006051000","53","0","臺中市","豐原區","120.760","24.265","48"
"126","285953","20221006051000","73","3","臺中市","石岡區","120.765","24.270","121"
"1013","285954","20221006051000","701","2","臺中市","豐原區","120.730","24.255","997"
"304","285955","20221006051000","386","0","臺中市","豐原區","120.735","24.255","320"
"1230","285956","20221006051000","944","2","臺中市","豐原區","120.745","24.255","1229"
"55","285957","20221006051000","263","0","臺中市","豐原區","120.740","24.260","48"
"460","285958","20221006051000","274","3","臺中市","豐原區","120.745","24.260","456"
"11","285959","20221006051000","328","0","臺中市","豐原區","120.750","24.260","11"
"210","285960","20221006051000","212","0","臺中市","豐原區","120.755","24.265","206"
"2392","285962","20221006051000","2458","0","臺中市","豐原區","120.725","24.240","2396"
"1241","285963","20221006051000","1650","0","臺中市","豐原區","120.730","24.240","1228"
"24","285964","20221006051000","41","0","臺中市","龍井區","120.580","24.190","20"
"43","285965","20221006051000","54","0","臺中市","龍井區","120.585","24.190","39"
"33","285980","20221006051000","487","0","臺中市","沙鹿區","120.570","24.225","24"
"2477","285981","20221006051000","2045","2","臺中市","沙鹿區","120.570","24.230","2432"
"527","285983","20221006051000","1301","0","臺中市","沙鹿區","120.565","24.215","513"
"1813","285984","20221006051000","1578","1","臺中市","沙鹿區","120.555","24.220","1807"
"287","285985","20221006051000","257","1","臺中市","沙鹿區","120.560","24.220","297"
"56","285990","20221006051000","401","0","臺中市","沙鹿區","120.575","24.200","69"
"2277","285991","20221006051000","1455","3","臺中市","沙鹿區","120.580","24.200","2228"
"480","285994","20221006051000","493","0","臺中市","沙鹿區","120.570","24.205","489"
"625","285999","20221006051000","670","0","臺中市","沙鹿區","120.575","24.210","616"
"133","286001","20221006051000","116","1","臺中市","沙鹿區","120.560","24.235","127"
"533","286002","20221006051000","542","0","臺中市","豐原區","120.710","24.250","526"
"2164","286003","20221006051000","1853","1","臺中市","豐原區","120.715","24.250","2120"
"450","286005","20221006051000","455","0","臺中市","豐原區","120.725","24.225","476"
"346","286006","20221006051000","320","1","臺中市","豐原區","120.730","24.225","362"
"504","286008","20221006051000","438","1","臺中市","豐原區","120.725","24.230","503"
"220","286010","20221006051000","226","0","臺中市","豐原區","120.735","24.230","229"
"459","286012","20221006051000","465","0","臺中市","豐原區","120.730","24.230","448"
"899","286014","20221006051000","904","0","臺中市","北屯區","120.660","24.190","893"
"1762","286023","20221006051000","639","3","臺中市","龍井區","120.520","24.205","1794"
"910","286024","20221006051000","206","3","臺中市","龍井區","120.525","24.205","916"
"1100","286027","20221006051000","346","3","臺中市","龍井區","120.505","24.210","1101"
"145","286031","20221006051000","100","2","臺中市","龍井區","120.545","24.205","142"
"1344","286036","20221006051000","1358","0","臺中市","龍井區","120.550","24.210","1308"
"443","286039","20221006051000","376","1","臺中市","龍井區","120.545","24.215","439"
"341","286043","20221006051000","210","3","臺中市","東勢區","120.830","24.235","341"
"478","286047","20221006051000","360","2","臺中市","東勢區","120.830","24.240","480"
"853","286051","20221006051000","1259","0","臺中市","東勢區","120.830","24.245","847"
"241","286052","20221006051000","186","2","臺中市","東勢區","120.835","24.245","242"
"29","286053","20221006051000","564","0","臺中市","東勢區","120.840","24.245","22"
"672","286054","20221006051000","604","1","臺中市","東勢區","120.825","24.255","658"
"72","286060","20221006051000","59","2","臺中市","東勢區","120.845","24.275","66"
"140","286071","20221006051000","115","2","臺中市","清水區","120.580","24.270","154"
"1526","286072","20221006051000","1278","1","臺中市","北屯區","120.685","24.185","1532"
"30","286075","20221006051000","281","0","臺中市","北屯區","120.690","24.195","24"
"1435","286078","20221006051000","1221","1","臺中市","豐原區","120.720","24.250","1454"
"2942","286079","20221006051000","3050","0","臺中市","梧棲區","120.535","24.260","2911"
"562","286081","20221006051000","542","1","臺中市","梧棲區","120.530","24.265","551"
"959","286084","20221006051000","898","1","臺中市","梧棲區","120.530","24.270","864"
"27","286088","20221006051000","694","0","臺中市","沙鹿區","120.565","24.200","27"
"349","286090","20221006051000","250","2","臺中市","沙鹿區","120.560","24.205","366"
"23","286091","20221006051000","556","0","臺中市","沙鹿區","120.565","24.205","26"
"34","286092","20221006051000","568","0","臺中市","沙鹿區","120.555","24.210","45"
"11","286093","20221006051000","288","0","臺中市","沙鹿區","120.560","24.210","16"
"220","286094","20221006051000","234","0","臺中市","沙鹿區","120.565","24.210","219"
"120","286095","20221006051000","127","0","臺中市","沙鹿區","120.555","24.215","119"
"258","286097","20221006051000","219","1","臺中市","沙鹿區","120.605","24.240","260"
"354","286098","20221006051000","344","1","臺中市","沙鹿區","120.605","24.245","355"
"678","286099","20221006051000","485","2","臺中市","沙鹿區","120.610","24.245","642"
"354","286100","20221006051000","216","3","臺中市","沙鹿區","120.600","24.250","356"
"288","286105","20221006051000","269","1","臺中市","北屯區","120.685","24.195","285"
"356","286108","20221006051000","284","2","臺中市","北屯區","120.750","24.190","382"
"10","286112","20221006051000","84","0","臺中市","北屯區","120.745","24.195","12"
"133","286113","20221006051000","111","1","臺中市","北屯區","120.750","24.195","134"
"30","286118","20221006051000","32","0","臺中市","北屯區","120.745","24.200","38"
"12","286121","20221006051000","28","0","臺中市","北屯區","120.760","24.200","12"
"1674","286135","20221006051000","888","3","臺中市","北屯區","120.680","24.190","1673"
"748","286137","20221006051000","643","1","臺中市","清水區","120.545","24.265","730"
"755","286140","20221006051000","798","0","臺中市","清水區","120.545","24.270","762"
"509","286141","20221006051000","556","0","臺中市","清水區","120.550","24.270","494"
"1305","286147","20221006051000","1914","0","臺中市","潭子區","120.710","24.215","1329"
"15","286149","20221006051000","322","0","臺中市","潭子區","120.710","24.220","20"
"501","286153","20221006051000","520","0","臺中市","豐原區","120.720","24.230","516"
"322","286156","20221006051000","367","0","臺中市","潭子區","120.680","24.225","322"
"909","286159","20221006051000","608","2","臺中市","潭子區","120.685","24.230","854"
"1629","286161","20221006051000","1199","2","臺中市","潭子區","120.690","24.225","1612"
"183","286162","20221006051000","318","0","臺中市","潭子區","120.695","24.225","179"
"408","286167","20221006051000","387","1","臺中市","梧棲區","120.525","24.225","397"
"29","286169","20221006051000","278","0","臺中市","梧棲區","120.510","24.230","38"
"92","286173","20221006051000","93","0","臺中市","梧棲區","120.505","24.235","82"
"1049","286177","20221006051000","1192","0","臺中市","梧棲區","120.525","24.235","998"
"162","286180","20221006051000","178","0","臺中市","梧棲區","120.510","24.240","181"
"84","286181","20221006051000","92","0","臺中市","梧棲區","120.515","24.240","71"
"336","286183","20221006051000","502","0","臺中市","梧棲區","120.525","24.240","316"
"59","286186","20221006051000","47","2","臺中市","梧棲區","120.510","24.245","59"
"190","286187","20221006051000","223","0","臺中市","梧棲區","120.515","24.245","204"
"876","286190","20221006051000","1136","0","臺中市","梧棲區","120.530","24.245","884"
"264","286195","20221006051000","184","2","臺中市","梧棲區","120.525","24.250","244"
"13","286196","20221006051000","22","0","臺中市","梧棲區","120.530","24.250","13"
"443","286199","20221006051000","245","3","臺中市","沙鹿區","120.580","24.220","402"
"1923","286203","20221006051000","1859","1","臺中市","沙鹿區","120.575","24.225","1905"
"649","286204","20221006051000","906","0","臺中市","沙鹿區","120.580","24.225","698"
"620","286205","20221006051000","725","0","臺中市","沙鹿區","120.585","24.225","594"
"553","286208","20221006051000","451","2","臺中市","沙鹿區","120.575","24.230","540"
"334","286209","20221006051000","530","0","臺中市","沙鹿區","120.580","24.230","335"
"56","286215","20221006051000","717","0","臺中市","沙鹿區","120.550","24.225","45"
"17","286221","20221006051000","16","1","臺中市","北屯區","120.770","24.195","13"
"16","286224","20221006051000","221","0","臺中市","北屯區","120.780","24.195","20"
"733","286244","20221006051000","1333","0","臺中市","大雅區","120.650","24.225","781"
"118","286246","20221006051000","96","2","臺中市","大雅區","120.605","24.225","117"
"147","286248","20221006051000","108","2","臺中市","大雅區","120.615","24.225","142"
"410","286260","20221006051000","344","1","臺中市","大雅區","120.620","24.235","402"
"1397","286262","20221006051000","1048","2","臺中市","大雅區","120.645","24.215","1339"
"482","286263","20221006051000","337","2","臺中市","大雅區","120.645","24.220","511"
"562","286264","20221006051000","687","0","臺中市","大雅區","120.645","24.225","560"
"466","286266","20221006051000","254","3","臺中市","大雅區","120.635","24.205","458"
"26","286267","20221006051000","270","0","臺中市","大雅區","120.640","24.205","24"
"1780","286269","20221006051000","1224","2","臺中市","大雅區","120.615","24.210","1810"
"331","286270","20221006051000","245","2","臺中市","大雅區","120.620","24.210","388"
"785","286272","20221006051000","612","2","臺中市","大雅區","120.630","24.210","781"
"314","286273","20221006051000","240","2","臺中市","大雅區","120.635","24.210","287"
"156","286276","20221006051000","129","2","臺中市","大雅區","120.605","24.215","163"
"503","286279","20221006051000","702","0","臺中市","大雅區","120.620","24.215","511"
"826","286281","20221006051000","570","2","臺中市","大雅區","120.635","24.215","806"
"79","286282","20221006051000","67","1","臺中市","大雅區","120.600","24.220","86"
"91","286284","20221006051000","81","1","臺中市","大雅區","120.610","24.220","87"
"282","286285","20221006051000","130","3","臺中市","大雅區","120.615","24.220","260"
"637","286287","20221006051000","397","3","臺中市","大雅區","120.640","24.220","651"
"198","286288","20221006051000","162","2","臺中市","大雅區","120.630","24.215","211"
"35","286289","20221006051000","70","0","臺中市","大雅區","120.625","24.220","50"
"625","286292","20221006051000","542","1","臺中市","大雅區","120.625","24.225","632"
"903","286293","20221006051000","967","0","臺中市","大雅區","120.630","24.225","934"
"511","286296","20221006051000","337","3","臺中市","大雅區","120.620","24.230","520"
"257","286300","20221006051000","161","3","臺中市","大雅區","120.625","24.230","262"
"436","286302","20221006051000","413","1","臺中市","潭子區","120.670","24.205","434"
"63","286305","20221006051000","82","0","臺中市","大雅區","120.670","24.215","67"
"321","286306","20221006051000","281","1","臺中市","大雅區","120.675","24.215","314"
"500","286307","20221006051000","736","0","臺中市","大雅區","120.670","24.220","516"
"548","286318","20221006051000","391","2","臺中市","東勢區","120.835","24.220","578"
"23","286321","20221006051000","431","0","臺中市","東勢區","120.825","24.270","31"
"231","286323","20221006051000","182","2","臺中市","東勢區","120.820","24.275","229"
"315","286344","20221006051000","330","0","臺中市","東勢區","120.850","24.260","330"
"288","286375","20221006051000","151","3","臺中市","沙鹿區","120.590","24.230","272"
"442","286377","20221006051000","599","0","臺中市","沙鹿區","120.565","24.235","442"
"2479","286384","20221006051000","2810","0","臺中市","沙鹿區","120.570","24.240","2433"
"537","286386","20221006051000","747","0","臺中市","東勢區","120.830","24.255","565"
"17","286388","20221006051000","646","0","臺中市","東勢區","120.825","24.250","18"
"280","286389","20221006051000","380","0","臺中市","梧棲區","120.530","24.230","269"
"689","286392","20221006051000","778","0","臺中市","梧棲區","120.545","24.230","682"
"882","286398","20221006051000","1015","0","臺中市","豐原區","120.715","24.255","906"
"82","286399","20221006051000","1122","0","臺中市","豐原區","120.720","24.255","75"
"1729","286400","20221006051000","625","3","臺中市","豐原區","120.735","24.270","1736"
"44","286406","20221006051000","320","0","臺中市","豐原區","120.745","24.275","34"
"434","286408","20221006051000","284","3","臺中市","豐原區","120.755","24.275","455"
"564","286413","20221006051000","572","0","臺中市","東勢區","120.760","24.280","558"
"320","286418","20221006051000","130","3","臺中市","豐原區","120.725","24.275","318"
"588","286422","20221006051000","152","3","臺中市","豐原區","120.735","24.280","592"
"161","286436","20221006051000","135","1","臺中市","豐原區","120.760","24.230","146"
"165","286446","20221006051000","155","1","臺中市","豐原區","120.740","24.235","168"
"190","286447","20221006051000","129","2","臺中市","豐原區","120.745","24.235","196"
"122","286461","20221006051000","1435","0","臺中市","龍井區","120.520","24.195","140"
"1312","286465","20221006051000","341","3","臺中市","龍井區","120.500","24.200","1295"
"577","286475","20221006051000","198","3","臺中市","龍井區","120.510","24.200","550"
"64","286482","20221006051000","272","0","臺中市","龍井區","120.515","24.205","69"
"12","286485","20221006051000","234","0","臺中市","石岡區","120.770","24.280","12"
"1028","286486","20221006051000","876","1","臺中市","石岡區","120.775","24.275","1054"
"44","286489","20221006051000","408","0","臺中市","石岡區","120.795","24.270","45"
"113","286497","20221006051000","69","3","臺中市","石岡區","120.775","24.255","108"
"15","286500","20221006051000","18","0","臺中市","石岡區","120.775","24.260","19"
"138","286511","20221006051000","101","2","臺中市","新社區","120.795","24.245","123"
"26","286517","20221006051000","193","0","臺中市","石岡區","120.785","24.260","21"
"426","286522","20221006051000","350","2","臺中市","潭子區","120.695","24.230","400"
"42","286525","20221006051000","404","0","臺中市","神岡區","120.695","24.235","38"
"450","286526","20221006051000","336","2","臺中市","神岡區","120.690","24.240","431"
"41","286528","20221006051000","409","0","臺中市","豐原區","120.740","24.265","53"
"2372","286530","20221006051000","2266","1","臺中市","清水區","120.570","24.265","2329"
"414","286531","20221006051000","317","2","臺中市","清水區","120.570","24.270","379"
"628","286535","20221006051000","448","2","臺中市","清水區","120.630","24.275","643"
"90","286541","20221006051000","110","0","臺中市","清水區","120.565","24.275","99"
"258","286544","20221006051000","113","3","臺中市","西屯區","120.640","24.190","273"
"382","286547","20221006051000","346","1","臺中市","西屯區","120.645","24.195","369"
"435","286549","20221006051000","289","3","臺中市","西屯區","120.645","24.200","441"
"30","286550","20221006051000","322","0","臺中市","西屯區","120.650","24.200","30"
"26","286551","20221006051000","45","0","臺中市","西屯區","120.650","24.205","18"
"49","286554","20221006051000","451","0","臺中市","神岡區","120.670","24.255","40"
"1257","286555","20221006051000","779","3","臺中市","神岡區","120.675","24.255","1249"
"1821","286556","20221006051000","684","3","臺中市","神岡區","120.665","24.260","1825"
"11","286558","20221006051000","135","0","臺中市","神岡區","120.655","24.265","10"
"421","286561","20221006051000","275","3","臺中市","神岡區","120.665","24.270","410"
"120","286563","20221006051000","44","3","臺中市","神岡區","120.665","24.275","111"
"327","286566","20221006051000","357","0","臺中市","神岡區","120.645","24.265","330"
"14","286569","20221006051000","101","0","臺中市","神岡區","120.650","24.270","25"
"614","286570","20221006051000","332","3","臺中市","神岡區","120.655","24.270","609"
"33","286572","20221006051000","474","0","臺中市","神岡區","120.650","24.275","26"
"619","286574","20221006051000","461","2","臺中市","神岡區","120.660","24.275","582"
"120","286598","20221006051000","80","3","臺中市","和平區","120.895","24.230","118"
"40","286652","20221006051000","26","3","臺中市","和平區","120.905","24.240","38"
"122","286658","20221006051000","93","2","臺中市","和平區","120.935","24.240","125"
"90","286690","20221006051000","67","2","臺中市","和平區","120.900","24.250","101"
"56","286794","20221006051000","40","2","臺中市","和平區","121.015","24.195","59"
"205","286822","20221006051000","120","3","臺中市","和平區","121.005","24.200","248"
"267","286823","20221006051000","219","2","臺中市","和平區","121.010","24.200","316"
"198","286853","20221006051000","184","1","臺中市","和平區","121.015","24.205","149"
"15","286950","20221006051000","10","3","臺中市","和平區","120.965","24.225","22"
"116","287119","20221006051000","69","3","臺中市","和平區","121.010","24.255","116"
"19","287154","20221006051000","16","1","臺中市","和平區","121.000","24.265","31"
"27","287173","20221006051000","17","3","臺中市","和平區","121.015","24.270","23"
"193","287678","20221006051000","152","2","臺中市","和平區","121.245","24.245","149"
"192","287725","20221006051000","121","3","臺中市","和平區","121.245","24.250","163"
"195","287726","20221006051000","145","2","臺中市","和平區","121.250","24.250","139"
"37","287756","20221006051000","31","1","臺中市","和平區","121.165","24.255","30"
"16","287766","20221006051000","24","0","臺中市","和平區","121.215","24.255","20"
"220","287770","20221006051000","155","2","臺中市","和平區","121.235","24.255","198"
"278","287774","20221006051000","238","1","臺中市","和平區","121.255","24.255","261"
"146","287776","20221006051000","142","1","臺中市","和平區","121.265","24.255","157"
"511","287823","20221006051000","374","2","臺中市","和平區","121.260","24.260","483"
"49","288103","20221006051000","34","2","臺中市","和平區","120.890","24.275","42"
"18","288133","20221006051000","12","3","臺中市","和平區","120.945","24.280","16"
"31","288159","20221006051000","23","2","臺中市","和平區","121.025","24.280","17"
"765","288160","20221006051000","794","0","臺中市","清水區","120.555","24.260","771"
"42","288161","20221006051000","730","0","臺中市","清水區","120.560","24.260","39"
"1143","288163","20221006051000","1052","1","臺中市","清水區","120.550","24.265","1121"
"502","288166","20221006051000","1139","0","臺中市","清水區","120.565","24.265","538"
"1214","288169","20221006051000","954","2","臺中市","清水區","120.560","24.275","1331"
"315","288179","20221006051000","316","0","臺中市","清水區","120.605","24.275","303"
"88","288182","20221006051000","120","0","臺中市","清水區","120.600","24.275","74"
"98","288184","20221006051000","68","2","臺中市","清水區","120.610","24.275","91"
"152","288192","20221006051000","148","1","臺中市","潭子區","120.725","24.215","155"
"277","288194","20221006051000","254","1","臺中市","潭子區","120.735","24.215","271"
"476","288198","20221006051000","489","0","臺中市","潭子區","120.720","24.220","460"
"1467","288207","20221006051000","1268","1","臺中市","潭子區","120.680","24.205","1434"
"505","288209","20221006051000","467","1","臺中市","北屯區","120.690","24.205","518"
"150","288212","20221006051000","82","3","臺中市","潭子區","120.690","24.210","154"
"686","288215","20221006051000","654","1","臺中市","潭子區","120.685","24.215","692"
"1205","288216","20221006051000","1272","0","臺中市","潭子區","120.690","24.215","1211"
"429","288219","20221006051000","420","1","臺中市","潭子區","120.690","24.220","437"
"1516","288223","20221006051000","1310","1","臺中市","潭子區","120.710","24.230","1498"
"249","288224","20221006051000","264","0","臺中市","豐原區","120.715","24.230","251"
"889","288225","20221006051000","596","2","臺中市","潭子區","120.705","24.230","892"
"2551","288228","20221006051000","1281","3","臺中市","神岡區","120.660","24.260","2608"
"858","288232","20221006051000","851","1","臺中市","神岡區","120.700","24.265","880"
"1191","288240","20221006051000","1171","1","臺中市","神岡區","120.710","24.255","1137"
"604","288242","20221006051000","460","2","臺中市","神岡區","120.705","24.260","583"
"75","288243","20221006051000","1216","0","臺中市","神岡區","120.710","24.260","92"
"685","288247","20221006051000","587","1","臺中市","神岡區","120.705","24.275","678"
"450","288250","20221006051000","390","1","臺中市","神岡區","120.710","24.275","475"
"111","288252","20221006051000","105","1","臺中市","西屯區","120.605","24.195","109"
"140","288253","20221006051000","160","0","臺中市","西屯區","120.610","24.195","130"
"30","288259","20221006051000","29","1","臺中市","西屯區","120.600","24.200","27"
"35","288260","20221006051000","33","1","臺中市","西屯區","120.605","24.200","33"
"654","288262","20221006051000","707","0","臺中市","西屯區","120.615","24.200","642"
"62","288264","20221006051000","423","0","臺中市","西屯區","120.625","24.200","56"
"478","288265","20221006051000","401","1","臺中市","西屯區","120.630","24.200","473"
"39","288267","20221006051000","18","3","臺中市","西屯區","120.595","24.205","24"
"791","288268","20221006051000","530","2","臺中市","西屯區","120.600","24.205","811"
"221","288269","20221006051000","204","1","臺中市","西屯區","120.605","24.205","190"
"160","288270","20221006051000","171","0","臺中市","西屯區","120.610","24.205","178"
"604","288271","20221006051000","608","0","臺中市","西屯區","120.615","24.205","595"
"672","288272","20221006051000","735","0","臺中市","西屯區","120.620","24.205","706"
"176","288276","20221006051000","165","1","臺中市","西屯區","120.605","24.210","182"
"1008","288277","20221006051000","1106","0","臺中市","西屯區","120.610","24.210","1041"
"3825","288279","20221006051000","3755","1","臺中市","西屯區","120.610","24.190","3784"
"246","288281","20221006051000","144","3","臺中市","西屯區","120.625","24.190","239"
"120","288284","20221006051000","35","3","臺中市","西屯區","120.595","24.195","115"
"112","288287","20221006051000","69","3","臺中市","西屯區","120.655","24.190","133"
"760","288289","20221006051000","500","3","臺中市","西屯區","120.655","24.195","736"
"1113","288290","20221006051000","1094","1","臺中市","西屯區","120.660","24.195","1079"
"583","288291","20221006051000","355","3","臺中市","西屯區","120.655","24.200","570"
"179","288294","20221006051000","175","1","臺中市","西屯區","120.660","24.205","163"
"432","288298","20221006051000","420","1","臺中市","東勢區","120.850","24.240","457"
"288","288299","20221006051000","181","3","臺中市","東勢區","120.845","24.245","293"
"337","288302","20221006051000","526","0","臺中市","東勢區","120.825","24.260","343"
"902","288304","20221006051000","854","1","臺中市","東勢區","120.825","24.265","888"
"17","288312","20221006051000","169","0","臺中市","東勢區","120.835","24.230","18"
"25","288317","20221006051000","308","0","臺中市","東勢區","120.840","24.235","21"
"58","288339","20221006051000","35","3","臺中市","東勢區","120.875","24.215","58"
"694","288395","20221006051000","495","2","臺中市","沙鹿區","120.560","24.230","689"
"917","288396","20221006051000","1200","0","臺中市","潭子區","120.710","24.235","916"
"140","288397","20221006051000","1122","0","臺中市","豐原區","120.715","24.240","141"
"738","288401","20221006051000","1059","0","臺中市","清水區","120.570","24.260","760"
"12","288402","20221006051000","75","0","臺中市","清水區","120.575","24.270","12"
"1749","288403","20221006051000","1880","0","臺中市","清水區","120.580","24.275","1714"
"248","288407","20221006051000","1213","0","臺中市","潭子區","120.700","24.190","234"
"151","288459","20221006051000","97","3","花蓮縣","秀林鄉","121.715","24.245","101"
"102","288610","20221006051000","44","3","花蓮縣","秀林鄉","121.740","24.260","94"
"35","288819","20221006051000","32","1","花蓮縣","秀林鄉","121.485","24.190","34"
"20","288993","20221006051000","28","0","花蓮縣","秀林鄉","121.480","24.205","29"
"18","289039","20221006051000","14","2","花蓮縣","秀林鄉","121.450","24.210","21"
"1295","289851","20221006051000","1427","0","臺中市","大雅區","120.650","24.220","1245"
"540","289852","20221006051000","1011","0","臺中市","大雅區","120.655","24.220","517"
"325","289853","20221006051000","309","1","臺中市","大雅區","120.660","24.220","316"
"3499","289854","20221006051000","2754","2","臺中市","大雅區","120.655","24.225","3500"
"1035","289860","20221006051000","937","1","臺中市","大雅區","120.635","24.235","1015"
"1300","289863","20221006051000","1032","2","臺中市","大雅區","120.630","24.240","1297"
"322","289868","20221006051000","260","2","臺中市","大雅區","120.635","24.245","321"
"1743","289875","20221006051000","1356","2","臺中市","大雅區","120.645","24.230","1734"
"841","289879","20221006051000","718","1","臺中市","大雅區","120.655","24.230","828"
"615","289882","20221006051000","536","1","臺中市","大雅區","120.655","24.235","618"
"496","289884","20221006051000","185","3","臺中市","大雅區","120.645","24.240","510"
"1576","289886","20221006051000","687","3","臺中市","大雅區","120.655","24.240","1610"
"264","289893","20221006051000","283","0","臺中市","豐原區","120.735","24.260","252"
"920","289895","20221006051000","499","3","臺中市","豐原區","120.750","24.265","957"
"114","289907","20221006051000","115","0","臺中市","新社區","120.815","24.240","113"
"29","289909","20221006051000","465","0","臺中市","豐原區","120.720","24.245","30"
"1180","289910","20221006051000","953","2","臺中市","豐原區","120.725","24.245","1205"
"437","289912","20221006051000","443","0","臺中市","大雅區","120.670","24.225","423"
"605","289916","20221006051000","1190","0","臺中市","大雅區","120.650","24.230","621"
"23","289918","20221006051000","250","0","臺中市","大雅區","120.645","24.210","18"
"784","289919","20221006051000","706","1","臺中市","大雅區","120.650","24.210","788"
"269","289920","20221006051000","411","0","臺中市","大雅區","120.650","24.215","246"
"101","289921","20221006051000","944","0","臺中市","大雅區","120.660","24.230","100"
"469","289922","20221006051000","590","0","臺中市","大雅區","120.665","24.230","470"
"1664","289923","20221006051000","1570","1","臺中市","大雅區","120.670","24.230","1650"
"262","289927","20221006051000","514","0","臺中市","大雅區","120.675","24.240","250"
"982","289928","20221006051000","765","2","臺中市","東勢區","120.830","24.250","1024"
"667","289929","20221006051000","644","1","臺中市","東勢區","120.835","24.250","667"
"269","289937","20221006051000","504","0","臺中市","石岡區","120.785","24.275","275"
"715","289944","20221006051000","549","2","臺中市","石岡區","120.815","24.260","696"
"56","289946","20221006051000","237","0","臺中市","石岡區","120.805","24.265","51"
"21","289955","20221006051000","269","0","臺中市","石岡區","120.795","24.275","19"
"297","289964","20221006051000","194","3","臺中市","龍井區","120.480","24.210","304"
"202","289976","20221006051000","104","3","臺中市","龍井區","120.485","24.220","190"
"138","289982","20221006051000","92","3","臺中市","龍井區","120.490","24.225","118"
"458","289983","20221006051000","267","3","臺中市","龍井區","120.495","24.225","437"
"27","289992","20221006051000","71","0","臺中市","龍井區","120.490","24.230","50"
"706","289996","20221006051000","864","0","臺中市","沙鹿區","120.580","24.210","712"
"107","289999","20221006051000","1173","0","臺中市","沙鹿區","120.575","24.215","105"
"540","290000","20221006051000","530","1","臺中市","沙鹿區","120.580","24.215","533"
"223","290001","20221006051000","210","1","臺中市","沙鹿區","120.585","24.215","237"
"991","290004","20221006051000","1038","0","臺中市","沙鹿區","120.570","24.220","1015"
"446","290005","20221006051000","400","1","臺中市","沙鹿區","120.575","24.220","439"
"35","290008","20221006051000","33","1","臺中市","東勢區","120.840","24.190","34"
"77","290010","20221006051000","59","2","臺中市","東勢區","120.835","24.195","77"
"336","290015","20221006051000","272","2","臺中市","東勢區","120.840","24.200","333"
"177","290025","20221006051000","163","1","臺中市","東勢區","120.840","24.210","165"
"699","290046","20221006051000","802","0","臺中市","龍井區","120.545","24.190","683"
"168","290051","20221006051000","166","1","臺中市","潭子區","120.695","24.195","162"
"1868","290052","20221006051000","1719","1","臺中市","潭子區","120.700","24.195","1873"
"13","290171","20221006051000","16","0","南投縣","仁愛鄉","121.290","24.225","13"
"77","290182","20221006051000","89","0","南投縣","仁愛鄉","121.260","24.230","81"
"214","290292","20221006051000","113","3","南投縣","仁愛鄉","121.220","24.190","139"
"219","290293","20221006051000","125","3","南投縣","仁愛鄉","121.225","24.190","217"
"32","296900","20221006051000","66","0","宜蘭縣","南澳鄉","121.750","24.320","31"
"281","296924","20221006051000","185","3","宜蘭縣","南澳鄉","121.745","24.330","297"
"10","296946","20221006051000","11","0","宜蘭縣","南澳鄉","121.770","24.335","13"
"573","297399","20221006051000","429","2","臺中市","清水區","120.580","24.280","612"
"999","297407","20221006051000","1244","0","臺中市","外埔區","120.620","24.335","1049"
"212","297413","20221006051000","121","3","臺中市","神岡區","120.650","24.280","204"
"328","297416","20221006051000","179","3","臺中市","神岡區","120.640","24.285","325"
"86","297422","20221006051000","54","3","臺中市","神岡區","120.640","24.290","77"
"175","297424","20221006051000","120","2","臺中市","神岡區","120.650","24.290","197"
"74","297433","20221006051000","1083","0","臺中市","大甲區","120.620","24.345","78"
"304","297434","20221006051000","179","3","臺中市","梧棲區(海)","120.510","24.280","269"
"41","297444","20221006051000","19","3","臺中市","清水區","120.620","24.285","54"
"57","297446","20221006051000","63","0","臺中市","大甲區","120.640","24.345","63"
"1116","297450","20221006051000","1011","1","臺中市","大甲區","120.630","24.355","1056"
"530","297453","20221006051000","538","0","臺中市","大甲區","120.645","24.355","531"
"219","297457","20221006051000","45","3","臺中市","大甲區","120.650","24.360","223"
"36","297458","20221006051000","325","0","臺中市","大甲區","120.640","24.365","38"
"125","297462","20221006051000","148","0","臺中市","東勢區","120.795","24.295","119"
"129","297485","20221006051000","102","2","臺中市","東勢區","120.785","24.310","122"
"268","297494","20221006051000","246","1","臺中市","東勢區","120.780","24.315","269"
"163","297510","20221006051000","121","2","臺中市","東勢區","120.870","24.280","127"
"92","297533","20221006051000","92","1","臺中市","清水區","120.560","24.310","99"
"12","297539","20221006051000","224","0","臺中市","清水區","120.555","24.305","16"
"35","297540","20221006051000","167","0","臺中市","清水區","120.550","24.310","30"
"414","297546","20221006051000","446","0","臺中市","清水區","120.560","24.320","414"
"12","297575","20221006051000","10","2","臺中市","清水區","120.540","24.300","10"
"172","297586","20221006051000","220","0","臺中市","清水區","120.545","24.305","166"
"191","297618","20221006051000","202","0","臺中市","后里區","120.665","24.305","168"
"501","297627","20221006051000","450","1","臺中市","后里區","120.680","24.310","493"
"171","297639","20221006051000","157","1","臺中市","后里區","120.725","24.285","195"
"255","297645","20221006051000","278","0","臺中市","后里區","120.725","24.290","260"
"269","297646","20221006051000","238","1","臺中市","后里區","120.730","24.290","275"
"116","297647","20221006051000","53","3","臺中市","后里區","120.735","24.290","90"
"217","297648","20221006051000","91","3","臺中市","后里區","120.740","24.290","215"
"283","297654","20221006051000","709","0","臺中市","后里區","120.730","24.295","260"
"38","297656","20221006051000","44","0","臺中市","后里區","120.740","24.295","39"
"178","297659","20221006051000","191","0","臺中市","后里區","120.755","24.295","181"
"12","297662","20221006051000","12","1","臺中市","后里區","120.725","24.300","11"
"48","297664","20221006051000","49","0","臺中市","后里區","120.735","24.300","44"
"12","297665","20221006051000","77","0","臺中市","后里區","120.740","24.300","11"
"687","297671","20221006051000","632","1","臺中市","后里區","120.725","24.305","705"
"52","297672","20221006051000","17","3","臺中市","后里區","120.735","24.305","66"
"545","297689","20221006051000","486","1","臺中市","大安區","120.585","24.365","561"
"1679","297697","20221006051000","1638","1","臺中市","大甲區","120.630","24.350","1670"
"1499","297704","20221006051000","1088","2","臺中市","大甲區","120.625","24.350","1579"
"1961","297705","20221006051000","1685","1","臺中市","大甲區","120.620","24.355","1997"
"1344","297706","20221006051000","1386","0","臺中市","大甲區","120.615","24.345","1171"
"614","297725","20221006051000","688","0","臺中市","大甲區","120.635","24.370","661"
"334","297760","20221006051000","299","1","臺中市","清水區","120.605","24.305","341"
"466","297763","20221006051000","427","1","臺中市","清水區","120.605","24.310","457"
"178","297775","20221006051000","1149","0","臺中市","后里區","120.710","24.305","192"
"215","297776","20221006051000","146","2","臺中市","后里區","120.700","24.310","207"
"214","297778","20221006051000","153","2","臺中市","后里區","120.735","24.310","211"
"37","297782","20221006051000","53","0","臺中市","后里區","120.755","24.310","44"
"244","297783","20221006051000","262","0","臺中市","后里區","120.740","24.315","244"
"171","297795","20221006051000","160","1","臺中市","后里區","120.735","24.325","172"
"349","297801","20221006051000","297","1","臺中市","后里區","120.740","24.330","342"
"334","297811","20221006051000","238","2","臺中市","后里區","120.725","24.340","329"
"325","297831","20221006051000","357","0","臺中市","外埔區","120.700","24.345","309"
"617","297868","20221006051000","585","1","臺中市","外埔區","120.645","24.320","638"
"458","297883","20221006051000","395","1","臺中市","外埔區","120.670","24.320","462"
"191","297885","20221006051000","188","1","臺中市","外埔區","120.680","24.320","204"
"792","297886","20221006051000","714","1","臺中市","外埔區","120.665","24.325","779"
"648","297921","20221006051000","461","2","臺中市","外埔區","120.650","24.330","649"
"1933","297922","20221006051000","2052","0","臺中市","外埔區","120.655","24.330","1896"
"2334","297926","20221006051000","2419","0","臺中市","外埔區","120.635","24.340","2313"
"332","297928","20221006051000","313","1","臺中市","外埔區","120.645","24.340","313"
"237","297941","20221006051000","195","2","臺中市","外埔區","120.625","24.320","248"
"407","297947","20221006051000","298","2","臺中市","外埔區","120.630","24.325","395"
"38","297954","20221006051000","37","1","臺中市","外埔區","120.635","24.330","39"
"272","297957","20221006051000","238","1","臺中市","外埔區","120.630","24.335","299"
"264","297959","20221006051000","233","1","臺中市","外埔區","120.685","24.325","248"
"48","297961","20221006051000","70","0","臺中市","外埔區","120.675","24.330","48"
"266","297967","20221006051000","212","2","臺中市","后里區","120.710","24.330","245"
"56","297988","20221006051000","472","0","臺中市","外埔區","120.665","24.340","58"
"400","297992","20221006051000","291","2","臺中市","外埔區","120.685","24.340","391"
"749","297995","20221006051000","864","0","臺中市","大安區","120.585","24.345","756"
"16","298020","20221006051000","21","0","臺中市","大安區","120.570","24.340","16"
"60","298024","20221006051000","84","0","臺中市","大安區","120.570","24.345","62"
"336","298036","20221006051000","291","1","臺中市","大安區","120.590","24.335","321"
"319","298040","20221006051000","391","0","臺中市","大安區","120.590","24.340","314"
"42","298043","20221006051000","644","0","臺中市","大安區","120.605","24.365","47"
"1369","298045","20221006051000","1337","1","臺中市","后里區","120.720","24.310","1195"
"332","298047","20221006051000","483","0","臺中市","后里區","120.720","24.320","359"
"100","298050","20221006051000","809","0","臺中市","后里區","120.725","24.315","151"
"349","298051","20221006051000","293","1","臺中市","后里區","120.730","24.315","329"
"1703","298052","20221006051000","1183","2","臺中市","后里區","120.725","24.320","1481"
"130","298053","20221006051000","154","0","臺中市","后里區","120.730","24.320","124"
"53","298054","20221006051000","68","0","臺中市","后里區","120.735","24.320","54"
"69","298056","20221006051000","88","0","臺中市","后里區","120.725","24.325","75"
"128","298059","20221006051000","666","0","臺中市","后里區","120.710","24.310","135"
"68","298060","20221006051000","136","0","臺中市","后里區","120.715","24.310","52"
"301","298062","20221006051000","174","3","臺中市","后里區","120.710","24.315","303"
"146","298066","20221006051000","110","2","臺中市","后里區","120.705","24.320","145"
"54","298069","20221006051000","110","0","臺中市","外埔區","120.695","24.325","174"
"210","298070","20221006051000","196","1","臺中市","后里區","120.700","24.325","368"
"19","298074","20221006051000","20","0","臺中市","后里區","120.705","24.325","17"
"348","298075","20221006051000","320","1","臺中市","后里區","120.710","24.325","357"
"303","298078","20221006051000","279","1","臺中市","后里區","120.705","24.330","316"
"34","298081","20221006051000","213","0","臺中市","后里區","120.745","24.325","34"
"124","298082","20221006051000","100","2","臺中市","后里區","120.750","24.325","117"
"150","298092","20221006051000","123","2","臺中市","后里區","120.680","24.315","139"
"58","298093","20221006051000","40","2","臺中市","后里區","120.685","24.315","67"
"670","298094","20221006051000","548","2","臺中市","后里區","120.690","24.315","649"
"487","298095","20221006051000","409","1","臺中市","后里區","120.695","24.315","519"
"112","298096","20221006051000","85","2","臺中市","外埔區","120.685","24.320","153"
"33","298098","20221006051000","464","0","臺中市","大安區","120.600","24.345","44"
"30","298100","20221006051000","462","0","臺中市","大安區","120.600","24.350","30"
"117","298108","20221006051000","119","0","臺中市","大甲區","120.680","24.365","115"
"257","298116","20221006051000","262","0","臺中市","大甲區","120.675","24.370","250"
"590","298125","20221006051000","711","0","臺中市","大甲區","120.625","24.340","593"
"309","298126","20221006051000","363","0","臺中市","大甲區","120.630","24.340","295"
"125","298128","20221006051000","141","0","臺中市","大甲區","120.620","24.340","116"
"2327","298129","20221006051000","2244","1","臺中市","大甲區","120.625","24.345","2346"
"246","298135","20221006051000","240","1","臺中市","后里區","120.715","24.295","248"
"1458","298141","20221006051000","1527","0","臺中市","后里區","120.715","24.305","1497"
"325","298142","20221006051000","443","0","臺中市","后里區","120.720","24.305","312"
"43","298151","20221006051000","476","0","臺中市","清水區","120.610","24.290","44"
"178","298155","20221006051000","141","2","臺中市","清水區","120.610","24.295","165"
"943","298159","20221006051000","917","1","臺中市","大甲區","120.615","24.350","920"
"273","298177","20221006051000","274","0","臺中市","大甲區","120.605","24.325","282"
"233","298178","20221006051000","274","0","臺中市","大甲區","120.595","24.330","233"
"1271","298182","20221006051000","1010","2","臺中市","后里區","120.725","24.310","1315"
"129","298183","20221006051000","182","0","臺中市","后里區","120.730","24.305","124"
"369","298184","20221006051000","562","0","臺中市","后里區","120.730","24.310","371"
"33","298185","20221006051000","22","3","臺中市","后里區","120.735","24.315","35"
"124","298202","20221006051000","109","1","臺中市","后里區","120.700","24.285","123"
"11","298208","20221006051000","241","0","臺中市","后里區","120.675","24.290","15"
"382","298213","20221006051000","345","1","臺中市","后里區","120.700","24.290","373"
"20","298360","20221006051000","25","0","臺中市","和平區","121.280","24.305","25"
"452","298427","20221006051000","382","1","臺中市","和平區","121.295","24.315","489"
"74","298504","20221006051000","68","1","臺中市","和平區","121.310","24.325","120"
"130","298630","20221006051000","126","1","臺中市","和平區","121.310","24.335","175"
"78","298631","20221006051000","87","0","臺中市","和平區","121.315","24.335","78"
"108","298723","20221006051000","78","2","臺中市","和平區","121.310","24.345","84"
"181","298770","20221006051000","127","2","臺中市","和平區","121.310","24.350","101"
"14","298772","20221006051000","18","0","臺中市","和平區","121.320","24.350","14"
"59","298818","20221006051000","52","1","臺中市","和平區","121.315","24.355","66"
"35","298866","20221006051000","38","0","臺中市","和平區","121.315","24.360","35"
"20","298968","20221006051000","15","2","臺中市","和平區","121.340","24.370","31"
"24","299078","20221006051000","15","3","臺中市","和平區","121.265","24.285","19"
"15","299174","20221006051000","11","2","臺中市","和平區","121.275","24.295","16"
"93","299584","20221006051000","76","2","臺中市","和平區","120.905","24.290","78"
"11","299585","20221006051000","10","1","臺中市","和平區","120.910","24.290","11"
"57","299602","20221006051000","44","2","臺中市","和平區","120.930","24.295","52"
"64","299659","20221006051000","50","2","臺中市","和平區","120.940","24.300","69"
"13","299678","20221006051000","10","2","臺中市","和平區","120.925","24.305","10"
"84","299703","20221006051000","54","3","臺中市","和平區","120.940","24.310","76"
"27","299761","20221006051000","13","3","臺中市","和平區","120.930","24.325","29"
"95","299779","20221006051000","85","1","臺中市","和平區","120.925","24.325","93"
"30","299781","20221006051000","134","0","臺中市","和平區","120.935","24.325","43"
"13","299796","20221006051000","15","0","臺中市","和平區","120.920","24.330","11"
"870","299822","20221006051000","1006","0","臺中市","清水區","120.565","24.290","976"
"21","299823","20221006051000","384","0","臺中市","清水區","120.560","24.295","28"
"63","299826","20221006051000","39","3","臺中市","清水區","120.600","24.280","91"
"36","299828","20221006051000","18","3","臺中市","清水區","120.610","24.280","36"
"110","299830","20221006051000","87","2","臺中市","清水區","120.600","24.285","125"
"570","299831","20221006051000","626","0","臺中市","清水區","120.575","24.285","646"
"541","299835","20221006051000","480","1","臺中市","清水區","120.575","24.300","520"
"85","299845","20221006051000","99","0","臺中市","東勢區","120.790","24.285","82"
"283","299852","20221006051000","234","2","臺中市","東勢區","120.795","24.285","274"
"497","299873","20221006051000","413","2","臺中市","清水區","120.555","24.280","489"
"164","299884","20221006051000","926","0","臺中市","清水區","120.540","24.285","130"
"18","299886","20221006051000","312","0","臺中市","清水區","120.525","24.290","17"
"129","299892","20221006051000","71","3","臺中市","清水區","120.520","24.295","100"
"572","299901","20221006051000","443","2","臺中市","清水區","120.630","24.290","561"
"66","299913","20221006051000","54","2","臺中市","清水區","120.630","24.300","68"
"54","299923","20221006051000","90","0","臺中市","清水區","120.580","24.290","42"
"597","299926","20221006051000","539","1","臺中市","清水區","120.590","24.295","571"
"110","300263","20221006051000","71","3","花蓮縣","秀林鄉","121.755","24.300","113"
"273","300401","20221006051000","178","3","花蓮縣","秀林鄉","121.750","24.310","281"
"59","300404","20221006051000","36","3","花蓮縣","秀林鄉","121.765","24.310","52"
"20","300405","20221006051000","16","2","花蓮縣","秀林鄉","121.765","24.305","23"
"14","300877","20221006051000","62","0","苗栗縣","三義鄉","120.740","24.365","11"
"12","300914","20221006051000","103","0","苗栗縣","三義鄉","120.765","24.340","12"
"43","300918","20221006051000","36","1","苗栗縣","三義鄉","120.750","24.345","56"
"18","300926","20221006051000","127","0","苗栗縣","三義鄉","120.745","24.350","14"
"22","300932","20221006051000","111","0","苗栗縣","三義鄉","120.735","24.355","23"
"112","300935","20221006051000","71","3","苗栗縣","三義鄉","120.750","24.355","98"
"77","300949","20221006051000","69","1","苗栗縣","三義鄉","120.780","24.360","74"
"12","300965","20221006051000","45","0","苗栗縣","三義鄉","120.795","24.370","12"
"208","300971","20221006051000","167","2","苗栗縣","卓蘭鎮","120.835","24.300","198"
"28","300982","20221006051000","23","2","苗栗縣","卓蘭鎮","120.845","24.310","35"
"13","301006","20221006051000","196","0","臺中市","東勢區","120.805","24.280","21"
"11","301007","20221006051000","230","0","臺中市","東勢區","120.810","24.280","12"
"661","301021","20221006051000","538","2","苗栗縣","卓蘭鎮","120.830","24.310","657"
"274","301030","20221006051000","211","2","苗栗縣","卓蘭鎮","120.845","24.320","262"
"17","301060","20221006051000","216","0","苗栗縣","卓蘭鎮","120.810","24.330","17"
"188","301079","20221006051000","143","2","苗栗縣","卓蘭鎮","120.785","24.330","200"
"149","301082","20221006051000","107","2","苗栗縣","卓蘭鎮","120.825","24.330","154"
"41","301093","20221006051000","32","2","苗栗縣","卓蘭鎮","120.805","24.335","44"
"30","301097","20221006051000","18","3","苗栗縣","卓蘭鎮","120.825","24.335","30"
"10","301176","20221006051000","12","0","臺中市","和平區","121.040","24.295","11"
"88","301582","20221006051000","65","2","苗栗縣","泰安鄉","120.965","24.360","82"
"180","301609","20221006051000","96","3","苗栗縣","泰安鄉","120.960","24.370","140"
"105","301629","20221006051000","112","0","苗栗縣","卓蘭鎮","120.860","24.295","110"
"85","301639","20221006051000","72","1","苗栗縣","卓蘭鎮","120.840","24.300","93"
"53","301640","20221006051000","61","0","苗栗縣","卓蘭鎮","120.845","24.300","52"
"64","301669","20221006051000","41","3","苗栗縣","卓蘭鎮","120.880","24.315","60"
"151","301723","20221006051000","162","0","苗栗縣","卓蘭鎮","120.850","24.340","156"
"137","301727","20221006051000","98","2","苗栗縣","卓蘭鎮","120.870","24.340","157"
"122","301752","20221006051000","128","0","苗栗縣","卓蘭鎮","120.825","24.305","111"
"655","301756","20221006051000","554","1","苗栗縣","卓蘭鎮","120.820","24.315","639"
"780","301757","20221006051000","676","1","苗栗縣","卓蘭鎮","120.825","24.315","809"
"48","301787","20221006051000","34","2","苗栗縣","大湖鄉","120.870","24.360","47"
"10","301810","20221006051000","93","0","苗栗縣","大湖鄉","120.825","24.345","10"
"102","301882","20221006051000","88","1","苗栗縣","大湖鄉","120.875","24.365","105"
"19","307967","20221006051000","12","3","宜蘭縣","南澳鄉","121.790","24.415","16"
"16","308048","20221006051000","14","1","宜蘭縣","南澳鄉","121.765","24.440","20"
"13","308125","20221006051000","21","0","宜蘭縣","南澳鄉","121.775","24.450","12"
"246","308964","20221006051000","199","2","宜蘭縣","南澳鄉","121.750","24.425","241"
"33","309060","20221006051000","18","3","宜蘭縣","南澳鄉","121.750","24.435","18"
"22","309298","20221006051000","29","0","宜蘭縣","大同鄉","121.355","24.395","32"
"422","309501","20221006051000","289","2","宜蘭縣","大同鄉","121.380","24.435","433"
"99","309740","20221006051000","86","1","宜蘭縣","蘇澳鎮","121.805","24.445","99"
"155","309750","20221006051000","157","0","宜蘭縣","蘇澳鎮","121.790","24.455","170"
"153","309853","20221006051000","111","2","臺中市","大甲區","120.640","24.410","143"
"59","309860","20221006051000","780","0","臺中市","大甲區","120.630","24.415","56"
"346","309867","20221006051000","316","1","臺中市","大甲區","120.635","24.390","342"
"60","309881","20221006051000","467","0","臺中市","大甲區","120.635","24.410","61"
"602","309883","20221006051000","555","1","臺中市","大甲區","120.640","24.415","582"
"13","309891","20221006051000","352","0","臺中市","大安區","120.600","24.370","10"
"373","309899","20221006051000","355","1","臺中市","大安區","120.605","24.385","393"
"332","309910","20221006051000","303","1","臺中市","大安區","120.600","24.395","342"
"23","309925","20221006051000","444","0","臺中市","大甲區","120.670","24.380","26"
"15","309935","20221006051000","15","1","臺中市","大甲區","120.665","24.390","18"
"19","309937","20221006051000","414","0","臺中市","大甲區","120.660","24.395","14"
"464","309939","20221006051000","478","0","苗栗縣","苑裡鎮","120.665","24.400","472"
"660","309942","20221006051000","502","2","臺中市","大甲區","120.645","24.400","659"
"1526","309947","20221006051000","1757","0","臺中市","大甲區","120.650","24.405","1517"
"392","309948","20221006051000","465","0","臺中市","大甲區","120.655","24.405","358"
"171","309960","20221006051000","204","0","臺中市","大安區","120.595","24.385","181"
"31","309972","20221006051000","308","0","臺中市","大安區","120.585","24.375","29"
"395","309973","20221006051000","389","1","臺中市","大安區","120.590","24.375","424"
"42","309975","20221006051000","46","0","臺中市","大安區","120.585","24.380","39"
"30","309977","20221006051000","40","0","臺中市","大安區","120.610","24.375","33"
"337","309986","20221006051000","296","1","臺中市","大甲區","120.660","24.370","323"
"1394","310004","20221006051000","1676","0","臺中市","大甲區","120.655","24.380","1436"
"28","310009","20221006051000","1042","0","臺中市","大甲區","120.650","24.390","31"
"394","310033","20221006051000","333","1","臺中市","大甲區","120.615","24.415","393"
"453","310040","20221006051000","479","0","臺中市","大甲區","120.620","24.370","458"
"11","310149","20221006051000","14","0","臺中市","和平區","121.305","24.380","26"
"45","310150","20221006051000","34","2","臺中市","和平區","121.310","24.380","37"
"34","310180","20221006051000","20","3","臺中市","和平區","121.300","24.385","19"
"48","310235","20221006051000","33","2","臺中市","和平區","121.305","24.395","35"
"35","310390","20221006051000","40","0","苗栗縣","三義鄉","120.780","24.385","31"
"163","310395","20221006051000","207","0","苗栗縣","三義鄉","120.750","24.395","194"
"355","310396","20221006051000","316","1","苗栗縣","三義鄉","120.755","24.395","379"
"1799","310412","20221006051000","1672","1","苗栗縣","三義鄉","120.760","24.405","1775"
"415","310415","20221006051000","356","1","苗栗縣","三義鄉","120.765","24.410","390"
"818","310419","20221006051000","873","0","苗栗縣","三義鄉","120.770","24.415","803"
"163","310423","20221006051000","158","1","苗栗縣","三義鄉","120.745","24.370","160"
"24","310429","20221006051000","27","0","苗栗縣","三義鄉","120.770","24.370","23"
"22","310441","20221006051000","34","0","苗栗縣","三義鄉","120.750","24.380","23"
"88","310450","20221006051000","55","3","苗栗縣","三義鄉","120.755","24.385","97"
"17","310451","20221006051000","154","0","苗栗縣","三義鄉","120.760","24.385","27"
"17","310456","20221006051000","12","2","苗栗縣","三義鄉","120.755","24.390","11"
"46","310458","20221006051000","63","0","苗栗縣","三義鄉","120.760","24.390","106"
"22","310469","20221006051000","21","1","苗栗縣","三義鄉","120.780","24.375","22"
"603","310489","20221006051000","589","1","苗栗縣","三義鄉","120.775","24.420","576"
"176","310506","20221006051000","127","2","苗栗縣","三義鄉","120.770","24.435","142"
"24","310521","20221006051000","25","0","苗栗縣","三義鄉","120.805","24.385","24"
"18","310527","20221006051000","20","0","苗栗縣","三義鄉","120.795","24.390","16"
"17","310542","20221006051000","16","1","苗栗縣","三義鄉","120.775","24.405","19"
"261","310551","20221006051000","257","1","苗栗縣","三義鄉","120.790","24.410","261"
"16","310552","20221006051000","22","0","苗栗縣","三義鄉","120.795","24.410","20"
"132","310580","20221006051000","111","1","苗栗縣","公館鄉","120.860","24.460","134"
"12","310595","20221006051000","18","0","苗栗縣","苑裡鎮","120.660","24.430","10"
"621","310596","20221006051000","588","1","苗栗縣","苑裡鎮","120.665","24.430","620"
"13","310601","20221006051000","301","0","苗栗縣","苑裡鎮","120.710","24.375","18"
"63","310623","20221006051000","64","0","苗栗縣","苑裡鎮","120.695","24.400","69"
"10","310630","20221006051000","13","0","苗栗縣","苑裡鎮","120.670","24.445","17"
"581","310636","20221006051000","423","2","苗栗縣","苑裡鎮","120.660","24.440","606"
"36","310637","20221006051000","39","0","苗栗縣","苑裡鎮","120.655","24.445","36"
"26","310639","20221006051000","17","3","苗栗縣","苑裡鎮","120.665","24.445","25"
"20","310640","20221006051000","15","2","苗栗縣","通霄鎮","120.660","24.450","16"
"549","310644","20221006051000","375","2","苗栗縣","苑裡鎮","120.655","24.450","524"
"33","310647","20221006051000","58","0","苗栗縣","通霄鎮","120.660","24.455","33"
"17","310656","20221006051000","152","0","苗栗縣","三義鄉","120.745","24.395","17"
"71","310685","20221006051000","78","0","苗栗縣","苑裡鎮","120.710","24.420","71"
"39","310688","20221006051000","23","3","苗栗縣","苑裡鎮","120.660","24.435","38"
"296","310695","20221006051000","252","1","苗栗縣","苑裡鎮","120.670","24.405","269"
"170","310698","20221006051000","234","0","苗栗縣","苑裡鎮","120.690","24.410","181"
"77","310699","20221006051000","52","2","苗栗縣","苑裡鎮","120.690","24.415","77"
"24","310721","20221006051000","445","0","苗栗縣","苑裡鎮","120.645","24.435","23"
"104","310722","20221006051000","89","1","苗栗縣","苑裡鎮","120.650","24.435","99"
"497","310727","20221006051000","443","1","苗栗縣","苑裡鎮","120.635","24.445","520"
"10","310728","20221006051000","11","0","苗栗縣","苑裡鎮","120.655","24.410","14"
"431","310730","20221006051000","349","2","苗栗縣","苑裡鎮","120.655","24.415","421"
"295","310737","20221006051000","274","1","苗栗縣","苑裡鎮","120.650","24.425","319"
"207","310752","20221006051000","222","0","苗栗縣","苑裡鎮","120.700","24.435","208"
"38","310755","20221006051000","41","0","苗栗縣","苑裡鎮","120.680","24.440","28"
"324","310758","20221006051000","275","1","苗栗縣","苑裡鎮","120.700","24.385","282"
"242","310763","20221006051000","302","0","苗栗縣","苑裡鎮","120.695","24.395","250"
"27","310766","20221006051000","12","3","苗栗縣","苑裡鎮","120.685","24.405","23"
"1071","310776","20221006051000","945","1","苗栗縣","大湖鄉","120.870","24.425","1041"
"16","310779","20221006051000","13","2","苗栗縣","大湖鄉","120.885","24.425","14"
"258","310796","20221006051000","218","1","苗栗縣","大湖鄉","120.865","24.400","245"
"48","310800","20221006051000","46","1","苗栗縣","大湖鄉","120.855","24.405","49"
"13","310825","20221006051000","172","0","苗栗縣","大湖鄉","120.900","24.410","13"
"180","310860","20221006051000","117","3","苗栗縣","大湖鄉","120.870","24.405","202"
"11","310881","20221006051000","244","0","苗栗縣","大湖鄉","120.860","24.420","12"
"394","310894","20221006051000","502","0","苗栗縣","苑裡鎮","120.655","24.440","391"
"10","310899","20221006051000","17","0","苗栗縣","苑裡鎮","120.690","24.375","10"
"1031","310905","20221006051000","1064","0","苗栗縣","苑裡鎮","120.680","24.385","1044"
"129","310911","20221006051000","122","1","苗栗縣","苑裡鎮","120.660","24.410","140"
"321","310914","20221006051000","157","3","苗栗縣","苑裡鎮","120.660","24.415","321"
"36","310926","20221006051000","36","1","苗栗縣","苑裡鎮","120.720","24.395","42"
"14","310930","20221006051000","12","1","苗栗縣","苑裡鎮","120.715","24.400","13"
"30","310938","20221006051000","37","0","苗栗縣","苑裡鎮","120.705","24.410","22"
"20","310941","20221006051000","41","0","苗栗縣","苑裡鎮","120.675","24.400","22"
"11","310942","20221006051000","12","0","苗栗縣","苑裡鎮","120.680","24.400","19"
"16","310943","20221006051000","500","0","苗栗縣","苑裡鎮","120.675","24.405","21"
"18","310953","20221006051000","10","3","苗栗縣","苑裡鎮","120.670","24.425","12"
"135","310964","20221006051000","1061","0","苗栗縣","苑裡鎮","120.685","24.415","129"
"202","310996","20221006051000","171","1","苗栗縣","銅鑼鄉","120.810","24.465","195"
"10","310999","20221006051000","22","0","苗栗縣","銅鑼鄉","120.755","24.445","10"
"23","311009","20221006051000","18","2","苗栗縣","銅鑼鄉","120.765","24.460","24"
"215","311014","20221006051000","138","3","苗栗縣","銅鑼鄉","120.760","24.460","198"
"66","311016","20221006051000","57","1","苗栗縣","銅鑼鄉","120.770","24.465","38"
"106","311031","20221006051000","58","3","苗栗縣","銅鑼鄉","120.810","24.405","104"
"110","311073","20221006051000","57","3","苗栗縣","銅鑼鄉","120.835","24.420","102"
"12","311089","20221006051000","11","1","苗栗縣","銅鑼鄉","120.765","24.435","17"
"210","311108","20221006051000","130","3","苗栗縣","銅鑼鄉","120.780","24.450","157"
"162","311118","20221006051000","370","0","苗栗縣","銅鑼鄉","120.780","24.465","392"
"1788","311279","20221006051000","1905","0","苗栗縣","苑裡鎮","120.650","24.440","1763"
"349","311283","20221006051000","358","0","苗栗縣","苑裡鎮","120.650","24.450","367"
"60","311310","20221006051000","49","2","苗栗縣","泰安鄉","120.925","24.390","57"
"13","311446","20221006051000","10","2","苗栗縣","泰安鄉","120.980","24.445","15"
"121","311474","20221006051000","87","2","苗栗縣","泰安鄉","120.935","24.420","119"
"16","311478","20221006051000","146","0","苗栗縣","泰安鄉","120.925","24.420","17"
"13","312522","20221006051000","96","0","苗栗縣","泰安鄉","120.925","24.440","13"
"134","312590","20221006051000","94","2","苗栗縣","通霄鎮","120.735","24.410","149"
"171","312624","20221006051000","130","2","苗栗縣","通霄鎮","120.680","24.455","163"
"57","312636","20221006051000","65","0","苗栗縣","通霄鎮","120.690","24.465","57"
"28","312656","20221006051000","16","3","苗栗縣","通霄鎮","120.745","24.440","18"
"113","312664","20221006051000","55","3","苗栗縣","通霄鎮","120.725","24.450","103"
"12","312666","20221006051000","14","0","苗栗縣","通霄鎮","120.735","24.450","11"
"32","312668","20221006051000","101","0","苗栗縣","通霄鎮","120.720","24.425","28"
"40","312670","20221006051000","212","0","苗栗縣","通霄鎮","120.720","24.430","46"
"239","312677","20221006051000","183","2","苗栗縣","通霄鎮","120.715","24.440","241"
"188","312691","20221006051000","208","0","苗栗縣","通霄鎮","120.700","24.455","186"
"34","312717","20221006051000","28","2","苗栗縣","通霄鎮","120.730","24.460","39"
"58","312744","20221006051000","77","0","苗栗縣","大湖鄉","120.865","24.430","53"
"21","312752","20221006051000","170","0","苗栗縣","大湖鄉","120.865","24.435","21"
"61","312778","20221006051000","51","1","苗栗縣","大湖鄉","120.905","24.445","59"
"30","312782","20221006051000","30","1","苗栗縣","大湖鄉","120.880","24.450","40"
"190","312784","20221006051000","163","1","苗栗縣","大湖鄉","120.875","24.455","182"
"42","312785","20221006051000","666","0","苗栗縣","大湖鄉","120.865","24.420","41"
"181","312798","20221006051000","230","0","苗栗縣","大湖鄉","120.900","24.375","181"
"332","312833","20221006051000","254","2","苗栗縣","三義鄉","120.820","24.380","304"
"152","312851","20221006051000","109","2","苗栗縣","大湖鄉","120.865","24.375","170"
"31","312863","20221006051000","159","0","苗栗縣","大湖鄉","120.850","24.385","33"
"29","317431","20221006051000","29","1","宜蘭縣","蘇澳鎮","121.845","24.520","39"
"335","319889","20221006051000","242","2","宜蘭縣","南澳鄉","121.800","24.465","353"
"432","319890","20221006051000","450","0","宜蘭縣","蘇澳鎮","121.805","24.465","427"
"15","319894","20221006051000","13","1","宜蘭縣","南澳鄉","121.810","24.470","17"
"96","320020","20221006051000","77","2","宜蘭縣","蘇澳鎮","121.830","24.515","81"
"12","320043","20221006051000","13","0","宜蘭縣","南澳鄉","121.830","24.530","10"
"14","320054","20221006051000","19","0","宜蘭縣","南澳鄉","121.835","24.535","24"
"253","320197","20221006051000","190","2","宜蘭縣","南澳鄉","121.790","24.470","226"
"15","320298","20221006051000","15","1","宜蘭縣","南澳鄉","121.785","24.460","16"
"166","320807","20221006051000","113","2","宜蘭縣","大同鄉","121.430","24.485","152"
"135","320829","20221006051000","128","1","宜蘭縣","大同鄉","121.430","24.490","134"
"86","321192","20221006051000","90","0","宜蘭縣","大同鄉","121.530","24.500","88"
"90","321699","20221006051000","66","2","宜蘭縣","大同鄉","121.450","24.530","96"
"159","321823","20221006051000","144","1","宜蘭縣","蘇澳鎮","121.840","24.485","239"
"47","321846","20221006051000","20","3","宜蘭縣","蘇澳鎮","121.835","24.510","46"
"175","321850","20221006051000","131","2","宜蘭縣","蘇澳鎮","121.835","24.520","191"
"152","321880","20221006051000","97","3","宜蘭縣","蘇澳鎮","121.820","24.460","142"
"14","321882","20221006051000","14","1","宜蘭縣","蘇澳鎮","121.820","24.465","14"
"35","321898","20221006051000","25","2","宜蘭縣","蘇澳鎮","121.825","24.485","28"
"10","322586","20221006051000","14","0","新竹縣","五峰鄉","121.090","24.500","20"
"18","322609","20221006051000","19","0","新竹縣","五峰鄉","121.115","24.510","22"
"111","322716","20221006051000","98","1","新竹縣","五峰鄉","121.110","24.525","105"
"22","322717","20221006051000","28","0","新竹縣","五峰鄉","121.115","24.525","18"
"55","322744","20221006051000","40","2","新竹縣","五峰鄉","121.125","24.530","26"
"51","322792","20221006051000","67","0","新竹縣","五峰鄉","121.125","24.540","74"
"23","322897","20221006051000","24","0","新竹縣","五峰鄉","121.130","24.560","23"
"54","322913","20221006051000","419","0","苗栗縣","公館鄉","120.820","24.495","42"
"26","322918","20221006051000","207","0","苗栗縣","公館鄉","120.815","24.510","21"
"202","322920","20221006051000","283","0","苗栗縣","公館鄉","120.815","24.515","209"
"395","322921","20221006051000","331","1","苗栗縣","銅鑼鄉","120.810","24.515","412"
"260","322933","20221006051000","221","1","苗栗縣","公館鄉","120.835","24.510","263"
"401","322941","20221006051000","397","1","苗栗縣","公館鄉","120.835","24.530","371"
"31","322992","20221006051000","56","0","苗栗縣","公館鄉","120.890","24.540","27"
"152","323065","20221006051000","134","1","苗栗縣","公館鄉","120.835","24.500","157"
"145","323078","20221006051000","151","0","苗栗縣","公館鄉","120.835","24.545","158"
"1010","323086","20221006051000","742","2","苗栗縣","公館鄉","120.825","24.510","977"
"56","323090","20221006051000","718","0","苗栗縣","公館鄉","120.820","24.515","48"
"257","323092","20221006051000","465","0","苗栗縣","公館鄉","120.825","24.520","282"
"44","323094","20221006051000","307","0","苗栗縣","公館鄉","120.825","24.465","46"
"111","323105","20221006051000","186","0","苗栗縣","公館鄉","120.835","24.465","114"
"44","323120","20221006051000","32","2","苗栗縣","公館鄉","120.855","24.475","36"
"422","323126","20221006051000","398","1","苗栗縣","公館鄉","120.825","24.475","430"
"335","323131","20221006051000","402","0","苗栗縣","公館鄉","120.820","24.480","352"
"23","323137","20221006051000","482","0","苗栗縣","公館鄉","120.830","24.485","29"
"516","323139","20221006051000","508","1","苗栗縣","公館鄉","120.825","24.500","509"
"748","323140","20221006051000","743","1","苗栗縣","公館鄉","120.825","24.505","764"
"1170","323143","20221006051000","1375","0","苗栗縣","公館鄉","120.820","24.500","1118"
"27","323150","20221006051000","259","0","苗栗縣","公館鄉","120.830","24.530","23"
"832","323159","20221006051000","610","2","苗栗縣","公館鄉","120.825","24.530","807"
"179","323161","20221006051000","128","2","苗栗縣","苗栗市","120.835","24.555","183"
"437","323164","20221006051000","677","0","苗栗縣","苗栗市","120.820","24.560","422"
"209","323174","20221006051000","151","2","苗栗縣","通霄鎮","120.700","24.550","220"
"227","323187","20221006051000","199","1","苗栗縣","通霄鎮","120.695","24.475","221"
"22","323189","20221006051000","446","0","苗栗縣","通霄鎮","120.685","24.480","15"
"61","323210","20221006051000","52","1","苗栗縣","通霄鎮","120.730","24.490","68"
"18","323218","20221006051000","71","0","苗栗縣","通霄鎮","120.740","24.495","19"
"15","323221","20221006051000","18","0","苗栗縣","通霄鎮","120.750","24.485","17"
"15","323223","20221006051000","10","3","苗栗縣","通霄鎮","120.760","24.485","10"
"82","323237","20221006051000","80","1","苗栗縣","通霄鎮","120.720","24.505","99"
"10","323239","20221006051000","32","0","苗栗縣","通霄鎮","120.730","24.505","10"
"77","323242","20221006051000","68","1","苗栗縣","通霄鎮","120.740","24.505","76"
"38","323248","20221006051000","44","0","苗栗縣","通霄鎮","120.730","24.510","39"
"21","323299","20221006051000","17","2","苗栗縣","南庄鄉","120.960","24.520","23"
"12","323356","20221006051000","116","0","苗栗縣","南庄鄉","120.970","24.545","12"
"2262","323391","20221006051000","2153","1","苗栗縣","苗栗市","120.825","24.555","2337"
"22","323392","20221006051000","21","1","苗栗縣","苗栗市","120.820","24.540","17"
"964","323394","20221006051000","703","2","苗栗縣","苗栗市","120.825","24.545","1006"
"61","323395","20221006051000","1692","0","苗栗縣","苗栗市","120.815","24.550","798"
"51","323396","20221006051000","87","0","苗栗縣","苗栗市","120.820","24.550","61"
"1546","323397","20221006051000","1311","1","苗栗縣","苗栗市","120.815","24.555","1545"
"681","323400","20221006051000","529","2","苗栗縣","苗栗市","120.820","24.555","670"
"226","323402","20221006051000","182","2","苗栗縣","苗栗市","120.830","24.555","251"
"541","323403","20221006051000","454","1","苗栗縣","苗栗市","120.825","24.565","538"
"17","323405","20221006051000","30","0","苗栗縣","苗栗市","120.790","24.525","19"
"170","323411","20221006051000","197","0","苗栗縣","苗栗市","120.785","24.535","185"
"41","323412","20221006051000","48","0","苗栗縣","苗栗市","120.790","24.535","36"
"277","323414","20221006051000","113","3","苗栗縣","苗栗市","120.800","24.535","274"
"30","323530","20221006051000","24","2","苗栗縣","南庄鄉","121.025","24.535","36"
"42","323545","20221006051000","29","2","苗栗縣","南庄鄉","121.030","24.540","32"
"110","323601","20221006051000","67","3","苗栗縣","頭屋鄉","120.855","24.555","104"
"15","323631","20221006051000","43","0","苗栗縣","頭屋鄉","120.870","24.560","18"
"182","323661","20221006051000","170","1","苗栗縣","銅鑼鄉","120.775","24.495","187"
"28","323663","20221006051000","26","1","苗栗縣","西湖鄉","120.770","24.500","29"
"293","323674","20221006051000","206","2","苗栗縣","銅鑼鄉","120.790","24.470","332"
"366","323678","20221006051000","277","2","苗栗縣","銅鑼鄉","120.790","24.475","345"
"45","323679","20221006051000","39","1","苗栗縣","銅鑼鄉","120.795","24.475","34"
"451","323682","20221006051000","399","1","苗栗縣","銅鑼鄉","120.785","24.480","456"
"498","323683","20221006051000","459","1","苗栗縣","銅鑼鄉","120.790","24.480","499"
"412","323685","20221006051000","451","0","苗栗縣","銅鑼鄉","120.785","24.485","387"
"705","323686","20221006051000","1058","0","苗栗縣","銅鑼鄉","120.785","24.490","675"
"64","323691","20221006051000","56","1","苗栗縣","通霄鎮","120.725","24.520","67"
"11","323700","20221006051000","31","0","苗栗縣","通霄鎮","120.735","24.525","11"
"23","323727","20221006051000","150","0","苗栗縣","通霄鎮","120.675","24.485","21"
"1070","323728","20221006051000","923","1","苗栗縣","苗栗市","120.810","24.545","993"
"67","323734","20221006051000","41","3","苗栗縣","西湖鄉","120.790","24.550","80"
"154","323738","20221006051000","134","1","苗栗縣","苗栗市","120.795","24.555","150"
"426","323740","20221006051000","399","1","苗栗縣","苗栗市","120.805","24.555","437"
"325","323743","20221006051000","334","0","苗栗縣","苗栗市","120.800","24.560","327"
"84","323744","20221006051000","247","0","苗栗縣","苗栗市","120.805","24.560","90"
"449","323747","20221006051000","421","1","苗栗縣","苗栗市","120.815","24.530","480"
"1343","323751","20221006051000","1576","0","苗栗縣","苗栗市","120.815","24.540","1296"
"316","323752","20221006051000","189","3","苗栗縣","苗栗市","120.805","24.545","307"
"32","323753","20221006051000","40","0","苗栗縣","苗栗市","120.805","24.550","30"
"51","323763","20221006051000","214","0","苗栗縣","西湖鄉","120.730","24.555","51"
"121","323770","20221006051000","127","0","苗栗縣","西湖鄉","120.745","24.555","124"
"71","323782","20221006051000","71","1","苗栗縣","西湖鄉","120.765","24.520","71"
"158","323800","20221006051000","161","0","苗栗縣","西湖鄉","120.785","24.525","166"
"69","323808","20221006051000","45","3","苗栗縣","西湖鄉","120.745","24.525","75"
"28","323810","20221006051000","73","0","苗栗縣","西湖鄉","120.740","24.530","27"
"31","323815","20221006051000","31","1","苗栗縣","西湖鄉","120.750","24.535","33"
"155","323828","20221006051000","146","1","苗栗縣","通霄鎮","120.680","24.500","142"
"202","323830","20221006051000","223","0","苗栗縣","通霄鎮","120.690","24.500","226"
"22","323838","20221006051000","26","0","苗栗縣","通霄鎮","120.690","24.510","13"
"191","323845","20221006051000","196","0","苗栗縣","通霄鎮","120.695","24.515","192"
"74","323854","20221006051000","57","2","苗栗縣","通霄鎮","120.695","24.530","75"
"24","323864","20221006051000","12","3","苗栗縣","通霄鎮","120.675","24.490","30"
"1311","323865","20221006051000","1117","1","苗栗縣","通霄鎮","120.680","24.490","1306"
"672","323876","20221006051000","666","1","苗栗縣","銅鑼鄉","120.800","24.490","679"
"487","323879","20221006051000","505","0","苗栗縣","銅鑼鄉","120.800","24.495","502"
"243","323881","20221006051000","250","0","苗栗縣","銅鑼鄉","120.810","24.495","252"
"13","323884","20221006051000","165","0","苗栗縣","銅鑼鄉","120.805","24.500","13"
"11","323893","20221006051000","175","0","苗栗縣","銅鑼鄉","120.805","24.510","13"
"51","323896","20221006051000","64","0","苗栗縣","銅鑼鄉","120.810","24.520","54"
"166","323898","20221006051000","145","1","苗栗縣","銅鑼鄉","120.760","24.465","156"
"62","323899","20221006051000","90","0","苗栗縣","銅鑼鄉","120.765","24.465","46"
"179","323913","20221006051000","193","0","苗栗縣","銅鑼鄉","120.790","24.485","164"
"174","323918","20221006051000","143","2","苗栗縣","銅鑼鄉","120.790","24.505","174"
"88","323920","20221006051000","57","3","苗栗縣","銅鑼鄉","120.785","24.510","99"
"307","323923","20221006051000","322","0","苗栗縣","西湖鄉","120.785","24.515","302"
"45","323948","20221006051000","43","1","苗栗縣","泰安鄉","120.950","24.465","52"
"59","323952","20221006051000","92","0","苗栗縣","泰安鄉","120.970","24.465","100"
"132","323970","20221006051000","110","2","苗栗縣","泰安鄉","120.945","24.470","122"
"67","323976","20221006051000","67","1","苗栗縣","泰安鄉","120.975","24.470","73"
"17","324112","20221006051000","14","2","苗栗縣","獅潭鄉","120.910","24.505","16"
"39","324130","20221006051000","25","3","苗栗縣","獅潭鄉","120.910","24.510","40"
"256","324200","20221006051000","158","3","苗栗縣","獅潭鄉","120.920","24.540","265"
"49","324206","20221006051000","28","3","苗栗縣","獅潭鄉","120.950","24.540","39"
"69","324257","20221006051000","82","0","苗栗縣","獅潭鄉","120.935","24.555","75"
"32","324281","20221006051000","33","0","苗栗縣","獅潭鄉","120.910","24.465","35"
"120","324285","20221006051000","130","0","苗栗縣","獅潭鄉","120.880","24.470","129"
"26","324297","20221006051000","11","3","苗栗縣","獅潭鄉","120.915","24.475","24"
"64","324301","20221006051000","63","1","苗栗縣","獅潭鄉","120.900","24.485","67"
"62","324306","20221006051000","36","3","苗栗縣","獅潭鄉","120.900","24.490","64"
"52","324349","20221006051000","56","0","苗栗縣","泰安鄉","120.945","24.485","63"
"43","324420","20221006051000","35","2","苗栗縣","泰安鄉","121.205","24.465","58"
"10","324615","20221006051000","18","0","苗栗縣","泰安鄉","121.070","24.495","15"
"14","324700","20221006051000","13","1","苗栗縣","通霄鎮","120.700","24.505","14"
"21","324701","20221006051000","14","3","苗栗縣","通霄鎮","120.705","24.505","17"
"76","324706","20221006051000","48","3","苗栗縣","通霄鎮","120.715","24.510","75"
"64","324721","20221006051000","76","0","苗栗縣","西湖鄉","120.780","24.550","65"
"77","324736","20221006051000","45","3","苗栗縣","西湖鄉","120.755","24.495","83"
"47","324766","20221006051000","24","3","苗栗縣","西湖鄉","120.785","24.540","52"
"43","324767","20221006051000","36","1","苗栗縣","西湖鄉","120.755","24.545","49"
"39","324782","20221006051000","28","2","苗栗縣","通霄鎮","120.680","24.465","40"
"401","324784","20221006051000","419","0","苗栗縣","通霄鎮","120.665","24.470","414"
"65","324791","20221006051000","844","0","苗栗縣","通霄鎮","120.675","24.475","68"
"255","324812","20221006051000","268","0","苗栗縣","通霄鎮","120.710","24.555","277"
"30","324833","20221006051000","174","0","苗栗縣","通霄鎮","120.710","24.505","29"
"22","324850","20221006051000","31","0","苗栗縣","通霄鎮","120.715","24.480","19"
"49","324851","20221006051000","42","1","苗栗縣","通霄鎮","120.720","24.480","47"
"204","324858","20221006051000","172","1","苗栗縣","通霄鎮","120.720","24.465","183"
"109","324872","20221006051000","85","2","苗栗縣","通霄鎮","120.685","24.485","86"
"36","324877","20221006051000","774","0","苗栗縣","通霄鎮","120.690","24.495","38"
"24","324879","20221006051000","306","0","苗栗縣","通霄鎮","120.695","24.500","25"
"124","328071","20221006051000","130","0","宜蘭縣","蘇澳鎮","121.860","24.600","114"
"90","328073","20221006051000","88","1","宜蘭縣","蘇澳鎮","121.870","24.600","46"
"252","328074","20221006051000","244","1","宜蘭縣","蘇澳鎮","121.880","24.600","251"
"30","328390","20221006051000","38","0","宜蘭縣","蘇澳鎮","121.880","24.605","53"
"261","331880","20221006051000","239","1","宜蘭縣","冬山鄉","121.750","24.645","267"
"17","331921","20221006051000","14","2","宜蘭縣","南澳鄉","121.805","24.555","29"
"1448","332115","20221006051000","1128","2","宜蘭縣","蘇澳鎮","121.865","24.580","1142"
"131","332120","20221006051000","99","2","宜蘭縣","冬山鄉","121.815","24.630","133"
"551","332122","20221006051000","570","0","宜蘭縣","冬山鄉","121.810","24.630","525"
"288","332124","20221006051000","185","3","宜蘭縣","冬山鄉","121.820","24.630","312"
"244","332146","20221006051000","231","1","宜蘭縣","冬山鄉","121.710","24.635","264"
"590","332186","20221006051000","522","1","宜蘭縣","冬山鄉","121.770","24.630","652"
"315","332216","20221006051000","513","0","宜蘭縣","冬山鄉","121.785","24.625","295"
"156","332233","20221006051000","178","0","宜蘭縣","冬山鄉","121.730","24.650","181"
"265","332244","20221006051000","210","2","宜蘭縣","冬山鄉","121.805","24.625","273"
"11","332340","20221006051000","14","0","宜蘭縣","大同鄉","121.495","24.570","17"
"63","332362","20221006051000","34","3","宜蘭縣","大同鄉","121.480","24.575","72"
"109","332385","20221006051000","60","3","宜蘭縣","大同鄉","121.495","24.580","86"
"12","332698","20221006051000","25","0","宜蘭縣","大同鄉","121.685","24.610","12"
"164","332699","20221006051000","114","2","宜蘭縣","大同鄉","121.690","24.610","161"
"13","332745","20221006051000","47","0","宜蘭縣","大同鄉","121.685","24.625","14"
"13","332848","20221006051000","16","0","宜蘭縣","大同鄉","121.635","24.615","11"
"39","332889","20221006051000","60","0","宜蘭縣","大同鄉","121.605","24.630","31"
"16","332899","20221006051000","16","1","宜蘭縣","三星鄉","121.605","24.635","21"
"62","332902","20221006051000","70","0","宜蘭縣","大同鄉","121.560","24.640","66"
"61","333040","20221006051000","111","0","宜蘭縣","大同鄉","121.530","24.595","75"
"78","333282","20221006051000","59","2","宜蘭縣","大同鄉","121.525","24.630","78"
"10","333369","20221006051000","12","0","宜蘭縣","大同鄉","121.475","24.650","18"
"82","333370","20221006051000","53","3","宜蘭縣","大同鄉","121.480","24.650","114"
"318","333450","20221006051000","434","0","宜蘭縣","蘇澳鎮","121.870","24.580","302"
"485","333451","20221006051000","555","0","宜蘭縣","蘇澳鎮","121.875","24.580","448"
"920","333457","20221006051000","725","2","宜蘭縣","蘇澳鎮","121.855","24.595","875"
"44","333458","20221006051000","63","0","宜蘭縣","蘇澳鎮","121.875","24.600","26"
"17","333460","20221006051000","14","2","宜蘭縣","蘇澳鎮","121.860","24.605","17"
"60","333462","20221006051000","35","3","宜蘭縣","蘇澳鎮","121.870","24.605","33"
"16","333463","20221006051000","18","0","宜蘭縣","蘇澳鎮","121.875","24.605","16"
"637","333474","20221006051000","496","2","宜蘭縣","蘇澳鎮","121.835","24.590","612"
"915","333478","20221006051000","965","0","宜蘭縣","蘇澳鎮","121.835","24.595","885"
"193","333479","20221006051000","321","0","宜蘭縣","蘇澳鎮","121.840","24.595","189"
"172","333488","20221006051000","134","2","宜蘭縣","蘇澳鎮","121.835","24.605","176"
"65","333492","20221006051000","44","2","宜蘭縣","蘇澳鎮","121.830","24.610","58"
"691","333495","20221006051000","517","2","宜蘭縣","蘇澳鎮","121.830","24.615","659"
"686","333504","20221006051000","651","1","宜蘭縣","五結鄉","121.835","24.650","665"
"384","333511","20221006051000","241","3","宜蘭縣","冬山鄉","121.795","24.640","367"
"52","333515","20221006051000","55","0","宜蘭縣","冬山鄉","121.780","24.650","45"
"205","333516","20221006051000","119","3","宜蘭縣","冬山鄉","121.785","24.650","222"
"604","333519","20221006051000","537","1","宜蘭縣","蘇澳鎮","121.835","24.620","603"
"1607","333520","20221006051000","1419","1","宜蘭縣","蘇澳鎮","121.840","24.620","1559"
"95","333521","20221006051000","74","2","宜蘭縣","蘇澳鎮","121.845","24.620","105"
"439","333522","20221006051000","371","1","宜蘭縣","蘇澳鎮","121.835","24.625","423"
"37","333545","20221006051000","32","1","宜蘭縣","蘇澳鎮","121.845","24.565","32"
"168","333557","20221006051000","150","1","宜蘭縣","蘇澳鎮","121.840","24.575","163"
"30","333558","20221006051000","15","3","宜蘭縣","蘇澳鎮","121.845","24.575","22"
"152","333564","20221006051000","203","0","宜蘭縣","蘇澳鎮","121.855","24.605","130"
"97","333566","20221006051000","70","2","宜蘭縣","蘇澳鎮","121.850","24.610","84"
"511","333569","20221006051000","449","1","宜蘭縣","蘇澳鎮","121.850","24.615","492"
"419","333653","20221006051000","374","1","宜蘭縣","三星鄉","121.615","24.650","412"
"541","333661","20221006051000","517","1","宜蘭縣","冬山鄉","121.805","24.640","515"
"107","333695","20221006051000","84","2","宜蘭縣","蘇澳鎮","121.850","24.575","98"
"43","333704","20221006051000","19","3","宜蘭縣","蘇澳鎮","121.845","24.580","50"
"21","333737","20221006051000","19","1","宜蘭縣","蘇澳鎮","121.815","24.610","26"
"168","333739","20221006051000","161","1","宜蘭縣","蘇澳鎮","121.815","24.615","158"
"60","333741","20221006051000","47","2","宜蘭縣","蘇澳鎮","121.825","24.615","65"
"377","333742","20221006051000","325","1","宜蘭縣","蘇澳鎮","121.815","24.620","405"
"938","333751","20221006051000","861","1","宜蘭縣","冬山鄉","121.765","24.650","924"
"231","333753","20221006051000","372","0","宜蘭縣","冬山鄉","121.795","24.630","240"
"584","333754","20221006051000","613","0","宜蘭縣","冬山鄉","121.800","24.630","580"
"25","333764","20221006051000","33","0","宜蘭縣","冬山鄉","121.725","24.625","22"
"32","333769","20221006051000","28","1","宜蘭縣","冬山鄉","121.750","24.625","50"
"39","333770","20221006051000","27","2","宜蘭縣","冬山鄉","121.760","24.625","43"
"10","333774","20221006051000","58","0","宜蘭縣","冬山鄉","121.740","24.630","11"
"154","333781","20221006051000","138","1","宜蘭縣","冬山鄉","121.750","24.635","163"
"211","333789","20221006051000","180","1","宜蘭縣","冬山鄉","121.765","24.640","212"
"85","333791","20221006051000","92","0","宜蘭縣","冬山鄉","121.760","24.645","78"
"877","333802","20221006051000","704","2","宜蘭縣","冬山鄉","121.790","24.635","884"
"1204","333804","20221006051000","1000","2","宜蘭縣","冬山鄉","121.795","24.635","1229"
"996","333809","20221006051000","512","3","宜蘭縣","蘇澳鎮","121.835","24.640","987"
"84","333810","20221006051000","99","0","宜蘭縣","蘇澳鎮","121.840","24.640","85"
"776","333814","20221006051000","604","2","宜蘭縣","蘇澳鎮","121.830","24.630","736"
"611","333818","20221006051000","503","2","宜蘭縣","蘇澳鎮","121.830","24.640","607"
"601","333821","20221006051000","568","1","宜蘭縣","蘇澳鎮","121.830","24.645","615"
"17","333893","20221006051000","12","2","新竹縣","北埔鄉","121.065","24.645","19"
"58","333899","20221006051000","47","2","新竹縣","竹東鎮","121.095","24.645","67"
"118","334213","20221006051000","71","3","新竹縣","尖石鄉","121.340","24.650","108"
"62","334309","20221006051000","27","3","新竹縣","尖石鄉","121.310","24.570","130"
"117","334366","20221006051000","86","2","新竹縣","尖石鄉","121.305","24.580","134"
"55","334372","20221006051000","53","1","新竹縣","尖石鄉","121.335","24.580","58"
"21","334487","20221006051000","31","0","新竹縣","尖石鄉","121.290","24.605","31"
"188","334532","20221006051000","175","1","新竹縣","尖石鄉","121.295","24.610","203"
"60","334547","20221006051000","51","1","新竹縣","尖石鄉","121.285","24.615","52"
"25","334623","20221006051000","21","1","新竹縣","尖石鄉","121.275","24.640","22"
"63","334698","20221006051000","35","3","新竹縣","峨眉鄉","121.025","24.655","44"
"75","334725","20221006051000","65","1","宜蘭縣","蘇澳鎮","121.850","24.590","64"
"647","334726","20221006051000","660","0","宜蘭縣","蘇澳鎮","121.845","24.595","653"
"19","334737","20221006051000","32","0","新竹縣","五峰鄉","121.090","24.605","38"
"33","334763","20221006051000","26","2","新竹縣","五峰鄉","121.105","24.615","31"
"15","334770","20221006051000","20","0","新竹縣","五峰鄉","121.085","24.625","25"
"124","334783","20221006051000","93","2","新竹縣","五峰鄉","121.120","24.630","125"
"345","334790","20221006051000","296","1","新竹縣","五峰鄉","121.100","24.640","352"
"31","334829","20221006051000","20","3","新竹縣","五峰鄉","121.090","24.565","26"
"86","334868","20221006051000","51","3","新竹縣","五峰鄉","121.105","24.580","89"
"25","334869","20221006051000","18","2","新竹縣","五峰鄉","121.110","24.580","23"
"74","334891","20221006051000","60","2","新竹縣","五峰鄉","121.115","24.590","85"
"58","334969","20221006051000","70","0","新竹縣","五峰鄉","121.125","24.590","100"
"39","335076","20221006051000","24","3","新竹縣","五峰鄉","121.155","24.610","32"
"54","335109","20221006051000","46","1","新竹縣","五峰鄉","121.110","24.620","56"
"20","335134","20221006051000","18","1","新竹縣","五峰鄉","121.145","24.625","19"
"78","335187","20221006051000","58","2","新竹縣","五峰鄉","121.150","24.645","77"
"87","335195","20221006051000","67","2","新竹縣","竹東鎮","121.125","24.650","103"
"41","335200","20221006051000","47","0","新竹縣","五峰鄉","121.150","24.650","35"
"101","335230","20221006051000","90","1","新竹縣","五峰鄉","121.180","24.655","116"
"131","335366","20221006051000","121","1","桃園市","復興區","121.400","24.640","117"
"19","335480","20221006051000","21","0","苗栗縣","三灣鄉","120.960","24.610","18"
"100","335520","20221006051000","65","3","苗栗縣","三灣鄉","120.925","24.640","89"
"201","335553","20221006051000","222","0","苗栗縣","三灣鄉","121.005","24.645","225"
"84","335569","20221006051000","900","0","苗栗縣","三灣鄉","120.955","24.650","82"
"34","335581","20221006051000","25","2","苗栗縣","三灣鄉","120.945","24.655","32"
"100","335594","20221006051000","78","2","苗栗縣","三灣鄉","120.975","24.645","108"
"163","335619","20221006051000","160","1","苗栗縣","三灣鄉","120.905","24.625","164"
"297","335630","20221006051000","282","1","苗栗縣","後龍鎮","120.770","24.615","327"
"74","335632","20221006051000","54","2","苗栗縣","後龍鎮","120.765","24.620","95"
"646","335635","20221006051000","710","0","苗栗縣","後龍鎮","120.780","24.620","662"
"33","335639","20221006051000","636","0","苗栗縣","後龍鎮","120.780","24.625","28"
"422","335647","20221006051000","529","0","苗栗縣","苗栗市","120.830","24.560","418"
"302","335648","20221006051000","237","2","苗栗縣","苗栗市","120.835","24.560","284"
"717","335652","20221006051000","655","1","苗栗縣","苗栗市","120.825","24.585","722"
"97","335655","20221006051000","143","0","苗栗縣","苗栗市","120.815","24.595","102"
"180","335657","20221006051000","136","2","苗栗縣","苗栗市","120.825","24.595","143"
"794","335658","20221006051000","378","3","苗栗縣","苗栗市","120.825","24.575","798"
"668","335660","20221006051000","1495","0","苗栗縣","苗栗市","120.825","24.580","649"
"273","335662","20221006051000","257","1","苗栗縣","苗栗市","120.810","24.560","281"
"1497","335663","20221006051000","2165","0","苗栗縣","苗栗市","120.815","24.560","1515"
"181","335666","20221006051000","333","0","苗栗縣","通霄鎮","120.715","24.560","169"
"66","335669","20221006051000","57","1","苗栗縣","通霄鎮","120.715","24.565","72"
"15","335671","20221006051000","134","0","苗栗縣","通霄鎮","120.710","24.570","15"
"161","335675","20221006051000","159","1","苗栗縣","通霄鎮","120.710","24.565","125"
"120","335689","20221006051000","111","1","苗栗縣","南庄鄉","121.005","24.615","110"
"137","335701","20221006051000","109","2","苗栗縣","南庄鄉","121.010","24.635","158"
"1855","335706","20221006051000","1895","0","苗栗縣","苗栗市","120.820","24.565","1836"
"86","335707","20221006051000","931","0","苗栗縣","苗栗市","120.820","24.570","74"
"336","335708","20221006051000","414","0","苗栗縣","苗栗市","120.820","24.575","360"
"390","335717","20221006051000","388","1","苗栗縣","後龍鎮","120.775","24.650","385"
"15","335748","20221006051000","282","0","苗栗縣","南庄鄉","120.985","24.635","25"
"1034","335753","20221006051000","758","2","苗栗縣","苗栗市","120.830","24.575","1003"
"251","335754","20221006051000","191","2","苗栗縣","苗栗市","120.830","24.580","257"
"61","335762","20221006051000","1745","0","苗栗縣","苗栗市","120.830","24.570","60"
"1012","335763","20221006051000","808","2","苗栗縣","苗栗市","120.835","24.570","983"
"22","335766","20221006051000","105","0","苗栗縣","苗栗市","120.840","24.575","21"
"15","335767","20221006051000","305","0","苗栗縣","苗栗市","120.835","24.580","19"
"16","335776","20221006051000","295","0","苗栗縣","頭屋鄉","120.845","24.595","19"
"54","335787","20221006051000","40","2","苗栗縣","頭屋鄉","120.860","24.570","56"
"15","335795","20221006051000","204","0","苗栗縣","頭屋鄉","120.855","24.580","13"
"157","335796","20221006051000","164","0","苗栗縣","頭屋鄉","120.860","24.580","150"
"16","335799","20221006051000","274","0","苗栗縣","頭屋鄉","120.875","24.580","15"
"36","335801","20221006051000","266","0","苗栗縣","頭屋鄉","120.850","24.570","33"
"90","335804","20221006051000","394","0","苗栗縣","頭屋鄉","120.850","24.575","92"
"49","335805","20221006051000","222","0","苗栗縣","頭屋鄉","120.855","24.575","47"
"121","335817","20221006051000","115","1","苗栗縣","後龍鎮","120.730","24.590","140"
"127","335832","20221006051000","125","1","苗栗縣","後龍鎮","120.735","24.605","161"
"12","335931","20221006051000","137","0","苗栗縣","南庄鄉","121.015","24.595","11"
"394","335948","20221006051000","399","0","苗栗縣","南庄鄉","120.955","24.640","401"
"336","335954","20221006051000","294","1","苗栗縣","南庄鄉","121.000","24.600","323"
"378","335959","20221006051000","362","1","苗栗縣","南庄鄉","121.000","24.605","368"
"34","336014","20221006051000","31","1","苗栗縣","南庄鄉","121.035","24.585","35"
"207","336097","20221006051000","140","2","苗栗縣","南庄鄉","121.035","24.620","185"
"44","336103","20221006051000","38","1","苗栗縣","南庄鄉","121.020","24.620","41"
"27","336149","20221006051000","172","0","苗栗縣","頭屋鄉","120.890","24.585","20"
"172","336180","20221006051000","148","1","苗栗縣","頭屋鄉","120.885","24.600","162"
"15","336218","20221006051000","15","1","苗栗縣","頭屋鄉","120.895","24.570","18"
"30","336244","20221006051000","314","0","苗栗縣","頭份鎮","120.880","24.645","38"
"158","336248","20221006051000","171","0","苗栗縣","頭份鎮","120.880","24.650","170"
"468","336249","20221006051000","409","1","苗栗縣","頭份鎮","120.885","24.650","489"
"720","336266","20221006051000","764","0","苗栗縣","後龍鎮","120.785","24.610","768"
"22","336275","20221006051000","20","1","苗栗縣","後龍鎮","120.825","24.615","36"
"589","336278","20221006051000","542","1","苗栗縣","後龍鎮","120.810","24.620","589"
"169","336282","20221006051000","175","0","苗栗縣","造橋鄉","120.815","24.625","171"
"1852","336283","20221006051000","1429","2","苗栗縣","苗栗市","120.810","24.565","1847"
"1425","336284","20221006051000","1118","2","苗栗縣","苗栗市","120.815","24.565","1437"
"164","336285","20221006051000","163","1","苗栗縣","苗栗市","120.805","24.570","192"
"19","336287","20221006051000","331","0","苗栗縣","苗栗市","120.815","24.570","11"
"64","336288","20221006051000","63","1","苗栗縣","苗栗市","120.810","24.575","58"
"418","336292","20221006051000","353","1","苗栗縣","苗栗市","120.810","24.585","463"
"182","336295","20221006051000","155","1","苗栗縣","苗栗市","120.810","24.590","188"
"15","336318","20221006051000","16","0","苗栗縣","苗栗市","120.795","24.580","15"
"18","336323","20221006051000","35","0","苗栗縣","苗栗市","120.795","24.585","18"
"539","336331","20221006051000","867","0","苗栗縣","苗栗市","120.825","24.570","523"
"94","336352","20221006051000","571","0","苗栗縣","後龍鎮","120.805","24.645","78"
"142","336359","20221006051000","100","2","苗栗縣","後龍鎮","120.805","24.650","158"
"1911","336369","20221006051000","1511","2","苗栗縣","後龍鎮","120.790","24.610","1928"
"71","336376","20221006051000","408","0","苗栗縣","後龍鎮","120.810","24.610","73"
"156","336382","20221006051000","155","1","苗栗縣","後龍鎮","120.800","24.625","157"
"172","336386","20221006051000","118","2","苗栗縣","後龍鎮","120.800","24.630","140"
"20","336390","20221006051000","222","0","苗栗縣","後龍鎮","120.800","24.635","21"
"80","336395","20221006051000","69","1","苗栗縣","後龍鎮","120.825","24.605","83"
"183","336400","20221006051000","198","0","苗栗縣","後龍鎮","120.825","24.610","191"
"33","336426","20221006051000","348","0","苗栗縣","造橋鄉","120.890","24.620","34"
"95","336440","20221006051000","81","1","苗栗縣","造橋鄉","120.925","24.600","92"
"75","336466","20221006051000","55","2","苗栗縣","造橋鄉","120.910","24.620","78"
"27","336470","20221006051000","99","0","苗栗縣","造橋鄉","120.865","24.605","28"
"77","336492","20221006051000","65","1","苗栗縣","造橋鄉","120.855","24.620","74"
"17","336501","20221006051000","156","0","苗栗縣","造橋鄉","120.865","24.630","20"
"36","336504","20221006051000","25","2","苗栗縣","造橋鄉","120.860","24.645","40"
"323","336511","20221006051000","174","3","苗栗縣","造橋鄉","120.860","24.655","353"
"121","336512","20221006051000","80","3","苗栗縣","造橋鄉","120.865","24.655","124"
"197","336520","20221006051000","119","3","苗栗縣","造橋鄉","120.850","24.645","198"
"256","336523","20221006051000","216","1","苗栗縣","造橋鄉","120.845","24.650","229"
"57","336531","20221006051000","90","0","苗栗縣","造橋鄉","120.855","24.655","58"
"156","336542","20221006051000","193","0","苗栗縣","造橋鄉","120.840","24.610","122"
"10","336543","20221006051000","10","1","苗栗縣","造橋鄉","120.845","24.610","14"
"45","336546","20221006051000","29","3","苗栗縣","造橋鄉","120.840","24.615","62"
"16","336549","20221006051000","12","2","苗栗縣","造橋鄉","120.830","24.620","14"
"132","336556","20221006051000","90","2","苗栗縣","造橋鄉","120.840","24.625","139"
"49","336559","20221006051000","36","2","苗栗縣","造橋鄉","120.855","24.625","44"
"52","336569","20221006051000","46","1","苗栗縣","造橋鄉","120.860","24.640","45"
"300","336572","20221006051000","315","0","苗栗縣","造橋鄉","120.875","24.640","282"
"203","336573","20221006051000","157","2","苗栗縣","造橋鄉","120.865","24.645","217"
"111","336574","20221006051000","98","1","苗栗縣","造橋鄉","120.870","24.645","105"
"57","336587","20221006051000","34","3","苗栗縣","造橋鄉","120.820","24.630","58"
"11","336597","20221006051000","132","0","苗栗縣","造橋鄉","120.825","24.640","11"
"34","336604","20221006051000","24","2","苗栗縣","造橋鄉","120.840","24.645","26"
"13","336605","20221006051000","61","0","苗栗縣","造橋鄉","120.830","24.650","10"
"95","336610","20221006051000","70","2","苗栗縣","造橋鄉","120.840","24.655","94"
"25","336662","20221006051000","217","0","苗栗縣","獅潭鄉","120.940","24.590","20"
"87","336672","20221006051000","983","0","苗栗縣","頭份鎮","120.890","24.625","85"
"165","336679","20221006051000","222","0","苗栗縣","頭份鎮","120.885","24.635","164"
"199","336689","20221006051000","116","3","苗栗縣","頭份鎮","120.885","24.645","193"
"19","336694","20221006051000","13","2","苗栗縣","頭份鎮","120.905","24.650","22"
"17","336696","20221006051000","99","0","苗栗縣","後龍鎮","120.815","24.635","10"
"163","336716","20221006051000","154","1","苗栗縣","後龍鎮","120.765","24.590","169"
"155","336717","20221006051000","80","3","苗栗縣","後龍鎮","120.750","24.595","139"
"181","336734","20221006051000","138","2","苗栗縣","後龍鎮","120.760","24.635","151"
"26","336737","20221006051000","27","0","苗栗縣","後龍鎮","120.775","24.635","30"
"144","336741","20221006051000","117","2","苗栗縣","後龍鎮","120.770","24.640","156"
"416","336749","20221006051000","376","1","苗栗縣","後龍鎮","120.825","24.600","394"
"157","336751","20221006051000","272","0","苗栗縣","後龍鎮","120.815","24.605","159"
"15","336767","20221006051000","147","0","苗栗縣","後龍鎮","120.790","24.590","15"
"32","336777","20221006051000","317","0","苗栗縣","後龍鎮","120.780","24.600","34"
"175","336816","20221006051000","318","0","苗栗縣","西湖鄉","120.755","24.560","196"
"380","336818","20221006051000","308","2","苗栗縣","西湖鄉","120.755","24.565","370"
"40","336841","20221006051000","648","0","苗栗縣","後龍鎮","120.790","24.615","25"
"202","336849","20221006051000","228","0","苗栗縣","後龍鎮","120.735","24.570","210"
"64","336867","20221006051000","65","0","苗栗縣","後龍鎮","120.725","24.590","92"
"1076","345384","20221006051000","858","2","宜蘭縣","員山鄉","121.730","24.730","1068"
"684","345386","20221006051000","480","2","宜蘭縣","冬山鄉","121.750","24.655","645"
"915","345394","20221006051000","876","1","宜蘭縣","員山鄉","121.725","24.740","927"
"846","345398","20221006051000","732","1","宜蘭縣","員山鄉","121.725","24.745","820"
"169","345405","20221006051000","161","1","宜蘭縣","員山鄉","121.705","24.730","180"
"261","345413","20221006051000","145","3","宜蘭縣","員山鄉","121.715","24.735","260"
"388","345414","20221006051000","350","1","宜蘭縣","員山鄉","121.720","24.735","366"
"23","345418","20221006051000","477","0","宜蘭縣","宜蘭市","121.760","24.755","26"
"968","345419","20221006051000","1169","0","宜蘭縣","宜蘭市","121.755","24.755","915"
"264","345420","20221006051000","249","1","宜蘭縣","員山鄉","121.730","24.710","251"
"578","345431","20221006051000","485","1","宜蘭縣","宜蘭市","121.740","24.725","582"
"70","345442","20221006051000","50","2","宜蘭縣","員山鄉","121.630","24.690","65"
"12","345460","20221006051000","27","0","宜蘭縣","員山鄉","121.645","24.700","12"
"94","345472","20221006051000","80","1","宜蘭縣","員山鄉","121.645","24.705","95"
"40","345493","20221006051000","54","0","宜蘭縣","員山鄉","121.665","24.710","49"
"45","345545","20221006051000","56","0","宜蘭縣","員山鄉","121.680","24.715","46"
"312","345546","20221006051000","246","2","宜蘭縣","員山鄉","121.685","24.715","302"
"414","345550","20221006051000","312","2","宜蘭縣","員山鄉","121.685","24.720","401"
"1065","345564","20221006051000","711","2","宜蘭縣","冬山鄉","121.705","24.655","990"
"450","345567","20221006051000","406","1","宜蘭縣","冬山鄉","121.745","24.670","445"
"31","345571","20221006051000","291","0","宜蘭縣","羅東鎮","121.750","24.685","23"
"10","345574","20221006051000","12","0","宜蘭縣","冬山鄉","121.730","24.660","10"
"406","345575","20221006051000","294","2","宜蘭縣","冬山鄉","121.735","24.660","388"
"409","345579","20221006051000","375","1","宜蘭縣","冬山鄉","121.745","24.665","415"
"568","345580","20221006051000","308","3","宜蘭縣","冬山鄉","121.750","24.670","577"
"400","345593","20221006051000","290","2","宜蘭縣","冬山鄉","121.735","24.680","409"
"285","345596","20221006051000","245","1","宜蘭縣","冬山鄉","121.730","24.685","254"
"447","345600","20221006051000","214","3","宜蘭縣","冬山鄉","121.740","24.690","453"
"82","345608","20221006051000","192","0","宜蘭縣","壯圍鄉","121.780","24.725","77"
"617","345621","20221006051000","371","3","宜蘭縣","宜蘭市","121.755","24.765","596"
"366","345623","20221006051000","387","0","宜蘭縣","三星鄉","121.685","24.700","363"
"250","345646","20221006051000","214","1","宜蘭縣","五結鄉","121.775","24.700","255"
"33","345649","20221006051000","166","0","宜蘭縣","五結鄉","121.790","24.700","35"
"289","345652","20221006051000","217","2","宜蘭縣","五結鄉","121.785","24.705","294"
"232","345678","20221006051000","279","0","宜蘭縣","三星鄉","121.675","24.685","237"
"182","345685","20221006051000","357","0","宜蘭縣","三星鄉","121.670","24.690","167"
"20","345695","20221006051000","125","0","宜蘭縣","三星鄉","121.685","24.695","20"
"265","345711","20221006051000","184","2","宜蘭縣","三星鄉","121.630","24.665","248"
"893","345715","20221006051000","941","0","宜蘭縣","宜蘭市","121.755","24.760","921"
"492","345716","20221006051000","397","2","宜蘭縣","三星鄉","121.655","24.670","492"
"1284","345720","20221006051000","1165","1","宜蘭縣","三星鄉","121.650","24.665","1274"
"752","345726","20221006051000","971","0","宜蘭縣","壯圍鄉","121.815","24.760","917"
"188","345731","20221006051000","177","1","宜蘭縣","大同鄉","121.600","24.675","208"
"168","345738","20221006051000","138","2","宜蘭縣","大同鄉","121.610","24.680","135"
"109","345857","20221006051000","104","1","宜蘭縣","大同鄉","121.580","24.655","105"
"156","345897","20221006051000","119","2","宜蘭縣","大同鄉","121.590","24.665","165"
"25","345918","20221006051000","21","1","宜蘭縣","大同鄉","121.590","24.670","28"
"364","345998","20221006051000","401","0","宜蘭縣","宜蘭市","121.745","24.760","369"
"391","346004","20221006051000","417","0","宜蘭縣","壯圍鄉","121.820","24.725","403"
"446","346010","20221006051000","464","0","宜蘭縣","員山鄉","121.685","24.730","451"
"408","346029","20221006051000","241","3","宜蘭縣","員山鄉","121.705","24.710","404"
"104","346033","20221006051000","100","1","宜蘭縣","員山鄉","121.725","24.710","115"
"927","346041","20221006051000","774","1","宜蘭縣","員山鄉","121.720","24.725","991"
"292","346048","20221006051000","236","2","宜蘭縣","員山鄉","121.700","24.745","287"
"21","346150","20221006051000","20","1","宜蘭縣","員山鄉","121.670","24.745","25"
"297","346153","20221006051000","222","2","宜蘭縣","員山鄉","121.685","24.745","298"
"23","346184","20221006051000","35","0","宜蘭縣","員山鄉","121.640","24.755","32"
"206","346231","20221006051000","181","1","宜蘭縣","冬山鄉","121.790","24.655","198"
"393","346234","20221006051000","373","1","宜蘭縣","冬山鄉","121.805","24.655","416"
"614","346247","20221006051000","660","0","宜蘭縣","羅東鎮","121.775","24.685","662"
"299","346248","20221006051000","304","0","宜蘭縣","五結鄉","121.775","24.690","291"
"876","346251","20221006051000","604","2","宜蘭縣","五結鄉","121.770","24.695","869"
"371","346252","20221006051000","290","2","宜蘭縣","五結鄉","121.775","24.695","377"
"2232","346254","20221006051000","2430","0","宜蘭縣","羅東鎮","121.770","24.680","2298"
"37","346256","20221006051000","28","2","宜蘭縣","員山鄉","121.720","24.760","39"
"2654","346259","20221006051000","2097","2","宜蘭縣","五結鄉","121.770","24.705","2689"
"106","346261","20221006051000","607","0","宜蘭縣","五結鄉","121.785","24.685","101"
"2053","346263","20221006051000","1860","1","宜蘭縣","五結鄉","121.795","24.685","2017"
"995","346264","20221006051000","913","1","宜蘭縣","五結鄉","121.800","24.685","1028"
"1338","346266","20221006051000","1195","1","宜蘭縣","五結鄉","121.795","24.690","1333"
"688","346267","20221006051000","626","1","宜蘭縣","五結鄉","121.795","24.695","742"
"777","346274","20221006051000","974","0","宜蘭縣","五結鄉","121.820","24.665","822"
"12","346275","20221006051000","15","0","宜蘭縣","五結鄉","121.825","24.665","12"
"566","346280","20221006051000","526","1","宜蘭縣","五結鄉","121.810","24.675","584"
"97","346281","20221006051000","103","0","宜蘭縣","五結鄉","121.815","24.675","105"
"431","346284","20221006051000","368","1","宜蘭縣","五結鄉","121.815","24.680","419"
"228","346286","20221006051000","156","2","宜蘭縣","五結鄉","121.800","24.680","217"
"23","346292","20221006051000","229","0","宜蘭縣","壯圍鄉","121.795","24.760","40"
"238","346360","20221006051000","295","0","宜蘭縣","壯圍鄉","121.815","24.745","236"
"34","346378","20221006051000","28","2","宜蘭縣","壯圍鄉","121.805","24.765","30"
"2082","346379","20221006051000","2101","0","宜蘭縣","宜蘭市","121.750","24.750","2042"
"387","346389","20221006051000","308","2","宜蘭縣","五結鄉","121.810","24.700","396"
"157","346394","20221006051000","186","0","宜蘭縣","五結鄉","121.830","24.675","172"
"323","346399","20221006051000","581","0","宜蘭縣","五結鄉","121.825","24.680","309"
"35","346400","20221006051000","68","0","宜蘭縣","五結鄉","121.830","24.680","37"
"20","346401","20221006051000","15","2","宜蘭縣","五結鄉","121.835","24.680","20"
"29","346403","20221006051000","49","0","宜蘭縣","五結鄉","121.825","24.685","32"
"147","346413","20221006051000","136","1","宜蘭縣","五結鄉","121.835","24.660","143"
"151","346416","20221006051000","89","3","宜蘭縣","五結鄉","121.835","24.665","132"
"622","346420","20221006051000","797","0","宜蘭縣","五結鄉","121.795","24.680","623"
"729","346421","20221006051000","543","2","宜蘭縣","五結鄉","121.800","24.675","677"
"616","346423","20221006051000","382","3","宜蘭縣","五結鄉","121.785","24.680","664"
"595","346429","20221006051000","295","3","宜蘭縣","冬山鄉","121.775","24.660","715"
"201","346430","20221006051000","336","0","宜蘭縣","冬山鄉","121.770","24.665","234"
"306","346431","20221006051000","437","0","宜蘭縣","宜蘭市","121.745","24.755","316"
"369","346436","20221006051000","559","0","宜蘭縣","宜蘭市","121.750","24.740","388"
"856","346437","20221006051000","791","1","宜蘭縣","宜蘭市","121.750","24.760","856"
"245","346442","20221006051000","258","0","宜蘭縣","冬山鄉","121.780","24.660","287"
"457","346443","20221006051000","362","2","宜蘭縣","冬山鄉","121.785","24.660","493"
"134","346456","20221006051000","117","1","宜蘭縣","宜蘭市","121.770","24.720","130"
"960","346457","20221006051000","704","2","宜蘭縣","宜蘭市","121.760","24.720","910"
"225","346458","20221006051000","187","2","宜蘭縣","宜蘭市","121.765","24.720","249"
"131","346461","20221006051000","121","1","宜蘭縣","五結鄉","121.820","24.695","145"
"147","346470","20221006051000","93","3","宜蘭縣","五結鄉","121.810","24.705","150"
"529","346472","20221006051000","482","1","宜蘭縣","五結鄉","121.820","24.705","532"
"250","346534","20221006051000","208","2","宜蘭縣","三星鄉","121.680","24.665","220"
"313","346538","20221006051000","246","2","宜蘭縣","三星鄉","121.680","24.670","342"
"418","346540","20221006051000","426","0","宜蘭縣","宜蘭市","121.740","24.760","404"
"304","346545","20221006051000","733","0","宜蘭縣","員山鄉","121.710","24.750","264"
"335","346553","20221006051000","228","2","宜蘭縣","員山鄉","121.715","24.760","366"
"664","346555","20221006051000","526","2","宜蘭縣","羅東鎮","121.765","24.690","625"
"514","346556","20221006051000","592","0","宜蘭縣","五結鄉","121.770","24.690","533"
"262","346558","20221006051000","210","2","宜蘭縣","壯圍鄉","121.800","24.730","256"
"1564","346566","20221006051000","1436","1","宜蘭縣","壯圍鄉","121.785","24.745","1623"
"371","346572","20221006051000","359","1","宜蘭縣","三星鄉","121.690","24.680","355"
"297","346599","20221006051000","263","1","宜蘭縣","三星鄉","121.700","24.665","301"
"602","346607","20221006051000","460","2","宜蘭縣","三星鄉","121.710","24.670","592"
"512","346608","20221006051000","528","0","宜蘭縣","三星鄉","121.715","24.670","587"
"306","346611","20221006051000","211","2","宜蘭縣","冬山鄉","121.730","24.670","302"
"551","346626","20221006051000","697","0","宜蘭縣","員山鄉","121.725","24.765","556"
"1210","346628","20221006051000","3047","0","宜蘭縣","羅東鎮","121.770","24.675","1216"
"2423","346629","20221006051000","2786","0","宜蘭縣","羅東鎮","121.760","24.680","2427"
"2092","346630","20221006051000","2170","0","宜蘭縣","羅東鎮","121.760","24.675","2109"
"490","346634","20221006051000","452","1","宜蘭縣","宜蘭市","121.775","24.735","522"
"831","346635","20221006051000","634","2","宜蘭縣","宜蘭市","121.765","24.740","857"
"1410","346642","20221006051000","1577","0","宜蘭縣","宜蘭市","121.770","24.750","1372"
"13","346652","20221006051000","72","0","宜蘭縣","壯圍鄉","121.805","24.720","14"
"1666","346668","20221006051000","1154","2","宜蘭縣","宜蘭市","121.750","24.755","1599"
"734","346672","20221006051000","804","0","宜蘭縣","冬山鄉","121.770","24.655","792"
"1025","346673","20221006051000","893","1","宜蘭縣","冬山鄉","121.755","24.660","1034"
"443","346674","20221006051000","416","1","宜蘭縣","冬山鄉","121.760","24.660","458"
"661","346675","20221006051000","498","2","宜蘭縣","冬山鄉","121.765","24.660","673"
"1109","346678","20221006051000","899","2","宜蘭縣","羅東鎮","121.780","24.675","1094"
"400","346684","20221006051000","427","0","宜蘭縣","宜蘭市","121.770","24.725","398"
"408","346685","20221006051000","409","0","宜蘭縣","宜蘭市","121.765","24.725","414"
"1971","346692","20221006051000","1519","2","宜蘭縣","宜蘭市","121.755","24.745","1985"
"520","346698","20221006051000","245","3","宜蘭縣","三星鄉","121.725","24.690","515"
"584","346702","20221006051000","441","2","宜蘭縣","三星鄉","121.730","24.695","549"
"600","346710","20221006051000","582","1","宜蘭縣","羅東鎮","121.755","24.670","590"
"593","346712","20221006051000","736","0","宜蘭縣","羅東鎮","121.765","24.670","606"
"743","346713","20221006051000","598","2","宜蘭縣","五結鄉","121.800","24.690","748"
"1119","346714","20221006051000","930","2","宜蘭縣","五結鄉","121.800","24.695","1081"
"338","346718","20221006051000","461","0","宜蘭縣","五結鄉","121.790","24.705","362"
"189","346731","20221006051000","276","0","宜蘭縣","三星鄉","121.745","24.700","200"
"2469","346739","20221006051000","2371","1","新竹縣","竹東鎮","121.100","24.720","2410"
"70","346747","20221006051000","57","2","新竹縣","竹東鎮","121.035","24.760","68"
"2772","346754","20221006051000","2050","2","新竹縣","竹東鎮","121.090","24.745","2746"
"1051","346790","20221006051000","916","1","新竹市","香山區","120.955","24.750","1040"
"97","346791","20221006051000","90","1","新竹市","香山區","120.940","24.755","96"
"273","346792","20221006051000","210","2","新竹市","香山區","120.945","24.755","287"
"1181","346793","20221006051000","1181","1","新竹市","香山區","120.950","24.755","1169"
"155","346794","20221006051000","121","2","新竹市","香山區","120.920","24.720","159"
"517","346797","20221006051000","456","1","新竹市","香山區","120.915","24.730","519"
"281","346804","20221006051000","213","2","新竹市","香山區","120.915","24.735","271"
"382","346806","20221006051000","364","1","新竹市","香山區","120.915","24.740","372"
"1107","346812","20221006051000","864","2","新竹市","香山區","120.910","24.745","1099"
"103","346817","20221006051000","126","0","新竹市","香山區","120.880","24.735","84"
"322","346825","20221006051000","278","1","新竹市","香山區","120.895","24.740","304"
"20","346835","20221006051000","107","0","新竹市","香山區","120.925","24.715","16"
"28","346841","20221006051000","101","0","新竹市","香山區","120.930","24.725","20"
"119","346860","20221006051000","98","2","新竹縣","關西鎮","121.210","24.760","110"
"25","346863","20221006051000","38","0","新竹縣","關西鎮","121.225","24.760","21"
"92","346867","20221006051000","47","3","新竹縣","關西鎮","121.215","24.765","82"
"113","346868","20221006051000","81","2","新竹縣","關西鎮","121.220","24.765","107"
"88","346896","20221006051000","74","1","新竹縣","關西鎮","121.240","24.765","90"
"240","346907","20221006051000","152","3","新竹縣","關西鎮","121.230","24.770","239"
"1534","346918","20221006051000","1349","1","新竹市","東區","121.020","24.760","1476"
"68","346919","20221006051000","92","0","新竹市","東區","121.025","24.760","56"
"428","346920","20221006051000","550","0","新竹市","東區","121.020","24.765","469"
"834","346921","20221006051000","938","0","新竹市","東區","121.025","24.765","910"
"5082","346922","20221006051000","4102","2","新竹市","東區","121.015","24.770","5192"
"1032","346923","20221006051000","1544","0","新竹市","東區","121.020","24.770","1015"
"285","346924","20221006051000","313","0","新竹市","東區","121.025","24.770","306"
"39","346936","20221006051000","355","0","新竹縣","橫山鄉","121.100","24.710","32"
"682","346937","20221006051000","761","0","新竹縣","竹東鎮","121.100","24.715","861"
"353","346949","20221006051000","363","0","新竹縣","橫山鄉","121.180","24.705","372"
"196","346961","20221006051000","195","1","新竹縣","橫山鄉","121.165","24.710","211"
"166","346964","20221006051000","151","1","新竹縣","橫山鄉","121.150","24.715","173"
"967","347497","20221006051000","1222","0","新竹市","東區","120.975","24.765","951"
"883","347498","20221006051000","572","3","新竹市","東區","120.980","24.765","913"
"332","347499","20221006051000","304","1","新竹市","東區","120.970","24.770","290"
"1722","347500","20221006051000","1621","1","新竹市","東區","120.975","24.770","1838"
"396","347505","20221006051000","285","2","新竹市","東區","120.965","24.765","443"
"930","347506","20221006051000","915","1","新竹市","東區","120.970","24.765","985"
"890","347508","20221006051000","911","0","新竹縣","竹東鎮","121.085","24.735","1191"
"292","347515","20221006051000","484","0","新竹縣","竹東鎮","121.075","24.725","299"
"376","347520","20221006051000","403","0","新竹縣","竹東鎮","121.090","24.730","382"
"1457","347521","20221006051000","1309","1","新竹縣","竹東鎮","121.085","24.740","1457"
"984","347522","20221006051000","852","1","新竹縣","竹東鎮","121.100","24.745","1028"
"431","347533","20221006051000","403","1","新竹縣","芎林鄉","121.125","24.725","450"
"317","347538","20221006051000","306","1","新竹縣","芎林鄉","121.120","24.735","298"
"174","347547","20221006051000","158","1","新竹縣","芎林鄉","121.135","24.745","176"
"77","347573","20221006051000","72","1","新竹縣","關西鎮","121.185","24.755","80"
"43","347621","20221006051000","23","3","新竹縣","關西鎮","121.195","24.750","47"
"40","347640","20221006051000","72","0","新竹縣","關西鎮","121.180","24.745","41"
"36","347650","20221006051000","40","0","新竹縣","關西鎮","121.170","24.755","44"
"125","347665","20221006051000","91","2","新竹縣","關西鎮","121.170","24.765","121"
"164","347670","20221006051000","146","1","新竹縣","關西鎮","121.170","24.770","159"
"2881","347702","20221006051000","2875","1","新竹縣","竹東鎮","121.090","24.740","2895"
"269","347705","20221006051000","271","0","新竹縣","竹東鎮","121.100","24.695","239"
"1551","347714","20221006051000","1450","1","新竹縣","竹東鎮","121.050","24.770","1535"
"156","347720","20221006051000","108","2","新竹縣","寶山鄉","121.030","24.735","155"
"139","347740","20221006051000","187","0","新竹縣","寶山鄉","121.030","24.750","137"
"115","347774","20221006051000","64","3","新竹縣","寶山鄉","121.050","24.730","105"
"115","347788","20221006051000","76","3","新竹縣","寶山鄉","121.040","24.745","121"
"109","347794","20221006051000","89","2","新竹縣","寶山鄉","121.045","24.745","102"
"187","347805","20221006051000","162","1","新竹縣","寶山鄉","120.960","24.725","181"
"150","347806","20221006051000","110","2","新竹縣","寶山鄉","120.965","24.725","141"
"172","347809","20221006051000","180","0","新竹縣","寶山鄉","120.980","24.725","182"
"24","347818","20221006051000","14","3","新竹縣","寶山鄉","120.970","24.735","17"
"68","347821","20221006051000","56","2","新竹縣","寶山鄉","120.985","24.735","67"
"113","347823","20221006051000","101","1","新竹縣","寶山鄉","120.970","24.740","115"
"97","347832","20221006051000","87","1","新竹縣","寶山鄉","120.980","24.745","93"
"220","347835","20221006051000","208","1","新竹縣","寶山鄉","120.980","24.755","199"
"76","347842","20221006051000","74","1","新竹縣","寶山鄉","121.000","24.715","77"
"117","347845","20221006051000","83","2","新竹縣","寶山鄉","121.015","24.715","109"
"499","347878","20221006051000","497","1","新竹縣","寶山鄉","120.940","24.725","482"
"53","347882","20221006051000","52","1","新竹縣","寶山鄉","120.945","24.740","53"
"133","347889","20221006051000","130","1","新竹縣","寶山鄉","120.960","24.745","136"
"11","347900","20221006051000","58","0","新竹縣","北埔鄉","121.055","24.670","18"
"1307","347925","20221006051000","1162","1","新竹縣","北埔鄉","121.055","24.695","1330"
"151","347926","20221006051000","139","1","新竹縣","北埔鄉","121.045","24.700","144"
"379","347927","20221006051000","225","3","新竹縣","北埔鄉","121.050","24.700","370"
"38","347930","20221006051000","43","0","新竹縣","北埔鄉","121.045","24.705","48"
"26","347931","20221006051000","31","0","新竹縣","北埔鄉","121.050","24.705","21"
"77","347934","20221006051000","59","2","新竹縣","北埔鄉","121.045","24.715","69"
"265","347949","20221006051000","203","2","新竹縣","北埔鄉","121.065","24.675","277"
"428","347958","20221006051000","376","1","新竹縣","橫山鄉","121.130","24.725","415"
"358","347976","20221006051000","353","1","新竹縣","橫山鄉","121.140","24.720","387"
"32","347986","20221006051000","18","3","新竹縣","橫山鄉","121.130","24.700","35"
"108","347995","20221006051000","133","0","新竹縣","橫山鄉","121.115","24.710","126"
"478","348000","20221006051000","362","2","新竹縣","橫山鄉","121.110","24.715","459"
"122","348001","20221006051000","132","0","新竹縣","橫山鄉","121.115","24.715","145"
"30","348006","20221006051000","159","0","新竹縣","橫山鄉","121.115","24.720","31"
"514","348007","20221006051000","699","0","新竹縣","橫山鄉","121.120","24.720","477"
"12","348008","20221006051000","31","0","新竹縣","橫山鄉","121.125","24.720","10"
"329","348022","20221006051000","258","2","新竹縣","橫山鄉","121.160","24.740","332"
"118","348032","20221006051000","69","3","新竹縣","橫山鄉","121.165","24.745","118"
"56","348040","20221006051000","34","3","新竹縣","橫山鄉","121.105","24.680","60"
"65","348074","20221006051000","58","1","新竹縣","橫山鄉","121.165","24.730","63"
"18","348083","20221006051000","20","0","新竹縣","橫山鄉","121.180","24.735","17"
"15","348089","20221006051000","13","1","新竹縣","關西鎮","121.185","24.740","14"
"241","348136","20221006051000","137","3","新竹縣","橫山鄉","121.140","24.700","249"
"1139","348137","20221006051000","1097","1","新竹縣","竹東鎮","121.095","24.735","1074"
"1562","348138","20221006051000","1595","0","新竹縣","竹東鎮","121.100","24.735","1594"
"38","348144","20221006051000","36","1","新竹縣","芎林鄉","121.110","24.770","28"
"655","348163","20221006051000","597","1","新竹縣","芎林鄉","121.085","24.765","644"
"22","348164","20221006051000","21","1","新竹縣","芎林鄉","121.085","24.770","22"
"409","348165","20221006051000","423","0","新竹縣","芎林鄉","121.095","24.760","393"
"96","348190","20221006051000","58","3","新竹縣","芎林鄉","121.125","24.755","89"
"12","348191","20221006051000","11","1","新竹縣","芎林鄉","121.130","24.755","12"
"288","348207","20221006051000","218","2","新竹縣","寶山鄉","120.985","24.750","270"
"233","348212","20221006051000","260","0","新竹縣","寶山鄉","120.995","24.755","190"
"1529","348213","20221006051000","1157","2","新竹縣","寶山鄉","120.985","24.760","1524"
"800","348217","20221006051000","776","1","新竹縣","寶山鄉","120.990","24.765","822"
"136","348225","20221006051000","146","0","新竹縣","尖石鄉","121.200","24.705","152"
"74","348272","20221006051000","39","3","新竹縣","尖石鄉","121.225","24.730","69"
"80","348276","20221006051000","50","3","新竹縣","尖石鄉","121.245","24.730","77"
"30","348320","20221006051000","24","2","新竹縣","尖石鄉","121.260","24.705","49"
"117","348345","20221006051000","115","1","新竹縣","尖石鄉","121.270","24.715","119"
"135","348353","20221006051000","118","1","新竹縣","尖石鄉","121.250","24.720","126"
"87","348419","20221006051000","86","1","新竹縣","尖石鄉","121.265","24.745","91"
"32","348461","20221006051000","30","1","新竹縣","尖石鄉","121.185","24.665","35"
"59","348468","20221006051000","47","2","新竹縣","尖石鄉","121.195","24.670","67"
"30","348469","20221006051000","27","1","新竹縣","尖石鄉","121.200","24.670","30"
"47","348470","20221006051000","51","0","新竹縣","尖石鄉","121.205","24.670","53"
"73","348506","20221006051000","53","2","新竹縣","尖石鄉","121.350","24.660","53"
"45","348549","20221006051000","45","1","新竹縣","尖石鄉","121.310","24.685","52"
"154","348577","20221006051000","110","2","新竹縣","尖石鄉","121.280","24.665","168"
"154","348584","20221006051000","151","1","新竹縣","五峰鄉","121.150","24.670","132"
"34","348588","20221006051000","44","0","新竹縣","尖石鄉","121.170","24.670","45"
"39","348599","20221006051000","23","3","新竹縣","尖石鄉","121.170","24.680","35"
"93","348600","20221006051000","82","1","新竹縣","尖石鄉","121.175","24.680","94"
"24","348608","20221006051000","14","3","新竹縣","尖石鄉","121.185","24.685","16"
"17","348708","20221006051000","14","2","新竹縣","尖石鄉","121.235","24.680","13"
"149","348711","20221006051000","130","1","新竹縣","尖石鄉","121.250","24.680","164"
"66","348720","20221006051000","109","0","新竹縣","尖石鄉","121.220","24.685","66"
"296","348785","20221006051000","157","3","新竹縣","尖石鄉","121.220","24.705","278"
"52","348819","20221006051000","48","1","新竹縣","峨眉鄉","121.035","24.695","54"
"52","348820","20221006051000","164","0","新竹縣","北埔鄉","121.040","24.695","47"
"86","348822","20221006051000","78","1","新竹縣","峨眉鄉","121.035","24.700","89"
"78","348831","20221006051000","85","0","新竹縣","峨眉鄉","120.985","24.685","63"
"41","348834","20221006051000","38","1","新竹縣","峨眉鄉","120.970","24.690","44"
"118","348838","20221006051000","118","1","新竹縣","峨眉鄉","120.990","24.690","134"
"59","348845","20221006051000","46","2","新竹縣","峨眉鄉","120.985","24.700","59"
"29","348851","20221006051000","40","0","新竹縣","峨眉鄉","120.990","24.705","27"
"409","348861","20221006051000","328","2","新竹縣","峨眉鄉","121.025","24.685","400"
"259","348863","20221006051000","209","2","新竹縣","峨眉鄉","121.020","24.690","256"
"134","348870","20221006051000","182","0","新竹縣","北埔鄉","121.055","24.685","129"
"128","348889","20221006051000","111","1","新竹縣","北埔鄉","121.090","24.690","130"
"82","348892","20221006051000","62","2","新竹縣","北埔鄉","121.070","24.695","88"
"546","348909","20221006051000","481","1","新竹縣","北埔鄉","121.060","24.700","536"
"60","348910","20221006051000","57","1","新竹縣","北埔鄉","121.065","24.700","167"
"26","348919","20221006051000","22","1","新竹縣","北埔鄉","121.060","24.710","18"
"18","348944","20221006051000","14","2","新竹縣","寶山鄉","121.000","24.720","17"
"132","348947","20221006051000","116","1","新竹縣","寶山鄉","121.000","24.725","133"
"20","348952","20221006051000","55","0","新竹縣","寶山鄉","121.005","24.730","47"
"335","348957","20221006051000","258","2","新竹縣","寶山鄉","120.990","24.740","318"
"63","348958","20221006051000","58","1","新竹縣","寶山鄉","120.995","24.740","70"
"47","348969","20221006051000","39","2","新竹縣","寶山鄉","121.005","24.745","39"
"792","348971","20221006051000","933","0","新竹縣","寶山鄉","121.005","24.750","799"
"702","348978","20221006051000","728","0","新竹縣","寶山鄉","121.020","24.755","674"
"288","348983","20221006051000","328","0","新竹縣","寶山鄉","121.000","24.765","320"
"799","348986","20221006051000","945","0","新竹縣","寶山鄉","121.015","24.765","759"
"764","348987","20221006051000","761","1","新竹縣","寶山鄉","121.000","24.770","736"
"94","348988","20221006051000","62","3","新竹縣","寶山鄉","121.005","24.770","104"
"181","348989","20221006051000","424","0","新竹縣","寶山鄉","121.010","24.770","181"
"58","348993","20221006051000","61","0","新竹縣","峨眉鄉","120.990","24.665","61"
"27","349000","20221006051000","21","2","新竹縣","峨眉鄉","120.995","24.670","18"
"68","349005","20221006051000","45","3","新竹縣","峨眉鄉","120.985","24.675","67"
"102","349012","20221006051000","62","3","新竹縣","峨眉鄉","120.990","24.680","94"
"132","349031","20221006051000","118","1","新竹縣","峨眉鄉","121.000","24.700","130"
"1216","349060","20221006051000","1223","0","新竹縣","竹東鎮","121.060","24.750","1209"
"314","349062","20221006051000","312","1","新竹縣","竹東鎮","121.070","24.750","331"
"864","349066","20221006051000","778","1","新竹縣","竹東鎮","121.070","24.755","869"
"1856","349070","20221006051000","1643","1","新竹縣","竹東鎮","121.065","24.760","1858"
"5141","349073","20221006051000","5064","1","新竹縣","竹東鎮","121.060","24.765","5254"
"13","349074","20221006051000","90","0","新竹縣","竹東鎮","121.065","24.765","117"
"146","349079","20221006051000","106","2","新竹縣","竹東鎮","121.120","24.660","141"
"91","349087","20221006051000","336","0","新竹縣","竹東鎮","121.090","24.720","84"
"2132","349088","20221006051000","1866","1","新竹縣","竹東鎮","121.095","24.720","2146"
"2494","349089","20221006051000","2731","0","新竹縣","竹東鎮","121.090","24.725","2879"
"794","349090","20221006051000","689","1","新竹縣","竹東鎮","121.095","24.725","790"
"1784","349092","20221006051000","1176","3","新竹縣","竹東鎮","121.095","24.730","1878"
"320","349094","20221006051000","383","0","新竹縣","竹東鎮","121.105","24.730","328"
"354","349096","20221006051000","322","1","新竹縣","竹東鎮","121.055","24.755","358"
"60","349099","20221006051000","56","1","新竹縣","竹東鎮","121.045","24.765","68"
"851","349103","20221006051000","680","2","新竹縣","竹東鎮","121.060","24.770","829"
"765","349105","20221006051000","567","2","新竹縣","竹東鎮","121.080","24.735","747"
"22","349109","20221006051000","80","0","新竹縣","竹東鎮","121.080","24.740","18"
"109","349110","20221006051000","63","3","新竹縣","竹東鎮","121.075","24.745","109"
"1034","349113","20221006051000","1160","0","新竹縣","竹東鎮","121.080","24.745","1046"
"1819","349114","20221006051000","1394","2","新竹縣","竹東鎮","121.085","24.745","1832"
"230","349115","20221006051000","200","1","新竹縣","竹東鎮","121.080","24.750","226"
"632","349118","20221006051000","677","0","宜蘭縣","宜蘭市","121.780","24.750","649"
"834","349120","20221006051000","757","1","宜蘭縣","宜蘭市","121.765","24.755","842"
"560","349124","20221006051000","652","0","宜蘭縣","宜蘭市","121.765","24.760","543"
"360","349125","20221006051000","429","0","宜蘭縣","宜蘭市","121.770","24.760","369"
"80","349130","20221006051000","92","0","宜蘭縣","宜蘭市","121.760","24.725","79"
"488","349131","20221006051000","357","2","宜蘭縣","宜蘭市","121.755","24.730","479"
"45","349132","20221006051000","37","2","宜蘭縣","宜蘭市","121.760","24.730","54"
"495","349136","20221006051000","451","1","宜蘭縣","宜蘭市","121.755","24.740","502"
"520","349139","20221006051000","395","2","宜蘭縣","宜蘭市","121.735","24.755","496"
"848","349140","20221006051000","1051","0","宜蘭縣","宜蘭市","121.740","24.755","890"
"17","349143","20221006051000","30","0","宜蘭縣","羅東鎮","121.755","24.680","16"
"1997","349144","20221006051000","1741","1","宜蘭縣","羅東鎮","121.775","24.680","1961"
"1572","349145","20221006051000","1539","1","宜蘭縣","羅東鎮","121.775","24.675","1581"
"811","349146","20221006051000","657","2","宜蘭縣","羅東鎮","121.750","24.675","806"
"605","349147","20221006051000","563","1","宜蘭縣","羅東鎮","121.770","24.685","601"
"318","349149","20221006051000","207","3","宜蘭縣","羅東鎮","121.750","24.680","307"
"187","349158","20221006051000","52","3","新竹市","香山區","120.930","24.745","203"
"102","349160","20221006051000","88","1","新竹市","香山區","120.925","24.750","101"
"530","349162","20221006051000","376","2","新竹市","香山區","120.915","24.760","514"
"937","349166","20221006051000","740","2","新竹市","香山區","120.915","24.765","916"
"77","349176","20221006051000","114","0","新竹市","香山區","120.955","24.760","298"
"23","349177","20221006051000","28","0","新竹市","東區","120.960","24.760","27"
"1352","349183","20221006051000","1307","1","新竹市","香山區","120.955","24.770","417"
"22","349194","20221006051000","64","0","新竹市","香山區","120.905","24.760","16"
"82","349198","20221006051000","66","2","新竹市","香山區","120.930","24.760","80"
"55","349203","20221006051000","79","0","宜蘭縣","宜蘭市","121.765","24.745","58"
"938","349204","20221006051000","1046","0","宜蘭縣","宜蘭市","121.760","24.750","950"
"913","349205","20221006051000","780","1","宜蘭縣","宜蘭市","121.765","24.750","924"
"1606","349206","20221006051000","2003","0","宜蘭縣","羅東鎮","121.775","24.670","1796"
"997","349207","20221006051000","1066","0","宜蘭縣","羅東鎮","121.755","24.675","996"
"30","349208","20221006051000","230","0","宜蘭縣","羅東鎮","121.755","24.690","32"
"76","349210","20221006051000","92","0","宜蘭縣","羅東鎮","121.755","24.695","69"
"731","349211","20221006051000","543","2","宜蘭縣","羅東鎮","121.760","24.695","741"
"813","349214","20221006051000","1632","0","宜蘭縣","羅東鎮","121.770","24.670","861"
"542","349216","20221006051000","625","0","宜蘭縣","羅東鎮","121.800","24.665","553"
"1186","349222","20221006051000","539","3","宜蘭縣","羅東鎮","121.795","24.675","1167"
"727","349224","20221006051000","684","1","宜蘭縣","羅東鎮","121.785","24.675","745"
"2610","349225","20221006051000","2084","2","宜蘭縣","羅東鎮","121.780","24.680","2646"
"1497","349227","20221006051000","1524","0","宜蘭縣","宜蘭市","121.750","24.745","1464"
"1065","349228","20221006051000","1068","0","宜蘭縣","員山鄉","121.735","24.745","1093"
"2189","349229","20221006051000","2094","1","宜蘭縣","宜蘭市","121.740","24.745","2121"
"1586","349230","20221006051000","1101","2","宜蘭縣","宜蘭市","121.745","24.745","1628"
"473","349231","20221006051000","391","2","宜蘭縣","宜蘭市","121.730","24.750","452"
"1492","349232","20221006051000","1579","0","宜蘭縣","宜蘭市","121.735","24.750","1450"
"1435","349234","20221006051000","1246","1","宜蘭縣","羅東鎮","121.765","24.675","1428"
"758","349235","20221006051000","833","0","宜蘭縣","宜蘭市","121.760","24.760","750"
"838","349236","20221006051000","662","2","宜蘭縣","宜蘭市","121.750","24.765","885"
"416","349237","20221006051000","407","1","宜蘭縣","宜蘭市","121.745","24.750","405"
"519","349238","20221006051000","401","2","宜蘭縣","宜蘭市","121.760","24.765","555"
"768","349240","20221006051000","760","1","宜蘭縣","羅東鎮","121.755","24.685","783"
"22","349296","20221006051000","20","1","桃園市","復興區","121.350","24.760","16"
"50","349422","20221006051000","55","0","桃園市","復興區","121.390","24.660","75"
"16","349482","20221006051000","22","0","桃園市","復興區","121.385","24.680","21"
"159","349502","20221006051000","114","2","桃園市","復興區","121.395","24.685","151"
"158","349582","20221006051000","113","2","桃園市","復興區","121.410","24.705","193"
"17","349642","20221006051000","12","2","桃園市","復興區","121.365","24.695","16"
"47","349762","20221006051000","43","1","桃園市","復興區","121.345","24.725","46"
"16","349769","20221006051000","11","2","桃園市","復興區","121.380","24.725","20"
"19","349865","20221006051000","23","0","桃園市","復興區","121.365","24.740","23"
"281","349883","20221006051000","182","3","新竹市","香山區","120.940","24.760","282"
"193","349889","20221006051000","230","0","新竹市","香山區","120.935","24.770","213"
"318","349896","20221006051000","273","1","新竹市","香山區","120.905","24.750","307"
"513","349897","20221006051000","330","3","新竹市","香山區","120.910","24.750","513"
"1085","349904","20221006051000","951","1","新竹縣","竹東鎮","121.030","24.770","1077"
"72","349937","20221006051000","47","3","桃園市","復興區","121.365","24.675","73"
"13","349983","20221006051000","111","0","苗栗縣","三灣鄉","120.965","24.665","13"
"32","349985","20221006051000","235","0","苗栗縣","三灣鄉","120.975","24.665","32"
"179","350012","20221006051000","126","2","苗栗縣","頭份鎮","120.955","24.680","174"
"31","350014","20221006051000","274","0","苗栗縣","頭份鎮","120.965","24.680","34"
"46","350017","20221006051000","358","0","苗栗縣","頭份鎮","120.960","24.685","38"
"43","350018","20221006051000","224","0","苗栗縣","頭份鎮","120.965","24.685","36"
"163","350019","20221006051000","140","1","苗栗縣","竹南鎮","120.880","24.680","152"
"2914","350021","20221006051000","2485","1","苗栗縣","竹南鎮","120.885","24.685","2962"
"26","350023","20221006051000","25","1","苗栗縣","頭份鎮","120.925","24.690","26"
"1122","350024","20221006051000","781","2","苗栗縣","頭份鎮","120.930","24.690","1059"
"378","350031","20221006051000","328","1","苗栗縣","頭份鎮","120.920","24.665","383"
"33","350036","20221006051000","457","0","苗栗縣","頭份鎮","120.920","24.670","44"
"295","350042","20221006051000","309","0","苗栗縣","頭份鎮","120.925","24.675","304"
"30","350052","20221006051000","141","0","苗栗縣","後龍鎮","120.820","24.660","31"
"352","350068","20221006051000","262","2","苗栗縣","頭份鎮","120.910","24.690","339"
"846","350073","20221006051000","707","1","苗栗縣","竹南鎮","120.885","24.695","865"
"922","350075","20221006051000","635","2","苗栗縣","頭份鎮","120.890","24.695","939"
"1575","350077","20221006051000","1144","2","苗栗縣","頭份鎮","120.910","24.695","1589"
"939","350078","20221006051000","807","1","苗栗縣","頭份鎮","120.910","24.700","941"
"656","350080","20221006051000","516","2","苗栗縣","頭份鎮","120.940","24.680","671"
"187","350082","20221006051000","268","0","苗栗縣","頭份鎮","120.950","24.680","208"
"698","350085","20221006051000","630","1","苗栗縣","頭份鎮","120.925","24.685","692"
"357","350087","20221006051000","358","0","苗栗縣","頭份鎮","120.935","24.685","356"
"2085","350090","20221006051000","1472","2","苗栗縣","頭份鎮","120.895","24.690","2010"
"1101","350091","20221006051000","1562","0","苗栗縣","頭份鎮","120.905","24.690","1124"
"503","350092","20221006051000","953","0","苗栗縣","頭份鎮","120.905","24.685","534"
"133","350095","20221006051000","430","0","苗栗縣","頭份鎮","120.945","24.690","137"
"22","350102","20221006051000","189","0","苗栗縣","頭份鎮","120.935","24.700","22"
"31","350103","20221006051000","381","0","苗栗縣","頭份鎮","120.940","24.695","28"
"122","350109","20221006051000","132","0","苗栗縣","頭份鎮","120.940","24.700","122"
"17","350110","20221006051000","20","0","苗栗縣","頭份鎮","120.945","24.700","17"
"244","350112","20221006051000","452","0","苗栗縣","頭份鎮","120.930","24.705","219"
"180","350117","20221006051000","212","0","苗栗縣","頭份鎮","120.935","24.710","188"
"399","350118","20221006051000","394","1","苗栗縣","頭份鎮","120.885","24.665","410"
"39","350124","20221006051000","279","0","苗栗縣","頭份鎮","120.885","24.675","37"
"426","350127","20221006051000","521","0","苗栗縣","頭份鎮","120.905","24.700","419"
"872","350128","20221006051000","1367","0","苗栗縣","頭份鎮","120.900","24.695","905"
"1131","350129","20221006051000","961","1","苗栗縣","頭份鎮","120.905","24.695","1101"
"141","350131","20221006051000","435","0","苗栗縣","頭份鎮","120.915","24.690","135"
"1264","350132","20221006051000","1436","0","苗栗縣","頭份鎮","120.915","24.695","1218"
"28","350142","20221006051000","28","1","苗栗縣","頭份鎮","120.915","24.665","28"
"65","350146","20221006051000","431","0","苗栗縣","頭份鎮","120.915","24.670","59"
"923","350150","20221006051000","622","2","苗栗縣","竹南鎮","120.860","24.695","941"
"750","350151","20221006051000","567","2","苗栗縣","竹南鎮","120.865","24.695","771"
"303","350154","20221006051000","722","0","苗栗縣","竹南鎮","120.870","24.695","285"
"93","350155","20221006051000","614","0","苗栗縣","竹南鎮","120.880","24.695","100"
"329","350156","20221006051000","323","1","苗栗縣","竹南鎮","120.865","24.680","334"
"447","350157","20221006051000","398","1","苗栗縣","竹南鎮","120.910","24.710","445"
"754","350159","20221006051000","685","1","苗栗縣","竹南鎮","120.920","24.705","756"
"303","350160","20221006051000","527","0","苗栗縣","頭份鎮","120.925","24.705","295"
"145","350161","20221006051000","114","2","苗栗縣","竹南鎮","120.915","24.705","144"
"1106","350162","20221006051000","1220","0","苗栗縣","竹南鎮","120.915","24.710","1084"
"299","350163","20221006051000","305","0","苗栗縣","竹南鎮","120.920","24.710","333"
"113","350165","20221006051000","117","0","苗栗縣","竹南鎮","120.930","24.710","105"
"294","350166","20221006051000","318","0","苗栗縣","竹南鎮","120.915","24.715","277"
"154","350167","20221006051000","231","0","苗栗縣","竹南鎮","120.920","24.715","144"
"1500","350169","20221006051000","1445","1","苗栗縣","頭份鎮","120.910","24.685","1492"
"2695","350170","20221006051000","2869","0","苗栗縣","頭份鎮","120.895","24.700","2641"
"1513","350172","20221006051000","1064","2","苗栗縣","頭份鎮","120.905","24.680","1507"
"698","350173","20221006051000","588","1","苗栗縣","竹南鎮","120.875","24.700","702"
"890","350174","20221006051000","660","2","苗栗縣","竹南鎮","120.870","24.700","900"
"374","350176","20221006051000","375","0","苗栗縣","頭份鎮","120.920","24.690","345"
"119","350177","20221006051000","108","1","苗栗縣","頭份鎮","120.880","24.660","122"
"838","350179","20221006051000","952","0","苗栗縣","頭份鎮","120.900","24.700","811"
"25","350180","20221006051000","32","0","苗栗縣","竹南鎮","120.910","24.705","25"
"467","350182","20221006051000","514","0","苗栗縣","頭份鎮","120.920","24.700","478"
"914","350183","20221006051000","1408","0","苗栗縣","頭份鎮","120.895","24.695","929"
"492","350203","20221006051000","313","3","苗栗縣","竹南鎮","120.860","24.685","496"
"31","350206","20221006051000","271","0","苗栗縣","竹南鎮","120.865","24.700","28"
"86","350208","20221006051000","433","0","苗栗縣","竹南鎮","120.875","24.705","85"
"1064","350209","20221006051000","1301","0","苗栗縣","竹南鎮","120.880","24.700","1077"
"1028","350210","20221006051000","605","3","苗栗縣","頭份鎮","120.885","24.700","980"
"656","350211","20221006051000","383","3","苗栗縣","竹南鎮","120.880","24.705","664"
"125","350214","20221006051000","115","1","苗栗縣","竹南鎮","120.865","24.705","116"
"31","350220","20221006051000","278","0","苗栗縣","竹南鎮","120.880","24.710","32"
"22","350223","20221006051000","126","0","苗栗縣","竹南鎮","120.865","24.715","23"
"344","350224","20221006051000","350","0","苗栗縣","竹南鎮","120.870","24.715","357"
"234","350225","20221006051000","361","0","苗栗縣","竹南鎮","120.875","24.715","252"
"49","350226","20221006051000","54","0","苗栗縣","竹南鎮","120.880","24.715","48"
"18","350229","20221006051000","30","0","苗栗縣","竹南鎮","120.865","24.720","39"
"74","350236","20221006051000","85","0","苗栗縣","竹南鎮","120.870","24.725","69"
"271","350240","20221006051000","195","2","苗栗縣","竹南鎮","120.890","24.725","275"
"50","350247","20221006051000","56","0","苗栗縣","竹南鎮","120.880","24.685","33"
"1984","350248","20221006051000","1597","2","苗栗縣","竹南鎮","120.880","24.690","1999"
"1557","350250","20221006051000","1855","0","苗栗縣","竹南鎮","120.890","24.690","1657"
"1834","350251","20221006051000","2430","0","苗栗縣","竹南鎮","120.875","24.685","1869"
"556","350258","20221006051000","334","3","苗栗縣","竹南鎮","120.855","24.675","543"
"12","350259","20221006051000","35","0","苗栗縣","竹南鎮","120.860","24.675","11"
"30","350264","20221006051000","284","0","苗栗縣","竹南鎮","120.850","24.680","35"
"15","350275","20221006051000","185","0","苗栗縣","竹南鎮","120.850","24.670","22"
"1059","350277","20221006051000","935","1","苗栗縣","竹南鎮","120.860","24.670","1096"
"44","350278","20221006051000","37","1","苗栗縣","竹南鎮","120.845","24.675","63"
"84","350279","20221006051000","79","1","苗栗縣","造橋鄉","120.855","24.660","73"
"96","350285","20221006051000","262","0","苗栗縣","頭份鎮","120.900","24.685","85"
"270","350286","20221006051000","292","0","苗栗縣","頭份鎮","120.895","24.675","269"
"623","350288","20221006051000","525","1","苗栗縣","頭份鎮","120.890","24.680","647"
"1030","350290","20221006051000","1088","0","苗栗縣","頭份鎮","120.900","24.680","1006"
"108","350291","20221006051000","488","0","苗栗縣","頭份鎮","120.945","24.685","100"
"190","350303","20221006051000","135","2","苗栗縣","頭份鎮","120.960","24.700","189"
"104","350311","20221006051000","83","2","苗栗縣","頭份鎮","120.965","24.705","99"
"246","350314","20221006051000","1486","0","苗栗縣","竹南鎮","120.870","24.690","248"
"613","350316","20221006051000","579","1","苗栗縣","竹南鎮","120.855","24.690","612"
"1201","350319","20221006051000","1336","0","苗栗縣","竹南鎮","120.865","24.685","1159"
"826","350320","20221006051000","926","0","苗栗縣","竹南鎮","120.875","24.695","808"
"92","350321","20221006051000","771","0","苗栗縣","竹南鎮","120.875","24.690","108"
"265","350326","20221006051000","465","0","苗栗縣","竹南鎮","120.910","24.720","304"
"30","350330","20221006051000","221","0","苗栗縣","竹南鎮","120.905","24.725","20"
"39","350331","20221006051000","209","0","苗栗縣","竹南鎮","120.910","24.725","32"
"356","350334","20221006051000","229","3","苗栗縣","竹南鎮","120.905","24.730","311"
"22","350336","20221006051000","78","0","新竹市","香山區","120.900","24.735","13"
"20","350338","20221006051000","250","0","新竹市","香山區","120.905","24.740","19"
"648","350340","20221006051000","635","1","苗栗縣","竹南鎮","120.875","24.660","641"
"597","350347","20221006051000","1065","0","苗栗縣","竹南鎮","120.865","24.675","627"
"37","350349","20221006051000","288","0","苗栗縣","竹南鎮","120.875","24.675","39"
"629","350350","20221006051000","537","1","苗栗縣","竹南鎮","120.880","24.675","622"
"713","350351","20221006051000","403","3","苗栗縣","竹南鎮","120.870","24.680","702"
"403","350352","20221006051000","512","0","苗栗縣","竹南鎮","120.875","24.680","405"
"2020","350353","20221006051000","2130","0","苗栗縣","竹南鎮","120.870","24.685","2090"
"102","350357","20221006051000","429","0","苗栗縣","竹南鎮","120.890","24.705","87"
"244","350358","20221006051000","211","1","苗栗縣","竹南鎮","120.895","24.705","249"
"775","350359","20221006051000","589","2","苗栗縣","竹南鎮","120.900","24.705","777"
"386","350363","20221006051000","566","0","苗栗縣","竹南鎮","120.900","24.710","415"
"267","350364","20221006051000","176","3","苗栗縣","竹南鎮","120.905","24.710","254"
"215","350365","20221006051000","210","1","苗栗縣","竹南鎮","120.895","24.715","203"
"498","350367","20221006051000","364","2","苗栗縣","竹南鎮","120.905","24.715","472"
"61","350369","20221006051000","108","0","苗栗縣","竹南鎮","120.895","24.720","117"
"104","356638","20221006051000","83","2","宜蘭縣","頭城鎮","121.940","24.840","111"
"910","360378","20221006051000","643","2","宜蘭縣","礁溪鄉","121.765","24.825","892"
"1388","360379","20221006051000","1724","0","宜蘭縣","礁溪鄉","121.770","24.825","1619"
"544","360380","20221006051000","512","1","宜蘭縣","礁溪鄉","121.775","24.825","611"
"511","360392","20221006051000","420","2","宜蘭縣","礁溪鄉","121.810","24.815","487"
"138","360394","20221006051000","131","1","宜蘭縣","礁溪鄉","121.795","24.815","137"
"22","360410","20221006051000","99","0","宜蘭縣","礁溪鄉","121.720","24.815","20"
"80","360417","20221006051000","84","0","宜蘭縣","礁溪鄉","121.720","24.820","72"
"118","360419","20221006051000","70","3","宜蘭縣","礁溪鄉","121.730","24.820","122"
"26","360427","20221006051000","317","0","宜蘭縣","礁溪鄉","121.725","24.820","19"
"413","360433","20221006051000","350","1","宜蘭縣","礁溪鄉","121.755","24.820","435"
"36","360437","20221006051000","68","0","宜蘭縣","礁溪鄉","121.740","24.825","47"
"1851","360439","20221006051000","1519","2","宜蘭縣","宜蘭市","121.755","24.770","1791"
"457","360442","20221006051000","320","2","宜蘭縣","宜蘭市","121.745","24.775","452"
"871","360449","20221006051000","770","1","宜蘭縣","壯圍鄉","121.785","24.775","949"
"18","360451","20221006051000","14","2","宜蘭縣","壯圍鄉","121.780","24.780","16"
"300","360457","20221006051000","243","2","宜蘭縣","壯圍鄉","121.795","24.790","317"
"160","360471","20221006051000","148","1","宜蘭縣","頭城鎮","121.820","24.855","163"
"60","360474","20221006051000","59","1","宜蘭縣","頭城鎮","121.835","24.885","108"
"72","360476","20221006051000","74","0","宜蘭縣","頭城鎮","121.845","24.885","73"
"505","360478","20221006051000","599","0","宜蘭縣","頭城鎮","121.830","24.855","551"
"624","360482","20221006051000","788","0","宜蘭縣","頭城鎮","121.820","24.860","611"
"342","360484","20221006051000","247","2","宜蘭縣","頭城鎮","121.815","24.860","320"
"628","360485","20221006051000","525","1","宜蘭縣","頭城鎮","121.820","24.865","662"
"248","360486","20221006051000","227","1","宜蘭縣","頭城鎮","121.810","24.865","233"
"135","360502","20221006051000","157","0","宜蘭縣","頭城鎮","121.815","24.850","146"
"574","360507","20221006051000","711","0","宜蘭縣","頭城鎮","121.825","24.865","599"
"187","360520","20221006051000","136","2","宜蘭縣","頭城鎮","121.835","24.870","205"
"25","360521","20221006051000","62","0","宜蘭縣","頭城鎮","121.840","24.870","28"
"185","360524","20221006051000","146","2","宜蘭縣","頭城鎮","121.840","24.875","186"
"36","360537","20221006051000","21","3","新北市","三峽區","121.345","24.845","35"
"79","360552","20221006051000","80","0","新北市","三峽區","121.360","24.855","83"
"19","360554","20221006051000","12","3","新北市","三峽區","121.370","24.855","14"
"24","360559","20221006051000","23","1","新北市","三峽區","121.365","24.860","17"
"60","360569","20221006051000","45","2","新北市","三峽區","121.355","24.870","58"
"45","360573","20221006051000","30","3","新北市","三峽區","121.375","24.870","48"
"33","360625","20221006051000","27","2","宜蘭縣","頭城鎮","121.820","24.825","39"
"51","360631","20221006051000","68","0","宜蘭縣","頭城鎮","121.790","24.845","59"
"249","360639","20221006051000","237","1","宜蘭縣","頭城鎮","121.795","24.855","264"
"520","360641","20221006051000","461","1","宜蘭縣","頭城鎮","121.805","24.855","525"
"161","360684","20221006051000","153","1","宜蘭縣","礁溪鄉","121.765","24.800","179"
"248","360687","20221006051000","263","0","宜蘭縣","礁溪鄉","121.760","24.810","257"
"291","360689","20221006051000","274","1","宜蘭縣","礁溪鄉","121.755","24.815","278"
"87","360694","20221006051000","67","2","宜蘭縣","員山鄉","121.700","24.780","85"
"48","360702","20221006051000","32","3","宜蘭縣","礁溪鄉","121.680","24.785","49"
"178","360788","20221006051000","176","1","宜蘭縣","礁溪鄉","121.780","24.810","167"
"448","360803","20221006051000","407","1","宜蘭縣","壯圍鄉","121.810","24.800","480"
"535","360806","20221006051000","434","2","宜蘭縣","壯圍鄉","121.815","24.805","539"
"487","360817","20221006051000","459","1","宜蘭縣","礁溪鄉","121.780","24.785","507"
"514","360820","20221006051000","522","0","宜蘭縣","礁溪鄉","121.775","24.815","536"
"954","360822","20221006051000","903","1","宜蘭縣","礁溪鄉","121.770","24.820","958"
"219","360828","20221006051000","241","0","宜蘭縣","礁溪鄉","121.730","24.790","240"
"117","360848","20221006051000","85","2","宜蘭縣","礁溪鄉","121.710","24.810","104"
"516","360876","20221006051000","489","1","宜蘭縣","礁溪鄉","121.760","24.785","543"
"83","360877","20221006051000","76","1","宜蘭縣","礁溪鄉","121.750","24.790","82"
"417","360879","20221006051000","257","3","宜蘭縣","礁溪鄉","121.760","24.790","412"
"480","360881","20221006051000","395","2","宜蘭縣","礁溪鄉","121.765","24.815","494"
"558","360883","20221006051000","394","2","宜蘭縣","礁溪鄉","121.765","24.820","545"
"267","360888","20221006051000","207","2","宜蘭縣","礁溪鄉","121.755","24.825","268"
"504","360889","20221006051000","492","1","宜蘭縣","礁溪鄉","121.760","24.825","510"
"24","360898","20221006051000","16","3","宜蘭縣","礁溪鄉","121.745","24.830","30"
"41","360964","20221006051000","35","1","新北市","三峽區","121.410","24.865","47"
"208","360967","20221006051000","193","1","新北市","三峽區","121.410","24.870","353"
"105","360994","20221006051000","68","3","新北市","三峽區","121.415","24.885","113"
"16","361075","20221006051000","14","1","新北市","三峽區","121.445","24.830","17"
"17","361124","20221006051000","15","1","新北市","三峽區","121.430","24.845","11"
"18","361179","20221006051000","31","0","新北市","三峽區","121.435","24.860","20"
"14","361193","20221006051000","12","1","新北市","三峽區","121.430","24.865","12"
"19","361195","20221006051000","16","1","新北市","三峽區","121.440","24.865","21"
"37","361304","20221006051000","30","2","新北市","三峽區","121.375","24.885","30"
"35","361308","20221006051000","17","3","新北市","三峽區","121.400","24.885","39"
"652","361316","20221006051000","540","2","宜蘭縣","員山鄉","121.720","24.770","649"
"195","361349","20221006051000","190","1","宜蘭縣","員山鄉","121.715","24.775","209"
"331","361393","20221006051000","293","1","宜蘭縣","壯圍鄉","121.800","24.770","380"
"221","361412","20221006051000","212","1","宜蘭縣","宜蘭市","121.735","24.775","224"
"12","361413","20221006051000","12","1","宜蘭縣","宜蘭市","121.740","24.775","10"
"135","361414","20221006051000","120","1","宜蘭縣","宜蘭市","121.730","24.780","134"
"645","361441","20221006051000","575","1","宜蘭縣","頭城鎮","121.790","24.835","693"
"12","361466","20221006051000","17","0","新北市","坪林區","121.770","24.865","18"
"562","361479","20221006051000","446","2","宜蘭縣","頭城鎮","121.815","24.835","545"
"478","361482","20221006051000","313","3","宜蘭縣","頭城鎮","121.810","24.845","491"
"4025","361485","20221006051000","3924","1","新竹市","東區","120.985","24.800","4045"
"2508","361486","20221006051000","2137","1","新竹市","東區","120.985","24.810","2534"
"110","361502","20221006051000","94","1","桃園市","大溪區","121.330","24.880","109"
"105","361509","20221006051000","107","0","桃園市","大溪區","121.325","24.885","119"
"26","361515","20221006051000","34","0","桃園市","大溪區","121.325","24.890","18"
"10","361517","20221006051000","43","0","桃園市","大溪區","121.335","24.890","10"
"272","361521","20221006051000","226","2","桃園市","大溪區","121.250","24.865","247"
"33","361525","20221006051000","45","0","桃園市","大溪區","121.255","24.870","30"
"474","361530","20221006051000","634","0","桃園市","大溪區","121.260","24.875","499"
"647","361536","20221006051000","442","2","桃園市","大溪區","121.260","24.880","654"
"169","361538","20221006051000","107","3","桃園市","大溪區","121.275","24.880","186"
"820","361539","20221006051000","730","1","桃園市","大溪區","121.250","24.880","864"
"383","361545","20221006051000","276","2","桃園市","大溪區","121.275","24.885","376"
"158","361546","20221006051000","127","2","桃園市","大溪區","121.280","24.885","158"
"478","361547","20221006051000","344","2","桃園市","大溪區","121.275","24.890","471"
"1424","361550","20221006051000","1263","1","桃園市","大溪區","121.295","24.885","1437"
"72","361551","20221006051000","106","0","桃園市","大溪區","121.300","24.880","72"
"117","361552","20221006051000","209","0","桃園市","大溪區","121.290","24.880","103"
"79","361556","20221006051000","86","0","新竹縣","新埔鎮","121.080","24.835","77"
"353","361565","20221006051000","306","1","新竹縣","新埔鎮","121.080","24.840","353"
"65","361570","20221006051000","44","2","新竹縣","新埔鎮","121.130","24.860","58"
"92","361585","20221006051000","73","2","新竹縣","新埔鎮","121.135","24.875","84"
"825","361597","20221006051000","709","1","新竹縣","新豐鄉","120.995","24.885","833"
"1139","361600","20221006051000","1112","1","新竹縣","新豐鄉","121.010","24.885","1128"
"623","361602","20221006051000","474","2","新竹市","東區","120.975","24.805","631"
"2252","361603","20221006051000","2129","1","新竹市","東區","120.980","24.805","2120"
"954","361604","20221006051000","882","1","新竹市","東區","120.980","24.810","984"
"1013","361605","20221006051000","1037","0","新竹市","東區","120.975","24.800","1040"
"7397","361610","20221006051000","6139","2","新竹市","東區","121.020","24.780","7318"
"2968","361611","20221006051000","2572","1","新竹市","東區","121.015","24.785","2978"
"194","361614","20221006051000","179","1","新竹縣","新埔鎮","121.105","24.845","177"
"68","361621","20221006051000","54","2","新竹縣","新埔鎮","121.120","24.850","55"
"64","361624","20221006051000","52","2","新竹縣","新埔鎮","121.105","24.855","61"
"114","361642","20221006051000","97","1","新竹縣","新埔鎮","121.115","24.875","100"
"603","361646","20221006051000","596","1","新竹縣","新埔鎮","121.070","24.825","616"
"940","361648","20221006051000","729","2","新竹縣","新埔鎮","121.080","24.825","952"
"456","361651","20221006051000","415","1","新竹縣","新埔鎮","121.070","24.830","459"
"112","361655","20221006051000","82","2","新竹縣","新埔鎮","121.135","24.845","116"
"438","361668","20221006051000","423","1","新竹縣","新豐鄉","120.980","24.870","409"
"1970","361683","20221006051000","2122","0","新竹縣","竹東鎮","121.030","24.775","1947"
"237","361685","20221006051000","297","0","新竹縣","湖口鄉","121.010","24.855","223"
"353","361687","20221006051000","328","1","新竹縣","湖口鄉","121.020","24.855","303"
"379","361688","20221006051000","426","0","新竹縣","湖口鄉","121.025","24.855","410"
"1239","361692","20221006051000","1405","0","新竹縣","湖口鄉","121.010","24.860","1269"
"3101","361694","20221006051000","3081","1","新竹縣","湖口鄉","120.995","24.865","3073"
"979","361695","20221006051000","853","1","新竹縣","湖口鄉","121.000","24.865","992"
"22","361696","20221006051000","115","0","新竹縣","湖口鄉","121.005","24.865","21"
"180","361697","20221006051000","151","1","新竹縣","湖口鄉","121.010","24.865","175"
"1330","361698","20221006051000","1391","0","新竹縣","湖口鄉","121.000","24.870","1374"
"1050","361700","20221006051000","274","3","新竹縣","湖口鄉","121.010","24.870","643"
"3095","361702","20221006051000","780","3","新竹縣","湖口鄉","121.010","24.875","2535"
"518","361703","20221006051000","992","0","新竹縣","竹北市","121.030","24.810","620"
"1157","361704","20221006051000","1660","0","新竹縣","竹北市","121.035","24.810","1194"
"533","361705","20221006051000","407","2","新竹縣","竹北市","121.030","24.815","579"
"333","361712","20221006051000","342","0","桃園市","大溪區","121.260","24.890","302"
"299","361715","20221006051000","267","1","新竹市","香山區","120.920","24.810","301"
"334","361721","20221006051000","262","2","新竹市","香山區","120.925","24.815","329"
"103","361725","20221006051000","89","1","新竹市","香山區","120.915","24.820","98"
"646","361727","20221006051000","632","1","新竹市","香山區","120.925","24.820","643"
"694","361733","20221006051000","428","3","新竹市","北區","120.925","24.825","729"
"1203","361736","20221006051000","1479","0","新竹市","香山區","120.930","24.790","1249"
"760","361738","20221006051000","542","2","新竹市","香山區","120.930","24.795","763"
"420","361744","20221006051000","386","1","新竹市","香山區","120.915","24.780","383"
"160","361752","20221006051000","192","0","新竹市","香山區","120.920","24.785","222"
"1236","361756","20221006051000","1307","0","新竹市","香山區","120.920","24.805","1277"
"947","361758","20221006051000","773","2","新竹市","香山區","120.935","24.805","935"
"887","361761","20221006051000","906","0","新竹市","香山區","120.940","24.805","873"
"2833","361763","20221006051000","2925","0","新竹市","香山區","120.945","24.795","3144"
"385","361765","20221006051000","611","0","新竹市","香山區","120.940","24.790","357"
"53","361766","20221006051000","831","0","新竹市","香山區","120.935","24.790","53"
"130","361767","20221006051000","197","0","新竹市","香山區","120.935","24.800","133"
"577","361768","20221006051000","595","0","新竹市","香山區","120.940","24.795","618"
"48","362002","20221006051000","41","1","新竹縣","關西鎮","121.260","24.775","55"
"67","362027","20221006051000","142","0","新竹縣","湖口鄉","121.030","24.880","62"
"850","362033","20221006051000","831","1","新竹縣","湖口鄉","121.025","24.885","832"
"948","362036","20221006051000","976","0","新竹縣","竹北市","120.965","24.860","962"
"460","362039","20221006051000","384","1","新竹縣","竹北市","120.980","24.860","482"
"1634","362056","20221006051000","1555","1","新竹縣","竹北市","121.015","24.825","1618"
"1568","362057","20221006051000","1829","0","新竹縣","竹北市","121.010","24.830","1523"
"1569","362059","20221006051000","1395","1","新竹縣","竹北市","121.035","24.815","1612"
"121","362060","20221006051000","271","0","新竹縣","竹北市","121.040","24.815","117"
"2820","362063","20221006051000","3223","0","新竹縣","竹北市","121.030","24.820","2721"
"1432","362064","20221006051000","1456","0","新竹縣","竹北市","121.035","24.820","1492"
"1023","362066","20221006051000","1086","0","新竹縣","竹北市","121.020","24.825","1066"
"122","362067","20221006051000","1028","0","新竹縣","竹北市","121.025","24.825","1021"
"4239","362068","20221006051000","4521","0","新竹縣","竹北市","121.030","24.825","4352"
"954","362069","20221006051000","1486","0","新竹縣","竹北市","121.035","24.825","1721"
"1948","362070","20221006051000","1937","1","新竹縣","竹北市","121.015","24.830","1946"
"1022","362071","20221006051000","978","1","新竹縣","竹北市","121.020","24.830","980"
"1877","362072","20221006051000","1067","3","新竹縣","竹北市","121.025","24.830","1922"
"1452","362073","20221006051000","1501","0","新竹縣","新埔鎮","121.030","24.830","1433"
"518","362076","20221006051000","481","1","新竹縣","竹北市","120.995","24.855","517"
"346","362077","20221006051000","316","1","新竹縣","竹北市","120.990","24.860","333"
"145","362079","20221006051000","96","3","新竹縣","竹北市","120.995","24.860","138"
"3255","362081","20221006051000","1887","3","新竹市","東區","120.995","24.800","3167"
"596","362082","20221006051000","679","0","新竹市","東區","121.000","24.805","646"
"103","362085","20221006051000","227","0","新竹市","東區","121.000","24.810","104"
"614","362086","20221006051000","360","3","新竹市","東區","121.005","24.810","607"
"998","362087","20221006051000","738","2","新竹市","東區","121.010","24.810","993"
"743","362088","20221006051000","662","1","新竹市","東區","120.995","24.815","713"
"1024","362092","20221006051000","1093","0","新竹市","東區","121.010","24.775","1041"
"879","362093","20221006051000","830","1","新竹市","東區","121.015","24.775","891"
"2434","362094","20221006051000","2436","0","新竹市","東區","121.020","24.775","2397"
"4223","362095","20221006051000","4369","0","新竹市","東區","121.025","24.775","4196"
"3126","362096","20221006051000","3117","1","新竹市","東區","120.990","24.780","3086"
"859","362097","20221006051000","813","1","新竹市","東區","121.005","24.775","828"
"1009","362098","20221006051000","843","1","新竹市","東區","121.005","24.780","1044"
"1401","362099","20221006051000","1028","2","新竹市","東區","121.010","24.780","1379"
"2401","362100","20221006051000","2371","1","新竹市","東區","121.015","24.780","2379"
"1569","362101","20221006051000","1419","1","新竹市","東區","121.005","24.785","1501"
"1479","362102","20221006051000","1382","1","新竹市","東區","121.010","24.785","1466"
"504","362103","20221006051000","556","0","新竹市","北區","120.945","24.835","477"
"363","362104","20221006051000","354","1","新竹市","北區","120.950","24.835","402"
"781","362107","20221006051000","727","1","新竹縣","竹東鎮","121.045","24.785","822"
"192","362108","20221006051000","216","0","新竹縣","竹東鎮","121.050","24.785","194"
"1034","362117","20221006051000","1001","1","新竹縣","竹東鎮","121.035","24.790","1063"
"737","362122","20221006051000","655","1","新竹縣","竹東鎮","121.030","24.795","774"
"145","362128","20221006051000","170","0","新竹縣","竹北市","120.960","24.855","161"
"581","362141","20221006051000","516","1","新竹縣","竹北市","120.955","24.870","574"
"1945","362143","20221006051000","1689","1","新竹縣","竹北市","121.015","24.835","1954"
"220","362158","20221006051000","183","2","新竹縣","新豐鄉","120.975","24.890","220"
"1897","362159","20221006051000","1931","0","新竹市","東區","121.005","24.790","1888"
"5861","362160","20221006051000","3687","3","新竹市","東區","121.015","24.790","5940"
"34","362275","20221006051000","36","0","新北市","烏來區","121.525","24.835","36"
"110","362673","20221006051000","101","1","新北市","烏來區","121.550","24.875","104"
"51","362692","20221006051000","55","0","新北市","烏來區","121.545","24.880","49"
"100","362700","20221006051000","126","0","新北市","烏來區","121.550","24.885","102"
"135","362717","20221006051000","148","0","新北市","烏來區","121.555","24.845","142"
"60","362740","20221006051000","47","2","新北市","烏來區","121.560","24.860","48"
"296","362744","20221006051000","409","0","新北市","烏來區","121.550","24.865","266"
"59","362793","20221006051000","41","2","新北市","烏來區","121.510","24.775","62"
"2006","362984","20221006051000","1800","1","新竹市","東區","120.960","24.795","1968"
"7000","362985","20221006051000","6216","1","新竹市","東區","121.020","24.790","7059"
"1492","362988","20221006051000","1367","1","新竹市","東區","120.970","24.775","1472"
"2831","362990","20221006051000","2029","2","新竹市","東區","120.985","24.805","2749"
"1037","362992","20221006051000","1274","0","新竹市","北區","120.960","24.805","1009"
"503","362994","20221006051000","430","1","新竹縣","竹北市","120.945","24.850","505"
"882","362996","20221006051000","877","1","新竹縣","竹北市","120.945","24.855","846"
"1911","362998","20221006051000","1868","1","新竹縣","竹北市","120.995","24.840","1909"
"1570","362999","20221006051000","1535","1","新竹縣","竹北市","121.000","24.840","1622"
"414","363002","20221006051000","629","0","新竹縣","竹北市","121.035","24.800","545"
"963","363004","20221006051000","1098","0","新竹縣","竹北市","121.025","24.805","995"
"1592","363005","20221006051000","1835","0","新竹縣","竹北市","121.030","24.805","1548"
"3695","363006","20221006051000","2580","2","新竹縣","竹北市","121.035","24.805","3726"
"3641","363007","20221006051000","3604","1","新竹縣","竹北市","121.025","24.810","3596"
"96","363008","20221006051000","82","1","新竹縣","芎林鄉","121.065","24.790","108"
"697","363013","20221006051000","618","1","新竹縣","竹北市","121.050","24.805","703"
"235","363016","20221006051000","321","0","新竹縣","竹北市","121.045","24.810","247"
"2849","363021","20221006051000","2808","1","新竹縣","竹北市","121.005","24.840","2845"
"561","363023","20221006051000","473","1","新竹縣","竹北市","121.020","24.840","649"
"1408","363024","20221006051000","1341","1","新竹縣","竹北市","121.000","24.845","1380"
"1018","363025","20221006051000","719","2","新竹縣","竹北市","121.000","24.855","1014"
"652","363026","20221006051000","557","1","新竹縣","竹北市","121.010","24.845","648"
"264","363027","20221006051000","417","0","新竹縣","新埔鎮","121.015","24.850","264"
"230","363028","20221006051000","221","1","新竹縣","竹北市","121.020","24.845","259"
"1379","363032","20221006051000","976","2","新竹縣","芎林鄉","121.080","24.775","1373"
"13","363046","20221006051000","11","1","新竹縣","關西鎮","121.140","24.790","13"
"12","363048","20221006051000","12","1","新竹縣","關西鎮","121.150","24.790","13"
"127","363062","20221006051000","103","2","新竹縣","關西鎮","121.185","24.800","118"
"368","363073","20221006051000","321","1","新竹縣","關西鎮","121.200","24.810","362"
"168","363082","20221006051000","105","3","新竹縣","關西鎮","121.180","24.820","172"
"91","363084","20221006051000","88","1","新竹縣","關西鎮","121.175","24.825","99"
"928","363085","20221006051000","798","1","桃園市","龍潭區","121.180","24.825","927"
"862","363086","20221006051000","873","0","新竹市","東區","120.975","24.795","868"
"1321","363088","20221006051000","1206","1","新竹縣","寶山鄉","120.985","24.775","1303"
"532","363090","20221006051000","454","1","新竹市","東區","120.980","24.780","541"
"1409","363093","20221006051000","1397","1","新竹市","東區","120.980","24.785","1392"
"1462","363094","20221006051000","1187","2","新竹縣","新豐鄉","121.000","24.875","1480"
"1044","363095","20221006051000","931","1","新竹縣","新豐鄉","120.995","24.880","986"
"434","363096","20221006051000","456","0","新竹縣","新豐鄉","121.000","24.880","457"
"451","363097","20221006051000","354","2","新竹縣","新豐鄉","121.005","24.880","451"
"2232","363098","20221006051000","1482","3","新竹縣","新豐鄉","120.990","24.870","2213"
"3572","363099","20221006051000","3395","1","新竹縣","新豐鄉","120.995","24.870","3592"
"2056","363100","20221006051000","1540","2","新竹縣","新豐鄉","120.985","24.865","2044"
"304","363101","20221006051000","460","0","新竹縣","新豐鄉","120.990","24.865","314"
"720","363103","20221006051000","601","1","新竹縣","新豐鄉","120.985","24.875","707"
"581","363109","20221006051000","563","1","新竹縣","關西鎮","121.145","24.805","562"
"41","363127","20221006051000","41","1","新竹縣","關西鎮","121.120","24.780","46"
"15","363131","20221006051000","15","1","新竹縣","關西鎮","121.115","24.785","14"
"172","363143","20221006051000","135","2","新竹縣","關西鎮","121.130","24.790","173"
"90","363153","20221006051000","52","3","新竹縣","關西鎮","121.200","24.775","95"
"1093","363158","20221006051000","908","2","新竹縣","關西鎮","121.175","24.785","1084"
"1030","363160","20221006051000","879","1","新竹縣","關西鎮","121.185","24.790","1022"
"354","363164","20221006051000","332","1","新竹縣","關西鎮","121.190","24.795","357"
"25","363187","20221006051000","28","0","新竹縣","關西鎮","121.195","24.785","29"
"236","363195","20221006051000","133","3","新竹縣","關西鎮","121.195","24.790","228"
"16","363197","20221006051000","14","1","新竹縣","關西鎮","121.205","24.790","19"
"47","363217","20221006051000","47","1","新竹縣","關西鎮","121.230","24.795","45"
"84","363223","20221006051000","71","1","新竹縣","關西鎮","121.235","24.800","94"
"20","363229","20221006051000","12","3","新竹縣","關西鎮","121.135","24.820","20"
"443","363233","20221006051000","482","0","新竹縣","關西鎮","121.115","24.825","447"
"276","363245","20221006051000","241","1","新竹縣","關西鎮","121.115","24.830","267"
"553","363256","20221006051000","459","2","新竹縣","關西鎮","121.165","24.830","654"
"80","363258","20221006051000","50","3","新竹縣","新埔鎮","121.125","24.835","71"
"217","363272","20221006051000","209","1","新竹縣","關西鎮","121.150","24.840","210"
"1048","363274","20221006051000","917","1","新竹縣","關西鎮","121.135","24.810","1066"
"37","363279","20221006051000","47","0","新竹縣","關西鎮","121.130","24.815","32"
"452","363291","20221006051000","414","1","新竹縣","關西鎮","121.165","24.800","468"
"2521","363304","20221006051000","2114","1","新竹縣","關西鎮","121.175","24.790","2541"
"321","363306","20221006051000","347","0","新竹縣","關西鎮","121.175","24.795","339"
"69","363308","20221006051000","66","1","新竹縣","關西鎮","121.175","24.805","74"
"3121","363344","20221006051000","2079","3","桃園市","龍潭區","121.230","24.875","3071"
"335","363345","20221006051000","463","0","桃園市","龍潭區","121.230","24.880","358"
"1000","363346","20221006051000","1013","0","桃園市","龍潭區","121.225","24.855","967"
"91","363347","20221006051000","69","2","桃園市","龍潭區","121.230","24.855","76"
"36","363355","20221006051000","31","1","桃園市","龍潭區","121.235","24.865","35"
"74","363358","20221006051000","362","0","桃園市","龍潭區","121.230","24.870","73"
"560","363359","20221006051000","604","0","桃園市","龍潭區","121.235","24.870","547"
"232","363362","20221006051000","359","0","桃園市","平鎮區","121.245","24.875","228"
"1007","363365","20221006051000","1024","0","桃園市","龍潭區","121.235","24.840","1015"
"1353","363366","20221006051000","1335","1","桃園市","龍潭區","121.240","24.835","1337"
"209","363369","20221006051000","216","0","桃園市","龍潭區","121.240","24.845","186"
"205","363370","20221006051000","111","3","桃園市","龍潭區","121.245","24.850","200"
"74","363371","20221006051000","61","2","桃園市","龍潭區","121.250","24.850","71"
"370","363374","20221006051000","233","3","桃園市","龍潭區","121.250","24.855","379"
"15","363376","20221006051000","27","0","桃園市","龍潭區","121.255","24.860","16"
"223","363377","20221006051000","206","1","桃園市","龍潭區","121.180","24.870","213"
"1009","363380","20221006051000","984","1","桃園市","龍潭區","121.195","24.870","1033"
"465","363388","20221006051000","367","2","桃園市","龍潭區","121.185","24.880","449"
"1449","363392","20221006051000","1086","2","桃園市","龍潭區","121.185","24.885","1426"
"11","363394","20221006051000","26","0","桃園市","龍潭區","121.180","24.885","15"
"237","363396","20221006051000","233","1","桃園市","龍潭區","121.190","24.885","232"
"100","363397","20221006051000","89","1","桃園市","龍潭區","121.190","24.890","102"
"4156","363481","20221006051000","3907","1","新竹市","東區","120.975","24.810","4208"
"2730","363482","20221006051000","2398","1","新竹市","東區","120.970","24.800","2628"
"918","363483","20221006051000","909","1","新竹市","東區","120.970","24.810","873"
"750","363484","20221006051000","592","2","新竹市","東區","120.970","24.785","754"
"1381","363485","20221006051000","945","2","新竹市","東區","120.975","24.785","1448"
"4514","363486","20221006051000","4048","1","新竹市","東區","120.965","24.795","4657"
"623","363502","20221006051000","614","1","桃園市","龍潭區","121.185","24.840","608"
"510","363507","20221006051000","572","0","桃園市","龍潭區","121.185","24.845","483"
"27","363511","20221006051000","40","0","桃園市","龍潭區","121.180","24.850","22"
"133","363514","20221006051000","165","0","桃園市","龍潭區","121.195","24.850","146"
"243","363523","20221006051000","226","1","桃園市","龍潭區","121.190","24.860","250"
"440","363528","20221006051000","445","0","桃園市","龍潭區","121.245","24.835","433"
"317","363532","20221006051000","237","2","桃園市","龍潭區","121.245","24.840","292"
"87","363557","20221006051000","84","1","桃園市","龍潭區","121.240","24.830","86"
"683","363560","20221006051000","537","2","桃園市","龍潭區","121.230","24.835","687"
"49","363589","20221006051000","35","2","桃園市","龍潭區","121.160","24.870","42"
"777","363593","20221006051000","577","2","桃園市","龍潭區","121.210","24.840","774"
"419","363597","20221006051000","324","2","桃園市","龍潭區","121.200","24.855","412"
"606","363599","20221006051000","601","1","桃園市","龍潭區","121.210","24.855","633"
"1247","363602","20221006051000","869","2","桃園市","龍潭區","121.225","24.845","1207"
"297","363603","20221006051000","494","0","桃園市","龍潭區","121.230","24.845","299"
"18","363605","20221006051000","12","3","桃園市","龍潭區","121.225","24.850","13"
"1548","363611","20221006051000","1482","1","桃園市","龍潭區","121.220","24.850","1502"
"1254","363613","20221006051000","1055","1","桃園市","龍潭區","121.215","24.865","1222"
"571","363614","20221006051000","567","1","桃園市","龍潭區","121.220","24.865","574"
"626","363615","20221006051000","452","2","桃園市","龍潭區","121.210","24.870","649"
"813","363616","20221006051000","847","0","桃園市","龍潭區","121.215","24.870","868"
"609","363620","20221006051000","525","1","桃園市","龍潭區","121.220","24.860","594"
"328","363625","20221006051000","337","0","桃園市","龍潭區","121.205","24.865","320"
"178","363626","20221006051000","144","2","桃園市","龍潭區","121.200","24.870","160"
"1396","363627","20221006051000","1068","2","桃園市","龍潭區","121.205","24.870","1331"
"3480","363628","20221006051000","3014","1","新竹縣","竹北市","121.020","24.835","3391"
"2231","363629","20221006051000","1907","1","新竹縣","竹北市","121.025","24.835","2222"
"1084","363630","20221006051000","1228","0","新竹縣","竹北市","121.010","24.835","1056"
"439","363633","20221006051000","402","1","新竹市","東區","120.960","24.780","447"
"606","363634","20221006051000","511","1","新竹市","東區","120.965","24.780","610"
"1395","363637","20221006051000","1326","1","新竹市","東區","120.965","24.785","1379"
"3792","363639","20221006051000","3693","1","新竹市","東區","120.965","24.790","3844"
"2300","363641","20221006051000","2989","0","新竹市","東區","121.020","24.785","2262"
"498","363642","20221006051000","296","3","新竹縣","竹東鎮","121.025","24.785","467"
"1088","363644","20221006051000","896","2","新竹縣","竹東鎮","121.035","24.775","982"
"230","363646","20221006051000","146","3","新竹縣","竹東鎮","121.045","24.775","220"
"3183","363648","20221006051000","2610","2","新竹縣","竹東鎮","121.030","24.780","3167"
"89","363651","20221006051000","332","0","新竹縣","竹東鎮","121.045","24.780","79"
"1012","363655","20221006051000","1020","0","桃園市","龍潭區","121.235","24.880","999"
"999","363658","20221006051000","880","1","桃園市","龍潭區","121.240","24.880","1005"
"57","363661","20221006051000","49","1","桃園市","龍潭區","121.240","24.810","65"
"492","363663","20221006051000","520","0","桃園市","龍潭區","121.240","24.815","492"
"11","363664","20221006051000","25","0","桃園市","龍潭區","121.235","24.820","11"
"304","363667","20221006051000","296","1","桃園市","龍潭區","121.230","24.825","304"
"631","363668","20221006051000","549","1","桃園市","龍潭區","121.235","24.825","605"
"945","363676","20221006051000","800","1","桃園市","龍潭區","121.230","24.840","899"
"460","363677","20221006051000","501","0","新竹縣","竹北市","121.005","24.845","498"
"1599","363682","20221006051000","1240","2","新竹縣","芎林鄉","121.080","24.780","1625"
"22","363685","20221006051000","159","0","新竹縣","芎林鄉","121.075","24.785","26"
"1264","363687","20221006051000","1187","1","新竹縣","芎林鄉","121.070","24.790","1292"
"880","363696","20221006051000","446","3","新竹縣","芎林鄉","121.060","24.795","901"
"802","363709","20221006051000","675","1","新竹縣","芎林鄉","121.090","24.775","760"
"42","363721","20221006051000","33","2","新竹縣","芎林鄉","121.085","24.780","35"
"17","363725","20221006051000","69","0","新竹縣","芎林鄉","121.100","24.780","21"
"308","363728","20221006051000","266","1","新竹縣","芎林鄉","121.100","24.785","299"
"1173","363737","20221006051000","1011","1","新竹縣","竹北市","120.985","24.835","1168"
"654","363744","20221006051000","452","2","新竹縣","竹北市","120.975","24.840","668"
"747","363746","20221006051000","567","2","新竹縣","竹北市","120.955","24.840","734"
"473","363748","20221006051000","477","0","新竹縣","竹北市","120.965","24.840","518"
"44","363765","20221006051000","284","0","宜蘭縣","礁溪鄉","121.790","24.795","45"
"32","363769","20221006051000","92","0","宜蘭縣","礁溪鄉","121.780","24.800","35"
"181","363770","20221006051000","154","1","宜蘭縣","礁溪鄉","121.785","24.800","192"
"178","363777","20221006051000","174","1","宜蘭縣","礁溪鄉","121.790","24.810","203"
"783","363779","20221006051000","894","0","宜蘭縣","礁溪鄉","121.775","24.830","962"
"625","363783","20221006051000","569","1","宜蘭縣","礁溪鄉","121.780","24.835","626"
"280","363797","20221006051000","299","0","宜蘭縣","礁溪鄉","121.790","24.830","274"
"15","363798","20221006051000","32","0","宜蘭縣","礁溪鄉","121.785","24.835","16"
"1438","363803","20221006051000","968","2","桃園市","平鎮區","121.200","24.890","1438"
"1618","363805","20221006051000","1822","0","新竹市","北區","120.955","24.805","1647"
"546","363808","20221006051000","647","0","新竹市","北區","120.945","24.815","556"
"2474","363814","20221006051000","2140","1","新竹市","北區","120.955","24.790","2437"
"853","363815","20221006051000","851","1","新竹市","香山區","120.950","24.795","854"
"1072","363816","20221006051000","1103","0","桃園市","大溪區","121.290","24.885","1092"
"1634","363817","20221006051000","1522","1","新竹縣","寶山鄉","120.990","24.775","1609"
"597","363818","20221006051000","537","1","新竹縣","寶山鄉","120.995","24.775","602"
"1685","363819","20221006051000","1534","1","新竹縣","寶山鄉","121.000","24.775","1684"
"1324","363821","20221006051000","1023","2","新竹市","東區","120.995","24.780","1338"
"1716","363824","20221006051000","1216","2","新竹縣","竹北市","121.010","24.820","2153"
"1871","363825","20221006051000","1774","1","新竹縣","竹北市","121.015","24.820","1887"
"2188","363826","20221006051000","1828","1","新竹縣","竹北市","121.005","24.825","2187"
"3428","363827","20221006051000","2978","1","新竹縣","竹北市","121.010","24.825","3378"
"2374","363828","20221006051000","2028","1","新竹縣","竹北市","121.005","24.830","2522"
"408","363835","20221006051000","599","0","新竹縣","新埔鎮","121.050","24.835","416"
"720","363837","20221006051000","549","2","新竹縣","新埔鎮","121.045","24.840","728"
"862","363852","20221006051000","704","2","新竹縣","新埔鎮","121.025","24.845","829"
"108","363855","20221006051000","276","0","新竹縣","新埔鎮","121.040","24.845","105"
"16","363864","20221006051000","15","1","桃園市","龍潭區","121.210","24.875","19"
"1498","363865","20221006051000","1306","1","桃園市","龍潭區","121.205","24.880","1514"
"356","363866","20221006051000","346","1","新竹縣","竹北市","120.980","24.840","366"
"803","363870","20221006051000","899","0","新竹縣","竹北市","120.975","24.850","784"
"364","363871","20221006051000","442","0","新竹縣","竹北市","120.980","24.850","413"
"72","363872","20221006051000","336","0","新竹縣","竹東鎮","121.055","24.775","106"
"839","363875","20221006051000","528","3","新竹縣","竹東鎮","121.055","24.780","839"
"169","363877","20221006051000","185","0","新竹縣","竹東鎮","121.055","24.785","185"
"66","363882","20221006051000","50","2","宜蘭縣","礁溪鄉","121.745","24.800","70"
"238","363884","20221006051000","208","1","宜蘭縣","礁溪鄉","121.755","24.800","238"
"1256","363890","20221006051000","804","3","宜蘭縣","礁溪鄉","121.740","24.780","1237"
"114","363899","20221006051000","106","1","宜蘭縣","礁溪鄉","121.740","24.790","144"
"579","363936","20221006051000","477","2","新竹市","香山區","120.950","24.775","661"
"468","363940","20221006051000","456","1","新竹市","香山區","120.950","24.780","787"
"266","363941","20221006051000","351","0","新竹市","香山區","120.935","24.795","277"
"592","363948","20221006051000","573","1","新竹市","香山區","120.925","24.800","632"
"2474","363957","20221006051000","1809","2","新竹縣","竹北市","120.995","24.835","2460"
"755","363960","20221006051000","926","0","新竹縣","竹北市","121.000","24.825","752"
"543","363961","20221006051000","538","1","新竹縣","竹北市","120.990","24.830","525"
"1243","363963","20221006051000","1040","1","新竹縣","竹北市","121.000","24.830","1274"
"1744","363964","20221006051000","1659","1","新竹縣","竹北市","121.000","24.835","1717"
"644","363965","20221006051000","693","0","新竹縣","竹北市","121.005","24.835","650"
"682","363968","20221006051000","675","1","新竹縣","竹北市","120.970","24.835","674"
"2985","363976","20221006051000","2664","1","桃園市","龍潭區","121.215","24.860","3017"
"998","363977","20221006051000","626","3","桃園市","龍潭區","121.210","24.865","993"
"344","363980","20221006051000","215","3","新竹縣","新埔鎮","121.110","24.815","334"
"617","363985","20221006051000","484","2","新竹縣","新埔鎮","121.090","24.825","613"
"261","363989","20221006051000","204","2","新竹縣","關西鎮","121.110","24.825","224"
"2542","363994","20221006051000","2281","1","新竹市","北區","120.970","24.820","2593"
"1954","363995","20221006051000","2438","0","新竹市","北區","120.955","24.810","1913"
"2960","363996","20221006051000","2668","1","新竹市","北區","120.960","24.810","3048"
"818","363997","20221006051000","803","1","宜蘭縣","頭城鎮","121.825","24.860","842"
"30","364010","20221006051000","27","1","桃園市","大溪區","121.295","24.835","32"
"44","364013","20221006051000","36","2","桃園市","大溪區","121.280","24.840","35"
"680","364024","20221006051000","569","1","桃園市","大溪區","121.285","24.850","674"
"20","364043","20221006051000","15","2","桃園市","大溪區","121.305","24.860","14"
"287","364050","20221006051000","251","1","桃園市","大溪區","121.295","24.865","293"
"61","364052","20221006051000","72","0","桃園市","大溪區","121.305","24.865","60"
"318","364061","20221006051000","259","2","桃園市","大溪區","121.300","24.870","324"
"210","364068","20221006051000","194","1","桃園市","大溪區","121.300","24.875","215"
"55","364070","20221006051000","38","2","桃園市","大溪區","121.310","24.875","48"
"192","364110","20221006051000","214","0","桃園市","大溪區","121.270","24.840","198"
"717","364119","20221006051000","443","3","新竹縣","新豐鄉","121.005","24.885","716"
"884","364123","20221006051000","708","2","新竹縣","新豐鄉","121.005","24.890","876"
"435","364126","20221006051000","413","1","新竹縣","湖口鄉","121.020","24.890","445"
"12","364127","20221006051000","66","0","新竹縣","新豐鄉","120.995","24.875","10"
"444","364129","20221006051000","462","0","新竹縣","新豐鄉","120.990","24.880","445"
"189","364130","20221006051000","262","0","新竹縣","新豐鄉","120.990","24.885","187"
"1319","364132","20221006051000","1344","0","新竹縣","新豐鄉","120.990","24.890","1303"
"280","364139","20221006051000","269","1","新竹縣","湖口鄉","121.025","24.890","300"
"704","364141","20221006051000","778","0","新竹縣","湖口鄉","121.035","24.890","682"
"650","364143","20221006051000","663","0","新竹縣","湖口鄉","121.020","24.860","624"
"148","364146","20221006051000","157","0","新竹縣","湖口鄉","121.015","24.865","138"
"282","364147","20221006051000","157","3","新竹縣","湖口鄉","121.020","24.865","285"
"1841","364148","20221006051000","1475","2","新竹縣","湖口鄉","121.025","24.865","1858"
"611","364149","20221006051000","588","1","新竹縣","湖口鄉","121.030","24.865","595"
"334","364163","20221006051000","494","0","新竹縣","湖口鄉","121.035","24.875","333"
"516","364164","20221006051000","729","0","新竹縣","湖口鄉","121.040","24.875","563"
"313","364168","20221006051000","419","0","新竹縣","湖口鄉","121.035","24.880","318"
"299","364171","20221006051000","362","0","新竹縣","湖口鄉","121.050","24.880","323"
"11","364180","20221006051000","11","1","新竹縣","湖口鄉","121.070","24.875","11"
"198","364189","20221006051000","178","1","新竹縣","湖口鄉","121.075","24.880","206"
"218","364194","20221006051000","211","1","新竹縣","湖口鄉","121.070","24.885","199"
"260","364195","20221006051000","209","2","新竹縣","湖口鄉","121.075","24.885","273"
"679","364201","20221006051000","684","0","新竹縣","湖口鄉","121.055","24.880","661"
"342","364202","20221006051000","221","3","新竹縣","湖口鄉","121.060","24.880","336"
"501","364205","20221006051000","609","0","新竹縣","湖口鄉","121.050","24.885","514"
"87","364211","20221006051000","89","0","新竹縣","湖口鄉","121.105","24.880","86"
"398","364216","20221006051000","438","0","新竹縣","湖口鄉","121.090","24.885","392"
"31","364222","20221006051000","37","0","新竹縣","湖口鄉","121.100","24.885","40"
"90","364228","20221006051000","98","0","新竹縣","湖口鄉","121.110","24.890","96"
"213","364231","20221006051000","165","2","新竹縣","湖口鄉","121.085","24.885","220"
"448","364236","20221006051000","362","2","新竹縣","湖口鄉","121.080","24.890","449"
"321","364238","20221006051000","353","0","新竹縣","湖口鄉","121.090","24.890","322"
"2298","364239","20221006051000","2571","0","新竹縣","湖口鄉","121.015","24.870","2415"
"608","364240","20221006051000","642","0","新竹縣","湖口鄉","121.015","24.875","590"
"1064","364242","20221006051000","836","2","新竹縣","湖口鄉","121.025","24.875","1060"
"574","364243","20221006051000","525","1","新竹縣","湖口鄉","121.010","24.880","544"
"3368","364244","20221006051000","2554","2","新竹市","北區","120.965","24.805","3311"
"22","364290","20221006051000","24","0","新北市","新店區","121.510","24.890","17"
"20","364291","20221006051000","16","2","新北市","新店區","121.515","24.890","17"
"466","364296","20221006051000","626","0","桃園市","大溪區","121.265","24.885","453"
"466","364314","20221006051000","289","3","桃園市","大溪區","121.280","24.870","470"
"19","364340","20221006051000","26","0","桃園市","大溪區","121.285","24.820","19"
"98","364352","20221006051000","81","2","桃園市","大溪區","121.310","24.825","87"
"33","364359","20221006051000","21","3","桃園市","大溪區","121.305","24.830","31"
"10","364384","20221006051000","69","0","桃園市","大溪區","121.335","24.845","10"
"637","364405","20221006051000","470","2","桃園市","大溪區","121.300","24.890","657"
"705","364409","20221006051000","655","1","新竹縣","湖口鄉","121.045","24.890","705"
"138","364419","20221006051000","148","0","新竹縣","湖口鄉","121.040","24.860","117"
"1261","364424","20221006051000","1249","1","新竹縣","湖口鄉","121.035","24.865","1309"
"242","364429","20221006051000","158","3","新竹縣","湖口鄉","121.020","24.870","266"
"1057","364430","20221006051000","1550","0","新竹縣","湖口鄉","121.025","24.870","1068"
"1456","364431","20221006051000","1301","1","新竹縣","湖口鄉","121.030","24.870","1418"
"1096","364432","20221006051000","1523","0","新竹縣","湖口鄉","121.035","24.870","1042"
"790","364436","20221006051000","506","3","新竹縣","湖口鄉","121.030","24.875","759"
"280","364453","20221006051000","259","1","新竹縣","新埔鎮","121.090","24.810","282"
"130","364470","20221006051000","79","3","新竹縣","新埔鎮","121.095","24.855","128"
"330","364480","20221006051000","494","0","新竹縣","新埔鎮","121.060","24.835","335"
"309","364482","20221006051000","232","2","新竹縣","新埔鎮","121.060","24.840","305"
"2059","364497","20221006051000","2031","1","新竹縣","新埔鎮","121.085","24.830","2115"
"60","364505","20221006051000","53","1","新竹縣","芎林鄉","121.085","24.790","72"
"87","364507","20221006051000","58","3","新竹縣","新埔鎮","121.085","24.795","89"
"75","364516","20221006051000","62","2","新竹縣","新埔鎮","121.080","24.810","73"
"181","364518","20221006051000","177","1","新竹縣","新埔鎮","121.080","24.815","176"
"593","364538","20221006051000","476","2","新竹縣","新埔鎮","121.120","24.840","580"
"564","364549","20221006051000","629","0","新竹縣","新埔鎮","121.060","24.820","553"
"10","364555","20221006051000","158","0","新竹縣","新埔鎮","121.060","24.825","10"
"784","364558","20221006051000","620","2","新竹縣","新埔鎮","121.040","24.830","798"
"3260","364561","20221006051000","2111","3","新竹縣","新埔鎮","121.030","24.835","3204"
"21","364571","20221006051000","55","0","新竹縣","新埔鎮","121.145","24.855","21"
"1328","364579","20221006051000","1120","1","新竹縣","新埔鎮","121.080","24.830","1423"
"297","364581","20221006051000","250","1","宜蘭縣","宜蘭市","121.760","24.770","262"
"400","364583","20221006051000","234","3","宜蘭縣","宜蘭市","121.770","24.770","363"
"123","364585","20221006051000","132","0","宜蘭縣","宜蘭市","121.765","24.770","110"
"209","364586","20221006051000","178","1","宜蘭縣","宜蘭市","121.760","24.775","206"
"407","364587","20221006051000","327","2","宜蘭縣","宜蘭市","121.760","24.780","407"
"29","364588","20221006051000","28","1","桃園市","平鎮區","121.185","24.890","33"
"272","364590","20221006051000","225","2","桃園市","大溪區","121.285","24.865","277"
"690","364594","20221006051000","475","2","桃園市","大溪區","121.285","24.875","648"
"1174","364597","20221006051000","1131","1","桃園市","大溪區","121.285","24.880","1146"
"861","364599","20221006051000","1123","0","桃園市","大溪區","121.295","24.880","851"
"1235","364601","20221006051000","1240","0","桃園市","大溪區","121.270","24.880","1260"
"14","364604","20221006051000","15","0","桃園市","楊梅區","121.175","24.885","11"
"267","364607","20221006051000","273","0","桃園市","楊梅區","121.180","24.890","267"
"473","364609","20221006051000","535","0","桃園市","龍潭區","121.235","24.875","456"
"549","364612","20221006051000","501","1","桃園市","龍潭區","121.220","24.870","528"
"1001","364613","20221006051000","786","2","桃園市","龍潭區","121.225","24.870","999"
"620","364614","20221006051000","486","2","桃園市","龍潭區","121.205","24.885","666"
"14","364615","20221006051000","87","0","桃園市","龍潭區","121.205","24.890","13"
"975","364616","20221006051000","1006","0","桃園市","龍潭區","121.210","24.885","946"
"381","364618","20221006051000","361","1","新竹縣","竹北市","120.990","24.835","365"
"408","364620","20221006051000","415","0","新竹縣","竹北市","120.990","24.840","392"
"638","364623","20221006051000","715","0","新竹縣","竹北市","120.990","24.845","655"
"780","364629","20221006051000","1200","0","新竹縣","竹北市","121.045","24.795","864"
"1474","364631","20221006051000","1320","1","新竹縣","竹北市","121.040","24.800","1514"
"786","364632","20221006051000","711","1","新竹縣","竹北市","121.045","24.800","791"
"528","364633","20221006051000","568","0","新竹縣","竹北市","121.050","24.800","547"
"1569","364634","20221006051000","1218","2","新竹縣","竹北市","121.040","24.805","1499"
"617","364635","20221006051000","503","2","新竹縣","竹北市","121.045","24.805","613"
"1865","364637","20221006051000","1249","2","新竹縣","竹北市","121.020","24.810","1904"
"1751","364639","20221006051000","2071","0","新竹縣","竹北市","121.020","24.815","2235"
"1809","364640","20221006051000","1999","0","新竹縣","竹北市","121.025","24.815","1777"
"515","364641","20221006051000","317","3","新竹縣","竹北市","121.020","24.820","491"
"2115","364642","20221006051000","2825","0","新竹縣","竹北市","121.025","24.820","2099"
"1207","364648","20221006051000","1074","1","新竹市","北區","120.925","24.840","1200"
"737","364657","20221006051000","783","0","桃園市","龍潭區","121.210","24.890","764"
"51","364662","20221006051000","33","3","桃園市","復興區","121.325","24.775","56"
"13","364692","20221006051000","11","1","桃園市","復興區","121.335","24.790","12"
"104","364720","20221006051000","97","1","桃園市","復興區","121.345","24.805","96"
"170","364731","20221006051000","134","2","桃園市","復興區","121.350","24.815","172"
"83","364735","20221006051000","80","1","桃園市","復興區","121.350","24.820","83"
"89","364741","20221006051000","72","2","桃園市","復興區","121.370","24.825","90"
"109","364767","20221006051000","126","0","桃園市","復興區","121.375","24.800","107"
"31","364824","20221006051000","31","1","桃園市","復興區","121.375","24.785","28"
"19","364825","20221006051000","18","1","桃園市","復興區","121.380","24.785","22"
"37","364828","20221006051000","32","1","桃園市","復興區","121.395","24.785","40"
"93","364934","20221006051000","76","2","桃園市","復興區","121.305","24.800","85"
"30","364969","20221006051000","34","0","桃園市","復興區","121.400","24.805","70"
"52","365017","20221006051000","34","3","桃園市","復興區","121.390","24.825","39"
"66","365042","20221006051000","43","3","桃園市","復興區","121.385","24.835","94"
"182","365054","20221006051000","206","0","桃園市","楊梅區","121.155","24.880","194"
"92","365058","20221006051000","79","1","桃園市","楊梅區","121.155","24.885","90"
"330","365063","20221006051000","348","0","桃園市","楊梅區","121.150","24.885","332"
"187","365065","20221006051000","166","1","桃園市","楊梅區","121.160","24.885","291"
"34","365067","20221006051000","160","0","桃園市","楊梅區","121.150","24.890","24"
"907","365068","20221006051000","914","0","桃園市","楊梅區","121.155","24.890","934"
"1054","365070","20221006051000","767","2","桃園市","楊梅區","121.170","24.885","1071"
"2588","365073","20221006051000","2889","0","新竹市","北區","120.955","24.795","2842"
"136","365074","20221006051000","138","0","新竹市","香山區","120.955","24.780","126"
"1913","365075","20221006051000","1619","1","新竹市","香山區","120.945","24.790","1895"
"612","365076","20221006051000","574","1","新竹市","香山區","120.950","24.790","650"
"1014","365079","20221006051000","1018","0","新竹市","香山區","120.925","24.790","1013"
"2367","365080","20221006051000","2751","0","新竹市","香山區","120.925","24.795","2384"
"1101","365083","20221006051000","1035","1","新竹市","香山區","120.940","24.775","1128"
"548","365086","20221006051000","404","2","新竹市","香山區","120.940","24.780","711"
"330","365089","20221006051000","229","2","新竹市","香山區","120.935","24.785","339"
"2025","365090","20221006051000","1266","3","新竹縣","竹北市","121.015","24.840","2061"
"4115","365091","20221006051000","3840","1","新竹縣","竹北市","121.010","24.840","4115"
"1064","365092","20221006051000","979","1","桃園市","龍潭區","121.210","24.880","1051"
"525","365093","20221006051000","368","2","桃園市","龍潭區","121.215","24.880","506"
"725","365094","20221006051000","684","1","桃園市","龍潭區","121.215","24.885","718"
"372","365099","20221006051000","432","0","桃園市","龍潭區","121.200","24.875","401"
"588","365102","20221006051000","580","1","桃園市","龍潭區","121.195","24.885","567"
"278","365105","20221006051000","199","2","桃園市","龍潭區","121.200","24.885","254"
"848","365121","20221006051000","748","1","桃園市","龍潭區","121.180","24.835","847"
"346","365122","20221006051000","452","0","桃園市","龍潭區","121.185","24.835","308"
"430","365124","20221006051000","517","0","桃園市","龍潭區","121.195","24.835","444"
"620","365133","20221006051000","728","0","桃園市","龍潭區","121.200","24.850","615"
"502","365138","20221006051000","408","2","桃園市","龍潭區","121.210","24.810","517"
"68","365145","20221006051000","79","0","桃園市","龍潭區","121.205","24.820","66"
"142","365150","20221006051000","140","1","桃園市","龍潭區","121.205","24.825","132"
"57","365153","20221006051000","51","1","桃園市","龍潭區","121.220","24.825","52"
"688","365158","20221006051000","527","2","桃園市","龍潭區","121.205","24.835","695"
"819","365161","20221006051000","719","1","桃園市","龍潭區","121.205","24.840","819"
"390","365169","20221006051000","357","1","桃園市","龍潭區","121.230","24.885","386"
"1257","365173","20221006051000","1257","1","新竹市","北區","120.965","24.815","1254"
"929","365174","20221006051000","928","1","新竹市","北區","120.960","24.820","920"
"1604","365175","20221006051000","1554","1","新竹市","北區","120.960","24.800","1537"
"2198","365176","20221006051000","2093","1","新竹市","東區","120.980","24.795","2209"
"1144","365177","20221006051000","1505","0","新竹市","東區","120.985","24.795","1125"
"2359","365183","20221006051000","1595","2","新竹市","北區","120.975","24.820","2357"
"1431","365184","20221006051000","1496","0","新竹市","北區","120.975","24.825","1426"
"728","365185","20221006051000","482","3","新竹市","北區","120.980","24.825","725"
"1525","365210","20221006051000","1497","1","新竹市","東區","121.000","24.800","1504"
"1276","365211","20221006051000","1892","0","新竹市","東區","121.000","24.795","1298"
"1190","365212","20221006051000","923","2","新竹市","東區","121.025","24.780","1206"
"326","365213","20221006051000","330","0","桃園市","龍潭區","121.245","24.880","290"
"404","365219","20221006051000","408","0","桃園市","平鎮區","121.240","24.890","375"
"1463","365221","20221006051000","1276","1","新竹市","北區","120.930","24.835","1473"
"911","365222","20221006051000","863","1","新竹市","北區","120.935","24.835","952"
"4033","365223","20221006051000","3556","1","新竹市","北區","120.970","24.825","4013"
"3986","365224","20221006051000","3974","1","新竹市","東區","120.975","24.815","4005"
"3004","365225","20221006051000","2985","1","新竹市","東區","120.980","24.815","2977"
"1828","365226","20221006051000","1063","3","新竹市","北區","120.965","24.825","1818"
"683","365227","20221006051000","498","2","新竹市","北區","120.965","24.830","675"
"114","365229","20221006051000","99","1","桃園市","楊梅區","121.140","24.885","103"
"105","365231","20221006051000","99","1","桃園市","楊梅區","121.135","24.885","112"
"252","365234","20221006051000","98","3","桃園市","楊梅區","121.135","24.890","298"
"367","365235","20221006051000","325","1","桃園市","楊梅區","121.140","24.890","358"
"575","365236","20221006051000","649","0","桃園市","楊梅區","121.145","24.890","578"
"999","365237","20221006051000","1122","0","新竹市","北區","120.950","24.805","1003"
"1533","365238","20221006051000","1332","1","新竹市","北區","120.940","24.840","1525"
"1007","365240","20221006051000","915","1","新竹市","北區","120.930","24.840","989"
"797","365241","20221006051000","779","1","新竹市","北區","120.935","24.840","781"
"151","365243","20221006051000","151","1","新竹市","北區","120.925","24.845","143"
"936","365244","20221006051000","865","1","新竹市","北區","120.930","24.845","946"
"1517","365253","20221006051000","1502","1","新竹市","東區","120.965","24.800","1499"
"6373","365254","20221006051000","5612","1","新竹市","東區","121.005","24.795","6423"
"3452","365255","20221006051000","3316","1","新竹市","東區","121.010","24.795","3459"
"998","365258","20221006051000","1078","0","新竹市","東區","121.015","24.795","989"
"1167","365259","20221006051000","720","3","新竹市","東區","120.970","24.790","1100"
"1163","365261","20221006051000","796","2","新竹市","北區","120.955","24.815","1169"
"5619","365262","20221006051000","5152","1","新竹市","北區","120.960","24.815","5756"
"748","365264","20221006051000","880","0","新竹市","北區","120.955","24.825","715"
"2855","365265","20221006051000","2780","1","新竹市","東區","121.010","24.790","2892"
"567","365266","20221006051000","984","0","新竹市","東區","120.970","24.795","560"
"1110","365267","20221006051000","1010","1","新竹市","東區","120.980","24.790","1083"
"2007","365268","20221006051000","1791","1","新竹市","東區","120.970","24.805","2029"
"708","365269","20221006051000","671","1","新竹市","北區","120.945","24.805","713"
"782","365270","20221006051000","793","0","新竹市","香山區","120.950","24.800","779"
"2172","365271","20221006051000","2134","1","新竹市","北區","120.955","24.800","2177"
"72","365292","20221006051000","76","0","桃園市","復興區","121.340","24.820","59"
"192","365304","20221006051000","182","1","桃園市","大溪區","121.330","24.835","210"
"103","365315","20221006051000","95","1","桃園市","復興區","121.350","24.835","104"
"1651","365322","20221006051000","1588","1","新竹市","東區","120.970","24.815","1653"
"3255","365323","20221006051000","2792","1","新竹市","北區","120.965","24.810","3314"
"2571","365324","20221006051000","2085","2","新竹市","東區","120.990","24.800","2584"
"63","365325","20221006051000","71","0","新竹市","東區","120.990","24.805","58"
"62","365326","20221006051000","66","0","新竹市","東區","120.995","24.805","64"
"825","365327","20221006051000","858","0","新竹市","東區","120.995","24.785","835"
"670","365328","20221006051000","833","0","新竹市","東區","121.000","24.780","663"
"151","365330","20221006051000","205","0","新竹市","東區","120.990","24.785","136"
"2215","365331","20221006051000","2251","0","新竹市","東區","121.000","24.790","2164"
"1284","365332","20221006051000","1078","1","新竹市","東區","121.000","24.785","1269"
"367","365334","20221006051000","502","0","新竹市","東區","120.990","24.795","325"
"1864","365335","20221006051000","1939","0","新竹市","東區","120.990","24.790","1872"
"1701","365336","20221006051000","1681","1","新竹市","東區","120.995","24.795","1679"
"1553","365337","20221006051000","1453","1","新竹市","東區","120.995","24.790","1657"
"821","365338","20221006051000","836","0","新竹市","北區","120.960","24.790","830"
"1412","365339","20221006051000","1302","1","新竹市","東區","120.980","24.800","1396"
"305","365340","20221006051000","336","0","新竹市","東區","120.990","24.810","330"
"1675","365341","20221006051000","1460","1","新竹市","東區","120.985","24.815","1688"
"704","365346","20221006051000","672","1","新竹市","東區","120.995","24.820","728"
"17","365352","20221006051000","117","0","新竹市","東區","121.015","24.805","13"
"232","365356","20221006051000","262","0","桃園市","楊梅區","121.130","24.885","226"
"150","365363","20221006051000","155","0","桃園市","楊梅區","121.125","24.890","144"
"191","365364","20221006051000","213","0","桃園市","楊梅區","121.130","24.890","180"
"32","367498","20221006051000","40","0","宜蘭縣","頭城鎮","121.880","24.910","43"
"42","369694","20221006051000","57","0","宜蘭縣","頭城鎮","121.895","24.940","38"
"19","369695","20221006051000","153","0","宜蘭縣","頭城鎮","121.900","24.940","19"
"472","373866","20221006051000","685","0","新北市","板橋區","121.435","24.985","488"
"2047","373867","20221006051000","3302","0","新北市","中和區","121.515","24.990","2076"
"29","373876","20221006051000","31","0","宜蘭縣","頭城鎮","121.850","24.895","35"
"229","373895","20221006051000","220","1","宜蘭縣","頭城鎮","121.890","24.940","209"
"81","373934","20221006051000","102","0","宜蘭縣","頭城鎮","121.900","24.945","72"
"28","373935","20221006051000","14","3","宜蘭縣","頭城鎮","121.900","24.950","17"
"25","373940","20221006051000","20","2","宜蘭縣","頭城鎮","121.915","24.950","32"
"139","373951","20221006051000","123","1","宜蘭縣","頭城鎮","121.920","24.960","129"
"102","373977","20221006051000","149","0","新北市","雙溪區","121.795","24.900","180"
"186","373991","20221006051000","221","0","宜蘭縣","頭城鎮","121.865","24.905","213"
"55","373993","20221006051000","74","0","宜蘭縣","頭城鎮","121.850","24.905","60"
"2377","374034","20221006051000","3099","0","新北市","中和區","121.525","24.990","2390"
"3010","374036","20221006051000","6045","0","新北市","土城區","121.465","24.985","2969"
"3199","374037","20221006051000","3250","0","新北市","土城區","121.470","24.990","3196"
"905","374042","20221006051000","1002","0","新北市","土城區","121.470","24.975","915"
"1073","374045","20221006051000","1974","0","新北市","新店區","121.545","24.980","1050"
"781","374046","20221006051000","914","0","新北市","中和區","121.480","24.965","813"
"18","374051","20221006051000","22","0","新北市","中和區","121.490","24.970","24"
"19","374054","20221006051000","16","1","新北市","中和區","121.495","24.975","19"
"382","374055","20221006051000","361","1","新北市","中和區","121.495","24.980","410"
"1432","374056","20221006051000","1822","0","新北市","中和區","121.505","24.985","1389"
"523","374067","20221006051000","474","1","新北市","三峽區","121.380","24.925","432"
"1910","374070","20221006051000","1828","1","新北市","三峽區","121.370","24.930","1892"
"373","374083","20221006051000","230","3","新北市","三峽區","121.405","24.905","347"
"57","374086","20221006051000","38","3","新北市","三峽區","121.380","24.910","61"
"54","374103","20221006051000","55","0","新北市","三峽區","121.350","24.900","58"
"118","374104","20221006051000","93","2","新北市","三峽區","121.355","24.900","122"
"68","374106","20221006051000","88","0","新北市","三峽區","121.365","24.900","69"
"352","374107","20221006051000","284","2","新北市","三峽區","121.360","24.905","356"
"113","374108","20221006051000","135","0","新北市","三峽區","121.365","24.905","100"
"674","374109","20221006051000","746","0","新北市","三峽區","121.365","24.910","703"
"167","374111","20221006051000","165","1","新北市","三峽區","121.365","24.920","162"
"61","374139","20221006051000","51","1","新北市","三峽區","121.465","24.915","53"
"61","374147","20221006051000","50","2","新北市","三峽區","121.455","24.920","67"
"12","374151","20221006051000","13","0","新北市","三峽區","121.475","24.920","17"
"119","374167","20221006051000","96","2","新北市","三峽區","121.445","24.925","124"
"154","374179","20221006051000","120","2","新北市","三峽區","121.455","24.930","157"
"37","374183","20221006051000","44","0","新北市","三峽區","121.445","24.935","37"
"2437","374196","20221006051000","2598","0","新北市","新店區","121.550","24.970","2460"
"380","374198","20221006051000","599","0","新北市","新店區","121.550","24.975","390"
"743","374199","20221006051000","934","0","新北市","土城區","121.455","24.990","769"
"1303","374200","20221006051000","949","2","新北市","土城區","121.440","24.980","1327"
"341","374201","20221006051000","429","0","新北市","土城區","121.445","24.980","322"
"3173","374203","20221006051000","3057","1","新北市","中和區","121.495","24.990","3146"
"2179","374204","20221006051000","2163","1","新北市","中和區","121.510","24.985","2124"
"4236","374205","20221006051000","4939","0","新北市","新店區","121.545","24.975","4111"
"1236","374206","20221006051000","1321","0","新北市","新店區","121.550","24.980","1193"
"2037","374207","20221006051000","2806","0","新北市","中和區","121.505","24.980","2013"
"37","374212","20221006051000","26","2","新北市","中和區","121.485","24.980","32"
"198","374215","20221006051000","239","0","新北市","中和區","121.485","24.990","197"
"67","374216","20221006051000","54","2","新北市","中和區","121.500","24.970","78"
"123","374217","20221006051000","111","1","新北市","中和區","121.500","24.975","107"
"1056","374219","20221006051000","479","3","新北市","新店區","121.510","24.975","1032"
"30","374220","20221006051000","28","1","新北市","中和區","121.500","24.980","29"
"4173","374221","20221006051000","4249","0","新北市","樹林區","121.375","24.945","4063"
"1120","374222","20221006051000","962","1","新北市","三峽區","121.370","24.925","1144"
"1005","374223","20221006051000","1815","0","新北市","三峽區","121.365","24.930","1011"
"167","374240","20221006051000","108","3","新北市","三峽區","121.345","24.915","163"
"14","374252","20221006051000","174","0","新北市","三峽區","121.360","24.925","16"
"144","374255","20221006051000","113","2","新北市","三峽區","121.420","24.925","140"
"853","374266","20221006051000","560","3","新北市","中和區","121.500","24.985","889"
"264","374267","20221006051000","1777","0","新北市","中和區","121.500","24.990","274"
"5283","374268","20221006051000","5955","0","新北市","中和區","121.510","24.990","5287"
"2371","374272","20221006051000","2521","0","新北市","三峽區","121.370","24.935","2471"
"353","374277","20221006051000","361","0","新北市","三峽區","121.370","24.900","335"
"191","374283","20221006051000","182","1","新北市","三峽區","121.395","24.935","195"
"242","374286","20221006051000","244","0","新北市","三峽區","121.400","24.940","244"
"101","374288","20221006051000","107","0","新北市","三峽區","121.405","24.945","111"
"512","374295","20221006051000","385","2","新北市","三峽區","121.390","24.930","499"
"453","374297","20221006051000","374","2","新北市","三峽區","121.400","24.930","456"
"216","374300","20221006051000","155","2","新北市","三峽區","121.415","24.925","225"
"521","374302","20221006051000","418","2","新北市","三峽區","121.410","24.930","454"
"19","374321","20221006051000","20","0","新北市","三峽區","121.420","24.900","19"
"89","374335","20221006051000","54","3","新北市","三峽區","121.435","24.905","86"
"109","374343","20221006051000","84","2","新北市","三峽區","121.420","24.910","105"
"180","374363","20221006051000","101","3","新北市","三峽區","121.425","24.920","174"
"163","374371","20221006051000","138","1","新北市","三峽區","121.425","24.925","165"
"24","374390","20221006051000","136","0","新北市","三峽區","121.360","24.935","29"
"2650","374391","20221006051000","2458","1","新北市","三峽區","121.365","24.935","2621"
"887","374393","20221006051000","1111","0","新北市","三峽區","121.375","24.935","866"
"707","374394","20221006051000","515","2","新北市","三峽區","121.380","24.935","685"
"1703","374396","20221006051000","1397","2","新北市","三峽區","121.380","24.940","1689"
"1852","374402","20221006051000","1644","1","新北市","三峽區","121.370","24.940","1833"
"1447","374403","20221006051000","2389","0","新北市","三峽區","121.375","24.940","1432"
"221","374405","20221006051000","215","1","新北市","三峽區","121.370","24.945","192"
"774","374408","20221006051000","611","2","新北市","三峽區","121.365","24.925","785"
"44","374410","20221006051000","38","1","新北市","三峽區","121.370","24.920","37"
"746","374412","20221006051000","733","1","新北市","三峽區","121.375","24.925","741"
"19","374414","20221006051000","17","1","新北市","三峽區","121.340","24.900","15"
"502","374418","20221006051000","502","1","新北市","三峽區","121.355","24.910","512"
"1732","374420","20221006051000","1865","0","新北市","三峽區","121.375","24.930","1742"
"340","374421","20221006051000","532","0","新北市","三峽區","121.385","24.930","495"
"2456","374422","20221006051000","4116","0","新北市","中和區","121.505","24.990","2439"
"557","374423","20221006051000","2092","0","新北市","土城區","121.455","24.985","557"
"1867","374424","20221006051000","1416","2","新北市","土城區","121.470","24.985","1888"
"191","374427","20221006051000","28","3","宜蘭縣","頭城鎮","121.870","24.910","182"
"23","374433","20221006051000","20","1","宜蘭縣","頭城鎮","121.880","24.920","21"
"30","374451","20221006051000","29","1","宜蘭縣","頭城鎮","121.885","24.935","31"
"2915","374458","20221006051000","4180","0","新北市","中和區","121.520","24.990","2901"
"3605","374459","20221006051000","3359","1","新北市","樹林區","121.415","24.980","3619"
"1088","374462","20221006051000","927","1","新北市","樹林區","121.385","24.955","1036"
"19","374466","20221006051000","12","3","新北市","樹林區","121.380","24.970","19"
"59","374467","20221006051000","133","0","新北市","樹林區","121.385","24.970","53"
"69","374493","20221006051000","893","0","新北市","新店區","121.535","24.990","64"
"421","374494","20221006051000","245","3","新北市","新店區","121.530","24.955","401"
"190","374495","20221006051000","143","2","新北市","新店區","121.535","24.955","192"
"917","374496","20221006051000","844","1","新北市","新店區","121.535","24.960","905"
"136","374498","20221006051000","375","0","新北市","新店區","121.520","24.970","142"
"1402","374500","20221006051000","1832","0","新北市","新店區","121.515","24.975","1398"
"1652","374512","20221006051000","2166","0","新北市","樹林區","121.420","24.990","1747"
"4227","374513","20221006051000","3541","1","新北市","中和區","121.510","24.980","4177"
"1603","374514","20221006051000","1559","1","新北市","土城區","121.460","24.975","1605"
"490","374515","20221006051000","651","0","新北市","新店區","121.520","24.980","502"
"926","374516","20221006051000","1629","0","新北市","新店區","121.520","24.985","913"
"136","374517","20221006051000","117","1","桃園市","大溪區","121.310","24.895","123"
"13","374520","20221006051000","13","1","桃園市","大溪區","121.330","24.895","18"
"25","374524","20221006051000","27","0","桃園市","大溪區","121.320","24.905","24"
"14","374544","20221006051000","54","0","桃園市","大溪區","121.305","24.925","18"
"896","374548","20221006051000","741","2","桃園市","中壢區","121.240","24.940","916"
"119","374549","20221006051000","87","2","桃園市","中壢區","121.245","24.940","121"
"187","374550","20221006051000","193","0","桃園市","中壢區","121.235","24.945","184"
"723","374551","20221006051000","690","1","桃園市","中壢區","121.240","24.945","740"
"546","374552","20221006051000","464","1","桃園市","中壢區","121.240","24.980","407"
"796","374554","20221006051000","661","2","桃園市","中壢區","121.240","24.930","773"
"172","374555","20221006051000","365","0","桃園市","中壢區","121.245","24.930","165"
"823","374556","20221006051000","929","0","桃園市","中壢區","121.235","24.930","802"
"2187","374558","20221006051000","2067","1","桃園市","中壢區","121.250","24.930","2153"
"371","374560","20221006051000","378","0","桃園市","平鎮區","121.205","24.930","361"
"1103","374561","20221006051000","1084","1","桃園市","平鎮區","121.200","24.935","1141"
"87","374562","20221006051000","103","0","桃園市","平鎮區","121.205","24.935","75"
"883","374563","20221006051000","1187","0","桃園市","平鎮區","121.205","24.940","821"
"1581","374564","20221006051000","2191","0","桃園市","平鎮區","121.210","24.955","1612"
"1660","374565","20221006051000","1703","0","桃園市","平鎮區","121.205","24.955","1681"
"517","374566","20221006051000","677","0","桃園市","平鎮區","121.240","24.910","521"
"93","374575","20221006051000","59","3","桃園市","平鎮區","121.195","24.945","87"
"1979","374577","20221006051000","2440","0","桃園市","平鎮區","121.200","24.950","1998"
"1562","374578","20221006051000","1412","1","桃園市","平鎮區","121.200","24.955","1572"
"1075","374579","20221006051000","1284","0","桃園市","平鎮區","121.215","24.950","1087"
"357","374580","20221006051000","234","3","新北市","樹林區","121.365","24.950","305"
"662","374587","20221006051000","705","0","新竹縣","新豐鄉","120.980","24.910","659"
"77","374593","20221006051000","38","3","新竹縣","新豐鄉","120.985","24.915","68"
"441","374594","20221006051000","339","2","新竹縣","新豐鄉","120.970","24.920","483"
"1963","374598","20221006051000","2062","0","桃園市","中壢區","121.245","24.970","1985"
"723","374599","20221006051000","769","0","桃園市","中壢區","121.240","24.975","737"
"1673","374600","20221006051000","1161","2","桃園市","中壢區","121.250","24.980","1675"
"793","374601","20221006051000","795","0","桃園市","中壢區","121.250","24.975","776"
"1684","374602","20221006051000","1660","1","桃園市","中壢區","121.260","24.975","1711"
"462","374603","20221006051000","716","0","桃園市","中壢區","121.210","24.960","470"
"971","374604","20221006051000","972","0","新北市","中和區","121.490","24.990","926"
"146","374605","20221006051000","251","0","新北市","土城區","121.445","24.990","248"
"246","374606","20221006051000","277","0","新北市","新店區","121.545","24.960","252"
"1804","374607","20221006051000","2066","0","新北市","新店區","121.535","24.965","1756"
"3243","374608","20221006051000","2883","1","新北市","新店區","121.535","24.970","3220"
"1710","374609","20221006051000","1385","2","新北市","鶯歌區","121.350","24.955","1712"
"1757","374610","20221006051000","1705","1","新北市","鶯歌區","121.345","24.950","1597"
"351","374612","20221006051000","225","3","桃園市","龜山區","121.335","24.980","348"
"2505","374613","20221006051000","2181","1","新北市","鶯歌區","121.335","24.975","2505"
"1376","374614","20221006051000","1593","0","新北市","鶯歌區","121.340","24.940","1395"
"32","374617","20221006051000","164","0","新北市","鶯歌區","121.335","24.945","34"
"517","374618","20221006051000","528","0","新北市","鶯歌區","121.340","24.945","564"
"186","374620","20221006051000","166","1","新北市","鶯歌區","121.330","24.950","311"
"3095","374622","20221006051000","2595","1","新北市","鶯歌區","121.345","24.955","3067"
"73","374623","20221006051000","79","0","新北市","鶯歌區","121.365","24.955","76"
"302","374626","20221006051000","164","3","新北市","鶯歌區","121.370","24.960","239"
"307","374630","20221006051000","255","2","新北市","鶯歌區","121.375","24.965","274"
"211","374631","20221006051000","232","0","新北市","樹林區","121.380","24.965","193"
"59","374641","20221006051000","65","0","新北市","鶯歌區","121.355","24.975","60"
"2581","374648","20221006051000","2128","2","桃園市","中壢區","121.250","24.935","2626"
"1591","374654","20221006051000","1835","0","桃園市","中壢區","121.225","24.965","1603"
"91","374656","20221006051000","63","2","桃園市","大溪區","121.250","24.895","108"
"251","374659","20221006051000","324","0","桃園市","大溪區","121.265","24.895","260"
"270","374662","20221006051000","484","0","桃園市","大溪區","121.265","24.900","274"
"814","374664","20221006051000","966","0","桃園市","大溪區","121.260","24.905","860"
"3481","374674","20221006051000","3663","0","新北市","新店區","121.535","24.985","3517"
"67","374675","20221006051000","118","0","新北市","新店區","121.540","24.985","73"
"60","374676","20221006051000","1406","0","新北市","新店區","121.505","24.945","66"
"696","374679","20221006051000","668","1","新北市","新店區","121.500","24.955","727"
"385","374680","20221006051000","398","0","新北市","新店區","121.505","24.955","425"
"46","374683","20221006051000","32","2","新北市","新店區","121.500","24.960","40"
"3106","374685","20221006051000","3894","0","新北市","新店區","121.510","24.960","3084"
"374","374692","20221006051000","592","0","新北市","中和區","121.490","24.980","379"
"1206","374694","20221006051000","1234","0","新北市","中和區","121.490","24.985","1161"
"405","374695","20221006051000","363","1","新北市","中和區","121.495","24.985","413"
"22","374714","20221006051000","24","0","新北市","坪林區","121.735","24.950","22"
"125","374733","20221006051000","123","1","新北市","坪林區","121.700","24.960","126"
"88","374748","20221006051000","87","1","新北市","坪林區","121.725","24.960","104"
"37","374749","20221006051000","33","1","新北市","坪林區","121.705","24.965","33"
"177","374755","20221006051000","153","1","新北市","坪林區","121.705","24.935","159"
"26","374759","20221006051000","51","0","新北市","坪林區","121.710","24.940","22"
"121","374760","20221006051000","121","1","新北市","坪林區","121.720","24.940","104"
"10","374772","20221006051000","16","0","新北市","坪林區","121.710","24.890","17"
"35","374784","20221006051000","25","2","新北市","坪林區","121.700","24.905","41"
"24","374792","20221006051000","22","1","新北市","坪林區","121.700","24.915","26"
"29","374801","20221006051000","28","1","新北市","坪林區","121.700","24.920","23"
"175","374804","20221006051000","137","2","新北市","坪林區","121.695","24.925","176"
"164","374823","20221006051000","175","0","新北市","坪林區","121.715","24.925","160"
"21","374907","20221006051000","17","2","新北市","坪林區","121.785","24.955","23"
"25","374921","20221006051000","36","0","新北市","坪林區","121.730","24.965","25"
"12","374929","20221006051000","16","0","新北市","坪林區","121.770","24.965","19"
"11","374980","20221006051000","13","0","新北市","坪林區","121.730","24.895","16"
"11","375116","20221006051000","38","0","新北市","坪林區","121.680","24.915","11"
"65","375126","20221006051000","70","0","新北市","坪林區","121.680","24.930","75"
"60","375135","20221006051000","54","1","新北市","石碇區","121.665","24.940","62"
"874","375152","20221006051000","1152","0","新北市","新店區","121.535","24.980","892"
"435","375153","20221006051000","586","0","新北市","新店區","121.495","24.945","477"
"820","375154","20221006051000","604","2","新北市","新店區","121.495","24.950","822"
"2026","375155","20221006051000","4227","0","新北市","新店區","121.545","24.970","2078"
"448","375159","20221006051000","351","2","新北市","新店區","121.535","24.940","415"
"422","375160","20221006051000","244","3","新北市","新店區","121.540","24.940","437"
"2581","375167","20221006051000","2195","1","桃園市","八德區","121.295","24.960","2568"
"402","375168","20221006051000","396","1","桃園市","中壢區","121.205","24.965","430"
"23","375176","20221006051000","60","0","桃園市","中壢區","121.210","24.975","26"
"2075","375180","20221006051000","2391","0","桃園市","中壢區","121.255","24.975","2093"
"1280","375181","20221006051000","1311","0","桃園市","平鎮區","121.220","24.950","1271"
"1624","375182","20221006051000","1297","2","桃園市","中壢區","121.225","24.945","1613"
"3240","375183","20221006051000","3041","1","桃園市","中壢區","121.230","24.955","3284"
"408","375185","20221006051000","434","0","桃園市","中壢區","121.220","24.985","413"
"2506","375190","20221006051000","2338","1","桃園市","八德區","121.300","24.960","2597"
"1736","375191","20221006051000","1667","1","新竹縣","湖口鄉","121.050","24.905","1699"
"714","375194","20221006051000","746","0","新竹縣","湖口鄉","121.055","24.910","722"
"472","375195","20221006051000","465","1","新竹縣","湖口鄉","121.050","24.915","452"
"1380","375199","20221006051000","1185","1","桃園市","楊梅區","121.060","24.920","1387"
"211","375200","20221006051000","240","0","新竹縣","湖口鄉","121.055","24.925","210"
"1580","375202","20221006051000","1950","0","桃園市","八德區","121.295","24.965","1562"
"1408","375203","20221006051000","1428","0","桃園市","中壢區","121.225","24.955","1397"
"1552","375204","20221006051000","1623","0","桃園市","中壢區","121.225","24.960","1537"
"1505","375206","20221006051000","2067","0","桃園市","中壢區","121.260","24.965","1505"
"1150","375207","20221006051000","1003","1","桃園市","八德區","121.300","24.970","1166"
"3160","375208","20221006051000","2775","1","桃園市","桃園區","121.305","24.975","3123"
"1056","375209","20221006051000","935","1","桃園市","八德區","121.300","24.975","1036"
"10","375211","20221006051000","13","0","桃園市","八德區","121.315","24.940","13"
"515","375215","20221006051000","445","1","桃園市","八德區","121.300","24.925","521"
"2038","375216","20221006051000","1178","3","新北市","土城區","121.450","24.990","1453"
"1411","375217","20221006051000","1774","0","新北市","土城區","121.440","24.975","1374"
"2065","375218","20221006051000","1812","1","新北市","土城區","121.465","24.975","1987"
"1597","375220","20221006051000","1601","0","新北市","新店區","121.540","24.970","1631"
"196","375229","20221006051000","231","0","新北市","新店區","121.475","24.940","194"
"37","375230","20221006051000","644","0","新北市","新店區","121.480","24.940","41"
"270","375239","20221006051000","341","0","新北市","新店區","121.485","24.950","273"
"1234","375244","20221006051000","1400","0","新北市","新店區","121.510","24.970","1203"
"1211","375246","20221006051000","1494","0","新北市","新店區","121.515","24.970","1242"
"1241","375247","20221006051000","1828","0","桃園市","中壢區","121.210","24.965","1234"
"1424","375250","20221006051000","1092","2","桃園市","中壢區","121.235","24.970","1354"
"498","375252","20221006051000","455","1","桃園市","中壢區","121.235","24.975","485"
"202","375253","20221006051000","515","0","桃園市","中壢區","121.235","24.980","183"
"43","375255","20221006051000","156","0","桃園市","中壢區","121.235","24.985","43"
"1269","375256","20221006051000","1222","1","桃園市","中壢區","121.230","24.990","1267"
"2283","375258","20221006051000","1889","2","桃園市","八德區","121.295","24.945","2264"
"406","375259","20221006051000","401","1","桃園市","八德區","121.295","24.950","396"
"1026","375260","20221006051000","710","2","桃園市","八德區","121.275","24.965","1034"
"513","375261","20221006051000","493","1","桃園市","八德區","121.280","24.970","497"
"1000","375264","20221006051000","1093","0","桃園市","中壢區","121.195","24.960","1021"
"63","375265","20221006051000","182","0","桃園市","中壢區","121.200","24.960","56"
"3292","375266","20221006051000","3175","1","桃園市","平鎮區","121.190","24.965","3306"
"878","375269","20221006051000","941","0","桃園市","平鎮區","121.190","24.970","898"
"3040","375271","20221006051000","2283","2","桃園市","中壢區","121.205","24.960","3084"
"2370","375272","20221006051000","2254","1","桃園市","中壢區","121.260","24.950","2413"
"2587","375273","20221006051000","1903","2","桃園市","中壢區","121.260","24.955","2580"
"614","375274","20221006051000","646","0","桃園市","八德區","121.290","24.960","613"
"1066","375275","20221006051000","909","1","桃園市","八德區","121.265","24.970","1061"
"178","375276","20221006051000","230","0","桃園市","八德區","121.275","24.970","182"
"477","375278","20221006051000","482","0","桃園市","八德區","121.270","24.970","482"
"1182","375279","20221006051000","939","2","桃園市","八德區","121.275","24.975","1191"
"1163","375281","20221006051000","1022","1","桃園市","八德區","121.295","24.925","1172"
"374","375296","20221006051000","316","1","新竹縣","新豐鄉","121.005","24.925","371"
"276","375299","20221006051000","385","0","新竹縣","新豐鄉","121.020","24.925","282"
"147","375303","20221006051000","153","0","新竹縣","新豐鄉","120.965","24.895","136"
"227","375308","20221006051000","151","3","新竹縣","新豐鄉","120.970","24.900","219"
"1083","375316","20221006051000","1315","0","新北市","土城區","121.420","24.960","1094"
"597","375317","20221006051000","704","0","新北市","土城區","121.410","24.955","578"
"1140","375318","20221006051000","1105","1","新北市","土城區","121.415","24.955","1170"
"241","375319","20221006051000","229","1","新北市","新店區","121.515","24.980","239"
"195","375320","20221006051000","83","3","新北市","新店區","121.515","24.945","202"
"286","375321","20221006051000","512","0","新北市","新店區","121.520","24.945","333"
"34","375323","20221006051000","62","0","新北市","新店區","121.520","24.950","36"
"63","375324","20221006051000","21","3","新北市","新店區","121.525","24.950","62"
"336","375325","20221006051000","568","0","新北市","新店區","121.515","24.955","366"
"1621","375326","20221006051000","594","3","新北市","新店區","121.520","24.955","1607"
"216","375330","20221006051000","150","2","新北市","新店區","121.530","24.960","208"
"566","375332","20221006051000","739","0","新北市","新店區","121.525","24.965","569"
"10","375333","20221006051000","722","0","新北市","新店區","121.520","24.965","10"
"2357","375335","20221006051000","2985","0","新北市","新店區","121.540","24.975","2316"
"839","375346","20221006051000","783","1","新北市","新店區","121.505","24.920","849"
"591","375357","20221006051000","609","0","新北市","新店區","121.510","24.925","602"
"26","375361","20221006051000","16","3","新北市","新店區","121.530","24.925","29"
"3493","375369","20221006051000","4439","0","新北市","新店區","121.540","24.980","3553"
"970","375370","20221006051000","1295","0","新北市","新店區","121.530","24.950","1015"
"1669","375371","20221006051000","1409","1","新北市","新店區","121.550","24.955","1657"
"143","375372","20221006051000","373","0","新北市","新店區","121.555","24.955","146"
"626","375374","20221006051000","554","1","新北市","新店區","121.555","24.965","614"
"42","375384","20221006051000","76","0","新北市","新店區","121.500","24.920","48"
"122","375390","20221006051000","81","3","新北市","新店區","121.505","24.930","123"
"33","375394","20221006051000","34","0","新北市","新店區","121.510","24.935","29"
"624","375399","20221006051000","539","1","新北市","新店區","121.505","24.940","633"
"1233","375400","20221006051000","1072","1","桃園市","八德區","121.320","24.960","1231"
"1748","375401","20221006051000","1506","1","桃園市","八德區","121.325","24.970","1730"
"817","375402","20221006051000","701","1","桃園市","八德區","121.300","24.930","848"
"642","375403","20221006051000","637","1","桃園市","八德區","121.305","24.930","692"
"176","375404","20221006051000","158","1","桃園市","八德區","121.300","24.935","163"
"373","375405","20221006051000","434","0","桃園市","八德區","121.305","24.935","385"
"182","375407","20221006051000","253","0","桃園市","八德區","121.300","24.940","185"
"626","375408","20221006051000","564","1","桃園市","八德區","121.305","24.940","641"
"889","375410","20221006051000","728","2","桃園市","八德區","121.255","24.920","888"
"343","375417","20221006051000","296","1","桃園市","八德區","121.260","24.925","335"
"1143","375419","20221006051000","916","2","桃園市","八德區","121.270","24.975","1147"
"3561","375420","20221006051000","3896","0","桃園市","中壢區","121.240","24.955","3434"
"1190","375421","20221006051000","1959","0","桃園市","中壢區","121.240","24.960","1183"
"721","375422","20221006051000","912","0","桃園市","中壢區","121.245","24.960","718"
"1852","375427","20221006051000","1465","2","桃園市","中壢區","121.255","24.960","1825"
"122","375435","20221006051000","168","0","新竹縣","新豐鄉","121.005","24.930","137"
"249","375452","20221006051000","226","1","新竹縣","新豐鄉","121.000","24.905","223"
"448","375460","20221006051000","526","0","新竹縣","新豐鄉","121.010","24.910","450"
"499","375465","20221006051000","437","1","新竹縣","新豐鄉","121.025","24.915","498"
"454","375468","20221006051000","303","2","新竹縣","新豐鄉","121.035","24.930","453"
"1382","375480","20221006051000","1386","0","新竹縣","新豐鄉","120.985","24.900","1366"
"774","375481","20221006051000","644","2","新竹縣","新豐鄉","120.990","24.900","841"
"403","375484","20221006051000","1544","0","桃園市","中壢區","121.235","24.950","342"
"2608","375485","20221006051000","2313","1","新北市","土城區","121.445","24.970","2626"
"1023","375486","20221006051000","927","1","新北市","土城區","121.445","24.975","1040"
"2796","375487","20221006051000","2905","0","新北市","新店區","121.530","24.970","2823"
"1894","375488","20221006051000","1750","1","新北市","新店區","121.525","24.975","1857"
"1006","375489","20221006051000","1059","0","新北市","新店區","121.530","24.975","1051"
"172","375490","20221006051000","146","1","新北市","新店區","121.525","24.980","198"
"2094","375492","20221006051000","1789","1","新北市","土城區","121.435","24.970","2068"
"2446","375493","20221006051000","3237","0","新北市","新店區","121.545","24.965","2470"
"3718","375495","20221006051000","5397","0","新北市","新店區","121.535","24.975","3730"
"460","375515","20221006051000","415","1","新北市","新店區","121.555","24.930","483"
"43","375517","20221006051000","39","1","新北市","新店區","121.565","24.930","45"
"529","375521","20221006051000","504","1","新北市","新店區","121.550","24.935","540"
"776","375529","20221006051000","871","0","新北市","新店區","121.530","24.965","796"
"826","375530","20221006051000","2138","0","新北市","新店區","121.475","24.955","815"
"1163","375534","20221006051000","1155","1","新北市","中和區","121.485","24.965","1054"
"1697","375536","20221006051000","1420","1","桃園市","中壢區","121.245","24.935","1663"
"1592","375537","20221006051000","1459","1","桃園市","中壢區","121.260","24.970","1574"
"639","375539","20221006051000","649","0","桃園市","中壢區","121.255","24.935","619"
"552","375540","20221006051000","561","0","桃園市","中壢區","121.260","24.935","558"
"1068","375541","20221006051000","1684","0","桃園市","中壢區","121.250","24.940","1080"
"603","375542","20221006051000","748","0","桃園市","中壢區","121.260","24.940","593"
"1952","375543","20221006051000","1987","0","桃園市","中壢區","121.240","24.950","1982"
"499","375544","20221006051000","501","0","桃園市","中壢區","121.245","24.950","499"
"1057","375548","20221006051000","833","2","桃園市","觀音區","121.150","24.965","1043"
"350","375551","20221006051000","304","1","桃園市","觀音區","121.140","24.975","351"
"158","375559","20221006051000","163","0","桃園市","觀音區","121.135","24.985","158"
"1006","375569","20221006051000","956","1","桃園市","觀音區","121.165","24.990","995"
"404","375572","20221006051000","523","0","桃園市","八德區","121.320","24.945","475"
"192","375574","20221006051000","352","0","桃園市","八德區","121.315","24.950","182"
"771","375577","20221006051000","1007","0","桃園市","八德區","121.315","24.955","754"
"1217","375578","20221006051000","1173","1","桃園市","八德區","121.295","24.970","1190"
"391","375581","20221006051000","268","2","桃園市","蘆竹區","121.270","24.990","368"
"31","375593","20221006051000","35","0","新北市","石碇區","121.675","24.970","36"
"23","375644","20221006051000","22","1","新北市","石碇區","121.635","24.950","23"
"35","375652","20221006051000","41","0","新北市","石碇區","121.635","24.955","39"
"45","375653","20221006051000","38","1","新北市","石碇區","121.640","24.955","44"
"98","375655","20221006051000","95","1","新北市","石碇區","121.650","24.955","96"
"85","375667","20221006051000","93","0","新北市","石碇區","121.630","24.965","84"
"13","375811","20221006051000","13","1","新北市","石碇區","121.645","24.930","13"
"16","375836","20221006051000","14","1","新北市","石碇區","121.660","24.950","15"
"24","375839","20221006051000","29","0","新北市","石碇區","121.670","24.980","27"
"29","375840","20221006051000","12","3","新北市","石碇區","121.675","24.980","26"
"65","375891","20221006051000","66","0","新北市","石碇區","121.660","24.975","79"
"33","375897","20221006051000","30","1","新北市","石碇區","121.665","24.980","33"
"40","375941","20221006051000","28","2","新北市","貢寮區","121.885","24.985","39"
"713","375963","20221006051000","731","0","新北市","土城區","121.435","24.975","704"
"1385","375967","20221006051000","1392","0","新北市","土城區","121.440","24.970","1411"
"411","375969","20221006051000","456","0","新北市","土城區","121.455","24.970","406"
"307","375970","20221006051000","252","2","新北市","新店區","121.550","24.960","344"
"679","375971","20221006051000","647","1","新北市","新店區","121.550","24.965","677"
"44","375972","20221006051000","37","1","新北市","新店區","121.580","24.910","38"
"186","375990","20221006051000","230","0","新北市","新店區","121.570","24.930","185"
"62","375994","20221006051000","42","2","新北市","新店區","121.590","24.930","68"
"12","376009","20221006051000","11","1","新北市","新店區","121.590","24.940","16"
"75","376023","20221006051000","75","1","新北市","新店區","121.580","24.950","89"
"45","376024","20221006051000","36","2","新北市","新店區","121.585","24.950","38"
"21","376033","20221006051000","21","1","新北市","新店區","121.605","24.955","24"
"235","376045","20221006051000","292","0","新北市","新店區","121.500","24.935","245"
"53","376049","20221006051000","63","0","新北市","新店區","121.500","24.940","49"
"2055","376051","20221006051000","2175","0","新北市","新店區","121.490","24.945","2034"
"364","376052","20221006051000","392","0","新北市","新店區","121.490","24.950","335"
"584","376060","20221006051000","530","1","新北市","新店區","121.545","24.955","573"
"1153","376063","20221006051000","1160","0","新北市","新店區","121.560","24.955","1178"
"1344","376064","20221006051000","1177","1","新北市","新店區","121.565","24.955","1337"
"53","376065","20221006051000","51","1","新北市","新店區","121.570","24.955","58"
"12","376068","20221006051000","87","0","新北市","新店區","121.560","24.960","12"
"36","376096","20221006051000","13","3","新北市","新店區","121.570","24.900","27"
"20","376099","20221006051000","248","0","新北市","新店區","121.555","24.905","21"
"459","376101","20221006051000","476","0","新北市","新店區","121.545","24.910","444"
"771","376106","20221006051000","704","1","桃園市","觀音區","121.155","24.975","753"
"379","376109","20221006051000","364","1","桃園市","觀音區","121.150","24.980","363"
"268","376115","20221006051000","264","1","桃園市","觀音區","121.135","24.990","249"
"2540","376118","20221006051000","4003","0","新北市","新店區","121.515","24.985","2599"
"523","376123","20221006051000","595","0","新北市","土城區","121.445","24.950","513"
"207","376130","20221006051000","150","2","新北市","土城區","121.440","24.965","214"
"258","376131","20221006051000","309","0","新北市","土城區","121.430","24.970","256"
"765","376132","20221006051000","812","0","新北市","土城區","121.435","24.965","782"
"259","376133","20221006051000","359","0","新北市","板橋區","121.430","24.975","263"
"1796","376134","20221006051000","2383","0","臺北市","文山區","121.545","24.985","1644"
"385","376135","20221006051000","550","0","新北市","新店區","121.510","24.950","399"
"1253","376136","20221006051000","1171","1","新北市","新店區","121.515","24.960","1236"
"116","376137","20221006051000","1771","0","新北市","新店區","121.515","24.965","118"
"1628","376141","20221006051000","1663","0","桃園市","八德區","121.320","24.965","1625"
"588","376145","20221006051000","509","1","新竹縣","湖口鄉","121.060","24.895","601"
"135","376148","20221006051000","1242","0","新北市","土城區","121.455","24.980","137"
"375","376149","20221006051000","1081","0","新北市","土城區","121.450","24.980","371"
"197","376150","20221006051000","938","0","新北市","新店區","121.540","24.955","191"
"276","376151","20221006051000","660","0","桃園市","中壢區","121.255","24.940","275"
"1275","376153","20221006051000","1328","0","桃園市","中壢區","121.250","24.965","1249"
"2137","376154","20221006051000","2388","0","桃園市","中壢區","121.255","24.965","2109"
"1936","376155","20221006051000","3033","0","桃園市","中壢區","121.250","24.970","1963"
"58","376156","20221006051000","81","0","桃園市","八德區","121.320","24.955","57"
"181","376157","20221006051000","231","0","桃園市","八德區","121.325","24.955","28"
"886","376160","20221006051000","767","1","桃園市","八德區","121.325","24.965","884"
"3904","376161","20221006051000","3425","1","桃園市","桃園區","121.280","24.990","3901"
"160","376176","20221006051000","164","0","新北市","樹林區","121.405","24.990","149"
"970","376178","20221006051000","561","3","桃園市","平鎮區","121.205","24.895","961"
"203","376179","20221006051000","259","0","桃園市","平鎮區","121.195","24.895","194"
"882","376180","20221006051000","1093","0","桃園市","平鎮區","121.200","24.895","913"
"740","376181","20221006051000","530","2","桃園市","平鎮區","121.195","24.900","765"
"555","376183","20221006051000","272","3","桃園市","平鎮區","121.205","24.900","561"
"253","376184","20221006051000","249","1","桃園市","平鎮區","121.195","24.905","262"
"294","376185","20221006051000","322","0","桃園市","平鎮區","121.200","24.905","314"
"174","376189","20221006051000","138","2","桃園市","平鎮區","121.215","24.900","158"
"615","376192","20221006051000","578","1","桃園市","平鎮區","121.215","24.905","621"
"1977","376194","20221006051000","1744","1","桃園市","桃園區","121.315","24.985","1956"
"1218","376195","20221006051000","1185","1","桃園市","中壢區","121.245","24.945","1197"
"819","376196","20221006051000","819","1","桃園市","中壢區","121.250","24.945","833"
"264","376199","20221006051000","184","2","新北市","石碇區","121.660","24.990","284"
"65","376200","20221006051000","40","3","新北市","石碇區","121.685","24.960","62"
"50","376205","20221006051000","52","0","新北市","石碇區","121.680","24.970","50"
"234","376222","20221006051000","246","0","新北市","石碇區","121.690","24.980","235"
"185","376245","20221006051000","528","0","新北市","鶯歌區","121.340","24.960","191"
"192","376246","20221006051000","171","1","新北市","鶯歌區","121.340","24.965","188"
"164","376248","20221006051000","161","1","新北市","鶯歌區","121.340","24.970","157"
"406","376251","20221006051000","400","1","新北市","鶯歌區","121.345","24.975","401"
"159","376258","20221006051000","130","2","新北市","鶯歌區","121.320","24.935","131"
"817","376259","20221006051000","824","0","新北市","鶯歌區","121.325","24.935","859"
"310","376260","20221006051000","436","0","新北市","鶯歌區","121.330","24.935","286"
"397","376263","20221006051000","323","2","新北市","鶯歌區","121.330","24.940","153"
"239","376265","20221006051000","292","0","新北市","鶯歌區","121.335","24.930","254"
"537","376268","20221006051000","541","0","新北市","鶯歌區","121.345","24.935","546"
"2307","376269","20221006051000","2200","1","新北市","鶯歌區","121.355","24.955","2271"
"850","376270","20221006051000","672","2","新北市","鶯歌區","121.360","24.955","825"
"675","376273","20221006051000","618","1","新北市","鶯歌區","121.355","24.940","736"
"338","376274","20221006051000","338","1","新北市","鶯歌區","121.350","24.945","361"
"447","376277","20221006051000","442","1","新北市","鶯歌區","121.350","24.950","497"
"1567","376280","20221006051000","1668","0","新北市","樹林區","121.395","24.970","1579"
"717","376281","20221006051000","726","0","桃園市","楊梅區","121.185","24.915","700"
"584","376282","20221006051000","689","0","桃園市","楊梅區","121.180","24.920","600"
"526","376283","20221006051000","367","2","桃園市","楊梅區","121.185","24.920","539"
"388","376284","20221006051000","428","0","桃園市","中壢區","121.215","24.960","382"
"1128","376285","20221006051000","1522","0","桃園市","中壢區","121.215","24.965","1151"
"20","376287","20221006051000","18","1","桃園市","中壢區","121.175","24.975","31"
"122","376293","20221006051000","167","0","桃園市","中壢區","121.190","24.980","111"
"40","376295","20221006051000","47","0","桃園市","中壢區","121.175","24.980","36"
"1108","376297","20221006051000","1074","1","桃園市","中壢區","121.185","24.980","1115"
"270","376300","20221006051000","239","1","桃園市","中壢區","121.175","24.985","253"
"179","376301","20221006051000","161","1","桃園市","中壢區","121.180","24.985","168"
"1520","376307","20221006051000","1305","1","桃園市","八德區","121.260","24.930","1540"
"1392","376308","20221006051000","1542","0","桃園市","平鎮區","121.220","24.945","1419"
"1205","376309","20221006051000","1122","1","桃園市","楊梅區","121.150","24.905","1203"
"399","376311","20221006051000","362","1","桃園市","平鎮區","121.220","24.920","422"
"581","376312","20221006051000","642","0","桃園市","平鎮區","121.220","24.925","561"
"1271","376313","20221006051000","883","2","桃園市","平鎮區","121.205","24.915","1270"
"751","376315","20221006051000","614","2","新北市","樹林區","121.390","24.960","788"
"23","376320","20221006051000","34","0","新北市","樹林區","121.395","24.965","27"
"134","376325","20221006051000","140","0","新北市","樹林區","121.405","24.970","146"
"4415","376326","20221006051000","4870","0","新北市","樹林區","121.380","24.945","4423"
"659","376327","20221006051000","594","1","新北市","樹林區","121.385","24.945","670"
"2340","376330","20221006051000","2103","1","新北市","樹林區","121.380","24.950","2325"
"650","376331","20221006051000","696","0","新北市","樹林區","121.385","24.950","650"
"1626","376333","20221006051000","1355","2","新北市","樹林區","121.395","24.950","1602"
"538","376335","20221006051000","584","0","新北市","板橋區","121.435","24.990","577"
"5082","376337","20221006051000","4964","1","新北市","土城區","121.450","24.985","4980"
"442","376338","20221006051000","409","1","桃園市","中壢區","121.245","24.985","460"
"756","376341","20221006051000","952","0","桃園市","中壢區","121.240","24.990","730"
"391","376344","20221006051000","430","0","桃園市","中壢區","121.255","24.990","389"
"1612","376345","20221006051000","1618","0","桃園市","中壢區","121.255","24.980","1582"
"610","376347","20221006051000","704","0","桃園市","中壢區","121.260","24.945","594"
"381","376348","20221006051000","350","1","桃園市","中壢區","121.255","24.950","365"
"1447","376349","20221006051000","901","3","桃園市","中壢區","121.165","24.960","1439"
"487","376350","20221006051000","345","2","桃園市","中壢區","121.170","24.960","495"
"752","376351","20221006051000","575","2","桃園市","新屋區","121.155","24.960","757"
"20","376352","20221006051000","15","2","桃園市","中壢區","121.155","24.965","16"
"60","376353","20221006051000","419","0","桃園市","中壢區","121.160","24.965","61"
"1815","376361","20221006051000","1630","1","桃園市","中壢區","121.175","24.970","1754"
"1374","376370","20221006051000","1495","0","新北市","樹林區","121.420","24.980","1369"
"1398","376373","20221006051000","1285","1","新北市","樹林區","121.420","24.975","1412"
"2791","376375","20221006051000","2242","2","新北市","板橋區","121.425","24.985","2818"
"2660","376380","20221006051000","2814","0","新北市","板橋區","121.430","24.985","2668"
"1081","376381","20221006051000","1059","1","桃園市","平鎮區","121.250","24.925","1105"
"17","376385","20221006051000","39","0","桃園市","龜山區","121.350","24.985","13"
"517","376391","20221006051000","656","0","桃園市","龜山區","121.360","24.990","537"
"44","376392","20221006051000","30","2","桃園市","龜山區","121.365","24.990","41"
"102","376393","20221006051000","79","2","桃園市","龜山區","121.370","24.990","102"
"98","376400","20221006051000","282","0","桃園市","楊梅區","121.105","24.910","103"
"292","376403","20221006051000","285","1","桃園市","楊梅區","121.120","24.910","294"
"185","376407","20221006051000","194","0","桃園市","楊梅區","121.100","24.915","189"
"1270","376412","20221006051000","876","2","桃園市","楊梅區","121.125","24.915","1231"
"26","376419","20221006051000","147","0","新竹縣","湖口鄉","121.105","24.895","24"
"11","376422","20221006051000","103","0","桃園市","楊梅區","121.085","24.900","12"
"948","376427","20221006051000","733","2","桃園市","楊梅區","121.060","24.905","937"
"376","376431","20221006051000","390","0","桃園市","楊梅區","121.080","24.905","387"
"622","376438","20221006051000","534","1","桃園市","楊梅區","121.070","24.910","627"
"339","376440","20221006051000","236","2","桃園市","楊梅區","121.080","24.910","340"
"441","376443","20221006051000","508","0","桃園市","楊梅區","121.095","24.910","437"
"603","376447","20221006051000","594","1","桃園市","楊梅區","121.075","24.915","567"
"469","376456","20221006051000","441","1","桃園市","楊梅區","121.125","24.940","476"
"419","376457","20221006051000","233","3","桃園市","楊梅區","121.130","24.940","456"
"123","376471","20221006051000","206","0","新北市","深坑區","121.620","24.980","117"
"613","376485","20221006051000","762","0","新北市","樹林區","121.415","24.985","616"
"1732","376486","20221006051000","1336","2","新北市","樹林區","121.425","24.990","1681"
"1223","376487","20221006051000","897","2","桃園市","平鎮區","121.200","24.945","1243"
"3522","376488","20221006051000","3382","1","桃園市","平鎮區","121.205","24.945","3709"
"1331","376490","20221006051000","1703","0","桃園市","平鎮區","121.210","24.950","1355"
"1168","376491","20221006051000","1270","0","桃園市","平鎮區","121.210","24.900","1151"
"2051","376492","20221006051000","1773","1","桃園市","平鎮區","121.210","24.905","1957"
"11","376500","20221006051000","10","1","新北市","土城區","121.445","24.940","14"
"73","376508","20221006051000","234","0","新北市","土城區","121.410","24.950","58"
"262","376509","20221006051000","310","0","新北市","土城區","121.415","24.950","275"
"2843","376510","20221006051000","2808","1","桃園市","中壢區","121.230","24.945","2867"
"2325","376511","20221006051000","2600","0","桃園市","中壢區","121.235","24.955","2350"
"13","376512","20221006051000","13","1","桃園市","中壢區","121.220","24.970","13"
"430","376514","20221006051000","589","0","桃園市","中壢區","121.220","24.975","420"
"780","376517","20221006051000","631","2","桃園市","中壢區","121.215","24.980","808"
"18","376518","20221006051000","105","0","桃園市","中壢區","121.220","24.980","17"
"2680","376521","20221006051000","2967","0","桃園市","中壢區","121.220","24.960","2702"
"425","376522","20221006051000","379","1","新竹縣","新豐鄉","121.000","24.895","396"
"950","376531","20221006051000","821","1","桃園市","平鎮區","121.255","24.925","936"
"714","376532","20221006051000","737","0","新北市","樹林區","121.415","24.975","712"
"337","376533","20221006051000","431","0","新北市","樹林區","121.400","24.970","336"
"2559","376539","20221006051000","1972","2","新北市","樹林區","121.420","24.985","2530"
"3345","376540","20221006051000","2987","1","新北市","土城區","121.460","24.980","3402"
"1460","376541","20221006051000","2094","0","新北市","土城區","121.460","24.985","1463"
"2542","376542","20221006051000","3144","0","新北市","板橋區","121.430","24.990","2708"
"20","376544","20221006051000","22","0","新北市","平溪區","121.725","24.975","18"
"5181","376577","20221006051000","4382","1","新北市","板橋區","121.460","24.990","5215"
"511","376578","20221006051000","957","0","新北市","土城區","121.465","24.980","514"
"461","376584","20221006051000","706","0","新北市","土城區","121.425","24.960","459"
"345","376586","20221006051000","236","2","新北市","土城區","121.435","24.960","329"
"832","376587","20221006051000","1015","0","新北市","土城區","121.430","24.965","823"
"3080","376588","20221006051000","2312","2","桃園市","八德區","121.305","24.965","3012"
"1118","376589","20221006051000","570","3","桃園市","桃園區","121.295","24.975","1118"
"1003","376592","20221006051000","969","1","桃園市","中壢區","121.230","24.940","965"
"1631","376594","20221006051000","1313","2","桃園市","平鎮區","121.245","24.915","1615"
"2066","376595","20221006051000","1594","2","桃園市","八德區","121.295","24.955","2055"
"315","376607","20221006051000","381","0","新竹縣","新豐鄉","120.985","24.920","444"
"1412","376614","20221006051000","1198","1","新竹縣","新豐鄉","120.990","24.930","1421"
"855","376622","20221006051000","700","2","桃園市","中壢區","121.230","24.970","820"
"861","376623","20221006051000","834","1","桃園市","中壢區","121.225","24.975","837"
"1200","376624","20221006051000","1125","1","桃園市","中壢區","121.230","24.975","1230"
"515","376627","20221006051000","635","0","桃園市","中壢區","121.230","24.980","521"
"87","376629","20221006051000","109","0","新竹縣","湖口鄉","121.040","24.900","77"
"1116","376633","20221006051000","986","1","新竹縣","湖口鄉","121.040","24.895","1144"
"988","376636","20221006051000","702","2","新竹縣","湖口鄉","121.040","24.915","999"
"35","376641","20221006051000","268","0","新竹縣","湖口鄉","121.040","24.925","25"
"282","376651","20221006051000","240","1","新竹縣","湖口鄉","121.045","24.935","287"
"1352","376653","20221006051000","1298","1","桃園市","中壢區","121.235","24.965","1304"
"55","376655","20221006051000","19","3","桃園市","中壢區","121.240","24.970","44"
"193","376656","20221006051000","852","0","桃園市","中壢區","121.255","24.930","191"
"646","376658","20221006051000","700","0","新竹縣","湖口鄉","121.065","24.895","660"
"348","376665","20221006051000","356","0","新北市","鶯歌區","121.355","24.950","344"
"735","376666","20221006051000","793","0","新北市","鶯歌區","121.335","24.955","763"
"2119","376667","20221006051000","2133","0","新北市","鶯歌區","121.330","24.960","2136"
"44","376668","20221006051000","216","0","新北市","鶯歌區","121.335","24.960","39"
"408","376670","20221006051000","392","1","新北市","鶯歌區","121.340","24.950","429"
"1357","376674","20221006051000","1149","1","新北市","鶯歌區","121.330","24.965","1354"
"1607","376675","20221006051000","1937","0","新北市","樹林區","121.425","24.980","1608"
"82","376679","20221006051000","68","2","新北市","樹林區","121.405","24.955","78"
"565","376680","20221006051000","525","1","新北市","樹林區","121.405","24.960","591"
"459","376682","20221006051000","373","2","新北市","樹林區","121.410","24.970","456"
"296","376685","20221006051000","259","1","新北市","樹林區","121.400","24.975","299"
"408","376686","20221006051000","309","2","新北市","樹林區","121.405","24.975","421"
"1089","376687","20221006051000","1104","0","新北市","樹林區","121.410","24.975","1081"
"79","376690","20221006051000","79","1","新北市","樹林區","121.400","24.980","74"
"1565","376699","20221006051000","1914","0","新北市","樹林區","121.410","24.980","1625"
"740","376700","20221006051000","959","0","新北市","樹林區","121.415","24.990","761"
"1727","376701","20221006051000","1381","2","新北市","新店區","121.500","24.945","1727"
"61","376703","20221006051000","62","0","新北市","新店區","121.565","24.905","69"
"459","376717","20221006051000","391","1","新北市","新店區","121.550","24.920","465"
"3394","376725","20221006051000","2294","2","新北市","新店區","121.540","24.960","3389"
"15","376752","20221006051000","13","1","新北市","新店區","121.535","24.905","15"
"25","376759","20221006051000","26","0","新北市","新店區","121.535","24.910","23"
"19","376761","20221006051000","15","2","新北市","新店區","121.520","24.915","14"
"68","376764","20221006051000","55","2","新北市","新店區","121.535","24.915","66"
"56","376766","20221006051000","45","2","新北市","新店區","121.545","24.915","52"
"2531","376768","20221006051000","3422","0","新北市","土城區","121.445","24.985","2817"
"976","376769","20221006051000","953","1","新北市","土城區","121.450","24.975","935"
"556","376770","20221006051000","797","0","新北市","土城區","121.455","24.975","540"
"1652","376772","20221006051000","1590","1","新北市","土城區","121.415","24.960","1659"
"80","376774","20221006051000","1053","0","新北市","土城區","121.420","24.965","96"
"411","376775","20221006051000","669","0","新北市","土城區","121.425","24.965","387"
"259","376777","20221006051000","294","0","新北市","土城區","121.425","24.970","233"
"77","376787","20221006051000","88","0","新北市","土城區","121.470","24.960","90"
"61","376788","20221006051000","41","2","新北市","土城區","121.455","24.965","73"
"917","376796","20221006051000","894","1","新北市","土城區","121.460","24.970","928"
"4911","376798","20221006051000","5044","0","新北市","新店區","121.540","24.965","4919"
"21","376801","20221006051000","14","3","桃園市","大溪區","121.305","24.895","22"
"22","376808","20221006051000","179","0","桃園市","八德區","121.280","24.930","21"
"1573","376809","20221006051000","1489","1","桃園市","八德區","121.285","24.930","1593"
"532","376810","20221006051000","550","0","桃園市","八德區","121.280","24.935","495"
"747","376813","20221006051000","605","2","桃園市","八德區","121.270","24.930","751"
"46","376815","20221006051000","51","0","桃園市","八德區","121.270","24.935","48"
"1361","376823","20221006051000","1122","2","桃園市","八德區","121.280","24.925","1361"
"1699","376824","20221006051000","1474","1","桃園市","八德區","121.285","24.925","1701"
"1673","376825","20221006051000","1581","1","桃園市","中壢區","121.220","24.955","1598"
"2109","376826","20221006051000","2395","0","桃園市","中壢區","121.230","24.965","2145"
"1621","376828","20221006051000","1527","1","桃園市","八德區","121.275","24.980","1604"
"421","376829","20221006051000","380","1","桃園市","八德區","121.280","24.980","437"
"1291","376831","20221006051000","1338","0","新竹縣","湖口鄉","121.050","24.900","1323"
"3265","376832","20221006051000","2900","1","新竹縣","湖口鄉","121.045","24.900","3276"
"552","376845","20221006051000","910","0","桃園市","平鎮區","121.230","24.930","535"
"2461","376847","20221006051000","1522","3","桃園市","中壢區","121.230","24.935","2448"
"1044","376848","20221006051000","1110","0","桃園市","中壢區","121.225","24.940","1080"
"2025","376849","20221006051000","1657","2","桃園市","中壢區","121.245","24.975","1906"
"2076","376850","20221006051000","1935","1","桃園市","中壢區","121.245","24.980","2096"
"869","376851","20221006051000","720","2","桃園市","中壢區","121.250","24.985","858"
"137","376852","20221006051000","147","0","桃園市","中壢區","121.240","24.985","138"
"1138","376853","20221006051000","1074","1","桃園市","八德區","121.295","24.935","1118"
"218","376854","20221006051000","252","0","桃園市","八德區","121.295","24.940","233"
"1149","376855","20221006051000","1246","0","桃園市","八德區","121.295","24.930","1110"
"609","376856","20221006051000","862","0","桃園市","龜山區","121.335","24.985","593"
"2216","376857","20221006051000","2473","0","桃園市","龜山區","121.335","24.990","2200"
"574","376860","20221006051000","701","0","桃園市","龜山區","121.345","24.980","592"
"2546","376866","20221006051000","1818","2","桃園市","平鎮區","121.220","24.940","2506"
"322","376871","20221006051000","255","2","桃園市","楊梅區","121.185","24.905","288"
"195","376875","20221006051000","195","1","桃園市","平鎮區","121.200","24.910","188"
"1392","376878","20221006051000","855","3","桃園市","平鎮區","121.200","24.915","1384"
"162","376881","20221006051000","224","0","桃園市","平鎮區","121.200","24.920","207"
"393","376882","20221006051000","638","0","桃園市","楊梅區","121.180","24.945","464"
"999","376886","20221006051000","965","1","桃園市","平鎮區","121.185","24.955","989"
"788","376887","20221006051000","882","0","桃園市","中壢區","121.175","24.960","813"
"714","376889","20221006051000","678","1","桃園市","平鎮區","121.185","24.960","724"
"439","376892","20221006051000","503","0","桃園市","中壢區","121.185","24.970","426"
"290","376894","20221006051000","212","2","桃園市","平鎮區","121.190","24.930","261"
"21","376899","20221006051000","208","0","桃園市","平鎮區","121.190","24.940","19"
"508","376900","20221006051000","555","0","桃園市","平鎮區","121.195","24.940","552"
"283","376915","20221006051000","221","2","桃園市","大溪區","121.310","24.930","297"
"867","376925","20221006051000","684","2","桃園市","大溪區","121.275","24.895","860"
"1426","376927","20221006051000","1213","1","桃園市","大溪區","121.280","24.895","1427"
"805","376929","20221006051000","683","1","桃園市","大溪區","121.285","24.905","824"
"687","376930","20221006051000","611","1","桃園市","大溪區","121.280","24.900","686"
"535","376931","20221006051000","406","2","桃園市","大溪區","121.280","24.905","536"
"1338","376932","20221006051000","976","2","桃園市","龜山區","121.325","24.990","1336"
"541","376933","20221006051000","652","0","桃園市","桃園區","121.325","24.980","551"
"1352","376934","20221006051000","1527","0","桃園市","龜山區","121.330","24.980","1354"
"1781","376936","20221006051000","1557","1","桃園市","桃園區","121.320","24.985","1791"
"2302","376937","20221006051000","2069","1","桃園市","龜山區","121.325","24.985","2379"
"684","376938","20221006051000","909","0","桃園市","龜山區","121.330","24.985","696"
"336","376940","20221006051000","301","1","桃園市","新屋區","121.055","24.975","353"
"178","376956","20221006051000","155","1","桃園市","新屋區","121.125","24.955","185"
"394","376971","20221006051000","318","2","桃園市","新屋區","121.135","24.970","413"
"92","376972","20221006051000","83","1","桃園市","觀音區","121.140","24.970","83"
"613","376974","20221006051000","593","1","桃園市","龜山區","121.330","24.990","631"
"1390","376975","20221006051000","2996","0","桃園市","桃園區","121.310","24.990","1366"
"1961","376976","20221006051000","1978","0","桃園市","楊梅區","121.170","24.910","1942"
"637","376978","20221006051000","666","0","桃園市","楊梅區","121.175","24.915","608"
"1215","376979","20221006051000","1127","1","桃園市","楊梅區","121.170","24.920","1229"
"300","376984","20221006051000","441","0","桃園市","楊梅區","121.110","24.925","308"
"659","376995","20221006051000","756","0","桃園市","楊梅區","121.125","24.930","643"
"100","376998","20221006051000","141","0","桃園市","楊梅區","121.115","24.940","104"
"300","377001","20221006051000","288","1","桃園市","楊梅區","121.175","24.900","308"
"824","377002","20221006051000","943","0","桃園市","楊梅區","121.180","24.900","861"
"2632","377003","20221006051000","2508","1","桃園市","楊梅區","121.175","24.905","2676"
"105","377004","20221006051000","77","2","桃園市","楊梅區","121.180","24.905","98"
"62","377007","20221006051000","84","0","桃園市","楊梅區","121.095","24.930","55"
"618","377008","20221006051000","458","2","桃園市","楊梅區","121.100","24.930","628"
"1145","377010","20221006051000","660","3","桃園市","楊梅區","121.090","24.935","1152"
"443","377027","20221006051000","355","2","桃園市","新屋區","121.090","24.955","465"
"558","377030","20221006051000","467","1","桃園市","楊梅區","121.160","24.900","545"
"1229","377031","20221006051000","1085","1","桃園市","楊梅區","121.155","24.900","1197"
"511","377033","20221006051000","643","0","桃園市","楊梅區","121.085","24.935","486"
"350","377034","20221006051000","379","0","桃園市","楊梅區","121.075","24.940","354"
"857","377039","20221006051000","873","0","桃園市","桃園區","121.285","24.990","849"
"828","377041","20221006051000","767","1","桃園市","桃園區","121.295","24.980","854"
"2216","377042","20221006051000","3064","0","桃園市","桃園區","121.300","24.990","2208"
"367","377043","20221006051000","249","2","桃園市","桃園區","121.300","24.980","342"
"3123","377045","20221006051000","2940","1","桃園市","桃園區","121.300","24.985","3098"
"628","377046","20221006051000","1177","0","桃園市","楊梅區","121.175","24.910","637"
"1997","377047","20221006051000","1570","2","桃園市","八德區","121.300","24.965","1962"
"1375","377051","20221006051000","934","2","桃園市","八德區","121.305","24.955","1359"
"473","377052","20221006051000","417","1","桃園市","八德區","121.310","24.955","440"
"25","377054","20221006051000","239","0","桃園市","八德區","121.300","24.945","25"
"542","377056","20221006051000","449","2","桃園市","八德區","121.275","24.940","515"
"824","377058","20221006051000","1061","0","桃園市","八德區","121.285","24.940","799"
"209","377059","20221006051000","187","1","桃園市","八德區","121.280","24.945","213"
"341","377061","20221006051000","352","0","桃園市","八德區","121.290","24.950","339"
"13","377068","20221006051000","107","0","桃園市","八德區","121.290","24.955","20"
"343","377069","20221006051000","309","1","桃園市","八德區","121.280","24.960","381"
"786","377070","20221006051000","759","1","桃園市","八德區","121.285","24.960","778"
"3462","377071","20221006051000","3273","1","桃園市","桃園區","121.290","24.985","3449"
"3689","377072","20221006051000","3204","1","桃園市","中壢區","121.220","24.965","3735"
"749","377073","20221006051000","769","0","桃園市","中壢區","121.215","24.955","769"
"429","377077","20221006051000","425","1","桃園市","中壢區","121.205","24.980","397"
"394","377084","20221006051000","276","2","桃園市","中壢區","121.205","24.990","394"
"1535","377086","20221006051000","1469","1","桃園市","中壢區","121.255","24.970","1534"
"1789","377088","20221006051000","2022","0","桃園市","楊梅區","121.155","24.910","1705"
"864","377089","20221006051000","775","1","桃園市","楊梅區","121.160","24.910","830"
"1719","377092","20221006051000","1519","1","桃園市","平鎮區","121.205","24.910","1711"
"1824","377093","20221006051000","1841","0","桃園市","平鎮區","121.205","24.920","1794"
"175","377099","20221006051000","145","2","桃園市","新屋區","121.010","24.960","172"
"577","377106","20221006051000","579","0","桃園市","新屋區","121.120","24.970","598"
"324","377111","20221006051000","205","3","桃園市","新屋區","121.130","24.975","333"
"974","377117","20221006051000","964","1","桃園市","新屋區","121.110","24.980","967"
"616","377122","20221006051000","521","1","桃園市","新屋區","121.110","24.985","611"
"446","377125","20221006051000","405","1","桃園市","新屋區","121.125","24.985","433"
"428","377128","20221006051000","439","0","桃園市","新屋區","121.125","24.990","416"
"557","377135","20221006051000","604","0","桃園市","新屋區","121.100","24.990","556"
"10","377136","20221006051000","27","0","桃園市","新屋區","121.105","24.990","15"
"129","377148","20221006051000","46","3","桃園市","新屋區","121.095","24.960","136"
"286","377155","20221006051000","272","1","桃園市","新屋區","121.070","24.970","267"
"134","377159","20221006051000","133","1","桃園市","新屋區","121.020","24.970","136"
"288","377173","20221006051000","239","2","桃園市","新屋區","121.015","24.985","293"
"230","377175","20221006051000","194","1","桃園市","新屋區","120.990","24.940","207"
"184","377179","20221006051000","99","3","桃園市","新屋區","121.000","24.945","185"
"278","377183","20221006051000","266","1","桃園市","新屋區","121.010","24.950","261"
"614","377187","20221006051000","548","1","桃園市","新屋區","121.080","24.975","609"
"354","377195","20221006051000","303","1","桃園市","新屋區","121.075","24.990","349"
"234","377204","20221006051000","255","0","桃園市","新屋區","121.140","24.960","212"
"511","377205","20221006051000","555","0","桃園市","新屋區","121.145","24.960","524"
"346","377209","20221006051000","256","2","桃園市","新屋區","121.160","24.960","339"
"24","377211","20221006051000","29","0","桃園市","觀音區","121.145","24.970","28"
"11","377247","20221006051000","10","1","新北市","貢寮區","121.910","24.990","13"
"377","377249","20221006051000","580","0","桃園市","平鎮區","121.210","24.895","383"
"758","377259","20221006051000","859","0","桃園市","桃園區","121.285","24.980","777"
"1163","377261","20221006051000","878","2","桃園市","楊梅區","121.145","24.915","1139"
"591","377263","20221006051000","309","3","桃園市","楊梅區","121.145","24.910","579"
"15","377264","20221006051000","213","0","桃園市","楊梅區","121.130","24.915","15"
"556","377268","20221006051000","614","0","桃園市","楊梅區","121.130","24.920","567"
"601","377270","20221006051000","539","1","桃園市","楊梅區","121.140","24.920","590"
"2934","377280","20221006051000","3000","0","桃園市","楊梅區","121.145","24.900","2909"
"720","377285","20221006051000","452","3","桃園市","楊梅區","121.170","24.900","715"
"796","377288","20221006051000","834","0","桃園市","楊梅區","121.185","24.925","781"
"691","377289","20221006051000","639","1","桃園市","平鎮區","121.190","24.925","700"
"652","377292","20221006051000","599","1","桃園市","平鎮區","121.195","24.925","708"
"264","377295","20221006051000","551","0","桃園市","平鎮區","121.210","24.935","272"
"1899","377296","20221006051000","1745","1","桃園市","桃園區","121.295","24.990","1882"
"2711","377297","20221006051000","2750","0","桃園市","桃園區","121.285","24.985","2718"
"743","377303","20221006051000","659","1","桃園市","新屋區","121.120","24.950","719"
"373","377308","20221006051000","283","2","桃園市","新屋區","121.100","24.960","394"
"453","377310","20221006051000","330","2","桃園市","新屋區","121.110","24.960","428"
"74","377311","20221006051000","594","0","桃園市","新屋區","121.095","24.965","35"
"742","377322","20221006051000","600","2","桃園市","新屋區","121.045","24.960","756"
"239","377333","20221006051000","154","3","桃園市","新屋區","121.045","24.970","219"
"1588","377335","20221006051000","1462","1","桃園市","桃園區","121.320","24.990","1683"
"1842","377337","20221006051000","1778","1","桃園市","平鎮區","121.250","24.920","1845"
"605","377339","20221006051000","681","0","桃園市","平鎮區","121.240","24.925","628"
"1296","377340","20221006051000","1248","1","桃園市","桃園區","121.305","24.985","1269"
"1216","377342","20221006051000","1272","0","桃園市","桃園區","121.325","24.975","1183"
"2524","377344","20221006051000","2346","1","桃園市","桃園區","121.320","24.975","2541"
"821","377345","20221006051000","449","3","新北市","鶯歌區","121.330","24.975","936"
"612","377346","20221006051000","607","1","桃園市","桃園區","121.320","24.980","598"
"1285","377347","20221006051000","1019","2","桃園市","中壢區","121.230","24.960","1270"
"1619","377348","20221006051000","1671","0","桃園市","中壢區","121.235","24.960","1576"
"573","377349","20221006051000","806","0","桃園市","中壢區","121.230","24.950","577"
"1612","377350","20221006051000","1518","1","桃園市","中壢區","121.225","24.950","1596"
"452","377361","20221006051000","442","1","桃園市","新屋區","121.030","24.950","462"
"396","377372","20221006051000","518","0","桃園市","新屋區","121.090","24.980","391"
"1161","377380","20221006051000","1128","1","桃園市","新屋區","121.110","24.970","1168"
"64","377381","20221006051000","75","0","桃園市","新屋區","121.110","24.975","61"
"2354","377384","20221006051000","2390","0","桃園市","新屋區","121.105","24.975","2382"
"101","377428","20221006051000","90","1","桃園市","新屋區","121.040","24.980","100"
"885","377433","20221006051000","901","0","桃園市","新屋區","121.035","24.985","848"
"418","377434","20221006051000","381","1","桃園市","新屋區","121.040","24.985","442"
"1121","377446","20221006051000","1055","1","桃園市","桃園區","121.315","24.990","1081"
"2340","377447","20221006051000","1663","2","桃園市","桃園區","121.270","24.980","2352"
"3361","377449","20221006051000","2778","2","桃園市","桃園區","121.275","24.990","3377"
"1182","377450","20221006051000","1471","0","桃園市","桃園區","121.265","24.975","1222"
"2118","377452","20221006051000","2028","1","桃園市","桃園區","121.265","24.980","2123"
"26","377454","20221006051000","24","1","桃園市","桃園區","121.265","24.985","20"
"2089","377455","20221006051000","1922","1","桃園市","桃園區","121.290","24.990","2126"
"232","377456","20221006051000","478","0","桃園市","平鎮區","121.245","24.905","207"
"208","377459","20221006051000","290","0","桃園市","平鎮區","121.250","24.915","215"
"763","377460","20221006051000","748","1","桃園市","平鎮區","121.215","24.935","778"
"1599","377461","20221006051000","1752","0","桃園市","平鎮區","121.215","24.940","1619"
"2031","377462","20221006051000","1661","2","桃園市","平鎮區","121.215","24.945","2031"
"2616","377463","20221006051000","2174","2","桃園市","桃園區","121.310","24.980","2587"
"1058","377464","20221006051000","1407","0","桃園市","桃園區","121.310","24.985","1096"
"2186","377468","20221006051000","2165","1","桃園市","桃園區","121.305","24.980","2238"
"166","377469","20221006051000","159","1","桃園市","楊梅區","121.175","24.950","156"
"1753","377470","20221006051000","1342","2","桃園市","楊梅區","121.170","24.955","1712"
"210","377473","20221006051000","214","0","桃園市","楊梅區","121.115","24.900","196"
"151","377476","20221006051000","318","0","桃園市","楊梅區","121.125","24.910","158"
"530","377481","20221006051000","409","2","桃園市","楊梅區","121.150","24.940","539"
"141","377483","20221006051000","222","0","桃園市","楊梅區","121.150","24.920","138"
"915","377484","20221006051000","879","1","桃園市","楊梅區","121.155","24.920","922"
"662","377488","20221006051000","662","1","桃園市","楊梅區","121.150","24.925","671"
"34","377489","20221006051000","72","0","桃園市","楊梅區","121.155","24.925","33"
"33","377490","20221006051000","24","2","桃園市","楊梅區","121.160","24.925","35"
"609","377491","20221006051000","715","0","桃園市","楊梅區","121.165","24.925","626"
"347","377493","20221006051000","377","0","桃園市","楊梅區","121.145","24.930","350"
"395","377497","20221006051000","387","1","桃園市","楊梅區","121.160","24.930","392"
"113","377498","20221006051000","256","0","桃園市","楊梅區","121.165","24.930","104"
"575","377499","20221006051000","356","3","桃園市","楊梅區","121.170","24.930","584"
"375","377501","20221006051000","344","1","桃園市","楊梅區","121.140","24.930","375"
"2032","377508","20221006051000","1988","1","桃園市","平鎮區","121.210","24.940","1984"
"2164","377509","20221006051000","2057","1","桃園市","平鎮區","121.210","24.945","2163"
"662","377513","20221006051000","630","1","桃園市","平鎮區","121.210","24.930","649"
"1300","377519","20221006051000","882","2","桃園市","平鎮區","121.230","24.900","1283"
"314","377522","20221006051000","302","1","桃園市","平鎮區","121.245","24.900","309"
"977","377529","20221006051000","1106","0","桃園市","平鎮區","121.225","24.910","985"
"487","377530","20221006051000","405","2","桃園市","平鎮區","121.230","24.910","482"
"1673","377532","20221006051000","1415","1","桃園市","桃園區","121.305","24.990","1701"
"1110","377533","20221006051000","763","2","新北市","鶯歌區","121.330","24.970","1095"
"444","377534","20221006051000","426","1","新北市","鶯歌區","121.335","24.965","422"
"916","377535","20221006051000","716","2","桃園市","桃園區","121.320","24.970","942"
"2066","377538","20221006051000","2185","0","桃園市","桃園區","121.315","24.980","2093"
"607","377539","20221006051000","561","1","桃園市","楊梅區","121.175","24.925","584"
"367","377542","20221006051000","137","3","桃園市","楊梅區","121.180","24.925","328"
"325","377546","20221006051000","231","2","桃園市","楊梅區","121.180","24.930","391"
"799","377547","20221006051000","649","2","桃園市","楊梅區","121.160","24.935","803"
"102","377551","20221006051000","106","0","桃園市","楊梅區","121.180","24.935","104"
"47","377559","20221006051000","62","0","桃園市","楊梅區","121.150","24.945","47"
"18","377561","20221006051000","11","3","桃園市","楊梅區","121.160","24.945","14"
"383","377564","20221006051000","277","2","桃園市","楊梅區","121.175","24.945","344"
"796","377565","20221006051000","605","2","桃園市","新屋區","121.150","24.950","836"
"310","377566","20221006051000","359","0","桃園市","楊梅區","121.155","24.950","308"
"774","377570","20221006051000","742","1","桃園市","蘆竹區","121.265","24.990","782"
"477","377571","20221006051000","264","3","桃園市","龜山區","121.340","24.980","429"
"23","377572","20221006051000","37","0","桃園市","龜山區","121.340","24.985","32"
"2847","377573","20221006051000","2693","1","桃園市","龜山區","121.345","24.985","2885"
"1179","377574","20221006051000","1298","0","桃園市","龜山區","121.340","24.990","1155"
"751","377575","20221006051000","683","1","桃園市","龜山區","121.345","24.990","779"
"11","377742","20221006051000","16","0","新北市","雙溪區","121.820","24.965","15"
"11","377753","20221006051000","11","1","新北市","雙溪區","121.810","24.970","13"
"10","377756","20221006051000","16","0","新北市","雙溪區","121.825","24.970","10"
"10","377787","20221006051000","16","0","新北市","雙溪區","121.845","24.980","11"
"1258","377821","20221006051000","1401","0","桃園市","楊梅區","121.145","24.905","1288"
"1619","377823","20221006051000","1634","0","桃園市","楊梅區","121.165","24.910","1604"
"20","377824","20221006051000","65","0","桃園市","楊梅區","121.165","24.915","19"
"13","377826","20221006051000","283","0","桃園市","大溪區","121.280","24.910","12"
"1009","377827","20221006051000","992","1","桃園市","大溪區","121.285","24.910","987"
"1294","377831","20221006051000","1019","2","桃園市","大溪區","121.280","24.915","1280"
"318","377833","20221006051000","293","1","桃園市","大溪區","121.290","24.915","302"
"785","377835","20221006051000","843","0","桃園市","大溪區","121.280","24.920","752"
"714","377837","20221006051000","933","0","桃園市","大溪區","121.290","24.920","705"
"788","377839","20221006051000","614","2","桃園市","大溪區","121.275","24.900","792"
"785","377841","20221006051000","603","2","桃園市","大溪區","121.275","24.905","853"
"2640","377843","20221006051000","2534","1","桃園市","楊梅區","121.180","24.910","2593"
"1316","377844","20221006051000","1106","1","桃園市","楊梅區","121.180","24.915","1314"
"279","377845","20221006051000","307","0","桃園市","平鎮區","121.225","24.925","276"
"525","377847","20221006051000","543","0","桃園市","平鎮區","121.220","24.935","534"
"3196","377848","20221006051000","2466","2","桃園市","平鎮區","121.225","24.930","3211"
"844","377849","20221006051000","667","2","桃園市","平鎮區","121.220","24.930","854"
"545","377851","20221006051000","372","2","桃園市","平鎮區","121.230","24.925","575"
"570","377852","20221006051000","534","1","桃園市","中壢區","121.245","24.925","572"
"1634","377853","20221006051000","1452","1","桃園市","楊梅區","121.150","24.910","1629"
"1102","377854","20221006051000","775","2","桃園市","楊梅區","121.150","24.915","1083"
"108","377858","20221006051000","88","2","桃園市","楊梅區","121.130","24.905","120"
"638","377859","20221006051000","635","1","桃園市","楊梅區","121.135","24.905","651"
"68","377862","20221006051000","110","0","桃園市","楊梅區","121.135","24.910","69"
"244","377866","20221006051000","153","3","桃園市","楊梅區","121.070","24.930","233"
"405","377868","20221006051000","373","1","桃園市","楊梅區","121.065","24.935","401"
"273","377877","20221006051000","303","0","桃園市","楊梅區","121.100","24.920","263"
"73","377879","20221006051000","311","0","桃園市","楊梅區","121.070","24.925","67"
"481","377895","20221006051000","1309","0","桃園市","楊梅區","121.085","24.930","492"
"209","377896","20221006051000","162","2","桃園市","楊梅區","121.160","24.950","194"
"3144","377898","20221006051000","2773","1","桃園市","楊梅區","121.160","24.955","3155"
"163","377901","20221006051000","157","1","桃園市","楊梅區","121.120","24.895","167"
"84","377906","20221006051000","89","0","桃園市","楊梅區","121.125","24.900","88"
"276","377909","20221006051000","218","2","桃園市","平鎮區","121.210","24.910","291"
"2101","377914","20221006051000","1570","2","桃園市","平鎮區","121.210","24.920","2105"
"220","377919","20221006051000","235","0","桃園市","平鎮區","121.195","24.930","215"
"832","377920","20221006051000","792","1","桃園市","平鎮區","121.200","24.940","824"
"143","377924","20221006051000","542","0","桃園市","八德區","121.290","24.945","150"
"1758","377925","20221006051000","1327","2","桃園市","八德區","121.290","24.930","1775"
"905","377933","20221006051000","951","0","桃園市","八德區","121.275","24.960","888"
"1637","377940","20221006051000","1859","0","臺北市","文山區","121.555","24.985","1728"
"859","377941","20221006051000","733","1","臺北市","文山區","121.560","24.985","837"
"1445","377942","20221006051000","1569","0","臺北市","文山區","121.565","24.980","1380"
"34","377946","20221006051000","34","1","新北市","新店區","121.575","24.965","42"
"105","377947","20221006051000","114","0","臺北市","文山區","121.580","24.965","102"
"259","377948","20221006051000","223","1","臺北市","文山區","121.560","24.970","267"
"185","377953","20221006051000","233","0","臺北市","文山區","121.560","24.975","161"
"137","377955","20221006051000","176","0","臺北市","文山區","121.570","24.975","132"
"732","377957","20221006051000","1517","0","臺北市","文山區","121.570","24.980","695"
"2372","377958","20221006051000","2561","0","臺北市","文山區","121.565","24.985","2345"
"183","377962","20221006051000","159","1","臺北市","文山區","121.610","24.965","155"
"132","377964","20221006051000","24","3","臺北市","文山區","121.590","24.965","133"
"113","377978","20221006051000","115","0","臺北市","文山區","121.580","24.975","115"
"342","377979","20221006051000","533","0","臺北市","文山區","121.585","24.975","387"
"88","377980","20221006051000","124","0","臺北市","文山區","121.590","24.975","92"
"1357","377982","20221006051000","1502","0","臺北市","文山區","121.575","24.980","1349"
"768","377989","20221006051000","966","0","臺北市","文山區","121.585","24.985","750"
"569","377990","20221006051000","1397","0","臺北市","文山區","121.590","24.985","552"
"893","377994","20221006051000","24","3","臺北市","文山區","121.590","24.990","894"
"62","377995","20221006051000","23","3","臺北市","文山區","121.595","24.990","56"
"2724","377997","20221006051000","2826","0","臺北市","文山區","121.560","24.990","2696"
"574","377998","20221006051000","1541","0","臺北市","文山區","121.575","24.985","562"
"1188","377999","20221006051000","1250","0","臺北市","文山區","121.580","24.985","1190"
"2547","378000","20221006051000","2205","1","臺北市","文山區","121.575","24.990","2577"
"993","378001","20221006051000","950","1","臺北市","文山區","121.580","24.990","1016"
"1327","378002","20221006051000","1711","0","臺北市","文山區","121.550","24.985","1273"
"1691","378003","20221006051000","2428","0","臺北市","文山區","121.565","24.990","1697"
"2178","378004","20221006051000","2667","0","臺北市","文山區","121.570","24.990","2116"
"2054","378005","20221006051000","1847","1","臺北市","文山區","121.555","24.980","1964"
"2342","378006","20221006051000","2555","0","臺北市","文山區","121.560","24.980","2401"
"274","378007","20221006051000","478","0","臺北市","文山區","121.555","24.975","275"
"3027","378008","20221006051000","2856","1","臺北市","文山區","121.570","24.985","3048"
"2302","378009","20221006051000","2679","0","臺北市","文山區","121.545","24.990","2273"
"2933","378010","20221006051000","2992","0","臺北市","文山區","121.540","24.990","2857"
"377","378011","20221006051000","681","0","臺北市","文山區","121.550","24.990","386"
"337","378012","20221006051000","644","0","臺北市","文山區","121.555","24.990","559"
"30","378561","20221006051000","30","1","新北市","貢寮區","121.990","24.995","25"
"24","378916","20221006051000","25","0","新北市","貢寮區","122.000","25.000","26"
"61","379975","20221006051000","32","3","新北市","貢寮區","122.005","25.015","52"
"1877","382513","20221006051000","1944","0","新北市","新莊區","121.450","25.035","1896"
"829","382514","20221006051000","928","0","新北市","新莊區","121.415","25.020","823"
"2741","382515","20221006051000","2312","1","新北市","板橋區","121.430","24.995","2689"
"603","382517","20221006051000","708","0","新北市","新莊區","121.435","25.005","733"
"585","382519","20221006051000","691","0","新北市","板橋區","121.440","25.010","564"
"1602","382521","20221006051000","1879","0","新北市","新莊區","121.430","25.020","1626"
"2093","382522","20221006051000","2050","1","新北市","新莊區","121.430","25.015","2070"
"11","382523","20221006051000","391","0","新北市","新莊區","121.420","25.020","10"
"2762","382525","20221006051000","2410","1","新北市","新莊區","121.410","25.025","2689"
"141","382526","20221006051000","140","1","新北市","新莊區","121.400","25.030","123"
"3450","382528","20221006051000","4687","0","新北市","板橋區","121.470","25.015","3497"
"2929","382530","20221006051000","3250","0","新北市","板橋區","121.465","25.025","2941"
"5704","382531","20221006051000","5962","0","新北市","板橋區","121.460","25.025","5682"
"2578","382532","20221006051000","2939","0","新北市","中和區","121.480","24.995","2628"
"1816","382534","20221006051000","3059","0","新北市","板橋區","121.445","25.000","1800"
"3027","382536","20221006051000","4215","0","新北市","中和區","121.520","24.995","2974"
"2399","382537","20221006051000","3111","0","新北市","板橋區","121.455","25.025","2425"
"1228","382538","20221006051000","1517","0","臺北市","文山區","121.530","24.995","1475"
"1027","382539","20221006051000","1365","0","新北市","汐止區","121.620","25.045","1101"
"619","382546","20221006051000","619","1","新北市","樹林區","121.410","25.010","611"
"2515","382547","20221006051000","2942","0","新北市","新莊區","121.425","25.015","2479"
"2273","382548","20221006051000","2054","1","新北市","中和區","121.495","24.995","2252"
"680","382549","20221006051000","666","1","臺北市","萬華區","121.490","25.015","645"
"79","382550","20221006051000","64","2","新北市","三重區","121.480","25.050","94"
"2492","382552","20221006051000","2482","1","新北市","中和區","121.480","25.000","2468"
"1386","382553","20221006051000","1853","0","新北市","中和區","121.475","25.005","1405"
"6793","382554","20221006051000","5704","1","新北市","中和區","121.470","25.005","6804"
"4398","382555","20221006051000","6933","0","新北市","中和區","121.500","24.995","4501"
"3094","382556","20221006051000","2319","2","新北市","中和區","121.495","25.005","3108"
"2008","382557","20221006051000","3702","0","新北市","中和區","121.500","25.005","1987"
"1176","382558","20221006051000","1994","0","新北市","三重區","121.490","25.055","1167"
"673","382559","20221006051000","541","2","新北市","三重區","121.475","25.045","641"
"1622","382560","20221006051000","1889","0","新北市","板橋區","121.445","25.005","1679"
"625","382561","20221006051000","573","1","新北市","板橋區","121.445","25.010","620"
"441","382562","20221006051000","612","0","新北市","板橋區","121.450","25.005","488"
"809","382563","20221006051000","938","0","新北市","板橋區","121.450","25.020","804"
"2447","382564","20221006051000","3009","0","新北市","中和區","121.505","25.005","2379"
"1658","382565","20221006051000","2607","0","新北市","三重區","121.485","25.055","1663"
"2403","382567","20221006051000","2813","0","新北市","三重區","121.495","25.055","2418"
"1568","382568","20221006051000","1575","0","新北市","三重區","121.500","25.045","1590"
"1111","382571","20221006051000","1055","1","新北市","中和區","121.490","25.005","1188"
"1269","382572","20221006051000","906","2","新北市","中和區","121.490","25.000","1270"
"1098","382574","20221006051000","902","2","新北市","中和區","121.485","25.010","1103"
"3688","382575","20221006051000","3258","1","新北市","中和區","121.485","24.995","3677"
"2413","382576","20221006051000","2921","0","新北市","中和區","121.490","24.995","2429"
"4182","382577","20221006051000","4927","0","新北市","中和區","121.505","24.995","4052"
"123","382579","20221006051000","58","3","新北市","板橋區","121.460","25.030","99"
"3170","382580","20221006051000","3879","0","新北市","板橋區","121.455","25.015","3222"
"352","382582","20221006051000","783","0","新北市","板橋區","121.450","25.025","345"
"521","382583","20221006051000","741","0","新北市","泰山區","121.420","25.045","524"
"858","382584","20221006051000","1192","0","新北市","泰山區","121.425","25.045","864"
"301","382589","20221006051000","157","3","新北市","三重區","121.485","25.045","283"
"1168","382592","20221006051000","1077","1","新北市","三重區","121.485","25.050","1182"
"2581","382593","20221006051000","2817","0","新北市","三重區","121.490","25.050","2582"
"773","382594","20221006051000","795","0","桃園市","龜山區","121.410","25.020","730"
"2027","382595","20221006051000","2090","0","新北市","新莊區","121.460","25.050","1954"
"1529","382596","20221006051000","1330","1","新北市","新莊區","121.465","25.050","1508"
"368","382597","20221006051000","786","0","新北市","新莊區","121.460","25.055","385"
"1143","382598","20221006051000","1380","0","新北市","新莊區","121.465","25.055","1078"
"1074","382600","20221006051000","1028","1","新北市","三重區","121.470","25.045","1064"
"750","382601","20221006051000","693","1","新北市","三重區","121.470","25.050","761"
"2530","382603","20221006051000","2315","1","新北市","中和區","121.480","25.010","2521"
"4233","382604","20221006051000","3547","1","新北市","板橋區","121.475","25.010","4186"
"1696","382605","20221006051000","2537","0","新北市","中和區","121.465","24.995","1952"
"2708","382606","20221006051000","2696","1","新北市","新莊區","121.450","25.040","2713"
"3473","382607","20221006051000","3496","0","新北市","新莊區","121.445","25.040","3499"
"3648","382608","20221006051000","4547","0","新北市","新莊區","121.425","25.020","3628"
"203","382609","20221006051000","2237","0","新北市","新莊區","121.455","25.045","178"
"2419","382610","20221006051000","2460","0","新北市","板橋區","121.465","25.005","2338"
"2847","382611","20221006051000","2880","0","新北市","板橋區","121.460","25.005","3008"
"98","382614","20221006051000","266","0","新北市","深坑區","121.630","25.010","96"
"337","382615","20221006051000","256","2","新北市","深坑區","121.620","25.010","344"
"104","382618","20221006051000","363","0","新北市","深坑區","121.630","25.015","115"
"245","382623","20221006051000","470","0","新北市","深坑區","121.605","25.000","254"
"1870","382624","20221006051000","2151","0","新北市","新莊區","121.435","25.015","1864"
"32","382625","20221006051000","401","0","新北市","板橋區","121.450","25.000","25"
"705","382626","20221006051000","702","1","新北市","中和區","121.470","24.995","691"
"127","382627","20221006051000","113","1","新北市","中和區","121.480","24.990","129"
"399","382628","20221006051000","1684","0","新北市","中和區","121.475","25.000","406"
"152","382629","20221006051000","684","0","新北市","中和區","121.505","25.000","151"
"3260","382630","20221006051000","3658","0","新北市","永和區","121.525","25.005","3333"
"1418","382634","20221006051000","1207","1","新北市","樹林區","121.420","24.995","1433"
"869","382637","20221006051000","766","1","新北市","樹林區","121.420","25.000","830"
"454","382638","20221006051000","544","0","新北市","新莊區","121.440","25.030","469"
"2610","382639","20221006051000","2479","1","新北市","新莊區","121.420","25.025","2640"
"3052","382640","20221006051000","3588","0","新北市","新莊區","121.455","25.050","3018"
"3928","382641","20221006051000","3372","1","新北市","中和區","121.470","25.000","3825"
"6686","382642","20221006051000","4012","3","新北市","板橋區","121.455","25.005","6691"
"1212","382643","20221006051000","413","3","新北市","板橋區","121.445","25.020","1235"
"1032","382644","20221006051000","1055","0","新北市","板橋區","121.440","25.000","1071"
"5221","382645","20221006051000","8313","0","新北市","永和區","121.520","25.010","5179"
"1040","382646","20221006051000","963","1","新北市","樹林區","121.415","25.000","1060"
"1138","382647","20221006051000","1089","1","新北市","樹林區","121.415","25.005","1162"
"2511","382648","20221006051000","3065","0","新北市","土城區","121.455","24.995","2495"
"25","382660","20221006051000","19","2","新北市","平溪區","121.710","25.020","22"
"1312","382667","20221006051000","1291","1","新北市","新莊區","121.460","25.040","1290"
"4047","382668","20221006051000","3798","1","新北市","新莊區","121.460","25.045","3974"
"961","382671","20221006051000","1180","0","新北市","板橋區","121.445","25.015","956"
"4988","382673","20221006051000","3822","2","新北市","板橋區","121.450","24.995","5047"
"1714","382674","20221006051000","1972","0","新北市","板橋區","121.455","25.000","1765"
"5248","382675","20221006051000","4136","2","新北市","永和區","121.520","25.015","5248"
"2437","382676","20221006051000","3581","0","新北市","永和區","121.515","25.015","2421"
"2460","382677","20221006051000","3191","0","新北市","新莊區","121.445","25.030","2500"
"3118","382678","20221006051000","2389","2","新北市","新莊區","121.455","25.035","3067"
"17","382679","20221006051000","750","0","新北市","板橋區","121.460","25.035","17"
"600","382680","20221006051000","597","1","新北市","新莊區","121.465","25.040","607"
"1012","382683","20221006051000","811","2","桃園市","中壢區","121.215","25.000","1003"
"293","382686","20221006051000","355","0","桃園市","觀音區","121.125","25.030","348"
"3359","382699","20221006051000","3473","0","新北市","板橋區","121.485","25.020","3378"
"5142","382700","20221006051000","3964","2","新北市","板橋區","121.460","25.010","5041"
"3817","382701","20221006051000","2243","3","新北市","板橋區","121.460","24.995","3776"
"1550","382702","20221006051000","1372","1","新北市","樹林區","121.420","25.015","1557"
"719","382703","20221006051000","539","2","新北市","新莊區","121.435","25.010","678"
"850","382706","20221006051000","968","0","新北市","新莊區","121.440","25.020","918"
"327","382710","20221006051000","328","0","新北市","新莊區","121.445","25.025","317"
"4484","382711","20221006051000","4002","1","新北市","永和區","121.505","25.010","4436"
"3113","382712","20221006051000","3203","0","新北市","板橋區","121.475","25.020","3101"
"2685","382713","20221006051000","2529","1","新北市","新莊區","121.430","25.025","2689"
"20","382714","20221006051000","17","1","新北市","新莊區","121.435","25.025","16"
"1489","382715","20221006051000","1835","0","新北市","新莊區","121.425","25.025","1482"
"1289","382716","20221006051000","1209","1","臺北市","萬華區","121.500","25.015","1341"
"2481","382717","20221006051000","1965","2","新北市","新莊區","121.450","25.030","2505"
"245","382724","20221006051000","293","0","桃園市","中壢區","121.180","25.005","230"
"857","382730","20221006051000","492","3","桃園市","中壢區","121.190","25.010","839"
"733","382732","20221006051000","356","3","桃園市","中壢區","121.185","25.015","738"
"613","382735","20221006051000","556","1","桃園市","大園區","121.180","25.025","608"
"862","382741","20221006051000","948","0","桃園市","觀音區","121.160","24.995","867"
"430","382743","20221006051000","403","1","桃園市","觀音區","121.155","25.000","434"
"857","382759","20221006051000","778","1","桃園市","觀音區","121.160","25.020","888"
"449","382780","20221006051000","317","2","桃園市","觀音區","121.105","25.040","437"
"183","382785","20221006051000","178","1","桃園市","觀音區","121.130","25.020","185"
"173","382813","20221006051000","241","0","桃園市","觀音區","121.110","25.050","182"
"1562","382814","20221006051000","1216","2","桃園市","觀音區","121.115","25.050","1522"
"1486","382815","20221006051000","829","3","桃園市","觀音區","121.120","25.050","1542"
"396","382816","20221006051000","225","3","桃園市","觀音區","121.125","25.050","386"
"174","382820","20221006051000","111","3","桃園市","觀音區","121.120","25.055","174"
"815","382821","20221006051000","881","0","桃園市","觀音區","121.125","25.055","754"
"671","382830","20221006051000","626","1","桃園市","觀音區","121.080","25.035","653"
"416","382842","20221006051000","244","3","桃園市","觀音區","121.095","25.050","419"
"352","382853","20221006051000","583","0","桃園市","觀音區","121.145","25.040","386"
"1888","382855","20221006051000","2519","0","桃園市","觀音區","121.140","25.045","1969"
"633","382857","20221006051000","619","1","桃園市","觀音區","121.130","25.050","684"
"186","382858","20221006051000","206","0","桃園市","觀音區","121.135","25.050","197"
"525","382868","20221006051000","239","3","桃園市","觀音區","121.115","25.000","512"
"1734","382888","20221006051000","1395","2","桃園市","蘆竹區","121.270","25.010","1658"
"31","382890","20221006051000","43","0","桃園市","蘆竹區","121.265","25.015","55"
"927","382891","20221006051000","1031","0","桃園市","蘆竹區","121.240","25.025","972"
"1131","382893","20221006051000","775","2","桃園市","蘆竹區","121.250","25.025","1087"
"356","382894","20221006051000","410","0","桃園市","大園區","121.235","25.025","364"
"826","382896","20221006051000","859","0","桃園市","蘆竹區","121.245","25.025","725"
"432","382898","20221006051000","387","1","桃園市","蘆竹區","121.240","25.030","413"
"144","382911","20221006051000","152","0","新北市","石碇區","121.670","25.010","143"
"75","382935","20221006051000","71","1","新北市","石碇區","121.670","25.030","78"
"122","382953","20221006051000","88","2","新北市","石碇區","121.690","25.005","121"
"45","382971","20221006051000","36","2","新北市","石碇區","121.700","25.015","49"
"71","382976","20221006051000","69","1","新北市","石碇區","121.660","24.995","79"
"36","382980","20221006051000","42","0","新北市","石碇區","121.650","25.000","45"
"22","382991","20221006051000","29","0","新北市","貢寮區","121.885","24.995","27"
"18","382996","20221006051000","13","2","新北市","貢寮區","121.885","25.000","22"
"12","383019","20221006051000","52","0","新北市","貢寮區","122.000","25.005","41"
"65","383024","20221006051000","46","2","新北市","貢寮區","121.990","25.010","76"
"49","383035","20221006051000","49","1","新北市","貢寮區","121.985","25.020","67"
"2125","383037","20221006051000","3643","0","新北市","永和區","121.520","25.000","2049"
"4501","383038","20221006051000","4379","1","新北市","板橋區","121.475","25.025","4513"
"513","383039","20221006051000","954","0","新北市","新莊區","121.410","25.030","493"
"680","383040","20221006051000","904","0","新北市","新莊區","121.415","25.030","696"
"58","383045","20221006051000","61","0","新北市","新莊區","121.405","25.040","68"
"3408","383046","20221006051000","4037","0","新北市","新莊區","121.455","25.055","3424"
"1101","383047","20221006051000","1230","0","新北市","新莊區","121.435","25.030","1085"
"1563","383048","20221006051000","1387","1","新北市","新莊區","121.425","25.030","1551"
"668","383049","20221006051000","1389","0","新北市","新莊區","121.430","25.030","650"
"1019","383050","20221006051000","1053","0","新北市","新莊區","121.430","25.035","1028"
"3986","383054","20221006051000","5195","0","新北市","新莊區","121.445","25.050","4014"
"3982","383055","20221006051000","4083","0","新北市","新莊區","121.450","25.045","4103"
"1403","383056","20221006051000","1386","1","桃園市","蘆竹區","121.290","25.050","1435"
"1493","383057","20221006051000","1402","1","桃園市","蘆竹區","121.280","25.055","1521"
"603","383058","20221006051000","475","2","桃園市","蘆竹區","121.285","25.045","581"
"1735","383059","20221006051000","1052","3","桃園市","蘆竹區","121.285","25.050","1740"
"917","383060","20221006051000","1100","0","桃園市","蘆竹區","121.285","25.055","897"
"489","383094","20221006051000","554","0","桃園市","觀音區","121.050","25.025","530"
"394","383096","20221006051000","599","0","桃園市","觀音區","121.080","25.030","400"
"792","383099","20221006051000","701","1","桃園市","觀音區","121.085","25.035","764"
"1268","383113","20221006051000","735","3","桃園市","觀音區","121.120","25.025","1272"
"449","383117","20221006051000","426","1","桃園市","觀音區","121.115","25.025","443"
"1159","383118","20221006051000","1016","1","新北市","樹林區","121.410","25.015","1122"
"1329","383121","20221006051000","1280","1","新北市","泰山區","121.440","25.045","1352"
"21","383122","20221006051000","411","0","新北市","泰山區","121.430","25.050","17"
"952","383124","20221006051000","700","2","新北市","泰山區","121.440","25.050","915"
"73","383125","20221006051000","766","0","新北市","泰山區","121.435","25.055","77"
"1309","383126","20221006051000","1240","1","新北市","泰山區","121.425","25.050","1310"
"929","383127","20221006051000","872","1","新北市","新莊區","121.440","25.055","892"
"1198","383128","20221006051000","2061","0","新北市","新莊區","121.445","25.055","1213"
"4131","383129","20221006051000","4392","0","新北市","新莊區","121.450","25.055","4116"
"4452","383130","20221006051000","5626","0","新北市","新莊區","121.450","25.050","4511"
"1037","383131","20221006051000","1253","0","新北市","新莊區","121.455","25.040","1028"
"208","383132","20221006051000","42","3","新北市","板橋區","121.435","24.995","193"
"1263","383134","20221006051000","1445","0","新北市","板橋區","121.445","24.995","1296"
"3330","383141","20221006051000","4377","0","新北市","永和區","121.515","25.005","3350"
"4024","383142","20221006051000","4544","0","新北市","板橋區","121.470","25.025","3901"
"4290","383143","20221006051000","4646","0","新北市","板橋區","121.475","25.030","4326"
"2345","383144","20221006051000","2884","0","新北市","新莊區","121.445","25.045","2347"
"122","383152","20221006051000","114","1","新北市","泰山區","121.400","25.055","122"
"2821","383156","20221006051000","2869","0","新北市","汐止區","121.625","25.040","3008"
"18","383165","20221006051000","35","0","新北市","雙溪區","121.865","25.045","21"
"563","383204","20221006051000","651","0","新北市","中和區","121.490","25.010","585"
"308","383205","20221006051000","668","0","新北市","樹林區","121.430","25.000","280"
"2720","383207","20221006051000","3032","0","新北市","永和區","121.515","24.995","2713"
"2229","383208","20221006051000","1811","2","桃園市","桃園區","121.315","25.005","2244"
"758","383209","20221006051000","1355","0","桃園市","桃園區","121.315","25.010","784"
"555","383210","20221006051000","604","0","臺北市","萬華區","121.495","25.010","524"
"1308","383211","20221006051000","2043","0","新北市","永和區","121.500","25.010","1324"
"3921","383212","20221006051000","3667","1","新北市","永和區","121.510","25.015","3880"
"591","383214","20221006051000","541","1","新北市","汐止區","121.625","25.050","606"
"673","383218","20221006051000","476","2","桃園市","蘆竹區","121.290","25.055","660"
"974","383219","20221006051000","855","1","桃園市","蘆竹區","121.295","25.050","959"
"1364","383220","20221006051000","2041","0","桃園市","蘆竹區","121.300","25.050","1375"
"1970","383222","20221006051000","1745","1","桃園市","蘆竹區","121.300","25.055","1936"
"10","383225","20221006051000","12","0","桃園市","蘆竹區","121.315","25.055","10"
"197","383229","20221006051000","122","3","新北市","石碇區","121.645","25.005","142"
"22","383234","20221006051000","21","1","新北市","石碇區","121.700","24.995","25"
"71","383253","20221006051000","69","1","新北市","石碇區","121.665","25.010","66"
"197","383254","20221006051000","117","3","新北市","石碇區","121.645","25.010","152"
"78","383261","20221006051000","87","0","新北市","石碇區","121.655","25.015","84"
"441","383272","20221006051000","425","1","桃園市","觀音區","121.100","25.005","421"
"660","383277","20221006051000","621","1","桃園市","觀音區","121.095","25.020","677"
"309","383281","20221006051000","340","0","桃園市","觀音區","121.095","25.025","293"
"1710","383283","20221006051000","1742","0","桃園市","桃園區","121.285","24.995","1634"
"249","383284","20221006051000","335","0","桃園市","桃園區","121.290","24.995","283"
"644","383285","20221006051000","556","1","桃園市","桃園區","121.285","25.000","642"
"3624","383286","20221006051000","3629","0","桃園市","蘆竹區","121.290","25.045","3598"
"291","383287","20221006051000","221","2","桃園市","桃園區","121.280","25.030","300"
"589","383290","20221006051000","539","1","桃園市","蘆竹區","121.280","25.035","607"
"1218","383291","20221006051000","1653","0","桃園市","蘆竹區","121.285","25.035","1213"
"2636","383294","20221006051000","1962","2","桃園市","蘆竹區","121.285","25.040","2604"
"2917","383295","20221006051000","4097","0","桃園市","蘆竹區","121.290","25.040","2861"
"11","383299","20221006051000","137","0","桃園市","蘆竹區","121.255","25.025","11"
"276","383301","20221006051000","290","0","桃園市","蘆竹區","121.250","25.035","295"
"231","383311","20221006051000","251","0","桃園市","蘆竹區","121.240","25.040","254"
"136","383313","20221006051000","126","1","桃園市","蘆竹區","121.255","25.040","163"
"14","383315","20221006051000","75","0","桃園市","蘆竹區","121.250","25.045","13"
"427","383318","20221006051000","566","0","桃園市","蘆竹區","121.265","25.025","429"
"705","383325","20221006051000","471","2","桃園市","蘆竹區","121.275","25.030","685"
"37","383357","20221006051000","41","0","新北市","雙溪區","121.880","25.020","40"
"1983","383376","20221006051000","2757","0","新北市","中和區","121.485","25.000","1982"
"2289","383377","20221006051000","2972","0","新北市","中和區","121.485","25.005","2309"
"2424","383378","20221006051000","4623","0","新北市","中和區","121.500","25.000","2383"
"2500","383379","20221006051000","3314","0","新北市","板橋區","121.465","25.010","2530"
"3503","383380","20221006051000","3093","1","新北市","板橋區","121.470","25.010","3564"
"1180","383384","20221006051000","956","2","新北市","汐止區","121.635","25.040","1162"
"173","383424","20221006051000","261","0","桃園市","蘆竹區","121.255","25.050","206"
"565","383426","20221006051000","378","2","桃園市","蘆竹區","121.265","25.050","578"
"482","383435","20221006051000","326","2","桃園市","蘆竹區","121.275","25.055","476"
"463","383437","20221006051000","410","1","桃園市","大園區","121.160","25.030","452"
"385","383449","20221006051000","421","0","桃園市","觀音區","121.155","25.050","405"
"1339","383456","20221006051000","1156","1","桃園市","觀音區","121.140","25.010","1326"
"693","383457","20221006051000","650","1","桃園市","觀音區","121.145","25.010","707"
"511","383463","20221006051000","469","1","桃園市","觀音區","121.130","25.005","505"
"195","383469","20221006051000","196","0","桃園市","觀音區","121.060","25.025","190"
"321","383475","20221006051000","334","0","桃園市","觀音區","121.065","25.025","327"
"137","383483","20221006051000","122","1","桃園市","觀音區","121.060","25.035","135"
"110","383485","20221006051000","170","0","桃園市","觀音區","121.070","25.035","110"
"108","383489","20221006051000","95","1","桃園市","觀音區","121.070","25.040","109"
"1260","383492","20221006051000","1356","0","新北市","三重區","121.475","25.050","1333"
"4153","383493","20221006051000","4343","0","新北市","中和區","121.510","24.995","4099"
"4395","383494","20221006051000","5544","0","新北市","中和區","121.510","25.000","4477"
"2809","383495","20221006051000","2807","1","新北市","板橋區","121.455","25.010","2804"
"4324","383496","20221006051000","4357","0","新北市","板橋區","121.455","25.020","4258"
"2366","383500","20221006051000","3193","0","新北市","樹林區","121.425","24.995","2368"
"243","383502","20221006051000","539","0","新北市","樹林區","121.405","25.005","239"
"69","383503","20221006051000","490","0","新北市","樹林區","121.410","25.005","72"
"2638","383507","20221006051000","2659","0","新北市","永和區","121.505","25.015","2672"
"33","383513","20221006051000","55","0","桃園市","中壢區","121.245","24.995","26"
"1143","383515","20221006051000","1001","1","桃園市","中壢區","121.225","25.000","972"
"386","383519","20221006051000","419","0","桃園市","中壢區","121.245","25.000","381"
"437","383520","20221006051000","431","1","桃園市","中壢區","121.250","25.000","420"
"360","383521","20221006051000","263","2","桃園市","中壢區","121.230","25.005","349"
"414","383524","20221006051000","478","0","桃園市","中壢區","121.245","25.005","432"
"323","383526","20221006051000","405","0","桃園市","大園區","121.245","25.010","346"
"1174","383529","20221006051000","870","2","桃園市","中壢區","121.175","24.995","1204"
"666","383553","20221006051000","574","1","桃園市","中壢區","121.220","25.005","658"
"25","383554","20221006051000","124","0","桃園市","中壢區","121.215","25.010","17"
"872","383557","20221006051000","732","1","桃園市","中壢區","121.220","25.015","812"
"1665","383559","20221006051000","1751","0","新北市","板橋區","121.480","25.030","1611"
"294","383560","20221006051000","235","2","新北市","樹林區","121.420","25.005","303"
"2352","383562","20221006051000","2025","1","新北市","新莊區","121.430","25.005","2336"
"1154","383563","20221006051000","1206","0","新北市","樹林區","121.425","25.010","1157"
"148","383564","20221006051000","842","0","新北市","樹林區","121.425","25.000","158"
"3917","383565","20221006051000","3816","1","新北市","永和區","121.515","25.000","3915"
"3036","383566","20221006051000","3121","0","新北市","永和區","121.520","25.005","2995"
"2250","383567","20221006051000","1769","2","新北市","中和區","121.480","25.005","2251"
"451","383568","20221006051000","475","0","新北市","泰山區","121.415","25.050","452"
"1787","383572","20221006051000","1880","0","新北市","泰山區","121.430","25.055","1761"
"2571","383573","20221006051000","2354","1","新北市","板橋區","121.460","25.000","2628"
"4125","383574","20221006051000","4080","1","新北市","中和區","121.495","25.000","4112"
"2068","383575","20221006051000","2773","0","新北市","板橋區","121.465","25.030","2046"
"4422","383576","20221006051000","3775","1","新北市","板橋區","121.470","25.030","4366"
"176","383589","20221006051000","187","0","新北市","深坑區","121.615","25.000","197"
"454","383590","20221006051000","874","0","新北市","深坑區","121.620","25.000","463"
"1438","383591","20221006051000","1308","1","新北市","深坑區","121.625","25.000","1425"
"576","383599","20221006051000","326","3","新北市","深坑區","121.635","25.005","587"
"1483","383600","20221006051000","1367","1","新北市","深坑區","121.615","25.005","1446"
"4300","383602","20221006051000","4648","0","新北市","板橋區","121.480","25.025","4337"
"3473","383603","20221006051000","4394","0","新北市","新莊區","121.445","25.035","3430"
"257","383604","20221006051000","712","0","新北市","永和區","121.530","25.000","251"
"2188","383605","20221006051000","3285","0","新北市","板橋區","121.480","25.020","2234"
"4467","383606","20221006051000","4452","1","新北市","板橋區","121.480","25.015","4441"
"1297","383607","20221006051000","1542","0","桃園市","桃園區","121.310","25.010","1260"
"3407","383608","20221006051000","2628","2","桃園市","桃園區","121.310","25.015","3338"
"3008","383609","20221006051000","4561","0","新北市","永和區","121.510","25.010","3022"
"3729","383610","20221006051000","4167","0","新北市","永和區","121.515","25.010","3823"
"2536","383611","20221006051000","2675","0","新北市","板橋區","121.460","25.015","2575"
"2713","383612","20221006051000","3264","0","新北市","板橋區","121.465","25.000","2565"
"1896","383614","20221006051000","1501","2","桃園市","桃園區","121.300","25.010","1878"
"2968","383615","20221006051000","2517","1","桃園市","桃園區","121.315","24.995","2922"
"204","383616","20221006051000","231","0","新北市","深坑區","121.605","25.005","206"
"97","383618","20221006051000","101","0","新北市","深坑區","121.600","25.010","86"
"1723","383631","20221006051000","1913","0","新北市","深坑區","121.600","25.005","1760"
"2142","383632","20221006051000","2213","0","新北市","中和區","121.485","25.015","2156"
"2811","383633","20221006051000","3026","0","新北市","板橋區","121.475","25.015","2818"
"4161","383634","20221006051000","4235","0","新北市","板橋區","121.450","25.015","4206"
"2404","383635","20221006051000","2886","0","新北市","永和區","121.510","25.005","2375"
"2391","383636","20221006051000","2408","0","新北市","板橋區","121.450","25.010","2388"
"859","383637","20221006051000","902","0","新北市","樹林區","121.405","25.015","865"
"356","383638","20221006051000","205","3","新北市","樹林區","121.420","25.010","329"
"1276","383639","20221006051000","1071","1","新北市","樹林區","121.415","25.015","1261"
"38","383641","20221006051000","37","1","新北市","平溪區","121.765","25.035","42"
"166","383658","20221006051000","173","0","新北市","平溪區","121.775","25.040","166"
"109","383678","20221006051000","73","2","新北市","平溪區","121.740","25.025","140"
"120","383679","20221006051000","97","2","新北市","平溪區","121.745","25.025","114"
"26","383682","20221006051000","19","2","新北市","平溪區","121.745","25.030","23"
"15","383718","20221006051000","15","1","新北市","平溪區","121.780","25.025","15"
"37","383787","20221006051000","31","1","新北市","平溪區","121.750","25.005","35"
"50","383811","20221006051000","228","0","新北市","平溪區","121.715","25.020","57"
"1193","383828","20221006051000","2213","0","新北市","中和區","121.475","24.995","1176"
"4307","383829","20221006051000","5661","0","新北市","板橋區","121.470","25.020","4213"
"371","383830","20221006051000","410","0","新北市","板橋區","121.440","25.005","436"
"1155","383831","20221006051000","681","3","新北市","新莊區","121.440","25.015","1175"
"1443","383833","20221006051000","2464","0","新北市","永和區","121.515","25.020","1440"
"176","383834","20221006051000","154","1","新北市","汐止區","121.645","25.030","162"
"350","383848","20221006051000","301","1","新北市","汐止區","121.645","25.040","317"
"15","383859","20221006051000","23","0","新北市","汐止區","121.670","25.045","22"
"39","383862","20221006051000","96","0","新北市","汐止區","121.660","25.050","41"
"664","383865","20221006051000","626","1","新北市","永和區","121.530","25.005","681"
"683","383866","20221006051000","692","0","新北市","新莊區","121.465","25.045","696"
"1702","383867","20221006051000","1936","0","新北市","新莊區","121.415","25.025","1700"
"1679","383868","20221006051000","2756","0","新北市","中和區","121.525","24.995","1609"
"1004","383871","20221006051000","1368","0","桃園市","中壢區","121.200","25.010","990"
"625","383880","20221006051000","513","2","桃園市","中壢區","121.200","25.020","639"
"84","383883","20221006051000","148","0","新北市","深坑區","121.635","25.010","74"
"2886","383889","20221006051000","1928","2","新北市","板橋區","121.465","25.015","2892"
"22","383890","20221006051000","248","0","新北市","板橋區","121.475","25.035","20"
"1255","383891","20221006051000","1111","1","新北市","板橋區","121.480","25.035","1188"
"4995","383893","20221006051000","4968","1","新北市","板橋區","121.465","25.020","5027"
"2877","383894","20221006051000","2896","0","新北市","板橋區","121.460","25.020","2900"
"3594","383895","20221006051000","2874","2","新北市","永和區","121.525","25.010","3521"
"5150","383896","20221006051000","5105","1","新北市","永和區","121.525","25.000","5081"
"429","383897","20221006051000","433","0","桃園市","龜山區","121.365","25.030","421"
"571","383900","20221006051000","653","0","桃園市","龜山區","121.360","25.040","568"
"644","383902","20221006051000","715","0","桃園市","龜山區","121.360","25.045","635"
"1453","383903","20221006051000","1268","1","桃園市","龜山區","121.360","25.050","1570"
"1153","383904","20221006051000","1715","0","桃園市","龜山區","121.365","25.050","1147"
"1472","383905","20221006051000","1529","0","桃園市","龜山區","121.360","25.055","1458"
"3546","383906","20221006051000","2437","2","桃園市","龜山區","121.365","25.055","3627"
"1174","383907","20221006051000","1051","1","桃園市","龜山區","121.375","25.035","2016"
"335","383908","20221006051000","365","0","桃園市","龜山區","121.370","25.040","296"
"221","383909","20221006051000","151","2","桃園市","龜山區","121.375","25.040","152"
"86","383910","20221006051000","68","2","桃園市","龜山區","121.365","25.045","92"
"440","383911","20221006051000","469","0","桃園市","龜山區","121.370","25.045","463"
"103","383912","20221006051000","153","0","桃園市","龜山區","121.375","25.045","61"
"749","383913","20221006051000","808","0","桃園市","龜山區","121.370","25.050","759"
"370","383914","20221006051000","233","3","桃園市","龜山區","121.375","25.050","385"
"1712","383915","20221006051000","1893","0","桃園市","龜山區","121.370","25.055","1763"
"1787","383916","20221006051000","1511","1","桃園市","龜山區","121.375","25.055","1800"
"509","383919","20221006051000","555","0","桃園市","龜山區","121.360","25.000","487"
"851","383922","20221006051000","804","1","桃園市","龜山區","121.340","25.000","861"
"593","383924","20221006051000","425","2","桃園市","龜山區","121.340","25.005","557"
"1293","383928","20221006051000","1002","2","桃園市","龜山區","121.365","25.005","993"
"433","383930","20221006051000","264","3","桃園市","龜山區","121.355","25.010","441"
"219","383939","20221006051000","271","0","桃園市","龜山區","121.360","25.020","216"
"607","383940","20221006051000","559","1","桃園市","龜山區","121.365","25.015","609"
"161","383941","20221006051000","199","0","桃園市","龜山區","121.370","25.020","146"
"119","383945","20221006051000","125","0","桃園市","龜山區","121.365","25.020","124"
"1258","383958","20221006051000","1088","1","桃園市","龜山區","121.335","24.995","1250"
"399","383959","20221006051000","986","0","桃園市","龜山區","121.345","25.005","432"
"851","383962","20221006051000","756","1","桃園市","龜山區","121.345","25.010","831"
"504","383966","20221006051000","472","1","桃園市","龜山區","121.345","25.015","511"
"226","383978","20221006051000","246","0","桃園市","龜山區","121.350","25.020","245"
"33","383987","20221006051000","29","1","桃園市","龜山區","121.345","25.030","31"
"112","383989","20221006051000","95","1","桃園市","龜山區","121.355","25.030","112"
"57","383991","20221006051000","70","0","桃園市","龜山區","121.380","25.020","50"
"383","383995","20221006051000","493","0","桃園市","龜山區","121.385","25.025","398"
"289","383996","20221006051000","325","0","桃園市","龜山區","121.390","25.025","230"
"2097","384001","20221006051000","1974","1","桃園市","龜山區","121.390","25.030","2194"
"378","384003","20221006051000","238","3","桃園市","龜山區","121.385","25.035","433"
"1612","384004","20221006051000","1311","2","桃園市","龜山區","121.390","25.035","1642"
"55","384008","20221006051000","28","3","桃園市","龜山區","121.385","25.040","65"
"1187","384009","20221006051000","1170","1","桃園市","龜山區","121.390","25.040","1195"
"1195","384015","20221006051000","632","3","桃園市","龜山區","121.380","25.050","1451"
"119","384019","20221006051000","482","0","桃園市","龜山區","121.380","25.055","123"
"5996","384021","20221006051000","6433","0","臺北市","中山區","121.525","25.050","6123"
"5696","384022","20221006051000","5746","0","臺北市","中山區","121.530","25.055","5626"
"419","384040","20221006051000","388","1","桃園市","大園區","121.185","25.045","445"
"291","384041","20221006051000","298","0","桃園市","大園區","121.190","25.045","291"
"186","384058","20221006051000","181","1","桃園市","龜山區","121.355","24.995","197"
"259","384060","20221006051000","177","2","桃園市","龜山區","121.355","25.000","238"
"2480","384064","20221006051000","2547","0","新北市","永和區","121.510","25.020","2455"
"2410","384065","20221006051000","2718","0","臺北市","中正區","121.515","25.025","2494"
"1673","384066","20221006051000","3397","0","臺北市","中正區","121.525","25.020","1645"
"492","384067","20221006051000","452","1","臺北市","中正區","121.515","25.040","486"
"3281","384068","20221006051000","4099","0","臺北市","中正區","121.515","25.045","3548"
"4518","384069","20221006051000","3898","1","臺北市","中山區","121.535","25.055","4493"
"1916","384070","20221006051000","1691","1","臺北市","文山區","121.560","25.005","1849"
"627","384071","20221006051000","792","0","臺北市","大安區","121.560","25.010","607"
"483","384072","20221006051000","1163","0","桃園市","桃園區","121.310","24.995","476"
"3466","384073","20221006051000","3407","1","臺北市","中山區","121.535","25.045","3481"
"1603","384074","20221006051000","2171","0","臺北市","中山區","121.535","25.050","1626"
"2904","384075","20221006051000","2330","2","臺北市","中正區","121.515","25.030","2888"
"4060","384076","20221006051000","5703","0","臺北市","信義區","121.565","25.025","4015"
"1873","384077","20221006051000","2044","0","臺北市","信義區","121.575","25.045","1846"
"362","384078","20221006051000","526","0","臺北市","信義區","121.585","25.035","349"
"1211","384079","20221006051000","1433","0","臺北市","信義區","121.565","25.020","1216"
"921","384081","20221006051000","829","1","桃園市","桃園區","121.290","25.010","868"
"844","384082","20221006051000","1512","0","桃園市","桃園區","121.285","25.015","822"
"1052","384083","20221006051000","977","1","桃園市","桃園區","121.290","25.015","1010"
"3215","384084","20221006051000","3614","0","臺北市","中正區","121.525","25.045","3266"
"3806","384085","20221006051000","2923","2","臺北市","中正區","121.530","25.045","3712"
"846","384086","20221006051000","2199","0","臺北市","中正區","121.530","25.010","1322"
"4346","384087","20221006051000","4636","0","臺北市","中山區","121.525","25.055","4336"
"2530","384088","20221006051000","2603","0","臺北市","中山區","121.540","25.045","2535"
"3131","384089","20221006051000","3528","0","臺北市","大安區","121.540","25.040","3134"
"2841","384090","20221006051000","2797","1","臺北市","中正區","121.520","25.030","2820"
"914","384091","20221006051000","852","1","臺北市","中正區","121.520","25.035","911"
"2176","384092","20221006051000","2044","1","臺北市","中正區","121.520","25.040","2131"
"6562","384093","20221006051000","6867","0","臺北市","中正區","121.525","25.040","6574"
"310","384094","20221006051000","809","0","臺北市","中正區","121.525","25.015","301"
"1599","384100","20221006051000","1005","3","桃園市","中壢區","121.200","25.000","1615"
"794","384103","20221006051000","561","2","桃園市","中壢區","121.200","25.005","798"
"1026","384104","20221006051000","1184","0","新北市","泰山區","121.420","25.030","1041"
"432","384106","20221006051000","382","1","新北市","泰山區","121.425","25.035","446"
"2678","384109","20221006051000","2590","1","新北市","泰山區","121.420","25.040","2619"
"894","384111","20221006051000","1193","0","新北市","泰山區","121.425","25.040","882"
"1974","384112","20221006051000","1603","2","新北市","泰山區","121.430","25.040","1991"
"118","384113","20221006051000","91","2","桃園市","龜山區","121.330","24.995","124"
"57","384129","20221006051000","36","3","桃園市","龜山區","121.375","25.010","41"
"448","384131","20221006051000","417","1","桃園市","龜山區","121.385","25.010","449"
"141","384132","20221006051000","157","0","桃園市","龜山區","121.390","25.010","146"
"1189","384140","20221006051000","1083","1","桃園市","龜山區","121.395","25.020","1181"
"521","384141","20221006051000","602","0","桃園市","龜山區","121.400","25.020","512"
"1369","384142","20221006051000","1233","1","桃園市","龜山區","121.340","24.995","1346"
"2012","384145","20221006051000","1865","1","桃園市","龜山區","121.345","25.000","2145"
"4480","384146","20221006051000","5144","0","臺北市","中山區","121.520","25.055","4449"
"1175","384147","20221006051000","954","2","桃園市","桃園區","121.305","25.025","1135"
"65","384149","20221006051000","57","1","桃園市","新屋區","121.030","25.000","62"
"144","384152","20221006051000","151","0","桃園市","新屋區","121.030","25.005","126"
"107","384164","20221006051000","122","0","桃園市","新屋區","121.060","24.995","86"
"294","384167","20221006051000","258","1","桃園市","新屋區","121.060","25.000","281"
"592","384185","20221006051000","616","0","桃園市","新屋區","121.075","25.005","599"
"13","384188","20221006051000","31","0","桃園市","桃園區","121.325","25.000","11"
"79","384189","20221006051000","72","1","桃園市","桃園區","121.320","25.005","74"
"880","384190","20221006051000","876","1","桃園市","桃園區","121.325","25.005","877"
"3007","384194","20221006051000","3605","0","臺北市","中正區","121.510","25.025","3041"
"33","384227","20221006051000","28","1","新北市","貢寮區","121.955","25.005","36"
"15","384234","20221006051000","20","0","新北市","貢寮區","121.950","25.010","22"
"305","384241","20221006051000","263","1","新北市","貢寮區","121.945","25.015","325"
"61","384254","20221006051000","49","2","新北市","貢寮區","121.970","25.025","58"
"308","384267","20221006051000","281","1","新北市","貢寮區","121.905","25.020","287"
"16","384270","20221006051000","25","0","新北市","貢寮區","121.900","25.025","20"
"10","384288","20221006051000","12","0","新北市","貢寮區","121.930","25.000","11"
"103","384299","20221006051000","105","0","新北市","貢寮區","121.920","25.010","103"
"37","384306","20221006051000","58","0","新北市","貢寮區","121.930","25.015","31"
"25","384338","20221006051000","23","1","新北市","貢寮區","121.905","25.010","28"
"167","384342","20221006051000","182","0","新北市","貢寮區","121.945","25.020","303"
"91","384349","20221006051000","91","1","新北市","貢寮區","121.930","25.030","89"
"2394","384355","20221006051000","1901","2","桃園市","龜山區","121.400","25.015","2375"
"2905","384356","20221006051000","2632","1","桃園市","龜山區","121.405","25.020","2963"
"201","384362","20221006051000","171","1","桃園市","新屋區","121.045","25.005","204"
"193","384367","20221006051000","282","0","桃園市","桃園區","121.320","24.995","138"
"1505","384368","20221006051000","1521","0","桃園市","桃園區","121.325","24.995","1509"
"1582","384371","20221006051000","1720","0","桃園市","桃園區","121.295","25.000","1585"
"453","384372","20221006051000","446","1","桃園市","桃園區","121.280","25.005","468"
"103","384373","20221006051000","52","3","桃園市","桃園區","121.285","25.005","88"
"913","384374","20221006051000","923","0","桃園市","桃園區","121.280","25.010","887"
"1640","384375","20221006051000","1986","0","桃園市","桃園區","121.300","25.000","1640"
"1412","384376","20221006051000","1525","0","桃園市","桃園區","121.305","25.000","1458"
"1105","384377","20221006051000","1069","1","桃園市","桃園區","121.310","25.025","1094"
"379","384378","20221006051000","337","1","桃園市","桃園區","121.310","25.020","387"
"835","384379","20221006051000","584","2","桃園市","桃園區","121.315","25.025","813"
"1056","384382","20221006051000","1222","0","桃園市","桃園區","121.300","25.025","1093"
"859","384383","20221006051000","767","1","桃園市","桃園區","121.305","25.020","847"
"10","384386","20221006051000","10","1","桃園市","桃園區","121.300","25.030","13"
"27","384387","20221006051000","23","1","桃園市","桃園區","121.295","24.995","33"
"2358","384388","20221006051000","3195","0","臺北市","中山區","121.530","25.050","2377"
"3815","384389","20221006051000","4084","0","桃園市","桃園區","121.295","25.025","3853"
"24","384391","20221006051000","11","3","桃園市","蘆竹區","121.295","25.035","24"
"2664","384392","20221006051000","2955","0","桃園市","蘆竹區","121.295","25.040","2589"
"2199","384393","20221006051000","2427","0","桃園市","桃園區","121.300","25.015","2119"
"4951","384394","20221006051000","4014","2","桃園市","桃園區","121.295","25.015","4912"
"2997","384395","20221006051000","2802","1","桃園市","桃園區","121.320","25.010","3005"
"1782","384398","20221006051000","1108","3","桃園市","桃園區","121.310","25.000","1814"
"797","384399","20221006051000","861","0","桃園市","桃園區","121.315","25.000","819"
"384","384400","20221006051000","429","0","桃園市","桃園區","121.320","25.000","395"
"878","384401","20221006051000","848","1","桃園市","桃園區","121.310","25.005","910"
"355","384402","20221006051000","317","1","臺北市","南港區","121.590","25.035","380"
"356","384403","20221006051000","325","1","臺北市","大安區","121.550","25.015","337"
"3380","384404","20221006051000","4264","0","臺北市","大安區","121.555","25.020","3393"
"4613","384405","20221006051000","4815","0","臺北市","大安區","121.550","25.020","4665"
"2185","384408","20221006051000","2072","1","桃園市","桃園區","121.305","25.010","2171"
"2521","384409","20221006051000","3548","0","臺北市","中正區","121.530","25.015","2555"
"3272","384410","20221006051000","3174","1","臺北市","中正區","121.525","25.035","3327"
"1423","384411","20221006051000","2052","0","臺北市","中山區","121.540","25.050","1588"
"1118","384412","20221006051000","1301","0","桃園市","桃園區","121.290","25.020","1172"
"3781","384413","20221006051000","4499","0","臺北市","信義區","121.560","25.045","3708"
"52","384415","20221006051000","154","0","桃園市","桃園區","121.300","24.995","46"
"1793","384416","20221006051000","1975","0","桃園市","桃園區","121.290","25.025","1699"
"874","384417","20221006051000","740","1","桃園市","桃園區","121.290","25.005","859"
"2049","384418","20221006051000","2026","1","桃園市","桃園區","121.295","25.005","1936"
"1022","384419","20221006051000","1426","0","桃園市","桃園區","121.295","25.010","1013"
"2929","384420","20221006051000","3514","0","臺北市","大同區","121.510","25.055","2862"
"1487","384421","20221006051000","1548","0","臺北市","中正區","121.520","25.020","1526"
"5109","384422","20221006051000","4343","1","臺北市","信義區","121.570","25.025","5040"
"1590","384424","20221006051000","1368","1","臺北市","信義區","121.570","25.030","1513"
"998","384425","20221006051000","1456","0","臺北市","信義區","121.575","25.030","941"
"2470","384426","20221006051000","2727","0","臺北市","大同區","121.515","25.050","2425"
"3461","384427","20221006051000","3220","1","臺北市","中山區","121.520","25.050","3579"
"2221","384428","20221006051000","2505","0","臺北市","大同區","121.515","25.055","2235"
"2431","384429","20221006051000","2260","1","桃園市","桃園區","121.305","24.995","2386"
"2875","384430","20221006051000","2419","1","桃園市","桃園區","121.300","25.005","2935"
"731","384431","20221006051000","643","1","臺北市","大同區","121.505","25.050","727"
"1614","384432","20221006051000","1633","0","臺北市","大同區","121.510","25.050","1541"
"227","384433","20221006051000","1137","0","臺北市","大安區","121.555","25.040","220"
"5712","384434","20221006051000","6414","0","臺北市","大安區","121.555","25.030","5863"
"3981","384435","20221006051000","3459","1","臺北市","大安區","121.530","25.025","3895"
"989","384436","20221006051000","2145","0","臺北市","大安區","121.525","25.030","1033"
"3662","384437","20221006051000","4283","0","臺北市","大安區","121.525","25.025","3808"
"2388","384438","20221006051000","2457","0","臺北市","大安區","121.545","25.035","2383"
"4818","384439","20221006051000","5889","0","臺北市","大安區","121.545","25.030","5321"
"3580","384440","20221006051000","3769","0","臺北市","大安區","121.555","25.035","3670"
"2739","384441","20221006051000","4684","0","臺北市","大安區","121.550","25.025","2839"
"5269","384442","20221006051000","5062","1","臺北市","中正區","121.530","25.035","5328"
"2418","384443","20221006051000","2269","1","臺北市","中正區","121.510","25.045","2428"
"279","384446","20221006051000","385","0","桃園市","蘆竹區","121.270","25.015","384"
"499","384447","20221006051000","383","2","桃園市","蘆竹區","121.260","25.025","534"
"1562","384448","20221006051000","1311","1","桃園市","蘆竹區","121.265","25.020","1568"
"211","384449","20221006051000","385","0","桃園市","蘆竹區","121.270","25.020","253"
"16","384454","20221006051000","14","1","桃園市","蘆竹區","121.255","25.000","15"
"24","384461","20221006051000","55","0","桃園市","蘆竹區","121.260","25.010","30"
"13","384463","20221006051000","104","0","桃園市","蘆竹區","121.250","25.015","13"
"486","384466","20221006051000","473","1","桃園市","蘆竹區","121.250","25.020","455"
"1359","384467","20221006051000","1294","1","桃園市","蘆竹區","121.255","25.020","1369"
"2752","384468","20221006051000","2192","2","桃園市","蘆竹區","121.260","25.020","2988"
"2690","384469","20221006051000","3112","0","桃園市","蘆竹區","121.295","25.055","2682"
"386","384473","20221006051000","365","1","桃園市","桃園區","121.305","25.030","386"
"82","384480","20221006051000","106","0","桃園市","龜山區","121.305","25.035","70"
"611","384489","20221006051000","893","0","桃園市","蘆竹區","121.295","25.045","603"
"734","384497","20221006051000","929","0","桃園市","龜山區","121.305","25.045","721"
"167","384499","20221006051000","196","0","桃園市","龜山區","121.315","25.045","166"
"15","384502","20221006051000","20","0","桃園市","龜山區","121.330","25.045","14"
"103","384507","20221006051000","166","0","桃園市","龜山區","121.320","25.050","116"
"203","384514","20221006051000","208","0","桃園市","龜山區","121.335","25.055","195"
"334","384517","20221006051000","404","0","桃園市","龜山區","121.340","25.035","341"
"272","384521","20221006051000","247","1","桃園市","龜山區","121.345","25.040","264"
"190","384522","20221006051000","173","1","桃園市","龜山區","121.350","25.040","169"
"16","384523","20221006051000","17","0","桃園市","龜山區","121.355","25.040","18"
"446","384525","20221006051000","575","0","桃園市","龜山區","121.350","25.045","507"
"523","384526","20221006051000","369","2","桃園市","龜山區","121.355","25.045","502"
"11","384527","20221006051000","36","0","桃園市","龜山區","121.345","25.050","11"
"663","384528","20221006051000","825","0","桃園市","龜山區","121.350","25.050","784"
"387","384532","20221006051000","295","2","桃園市","龜山區","121.350","25.055","124"
"707","384533","20221006051000","1651","0","臺北市","信義區","121.570","25.035","712"
"2159","384534","20221006051000","3145","0","臺北市","信義區","121.575","25.035","2082"
"25","384549","20221006051000","30","0","臺北市","南港區","121.630","25.030","22"
"1155","384552","20221006051000","905","2","臺北市","南港區","121.620","25.035","1137"
"103","384554","20221006051000","84","2","新北市","汐止區","121.630","25.035","101"
"1232","384555","20221006051000","1021","2","臺北市","南港區","121.620","25.040","936"
"3216","384556","20221006051000","4810","0","臺北市","信義區","121.575","25.040","3167"
"3568","384557","20221006051000","4303","0","臺北市","南港區","121.585","25.045","3504"
"86","384572","20221006051000","58","2","新北市","雙溪區","121.825","25.025","90"
"611","384614","20221006051000","714","0","新北市","雙溪區","121.865","25.035","640"
"33","384624","20221006051000","30","1","新北市","雙溪區","121.830","25.000","26"
"21","384641","20221006051000","30","0","新北市","雙溪區","121.805","25.015","23"
"121","384662","20221006051000","110","1","新北市","雙溪區","121.840","25.035","118"
"321","384679","20221006051000","257","2","新北市","雙溪區","121.865","25.040","298"
"22","384696","20221006051000","22","1","新北市","雙溪區","121.845","24.995","20"
"445","384710","20221006051000","407","1","桃園市","桃園區","121.275","25.020","459"
"378","384711","20221006051000","421","0","桃園市","桃園區","121.280","25.020","388"
"265","384716","20221006051000","555","0","臺北市","信義區","121.565","25.030","251"
"7036","384717","20221006051000","7207","0","臺北市","信義區","121.560","25.030","6993"
"2278","384718","20221006051000","3366","0","臺北市","中正區","121.520","25.025","2280"
"670","384719","20221006051000","1038","0","桃園市","大園區","121.210","25.005","649"
"597","384720","20221006051000","770","0","桃園市","大園區","121.210","25.010","583"
"1549","384721","20221006051000","1018","3","桃園市","大園區","121.210","25.015","1530"
"840","384722","20221006051000","678","2","桃園市","大園區","121.210","25.020","769"
"100","384723","20221006051000","110","0","桃園市","大園區","121.220","25.020","110"
"687","384726","20221006051000","707","0","桃園市","大園區","121.220","25.025","705"
"410","384729","20221006051000","595","0","桃園市","大園區","121.215","25.025","437"
"685","384731","20221006051000","555","2","桃園市","大園區","121.205","25.035","684"
"483","384739","20221006051000","390","2","桃園市","大園區","121.205","25.050","478"
"73","384743","20221006051000","58","2","桃園市","大園區","121.210","25.055","59"
"3023","384744","20221006051000","3522","0","臺北市","信義區","121.580","25.040","2992"
"622","384745","20221006051000","1080","0","臺北市","中正區","121.510","25.030","617"
"2116","384746","20221006051000","1942","1","臺北市","中正區","121.520","25.045","2149"
"2788","384747","20221006051000","3201","0","臺北市","中正區","121.505","25.030","2836"
"1462","384748","20221006051000","1179","2","臺北市","中正區","121.510","25.035","1414"
"329","384749","20221006051000","254","2","臺北市","中正區","121.515","25.035","329"
"1207","384750","20221006051000","1396","0","臺北市","中正區","121.510","25.040","1214"
"1861","384751","20221006051000","1662","1","桃園市","桃園區","121.305","25.015","1835"
"1977","384752","20221006051000","2243","0","桃園市","桃園區","121.300","25.020","2025"
"3856","384754","20221006051000","3553","1","桃園市","桃園區","121.295","25.020","3762"
"3200","384756","20221006051000","3358","0","桃園市","桃園區","121.315","25.015","3203"
"656","384757","20221006051000","2506","0","桃園市","桃園區","121.315","25.020","659"
"1893","384759","20221006051000","2265","0","桃園市","桃園區","121.305","25.005","1835"
"3323","384760","20221006051000","4024","0","臺北市","信義區","121.570","25.045","3522"
"682","384761","20221006051000","648","1","臺北市","信義區","121.575","25.015","688"
"661","384763","20221006051000","787","0","臺北市","信義區","121.575","25.020","647"
"306","384770","20221006051000","398","0","桃園市","大園區","121.225","25.015","293"
"504","384775","20221006051000","735","0","桃園市","大園區","121.230","25.020","524"
"27","384776","20221006051000","26","1","桃園市","大園區","121.235","25.020","22"
"332","384777","20221006051000","459","0","桃園市","大園區","121.240","25.020","344"
"132","384783","20221006051000","164","0","桃園市","大園區","121.230","25.025","135"
"72","384787","20221006051000","87","0","桃園市","大園區","121.220","25.035","75"
"580","384788","20221006051000","578","1","桃園市","大園區","121.225","25.035","573"
"443","384790","20221006051000","364","2","桃園市","大園區","121.165","25.050","443"
"663","384794","20221006051000","614","1","桃園市","大園區","121.160","25.055","668"
"250","384798","20221006051000","224","1","桃園市","大園區","121.175","25.055","240"
"451","384806","20221006051000","442","1","桃園市","大園區","121.175","25.030","440"
"292","384811","20221006051000","173","3","桃園市","大園區","121.180","25.035","292"
"240","384818","20221006051000","194","2","桃園市","大園區","121.215","25.035","232"
"425","384824","20221006051000","468","0","桃園市","大園區","121.215","25.045","439"
"154","384830","20221006051000","173","0","桃園市","大園區","121.215","25.055","164"
"715","384831","20221006051000","717","0","桃園市","大園區","121.220","25.055","696"
"3064","384843","20221006051000","4183","0","臺北市","松山區","121.550","25.045","3061"
"2103","384844","20221006051000","2444","0","臺北市","信義區","121.565","25.045","2110"
"74","384845","20221006051000","74","1","臺北市","南港區","121.595","25.035","67"
"1873","384846","20221006051000","2467","0","臺北市","大安區","121.535","25.020","2207"
"502","384847","20221006051000","487","1","臺北市","大安區","121.535","25.030","517"
"1344","384848","20221006051000","1066","2","臺北市","文山區","121.575","25.000","1351"
"34","384849","20221006051000","56","0","臺北市","文山區","121.590","25.000","42"
"131","384853","20221006051000","135","0","臺北市","文山區","121.585","25.005","139"
"534","384856","20221006051000","347","3","臺北市","文山區","121.570","25.010","552"
"98","384857","20221006051000","128","0","臺北市","文山區","121.575","25.010","88"
"46","384862","20221006051000","29","3","臺北市","文山區","121.590","25.010","49"
"1148","384864","20221006051000","589","3","臺北市","大安區","121.540","25.010","1161"
"3833","384865","20221006051000","3712","1","臺北市","文山區","121.540","25.005","3880"
"1300","384868","20221006051000","1448","0","臺北市","萬華區","121.490","25.035","1319"
"2985","384871","20221006051000","2625","1","臺北市","文山區","121.560","25.000","2982"
"2258","384874","20221006051000","1781","2","臺北市","萬華區","121.495","25.015","2484"
"67","384876","20221006051000","56","1","臺北市","信義區","121.565","25.015","63"
"2948","384878","20221006051000","3150","0","臺北市","大安區","121.550","25.035","2471"
"3239","384879","20221006051000","3099","1","臺北市","中正區","121.530","25.040","3214"
"9765","384880","20221006051000","8011","2","臺北市","大安區","121.550","25.030","10209"
"4134","384881","20221006051000","4779","0","臺北市","信義區","121.555","25.025","4233"
"1408","384882","20221006051000","1005","2","臺北市","文山區","121.550","24.995","1406"
"3510","384883","20221006051000","3192","1","臺北市","文山區","121.550","25.000","3519"
"3906","384884","20221006051000","4301","0","臺北市","萬華區","121.500","25.020","3330"
"4149","384885","20221006051000","3993","1","臺北市","大安區","121.530","25.020","4167"
"4101","384886","20221006051000","3608","1","臺北市","大安區","121.540","25.035","4141"
"494","384888","20221006051000","457","1","臺北市","文山區","121.565","25.000","503"
"185","384889","20221006051000","438","0","臺北市","文山區","121.565","25.005","195"
"963","384890","20221006051000","1112","0","臺北市","文山區","121.570","25.005","957"
"28","384893","20221006051000","35","0","臺北市","文山區","121.585","24.995","34"
"343","384895","20221006051000","343","1","臺北市","文山區","121.580","25.000","328"
"10","384896","20221006051000","12","0","臺北市","文山區","121.585","25.000","10"
"270","384897","20221006051000","315","0","新北市","深坑區","121.600","25.000","290"
"3513","384898","20221006051000","4316","0","臺北市","文山區","121.540","24.995","3308"
"195","384899","20221006051000","212","0","臺北市","文山區","121.570","24.995","210"
"1671","384900","20221006051000","1499","1","臺北市","文山區","121.570","25.000","1645"
"4909","384901","20221006051000","5017","0","臺北市","文山區","121.540","25.000","4921"
"1710","384903","20221006051000","2145","0","臺北市","萬華區","121.505","25.020","568"
"1417","384904","20221006051000","1405","1","臺北市","文山區","121.555","24.995","1425"
"1562","384905","20221006051000","1288","2","臺北市","文山區","121.560","24.995","1597"
"1606","384906","20221006051000","2134","0","臺北市","文山區","121.555","25.000","1625"
"2102","384907","20221006051000","2057","1","臺北市","文山區","121.550","25.005","2130"
"624","384908","20221006051000","453","2","臺北市","大安區","121.550","25.010","612"
"1577","384909","20221006051000","1559","1","臺北市","大安區","121.540","25.015","1504"
"875","384911","20221006051000","1624","0","臺北市","中正區","121.535","25.010","844"
"523","384913","20221006051000","1035","0","臺北市","大安區","121.545","25.010","501"
"3236","384914","20221006051000","2988","1","臺北市","大安區","121.535","25.015","3027"
"1000","384916","20221006051000","1000","1","臺北市","大安區","121.545","25.015","1007"
"3630","384917","20221006051000","4175","0","臺北市","大安區","121.550","25.040","3722"
"1000","384918","20221006051000","895","1","臺北市","文山區","121.535","24.995","1005"
"2806","384919","20221006051000","2586","1","臺北市","松山區","121.545","25.045","2846"
"3092","384920","20221006051000","3333","0","臺北市","萬華區","121.500","25.040","3002"
"746","384922","20221006051000","960","0","臺北市","萬華區","121.490","25.030","754"
"5314","384923","20221006051000","5353","0","臺北市","萬華區","121.505","25.045","5419"
"1894","384924","20221006051000","2288","0","臺北市","南港區","121.585","25.050","1930"
"1051","384925","20221006051000","1516","0","臺北市","南港區","121.590","25.050","1015"
"1307","384926","20221006051000","1989","0","臺北市","南港區","121.590","25.040","1219"
"402","384927","20221006051000","633","0","臺北市","南港區","121.590","25.045","397"
"1456","384929","20221006051000","1635","0","臺北市","南港區","121.595","25.040","1442"
"407","384931","20221006051000","639","0","臺北市","南港區","121.595","25.045","414"
"54","384932","20221006051000","64","0","臺北市","南港區","121.600","25.045","45"
"1398","384933","20221006051000","1113","2","臺北市","南港區","121.595","25.050","1355"
"3395","384935","20221006051000","4153","0","臺北市","萬華區","121.495","25.030","3391"
"1899","384936","20221006051000","1451","2","臺北市","萬華區","121.490","25.025","1949"
"27","384937","20221006051000","45","0","臺北市","文山區","121.555","25.010","36"
"102","384938","20221006051000","113","0","臺北市","信義區","121.565","25.010","94"
"2124","384940","20221006051000","2850","0","臺北市","大安區","121.560","25.015","2114"
"3549","384941","20221006051000","2862","2","臺北市","松山區","121.550","25.050","3563"
"154","384942","20221006051000","222","0","臺北市","大安區","121.540","25.020","112"
"54","384943","20221006051000","1826","0","臺北市","大安區","121.540","25.025","56"
"6925","384944","20221006051000","6670","1","臺北市","松山區","121.555","25.050","6892"
"1863","384945","20221006051000","1684","1","臺北市","萬華區","121.495","25.035","1841"
"407","384946","20221006051000","359","1","臺北市","萬華區","121.495","25.040","403"
"1155","384947","20221006051000","1092","1","臺北市","文山區","121.565","24.995","1165"
"3284","384948","20221006051000","3062","1","臺北市","松山區","121.560","25.050","3252"
"3037","384949","20221006051000","4205","0","臺北市","松山區","121.565","25.050","3051"
"1815","384950","20221006051000","1318","2","臺北市","萬華區","121.490","25.020","1804"
"680","384951","20221006051000","701","0","臺北市","萬華區","121.500","25.030","644"
"3822","384952","20221006051000","3996","0","臺北市","萬華區","121.505","25.040","3788"
"3776","384955","20221006051000","4446","0","臺北市","大安區","121.535","25.040","3865"
"3564","384956","20221006051000","2577","2","臺北市","松山區","121.555","25.045","3533"
"2438","384957","20221006051000","2092","1","臺北市","松山區","121.575","25.050","2460"
"4425","384958","20221006051000","4515","0","臺北市","南港區","121.580","25.050","4525"
"236","384960","20221006051000","280","0","臺北市","信義區","121.580","25.030","225"
"2146","384961","20221006051000","3184","0","臺北市","信義區","121.580","25.035","2108"
"1395","384962","20221006051000","4288","0","臺北市","信義區","121.580","25.045","1340"
"1478","384963","20221006051000","2801","0","臺北市","萬華區","121.500","25.035","1452"
"3170","384964","20221006051000","4731","0","臺北市","松山區","121.545","25.050","3645"
"2139","384965","20221006051000","2009","1","臺北市","萬華區","121.495","25.020","2159"
"2087","384966","20221006051000","2325","0","臺北市","萬華區","121.500","25.025","2080"
"511","384968","20221006051000","423","2","臺北市","信義區","121.570","25.015","482"
"125","384969","20221006051000","1728","0","臺北市","信義區","121.570","25.020","120"
"1232","384970","20221006051000","2298","0","臺北市","信義區","121.560","25.040","1303"
"3317","384971","20221006051000","3973","0","臺北市","大安區","121.535","25.035","3347"
"1963","384972","20221006051000","1959","1","臺北市","文山區","121.545","24.995","1945"
"1829","384973","20221006051000","1627","1","臺北市","大安區","121.555","25.015","1830"
"2864","384974","20221006051000","3297","0","臺北市","大安區","121.540","25.030","2823"
"196","384975","20221006051000","207","0","臺北市","文山區","121.545","25.005","219"
"754","384976","20221006051000","678","1","臺北市","文山區","121.535","25.000","760"
"475","384977","20221006051000","900","0","臺北市","文山區","121.535","25.005","488"
"3386","384978","20221006051000","4192","0","臺北市","萬華區","121.505","25.025","3505"
"1381","384983","20221006051000","1191","1","臺北市","南港區","121.610","25.050","1385"
"15","384984","20221006051000","80","0","臺北市","南港區","121.615","25.050","16"
"859","384986","20221006051000","692","2","臺北市","南港區","121.615","25.040","863"
"1038","384987","20221006051000","2197","0","臺北市","南港區","121.615","25.045","1033"
"24","384992","20221006051000","21","1","臺北市","南港區","121.595","25.015","31"
"45","384996","20221006051000","38","1","臺北市","南港區","121.600","25.020","47"
"32","384997","20221006051000","40","0","臺北市","南港區","121.605","25.020","38"
"56","385006","20221006051000","66","0","臺北市","南港區","121.620","25.025","60"
"878","385010","20221006051000","652","2","臺北市","南港區","121.610","25.030","894"
"18","385015","20221006051000","613","0","臺北市","南港區","121.615","25.035","14"
"3746","385016","20221006051000","3238","1","臺北市","大安區","121.535","25.025","3676"
"2644","385018","20221006051000","3025","0","臺北市","大安區","121.545","25.020","2663"
"2107","385019","20221006051000","2265","0","臺北市","信義區","121.565","25.040","2012"
"2867","385020","20221006051000","3008","0","臺北市","信義區","121.570","25.040","2837"
"1568","385021","20221006051000","3284","0","臺北市","信義區","121.560","25.035","1524"
"1216","385022","20221006051000","1184","1","臺北市","信義區","121.565","25.035","1235"
"353","385023","20221006051000","306","1","臺北市","文山區","121.555","25.005","358"
"2024","385025","20221006051000","1999","1","臺北市","文山區","121.545","25.000","2043"
"3571","385026","20221006051000","3605","0","臺北市","萬華區","121.505","25.035","3631"
"1302","385027","20221006051000","1397","0","臺北市","萬華區","121.495","25.025","1218"
"4745","385028","20221006051000","5306","0","臺北市","大安區","121.545","25.040","4883"
"1908","385029","20221006051000","1907","1","臺北市","信義區","121.560","25.020","1974"
"3361","385033","20221006051000","3599","0","臺北市","信義區","121.585","25.040","3368"
"3563","385034","20221006051000","3431","1","臺北市","大安區","121.530","25.030","3550"
"3153","385035","20221006051000","3206","0","臺北市","大安區","121.545","25.025","3123"
"91","387378","20221006051000","40","3","新北市","貢寮區","121.920","25.075","86"
"240","391023","20221006051000","213","1","桃園市","大園區","121.240","25.115","266"
"135","392790","20221006051000","185","0","新北市","林口區","121.360","25.135","136"
"427","392791","20221006051000","567","0","基隆市","中正區(海)","121.745","25.135","452"
"91","392792","20221006051000","71","2","新北市","瑞芳區","121.805","25.135","91"
"989","393254","20221006051000","899","1","基隆市","中正區(海)","121.750","25.140","924"
"3086","394037","20221006051000","3530","0","基隆市","七堵區","121.700","25.085","3102"
"85","394044","20221006051000","58","2","基隆市","七堵區","121.715","25.105","90"
"716","394050","20221006051000","545","2","基隆市","中正區","121.760","25.140","674"
"952","394051","20221006051000","948","1","基隆市","中正區","121.755","25.135","918"
"1935","394053","20221006051000","1550","2","基隆市","安樂區","121.720","25.125","1895"
"933","394054","20221006051000","851","1","基隆市","中山區","121.730","25.145","955"
"1379","394055","20221006051000","1535","0","新北市","三重區","121.475","25.065","1366"
"1996","394056","20221006051000","1555","2","新北市","三重區","121.490","25.070","2003"
"4289","394057","20221006051000","3937","1","新北市","汐止區","121.635","25.065","4248"
"2794","394058","20221006051000","2289","2","新北市","汐止區","121.660","25.065","2829"
"23","394059","20221006051000","16","2","新北市","汐止區","121.665","25.050","22"
"950","394060","20221006051000","818","1","新北市","汐止區","121.670","25.055","944"
"1054","394062","20221006051000","1451","0","新北市","汐止區","121.665","25.055","1060"
"1241","394064","20221006051000","3133","0","新北市","汐止區","121.660","25.060","1246"
"956","394066","20221006051000","659","2","基隆市","七堵區","121.695","25.080","936"
"969","394068","20221006051000","1190","0","基隆市","七堵區","121.720","25.100","980"
"1048","394069","20221006051000","1460","0","基隆市","中正區","121.750","25.135","1035"
"14","394070","20221006051000","169","0","基隆市","中正區","121.755","25.140","18"
"537","394072","20221006051000","512","1","基隆市","中正區","121.770","25.145","530"
"882","394074","20221006051000","966","0","基隆市","暖暖區","121.730","25.095","862"
"365","394075","20221006051000","357","1","基隆市","暖暖區","121.735","25.105","376"
"376","394076","20221006051000","493","0","基隆市","暖暖區","121.735","25.110","395"
"566","394077","20221006051000","362","3","基隆市","暖暖區","121.740","25.100","563"
"679","394078","20221006051000","765","0","基隆市","中山區","121.735","25.135","677"
"284","394082","20221006051000","292","0","基隆市","安樂區","121.705","25.140","262"
"29","394085","20221006051000","16","3","基隆市","安樂區","121.700","25.145","23"
"1817","394090","20221006051000","1779","1","基隆市","安樂區","121.715","25.125","1790"
"2146","394091","20221006051000","2331","0","基隆市","仁愛區","121.740","25.125","2115"
"1106","394092","20221006051000","919","2","臺北市","大同區","121.510","25.070","1105"
"4462","394093","20221006051000","3855","1","新北市","三重區","121.500","25.055","4502"
"5049","394094","20221006051000","4872","1","新北市","三重區","121.500","25.065","5024"
"413","394095","20221006051000","388","1","基隆市","中山區","121.740","25.135","398"
"2984","394096","20221006051000","3546","0","基隆市","信義區","121.755","25.130","3036"
"995","394097","20221006051000","1129","0","基隆市","仁愛區","121.735","25.125","979"
"422","394098","20221006051000","436","0","基隆市","安樂區","121.725","25.140","450"
"126","394099","20221006051000","982","0","基隆市","安樂區","121.730","25.130","126"
"3051","394102","20221006051000","3030","1","新北市","五股區","121.450","25.105","3071"
"1215","394106","20221006051000","966","2","新北市","五股區","121.440","25.090","1230"
"1264","394108","20221006051000","1129","1","新北市","五股區","121.440","25.095","1258"
"227","394109","20221006051000","198","1","新北市","五股區","121.430","25.100","221"
"71","394115","20221006051000","345","0","新北市","五股區","121.445","25.075","66"
"1096","394118","20221006051000","1249","0","新北市","五股區","121.460","25.075","1093"
"1674","394121","20221006051000","1165","2","新北市","五股區","121.455","25.080","1623"
"17","394125","20221006051000","173","0","新北市","五股區","121.430","25.085","13"
"1531","394126","20221006051000","1802","0","新北市","五股區","121.435","25.085","1523"
"37","394127","20221006051000","24","3","新北市","五股區","121.420","25.090","35"
"2284","394129","20221006051000","2350","0","新北市","五股區","121.430","25.070","2280"
"1866","394130","20221006051000","2149","0","新北市","五股區","121.435","25.070","1839"
"43","394136","20221006051000","26","3","新北市","林口區","121.405","25.075","42"
"59","394138","20221006051000","28","3","新北市","五股區","121.405","25.080","52"
"414","394139","20221006051000","565","0","新北市","新莊區","121.450","25.060","514"
"643","394141","20221006051000","806","0","新北市","新莊區","121.455","25.060","665"
"227","394142","20221006051000","236","0","新北市","五股區","121.450","25.070","207"
"448","394144","20221006051000","397","1","新北市","五股區","121.455","25.070","479"
"1245","394146","20221006051000","1271","0","新北市","五股區","121.465","25.070","1294"
"494","394147","20221006051000","557","0","新北市","五股區","121.465","25.075","478"
"107","394149","20221006051000","114","0","新北市","五股區","121.435","25.105","111"
"135","394150","20221006051000","107","2","新北市","五股區","121.420","25.110","129"
"50","394166","20221006051000","32","3","新北市","五股區","121.425","25.120","54"
"88","394170","20221006051000","98","0","新北市","五股區","121.420","25.125","82"
"1280","394174","20221006051000","1269","1","基隆市","信義區","121.765","25.125","1254"
"958","394175","20221006051000","847","1","基隆市","信義區","121.760","25.130","927"
"641","394176","20221006051000","587","1","基隆市","中正區","121.760","25.135","650"
"361","394178","20221006051000","310","1","基隆市","七堵區","121.700","25.070","360"
"555","394179","20221006051000","581","0","基隆市","七堵區","121.695","25.075","554"
"1092","394181","20221006051000","1123","0","基隆市","七堵區","121.715","25.095","1133"
"906","394182","20221006051000","871","1","基隆市","七堵區","121.720","25.095","857"
"963","394185","20221006051000","943","1","基隆市","中山區","121.720","25.140","930"
"2461","394186","20221006051000","2896","0","基隆市","中山區","121.725","25.145","2479"
"1242","394187","20221006051000","1117","1","新北市","五股區","121.435","25.090","1242"
"575","394188","20221006051000","564","1","新北市","五股區","121.440","25.080","568"
"794","394189","20221006051000","1302","0","新北市","五股區","121.440","25.085","790"
"58","394191","20221006051000","46","2","新北市","五股區","121.415","25.085","52"
"83","394193","20221006051000","85","0","新北市","五股區","121.415","25.090","83"
"70","394196","20221006051000","69","1","新北市","五股區","121.410","25.100","73"
"172","394202","20221006051000","177","0","新北市","五股區","121.405","25.110","160"
"28","394207","20221006051000","47","0","新北市","五股區","121.410","25.110","30"
"19","394208","20221006051000","15","2","新北市","八里區","121.400","25.115","17"
"190","394211","20221006051000","222","0","新北市","五股區","121.425","25.095","193"
"80","394214","20221006051000","437","0","新北市","泰山區","121.435","25.065","81"
"101","394216","20221006051000","126","0","新北市","五股區","121.415","25.075","109"
"112","394218","20221006051000","142","0","新北市","五股區","121.425","25.075","122"
"677","394220","20221006051000","890","0","新北市","五股區","121.435","25.075","662"
"39","394223","20221006051000","37","1","新北市","五股區","121.420","25.080","48"
"1043","394226","20221006051000","952","1","新北市","五股區","121.435","25.080","999"
"1014","394227","20221006051000","1174","0","新北市","五股區","121.445","25.090","1010"
"1125","394229","20221006051000","999","1","新北市","五股區","121.445","25.095","1138"
"44","394230","20221006051000","468","0","新北市","五股區","121.450","25.095","34"
"755","394234","20221006051000","1391","0","新北市","五股區","121.450","25.100","755"
"4697","394235","20221006051000","4405","1","新北市","三重區","121.495","25.070","4799"
"3346","394236","20221006051000","3188","1","新北市","三重區","121.500","25.070","3339"
"4240","394237","20221006051000","4573","0","新北市","三重區","121.490","25.065","4330"
"3987","394238","20221006051000","2369","3","基隆市","中正區","121.785","25.135","3977"
"2588","394242","20221006051000","2910","0","基隆市","安樂區","121.720","25.120","2525"
"1351","394243","20221006051000","2187","0","新北市","三重區","121.505","25.060","1375"
"3903","394244","20221006051000","4483","0","新北市","三重區","121.480","25.060","3910"
"2351","394247","20221006051000","2448","0","新北市","三重區","121.485","25.070","2367"
"1224","394248","20221006051000","628","3","基隆市","中正區","121.790","25.135","1212"
"1134","394252","20221006051000","965","1","基隆市","信義區","121.765","25.130","1158"
"53","394254","20221006051000","467","0","基隆市","信義區","121.770","25.135","59"
"1471","394258","20221006051000","1767","0","基隆市","信義區","121.770","25.130","1495"
"934","394259","20221006051000","927","1","基隆市","信義區","121.775","25.130","901"
"44","394262","20221006051000","47","0","基隆市","信義區","121.790","25.115","31"
"57","394265","20221006051000","42","2","基隆市","信義區","121.790","25.120","65"
"527","394266","20221006051000","498","1","基隆市","信義區","121.785","25.125","538"
"1973","394270","20221006051000","2237","0","基隆市","信義區","121.775","25.135","1974"
"575","394272","20221006051000","658","0","基隆市","安樂區","121.725","25.135","609"
"1585","394273","20221006051000","1873","0","基隆市","安樂區","121.715","25.140","1580"
"2052","394275","20221006051000","2226","0","基隆市","中山區","121.735","25.130","2017"
"357","394276","20221006051000","1087","0","基隆市","安樂區","121.725","25.125","334"
"1421","394277","20221006051000","1516","0","基隆市","安樂區","121.725","25.130","1415"
"177","394278","20221006051000","237","0","基隆市","中山區","121.720","25.145","205"
"1411","394280","20221006051000","1423","0","基隆市","仁愛區","121.740","25.130","1393"
"976","394281","20221006051000","819","1","基隆市","安樂區","121.730","25.135","993"
"2960","394282","20221006051000","3073","0","新北市","三重區","121.490","25.075","2982"
"4339","394283","20221006051000","4743","0","新北市","三重區","121.490","25.060","4353"
"2169","394284","20221006051000","3190","0","新北市","三重區","121.495","25.060","2203"
"712","394285","20221006051000","609","1","基隆市","中山區","121.740","25.145","799"
"1583","394288","20221006051000","1697","0","基隆市","安樂區","121.710","25.140","1617"
"1330","394290","20221006051000","1202","1","基隆市","安樂區","121.710","25.150","1379"
"891","394291","20221006051000","655","2","基隆市","中山區","121.715","25.145","871"
"72","394292","20221006051000","423","0","新北市","三重區","121.485","25.065","63"
"777","394293","20221006051000","1012","0","臺北市","大同區","121.510","25.075","816"
"4085","394294","20221006051000","4313","0","新北市","三重區","121.500","25.060","4136"
"1668","394295","20221006051000","1131","2","新北市","三重區","121.475","25.055","1650"
"277","394297","20221006051000","248","1","新北市","五股區","121.460","25.070","279"
"398","394298","20221006051000","276","2","新北市","三重區","121.470","25.060","417"
"764","394299","20221006051000","800","0","新北市","三重區","121.470","25.065","762"
"713","394301","20221006051000","763","0","新北市","三重區","121.505","25.075","729"
"2373","394302","20221006051000","2526","0","新北市","三重區","121.485","25.080","2378"
"280","394303","20221006051000","349","0","基隆市","中山區","121.740","25.140","296"
"1082","394304","20221006051000","1064","1","新北市","三重區","121.470","25.070","1079"
"285","394305","20221006051000","284","1","基隆市","信義區","121.780","25.135","296"
"757","394306","20221006051000","1498","0","基隆市","信義區","121.780","25.130","745"
"1027","394307","20221006051000","1046","0","基隆市","信義區","121.780","25.140","1007"
"492","394308","20221006051000","708","0","基隆市","中正區","121.785","25.140","471"
"261","394312","20221006051000","152","3","基隆市","信義區","121.775","25.125","270"
"955","394313","20221006051000","1089","0","基隆市","信義區","121.780","25.125","964"
"96","394317","20221006051000","90","1","新北市","瑞芳區","121.760","25.110","98"
"27","394320","20221006051000","37","0","基隆市","信義區","121.765","25.115","20"
"1026","394324","20221006051000","839","2","基隆市","信義區","121.760","25.125","991"
"1559","394325","20221006051000","1822","0","新北市","三重區","121.490","25.085","1540"
"656","394326","20221006051000","622","1","新北市","三重區","121.490","25.090","654"
"206","394327","20221006051000","106","3","新北市","三重區","121.495","25.090","202"
"1640","394329","20221006051000","1547","1","新北市","三重區","121.475","25.070","1682"
"3040","394330","20221006051000","2960","1","新北市","三重區","121.480","25.070","3122"
"2226","394332","20221006051000","1491","2","新北市","泰山區","121.430","25.065","2211"
"814","394333","20221006051000","1077","0","新北市","泰山區","121.440","25.060","748"
"454","394335","20221006051000","418","1","基隆市","中山區","121.735","25.140","427"
"51","394336","20221006051000","964","0","基隆市","中山區","121.730","25.140","54"
"109","394337","20221006051000","457","0","基隆市","暖暖區","121.735","25.100","101"
"17","394358","20221006051000","43","0","基隆市","暖暖區","121.755","25.075","19"
"47","394364","20221006051000","37","2","基隆市","暖暖區","121.745","25.085","46"
"703","394398","20221006051000","603","1","基隆市","暖暖區","121.740","25.090","705"
"23","394401","20221006051000","198","0","基隆市","暖暖區","121.735","25.095","17"
"4130","394404","20221006051000","3898","1","基隆市","暖暖區","121.755","25.095","4134"
"42","394405","20221006051000","770","0","基隆市","暖暖區","121.750","25.090","36"
"341","394407","20221006051000","368","0","基隆市","暖暖區","121.750","25.095","349"
"1655","394413","20221006051000","1475","1","基隆市","暖暖區","121.740","25.105","1630"
"234","394418","20221006051000","263","0","基隆市","暖暖區","121.730","25.100","209"
"1132","394422","20221006051000","1038","1","基隆市","安樂區","121.705","25.145","1120"
"1755","394423","20221006051000","1350","2","基隆市","安樂區","121.710","25.145","1682"
"2803","394426","20221006051000","3165","0","新北市","三重區","121.490","25.080","2791"
"1288","394427","20221006051000","1827","0","新北市","三重區","121.485","25.075","1324"
"3925","394428","20221006051000","4040","0","新北市","三重區","121.480","25.075","3961"
"20","394429","20221006051000","180","0","基隆市","中山區","121.735","25.145","22"
"4739","394430","20221006051000","5561","0","新北市","三重區","121.495","25.065","4833"
"2508","394435","20221006051000","2620","0","基隆市","仁愛區","121.745","25.125","2402"
"768","394436","20221006051000","733","1","基隆市","仁愛區","121.745","25.120","767"
"2950","394438","20221006051000","2970","0","新北市","三重區","121.485","25.060","2954"
"1717","394441","20221006051000","1411","2","基隆市","暖暖區","121.750","25.100","1689"
"817","394442","20221006051000","894","0","基隆市","安樂區","121.730","25.115","815"
"2803","394444","20221006051000","2511","1","基隆市","安樂區","121.725","25.120","2832"
"592","394447","20221006051000","1209","0","新北市","三重區","121.495","25.075","599"
"2532","394450","20221006051000","2612","0","新北市","三重區","121.495","25.085","2514"
"4900","394451","20221006051000","4702","1","新北市","三重區","121.480","25.065","4920"
"285","394458","20221006051000","299","0","基隆市","暖暖區","121.730","25.110","287"
"702","394461","20221006051000","439","3","基隆市","七堵區","121.700","25.075","688"
"175","394464","20221006051000","195","0","基隆市","七堵區","121.705","25.085","174"
"915","394466","20221006051000","783","1","基隆市","七堵區","121.705","25.090","904"
"202","394467","20221006051000","216","0","基隆市","七堵區","121.700","25.095","154"
"720","394470","20221006051000","757","0","基隆市","七堵區","121.665","25.090","695"
"35","394480","20221006051000","18","3","基隆市","七堵區","121.670","25.100","34"
"368","394492","20221006051000","353","1","基隆市","七堵區","121.670","25.105","381"
"42","394500","20221006051000","44","0","基隆市","七堵區","121.660","25.115","40"
"70","394518","20221006051000","89","0","基隆市","七堵區","121.660","25.130","69"
"67","394538","20221006051000","323","0","基隆市","七堵區","121.695","25.085","64"
"1289","394546","20221006051000","1220","1","基隆市","七堵區","121.685","25.075","1319"
"478","394547","20221006051000","419","1","基隆市","七堵區","121.690","25.075","449"
"947","394550","20221006051000","933","1","基隆市","七堵區","121.690","25.085","1032"
"2395","394551","20221006051000","3022","0","基隆市","中正區","121.745","25.130","2392"
"97","394552","20221006051000","410","0","基隆市","仁愛區","121.740","25.120","92"
"1823","394553","20221006051000","1420","2","基隆市","信義區","121.750","25.130","1765"
"14","394554","20221006051000","590","0","基隆市","仁愛區","121.750","25.125","255"
"522","394555","20221006051000","715","0","基隆市","中正區","121.765","25.140","519"
"248","394556","20221006051000","191","2","基隆市","中正區","121.795","25.125","265"
"253","394559","20221006051000","145","3","基隆市","中正區","121.795","25.130","241"
"1528","394564","20221006051000","1493","1","基隆市","中正區","121.790","25.140","1250"
"1312","394565","20221006051000","1139","1","基隆市","中正區","121.795","25.140","1201"
"1493","394567","20221006051000","1442","1","基隆市","中正區","121.760","25.145","1588"
"1009","394570","20221006051000","999","1","基隆市","安樂區","121.715","25.120","1040"
"1164","394576","20221006051000","1076","1","基隆市","安樂區","121.715","25.130","1208"
"35","394582","20221006051000","34","1","基隆市","仁愛區","121.740","25.110","30"
"105","394583","20221006051000","84","2","基隆市","仁愛區","121.745","25.110","120"
"405","394586","20221006051000","546","0","基隆市","仁愛區","121.745","25.115","479"
"19","394590","20221006051000","171","0","基隆市","七堵區","121.710","25.100","17"
"2805","394592","20221006051000","2483","1","基隆市","七堵區","121.715","25.100","2820"
"1616","394611","20221006051000","1852","0","基隆市","七堵區","121.710","25.090","1616"
"176","394613","20221006051000","158","1","基隆市","七堵區","121.720","25.090","182"
"28","394617","20221006051000","26","1","基隆市","七堵區","121.680","25.100","27"
"70","394625","20221006051000","58","2","基隆市","七堵區","121.695","25.105","74"
"45","394632","20221006051000","40","1","基隆市","七堵區","121.690","25.115","42"
"53","394634","20221006051000","52","1","基隆市","七堵區","121.700","25.115","49"
"11","394645","20221006051000","27","0","基隆市","安樂區","121.700","25.130","14"
"30","394660","20221006051000","77","0","基隆市","七堵區","121.680","25.120","26"
"36","394663","20221006051000","19","3","基隆市","七堵區","121.680","25.125","34"
"333","394685","20221006051000","393","0","新北市","蘆洲區","121.485","25.090","355"
"722","394686","20221006051000","680","1","新北市","汐止區","121.630","25.060","695"
"2129","394687","20221006051000","1315","3","新北市","汐止區","121.620","25.065","2159"
"2050","394688","20221006051000","1987","1","新北市","汐止區","121.625","25.065","2091"
"14","394694","20221006051000","14","1","新北市","八里區","121.415","25.145","17"
"769","394705","20221006051000","879","0","新北市","八里區","121.450","25.140","812"
"40","394716","20221006051000","35","1","新北市","八里區","121.415","25.130","35"
"122","394724","20221006051000","109","1","新北市","八里區","121.410","25.145","124"
"22","394725","20221006051000","252","0","新北市","八里區","121.405","25.150","23"
"492","394726","20221006051000","530","0","新北市","八里區","121.410","25.150","507"
"76","394731","20221006051000","86","0","新北市","八里區","121.405","25.125","73"
"1437","394740","20221006051000","1586","0","新北市","蘆洲區","121.465","25.090","1437"
"2924","394741","20221006051000","3170","0","新北市","蘆洲區","121.460","25.085","2918"
"1586","394742","20221006051000","2155","0","新北市","蘆洲區","121.465","25.085","1584"
"1123","394743","20221006051000","1926","0","新北市","蘆洲區","121.460","25.090","1111"
"646","394744","20221006051000","1361","0","新北市","蘆洲區","121.460","25.095","642"
"233","394745","20221006051000","585","0","新北市","蘆洲區","121.475","25.075","209"
"1059","394746","20221006051000","1220","0","新北市","蘆洲區","121.475","25.090","1078"
"2015","394747","20221006051000","1674","2","新北市","蘆洲區","121.470","25.095","1964"
"24","394748","20221006051000","255","0","新北市","蘆洲區","121.475","25.095","20"
"250","394749","20221006051000","398","0","新北市","蘆洲區","121.470","25.100","266"
"492","394750","20221006051000","1635","0","新北市","新莊區","121.460","25.060","488"
"1862","394751","20221006051000","2299","0","新北市","新莊區","121.465","25.060","1820"
"1333","394752","20221006051000","1341","0","新北市","五股區","121.465","25.065","1297"
"331","394787","20221006051000","480","0","新北市","瑞芳區","121.770","25.100","334"
"11","394788","20221006051000","19","0","新北市","瑞芳區","121.775","25.100","12"
"110","394798","20221006051000","46","3","新北市","瑞芳區","121.825","25.085","98"
"13","394809","20221006051000","11","1","新北市","瑞芳區","121.815","25.120","20"
"443","394810","20221006051000","444","0","新北市","瑞芳區","121.820","25.120","482"
"1293","394819","20221006051000","1193","1","新北市","五股區","121.430","25.090","1297"
"2274","394821","20221006051000","1884","2","新北市","八里區","121.395","25.145","2255"
"60","394822","20221006051000","26","3","新北市","八里區","121.390","25.150","73"
"1944","394824","20221006051000","1603","2","新北市","八里區","121.400","25.150","1946"
"47","394829","20221006051000","49","0","新北市","八里區","121.400","25.100","47"
"58","394833","20221006051000","91","0","新北市","八里區","121.390","25.110","60"
"209","394843","20221006051000","300","0","新北市","林口區","121.375","25.120","230"
"411","394854","20221006051000","396","1","新北市","八里區","121.385","25.130","432"
"1124","394858","20221006051000","1549","0","新北市","瑞芳區","121.805","25.105","1730"
"16","394863","20221006051000","30","0","新北市","瑞芳區","121.795","25.085","13"
"57","394867","20221006051000","87","0","新北市","瑞芳區","121.795","25.090","50"
"618","394873","20221006051000","396","3","新北市","瑞芳區","121.785","25.095","626"
"65","394878","20221006051000","62","1","新北市","瑞芳區","121.790","25.100","76"
"516","394885","20221006051000","493","1","新北市","瑞芳區","121.790","25.110","526"
"71","394894","20221006051000","61","1","新北市","瑞芳區","121.825","25.090","76"
"318","394924","20221006051000","237","2","新北市","瑞芳區","121.760","25.100","308"
"13","394926","20221006051000","24","0","新北市","瑞芳區","121.760","25.105","15"
"24","394932","20221006051000","25","0","新北市","瑞芳區","121.775","25.110","20"
"19","394934","20221006051000","26","0","新北市","瑞芳區","121.770","25.115","17"
"337","394937","20221006051000","388","0","新北市","瑞芳區","121.845","25.110","337"
"94","394943","20221006051000","91","1","新北市","瑞芳區","121.830","25.095","85"
"334","394949","20221006051000","251","2","新北市","瑞芳區","121.840","25.095","353"
"240","394954","20221006051000","245","0","新北市","瑞芳區","121.850","25.105","255"
"192","394965","20221006051000","287","0","新北市","瑞芳區","121.815","25.105","212"
"67","394966","20221006051000","123","0","新北市","五股區","121.455","25.115","75"
"651","394972","20221006051000","545","1","新北市","八里區","121.450","25.125","643"
"906","394973","20221006051000","1000","0","新北市","八里區","121.455","25.125","910"
"791","394979","20221006051000","899","0","新北市","八里區","121.450","25.130","785"
"509","394985","20221006051000","502","1","新北市","八里區","121.450","25.135","495"
"1597","394986","20221006051000","2154","0","新北市","汐止區","121.640","25.065","1622"
"287","394991","20221006051000","299","0","桃園市","觀音區","121.120","25.060","299"
"455","394992","20221006051000","344","2","桃園市","觀音區","121.125","25.060","366"
"14","394993","20221006051000","110","0","桃園市","觀音區","121.130","25.060","11"
"326","394996","20221006051000","297","1","桃園市","觀音區","121.110","25.065","335"
"542","395000","20221006051000","472","1","桃園市","觀音區","121.130","25.065","537"
"155","395008","20221006051000","168","0","桃園市","觀音區","121.135","25.060","160"
"1059","395014","20221006051000","1251","0","桃園市","蘆竹區","121.285","25.070","1057"
"110","395019","20221006051000","332","0","桃園市","蘆竹區","121.285","25.075","115"
"380","395023","20221006051000","340","1","桃園市","蘆竹區","121.285","25.080","396"
"632","395029","20221006051000","570","1","桃園市","蘆竹區","121.255","25.110","608"
"189","395030","20221006051000","200","0","桃園市","蘆竹區","121.260","25.110","167"
"292","395031","20221006051000","272","1","桃園市","蘆竹區","121.265","25.110","257"
"358","395032","20221006051000","270","2","桃園市","蘆竹區","121.270","25.110","355"
"236","395038","20221006051000","188","2","桃園市","蘆竹區","121.255","25.115","217"
"1028","395042","20221006051000","1636","0","桃園市","蘆竹區","121.295","25.060","1031"
"1225","395043","20221006051000","1211","1","桃園市","蘆竹區","121.300","25.060","1230"
"17","395046","20221006051000","13","2","桃園市","蘆竹區","121.315","25.060","15"
"257","395057","20221006051000","218","1","新北市","瑞芳區","121.860","25.125","235"
"125","395083","20221006051000","209","0","新北市","雙溪區","121.875","25.090","479"
"42","395109","20221006051000","75","0","新北市","貢寮區","121.920","25.105","55"
"391","395119","20221006051000","339","1","新北市","貢寮區","121.925","25.055","372"
"296","395121","20221006051000","243","2","新北市","貢寮區","121.925","25.060","237"
"61","395125","20221006051000","36","3","新北市","貢寮區","121.925","25.065","49"
"110","395129","20221006051000","330","0","新北市","新莊區","121.455","25.065","116"
"899","395130","20221006051000","764","1","新北市","五股區","121.445","25.065","883"
"404","395131","20221006051000","525","0","新北市","泰山區","121.435","25.060","433"
"149","395132","20221006051000","281","0","新北市","汐止區","121.645","25.060","147"
"3289","395133","20221006051000","2806","1","新北市","汐止區","121.665","25.065","3340"
"172","395134","20221006051000","173","0","桃園市","蘆竹區","121.270","25.060","164"
"294","395135","20221006051000","632","0","桃園市","蘆竹區","121.275","25.060","292"
"779","395137","20221006051000","708","1","桃園市","蘆竹區","121.265","25.065","791"
"850","395141","20221006051000","734","1","桃園市","蘆竹區","121.270","25.070","850"
"2750","395143","20221006051000","3632","0","新北市","蘆洲區","121.470","25.090","2737"
"14","395145","20221006051000","24","0","新北市","瑞芳區","121.835","25.110","23"
"10","395147","20221006051000","16","0","新北市","瑞芳區","121.830","25.115","19"
"195","395149","20221006051000","133","2","新北市","瑞芳區","121.840","25.115","214"
"24","395156","20221006051000","172","0","新北市","瑞芳區","121.830","25.125","14"
"132","395163","20221006051000","431","0","新北市","瑞芳區","121.815","25.130","115"
"1594","395173","20221006051000","1630","0","新北市","瑞芳區","121.810","25.105","1558"
"2122","395174","20221006051000","1962","1","新北市","泰山區","121.445","25.060","2123"
"732","395175","20221006051000","646","1","新北市","五股區","121.450","25.065","786"
"1342","395176","20221006051000","1373","0","新北市","新莊區","121.460","25.065","1348"
"51","395186","20221006051000","37","2","新北市","萬里區","121.605","25.145","50"
"2339","395203","20221006051000","2167","1","新北市","蘆洲區","121.470","25.085","2374"
"50","395204","20221006051000","195","0","新北市","蘆洲區","121.465","25.095","34"
"19","395205","20221006051000","19","1","新北市","蘆洲區","121.465","25.100","11"
"2326","395206","20221006051000","2455","0","新北市","汐止區","121.630","25.065","2318"
"2536","395207","20221006051000","2039","2","新北市","汐止區","121.630","25.070","2537"
"1561","395208","20221006051000","1726","0","新北市","汐止區","121.645","25.065","1558"
"45","395223","20221006051000","22","3","新北市","瑞芳區","121.820","25.060","30"
"55","395239","20221006051000","48","1","新北市","瑞芳區","121.840","25.105","69"
"177","395245","20221006051000","123","2","新北市","瑞芳區","121.855","25.105","180"
"129","395253","20221006051000","87","2","新北市","瑞芳區","121.915","25.120","130"
"238","395254","20221006051000","249","0","新北市","瑞芳區","121.915","25.125","231"
"276","395256","20221006051000","142","3","新北市","瑞芳區","121.795","25.110","269"
"15","395257","20221006051000","414","0","新北市","瑞芳區","121.800","25.110","12"
"47","395269","20221006051000","39","2","新北市","泰山區","121.385","25.065","41"
"406","395270","20221006051000","304","2","桃園市","龜山區","121.390","25.060","415"
"172","395273","20221006051000","110","3","新北市","泰山區","121.390","25.065","184"
"1608","395280","20221006051000","1685","0","新北市","淡水區","121.465","25.135","1598"
"15","395284","20221006051000","14","1","新北市","雙溪區","121.855","25.050","16"
"237","395287","20221006051000","240","0","新北市","雙溪區","121.850","25.055","266"
"3472","395319","20221006051000","3929","0","新北市","三重區","121.495","25.080","3504"
"1745","395320","20221006051000","2196","0","新北市","三重區","121.475","25.060","1858"
"664","395322","20221006051000","719","0","新北市","五股區","121.455","25.105","689"
"42","395323","20221006051000","48","0","新北市","五股區","121.450","25.110","45"
"70","395324","20221006051000","66","1","新北市","五股區","121.455","25.110","68"
"193","395329","20221006051000","714","0","新北市","五股區","121.445","25.105","193"
"34","395331","20221006051000","61","0","新北市","五股區","121.445","25.110","37"
"14","395344","20221006051000","117","0","新北市","八里區","121.375","25.140","15"
"248","395346","20221006051000","337","0","新北市","八里區","121.385","25.140","250"
"115","395349","20221006051000","87","2","新北市","瑞芳區","121.800","25.100","71"
"682","395350","20221006051000","735","0","新北市","瑞芳區","121.800","25.105","680"
"443","395351","20221006051000","433","1","新北市","瑞芳區","121.820","25.105","439"
"470","395356","20221006051000","754","0","新北市","汐止區","121.670","25.065","494"
"1069","395357","20221006051000","1289","0","新北市","汐止區","121.670","25.070","1045"
"734","395361","20221006051000","705","1","桃園市","蘆竹區","121.285","25.060","684"
"1393","395362","20221006051000","844","3","桃園市","蘆竹區","121.290","25.060","1252"
"31","395363","20221006051000","49","0","桃園市","蘆竹區","121.320","25.060","46"
"267","395367","20221006051000","214","2","桃園市","觀音區","121.140","25.065","266"
"802","395388","20221006051000","636","2","桃園市","蘆竹區","121.265","25.085","781"
"96","395395","20221006051000","90","1","桃園市","蘆竹區","121.265","25.095","116"
"306","395397","20221006051000","207","2","桃園市","蘆竹區","121.275","25.095","312"
"756","395400","20221006051000","669","1","桃園市","蘆竹區","121.260","25.100","828"
"20","395417","20221006051000","28","0","桃園市","蘆竹區","121.330","25.065","21"
"144","395420","20221006051000","109","2","桃園市","蘆竹區","121.325","25.065","155"
"69","395423","20221006051000","56","2","桃園市","蘆竹區","121.340","25.070","75"
"204","395424","20221006051000","174","1","桃園市","蘆竹區","121.345","25.065","231"
"11","395433","20221006051000","118","0","桃園市","蘆竹區","121.315","25.075","12"
"45","395436","20221006051000","36","2","桃園市","蘆竹區","121.330","25.075","49"
"143","395447","20221006051000","201","0","桃園市","蘆竹區","121.300","25.080","131"
"218","395448","20221006051000","219","0","桃園市","蘆竹區","121.305","25.080","218"
"60","395464","20221006051000","65","0","桃園市","蘆竹區","121.325","25.090","57"
"997","395471","20221006051000","1060","0","桃園市","蘆竹區","121.280","25.085","1180"
"829","395473","20221006051000","741","1","桃園市","蘆竹區","121.290","25.085","935"
"15","395480","20221006051000","11","2","桃園市","蘆竹區","121.295","25.095","16"
"2764","395483","20221006051000","2916","0","新北市","蘆洲區","121.470","25.080","2782"
"4218","395484","20221006051000","4746","0","新北市","蘆洲區","121.465","25.080","4187"
"5261","395485","20221006051000","5939","0","新北市","三重區","121.485","25.085","5163"
"2715","395486","20221006051000","2819","0","新北市","蘆洲區","121.455","25.090","2712"
"1871","395487","20221006051000","2391","0","新北市","蘆洲區","121.475","25.080","1764"
"1380","395488","20221006051000","1164","1","新北市","汐止區","121.665","25.075","1392"
"712","395489","20221006051000","721","0","新北市","汐止區","121.650","25.060","898"
"3306","395490","20221006051000","3118","1","新北市","汐止區","121.655","25.060","3328"
"19","395491","20221006051000","22","0","新北市","汐止區","121.625","25.070","27"
"378","395492","20221006051000","340","1","新北市","汐止區","121.625","25.075","381"
"1596","395493","20221006051000","1467","1","新北市","汐止區","121.630","25.080","1559"
"404","395495","20221006051000","448","0","新北市","汐止區","121.650","25.080","399"
"1320","395499","20221006051000","1244","1","新北市","汐止區","121.645","25.090","1288"
"20","395501","20221006051000","34","0","新北市","汐止區","121.655","25.090","27"
"87","395508","20221006051000","327","0","新北市","汐止區","121.650","25.055","72"
"2917","395509","20221006051000","2861","1","新北市","汐止區","121.655","25.055","2917"
"721","395512","20221006051000","1010","0","新北市","汐止區","121.655","25.065","728"
"27","395526","20221006051000","22","2","新北市","汐止區","121.715","25.055","25"
"168","395530","20221006051000","130","2","新北市","汐止區","121.700","25.060","164"
"991","395539","20221006051000","1160","0","新北市","汐止區","121.635","25.055","1064"
"2403","395541","20221006051000","2052","1","新北市","汐止區","121.635","25.060","2449"
"2423","395542","20221006051000","1785","2","新北市","汐止區","121.640","25.060","2375"
"2701","395544","20221006051000","2106","2","新北市","林口區","121.375","25.070","2755"
"1325","395546","20221006051000","956","2","新北市","林口區","121.400","25.075","1299"
"380","395548","20221006051000","382","0","新北市","林口區","121.400","25.080","384"
"116","395549","20221006051000","170","0","新北市","林口區","121.400","25.085","82"
"221","395550","20221006051000","243","0","新北市","林口區","121.405","25.085","256"
"24","395553","20221006051000","17","2","新北市","林口區","121.405","25.095","27"
"71","395555","20221006051000","177","0","新北市","林口區","121.405","25.100","70"
"123","395557","20221006051000","188","0","新北市","林口區","121.400","25.065","126"
"2457","395558","20221006051000","1934","2","新北市","林口區","121.390","25.075","2448"
"1012","395559","20221006051000","1107","0","新北市","林口區","121.395","25.075","995"
"12","395560","20221006051000","11","1","新北市","林口區","121.385","25.090","15"
"813","395561","20221006051000","840","0","新北市","林口區","121.390","25.090","850"
"619","395565","20221006051000","586","1","新北市","林口區","121.385","25.100","608"
"89","395570","20221006051000","69","2","新北市","林口區","121.385","25.110","81"
"5200","395571","20221006051000","3615","2","新北市","林口區","121.375","25.075","5122"
"816","395572","20221006051000","1321","0","新北市","林口區","121.380","25.075","868"
"1723","395574","20221006051000","1984","0","新北市","林口區","121.370","25.080","1766"
"1471","395575","20221006051000","1325","1","新北市","林口區","121.375","25.080","1490"
"1559","395576","20221006051000","810","3","新北市","林口區","121.380","25.080","1497"
"854","395579","20221006051000","665","2","新北市","林口區","121.370","25.085","817"
"2340","395580","20221006051000","2183","1","新北市","林口區","121.375","25.085","2316"
"29","395587","20221006051000","37","0","新北市","林口區","121.365","25.110","29"
"11","395603","20221006051000","20","0","新北市","林口區","121.390","25.080","12"
"418","395604","20221006051000","425","0","新北市","林口區","121.385","25.085","463"
"665","395606","20221006051000","912","0","新北市","汐止區","121.655","25.070","654"
"1890","395607","20221006051000","1756","1","新北市","汐止區","121.660","25.070","1851"
"28","395616","20221006051000","18","3","桃園市","大園區","121.260","25.065","31"
"628","395617","20221006051000","548","1","新北市","汐止區","121.635","25.070","628"
"2732","395618","20221006051000","1915","2","新北市","汐止區","121.640","25.070","2745"
"635","395619","20221006051000","887","0","新北市","汐止區","121.640","25.075","625"
"2381","395622","20221006051000","1915","2","新北市","汐止區","121.640","25.080","2367"
"425","395623","20221006051000","479","0","新北市","汐止區","121.635","25.085","430"
"421","395625","20221006051000","616","0","新北市","汐止區","121.635","25.075","427"
"194","395628","20221006051000","216","0","新北市","汐止區","121.640","25.100","208"
"122","395641","20221006051000","77","3","新北市","汐止區","121.620","25.115","128"
"46","395643","20221006051000","49","0","新北市","汐止區","121.630","25.115","50"
"29","395653","20221006051000","30","0","新北市","汐止區","121.605","25.125","26"
"490","395667","20221006051000","290","3","新北市","汐止區","121.615","25.135","531"
"1531","395672","20221006051000","1444","1","新北市","淡水區","121.460","25.130","1486"
"2460","395673","20221006051000","3559","0","新北市","淡水區","121.460","25.135","2472"
"1969","395675","20221006051000","2616","0","新北市","淡水區","121.460","25.140","2037"
"1067","395676","20221006051000","1064","1","新北市","淡水區","121.465","25.140","1057"
"1346","395691","20221006051000","1146","1","新北市","汐止區","121.675","25.065","1328"
"1342","395692","20221006051000","1706","0","新北市","汐止區","121.665","25.080","1360"
"293","395698","20221006051000","410","0","新北市","汐止區","121.670","25.075","271"
"441","395699","20221006051000","880","0","新北市","汐止區","121.675","25.075","446"
"387","395701","20221006051000","300","2","新北市","汐止區","121.610","25.105","363"
"118","395703","20221006051000","153","0","新北市","汐止區","121.605","25.110","132"
"1495","395715","20221006051000","1770","0","新北市","泰山區","121.430","25.060","1482"
"27","395716","20221006051000","845","0","新北市","泰山區","121.425","25.060","31"
"431","395717","20221006051000","1487","0","新北市","泰山區","121.425","25.065","451"
"3090","395718","20221006051000","3266","0","新北市","蘆洲區","121.480","25.090","3085"
"393","395719","20221006051000","576","0","新北市","蘆洲區","121.480","25.095","404"
"41","395724","20221006051000","20","3","桃園市","蘆竹區","121.300","25.100","45"
"148","395727","20221006051000","129","1","新北市","林口區","121.290","25.105","176"
"181","395732","20221006051000","198","0","新北市","林口區","121.315","25.105","173"
"40","395735","20221006051000","44","0","新北市","林口區","121.295","25.110","36"
"61","395748","20221006051000","77","0","新北市","林口區","121.295","25.115","72"
"136","395749","20221006051000","118","1","新北市","林口區","121.300","25.115","150"
"71","395752","20221006051000","59","2","新北市","林口區","121.295","25.120","95"
"2778","395755","20221006051000","2666","1","新北市","林口區","121.385","25.080","2722"
"726","395756","20221006051000","895","0","新北市","林口區","121.380","25.085","761"
"595","395757","20221006051000","526","1","新北市","林口區","121.375","25.090","627"
"3498","395768","20221006051000","3370","1","新北市","林口區","121.365","25.065","3485"
"2960","395769","20221006051000","2666","1","新北市","汐止區","121.665","25.070","2970"
"24","395773","20221006051000","20","2","新北市","汐止區","121.675","25.070","26"
"443","395774","20221006051000","488","0","新北市","汐止區","121.680","25.070","467"
"161","395775","20221006051000","203","0","新北市","汐止區","121.685","25.070","191"
"327","395777","20221006051000","665","0","新北市","汐止區","121.675","25.080","326"
"592","395784","20221006051000","437","2","新北市","汐止區","121.645","25.080","601"
"17","395791","20221006051000","127","0","新北市","汐止區","121.640","25.095","19"
"454","395805","20221006051000","600","0","新北市","林口區","121.390","25.070","454"
"829","395806","20221006051000","569","2","新北市","林口區","121.385","25.075","868"
"166","395809","20221006051000","112","2","新北市","林口區","121.345","25.085","161"
"18","395828","20221006051000","13","2","新北市","林口區","121.315","25.100","18"
"19","395833","20221006051000","34","0","新北市","林口區","121.340","25.100","15"
"35","395837","20221006051000","25","2","新北市","林口區","121.330","25.105","28"
"2512","395840","20221006051000","2256","1","桃園市","龜山區","121.375","25.065","2551"
"1238","395843","20221006051000","957","2","新北市","林口區","121.360","25.065","1277"
"326","395844","20221006051000","184","3","新北市","林口區","121.350","25.070","297"
"1673","395846","20221006051000","1290","2","新北市","林口區","121.360","25.070","1671"
"4108","395847","20221006051000","3546","1","新北市","林口區","121.370","25.070","4120"
"68","395848","20221006051000","52","2","新北市","林口區","121.345","25.075","58"
"1424","395850","20221006051000","1239","1","新北市","林口區","121.355","25.075","1474"
"1915","395853","20221006051000","1584","2","新北市","林口區","121.370","25.075","1908"
"1305","395854","20221006051000","1058","2","新北市","林口區","121.350","25.080","1299"
"289","395858","20221006051000","255","1","新北市","林口區","121.345","25.100","290"
"60","395862","20221006051000","80","0","新北市","林口區","121.340","25.105","61"
"111","395869","20221006051000","64","3","新北市","林口區","121.340","25.110","106"
"93","395881","20221006051000","67","2","新北市","林口區","121.320","25.115","103"
"73","395900","20221006051000","66","1","新北市","林口區","121.345","25.125","75"
"6534","395909","20221006051000","6439","1","新北市","蘆洲區","121.480","25.080","6354"
"178","395910","20221006051000","290","0","新北市","蘆洲區","121.455","25.085","195"
"3149","395911","20221006051000","2737","1","新北市","林口區","121.365","25.070","3175"
"48","395949","20221006051000","38","2","新北市","平溪區","121.790","25.070","52"
"621","395961","20221006051000","608","1","新北市","汐止區","121.630","25.055","633"
"697","395962","20221006051000","668","1","新北市","汐止區","121.625","25.060","705"
"940","395965","20221006051000","1139","0","新北市","蘆洲區","121.470","25.075","942"
"2154","395966","20221006051000","2087","1","桃園市","龜山區","121.370","25.060","2083"
"1300","395968","20221006051000","1245","1","桃園市","龜山區","121.380","25.060","1328"
"632","395969","20221006051000","426","2","桃園市","龜山區","121.375","25.060","655"
"4981","395972","20221006051000","5283","0","臺北市","中山區","121.530","25.060","4955"
"762","395973","20221006051000","1080","0","桃園市","大園區","121.245","25.105","819"
"14","395977","20221006051000","11","2","桃園市","大園區","121.250","25.110","13"
"528","395980","20221006051000","658","0","桃園市","大園區","121.180","25.065","531"
"922","395981","20221006051000","939","0","桃園市","大園區","121.190","25.060","890"
"235","395982","20221006051000","394","0","桃園市","大園區","121.195","25.060","230"
"258","395983","20221006051000","275","0","桃園市","大園區","121.185","25.065","271"
"741","395984","20221006051000","762","0","桃園市","大園區","121.190","25.065","715"
"425","395990","20221006051000","405","1","桃園市","大園區","121.250","25.095","416"
"61","395992","20221006051000","107","0","桃園市","大園區","121.235","25.100","61"
"976","395998","20221006051000","1087","0","桃園市","大園區","121.260","25.070","993"
"741","395999","20221006051000","765","0","桃園市","大園區","121.255","25.075","712"
"2530","396009","20221006051000","2569","0","臺北市","中山區","121.530","25.070","2513"
"2768","396012","20221006051000","3516","0","臺北市","中山區","121.530","25.065","2582"
"3499","396013","20221006051000","4079","0","臺北市","中山區","121.540","25.060","3486"
"383","396014","20221006051000","399","0","臺北市","中山區","121.555","25.075","334"
"1446","396015","20221006051000","1840","0","臺北市","中山區","121.550","25.080","1432"
"2463","396016","20221006051000","1731","2","臺北市","中山區","121.555","25.080","2418"
"1262","396018","20221006051000","1225","1","臺北市","中山區","121.525","25.080","1285"
"277","396020","20221006051000","337","0","臺北市","中山區","121.535","25.080","260"
"1310","396021","20221006051000","1367","0","臺北市","中山區","121.540","25.080","1354"
"122","396022","20221006051000","310","0","臺北市","中山區","121.535","25.085","126"
"3074","396025","20221006051000","3016","1","新北市","蘆洲區","121.480","25.085","3111"
"865","396033","20221006051000","1471","0","新北市","泰山區","121.420","25.065","884"
"297","396035","20221006051000","333","0","新北市","泰山區","121.440","25.065","285"
"49","396038","20221006051000","90","0","新北市","泰山區","121.410","25.070","62"
"62","396040","20221006051000","129","0","新北市","淡水區","121.460","25.145","56"
"2155","396044","20221006051000","2443","0","臺北市","大同區","121.510","25.065","2125"
"1575","396045","20221006051000","1589","0","臺北市","大同區","121.515","25.075","1501"
"3025","396046","20221006051000","2663","1","臺北市","大同區","121.510","25.060","3087"
"3571","396047","20221006051000","3591","0","臺北市","松山區","121.545","25.060","3684"
"4714","396048","20221006051000","5638","0","臺北市","中山區","121.525","25.060","4021"
"2008","396049","20221006051000","2752","0","新北市","蘆洲區","121.460","25.080","1971"
"3196","396050","20221006051000","2725","1","新北市","蘆洲區","121.475","25.085","3164"
"458","396053","20221006051000","444","1","新北市","貢寮區","121.920","25.050","475"
"33","396057","20221006051000","29","1","新北市","貢寮區","121.900","25.050","40"
"37","396059","20221006051000","33","1","新北市","貢寮區","121.890","25.055","35"
"78","396074","20221006051000","65","2","新北市","貢寮區","121.900","25.065","87"
"602","396088","20221006051000","432","2","新北市","瑞芳區","121.805","25.110","650"
"151","396089","20221006051000","85","3","新北市","瑞芳區","121.810","25.110","144"
"712","396099","20221006051000","1244","0","桃園市","龜山區","121.385","25.060","686"
"1528","396100","20221006051000","2030","0","臺北市","中山區","121.540","25.055","1511"
"1769","396101","20221006051000","2143","0","臺北市","松山區","121.540","25.070","1753"
"863","396102","20221006051000","1238","0","臺北市","中山區","121.535","25.070","897"
"625","396103","20221006051000","344","3","臺北市","內湖區","121.615","25.075","615"
"3917","396104","20221006051000","3825","1","臺北市","內湖區","121.610","25.070","3904"
"3282","396105","20221006051000","3177","1","臺北市","北投區","121.500","25.140","3182"
"1682","396106","20221006051000","2300","0","臺北市","北投區","121.505","25.140","1599"
"486","396112","20221006051000","289","3","臺北市","北投區","121.485","25.115","454"
"34","396118","20221006051000","45","0","臺北市","北投區","121.485","25.120","45"
"1445","396121","20221006051000","1589","0","臺北市","北投區","121.500","25.120","1465"
"3009","396123","20221006051000","2045","2","臺北市","北投區","121.500","25.125","3030"
"3363","396124","20221006051000","3245","1","臺北市","北投區","121.510","25.115","3303"
"2796","396126","20221006051000","3167","0","臺北市","中山區","121.535","25.065","2605"
"1608","396127","20221006051000","1993","0","臺北市","中山區","121.550","25.085","1632"
"516","396128","20221006051000","864","0","臺北市","中山區","121.555","25.085","513"
"2005","396130","20221006051000","2304","0","新北市","三重區","121.505","25.065","2087"
"1866","396131","20221006051000","2660","0","臺北市","中山區","121.525","25.070","1813"
"1809","396132","20221006051000","1852","0","新北市","三重區","121.505","25.070","1596"
"222","396133","20221006051000","111","3","桃園市","蘆竹區","121.280","25.065","199"
"1239","396134","20221006051000","935","2","桃園市","蘆竹區","121.285","25.065","1273"
"631","396135","20221006051000","386","3","桃園市","蘆竹區","121.290","25.065","663"
"409","396136","20221006051000","356","1","桃園市","蘆竹區","121.275","25.070","438"
"369","396144","20221006051000","492","0","桃園市","龜山區","121.355","25.060","417"
"2620","396145","20221006051000","3148","0","桃園市","龜山區","121.365","25.060","2595"
"86","396146","20221006051000","90","0","桃園市","蘆竹區","121.340","25.065","94"
"331","396149","20221006051000","409","0","新北市","林口區","121.355","25.065","371"
"180","396150","20221006051000","167","1","桃園市","龜山區","121.355","25.055","199"
"707","396151","20221006051000","885","0","新北市","林口區","121.370","25.065","831"
"4264","396157","20221006051000","4575","0","臺北市","內湖區","121.620","25.070","4231"
"3380","396158","20221006051000","3729","0","臺北市","內湖區","121.595","25.080","3432"
"282","396159","20221006051000","541","0","臺北市","內湖區","121.600","25.080","274"
"38","396164","20221006051000","52","0","臺北市","北投區","121.505","25.150","38"
"716","396165","20221006051000","398","3","臺北市","北投區","121.505","25.125","731"
"1303","396166","20221006051000","827","3","臺北市","北投區","121.510","25.125","1311"
"1501","396168","20221006051000","1392","1","臺北市","北投區","121.505","25.130","1496"
"10","396169","20221006051000","51","0","臺北市","北投區","121.510","25.130","11"
"282","396170","20221006051000","364","0","臺北市","北投區","121.515","25.130","284"
"39","396172","20221006051000","44","0","臺北市","北投區","121.510","25.105","34"
"265","396173","20221006051000","303","0","臺北市","北投區","121.505","25.110","270"
"1004","396175","20221006051000","1095","0","臺北市","南港區","121.595","25.055","1010"
"687","396176","20221006051000","789","0","臺北市","南港區","121.600","25.050","689"
"885","396177","20221006051000","1122","0","臺北市","南港區","121.590","25.055","880"
"3382","396178","20221006051000","3354","1","臺北市","內湖區","121.595","25.060","3397"
"370","396179","20221006051000","648","0","臺北市","內湖區","121.600","25.060","389"
"56","396189","20221006051000","35","3","新北市","雙溪區","121.880","25.060","59"
"34","396219","20221006051000","20","3","新北市","雙溪區","121.850","25.075","24"
"2884","396233","20221006051000","2570","1","桃園市","龜山區","121.360","25.060","2896"
"570","396237","20221006051000","575","0","臺北市","士林區","121.545","25.100","572"
"787","396238","20221006051000","699","1","臺北市","士林區","121.550","25.100","770"
"98","396243","20221006051000","95","1","臺北市","士林區","121.560","25.105","100"
"1590","396246","20221006051000","1425","1","臺北市","士林區","121.535","25.105","1609"
"65","396247","20221006051000","181","0","臺北市","士林區","121.545","25.110","64"
"878","396248","20221006051000","945","0","臺北市","士林區","121.535","25.110","867"
"58","396249","20221006051000","71","0","臺北市","士林區","121.550","25.115","58"
"15","396253","20221006051000","17","0","臺北市","士林區","121.570","25.135","17"
"114","396255","20221006051000","83","2","臺北市","士林區","121.560","25.140","109"
"33","396258","20221006051000","69","0","臺北市","士林區","121.555","25.145","42"
"93","396259","20221006051000","120","0","臺北市","士林區","121.560","25.145","100"
"203","396260","20221006051000","191","1","臺北市","士林區","121.565","25.145","204"
"139","396262","20221006051000","177","0","臺北市","士林區","121.555","25.150","138"
"95","396263","20221006051000","82","1","臺北市","士林區","121.560","25.150","92"
"2144","396266","20221006051000","2489","0","臺北市","士林區","121.510","25.085","2117"
"3349","396267","20221006051000","4428","0","臺北市","北投區","121.520","25.110","3296"
"1863","396268","20221006051000","1571","1","臺北市","北投區","121.520","25.115","1947"
"1374","396269","20221006051000","1377","0","臺北市","北投區","121.520","25.105","1377"
"1659","396270","20221006051000","2122","0","臺北市","士林區","121.525","25.100","1674"
"16","396271","20221006051000","28","0","臺北市","士林區","121.545","25.130","17"
"1886","396273","20221006051000","1999","0","臺北市","士林區","121.540","25.135","1835"
"325","396274","20221006051000","266","2","臺北市","士林區","121.545","25.135","327"
"2322","396276","20221006051000","2036","1","臺北市","士林區","121.545","25.140","2340"
"258","396278","20221006051000","170","3","臺北市","士林區","121.550","25.145","262"
"2355","396280","20221006051000","1356","3","臺北市","士林區","121.530","25.100","2290"
"741","396281","20221006051000","1145","0","臺北市","士林區","121.535","25.100","751"
"990","396282","20221006051000","724","2","臺北市","士林區","121.530","25.085","972"
"27","396283","20221006051000","22","2","臺北市","士林區","121.530","25.090","27"
"1062","396285","20221006051000","1242","0","臺北市","士林區","121.530","25.095","1027"
"418","396286","20221006051000","534","0","臺北市","士林區","121.535","25.095","417"
"1989","396289","20221006051000","2100","0","臺北市","士林區","121.520","25.080","2019"
"1732","396290","20221006051000","1747","0","臺北市","士林區","121.525","25.085","1794"
"342","396294","20221006051000","427","0","臺北市","士林區","121.565","25.105","331"
"2236","396296","20221006051000","2307","0","臺北市","內湖區","121.575","25.075","2309"
"1229","396297","20221006051000","1288","0","臺北市","內湖區","121.575","25.085","1218"
"549","396299","20221006051000","1365","0","臺北市","北投區","121.495","25.145","1410"
"3909","396301","20221006051000","4245","0","臺北市","士林區","121.525","25.115","3951"
"886","396302","20221006051000","970","0","臺北市","內湖區","121.575","25.055","921"
"570","396303","20221006051000","632","0","臺北市","內湖區","121.575","25.060","553"
"320","396304","20221006051000","316","1","臺北市","內湖區","121.585","25.055","314"
"736","396305","20221006051000","1020","0","臺北市","內湖區","121.580","25.065","710"
"369","396306","20221006051000","355","1","臺北市","內湖區","121.575","25.065","371"
"664","396307","20221006051000","696","0","臺北市","內湖區","121.575","25.070","637"
"559","396308","20221006051000","750","0","臺北市","內湖區","121.585","25.065","544"
"247","396309","20221006051000","420","0","臺北市","中山區","121.570","25.075","239"
"1186","396310","20221006051000","1176","1","臺北市","內湖區","121.580","25.070","1187"
"129","396311","20221006051000","111","1","臺北市","內湖區","121.585","25.080","122"
"2394","396312","20221006051000","3036","0","臺北市","內湖區","121.590","25.080","2144"
"821","396313","20221006051000","859","0","臺北市","內湖區","121.585","25.085","796"
"609","396314","20221006051000","647","0","臺北市","內湖區","121.595","25.065","620"
"1134","396315","20221006051000","1330","0","臺北市","內湖區","121.600","25.065","1106"
"1070","396316","20221006051000","2038","0","臺北市","內湖區","121.595","25.070","1069"
"1209","396317","20221006051000","1218","0","臺北市","內湖區","121.600","25.070","1214"
"147","396318","20221006051000","132","1","桃園市","大園區","121.200","25.060","133"
"292","396320","20221006051000","252","1","桃園市","大園區","121.200","25.065","273"
"325","396322","20221006051000","251","2","桃園市","大園區","121.200","25.070","310"
"102","396333","20221006051000","164","0","桃園市","大園區","121.230","25.095","98"
"143","396335","20221006051000","96","2","桃園市","大園區","121.210","25.100","136"
"274","396349","20221006051000","209","2","桃園市","大園區","121.230","25.110","281"
"1487","396355","20221006051000","1842","0","臺北市","北投區","121.505","25.120","1466"
"2995","396356","20221006051000","2937","1","臺北市","北投區","121.510","25.120","3056"
"431","396357","20221006051000","381","1","臺北市","北投區","121.510","25.135","418"
"686","396358","20221006051000","363","3","臺北市","北投區","121.515","25.135","615"
"290","396360","20221006051000","210","2","臺北市","北投區","121.510","25.140","283"
"239","396361","20221006051000","544","0","臺北市","北投區","121.515","25.140","227"
"125","396363","20221006051000","151","0","臺北市","北投區","121.525","25.145","131"
"706","396366","20221006051000","975","0","臺北市","北投區","121.485","25.135","718"
"1956","396368","20221006051000","1621","2","臺北市","北投區","121.485","25.140","1937"
"2505","396370","20221006051000","2684","0","臺北市","士林區","121.525","25.105","2484"
"3403","396371","20221006051000","3777","0","臺北市","士林區","121.530","25.105","3388"
"2750","396372","20221006051000","2766","0","臺北市","北投區","121.515","25.110","2800"
"2150","396373","20221006051000","2307","0","臺北市","士林區","121.520","25.100","2129"
"1515","396376","20221006051000","2482","0","臺北市","士林區","121.530","25.125","1506"
"516","396377","20221006051000","709","0","臺北市","北投區","121.525","25.130","514"
"966","396378","20221006051000","968","0","臺北市","北投區","121.530","25.130","987"
"33","396380","20221006051000","35","0","臺北市","士林區","121.530","25.135","29"
"2568","396382","20221006051000","2783","0","臺北市","北投區","121.515","25.115","2517"
"659","396383","20221006051000","1190","0","臺北市","北投區","121.515","25.120","656"
"1906","396384","20221006051000","1893","1","臺北市","北投區","121.520","25.120","1913"
"3918","396385","20221006051000","3723","1","臺北市","北投區","121.525","25.120","3956"
"473","396395","20221006051000","451","1","臺北市","松山區","121.545","25.070","501"
"285","396397","20221006051000","255","1","臺北市","中山區","121.540","25.065","298"
"840","396398","20221006051000","684","2","臺北市","中山區","121.535","25.075","818"
"759","396399","20221006051000","507","2","臺北市","松山區","121.550","25.075","754"
"3648","396400","20221006051000","3892","0","臺北市","中山區","121.545","25.080","3608"
"1086","396401","20221006051000","922","1","臺北市","中山區","121.545","25.085","1014"
"1908","396404","20221006051000","1368","2","臺北市","北投區","121.495","25.140","1574"
"907","396405","20221006051000","2266","0","臺北市","北投區","121.515","25.105","892"
"4855","396406","20221006051000","5695","0","臺北市","中山區","121.525","25.065","4794"
"3541","396407","20221006051000","4357","0","臺北市","士林區","121.535","25.115","3524"
"1256","396408","20221006051000","1706","0","臺北市","士林區","121.525","25.090","1218"
"1032","396409","20221006051000","953","1","臺北市","士林區","121.560","25.115","1021"
"420","396410","20221006051000","469","0","臺北市","士林區","121.560","25.120","399"
"166","396412","20221006051000","170","0","臺北市","士林區","121.560","25.125","170"
"188","396416","20221006051000","242","0","臺北市","士林區","121.560","25.135","188"
"4411","396417","20221006051000","5025","0","臺北市","士林區","121.520","25.085","4297"
"2446","396418","20221006051000","3122","0","臺北市","內湖區","121.580","25.080","2387"
"1080","396419","20221006051000","1060","1","臺北市","內湖區","121.580","25.085","1116"
"415","396422","20221006051000","420","0","桃園市","大園區","121.240","25.065","403"
"36","396424","20221006051000","37","0","桃園市","大園區","121.250","25.065","25"
"16","396433","20221006051000","197","0","桃園市","大園區","121.255","25.070","16"
"276","396435","20221006051000","268","1","桃園市","大園區","121.185","25.070","273"
"369","396436","20221006051000","368","1","桃園市","大園區","121.190","25.070","343"
"839","396438","20221006051000","736","1","桃園市","大園區","121.175","25.075","818"
"384","396439","20221006051000","432","0","桃園市","大園區","121.180","25.075","395"
"549","396440","20221006051000","436","2","桃園市","大園區","121.185","25.075","520"
"125","396443","20221006051000","112","1","桃園市","大園區","121.180","25.080","120"
"294","396447","20221006051000","240","2","桃園市","大園區","121.185","25.085","303"
"362","396462","20221006051000","308","1","桃園市","大園區","121.160","25.075","355"
"271","396471","20221006051000","223","2","桃園市","大園區","121.165","25.060","262"
"285","396472","20221006051000","314","0","桃園市","大園區","121.170","25.060","295"
"960","396473","20221006051000","970","0","桃園市","大園區","121.175","25.060","991"
"697","396496","20221006051000","619","1","桃園市","大園區","121.210","25.060","668"
"112","396505","20221006051000","81","2","桃園市","大園區","121.220","25.070","98"
"1554","396517","20221006051000","849","3","桃園市","大園區","121.230","25.075","1299"
"179","396518","20221006051000","92","3","桃園市","大園區","121.235","25.075","57"
"556","396524","20221006051000","407","2","桃園市","大園區","121.235","25.080","550"
"354","396531","20221006051000","365","0","桃園市","大園區","121.240","25.085","355"
"171","396532","20221006051000","117","2","桃園市","大園區","121.245","25.085","167"
"654","396533","20221006051000","740","0","桃園市","大園區","121.250","25.085","654"
"564","396537","20221006051000","233","3","桃園市","大園區","121.245","25.090","564"
"417","396541","20221006051000","432","0","桃園市","大園區","121.240","25.100","440"
"1393","396542","20221006051000","1296","1","桃園市","大園區","121.195","25.065","1412"
"1857","396543","20221006051000","1626","1","桃園市","大園區","121.195","25.070","1802"
"126","396549","20221006051000","255","0","桃園市","大園區","121.235","25.065","124"
"236","396555","20221006051000","309","0","桃園市","大園區","121.200","25.085","245"
"192","396560","20221006051000","269","0","桃園市","大園區","121.225","25.090","242"
"3192","396561","20221006051000","3549","0","臺北市","士林區","121.520","25.095","3178"
"764","396562","20221006051000","1077","0","臺北市","南港區","121.600","25.055","845"
"2846","396563","20221006051000","3231","0","臺北市","南港區","121.605","25.055","3080"
"33","396564","20221006051000","36","0","臺北市","內湖區","121.615","25.080","35"
"1533","396567","20221006051000","2169","0","臺北市","內湖區","121.615","25.070","1537"
"2532","396568","20221006051000","2910","0","臺北市","內湖區","121.590","25.065","2488"
"51","396569","20221006051000","68","0","臺北市","內湖區","121.585","25.070","75"
"1859","396570","20221006051000","1384","2","臺北市","內湖區","121.590","25.070","1884"
"55","396571","20221006051000","470","0","臺北市","北投區","121.500","25.145","278"
"818","396572","20221006051000","877","0","臺北市","內湖區","121.620","25.075","811"
"179","396574","20221006051000","190","0","新北市","汐止區","121.625","25.080","188"
"104","396576","20221006051000","94","1","臺北市","內湖區","121.625","25.085","106"
"10","396581","20221006051000","10","1","臺北市","內湖區","121.625","25.095","10"
"16","396587","20221006051000","38","0","臺北市","內湖區","121.610","25.100","21"
"979","396590","20221006051000","1208","0","臺北市","內湖區","121.610","25.065","1056"
"432","396592","20221006051000","512","0","臺北市","內湖區","121.605","25.085","433"
"1108","396594","20221006051000","1427","0","臺北市","內湖區","121.600","25.090","1106"
"2679","396603","20221006051000","3013","0","臺北市","北投區","121.500","25.130","2693"
"762","396604","20221006051000","795","0","新北市","汐止區","121.620","25.055","726"
"3155","396605","20221006051000","3639","0","臺北市","士林區","121.505","25.085","3090"
"1152","396606","20221006051000","1557","0","臺北市","士林區","121.515","25.085","1157"
"931","396607","20221006051000","1095","0","臺北市","內湖區","121.590","25.085","949"
"2049","396608","20221006051000","2018","1","臺北市","內湖區","121.595","25.085","2116"
"2252","396609","20221006051000","1862","2","臺北市","內湖區","121.575","25.080","2258"
"1293","396611","20221006051000","1567","0","臺北市","北投區","121.470","25.125","1294"
"198","396612","20221006051000","321","0","臺北市","北投區","121.475","25.125","189"
"1630","396615","20221006051000","1900","0","臺北市","北投區","121.465","25.130","1624"
"964","396616","20221006051000","857","1","臺北市","北投區","121.470","25.130","974"
"131","396617","20221006051000","169","0","臺北市","北投區","121.475","25.130","120"
"1741","396619","20221006051000","1509","1","臺北市","北投區","121.470","25.135","1735"
"60","396620","20221006051000","45","2","臺北市","北投區","121.475","25.135","57"
"19","396621","20221006051000","14","2","臺北市","北投區","121.475","25.140","13"
"111","396622","20221006051000","98","1","臺北市","南港區","121.610","25.055","103"
"536","396623","20221006051000","570","0","臺北市","內湖區","121.605","25.065","542"
"4344","396624","20221006051000","4918","0","臺北市","中山區","121.520","25.060","4378"
"174","396625","20221006051000","249","0","臺北市","中山區","121.530","25.075","196"
"444","396626","20221006051000","572","0","臺北市","內湖區","121.570","25.065","405"
"1020","396628","20221006051000","988","1","臺北市","松山區","121.550","25.070","1033"
"123","396629","20221006051000","197","0","臺北市","松山區","121.555","25.070","151"
"159","396630","20221006051000","147","1","臺北市","松山區","121.560","25.070","224"
"91","396633","20221006051000","2141","0","臺北市","松山區","121.555","25.055","102"
"2358","396634","20221006051000","4546","0","臺北市","松山區","121.570","25.055","2389"
"2066","396635","20221006051000","1897","1","臺北市","士林區","121.530","25.115","2039"
"14","396636","20221006051000","288","0","臺北市","士林區","121.495","25.095","18"
"1520","396637","20221006051000","1515","1","臺北市","士林區","121.500","25.095","1526"
"221","396639","20221006051000","264","0","臺北市","士林區","121.490","25.100","216"
"110","396643","20221006051000","105","1","臺北市","士林區","121.480","25.110","96"
"237","396644","20221006051000","277","0","臺北市","士林區","121.495","25.110","219"
"2495","396647","20221006051000","3073","0","臺北市","松山區","121.550","25.060","2449"
"3359","396648","20221006051000","3904","0","臺北市","松山區","121.555","25.060","3330"
"513","396649","20221006051000","414","2","臺北市","松山區","121.560","25.065","334"
"1536","396650","20221006051000","1887","0","臺北市","松山區","121.555","25.065","1581"
"1144","396651","20221006051000","1132","1","臺北市","中山區","121.545","25.075","1139"
"55","396655","20221006051000","142","0","臺北市","內湖區","121.605","25.080","68"
"2732","396656","20221006051000","1981","2","臺北市","內湖區","121.600","25.085","2725"
"3237","396657","20221006051000","2944","1","臺北市","松山區","121.550","25.065","3264"
"1303","396658","20221006051000","1518","0","臺北市","松山區","121.545","25.065","1342"
"3256","396659","20221006051000","4002","0","臺北市","松山區","121.565","25.055","3402"
"3747","396660","20221006051000","3891","0","臺北市","松山區","121.560","25.060","3652"
"255","396661","20221006051000","1238","0","臺北市","內湖區","121.570","25.060","293"
"2238","396662","20221006051000","2442","0","臺北市","松山區","121.565","25.060","2225"
"268","396663","20221006051000","246","1","臺北市","中山區","121.560","25.075","258"
"51","396665","20221006051000","52","0","臺北市","松山區","121.570","25.070","59"
"2476","396666","20221006051000","2559","0","臺北市","中山區","121.560","25.080","2314"
"3645","396667","20221006051000","4667","0","臺北市","松山區","121.550","25.055","3595"
"409","396669","20221006051000","567","0","臺北市","士林區","121.535","25.125","436"
"89","396672","20221006051000","111","0","臺北市","士林區","121.535","25.135","76"
"4336","396674","20221006051000","3312","2","臺北市","士林區","121.530","25.120","4299"
"5199","396675","20221006051000","5178","1","臺北市","士林區","121.530","25.110","5189"
"1861","396676","20221006051000","3814","0","臺北市","松山區","121.545","25.055","1916"
"3690","396677","20221006051000","3371","1","臺北市","松山區","121.560","25.055","3698"
"3056","396678","20221006051000","3421","0","臺北市","內湖區","121.580","25.075","3055"
"895","396680","20221006051000","1071","0","臺北市","內湖區","121.590","25.060","868"
"3495","396683","20221006051000","3257","1","臺北市","內湖區","121.590","25.090","3567"
"71","396684","20221006051000","20","3","臺北市","內湖區","121.595","25.090","79"
"43","396688","20221006051000","151","0","臺北市","內湖區","121.590","25.100","33"
"127","396690","20221006051000","156","0","臺北市","內湖區","121.580","25.105","132"
"112","396693","20221006051000","103","1","臺北市","內湖區","121.595","25.105","117"
"2303","396701","20221006051000","3244","0","臺北市","北投區","121.495","25.135","2209"
"289","396703","20221006051000","286","1","臺北市","北投區","121.505","25.100","290"
"197","396707","20221006051000","227","0","臺北市","北投區","121.500","25.110","195"
"44","396710","20221006051000","38","1","臺北市","北投區","121.530","25.140","37"
"87","396716","20221006051000","106","0","臺北市","北投區","121.535","25.150","87"
"400","396719","20221006051000","435","0","臺北市","士林區","121.555","25.115","370"
"233","396722","20221006051000","220","1","臺北市","士林區","121.550","25.125","227"
"2220","396727","20221006051000","2349","0","臺北市","士林區","121.510","25.080","2215"
"168","396731","20221006051000","263","0","臺北市","士林區","121.480","25.105","169"
"439","396732","20221006051000","364","2","臺北市","士林區","121.485","25.105","458"
"215","396735","20221006051000","610","0","臺北市","北投區","121.470","25.110","162"
"122","396737","20221006051000","129","0","臺北市","士林區","121.485","25.110","118"
"53","396739","20221006051000","39","2","臺北市","士林區","121.460","25.110","38"
"3896","396740","20221006051000","3437","1","臺北市","大同區","121.515","25.060","3888"
"2136","396741","20221006051000","2568","0","臺北市","中山區","121.520","25.065","2115"
"941","396742","20221006051000","1357","0","臺北市","內湖區","121.615","25.065","959"
"3010","396743","20221006051000","2549","1","臺北市","內湖區","121.605","25.070","2927"
"169","396744","20221006051000","389","0","臺北市","內湖區","121.605","25.075","182"
"2868","396745","20221006051000","2995","0","臺北市","內湖區","121.610","25.075","2823"
"904","396746","20221006051000","681","2","臺北市","內湖區","121.585","25.090","890"
"1379","396754","20221006051000","1292","1","臺北市","南港區","121.610","25.060","1437"
"650","396755","20221006051000","632","1","臺北市","南港區","121.620","25.060","603"
"1966","396756","20221006051000","2272","0","臺北市","南港區","121.615","25.060","1989"
"3339","396758","20221006051000","3237","1","臺北市","南港區","121.615","25.055","3347"
"2503","396759","20221006051000","1680","2","臺北市","北投區","121.505","25.145","2157"
"439","396762","20221006051000","529","0","臺北市","北投區","121.465","25.115","452"
"3086","396765","20221006051000","2567","2","臺北市","北投區","121.465","25.120","3099"
"787","396766","20221006051000","807","0","臺北市","北投區","121.470","25.120","778"
"2195","396767","20221006051000","2198","0","臺北市","士林區","121.525","25.095","2244"
"2053","396768","20221006051000","1643","2","臺北市","士林區","121.505","25.090","2023"
"1951","396769","20221006051000","1354","2","臺北市","士林區","121.510","25.090","1975"
"634","396771","20221006051000","816","0","新北市","三重區","121.500","25.075","642"
"3446","396773","20221006051000","3756","0","臺北市","內湖區","121.585","25.075","3480"
"1515","396774","20221006051000","1526","0","臺北市","內湖區","121.590","25.075","1581"
"1047","396775","20221006051000","1062","0","臺北市","內湖區","121.595","25.075","1119"
"1084","396776","20221006051000","1073","1","臺北市","內湖區","121.600","25.075","318"
"3763","396777","20221006051000","4410","0","臺北市","中山區","121.535","25.060","3759"
"1905","396778","20221006051000","2112","0","臺北市","大同區","121.515","25.070","1717"
"1830","396779","20221006051000","2114","0","臺北市","大同區","121.515","25.065","1848"
"2724","396781","20221006051000","3404","0","臺北市","北投區","121.510","25.110","2669"
"2314","396785","20221006051000","2197","1","臺北市","北投區","121.490","25.145","2154"
"2168","396788","20221006051000","2713","0","臺北市","北投區","121.505","25.115","2141"
"467","396789","20221006051000","487","0","臺北市","北投區","121.515","25.100","447"
"2050","396790","20221006051000","2635","0","臺北市","士林區","121.525","25.110","2025"
"1280","396791","20221006051000","1235","1","臺北市","中山區","121.520","25.070","1330"
"1783","396792","20221006051000","1781","1","臺北市","大同區","121.520","25.075","1802"
"11","396793","20221006051000","502","0","臺北市","士林區","121.515","25.080","11"
"465","396794","20221006051000","549","0","臺北市","內湖區","121.605","25.060","466"
"2343","396798","20221006051000","2120","1","臺北市","內湖區","121.585","25.060","2356"
"3317","396799","20221006051000","3658","0","臺北市","北投區","121.505","25.135","3302"
"29","396802","20221006051000","40","0","臺北市","士林區","121.575","25.120","23"
"21","396803","20221006051000","16","2","臺北市","士林區","121.570","25.125","19"
"221","396804","20221006051000","175","2","臺北市","士林區","121.575","25.125","233"
"17","396806","20221006051000","26","0","臺北市","士林區","121.570","25.130","18"
"218","396807","20221006051000","292","0","臺北市","士林區","121.575","25.130","199"
"25","396809","20221006051000","22","1","臺北市","士林區","121.575","25.135","20"
"50","396812","20221006051000","44","1","臺北市","士林區","121.580","25.140","54"
"526","396819","20221006051000","596","0","臺北市","士林區","121.515","25.090","514"
"4189","396820","20221006051000","4290","0","臺北市","士林區","121.520","25.090","4204"
"1102","396821","20221006051000","1039","1","臺北市","士林區","121.515","25.095","1110"
"2503","396822","20221006051000","2176","1","臺北市","北投區","121.500","25.135","2562"
"1440","396823","20221006051000","1038","2","臺北市","士林區","121.525","25.075","1412"
"1041","396824","20221006051000","1435","0","臺北市","士林區","121.540","25.110","1007"
"582","396826","20221006051000","404","2","臺北市","士林區","121.545","25.115","555"
"212","396828","20221006051000","194","1","臺北市","士林區","121.540","25.125","221"
"831","396831","20221006051000","777","1","臺北市","士林區","121.505","25.095","836"
"950","396832","20221006051000","377","3","臺北市","士林區","121.540","25.095","1012"
"782","396833","20221006051000","562","2","臺北市","士林區","121.545","25.105","778"
"238","396834","20221006051000","267","0","臺北市","士林區","121.540","25.105","245"
"110","396839","20221006051000","80","2","臺北市","士林區","121.560","25.110","93"
"44","396841","20221006051000","46","0","臺北市","士林區","121.570","25.110","46"
"106","396848","20221006051000","83","2","臺北市","士林區","121.580","25.115","98"
"57","396852","20221006051000","53","1","臺北市","士林區","121.580","25.120","48"
"69","396853","20221006051000","102","0","臺北市","士林區","121.585","25.120","72"
"279","396856","20221006051000","195","2","新北市","汐止區","121.600","25.120","277"
"1586","396878","20221006051000","1961","0","臺北市","內湖區","121.580","25.055","1571"
"2444","396879","20221006051000","2354","1","臺北市","內湖區","121.580","25.060","2454"
"749","396880","20221006051000","1133","0","臺北市","內湖區","121.565","25.090","796"
"2663","396884","20221006051000","3042","0","臺北市","內湖區","121.565","25.080","2637"
"1247","396885","20221006051000","1237","1","臺北市","內湖區","121.560","25.085","1204"
"3343","396886","20221006051000","3079","1","臺北市","內湖區","121.565","25.085","3344"
"634","396888","20221006051000","741","0","臺北市","內湖區","121.560","25.090","626"
"1447","396890","20221006051000","1481","0","臺北市","內湖區","121.570","25.080","1453"
"2374","396891","20221006051000","2116","1","臺北市","內湖區","121.570","25.085","2361"
"2534","396892","20221006051000","3361","0","臺北市","松山區","121.570","25.050","2511"
"1061","396893","20221006051000","1160","0","臺北市","松山區","121.565","25.065","1065"
"195","398951","20221006051000","145","2","新北市","八里區","121.390","25.165","205"
"52","398956","20221006051000","33","3","基隆市","安樂區","121.710","25.165","64"
"63","399938","20221006051000","58","1","基隆市","安樂區","121.710","25.175","81"
"24","402902","20221006051000","16","3","新北市","萬里區","121.680","25.200","14"
"211","403910","20221006051000","270","0","新北市","萬里區","121.700","25.210","354"
"95","406949","20221006051000","101","0","新北市","金山區","121.635","25.240","119"
"31","409009","20221006051000","37","0","新北市","金山區","121.635","25.255","37"
"69","409527","20221006051000","79","0","新北市","三芝區","121.475","25.260","77"
"454","413221","20221006051000","524","0","新北市","石門區","121.565","25.290","448"
"59","413767","20221006051000","57","1","新北市","石門區","121.580","25.295","64"
"134","414894","20221006051000","67","3","基隆市","中正區","121.765","25.145","126"
"445","414895","20221006051000","389","1","基隆市","中正區","121.770","25.155","414"
"536","414896","20221006051000","489","1","基隆市","中正區","121.765","25.155","520"
"79","414897","20221006051000","46","3","基隆市","中正區","121.765","25.160","68"
"314","414900","20221006051000","515","0","基隆市","中正區","121.780","25.145","363"
"780","414901","20221006051000","788","0","基隆市","中正區","121.775","25.150","784"
"134","414906","20221006051000","137","0","基隆市","安樂區","121.695","25.150","139"
"423","414907","20221006051000","429","0","基隆市","安樂區","121.700","25.150","404"
"1168","414909","20221006051000","1041","1","基隆市","安樂區","121.695","25.155","1160"
"420","414910","20221006051000","336","2","基隆市","安樂區","121.700","25.155","399"
"306","414912","20221006051000","186","3","基隆市","安樂區","121.695","25.160","297"
"10","414913","20221006051000","181","0","基隆市","安樂區","121.700","25.160","11"
"224","414921","20221006051000","199","1","基隆市","中山區","121.750","25.145","226"
"1274","414923","20221006051000","1396","0","基隆市","中山區","121.720","25.150","1265"
"265","414929","20221006051000","246","1","基隆市","中山區","121.745","25.150","264"
"1006","414936","20221006051000","873","1","新北市","三芝區","121.495","25.250","981"
"163","414948","20221006051000","181","0","新北市","三芝區","121.490","25.270","152"
"789","414949","20221006051000","648","2","基隆市","中山區","121.740","25.150","792"
"186","414951","20221006051000","197","0","基隆市","中山區","121.740","25.155","203"
"110","414985","20221006051000","244","0","新北市","三芝區","121.510","25.215","147"
"79","415028","20221006051000","66","1","新北市","三芝區","121.530","25.230","78"
"2167","415040","20221006051000","2154","1","新北市","三芝區","121.505","25.255","2185"
"576","415041","20221006051000","436","2","新北市","三芝區","121.505","25.260","562"
"2254","415044","20221006051000","2153","1","新北市","三芝區","121.500","25.255","2235"
"183","415063","20221006051000","126","2","新北市","三芝區","121.505","25.205","196"
"1626","415070","20221006051000","1832","0","基隆市","中正區","121.770","25.150","1531"
"157","415078","20221006051000","128","2","新北市","三芝區","121.465","25.240","155"
"217","415083","20221006051000","195","1","新北市","三芝區","121.455","25.245","232"
"118","415087","20221006051000","81","2","新北市","三芝區","121.475","25.245","113"
"126","415093","20221006051000","121","1","新北市","三芝區","121.465","25.250","129"
"269","415100","20221006051000","250","1","新北市","三芝區","121.475","25.250","258"
"69","415103","20221006051000","56","2","新北市","三芝區","121.505","25.265","72"
"1227","415124","20221006051000","559","3","新北市","三芝區","121.535","25.245","1607"
"130","415149","20221006051000","116","1","新北市","三芝區","121.520","25.225","146"
"221","415181","20221006051000","195","1","新北市","三芝區","121.500","25.210","359"
"213","415188","20221006051000","407","0","新北市","三芝區","121.510","25.255","232"
"134","415196","20221006051000","114","1","新北市","三芝區","121.495","25.235","146"
"17","415202","20221006051000","13","2","新北市","三芝區","121.490","25.245","14"
"441","415205","20221006051000","525","0","新北市","三芝區","121.495","25.245","412"
"346","415211","20221006051000","298","1","基隆市","中山區","121.735","25.150","307"
"211","415212","20221006051000","117","3","基隆市","中山區","121.730","25.155","208"
"366","415214","20221006051000","318","1","基隆市","中正區","121.785","25.145","360"
"244","415224","20221006051000","251","0","新北市","八里區","121.415","25.155","226"
"1538","415226","20221006051000","1321","1","新北市","八里區","121.415","25.160","1521"
"618","415229","20221006051000","672","0","新北市","八里區","121.420","25.160","637"
"81","415237","20221006051000","92","0","新北市","八里區","121.440","25.155","109"
"247","415239","20221006051000","359","0","新北市","八里區","121.430","25.155","254"
"177","415242","20221006051000","141","2","新北市","八里區","121.430","25.160","157"
"179","415250","20221006051000","188","0","新北市","八里區","121.395","25.160","251"
"179","415252","20221006051000","205","0","新北市","八里區","121.405","25.155","172"
"255","415257","20221006051000","287","0","新北市","萬里區","121.675","25.180","267"
"10","415259","20221006051000","40","0","新北市","萬里區","121.685","25.180","12"
"363","415264","20221006051000","323","1","新北市","萬里區","121.640","25.210","384"
"47","415271","20221006051000","39","2","新北市","萬里區","121.645","25.150","48"
"112","415286","20221006051000","90","2","新北市","萬里區","121.665","25.160","108"
"38","415301","20221006051000","41","0","新北市","萬里區","121.625","25.150","45"
"69","415357","20221006051000","41","3","新北市","萬里區","121.620","25.200","61"
"193","415363","20221006051000","243","0","新北市","萬里區","121.650","25.200","183"
"1028","415369","20221006051000","942","1","新北市","萬里區","121.690","25.175","1064"
"655","415372","20221006051000","573","1","新北市","萬里區","121.690","25.180","575"
"2391","415375","20221006051000","2306","1","新北市","淡水區","121.440","25.175","2380"
"442","415378","20221006051000","461","0","新北市","淡水區","121.450","25.160","452"
"1514","415379","20221006051000","1411","1","新北市","淡水區","121.455","25.160","1481"
"456","415380","20221006051000","627","0","新北市","淡水區","121.460","25.160","474"
"709","415383","20221006051000","622","1","新北市","淡水區","121.450","25.165","707"
"17","415391","20221006051000","23","0","新北市","淡水區","121.430","25.205","23"
"25","415394","20221006051000","88","0","新北市","淡水區","121.445","25.205","30"
"242","415395","20221006051000","259","0","新北市","淡水區","121.450","25.205","239"
"184","415396","20221006051000","158","1","新北市","淡水區","121.455","25.205","196"
"23","415398","20221006051000","20","1","新北市","淡水區","121.440","25.210","24"
"210","415408","20221006051000","226","0","新北市","淡水區","121.460","25.215","204"
"60","415409","20221006051000","64","0","新北市","淡水區","121.465","25.215","59"
"428","415412","20221006051000","378","1","新北市","淡水區","121.450","25.220","401"
"13","415437","20221006051000","28","0","新北市","石門區","121.580","25.245","13"
"57","415462","20221006051000","28","3","新北市","石門區","121.530","25.285","53"
"141","415465","20221006051000","100","2","新北市","石門區","121.535","25.290","84"
"424","415468","20221006051000","369","1","新北市","石門區","121.540","25.290","404"
"136","415521","20221006051000","153","0","新北市","石門區","121.550","25.285","133"
"134","415532","20221006051000","121","1","新北市","石門區","121.515","25.275","144"
"180","415546","20221006051000","118","3","新北市","石門區","121.570","25.255","313"
"97","415568","20221006051000","150","0","新北市","石門區","121.550","25.255","106"
"68","415594","20221006051000","63","1","新北市","石門區","121.595","25.270","72"
"21","415595","20221006051000","19","1","新北市","石門區","121.590","25.275","20"
"50","415599","20221006051000","58","0","新北市","石門區","121.590","25.285","51"
"11","415623","20221006051000","17","0","新北市","石門區","121.600","25.280","36"
"107","415625","20221006051000","93","1","新北市","石門區","121.610","25.280","111"
"31","415630","20221006051000","26","1","新北市","萬里區","121.685","25.165","33"
"20","415649","20221006051000","14","2","新北市","萬里區","121.655","25.200","15"
"814","415654","20221006051000","579","2","新北市","萬里區","121.690","25.200","664"
"62","415655","20221006051000","49","2","新北市","萬里區","121.655","25.205","56"
"89","415656","20221006051000","69","2","新北市","萬里區","121.660","25.205","82"
"300","415657","20221006051000","176","3","新北市","萬里區","121.690","25.205","227"
"18","415664","20221006051000","21","0","新北市","淡水區","121.465","25.175","19"
"37","415674","20221006051000","52","0","新北市","淡水區","121.520","25.175","49"
"60","415676","20221006051000","88","0","新北市","淡水區","121.480","25.180","60"
"137","415677","20221006051000","141","0","新北市","淡水區","121.485","25.180","145"
"129","415685","20221006051000","108","1","新北市","淡水區","121.470","25.185","122"
"23","415687","20221006051000","115","0","新北市","淡水區","121.480","25.185","20"
"478","415688","20221006051000","470","1","新北市","淡水區","121.485","25.185","459"
"120","415696","20221006051000","133","0","新北市","淡水區","121.475","25.190","127"
"208","415697","20221006051000","165","2","新北市","淡水區","121.490","25.190","231"
"14","415699","20221006051000","12","1","新北市","淡水區","121.500","25.190","16"
"445","415701","20221006051000","1165","0","新北市","淡水區","121.440","25.180","417"
"136","415706","20221006051000","218","0","新北市","淡水區","121.485","25.165","165"
"64","415713","20221006051000","68","0","新北市","淡水區","121.485","25.170","57"
"111","415717","20221006051000","163","0","新北市","淡水區","121.485","25.175","117"
"21","415718","20221006051000","207","0","新北市","淡水區","121.415","25.180","18"
"118","415720","20221006051000","69","3","新北市","淡水區","121.410","25.185","94"
"1697","415722","20221006051000","1621","1","新北市","淡水區","121.420","25.185","1729"
"1059","415723","20221006051000","1084","0","新北市","淡水區","121.425","25.185","1068"
"874","415724","20221006051000","1289","0","新北市","淡水區","121.430","25.185","889"
"769","415730","20221006051000","531","2","新北市","淡水區","121.430","25.190","784"
"34","415731","20221006051000","38","0","新北市","淡水區","121.420","25.195","37"
"840","415732","20221006051000","725","1","新北市","淡水區","121.425","25.195","865"
"542","415734","20221006051000","542","1","新北市","淡水區","121.420","25.175","555"
"148","415735","20221006051000","133","1","新北市","淡水區","121.425","25.175","132"
"19","415737","20221006051000","48","0","新北市","淡水區","121.430","25.180","32"
"57","415738","20221006051000","55","1","新北市","淡水區","121.475","25.210","60"
"22","415743","20221006051000","20","1","新北市","淡水區","121.475","25.215","19"
"62","415744","20221006051000","51","2","新北市","淡水區","121.480","25.215","63"
"150","415745","20221006051000","174","0","新北市","淡水區","121.485","25.215","168"
"45","415753","20221006051000","125","0","新北市","淡水區","121.445","25.225","43"
"123","415754","20221006051000","214","0","新北市","淡水區","121.450","25.225","125"
"147","415755","20221006051000","156","0","新北市","淡水區","121.455","25.225","152"
"15","415761","20221006051000","55","0","新北市","淡水區","121.445","25.230","15"
"194","415762","20221006051000","158","2","新北市","淡水區","121.450","25.230","193"
"97","415775","20221006051000","94","1","新北市","萬里區","121.635","25.165","110"
"113","415799","20221006051000","55","3","新北市","萬里區","121.650","25.175","93"
"242","415830","20221006051000","246","0","新北市","萬里區","121.685","25.190","230"
"166","415832","20221006051000","101","3","新北市","萬里區","121.680","25.195","153"
"214","415838","20221006051000","192","1","新北市","淡水區","121.430","25.175","243"
"1857","415839","20221006051000","2042","0","新北市","淡水區","121.435","25.175","1834"
"2039","415840","20221006051000","2375","0","新北市","淡水區","121.435","25.180","2005"
"461","415841","20221006051000","432","1","新北市","淡水區","121.435","25.170","442"
"14","415849","20221006051000","15","0","新北市","淡水區","121.485","25.230","19"
"176","415852","20221006051000","150","1","新北市","三芝區","121.480","25.235","178"
"3326","415853","20221006051000","3398","0","新北市","淡水區","121.445","25.175","3356"
"3298","415854","20221006051000","4465","0","新北市","淡水區","121.450","25.175","3295"
"2085","415857","20221006051000","2056","1","新北市","淡水區","121.460","25.155","2047"
"1212","415860","20221006051000","1218","0","新北市","淡水區","121.455","25.155","1221"
"137","415861","20221006051000","872","0","新北市","淡水區","121.465","25.160","132"
"124","415870","20221006051000","61","3","新北市","金山區","121.615","25.240","126"
"41","415905","20221006051000","48","0","新北市","金山區","121.590","25.235","53"
"1982","415910","20221006051000","2956","0","新北市","淡水區","121.445","25.180","1980"
"2147","415911","20221006051000","2668","0","新北市","淡水區","121.450","25.180","2376"
"49","415912","20221006051000","240","0","新北市","淡水區","121.455","25.180","40"
"1006","415916","20221006051000","1711","0","新北市","淡水區","121.445","25.185","959"
"1519","415921","20221006051000","1861","0","新北市","淡水區","121.455","25.175","1537"
"2389","415922","20221006051000","2485","0","新北市","淡水區","121.440","25.170","2479"
"200","415924","20221006051000","132","3","新北市","淡水區","121.485","25.155","161"
"441","415927","20221006051000","389","1","新北市","淡水區","121.485","25.160","424"
"263","415931","20221006051000","230","1","新北市","淡水區","121.470","25.165","252"
"445","415932","20221006051000","339","2","新北市","淡水區","121.440","25.190","445"
"1701","415933","20221006051000","1964","0","新北市","淡水區","121.445","25.190","1729"
"59","415936","20221006051000","63","0","新北市","淡水區","121.460","25.190","52"
"781","415942","20221006051000","589","2","新北市","淡水區","121.450","25.200","801"
"194","415944","20221006051000","178","1","新北市","淡水區","121.460","25.200","197"
"771","415946","20221006051000","760","1","新北市","淡水區","121.420","25.180","758"
"2323","415947","20221006051000","2515","0","新北市","淡水區","121.450","25.170","2342"
"878","415948","20221006051000","953","0","新北市","淡水區","121.455","25.170","906"
"257","415951","20221006051000","281","0","新北市","淡水區","121.455","25.235","252"
"1163","415961","20221006051000","1058","1","新北市","淡水區","121.435","25.185","1174"
"409","415962","20221006051000","458","0","新北市","淡水區","121.440","25.185","398"
"2492","415963","20221006051000","2155","1","新北市","淡水區","121.435","25.190","2486"
"907","415964","20221006051000","882","1","新北市","淡水區","121.430","25.195","900"
"576","415968","20221006051000","461","2","新北市","淡水區","121.430","25.200","541"
"1433","415969","20221006051000","1667","0","新北市","淡水區","121.435","25.200","1434"
"466","415971","20221006051000","366","2","新北市","淡水區","121.425","25.205","407"
"26","415972","20221006051000","18","2","新北市","淡水區","121.435","25.205","24"
"62","415975","20221006051000","506","0","新北市","淡水區","121.445","25.170","56"
"42","415977","20221006051000","44","0","新北市","淡水區","121.485","25.190","39"
"25","415979","20221006051000","90","0","新北市","淡水區","121.470","25.195","29"
"155","415984","20221006051000","168","0","新北市","淡水區","121.470","25.200","161"
"100","415986","20221006051000","98","1","新北市","淡水區","121.480","25.200","95"
"1204","416009","20221006051000","1220","0","新北市","金山區","121.640","25.220","1202"
"24","416022","20221006051000","16","3","新北市","金山區","121.625","25.270","24"
"321","416030","20221006051000","259","2","新北市","金山區","121.640","25.225","310"
"197","416031","20221006051000","219","0","新北市","金山區","121.645","25.225","185"
"269","416033","20221006051000","201","2","新北市","金山區","121.645","25.230","188"
"65","416038","20221006051000","108","0","臺北市","北投區","121.500","25.155","63"
"325","416050","20221006051000","268","2","新北市","金山區","121.630","25.225","321"
"418","416051","20221006051000","379","1","新北市","金山區","121.635","25.225","419"
"163","416060","20221006051000","136","1","新北市","金山區","121.615","25.245","159"
"24","416062","20221006051000","21","1","新北市","金山區","121.605","25.245","40"
"19","416063","20221006051000","22","0","新北市","金山區","121.610","25.245","16"
"11","416067","20221006051000","14","0","新北市","金山區","121.610","25.250","14"
"114","416122","20221006051000","89","2","新北市","金山區","121.595","25.200","134"
"227","416123","20221006051000","138","3","新北市","金山區","121.600","25.200","225"
"93","416146","20221006051000","73","2","新北市","金山區","121.600","25.215","94"
"515","416155","20221006051000","576","0","新北市","金山區","121.630","25.220","507"
"1111","416156","20221006051000","724","3","新北市","金山區","121.635","25.220","1096"
"32","416160","20221006051000","50","0","臺北市","士林區","121.555","25.155","39"
"10","416182","20221006051000","17","0","臺北市","士林區","121.570","25.190","18"
"20","416192","20221006051000","49","0","臺北市","北投區","121.530","25.155","34"
"2015","416202","20221006051000","2277","0","新北市","淡水區","121.445","25.165","2039"
"208","416204","20221006051000","153","2","臺北市","北投區","121.540","25.155","221"
"159","416205","20221006051000","149","1","臺北市","北投區","121.545","25.150","160"
"12","416212","20221006051000","13","0","臺北市","北投區","121.540","25.160","11"
"32","416213","20221006051000","26","2","臺北市","北投區","121.545","25.160","50"
"291","416221","20221006051000","101","3","臺北市","北投區","121.540","25.165","288"
"137","416225","20221006051000","34","3","臺北市","北投區","121.560","25.165","152"
"45","416236","20221006051000","36","2","臺北市","北投區","121.535","25.175","43"
"57","416246","20221006051000","61","0","臺北市","北投區","121.545","25.180","87"
"93","416251","20221006051000","98","0","臺北市","北投區","121.535","25.185","81"
"1272","617430","20221006051000","1061","1","金門縣","金城鎮","118.310","24.400","1291"
"428","617700","20221006051000","413","1","金門縣","金城鎮","118.305","24.405","438"
"294","617704","20221006051000","256","1","金門縣","金城鎮","118.325","24.405","276"
"13","617966","20221006051000","21","0","金門縣","烈嶼鄉","118.225","24.405","22"
"43","617974","20221006051000","49","0","金門縣","金城鎮","118.290","24.405","42"
"84","617990","20221006051000","58","2","金門縣","金湖鎮","118.430","24.410","81"
"80","618255","20221006051000","66","2","金門縣","金城鎮","118.285","24.410","77"
"98","618257","20221006051000","345","0","金門縣","金城鎮","118.295","24.410","92"
"141","618258","20221006051000","178","0","金門縣","金城鎮","118.300","24.410","144"
"30","618259","20221006051000","31","0","金門縣","金城鎮","118.305","24.410","31"
"58","618260","20221006051000","65","0","金門縣","金城鎮","118.310","24.410","56"
"154","618263","20221006051000","197","0","金門縣","金城鎮","118.325","24.410","154"
"805","618264","20221006051000","635","2","金門縣","金城鎮","118.330","24.410","847"
"212","618266","20221006051000","193","1","金門縣","金城鎮","118.335","24.410","207"
"393","618273","20221006051000","344","1","金門縣","金湖鎮","118.435","24.415","397"
"508","618274","20221006051000","548","0","金門縣","金湖鎮","118.440","24.415","610"
"43","618530","20221006051000","335","0","金門縣","烈嶼鄉","118.230","24.415","49"
"358","618532","20221006051000","559","0","金門縣","烈嶼鄉","118.240","24.415","370"
"156","618541","20221006051000","139","1","金門縣","金城鎮","118.290","24.415","152"
"562","618545","20221006051000","665","0","金門縣","金城鎮","118.310","24.415","514"
"703","618547","20221006051000","737","0","金門縣","金城鎮","118.315","24.415","676"
"293","618552","20221006051000","175","3","金門縣","金寧鄉","118.340","24.415","297"
"170","618560","20221006051000","177","0","金門縣","金湖鎮","118.440","24.420","172"
"519","618813","20221006051000","435","1","金門縣","烈嶼鄉","118.220","24.420","527"
"49","618818","20221006051000","20","3","金門縣","烈嶼鄉","118.245","24.420","39"
"13","618832","20221006051000","981","0","金門縣","金城鎮","118.310","24.420","25"
"118","618833","20221006051000","105","1","金門縣","金城鎮","118.315","24.420","110"
"50","618834","20221006051000","78","0","金門縣","金城鎮","118.320","24.420","48"
"41","618835","20221006051000","37","1","金門縣","金城鎮","118.325","24.420","39"
"138","618836","20221006051000","191","0","金門縣","金寧鄉","118.330","24.420","118"
"20","618838","20221006051000","12","3","金門縣","金寧鄉","118.340","24.420","18"
"385","618851","20221006051000","325","1","金門縣","金湖鎮","118.440","24.425","351"
"1590","619113","20221006051000","1239","2","金門縣","烈嶼鄉","118.245","24.425","1647"
"356","619116","20221006051000","208","3","金門縣","烈嶼鄉","118.260","24.425","348"
"27","619117","20221006051000","28","0","金門縣","烈嶼鄉","118.265","24.425","27"
"1499","619127","20221006051000","1252","1","金門縣","金城鎮","118.320","24.425","1475"
"144","619133","20221006051000","175","0","金門縣","金寧鄉","118.350","24.425","147"
"145","619146","20221006051000","216","0","金門縣","金湖鎮","118.430","24.425","210"
"127","619151","20221006051000","122","1","金門縣","金湖鎮","118.455","24.430","126"
"30","619406","20221006051000","63","0","金門縣","烈嶼鄉","118.230","24.430","42"
"77","619420","20221006051000","919","0","金門縣","金城鎮","118.310","24.430","76"
"777","619421","20221006051000","1294","0","金門縣","金城鎮","118.315","24.430","810"
"953","619422","20221006051000","1018","0","金門縣","金城鎮","118.320","24.430","956"
"12","619424","20221006051000","172","0","金門縣","金寧鄉","118.330","24.430","118"
"446","619426","20221006051000","368","2","金門縣","金寧鄉","118.340","24.430","458"
"70","619430","20221006051000","46","3","金門縣","金寧鄉","118.360","24.430","67"
"362","619440","20221006051000","929","0","金門縣","金湖鎮","118.410","24.430","366"
"453","619442","20221006051000","510","0","金門縣","金湖鎮","118.420","24.430","435"
"239","619709","20221006051000","338","0","金門縣","烈嶼鄉","118.255","24.435","236"
"25","619710","20221006051000","23","1","金門縣","烈嶼鄉","118.260","24.435","22"
"565","619718","20221006051000","592","0","金門縣","金城鎮","118.310","24.435","583"
"2435","619719","20221006051000","2761","0","金門縣","金城鎮","118.315","24.435","2491"
"21","619721","20221006051000","939","0","金門縣","金城鎮","118.325","24.435","19"
"287","619722","20221006051000","367","0","金門縣","金寧鄉","118.330","24.435","291"
"51","619729","20221006051000","41","2","金門縣","金湖鎮","118.365","24.435","62"
"157","619731","20221006051000","106","2","金門縣","金湖鎮","118.375","24.435","143"
"144","619734","20221006051000","178","0","金門縣","金湖鎮","118.390","24.435","134"
"625","619737","20221006051000","1565","0","金門縣","金湖鎮","118.405","24.435","655"
"53","619739","20221006051000","97","0","金門縣","金湖鎮","118.415","24.435","54"
"114","619747","20221006051000","117","0","金門縣","金湖鎮","118.455","24.435","118"
"583","620010","20221006051000","343","3","金門縣","金城鎮","118.310","24.440","632"
"3803","620011","20221006051000","2230","3","金門縣","金城鎮","118.315","24.440","3840"
"739","620012","20221006051000","495","2","金門縣","金寧鄉","118.320","24.440","730"
"79","620013","20221006051000","84","0","金門縣","金城鎮","118.325","24.440","79"
"29","620015","20221006051000","323","0","金門縣","金寧鄉","118.335","24.440","27"
"131","620024","20221006051000","87","3","金門縣","金湖鎮","118.380","24.440","117"
"710","620025","20221006051000","779","0","金門縣","金湖鎮","118.385","24.440","683"
"101","620027","20221006051000","54","3","金門縣","金湖鎮","118.395","24.440","101"
"76","620029","20221006051000","193","0","金門縣","金湖鎮","118.405","24.440","73"
"793","620031","20221006051000","2740","0","金門縣","金湖鎮","118.415","24.440","785"
"1078","620032","20221006051000","1181","0","金門縣","金湖鎮","118.420","24.440","1026"
"14","620040","20221006051000","126","0","金門縣","金湖鎮","118.460","24.440","16"
"27","620293","20221006051000","343","0","金門縣","烈嶼鄉","118.240","24.440","30"
"959","620304","20221006051000","901","1","金門縣","金寧鄉","118.310","24.445","848"
"158","620306","20221006051000","197","0","金門縣","金寧鄉","118.320","24.445","167"
"22","620312","20221006051000","413","0","金門縣","金寧鄉","118.350","24.445","21"
"24","620317","20221006051000","198","0","金門縣","金湖鎮","118.375","24.445","17"
"337","620318","20221006051000","260","2","金門縣","金湖鎮","118.380","24.445","312"
"35","620323","20221006051000","19","3","金門縣","金湖鎮","118.405","24.445","26"
"65","620326","20221006051000","21","3","金門縣","金湖鎮","118.420","24.445","66"
"15","620327","20221006051000","292","0","金門縣","金湖鎮","118.425","24.445","18"
"13","620335","20221006051000","12","1","金門縣","金湖鎮","118.465","24.445","20"
"104","620336","20221006051000","153","0","金門縣","金湖鎮","118.470","24.445","142"
"142","620593","20221006051000","150","0","金門縣","烈嶼鄉","118.250","24.445","128"
"112","620594","20221006051000","91","2","金門縣","烈嶼鄉","118.255","24.445","102"
"447","620595","20221006051000","52","3","金門縣","烈嶼鄉","118.260","24.445","443"
"239","620604","20221006051000","340","0","金門縣","金寧鄉","118.305","24.450","238"
"750","620605","20221006051000","423","3","金門縣","金寧鄉","118.310","24.450","773"
"208","620607","20221006051000","470","0","金門縣","金寧鄉","118.320","24.450","224"
"532","620608","20221006051000","357","2","金門縣","金寧鄉","118.325","24.450","553"
"1399","620609","20221006051000","1586","0","金門縣","金寧鄉","118.330","24.450","1390"
"589","620610","20221006051000","564","1","金門縣","金寧鄉","118.335","24.450","575"
"457","620611","20221006051000","501","0","金門縣","金寧鄉","118.340","24.450","451"
"85","620613","20221006051000","59","2","金門縣","金寧鄉","118.350","24.450","82"
"49","620618","20221006051000","55","0","金門縣","金湖鎮","118.375","24.450","82"
"55","620625","20221006051000","55","1","金門縣","金湖鎮","118.410","24.450","70"
"543","620912","20221006051000","286","3","金門縣","金寧鄉","118.335","24.455","545"
"313","620919","20221006051000","263","1","金門縣","金湖鎮","118.370","24.455","323"
"451","620920","20221006051000","345","2","金門縣","金湖鎮","118.375","24.455","397"
"397","620921","20221006051000","332","1","金門縣","金湖鎮","118.380","24.455","378"
"89","620922","20221006051000","44","3","金門縣","金湖鎮","118.385","24.455","79"
"24","620927","20221006051000","24","1","金門縣","金湖鎮","118.410","24.455","39"
"58","620928","20221006051000","43","2","金門縣","金湖鎮","118.415","24.455","57"
"18","620930","20221006051000","28","0","金門縣","金湖鎮","118.425","24.455","36"
"468","621210","20221006051000","603","0","金門縣","金寧鄉","118.305","24.455","451"
"25","621214","20221006051000","635","0","金門縣","金寧鄉","118.325","24.455","18"
"257","621221","20221006051000","268","0","金門縣","金寧鄉","118.360","24.460","249"
"13","621226","20221006051000","13","1","金門縣","金沙鎮","118.385","24.460","15"
"88","621230","20221006051000","105","0","金門縣","金沙鎮","118.405","24.460","72"
"116","621231","20221006051000","475","0","金門縣","金湖鎮","118.410","24.460","107"
"45","621233","20221006051000","23","3","金門縣","金湖鎮","118.420","24.460","42"
"29","621239","20221006051000","32","0","金門縣","金沙鎮","118.450","24.460","28"
"634","621509","20221006051000","842","0","金門縣","金寧鄉","118.315","24.460","577"
"184","621510","20221006051000","208","0","金門縣","金寧鄉","118.320","24.460","183"
"260","621511","20221006051000","165","3","金門縣","金寧鄉","118.325","24.460","239"
"22","621529","20221006051000","18","2","金門縣","金沙鎮","118.415","24.465","19"
"10","621530","20221006051000","10","1","金門縣","金湖鎮","118.420","24.465","12"
"101","621533","20221006051000","84","2","金門縣","金沙鎮","118.435","24.465","100"
"66","621534","20221006051000","70","0","金門縣","金沙鎮","118.440","24.465","65"
"225","621810","20221006051000","239","0","金門縣","金沙鎮","118.390","24.465","218"
"35","621816","20221006051000","745","0","金門縣","金沙鎮","118.420","24.470","36"
"266","621823","20221006051000","258","1","金門縣","金沙鎮","118.455","24.470","280"
"599","622079","20221006051000","472","2","金門縣","金寧鄉","118.315","24.470","571"
"371","622096","20221006051000","450","0","金門縣","金沙鎮","118.400","24.470","332"
"72","622102","20221006051000","51","2","金門縣","金沙鎮","118.430","24.475","63"
"245","622377","20221006051000","163","3","金門縣","金沙鎮","118.390","24.475","268"
"235","622643","20221006051000","416","0","金門縣","金寧鄉","118.305","24.480","236"
"104","622644","20221006051000","89","1","金門縣","金寧鄉","118.310","24.480","106"
"20","622657","20221006051000","257","0","金門縣","金沙鎮","118.390","24.480","18"
"141","622658","20221006051000","125","1","金門縣","金沙鎮","118.395","24.480","156"
"15","622921","20221006051000","16","0","金門縣","金寧鄉","118.300","24.485","16"
"1181","622937","20221006051000","885","2","金門縣","金沙鎮","118.415","24.485","1178"
"117","622938","20221006051000","109","1","金門縣","金沙鎮","118.420","24.485","119"
"33","622941","20221006051000","41","0","金門縣","金沙鎮","118.435","24.485","38"
"165","622942","20221006051000","105","3","金門縣","金沙鎮","118.440","24.485","158"
"513","623206","20221006051000","415","2","金門縣","金沙鎮","118.410","24.490","523"
"531","623207","20221006051000","548","0","金門縣","金沙鎮","118.415","24.490","522"
"13","623208","20221006051000","11","1","金門縣","金沙鎮","118.420","24.490","13"
"87","623210","20221006051000","91","0","金門縣","金沙鎮","118.430","24.490","85"
"736","623474","20221006051000","871","0","金門縣","金沙鎮","118.415","24.495","734"
"13","623478","20221006051000","394","0","金門縣","金沙鎮","118.435","24.495","11"
"76","623734","20221006051000","84","0","金門縣","金沙鎮","118.400","24.500","81"
"30","623738","20221006051000","39","0","金門縣","金沙鎮","118.420","24.500","26"
"251","623993","20221006051000","225","1","金門縣","金沙鎮","118.405","24.505","260"
"13","623999","20221006051000","15","0","金門縣","金沙鎮","118.435","24.505","11"
"240","624000","20221006051000","245","0","金門縣","金沙鎮","118.440","24.505","255"
"208","624511","20221006051000","204","1","金門縣","金沙鎮","118.405","24.515","219"
"144","624771","20221006051000","209","0","金門縣","金沙鎮","118.415","24.515","142"
"278","653049","20221006051000","372","0","連江縣","莒光鄉","119.975","25.960","336"
"148","653082","20221006051000","246","0","連江縣","莒光鄉","119.935","25.970","223"
"54","653097","20221006051000","96","0","連江縣","莒光鄉","119.930","25.975","118"
"38","653099","20221006051000","38","1","連江縣","莒光鄉","119.940","25.975","37"
"478","653173","20221006051000","302","3","連江縣","南竿鄉","119.925","26.140","528"
"43","653187","20221006051000","70","0","連江縣","南竿鄉","119.930","26.145","63"
"120","653198","20221006051000","129","0","連江縣","南竿鄉","119.915","26.145","152"
"55","653200","20221006051000","62","0","連江縣","南竿鄉","119.925","26.145","58"
"485","653203","20221006051000","415","1","連江縣","南竿鄉","119.940","26.145","322"
"18","653217","20221006051000","33","0","連江縣","南竿鄉","119.925","26.150","26"
"398","653219","20221006051000","447","0","連江縣","南竿鄉","119.935","26.150","404"
"41","653221","20221006051000","55","0","連江縣","南竿鄉","119.945","26.150","48"
"223","653231","20221006051000","303","0","連江縣","南竿鄉","119.920","26.155","251"
"557","653235","20221006051000","442","2","連江縣","南竿鄉","119.940","26.155","554"
"941","653238","20221006051000","879","1","連江縣","南竿鄉","119.955","26.155","922"
"150","653248","20221006051000","62","3","連江縣","南竿鄉","119.920","26.160","154"
"836","653255","20221006051000","841","0","連江縣","南竿鄉","119.955","26.160","831"
"18","653257","20221006051000","15","2","連江縣","南竿鄉","119.965","26.160","17"
"552","653272","20221006051000","342","3","連江縣","南竿鄉","119.950","26.165","649"
"95","653282","20221006051000","90","1","連江縣","南竿鄉","119.925","26.170","91"
"159","653344","20221006051000","121","2","連江縣","北竿鄉","119.970","26.205","186"
"239","653365","20221006051000","157","3","連江縣","北竿鄉","119.975","26.215","286"
"18","653382","20221006051000","25","0","連江縣","北竿鄉","120.000","26.220","21"
"11","653393","20221006051000","12","0","連江縣","北竿鄉","119.980","26.225","12"
"507","653396","20221006051000","849","0","連江縣","北竿鄉","119.995","26.225","1018"
"373","653397","20221006051000","390","0","連江縣","北竿鄉","120.000","26.225","366"
"116","653411","20221006051000","83","2","連江縣","北竿鄉","120.000","26.230","142"
"26","653580","20221006051000","37","0","連江縣","東引鄉","120.485","26.360","46"
"46","653590","20221006051000","37","2","連江縣","東引鄉","120.490","26.360","55"
"173","653592","20221006051000","485","0","連江縣","東引鄉","120.500","26.360","321"
"737","653602","20221006051000","767","0","連江縣","東引鄉","120.490","26.365","763"
"71","653603","20221006051000","53","2","連江縣","東引鄉","120.495","26.365","77"
"101","653623","20221006051000","105","0","連江縣","東引鄉","120.480","26.375","121"
