"POPULATION","G_ID","time","avg","idx","City","Town","x","y","prePop"
"174","6258","20220824072000","135","2","屏東縣","恆春鎮","120.745","21.945","154"
"16","6267","20220824072000","128","0","屏東縣","恆春鎮","120.790","21.945","18"
"147","9415","20220824072000","75","3","屏東縣","恆春鎮","120.715","21.970","94"
"83","9416","20220824072000","52","3","屏東縣","恆春鎮","120.845","21.970","90"
"221","15716","20220824072000","206","1","臺東縣","蘭嶼鄉","121.535","22.025","235"
"27","15719","20220824072000","310","0","臺東縣","蘭嶼鄉","121.550","22.025","18"
"108","18068","20220824072000","37","3","屏東縣","車城鄉","120.695","22.045","77"
"103","20191","20220824072000","552","0","臺東縣","蘭嶼鄉","121.570","22.065","103"
"109","40369","20220824072000","75","2","屏東縣","枋山鄉","120.660","22.245","85"
"74","46865","20220824072000","72","1","臺東縣","大武鄉","120.890","22.305","86"
"103","49782","20220824072000","159","0","屏東縣","琉球鄉","120.355","22.330","107"
"15","49783","20220824072000","162","0","屏東縣","琉球鄉","120.375","22.330","18"
"556","52213","20220824072000","297","3","屏東縣","琉球鄉","120.380","22.355","554"
"26","57589","20220824072000","21","2","屏東縣","春日鄉","120.660","22.365","33"
"93","57606","20220824072000","47","3","屏東縣","春日鄉","120.665","22.365","92"
"84","57748","20220824072000","88","0","屏東縣","春日鄉","120.750","22.405","90"
"227","57758","20220824072000","183","2","屏東縣","春日鄉","120.625","22.365","218"
"20","57858","20220824072000","150","0","屏東縣","恆春鎮","120.730","21.985","20"
"26","57868","20220824072000","209","0","屏東縣","車城鄉","120.730","22.055","16"
"116","57949","20220824072000","72","3","屏東縣","車城鄉","120.715","22.050","89"
"10","57951","20220824072000","128","0","屏東縣","車城鄉","120.710","22.055","15"
"263","57952","20220824072000","209","2","屏東縣","枋寮鄉","120.595","22.375","272"
"86","57962","20220824072000","396","0","屏東縣","枋寮鄉","120.595","22.385","93"
"392","57963","20220824072000","354","1","屏東縣","枋寮鄉","120.600","22.385","395"
"12","57992","20220824072000","21","0","屏東縣","滿州鄉","120.890","22.090","25"
"21","58112","20220824072000","20","1","屏東縣","滿州鄉","120.805","22.015","14"
"121","58150","20220824072000","91","2","屏東縣","滿州鄉","120.875","22.115","138"
"11","58179","20220824072000","12","0","屏東縣","滿州鄉","120.880","22.135","11"
"120","58209","20220824072000","92","2","屏東縣","滿州鄉","120.840","21.985","133"
"73","58243","20220824072000","41","3","屏東縣","滿州鄉","120.840","22.015","62"
"267","58245","20220824072000","202","2","屏東縣","滿州鄉","120.835","22.020","325"
"19","58246","20220824072000","19","1","屏東縣","滿州鄉","120.840","22.020","22"
"229","58248","20220824072000","90","3","屏東縣","滿州鄉","120.830","22.025","256"
"352","58265","20220824072000","251","2","屏東縣","滿州鄉","120.830","21.995","344"
"26","58303","20220824072000","20","2","屏東縣","滿州鄉","120.850","22.020","20"
"68","58452","20220824072000","44","3","屏東縣","滿州鄉","120.830","22.075","75"
"35","58493","20220824072000","20","3","屏東縣","滿州鄉","120.830","22.095","30"
"22","58500","20220824072000","30","0","屏東縣","滿州鄉","120.840","22.100","26"
"129","58514","20220824072000","102","2","屏東縣","枋山鄉","120.665","22.240","152"
"230","58522","20220824072000","195","1","屏東縣","枋山鄉","120.650","22.260","246"
"41","58529","20220824072000","220","0","屏東縣","枋山鄉","120.690","22.190","54"
"30","58531","20220824072000","131","0","屏東縣","枋山鄉","120.690","22.195","44"
"12","58544","20220824072000","12","1","屏東縣","佳冬鄉","120.525","22.410","10"
"503","58554","20220824072000","518","0","屏東縣","恆春鎮","120.740","22.030","551"
"27","58568","20220824072000","224","0","屏東縣","恆春鎮","120.735","22.040","29"
"60","58585","20220824072000","56","1","屏東縣","恆春鎮","120.720","22.045","71"
"17","58609","20220824072000","134","0","屏東縣","恆春鎮","120.750","21.955","11"
"47","58614","20220824072000","398","0","屏東縣","恆春鎮","120.755","21.960","40"
"23","58615","20220824072000","14","3","屏東縣","恆春鎮","120.760","21.960","25"
"467","58618","20220824072000","564","0","屏東縣","恆春鎮","120.755","21.965","470"
"505","58656","20220824072000","240","3","屏東縣","恆春鎮","120.730","22.010","466"
"336","58663","20220824072000","339","0","屏東縣","恆春鎮","120.745","22.005","338"
"288","58680","20220824072000","208","2","屏東縣","恆春鎮","120.730","21.995","263"
"26","58690","20220824072000","19","2","屏東縣","恆春鎮","120.740","21.920","28"
"346","58691","20220824072000","187","3","屏東縣","恆春鎮","120.725","21.925","318"
"23","58698","20220824072000","12","3","屏東縣","恆春鎮","120.715","21.935","37"
"62","58707","20220824072000","28","3","屏東縣","恆春鎮","120.715","21.945","56"
"164","58723","20220824072000","165","0","屏東縣","恆春鎮","120.720","21.960","256"
"1273","58725","20220824072000","1156","1","屏東縣","恆春鎮","120.740","22.010","1353"
"27","58785","20220824072000","74","0","屏東縣","恆春鎮","120.720","22.040","19"
"104","58793","20220824072000","54","3","屏東縣","恆春鎮","120.695","22.020","82"
"20","58796","20220824072000","14","2","屏東縣","恆春鎮","120.710","22.020","21"
"206","58818","20220824072000","93","3","屏東縣","恆春鎮","120.850","21.905","156"
"21","58819","20220824072000","15","2","屏東縣","恆春鎮","120.855","21.905","21"
"67","58824","20220824072000","47","2","屏東縣","恆春鎮","120.850","21.910","78"
"157","58829","20220824072000","156","1","屏東縣","恆春鎮","120.850","21.915","216"
"59","58837","20220824072000","47","2","屏東縣","恆春鎮","120.830","21.925","78"
"267","58849","20220824072000","88","3","屏東縣","恆春鎮","120.825","21.935","242"
"26","58893","20220824072000","214","0","屏東縣","車城鄉","120.715","22.070","19"
"116","58924","20220824072000","76","3","屏東縣","獅子鄉","120.730","22.195","136"
"28","58958","20220824072000","115","0","屏東縣","獅子鄉","120.750","22.205","24"
"127","58971","20220824072000","102","2","屏東縣","獅子鄉","120.725","22.210","113"
"12","58992","20220824072000","10","2","屏東縣","獅子鄉","120.760","22.215","14"
"36","58997","20220824072000","19","3","屏東縣","獅子鄉","120.785","22.215","48"
"67","59115","20220824072000","466","0","屏東縣","琉球鄉","120.380","22.350","67"
"25","59117","20220824072000","302","0","屏東縣","琉球鄉","120.365","22.325","38"
"385","59120","20220824072000","260","2","屏東縣","琉球鄉","120.370","22.335","353"
"96","59149","20220824072000","115","0","屏東縣","獅子鄉","120.660","22.275","82"
"65","59469","20220824072000","55","1","屏東縣","獅子鄉","120.650","22.315","60"
"139","59772","20220824072000","101","2","屏東縣","獅子鄉","120.685","22.225","130"
"217","60023","20220824072000","137","3","屏東縣","獅子鄉","120.700","22.165","237"
"17","60065","20220824072000","77","0","屏東縣","獅子鄉","120.800","22.230","16"
"21","60076","20220824072000","16","2","屏東縣","獅子鄉","120.805","22.235","24"
"1793","60172","20220824072000","1376","2","屏東縣","琉球鄉","120.370","22.340","1882"
"17","60173","20220824072000","16","1","屏東縣","琉球鄉","120.370","22.345","17"
"81","60174","20220824072000","69","1","屏東縣","琉球鄉","120.375","22.345","71"
"106","60189","20220824072000","66","3","屏東縣","車城鄉","120.700","22.040","114"
"79","60193","20220824072000","65","2","屏東縣","車城鄉","120.700","22.050","84"
"45","60196","20220824072000","30","3","屏東縣","琉球鄉","120.365","22.340","53"
"233","60198","20220824072000","162","2","屏東縣","琉球鄉","120.370","22.350","272"
"485","60206","20220824072000","232","3","屏東縣","車城鄉","120.715","22.065","598"
"17","60213","20220824072000","139","0","屏東縣","車城鄉","120.720","22.090","19"
"72","60234","20220824072000","37","3","屏東縣","車城鄉","120.715","22.115","76"
"1172","60246","20220824072000","605","3","屏東縣","琉球鄉","120.385","22.350","1149"
"100","60260","20220824072000","80","2","屏東縣","車城鄉","120.740","22.085","100"
"232","60283","20220824072000","204","1","屏東縣","車城鄉","120.750","22.095","262"
"17","60314","20220824072000","169","0","屏東縣","枋寮鄉","120.555","22.390","19"
"39","60322","20220824072000","358","0","屏東縣","車城鄉","120.715","22.075","36"
"196","60328","20220824072000","122","3","屏東縣","車城鄉","120.730","22.075","158"
"18","60338","20220824072000","12","3","屏東縣","枋寮鄉","120.595","22.390","15"
"241","60350","20220824072000","200","2","屏東縣","枋寮鄉","120.590","22.405","243"
"56","60369","20220824072000","243","0","屏東縣","枋寮鄉","120.620","22.405","62"
"95","60374","20220824072000","108","0","屏東縣","枋寮鄉","120.590","22.370","92"
"255","60377","20220824072000","258","0","屏東縣","枋寮鄉","120.580","22.375","265"
"754","60401","20220824072000","662","1","屏東縣","枋寮鄉","120.575","22.405","746"
"461","60404","20220824072000","270","3","屏東縣","佳冬鄉","120.565","22.410","491"
"1308","60421","20220824072000","1116","1","屏東縣","枋寮鄉","120.600","22.360","1324"
"415","60428","20220824072000","276","3","屏東縣","枋寮鄉","120.600","22.365","392"
"98","60441","20220824072000","94","1","屏東縣","枋山鄉","120.645","22.295","118"
"122","60442","20220824072000","112","1","屏東縣","獅子鄉","120.640","22.310","130"
"258","60446","20220824072000","197","2","屏東縣","枋山鄉","120.630","22.320","231"
"121","60449","20220824072000","76","3","屏東縣","枋山鄉","120.615","22.330","113"
"363","60455","20220824072000","187","3","屏東縣","枋山鄉","120.620","22.335","370"
"162","60456","20220824072000","123","2","屏東縣","枋山鄉","120.625","22.335","154"
"1221","60532","20220824072000","838","2","屏東縣","恆春鎮","120.740","22.000","1236"
"702","60533","20220824072000","417","3","屏東縣","恆春鎮","120.740","22.005","712"
"198","60535","20220824072000","209","0","屏東縣","恆春鎮","120.815","21.935","210"
"317","60537","20220824072000","89","3","屏東縣","恆春鎮","120.805","21.940","292"
"29","60539","20220824072000","225","0","屏東縣","恆春鎮","120.795","21.945","34"
"876","60540","20220824072000","483","3","屏東縣","恆春鎮","120.800","21.945","981"
"633","60541","20220824072000","373","3","屏東縣","恆春鎮","120.805","21.945","543"
"138","60543","20220824072000","92","3","屏東縣","恆春鎮","120.780","21.950","151"
"303","60544","20220824072000","95","3","屏東縣","恆春鎮","120.785","21.950","269"
"208","60568","20220824072000","125","3","屏東縣","恆春鎮","120.810","21.955","210"
"65","60589","20220824072000","67","0","屏東縣","恆春鎮","120.815","21.965","107"
"59","60623","20220824072000","327","0","屏東縣","恆春鎮","120.735","21.950","58"
"60","60646","20220824072000","51","1","屏東縣","恆春鎮","120.720","21.975","71"
"90","60651","20220824072000","70","2","屏東縣","恆春鎮","120.715","21.985","93"
"369","60656","20220824072000","130","3","屏東縣","恆春鎮","120.705","21.995","313"
"64","60671","20220824072000","942","0","屏東縣","恆春鎮","120.740","21.995","1010"
"67","60672","20220824072000","280","0","屏東縣","恆春鎮","120.745","21.995","532"
"853","60680","20220824072000","629","2","屏東縣","恆春鎮","120.745","22.000","663"
"92","60694","20220824072000","82","1","屏東縣","恆春鎮","120.765","22.000","48"
"52","60732","20220824072000","51","1","屏東縣","牡丹鄉","120.815","22.075","37"
"44","60771","20220824072000","167","0","屏東縣","滿州鄉","120.890","22.140","50"
"21","60778","20220824072000","23","0","屏東縣","牡丹鄉","120.880","22.155","27"
"34","60784","20220824072000","28","2","屏東縣","牡丹鄉","120.880","22.160","36"
"162","60791","20220824072000","169","0","屏東縣","牡丹鄉","120.890","22.165","263"
"47","60821","20220824072000","57","0","屏東縣","牡丹鄉","120.880","22.185","54"
"36","60825","20220824072000","27","2","屏東縣","牡丹鄉","120.880","22.190","35"
"66","60827","20220824072000","66","1","屏東縣","牡丹鄉","120.885","22.190","106"
"28","60884","20220824072000","26","1","屏東縣","牡丹鄉","120.850","22.185","32"
"57","60907","20220824072000","64","0","屏東縣","牡丹鄉","120.855","22.200","56"
"14","60936","20220824072000","18","0","屏東縣","牡丹鄉","120.815","22.150","20"
"99","60994","20220824072000","56","3","屏東縣","牡丹鄉","120.835","22.175","88"
"90","61141","20220824072000","57","3","屏東縣","牡丹鄉","120.770","22.125","86"
"237","61160","20220824072000","208","1","屏東縣","牡丹鄉","120.780","22.130","231"
"12","61331","20220824072000","87","0","屏東縣","牡丹鄉","120.840","22.115","13"
"168","61332","20220824072000","171","0","屏東縣","牡丹鄉","120.845","22.115","178"
"126","61441","20220824072000","67","3","臺東縣","大武鄉","120.880","22.325","104"
"36","61469","20220824072000","182","0","臺東縣","大武鄉","120.905","22.360","32"
"17","61471","20220824072000","113","0","臺東縣","大武鄉","120.900","22.365","15"
"341","61472","20220824072000","266","2","臺東縣","大武鄉","120.905","22.365","330"
"56","61501","20220824072000","261","0","臺東縣","大武鄉","120.910","22.380","59"
"73","61562","20220824072000","334","0","臺東縣","大武鄉","120.885","22.340","65"
"235","61604","20220824072000","212","1","臺東縣","蘭嶼鄉","121.525","22.080","250"
"243","61605","20220824072000","169","2","臺東縣","蘭嶼鄉","121.530","22.080","194"
"29","61620","20220824072000","51","0","臺東縣","蘭嶼鄉","121.590","22.005","45"
"226","61703","20220824072000","232","0","臺東縣","蘭嶼鄉","121.510","22.055","237"
"203","61734","20220824072000","230","0","臺東縣","蘭嶼鄉","121.555","22.025","196"
"27","61738","20220824072000","25","1","臺東縣","蘭嶼鄉","121.535","22.030","32"
"17","61830","20220824072000","88","0","臺東縣","達仁鄉","120.885","22.285","17"
"16","61900","20220824072000","12","2","臺東縣","達仁鄉","120.820","22.290","14"
"193","61933","20220824072000","129","2","臺東縣","達仁鄉","120.885","22.295","203"
"45","62017","20220824072000","41","1","臺東縣","達仁鄉","120.855","22.320","65"
"21","62301","20220824072000","42","0","臺東縣","達仁鄉","120.860","22.380","18"
"86","62355","20220824072000","35","3","臺東縣","達仁鄉","120.855","22.390","69"
"44","62479","20220824072000","28","3","臺東縣","達仁鄉","120.855","22.275","44"
"58","62493","20220824072000","36","3","臺東縣","達仁鄉","120.875","22.290","46"
"33","63917","20220824072000","45","0","臺東縣","大武鄉","120.930","22.415","45"
"246","65292","20220824072000","226","1","屏東縣","東港鎮","120.480","22.430","246"
"23","72794","20220824072000","39","0","高雄市","小港區","120.360","22.510","24"
"214","80997","20220824072000","167","2","屏東縣","新埤鄉","120.560","22.475","248"
"620","81045","20220824072000","463","2","屏東縣","新埤鄉","120.545","22.465","689"
"171","81049","20220824072000","115","2","屏東縣","新埤鄉","120.565","22.465","164"
"20","81063","20220824072000","16","2","屏東縣","新埤鄉","120.610","22.450","16"
"157","81079","20220824072000","156","1","屏東縣","新埤鄉","120.610","22.460","149"
"533","81134","20220824072000","490","1","屏東縣","新埤鄉","120.580","22.505","532"
"255","81174","20220824072000","192","2","屏東縣","新埤鄉","120.615","22.470","244"
"68","81486","20220824072000","49","2","屏東縣","春日鄉","120.630","22.425","74"
"234","81488","20220824072000","121","3","屏東縣","春日鄉","120.640","22.425","262"
"725","81506","20220824072000","402","3","屏東縣","新園鄉","120.435","22.500","741"
"93","81517","20220824072000","66","2","屏東縣","新園鄉","120.440","22.510","102"
"328","81529","20220824072000","411","0","屏東縣","萬巒鄉","120.610","22.590","344"
"883","81547","20220824072000","1363","0","屏東縣","林邊鄉","120.515","22.435","846"
"639","81552","20220824072000","370","3","屏東縣","林邊鄉","120.520","22.430","679"
"23","81557","20220824072000","19","2","屏東縣","林邊鄉","120.490","22.430","22"
"60","81560","20220824072000","28","3","屏東縣","東港鎮","120.495","22.460","70"
"299","81569","20220824072000","242","2","屏東縣","東港鎮","120.455","22.460","290"
"32","81573","20220824072000","26","2","屏東縣","東港鎮","120.465","22.440","23"
"72","81584","20220824072000","68","1","屏東縣","東港鎮","120.455","22.450","70"
"49","81816","20220824072000","41","1","屏東縣","來義鄉","120.680","22.525","40"
"65","81919","20220824072000","41","3","屏東縣","來義鄉","120.640","22.435","51"
"75","82042","20220824072000","56","2","屏東縣","來義鄉","120.635","22.525","67"
"31","82186","20220824072000","20","3","屏東縣","來義鄉","120.665","22.560","35"
"29","82194","20220824072000","346","0","屏東縣","佳冬鄉","120.550","22.415","33"
"1184","82204","20220824072000","862","2","屏東縣","佳冬鄉","120.545","22.415","1221"
"631","82217","20220824072000","513","2","屏東縣","竹田鄉","120.515","22.575","603"
"310","82239","20220824072000","130","3","屏東縣","東港鎮","120.495","22.455","294"
"43","82241","20220824072000","543","0","屏東縣","東港鎮","120.490","22.455","37"
"625","82243","20220824072000","649","0","屏東縣","東港鎮","120.445","22.465","598"
"165","82245","20220824072000","587","0","屏東縣","東港鎮","120.445","22.460","148"
"933","82256","20220824072000","731","2","屏東縣","東港鎮","120.455","22.470","991"
"50","82257","20220824072000","113","0","屏東縣","東港鎮","120.460","22.470","67"
"1653","82262","20220824072000","702","3","屏東縣","東港鎮","120.460","22.475","1666"
"157","82266","20220824072000","496","0","屏東縣","東港鎮","120.465","22.480","173"
"126","82270","20220824072000","424","0","屏東縣","東港鎮","120.475","22.485","112"
"65","82283","20220824072000","50","2","屏東縣","泰武鄉","120.625","22.590","74"
"101","82284","20220824072000","91","1","屏東縣","泰武鄉","120.635","22.590","100"
"310","82290","20220824072000","264","1","屏東縣","林邊鄉","120.520","22.435","308"
"363","82303","20220824072000","323","1","屏東縣","新園鄉","120.460","22.540","342"
"842","82306","20220824072000","775","1","屏東縣","新園鄉","120.460","22.545","735"
"59","82311","20220824072000","476","0","屏東縣","東港鎮","120.450","22.470","73"
"534","82324","20220824072000","549","0","屏東縣","竹田鄉","120.540","22.585","536"
"104","82325","20220824072000","91","1","屏東縣","竹田鄉","120.545","22.585","98"
"845","82333","20220824072000","593","2","屏東縣","新園鄉","120.455","22.525","864"
"323","82340","20220824072000","234","2","屏東縣","新園鄉","120.465","22.530","339"
"267","82347","20220824072000","204","2","屏東縣","新園鄉","120.440","22.475","269"
"77","82367","20220824072000","54","2","屏東縣","萬丹鄉","120.465","22.595","71"
"311","82441","20220824072000","238","2","屏東縣","泰武鄉","120.650","22.570","359"
"21","82445","20220824072000","124","0","屏東縣","泰武鄉","120.635","22.580","26"
"64","82467","20220824072000","58","1","屏東縣","泰武鄉","120.660","22.570","95"
"39","82513","20220824072000","35","1","屏東縣","泰武鄉","120.665","22.585","53"
"11","82564","20220824072000","36","0","屏東縣","萬丹鄉","120.485","22.570","10"
"31","82568","20220824072000","28","1","屏東縣","萬丹鄉","120.490","22.575","33"
"360","82569","20220824072000","257","2","屏東縣","新園鄉","120.450","22.475","342"
"313","82576","20220824072000","264","1","屏東縣","新園鄉","120.445","22.515","326"
"121","82591","20220824072000","111","1","屏東縣","新園鄉","120.450","22.525","133"
"39","82614","20220824072000","288","0","屏東縣","佳冬鄉","120.515","22.415","32"
"17","82630","20220824072000","324","0","屏東縣","佳冬鄉","120.560","22.430","16"
"210","82634","20220824072000","465","0","屏東縣","佳冬鄉","120.560","22.435","178"
"108","82638","20220824072000","72","3","屏東縣","佳冬鄉","120.535","22.425","89"
"272","82649","20220824072000","583","0","屏東縣","佳冬鄉","120.555","22.420","254"
"220","82700","20220824072000","161","2","屏東縣","來義鄉","120.635","22.515","229"
"71","82715","20220824072000","34","3","屏東縣","來義鄉","120.660","22.525","75"
"10","82720","20220824072000","162","0","屏東縣","南州鄉","120.500","22.480","10"
"12","82722","20220824072000","85","0","屏東縣","南州鄉","120.490","22.485","18"
"278","82723","20220824072000","155","3","屏東縣","南州鄉","120.495","22.485","258"
"63","82736","20220824072000","179","0","屏東縣","南州鄉","120.530","22.465","72"
"13","82738","20220824072000","10","2","屏東縣","南州鄉","120.525","22.470","19"
"276","82740","20220824072000","201","2","屏東縣","南州鄉","120.535","22.470","255"
"634","82742","20220824072000","607","1","屏東縣","南州鄉","120.520","22.475","651"
"170","82751","20220824072000","156","1","屏東縣","南州鄉","120.540","22.485","190"
"23","82754","20220824072000","37","0","屏東縣","南州鄉","120.535","22.490","40"
"24","82763","20220824072000","27","0","屏東縣","崁頂鄉","120.520","22.495","30"
"105","82767","20220824072000","65","3","屏東縣","內埔鄉","120.560","22.585","100"
"21","82779","20220824072000","177","0","屏東縣","萬丹鄉","120.495","22.550","20"
"601","82796","20220824072000","479","2","屏東縣","新園鄉","120.460","22.505","600"
"82","82807","20220824072000","302","0","屏東縣","崁頂鄉","120.505","22.540","101"
"352","82809","20220824072000","299","1","屏東縣","崁頂鄉","120.515","22.540","332"
"30","82821","20220824072000","288","0","屏東縣","崁頂鄉","120.490","22.510","41"
"151","82835","20220824072000","128","1","屏東縣","崁頂鄉","120.520","22.530","144"
"699","82839","20220824072000","660","1","屏東縣","南州鄉","120.510","22.495","743"
"65","82881","20220824072000","198","0","屏東縣","佳冬鄉","120.560","22.445","58"
"174","82883","20220824072000","78","3","屏東縣","佳冬鄉","120.560","22.450","163"
"268","82893","20220824072000","264","1","屏東縣","萬丹鄉","120.495","22.545","305"
"54","82901","20220824072000","41","2","屏東縣","崁頂鄉","120.510","22.510","47"
"403","82906","20220824072000","519","0","屏東縣","崁頂鄉","120.515","22.515","339"
"54","82941","20220824072000","35","3","屏東縣","崁頂鄉","120.490","22.500","53"
"18","82951","20220824072000","33","0","屏東縣","內埔鄉","120.570","22.590","17"
"644","82954","20220824072000","466","2","屏東縣","新園鄉","120.460","22.495","597"
"154","82963","20220824072000","122","2","屏東縣","新園鄉","120.475","22.550","149"
"489","82970","20220824072000","444","1","屏東縣","新園鄉","120.455","22.545","509"
"98","82987","20220824072000","452","0","屏東縣","新園鄉","120.460","22.490","70"
"66","82992","20220824072000","428","0","屏東縣","新園鄉","120.445","22.500","68"
"15","82996","20220824072000","13","1","屏東縣","新園鄉","120.445","22.475","15"
"330","82997","20220824072000","210","3","屏東縣","新園鄉","120.440","22.480","314"
"169","82998","20220824072000","153","1","屏東縣","新園鄉","120.445","22.480","169"
"16","83002","20220824072000","50","0","屏東縣","新園鄉","120.440","22.485","22"
"148","83015","20220824072000","143","1","屏東縣","新埤鄉","120.550","22.505","182"
"630","83024","20220824072000","495","2","屏東縣","潮州鎮","120.530","22.545","620"
"1667","83025","20220824072000","1088","3","屏東縣","潮州鎮","120.535","22.545","1667"
"33","83041","20220824072000","37","0","屏東縣","潮州鎮","120.590","22.540","38"
"170","83047","20220824072000","161","1","屏東縣","潮州鎮","120.555","22.550","166"
"349","83049","20220824072000","257","2","屏東縣","潮州鎮","120.565","22.550","367"
"560","83055","20220824072000","468","1","屏東縣","萬丹鄉","120.470","22.560","547"
"48","83064","20220824072000","216","0","屏東縣","萬巒鄉","120.600","22.590","45"
"184","83080","20220824072000","494","0","屏東縣","東港鎮","120.450","22.465","178"
"383","83093","20220824072000","244","3","屏東縣","萬巒鄉","120.595","22.565","386"
"63","83095","20220824072000","277","0","屏東縣","萬巒鄉","120.605","22.565","55"
"174","83096","20220824072000","107","3","屏東縣","萬巒鄉","120.600","22.570","182"
"217","83142","20220824072000","163","2","屏東縣","新埤鄉","120.625","22.525","223"
"43","83161","20220824072000","375","0","屏東縣","萬巒鄉","120.620","22.545","48"
"485","83162","20220824072000","464","1","屏東縣","泰武鄉","120.625","22.545","506"
"669","83201","20220824072000","504","2","屏東縣","萬巒鄉","120.570","22.570","678"
"364","83206","20220824072000","350","1","屏東縣","萬巒鄉","120.565","22.575","350"
"179","83210","20220824072000","153","1","屏東縣","內埔鄉","120.565","22.580","162"
"14","83216","20220824072000","16","0","屏東縣","萬丹鄉","120.485","22.555","20"
"39","83231","20220824072000","33","1","屏東縣","東港鎮","120.460","22.460","31"
"948","83232","20220824072000","671","2","屏東縣","東港鎮","120.465","22.460","913"
"747","83234","20220824072000","783","0","屏東縣","東港鎮","120.455","22.465","758"
"119","83235","20220824072000","91","2","屏東縣","東港鎮","120.460","22.465","118"
"146","83236","20220824072000","871","0","屏東縣","東港鎮","120.465","22.465","168"
"22","83237","20220824072000","11","3","屏東縣","東港鎮","120.470","22.465","20"
"678","83241","20220824072000","660","1","屏東縣","東港鎮","120.440","22.460","652"
"113","83257","20220824072000","969","0","屏東縣","竹田鄉","120.525","22.575","104"
"280","83258","20220824072000","159","3","屏東縣","潮州鎮","120.530","22.525","289"
"243","83261","20220824072000","218","1","屏東縣","潮州鎮","120.540","22.525","203"
"247","83267","20220824072000","128","3","屏東縣","潮州鎮","120.535","22.535","235"
"334","83269","20220824072000","222","3","屏東縣","潮州鎮","120.535","22.540","295"
"124","83271","20220824072000","114","1","屏東縣","枋寮鄉","120.580","22.410","108"
"157","83278","20220824072000","111","2","屏東縣","枋寮鄉","120.580","22.415","144"
"28","83323","20220824072000","59","0","屏東縣","枋寮鄉","120.620","22.425","38"
"59","83342","20220824072000","83","0","屏東縣","枋寮鄉","120.595","22.435","64"
"395","83378","20220824072000","226","3","屏東縣","萬丹鄉","120.460","22.575","417"
"43","83380","20220824072000","38","1","屏東縣","萬丹鄉","120.470","22.575","40"
"18","83382","20220824072000","19","0","屏東縣","竹田鄉","120.530","22.595","18"
"292","83383","20220824072000","274","1","屏東縣","竹田鄉","120.535","22.595","285"
"24","83404","20220824072000","10","3","屏東縣","林邊鄉","120.505","22.435","20"
"91","83414","20220824072000","60","3","屏東縣","林邊鄉","120.525","22.455","86"
"163","83430","20220824072000","159","1","屏東縣","萬丹鄉","120.485","22.580","160"
"452","83431","20220824072000","409","1","屏東縣","萬丹鄉","120.490","22.580","472"
"63","83433","20220824072000","58","1","屏東縣","萬丹鄉","120.480","22.565","69"
"721","83435","20220824072000","843","0","屏東縣","竹田鄉","120.490","22.565","754"
"182","83437","20220824072000","161","1","屏東縣","萬丹鄉","120.480","22.570","178"
"27","83438","20220824072000","30","0","屏東縣","萬丹鄉","120.490","22.550","34"
"37","83439","20220824072000","44","0","屏東縣","萬丹鄉","120.490","22.555","41"
"730","83442","20220824072000","714","1","屏東縣","潮州鎮","120.545","22.545","769"
"388","83443","20220824072000","291","2","屏東縣","潮州鎮","120.550","22.545","399"
"1045","83448","20220824072000","751","2","屏東縣","潮州鎮","120.550","22.555","1031"
"532","83455","20220824072000","504","1","屏東縣","潮州鎮","120.560","22.515","529"
"134","83457","20220824072000","172","0","屏東縣","潮州鎮","120.570","22.515","111"
"763","83473","20220824072000","693","1","屏東縣","潮州鎮","120.530","22.560","767"
"356","83483","20220824072000","344","1","屏東縣","萬丹鄉","120.465","22.565","350"
"1335","83504","20220824072000","1123","1","屏東縣","潮州鎮","120.540","22.555","1377"
"24","83508","20220824072000","206","0","屏東縣","潮州鎮","120.550","22.560","20"
"324","83516","20220824072000","275","1","屏東縣","潮州鎮","120.540","22.545","324"
"22","83518","20220824072000","16","2","屏東縣","潮州鎮","120.545","22.550","19"
"506","83525","20220824072000","447","1","屏東縣","潮州鎮","120.530","22.540","518"
"205","83540","20220824072000","114","3","屏東縣","潮州鎮","120.580","22.555","183"
"1268","83567","20220824072000","831","3","屏東縣","萬丹鄉","120.490","22.590","1312"
"11","83574","20220824072000","14","0","屏東縣","潮州鎮","120.550","22.535","14"
"296","83576","20220824072000","234","2","屏東縣","潮州鎮","120.550","22.540","309"
"612","83577","20220824072000","488","2","屏東縣","潮州鎮","120.535","22.550","611"
"52","83578","20220824072000","803","0","屏東縣","潮州鎮","120.535","22.555","56"
"112","83582","20220824072000","71","3","屏東縣","萬丹鄉","120.500","22.595","107"
"533","83585","20220824072000","453","1","屏東縣","萬丹鄉","120.485","22.585","528"
"173","83586","20220824072000","485","0","屏東縣","萬丹鄉","120.490","22.585","172"
"30","83599","20220824072000","310","0","屏東縣","南州鄉","120.505","22.490","35"
"872","83623","20220824072000","501","3","屏東縣","南州鄉","120.510","22.490","871"
"190","83624","20220824072000","162","1","屏東縣","潮州鎮","120.530","22.510","149"
"208","83625","20220824072000","170","2","屏東縣","潮州鎮","120.535","22.510","193"
"388","83646","20220824072000","272","2","屏東縣","潮州鎮","120.530","22.550","360"
"1013","83648","20220824072000","837","2","高雄市","鳳山區","120.325","22.595","984"
"505","83650","20220824072000","456","1","高雄市","前鎮區","120.320","22.595","607"
"1185","83651","20220824072000","1360","0","高雄市","小港區","120.360","22.565","1175"
"134","83652","20220824072000","103","2","高雄市","小港區(海)","120.335","22.550","123"
"321","83653","20220824072000","242","2","高雄市","小港區","120.335","22.555","297"
"298","83655","20220824072000","289","1","高雄市","小港區","120.340","22.560","275"
"39","83657","20220824072000","70","0","高雄市","小港區","120.370","22.530","33"
"178","83658","20220824072000","266","0","高雄市","小港區","120.365","22.535","162"
"17","83660","20220824072000","305","0","高雄市","小港區","120.370","22.540","24"
"78","83661","20220824072000","66","1","高雄市","小港區","120.375","22.540","72"
"476","83662","20220824072000","244","3","高雄市","小港區","120.370","22.545","476"
"84","83666","20220824072000","73","1","高雄市","小港區","120.375","22.545","87"
"14","83669","20220824072000","172","0","高雄市","小港區","120.375","22.550","13"
"290","83670","20220824072000","60","3","高雄市","小港區","120.370","22.555","282"
"44","83671","20220824072000","727","0","高雄市","小港區","120.365","22.560","51"
"420","83673","20220824072000","694","0","高雄市","小港區","120.375","22.560","520"
"399","83674","20220824072000","1073","0","高雄市","小港區","120.365","22.565","473"
"196","83675","20220824072000","417","0","高雄市","小港區","120.370","22.565","314"
"334","83677","20220824072000","1648","0","高雄市","小港區","120.355","22.570","732"
"765","83684","20220824072000","751","1","高雄市","大寮區","120.380","22.590","771"
"28","83692","20220824072000","576","0","高雄市","大寮區","120.385","22.590","30"
"584","83694","20220824072000","393","2","高雄市","大寮區","120.395","22.590","647"
"196","83701","20220824072000","204","0","高雄市","大寮區","120.420","22.585","200"
"20","83702","20220824072000","451","0","高雄市","大寮區","120.410","22.590","24"
"150","83703","20220824072000","105","2","高雄市","大寮區","120.415","22.590","152"
"1166","83704","20220824072000","1054","1","高雄市","大寮區","120.420","22.590","1171"
"478","83705","20220824072000","444","1","高雄市","大寮區","120.410","22.595","488"
"425","83706","20220824072000","295","2","高雄市","大寮區","120.415","22.595","413"
"22","83712","20220824072000","54","0","高雄市","前鎮區","120.310","22.580","18"
"57","83713","20220824072000","843","0","高雄市","小港區","120.345","22.565","50"
"20","83752","20220824072000","20","1","臺東縣","大武鄉","120.930","22.425","25"
"11","83764","20220824072000","15","0","臺東縣","大武鄉","120.935","22.435","23"
"72","83802","20220824072000","52","2","臺東縣","大武鄉","120.925","22.415","78"
"20","83805","20220824072000","597","0","高雄市","小港區","120.345","22.525","21"
"132","83815","20220824072000","125","1","高雄市","林園區","120.405","22.495","137"
"56","83819","20220824072000","105","0","高雄市","林園區","120.400","22.500","58"
"17","83820","20220824072000","236","0","高雄市","林園區","120.410","22.495","24"
"309","83822","20220824072000","268","1","高雄市","林園區","120.390","22.505","308"
"93","83828","20220824072000","74","2","高雄市","林園區","120.415","22.485","87"
"347","83831","20220824072000","491","0","高雄市","前鎮區","120.315","22.580","328"
"1466","83836","20220824072000","1168","2","高雄市","大寮區","120.405","22.545","1489"
"33","83838","20220824072000","298","0","高雄市","前鎮區","120.300","22.590","35"
"23","83839","20220824072000","202","0","高雄市","前鎮區","120.300","22.585","22"
"197","83840","20220824072000","126","3","高雄市","前鎮區","120.295","22.590","201"
"75","83842","20220824072000","332","0","高雄市","前鎮區","120.305","22.590","75"
"147","83843","20220824072000","94","3","高雄市","前鎮區","120.290","22.595","130"
"300","83844","20220824072000","192","3","高雄市","前鎮區","120.295","22.595","254"
"216","83845","20220824072000","245","0","高雄市","前鎮區","120.310","22.585","215"
"200","83862","20220824072000","152","2","臺東縣","達仁鄉","120.905","22.475","188"
"192","84086","20220824072000","128","3","臺東縣","達仁鄉","120.885","22.455","175"
"330","84511","20220824072000","242","2","臺東縣","金峰鄉","120.960","22.595","330"
"221","85294","20220824072000","198","1","臺東縣","太麻里鄉","120.960","22.530","263"
"527","85296","20220824072000","410","2","高雄市","林園區","120.410","22.480","526"
"20","85297","20220824072000","19","1","高雄市","林園區","120.395","22.490","27"
"509","85301","20220824072000","395","2","高雄市","林園區","120.360","22.505","479"
"445","85302","20220824072000","335","2","高雄市","林園區","120.365","22.505","472"
"312","85305","20220824072000","1040","0","高雄市","小港區","120.335","22.560","352"
"358","85307","20220824072000","341","1","高雄市","鳳山區","120.345","22.585","331"
"502","85308","20220824072000","416","2","高雄市","鳳山區","120.355","22.590","512"
"555","85309","20220824072000","504","1","高雄市","鳳山區","120.360","22.590","530"
"61","85310","20220824072000","415","0","高雄市","鳳山區","120.365","22.590","70"
"1852","85311","20220824072000","1401","2","高雄市","鳳山區","120.355","22.595","1760"
"614","85315","20220824072000","441","2","高雄市","鳳山區","120.360","22.595","669"
"381","85322","20220824072000","547","0","高雄市","小港區","120.350","22.560","379"
"1049","85323","20220824072000","901","1","高雄市","小港區","120.355","22.560","1030"
"1543","85325","20220824072000","1489","1","高雄市","鳳山區","120.360","22.585","1498"
"75","85327","20220824072000","451","0","高雄市","小港區","120.370","22.570","90"
"102","85328","20220824072000","127","0","高雄市","小港區","120.355","22.565","105"
"362","85329","20220824072000","262","2","高雄市","小港區","120.375","22.570","355"
"29","85331","20220824072000","330","0","高雄市","小港區","120.370","22.575","39"
"753","85332","20220824072000","717","1","高雄市","小港區","120.375","22.575","765"
"224","85337","20220824072000","278","0","高雄市","小港區","120.355","22.540","202"
"219","85340","20220824072000","214","1","高雄市","小港區","120.350","22.540","182"
"711","85343","20220824072000","464","3","高雄市","小港區","120.360","22.540","660"
"110","85345","20220824072000","92","1","高雄市","小港區","120.340","22.545","92"
"477","85347","20220824072000","385","2","高雄市","小港區","120.350","22.545","569"
"171","85353","20220824072000","146","1","高雄市","小港區","120.350","22.550","135"
"186","85354","20220824072000","164","1","高雄市","小港區","120.355","22.550","193"
"591","85355","20220824072000","528","1","高雄市","小港區","120.360","22.550","679"
"38","85356","20220824072000","86","0","高雄市","小港區","120.345","22.555","39"
"606","85359","20220824072000","559","1","高雄市","小港區","120.355","22.555","569"
"534","85360","20220824072000","418","2","高雄市","小港區","120.345","22.560","582"
"104","85367","20220824072000","111","0","高雄市","小港區","120.345","22.530","106"
"51","85368","20220824072000","48","1","高雄市","小港區","120.350","22.530","51"
"343","85370","20220824072000","322","1","高雄市","小港區","120.355","22.530","312"
"523","85371","20220824072000","455","1","高雄市","小港區","120.360","22.530","535"
"216","85372","20220824072000","280","0","高雄市","小港區","120.335","22.535","201"
"127","85374","20220824072000","133","0","高雄市","小港區","120.345","22.535","152"
"153","85377","20220824072000","81","3","高雄市","小港區(海)","120.330","22.540","79"
"114","85382","20220824072000","196","0","高雄市","小港區","120.320","22.545","111"
"1046","85384","20220824072000","1004","1","高雄市","前鎮區","120.325","22.570","1032"
"853","85385","20220824072000","914","0","高雄市","前鎮區","120.325","22.575","892"
"475","85386","20220824072000","1336","0","高雄市","前鎮區","120.315","22.590","433"
"355","85387","20220824072000","329","1","高雄市","前鎮區","120.305","22.595","380"
"731","85389","20220824072000","823","0","高雄市","前鎮區","120.310","22.595","807"
"448","85391","20220824072000","416","1","高雄市","前鎮區","120.315","22.575","403"
"393","85392","20220824072000","294","2","高雄市","前鎮區","120.320","22.575","403"
"849","85393","20220824072000","1469","0","高雄市","前鎮區","120.325","22.580","839"
"1361","85396","20220824072000","618","3","高雄市","前鎮區","120.330","22.585","1441"
"416","85398","20220824072000","624","0","高雄市","鳳山區","120.340","22.585","445"
"182","85400","20220824072000","153","1","臺東縣","太麻里鄉","120.940","22.460","196"
"23","85417","20220824072000","28","0","臺東縣","太麻里鄉","120.950","22.480","31"
"53","85451","20220824072000","59","0","臺東縣","太麻里鄉","120.955","22.510","50"
"179","85475","20220824072000","98","3","臺東縣","太麻里鄉","120.935","22.520","187"
"579","85487","20220824072000","542","1","高雄市","鳳山區","120.325","22.585","608"
"1019","85489","20220824072000","595","3","高雄市","鳳山區","120.350","22.590","1079"
"831","85490","20220824072000","1066","0","高雄市","鳳山區","120.345","22.595","793"
"525","85491","20220824072000","781","0","高雄市","鳳山區","120.330","22.590","520"
"2298","85492","20220824072000","1833","2","高雄市","鳳山區","120.325","22.590","2235"
"1338","85493","20220824072000","964","2","高雄市","前鎮區","120.320","22.585","1322"
"1017","85496","20220824072000","964","1","高雄市","前鎮區","120.330","22.580","1011"
"631","85517","20220824072000","563","1","高雄市","大寮區","120.410","22.560","619"
"311","85519","20220824072000","248","2","高雄市","大寮區","120.420","22.560","324"
"525","85533","20220824072000","429","2","高雄市","大寮區","120.405","22.580","473"
"1169","85535","20220824072000","1028","1","高雄市","鳳山區","120.335","22.595","1201"
"119","85536","20220824072000","409","0","高雄市","小港區","120.360","22.570","130"
"722","85537","20220824072000","588","2","高雄市","林園區","120.385","22.490","688"
"492","85543","20220824072000","424","1","高雄市","鳳山區","120.330","22.595","473"
"251","85544","20220824072000","236","1","高雄市","小港區","120.355","22.515","246"
"151","85546","20220824072000","135","1","高雄市","小港區","120.360","22.525","141"
"414","85559","20220824072000","372","1","臺東縣","太麻里鄉","120.965","22.530","417"
"46","85568","20220824072000","33","2","臺東縣","太麻里鄉","120.965","22.535","25"
"30","85590","20220824072000","22","2","臺東縣","太麻里鄉","120.965","22.545","32"
"23","85591","20220824072000","26","0","臺東縣","太麻里鄉","120.970","22.545","23"
"287","85656","20220824072000","138","3","臺東縣","太麻里鄉","120.990","22.575","337"
"38","85660","20220824072000","92","0","臺東縣","太麻里鄉","120.990","22.580","48"
"697","85678","20220824072000","641","1","高雄市","鳳山區","120.350","22.595","665"
"289","85680","20220824072000","378","0","高雄市","鳳山區","120.340","22.595","281"
"592","85681","20220824072000","443","2","高雄市","林園區","120.375","22.500","549"
"1153","85683","20220824072000","974","1","高雄市","林園區","120.385","22.500","1161"
"108","85684","20220824072000","441","0","高雄市","林園區","120.395","22.485","112"
"214","85685","20220824072000","217","0","高雄市","林園區","120.375","22.505","218"
"266","85689","20220824072000","1034","0","高雄市","前鎮區","120.310","22.590","255"
"831","85700","20220824072000","763","1","高雄市","小港區","120.340","22.565","809"
"285","85708","20220824072000","264","1","高雄市","小港區","120.380","22.545","278"
"65","85713","20220824072000","96","0","高雄市","小港區","120.390","22.545","67"
"371","85719","20220824072000","438","0","高雄市","小港區","120.385","22.555","395"
"586","85721","20220824072000","576","1","高雄市","小港區","120.390","22.560","569"
"159","85723","20220824072000","175","0","高雄市","小港區","120.380","22.555","157"
"357","85724","20220824072000","219","3","高雄市","小港區","120.380","22.560","327"
"183","85725","20220824072000","90","3","高雄市","小港區","120.385","22.560","194"
"148","85726","20220824072000","167","0","高雄市","小港區","120.380","22.565","149"
"150","85727","20220824072000","109","2","高雄市","小港區","120.385","22.565","175"
"497","85728","20220824072000","305","3","高雄市","大寮區","120.400","22.590","475"
"35","85729","20220824072000","206","0","高雄市","大寮區","120.390","22.595","39"
"79","85731","20220824072000","64","2","高雄市","大寮區","120.415","22.535","70"
"97","85751","20220824072000","93","1","高雄市","大寮區","120.425","22.555","102"
"248","85754","20220824072000","187","2","高雄市","大寮區","120.425","22.560","268"
"1390","85755","20220824072000","909","3","高雄市","前鎮區","120.315","22.585","1397"
"279","85756","20220824072000","234","1","高雄市","前鎮區","120.305","22.585","269"
"344","85758","20220824072000","754","0","高雄市","小港區","120.345","22.570","354"
"265","85759","20220824072000","1294","0","高雄市","小港區","120.350","22.570","498"
"135","85764","20220824072000","338","0","高雄市","小港區","120.350","22.575","308"
"289","85768","20220824072000","287","1","高雄市","小港區","120.350","22.580","292"
"558","85770","20220824072000","899","0","高雄市","鳳山區","120.350","22.585","567"
"1969","85771","20220824072000","2027","0","高雄市","鳳山區","120.355","22.585","2057"
"1449","85772","20220824072000","1744","0","高雄市","小港區","120.350","22.565","1699"
"13","85776","20220824072000","40","0","高雄市","小港區","120.325","22.565","21"
"805","85777","20220824072000","669","2","高雄市","小港區","120.330","22.565","828"
"639","85778","20220824072000","543","1","高雄市","前鎮區","120.330","22.570","612"
"1016","85779","20220824072000","1214","0","高雄市","小港區","120.335","22.570","1028"
"322","85780","20220824072000","233","2","高雄市","小港區","120.335","22.565","333"
"548","85790","20220824072000","500","1","高雄市","鳳山區","120.340","22.590","593"
"350","85791","20220824072000","310","1","高雄市","鳳山區","120.345","22.590","341"
"1364","85793","20220824072000","1156","1","高雄市","鳳山區","120.335","22.590","1356"
"460","85794","20220824072000","341","2","高雄市","前鎮區","120.335","22.585","454"
"152","85806","20220824072000","139","1","高雄市","小港區(海)","120.330","22.550","134"
"175","85816","20220824072000","136","2","高雄市","小港區(海)","120.315","22.550","168"
"112","85817","20220824072000","113","0","高雄市","旗津區","120.310","22.555","101"
"35","85821","20220824072000","61","0","高雄市","旗津區(海)","120.300","22.575","35"
"11","85823","20220824072000","46","0","高雄市","前鎮區(海)","120.295","22.585","15"
"141","85826","20220824072000","263","0","高雄市","旗津區(海)","120.295","22.580","147"
"249","85827","20220824072000","142","3","高雄市","旗津區","120.290","22.585","246"
"34","85829","20220824072000","106","0","高雄市","大寮區","120.430","22.560","26"
"19","85834","20220824072000","60","0","高雄市","大寮區","120.430","22.565","16"
"185","85835","20220824072000","128","2","高雄市","大寮區","120.435","22.565","168"
"166","85837","20220824072000","128","2","高雄市","大寮區","120.420","22.570","143"
"440","85839","20220824072000","406","1","高雄市","大寮區","120.430","22.570","438"
"49","85845","20220824072000","40","2","高雄市","大寮區","120.435","22.580","53"
"72","85858","20220824072000","100","0","高雄市","大寮區","120.410","22.575","92"
"315","85859","20220824072000","253","2","高雄市","大寮區","120.415","22.575","317"
"177","85864","20220824072000","203","0","高雄市","大寮區","120.420","22.580","191"
"362","85865","20220824072000","314","1","高雄市","大寮區","120.425","22.580","376"
"31","85866","20220824072000","422","0","高雄市","大寮區","120.430","22.580","43"
"86","85867","20220824072000","81","1","高雄市","大寮區","120.425","22.585","86"
"73","85869","20220824072000","56","2","高雄市","大寮區","120.435","22.585","60"
"13","85872","20220824072000","172","0","高雄市","大寮區","120.425","22.590","13"
"388","85873","20220824072000","405","0","高雄市","大寮區","120.430","22.590","420"
"16","85880","20220824072000","331","0","高雄市","大寮區","120.400","22.595","23"
"579","85881","20220824072000","476","2","高雄市","大寮區","120.405","22.595","588"
"211","85887","20220824072000","327","0","高雄市","前鎮區","120.320","22.570","296"
"124","85888","20220824072000","87","2","高雄市","前鎮區(海)","120.305","22.575","100"
"558","85894","20220824072000","470","1","高雄市","小港區","120.365","22.585","508"
"812","85896","20220824072000","747","1","高雄市","前鎮區","120.320","22.590","825"
"290","85897","20220824072000","316","0","高雄市","林園區","120.395","22.505","309"
"1468","85898","20220824072000","1113","2","高雄市","林園區","120.395","22.510","1543"
"251","85910","20220824072000","196","2","高雄市","林園區","120.405","22.500","223"
"196","85911","20220824072000","195","1","高雄市","林園區","120.410","22.500","163"
"359","85915","20220824072000","345","1","高雄市","林園區","120.405","22.505","342"
"86","85916","20220824072000","58","2","高雄市","林園區","120.410","22.505","99"
"221","85920","20220824072000","210","1","高雄市","林園區","120.405","22.510","202"
"422","85929","20220824072000","301","2","高雄市","林園區","120.405","22.520","378"
"232","85936","20220824072000","209","1","高雄市","林園區","120.390","22.525","252"
"129","85937","20220824072000","200","0","高雄市","林園區","120.395","22.525","129"
"19","85945","20220824072000","172","0","高雄市","前鎮區","120.300","22.595","20"
"1067","85946","20220824072000","678","3","高雄市","前鎮區","120.325","22.600","1119"
"109","85948","20220824072000","434","0","高雄市","林園區","120.390","22.510","131"
"11","85949","20220824072000","13","0","高雄市","林園區","120.390","22.515","11"
"181","85950","20220824072000","164","1","高雄市","林園區","120.400","22.480","210"
"124","85953","20220824072000","70","3","高雄市","旗津區","120.310","22.560","118"
"97","85954","20220824072000","63","3","高雄市","旗津區","120.305","22.565","57"
"331","85955","20220824072000","340","0","高雄市","旗津區","120.300","22.570","377"
"57","85960","20220824072000","301","0","高雄市","林園區","120.395","22.530","47"
"237","85961","20220824072000","246","0","高雄市","林園區","120.400","22.530","230"
"22","85963","20220824072000","19","1","高雄市","林園區","120.385","22.505","18"
"55","85971","20220824072000","285","0","高雄市","旗津區","120.280","22.595","36"
"220","85972","20220824072000","163","2","高雄市","旗津區","120.285","22.585","228"
"188","85975","20220824072000","149","2","高雄市","旗津區","120.285","22.590","156"
"527","85978","20220824072000","433","2","高雄市","林園區","120.390","22.500","536"
"61","85982","20220824072000","753","0","高雄市","林園區","120.380","22.500","63"
"77","85983","20220824072000","761","0","高雄市","林園區","120.395","22.500","74"
"175","85988","20220824072000","134","2","高雄市","林園區","120.395","22.535","171"
"366","85989","20220824072000","239","3","高雄市","林園區","120.400","22.535","379"
"75","88407","20220824072000","146","0","高雄市","鼓山區","120.260","22.625","68"
"43","90458","20220824072000","23","3","臺東縣","綠島鄉","121.470","22.645","63"
"290","93129","20220824072000","117","3","臺東縣","綠島鄉","121.485","22.680","254"
"594","94971","20220824072000","308","3","高雄市","左營區","120.275","22.700","602"
"38","97490","20220824072000","597","0","屏東縣","屏東市","120.480","22.650","36"
"384","97491","20220824072000","301","2","屏東縣","屏東市","120.485","22.650","387"
"333","97497","20220824072000","408","0","屏東縣","屏東市","120.485","22.645","343"
"26","97500","20220824072000","32","0","屏東縣","屏東市","120.500","22.660","24"
"276","97501","20220824072000","316","0","屏東縣","屏東市","120.500","22.665","283"
"37","97502","20220824072000","328","0","屏東縣","九如鄉","120.490","22.730","33"
"1087","97503","20220824072000","797","2","屏東縣","九如鄉","120.490","22.735","1108"
"449","97504","20220824072000","312","2","屏東縣","九如鄉","120.490","22.710","432"
"25","97506","20220824072000","53","0","屏東縣","九如鄉","120.490","22.715","27"
"32","97516","20220824072000","309","0","屏東縣","九如鄉","120.500","22.735","25"
"209","97518","20220824072000","113","3","屏東縣","九如鄉","120.505","22.735","204"
"435","97519","20220824072000","346","2","屏東縣","屏東市","120.475","22.655","415"
"295","97520","20220824072000","186","3","屏東縣","屏東市","120.480","22.655","333"
"30","97527","20220824072000","31","0","屏東縣","屏東市","120.450","22.635","25"
"30","97528","20220824072000","66","0","屏東縣","屏東市","120.455","22.635","40"
"29","97529","20220824072000","35","0","屏東縣","屏東市","120.460","22.635","33"
"27","97534","20220824072000","29","0","屏東縣","屏東市","120.455","22.640","24"
"41","97542","20220824072000","35","1","屏東縣","屏東市","120.495","22.625","40"
"597","97544","20220824072000","461","2","屏東縣","屏東市","120.505","22.625","625"
"1725","97550","20220824072000","1623","1","屏東縣","長治鄉","120.510","22.680","1725"
"15","97551","20220824072000","17","0","屏東縣","屏東市","120.475","22.665","15"
"685","97552","20220824072000","477","2","屏東縣","屏東市","120.485","22.670","712"
"96","97565","20220824072000","61","3","屏東縣","內埔鄉","120.570","22.650","84"
"23","97566","20220824072000","133","0","屏東縣","內埔鄉","120.575","22.650","18"
"29","97567","20220824072000","39","0","屏東縣","內埔鄉","120.560","22.655","43"
"347","97588","20220824072000","271","2","屏東縣","屏東市","120.505","22.690","350"
"1279","97589","20220824072000","1535","0","屏東縣","屏東市","120.495","22.685","1301"
"24","97597","20220824072000","252","0","屏東縣","屏東市","120.510","22.700","17"
"65","97598","20220824072000","76","0","屏東縣","屏東市","120.495","22.705","63"
"188","97600","20220824072000","79","3","屏東縣","屏東市","120.505","22.705","164"
"1069","97606","20220824072000","944","1","屏東縣","屏東市","120.475","22.660","1062"
"158","97607","20220824072000","358","0","屏東縣","屏東市","120.480","22.660","156"
"2029","97613","20220824072000","1396","2","屏東縣","屏東市","120.475","22.690","2070"
"94","97614","20220824072000","165","0","屏東縣","屏東市","120.470","22.690","75"
"49","97625","20220824072000","35","2","屏東縣","屏東市","120.485","22.700","34"
"362","97627","20220824072000","229","3","屏東縣","屏東市","120.480","22.670","353"
"347","97628","20220824072000","336","1","屏東縣","屏東市","120.495","22.670","349"
"447","97638","20220824072000","395","1","屏東縣","竹田鄉","120.525","22.605","470"
"773","97642","20220824072000","674","1","屏東縣","屏東市","120.495","22.665","722"
"434","97643","20220824072000","470","0","屏東縣","屏東市","120.480","22.640","452"
"522","97654","20220824072000","332","3","屏東縣","鹽埔鄉","120.605","22.725","488"
"14","97655","20220824072000","25","0","屏東縣","屏東市","120.500","22.650","17"
"53","97656","20220824072000","47","1","屏東縣","屏東市","120.505","22.650","41"
"513","97657","20220824072000","329","3","屏東縣","屏東市","120.480","22.675","514"
"1440","97658","20220824072000","1026","2","屏東縣","屏東市","120.490","22.655","1407"
"503","97660","20220824072000","363","2","屏東縣","屏東市","120.490","22.660","531"
"90","97661","20220824072000","71","2","屏東縣","屏東市","120.495","22.660","71"
"217","97663","20220824072000","112","3","屏東縣","屏東市","120.460","22.665","197"
"32","97701","20220824072000","629","0","屏東縣","鹽埔鄉","120.540","22.730","38"
"50","97715","20220824072000","323","0","屏東縣","鹽埔鄉","120.555","22.735","45"
"237","97722","20220824072000","148","3","屏東縣","鹽埔鄉","120.520","22.735","166"
"10","97743","20220824072000","15","0","屏東縣","長治鄉","120.525","22.690","10"
"70","97744","20220824072000","296","0","屏東縣","長治鄉","120.530","22.690","61"
"27","97746","20220824072000","32","0","屏東縣","長治鄉","120.530","22.695","39"
"387","97754","20220824072000","381","1","屏東縣","屏東市","120.490","22.675","375"
"279","97761","20220824072000","937","0","屏東縣","屏東市","120.470","22.655","293"
"24","97765","20220824072000","31","0","屏東縣","屏東市","120.510","22.645","24"
"970","97771","20220824072000","1017","0","屏東縣","屏東市","120.495","22.680","1011"
"920","97772","20220824072000","508","3","屏東縣","屏東市","120.495","22.675","907"
"148","97773","20220824072000","337","0","屏東縣","屏東市","120.500","22.685","166"
"1573","97774","20220824072000","1438","1","屏東縣","屏東市","120.505","22.685","1581"
"989","97775","20220824072000","729","2","屏東縣","屏東市","120.510","22.685","1014"
"691","97777","20220824072000","612","1","屏東縣","屏東市","120.500","22.675","685"
"131","97783","20220824072000","102","2","屏東縣","內埔鄉","120.600","22.650","130"
"193","97786","20220824072000","807","0","屏東縣","內埔鄉","120.615","22.650","206"
"129","97791","20220824072000","631","0","屏東縣","內埔鄉","120.600","22.660","123"
"319","97800","20220824072000","204","3","屏東縣","麟洛鄉","120.535","22.650","305"
"221","97814","20220824072000","166","2","屏東縣","麟洛鄉","120.550","22.660","190"
"88","97818","20220824072000","78","1","屏東縣","麟洛鄉","120.535","22.665","79"
"38","97823","20220824072000","34","1","屏東縣","麟洛鄉","120.515","22.640","36"
"323","97842","20220824072000","244","2","屏東縣","麟洛鄉","120.520","22.645","293"
"14","97844","20220824072000","12","1","屏東縣","屏東市","120.515","22.650","16"
"24","97849","20220824072000","600","0","屏東縣","麟洛鄉","120.525","22.650","33"
"87","97851","20220824072000","493","0","屏東縣","麟洛鄉","120.520","22.655","71"
"59","97914","20220824072000","334","0","屏東縣","萬丹鄉","120.460","22.595","57"
"720","97916","20220824072000","628","1","屏東縣","屏東市","120.490","22.680","710"
"849","97917","20220824072000","727","1","屏東縣","屏東市","120.490","22.685","895"
"1181","97918","20220824072000","774","3","屏東縣","屏東市","120.490","22.690","1249"
"531","97919","20220824072000","665","0","屏東縣","屏東市","120.505","22.670","533"
"1330","97920","20220824072000","1470","0","屏東縣","長治鄉","120.510","22.670","1310"
"174","97925","20220824072000","384","0","屏東縣","長治鄉","120.545","22.690","162"
"392","97947","20220824072000","332","1","屏東縣","屏東市","120.475","22.680","434"
"133","97948","20220824072000","299","0","屏東縣","屏東市","120.480","22.680","127"
"210","97953","20220824072000","272","0","屏東縣","屏東市","120.465","22.685","221"
"291","97954","20220824072000","254","1","屏東縣","屏東市","120.470","22.685","272"
"202","97955","20220824072000","420","0","屏東縣","屏東市","120.475","22.685","197"
"995","97964","20220824072000","1074","0","屏東縣","屏東市","120.510","22.655","892"
"432","97965","20220824072000","583","0","屏東縣","屏東市","120.505","22.660","441"
"160","97967","20220824072000","759","0","屏東縣","屏東市","120.515","22.660","128"
"715","97969","20220824072000","842","0","屏東縣","屏東市","120.505","22.665","700"
"25","97974","20220824072000","1045","0","屏東縣","屏東市","120.505","22.675","42"
"431","97978","20220824072000","367","1","屏東縣","屏東市","120.475","22.670","397"
"11","97984","20220824072000","421","0","屏東縣","萬丹鄉","120.485","22.610","11"
"410","97985","20220824072000","218","3","屏東縣","萬丹鄉","120.490","22.610","394"
"48","97991","20220824072000","207","0","屏東縣","萬丹鄉","120.490","22.620","55"
"15","98035","20220824072000","52","0","屏東縣","泰武鄉","120.700","22.610","30"
"32","98173","20220824072000","122","0","屏東縣","泰武鄉","120.640","22.625","28"
"162","98233","20220824072000","506","0","屏東縣","萬丹鄉","120.470","22.620","156"
"218","98245","20220824072000","129","3","屏東縣","萬丹鄉","120.470","22.610","201"
"245","98249","20220824072000","159","3","屏東縣","內埔鄉","120.600","22.675","257"
"154","98252","20220824072000","89","3","屏東縣","內埔鄉","120.585","22.640","126"
"36","98255","20220824072000","701","0","屏東縣","內埔鄉","120.590","22.645","40"
"287","98266","20220824072000","153","3","屏東縣","瑪家鄉","120.650","22.700","282"
"318","98270","20220824072000","298","1","屏東縣","內埔鄉","120.645","22.705","312"
"990","98276","20220824072000","688","2","屏東縣","內埔鄉","120.565","22.635","1021"
"189","98277","20220824072000","169","1","屏東縣","內埔鄉","120.545","22.640","184"
"670","98281","20220824072000","556","2","屏東縣","麟洛鄉","120.540","22.645","714"
"325","98298","20220824072000","506","0","屏東縣","內埔鄉","120.555","22.600","328"
"669","98309","20220824072000","779","0","屏東縣","內埔鄉","120.595","22.630","711"
"248","98311","20220824072000","243","1","屏東縣","內埔鄉","120.590","22.635","264"
"67","98316","20220824072000","557","0","屏東縣","內埔鄉","120.600","22.640","68"
"139","98328","20220824072000","94","2","屏東縣","瑪家鄉","120.630","22.650","151"
"14","98341","20220824072000","319","0","屏東縣","內埔鄉","120.580","22.620","11"
"36","98346","20220824072000","24","3","屏東縣","內埔鄉","120.545","22.630","29"
"50","98348","20220824072000","317","0","屏東縣","內埔鄉","120.540","22.635","42"
"342","98362","20220824072000","199","3","屏東縣","內埔鄉","120.640","22.695","353"
"73","98378","20220824072000","346","0","屏東縣","長治鄉","120.550","22.680","72"
"48","98380","20220824072000","32","3","屏東縣","長治鄉","120.540","22.685","46"
"200","98392","20220824072000","546","0","屏東縣","長治鄉","120.550","22.695","236"
"121","98396","20220824072000","34","3","屏東縣","長治鄉","120.535","22.705","105"
"23","98403","20220824072000","12","3","屏東縣","長治鄉","120.525","22.710","20"
"482","98405","20220824072000","765","0","屏東縣","長治鄉","120.535","22.710","504"
"18","98406","20220824072000","123","0","屏東縣","長治鄉","120.540","22.710","18"
"125","98407","20220824072000","169","0","屏東縣","長治鄉","120.545","22.710","119"
"69","98408","20220824072000","354","0","屏東縣","長治鄉","120.525","22.715","70"
"47","98410","20220824072000","165","0","屏東縣","長治鄉","120.535","22.715","44"
"84","98418","20220824072000","353","0","屏東縣","萬丹鄉","120.470","22.615","68"
"167","98422","20220824072000","149","1","屏東縣","萬丹鄉","120.520","22.595","184"
"207","98443","20220824072000","202","1","屏東縣","屏東市","120.495","22.640","203"
"353","98446","20220824072000","348","1","屏東縣","屏東市","120.490","22.645","366"
"314","98453","20220824072000","179","3","屏東縣","屏東市","120.485","22.625","290"
"423","98457","20220824072000","506","0","屏東縣","屏東市","120.480","22.635","438"
"48","98458","20220824072000","50","0","屏東縣","屏東市","120.485","22.635","38"
"270","98459","20220824072000","241","1","屏東縣","屏東市","120.490","22.635","244"
"26","98460","20220824072000","334","0","屏東縣","屏東市","120.485","22.640","23"
"63","98462","20220824072000","492","0","屏東縣","內埔鄉","120.565","22.610","61"
"23","98463","20220824072000","27","0","屏東縣","內埔鄉","120.570","22.610","27"
"914","98464","20220824072000","863","1","屏東縣","內埔鄉","120.570","22.615","904"
"560","98467","20220824072000","636","0","屏東縣","內埔鄉","120.560","22.605","552"
"32","98471","20220824072000","349","0","屏東縣","內埔鄉","120.560","22.600","27"
"247","98472","20220824072000","357","0","屏東縣","內埔鄉","120.565","22.600","278"
"30","98486","20220824072000","200","0","屏東縣","內埔鄉","120.595","22.675","39"
"837","98496","20220824072000","922","0","屏東縣","屏東市","120.485","22.685","826"
"1096","98497","20220824072000","540","3","屏東縣","屏東市","120.480","22.690","1114"
"662","98498","20220824072000","763","0","屏東縣","屏東市","120.485","22.690","658"
"821","98502","20220824072000","726","1","屏東縣","內埔鄉","120.545","22.625","851"
"11","98511","20220824072000","15","0","屏東縣","內埔鄉","120.570","22.640","10"
"887","98532","20220824072000","677","2","屏東縣","內埔鄉","120.560","22.620","847"
"528","98533","20220824072000","514","1","屏東縣","內埔鄉","120.565","22.620","513"
"32","98544","20220824072000","261","0","屏東縣","內埔鄉","120.600","22.690","20"
"365","98558","20220824072000","333","1","屏東縣","內埔鄉","120.610","22.700","361"
"22","98563","20220824072000","10","3","屏東縣","內埔鄉","120.600","22.665","19"
"17","98566","20220824072000","13","2","屏東縣","內埔鄉","120.600","22.670","17"
"432","98589","20220824072000","391","1","屏東縣","屏東市","120.505","22.695","414"
"291","98591","20220824072000","278","1","屏東縣","屏東市","120.445","22.640","278"
"314","98594","20220824072000","330","0","屏東縣","屏東市","120.460","22.640","331"
"22","98596","20220824072000","162","0","屏東縣","屏東市","120.445","22.645","18"
"211","98598","20220824072000","168","2","屏東縣","屏東市","120.455","22.645","243"
"306","98607","20220824072000","247","2","屏東縣","屏東市","120.465","22.650","292"
"27","98616","20220824072000","30","0","屏東縣","屏東市","120.445","22.660","23"
"237","98633","20220824072000","260","0","屏東縣","三地門鄉","120.640","22.715","245"
"428","98636","20220824072000","374","1","屏東縣","三地門鄉","120.655","22.715","469"
"99","98648","20220824072000","78","2","屏東縣","三地門鄉","120.670","22.720","117"
"15","98661","20220824072000","22","0","屏東縣","三地門鄉","120.640","22.735","26"
"276","98723","20220824072000","251","1","屏東縣","屏東市","120.495","22.690","248"
"642","98724","20220824072000","419","3","屏東縣","屏東市","120.500","22.690","621"
"824","98725","20220824072000","719","1","屏東縣","屏東市","120.480","22.665","832"
"564","98726","20220824072000","362","3","屏東縣","屏東市","120.495","22.695","567"
"296","98729","20220824072000","273","1","屏東縣","屏東市","120.500","22.695","264"
"860","98734","20220824072000","493","3","屏東縣","屏東市","120.490","22.670","814"
"76","98776","20220824072000","58","2","屏東縣","萬巒鄉","120.625","22.630","69"
"67","98782","20220824072000","45","2","屏東縣","萬巒鄉","120.625","22.640","78"
"61","98803","20220824072000","58","1","屏東縣","萬巒鄉","120.615","22.605","51"
"508","98804","20220824072000","339","2","屏東縣","萬巒鄉","120.620","22.605","438"
"70","98822","20220824072000","50","2","屏東縣","長治鄉","120.535","22.670","69"
"1276","98826","20220824072000","877","2","屏東縣","長治鄉","120.525","22.675","1279"
"218","98837","20220824072000","214","1","屏東縣","長治鄉","120.515","22.685","217"
"24","98842","20220824072000","991","0","屏東縣","長治鄉","120.510","22.665","31"
"426","98843","20220824072000","422","1","屏東縣","長治鄉","120.515","22.665","430"
"18","98844","20220824072000","37","0","屏東縣","長治鄉","120.520","22.665","19"
"296","98968","20220824072000","191","3","屏東縣","瑪家鄉","120.670","22.675","318"
"29","99003","20220824072000","31","0","屏東縣","瑪家鄉","120.655","22.705","37"
"109","99078","20220824072000","108","1","屏東縣","瑪家鄉","120.640","22.685","117"
"107","99094","20220824072000","118","0","屏東縣","竹田鄉","120.530","22.630","103"
"256","99099","20220824072000","233","1","屏東縣","竹田鄉","120.535","22.640","298"
"13","99104","20220824072000","21","0","屏東縣","竹田鄉","120.545","22.600","17"
"251","99110","20220824072000","242","1","屏東縣","竹田鄉","120.520","22.615","248"
"24","99116","20220824072000","327","0","屏東縣","竹田鄉","120.525","22.620","21"
"62","99293","20220824072000","482","0","屏東縣","萬丹鄉","120.465","22.605","74"
"326","99294","20220824072000","197","3","屏東縣","萬丹鄉","120.470","22.605","305"
"73","99299","20220824072000","623","0","屏東縣","萬丹鄉","120.495","22.595","52"
"531","99310","20220824072000","495","1","屏東縣","長治鄉","120.520","22.680","479"
"68","99313","20220824072000","87","0","屏東縣","長治鄉","120.525","22.685","67"
"37","99317","20220824072000","335","0","屏東縣","長治鄉","120.565","22.670","47"
"770","99340","20220824072000","371","3","屏東縣","長治鄉","120.590","22.695","739"
"339","99352","20220824072000","462","0","屏東縣","長治鄉","120.575","22.705","341"
"163","99358","20220824072000","84","3","屏東縣","長治鄉","120.580","22.710","133"
"31","99371","20220824072000","27","1","屏東縣","鹽埔鄉","120.580","22.720","36"
"192","99390","20220824072000","130","2","屏東縣","長治鄉","120.570","22.700","165"
"25","99607","20220824072000","36","0","屏東縣","高樹鄉","120.630","22.735","31"
"79","99617","20220824072000","50","3","屏東縣","萬丹鄉","120.450","22.620","95"
"33","99627","20220824072000","318","0","屏東縣","萬丹鄉","120.465","22.625","38"
"37","99670","20220824072000","163","0","屏東縣","九如鄉","120.485","22.735","29"
"1124","99671","20220824072000","1173","0","屏東縣","屏東市","120.490","22.665","1085"
"23","99677","20220824072000","14","3","屏東縣","屏東市","120.485","22.705","22"
"18","99680","20220824072000","125","0","屏東縣","九如鄉","120.480","22.710","19"
"456","99690","20220824072000","234","3","屏東縣","九如鄉","120.520","22.710","433"
"16","99705","20220824072000","110","0","屏東縣","九如鄉","120.505","22.725","13"
"370","99716","20220824072000","225","3","臺東縣","綠島鄉","121.470","22.670","320"
"378","99719","20220824072000","257","2","臺東縣","綠島鄉","121.470","22.675","401"
"18","99724","20220824072000","20","0","臺東縣","綠島鄉","121.495","22.640","32"
"113","99732","20220824072000","62","3","臺東縣","綠島鄉","121.500","22.645","107"
"44","99739","20220824072000","31","2","臺東縣","綠島鄉","121.505","22.655","82"
"318","99759","20220824072000","141","3","臺東縣","綠島鄉","121.490","22.675","367"
"24","99760","20220824072000","26","0","臺東縣","綠島鄉","121.495","22.675","31"
"63","99762","20220824072000","52","2","臺東縣","綠島鄉","121.505","22.675","81"
"88","99767","20220824072000","56","3","臺東縣","綠島鄉","121.475","22.650","88"
"104","99769","20220824072000","89","1","臺東縣","綠島鄉","121.485","22.650","150"
"217","99774","20220824072000","185","1","臺東縣","綠島鄉","121.475","22.660","301"
"207","99777","20220824072000","136","3","臺東縣","綠島鄉","121.470","22.665","279"
"805","99779","20220824072000","500","3","臺東縣","綠島鄉","121.465","22.670","892"
"472","99780","20220824072000","373","2","高雄市","楠梓區","120.295","22.715","499"
"183","99782","20220824072000","296","0","高雄市","楠梓區","120.305","22.710","191"
"764","99783","20220824072000","622","2","高雄市","楠梓區","120.300","22.715","744"
"622","99784","20220824072000","556","1","高雄市","楠梓區","120.305","22.715","591"
"76","99785","20220824072000","410","0","高雄市","楠梓區","120.310","22.715","87"
"425","99787","20220824072000","448","0","高雄市","前金區","120.290","22.625","406"
"1142","99788","20220824072000","982","1","高雄市","前金區","120.300","22.620","1147"
"503","99792","20220824072000","475","1","臺東縣","臺東市","121.050","22.705","483"
"437","99796","20220824072000","369","1","臺東縣","臺東市","121.040","22.705","484"
"1072","99800","20220824072000","576","3","臺東縣","臺東市","121.045","22.710","997"
"16","99817","20220824072000","270","0","臺東縣","臺東市","121.060","22.710","18"
"830","99819","20220824072000","757","1","臺東縣","臺東市","121.070","22.710","876"
"122","99837","20220824072000","89","2","臺東縣","臺東市","121.070","22.720","95"
"48","99854","20220824072000","102","0","臺東縣","臺東市","121.085","22.730","62"
"48","99856","20220824072000","53","0","高雄市","大寮區","120.415","22.620","51"
"64","99859","20220824072000","56","1","高雄市","大寮區","120.430","22.620","66"
"316","99862","20220824072000","292","1","高雄市","大寮區","120.425","22.625","315"
"2382","99875","20220824072000","1723","2","高雄市","鳥松區","120.335","22.655","2249"
"567","99876","20220824072000","793","0","高雄市","前鎮區","120.315","22.595","585"
"1134","99877","20220824072000","980","1","高雄市","三民區","120.320","22.670","1176"
"282","99885","20220824072000","282","1","臺東縣","臺東市","121.055","22.725","268"
"917","99892","20220824072000","796","1","高雄市","前鎮區","120.305","22.605","921"
"1486","99893","20220824072000","1013","2","高雄市","前鎮區","120.315","22.615","1455"
"1406","99894","20220824072000","1117","2","高雄市","前鎮區","120.305","22.600","1382"
"1491","99895","20220824072000","1623","0","高雄市","前鎮區","120.330","22.610","1455"
"34","99897","20220824072000","74","0","高雄市","仁武區","120.330","22.705","20"
"874","99898","20220824072000","793","1","高雄市","仁武區","120.335","22.705","883"
"476","99899","20220824072000","415","1","高雄市","仁武區","120.330","22.710","483"
"395","99900","20220824072000","297","2","高雄市","仁武區","120.335","22.710","391"
"18","99901","20220824072000","20","0","高雄市","仁武區","120.330","22.715","20"
"393","99902","20220824072000","475","0","高雄市","楠梓區","120.330","22.720","434"
"17","99903","20220824072000","15","1","高雄市","三民區","120.290","22.640","20"
"39","99905","20220824072000","758","0","高雄市","仁武區","120.355","22.680","41"
"270","99906","20220824072000","1401","0","高雄市","仁武區","120.355","22.685","285"
"594","99908","20220824072000","658","0","高雄市","仁武區","120.345","22.685","604"
"157","99912","20220824072000","116","2","高雄市","仁武區","120.365","22.690","176"
"19","99913","20220824072000","20","0","高雄市","仁武區","120.370","22.690","16"
"164","99914","20220824072000","159","1","高雄市","仁武區","120.375","22.690","203"
"113","99919","20220824072000","102","1","高雄市","仁武區","120.375","22.695","106"
"653","99924","20220824072000","490","2","高雄市","仁武區","120.365","22.700","632"
"217","99927","20220824072000","163","2","高雄市","仁武區","120.380","22.700","225"
"346","99930","20220824072000","238","2","高雄市","仁武區","120.395","22.700","358"
"2170","99933","20220824072000","1975","1","高雄市","鹽埕區","120.285","22.630","2146"
"1593","99935","20220824072000","1878","0","高雄市","楠梓區","120.325","22.725","1595"
"49","99936","20220824072000","274","0","高雄市","楠梓區","120.315","22.735","49"
"861","99937","20220824072000","769","1","高雄市","楠梓區","120.320","22.730","844"
"1422","99940","20220824072000","1294","1","高雄市","楠梓區","120.300","22.710","1414"
"1662","99941","20220824072000","1664","0","高雄市","三民區","120.320","22.650","1694"
"2277","99942","20220824072000","2139","1","高雄市","前金區","120.295","22.630","2282"
"747","99943","20220824072000","775","0","高雄市","三民區","120.290","22.645","732"
"55","99944","20220824072000","938","0","高雄市","鳳山區","120.375","22.635","56"
"2148","99945","20220824072000","1529","2","高雄市","鳳山區","120.365","22.625","2140"
"789","99946","20220824072000","672","1","高雄市","鳳山區","120.370","22.625","768"
"32","99951","20220824072000","199","0","高雄市","大樹區","120.420","22.695","30"
"16","99964","20220824072000","11","2","高雄市","大樹區","120.410","22.690","11"
"84","99973","20220824072000","78","1","高雄市","大樹區","120.400","22.700","84"
"169","99976","20220824072000","206","0","高雄市","大社區","120.340","22.725","188"
"226","99979","20220824072000","380","0","高雄市","大社區","120.345","22.725","228"
"64","99983","20220824072000","898","0","高雄市","左營區","120.300","22.685","65"
"20","99984","20220824072000","546","0","高雄市","左營區","120.305","22.690","11"
"1773","99985","20220824072000","1920","0","高雄市","左營區","120.310","22.685","1788"
"1254","99987","20220824072000","727","3","高雄市","左營區","120.315","22.690","1306"
"1181","99989","20220824072000","1072","1","高雄市","新興區","120.305","22.630","1306"
"133","99990","20220824072000","220","0","高雄市","大寮區","120.385","22.615","338"
"755","99993","20220824072000","927","0","高雄市","大寮區","120.380","22.620","928"
"469","99994","20220824072000","270","3","高雄市","大寮區","120.385","22.620","510"
"21","99999","20220824072000","20","1","高雄市","大寮區","120.375","22.600","25"
"1866","100002","20220824072000","1845","1","高雄市","三民區","120.295","22.635","1817"
"887","100003","20220824072000","811","1","高雄市","前金區","120.300","22.625","878"
"1476","100004","20220824072000","1494","0","高雄市","新興區","120.300","22.630","1374"
"476","100005","20220824072000","1063","0","高雄市","大寮區","120.385","22.600","495"
"750","100007","20220824072000","745","1","高雄市","大寮區","120.385","22.610","767"
"157","100010","20220824072000","623","0","高雄市","苓雅區","120.330","22.625","151"
"3271","100011","20220824072000","2823","1","高雄市","鳳山區","120.360","22.635","3384"
"784","100012","20220824072000","818","0","高雄市","鳳山區","120.365","22.630","794"
"343","100013","20220824072000","304","1","高雄市","鳳山區","120.375","22.640","323"
"430","100014","20220824072000","1301","0","高雄市","鳳山區","120.350","22.615","409"
"2124","100015","20220824072000","1908","1","高雄市","楠梓區","120.300","22.725","2058"
"1256","100016","20220824072000","1055","1","高雄市","橋頭區","120.300","22.730","1205"
"797","100017","20220824072000","1680","0","高雄市","橋頭區","120.305","22.730","721"
"635","100019","20220824072000","1369","0","高雄市","鳳山區","120.345","22.615","637"
"551","100021","20220824072000","298","3","高雄市","楠梓區","120.285","22.725","542"
"252","100022","20220824072000","1356","0","高雄市","楠梓區","120.290","22.725","269"
"581","100023","20220824072000","665","0","高雄市","橋頭區","120.295","22.730","615"
"276","100025","20220824072000","293","0","高雄市","楠梓區","120.285","22.730","271"
"11","100026","20220824072000","12","0","高雄市","楠梓區","120.290","22.730","20"
"1146","100028","20220824072000","1454","0","高雄市","楠梓區","120.290","22.715","1140"
"1443","100029","20220824072000","1426","1","高雄市","楠梓區","120.290","22.720","1434"
"1054","100032","20220824072000","1157","0","高雄市","苓雅區","120.300","22.610","1017"
"1261","100033","20220824072000","1305","0","高雄市","苓雅區","120.335","22.625","1246"
"2531","100034","20220824072000","2579","0","高雄市","前鎮區","120.310","22.615","2501"
"446","100038","20220824072000","334","2","高雄市","大寮區","120.405","22.640","471"
"330","100039","20220824072000","251","2","高雄市","大寮區","120.410","22.640","343"
"2973","100044","20220824072000","2202","2","高雄市","三民區","120.325","22.650","3040"
"977","100045","20220824072000","694","2","高雄市","三民區","120.320","22.655","988"
"853","100047","20220824072000","1455","0","高雄市","鳳山區","120.380","22.630","927"
"4580","100048","20220824072000","3937","1","高雄市","苓雅區","120.320","22.620","4534"
"2150","100049","20220824072000","2572","0","高雄市","新興區","120.310","22.630","2078"
"70","100050","20220824072000","572","0","高雄市","三民區","120.315","22.650","85"
"535","100052","20220824072000","640","0","高雄市","三民區","120.315","22.655","533"
"2165","100053","20220824072000","1333","3","高雄市","三民區","120.330","22.640","2127"
"1588","100054","20220824072000","914","3","高雄市","三民區","120.315","22.640","1570"
"334","100057","20220824072000","413","0","高雄市","前鎮區","120.285","22.605","307"
"225","100058","20220824072000","189","1","高雄市","前鎮區","120.290","22.605","161"
"531","100059","20220824072000","294","3","高雄市","前鎮區","120.300","22.605","536"
"75","100071","20220824072000","58","2","臺東縣","太麻里鄉","121.025","22.670","113"
"136","100074","20220824072000","114","1","臺東縣","太麻里鄉","121.040","22.670","145"
"182","100530","20220824072000","105","3","臺東縣","金峰鄉","120.950","22.640","201"
"96","100729","20220824072000","80","2","臺東縣","金峰鄉","121.000","22.635","124"
"661","100742","20220824072000","755","0","高雄市","鳳山區","120.360","22.625","680"
"1036","100743","20220824072000","1205","0","高雄市","三民區","120.305","22.640","994"
"98","100744","20220824072000","1081","0","高雄市","楠梓區","120.295","22.725","89"
"2343","100745","20220824072000","1731","2","高雄市","楠梓區","120.300","22.720","2294"
"91","100746","20220824072000","108","0","高雄市","鳳山區","120.365","22.605","82"
"1415","100747","20220824072000","1282","1","高雄市","鳳山區","120.360","22.610","1460"
"667","100753","20220824072000","531","2","高雄市","鳳山區","120.355","22.605","697"
"17","100759","20220824072000","119","0","高雄市","左營區","120.295","22.695","25"
"148","100760","20220824072000","132","1","高雄市","左營區","120.295","22.700","139"
"1839","100762","20220824072000","1557","1","高雄市","三民區","120.315","22.645","1757"
"2405","100764","20220824072000","2296","1","高雄市","三民區","120.310","22.640","2379"
"1741","100765","20220824072000","1619","1","高雄市","前金區","120.290","22.630","1726"
"1886","100766","20220824072000","1076","3","高雄市","三民區","120.295","22.645","1881"
"121","100767","20220824072000","109","1","高雄市","仁武區","120.340","22.705","117"
"145","100768","20220824072000","876","0","高雄市","仁武區","120.345","22.705","135"
"203","100771","20220824072000","170","1","高雄市","仁武區","120.340","22.715","174"
"1114","100773","20220824072000","1056","1","高雄市","仁武區","120.350","22.690","1163"
"876","100775","20220824072000","541","3","高雄市","仁武區","120.350","22.695","885"
"38","100777","20220824072000","712","0","高雄市","仁武區","120.355","22.700","36"
"48","100778","20220824072000","47","1","高雄市","仁武區","120.350","22.705","39"
"332","100779","20220824072000","246","2","高雄市","仁武區","120.355","22.705","328"
"413","100781","20220824072000","355","1","高雄市","仁武區","120.350","22.710","440"
"110","100783","20220824072000","111","0","高雄市","仁武區","120.345","22.715","134"
"127","100784","20220824072000","162","0","高雄市","仁武區","120.350","22.715","115"
"1065","100786","20220824072000","1654","0","高雄市","前鎮區","120.335","22.605","1094"
"2500","100787","20220824072000","2493","1","高雄市","前鎮區","120.330","22.600","2446"
"2154","100788","20220824072000","1971","1","高雄市","三民區","120.335","22.650","2206"
"804","100789","20220824072000","884","0","高雄市","三民區","120.325","22.655","825"
"23","100790","20220824072000","23","1","臺東縣","太麻里鄉","120.975","22.600","19"
"734","100808","20220824072000","601","2","臺東縣","太麻里鄉","121.005","22.610","642"
"2433","100829","20220824072000","2296","1","高雄市","苓雅區","120.340","22.630","2466"
"1799","100830","20220824072000","1767","1","高雄市","鳳山區","120.345","22.630","1824"
"1125","100831","20220824072000","2267","0","高雄市","鳳山區","120.365","22.640","1116"
"2254","100832","20220824072000","1825","2","高雄市","苓雅區","120.325","22.615","2071"
"1783","100833","20220824072000","1416","2","高雄市","左營區","120.305","22.660","1776"
"2676","100834","20220824072000","2730","0","高雄市","左營區","120.310","22.660","2682"
"2879","100835","20220824072000","2629","1","高雄市","左營區","120.305","22.665","2722"
"1823","100836","20220824072000","2118","0","高雄市","左營區","120.310","22.665","1838"
"1883","100837","20220824072000","2033","0","高雄市","左營區","120.300","22.670","1989"
"1077","100838","20220824072000","831","2","高雄市","左營區","120.305","22.670","1055"
"2321","100839","20220824072000","2290","1","高雄市","左營區","120.300","22.680","2432"
"1760","100842","20220824072000","1449","2","高雄市","新興區","120.305","22.635","1603"
"33","100844","20220824072000","32","1","高雄市","大寮區","120.385","22.635","42"
"2027","100848","20220824072000","1597","2","高雄市","大寮區","120.395","22.640","2081"
"2489","100851","20220824072000","2195","1","高雄市","三民區","120.325","22.675","2463"
"1926","100852","20220824072000","1716","1","高雄市","三民區","120.325","22.660","1922"
"2184","100853","20220824072000","1701","2","高雄市","三民區","120.330","22.660","2181"
"1432","100854","20220824072000","2592","0","高雄市","三民區","120.325","22.665","1454"
"21","100855","20220824072000","635","0","高雄市","鳥松區","120.335","22.665","24"
"164","100856","20220824072000","1269","0","高雄市","三民區","120.330","22.665","161"
"599","100858","20220824072000","639","0","高雄市","三民區","120.330","22.670","626"
"2582","100860","20220824072000","2427","1","高雄市","三民區","120.335","22.645","2590"
"187","100861","20220824072000","161","1","高雄市","前鎮區","120.310","22.605","188"
"2126","100862","20220824072000","2733","0","高雄市","前鎮區","120.310","22.610","2104"
"597","100863","20220824072000","912","0","高雄市","前鎮區","120.315","22.610","629"
"520","100864","20220824072000","261","3","高雄市","左營區","120.290","22.700","544"
"1313","100865","20220824072000","1103","1","高雄市","左營區","120.285","22.680","1293"
"917","100866","20220824072000","605","3","高雄市","左營區","120.290","22.680","896"
"848","100867","20220824072000","1031","0","高雄市","鳳山區","120.350","22.640","870"
"1871","100868","20220824072000","1447","2","高雄市","鳳山區","120.350","22.630","1836"
"981","100869","20220824072000","1612","0","高雄市","鳳山區","120.350","22.645","913"
"1225","100870","20220824072000","1779","0","高雄市","鳳山區","120.350","22.635","1172"
"2029","100871","20220824072000","1939","1","高雄市","苓雅區","120.335","22.620","2021"
"1029","100872","20220824072000","2035","0","高雄市","鳳山區","120.340","22.600","1057"
"2512","100873","20220824072000","1618","3","高雄市","三民區","120.320","22.645","2494"
"1731","100874","20220824072000","1610","1","高雄市","三民區","120.325","22.645","1725"
"2144","100875","20220824072000","1290","3","高雄市","三民區","120.290","22.635","2057"
"1331","100877","20220824072000","1755","0","高雄市","三民區","120.325","22.670","1334"
"1023","100878","20220824072000","1680","0","高雄市","三民區","120.315","22.660","1048"
"1434","100879","20220824072000","1692","0","高雄市","三民區","120.320","22.660","1418"
"2076","100880","20220824072000","3447","0","高雄市","三民區","120.315","22.665","2035"
"162","100881","20220824072000","2525","0","高雄市","三民區","120.320","22.665","168"
"1314","100883","20220824072000","777","3","高雄市","前鎮區","120.305","22.610","1239"
"174","100888","20220824072000","979","0","高雄市","大寮區","120.390","22.625","590"
"2491","100890","20220824072000","2308","1","高雄市","三民區","120.335","22.640","2510"
"2668","100891","20220824072000","2818","0","高雄市","鳳山區","120.345","22.635","2702"
"528","100909","20220824072000","506","1","臺東縣","臺東市","121.055","22.705","551"
"254","100915","20220824072000","175","2","臺東縣","太麻里鄉","121.010","22.625","226"
"45","100925","20220824072000","45","1","臺東縣","太麻里鄉","121.015","22.640","49"
"389","100938","20220824072000","388","1","臺東縣","臺東市","121.100","22.725","402"
"160","100946","20220824072000","436","0","高雄市","鳥松區","120.350","22.665","167"
"1212","100947","20220824072000","912","2","高雄市","鳥松區","120.355","22.665","1184"
"281","100948","20220824072000","283","0","高雄市","鳥松區","120.360","22.665","284"
"159","100954","20220824072000","151","1","高雄市","仁武區","120.370","22.680","174"
"11","100961","20220824072000","12","0","高雄市","鳥松區","120.380","22.685","13"
"460","100966","20220824072000","314","2","高雄市","鳥松區","120.395","22.665","442"
"43","100969","20220824072000","57","0","高雄市","鳥松區","120.390","22.675","42"
"1514","100974","20220824072000","1704","0","高雄市","三民區","120.340","22.645","1487"
"465","100975","20220824072000","374","2","高雄市","鳥松區","120.345","22.655","536"
"455","100977","20220824072000","594","0","高雄市","鳥松區","120.340","22.655","496"
"562","100978","20220824072000","392","2","高雄市","鳥松區","120.340","22.660","604"
"354","100982","20220824072000","384","0","高雄市","鳥松區","120.390","22.660","346"
"49","100983","20220824072000","330","0","高雄市","鳥松區","120.395","22.660","361"
"61","100986","20220824072000","1350","0","高雄市","鳳山區","120.360","22.640","67"
"1235","100987","20220824072000","1308","0","高雄市","鳥松區","120.355","22.645","1185"
"191","100988","20220824072000","181","1","高雄市","鳳山區","120.360","22.645","151"
"473","100989","20220824072000","246","3","高雄市","鳥松區","120.365","22.645","474"
"1131","100992","20220824072000","1104","1","高雄市","鳥松區","120.355","22.650","1071"
"495","100995","20220824072000","528","0","高雄市","鳥松區","120.370","22.650","495"
"83","100997","20220824072000","143","0","高雄市","鳥松區","120.355","22.655","85"
"1267","100998","20220824072000","1009","2","高雄市","鳥松區","120.360","22.655","1328"
"668","101004","20220824072000","651","1","高雄市","鳥松區","120.360","22.660","621"
"521","101009","20220824072000","541","0","高雄市","鳥松區","120.370","22.665","545"
"130","101010","20220824072000","157","0","高雄市","鳥松區","120.340","22.665","169"
"10","101011","20220824072000","29","0","高雄市","鳥松區","120.340","22.670","15"
"29","101012","20220824072000","26","1","高雄市","仁武區","120.345","22.670","28"
"415","101014","20220824072000","359","1","高雄市","鳥松區","120.370","22.670","393"
"371","101017","20220824072000","271","2","高雄市","鳥松區","120.380","22.655","351"
"211","101018","20220824072000","127","3","高雄市","鳥松區","120.385","22.655","192"
"175","101019","20220824072000","177","0","高雄市","鳥松區","120.370","22.660","150"
"233","101021","20220824072000","391","0","高雄市","鳥松區","120.380","22.660","243"
"965","101029","20220824072000","730","2","高雄市","鳳山區","120.355","22.625","1016"
"2729","101030","20220824072000","2325","1","高雄市","鳳山區","120.355","22.635","2900"
"20","101034","20220824072000","24","0","高雄市","鳳山區","120.380","22.625","20"
"886","101035","20220824072000","875","1","高雄市","楠梓區","120.325","22.705","863"
"35","101038","20220824072000","40","0","高雄市","仁武區","120.330","22.695","31"
"369","101039","20220824072000","420","0","高雄市","仁武區","120.325","22.700","380"
"472","101043","20220824072000","1246","0","高雄市","前鎮區","120.315","22.605","449"
"1947","101044","20220824072000","2822","0","高雄市","三民區","120.335","22.635","1941"
"167","101045","20220824072000","1163","0","高雄市","三民區","120.345","22.640","178"
"118","101046","20220824072000","1295","0","高雄市","仁武區","120.345","22.675","127"
"603","101047","20220824072000","632","0","高雄市","仁武區","120.350","22.675","609"
"225","101048","20220824072000","878","0","高雄市","仁武區","120.340","22.680","181"
"545","101049","20220824072000","495","1","高雄市","仁武區","120.345","22.680","564"
"1504","101052","20220824072000","1529","0","高雄市","仁武區","120.325","22.685","1530"
"850","101053","20220824072000","709","1","高雄市","仁武區","120.325","22.690","833"
"694","101055","20220824072000","442","3","高雄市","仁武區","120.325","22.695","727"
"434","101056","20220824072000","245","3","高雄市","仁武區","120.320","22.695","492"
"395","101058","20220824072000","417","0","高雄市","仁武區","120.330","22.700","368"
"305","101059","20220824072000","1098","0","高雄市","鳳山區","120.365","22.635","298"
"1137","101061","20220824072000","1149","0","高雄市","苓雅區","120.295","22.615","1179"
"1091","101062","20220824072000","1443","0","高雄市","苓雅區","120.320","22.625","1033"
"1803","101063","20220824072000","1578","1","高雄市","鳳山區","120.375","22.625","1794"
"38","101064","20220824072000","912","0","高雄市","鳳山區","120.375","22.620","39"
"53","101068","20220824072000","44","2","高雄市","鳳山區","120.365","22.620","53"
"525","101069","20220824072000","439","1","高雄市","鳳山區","120.370","22.620","557"
"1495","101074","20220824072000","2024","0","高雄市","左營區","120.290","22.675","1498"
"42","101076","20220824072000","134","0","高雄市","梓官區","120.250","22.730","32"
"837","101077","20220824072000","710","1","高雄市","梓官區","120.255","22.730","770"
"587","101086","20220824072000","563","1","高雄市","楠梓區","120.275","22.725","585"
"651","101092","20220824072000","780","0","高雄市","楠梓區","120.280","22.730","697"
"1371","101094","20220824072000","1316","1","高雄市","楠梓區","120.320","22.725","1431"
"1282","101095","20220824072000","948","2","高雄市","楠梓區","120.285","22.710","1322"
"12","101096","20220824072000","204","0","高雄市","左營區","120.300","22.695","12"
"1571","101100","20220824072000","1427","1","高雄市","苓雅區","120.315","22.625","1553"
"1182","101101","20220824072000","1246","0","高雄市","鹽埕區","120.280","22.625","1194"
"2710","101102","20220824072000","1344","3","高雄市","苓雅區","120.325","22.620","2751"
"412","101103","20220824072000","351","1","高雄市","左營區","120.310","22.670","407"
"1350","101104","20220824072000","918","2","高雄市","左營區","120.315","22.670","1324"
"1617","101105","20220824072000","1672","0","高雄市","左營區","120.300","22.675","1615"
"561","101106","20220824072000","309","3","高雄市","左營區","120.295","22.680","535"
"2042","101107","20220824072000","2099","0","高雄市","左營區","120.305","22.675","1988"
"406","101109","20220824072000","1029","0","高雄市","鳳山區","120.340","22.610","404"
"1528","101110","20220824072000","1561","0","高雄市","鳳山區","120.335","22.615","1507"
"83","101111","20220824072000","758","0","高雄市","鳳山區","120.340","22.615","91"
"657","101113","20220824072000","2497","0","高雄市","鳳山區","120.340","22.605","661"
"780","101114","20220824072000","703","1","高雄市","鼓山區","120.280","22.655","804"
"1822","101115","20220824072000","1787","1","高雄市","鼓山區","120.280","22.660","1822"
"1127","101116","20220824072000","1172","0","高雄市","鼓山區","120.285","22.650","1116"
"1487","101117","20220824072000","1394","1","高雄市","鼓山區","120.290","22.650","1509"
"1685","101119","20220824072000","1725","0","高雄市","鼓山區","120.290","22.655","1687"
"76","101120","20220824072000","959","0","高雄市","鼓山區","120.285","22.660","68"
"1078","101121","20220824072000","1704","0","高雄市","鼓山區","120.290","22.660","1071"
"742","101122","20220824072000","640","1","高雄市","鼓山區","120.290","22.665","772"
"607","101123","20220824072000","1367","0","高雄市","鼓山區","120.285","22.665","573"
"1213","101124","20220824072000","1020","1","高雄市","鼓山區","120.280","22.645","1202"
"1008","101125","20220824072000","895","1","高雄市","鼓山區","120.270","22.625","1014"
"1467","101126","20220824072000","2108","0","高雄市","鼓山區","120.280","22.630","1484"
"53","101127","20220824072000","60","0","高雄市","鼓山區","120.275","22.625","42"
"57","101128","20220824072000","96","0","高雄市","鼓山區","120.270","22.635","73"
"21","101129","20220824072000","35","0","高雄市","鼓山區","120.275","22.635","30"
"1578","101132","20220824072000","1730","0","高雄市","三民區","120.320","22.640","1627"
"861","101133","20220824072000","1453","0","高雄市","鳥松區","120.340","22.650","870"
"2867","101134","20220824072000","2539","1","高雄市","三民區","120.340","22.640","2908"
"1672","101135","20220824072000","2560","0","高雄市","三民區","120.345","22.645","1663"
"184","101137","20220824072000","321","0","高雄市","梓官區","120.260","22.725","187"
"545","101139","20220824072000","287","3","高雄市","梓官區","120.255","22.725","509"
"44","101449","20220824072000","32","2","臺東縣","卑南鄉","120.990","22.690","36"
"515","101488","20220824072000","350","2","臺東縣","卑南鄉","121.020","22.695","550"
"20","101568","20220824072000","146","0","臺東縣","卑南鄉","121.030","22.700","14"
"1269","101748","20220824072000","1539","0","高雄市","苓雅區","120.300","22.615","1238"
"1170","101749","20220824072000","1432","0","高雄市","苓雅區","120.325","22.630","1128"
"751","101750","20220824072000","939","0","高雄市","鳳山區","120.340","22.620","757"
"375","101751","20220824072000","711","0","高雄市","鳳山區","120.370","22.630","361"
"1540","101752","20220824072000","1469","1","高雄市","鳳山區","120.355","22.630","1529"
"445","101753","20220824072000","790","0","高雄市","鳳山區","120.360","22.630","445"
"80","101754","20220824072000","237","0","高雄市","鳳山區","120.330","22.615","71"
"83","101757","20220824072000","1139","0","高雄市","苓雅區","120.325","22.635","76"
"41","101758","20220824072000","199","0","高雄市","仁武區","120.350","22.680","33"
"319","101759","20220824072000","351","0","高雄市","鳥松區","120.355","22.670","327"
"129","101760","20220824072000","1479","0","高雄市","仁武區","120.355","22.675","140"
"16","101761","20220824072000","11","2","高雄市","仁武區","120.340","22.690","16"
"19","101763","20220824072000","11","3","高雄市","仁武區","120.335","22.695","20"
"61","101765","20220824072000","60","1","高雄市","仁武區","120.345","22.695","47"
"217","101766","20220824072000","172","2","高雄市","仁武區","120.340","22.700","225"
"895","101767","20220824072000","837","1","高雄市","仁武區","120.345","22.700","908"
"205","101768","20220824072000","747","0","高雄市","仁武區","120.350","22.700","194"
"34","101777","20220824072000","26","2","高雄市","仁武區","120.375","22.710","31"
"33","101778","20220824072000","65","0","高雄市","仁武區","120.380","22.710","38"
"81","101783","20220824072000","71","1","高雄市","仁武區","120.380","22.715","83"
"47","101785","20220824072000","46","1","高雄市","仁武區","120.390","22.715","61"
"54","101790","20220824072000","42","2","高雄市","仁武區","120.390","22.720","57"
"533","101808","20220824072000","418","2","高雄市","三民區","120.335","22.670","438"
"479","101809","20220824072000","666","0","高雄市","仁武區","120.335","22.680","759"
"1687","101810","20220824072000","1460","1","高雄市","仁武區","120.335","22.685","1645"
"92","101815","20220824072000","748","0","高雄市","仁武區","120.330","22.680","1044"
"67","101817","20220824072000","1416","0","高雄市","仁武區","120.330","22.690","74"
"119","101818","20220824072000","513","0","高雄市","仁武區","120.335","22.690","117"
"915","101819","20220824072000","901","1","高雄市","仁武區","120.330","22.675","922"
"185","101820","20220824072000","676","0","高雄市","仁武區","120.335","22.675","186"
"871","101822","20220824072000","683","2","高雄市","前鎮區","120.320","22.605","910"
"413","101823","20220824072000","511","0","高雄市","前鎮區","120.325","22.605","384"
"126","101824","20220824072000","1241","0","高雄市","前鎮區","120.325","22.610","121"
"2873","101825","20220824072000","2607","1","高雄市","前鎮區","120.320","22.610","2901"
"253","101826","20220824072000","213","1","高雄市","左營區","120.290","22.685","263"
"698","101827","20220824072000","494","2","高雄市","左營區","120.275","22.690","829"
"217","101829","20220824072000","123","3","高雄市","左營區","120.285","22.690","208"
"318","101832","20220824072000","325","0","高雄市","左營區","120.285","22.695","335"
"382","101833","20220824072000","451","0","高雄市","左營區","120.290","22.695","384"
"148","101835","20220824072000","264","0","高雄市","左營區","120.285","22.700","146"
"117","101836","20220824072000","120","0","高雄市","左營區","120.280","22.705","131"
"248","101837","20220824072000","208","1","高雄市","楠梓區","120.285","22.705","272"
"1552","101838","20220824072000","2209","0","高雄市","左營區","120.290","22.670","1518"
"2384","101839","20220824072000","1955","2","高雄市","苓雅區","120.335","22.630","2179"
"942","101840","20220824072000","1870","0","高雄市","三民區","120.340","22.635","951"
"1137","101842","20220824072000","1050","1","高雄市","鳳山區","120.345","22.625","1114"
"631","101843","20220824072000","681","0","高雄市","鼓山區","120.275","22.660","640"
"10","101848","20220824072000","18","0","高雄市","鼓山區","120.275","22.670","13"
"40","101852","20220824072000","436","0","臺東縣","太麻里鄉","121.000","22.600","47"
"28","101859","20220824072000","387","0","臺東縣","太麻里鄉","121.010","22.605","26"
"61","101862","20220824072000","74","0","臺東縣","太麻里鄉","121.045","22.675","67"
"439","101876","20220824072000","323","2","臺東縣","太麻里鄉","121.030","22.685","534"
"11","101884","20220824072000","13","0","臺東縣","太麻里鄉","120.995","22.690","11"
"215","101895","20220824072000","153","2","臺東縣","太麻里鄉","121.050","22.690","225"
"16","101899","20220824072000","99","0","臺東縣","卑南鄉","121.010","22.695","24"
"199","101900","20220824072000","148","2","臺東縣","卑南鄉","121.015","22.695","211"
"44","101930","20220824072000","41","1","臺東縣","太麻里鄉","121.020","22.650","43"
"21","101962","20220824072000","111","0","臺東縣","太麻里鄉","121.030","22.660","15"
"938","101964","20220824072000","842","1","高雄市","苓雅區","120.320","22.635","943"
"383","101965","20220824072000","1104","0","高雄市","三民區","120.315","22.635","378"
"1810","101966","20220824072000","2113","0","高雄市","苓雅區","120.330","22.630","1770"
"242","101967","20220824072000","263","0","高雄市","鳳山區","120.350","22.605","272"
"1939","101970","20220824072000","1641","1","高雄市","鳳山區","120.350","22.600","1964"
"805","101972","20220824072000","1561","0","高雄市","鳳山區","120.335","22.610","790"
"2779","101973","20220824072000","1881","2","高雄市","苓雅區","120.330","22.635","2829"
"122","101976","20220824072000","70","3","高雄市","大寮區","120.425","22.600","117"
"46","101977","20220824072000","97","0","高雄市","大寮區","120.430","22.600","47"
"55","101981","20220824072000","318","0","高雄市","前金區","120.290","22.620","49"
"1912","101982","20220824072000","1807","1","高雄市","苓雅區","120.340","22.625","1894"
"731","101983","20220824072000","521","2","高雄市","苓雅區","120.330","22.620","713"
"2071","101984","20220824072000","2201","0","高雄市","鼓山區","120.280","22.650","2155"
"656","101985","20220824072000","1259","0","高雄市","三民區","120.285","22.640","653"
"1203","101988","20220824072000","848","2","高雄市","楠梓區","120.285","22.715","1210"
"2389","101989","20220824072000","2020","1","高雄市","苓雅區","120.305","22.620","2430"
"10","101990","20220824072000","29","0","高雄市","苓雅區","120.320","22.615","12"
"81","101991","20220824072000","1303","0","高雄市","苓雅區","120.320","22.630","79"
"2309","101992","20220824072000","1843","2","高雄市","前金區","120.295","22.620","2215"
"1320","101993","20220824072000","813","3","高雄市","苓雅區","120.325","22.625","1330"
"1312","101995","20220824072000","1354","0","高雄市","鼓山區","120.275","22.620","1277"
"139","101996","20220824072000","153","0","高雄市","鹽埕區","120.280","22.620","151"
"17","101997","20220824072000","737","0","高雄市","左營區","120.295","22.705","19"
"3332","101998","20220824072000","2546","2","高雄市","左營區","120.310","22.675","3463"
"719","101999","20220824072000","816","0","高雄市","左營區","120.315","22.675","683"
"946","102000","20220824072000","804","1","高雄市","左營區","120.320","22.675","965"
"168","102001","20220824072000","1029","0","高雄市","左營區","120.305","22.685","198"
"680","102002","20220824072000","578","1","高雄市","左營區","120.310","22.680","641"
"2834","102003","20220824072000","2100","2","高雄市","左營區","120.320","22.680","2876"
"44","102005","20220824072000","136","0","高雄市","大寮區","120.395","22.600","44"
"269","102006","20220824072000","413","0","高雄市","大寮區","120.390","22.600","251"
"369","102007","20220824072000","375","0","高雄市","大寮區","120.390","22.605","370"
"873","102008","20220824072000","847","1","高雄市","大寮區","120.395","22.605","903"
"575","102010","20220824072000","593","0","高雄市","大寮區","120.400","22.610","598"
"15","102011","20220824072000","15","1","高雄市","大寮區","120.405","22.610","14"
"111","102013","20220824072000","649","0","高雄市","大寮區","120.405","22.615","134"
"775","102015","20220824072000","752","1","高雄市","鳳山區","120.355","22.640","745"
"995","102017","20220824072000","673","2","高雄市","鼓山區","120.280","22.635","988"
"1438","102018","20220824072000","956","3","高雄市","鳳山區","120.370","22.635","1466"
"707","102019","20220824072000","1210","0","高雄市","鼓山區","120.295","22.665","696"
"3221","102020","20220824072000","3339","0","高雄市","鼓山區","120.300","22.665","3288"
"148","102022","20220824072000","632","0","高雄市","鼓山區","120.265","22.630","147"
"33","102024","20220824072000","167","0","高雄市","鼓山區","120.260","22.635","26"
"151","102030","20220824072000","209","0","高雄市","鼓山區","120.255","22.645","250"
"32","102031","20220824072000","62","0","高雄市","鼓山區","120.260","22.645","36"
"626","102045","20220824072000","731","0","高雄市","鼓山區","120.275","22.650","604"
"670","102046","20220824072000","453","2","高雄市","苓雅區","120.310","22.620","646"
"2106","102047","20220824072000","2638","0","高雄市","左營區","120.295","22.670","1969"
"22","102048","20220824072000","351","0","高雄市","鼓山區","120.285","22.670","18"
"64","102049","20220824072000","920","0","高雄市","鼓山區","120.280","22.640","63"
"15","102052","20220824072000","297","0","高雄市","大樹區","120.430","22.675","15"
"382","102078","20220824072000","423","0","高雄市","大樹區","120.410","22.675","371"
"189","102079","20220824072000","202","0","高雄市","大樹區","120.405","22.680","181"
"49","102090","20220824072000","46","1","高雄市","大樹區","120.395","22.690","57"
"912","102093","20220824072000","845","1","高雄市","大樹區","120.430","22.690","944"
"409","102098","20220824072000","356","1","高雄市","大樹區","120.435","22.695","406"
"434","102111","20220824072000","570","0","高雄市","大樹區","120.410","22.660","421"
"845","102113","20220824072000","546","3","高雄市","大樹區","120.410","22.665","855"
"276","102120","20220824072000","273","1","高雄市","大樹區","120.445","22.725","294"
"330","102123","20220824072000","287","1","高雄市","大樹區","120.445","22.730","375"
"151","102126","20220824072000","134","1","高雄市","大樹區","120.445","22.735","157"
"155","102132","20220824072000","198","0","高雄市","大樹區","120.425","22.665","190"
"141","102141","20220824072000","104","2","高雄市","大樹區","120.425","22.675","149"
"1496","102143","20220824072000","1582","0","高雄市","左營區","120.295","22.690","1483"
"1005","102144","20220824072000","963","1","高雄市","鳳山區","120.360","22.620","1009"
"1445","102146","20220824072000","1719","0","高雄市","鳳山區","120.355","22.620","1435"
"492","102147","20220824072000","445","1","高雄市","鳳山區","120.335","22.600","493"
"3330","102148","20220824072000","2570","2","高雄市","新興區","120.315","22.630","3230"
"1486","102149","20220824072000","1215","2","高雄市","苓雅區","120.305","22.615","1415"
"1302","102150","20220824072000","1412","0","高雄市","鳳山區","120.345","22.605","1241"
"2444","102151","20220824072000","1945","2","高雄市","前鎮區","120.330","22.605","2390"
"1755","102152","20220824072000","1424","2","高雄市","鳥松區","120.345","22.650","1791"
"1565","102153","20220824072000","2136","0","高雄市","三民區","120.330","22.650","1544"
"477","102154","20220824072000","1254","0","高雄市","三民區","120.330","22.655","522"
"40","102157","20220824072000","451","0","高雄市","仁武區","120.360","22.675","46"
"93","102159","20220824072000","110","0","高雄市","仁武區","120.365","22.680","93"
"651","102160","20220824072000","625","1","高雄市","仁武區","120.360","22.685","678"
"139","102165","20220824072000","136","1","高雄市","仁武區","120.365","22.685","133"
"250","102172","20220824072000","349","0","高雄市","大寮區","120.425","22.605","239"
"86","102173","20220824072000","593","0","高雄市","大寮區","120.430","22.605","86"
"862","102181","20220824072000","644","2","高雄市","大寮區","120.410","22.615","817"
"35","102185","20220824072000","26","2","高雄市","大寮區","120.430","22.615","37"
"332","102186","20220824072000","264","2","高雄市","大寮區","120.420","22.640","336"
"274","102190","20220824072000","315","0","高雄市","大寮區","120.415","22.640","349"
"487","102200","20220824072000","329","2","高雄市","鼓山區","120.270","22.620","462"
"576","102203","20220824072000","572","1","高雄市","大寮區","120.385","22.640","558"
"514","102206","20220824072000","412","2","高雄市","鳥松區","120.385","22.645","485"
"449","102213","20220824072000","212","3","高雄市","鳥松區","120.390","22.650","453"
"673","102215","20220824072000","584","1","高雄市","鳥松區","120.390","22.655","707"
"16","102216","20220824072000","214","0","高雄市","鳥松區","120.395","22.655","17"
"299","102217","20220824072000","167","3","高雄市","鳥松區","120.400","22.655","325"
"602","102227","20220824072000","474","2","高雄市","鼓山區","120.285","22.655","584"
"1113","102228","20220824072000","1309","0","高雄市","三民區","120.295","22.650","1170"
"1336","102229","20220824072000","1348","0","高雄市","鼓山區","120.295","22.655","1278"
"1734","102230","20220824072000","1747","0","高雄市","鼓山區","120.300","22.655","1667"
"1292","102231","20220824072000","1774","0","高雄市","鼓山區","120.305","22.655","1270"
"769","102232","20220824072000","583","2","高雄市","左營區","120.310","22.655","744"
"3750","102233","20220824072000","3481","1","高雄市","鼓山區","120.295","22.660","3858"
"82","102235","20220824072000","472","0","高雄市","楠梓區","120.315","22.715","78"
"1143","102236","20220824072000","1099","1","高雄市","楠梓區","120.315","22.720","1111"
"434","102237","20220824072000","1720","0","高雄市","楠梓區","120.295","22.710","435"
"2394","102238","20220824072000","2267","1","高雄市","苓雅區","120.315","22.620","2434"
"60","102239","20220824072000","70","0","高雄市","旗津區","120.265","22.615","52"
"517","102241","20220824072000","471","1","高雄市","大寮區","120.410","22.620","553"
"373","102243","20220824072000","305","2","高雄市","大寮區","120.410","22.625","377"
"183","102244","20220824072000","184","0","高雄市","大寮區","120.405","22.630","204"
"124","102246","20220824072000","127","0","高雄市","大樹區","120.425","22.715","131"
"23","102251","20220824072000","26","0","高雄市","大樹區","120.425","22.720","26"
"66","102254","20220824072000","1299","0","高雄市","大樹區","120.405","22.725","67"
"69","102259","20220824072000","61","1","高雄市","大樹區","120.430","22.725","79"
"84","102260","20220824072000","1171","0","高雄市","仁武區","120.400","22.730","105"
"13","102261","20220824072000","260","0","高雄市","大樹區","120.405","22.730","18"
"37","102267","20220824072000","43","0","高雄市","大樹區","120.410","22.735","33"
"534","102273","20220824072000","505","1","高雄市","大樹區","120.415","22.655","515"
"370","102274","20220824072000","328","1","高雄市","大樹區","120.420","22.655","355"
"77","102276","20220824072000","529","0","高雄市","大樹區","120.420","22.660","64"
"115","102278","20220824072000","101","1","高雄市","大樹區","120.410","22.645","115"
"52","102279","20220824072000","40","2","高雄市","大樹區","120.415","22.645","45"
"472","102280","20220824072000","1003","0","高雄市","大樹區","120.420","22.645","475"
"334","102282","20220824072000","352","0","高雄市","大樹區","120.425","22.650","334"
"548","102285","20220824072000","566","0","高雄市","大樹區","120.425","22.655","555"
"108","102292","20220824072000","220","0","高雄市","大寮區","120.405","22.605","111"
"71","102296","20220824072000","82","0","高雄市","前鎮區(海)","120.285","22.610","57"
"1106","102302","20220824072000","967","1","高雄市","大寮區","120.390","22.635","1197"
"457","102303","20220824072000","546","0","高雄市","大寮區","120.395","22.635","476"
"93","102304","20220824072000","109","0","高雄市","大寮區","120.400","22.635","103"
"218","102305","20220824072000","114","3","高雄市","大寮區","120.400","22.640","234"
"1453","102306","20220824072000","1561","0","高雄市","三民區","120.305","22.645","1488"
"1959","102307","20220824072000","1479","2","高雄市","三民區","120.305","22.650","1875"
"1916","102308","20220824072000","1788","1","高雄市","鳳山區","120.345","22.620","1851"
"757","102309","20220824072000","385","3","高雄市","鳳山區","120.350","22.620","743"
"290","102310","20220824072000","1318","0","高雄市","鳳山區","120.350","22.625","311"
"123","102311","20220824072000","103","1","高雄市","旗津區","120.275","22.605","121"
"225","102312","20220824072000","188","1","高雄市","旗津區(海)","120.275","22.610","205"
"663","102313","20220824072000","544","2","高雄市","旗津區","120.275","22.600","611"
"559","102314","20220824072000","458","2","高雄市","旗津區","120.270","22.610","502"
"110","102316","20220824072000","84","2","高雄市","大社區","120.365","22.715","98"
"316","102319","20220824072000","318","0","高雄市","大社區","120.350","22.720","292"
"61","102326","20220824072000","72","0","高雄市","大社區","120.340","22.730","68"
"507","102327","20220824072000","1301","0","高雄市","大社區","120.350","22.735","484"
"1583","102328","20220824072000","1653","0","高雄市","大社區","120.345","22.730","1598"
"668","102329","20220824072000","1078","0","高雄市","大社區","120.350","22.730","640"
"529","102330","20220824072000","546","0","高雄市","大社區","120.355","22.730","550"
"81","102333","20220824072000","68","1","高雄市","大社區","120.370","22.730","97"
"67","102335","20220824072000","71","0","高雄市","大社區","120.375","22.730","63"
"45","102340","20220824072000","372","0","高雄市","大社區","120.360","22.720","55"
"1041","102341","20220824072000","1149","0","高雄市","大社區","120.350","22.725","991"
"496","102342","20220824072000","460","1","高雄市","大社區","120.355","22.725","512"
"28","102343","20220824072000","21","2","高雄市","大社區","120.360","22.725","21"
"124","102344","20220824072000","117","1","高雄市","左營區","120.295","22.675","109"
"231","102345","20220824072000","454","0","高雄市","左營區","120.300","22.690","208"
"225","102347","20220824072000","169","2","高雄市","左營區","120.265","22.675","184"
"230","102349","20220824072000","131","3","高雄市","左營區","120.275","22.675","196"
"303","102350","20220824072000","148","3","高雄市","左營區","120.280","22.675","279"
"343","102353","20220824072000","288","1","高雄市","左營區","120.275","22.680","241"
"518","102354","20220824072000","1157","0","高雄市","左營區","120.280","22.680","483"
"600","102356","20220824072000","336","3","高雄市","左營區","120.265","22.680","440"
"155","102357","20220824072000","158","0","高雄市","左營區","120.270","22.680","202"
"397","102358","20220824072000","427","0","高雄市","左營區","120.280","22.685","359"
"121","102360","20220824072000","107","1","高雄市","左營區","120.265","22.685","285"
"661","102361","20220824072000","402","3","高雄市","左營區","120.275","22.685","534"
"23","102364","20220824072000","179","0","高雄市","左營區","120.295","22.685","23"
"2002","102365","20220824072000","1907","1","高雄市","新興區","120.310","22.625","1956"
"1234","102366","20220824072000","864","2","高雄市","新興區","120.305","22.625","1269"
"2079","102370","20220824072000","1872","1","高雄市","仁武區","120.325","22.680","2076"
"2286","102371","20220824072000","2371","0","高雄市","左營區","120.305","22.680","2275"
"1051","102372","20220824072000","2285","0","高雄市","左營區","120.315","22.680","1063"
"849","102373","20220824072000","871","0","高雄市","左營區","120.315","22.685","875"
"738","102374","20220824072000","921","0","高雄市","仁武區","120.330","22.685","743"
"271","102375","20220824072000","471","0","高雄市","左營區","120.310","22.690","242"
"2403","102376","20220824072000","1956","2","高雄市","左營區","120.320","22.685","2422"
"3312","102377","20220824072000","3726","0","高雄市","三民區","120.310","22.645","3403"
"252","102378","20220824072000","910","0","高雄市","三民區","120.310","22.650","247"
"1812","102380","20220824072000","1487","2","高雄市","三民區","120.325","22.640","1784"
"893","102381","20220824072000","799","1","高雄市","三民區","120.295","22.640","907"
"1650","102382","20220824072000","1498","1","高雄市","三民區","120.300","22.650","1588"
"1813","102383","20220824072000","1416","2","高雄市","新興區","120.300","22.635","1667"
"1451","102384","20220824072000","1085","2","高雄市","三民區","120.285","22.635","1450"
"1148","102385","20220824072000","1311","0","高雄市","三民區","120.330","22.645","1132"
"24","102386","20220824072000","32","0","高雄市","楠梓區","120.330","22.725","24"
"46","102387","20220824072000","52","0","高雄市","楠梓區","120.330","22.730","48"
"1714","102388","20220824072000","1583","1","高雄市","楠梓區","120.335","22.730","1670"
"2331","102389","20220824072000","1943","1","高雄市","楠梓區","120.325","22.730","2379"
"1296","102390","20220824072000","1324","0","高雄市","楠梓區","120.285","22.720","1318"
"477","102391","20220824072000","634","0","高雄市","楠梓區","120.290","22.705","457"
"201","102393","20220824072000","71","3","高雄市","楠梓區","120.305","22.700","185"
"282","102408","20220824072000","136","3","高雄市","鼓山區(海)","120.295","22.600","261"
"1786","102417","20220824072000","1644","1","高雄市","三民區","120.300","22.645","1748"
"62","102419","20220824072000","123","0","高雄市","新興區","120.310","22.635","69"
"1535","102420","20220824072000","1474","1","高雄市","三民區","120.300","22.640","1562"
"739","102421","20220824072000","731","1","高雄市","鳳山區","120.345","22.600","689"
"2701","102422","20220824072000","3200","0","高雄市","鳳山區","120.345","22.610","2691"
"292","102423","20220824072000","255","1","高雄市","鳳山區","120.355","22.610","249"
"1550","102424","20220824072000","1473","1","高雄市","鹽埕區","120.285","22.625","1518"
"2279","102425","20220824072000","1225","3","高雄市","鹽埕區","120.285","22.620","2052"
"290","102426","20220824072000","416","0","高雄市","楠梓區","120.305","22.720","495"
"978","102427","20220824072000","986","0","高雄市","楠梓區","120.310","22.720","954"
"1329","102428","20220824072000","970","2","高雄市","楠梓區","120.305","22.725","1312"
"1006","102429","20220824072000","842","1","高雄市","楠梓區","120.310","22.725","991"
"567","102430","20220824072000","1263","0","高雄市","楠梓區","120.315","22.725","609"
"1165","102431","20220824072000","1361","0","高雄市","楠梓區","120.315","22.730","1233"
"411","102432","20220824072000","206","3","高雄市","楠梓區","120.265","22.705","437"
"27","102441","20220824072000","243","0","高雄市","楠梓區","120.280","22.715","26"
"265","102442","20220824072000","996","0","高雄市","楠梓區","120.280","22.720","244"
"693","102444","20220824072000","574","2","高雄市","楠梓區","120.320","22.715","648"
"643","102445","20220824072000","500","2","高雄市","楠梓區","120.325","22.720","662"
"55","102447","20220824072000","1138","0","高雄市","楠梓區","120.320","22.720","56"
"98","102448","20220824072000","161","0","高雄市","旗津區","120.270","22.605","116"
"163","102466","20220824072000","118","2","高雄市","大樹區","120.415","22.705","144"
"44","102478","20220824072000","245","0","高雄市","大樹區","120.440","22.710","38"
"298","102482","20220824072000","284","1","高雄市","大樹區","120.445","22.715","259"
"140","111108","20220824072000","681","0","屏東縣","九如鄉","120.480","22.750","158"
"30","111134","20220824072000","22","2","屏東縣","九如鄉","120.490","22.740","38"
"397","111142","20220824072000","183","3","屏東縣","九如鄉","120.500","22.740","386"
"56","111145","20220824072000","202","0","屏東縣","九如鄉","120.500","22.745","52"
"33","111157","20220824072000","377","0","屏東縣","九如鄉","120.500","22.760","32"
"222","111163","20220824072000","128","3","屏東縣","九如鄉","120.495","22.745","164"
"26","111167","20220824072000","239","0","屏東縣","九如鄉","120.490","22.755","22"
"14","111171","20220824072000","164","0","屏東縣","九如鄉","120.495","22.760","17"
"353","111186","20220824072000","180","3","屏東縣","高樹鄉","120.570","22.795","358"
"72","111215","20220824072000","77","0","屏東縣","鹽埔鄉","120.545","22.760","80"
"34","111217","20220824072000","180","0","屏東縣","鹽埔鄉","120.555","22.760","38"
"384","111238","20220824072000","220","3","屏東縣","鹽埔鄉","120.545","22.745","376"
"406","111270","20220824072000","323","2","屏東縣","鹽埔鄉","120.550","22.735","389"
"26","111271","20220824072000","24","1","屏東縣","鹽埔鄉","120.560","22.735","24"
"38","111273","20220824072000","308","0","屏東縣","鹽埔鄉","120.555","22.740","39"
"450","111282","20220824072000","207","3","屏東縣","鹽埔鄉","120.560","22.740","458"
"410","111309","20220824072000","265","3","屏東縣","鹽埔鄉","120.515","22.740","407"
"49","111315","20220824072000","202","0","屏東縣","鹽埔鄉","120.580","22.740","54"
"61","111337","20220824072000","360","0","屏東縣","鹽埔鄉","120.580","22.755","48"
"296","111360","20220824072000","885","0","屏東縣","鹽埔鄉","120.575","22.755","280"
"112","111374","20220824072000","107","1","屏東縣","里港鄉","120.480","22.770","117"
"464","111380","20220824072000","394","1","屏東縣","里港鄉","120.480","22.775","454"
"180","111398","20220824072000","138","2","屏東縣","里港鄉","120.490","22.820","173"
"24","111418","20220824072000","186","0","屏東縣","里港鄉","120.490","22.775","17"
"1360","111419","20220824072000","871","3","屏東縣","里港鄉","120.495","22.775","1399"
"158","111451","20220824072000","154","1","屏東縣","里港鄉","120.535","22.775","146"
"61","111459","20220824072000","426","0","屏東縣","里港鄉","120.520","22.785","69"
"234","111491","20220824072000","173","2","屏東縣","里港鄉","120.500","22.780","192"
"132","111507","20220824072000","323","0","屏東縣","高樹鄉","120.615","22.815","130"
"28","111605","20220824072000","54","0","屏東縣","三地門鄉","120.700","22.790","22"
"18","111824","20220824072000","50","0","屏東縣","三地門鄉","120.700","22.765","26"
"182","111907","20220824072000","117","3","屏東縣","三地門鄉","120.635","22.745","208"
"17","112026","20220824072000","51","0","屏東縣","霧台鄉","120.740","22.740","12"
"386","112600","20220824072000","173","3","屏東縣","里港鄉","120.505","22.810","370"
"419","112635","20220824072000","326","2","屏東縣","里港鄉","120.490","22.805","405"
"463","112659","20220824072000","383","2","屏東縣","里港鄉","120.505","22.815","421"
"19","112661","20220824072000","20","0","屏東縣","里港鄉","120.525","22.815","16"
"29","112669","20220824072000","103","0","屏東縣","里港鄉","120.505","22.820","34"
"240","112687","20220824072000","170","2","屏東縣","里港鄉","120.535","22.825","233"
"142","112714","20220824072000","90","3","屏東縣","里港鄉","120.485","22.765","137"
"1213","112719","20220824072000","851","2","屏東縣","里港鄉","120.495","22.780","1237"
"19","112920","20220824072000","59","0","屏東縣","霧台鄉","120.725","22.740","22"
"203","112942","20220824072000","133","3","屏東縣","高樹鄉","120.595","22.775","203"
"19","112982","20220824072000","15","2","屏東縣","高樹鄉","120.615","22.760","21"
"23","112995","20220824072000","10","3","屏東縣","高樹鄉","120.615","22.770","18"
"180","112999","20220824072000","143","2","屏東縣","高樹鄉","120.635","22.770","194"
"46","113004","20220824072000","31","2","屏東縣","高樹鄉","120.630","22.740","22"
"177","113006","20220824072000","163","1","屏東縣","高樹鄉","120.620","22.740","183"
"68","113023","20220824072000","32","3","屏東縣","高樹鄉","120.625","22.830","64"
"133","113048","20220824072000","366","0","屏東縣","高樹鄉","120.560","22.785","102"
"43","113075","20220824072000","117","0","屏東縣","高樹鄉","120.590","22.825","40"
"297","113097","20220824072000","264","1","屏東縣","高樹鄉","120.610","22.785","282"
"32","113099","20220824072000","218","0","屏東縣","高樹鄉","120.620","22.785","29"
"26","113103","20220824072000","26","1","屏東縣","高樹鄉","120.610","22.790","27"
"136","113129","20220824072000","64","3","屏東縣","高樹鄉","120.595","22.810","117"
"49","113131","20220824072000","43","1","屏東縣","高樹鄉","120.595","22.815","48"
"1379","113133","20220824072000","1078","2","屏東縣","高樹鄉","120.600","22.825","1418"
"1760","113137","20220824072000","2301","0","臺東縣","臺東市","121.155","22.750","1787"
"45","113138","20220824072000","514","0","臺東縣","臺東市","121.135","22.760","45"
"32","113139","20220824072000","75","0","臺東縣","臺東市","121.160","22.760","68"
"2015","113141","20220824072000","1259","3","臺東縣","臺東市","121.155","22.755","1950"
"779","113159","20220824072000","547","2","高雄市","永安區","120.225","22.820","841"
"697","113177","20220824072000","414","3","高雄市","永安區","120.250","22.810","660"
"46","113178","20220824072000","439","0","高雄市","岡山區","120.255","22.810","54"
"99","113182","20220824072000","89","1","高雄市","永安區","120.250","22.815","93"
"182","113185","20220824072000","176","1","高雄市","永安區","120.240","22.815","188"
"32","113196","20220824072000","30","1","高雄市","永安區","120.205","22.840","23"
"526","113206","20220824072000","649","0","臺東縣","臺東市","121.130","22.765","593"
"843","113207","20220824072000","1311","0","臺東縣","臺東市","121.120","22.770","815"
"27","113208","20220824072000","476","0","臺東縣","臺東市","121.125","22.770","29"
"641","113213","20220824072000","474","2","臺東縣","臺東市","121.125","22.780","608"
"1456","113214","20220824072000","1417","1","臺東縣","臺東市","121.120","22.785","1499"
"200","113216","20220824072000","156","2","臺東縣","臺東市","121.130","22.770","180"
"1373","113217","20220824072000","844","3","臺東縣","臺東市","121.135","22.770","1378"
"88","113218","20220824072000","99","0","臺東縣","臺東市","121.125","22.775","74"
"520","113219","20220824072000","531","0","臺東縣","臺東市","121.130","22.775","514"
"937","113236","20220824072000","806","1","臺東縣","臺東市","121.115","22.785","930"
"297","113239","20220824072000","234","2","臺東縣","臺東市","121.110","22.790","281"
"45","113251","20220824072000","80","0","臺東縣","臺東市","121.155","22.760","82"
"221","113258","20220824072000","181","2","臺東縣","臺東市","121.175","22.780","198"
"111","113260","20220824072000","68","3","臺東縣","臺東市","121.185","22.790","92"
"10","113262","20220824072000","98","0","臺東縣","臺東市","121.195","22.790","10"
"543","113263","20220824072000","531","1","臺東縣","臺東市","121.190","22.795","555"
"103","113266","20220824072000","96","1","臺東縣","臺東市","121.195","22.800","72"
"35","113269","20220824072000","29","2","臺東縣","臺東市","121.190","22.810","37"
"157","113273","20220824072000","118","2","臺東縣","臺東市","121.195","22.815","180"
"257","113295","20220824072000","202","2","臺東縣","臺東市","121.175","22.785","266"
"135","113299","20220824072000","126","1","臺東縣","臺東市","121.175","22.790","141"
"125","113310","20220824072000","115","1","臺東縣","臺東市","121.150","22.765","107"
"745","113311","20220824072000","737","1","臺東縣","臺東市","121.155","22.765","797"
"166","113314","20220824072000","1125","0","高雄市","岡山區","120.285","22.780","155"
"49","113315","20220824072000","36","2","高雄市","岡山區","120.290","22.780","41"
"84","113317","20220824072000","81","1","高雄市","岡山區","120.290","22.785","81"
"932","113318","20220824072000","984","0","高雄市","岡山區","120.280","22.800","990"
"73","113327","20220824072000","276","0","臺東縣","臺東市","121.065","22.740","77"
"270","113345","20220824072000","270","1","臺東縣","臺東市","121.055","22.760","263"
"190","113347","20220824072000","211","0","臺東縣","臺東市","121.060","22.760","201"
"55","113353","20220824072000","561","0","臺東縣","臺東市","121.140","22.765","61"
"1602","113354","20220824072000","1673","0","臺東縣","臺東市","121.145","22.765","1615"
"365","113355","20220824072000","466","0","臺東縣","臺東市","121.140","22.770","349"
"1572","113356","20220824072000","1389","1","臺東縣","臺東市","121.145","22.770","1659"
"931","113364","20220824072000","1059","0","臺東縣","臺東市","121.145","22.745","959"
"724","113366","20220824072000","1512","0","臺東縣","臺東市","121.140","22.750","718"
"490","113367","20220824072000","597","0","臺東縣","臺東市","121.145","22.750","656"
"301","113369","20220824072000","713","0","臺東縣","臺東市","121.145","22.755","298"
"380","113378","20220824072000","193","3","臺東縣","臺東市","121.125","22.790","362"
"618","113380","20220824072000","489","2","臺東縣","臺東市","121.130","22.790","612"
"1039","113381","20220824072000","1153","0","臺東縣","臺東市","121.125","22.795","1021"
"277","113386","20220824072000","257","1","臺東縣","臺東市","121.125","22.805","317"
"145","113389","20220824072000","70","3","臺東縣","臺東市","121.120","22.810","124"
"1195","113416","20220824072000","976","2","臺東縣","臺東市","121.105","22.750","1216"
"298","113423","20220824072000","201","2","臺東縣","臺東市","121.105","22.755","319"
"251","113425","20220824072000","358","0","臺東縣","臺東市","121.075","22.760","351"
"74","113434","20220824072000","491","0","臺東縣","臺東市","121.060","22.735","106"
"102","113448","20220824072000","77","2","屏東縣","里港鄉","120.530","22.830","145"
"113","113450","20220824072000","66","3","高雄市","美濃區","120.540","22.830","92"
"240","113466","20220824072000","214","1","高雄市","美濃區","120.530","22.840","232"
"28","113487","20220824072000","26","1","高雄市","大樹區","120.445","22.740","25"
"53","113496","20220824072000","48","1","高雄市","大樹區","120.445","22.745","52"
"671","113505","20220824072000","738","0","高雄市","大樹區","120.445","22.750","621"
"162","113506","20220824072000","98","3","高雄市","大樹區","120.450","22.750","99"
"63","113513","20220824072000","56","1","高雄市","岡山區","120.270","22.775","61"
"130","113514","20220824072000","322","0","高雄市","楠梓區","120.280","22.735","115"
"309","113564","20220824072000","157","3","臺東縣","卑南鄉","121.075","22.775","282"
"380","113740","20220824072000","351","1","臺東縣","卑南鄉","121.080","22.775","378"
"301","113741","20220824072000","310","0","臺東縣","卑南鄉","121.085","22.775","276"
"484","113742","20220824072000","396","2","臺東縣","卑南鄉","121.090","22.775","456"
"383","113750","20220824072000","243","3","臺東縣","卑南鄉","121.080","22.785","364"
"24","113762","20220824072000","148","0","臺東縣","卑南鄉","121.095","22.790","31"
"361","113792","20220824072000","318","1","臺東縣","卑南鄉","121.100","22.825","419"
"195","113799","20220824072000","117","3","臺東縣","卑南鄉","121.090","22.830","173"
"21","113840","20220824072000","200","0","臺東縣","卑南鄉","121.105","22.795","17"
"522","113843","20220824072000","476","1","臺東縣","卑南鄉","121.090","22.800","527"
"151","113882","20220824072000","132","1","臺東縣","卑南鄉","121.090","22.820","148"
"14","113896","20220824072000","26","0","高雄市","路竹區","120.270","22.840","25"
"472","113902","20220824072000","329","2","高雄市","橋頭區","120.290","22.745","497"
"95","113905","20220824072000","95","1","高雄市","橋頭區","120.295","22.755","94"
"369","113906","20220824072000","569","0","高雄市","楠梓區","120.325","22.755","398"
"94","113911","20220824072000","95","0","高雄市","橋頭區","120.320","22.765","93"
"788","113923","20220824072000","728","1","高雄市","橋頭區","120.305","22.770","799"
"330","113933","20220824072000","287","1","高雄市","橋頭區","120.290","22.760","349"
"486","113934","20220824072000","391","2","高雄市","岡山區","120.280","22.765","442"
"37","113947","20220824072000","41","0","高雄市","路竹區","120.275","22.840","30"
"58","113948","20220824072000","56","1","高雄市","路竹區","120.280","22.840","39"
"354","113950","20220824072000","230","3","高雄市","路竹區","120.275","22.820","382"
"217","113959","20220824072000","183","1","高雄市","路竹區","120.275","22.825","196"
"340","113962","20220824072000","283","2","高雄市","路竹區","120.265","22.830","398"
"15","113965","20220824072000","11","2","高雄市","路竹區","120.265","22.840","16"
"640","113969","20220824072000","528","2","高雄市","路竹區","120.240","22.835","632"
"967","113971","20220824072000","752","2","高雄市","路竹區","120.250","22.835","929"
"410","113978","20220824072000","352","1","高雄市","路竹區","120.245","22.845","440"
"236","113982","20220824072000","231","1","高雄市","路竹區","120.260","22.840","219"
"49","113984","20220824072000","208","0","高雄市","彌陀區","120.245","22.785","38"
"243","113985","20220824072000","296","0","高雄市","彌陀區","120.245","22.790","240"
"52","113992","20220824072000","44","1","高雄市","橋頭區","120.300","22.765","54"
"19","113994","20220824072000","729","0","高雄市","橋頭區","120.320","22.735","10"
"541","113997","20220824072000","411","2","高雄市","橋頭區","120.315","22.745","518"
"472","114001","20220824072000","620","0","高雄市","橋頭區","120.315","22.760","494"
"356","114004","20220824072000","368","0","高雄市","橋頭區","120.310","22.760","399"
"1723","114006","20220824072000","1530","1","高雄市","橋頭區","120.310","22.765","1723"
"10","114029","20220824072000","10","1","高雄市","旗山區","120.450","22.825","11"
"13","114044","20220824072000","12","1","高雄市","旗山區","120.465","22.830","11"
"384","114050","20220824072000","381","1","高雄市","橋頭區","120.300","22.740","346"
"586","114055","20220824072000","486","2","高雄市","橋頭區","120.295","22.735","576"
"281","114057","20220824072000","444","0","高雄市","橋頭區","120.295","22.740","295"
"56","114059","20220824072000","571","0","高雄市","橋頭區","120.290","22.765","47"
"488","114062","20220824072000","289","3","高雄市","橋頭區","120.270","22.735","518"
"19","114068","20220824072000","340","0","高雄市","橋頭區","120.280","22.745","19"
"517","114075","20220824072000","310","3","高雄市","永安區","120.240","22.820","518"
"139","114077","20220824072000","136","1","高雄市","永安區","120.250","22.820","161"
"145","114094","20220824072000","136","1","高雄市","永安區","120.210","22.810","159"
"40","114108","20220824072000","57","0","高雄市","永安區","120.205","22.825","31"
"2077","114116","20220824072000","2038","1","臺東縣","臺東市","121.150","22.755","2275"
"2344","114117","20220824072000","1825","2","臺東縣","臺東市","121.145","22.760","2296"
"743","114118","20220824072000","753","0","臺東縣","臺東市","121.150","22.760","756"
"357","114125","20220824072000","372","0","臺東縣","臺東市","121.115","22.750","374"
"1747","114128","20220824072000","1275","2","臺東縣","臺東市","121.135","22.755","1771"
"1051","114129","20220824072000","877","1","臺東縣","臺東市","121.140","22.760","1077"
"253","114130","20220824072000","1342","0","臺東縣","臺東市","121.150","22.750","254"
"310","114135","20220824072000","341","0","臺東縣","臺東市","121.100","22.740","371"
"331","114143","20220824072000","737","0","高雄市","燕巢區","120.360","22.765","324"
"1086","114144","20220824072000","958","1","高雄市","燕巢區","120.365","22.765","1050"
"338","114154","20220824072000","757","0","高雄市","燕巢區","120.360","22.770","341"
"570","114155","20220824072000","480","1","高雄市","岡山區","120.315","22.775","613"
"452","114160","20220824072000","395","1","高雄市","燕巢區","120.340","22.775","446"
"202","114174","20220824072000","204","0","高雄市","燕巢區","120.360","22.775","175"
"86","114194","20220824072000","60","2","高雄市","燕巢區","120.400","22.810","85"
"214","114204","20220824072000","213","1","高雄市","燕巢區","120.340","22.755","203"
"132","114206","20220824072000","212","0","高雄市","燕巢區","120.350","22.755","140"
"453","114207","20220824072000","389","1","高雄市","燕巢區","120.355","22.755","460"
"33","114210","20220824072000","126","0","高雄市","燕巢區","120.335","22.760","44"
"203","114212","20220824072000","237","0","高雄市","燕巢區","120.345","22.760","212"
"18","114214","20220824072000","116","0","高雄市","燕巢區","120.355","22.760","11"
"78","114226","20220824072000","76","1","高雄市","田寮區","120.420","22.820","51"
"22","114268","20220824072000","16","2","高雄市","岡山區","120.270","22.795","15"
"1273","114271","20220824072000","936","2","高雄市","岡山區","120.285","22.795","1293"
"649","114274","20220824072000","555","1","高雄市","岡山區","120.280","22.780","644"
"516","114276","20220824072000","483","1","高雄市","梓官區","120.265","22.750","519"
"714","114278","20220824072000","533","2","高雄市","梓官區","120.260","22.745","704"
"335","114279","20220824072000","148","3","高雄市","梓官區","120.265","22.745","350"
"821","114288","20220824072000","641","2","高雄市","梓官區","120.265","22.760","868"
"1449","114295","20220824072000","1058","2","高雄市","梓官區","120.270","22.760","1470"
"405","114297","20220824072000","300","2","高雄市","梓官區","120.245","22.740","422"
"139","114302","20220824072000","118","1","高雄市","梓官區","120.245","22.750","138"
"451","114304","20220824072000","319","2","高雄市","梓官區","120.250","22.735","449"
"683","114307","20220824072000","862","0","高雄市","橋頭區","120.310","22.750","673"
"77","114308","20220824072000","55","2","高雄市","橋頭區","120.315","22.755","70"
"912","114309","20220824072000","1398","0","高雄市","橋頭區","120.310","22.755","861"
"570","114311","20220824072000","528","1","高雄市","橋頭區","120.305","22.735","587"
"33","114315","20220824072000","274","0","高雄市","橋頭區","120.305","22.740","32"
"573","114318","20220824072000","528","1","高雄市","橋頭區","120.310","22.745","528"
"421","114322","20220824072000","414","1","高雄市","橋頭區","120.300","22.755","392"
"179","114329","20220824072000","141","2","高雄市","旗山區","120.445","22.775","182"
"59","114344","20220824072000","49","2","高雄市","旗山區","120.440","22.785","54"
"19","114349","20220824072000","48","0","高雄市","旗山區","120.430","22.790","25"
"41","114358","20220824072000","37","1","高雄市","旗山區","120.435","22.795","35"
"286","114363","20220824072000","254","1","高雄市","旗山區","120.460","22.795","289"
"83","114393","20220824072000","55","3","高雄市","旗山區","120.455","22.815","74"
"108","114395","20220824072000","104","1","高雄市","旗山區","120.465","22.815","109"
"605","114407","20220824072000","699","0","高雄市","旗山區","120.465","22.840","594"
"56","114408","20220824072000","82","0","高雄市","旗山區","120.450","22.845","51"
"28","114416","20220824072000","482","0","高雄市","梓官區","120.270","22.765","30"
"31","114421","20220824072000","1003","0","高雄市","梓官區","120.260","22.740","38"
"352","114422","20220824072000","324","1","高雄市","橋頭區","120.265","22.740","351"
"14","114424","20220824072000","285","0","臺東縣","卑南鄉","121.160","22.790","14"
"47","114448","20220824072000","63","0","臺東縣","卑南鄉","121.180","22.805","49"
"69","114462","20220824072000","67","1","臺東縣","卑南鄉","121.150","22.820","68"
"84","114473","20220824072000","94","0","臺東縣","卑南鄉","121.150","22.830","82"
"116","114575","20220824072000","93","2","臺東縣","卑南鄉","121.055","22.745","143"
"298","114700","20220824072000","265","1","臺東縣","臺東市","121.045","22.760","301"
"176","114840","20220824072000","155","1","臺東縣","卑南鄉","121.070","22.795","174"
"445","114846","20220824072000","408","1","臺東縣","卑南鄉","121.065","22.800","448"
"582","114971","20220824072000","639","0","臺東縣","臺東市","121.125","22.740","668"
"13","114972","20220824072000","504","0","臺東縣","臺東市","121.130","22.740","23"
"907","114977","20220824072000","1007","0","臺東縣","臺東市","121.135","22.740","885"
"1014","114979","20220824072000","1004","1","臺東縣","臺東市","121.120","22.735","1049"
"1205","115004","20220824072000","1256","0","高雄市","岡山區","120.285","22.790","1185"
"19","115005","20220824072000","17","1","高雄市","岡山區","120.290","22.790","16"
"308","115006","20220824072000","244","2","高雄市","岡山區","120.295","22.785","319"
"17","115293","20220824072000","16","1","高雄市","田寮區","120.370","22.825","13"
"370","115298","20220824072000","203","3","高雄市","田寮區","120.360","22.830","314"
"124","115300","20220824072000","111","1","高雄市","田寮區","120.370","22.830","121"
"102","115311","20220824072000","96","1","高雄市","田寮區","120.395","22.835","113"
"148","115312","20220824072000","149","0","高雄市","田寮區","120.345","22.840","150"
"54","115319","20220824072000","49","1","高雄市","田寮區","120.345","22.845","50"
"72","115329","20220824072000","57","2","高雄市","旗山區","120.435","22.830","83"
"87","115367","20220824072000","840","0","高雄市","燕巢區","120.355","22.790","94"
"339","115368","20220824072000","249","2","高雄市","燕巢區","120.360","22.790","291"
"20","115373","20220824072000","25","0","高雄市","燕巢區","120.360","22.780","17"
"164","115374","20220824072000","152","1","高雄市","燕巢區","120.325","22.785","160"
"273","115375","20220824072000","224","2","高雄市","燕巢區","120.330","22.785","267"
"333","115377","20220824072000","275","2","高雄市","燕巢區","120.340","22.785","348"
"187","115380","20220824072000","222","0","高雄市","燕巢區","120.355","22.785","189"
"393","115382","20220824072000","311","2","高雄市","燕巢區","120.340","22.790","363"
"247","115384","20220824072000","209","1","高雄市","燕巢區","120.350","22.790","240"
"21","115394","20220824072000","15","2","高雄市","燕巢區","120.355","22.810","16"
"32","115398","20220824072000","27","1","高雄市","燕巢區","120.375","22.810","32"
"85","115401","20220824072000","83","1","高雄市","燕巢區","120.390","22.810","91"
"71","115402","20220824072000","52","2","高雄市","燕巢區","120.355","22.815","63"
"17","115404","20220824072000","25","0","高雄市","燕巢區","120.365","22.815","17"
"233","115429","20220824072000","212","1","高雄市","燕巢區","120.365","22.790","250"
"421","115436","20220824072000","399","1","高雄市","燕巢區","120.365","22.795","424"
"135","115437","20220824072000","128","1","高雄市","燕巢區","120.370","22.795","140"
"45","115438","20220824072000","37","2","高雄市","燕巢區","120.375","22.795","37"
"369","115447","20220824072000","763","0","高雄市","燕巢區","120.375","22.760","347"
"500","115450","20220824072000","624","0","高雄市","燕巢區","120.375","22.765","521"
"160","115453","20220824072000","198","0","高雄市","燕巢區","120.390","22.765","154"
"14","115456","20220824072000","28","0","高雄市","燕巢區","120.415","22.765","15"
"14","115458","20220824072000","76","0","高雄市","燕巢區","120.385","22.770","15"
"27","115461","20220824072000","40","0","高雄市","燕巢區","120.400","22.770","33"
"66","115463","20220824072000","52","2","高雄市","燕巢區","120.410","22.770","58"
"268","115472","20220824072000","266","1","高雄市","燕巢區","120.385","22.775","264"
"119","115473","20220824072000","149","0","高雄市","燕巢區","120.390","22.775","137"
"29","115475","20220824072000","72","0","高雄市","燕巢區","120.400","22.775","22"
"24","115478","20220824072000","19","2","高雄市","燕巢區","120.415","22.775","17"
"146","115482","20220824072000","99","2","高雄市","燕巢區","120.385","22.780","155"
"112","115486","20220824072000","142","0","高雄市","燕巢區","120.405","22.780","119"
"126","115500","20220824072000","106","1","高雄市","燕巢區","120.420","22.780","119"
"200","115501","20220824072000","134","2","高雄市","燕巢區","120.425","22.780","215"
"16","115513","20220824072000","91","0","高雄市","燕巢區","120.405","22.790","19"
"36","115519","20220824072000","85","0","高雄市","燕巢區","120.410","22.795","38"
"173","115523","20220824072000","178","0","高雄市","岡山區","120.315","22.785","173"
"550","115524","20220824072000","495","1","高雄市","燕巢區","120.320","22.785","563"
"23","115528","20220824072000","159","0","高雄市","燕巢區","120.330","22.790","24"
"40","115531","20220824072000","441","0","高雄市","燕巢區","120.325","22.795","49"
"307","115537","20220824072000","476","0","高雄市","燕巢區","120.335","22.800","327"
"869","115543","20220824072000","811","1","高雄市","燕巢區","120.355","22.795","871"
"169","115544","20220824072000","135","2","高雄市","燕巢區","120.360","22.795","168"
"335","115546","20220824072000","333","1","高雄市","燕巢區","120.355","22.800","319"
"724","115555","20220824072000","1960","0","高雄市","楠梓區","120.325","22.735","777"
"1201","115556","20220824072000","716","3","高雄市","楠梓區","120.330","22.735","1181"
"981","115557","20220824072000","1509","0","高雄市","楠梓區","120.335","22.735","951"
"952","115559","20220824072000","947","1","高雄市","楠梓區","120.330","22.740","933"
"1054","115560","20220824072000","1059","0","高雄市","楠梓區","120.335","22.740","1016"
"51","115562","20220824072000","592","0","高雄市","楠梓區","120.330","22.745","54"
"25","115563","20220824072000","387","0","高雄市","橋頭區","120.325","22.750","32"
"769","115564","20220824072000","717","1","高雄市","楠梓區","120.330","22.750","787"
"147","115565","20220824072000","75","3","高雄市","岡山區","120.305","22.780","143"
"190","115567","20220824072000","174","1","高雄市","岡山區","120.315","22.825","169"
"371","115568","20220824072000","299","2","高雄市","岡山區","120.325","22.825","357"
"273","115576","20220824072000","438","0","高雄市","岡山區","120.315","22.815","288"
"360","115577","20220824072000","282","2","高雄市","岡山區","120.320","22.815","374"
"21","115580","20220824072000","88","0","高雄市","岡山區","120.325","22.820","30"
"91","115598","20220824072000","1353","0","高雄市","岡山區","120.295","22.795","81"
"222","115599","20220824072000","230","0","高雄市","岡山區","120.290","22.800","210"
"567","115600","20220824072000","587","0","高雄市","岡山區","120.295","22.800","554"
"782","115616","20220824072000","717","1","臺東縣","臺東市","121.105","22.770","841"
"361","115617","20220824072000","340","1","臺東縣","臺東市","121.110","22.770","346"
"40","115618","20220824072000","628","0","臺東縣","臺東市","121.115","22.770","45"
"149","115631","20220824072000","87","3","高雄市","大樹區","120.420","22.765","110"
"17","115632","20220824072000","14","2","高雄市","大樹區","120.425","22.765","18"
"124","115636","20220824072000","138","0","高雄市","大樹區","120.445","22.765","122"
"13","115639","20220824072000","12","1","高雄市","大樹區","120.425","22.770","10"
"277","115644","20220824072000","242","1","高雄市","大樹區","120.450","22.770","286"
"83","115647","20220824072000","70","1","高雄市","旗山區","120.430","22.775","69"
"461","115648","20220824072000","285","3","高雄市","岡山區","120.300","22.815","425"
"1099","115657","20220824072000","925","1","高雄市","岡山區","120.300","22.820","1108"
"573","115660","20220824072000","427","2","高雄市","岡山區","120.315","22.820","564"
"93","115663","20220824072000","82","1","高雄市","岡山區","120.295","22.830","79"
"237","115664","20220824072000","210","1","高雄市","岡山區","120.290","22.795","255"
"814","115665","20220824072000","796","1","高雄市","岡山區","120.285","22.800","787"
"18","115669","20220824072000","240","0","高雄市","燕巢區","120.325","22.800","16"
"11","115670","20220824072000","40","0","高雄市","岡山區","120.310","22.805","12"
"36","115676","20220824072000","121","0","高雄市","岡山區","120.320","22.810","28"
"245","115684","20220824072000","303","0","高雄市","岡山區","120.305","22.775","264"
"24","115686","20220824072000","41","0","高雄市","岡山區","120.310","22.775","27"
"28","115687","20220824072000","492","0","高雄市","岡山區","120.300","22.780","26"
"27","115690","20220824072000","894","0","高雄市","岡山區","120.300","22.785","33"
"41","115691","20220824072000","783","0","高雄市","岡山區","120.290","22.805","44"
"101","115692","20220824072000","239","0","高雄市","岡山區","120.295","22.805","158"
"95","115694","20220824072000","718","0","高雄市","岡山區","120.295","22.790","82"
"191","115706","20220824072000","128","2","高雄市","彌陀區","120.240","22.755","176"
"117","115708","20220824072000","112","1","高雄市","梓官區","120.250","22.755","120"
"156","115709","20220824072000","103","3","高雄市","彌陀區","120.235","22.760","145"
"142","115713","20220824072000","128","1","高雄市","彌陀區","120.240","22.765","138"
"403","115714","20220824072000","472","0","高雄市","彌陀區","120.250","22.780","351"
"658","115717","20220824072000","588","1","臺東縣","臺東市","121.140","22.740","699"
"347","115718","20220824072000","257","2","臺東縣","臺東市","121.130","22.745","293"
"1936","115719","20220824072000","1940","0","臺東縣","臺東市","121.135","22.745","1994"
"34","115720","20220824072000","648","0","臺東縣","臺東市","121.140","22.745","32"
"490","115721","20220824072000","480","1","臺東縣","臺東市","121.130","22.750","499"
"705","115722","20220824072000","645","1","臺東縣","臺東市","121.135","22.750","670"
"393","115724","20220824072000","313","2","臺東縣","臺東市","121.120","22.750","360"
"346","115727","20220824072000","303","1","臺東縣","臺東市","121.130","22.755","380"
"324","115728","20220824072000","417","0","臺東縣","臺東市","121.120","22.760","290"
"70","115732","20220824072000","88","0","臺東縣","臺東市","121.090","22.760","85"
"342","115739","20220824072000","298","1","臺東縣","臺東市","121.095","22.765","386"
"638","115745","20220824072000","617","1","臺東縣","臺東市","121.095","22.770","720"
"159","115749","20220824072000","104","3","高雄市","阿蓮區","120.335","22.835","165"
"1416","115782","20220824072000","844","3","高雄市","岡山區","120.300","22.795","1486"
"1102","115783","20220824072000","1053","1","高雄市","岡山區","120.305","22.795","1100"
"27","115784","20220824072000","33","0","高雄市","岡山區","120.310","22.795","23"
"703","115787","20220824072000","500","2","高雄市","岡山區","120.270","22.780","720"
"86","115788","20220824072000","407","0","高雄市","岡山區","120.270","22.785","78"
"261","115791","20220824072000","848","0","高雄市","岡山區","120.285","22.785","246"
"508","115793","20220824072000","466","1","高雄市","彌陀區","120.250","22.785","470"
"1118","115795","20220824072000","817","2","高雄市","彌陀區","120.235","22.795","1178"
"119","115804","20220824072000","126","0","高雄市","彌陀區","120.245","22.775","118"
"101","115805","20220824072000","78","2","高雄市","彌陀區","120.245","22.765","86"
"176","115808","20220824072000","161","1","高雄市","彌陀區","120.245","22.770","177"
"20","115810","20220824072000","199","0","高雄市","彌陀區","120.255","22.770","21"
"1266","115819","20220824072000","998","2","高雄市","岡山區","120.305","22.785","1270"
"500","115820","20220824072000","1576","0","高雄市","岡山區","120.300","22.790","529"
"869","115821","20220824072000","849","1","高雄市","岡山區","120.305","22.790","879"
"629","115833","20220824072000","318","3","高雄市","岡山區","120.265","22.815","614"
"281","115834","20220824072000","266","1","高雄市","岡山區","120.270","22.815","272"
"241","115836","20220824072000","226","1","高雄市","岡山區","120.255","22.820","242"
"164","115841","20220824072000","168","0","高雄市","岡山區","120.265","22.820","182"
"193","115844","20220824072000","142","2","高雄市","岡山區","120.300","22.830","176"
"727","115849","20220824072000","752","0","高雄市","阿蓮區","120.305","22.835","712"
"42","115851","20220824072000","138","0","高雄市","岡山區","120.280","22.810","41"
"305","115852","20220824072000","206","2","高雄市","岡山區","120.285","22.810","314"
"395","115855","20220824072000","318","2","高雄市","岡山區","120.285","22.815","367"
"36","115856","20220824072000","345","0","高雄市","岡山區","120.290","22.815","29"
"480","115872","20220824072000","344","2","高雄市","彌陀區","120.250","22.775","443"
"21","115876","20220824072000","30","0","高雄市","大社區","120.345","22.735","18"
"21","115878","20220824072000","353","0","高雄市","大社區","120.360","22.740","23"
"118","115879","20220824072000","115","1","高雄市","大社區","120.365","22.740","109"
"259","115883","20220824072000","262","0","高雄市","大社區","120.345","22.740","266"
"863","115886","20220824072000","883","0","高雄市","楠梓區","120.335","22.745","834"
"445","115889","20220824072000","760","0","高雄市","大社區","120.350","22.745","451"
"191","115892","20220824072000","462","0","高雄市","燕巢區","120.340","22.750","169"
"38","115895","20220824072000","30","2","高雄市","大社區","120.355","22.750","30"
"194","115897","20220824072000","213","0","高雄市","大社區","120.365","22.750","197"
"157","115907","20220824072000","163","0","高雄市","大社區","120.375","22.745","154"
"36","115911","20220824072000","52","0","高雄市","大社區","120.395","22.745","42"
"11","115922","20220824072000","36","0","高雄市","大社區","120.405","22.750","16"
"119","115927","20220824072000","71","3","高雄市","大社區","120.390","22.755","108"
"241","115941","20220824072000","144","3","高雄市","大社區","120.370","22.735","225"
"333","115943","20220824072000","353","0","高雄市","大社區","120.380","22.735","330"
"13","115944","20220824072000","14","0","高雄市","大社區","120.380","22.740","15"
"547","115946","20220824072000","548","0","高雄市","岡山區","120.275","22.775","556"
"684","115949","20220824072000","571","1","高雄市","岡山區","120.310","22.790","709"
"886","115953","20220824072000","936","0","高雄市","岡山區","120.300","22.800","966"
"58","115954","20220824072000","553","0","高雄市","岡山區","120.305","22.800","72"
"64","115963","20220824072000","67","0","高雄市","旗山區","120.425","22.805","55"
"88","115966","20220824072000","57","3","高雄市","旗山區","120.425","22.815","78"
"15","115972","20220824072000","11","2","高雄市","旗山區","120.435","22.825","11"
"76","124145","20220824072000","387","0","屏東縣","高樹鄉","120.610","22.850","82"
"102","124161","20220824072000","224","0","屏東縣","高樹鄉","120.630","22.865","101"
"120","124176","20220824072000","65","3","屏東縣","高樹鄉","120.640","22.880","98"
"45","124193","20220824072000","37","2","臺南市","仁德區","120.245","22.935","49"
"83","124195","20220824072000","88","0","臺南市","仁德區","120.240","22.940","92"
"643","124197","20220824072000","647","0","臺南市","仁德區","120.250","22.940","707"
"74","124211","20220824072000","74","1","臺南市","關廟區","120.330","22.910","103"
"431","124220","20220824072000","358","2","臺南市","關廟區","120.345","22.915","389"
"54","124243","20220824072000","114","0","高雄市","茄萣區","120.205","22.855","47"
"464","124253","20220824072000","355","2","臺南市","仁德區","120.215","22.910","454"
"327","124255","20220824072000","233","2","高雄市","湖內區","120.225","22.905","285"
"305","124262","20220824072000","481","0","臺南市","南區","120.185","22.920","123"
"19","124268","20220824072000","233","0","臺南市","歸仁區","120.280","22.915","23"
"342","124271","20220824072000","376","0","臺南市","歸仁區","120.270","22.920","325"
"758","124275","20220824072000","718","1","臺南市","歸仁區","120.285","22.920","748"
"341","124278","20220824072000","190","3","臺南市","歸仁區","120.280","22.925","334"
"42","124281","20220824072000","187","0","臺南市","歸仁區","120.270","22.930","44"
"33","124291","20220824072000","123","0","臺南市","南區","120.175","22.940","32"
"339","124293","20220824072000","384","0","臺南市","仁德區","120.245","22.925","361"
"630","124314","20220824072000","1435","0","臺南市","仁德區","120.260","22.945","615"
"565","124322","20220824072000","983","0","臺南市","歸仁區","120.270","22.905","557"
"709","124323","20220824072000","646","1","臺南市","仁德區","120.255","22.910","739"
"592","124338","20220824072000","417","2","臺南市","仁德區","120.250","22.910","580"
"77","124352","20220824072000","73","1","臺南市","關廟區","120.325","22.950","80"
"369","124363","20220824072000","203","3","臺南市","關廟區","120.335","22.930","335"
"38","124371","20220824072000","220","0","臺南市","關廟區","120.335","22.940","31"
"1190","124386","20220824072000","1040","1","臺南市","仁德區","120.255","22.950","1255"
"15","124397","20220824072000","15","1","臺南市","仁德區","120.230","22.935","18"
"263","124408","20220824072000","323","0","臺南市","仁德區","120.230","22.945","57"
"250","124415","20220824072000","254","0","臺南市","仁德區","120.260","22.950","254"
"167","124431","20220824072000","158","1","臺南市","歸仁區","120.295","22.925","147"
"451","124453","20220824072000","274","3","臺南市","歸仁區","120.300","22.940","380"
"824","124469","20220824072000","593","2","臺南市","南區","120.180","22.930","817"
"41","124472","20220824072000","167","0","臺南市","南區","120.180","22.935","42"
"147","124474","20220824072000","193","0","臺南市","南區","120.190","22.935","146"
"50","124491","20220824072000","357","0","臺南市","歸仁區","120.275","22.910","56"
"157","124494","20220824072000","212","0","臺南市","歸仁區","120.285","22.910","155"
"121","124504","20220824072000","547","0","臺南市","歸仁區","120.275","22.915","113"
"837","124526","20220824072000","770","1","臺南市","歸仁區","120.275","22.950","837"
"251","124527","20220824072000","209","2","臺南市","歸仁區","120.280","22.950","246"
"86","124538","20220824072000","104","0","臺南市","仁德區","120.220","22.920","105"
"297","124546","20220824072000","228","2","臺南市","南區","120.215","22.950","317"
"27","124548","20220824072000","74","0","臺南市","仁德區","120.220","22.945","25"
"234","124549","20220824072000","220","1","臺南市","仁德區","120.220","22.950","268"
"49","124550","20220824072000","655","0","高雄市","湖內區","120.230","22.915","47"
"346","124551","20220824072000","519","0","臺南市","仁德區","120.235","22.915","353"
"338","124552","20220824072000","791","0","臺南市","仁德區","120.225","22.920","292"
"48","124553","20220824072000","637","0","臺南市","仁德區","120.230","22.920","44"
"34","124555","20220824072000","728","0","臺南市","仁德區","120.240","22.920","38"
"310","124557","20220824072000","275","1","臺南市","仁德區","120.250","22.920","306"
"395","124559","20220824072000","575","0","臺南市","仁德區","120.225","22.925","477"
"58","124563","20220824072000","596","0","臺南市","仁德區","120.230","22.930","50"
"473","124565","20220824072000","391","2","臺南市","仁德區","120.220","22.915","490"
"984","124569","20220824072000","988","0","臺南市","仁德區","120.215","22.915","980"
"776","124585","20220824072000","610","2","臺南市","南區","120.180","22.945","735"
"466","124591","20220824072000","414","1","臺南市","南區","120.185","22.950","492"
"15","124593","20220824072000","15","1","臺南市","南區","120.195","22.950","13"
"47","124601","20220824072000","34","2","高雄市","茂林區","120.685","22.905","58"
"1492","124642","20220824072000","1334","1","高雄市","茄萣區","120.185","22.895","1450"
"12","124648","20220824072000","15","0","高雄市","內門區","120.450","22.920","12"
"338","124661","20220824072000","227","2","高雄市","美濃區","120.525","22.850","304"
"131","124668","20220824072000","108","2","高雄市","美濃區","120.535","22.850","137"
"231","124671","20220824072000","340","0","高雄市","美濃區","120.550","22.850","227"
"315","124678","20220824072000","337","0","高雄市","美濃區","120.535","22.860","326"
"224","124706","20220824072000","137","3","高雄市","美濃區","120.580","22.920","205"
"22","124745","20220824072000","15","2","高雄市","美濃區","120.585","22.940","16"
"963","124774","20220824072000","896","1","高雄市","美濃區","120.545","22.900","990"
"214","124778","20220824072000","164","2","高雄市","美濃區","120.555","22.905","213"
"290","124780","20220824072000","224","2","高雄市","美濃區","120.545","22.910","273"
"254","124803","20220824072000","179","2","高雄市","美濃區","120.535","22.865","246"
"368","124809","20220824072000","299","2","高雄市","美濃區","120.535","22.875","343"
"271","124812","20220824072000","176","3","高雄市","美濃區","120.535","22.880","277"
"246","124818","20220824072000","186","2","高雄市","美濃區","120.555","22.885","251"
"172","124831","20220824072000","310","0","高雄市","內門區","120.460","22.925","323"
"33","124869","20220824072000","83","0","高雄市","內門區","120.470","22.910","30"
"16","124870","20220824072000","47","0","高雄市","內門區","120.475","22.910","16"
"186","124897","20220824072000","165","1","高雄市","內門區","120.465","22.930","181"
"223","124903","20220824072000","221","1","高雄市","內門區","120.465","22.940","242"
"199","124908","20220824072000","200","0","高雄市","內門區","120.460","22.920","222"
"16","124948","20220824072000","14","1","臺南市","龍崎區","120.360","22.940","16"
"38","124962","20220824072000","38","1","臺南市","龍崎區","120.380","22.950","37"
"17","124976","20220824072000","20","0","臺南市","龍崎區","120.395","22.930","13"
"159","124995","20220824072000","60","3","臺南市","龍崎區","120.365","22.915","101"
"201","125006","20220824072000","191","1","臺南市","龍崎區","120.350","22.930","216"
"377","125045","20220824072000","404","0","臺南市","龍崎區","120.425","22.940","429"
"16","125051","20220824072000","16","1","臺南市","龍崎區","120.400","22.950","15"
"10","125061","20220824072000","11","0","臺南市","龍崎區","120.420","22.945","10"
"112","125099","20220824072000","225","0","臺東縣","卑南鄉","121.090","22.865","87"
"269","125138","20220824072000","303","0","臺東縣","卑南鄉","121.125","22.870","286"
"81","125172","20220824072000","61","2","臺東縣","卑南鄉","121.190","22.850","72"
"331","125177","20220824072000","306","1","高雄市","湖內區","120.235","22.900","351"
"96","125178","20220824072000","149","0","臺南市","仁德區","120.235","22.905","99"
"618","125179","20220824072000","391","3","高雄市","湖內區","120.230","22.910","616"
"490","125186","20220824072000","416","1","高雄市","路竹區","120.275","22.870","494"
"128","125192","20220824072000","223","0","高雄市","路竹區","120.265","22.885","118"
"436","125206","20220824072000","374","1","高雄市","路竹區","120.270","22.870","442"
"513","125207","20220824072000","562","0","高雄市","路竹區","120.255","22.875","513"
"238","125215","20220824072000","129","3","高雄市","茄萣區","120.180","22.910","214"
"683","125229","20220824072000","486","2","高雄市","路竹區","120.290","22.865","715"
"288","125232","20220824072000","307","0","高雄市","路竹區","120.245","22.860","274"
"1217","125234","20220824072000","962","2","高雄市","路竹區","120.255","22.860","1175"
"84","125242","20220824072000","103","0","高雄市","路竹區","120.250","22.855","88"
"31","125244","20220824072000","44","0","高雄市","路竹區","120.260","22.865","29"
"383","125249","20220824072000","461","0","高雄市","路竹區","120.235","22.860","400"
"424","125257","20220824072000","555","0","高雄市","路竹區","120.260","22.860","417"
"64","125258","20220824072000","56","1","高雄市","路竹區","120.255","22.865","53"
"411","125263","20220824072000","400","1","高雄市","路竹區","120.225","22.855","405"
"162","125284","20220824072000","83","3","高雄市","旗山區","120.515","22.855","142"
"315","125285","20220824072000","312","1","高雄市","旗山區","120.490","22.860","301"
"19","125295","20220824072000","70","0","高雄市","旗山區","120.490","22.880","17"
"324","125296","20220824072000","177","3","高雄市","旗山區","120.495","22.880","356"
"452","125297","20220824072000","439","1","高雄市","旗山區","120.500","22.880","437"
"649","125340","20220824072000","1172","0","高雄市","旗山區","120.480","22.895","674"
"64","125343","20220824072000","137","0","高雄市","旗山區","120.480","22.900","68"
"90","125346","20220824072000","514","0","高雄市","旗山區","120.475","22.905","72"
"30","125349","20220824072000","467","0","高雄市","旗山區","120.485","22.905","35"
"89","125360","20220824072000","482","0","高雄市","湖內區","120.250","22.880","91"
"300","125361","20220824072000","760","0","高雄市","湖內區","120.245","22.885","305"
"38","125366","20220824072000","270","0","高雄市","湖內區","120.240","22.890","39"
"563","125367","20220824072000","436","2","高雄市","湖內區","120.245","22.890","542"
"54","125374","20220824072000","63","0","高雄市","旗山區","120.445","22.885","44"
"42","125393","20220824072000","60","0","高雄市","內門區","120.420","22.910","44"
"27","125438","20220824072000","16","3","高雄市","茂林區","120.650","22.880","42"
"73","125487","20220824072000","76","0","高雄市","六龜區","120.620","22.890","73"
"139","125491","20220824072000","106","2","高雄市","六龜區","120.625","22.895","133"
"157","125506","20220824072000","152","1","高雄市","六龜區","120.635","22.910","159"
"18","125528","20220824072000","13","2","高雄市","六龜區","120.615","22.880","15"
"170","125543","20220824072000","112","3","高雄市","六龜區","120.625","22.885","197"
"98","125591","20220824072000","79","2","高雄市","六龜區","120.645","22.925","93"
"787","125608","20220824072000","662","1","高雄市","路竹區","120.265","22.865","799"
"178","125613","20220824072000","161","1","高雄市","路竹區","120.265","22.850","131"
"92","125614","20220824072000","112","0","高雄市","路竹區","120.260","22.855","86"
"24","125615","20220824072000","558","0","高雄市","路竹區","120.265","22.855","26"
"433","125624","20220824072000","287","3","高雄市","路竹區","120.290","22.875","472"
"80","125626","20220824072000","69","1","高雄市","路竹區","120.295","22.875","73"
"111","125629","20220824072000","173","0","高雄市","路竹區","120.285","22.880","107"
"283","125646","20220824072000","281","1","臺南市","關廟區","120.345","22.905","310"
"284","125659","20220824072000","232","2","高雄市","阿蓮區","120.290","22.895","286"
"221","125660","20220824072000","233","0","高雄市","阿蓮區","120.295","22.895","224"
"179","125667","20220824072000","573","0","臺南市","歸仁區","120.280","22.905","188"
"13","125673","20220824072000","11","1","高雄市","阿蓮區","120.330","22.875","14"
"18","125675","20220824072000","109","0","高雄市","湖內區","120.195","22.910","20"
"305","125676","20220824072000","115","3","高雄市","湖內區","120.200","22.910","296"
"30","125737","20220824072000","297","0","高雄市","田寮區","120.370","22.865","18"
"94","125772","20220824072000","68","2","高雄市","田寮區","120.400","22.890","71"
"37","125779","20220824072000","41","0","高雄市","田寮區","120.400","22.895","31"
"55","125825","20220824072000","26","3","臺東縣","東河鄉","121.270","22.930","29"
"56","125838","20220824072000","31","3","臺東縣","東河鄉","121.275","22.940","73"
"126","125849","20220824072000","92","2","臺東縣","鹿野鄉","121.150","22.930","122"
"755","125884","20220824072000","1170","0","高雄市","旗山區","120.480","22.880","778"
"552","125896","20220824072000","545","1","高雄市","美濃區","120.540","22.900","559"
"16","125917","20220824072000","36","0","高雄市","美濃區","120.535","22.900","28"
"151","125941","20220824072000","170","0","高雄市","美濃區","120.565","22.865","172"
"14","125950","20220824072000","12","1","高雄市","美濃區","120.570","22.870","15"
"42","125951","20220824072000","31","2","高雄市","美濃區","120.575","22.870","41"
"68","125952","20220824072000","74","0","高雄市","美濃區","120.580","22.870","70"
"300","125955","20220824072000","296","1","高雄市","美濃區","120.565","22.875","297"
"101","125966","20220824072000","94","1","高雄市","美濃區","120.545","22.880","122"
"55","125970","20220824072000","79","0","高雄市","美濃區","120.535","22.885","68"
"341","125981","20220824072000","308","1","高雄市","美濃區","120.515","22.875","313"
"164","125989","20220824072000","149","1","高雄市","旗山區","120.505","22.890","152"
"283","125997","20220824072000","281","1","高雄市","美濃區","120.520","22.895","258"
"264","126001","20220824072000","197","2","高雄市","美濃區","120.520","22.900","263"
"419","126010","20220824072000","371","1","高雄市","美濃區","120.560","22.915","432"
"144","126024","20220824072000","120","2","高雄市","美濃區","120.580","22.925","146"
"274","126043","20220824072000","227","2","高雄市","美濃區","120.550","22.865","264"
"318","126059","20220824072000","261","2","高雄市","美濃區","120.575","22.880","317"
"72","126076","20220824072000","86","0","高雄市","美濃區","120.570","22.895","77"
"666","126092","20220824072000","908","0","高雄市","旗山區","120.480","22.885","680"
"251","126096","20220824072000","533","0","高雄市","路竹區","120.265","22.870","238"
"526","126107","20220824072000","588","0","高雄市","路竹區","120.270","22.865","504"
"351","126119","20220824072000","272","2","高雄市","旗山區","120.490","22.920","337"
"412","126120","20220824072000","376","1","高雄市","旗山區","120.495","22.920","406"
"370","126140","20220824072000","255","2","高雄市","路竹區","120.280","22.850","379"
"37","126141","20220824072000","303","0","高雄市","路竹區","120.270","22.855","41"
"1422","126142","20220824072000","1196","1","高雄市","路竹區","120.265","22.860","1404"
"26","126160","20220824072000","21","2","臺東縣","卑南鄉","121.105","22.850","31"
"44","126178","20220824072000","553","0","臺東縣","卑南鄉","121.105","22.860","51"
"127","126183","20220824072000","60","3","臺東縣","卑南鄉","121.100","22.865","126"
"63","126219","20220824072000","375","0","高雄市","茄萣區","120.185","22.890","64"
"405","126227","20220824072000","293","2","高雄市","湖內區","120.235","22.895","442"
"159","126236","20220824072000","99","3","高雄市","湖內區","120.225","22.880","136"
"542","126244","20220824072000","448","2","高雄市","湖內區","120.225","22.895","551"
"515","126247","20220824072000","352","2","高雄市","湖內區","120.240","22.870","488"
"189","126249","20220824072000","161","1","高雄市","湖內區","120.235","22.875","198"
"254","126256","20220824072000","223","1","高雄市","湖內區","120.240","22.885","251"
"731","126258","20220824072000","710","1","高雄市","湖內區","120.250","22.875","725"
"177","126273","20220824072000","161","1","高雄市","美濃區","120.545","22.895","189"
"275","126301","20220824072000","224","2","臺東縣","鹿野鄉","121.085","22.900","283"
"271","126303","20220824072000","250","1","臺東縣","延平鄉","121.075","22.905","307"
"13","126313","20220824072000","26","0","臺東縣","延平鄉","121.090","22.915","18"
"38","126423","20220824072000","28","2","臺東縣","延平鄉","121.100","22.910","27"
"154","127499","20220824072000","167","0","臺東縣","延平鄉","121.150","22.900","198"
"19","127566","20220824072000","15","2","臺東縣","鹿野鄉","121.120","22.920","15"
"13","127569","20220824072000","190","0","臺東縣","鹿野鄉","121.120","22.925","14"
"275","127581","20220824072000","154","3","臺東縣","鹿野鄉","121.120","22.930","235"
"126","127584","20220824072000","106","1","臺東縣","鹿野鄉","121.135","22.930","153"
"66","127600","20220824072000","52","2","臺東縣","鹿野鄉","121.135","22.945","78"
"160","127605","20220824072000","110","2","高雄市","田寮區","120.395","22.850","150"
"67","127613","20220824072000","41","3","高雄市","田寮區","120.380","22.875","62"
"291","127617","20220824072000","265","1","高雄市","田寮區","120.385","22.880","288"
"54","127622","20220824072000","44","2","高雄市","田寮區","120.390","22.885","50"
"107","127652","20220824072000","97","1","高雄市","田寮區","120.360","22.880","118"
"71","127666","20220824072000","70","1","高雄市","田寮區","120.360","22.895","75"
"26","127698","20220824072000","52","0","高雄市","田寮區","120.425","22.885","26"
"304","127704","20220824072000","333","0","高雄市","茄萣區","120.180","22.900","299"
"51","127705","20220824072000","422","0","高雄市","茄萣區","120.185","22.900","59"
"207","127717","20220824072000","136","3","臺東縣","鹿野鄉","121.100","22.895","132"
"90","127724","20220824072000","46","3","臺東縣","鹿野鄉","121.135","22.895","64"
"229","127733","20220824072000","259","0","臺東縣","鹿野鄉","121.135","22.910","214"
"138","127737","20220824072000","105","2","臺東縣","鹿野鄉","121.135","22.920","128"
"12","127748","20220824072000","139","0","臺東縣","鹿野鄉","121.130","22.900","12"
"277","127754","20220824072000","218","2","臺東縣","鹿野鄉","121.120","22.905","280"
"1266","127765","20220824072000","1291","0","臺南市","仁德區","120.220","22.910","1290"
"61","127770","20220824072000","206","0","高雄市","湖內區","120.215","22.905","50"
"80","127835","20220824072000","59","2","臺東縣","東河鄉","121.235","22.940","91"
"189","127852","20220824072000","170","1","臺東縣","東河鄉","121.250","22.895","221"
"123","127889","20220824072000","87","2","臺東縣","東河鄉","121.255","22.915","126"
"25","127890","20220824072000","19","2","臺東縣","東河鄉","121.260","22.915","29"
"19","127912","20220824072000","184","0","臺東縣","東河鄉","121.265","22.925","26"
"198","127933","20220824072000","169","1","臺東縣","東河鄉","121.190","22.860","218"
"53","127935","20220824072000","52","1","臺東縣","東河鄉","121.200","22.860","45"
"859","127958","20220824072000","788","1","臺東縣","東河鄉","121.225","22.870","852"
"95","127984","20220824072000","13","3","臺東縣","東河鄉","121.225","22.880","98"
"130","127998","20220824072000","96","2","臺東縣","東河鄉","121.235","22.880","119"
"63","128028","20220824072000","58","1","臺東縣","東河鄉","121.245","22.890","59"
"46","128038","20220824072000","55","0","臺東縣","東河鄉","121.235","22.895","49"
"226","128060","20220824072000","280","0","高雄市","阿蓮區","120.345","22.860","249"
"46","128066","20220824072000","489","0","高雄市","阿蓮區","120.320","22.850","58"
"140","128071","20220824072000","94","2","高雄市","阿蓮區","120.320","22.855","130"
"256","128073","20220824072000","187","2","高雄市","阿蓮區","120.330","22.855","242"
"1251","128075","20220824072000","921","2","高雄市","阿蓮區","120.325","22.875","1217"
"1419","128076","20220824072000","1061","2","高雄市","阿蓮區","120.325","22.880","1433"
"13","128078","20220824072000","282","0","高雄市","路竹區","120.305","22.860","20"
"249","128090","20220824072000","213","1","高雄市","阿蓮區","120.310","22.870","249"
"137","128091","20220824072000","125","1","高雄市","阿蓮區","120.315","22.870","139"
"72","128097","20220824072000","83","0","高雄市","阿蓮區","120.315","22.880","88"
"57","128418","20220824072000","51","1","高雄市","茂林區","120.715","22.910","68"
"75","128722","20220824072000","65","1","高雄市","茂林區","120.665","22.885","72"
"62","128723","20220824072000","35","3","高雄市","茂林區","120.670","22.885","71"
"14","128748","20220824072000","245","0","高雄市","旗山區","120.480","22.890","19"
"18","128751","20220824072000","15","2","高雄市","旗山區","120.475","22.850","12"
"495","128754","20220824072000","365","2","高雄市","路竹區","120.300","22.880","475"
"163","128758","20220824072000","124","2","高雄市","阿蓮區","120.305","22.890","137"
"21","128759","20220824072000","234","0","高雄市","阿蓮區","120.310","22.890","18"
"289","128764","20220824072000","236","2","高雄市","阿蓮區","120.330","22.880","293"
"903","128765","20220824072000","684","2","高雄市","阿蓮區","120.335","22.880","903"
"184","128766","20220824072000","170","1","高雄市","阿蓮區","120.340","22.880","195"
"243","128769","20220824072000","205","1","高雄市","阿蓮區","120.330","22.885","225"
"256","128776","20220824072000","211","2","高雄市","阿蓮區","120.320","22.890","234"
"147","128782","20220824072000","143","1","高雄市","阿蓮區","120.335","22.870","142"
"424","128789","20220824072000","300","2","高雄市","田寮區","120.355","22.870","435"
"715","128797","20220824072000","439","3","高雄市","茄萣區","120.185","22.905","692"
"271","128798","20220824072000","214","2","高雄市","茄萣區","120.190","22.905","294"
"65","128803","20220824072000","84","0","高雄市","茄萣區","120.195","22.855","66"
"63","128807","20220824072000","86","0","高雄市","茄萣區","120.195","22.860","65"
"342","128823","20220824072000","248","2","高雄市","茄萣區","120.190","22.870","352"
"444","128824","20220824072000","304","2","高雄市","茄萣區","120.195","22.870","441"
"215","128825","20220824072000","213","1","高雄市","茄萣區","120.200","22.870","200"
"19","128829","20220824072000","14","2","高雄市","茄萣區","120.190","22.875","16"
"435","128830","20220824072000","353","2","高雄市","茄萣區","120.195","22.875","435"
"289","128833","20220824072000","246","1","高雄市","茄萣區","120.210","22.875","275"
"198","128847","20220824072000","200","0","高雄市","茄萣區","120.190","22.910","198"
"419","128850","20220824072000","551","0","高雄市","茄萣區","120.185","22.910","392"
"211","128866","20220824072000","222","0","高雄市","旗山區","120.475","22.870","237"
"83","128884","20220824072000","112","0","高雄市","旗山區","120.455","22.880","90"
"80","128886","20220824072000","176","0","高雄市","旗山區","120.465","22.880","83"
"12","128887","20220824072000","15","0","高雄市","旗山區","120.470","22.880","15"
"795","128898","20220824072000","585","2","高雄市","旗山區","120.470","22.855","781"
"374","128911","20220824072000","337","1","高雄市","旗山區","120.500","22.925","382"
"241","128916","20220824072000","176","2","高雄市","旗山區","120.500","22.930","254"
"198","128946","20220824072000","139","2","高雄市","杉林區","120.525","22.930","211"
"523","134975","20220824072000","380","2","臺南市","安南區","120.210","23.035","524"
"587","134976","20220824072000","488","2","臺南市","安南區","120.210","23.040","600"
"1298","134977","20220824072000","1127","1","臺南市","安南區","120.215","23.040","1296"
"1238","134978","20220824072000","973","2","臺南市","安南區","120.215","23.030","1319"
"461","134979","20220824072000","376","2","臺南市","安南區","120.215","23.035","479"
"443","134985","20220824072000","417","1","臺南市","安南區","120.195","23.025","445"
"408","134991","20220824072000","295","2","臺南市","關廟區","120.300","22.995","390"
"77","134995","20220824072000","35","3","臺南市","關廟區","120.320","22.995","49"
"40","134999","20220824072000","195","0","臺南市","關廟區","120.305","23.000","34"
"58","135010","20220824072000","157","0","臺南市","關廟區","120.320","23.005","235"
"372","135015","20220824072000","188","3","臺南市","關廟區","120.305","23.010","333"
"916","135022","20220824072000","816","1","臺南市","關廟區","120.325","22.965","1002"
"25","135028","20220824072000","208","0","臺南市","關廟區","120.360","22.965","25"
"270","135056","20220824072000","202","2","臺南市","關廟區","120.330","22.965","257"
"26","135059","20220824072000","343","0","臺南市","關廟區","120.325","22.975","36"
"311","135061","20220824072000","2215","0","臺南市","中西區","120.210","22.985","297"
"219","135062","20220824072000","1817","0","臺南市","永康區","120.235","23.005","229"
"1329","135063","20220824072000","1394","0","臺南市","東區","120.230","22.980","1288"
"275","135064","20220824072000","221","2","臺南市","安南區","120.125","23.040","252"
"334","135074","20220824072000","256","2","臺南市","南區","120.175","22.965","325"
"1465","135079","20220824072000","1484","0","臺南市","南區","120.185","22.970","1465"
"528","135080","20220824072000","523","1","臺南市","南區","120.175","22.975","437"
"356","135081","20220824072000","344","1","臺南市","南區","120.180","22.975","360"
"1136","135083","20220824072000","868","2","臺南市","南區","120.185","22.980","1117"
"1483","135084","20220824072000","1049","2","臺南市","北區","120.210","23.020","1521"
"1366","135085","20220824072000","1618","0","臺南市","南區","120.200","22.980","1416"
"14","135086","20220824072000","82","0","臺南市","南區","120.205","22.970","11"
"295","135087","20220824072000","233","2","臺南市","南區","120.195","22.970","284"
"976","135088","20220824072000","1035","0","臺南市","南區","120.190","22.960","1043"
"22","135461","20220824072000","27","0","臺東縣","海端鄉","121.130","23.000","35"
"193","135797","20220824072000","122","3","臺東縣","關山鎮","121.145","23.020","172"
"2043","135951","20220824072000","1727","1","臺南市","永康區","120.230","23.010","2079"
"3558","135952","20220824072000","3814","0","臺南市","永康區","120.225","23.020","3599"
"837","135953","20220824072000","959","0","臺南市","永康區","120.220","23.025","802"
"352","135954","20220824072000","367","0","臺南市","永康區","120.225","23.025","347"
"1326","135956","20220824072000","1302","1","臺南市","永康區","120.235","23.025","1271"
"573","135957","20220824072000","391","2","臺南市","永康區","120.225","23.030","514"
"154","135958","20220824072000","182","0","臺南市","永康區","120.230","23.030","134"
"31","135959","20220824072000","973","0","臺南市","永康區","120.255","22.995","30"
"822","135960","20220824072000","919","0","臺南市","永康區","120.255","23.000","769"
"115","135961","20220824072000","1112","0","臺南市","永康區","120.260","23.000","132"
"388","135963","20220824072000","405","0","臺南市","永康區","120.260","23.005","389"
"1577","135966","20220824072000","1408","1","臺南市","安南區","120.205","23.030","1602"
"771","135967","20220824072000","681","1","臺南市","安南區","120.210","23.030","767"
"357","135969","20220824072000","285","2","臺南市","安南區","120.220","23.040","382"
"2091","135971","20220824072000","1730","2","臺南市","中西區","120.190","23.005","2090"
"172","135972","20220824072000","609","0","臺南市","永康區","120.250","23.005","178"
"400","135976","20220824072000","429","0","臺南市","歸仁區","120.300","22.965","359"
"651","135980","20220824072000","435","2","臺南市","南區","120.195","22.980","628"
"1231","135981","20220824072000","988","2","臺南市","南區","120.190","22.970","1258"
"698","135982","20220824072000","1204","0","臺南市","中西區","120.190","23.000","748"
"1853","135983","20220824072000","1047","3","臺南市","中西區","120.195","23.000","1838"
"2472","135984","20220824072000","2113","1","臺南市","中西區","120.175","23.005","2517"
"258","135985","20220824072000","253","1","臺南市","中西區","120.180","23.000","270"
"668","135986","20220824072000","498","2","臺南市","安南區","120.165","23.005","734"
"64","135989","20220824072000","930","0","臺南市","永康區","120.255","23.035","71"
"1107","135990","20220824072000","946","1","臺南市","永康區","120.260","23.030","1142"
"2203","135991","20220824072000","1931","1","臺南市","永康區","120.260","23.035","2230"
"377","135992","20220824072000","316","1","臺南市","永康區","120.255","23.040","380"
"2703","135993","20220824072000","2660","1","臺南市","永康區","120.230","23.015","2776"
"957","135994","20220824072000","1086","0","臺南市","永康區","120.230","23.020","947"
"536","135995","20220824072000","396","2","臺南市","安南區","120.205","23.035","533"
"862","135997","20220824072000","878","0","臺南市","永康區","120.220","23.020","871"
"995","135998","20220824072000","635","3","臺南市","北區","120.195","23.010","979"
"2244","136000","20220824072000","2027","1","臺南市","北區","120.195","23.015","2249"
"816","136001","20220824072000","794","1","臺南市","北區","120.200","23.015","828"
"523","136002","20220824072000","370","2","臺南市","北區","120.195","23.005","521"
"1407","136005","20220824072000","1079","2","臺南市","南區","120.190","22.985","1427"
"47","136006","20220824072000","179","0","臺南市","南區","120.210","22.975","38"
"530","136008","20220824072000","447","1","臺南市","北區","120.185","23.010","516"
"612","136009","20220824072000","765","0","臺南市","北區","120.190","23.010","608"
"141","136012","20220824072000","905","0","臺南市","永康區","120.270","23.010","149"
"1667","136013","20220824072000","1255","2","臺南市","中西區","120.195","22.990","1610"
"990","136014","20220824072000","783","2","臺南市","仁德區","120.255","22.975","1012"
"75","136018","20220824072000","118","0","臺南市","仁德區","120.255","22.980","68"
"633","136020","20220824072000","398","3","臺南市","北區","120.200","23.010","618"
"1248","136021","20220824072000","739","3","臺南市","北區","120.200","23.020","1212"
"1261","136022","20220824072000","1019","2","臺南市","北區","120.205","23.015","1278"
"2040","136023","20220824072000","1192","3","臺南市","北區","120.210","23.015","2040"
"226","136025","20220824072000","186","2","臺南市","北區","120.205","23.020","246"
"469","136030","20220824072000","398","1","臺南市","永康區","120.275","23.030","518"
"1838","136034","20220824072000","1342","2","臺南市","永康區","120.235","23.020","1902"
"206","136035","20220824072000","341","0","臺南市","永康區","120.240","23.020","300"
"520","136036","20220824072000","725","0","臺南市","永康區","120.245","23.020","530"
"318","136037","20220824072000","2203","0","臺南市","永康區","120.250","23.020","337"
"661","136042","20220824072000","732","0","臺南市","永康區","120.250","23.025","677"
"628","136043","20220824072000","414","3","臺南市","關廟區","120.330","22.955","598"
"481","136044","20220824072000","363","2","臺南市","關廟區","120.330","22.960","469"
"29","136047","20220824072000","106","0","臺南市","關廟區","120.340","22.970","156"
"701","136049","20220824072000","628","1","臺南市","關廟區","120.335","22.960","620"
"426","136054","20220824072000","225","3","臺南市","關廟區","120.345","22.965","362"
"40","136056","20220824072000","39","1","臺南市","關廟區","120.355","22.965","43"
"1612","136059","20220824072000","1243","2","臺南市","北區","120.205","23.005","1579"
"837","136061","20220824072000","836","1","臺南市","南區","120.200","22.970","810"
"537","136062","20220824072000","514","1","臺南市","中西區","120.205","22.990","547"
"923","136063","20220824072000","826","1","臺南市","中西區","120.200","22.985","920"
"1338","136064","20220824072000","1290","1","臺南市","中西區","120.200","22.990","1284"
"847","136065","20220824072000","670","2","臺南市","中西區","120.200","22.995","873"
"407","136067","20220824072000","379","1","臺南市","永康區","120.270","22.995","411"
"67","136070","20220824072000","982","0","臺南市","永康區","120.265","23.005","75"
"2079","136071","20220824072000","1731","2","臺南市","永康區","120.255","23.030","2003"
"161","136072","20220824072000","435","0","臺南市","關廟區","120.335","22.955","159"
"549","136080","20220824072000","359","3","臺南市","關廟區","120.325","22.955","547"
"392","136081","20220824072000","391","1","臺南市","關廟區","120.315","22.960","388"
"889","136083","20220824072000","542","3","臺南市","關廟區","120.325","22.960","938"
"243","136085","20220824072000","114","3","臺南市","東區","120.220","22.990","225"
"2739","136087","20220824072000","2489","1","臺南市","東區","120.225","22.985","2725"
"1356","136088","20220824072000","1114","2","臺南市","東區","120.230","22.990","1356"
"1873","136089","20220824072000","1846","1","臺南市","東區","120.230","22.995","1805"
"882","136090","20220824072000","712","2","臺南市","東區","120.235","22.995","925"
"814","136091","20220824072000","976","0","臺南市","北區","120.220","23.000","1362"
"613","136093","20220824072000","473","2","臺南市","中西區","120.180","23.005","587"
"1887","136094","20220824072000","1932","0","臺南市","中西區","120.185","23.005","1848"
"1822","136095","20220824072000","1460","2","臺南市","北區","120.225","23.005","1771"
"525","136096","20220824072000","383","2","臺南市","北區","120.225","23.000","492"
"133","136100","20220824072000","93","2","臺南市","仁德區","120.235","22.950","116"
"212","136101","20220824072000","195","1","臺南市","仁德區","120.235","22.955","224"
"1388","136102","20220824072000","1051","2","臺南市","仁德區","120.230","22.955","1381"
"216","136104","20220824072000","149","2","臺南市","仁德區","120.240","22.955","157"
"1881","136105","20220824072000","1430","2","臺南市","仁德區","120.255","22.955","1911"
"223","136109","20220824072000","285","0","臺南市","仁德區","120.250","22.955","210"
"19","136111","20220824072000","12","3","臺南市","仁德區","120.265","22.955","12"
"75","136113","20220824072000","562","0","臺南市","仁德區","120.265","22.960","91"
"841","136115","20220824072000","726","1","臺南市","北區","120.220","23.010","831"
"317","136118","20220824072000","1140","0","臺南市","中西區","120.210","22.995","363"
"563","136119","20220824072000","1061","0","臺南市","中西區","120.210","22.990","550"
"1265","136120","20220824072000","1457","0","臺南市","北區","120.205","23.000","1258"
"1564","136122","20220824072000","1175","2","臺南市","東區","120.225","22.965","1571"
"1175","136123","20220824072000","867","2","臺南市","東區","120.220","22.970","1216"
"89","136124","20220824072000","822","0","臺南市","東區","120.225","22.970","81"
"1081","136125","20220824072000","1636","0","臺南市","東區","120.225","22.990","1051"
"675","136126","20220824072000","647","1","臺南市","東區","120.235","22.990","664"
"928","136128","20220824072000","769","2","臺南市","東區","120.245","22.990","945"
"339","136131","20220824072000","341","0","臺南市","歸仁區","120.275","22.960","338"
"468","136132","20220824072000","383","2","臺南市","歸仁區","120.280","22.960","453"
"18","136145","20220824072000","499","0","臺南市","南區","120.205","22.980","24"
"864","136146","20220824072000","1293","0","臺南市","南區","120.210","22.980","884"
"673","136147","20220824072000","547","2","臺南市","安平區","120.165","22.990","679"
"27","136148","20220824072000","81","0","臺南市","永康區","120.245","22.995","26"
"976","136149","20220824072000","698","2","臺南市","永康區","120.245","23.005","994"
"1179","136151","20220824072000","1171","1","臺南市","永康區","120.245","23.010","1194"
"141","136152","20220824072000","1077","0","臺南市","永康區","120.250","23.010","138"
"130","136155","20220824072000","48","3","臺南市","關廟區","120.320","22.970","115"
"68","136163","20220824072000","64","1","臺南市","關廟區","120.310","22.980","65"
"1877","136181","20220824072000","1316","2","臺南市","北區","120.200","23.000","1902"
"53","136182","20220824072000","79","0","臺南市","南區","120.195","22.985","45"
"423","136184","20220824072000","276","3","臺南市","仁德區","120.225","22.960","356"
"348","136185","20220824072000","320","1","臺南市","東區","120.230","22.960","366"
"55","136186","20220824072000","57","0","臺南市","歸仁區","120.275","22.995","47"
"444","136188","20220824072000","406","1","臺南市","歸仁區","120.275","23.000","444"
"336","136195","20220824072000","257","2","臺南市","歸仁區","120.290","22.995","347"
"58","136196","20220824072000","323","0","臺南市","歸仁區","120.295","22.995","59"
"1946","136199","20220824072000","1278","3","臺南市","北區","120.210","23.005","1924"
"1297","136200","20220824072000","829","3","臺南市","東區","120.215","22.995","1314"
"572","136229","20220824072000","518","1","臺南市","安南區","120.195","23.030","560"
"1020","136230","20220824072000","1007","1","臺南市","安南區","120.195","23.035","1024"
"574","136231","20220824072000","461","2","臺南市","南區","120.190","22.965","571"
"13","136248","20220824072000","17","0","臺南市","左鎮區","120.405","22.995","19"
"97","136271","20220824072000","60","3","臺南市","左鎮區","120.420","23.010","78"
"48","136316","20220824072000","76","0","臺南市","左鎮區","120.395","23.010","41"
"46","136343","20220824072000","29","3","臺南市","左鎮區","120.385","23.035","26"
"3491","136422","20220824072000","3490","1","臺南市","東區","120.235","22.985","3489"
"1017","136423","20220824072000","686","2","臺南市","東區","120.215","22.990","1022"
"560","136430","20220824072000","513","1","臺南市","歸仁區","120.285","22.980","555"
"186","136438","20220824072000","151","2","臺南市","歸仁區","120.280","22.990","193"
"459","136444","20220824072000","415","1","臺南市","歸仁區","120.295","22.975","492"
"568","136452","20220824072000","460","2","臺南市","歸仁區","120.285","22.960","547"
"677","136453","20220824072000","381","3","臺南市","歸仁區","120.280","22.965","663"
"33","136454","20220824072000","55","0","臺南市","歸仁區","120.285","22.965","35"
"742","136455","20220824072000","603","2","臺南市","歸仁區","120.285","22.970","738"
"43","136457","20220824072000","554","0","臺南市","仁德區","120.270","22.970","33"
"1061","136458","20220824072000","899","1","臺南市","歸仁區","120.275","22.970","1081"
"456","136459","20220824072000","347","2","臺南市","歸仁區","120.280","22.970","468"
"394","136460","20220824072000","332","1","臺南市","南區","120.200","22.975","403"
"738","136461","20220824072000","426","3","臺南市","南區","120.195","22.960","701"
"2154","136462","20220824072000","1726","2","臺南市","南區","120.190","22.980","2156"
"369","136475","20220824072000","301","2","臺南市","安南區","120.130","23.015","346"
"74","136483","20220824072000","59","2","臺南市","安南區","120.135","23.020","73"
"762","136490","20220824072000","537","2","臺南市","安南區","120.185","23.025","754"
"542","136495","20220824072000","494","1","臺南市","東區","120.235","22.980","578"
"328","136496","20220824072000","276","1","臺南市","永康區","120.255","23.010","288"
"1210","136497","20220824072000","1179","1","臺南市","永康區","120.255","23.015","1226"
"555","136498","20220824072000","692","0","臺南市","永康區","120.260","23.015","533"
"28","136501","20220824072000","317","0","臺南市","永康區","120.280","23.010","33"
"117","136503","20220824072000","606","0","臺南市","永康區","120.270","23.015","101"
"1229","136507","20220824072000","869","2","臺南市","永康區","120.275","23.020","1267"
"95","136508","20220824072000","690","0","臺南市","永康區","120.280","23.020","99"
"83","136509","20220824072000","1568","0","臺南市","安平區","120.175","22.995","105"
"345","136512","20220824072000","232","2","臺南市","安南區","120.160","23.005","316"
"953","136513","20220824072000","639","2","臺南市","安平區","120.190","22.990","1013"
"387","136515","20220824072000","465","0","臺南市","永康區","120.220","23.030","382"
"650","136516","20220824072000","534","2","臺南市","東區","120.245","22.980","581"
"736","136517","20220824072000","717","1","臺南市","仁德區","120.250","22.980","737"
"2541","136518","20220824072000","1846","2","臺南市","東區","120.215","22.980","2589"
"2167","136520","20220824072000","2263","0","臺南市","東區","120.245","22.985","2132"
"1256","136521","20220824072000","850","2","臺南市","仁德區","120.250","22.985","1311"
"746","136523","20220824072000","715","1","臺南市","安平區","120.160","22.990","745"
"574","136525","20220824072000","454","2","臺南市","安平區","120.160","22.995","555"
"1044","136532","20220824072000","846","2","臺南市","安平區","120.165","22.985","1063"
"950","136533","20220824072000","610","3","臺南市","安平區","120.170","22.985","946"
"676","136534","20220824072000","756","0","臺南市","安平區","120.175","22.985","653"
"1380","136535","20220824072000","965","2","臺南市","安平區","120.170","22.990","1382"
"996","136536","20220824072000","835","1","臺南市","安平區","120.175","22.990","971"
"298","136539","20220824072000","230","2","臺南市","安平區","120.150","22.995","251"
"306","136541","20220824072000","223","2","臺南市","安平區","120.145","23.000","305"
"269","136542","20220824072000","132","3","臺南市","安平區","120.150","23.000","272"
"407","136543","20220824072000","275","2","臺南市","安平區","120.155","23.000","397"
"316","136544","20220824072000","203","3","臺南市","安平區","120.160","23.000","304"
"1035","136545","20220824072000","1481","0","臺南市","東區","120.240","22.980","973"
"496","136546","20220824072000","485","1","臺南市","東區","120.225","22.995","518"
"1565","136547","20220824072000","1441","1","臺南市","東區","120.235","22.965","1508"
"899","136548","20220824072000","822","1","臺南市","東區","120.220","22.975","929"
"631","136549","20220824072000","575","1","臺南市","歸仁區","120.300","22.960","648"
"63","136550","20220824072000","95","0","臺南市","歸仁區","120.305","22.960","58"
"539","136553","20220824072000","511","1","臺南市","歸仁區","120.285","23.005","534"
"152","136560","20220824072000","1630","0","臺南市","南區","120.195","22.975","141"
"285","136561","20220824072000","1986","0","臺南市","永康區","120.240","23.015","295"
"957","136562","20220824072000","717","2","臺南市","永康區","120.245","23.015","957"
"661","136563","20220824072000","879","0","臺南市","永康區","120.250","23.015","628"
"1737","136564","20220824072000","1014","3","臺南市","永康區","120.230","23.005","1668"
"1920","136565","20220824072000","2434","0","臺南市","永康區","120.235","23.000","1951"
"1084","136566","20220824072000","1694","0","臺南市","北區","120.230","23.000","1026"
"946","136567","20220824072000","1125","0","臺南市","永康區","120.270","23.005","982"
"1296","136568","20220824072000","1119","1","臺南市","永康區","120.265","23.010","1256"
"160","136570","20220824072000","1253","0","臺南市","永康區","120.265","23.020","184"
"43","136572","20220824072000","482","0","臺南市","永康區","120.260","22.995","42"
"744","136573","20220824072000","705","1","臺南市","永康區","120.265","23.000","739"
"499","136574","20220824072000","462","1","臺南市","安南區","120.200","23.025","500"
"1072","136575","20220824072000","718","2","臺南市","安南區","120.205","23.025","1037"
"1187","136576","20220824072000","802","2","臺南市","安南區","120.210","23.025","1194"
"2645","136577","20220824072000","2198","2","臺南市","北區","120.225","23.010","2681"
"1511","136578","20220824072000","1412","1","臺南市","北區","120.215","23.010","1540"
"1190","136579","20220824072000","854","2","臺南市","北區","120.215","23.015","1231"
"160","136580","20220824072000","374","0","臺南市","南化區","120.495","23.030","175"
"51","136584","20220824072000","19","3","臺南市","南化區","120.500","23.035","42"
"33","136586","20220824072000","25","2","臺南市","南化區","120.465","23.040","20"
"46","136602","20220824072000","27","3","臺南市","南化區","120.465","23.010","38"
"1324","136671","20220824072000","987","2","臺南市","中西區","120.170","23.000","1301"
"1924","136672","20220824072000","1725","1","臺南市","中西區","120.175","23.000","1914"
"448","136674","20220824072000","652","0","臺南市","中西區","120.185","23.000","608"
"1822","136675","20220824072000","1719","1","臺南市","安平區","120.165","22.995","1761"
"575","136676","20220824072000","496","1","臺南市","安平區","120.170","22.995","524"
"1588","136677","20220824072000","1325","1","臺南市","安平區","120.185","22.990","1684"
"295","136678","20220824072000","273","1","臺南市","安平區","120.180","22.995","333"
"1044","136679","20220824072000","1143","0","臺南市","安平區","120.185","22.995","150"
"1018","136680","20220824072000","833","2","臺南市","安平區","120.180","22.985","1011"
"1862","136681","20220824072000","1336","2","臺南市","安平區","120.180","22.990","1949"
"13","136684","20220824072000","503","0","臺南市","安南區","120.190","23.040","23"
"324","136690","20220824072000","269","2","臺南市","南區","120.215","22.955","306"
"468","136695","20220824072000","391","1","臺南市","南區","120.210","22.965","464"
"784","136696","20220824072000","865","0","臺南市","南區","120.215","22.965","708"
"2403","136697","20220824072000","1707","2","臺南市","南區","120.185","22.965","2362"
"692","136701","20220824072000","454","3","臺南市","南區","120.170","22.955","711"
"268","136709","20220824072000","111","3","臺南市","南區","120.165","22.965","239"
"490","136712","20220824072000","488","1","臺南市","仁德區","120.220","22.955","539"
"458","136717","20220824072000","318","2","臺南市","仁德區","120.255","22.965","460"
"288","136718","20220824072000","292","0","臺南市","仁德區","120.260","22.965","231"
"29","136720","20220824072000","277","0","臺南市","仁德區","120.270","22.965","47"
"227","136721","20220824072000","1314","0","臺南市","仁德區","120.255","22.970","227"
"634","136722","20220824072000","417","3","臺南市","仁德區","120.260","22.970","626"
"2162","136727","20220824072000","1652","2","臺南市","北區","120.220","23.005","2187"
"1842","136728","20220824072000","1489","2","臺南市","北區","120.200","23.005","1832"
"558","136732","20220824072000","398","2","臺南市","仁德區","120.260","22.985","573"
"1113","136738","20220824072000","779","2","臺南市","仁德區","120.260","22.990","1129"
"30","136741","20220824072000","59","0","臺南市","仁德區","120.265","22.995","33"
"457","136752","20220824072000","209","3","臺南市","安南區","120.185","23.035","457"
"650","136755","20220824072000","602","1","臺南市","安南區","120.185","23.040","647"
"2723","136756","20220824072000","2244","2","臺南市","中西區","120.205","22.995","2744"
"694","136758","20220824072000","622","1","臺南市","永康區","120.250","23.000","670"
"509","136763","20220824072000","417","2","臺南市","安南區","120.200","23.040","473"
"1107","136764","20220824072000","2680","0","臺南市","安南區","120.190","23.025","1161"
"120","136765","20220824072000","133","0","臺南市","安南區","120.140","23.000","165"
"2351","136786","20220824072000","2254","1","臺南市","北區","120.210","23.000","2411"
"1100","136787","20220824072000","535","3","臺南市","中西區","120.195","22.995","1183"
"753","136788","20220824072000","833","0","臺南市","中西區","120.205","22.985","768"
"842","136789","20220824072000","1152","0","臺南市","東區","120.225","22.980","842"
"4332","136790","20220824072000","3355","2","臺南市","東區","120.220","22.985","4483"
"471","136791","20220824072000","576","0","臺南市","永康區","120.225","23.015","508"
"1205","136792","20220824072000","1163","1","臺南市","永康區","120.240","23.005","1192"
"133","136793","20220824072000","1087","0","臺南市","永康區","120.240","23.000","158"
"1116","136794","20220824072000","1801","0","臺南市","永康區","120.235","23.010","1136"
"1040","136795","20220824072000","700","2","臺南市","永康區","120.245","23.000","1001"
"1792","136799","20220824072000","1924","0","臺南市","新化區","120.300","23.035","1867"
"942","136800","20220824072000","1289","0","臺南市","東區","120.215","22.975","950"
"1110","136801","20220824072000","730","3","臺南市","東區","120.230","22.985","1124"
"2311","136802","20220824072000","1801","2","臺南市","東區","120.230","22.975","2296"
"118","136803","20220824072000","325","0","臺南市","東區","120.225","22.975","114"
"533","136804","20220824072000","358","2","臺南市","東區","120.230","22.970","534"
"1280","136805","20220824072000","1150","1","臺南市","東區","120.230","22.965","1289"
"624","136806","20220824072000","498","2","臺南市","南區","120.185","22.975","609"
"864","136808","20220824072000","979","0","臺南市","南區","120.210","22.970","819"
"745","136809","20220824072000","609","2","臺南市","東區","120.215","22.970","745"
"17","136812","20220824072000","308","0","臺南市","仁德區","120.245","22.955","18"
"232","136813","20220824072000","173","2","臺南市","仁德區","120.240","22.960","253"
"195","136814","20220824072000","127","3","臺南市","仁德區","120.245","22.960","176"
"283","136816","20220824072000","676","0","臺南市","仁德區","120.255","22.960","292"
"468","136817","20220824072000","431","1","臺南市","仁德區","120.240","22.965","493"
"48","136820","20220824072000","55","0","臺南市","仁德區","120.240","22.970","45"
"777","136821","20220824072000","525","2","臺南市","仁德區","120.245","22.970","772"
"745","136822","20220824072000","922","0","臺南市","仁德區","120.250","22.970","733"
"1145","136823","20220824072000","592","3","臺南市","仁德區","120.240","22.975","1150"
"1067","136824","20220824072000","1043","1","臺南市","仁德區","120.245","22.975","1119"
"605","136825","20220824072000","518","1","臺南市","仁德區","120.250","22.975","601"
"2031","136826","20220824072000","1812","1","臺南市","北區","120.215","23.005","2043"
"29","136851","20220824072000","202","0","高雄市","內門區","120.445","22.975","31"
"96","136939","20220824072000","40","3","高雄市","內門區","120.435","22.955","93"
"75","136953","20220824072000","60","2","高雄市","內門區","120.465","23.000","74"
"151","136958","20220824072000","193","0","高雄市","內門區","120.470","22.960","161"
"75","136970","20220824072000","59","2","高雄市","內門區","120.465","22.975","78"
"44","136996","20220824072000","49","0","高雄市","內門區","120.495","22.955","41"
"82","137008","20220824072000","115","0","高雄市","內門區","120.490","22.970","79"
"60","137020","20220824072000","86","0","高雄市","內門區","120.510","22.980","76"
"235","137023","20220824072000","252","0","高雄市","內門區","120.500","22.985","246"
"21","137048","20220824072000","89","0","高雄市","六龜區","120.660","23.005","17"
"64","137056","20220824072000","119","0","高雄市","六龜區","120.665","23.010","65"
"17","137071","20220824072000","55","0","臺南市","龍崎區","120.350","22.955","95"
"26","137124","20220824072000","18","2","臺南市","龍崎區","120.385","23.005","22"
"100","137130","20220824072000","78","2","臺南市","關廟區","120.370","22.960","88"
"302","137196","20220824072000","844","0","臺南市","安南區","120.190","23.020","282"
"39","137197","20220824072000","51","0","臺南市","南區","120.195","22.965","30"
"68","137201","20220824072000","233","0","臺南市","歸仁區","120.295","22.960","62"
"614","137202","20220824072000","588","1","臺南市","永康區","120.255","23.005","597"
"213","137251","20220824072000","212","1","高雄市","內門區","120.485","23.015","193"
"33","137259","20220824072000","27","2","高雄市","內門區","120.480","22.965","33"
"71","137275","20220824072000","92","0","高雄市","內門區","120.510","23.015","91"
"223","137311","20220824072000","72","3","高雄市","六龜區","120.650","22.975","204"
"360","137325","20220824072000","793","0","高雄市","六龜區","120.660","22.985","387"
"200","137409","20220824072000","96","3","高雄市","六龜區","120.640","22.990","202"
"192","137466","20220824072000","180","1","高雄市","六龜區","120.660","23.035","188"
"1023","137491","20220824072000","808","2","高雄市","六龜區","120.635","22.995","1001"
"192","137494","20220824072000","171","1","臺南市","安平區","120.165","23.000","202"
"19","137498","20220824072000","23","0","臺南市","安平區","120.155","22.980","14"
"200","137502","20220824072000","226","0","臺南市","安平區","120.150","22.990","187"
"666","137506","20220824072000","491","2","臺南市","永康區","120.260","23.020","641"
"470","137507","20220824072000","477","0","臺南市","永康區","120.250","23.030","504"
"179","137585","20220824072000","87","3","臺東縣","鹿野鄉","121.140","22.975","154"
"203","137592","20220824072000","142","2","臺東縣","鹿野鄉","121.140","22.985","214"
"77","137600","20220824072000","69","1","臺東縣","鹿野鄉","121.155","22.950","77"
"367","137609","20220824072000","342","1","臺東縣","鹿野鄉","121.155","22.955","390"
"506","137617","20220824072000","502","1","高雄市","旗山區","120.510","22.955","504"
"79","137618","20220824072000","108","0","高雄市","旗山區","120.515","22.955","65"
"210","137627","20220824072000","299","0","高雄市","旗山區","120.515","22.970","219"
"1041","137638","20220824072000","2228","0","臺南市","歸仁區","120.290","22.965","1031"
"26","137642","20220824072000","174","0","臺南市","永康區","120.275","23.035","32"
"48","137643","20220824072000","309","0","臺南市","永康區","120.280","23.035","48"
"15","137645","20220824072000","19","0","臺南市","永康區","120.275","23.040","13"
"626","137648","20220824072000","442","2","臺南市","新化區","120.305","23.030","642"
"729","137649","20220824072000","651","1","臺南市","永康區","120.240","23.010","753"
"913","137650","20220824072000","807","1","臺南市","永康區","120.215","23.020","883"
"592","137651","20220824072000","415","2","臺南市","北區","120.220","23.015","638"
"15","138036","20220824072000","68","0","臺東縣","成功鎮","121.315","22.990","13"
"120","138047","20220824072000","51","3","臺東縣","成功鎮","121.320","23.005","124"
"59","138061","20220824072000","39","3","臺東縣","成功鎮","121.325","23.020","61"
"244","138079","20220824072000","216","1","臺東縣","成功鎮","121.335","23.030","263"
"608","138095","20220824072000","182","3","臺東縣","關山鎮","121.170","23.040","577"
"108","138110","20220824072000","78","2","臺東縣","關山鎮","121.145","23.005","107"
"140","138197","20220824072000","124","1","臺東縣","關山鎮","121.175","23.015","170"
"91","138230","20220824072000","69","2","臺東縣","關山鎮","121.185","23.025","85"
"55","138241","20220824072000","39","2","臺東縣","鹿野鄉","121.130","22.955","60"
"243","138251","20220824072000","190","2","臺東縣","鹿野鄉","121.120","22.970","219"
"119","138278","20220824072000","124","0","臺東縣","鹿野鄉","121.150","22.980","140"
"135","138324","20220824072000","790","0","臺南市","新化區","120.300","23.020","153"
"364","138325","20220824072000","206","3","臺南市","新化區","120.305","23.020","340"
"372","138337","20220824072000","342","1","臺南市","安南區","120.125","23.035","364"
"185","138363","20220824072000","150","2","臺南市","安南區","120.140","23.030","184"
"561","138367","20220824072000","349","3","臺南市","安南區","120.160","23.030","558"
"254","138369","20220824072000","214","1","臺南市","安南區","120.135","23.035","244"
"196","138375","20220824072000","119","3","臺南市","安南區","120.140","23.040","194"
"518","138376","20220824072000","568","0","臺南市","安南區","120.145","23.040","525"
"376","138377","20220824072000","305","2","臺南市","安南區","120.150","23.040","384"
"318","138378","20220824072000","207","3","臺南市","安南區","120.155","23.040","342"
"56","138379","20220824072000","32","3","臺南市","安南區","120.160","23.040","40"
"34","138760","20220824072000","22","3","高雄市","桃源區","120.715","23.035","41"
"2558","138833","20220824072000","1826","2","臺南市","永康區","120.260","23.025","2541"
"21","138836","20220824072000","361","0","臺南市","永康區","120.265","23.030","19"
"812","138838","20220824072000","675","2","臺南市","永康區","120.265","23.035","823"
"165","138839","20220824072000","455","0","臺南市","永康區","120.265","23.040","147"
"61","138842","20220824072000","60","1","臺南市","永康區","120.280","23.040","58"
"50","138843","20220824072000","556","0","臺南市","新化區","120.300","23.040","50"
"43","138851","20220824072000","14","3","臺南市","新化區","120.375","23.010","48"
"21","138856","20220824072000","15","2","臺南市","新化區","120.365","23.010","25"
"187","138868","20220824072000","1027","0","臺南市","新化區","120.305","23.040","190"
"106","138909","20220824072000","229","0","臺南市","新化區","120.325","23.025","109"
"133","138910","20220824072000","26","3","臺南市","新化區","120.330","23.025","128"
"320","138917","20220824072000","2048","0","臺南市","新化區","120.310","23.035","320"
"1959","138922","20220824072000","1340","2","臺南市","東區","120.220","22.980","1894"
"2055","138923","20220824072000","1217","3","臺南市","東區","120.235","22.970","2056"
"1028","138926","20220824072000","979","1","臺南市","永康區","120.230","23.035","1036"
"1466","138928","20220824072000","1283","1","臺南市","永康區","120.235","23.040","1495"
"1123","138932","20220824072000","1176","0","臺南市","永康區","120.240","23.035","1126"
"156","138933","20220824072000","320","0","臺南市","永康區","120.245","23.035","129"
"738","138935","20220824072000","687","1","臺南市","永康區","120.240","23.040","758"
"3284","138936","20220824072000","2092","3","臺南市","永康區","120.245","23.040","3310"
"160","138937","20220824072000","148","1","臺南市","永康區","120.250","23.040","163"
"34","138942","20220824072000","237","0","臺東縣","東河鄉","121.285","23.000","28"
"111","138962","20220824072000","103","1","臺東縣","東河鄉","121.280","23.020","117"
"31","138979","20220824072000","81","0","臺東縣","東河鄉","121.285","23.030","28"
"17","139027","20220824072000","65","0","臺東縣","東河鄉","121.240","22.965","16"
"36","139039","20220824072000","14","3","臺東縣","東河鄉","121.280","22.955","21"
"57","139060","20220824072000","302","0","臺東縣","東河鄉","121.300","22.970","67"
"29","139073","20220824072000","21","2","臺東縣","東河鄉","121.300","22.985","34"
"34","139131","20220824072000","21","3","臺東縣","東河鄉","121.260","22.980","39"
"44","139146","20220824072000","30","2","臺東縣","東河鄉","121.265","22.985","39"
"200","139164","20220824072000","112","3","臺東縣","東河鄉","121.280","22.990","207"
"180","139299","20220824072000","104","3","臺南市","新化區","120.330","23.015","191"
"39","139305","20220824072000","457","0","臺南市","新化區","120.310","23.020","51"
"14","139307","20220824072000","210","0","臺南市","新化區","120.330","23.020","17"
"94","139318","20220824072000","126","0","臺南市","新化區","120.355","23.020","96"
"12","139335","20220824072000","118","0","臺南市","新化區","120.335","23.035","17"
"58","139336","20220824072000","33","3","臺南市","新化區","120.340","23.035","59"
"1152","139358","20220824072000","1113","1","臺南市","東區","120.220","22.995","1105"
"58","139360","20220824072000","194","0","臺南市","東區","120.215","23.000","47"
"1034","139362","20220824072000","631","3","臺南市","東區","120.235","22.960","1049"
"335","139635","20220824072000","327","1","高雄市","杉林區","120.540","22.970","334"
"138","139644","20220824072000","135","1","高雄市","杉林區","120.550","22.975","134"
"106","139672","20220824072000","113","0","高雄市","杉林區","120.565","22.985","113"
"529","139718","20220824072000","371","2","高雄市","杉林區","120.540","22.965","501"
"52","139735","20220824072000","48","1","高雄市","杉林區","120.550","23.020","47"
"49","139796","20220824072000","74","0","高雄市","杉林區","120.550","23.000","56"
"114","139852","20220824072000","173","0","高雄市","杉林區","120.585","22.995","104"
"134","139897","20220824072000","160","0","高雄市","杉林區","120.565","23.015","155"
"55","139960","20220824072000","56","0","高雄市","杉林區","120.550","23.040","61"
"288","144971","20220824072000","188","3","臺南市","新市區","120.330","23.105","277"
"190","144982","20220824072000","937","0","臺南市","善化區","120.295","23.125","179"
"391","144986","20220824072000","348","1","臺南市","善化區","120.310","23.110","361"
"3630","144989","20220824072000","3076","1","臺南市","善化區","120.305","23.115","3693"
"577","144992","20220824072000","506","1","臺南市","善化區","120.320","23.115","552"
"453","144998","20220824072000","379","1","臺南市","善化區","120.310","23.125","462"
"2488","144999","20220824072000","1545","3","臺南市","善化區","120.315","23.125","2527"
"3995","145002","20220824072000","2066","3","臺南市","新市區","120.300","23.105","3963"
"3911","145007","20220824072000","2263","3","臺南市","善化區","120.295","23.115","4173"
"569","145022","20220824072000","415","2","臺南市","安定區","120.235","23.110","610"
"177","145025","20220824072000","278","0","臺南市","安定區","120.235","23.115","182"
"608","145026","20220824072000","657","0","臺南市","安定區","120.240","23.115","639"
"174","145031","20220824072000","120","2","臺南市","安定區","120.255","23.115","179"
"122","145032","20220824072000","261","0","臺南市","安定區","120.235","23.120","121"
"841","145050","20220824072000","672","2","臺南市","七股區","120.160","23.115","783"
"112","145054","20220824072000","91","2","臺南市","安南區","120.135","23.045","122"
"127","145055","20220824072000","140","0","臺南市","安南區","120.155","23.045","107"
"247","145067","20220824072000","2040","0","臺南市","安南區","120.195","23.045","238"
"28","145103","20220824072000","20","2","臺東縣","池上鄉","121.220","23.100","28"
"49","145114","20220824072000","34","2","臺東縣","池上鄉","121.225","23.105","54"
"72","145631","20220824072000","48","3","臺東縣","海端鄉","121.145","23.045","72"
"337","145817","20220824072000","387","0","臺東縣","海端鄉","121.175","23.095","330"
"703","146199","20220824072000","595","1","臺南市","西港區","120.205","23.115","710"
"1584","146201","20220824072000","1308","2","臺南市","西港區","120.200","23.120","1556"
"148","146215","20220824072000","586","0","臺南市","西港區","120.180","23.115","168"
"29","146227","20220824072000","581","0","臺南市","安南區","120.215","23.045","21"
"975","146231","20220824072000","632","3","臺南市","安南區","120.215","23.050","988"
"1548","146234","20220824072000","1260","2","臺南市","安南區","120.220","23.045","1439"
"248","146235","20220824072000","377","0","臺南市","安南區","120.225","23.045","309"
"173","146238","20220824072000","617","0","臺南市","安南區","120.235","23.050","175"
"181","146239","20220824072000","138","2","臺南市","永康區","120.240","23.050","180"
"129","146241","20220824072000","102","2","臺南市","安南區","120.235","23.055","135"
"1132","146244","20220824072000","1023","1","臺南市","安南區","120.230","23.060","1041"
"111","146245","20220824072000","59","3","臺南市","安南區","120.235","23.060","103"
"661","146251","20220824072000","659","1","臺南市","西港區","120.210","23.115","708"
"49","146265","20220824072000","67","0","臺南市","大內區","120.390","23.110","57"
"300","146341","20220824072000","220","2","臺南市","安南區","120.110","23.080","341"
"480","146347","20220824072000","817","0","臺南市","安南區","120.205","23.045","483"
"496","146348","20220824072000","487","1","臺南市","安南區","120.210","23.045","523"
"102","146361","20220824072000","75","2","臺南市","大內區","120.395","23.120","111"
"80","146366","20220824072000","54","2","臺南市","大內區","120.420","23.120","89"
"677","146385","20220824072000","343","3","臺南市","安南區","120.220","23.055","713"
"1054","146387","20220824072000","992","1","臺南市","安南區","120.215","23.060","1077"
"499","146388","20220824072000","429","1","臺南市","安南區","120.220","23.060","522"
"1449","146390","20220824072000","1609","0","臺南市","安南區","120.225","23.065","1463"
"85","146400","20220824072000","52","3","臺南市","七股區","120.160","23.100","80"
"26","146423","20220824072000","30","0","臺南市","七股區","120.100","23.120","23"
"2562","146430","20220824072000","2130","2","臺南市","新市區","120.290","23.070","2549"
"1813","146432","20220824072000","1304","2","臺南市","新市區","120.290","23.080","1753"
"3232","146433","20220824072000","2803","1","臺南市","新市區","120.295","23.080","3195"
"60","146437","20220824072000","523","0","臺南市","新市區","120.290","23.055","65"
"750","146444","20220824072000","561","2","臺南市","新市區","120.300","23.060","687"
"537","146450","20220824072000","312","3","臺南市","新市區","120.295","23.065","536"
"155","146459","20220824072000","115","2","臺南市","新市區","120.305","23.070","142"
"1801","146460","20220824072000","961","3","臺南市","新市區","120.295","23.075","1773"
"403","146461","20220824072000","287","2","臺南市","新市區","120.300","23.075","386"
"538","146468","20220824072000","484","1","臺南市","新市區","120.300","23.085","533"
"374","146478","20220824072000","275","2","臺南市","新市區","120.325","23.070","384"
"51","146482","20220824072000","49","1","臺南市","新市區","120.320","23.075","45"
"810","146495","20220824072000","985","0","臺南市","新市區","120.280","23.060","1499"
"186","146505","20220824072000","152","2","臺南市","新市區","120.280","23.075","190"
"3316","146506","20220824072000","2778","1","臺南市","新市區","120.285","23.075","3409"
"122","146509","20220824072000","81","3","臺南市","新市區","120.285","23.080","111"
"1091","146513","20220824072000","631","3","臺南市","新市區","120.280","23.090","1133"
"147","146522","20220824072000","294","0","臺南市","新市區","120.255","23.090","141"
"12","146523","20220824072000","16","0","臺南市","新市區","120.260","23.090","12"
"504","146525","20220824072000","389","2","臺南市","新市區","120.270","23.090","562"
"1382","146526","20220824072000","852","3","臺南市","新市區","120.275","23.090","1318"
"280","146529","20220824072000","181","3","臺南市","新市區","120.255","23.095","294"
"26","146532","20220824072000","39","0","臺南市","新市區","120.270","23.095","29"
"1008","146533","20220824072000","1168","0","臺南市","新市區","120.275","23.095","988"
"799","146535","20220824072000","419","3","臺南市","新市區","120.250","23.100","862"
"43","146536","20220824072000","91","0","臺南市","新市區","120.260","23.100","48"
"524","146537","20220824072000","409","2","臺南市","新市區","120.260","23.095","535"
"451","146541","20220824072000","514","0","臺南市","新市區","120.280","23.095","468"
"19","146542","20220824072000","111","0","臺南市","新市區","120.285","23.100","15"
"1206","146545","20220824072000","1065","1","臺南市","新市區","120.255","23.100","1424"
"30","146546","20220824072000","31","0","臺南市","善化區","120.260","23.105","35"
"21","146547","20220824072000","15","2","臺南市","新市區","120.265","23.100","20"
"403","146549","20220824072000","257","3","臺南市","新市區","120.275","23.100","391"
"375","146550","20220824072000","354","1","臺南市","新市區","120.280","23.100","384"
"623","146552","20220824072000","521","1","臺南市","新市區","120.265","23.105","611"
"1590","146554","20220824072000","1169","2","臺南市","新市區","120.275","23.105","1554"
"271","146562","20220824072000","283","0","臺南市","七股區","120.145","23.105","285"
"798","146587","20220824072000","428","3","臺南市","安定區","120.225","23.080","766"
"532","146590","20220824072000","424","2","臺南市","安定區","120.230","23.100","520"
"695","146602","20220824072000","602","1","臺南市","西港區","120.210","23.125","734"
"321","146614","20220824072000","180","3","臺南市","安南區","120.155","23.055","350"
"85","146615","20220824072000","115","0","臺南市","安南區","120.165","23.060","80"
"582","146616","20220824072000","520","1","臺南市","安南區","120.175","23.060","603"
"1142","146621","20220824072000","970","1","臺南市","安南區","120.175","23.070","1155"
"529","146661","20220824072000","389","2","臺南市","安南區","120.130","23.070","532"
"14","146695","20220824072000","279","0","臺南市","安南區","120.095","23.060","18"
"146","146704","20220824072000","67","3","臺南市","山上區","120.355","23.085","141"
"73","146707","20220824072000","91","0","臺南市","山上區","120.345","23.090","79"
"126","146712","20220824072000","279","0","臺南市","山上區","120.355","23.095","130"
"190","146713","20220824072000","149","2","臺南市","山上區","120.360","23.095","190"
"190","146727","20220824072000","245","0","臺南市","山上區","120.340","23.110","217"
"72","146773","20220824072000","73","0","臺南市","山上區","120.405","23.105","63"
"102","146783","20220824072000","98","1","臺南市","山上區","120.365","23.075","79"
"20","146806","20220824072000","14","2","臺南市","左鎮區","120.380","23.050","16"
"137","146822","20220824072000","127","1","臺南市","左鎮區","120.365","23.065","217"
"87","146848","20220824072000","112","0","臺南市","左鎮區","120.400","23.055","107"
"228","146850","20220824072000","200","1","臺南市","左鎮區","120.410","23.055","225"
"202","146853","20220824072000","163","2","臺南市","左鎮區","120.390","23.060","228"
"191","146890","20220824072000","258","0","臺南市","安南區","120.160","23.065","189"
"350","146891","20220824072000","302","1","臺南市","安南區","120.160","23.070","362"
"500","146892","20220824072000","455","1","臺南市","安南區","120.165","23.070","496"
"212","146896","20220824072000","164","2","臺南市","安南區","120.200","23.075","220"
"48","146931","20220824072000","932","0","臺南市","安南區","120.130","23.060","48"
"70","146932","20220824072000","562","0","臺南市","安南區","120.135","23.060","64"
"24","146947","20220824072000","220","0","臺南市","安南區","120.115","23.055","18"
"681","146954","20220824072000","616","1","臺南市","安南區","120.125","23.060","695"
"573","146957","20220824072000","459","2","臺南市","安南區","120.125","23.065","569"
"1052","146965","20220824072000","708","2","臺南市","山上區","120.355","23.105","1037"
"129","146969","20220824072000","104","2","臺南市","山上區","120.370","23.080","117"
"98","146971","20220824072000","103","0","臺南市","山上區","120.380","23.080","102"
"29","146979","20220824072000","279","0","臺南市","安定區","120.235","23.100","31"
"1967","146988","20220824072000","1398","2","臺南市","永康區","120.255","23.045","2004"
"91","146992","20220824072000","44","3","臺南市","永康區","120.260","23.050","93"
"175","147017","20220824072000","123","2","臺南市","安南區","120.145","23.075","167"
"680","147019","20220824072000","510","2","臺南市","安南區","120.135","23.080","684"
"204","147031","20220824072000","164","2","臺南市","安定區","120.220","23.105","208"
"179","147043","20220824072000","227","0","臺南市","安定區","120.260","23.110","181"
"31","147044","20220824072000","40","0","臺南市","安定區","120.260","23.115","26"
"737","147045","20220824072000","575","2","臺南市","安定區","120.255","23.120","718"
"4164","147046","20220824072000","3397","2","臺南市","安定區","120.260","23.120","4108"
"19","147047","20220824072000","30","0","臺南市","安定區","120.265","23.120","22"
"48","147048","20220824072000","181","0","臺南市","安定區","120.250","23.125","39"
"490","147051","20220824072000","764","0","臺南市","安定區","120.240","23.095","482"
"488","147056","20220824072000","929","0","臺南市","安定區","120.235","23.085","484"
"401","147068","20220824072000","1312","0","臺南市","安定區","120.235","23.095","413"
"186","147073","20220824072000","135","2","臺南市","安南區","120.180","23.045","169"
"1829","147074","20220824072000","1671","1","臺南市","安南區","120.185","23.045","1872"
"640","147075","20220824072000","626","1","臺南市","安南區","120.180","23.050","693"
"713","147079","20220824072000","462","3","臺南市","安南區","120.190","23.055","668"
"80","147083","20220824072000","190","0","臺南市","南化區","120.450","23.050","78"
"349","147121","20220824072000","231","3","臺南市","南化區","120.485","23.080","349"
"257","147153","20220824072000","182","2","臺南市","南化區","120.475","23.065","252"
"333","147170","20220824072000","251","2","臺南市","南化區","120.475","23.045","354"
"62","147181","20220824072000","90","0","臺南市","南化區","120.515","23.045","69"
"68","147248","20220824072000","55","2","臺南市","南化區","120.515","23.075","89"
"34","147252","20220824072000","28","2","臺南市","南化區","120.535","23.075","28"
"86","147257","20220824072000","74","1","臺南市","南化區","120.510","23.080","88"
"33","147271","20220824072000","35","0","臺南市","南化區","120.525","23.085","31"
"383","147381","20220824072000","326","1","臺南市","安南區","120.165","23.050","377"
"90","147382","20220824072000","481","0","臺南市","安南區","120.170","23.050","84"
"49","147391","20220824072000","43","1","臺東縣","池上鄉","121.205","23.100","40"
"413","147393","20220824072000","152","3","臺東縣","池上鄉","121.200","23.105","404"
"13","147394","20220824072000","12","1","臺東縣","池上鄉","121.205","23.105","12"
"200","147398","20220824072000","103","3","臺東縣","池上鄉","121.200","23.110","185"
"77","147404","20220824072000","78","0","臺東縣","池上鄉","121.200","23.115","68"
"451","147422","20220824072000","423","1","臺東縣","池上鄉","121.220","23.115","459"
"73","147425","20220824072000","86","0","臺東縣","池上鄉","121.210","23.120","66"
"466","147426","20220824072000","417","1","臺東縣","池上鄉","121.215","23.120","517"
"200","147427","20220824072000","944","0","臺東縣","池上鄉","121.220","23.120","174"
"32","147429","20220824072000","476","0","臺南市","安南區","120.120","23.075","29"
"92","147438","20220824072000","923","0","臺南市","安南區","120.205","23.050","82"
"1063","147448","20220824072000","994","1","臺南市","安南區","120.195","23.070","1068"
"429","147449","20220824072000","348","2","臺南市","安定區","120.200","23.070","393"
"941","147457","20220824072000","626","3","臺南市","新市區","120.280","23.105","939"
"2022","147458","20220824072000","1389","2","臺南市","善化區","120.265","23.110","1955"
"759","147459","20220824072000","1031","0","臺南市","善化區","120.270","23.110","910"
"1339","147460","20220824072000","877","3","臺南市","善化區","120.275","23.110","1302"
"31","147461","20220824072000","16","3","臺南市","善化區","120.280","23.110","27"
"1380","147464","20220824072000","1021","2","臺南市","善化區","120.270","23.115","1330"
"2281","147465","20220824072000","1650","2","臺南市","善化區","120.275","23.115","2291"
"22","147466","20220824072000","24","0","臺南市","善化區","120.280","23.115","21"
"79","147467","20220824072000","91","0","臺南市","善化區","120.285","23.115","113"
"567","147468","20220824072000","326","3","臺南市","善化區","120.270","23.120","494"
"14","147469","20220824072000","51","0","臺南市","善化區","120.275","23.120","15"
"1764","147475","20220824072000","876","3","臺南市","安南區","120.190","23.045","1727"
"276","147479","20220824072000","203","2","臺南市","安定區","120.215","23.075","243"
"679","147503","20220824072000","549","2","臺南市","大內區","120.370","23.115","672"
"180","147511","20220824072000","189","0","臺南市","安定區","120.205","23.080","179"
"537","147522","20220824072000","620","0","臺南市","安定區","120.210","23.090","568"
"838","147528","20220824072000","546","3","臺南市","安定區","120.215","23.095","838"
"575","147531","20220824072000","505","1","臺南市","安定區","120.210","23.095","562"
"1253","147539","20220824072000","583","3","臺南市","新市區","120.290","23.085","1251"
"890","147540","20220824072000","596","2","臺南市","新市區","120.285","23.090","885"
"1948","147548","20220824072000","1582","2","臺南市","新市區","120.290","23.100","1883"
"245","147550","20220824072000","253","0","臺南市","新市區","120.285","23.105","238"
"23","147563","20220824072000","24","0","臺南市","新市區","120.255","23.070","22"
"60","147564","20220824072000","160","0","臺南市","新市區","120.260","23.070","54"
"559","147567","20220824072000","510","1","臺南市","新市區","120.250","23.075","547"
"177","147570","20220824072000","129","2","臺南市","新市區","120.265","23.075","168"
"322","147571","20220824072000","215","2","臺南市","新市區","120.255","23.080","378"
"187","147576","20220824072000","174","1","臺南市","新市區","120.305","23.090","204"
"257","147580","20220824072000","509","0","臺南市","新市區","120.300","23.100","250"
"439","147587","20220824072000","308","2","臺南市","新市區","120.310","23.100","431"
"464","147594","20220824072000","487","0","臺南市","新市區","120.320","23.085","455"
"1520","147598","20220824072000","813","3","臺南市","新市區","120.315","23.090","1491"
"657","147603","20220824072000","382","3","臺南市","新市區","120.320","23.095","683"
"29","147613","20220824072000","155","0","臺南市","安南區","120.165","23.045","24"
"394","147619","20220824072000","337","1","臺南市","安南區","120.170","23.045","373"
"197","147620","20220824072000","181","1","臺南市","安南區","120.175","23.045","204"
"925","147621","20220824072000","986","0","臺南市","安南區","120.175","23.050","945"
"85","147622","20220824072000","405","0","臺南市","安南區","120.175","23.055","68"
"182","147627","20220824072000","97","3","臺南市","七股區","120.120","23.095","279"
"159","147686","20220824072000","133","1","臺南市","七股區","120.075","23.125","157"
"80","147743","20220824072000","49","3","臺南市","七股區","120.050","23.080","80"
"121","147812","20220824072000","136","0","臺南市","七股區","120.090","23.095","212"
"618","147816","20220824072000","492","2","臺南市","七股區","120.110","23.095","185"
"68","147889","20220824072000","76","0","臺東縣","池上鄉","121.220","23.080","62"
"144","147906","20220824072000","128","1","臺東縣","池上鄉","121.230","23.120","137"
"143","147984","20220824072000","135","1","高雄市","甲仙區","120.585","23.080","143"
"211","147985","20220824072000","102","3","高雄市","甲仙區","120.590","23.080","189"
"55","147999","20220824072000","44","2","高雄市","甲仙區","120.610","23.110","56"
"29","148032","20220824072000","15","3","高雄市","甲仙區","120.630","23.115","21"
"193","148097","20220824072000","175","1","高雄市","六龜區","120.670","23.065","206"
"129","148126","20220824072000","81","3","高雄市","六龜區","120.675","23.080","126"
"565","148173","20220824072000","381","2","臺南市","安南區","120.205","23.060","607"
"419","148177","20220824072000","359","1","臺南市","安南區","120.220","23.070","383"
"361","148178","20220824072000","334","1","臺南市","安南區","120.225","23.070","366"
"241","148201","20220824072000","157","3","高雄市","六龜區","120.690","23.095","203"
"159","148224","20220824072000","163","0","高雄市","六龜區","120.690","23.105","156"
"215","148238","20220824072000","252","0","高雄市","六龜區","120.700","23.110","197"
"22","148255","20220824072000","17","2","高雄市","桃源區","120.710","23.115","27"
"92","148271","20220824072000","92","1","高雄市","六龜區","120.720","23.115","109"
"53","148275","20220824072000","43","2","高雄市","桃源區","120.745","23.115","56"
"44","148342","20220824072000","28","3","高雄市","六龜區","120.715","23.065","45"
"58","148372","20220824072000","43","2","臺南市","新化區","120.330","23.055","45"
"92","148373","20220824072000","70","2","臺南市","新化區","120.335","23.055","126"
"60","148376","20220824072000","54","1","臺南市","新化區","120.335","23.060","65"
"119","148377","20220824072000","89","2","臺南市","新化區","120.340","23.060","144"
"17","148378","20220824072000","15","1","臺南市","新化區","120.345","23.060","15"
"615","148380","20220824072000","483","2","臺南市","新化區","120.345","23.065","634"
"207","148386","20220824072000","241","0","臺南市","新化區","120.355","23.070","173"
"147","148418","20220824072000","96","3","臺東縣","池上鄉","121.235","23.120","166"
"46","148429","20220824072000","97","0","臺南市","玉井區","120.425","23.070","43"
"93","148453","20220824072000","72","2","臺南市","玉井區","120.430","23.085","107"
"27","148472","20220824072000","12","3","臺南市","玉井區","120.440","23.095","21"
"47","148477","20220824072000","40","1","臺南市","玉井區","120.450","23.090","32"
"100","148526","20220824072000","78","2","臺南市","玉井區","120.480","23.110","112"
"13","148531","20220824072000","12","1","臺南市","玉井區","120.505","23.110","13"
"14","148539","20220824072000","11","2","臺南市","玉井區","120.490","23.115","15"
"1884","148561","20220824072000","1630","1","臺南市","玉井區","120.460","23.120","1804"
"552","148562","20220824072000","572","0","臺南市","玉井區","120.465","23.120","586"
"422","148578","20220824072000","504","0","臺南市","永康區","120.265","23.045","418"
"59","148580","20220824072000","401","0","臺南市","永康區","120.275","23.045","40"
"157","148582","20220824072000","209","0","臺南市","永康區","120.265","23.050","153"
"326","148583","20220824072000","218","2","臺南市","永康區","120.270","23.050","317"
"66","148584","20220824072000","75","0","臺南市","永康區","120.275","23.050","75"
"64","148586","20220824072000","158","0","臺南市","永康區","120.270","23.055","58"
"52","148590","20220824072000","361","0","臺南市","永康區","120.245","23.050","50"
"29","148592","20220824072000","81","0","臺南市","永康區","120.250","23.050","32"
"264","148594","20220824072000","122","3","臺南市","永康區","120.260","23.055","257"
"407","148600","20220824072000","329","2","臺南市","永康區","120.265","23.055","405"
"32","148632","20220824072000","24","2","臺東縣","成功鎮","121.355","23.120","33"
"586","148641","20220824072000","292","3","臺東縣","成功鎮","121.400","23.120","606"
"10","148643","20220824072000","14","0","臺東縣","成功鎮","121.410","23.120","21"
"26","148653","20220824072000","21","2","臺東縣","成功鎮","121.355","23.105","39"
"87","148657","20220824072000","801","0","臺東縣","成功鎮","121.375","23.105","83"
"105","148690","20220824072000","56","3","臺東縣","成功鎮","121.340","23.045","91"
"67","148696","20220824072000","36","3","臺東縣","成功鎮","121.340","23.050","39"
"120","148718","20220824072000","118","1","臺東縣","成功鎮","121.345","23.065","117"
"161","148763","20220824072000","79","3","臺東縣","成功鎮","121.355","23.090","151"
"19","148769","20220824072000","15","2","臺東縣","成功鎮","121.345","23.095","22"
"27","148782","20220824072000","175","0","臺東縣","成功鎮","121.370","23.100","22"
"785","148784","20220824072000","491","3","臺東縣","成功鎮","121.380","23.100","782"
"475","148795","20220824072000","418","1","臺東縣","關山鎮","121.175","23.070","477"
"101","148817","20220824072000","111","0","臺東縣","關山鎮","121.175","23.080","99"
"346","148847","20220824072000","279","2","臺東縣","關山鎮","121.165","23.045","313"
"44","148852","20220824072000","1297","0","臺東縣","關山鎮","121.165","23.050","46"
"484","148873","20220824072000","398","2","臺東縣","關山鎮","121.165","23.055","521"
"378","148879","20220824072000","296","2","臺東縣","關山鎮","121.155","23.045","337"
"502","148883","20220824072000","505","0","高雄市","甲仙區","120.590","23.085","541"
"54","148899","20220824072000","59","0","高雄市","甲仙區","120.590","23.100","56"
"78","148910","20220824072000","53","2","高雄市","甲仙區","120.550","23.055","70"
"92","148925","20220824072000","95","0","高雄市","甲仙區","120.570","23.065","117"
"191","148938","20220824072000","129","2","高雄市","甲仙區","120.575","23.070","177"
"78","148960","20220824072000","71","1","高雄市","甲仙區","120.560","23.050","67"
"497","148978","20220824072000","335","2","臺南市","新化區","120.290","23.045","509"
"168","148986","20220824072000","124","2","臺南市","新化區","120.295","23.055","168"
"210","148988","20220824072000","115","3","臺南市","安南區","120.145","23.045","218"
"37","149026","20220824072000","28","2","高雄市","桃源區","120.720","23.050","52"
"18","149159","20220824072000","19","0","高雄市","桃源區","120.755","23.070","14"
"10","149519","20220824072000","85","0","高雄市","六龜區","120.685","23.110","11"
"301","149576","20220824072000","188","3","臺南市","新化區","120.295","23.045","294"
"127","149577","20220824072000","676","0","臺南市","新化區","120.300","23.045","111"
"106","149589","20220824072000","362","0","臺南市","永康區","120.235","23.045","108"
"3591","149590","20220824072000","2019","3","臺南市","永康區","120.240","23.045","3633"
"11","149592","20220824072000","17","0","臺南市","永康區","120.245","23.045","10"
"528","149593","20220824072000","284","3","臺南市","永康區","120.250","23.045","559"
"57","149614","20220824072000","42","2","臺南市","玉井區","120.460","23.100","66"
"26","149636","20220824072000","26","1","臺南市","玉井區","120.490","23.095","20"
"138","149651","20220824072000","152","0","臺南市","玉井區","120.480","23.105","152"
"199","149654","20220824072000","1304","0","臺東縣","成功鎮","121.380","23.105","178"
"76","149658","20220824072000","49","3","臺東縣","東河鄉","121.285","23.045","63"
"79","149682","20220824072000","45","3","臺東縣","東河鄉","121.295","23.055","86"
"14","149761","20220824072000","13","1","臺東縣","東河鄉","121.295","23.080","20"
"56","149865","20220824072000","97","0","臺南市","新化區","120.310","23.045","58"
"198","149866","20220824072000","89","3","臺南市","新化區","120.315","23.045","189"
"44","149869","20220824072000","303","0","臺南市","新化區","120.315","23.050","35"
"127","149873","20220824072000","98","2","臺南市","新化區","120.325","23.055","138"
"34","149908","20220824072000","27","2","高雄市","甲仙區","120.600","23.085","42"
"691","149946","20220824072000","369","3","臺南市","善化區","120.270","23.125","786"
"887","149948","20220824072000","782","1","臺南市","大內區","120.355","23.120","888"
"208","154962","20220824072000","174","1","澎湖縣","七美鄉","119.415","23.195","219"
"926","154965","20220824072000","783","1","臺南市","善化區","120.325","23.140","892"
"429","154980","20220824072000","385","1","臺南市","善化區","120.325","23.135","425"
"2284","154984","20220824072000","1653","2","臺南市","善化區","120.300","23.130","2296"
"585","154985","20220824072000","557","1","臺南市","善化區","120.305","23.130","526"
"1325","154986","20220824072000","747","3","臺南市","善化區","120.310","23.130","1362"
"48","154996","20220824072000","56","0","澎湖縣","七美鄉","119.435","23.200","72"
"137","155092","20220824072000","847","0","臺南市","麻豆區","120.220","23.190","147"
"470","155098","20220824072000","717","0","臺南市","麻豆區","120.245","23.190","486"
"395","155107","20220824072000","187","3","臺南市","佳里區","120.180","23.145","391"
"666","155111","20220824072000","611","1","臺南市","佳里區","120.175","23.150","677"
"193","155114","20220824072000","881","0","臺南市","佳里區","120.175","23.155","205"
"971","155129","20220824072000","767","2","臺南市","佳里區","120.195","23.190","939"
"119","155501","20220824072000","55","3","臺東縣","海端鄉","121.025","23.185","101"
"81","155650","20220824072000","62","2","臺東縣","海端鄉","121.180","23.130","95"
"51","155658","20220824072000","28","3","臺東縣","海端鄉","121.205","23.150","43"
"102","155664","20220824072000","92","1","臺東縣","海端鄉","121.190","23.155","125"
"78","155779","20220824072000","67","1","臺東縣","海端鄉","121.125","23.130","104"
"79","155786","20220824072000","44","3","臺東縣","海端鄉","121.160","23.130","80"
"18","155909","20220824072000","13","2","臺東縣","海端鄉","121.085","23.140","17"
"133","156049","20220824072000","60","3","臺東縣","海端鄉","121.030","23.165","59"
"130","156052","20220824072000","67","3","臺東縣","海端鄉","121.045","23.165","126"
"78","156083","20220824072000","52","3","臺東縣","海端鄉","121.045","23.170","74"
"67","156227","20220824072000","351","0","臺南市","西港區","120.180","23.130","71"
"183","156233","20220824072000","177","1","臺南市","西港區","120.200","23.130","198"
"503","156281","20220824072000","367","2","臺南市","佳里區","120.180","23.165","532"
"29","156284","20220824072000","274","0","臺南市","佳里區","120.180","23.170","22"
"43","156292","20220824072000","33","2","臺南市","佳里區","120.155","23.170","47"
"602","156302","20220824072000","617","0","臺南市","麻豆區","120.215","23.175","612"
"955","156306","20220824072000","795","2","臺南市","佳里區","120.160","23.160","910"
"1717","156309","20220824072000","1610","1","臺南市","佳里區","120.175","23.160","1742"
"3835","156314","20220824072000","3773","1","臺南市","佳里區","120.175","23.165","3700"
"17","156316","20220824072000","15","1","臺南市","佳里區","120.170","23.170","15"
"360","156333","20220824072000","207","3","臺南市","七股區","120.140","23.140","349"
"345","156339","20220824072000","278","2","臺南市","七股區","120.150","23.150","336"
"238","156348","20220824072000","173","2","花蓮縣","富里鄉","121.255","23.180","236"
"309","156361","20220824072000","230","2","花蓮縣","富里鄉","121.275","23.190","321"
"414","156391","20220824072000","588","0","臺南市","西港區","120.220","23.140","400"
"799","156401","20220824072000","610","2","臺南市","麻豆區","120.240","23.155","727"
"42","156402","20220824072000","13","3","臺南市","麻豆區","120.240","23.160","34"
"83","156413","20220824072000","814","0","臺南市","麻豆區","120.275","23.190","71"
"280","156420","20220824072000","184","3","臺南市","麻豆區","120.270","23.195","200"
"134","156423","20220824072000","61","3","臺南市","麻豆區","120.285","23.195","136"
"98","156427","20220824072000","583","0","臺南市","麻豆區","120.230","23.180","89"
"241","156446","20220824072000","238","1","臺南市","大內區","120.415","23.150","262"
"31","156474","20220824072000","24","2","臺南市","大內區","120.410","23.165","36"
"18","156651","20220824072000","15","2","花蓮縣","富里鄉","121.280","23.130","18"
"749","156721","20220824072000","449","3","臺南市","善化區","120.270","23.145","748"
"201","156727","20220824072000","1184","0","臺南市","善化區","120.275","23.130","211"
"34","156730","20220824072000","29","1","臺南市","大內區","120.405","23.130","33"
"19","156736","20220824072000","21","0","臺南市","大內區","120.435","23.130","21"
"57","156743","20220824072000","56","1","臺南市","大內區","120.430","23.135","85"
"79","156744","20220824072000","91","0","臺南市","玉井區","120.435","23.135","77"
"1512","156753","20220824072000","725","3","臺南市","善化區","120.285","23.135","1452"
"127","156765","20220824072000","797","0","臺南市","善化區","120.290","23.135","118"
"370","156769","20220824072000","251","2","臺南市","善化區","120.315","23.155","341"
"19","156775","20220824072000","10","3","臺南市","善化區","120.320","23.165","19"
"1019","156781","20220824072000","656","3","臺南市","善化區","120.285","23.150","1026"
"54","156784","20220824072000","271","0","臺南市","善化區","120.275","23.155","35"
"691","156792","20220824072000","621","1","臺南市","七股區","120.135","23.140","733"
"281","156851","20220824072000","310","0","臺南市","佳里區","120.155","23.180","269"
"403","156856","20220824072000","354","1","臺南市","佳里區","120.155","23.140","404"
"617","156864","20220824072000","559","1","臺南市","佳里區","120.185","23.145","641"
"131","156865","20220824072000","736","0","臺南市","佳里區","120.180","23.150","143"
"1684","156869","20220824072000","1416","1","臺南市","佳里區","120.180","23.155","1635"
"49","156870","20220824072000","151","0","臺南市","佳里區","120.185","23.155","35"
"805","156873","20220824072000","732","1","臺南市","佳里區","120.155","23.175","820"
"489","156909","20220824072000","425","1","臺南市","麻豆區","120.240","23.190","452"
"54","156922","20220824072000","379","0","臺南市","麻豆區","120.210","23.200","60"
"345","156941","20220824072000","348","0","臺南市","佳里區","120.190","23.190","355"
"392","156942","20220824072000","260","3","臺南市","佳里區","120.185","23.185","364"
"894","156974","20220824072000","839","1","臺南市","七股區","120.090","23.185","885"
"515","156977","20220824072000","298","3","臺南市","西港區","120.200","23.140","494"
"1940","157009","20220824072000","1377","2","臺南市","麻豆區","120.240","23.185","1864"
"932","157010","20220824072000","1064","0","臺南市","麻豆區","120.250","23.185","887"
"163","157011","20220824072000","566","0","臺南市","麻豆區","120.255","23.185","160"
"43","157047","20220824072000","29","2","臺南市","六甲區","120.415","23.205","42"
"107","157077","20220824072000","71","3","臺南市","楠西區","120.505","23.140","104"
"363","157130","20220824072000","344","1","臺南市","將軍區","120.160","23.190","345"
"131","157174","20220824072000","585","0","臺南市","官田區","120.315","23.195","123"
"1209","157183","20220824072000","568","3","臺南市","安定區","120.245","23.130","1182"
"299","157184","20220824072000","509","0","臺南市","安定區","120.250","23.130","287"
"270","157198","20220824072000","216","2","花蓮縣","富里鄉","121.265","23.155","278"
"59","157258","20220824072000","115","0","臺南市","官田區","120.320","23.200","67"
"226","157259","20220824072000","230","0","臺南市","官田區","120.325","23.200","231"
"121","157263","20220824072000","109","1","臺南市","官田區","120.320","23.205","124"
"104","157265","20220824072000","98","1","臺南市","官田區","120.330","23.205","107"
"63","157312","20220824072000","235","0","臺南市","官田區","120.380","23.185","87"
"190","157333","20220824072000","204","0","臺南市","官田區","120.365","23.195","176"
"18","157334","20220824072000","236","0","臺南市","官田區","120.370","23.195","20"
"14","157335","20220824072000","105","0","臺南市","官田區","120.375","23.195","14"
"207","157360","20220824072000","704","0","臺南市","官田區","120.335","23.180","238"
"207","157382","20220824072000","105","3","臺南市","官田區","120.320","23.170","185"
"157","157394","20220824072000","187","0","臺南市","官田區","120.310","23.175","190"
"24","157399","20220824072000","216","0","臺南市","官田區","120.295","23.185","29"
"45","157419","20220824072000","334","0","臺南市","官田區","120.350","23.160","43"
"66","157422","20220824072000","48","2","臺南市","官田區","120.330","23.165","60"
"98","157424","20220824072000","412","0","臺南市","官田區","120.340","23.165","79"
"62","157463","20220824072000","29","3","臺南市","官田區","120.365","23.180","61"
"62","157477","20220824072000","356","0","臺南市","官田區","120.305","23.195","68"
"894","157478","20220824072000","696","2","臺南市","官田區","120.315","23.190","893"
"44","157597","20220824072000","35","2","臺南市","南化區","120.595","23.165","49"
"45","157624","20220824072000","50","0","臺南市","南化區","120.600","23.175","63"
"70","157646","20220824072000","82","0","臺南市","南化區","120.570","23.185","74"
"483","157733","20220824072000","378","2","臺南市","麻豆區","120.230","23.145","494"
"2201","157737","20220824072000","2097","1","臺南市","麻豆區","120.245","23.180","2159"
"148","157740","20220824072000","102","2","臺南市","麻豆區","120.240","23.195","153"
"570","157752","20220824072000","499","1","臺南市","麻豆區","120.260","23.185","537"
"371","157756","20220824072000","241","3","臺南市","麻豆區","120.265","23.190","275"
"264","157759","20220824072000","177","2","臺南市","麻豆區","120.255","23.190","259"
"48","157773","20220824072000","46","1","臺東縣","池上鄉","121.210","23.125","56"
"133","157789","20220824072000","97","2","臺東縣","池上鄉","121.200","23.140","123"
"52","157809","20220824072000","104","0","臺南市","善化區","120.275","23.145","39"
"290","157818","20220824072000","225","2","花蓮縣","卓溪鄉","121.225","23.160","303"
"137","157895","20220824072000","116","1","花蓮縣","富里鄉","121.250","23.200","148"
"666","157913","20220824072000","825","0","臺南市","善化區","120.295","23.135","648"
"95","157915","20220824072000","107","0","臺南市","善化區","120.305","23.135","89"
"1059","157919","20220824072000","693","3","臺南市","善化區","120.305","23.140","1031"
"797","157924","20220824072000","444","3","臺南市","善化區","120.290","23.145","839"
"45","157933","20220824072000","13","3","臺南市","善化區","120.285","23.160","32"
"244","157961","20220824072000","590","0","臺南市","善化區","120.285","23.130","257"
"118","157991","20220824072000","84","2","花蓮縣","富里鄉","121.235","23.135","115"
"66","157998","20220824072000","70","0","花蓮縣","富里鄉","121.240","23.140","59"
"296","158028","20220824072000","236","2","花蓮縣","富里鄉","121.250","23.170","314"
"431","158030","20220824072000","381","1","花蓮縣","富里鄉","121.250","23.175","451"
"72","158032","20220824072000","52","2","花蓮縣","富里鄉","121.250","23.180","69"
"883","158045","20220824072000","489","3","臺南市","將軍區","120.140","23.205","908"
"1415","158058","20220824072000","1358","1","臺南市","將軍區","120.160","23.200","1428"
"309","158065","20220824072000","304","1","臺南市","七股區","120.135","23.130","328"
"411","158072","20220824072000","337","2","臺南市","七股區","120.110","23.145","426"
"23","158092","20220824072000","29","0","臺南市","七股區","120.130","23.185","26"
"21","158097","20220824072000","17","2","臺南市","七股區","120.145","23.180","22"
"501","158106","20220824072000","300","3","臺南市","佳里區","120.190","23.165","479"
"29","158107","20220824072000","478","0","臺南市","佳里區","120.195","23.165","22"
"184","158122","20220824072000","211","0","臺南市","佳里區","120.180","23.180","202"
"380","158126","20220824072000","357","1","臺南市","佳里區","120.175","23.185","363"
"32","158128","20220824072000","32","1","臺東縣","池上鄉","121.185","23.130","32"
"351","158181","20220824072000","293","1","臺南市","麻豆區","120.265","23.180","324"
"994","158192","20220824072000","726","2","臺南市","麻豆區","120.245","23.185","1056"
"20","158195","20220824072000","185","0","臺南市","麻豆區","120.240","23.180","22"
"18","158363","20220824072000","16","1","高雄市","桃源區","120.790","23.185","28"
"82","158397","20220824072000","79","1","臺東縣","池上鄉","121.235","23.130","85"
"581","158398","20220824072000","377","3","臺南市","玉井區","120.470","23.130","597"
"24","158400","20220824072000","229","0","臺南市","玉井區","120.480","23.130","32"
"222","158410","20220824072000","189","1","臺南市","玉井區","120.440","23.135","248"
"139","158457","20220824072000","81","3","臺南市","楠西區","120.490","23.190","120"
"78","158502","20220824072000","62","2","臺南市","楠西區","120.515","23.200","87"
"24","158508","20220824072000","29","0","臺南市","楠西區","120.545","23.205","39"
"803","158533","20220824072000","534","3","臺南市","楠西區","120.485","23.175","775"
"340","158546","20220824072000","276","2","臺南市","楠西區","120.485","23.170","319"
"32","158547","20220824072000","306","0","臺南市","楠西區","120.480","23.175","27"
"22","158550","20220824072000","212","0","臺南市","楠西區","120.480","23.185","29"
"45","158572","20220824072000","45","1","臺南市","楠西區","120.505","23.160","42"
"27","158634","20220824072000","25","1","臺南市","楠西區","120.560","23.180","27"
"130","158670","20220824072000","69","3","臺南市","楠西區","120.465","23.190","129"
"47","158687","20220824072000","71","0","臺南市","楠西區","120.490","23.200","45"
"12","158700","20220824072000","26","0","臺南市","楠西區","120.485","23.205","12"
"26","158849","20220824072000","212","0","臺東縣","成功鎮","121.400","23.155","23"
"93","158905","20220824072000","76","2","臺東縣","成功鎮","121.400","23.170","91"
"117","158933","20220824072000","117","1","臺東縣","成功鎮","121.395","23.180","138"
"132","159028","20220824072000","108","2","高雄市","甲仙區","120.635","23.150","133"
"10","159158","20220824072000","12","0","高雄市","三民區","120.660","23.200","10"
"45","159274","20220824072000","16","3","高雄市","桃源區","120.800","23.210","47"
"30","159434","20220824072000","22","2","高雄市","桃源區","120.755","23.145","19"
"175","159527","20220824072000","159","1","高雄市","桃源區","120.765","23.160","195"
"88","159574","20220824072000","86","1","高雄市","桃源區","120.770","23.165","83"
"21","159705","20220824072000","23","0","高雄市","桃源區","120.730","23.135","20"
"51","159707","20220824072000","29","3","高雄市","桃源區","120.740","23.135","52"
"224","159838","20220824072000","166","2","臺南市","官田區","120.350","23.150","224"
"188","159846","20220824072000","141","2","臺南市","大內區","120.365","23.155","185"
"308","159859","20220824072000","267","1","臺南市","大內區","120.380","23.145","335"
"66","159883","20220824072000","39","3","臺南市","大內區","120.370","23.160","65"
"213","159912","20220824072000","161","2","臺南市","麻豆區","120.225","23.175","198"
"767","159913","20220824072000","706","1","臺南市","麻豆區","120.220","23.180","700"
"879","159928","20220824072000","705","2","臺南市","麻豆區","120.255","23.180","885"
"887","159936","20220824072000","485","3","臺南市","善化區","120.315","23.145","933"
"854","159943","20220824072000","541","3","臺南市","善化區","120.300","23.150","849"
"80","159947","20220824072000","126","0","臺南市","善化區","120.265","23.130","72"
"434","159950","20220824072000","191","3","臺南市","善化區","120.260","23.135","401"
"151","161053","20220824072000","112","2","澎湖縣","七美鄉","119.430","23.215","146"
"119","162017","20220824072000","46","3","臺東縣","長濱鄉","121.415","23.235","88"
"317","164970","20220824072000","321","0","澎湖縣","七美鄉","119.425","23.205","318"
"78","164978","20220824072000","98","0","澎湖縣","望安鄉","119.670","23.245","36"
"616","165017","20220824072000","511","2","臺南市","學甲區","120.195","23.215","637"
"554","165030","20220824072000","514","1","臺南市","學甲區","120.195","23.230","546"
"20","165342","20220824072000","83","0","臺東縣","海端鄉","120.985","23.250","78"
"64","165457","20220824072000","41","3","臺東縣","海端鄉","120.990","23.270","31"
"54","165593","20220824072000","522","0","臺南市","下營區","120.240","23.220","54"
"53","165611","20220824072000","206","0","臺南市","下營區","120.240","23.235","72"
"1709","165635","20220824072000","1695","1","臺南市","下營區","120.265","23.240","1765"
"807","165652","20220824072000","662","2","臺南市","下營區","120.270","23.245","802"
"282","165697","20220824072000","218","2","花蓮縣","富里鄉","121.275","23.215","272"
"509","165713","20220824072000","345","2","臺南市","下營區","120.270","23.210","493"
"54","165716","20220824072000","31","3","花蓮縣","富里鄉","121.340","23.280","88"
"205","165718","20220824072000","132","3","花蓮縣","玉里鎮","121.345","23.285","192"
"178","165736","20220824072000","122","2","花蓮縣","玉里鎮","121.285","23.280","177"
"208","165743","20220824072000","129","3","花蓮縣","玉里鎮","121.280","23.285","209"
"151","165775","20220824072000","145","1","花蓮縣","富里鄉","121.290","23.240","159"
"45","165778","20220824072000","50","0","花蓮縣","富里鄉","121.305","23.240","56"
"105","165815","20220824072000","102","1","花蓮縣","富里鄉","121.295","23.255","127"
"34","165844","20220824072000","282","0","臺南市","新營區","120.265","23.270","37"
"339","165847","20220824072000","263","2","臺南市","新營區","120.275","23.275","335"
"57","165852","20220824072000","57","1","臺南市","六甲區","120.345","23.230","57"
"22","165853","20220824072000","167","0","臺南市","六甲區","120.335","23.235","22"
"1034","165855","20220824072000","733","2","臺南市","北門區","120.135","23.240","1041"
"113","165858","20220824072000","164","0","臺南市","北門區","120.130","23.250","111"
"69","165860","20220824072000","622","0","臺南市","六甲區","120.350","23.225","66"
"346","165925","20220824072000","321","1","臺南市","六甲區","120.345","23.235","356"
"121","165938","20220824072000","58","3","臺南市","六甲區","120.340","23.250","116"
"31","165969","20220824072000","26","1","臺南市","六甲區","120.400","23.220","29"
"59","165999","20220824072000","437","0","臺南市","柳營區","120.315","23.275","68"
"21","166011","20220824072000","191","0","臺南市","柳營區","120.315","23.265","16"
"63","166028","20220824072000","301","0","臺南市","柳營區","120.295","23.275","60"
"31","166033","20220824072000","21","2","臺南市","柳營區","120.310","23.260","31"
"420","166037","20220824072000","258","3","臺南市","柳營區","120.305","23.280","387"
"73","166056","20220824072000","289","0","臺南市","柳營區","120.360","23.280","73"
"291","166060","20220824072000","114","3","臺南市","柳營區","120.355","23.285","239"
"43","166064","20220824072000","203","0","臺南市","柳營區","120.380","23.285","47"
"412","166071","20220824072000","480","0","臺南市","六甲區","120.340","23.225","425"
"45","166077","20220824072000","29","3","臺南市","六甲區","120.315","23.250","44"
"398","166081","20220824072000","317","2","臺南市","六甲區","120.310","23.255","370"
"57","166097","20220824072000","40","2","臺南市","北門區","120.110","23.260","65"
"146","166128","20220824072000","121","2","臺南市","北門區","120.140","23.265","143"
"121","166144","20220824072000","161","0","臺南市","學甲區","120.180","23.285","129"
"69","166153","20220824072000","352","0","臺南市","將軍區","120.165","23.220","67"
"774","166181","20220824072000","484","3","臺南市","北門區","120.095","23.230","722"
"1140","166188","20220824072000","1103","1","臺南市","北門區","120.115","23.235","1142"
"161","166204","20220824072000","231","0","臺南市","下營區","120.275","23.215","182"
"19","166206","20220824072000","491","0","臺南市","下營區","120.270","23.220","16"
"850","166224","20220824072000","728","1","臺南市","北門區","120.135","23.280","867"
"787","166238","20220824072000","756","1","臺南市","北門區","120.125","23.270","789"
"124","166250","20220824072000","43","3","花蓮縣","富里鄉","121.315","23.220","99"
"219","166256","20220824072000","203","1","花蓮縣","富里鄉","121.275","23.225","250"
"142","166326","20220824072000","149","0","花蓮縣","富里鄉","121.305","23.255","151"
"117","166340","20220824072000","77","3","花蓮縣","富里鄉","121.305","23.265","109"
"71","166344","20220824072000","77","0","花蓮縣","富里鄉","121.300","23.270","65"
"16","166349","20220824072000","183","0","臺南市","官田區","120.320","23.210","15"
"18","166350","20220824072000","209","0","臺南市","官田區","120.325","23.210","17"
"364","166354","20220824072000","237","3","臺南市","官田區","120.320","23.215","340"
"54","166356","20220824072000","514","0","臺南市","官田區","120.330","23.215","62"
"196","166363","20220824072000","184","1","臺南市","官田區","120.340","23.220","178"
"160","166377","20220824072000","733","0","臺南市","官田區","120.310","23.215","143"
"278","166389","20220824072000","241","1","臺南市","官田區","120.360","23.210","290"
"396","166391","20220824072000","171","3","臺南市","官田區","120.370","23.210","417"
"253","166424","20220824072000","276","0","臺南市","北門區","120.145","23.285","237"
"305","166429","20220824072000","207","2","臺南市","將軍區","120.160","23.220","278"
"67","166442","20220824072000","475","0","臺南市","下營區","120.260","23.230","62"
"40","166445","20220824072000","203","0","臺南市","六甲區","120.355","23.220","328"
"2004","166446","20220824072000","1984","1","臺南市","六甲區","120.355","23.230","1947"
"88","166455","20220824072000","91","0","臺南市","六甲區","120.370","23.230","84"
"28","166458","20220824072000","187","0","臺南市","六甲區","120.365","23.235","302"
"119","166495","20220824072000","134","0","臺南市","北門區","120.125","23.240","129"
"674","166562","20220824072000","429","3","臺南市","麻豆區","120.220","23.220","668"
"45","166785","20220824072000","31","2","花蓮縣","富里鄉","121.265","23.215","53"
"337","167284","20220824072000","337","1","臺南市","下營區","120.290","23.245","314"
"17","167323","20220824072000","12","2","花蓮縣","富里鄉","121.360","23.265","19"
"62","167340","20220824072000","40","3","花蓮縣","富里鄉","121.315","23.275","63"
"25","167482","20220824072000","133","0","臺南市","東山區","120.470","23.260","24"
"66","167491","20220824072000","51","2","臺南市","東山區","120.515","23.260","66"
"337","167497","20220824072000","141","3","臺南市","東山區","120.480","23.265","313"
"31","167501","20220824072000","191","0","臺南市","東山區","120.500","23.265","32"
"20","167514","20220824072000","82","0","臺南市","東山區","120.395","23.265","21"
"60","167565","20220824072000","144","0","臺南市","東山區","120.445","23.265","60"
"357","167568","20220824072000","187","3","臺南市","東山區","120.445","23.270","330"
"132","167588","20220824072000","108","2","臺南市","東山區","120.445","23.290","146"
"65","167626","20220824072000","243","0","臺南市","東山區","120.405","23.285","75"
"36","167655","20220824072000","29","2","臺南市","東山區","120.465","23.280","40"
"24","167656","20220824072000","166","0","臺南市","東山區","120.470","23.280","24"
"83","167674","20220824072000","48","3","臺南市","東山區","120.500","23.285","67"
"184","167707","20220824072000","191","0","臺南市","將軍區","120.085","23.215","303"
"236","167714","20220824072000","188","2","臺南市","將軍區","120.120","23.220","239"
"648","167786","20220824072000","479","2","臺南市","鹽水區","120.205","23.260","629"
"57","167813","20220824072000","42","2","臺東縣","長濱鄉","121.410","23.215","70"
"116","167824","20220824072000","85","2","臺東縣","長濱鄉","121.415","23.225","131"
"29","167894","20220824072000","210","0","臺東縣","長濱鄉","121.415","23.250","31"
"14","167910","20220824072000","13","1","臺東縣","長濱鄉","121.385","23.260","18"
"29","167952","20220824072000","28","1","臺南市","學甲區","120.185","23.230","29"
"1136","167953","20220824072000","932","2","臺南市","學甲區","120.185","23.235","1038"
"1452","167958","20220824072000","905","3","臺南市","學甲區","120.185","23.225","1374"
"33","167982","20220824072000","188","0","臺南市","學甲區","120.195","23.240","38"
"1812","167993","20220824072000","1915","0","臺南市","學甲區","120.180","23.235","2326"
"33","167995","20220824072000","386","0","臺南市","六甲區","120.345","23.220","43"
"31","167997","20220824072000","182","0","臺南市","六甲區","120.320","23.230","33"
"22","168014","20220824072000","161","0","臺南市","六甲區","120.315","23.245","24"
"185","168093","20220824072000","185","1","高雄市","三民區","120.670","23.235","174"
"85","168132","20220824072000","82","1","高雄市","三民區","120.695","23.235","93"
"94","168149","20220824072000","71","2","高雄市","三民區","120.695","23.240","100"
"62","168296","20220824072000","57","1","高雄市","三民區","120.680","23.265","55"
"15","168304","20220824072000","14","1","高雄市","三民區","120.720","23.265","15"
"184","168347","20220824072000","276","0","高雄市","三民區","120.700","23.275","172"
"294","168351","20220824072000","147","3","高雄市","三民區","120.720","23.275","286"
"16","168370","20220824072000","11","2","高雄市","三民區","120.685","23.280","12"
"765","168445","20220824072000","632","2","臺南市","鹽水區","120.235","23.285","767"
"17","168451","20220824072000","56","0","臺南市","柳營區","120.345","23.270","13"
"46","168459","20220824072000","264","0","臺南市","柳營區","120.335","23.285","41"
"694","168462","20220824072000","1131","0","臺南市","柳營區","120.325","23.290","684"
"190","168468","20220824072000","169","1","臺南市","柳營區","120.405","23.235","205"
"186","168484","20220824072000","125","2","臺南市","柳營區","120.420","23.245","212"
"76","168515","20220824072000","468","0","臺南市","柳營區","120.380","23.265","84"
"299","168538","20220824072000","1287","0","臺南市","柳營區","120.315","23.280","317"
"49","168539","20220824072000","573","0","臺南市","柳營區","120.320","23.280","27"
"24","168541","20220824072000","150","0","臺南市","柳營區","120.330","23.280","14"
"152","168545","20220824072000","48","3","臺南市","柳營區","120.380","23.240","80"
"89","168560","20220824072000","421","0","臺南市","柳營區","120.375","23.250","92"
"72","168591","20220824072000","187","0","臺南市","柳營區","120.365","23.265","79"
"188","168619","20220824072000","177","1","臺南市","楠西區","120.495","23.215","187"
"76","168624","20220824072000","41","3","臺南市","楠西區","120.520","23.215","64"
"258","168647","20220824072000","145","3","臺南市","楠西區","120.500","23.225","301"
"21","168692","20220824072000","28","0","臺南市","鹽水區","120.245","23.275","20"
"27","168719","20220824072000","22","2","臺東縣","成功鎮","121.400","23.210","23"
"14","168755","20220824072000","124","0","臺東縣","長濱鄉","121.425","23.275","14"
"14","168771","20220824072000","222","0","臺南市","新營區","120.280","23.285","15"
"81","168825","20220824072000","57","2","高雄市","桃源區","120.805","23.220","66"
"127","168996","20220824072000","59","3","高雄市","桃源區","120.815","23.240","137"
"146","169242","20220824072000","93","3","高雄市","桃源區","120.825","23.265","209"
"16","169268","20220824072000","11","2","高雄市","桃源區","120.950","23.265","16"
"33","169350","20220824072000","13","3","高雄市","桃源區","120.840","23.280","59"
"203","169480","20220824072000","185","1","臺南市","新營區","120.275","23.265","206"
"128","169490","20220824072000","101","2","臺南市","學甲區","120.195","23.275","129"
"313","169506","20220824072000","329","0","臺南市","學甲區","120.205","23.280","299"
"668","169527","20220824072000","556","2","臺南市","學甲區","120.160","23.245","607"
"19","169530","20220824072000","16","1","臺南市","學甲區","120.150","23.250","18"
"509","169555","20220824072000","368","2","臺南市","鹽水區","120.255","23.250","530"
"35","169556","20220824072000","103","0","臺南市","鹽水區","120.250","23.255","46"
"235","169567","20220824072000","291","0","臺南市","將軍區","120.135","23.225","223"
"32","169664","20220824072000","21","3","嘉義縣","大埔鄉","120.625","23.245","32"
"39","169729","20220824072000","38","1","嘉義縣","大埔鄉","120.590","23.270","40"
"53","169739","20220824072000","29","3","嘉義縣","大埔鄉","120.585","23.275","42"
"56","169788","20220824072000","29","3","嘉義縣","大埔鄉","120.545","23.230","59"
"21","169812","20220824072000","18","1","臺南市","東山區","120.520","23.240","21"
"42","169834","20220824072000","39","1","嘉義縣","大埔鄉","120.565","23.245","40"
"25","169837","20220824072000","21","1","嘉義縣","大埔鄉","120.580","23.245","20"
"40","169842","20220824072000","31","2","嘉義縣","大埔鄉","120.535","23.250","39"
"338","174966","20220824072000","392","0","澎湖縣","望安鄉","119.505","23.360","360"
"155","175007","20220824072000","124","2","臺南市","東山區","120.500","23.295","147"
"89","175048","20220824072000","46","3","臺南市","白河區","120.480","23.320","76"
"70","175054","20220824072000","54","2","臺南市","白河區","120.510","23.320","88"
"388","175059","20220824072000","320","2","臺南市","白河區","120.485","23.325","377"
"67","175081","20220824072000","67","1","臺南市","白河區","120.495","23.335","70"
"195","175083","20220824072000","140","2","臺南市","白河區","120.505","23.335","235"
"60","175092","20220824072000","69","0","臺南市","白河區","120.505","23.340","59"
"1313","175108","20220824072000","1229","1","臺南市","新營區","120.310","23.305","1278"
"167","175181","20220824072000","124","2","花蓮縣","玉里鎮","121.335","23.320","138"
"1290","175206","20220824072000","1267","1","花蓮縣","玉里鎮","121.310","23.335","1266"
"155","175209","20220824072000","100","3","花蓮縣","玉里鎮","121.310","23.340","170"
"85","175217","20220824072000","63","2","花蓮縣","玉里鎮","121.300","23.300","70"
"352","175262","20220824072000","333","1","花蓮縣","玉里鎮","121.300","23.320","355"
"216","175264","20220824072000","163","2","花蓮縣","玉里鎮","121.310","23.320","216"
"22","175284","20220824072000","18","2","花蓮縣","玉里鎮","121.275","23.290","36"
"40","175299","20220824072000","51","0","花蓮縣","玉里鎮","121.290","23.295","40"
"149","175318","20220824072000","688","0","臺南市","白河區","120.410","23.345","143"
"25","175319","20220824072000","421","0","臺南市","白河區","120.405","23.350","26"
"104","175320","20220824072000","603","0","臺南市","白河區","120.410","23.350","128"
"42","175328","20220824072000","40","1","臺南市","白河區","120.460","23.365","43"
"164","175348","20220824072000","269","0","臺南市","白河區","120.440","23.345","135"
"88","175355","20220824072000","114","0","臺南市","新營區","120.330","23.320","104"
"35","175356","20220824072000","673","0","臺南市","新營區","120.335","23.320","29"
"49","175359","20220824072000","19","3","臺南市","新營區","120.350","23.320","49"
"999","175362","20220824072000","891","1","臺南市","新營區","120.315","23.325","1069"
"139","175369","20220824072000","172","0","臺南市","新營區","120.325","23.310","128"
"58","175372","20220824072000","100","0","臺南市","新營區","120.325","23.305","65"
"40","175397","20220824072000","56","0","臺南市","後壁區","120.310","23.370","37"
"564","175398","20220824072000","408","2","臺南市","後壁區","120.315","23.370","626"
"101","175414","20220824072000","631","0","臺南市","後壁區","120.330","23.340","93"
"422","175425","20220824072000","236","3","臺南市","後壁區","120.375","23.330","435"
"84","175446","20220824072000","389","0","臺南市","新營區","120.320","23.320","78"
"430","175467","20220824072000","497","0","臺南市","北門區","120.170","23.300","443"
"245","175484","20220824072000","260","0","臺南市","後壁區","120.330","23.355","269"
"494","175489","20220824072000","572","0","臺南市","新營區","120.270","23.295","481"
"36","175494","20220824072000","262","0","臺南市","新營區","120.280","23.300","30"
"33","175496","20220824072000","261","0","臺南市","新營區","120.280","23.290","34"
"627","175497","20220824072000","881","0","臺南市","後壁區","120.360","23.370","639"
"2756","175499","20220824072000","2393","1","臺南市","後壁區","120.370","23.370","2740"
"1582","175523","20220824072000","1271","2","臺南市","後壁區","120.395","23.370","1555"
"1134","175546","20220824072000","953","1","臺南市","新營區","120.310","23.300","1148"
"1884","175547","20220824072000","1471","2","臺南市","新營區","120.315","23.310","1855"
"2033","175548","20220824072000","2148","0","臺南市","新營區","120.315","23.315","1962"
"286","175564","20220824072000","350","0","臺南市","後壁區","120.355","23.365","213"
"241","175571","20220824072000","1951","0","臺南市","新營區","120.305","23.310","216"
"55","175572","20220824072000","86","0","臺南市","新營區","120.305","23.315","67"
"33","175573","20220824072000","45","0","臺南市","新營區","120.295","23.305","28"
"94","175574","20220824072000","776","0","臺南市","新營區","120.300","23.305","97"
"1780","175576","20220824072000","984","3","臺南市","新營區","120.300","23.310","1851"
"192","175585","20220824072000","130","2","臺南市","北門區","120.110","23.300","183"
"108","175647","20220824072000","386","0","臺南市","新營區","120.295","23.295","107"
"11","175648","20220824072000","29","0","臺南市","新營區","120.290","23.300","14"
"34","175651","20220824072000","28","2","臺南市","柳營區","120.300","23.295","40"
"70","175658","20220824072000","92","0","臺南市","新營區","120.285","23.310","59"
"25","175712","20220824072000","164","0","臺南市","白河區","120.430","23.330","26"
"19","175737","20220824072000","374","0","臺南市","白河區","120.430","23.355","673"
"30","175874","20220824072000","28","1","花蓮縣","卓溪鄉","121.270","23.305","35"
"162","176357","20220824072000","162","1","花蓮縣","玉里鎮","121.300","23.345","185"
"385","176756","20220824072000","326","1","臺南市","新營區","120.325","23.315","389"
"335","176757","20220824072000","306","1","臺南市","新營區","120.330","23.315","353"
"160","176758","20220824072000","144","1","臺南市","新營區","120.325","23.320","159"
"43","176764","20220824072000","39","1","花蓮縣","玉里鎮","121.330","23.300","45"
"17","176769","20220824072000","22","0","臺南市","後壁區","120.340","23.325","10"
"11","176776","20220824072000","25","0","臺南市","後壁區","120.350","23.330","12"
"25","176782","20220824072000","37","0","臺南市","後壁區","120.310","23.335","27"
"274","176798","20220824072000","269","1","臺南市","後壁區","120.350","23.335","268"
"1111","176811","20220824072000","944","1","臺南市","新營區","120.305","23.300","1129"
"992","176812","20220824072000","806","2","臺南市","新營區","120.315","23.305","1003"
"18","176814","20220824072000","16","1","臺南市","東山區","120.385","23.310","18"
"48","176830","20220824072000","132","0","臺南市","東山區","120.390","23.330","45"
"918","176863","20220824072000","788","1","臺南市","東山區","120.405","23.320","892"
"179","176885","20220824072000","165","1","臺南市","東山區","120.405","23.325","167"
"109","176921","20220824072000","311","0","臺南市","東山區","120.390","23.295","89"
"496","176933","20220824072000","440","1","臺南市","東山區","120.415","23.300","535"
"225","176942","20220824072000","194","1","臺南市","東山區","120.345","23.300","204"
"575","176986","20220824072000","500","1","臺南市","白河區","120.395","23.340","564"
"880","177006","20220824072000","909","0","臺南市","鹽水區","120.270","23.325","842"
"757","177007","20220824072000","676","1","嘉義縣","義竹鄉","120.255","23.330","757"
"526","177010","20220824072000","470","1","臺南市","鹽水區","120.270","23.330","522"
"18","177169","20220824072000","40","0","花蓮縣","玉里鎮","121.370","23.350","23"
"1443","177425","20220824072000","902","3","臺南市","新營區","120.315","23.300","1454"
"300","177432","20220824072000","334","0","臺南市","鹽水區","120.280","23.330","301"
"358","177436","20220824072000","278","2","臺南市","鹽水區","120.290","23.335","364"
"1156","177466","20220824072000","893","2","臺南市","鹽水區","120.270","23.310","1151"
"598","177467","20220824072000","552","1","臺南市","新營區","120.275","23.310","620"
"930","177475","20220824072000","585","3","臺南市","鹽水區","120.265","23.325","919"
"124","177480","20220824072000","96","2","臺南市","白河區","120.480","23.325","102"
"101","177500","20220824072000","92","1","臺南市","白河區","120.495","23.340","94"
"12","177550","20220824072000","12","1","臺南市","白河區","120.455","23.310","10"
"15","177568","20220824072000","16","0","臺南市","白河區","120.445","23.320","19"
"270","177580","20220824072000","1284","0","臺南市","白河區","120.415","23.350","242"
"133","177585","20220824072000","311","0","臺南市","柳營區","120.340","23.290","130"
"225","177586","20220824072000","176","2","臺南市","柳營區","120.325","23.295","190"
"210","177599","20220824072000","789","0","臺南市","柳營區","120.365","23.295","230"
"42","177602","20220824072000","37","1","臺南市","鹽水區","120.270","23.320","51"
"327","177603","20220824072000","277","1","花蓮縣","玉里鎮","121.320","23.320","324"
"608","177605","20220824072000","334","3","花蓮縣","玉里鎮","121.310","23.325","578"
"263","177606","20220824072000","142","3","花蓮縣","玉里鎮","121.315","23.325","261"
"308","177609","20220824072000","214","2","花蓮縣","玉里鎮","121.310","23.330","263"
"2122","177610","20220824072000","2067","1","花蓮縣","玉里鎮","121.315","23.330","2098"
"1001","177613","20220824072000","969","1","花蓮縣","玉里鎮","121.315","23.340","1011"
"156","177617","20220824072000","151","1","花蓮縣","玉里鎮","121.320","23.345","163"
"475","177619","20220824072000","394","2","花蓮縣","玉里鎮","121.320","23.330","428"
"190","177624","20220824072000","138","2","花蓮縣","玉里鎮","121.320","23.350","178"
"309","177632","20220824072000","215","2","花蓮縣","卓溪鄉","121.320","23.355","304"
"38","177682","20220824072000","21","3","臺東縣","長濱鄉","121.440","23.325","34"
"102","177742","20220824072000","46","3","臺東縣","長濱鄉","121.425","23.290","123"
"24","177750","20220824072000","29","0","臺東縣","長濱鄉","121.420","23.295","25"
"371","177808","20220824072000","562","0","臺東縣","長濱鄉","121.455","23.315","343"
"210","177813","20220824072000","170","2","臺東縣","長濱鄉","121.460","23.320","227"
"162","177815","20220824072000","92","3","臺東縣","長濱鄉","121.445","23.325","158"
"244","177826","20220824072000","138","3","臺東縣","長濱鄉","121.465","23.335","233"
"1125","178630","20220824072000","641","3","臺南市","鹽水區","120.265","23.320","1109"
"244","178643","20220824072000","231","1","臺南市","新營區","120.305","23.320","265"
"92","178644","20220824072000","91","1","臺南市","新營區","120.310","23.320","93"
"54","178697","20220824072000","37","2","嘉義縣","中埔鄉","120.510","23.345","56"
"17","178710","20220824072000","16","1","嘉義縣","中埔鄉","120.520","23.350","24"
"279","178722","20220824072000","119","3","嘉義縣","中埔鄉","120.540","23.355","267"
"92","178756","20220824072000","50","3","嘉義縣","中埔鄉","120.495","23.370","96"
"333","178768","20220824072000","259","2","臺南市","鹽水區","120.260","23.295","327"
"279","178886","20220824072000","144","3","嘉義縣","布袋鎮","120.140","23.335","263"
"527","178930","20220824072000","184","3","嘉義縣","布袋鎮","120.160","23.320","472"
"1092","178938","20220824072000","1054","1","嘉義縣","布袋鎮","120.165","23.325","1103"
"92","178970","20220824072000","58","3","嘉義縣","大埔鄉","120.625","23.300","96"
"27","178978","20220824072000","26","1","嘉義縣","大埔鄉","120.605","23.305","31"
"69","179106","20220824072000","58","1","嘉義縣","大埔鄉","120.590","23.295","58"
"492","179113","20220824072000","468","1","嘉義縣","大埔鄉","120.595","23.295","475"
"98","179189","20220824072000","137","0","嘉義縣","大埔鄉","120.570","23.330","110"
"31","179210","20220824072000","23","2","嘉義縣","大埔鄉","120.555","23.340","34"
"39","179249","20220824072000","17","3","嘉義縣","大埔鄉","120.585","23.360","23"
"10","179289","20220824072000","13","0","嘉義縣","番路鄉","120.620","23.345","11"
"49","179312","20220824072000","45","1","嘉義縣","番路鄉","120.605","23.355","47"
"185","179320","20220824072000","110","3","嘉義縣","番路鄉","120.590","23.360","179"
"1394","179352","20220824072000","1284","1","嘉義縣","義竹鄉","120.250","23.340","1387"
"666","179448","20220824072000","654","1","嘉義縣","義竹鄉","120.240","23.335","637"
"56","179461","20220824072000","70","0","嘉義縣","義竹鄉","120.245","23.335","56"
"809","179521","20220824072000","440","3","嘉義縣","義竹鄉","120.195","23.305","808"
"12","179523","20220824072000","13","0","嘉義縣","義竹鄉","120.205","23.305","15"
"34","179646","20220824072000","28","2","嘉義縣","阿里山鄉","120.680","23.335","40"
"72","179666","20220824072000","40","3","嘉義縣","阿里山鄉","120.680","23.340","79"
"102","179747","20220824072000","74","2","嘉義縣","阿里山鄉","120.665","23.300","83"
"84","179773","20220824072000","76","1","嘉義縣","阿里山鄉","120.695","23.305","91"
"39","179780","20220824072000","35","1","嘉義縣","阿里山鄉","120.665","23.310","34"
"971","179845","20220824072000","697","2","嘉義縣","義竹鄉","120.225","23.320","991"
"1050","179874","20220824072000","666","3","嘉義縣","義竹鄉","120.190","23.335","1078"
"587","179880","20220824072000","567","1","嘉義縣","義竹鄉","120.230","23.360","622"
"94","179883","20220824072000","85","1","嘉義縣","義竹鄉","120.245","23.360","83"
"813","179922","20220824072000","697","1","嘉義縣","義竹鄉","120.220","23.360","764"
"188","179933","20220824072000","108","3","嘉義縣","義竹鄉","120.210","23.300","189"
"799","179945","20220824072000","517","3","嘉義縣","義竹鄉","120.270","23.360","780"
"224","180132","20220824072000","227","0","澎湖縣","望安鄉","119.520","23.365","223"
"200","180802","20220824072000","236","0","嘉義縣","布袋鎮","120.140","23.375","347"
"102","180804","20220824072000","63","3","臺東縣","長濱鄉","121.475","23.380","100"
"146","181221","20220824072000","135","1","澎湖縣","望安鄉","119.495","23.380","175"
"232","185223","20220824072000","176","2","嘉義縣","東石鄉","120.135","23.450","391"
"1112","185452","20220824072000","1195","0","嘉義市","東區","120.455","23.450","1166"
"1016","185456","20220824072000","1040","0","嘉義縣","水上鄉","120.430","23.450","907"
"66","185475","20220824072000","96","0","澎湖縣","望安鄉","119.320","23.395","93"
"15","185483","20220824072000","17","0","花蓮縣","玉里鎮","121.350","23.440","19"
"78","185491","20220824072000","66","1","花蓮縣","瑞穗鄉","121.350","23.450","73"
"98","185499","20220824072000","692","0","臺南市","白河區","120.405","23.395","112"
"131","185543","20220824072000","15","3","花蓮縣","玉里鎮","121.390","23.380","85"
"283","185546","20220824072000","230","2","花蓮縣","玉里鎮","121.355","23.385","286"
"69","185565","20220824072000","14","3","花蓮縣","玉里鎮","121.395","23.390","83"
"53","185576","20220824072000","29","3","花蓮縣","玉里鎮","121.355","23.395","45"
"55","185590","20220824072000","50","1","花蓮縣","玉里鎮","121.365","23.405","54"
"92","185598","20220824072000","314","0","臺南市","白河區","120.415","23.380","90"
"322","185635","20220824072000","382","0","臺南市","後壁區","120.380","23.390","354"
"785","185683","20220824072000","802","0","臺南市","後壁區","120.340","23.380","803"
"194","185698","20220824072000","129","3","臺南市","白河區","120.480","23.385","191"
"126","186808","20220824072000","121","1","花蓮縣","卓溪鄉","121.315","23.435","145"
"292","186812","20220824072000","217","2","花蓮縣","卓溪鄉","121.335","23.435","282"
"66","186826","20220824072000","51","2","花蓮縣","卓溪鄉","121.340","23.440","77"
"21","186875","20220824072000","26","0","臺南市","後壁區","120.335","23.380","20"
"43","186914","20220824072000","28","3","臺南市","白河區","120.445","23.380","46"
"48","186915","20220824072000","460","0","臺南市","白河區","120.450","23.380","51"
"344","186921","20220824072000","197","3","臺南市","白河區","120.435","23.390","409"
"24","187008","20220824072000","17","2","臺東縣","長濱鄉","121.480","23.395","37"
"191","187061","20220824072000","170","1","花蓮縣","玉里鎮","121.320","23.395","179"
"158","187086","20220824072000","134","1","花蓮縣","玉里鎮","121.340","23.415","151"
"175","187099","20220824072000","81","3","花蓮縣","玉里鎮","121.345","23.425","158"
"135","187105","20220824072000","131","1","花蓮縣","玉里鎮","121.345","23.430","159"
"123","187173","20220824072000","110","1","花蓮縣","玉里鎮","121.395","23.450","142"
"29","187190","20220824072000","11","3","花蓮縣","玉里鎮","121.390","23.375","24"
"57","187199","20220824072000","13","3","花蓮縣","玉里鎮","121.390","23.395","59"
"297","187253","20220824072000","269","1","花蓮縣","玉里鎮","121.375","23.425","312"
"645","187296","20220824072000","389","3","臺南市","白河區","120.440","23.400","590"
"179","187322","20220824072000","157","1","花蓮縣","玉里鎮","121.330","23.375","194"
"246","187339","20220824072000","150","3","花蓮縣","玉里鎮","121.325","23.390","262"
"20","187385","20220824072000","19","1","臺東縣","長濱鄉","121.465","23.405","19"
"39","187398","20220824072000","44","0","臺東縣","長濱鄉","121.470","23.410","62"
"19","187401","20220824072000","102","0","臺東縣","長濱鄉","121.485","23.410","15"
"55","188051","20220824072000","543","0","嘉義縣","中埔鄉","120.520","23.430","37"
"387","188063","20220824072000","251","3","嘉義縣","中埔鄉","120.560","23.435","403"
"710","188064","20220824072000","1021","0","嘉義縣","中埔鄉","120.520","23.420","658"
"455","188069","20220824072000","241","3","嘉義縣","中埔鄉","120.520","23.425","406"
"76","188090","20220824072000","85","0","嘉義縣","中埔鄉","120.510","23.400","81"
"19","188129","20220824072000","385","0","嘉義縣","中埔鄉","120.460","23.445","19"
"309","188131","20220824072000","233","2","嘉義縣","中埔鄉","120.460","23.450","298"
"428","188132","20220824072000","428","1","嘉義縣","中埔鄉","120.470","23.450","433"
"561","188133","20220824072000","701","0","嘉義縣","中埔鄉","120.475","23.450","555"
"1425","188134","20220824072000","1567","0","嘉義縣","中埔鄉","120.465","23.450","1441"
"187","188136","20220824072000","159","1","嘉義縣","中埔鄉","120.485","23.450","160"
"1337","188141","20220824072000","1268","1","嘉義縣","中埔鄉","120.450","23.435","1358"
"441","188144","20220824072000","433","1","嘉義縣","中埔鄉","120.455","23.445","396"
"465","188147","20220824072000","423","1","嘉義縣","中埔鄉","120.480","23.440","454"
"16","188154","20220824072000","134","0","嘉義縣","中埔鄉","120.490","23.445","16"
"645","188193","20220824072000","473","2","嘉義縣","中埔鄉","120.520","23.385","628"
"187","188241","20220824072000","113","3","嘉義縣","中埔鄉","120.580","23.425","188"
"185","188261","20220824072000","132","2","嘉義縣","中埔鄉","120.540","23.390","193"
"17","188280","20220824072000","82","0","嘉義縣","中埔鄉","120.575","23.380","20"
"55","188314","20220824072000","41","2","嘉義縣","中埔鄉","120.590","23.395","61"
"503","188331","20220824072000","391","2","嘉義縣","中埔鄉","120.555","23.405","469"
"24","188335","20220824072000","12","3","嘉義縣","中埔鄉","120.575","23.405","28"
"91","188368","20220824072000","650","0","嘉義縣","中埔鄉","120.540","23.440","80"
"315","188369","20220824072000","213","2","嘉義縣","中埔鄉","120.545","23.440","297"
"238","188382","20220824072000","189","2","嘉義縣","中埔鄉","120.565","23.445","222"
"541","188390","20220824072000","383","2","嘉義縣","中埔鄉","120.530","23.440","520"
"357","188417","20220824072000","312","1","嘉義縣","中埔鄉","120.510","23.435","346"
"496","188421","20220824072000","383","2","嘉義縣","中埔鄉","120.510","23.440","464"
"744","188422","20220824072000","708","1","嘉義縣","中埔鄉","120.495","23.445","774"
"446","188442","20220824072000","407","1","嘉義縣","中埔鄉","120.515","23.410","443"
"239","188445","20220824072000","223","1","嘉義縣","中埔鄉","120.530","23.410","235"
"344","188457","20220824072000","375","0","嘉義縣","中埔鄉","120.505","23.425","380"
"29","188462","20220824072000","25","1","嘉義縣","中埔鄉","120.505","23.375","29"
"122","188463","20220824072000","93","2","嘉義縣","中埔鄉","120.510","23.375","114"
"396","188469","20220824072000","355","1","嘉義縣","鹿草鄉","120.315","23.390","400"
"573","188493","20220824072000","448","2","嘉義縣","鹿草鄉","120.320","23.420","526"
"495","188498","20220824072000","157","3","嘉義縣","鹿草鄉","120.320","23.425","556"
"1188","188503","20220824072000","1026","1","嘉義縣","鹿草鄉","120.315","23.410","1133"
"18","188507","20220824072000","113","0","嘉義縣","太保市","120.335","23.430","27"
"173","188508","20220824072000","100","3","嘉義縣","太保市","120.340","23.430","184"
"78","188510","20220824072000","51","3","嘉義縣","鹿草鄉","120.350","23.430","73"
"34","188516","20220824072000","207","0","嘉義縣","太保市","120.340","23.440","24"
"48","188554","20220824072000","387","0","嘉義縣","鹿草鄉","120.340","23.400","45"
"197","188555","20220824072000","193","1","嘉義縣","鹿草鄉","120.290","23.375","191"
"65","188574","20220824072000","324","0","嘉義縣","朴子市","120.245","23.415","60"
"73","188579","20220824072000","389","0","嘉義縣","水上鄉","120.355","23.410","65"
"163","188626","20220824072000","120","2","嘉義縣","鹿草鄉","120.345","23.405","164"
"207","188631","20220824072000","150","2","嘉義縣","鹿草鄉","120.330","23.410","165"
"16","188646","20220824072000","120","0","嘉義縣","朴子市","120.290","23.445","18"
"191","188650","20220824072000","96","3","嘉義縣","朴子市","120.280","23.450","187"
"684","188654","20220824072000","711","0","嘉義縣","布袋鎮","120.170","23.375","713"
"188","188666","20220824072000","162","1","嘉義縣","布袋鎮","120.220","23.390","200"
"256","188716","20220824072000","153","3","嘉義縣","阿里山鄉","120.715","23.390","149"
"116","188874","20220824072000","840","0","嘉義縣","太保市","120.345","23.450","113"
"39","188885","20220824072000","373","0","嘉義縣","太保市","120.320","23.445","28"
"59","188892","20220824072000","368","0","嘉義縣","太保市","120.340","23.450","45"
"109","188897","20220824072000","83","2","嘉義縣","朴子市","120.235","23.440","83"
"17","188921","20220824072000","12","2","嘉義縣","朴子市","120.240","23.450","15"
"135","188949","20220824072000","121","1","嘉義縣","朴子市","120.255","23.410","127"
"620","188956","20220824072000","375","3","嘉義縣","朴子市","120.260","23.420","637"
"90","188966","20220824072000","91","0","嘉義縣","東石鄉","120.145","23.455","81"
"490","188983","20220824072000","278","3","嘉義縣","布袋鎮","120.190","23.375","452"
"43","189028","20220824072000","284","0","嘉義縣","太保市","120.295","23.440","35"
"181","189044","20220824072000","146","2","嘉義縣","東石鄉","120.170","23.430","171"
"202","189051","20220824072000","128","3","嘉義縣","東石鄉","120.180","23.440","216"
"46","189105","20220824072000","133","0","嘉義縣","東石鄉","120.185","23.450","29"
"35","189112","20220824072000","252","0","嘉義縣","東石鄉","120.200","23.455","41"
"11","189120","20220824072000","11","1","嘉義縣","東石鄉","120.150","23.435","10"
"549","189144","20220824072000","396","2","嘉義縣","布袋鎮","120.165","23.375","522"
"54","189152","20220824072000","344","0","嘉義縣","東石鄉","120.205","23.425","47"
"15","189184","20220824072000","175","0","嘉義縣","水上鄉","120.410","23.430","205"
"23","189187","20220824072000","237","0","嘉義縣","水上鄉","120.415","23.430","15"
"670","189189","20220824072000","525","2","嘉義縣","水上鄉","120.415","23.435","645"
"254","189192","20220824072000","236","1","嘉義縣","水上鄉","120.420","23.440","241"
"675","189195","20220824072000","587","1","嘉義縣","布袋鎮","120.180","23.375","667"
"190","189210","20220824072000","195","0","嘉義縣","布袋鎮","120.200","23.400","176"
"14","189224","20220824072000","109","0","嘉義縣","水上鄉","120.435","23.430","102"
"198","189225","20220824072000","144","2","嘉義縣","水上鄉","120.420","23.430","191"
"720","189233","20220824072000","504","2","嘉義縣","水上鄉","120.425","23.440","752"
"34","189242","20220824072000","168","0","嘉義縣","水上鄉","120.370","23.415","30"
"227","189246","20220824072000","220","1","嘉義縣","水上鄉","120.370","23.420","208"
"47","189248","20220824072000","233","0","嘉義縣","水上鄉","120.360","23.425","46"
"337","189268","20220824072000","284","1","嘉義縣","水上鄉","120.495","23.400","343"
"26","189286","20220824072000","92","0","嘉義縣","水上鄉","120.450","23.415","128"
"36","189288","20220824072000","204","0","嘉義縣","水上鄉","120.460","23.415","39"
"149","189292","20220824072000","69","3","嘉義縣","水上鄉","120.450","23.420","79"
"42","189296","20220824072000","64","0","嘉義縣","水上鄉","120.410","23.445","44"
"565","189322","20220824072000","529","1","嘉義縣","水上鄉","120.370","23.440","560"
"82","189337","20220824072000","577","0","嘉義縣","水上鄉","120.360","23.445","78"
"243","189343","20220824072000","222","1","嘉義縣","水上鄉","120.425","23.445","213"
"1094","189344","20220824072000","815","2","嘉義縣","水上鄉","120.430","23.445","1091"
"77","189349","20220824072000","58","2","嘉義縣","水上鄉","120.435","23.415","78"
"512","189350","20220824072000","398","2","嘉義縣","水上鄉","120.430","23.420","489"
"828","189351","20220824072000","630","2","嘉義縣","水上鄉","120.435","23.420","765"
"115","189364","20220824072000","59","3","嘉義縣","布袋鎮","120.150","23.375","122"
"418","189365","20220824072000","260","3","嘉義縣","布袋鎮","120.155","23.375","408"
"200","189369","20220824072000","113","3","嘉義縣","布袋鎮","120.150","23.380","190"
"452","189370","20220824072000","292","3","嘉義縣","布袋鎮","120.155","23.380","388"
"63","189382","20220824072000","831","0","嘉義縣","水上鄉","120.470","23.435","56"
"210","189385","20220824072000","221","0","嘉義縣","水上鄉","120.385","23.405","263"
"61","189387","20220824072000","82","0","嘉義縣","水上鄉","120.390","23.410","76"
"248","189388","20220824072000","202","2","嘉義縣","水上鄉","120.385","23.415","249"
"431","189389","20220824072000","501","0","嘉義縣","水上鄉","120.385","23.420","454"
"23","189392","20220824072000","14","3","嘉義縣","水上鄉","120.405","23.450","19"
"444","189393","20220824072000","448","0","嘉義縣","水上鄉","120.435","23.445","481"
"219","189396","20220824072000","352","0","嘉義縣","水上鄉","120.400","23.425","222"
"57","189397","20220824072000","441","0","嘉義縣","水上鄉","120.395","23.430","64"
"1397","189399","20220824072000","1184","1","嘉義縣","水上鄉","120.400","23.430","1225"
"206","189411","20220824072000","247","0","嘉義縣","水上鄉","120.390","23.425","210"
"98","189413","20220824072000","780","0","嘉義縣","水上鄉","120.395","23.435","77"
"513","189416","20220824072000","526","0","嘉義縣","水上鄉","120.400","23.435","510"
"446","189439","20220824072000","373","1","嘉義縣","水上鄉","120.420","23.420","426"
"70","189459","20220824072000","66","1","嘉義縣","水上鄉","120.385","23.425","58"
"365","189461","20220824072000","329","1","嘉義縣","水上鄉","120.380","23.430","378"
"288","189463","20220824072000","360","0","嘉義縣","水上鄉","120.390","23.430","294"
"884","189474","20220824072000","753","1","嘉義縣","鹿草鄉","120.295","23.380","895"
"209","189491","20220824072000","127","3","嘉義縣","鹿草鄉","120.270","23.395","197"
"248","189518","20220824072000","231","1","嘉義縣","鹿草鄉","120.305","23.415","243"
"39","189555","20220824072000","183","0","嘉義縣","鹿草鄉","120.285","23.435","54"
"61","189575","20220824072000","279","0","嘉義縣","朴子市","120.245","23.430","49"
"630","189579","20220824072000","443","2","嘉義縣","朴子市","120.245","23.435","658"
"180","189583","20220824072000","161","1","嘉義縣","朴子市","120.250","23.440","156"
"1485","189591","20220824072000","1434","1","嘉義縣","東石鄉","120.180","23.420","1435"
"371","189607","20220824072000","278","2","嘉義縣","番路鄉","120.660","23.420","346"
"252","189608","20220824072000","111","3","嘉義縣","番路鄉","120.650","23.425","281"
"13","189629","20220824072000","16","0","嘉義縣","番路鄉","120.635","23.440","12"
"32","189630","20220824072000","41","0","嘉義縣","番路鄉","120.640","23.440","32"
"181","189633","20220824072000","135","2","嘉義縣","番路鄉","120.655","23.440","179"
"31","189645","20220824072000","36","0","嘉義縣","番路鄉","120.645","23.440","43"
"254","189663","20220824072000","200","2","嘉義縣","番路鄉","120.670","23.445","182"
"178","189673","20220824072000","103","3","嘉義縣","番路鄉","120.645","23.400","167"
"53","189685","20220824072000","36","2","嘉義縣","番路鄉","120.650","23.405","34"
"58","189703","20220824072000","27","3","嘉義縣","番路鄉","120.640","23.415","36"
"54","189705","20220824072000","37","2","嘉義縣","番路鄉","120.605","23.420","59"
"40","189724","20220824072000","28","2","嘉義縣","番路鄉","120.610","23.430","38"
"36","189740","20220824072000","22","3","嘉義縣","番路鄉","120.610","23.445","23"
"107","189756","20220824072000","84","2","嘉義縣","番路鄉","120.620","23.375","114"
"200","189823","20220824072000","128","3","嘉義縣","番路鄉","120.600","23.435","170"
"210","189837","20220824072000","143","2","嘉義縣","番路鄉","120.580","23.450","206"
"338","189852","20220824072000","206","3","嘉義縣","布袋鎮","120.170","23.385","314"
"152","189978","20220824072000","112","2","嘉義縣","阿里山鄉","120.665","23.380","165"
"120","190321","20220824072000","133","0","嘉義縣","阿里山鄉","120.750","23.440","108"
"97","190374","20220824072000","46","3","嘉義縣","阿里山鄉","120.755","23.450","59"
"204","190402","20220824072000","150","2","嘉義縣","義竹鄉","120.245","23.385","233"
"342","190407","20220824072000","251","2","嘉義縣","義竹鄉","120.240","23.375","365"
"121","192504","20220824072000","88","2","澎湖縣","馬公市","119.515","23.485","132"
"257","192620","20220824072000","244","1","嘉義縣","東石鄉","120.165","23.490","270"
"123","192621","20220824072000","79","3","花蓮縣","豐濱鄉","121.510","23.490","151"
"25","194053","20220824072000","97","0","澎湖縣","馬公市","119.515","23.510","20"
"339","194584","20220824072000","280","2","澎湖縣","馬公市","119.595","23.520","341"
"401","194849","20220824072000","284","2","澎湖縣","馬公市","119.580","23.525","394"
"171","194852","20220824072000","91","3","澎湖縣","馬公市","119.595","23.525","130"
"1277","194945","20220824072000","941","2","嘉義市","東區","120.455","23.495","1293"
"281","194952","20220824072000","199","2","嘉義市","東區","120.485","23.460","301"
"81","194954","20220824072000","62","2","嘉義市","東區","120.495","23.460","62"
"85","194959","20220824072000","69","2","嘉義市","東區","120.485","23.470","61"
"121","194963","20220824072000","103","1","嘉義市","東區","120.490","23.475","96"
"664","194965","20220824072000","1057","0","嘉義市","西區","120.435","23.460","674"
"737","194966","20220824072000","1513","0","嘉義市","西區","120.440","23.460","673"
"528","194967","20220824072000","347","3","嘉義市","西區","120.445","23.460","470"
"25","194968","20220824072000","63","0","嘉義市","西區","120.440","23.475","26"
"796","194969","20220824072000","454","3","嘉義市","西區","120.440","23.490","793"
"1620","194970","20220824072000","1340","2","嘉義市","東區","120.460","23.480","1553"
"1081","194971","20220824072000","1147","0","嘉義市","東區","120.450","23.480","1008"
"1150","194972","20220824072000","747","3","嘉義市","東區","120.450","23.490","1140"
"366","194973","20220824072000","2098","0","嘉義市","東區","120.450","23.495","447"
"1358","194974","20220824072000","990","2","嘉義市","西區","120.415","23.485","1364"
"687","194975","20220824072000","866","0","嘉義市","西區","120.405","23.490","653"
"1117","194980","20220824072000","2229","0","嘉義市","西區","120.425","23.475","1102"
"676","194981","20220824072000","644","1","嘉義市","西區","120.430","23.470","643"
"85","194985","20220824072000","1776","0","嘉義市","東區","120.470","23.490","59"
"432","194986","20220824072000","415","1","嘉義市","東區","120.470","23.495","478"
"400","194988","20220824072000","338","1","嘉義市","東區","120.480","23.495","364"
"1018","194993","20220824072000","802","2","嘉義市","東區","120.450","23.500","1014"
"48","194994","20220824072000","602","0","嘉義市","東區","120.450","23.505","38"
"698","194995","20220824072000","561","2","嘉義市","東區","120.455","23.505","707"
"190","194996","20220824072000","227","0","嘉義市","東區","120.445","23.510","204"
"457","195001","20220824072000","1330","0","嘉義市","東區","120.485","23.485","418"
"440","195002","20220824072000","364","2","嘉義市","東區","120.490","23.480","433"
"1514","195003","20220824072000","1291","1","嘉義市","東區","120.455","23.490","1506"
"2369","195004","20220824072000","2191","1","嘉義市","東區","120.455","23.480","2391"
"515","195006","20220824072000","305","3","嘉義市","西區","120.420","23.480","510"
"922","195007","20220824072000","918","1","嘉義市","西區","120.430","23.480","936"
"480","195008","20220824072000","414","1","嘉義市","西區","120.420","23.490","475"
"948","195009","20220824072000","2316","0","嘉義市","西區","120.430","23.465","957"
"1287","195011","20220824072000","823","3","嘉義市","西區","120.425","23.485","1201"
"850","195012","20220824072000","1642","0","嘉義市","西區","120.435","23.480","877"
"1364","195013","20220824072000","1815","0","嘉義市","西區","120.430","23.485","1375"
"21","195015","20220824072000","39","0","嘉義市","西區","120.395","23.490","22"
"168","195016","20220824072000","143","1","嘉義市","西區","120.400","23.490","163"
"16","195017","20220824072000","29","0","嘉義市","西區","120.390","23.495","12"
"1769","195022","20220824072000","1193","2","嘉義市","西區","120.440","23.480","1807"
"631","195024","20220824072000","354","3","嘉義市","西區","120.430","23.495","606"
"47","195025","20220824072000","1442","0","嘉義市","西區","120.425","23.490","47"
"1928","195033","20220824072000","1117","3","嘉義市","東區","120.450","23.475","1892"
"1538","195036","20220824072000","916","3","嘉義市","東區","120.450","23.460","1536"
"2167","195037","20220824072000","1737","2","嘉義市","東區","120.455","23.455","2192"
"93","195038","20220824072000","1695","0","嘉義市","西區","120.435","23.470","88"
"228","195039","20220824072000","175","2","嘉義市","西區","120.430","23.455","224"
"24","195040","20220824072000","436","0","嘉義市","西區","120.430","23.460","21"
"73","195041","20220824072000","1126","0","嘉義市","西區","120.440","23.485","66"
"238","195042","20220824072000","141","3","嘉義市","西區","120.395","23.465","247"
"337","195047","20220824072000","283","1","嘉義市","西區","120.405","23.470","329"
"395","195049","20220824072000","363","1","嘉義市","西區","120.405","23.475","374"
"54","195053","20220824072000","697","0","嘉義市","西區","120.445","23.500","45"
"1384","195054","20220824072000","1393","0","嘉義市","東區","120.465","23.490","1413"
"29","195055","20220824072000","13","3","嘉義市","東區","120.465","23.495","31"
"542","195056","20220824072000","414","2","嘉義市","東區","120.460","23.470","565"
"2207","195057","20220824072000","1338","3","嘉義市","東區","120.470","23.480","2195"
"82","195058","20220824072000","1127","0","嘉義市","東區","120.465","23.475","44"
"2109","195060","20220824072000","1797","1","嘉義市","西區","120.435","23.475","2058"
"1448","195061","20220824072000","798","3","嘉義市","西區","120.440","23.465","1400"
"12","195062","20220824072000","455","0","嘉義市","西區","120.450","23.465","15"
"1230","195064","20220824072000","1864","0","嘉義市","西區","120.440","23.470","1194"
"23","195065","20220824072000","15","3","嘉義市","東區","120.455","23.485","20"
"50","195066","20220824072000","701","0","嘉義市","東區","120.450","23.485","40"
"604","195069","20220824072000","514","1","嘉義市","西區","120.415","23.475","593"
"1305","195073","20220824072000","3029","0","嘉義市","西區","120.440","23.455","1280"
"2741","195075","20220824072000","2446","1","嘉義市","西區","120.445","23.475","2737"
"1774","195076","20220824072000","1951","0","嘉義市","東區","120.465","23.465","1734"
"971","195083","20220824072000","667","2","嘉義市","東區","120.445","23.515","971"
"390","195084","20220824072000","1074","0","嘉義市","東區","120.465","23.480","403"
"505","195086","20220824072000","928","0","嘉義市","東區","120.480","23.465","504"
"1193","195090","20220824072000","878","2","嘉義市","東區","120.475","23.475","1193"
"45","195093","20220824072000","811","0","嘉義市","東區","120.470","23.485","38"
"746","195094","20220824072000","484","3","嘉義市","東區","120.475","23.485","727"
"54","195098","20220824072000","38","2","嘉義市","東區","120.500","23.475","42"
"15","195100","20220824072000","379","0","嘉義市","東區","120.485","23.480","11"
"637","195103","20220824072000","443","2","嘉義市","東區","120.500","23.480","645"
"487","195108","20220824072000","344","2","嘉義市","東區","120.490","23.485","503"
"43","195109","20220824072000","25","3","嘉義市","東區","120.495","23.485","29"
"42","195113","20220824072000","925","0","嘉義市","東區","120.470","23.475","39"
"806","195114","20220824072000","539","2","嘉義市","東區","120.455","23.500","849"
"117","195115","20220824072000","84","2","嘉義市","東區","120.475","23.490","108"
"684","195118","20220824072000","541","2","嘉義市","東區","120.480","23.490","689"
"1102","195120","20220824072000","2288","0","嘉義市","東區","120.455","23.475","1102"
"1446","195121","20220824072000","1500","0","嘉義市","西區","120.430","23.490","1365"
"67","195122","20220824072000","826","0","嘉義市","西區","120.435","23.485","63"
"78","195123","20220824072000","881","0","嘉義市","西區","120.435","23.490","84"
"644","195124","20220824072000","665","0","嘉義市","西區","120.450","23.470","630"
"719","195127","20220824072000","389","3","嘉義市","東區","120.470","23.470","699"
"36","195128","20220824072000","640","0","嘉義市","東區","120.475","23.480","28"
"580","195129","20220824072000","552","1","嘉義市","東區","120.465","23.485","574"
"27","195131","20220824072000","46","0","嘉義市","東區","120.480","23.480","26"
"748","195133","20220824072000","749","0","嘉義市","東區","120.460","23.490","750"
"40","195139","20220824072000","449","0","嘉義市","西區","120.405","23.480","49"
"390","195147","20220824072000","268","2","嘉義市","西區","120.415","23.465","372"
"69","195148","20220824072000","1608","0","嘉義市","西區","120.420","23.465","64"
"996","195150","20220824072000","606","3","嘉義市","西區","120.415","23.470","962"
"123","195151","20220824072000","132","0","嘉義市","西區","120.420","23.470","135"
"910","195154","20220824072000","522","3","嘉義市","西區","120.440","23.495","924"
"70","195158","20220824072000","86","0","嘉義市","東區","120.430","23.505","77"
"200","195159","20220824072000","138","2","嘉義市","西區","120.435","23.505","202"
"783","195160","20220824072000","798","0","嘉義市","西區","120.445","23.485","793"
"1635","195161","20220824072000","1132","2","嘉義市","東區","120.460","23.465","1657"
"611","195162","20220824072000","1329","0","嘉義市","西區","120.445","23.470","603"
"128","195164","20220824072000","90","2","嘉義市","西區","120.425","23.465","123"
"46","195165","20220824072000","77","0","嘉義市","西區","120.425","23.480","49"
"1513","195166","20220824072000","1069","2","嘉義市","西區","120.445","23.480","1581"
"827","195167","20220824072000","747","1","嘉義市","東區","120.460","23.455","824"
"256","195169","20220824072000","243","1","嘉義市","東區","120.465","23.460","255"
"1217","195170","20220824072000","1440","0","嘉義市","東區","120.455","23.465","1264"
"639","195171","20220824072000","541","1","嘉義市","東區","120.455","23.470","631"
"536","195183","20220824072000","363","2","澎湖縣","馬公市","119.590","23.515","532"
"403","195202","20220824072000","223","3","澎湖縣","馬公市","119.605","23.525","417"
"243","195219","20220824072000","198","2","花蓮縣","瑞穗鄉","121.375","23.495","216"
"43","195220","20220824072000","70","0","花蓮縣","瑞穗鄉","121.375","23.500","31"
"508","195222","20220824072000","397","2","花蓮縣","瑞穗鄉","121.375","23.505","479"
"250","195231","20220824072000","204","2","花蓮縣","瑞穗鄉","121.390","23.490","253"
"1406","195232","20220824072000","1179","1","花蓮縣","瑞穗鄉","121.380","23.495","1398"
"84","195268","20220824072000","67","2","花蓮縣","瑞穗鄉","121.355","23.465","80"
"93","195289","20220824072000","77","2","花蓮縣","瑞穗鄉","121.360","23.475","87"
"436","195291","20220824072000","290","3","花蓮縣","瑞穗鄉","121.370","23.475","399"
"146","195336","20220824072000","27","3","花蓮縣","瑞穗鄉","121.390","23.520","76"
"26","195428","20220824072000","18","2","花蓮縣","瑞穗鄉","121.435","23.490","15"
"85","195430","20220824072000","46","3","花蓮縣","瑞穗鄉","121.445","23.490","71"
"305","196332","20220824072000","168","3","花蓮縣","瑞穗鄉","121.375","23.515","279"
"86","196345","20220824072000","52","3","花蓮縣","瑞穗鄉","121.360","23.480","79"
"386","196360","20220824072000","206","3","花蓮縣","瑞穗鄉","121.355","23.490","334"
"390","196364","20220824072000","258","3","花蓮縣","瑞穗鄉","121.375","23.490","350"
"103","196368","20220824072000","55","3","花蓮縣","瑞穗鄉","121.360","23.495","93"
"174","196453","20220824072000","150","1","花蓮縣","卓溪鄉","121.325","23.490","174"
"332","196567","20220824072000","191","3","花蓮縣","豐濱鄉","121.505","23.470","363"
"90","196575","20220824072000","35","3","花蓮縣","豐濱鄉","121.505","23.475","97"
"81","196592","20220824072000","52","3","花蓮縣","豐濱鄉","121.510","23.480","112"
"69","196639","20220824072000","48","2","花蓮縣","豐濱鄉","121.500","23.455","73"
"209","196667","20220824072000","125","3","花蓮縣","玉里鎮","121.405","23.465","201"
"133","196709","20220824072000","56","3","花蓮縣","玉里鎮","121.395","23.455","145"
"846","196774","20220824072000","667","2","嘉義縣","中埔鄉","120.465","23.455","839"
"1147","196781","20220824072000","1615","0","嘉義縣","民雄鄉","120.430","23.520","1163"
"403","196789","20220824072000","420","0","嘉義縣","民雄鄉","120.440","23.515","396"
"360","196793","20220824072000","214","3","嘉義縣","六腳鄉","120.290","23.520","377"
"756","196815","20220824072000","573","2","嘉義縣","六腳鄉","120.250","23.510","751"
"24","196825","20220824072000","24","1","嘉義縣","六腳鄉","120.225","23.485","33"
"95","196836","20220824072000","79","2","嘉義縣","六腳鄉","120.285","23.500","84"
"292","196856","20220824072000","153","3","雲林縣","水林鄉","120.225","23.505","272"
"63","196879","20220824072000","365","0","嘉義縣","六腳鄉","120.245","23.485","54"
"402","196886","20220824072000","228","3","嘉義縣","民雄鄉","120.415","23.525","361"
"50","196888","20220824072000","24","3","嘉義縣","民雄鄉","120.425","23.525","55"
"61","196895","20220824072000","171","0","嘉義縣","太保市","120.310","23.460","47"
"220","196913","20220824072000","218","1","嘉義縣","新港鄉","120.375","23.515","195"
"167","196921","20220824072000","1004","0","嘉義縣","新港鄉","120.380","23.525","166"
"356","196935","20220824072000","285","2","嘉義縣","六腳鄉","120.280","23.505","398"
"503","196963","20220824072000","487","1","嘉義縣","六腳鄉","120.310","23.500","411"
"1041","197018","20220824072000","768","2","嘉義縣","太保市","120.335","23.490","995"
"565","197019","20220824072000","387","2","嘉義縣","太保市","120.340","23.495","605"
"1252","197036","20220824072000","2197","0","嘉義縣","太保市","120.365","23.500","1246"
"56","197041","20220824072000","129","0","嘉義縣","太保市","120.360","23.510","50"
"623","197046","20220824072000","549","1","嘉義縣","太保市","120.370","23.500","613"
"20","197053","20220824072000","12","3","嘉義縣","六腳鄉","120.265","23.525","16"
"413","197055","20220824072000","286","2","嘉義縣","六腳鄉","120.275","23.525","422"
"183","197536","20220824072000","150","2","南投縣","信義鄉","120.870","23.470","180"
"62","197634","20220824072000","47","2","南投縣","信義鄉","120.825","23.510","48"
"528","197682","20220824072000","834","0","嘉義縣","民雄鄉","120.440","23.520","536"
"1139","197684","20220824072000","1550","0","嘉義縣","民雄鄉","120.440","23.525","1336"
"1145","197685","20220824072000","1603","0","嘉義縣","民雄鄉","120.445","23.525","1131"
"64","197686","20220824072000","55","1","嘉義縣","民雄鄉","120.450","23.525","53"
"76","197696","20220824072000","55","2","嘉義縣","民雄鄉","120.425","23.510","81"
"457","197703","20220824072000","359","2","嘉義縣","民雄鄉","120.465","23.505","438"
"547","197710","20220824072000","421","2","嘉義縣","民雄鄉","120.475","23.515","600"
"40","197714","20220824072000","59","0","嘉義縣","民雄鄉","120.480","23.520","30"
"146","197719","20220824072000","95","3","雲林縣","水林鄉","120.205","23.530","170"
"22","197727","20220824072000","165","0","嘉義縣","太保市","120.380","23.490","20"
"324","197729","20220824072000","205","3","嘉義縣","太保市","120.370","23.495","311"
"222","197749","20220824072000","98","3","嘉義縣","太保市","120.385","23.480","223"
"1199","197755","20220824072000","1085","1","嘉義縣","朴子市","120.285","23.465","1209"
"130","197756","20220824072000","177","0","嘉義縣","朴子市","120.290","23.465","125"
"47","197762","20220824072000","22","3","嘉義縣","太保市","120.290","23.470","44"
"45","197764","20220824072000","217","0","嘉義縣","太保市","120.290","23.475","34"
"217","197766","20220824072000","123","3","嘉義縣","朴子市","120.240","23.470","214"
"25","197770","20220824072000","79","0","嘉義縣","新港鄉","120.310","23.515","29"
"24","197781","20220824072000","92","0","嘉義縣","新港鄉","120.330","23.520","22"
"40","197788","20220824072000","416","0","嘉義縣","朴子市","120.285","23.455","38"
"14","197789","20220824072000","148","0","嘉義縣","朴子市","120.290","23.455","12"
"335","197794","20220824072000","1029","0","嘉義縣","朴子市","120.285","23.460","284"
"33","197795","20220824072000","257","0","嘉義縣","朴子市","120.290","23.460","19"
"732","197796","20220824072000","633","1","嘉義縣","朴子市","120.265","23.465","677"
"57","197797","20220824072000","393","0","嘉義縣","朴子市","120.255","23.455","53"
"72","197799","20220824072000","27","3","嘉義縣","朴子市","120.265","23.455","66"
"623","197800","20220824072000","253","3","嘉義縣","朴子市","120.250","23.460","535"
"73","197802","20220824072000","63","1","嘉義縣","朴子市","120.260","23.460","68"
"350","197804","20220824072000","208","3","嘉義縣","朴子市","120.255","23.465","341"
"103","197820","20220824072000","128","0","嘉義縣","新港鄉","120.365","23.515","124"
"81","197822","20220824072000","280","0","嘉義縣","新港鄉","120.350","23.520","77"
"54","197827","20220824072000","415","0","嘉義縣","新港鄉","120.355","23.520","45"
"25","197830","20220824072000","149","0","嘉義縣","新港鄉","120.330","23.510","36"
"91","197832","20220824072000","62","2","嘉義縣","新港鄉","120.340","23.510","60"
"119","197837","20220824072000","72","3","嘉義縣","新港鄉","120.340","23.515","122"
"75","197862","20220824072000","51","2","嘉義縣","阿里山鄉","120.790","23.505","81"
"319","197867","20220824072000","229","2","嘉義縣","阿里山鄉","120.810","23.515","318"
"156","197868","20220824072000","87","3","嘉義縣","阿里山鄉","120.815","23.515","151"
"441","197899","20220824072000","326","2","嘉義縣","太保市","120.335","23.475","429"
"388","197906","20220824072000","330","1","嘉義縣","太保市","120.345","23.480","395"
"33","197913","20220824072000","160","0","嘉義縣","太保市","120.300","23.465","41"
"107","197940","20220824072000","60","3","南投縣","信義鄉","120.890","23.490","96"
"31","198017","20220824072000","13","3","南投縣","信義鄉","120.915","23.525","34"
"97","198035","20220824072000","104","0","雲林縣","水林鄉","120.230","23.515","111"
"591","198046","20220824072000","436","2","雲林縣","水林鄉","120.230","23.520","562"
"2075","198052","20220824072000","1299","3","嘉義縣","朴子市","120.245","23.470","1962"
"47","198053","20220824072000","609","0","嘉義縣","六腳鄉","120.250","23.470","51"
"112","198057","20220824072000","1156","0","嘉義縣","朴子市","120.245","23.465","109"
"90","198066","20220824072000","1103","0","嘉義縣","朴子市","120.240","23.465","91"
"545","198068","20220824072000","248","3","嘉義縣","朴子市","120.225","23.460","453"
"156","198071","20220824072000","848","0","嘉義縣","朴子市","120.235","23.465","139"
"402","198076","20220824072000","327","2","嘉義縣","朴子市","120.270","23.480","532"
"58","198087","20220824072000","174","0","嘉義縣","太保市","120.355","23.465","74"
"1822","198089","20220824072000","2571","0","嘉義縣","太保市","120.380","23.500","1796"
"1224","198129","20220824072000","641","3","嘉義縣","太保市","120.325","23.455","1131"
"40","198131","20220824072000","355","0","嘉義縣","太保市","120.335","23.455","43"
"42","198135","20220824072000","279","0","嘉義縣","太保市","120.335","23.460","47"
"59","198141","20220824072000","597","0","嘉義縣","太保市","120.295","23.455","52"
"110","198144","20220824072000","865","0","嘉義縣","太保市","120.295","23.460","93"
"230","198164","20220824072000","157","2","嘉義縣","東石鄉","120.170","23.480","236"
"12","198175","20220824072000","10","2","嘉義縣","東石鄉","120.195","23.465","14"
"40","198190","20220824072000","29","2","嘉義縣","東石鄉","120.145","23.465","36"
"73","198208","20220824072000","50","2","嘉義縣","梅山鄉","120.710","23.520","35"
"171","198214","20220824072000","153","1","嘉義縣","梅山鄉","120.710","23.525","162"
"709","198237","20220824072000","621","1","嘉義縣","東石鄉","120.170","23.465","727"
"442","198282","20220824072000","425","1","嘉義縣","東石鄉","120.185","23.490","498"
"26","198283","20220824072000","34","0","嘉義縣","東石鄉","120.185","23.495","26"
"900","198309","20220824072000","769","1","嘉義縣","東石鄉","120.150","23.460","890"
"280","198354","20220824072000","191","2","嘉義縣","東石鄉","120.155","23.500","283"
"219","198358","20220824072000","179","2","嘉義縣","東石鄉","120.175","23.500","183"
"69","198378","20220824072000","67","1","嘉義縣","東石鄉","120.160","23.510","83"
"299","198419","20220824072000","198","3","嘉義縣","梅山鄉","120.660","23.525","299"
"36","198450","20220824072000","41","0","嘉義縣","民雄鄉","120.450","23.520","39"
"191","198452","20220824072000","130","2","嘉義縣","民雄鄉","120.460","23.520","187"
"14","198455","20220824072000","37","0","嘉義縣","民雄鄉","120.455","23.525","13"
"364","198456","20220824072000","362","1","嘉義縣","民雄鄉","120.460","23.525","319"
"145","198457","20220824072000","118","2","嘉義縣","民雄鄉","120.450","23.530","132"
"673","198458","20220824072000","513","2","嘉義縣","民雄鄉","120.455","23.530","630"
"573","198459","20220824072000","443","2","嘉義縣","民雄鄉","120.460","23.530","548"
"160","198474","20220824072000","119","2","嘉義縣","民雄鄉","120.475","23.525","160"
"28","198490","20220824072000","127","0","嘉義縣","新港鄉","120.390","23.515","22"
"46","198491","20220824072000","62","0","嘉義縣","民雄鄉","120.400","23.515","41"
"683","198495","20220824072000","571","1","嘉義縣","民雄鄉","120.410","23.520","702"
"31","198501","20220824072000","70","0","嘉義縣","民雄鄉","120.415","23.520","34"
"710","198503","20220824072000","1095","0","嘉義縣","民雄鄉","120.430","23.530","987"
"325","198542","20220824072000","171","3","嘉義縣","六腳鄉","120.300","23.505","315"
"42","198546","20220824072000","27","3","嘉義縣","六腳鄉","120.300","23.515","37"
"14","198646","20220824072000","111","0","嘉義縣","水上鄉","120.375","23.460","22"
"164","198651","20220824072000","126","2","雲林縣","水林鄉","120.210","23.515","152"
"451","198686","20220824072000","424","1","嘉義縣","水上鄉","120.410","23.455","452"
"304","198687","20220824072000","158","3","嘉義縣","水上鄉","120.415","23.455","300"
"785","198691","20220824072000","308","3","嘉義市","西區","120.415","23.460","818"
"55","198693","20220824072000","95","0","嘉義縣","水上鄉","120.420","23.460","42"
"1697","198697","20220824072000","1057","3","嘉義縣","六腳鄉","120.295","23.490","1638"
"369","198713","20220824072000","272","2","雲林縣","口湖鄉","120.185","23.525","362"
"918","198720","20220824072000","761","2","嘉義縣","水上鄉","120.400","23.455","954"
"159","198726","20220824072000","1188","0","嘉義縣","朴子市","120.245","23.460","153"
"17","198735","20220824072000","12","2","嘉義縣","六腳鄉","120.260","23.530","20"
"24","198765","20220824072000","20","2","嘉義縣","竹崎鄉","120.580","23.520","21"
"277","198769","20220824072000","270","1","嘉義縣","番路鄉","120.555","23.465","265"
"727","198770","20220824072000","661","1","嘉義縣","番路鄉","120.560","23.465","727"
"262","198785","20220824072000","234","1","嘉義縣","番路鄉","120.505","23.455","287"
"170","198844","20220824072000","109","3","嘉義縣","番路鄉","120.620","23.480","192"
"34","198849","20220824072000","19","3","嘉義縣","番路鄉","120.625","23.485","22"
"103","198869","20220824072000","71","2","嘉義縣","番路鄉","120.540","23.460","104"
"228","198871","20220824072000","184","2","嘉義縣","番路鄉","120.550","23.460","227"
"150","198874","20220824072000","143","1","嘉義縣","番路鄉","120.540","23.465","130"
"21","198875","20220824072000","54","0","嘉義縣","番路鄉","120.535","23.470","24"
"161","198880","20220824072000","114","2","嘉義縣","番路鄉","120.600","23.455","165"
"185","198884","20220824072000","186","0","嘉義縣","番路鄉","120.595","23.460","206"
"57","198885","20220824072000","34","3","嘉義縣","番路鄉","120.600","23.460","76"
"10","198891","20220824072000","130","0","嘉義縣","番路鄉","120.530","23.475","10"
"981","198892","20220824072000","773","2","嘉義縣","番路鄉","120.535","23.475","1005"
"163","198893","20220824072000","109","2","嘉義縣","番路鄉","120.510","23.480","178"
"32","198896","20220824072000","57","0","嘉義縣","番路鄉","120.525","23.480","25"
"318","198913","20220824072000","241","2","嘉義縣","竹崎鄉","120.685","23.460","326"
"210","198918","20220824072000","122","3","嘉義縣","竹崎鄉","120.695","23.475","183"
"35","198922","20220824072000","32","1","嘉義縣","竹崎鄉","120.700","23.480","39"
"28","198923","20220824072000","16","3","嘉義縣","竹崎鄉","120.705","23.480","29"
"78","198932","20220824072000","28","3","嘉義縣","竹崎鄉","120.705","23.485","81"
"204","198946","20220824072000","124","3","嘉義縣","竹崎鄉","120.695","23.500","196"
"266","198952","20220824072000","176","3","嘉義縣","竹崎鄉","120.695","23.505","235"
"24","198964","20220824072000","29","0","嘉義縣","竹崎鄉","120.660","23.505","31"
"163","198983","20220824072000","134","2","嘉義縣","竹崎鄉","120.635","23.520","123"
"10","199010","20220824072000","37","0","嘉義縣","竹崎鄉","120.625","23.530","10"
"63","199039","20220824072000","47","2","嘉義縣","竹崎鄉","120.650","23.470","78"
"136","199063","20220824072000","120","1","嘉義縣","竹崎鄉","120.680","23.480","153"
"415","199106","20220824072000","467","0","嘉義縣","竹崎鄉","120.570","23.485","401"
"381","199108","20220824072000","281","2","嘉義縣","竹崎鄉","120.555","23.485","384"
"28","199120","20220824072000","23","2","嘉義縣","竹崎鄉","120.540","23.515","31"
"1338","199122","20220824072000","1300","1","嘉義縣","竹崎鄉","120.550","23.515","1385"
"479","199146","20220824072000","367","2","嘉義縣","竹崎鄉","120.570","23.500","446"
"38","199161","20220824072000","427","0","嘉義縣","竹崎鄉","120.550","23.530","33"
"65","199213","20220824072000","36","3","嘉義縣","竹崎鄉","120.590","23.465","60"
"271","199237","20220824072000","133","3","嘉義縣","竹崎鄉","120.605","23.470","268"
"59","199241","20220824072000","43","2","嘉義縣","竹崎鄉","120.585","23.475","49"
"161","199248","20220824072000","160","1","嘉義縣","竹崎鄉","120.575","23.480","170"
"445","199280","20220824072000","390","1","嘉義縣","竹崎鄉","120.505","23.485","421"
"916","199288","20220824072000","751","2","嘉義縣","竹崎鄉","120.500","23.490","957"
"634","199291","20220824072000","514","2","嘉義縣","竹崎鄉","120.520","23.490","635"
"519","199297","20220824072000","480","1","嘉義縣","竹崎鄉","120.495","23.495","516"
"305","199306","20220824072000","228","2","嘉義縣","竹崎鄉","120.500","23.500","308"
"299","199313","20220824072000","269","1","嘉義縣","竹崎鄉","120.505","23.525","284"
"310","199322","20220824072000","261","1","嘉義縣","竹崎鄉","120.515","23.530","327"
"270","199330","20220824072000","264","1","嘉義縣","竹崎鄉","120.495","23.510","273"
"133","199332","20220824072000","94","2","嘉義縣","竹崎鄉","120.495","23.515","112"
"872","199353","20220824072000","652","2","嘉義縣","竹崎鄉","120.570","23.505","872"
"194","199358","20220824072000","113","3","嘉義縣","竹崎鄉","120.610","23.510","217"
"130","199367","20220824072000","128","1","嘉義縣","竹崎鄉","120.605","23.515","131"
"129","199379","20220824072000","61","3","嘉義縣","竹崎鄉","120.610","23.520","136"
"56","199459","20220824072000","29","3","嘉義縣","阿里山鄉","120.950","23.465","26"
"12","199523","20220824072000","23","0","嘉義縣","阿里山鄉","120.795","23.490","24"
"20","199541","20220824072000","12","3","嘉義縣","阿里山鄉","120.800","23.500","23"
"166","199552","20220824072000","88","3","嘉義縣","阿里山鄉","120.815","23.505","149"
"771","199555","20220824072000","530","2","嘉義縣","阿里山鄉","120.805","23.510","764"
"241","199603","20220824072000","154","3","嘉義縣","阿里山鄉","120.730","23.530","209"
"117","199642","20220824072000","94","2","嘉義縣","阿里山鄉","120.755","23.490","120"
"48","199653","20220824072000","33","2","嘉義縣","阿里山鄉","120.745","23.495","50"
"89","199699","20220824072000","47","3","嘉義縣","阿里山鄉","120.740","23.515","86"
"108","199719","20220824072000","70","3","嘉義縣","阿里山鄉","120.720","23.455","136"
"68","199725","20220824072000","46","2","嘉義縣","阿里山鄉","120.700","23.460","50"
"233","199742","20220824072000","166","2","嘉義縣","阿里山鄉","120.730","23.465","134"
"279","199744","20220824072000","86","3","嘉義縣","竹崎鄉","120.695","23.470","168"
"447","199745","20220824072000","335","2","嘉義縣","阿里山鄉","120.700","23.470","414"
"96","199748","20220824072000","79","2","嘉義縣","阿里山鄉","120.715","23.470","75"
"118","199760","20220824072000","102","1","嘉義縣","阿里山鄉","120.715","23.480","122"
"92","199769","20220824072000","49","3","嘉義縣","阿里山鄉","120.720","23.485","101"
"147","199777","20220824072000","133","1","嘉義縣","阿里山鄉","120.750","23.455","218"
"28","199798","20220824072000","20","2","嘉義縣","阿里山鄉","120.775","23.460","23"
"284","199875","20220824072000","173","3","嘉義縣","竹崎鄉","120.595","23.485","287"
"177","199886","20220824072000","103","3","嘉義縣","竹崎鄉","120.595","23.495","146"
"378","199897","20220824072000","381","0","嘉義縣","竹崎鄉","120.550","23.485","358"
"109","199900","20220824072000","244","0","嘉義縣","竹崎鄉","120.540","23.495","106"
"739","199903","20220824072000","670","1","嘉義縣","竹崎鄉","120.540","23.500","710"
"141","199909","20220824072000","67","3","嘉義縣","竹崎鄉","120.595","23.525","124"
"171","199920","20220824072000","119","2","嘉義縣","竹崎鄉","120.510","23.490","176"
"721","199938","20220824072000","545","2","嘉義縣","竹崎鄉","120.525","23.515","697"
"484","200367","20220824072000","400","2","澎湖縣","馬公市","119.550","23.535","298"
"52","201149","20220824072000","74","0","澎湖縣","馬公市","119.570","23.550","37"
"165","201400","20220824072000","165","1","澎湖縣","馬公市","119.570","23.555","114"
"624","202108","20220824072000","532","1","澎湖縣","西嶼鄉","119.485","23.565","611"
"932","202121","20220824072000","595","3","澎湖縣","馬公市","119.565","23.565","905"
"255","202367","20220824072000","193","2","澎湖縣","馬公市","119.565","23.570","267"
"81","202600","20220824072000","61","2","澎湖縣","西嶼鄉","119.500","23.575","92"
"538","202858","20220824072000","870","0","澎湖縣","馬公市","119.575","23.580","500"
"152","203106","20220824072000","120","2","澎湖縣","馬公市","119.570","23.585","155"
"635","203108","20220824072000","465","2","澎湖縣","馬公市","119.580","23.585","639"
"190","203109","20220824072000","102","3","澎湖縣","馬公市","119.585","23.585","159"
"15","203624","20220824072000","13","1","澎湖縣","湖西鄉","119.670","23.595","15"
"30","203877","20220824072000","13","3","澎湖縣","湖西鄉","119.640","23.600","22"
"15","203940","20220824072000","36","0","澎湖縣","馬公市","119.570","23.560","23"
"1020","203941","20220824072000","864","1","澎湖縣","馬公市","119.570","23.565","984"
"1305","203942","20220824072000","1884","0","澎湖縣","馬公市","119.570","23.570","1319"
"316","203945","20220824072000","368","0","澎湖縣","湖西鄉","119.615","23.570","296"
"22","203947","20220824072000","274","0","澎湖縣","湖西鄉","119.625","23.570","27"
"253","203951","20220824072000","217","1","澎湖縣","馬公市","119.600","23.555","250"
"23","203964","20220824072000","197","0","澎湖縣","湖西鄉","119.620","23.600","18"
"373","203989","20220824072000","212","3","澎湖縣","西嶼鄉","119.480","23.565","341"
"295","203992","20220824072000","210","2","澎湖縣","湖西鄉","119.615","23.595","312"
"100","203994","20220824072000","80","2","澎湖縣","湖西鄉","119.665","23.585","106"
"19","204001","20220824072000","13","2","澎湖縣","馬公市","119.590","23.550","19"
"1560","204013","20220824072000","1140","2","澎湖縣","馬公市","119.600","23.570","1591"
"82","204018","20220824072000","469","0","澎湖縣","馬公市","119.580","23.560","102"
"2342","204021","20220824072000","712","3","澎湖縣","馬公市","119.585","23.565","2297"
"1500","204022","20220824072000","496","3","澎湖縣","馬公市","119.590","23.565","1490"
"305","204025","20220824072000","232","2","澎湖縣","湖西鄉","119.630","23.565","282"
"167","204033","20220824072000","195","0","澎湖縣","湖西鄉","119.655","23.565","160"
"287","204042","20220824072000","270","1","澎湖縣","馬公市","119.545","23.540","300"
"181","204045","20220824072000","662","0","澎湖縣","湖西鄉","119.670","23.570","187"
"330","204049","20220824072000","338","0","澎湖縣","馬公市","119.575","23.570","333"
"974","204050","20220824072000","545","3","澎湖縣","馬公市","119.580","23.570","944"
"2761","204052","20220824072000","2656","1","澎湖縣","馬公市","119.575","23.575","2759"
"43","204053","20220824072000","588","0","澎湖縣","馬公市","119.580","23.575","33"
"888","204054","20220824072000","510","3","澎湖縣","馬公市","119.580","23.580","873"
"357","204067","20220824072000","282","2","澎湖縣","馬公市","119.615","23.555","382"
"131","204074","20220824072000","70","3","澎湖縣","湖西鄉","119.620","23.565","124"
"321","204075","20220824072000","294","1","澎湖縣","湖西鄉","119.650","23.570","344"
"643","204080","20220824072000","543","1","澎湖縣","湖西鄉","119.650","23.580","614"
"201","204087","20220824072000","158","2","澎湖縣","西嶼鄉","119.505","23.585","178"
"311","204092","20220824072000","399","0","澎湖縣","西嶼鄉","119.510","23.600","356"
"242","204107","20220824072000","214","1","澎湖縣","馬公市","119.560","23.560","225"
"484","204108","20220824072000","492","0","澎湖縣","馬公市","119.565","23.560","479"
"14","204109","20220824072000","20","0","澎湖縣","馬公市","119.595","23.550","18"
"28","204111","20220824072000","330","0","澎湖縣","馬公市","119.595","23.555","22"
"290","204113","20220824072000","214","2","澎湖縣","馬公市","119.605","23.535","272"
"57","204120","20220824072000","242","0","澎湖縣","馬公市","119.610","23.545","50"
"13","204123","20220824072000","18","0","澎湖縣","馬公市","119.615","23.550","13"
"49","204124","20220824072000","209","0","澎湖縣","馬公市","119.620","23.550","50"
"40","204136","20220824072000","133","0","澎湖縣","湖西鄉","119.640","23.580","49"
"386","204137","20220824072000","298","2","澎湖縣","湖西鄉","119.645","23.580","403"
"179","204161","20220824072000","124","2","澎湖縣","湖西鄉","119.640","23.555","207"
"24","204162","20220824072000","251","0","澎湖縣","湖西鄉","119.630","23.560","34"
"12","204163","20220824072000","187","0","澎湖縣","湖西鄉","119.635","23.560","12"
"13","204174","20220824072000","412","0","澎湖縣","湖西鄉","119.615","23.590","15"
"58","204179","20220824072000","26","3","澎湖縣","湖西鄉","119.680","23.555","74"
"504","204185","20220824072000","319","3","澎湖縣","湖西鄉","119.670","23.565","470"
"1736","204189","20220824072000","954","3","澎湖縣","馬公市","119.575","23.565","1627"
"123","204191","20220824072000","745","0","澎湖縣","馬公市","119.585","23.555","65"
"787","204192","20220824072000","298","3","澎湖縣","馬公市","119.585","23.560","763"
"34","204194","20220824072000","437","0","澎湖縣","馬公市","119.595","23.560","30"
"1615","204195","20220824072000","1029","3","澎湖縣","馬公市","119.600","23.560","1391"
"61","204307","20220824072000","40","3","花蓮縣","瑞穗鄉","121.370","23.575","64"
"314","204313","20220824072000","243","2","花蓮縣","瑞穗鄉","121.375","23.575","301"
"148","204317","20220824072000","140","1","花蓮縣","瑞穗鄉","121.370","23.580","166"
"148","204319","20220824072000","126","1","花蓮縣","瑞穗鄉","121.380","23.580","153"
"72","204320","20220824072000","36","3","花蓮縣","萬榮鄉","121.355","23.585","44"
"181","204355","20220824072000","136","2","花蓮縣","瑞穗鄉","121.385","23.570","147"
"77","204381","20220824072000","68","1","花蓮縣","瑞穗鄉","121.385","23.580","80"
"84","204384","20220824072000","49","3","花蓮縣","瑞穗鄉","121.400","23.580","49"
"182","204421","20220824072000","143","2","花蓮縣","光復鄉","121.390","23.605","166"
"61","204446","20220824072000","37","3","花蓮縣","光復鄉","121.385","23.605","59"
"276","204758","20220824072000","168","3","花蓮縣","瑞穗鄉","121.375","23.540","217"
"51","205305","20220824072000","25","3","花蓮縣","豐濱鄉","121.525","23.575","46"
"138","205386","20220824072000","67","3","花蓮縣","豐濱鄉","121.525","23.595","126"
"254","205403","20220824072000","166","3","花蓮縣","豐濱鄉","121.520","23.600","236"
"68","205422","20220824072000","42","3","花蓮縣","豐濱鄉","121.530","23.605","72"
"32","205447","20220824072000","47","0","花蓮縣","光復鄉","121.420","23.605","36"
"358","205461","20220824072000","368","0","雲林縣","元長鄉","120.350","23.600","355"
"38","205475","20220824072000","56","0","嘉義縣","民雄鄉","120.400","23.555","35"
"463","205481","20220824072000","507","0","嘉義縣","民雄鄉","120.400","23.560","454"
"219","205482","20220824072000","160","2","嘉義縣","溪口鄉","120.405","23.560","190"
"861","205486","20220824072000","721","1","嘉義縣","民雄鄉","120.420","23.550","878"
"22","205488","20220824072000","40","0","嘉義縣","民雄鄉","120.425","23.555","27"
"516","205494","20220824072000","352","2","嘉義縣","民雄鄉","120.380","23.545","513"
"346","205501","20220824072000","360","0","嘉義縣","民雄鄉","120.445","23.560","361"
"377","205502","20220824072000","322","1","嘉義縣","民雄鄉","120.450","23.560","388"
"29","205523","20220824072000","49","0","嘉義縣","民雄鄉","120.450","23.570","30"
"535","205531","20220824072000","551","0","嘉義縣","民雄鄉","120.435","23.565","552"
"61","205537","20220824072000","206","0","嘉義縣","民雄鄉","120.435","23.535","54"
"190","205548","20220824072000","153","2","嘉義縣","六腳鄉","120.295","23.540","182"
"308","205557","20220824072000","255","2","嘉義縣","六腳鄉","120.300","23.550","304"
"105","205571","20220824072000","237","0","雲林縣","水林鄉","120.245","23.605","107"
"105","205579","20220824072000","36","3","雲林縣","水林鄉","120.220","23.595","106"
"19","205586","20220824072000","211","0","雲林縣","水林鄉","120.235","23.605","17"
"58","205593","20220824072000","381","0","嘉義縣","新港鄉","120.345","23.570","57"
"45","205600","20220824072000","412","0","嘉義縣","新港鄉","120.345","23.550","57"
"239","205605","20220824072000","162","2","嘉義縣","新港鄉","120.330","23.560","224"
"120","205606","20220824072000","67","3","嘉義縣","新港鄉","120.335","23.560","103"
"21","205615","20220824072000","181","0","嘉義縣","新港鄉","120.340","23.575","21"
"333","205623","20220824072000","289","1","雲林縣","元長鄉","120.335","23.610","363"
"139","205641","20220824072000","114","2","嘉義縣","新港鄉","120.350","23.590","140"
"36","205649","20220824072000","268","0","嘉義縣","新港鄉","120.315","23.550","30"
"127","205670","20220824072000","42","3","雲林縣","口湖鄉","120.170","23.605","141"
"441","206056","20220824072000","308","2","南投縣","信義鄉","120.925","23.560","436"
"547","206426","20220824072000","523","1","南投縣","信義鄉","120.895","23.595","520"
"13","206748","20220824072000","13","1","雲林縣","北港鎮","120.285","23.555","13"
"1356","206759","20220824072000","988","2","嘉義縣","溪口鄉","120.400","23.605","1365"
"745","206766","20220824072000","751","0","嘉義縣","民雄鄉","120.430","23.550","723"
"1270","206767","20220824072000","1103","1","嘉義縣","民雄鄉","120.430","23.555","1183"
"689","206768","20220824072000","677","1","嘉義縣","民雄鄉","120.435","23.555","695"
"431","206781","20220824072000","292","2","雲林縣","北港鎮","120.325","23.585","421"
"65","206786","20220824072000","780","0","雲林縣","北港鎮","120.295","23.575","56"
"242","206789","20220824072000","298","0","雲林縣","北港鎮","120.300","23.580","243"
"533","206790","20220824072000","571","0","雲林縣","北港鎮","120.305","23.580","623"
"59","206794","20220824072000","36","3","雲林縣","北港鎮","120.310","23.585","60"
"103","206797","20220824072000","814","0","雲林縣","北港鎮","120.310","23.590","93"
"321","206815","20220824072000","184","3","嘉義縣","大林鎮","120.465","23.600","322"
"400","206822","20220824072000","253","3","嘉義縣","大林鎮","120.470","23.605","391"
"68","206825","20220824072000","458","0","嘉義縣","大林鎮","120.485","23.605","56"
"215","206830","20220824072000","270","0","嘉義縣","民雄鄉","120.445","23.545","214"
"36","206834","20220824072000","33","1","嘉義縣","民雄鄉","120.440","23.550","39"
"198","206837","20220824072000","149","2","嘉義縣","民雄鄉","120.455","23.550","198"
"362","206858","20220824072000","358","1","嘉義縣","民雄鄉","120.480","23.535","358"
"235","206869","20220824072000","112","3","嘉義縣","民雄鄉","120.500","23.540","188"
"25","206879","20220824072000","32","0","嘉義縣","民雄鄉","120.415","23.560","23"
"43","206882","20220824072000","27","3","嘉義縣","民雄鄉","120.410","23.565","46"
"435","206905","20220824072000","186","3","雲林縣","水林鄉","120.230","23.585","440"
"959","206940","20220824072000","1117","0","雲林縣","北港鎮","120.300","23.565","993"
"373","206943","20220824072000","237","3","雲林縣","北港鎮","120.310","23.575","372"
"537","206964","20220824072000","306","3","嘉義縣","新港鄉","120.360","23.590","562"
"37","206982","20220824072000","389","0","嘉義縣","新港鄉","120.370","23.555","42"
"524","206991","20220824072000","533","0","嘉義縣","新港鄉","120.350","23.555","521"
"569","206992","20220824072000","381","2","嘉義縣","新港鄉","120.355","23.555","551"
"64","206994","20220824072000","851","0","嘉義縣","新港鄉","120.350","23.560","65"
"642","206997","20220824072000","468","2","嘉義縣","新港鄉","120.320","23.565","643"
"21","207025","20220824072000","190","0","嘉義縣","新港鄉","120.335","23.540","12"
"1072","207038","20220824072000","599","3","嘉義縣","新港鄉","120.345","23.555","1025"
"58","207039","20220824072000","28","3","嘉義縣","新港鄉","120.345","23.560","53"
"15","207040","20220824072000","127","0","嘉義縣","新港鄉","120.345","23.535","11"
"31","207051","20220824072000","266","0","嘉義縣","新港鄉","120.375","23.560","23"
"35","207166","20220824072000","35","1","南投縣","信義鄉","120.915","23.545","47"
"125","207170","20220824072000","105","1","南投縣","信義鄉","120.870","23.550","128"
"149","207172","20220824072000","109","2","南投縣","信義鄉","120.880","23.550","155"
"37","207177","20220824072000","73","0","南投縣","信義鄉","120.905","23.550","35"
"270","207208","20220824072000","206","2","南投縣","信義鄉","120.905","23.565","266"
"17","207242","20220824072000","266","0","南投縣","信義鄉","120.890","23.590","261"
"973","207256","20220824072000","1065","0","雲林縣","北港鎮","120.305","23.565","1000"
"178","207266","20220824072000","162","1","嘉義縣","新港鄉","120.310","23.565","183"
"1888","207275","20220824072000","1466","2","雲林縣","北港鎮","120.290","23.575","1861"
"68","207299","20220824072000","60","1","嘉義縣","梅山鄉","120.600","23.560","57"
"104","207304","20220824072000","99","1","嘉義縣","梅山鄉","120.595","23.565","77"
"264","207305","20220824072000","219","2","嘉義縣","梅山鄉","120.605","23.565","258"
"168","207326","20220824072000","112","3","嘉義縣","梅山鄉","120.625","23.550","138"
"407","207338","20220824072000","344","1","嘉義縣","梅山鄉","120.580","23.545","412"
"992","207352","20220824072000","925","1","嘉義縣","梅山鄉","120.555","23.585","990"
"779","207353","20220824072000","690","1","嘉義縣","梅山鄉","120.560","23.585","764"
"399","207356","20220824072000","349","1","嘉義縣","梅山鄉","120.550","23.590","393"
"556","207360","20220824072000","393","2","嘉義縣","大林鎮","120.450","23.605","529"
"54","207367","20220824072000","576","0","嘉義縣","大林鎮","120.525","23.595","64"
"142","207373","20220824072000","401","0","嘉義縣","大林鎮","120.500","23.605","130"
"65","207387","20220824072000","625","0","雲林縣","北港鎮","120.275","23.600","54"
"227","207403","20220824072000","233","0","雲林縣","北港鎮","120.325","23.595","223"
"441","207414","20220824072000","416","1","雲林縣","北港鎮","120.280","23.560","449"
"26","207432","20220824072000","199","0","雲林縣","口湖鄉","120.180","23.605","28"
"366","207435","20220824072000","232","3","雲林縣","古坑鄉","120.540","23.595","332"
"30","207462","20220824072000","102","0","雲林縣","古坑鄉","120.595","23.600","34"
"200","207463","20220824072000","113","3","雲林縣","古坑鄉","120.600","23.600","205"
"159","207465","20220824072000","95","3","雲林縣","古坑鄉","120.610","23.600","139"
"64","207467","20220824072000","25","3","雲林縣","古坑鄉","120.620","23.600","70"
"62","207494","20220824072000","57","1","雲林縣","古坑鄉","120.640","23.605","91"
"17","207498","20220824072000","100","0","雲林縣","古坑鄉","120.570","23.605","15"
"240","207505","20220824072000","211","1","嘉義縣","大林鎮","120.470","23.580","239"
"273","207507","20220824072000","388","0","嘉義縣","大林鎮","120.465","23.585","309"
"99","207511","20220824072000","46","3","嘉義縣","大林鎮","120.505","23.560","78"
"180","207523","20220824072000","355","0","嘉義縣","大林鎮","120.495","23.570","183"
"15","207536","20220824072000","98","0","嘉義縣","大林鎮","120.505","23.575","13"
"34","207556","20220824072000","462","0","嘉義縣","大林鎮","120.500","23.580","39"
"10","207558","20220824072000","157","0","嘉義縣","大林鎮","120.510","23.580","12"
"319","207564","20220824072000","216","2","嘉義縣","大林鎮","120.495","23.585","264"
"18","207576","20220824072000","220","0","嘉義縣","大林鎮","120.475","23.590","19"
"238","207578","20220824072000","288","0","嘉義縣","大林鎮","120.465","23.595","230"
"281","207585","20220824072000","243","1","嘉義縣","大林鎮","120.505","23.590","261"
"59","207592","20220824072000","471","0","嘉義縣","大林鎮","120.505","23.595","53"
"66","207596","20220824072000","30","3","嘉義縣","大林鎮","120.505","23.600","55"
"218","207602","20220824072000","296","0","嘉義縣","大林鎮","120.455","23.595","210"
"367","207604","20220824072000","834","0","嘉義縣","大林鎮","120.455","23.600","354"
"1120","207605","20220824072000","1281","0","嘉義縣","大林鎮","120.460","23.600","1061"
"120","207606","20220824072000","125","0","嘉義縣","大林鎮","120.460","23.605","112"
"326","207613","20220824072000","255","2","嘉義縣","大林鎮","120.445","23.610","329"
"20","207617","20220824072000","411","0","嘉義縣","大林鎮","120.445","23.595","15"
"1235","207626","20220824072000","1136","1","嘉義縣","大林鎮","120.455","23.605","1190"
"219","207628","20220824072000","1469","0","雲林縣","水林鄉","120.240","23.570","211"
"13","207629","20220824072000","11","1","雲林縣","水林鄉","120.245","23.570","13"
"624","207634","20220824072000","463","2","雲林縣","水林鄉","120.250","23.575","642"
"199","207670","20220824072000","159","2","嘉義縣","溪口鄉","120.395","23.600","176"
"79","207674","20220824072000","73","1","嘉義縣","梅山鄉","120.575","23.560","87"
"220","207675","20220824072000","200","1","嘉義縣","梅山鄉","120.580","23.560","214"
"736","207684","20220824072000","793","0","嘉義縣","梅山鄉","120.565","23.575","714"
"64","207691","20220824072000","62","1","嘉義縣","梅山鄉","120.580","23.580","50"
"112","207701","20220824072000","51","3","嘉義縣","梅山鄉","120.600","23.565","116"
"33","207703","20220824072000","79","0","嘉義縣","梅山鄉","120.580","23.570","25"
"459","207707","20220824072000","123","3","嘉義縣","梅山鄉","120.595","23.570","467"
"117","207721","20220824072000","76","3","嘉義縣","梅山鄉","120.600","23.575","116"
"38","207724","20220824072000","11","3","嘉義縣","梅山鄉","120.615","23.580","31"
"465","207727","20220824072000","454","1","嘉義縣","梅山鄉","120.555","23.545","493"
"63","207736","20220824072000","55","1","嘉義縣","梅山鄉","120.545","23.555","73"
"66","207753","20220824072000","59","1","嘉義縣","梅山鄉","120.715","23.535","61"
"92","207756","20220824072000","97","0","嘉義縣","梅山鄉","120.730","23.535","40"
"260","207761","20220824072000","202","2","嘉義縣","梅山鄉","120.710","23.540","240"
"190","207793","20220824072000","106","3","嘉義縣","梅山鄉","120.740","23.555","156"
"137","207860","20220824072000","160","0","雲林縣","古坑鄉","120.695","23.580","128"
"152","207910","20220824072000","100","3","雲林縣","古坑鄉","120.690","23.595","135"
"53","207945","20220824072000","51","1","雲林縣","古坑鄉","120.710","23.605","62"
"32","207964","20220824072000","21","3","雲林縣","古坑鄉","120.585","23.595","20"
"305","207970","20220824072000","125","3","雲林縣","古坑鄉","120.590","23.585","328"
"148","207983","20220824072000","112","2","雲林縣","古坑鄉","120.595","23.595","174"
"95","207985","20220824072000","43","3","雲林縣","古坑鄉","120.585","23.600","100"
"421","207988","20220824072000","331","2","雲林縣","口湖鄉","120.165","23.535","444"
"815","208006","20220824072000","673","2","雲林縣","口湖鄉","120.185","23.585","810"
"50","208021","20220824072000","66","0","嘉義縣","梅山鄉","120.625","23.570","59"
"230","208025","20220824072000","159","2","嘉義縣","梅山鄉","120.625","23.575","244"
"240","208030","20220824072000","217","1","嘉義縣","新港鄉","120.310","23.570","237"
"42","208049","20220824072000","291","0","雲林縣","口湖鄉","120.160","23.560","39"
"67","208080","20220824072000","199","0","雲林縣","口湖鄉","120.150","23.580","79"
"132","208091","20220824072000","18","3","雲林縣","口湖鄉","120.140","23.585","119"
"354","208131","20220824072000","257","2","嘉義縣","民雄鄉","120.410","23.570","360"
"518","208146","20220824072000","410","2","雲林縣","大埤鄉","120.370","23.610","529"
"742","208152","20220824072000","595","2","嘉義縣","梅山鄉","120.560","23.580","707"
"182","208158","20220824072000","158","1","嘉義縣","梅山鄉","120.560","23.565","168"
"256","208165","20220824072000","214","1","嘉義縣","梅山鄉","120.555","23.575","250"
"191","208171","20220824072000","129","2","嘉義縣","梅山鄉","120.680","23.535","146"
"206","208176","20220824072000","181","1","嘉義縣","梅山鄉","120.665","23.540","203"
"125","208180","20220824072000","101","2","嘉義縣","梅山鄉","120.685","23.540","116"
"318","208200","20220824072000","288","1","嘉義縣","梅山鄉","120.665","23.550","313"
"39","208203","20220824072000","39","1","嘉義縣","梅山鄉","120.680","23.550","37"
"190","208265","20220824072000","126","3","嘉義縣","梅山鄉","120.530","23.580","166"
"11","208273","20220824072000","116","0","嘉義縣","梅山鄉","120.535","23.590","12"
"192","208301","20220824072000","178","1","嘉義縣","梅山鄉","120.525","23.550","202"
"156","208303","20220824072000","122","2","嘉義縣","梅山鄉","120.535","23.550","165"
"370","208323","20220824072000","433","0","嘉義縣","民雄鄉","120.465","23.555","355"
"1277","208324","20220824072000","1930","0","嘉義縣","民雄鄉","120.470","23.555","1292"
"76","208325","20220824072000","119","0","嘉義縣","民雄鄉","120.475","23.555","65"
"17","208326","20220824072000","18","0","嘉義縣","民雄鄉","120.480","23.555","12"
"452","208328","20220824072000","879","0","嘉義縣","民雄鄉","120.470","23.560","466"
"450","208329","20220824072000","514","0","嘉義縣","民雄鄉","120.475","23.560","438"
"103","208332","20220824072000","150","0","嘉義縣","民雄鄉","120.475","23.565","96"
"541","208347","20220824072000","386","2","嘉義縣","民雄鄉","120.400","23.535","529"
"45","208352","20220824072000","510","0","嘉義縣","民雄鄉","120.460","23.535","43"
"340","208357","20220824072000","295","1","嘉義縣","民雄鄉","120.460","23.545","339"
"1278","208359","20220824072000","1199","1","嘉義縣","民雄鄉","120.425","23.560","1223"
"13","208360","20220824072000","21","0","嘉義縣","民雄鄉","120.430","23.560","13"
"28","208363","20220824072000","288","0","嘉義縣","民雄鄉","120.425","23.570","25"
"358","208380","20220824072000","144","3","嘉義縣","民雄鄉","120.390","23.545","361"
"381","208390","20220824072000","382","0","嘉義縣","民雄鄉","120.420","23.540","457"
"113","208392","20220824072000","139","0","嘉義縣","民雄鄉","120.430","23.540","108"
"57","208407","20220824072000","156","0","雲林縣","口湖鄉","120.175","23.570","60"
"492","208415","20220824072000","288","3","雲林縣","口湖鄉","120.190","23.575","487"
"576","208452","20220824072000","480","2","嘉義縣","溪口鄉","120.430","23.585","604"
"34","208454","20220824072000","293","0","嘉義縣","溪口鄉","120.440","23.585","31"
"542","208468","20220824072000","456","1","嘉義縣","溪口鄉","120.385","23.595","525"
"250","208486","20220824072000","174","2","嘉義縣","溪口鄉","120.390","23.605","255"
"567","208497","20220824072000","512","1","嘉義縣","六腳鄉","120.300","23.560","571"
"540","208503","20220824072000","542","0","嘉義縣","六腳鄉","120.290","23.535","505"
"71","208508","20220824072000","412","0","雲林縣","口湖鄉","120.180","23.585","81"
"420","208528","20220824072000","227","3","雲林縣","口湖鄉","120.140","23.550","426"
"77","208546","20220824072000","313","0","雲林縣","口湖鄉","120.150","23.565","72"
"202","208554","20220824072000","188","1","雲林縣","水林鄉","120.270","23.565","242"
"1156","208568","20220824072000","848","2","雲林縣","口湖鄉","120.190","23.545","1122"
"128","208573","20220824072000","301","0","雲林縣","北港鎮","120.285","23.610","131"
"1197","208589","20220824072000","1436","0","雲林縣","北港鎮","120.300","23.570","1209"
"737","208590","20220824072000","772","0","雲林縣","北港鎮","120.300","23.575","739"
"53","208617","20220824072000","405","0","雲林縣","水林鄉","120.220","23.560","57"
"59","208629","20220824072000","263","0","雲林縣","水林鄉","120.205","23.575","50"
"15","208633","20220824072000","13","1","雲林縣","水林鄉","120.225","23.535","14"
"435","208638","20220824072000","302","2","雲林縣","水林鄉","120.230","23.540","420"
"98","208647","20220824072000","382","0","雲林縣","水林鄉","120.250","23.550","105"
"142","208695","20220824072000","102","2","嘉義縣","竹崎鄉","120.555","23.540","142"
"145","208704","20220824072000","84","3","嘉義縣","竹崎鄉","120.560","23.540","124"
"74","208793","20220824072000","77","0","嘉義縣","阿里山鄉","120.750","23.570","80"
"59","208821","20220824072000","32","3","嘉義縣","阿里山鄉","120.750","23.580","62"
"25","208866","20220824072000","26","0","嘉義縣","阿里山鄉","120.750","23.590","33"
"99","209129","20220824072000","108","0","澎湖縣","湖西鄉","119.625","23.605","92"
"136","209899","20220824072000","84","3","澎湖縣","白沙鄉","119.570","23.615","131"
"42","209905","20220824072000","232","0","澎湖縣","白沙鄉","119.605","23.615","43"
"95","210790","20220824072000","33","3","花蓮縣","豐濱鄉","121.535","23.635","96"
"100","210927","20220824072000","124","0","澎湖縣","西嶼鄉","119.530","23.635","83"
"276","210940","20220824072000","229","2","澎湖縣","白沙鄉","119.600","23.635","288"
"12","211725","20220824072000","13","0","澎湖縣","白沙鄉","119.630","23.650","12"
"335","212241","20220824072000","236","2","澎湖縣","白沙鄉","119.655","23.660","307"
"778","212745","20220824072000","422","3","澎湖縣","白沙鄉","119.595","23.665","804"
"23","213442","20220824072000","26","0","澎湖縣","白沙鄉","119.555","23.660","33"
"24","213444","20220824072000","171","0","澎湖縣","白沙鄉","119.590","23.655","28"
"19","213447","20220824072000","20","0","澎湖縣","白沙鄉","119.600","23.650","29"
"10","213448","20220824072000","14","0","澎湖縣","白沙鄉","119.560","23.655","13"
"233","213454","20220824072000","111","3","澎湖縣","白沙鄉","119.560","23.660","223"
"170","213465","20220824072000","138","2","澎湖縣","白沙鄉","119.595","23.650","174"
"147","213491","20220824072000","126","1","澎湖縣","西嶼鄉","119.510","23.615","151"
"176","213509","20220824072000","191","0","澎湖縣","西嶼鄉","119.515","23.630","176"
"112","213516","20220824072000","101","1","澎湖縣","西嶼鄉","119.515","23.650","122"
"397","213554","20220824072000","352","1","花蓮縣","光復鄉","121.430","23.675","445"
"99","213627","20220824072000","115","0","花蓮縣","光復鄉","121.420","23.660","130"
"339","213652","20220824072000","347","0","花蓮縣","光復鄉","121.420","23.670","335"
"107","213675","20220824072000","81","2","花蓮縣","光復鄉","121.415","23.680","102"
"79","213820","20220824072000","54","2","花蓮縣","光復鄉","121.430","23.635","89"
"10","213864","20220824072000","157","0","雲林縣","四湖鄉","120.185","23.650","12"
"11","214398","20220824072000","44","0","花蓮縣","豐濱鄉","121.540","23.655","12"
"24","214415","20220824072000","19","2","花蓮縣","豐濱鄉","121.545","23.670","32"
"62","214424","20220824072000","52","1","花蓮縣","豐濱鄉","121.530","23.680","63"
"54","214495","20220824072000","42","2","花蓮縣","豐濱鄉","121.485","23.640","65"
"21","214506","20220824072000","143","0","雲林縣","四湖鄉","120.180","23.650","20"
"124","214521","20220824072000","28","3","雲林縣","四湖鄉","120.185","23.660","152"
"406","214544","20220824072000","193","3","雲林縣","四湖鄉","120.275","23.650","365"
"75","214550","20220824072000","237","0","雲林縣","元長鄉","120.275","23.660","82"
"311","214565","20220824072000","179","3","雲林縣","四湖鄉","120.200","23.640","319"
"60","214566","20220824072000","117","0","雲林縣","四湖鄉","120.205","23.640","61"
"135","214578","20220824072000","391","0","雲林縣","四湖鄉","120.220","23.615","130"
"36","214580","20220824072000","185","0","雲林縣","四湖鄉","120.170","23.640","37"
"266","214640","20220824072000","148","3","花蓮縣","光復鄉","121.450","23.655","298"
"199","214665","20220824072000","171","1","花蓮縣","光復鄉","121.405","23.625","139"
"182","214678","20220824072000","117","3","花蓮縣","光復鄉","121.415","23.645","150"
"32","214691","20220824072000","25","2","花蓮縣","光復鄉","121.415","23.655","44"
"17","214697","20220824072000","12","2","花蓮縣","光復鄉","121.410","23.660","27"
"295","214701","20220824072000","184","3","花蓮縣","光復鄉","121.430","23.665","306"
"453","214703","20220824072000","424","1","花蓮縣","光復鄉","121.425","23.670","430"
"663","214705","20220824072000","538","2","花蓮縣","光復鄉","121.420","23.665","700"
"140","214706","20220824072000","121","1","花蓮縣","光復鄉","121.425","23.665","156"
"516","214707","20220824072000","356","2","花蓮縣","光復鄉","121.450","23.660","441"
"377","214728","20220824072000","174","3","雲林縣","元長鄉","120.315","23.675","327"
"18","214731","20220824072000","125","0","雲林縣","元長鄉","120.310","23.680","30"
"33","214762","20220824072000","27","2","雲林縣","元長鄉","120.285","23.640","30"
"299","214797","20220824072000","383","0","雲林縣","元長鄉","120.375","23.645","301"
"209","214824","20220824072000","100","3","雲林縣","東勢鄉","120.260","23.665","203"
"31","214826","20220824072000","220","0","雲林縣","東勢鄉","120.250","23.670","33"
"13","214842","20220824072000","200","0","雲林縣","四湖鄉","120.150","23.625","15"
"39","214846","20220824072000","106","0","雲林縣","口湖鄉","120.155","23.630","33"
"448","214854","20220824072000","310","2","雲林縣","斗南鎮","120.440","23.685","430"
"708","214857","20220824072000","566","2","雲林縣","斗南鎮","120.485","23.685","699"
"163","214861","20220824072000","82","3","雲林縣","斗南鎮","120.490","23.640","166"
"353","214868","20220824072000","286","2","雲林縣","斗南鎮","120.430","23.670","347"
"330","214876","20220824072000","208","3","雲林縣","斗南鎮","120.445","23.675","280"
"1491","214886","20220824072000","1210","2","雲林縣","斗南鎮","120.475","23.665","1331"
"20","214887","20220824072000","222","0","雲林縣","大埤鄉","120.455","23.670","24"
"400","214890","20220824072000","325","2","雲林縣","斗南鎮","120.470","23.670","391"
"1909","214891","20220824072000","1831","1","雲林縣","斗南鎮","120.475","23.670","1855"
"575","214896","20220824072000","626","0","雲林縣","斗南鎮","120.470","23.675","574"
"113","214922","20220824072000","71","3","南投縣","鹿谷鄉","120.790","23.670","105"
"152","214931","20220824072000","101","3","南投縣","鹿谷鄉","120.790","23.675","126"
"387","214932","20220824072000","187","3","南投縣","鹿谷鄉","120.800","23.670","364"
"262","214936","20220824072000","140","3","南投縣","鹿谷鄉","120.795","23.675","227"
"11","214937","20220824072000","76","0","南投縣","鹿谷鄉","120.800","23.675","158"
"391","214940","20220824072000","150","3","南投縣","鹿谷鄉","120.795","23.680","259"
"329","214967","20220824072000","456","0","雲林縣","斗南鎮","120.485","23.640","321"
"373","214975","20220824072000","323","1","雲林縣","斗南鎮","120.480","23.665","417"
"458","214978","20220824072000","218","3","雲林縣","斗南鎮","120.485","23.670","445"
"72","215001","20220824072000","372","0","雲林縣","土庫鎮","120.390","23.665","80"
"630","215006","20220824072000","491","2","雲林縣","土庫鎮","120.380","23.675","582"
"1107","215009","20220824072000","903","2","雲林縣","土庫鎮","120.390","23.680","1101"
"27","215011","20220824072000","82","0","雲林縣","土庫鎮","120.385","23.685","28"
"262","215012","20220824072000","270","0","雲林縣","土庫鎮","120.390","23.685","276"
"240","215013","20220824072000","151","3","雲林縣","土庫鎮","120.365","23.660","177"
"165","215022","20220824072000","153","1","雲林縣","土庫鎮","120.375","23.670","149"
"295","215044","20220824072000","242","2","雲林縣","元長鄉","120.335","23.615","292"
"354","215049","20220824072000","355","0","雲林縣","元長鄉","120.335","23.620","349"
"10","215053","20220824072000","167","0","雲林縣","元長鄉","120.280","23.655","10"
"39","215072","20220824072000","53","0","雲林縣","元長鄉","120.350","23.615","42"
"280","215075","20220824072000","259","1","雲林縣","元長鄉","120.340","23.635","276"
"76","215100","20220824072000","256","0","雲林縣","元長鄉","120.330","23.660","82"
"804","215115","20220824072000","305","3","雲林縣","口湖鄉","120.165","23.615","807"
"257","215539","20220824072000","179","2","南投縣","信義鄉","120.865","23.625","208"
"105","215550","20220824072000","59","3","南投縣","信義鄉","120.895","23.630","123"
"181","215558","20220824072000","124","2","南投縣","信義鄉","120.880","23.635","194"
"236","215647","20220824072000","189","2","南投縣","信義鄉","120.860","23.665","231"
"56","215656","20220824072000","43","2","南投縣","信義鄉","120.855","23.670","58"
"73","216356","20220824072000","253","0","雲林縣","北港鎮","120.295","23.615","66"
"41","216361","20220824072000","34","2","雲林縣","斗南鎮","120.485","23.675","48"
"64","216367","20220824072000","64","1","雲林縣","斗南鎮","120.500","23.680","60"
"27","216370","20220824072000","320","0","雲林縣","斗南鎮","120.480","23.650","32"
"104","216372","20220824072000","98","1","雲林縣","斗南鎮","120.490","23.650","114"
"473","216377","20220824072000","439","1","雲林縣","斗南鎮","120.475","23.660","472"
"29","216386","20220824072000","13","3","雲林縣","元長鄉","120.335","23.630","17"
"207","216394","20220824072000","159","2","雲林縣","元長鄉","120.355","23.620","198"
"798","216409","20220824072000","663","2","雲林縣","元長鄉","120.360","23.640","767"
"109","216416","20220824072000","48","3","雲林縣","水林鄉","120.250","23.615","110"
"810","216421","20220824072000","521","3","雲林縣","斗南鎮","120.480","23.675","821"
"89","216424","20220824072000","48","3","雲林縣","斗南鎮","120.480","23.670","96"
"17","216438","20220824072000","20","0","雲林縣","斗六市","120.525","23.670","11"
"194","216439","20220824072000","116","3","雲林縣","斗六市","120.530","23.670","196"
"20","216451","20220824072000","25","0","雲林縣","斗六市","120.625","23.685","16"
"56","216459","20220824072000","275","0","雲林縣","土庫鎮","120.345","23.665","52"
"97","216478","20220824072000","76","2","雲林縣","水林鄉","120.260","23.620","112"
"62","216482","20220824072000","146","0","雲林縣","水林鄉","120.265","23.625","75"
"851","216488","20220824072000","519","3","雲林縣","斗南鎮","120.470","23.680","812"
"583","216489","20220824072000","536","1","雲林縣","斗南鎮","120.475","23.680","545"
"1165","216490","20220824072000","945","2","雲林縣","斗南鎮","120.480","23.680","1140"
"60","216498","20220824072000","222","0","雲林縣","斗南鎮","120.515","23.645","71"
"337","216500","20220824072000","191","3","雲林縣","斗南鎮","120.505","23.650","387"
"142","216517","20220824072000","356","0","雲林縣","古坑鄉","120.540","23.660","119"
"42","216519","20220824072000","256","0","雲林縣","斗六市","120.525","23.665","42"
"84","216526","20220824072000","193","0","雲林縣","斗南鎮","120.465","23.685","90"
"10","216534","20220824072000","176","0","雲林縣","斗南鎮","120.535","23.650","10"
"49","216543","20220824072000","243","0","雲林縣","斗南鎮","120.505","23.665","54"
"14","216544","20220824072000","119","0","雲林縣","斗南鎮","120.495","23.670","18"
"215","216579","20220824072000","122","3","雲林縣","土庫鎮","120.345","23.660","228"
"127","216583","20220824072000","1026","0","雲林縣","土庫鎮","120.390","23.675","138"
"93","216589","20220824072000","403","0","雲林縣","土庫鎮","120.355","23.685","86"
"69","216595","20220824072000","257","0","雲林縣","大埤鄉","120.465","23.635","78"
"18","216597","20220824072000","143","0","雲林縣","大埤鄉","120.465","23.640","14"
"50","216607","20220824072000","249","0","雲林縣","大埤鄉","120.450","23.650","61"
"162","216617","20220824072000","134","2","南投縣","信義鄉","120.810","23.665","138"
"209","216682","20220824072000","116","3","南投縣","信義鄉","120.865","23.640","190"
"64","216694","20220824072000","44","2","南投縣","信義鄉","120.875","23.660","69"
"25","216718","20220824072000","177","0","雲林縣","古坑鄉","120.565","23.625","27"
"71","216737","20220824072000","779","0","雲林縣","古坑鄉","120.565","23.640","86"
"24","216744","20220824072000","184","0","雲林縣","古坑鄉","120.575","23.645","22"
"51","216754","20220824072000","251","0","雲林縣","古坑鄉","120.550","23.610","45"
"10","216760","20220824072000","14","0","雲林縣","古坑鄉","120.545","23.615","10"
"19","216766","20220824072000","138","0","雲林縣","古坑鄉","120.540","23.620","22"
"24","216800","20220824072000","151","0","雲林縣","古坑鄉","120.590","23.685","29"
"443","216807","20220824072000","435","1","雲林縣","古坑鄉","120.565","23.645","420"
"10","216815","20220824072000","37","0","雲林縣","古坑鄉","120.615","23.645","10"
"29","216821","20220824072000","28","1","雲林縣","古坑鄉","120.605","23.655","31"
"256","216832","20220824072000","247","1","雲林縣","古坑鄉","120.575","23.675","254"
"114","216841","20220824072000","636","0","雲林縣","古坑鄉","120.570","23.685","118"
"285","216889","20220824072000","198","2","雲林縣","古坑鄉","120.600","23.685","308"
"18","216891","20220824072000","255","0","雲林縣","古坑鄉","120.610","23.685","27"
"656","216901","20220824072000","248","3","雲林縣","古坑鄉","120.635","23.615","614"
"56","216906","20220824072000","59","0","雲林縣","古坑鄉","120.640","23.620","60"
"34","216928","20220824072000","403","0","雲林縣","古坑鄉","120.560","23.670","41"
"41","216932","20220824072000","25","3","雲林縣","古坑鄉","120.570","23.610","34"
"71","216938","20220824072000","49","2","雲林縣","古坑鄉","120.575","23.615","74"
"459","216939","20220824072000","209","3","雲林縣","古坑鄉","120.580","23.615","412"
"91","216944","20220824072000","509","0","雲林縣","古坑鄉","120.560","23.620","93"
"48","216948","20220824072000","34","2","雲林縣","古坑鄉","120.580","23.620","42"
"470","216990","20220824072000","540","0","嘉義縣","大林鎮","120.470","23.620","474"
"15","217013","20220824072000","143","0","嘉義縣","大林鎮","120.500","23.625","22"
"52","217022","20220824072000","21","3","嘉義縣","大林鎮","120.490","23.615","38"
"76","217035","20220824072000","544","0","嘉義縣","大林鎮","120.435","23.620","72"
"33","217047","20220824072000","98","0","嘉義縣","大林鎮","120.460","23.620","28"
"70","217057","20220824072000","299","0","雲林縣","大埤鄉","120.395","23.625","58"
"44","217065","20220824072000","206","0","雲林縣","大埤鄉","120.380","23.620","47"
"25","217073","20220824072000","184","0","雲林縣","大埤鄉","120.425","23.665","26"
"34","217076","20220824072000","24","2","雲林縣","大埤鄉","120.415","23.665","32"
"55","217087","20220824072000","268","0","雲林縣","大埤鄉","120.470","23.655","53"
"81","217105","20220824072000","454","0","雲林縣","古坑鄉","120.555","23.625","85"
"122","217110","20220824072000","202","0","雲林縣","古坑鄉","120.555","23.630","134"
"23","217112","20220824072000","139","0","雲林縣","古坑鄉","120.550","23.640","25"
"14","217135","20220824072000","14","1","雲林縣","土庫鎮","120.395","23.680","14"
"66","217149","20220824072000","40","3","雲林縣","古坑鄉","120.710","23.610","17"
"39","217196","20220824072000","21","3","雲林縣","古坑鄉","120.590","23.650","34"
"42","217209","20220824072000","248","0","雲林縣","古坑鄉","120.575","23.665","52"
"922","217221","20220824072000","391","3","雲林縣","古坑鄉","120.560","23.650","916"
"108","217222","20220824072000","121","0","雲林縣","古坑鄉","120.560","23.655","117"
"21","217230","20220824072000","79","0","雲林縣","古坑鄉","120.515","23.625","13"
"199","217236","20220824072000","174","1","雲林縣","古坑鄉","120.525","23.630","182"
"51","217239","20220824072000","51","1","雲林縣","古坑鄉","120.520","23.635","68"
"54","217259","20220824072000","48","1","雲林縣","大埤鄉","120.420","23.625","56"
"35","217266","20220824072000","395","0","雲林縣","大埤鄉","120.420","23.635","33"
"635","217403","20220824072000","366","3","嘉義縣","溪口鄉","120.410","23.615","660"
"222","217423","20220824072000","94","3","雲林縣","大埤鄉","120.410","23.640","225"
"147","217432","20220824072000","830","0","雲林縣","大埤鄉","120.430","23.645","159"
"24","217442","20220824072000","158","0","雲林縣","大埤鄉","120.415","23.660","24"
"357","217449","20220824072000","110","3","雲林縣","東勢鄉","120.300","23.680","347"
"75","217458","20220824072000","303","0","雲林縣","東勢鄉","120.265","23.675","88"
"161","217463","20220824072000","430","0","雲林縣","東勢鄉","120.255","23.685","162"
"76","217467","20220824072000","713","0","雲林縣","東勢鄉","120.255","23.675","66"
"80","217492","20220824072000","195","0","雲林縣","四湖鄉","120.155","23.650","82"
"37","217497","20220824072000","165","0","雲林縣","四湖鄉","120.155","23.655","37"
"117","217526","20220824072000","105","1","雲林縣","元長鄉","120.320","23.615","113"
"18","217532","20220824072000","316","0","雲林縣","元長鄉","120.320","23.625","15"
"143","217546","20220824072000","60","3","雲林縣","四湖鄉","120.190","23.620","135"
"21","217550","20220824072000","102","0","雲林縣","四湖鄉","120.185","23.625","16"
"165","217561","20220824072000","574","0","雲林縣","四湖鄉","120.230","23.635","171"
"307","217585","20220824072000","279","1","雲林縣","斗六市","120.525","23.675","335"
"275","217589","20220824072000","177","3","雲林縣","斗六市","120.520","23.680","281"
"88","217593","20220824072000","574","0","雲林縣","斗六市","120.510","23.685","90"
"61","217594","20220824072000","232","0","雲林縣","斗六市","120.515","23.685","54"
"287","217597","20220824072000","171","3","雲林縣","斗南鎮","120.470","23.630","290"
"25","217604","20220824072000","24","1","雲林縣","斗南鎮","120.480","23.640","22"
"202","217605","20220824072000","26","3","雲林縣","四湖鄉","120.140","23.620","222"
"158","217610","20220824072000","62","3","雲林縣","四湖鄉","120.150","23.630","120"
"1160","217637","20220824072000","672","3","雲林縣","口湖鄉","120.160","23.610","1190"
"25","217641","20220824072000","206","0","雲林縣","元長鄉","120.310","23.615","15"
"538","217646","20220824072000","435","2","雲林縣","元長鄉","120.305","23.625","664"
"284","217654","20220824072000","138","3","雲林縣","元長鄉","120.325","23.655","290"
"346","217663","20220824072000","207","3","雲林縣","元長鄉","120.315","23.640","320"
"310","217673","20220824072000","1606","0","雲林縣","元長鄉","120.315","23.650","297"
"56","217674","20220824072000","93","0","雲林縣","元長鄉","120.300","23.655","59"
"191","217701","20220824072000","121","3","雲林縣","斗六市","120.560","23.675","154"
"12","217703","20220824072000","39","0","雲林縣","斗六市","120.555","23.680","12"
"455","217705","20220824072000","310","2","雲林縣","古坑鄉","120.565","23.680","414"
"12","217707","20220824072000","255","0","雲林縣","斗六市","120.550","23.685","16"
"143","217708","20220824072000","104","2","雲林縣","斗六市","120.555","23.685","112"
"158","217711","20220824072000","766","0","雲林縣","斗六市","120.540","23.675","143"
"19","217712","20220824072000","135","0","雲林縣","斗六市","120.545","23.675","20"
"907","217716","20220824072000","673","2","雲林縣","斗六市","120.545","23.680","917"
"493","217718","20220824072000","527","0","雲林縣","斗六市","120.540","23.685","481"
"42","217728","20220824072000","415","0","雲林縣","大埤鄉","120.450","23.665","42"
"281","217747","20220824072000","175","3","雲林縣","四湖鄉","120.220","23.635","293"
"86","217753","20220824072000","427","0","雲林縣","四湖鄉","120.225","23.645","79"
"108","217774","20220824072000","459","0","雲林縣","四湖鄉","120.175","23.680","118"
"22","217781","20220824072000","142","0","雲林縣","口湖鄉","120.200","23.615","17"
"303","217799","20220824072000","150","3","雲林縣","四湖鄉","120.215","23.635","316"
"942","217801","20220824072000","586","3","雲林縣","四湖鄉","120.225","23.635","974"
"60","217817","20220824072000","140","0","雲林縣","虎尾鎮","120.405","23.680","50"
"39","217819","20220824072000","136","0","雲林縣","虎尾鎮","120.415","23.680","35"
"507","217821","20220824072000","411","2","雲林縣","虎尾鎮","120.410","23.685","432"
"162","217830","20220824072000","84","3","南投縣","竹山鎮","120.660","23.670","119"
"148","217842","20220824072000","688","0","雲林縣","大埤鄉","120.450","23.630","127"
"23","217845","20220824072000","243","0","雲林縣","大埤鄉","120.465","23.630","28"
"51","217877","20220824072000","179","0","雲林縣","大埤鄉","120.395","23.650","40"
"312","217883","20220824072000","153","3","雲林縣","大埤鄉","120.400","23.655","354"
"38","217899","20220824072000","127","0","南投縣","竹山鎮","120.670","23.670","40"
"238","218047","20220824072000","145","3","南投縣","竹山鎮","120.795","23.630","228"
"23","218070","20220824072000","13","3","南投縣","竹山鎮","120.795","23.635","17"
"249","218092","20220824072000","176","2","南投縣","竹山鎮","120.790","23.640","281"
"216","218153","20220824072000","293","0","南投縣","竹山鎮","120.765","23.655","225"
"87","218168","20220824072000","86","1","南投縣","竹山鎮","120.745","23.660","70"
"409","218218","20220824072000","662","0","南投縣","竹山鎮","120.760","23.675","363"
"73","218283","20220824072000","95","0","南投縣","竹山鎮","120.655","23.645","62"
"150","218348","20220824072000","113","2","南投縣","竹山鎮","120.665","23.650","155"
"116","218364","20220824072000","100","1","南投縣","竹山鎮","120.665","23.660","121"
"125","218380","20220824072000","276","0","雲林縣","台西鄉","120.210","23.675","120"
"23","218386","20220824072000","157","0","雲林縣","台西鄉","120.225","23.680","13"
"63","218399","20220824072000","248","0","雲林縣","台西鄉","120.180","23.680","55"
"74","218413","20220824072000","183","0","雲林縣","台西鄉","120.210","23.665","89"
"71","219194","20220824072000","28","3","花蓮縣","豐濱鄉","121.555","23.695","67"
"343","222539","20220824072000","302","1","澎湖縣","白沙鄉","119.610","23.750","356"
"732","223474","20220824072000","492","2","花蓮縣","鳳林鎮","121.445","23.745","736"
"91","223481","20220824072000","50","3","花蓮縣","鳳林鎮","121.445","23.750","84"
"125","223503","20220824072000","137","0","花蓮縣","光復鄉","121.410","23.685","129"
"15","223515","20220824072000","13","1","花蓮縣","光復鄉","121.485","23.690","25"
"310","223610","20220824072000","304","1","雲林縣","二崙鄉","120.420","23.755","320"
"18","223616","20220824072000","44","0","雲林縣","二崙鄉","120.425","23.755","20"
"139","223971","20220824072000","80","3","花蓮縣","鳳林鎮","121.455","23.745","123"
"207","223986","20220824072000","166","2","花蓮縣","鳳林鎮","121.465","23.755","200"
"269","224005","20220824072000","207","2","花蓮縣","鳳林鎮","121.505","23.710","351"
"86","224077","20220824072000","46","3","花蓮縣","鳳林鎮","121.500","23.760","78"
"61","224149","20220824072000","34","3","花蓮縣","鳳林鎮","121.410","23.700","54"
"317","224179","20220824072000","450","0","花蓮縣","鳳林鎮","121.420","23.710","335"
"28","224210","20220824072000","18","3","花蓮縣","萬榮鄉","121.395","23.715","22"
"52","224212","20220824072000","72","0","花蓮縣","萬榮鄉","121.405","23.715","54"
"524","224231","20220824072000","336","3","花蓮縣","鳳林鎮","121.450","23.750","513"
"290","224245","20220824072000","229","2","花蓮縣","鳳林鎮","121.440","23.725","286"
"826","224262","20220824072000","894","0","花蓮縣","鳳林鎮","121.450","23.745","791"
"571","224270","20220824072000","385","2","雲林縣","土庫鎮","120.365","23.705","537"
"58","224272","20220824072000","233","0","雲林縣","土庫鎮","120.365","23.710","49"
"11","224301","20220824072000","74","0","雲林縣","二崙鄉","120.410","23.750","11"
"520","224303","20220824072000","414","2","雲林縣","二崙鄉","120.410","23.755","511"
"222","224441","20220824072000","76","3","花蓮縣","萬榮鄉","121.400","23.705","221"
"218","224591","20220824072000","205","1","花蓮縣","鳳林鎮","121.450","23.760","258"
"68","224688","20220824072000","34","3","花蓮縣","豐濱鄉","121.560","23.730","62"
"27","224707","20220824072000","135","0","雲林縣","二崙鄉","120.395","23.750","20"
"21","224725","20220824072000","56","0","雲林縣","元長鄉","120.330","23.690","21"
"317","224731","20220824072000","261","2","雲林縣","斗六市","120.565","23.730","299"
"816","224732","20220824072000","638","2","雲林縣","斗六市","120.555","23.735","832"
"11","224733","20220824072000","14","0","雲林縣","斗六市","120.560","23.735","11"
"506","224734","20220824072000","279","3","雲林縣","斗六市","120.565","23.735","528"
"336","224735","20220824072000","266","2","雲林縣","斗六市","120.550","23.740","314"
"55","224737","20220824072000","70","0","雲林縣","斗六市","120.560","23.740","68"
"245","224742","20220824072000","234","1","雲林縣","斗六市","120.560","23.745","227"
"35","224761","20220824072000","395","0","雲林縣","褒忠鄉","120.280","23.705","438"
"373","224763","20220824072000","208","3","雲林縣","東勢鄉","120.270","23.710","321"
"311","224805","20220824072000","183","3","雲林縣","東勢鄉","120.255","23.735","318"
"239","224806","20220824072000","184","2","雲林縣","斗南鎮","120.485","23.690","232"
"295","224834","20220824072000","176","3","南投縣","鹿谷鄉","120.795","23.690","285"
"21","224863","20220824072000","125","0","南投縣","鹿谷鄉","120.780","23.720","25"
"232","224872","20220824072000","151","3","南投縣","鹿谷鄉","120.745","23.760","240"
"87","224873","20220824072000","76","1","南投縣","鹿谷鄉","120.725","23.765","77"
"291","224875","20220824072000","297","0","南投縣","鹿谷鄉","120.735","23.765","262"
"332","224896","20220824072000","273","2","南投縣","鹿谷鄉","120.780","23.705","416"
"22","224917","20220824072000","131","0","雲林縣","土庫鎮","120.365","23.730","20"
"280","224920","20220824072000","275","1","雲林縣","土庫鎮","120.385","23.690","272"
"475","224923","20220824072000","284","3","雲林縣","土庫鎮","120.390","23.695","470"
"42","224936","20220824072000","275","0","南投縣","鹿谷鄉","120.770","23.730","37"
"269","224950","20220824072000","305","0","南投縣","鹿谷鄉","120.760","23.740","311"
"432","224951","20220824072000","357","2","南投縣","鹿谷鄉","120.765","23.740","418"
"10","224954","20220824072000","11","0","南投縣","鹿谷鄉","120.770","23.745","10"
"203","224973","20220824072000","780","0","南投縣","鹿谷鄉","120.775","23.750","212"
"306","225062","20220824072000","343","0","南投縣","鹿谷鄉","120.755","23.725","369"
"19","225085","20220824072000","17","1","南投縣","鹿谷鄉","120.740","23.730","23"
"43","225138","20220824072000","80","0","南投縣","鹿谷鄉","120.820","23.720","45"
"441","225159","20220824072000","421","1","南投縣","鹿谷鄉","120.790","23.730","426"
"275","225192","20220824072000","289","0","南投縣","鹿谷鄉","120.755","23.745","277"
"724","225195","20220824072000","489","2","南投縣","鹿谷鄉","120.755","23.750","686"
"151","225196","20220824072000","129","1","南投縣","鹿谷鄉","120.745","23.755","146"
"875","225206","20220824072000","704","2","雲林縣","麥寮鄉","120.185","23.760","802"
"116","225208","20220824072000","144","0","雲林縣","麥寮鄉","120.175","23.765","133"
"801","225215","20220824072000","771","1","雲林縣","斗六市","120.575","23.725","792"
"209","225247","20220824072000","159","2","南投縣","信義鄉","120.850","23.695","199"
"277","225254","20220824072000","202","2","南投縣","信義鄉","120.885","23.695","309"
"39","225259","20220824072000","134","0","南投縣","信義鄉","120.850","23.700","171"
"222","225307","20220824072000","157","2","南投縣","信義鄉","120.850","23.685","196"
"127","225309","20220824072000","106","1","南投縣","信義鄉","120.850","23.690","99"
"287","225972","20220824072000","224","2","雲林縣","斗南鎮","120.500","23.690","296"
"662","225977","20220824072000","594","1","雲林縣","斗南鎮","120.480","23.700","734"
"268","225978","20220824072000","234","1","雲林縣","斗南鎮","120.485","23.700","292"
"308","225980","20220824072000","394","0","雲林縣","斗南鎮","120.495","23.700","295"
"37","225991","20220824072000","188","0","雲林縣","斗六市","120.500","23.710","39"
"271","226020","20220824072000","160","3","南投縣","水里鄉","120.855","23.730","256"
"2543","226032","20220824072000","931","3","雲林縣","斗六市","120.535","23.700","2532"
"2090","226033","20220824072000","578","3","雲林縣","斗六市","120.540","23.705","2106"
"997","226034","20220824072000","889","1","雲林縣","斗六市","120.555","23.710","959"
"1209","226037","20220824072000","1284","0","雲林縣","斗六市","120.555","23.715","1285"
"1735","226039","20220824072000","1076","3","雲林縣","斗六市","120.525","23.695","1717"
"1723","226040","20220824072000","847","3","雲林縣","斗六市","120.530","23.695","1762"
"185","226041","20220824072000","126","2","雲林縣","斗六市","120.530","23.700","172"
"3046","226042","20220824072000","1504","3","雲林縣","斗六市","120.535","23.705","3122"
"185","226047","20220824072000","69","3","雲林縣","斗六市","120.560","23.725","80"
"378","226050","20220824072000","385","0","雲林縣","斗六市","120.530","23.730","370"
"74","226056","20220824072000","370","0","雲林縣","斗六市","120.530","23.735","75"
"22","226057","20220824072000","35","0","雲林縣","斗六市","120.535","23.735","32"
"180","226058","20220824072000","161","1","雲林縣","斗六市","120.540","23.735","183"
"444","226062","20220824072000","257","3","雲林縣","斗六市","120.540","23.740","450"
"24","226065","20220824072000","19","2","雲林縣","斗六市","120.505","23.690","30"
"32","226070","20220824072000","31","1","雲林縣","斗六市","120.505","23.700","30"
"244","226075","20220824072000","267","0","雲林縣","斗六市","120.510","23.705","277"
"768","226079","20220824072000","730","1","雲林縣","斗六市","120.525","23.690","790"
"340","226080","20220824072000","797","0","雲林縣","斗六市","120.530","23.690","359"
"507","226081","20220824072000","557","0","雲林縣","斗六市","120.535","23.690","517"
"772","226083","20220824072000","528","2","雲林縣","斗六市","120.595","23.710","770"
"10","226085","20220824072000","208","0","雲林縣","斗六市","120.585","23.715","10"
"17","226086","20220824072000","73","0","雲林縣","斗六市","120.590","23.715","17"
"357","226091","20220824072000","304","1","雲林縣","斗六市","120.595","23.715","345"
"36","226098","20220824072000","25","2","雲林縣","斗六市","120.625","23.695","43"
"209","226124","20220824072000","156","2","雲林縣","斗六市","120.600","23.715","231"
"14","226125","20220824072000","20","0","雲林縣","斗六市","120.610","23.715","18"
"13","226131","20220824072000","40","0","雲林縣","斗六市","120.605","23.715","14"
"2916","226137","20220824072000","1440","3","雲林縣","斗六市","120.540","23.700","3006"
"128","226143","20220824072000","117","1","雲林縣","斗六市","120.505","23.715","123"
"513","226146","20220824072000","443","1","雲林縣","斗六市","120.525","23.715","491"
"610","226149","20220824072000","514","1","雲林縣","斗六市","120.505","23.720","604"
"80","226151","20220824072000","99","0","雲林縣","斗六市","120.515","23.720","78"
"682","226153","20220824072000","643","1","雲林縣","斗六市","120.525","23.720","686"
"679","226159","20220824072000","624","1","雲林縣","斗六市","120.520","23.725","684"
"138","226168","20220824072000","934","0","雲林縣","土庫鎮","120.355","23.705","129"
"25","226173","20220824072000","298","0","雲林縣","斗南鎮","120.475","23.690","24"
"266","226174","20220824072000","220","2","雲林縣","斗南鎮","120.480","23.690","234"
"332","226175","20220824072000","306","1","雲林縣","斗南鎮","120.465","23.695","343"
"237","226206","20220824072000","138","3","雲林縣","土庫鎮","120.345","23.695","274"
"47","226232","20220824072000","361","0","南投縣","水里鄉","120.845","23.745","52"
"10","226258","20220824072000","56","0","雲林縣","虎尾鎮","120.460","23.700","10"
"464","226259","20220824072000","387","1","雲林縣","虎尾鎮","120.445","23.705","468"
"367","226261","20220824072000","356","1","雲林縣","虎尾鎮","120.455","23.705","389"
"1203","226263","20220824072000","1067","1","雲林縣","虎尾鎮","120.450","23.710","1199"
"473","226265","20220824072000","259","3","雲林縣","虎尾鎮","120.445","23.710","449"
"366","226266","20220824072000","352","1","雲林縣","虎尾鎮","120.450","23.715","364"
"269","226267","20220824072000","208","2","雲林縣","虎尾鎮","120.415","23.715","292"
"565","226268","20220824072000","406","2","雲林縣","虎尾鎮","120.420","23.715","575"
"303","226277","20220824072000","287","1","雲林縣","虎尾鎮","120.420","23.725","357"
"839","226286","20220824072000","708","1","雲林縣","虎尾鎮","120.425","23.735","783"
"406","226287","20220824072000","368","1","雲林縣","虎尾鎮","120.415","23.740","410"
"368","226291","20220824072000","352","1","雲林縣","斗六市","120.575","23.715","404"
"353","226293","20220824072000","386","0","雲林縣","斗六市","120.580","23.720","329"
"687","226294","20220824072000","674","1","雲林縣","斗六市","120.585","23.720","666"
"422","226298","20220824072000","422","1","雲林縣","斗六市","120.585","23.725","424"
"42","226299","20220824072000","147","0","雲林縣","斗六市","120.590","23.725","31"
"173","226300","20220824072000","144","2","雲林縣","斗六市","120.595","23.725","194"
"381","226302","20220824072000","281","2","雲林縣","斗六市","120.590","23.730","354"
"82","226669","20220824072000","469","0","雲林縣","崙背鄉","120.380","23.750","81"
"24","226674","20220824072000","117","0","雲林縣","崙背鄉","120.385","23.755","16"
"370","226678","20220824072000","166","3","雲林縣","崙背鄉","120.375","23.760","361"
"441","226684","20220824072000","324","2","雲林縣","斗六市","120.560","23.695","463"
"154","226686","20220824072000","108","2","雲林縣","斗六市","120.555","23.700","140"
"326","226687","20220824072000","180","3","雲林縣","斗六市","120.560","23.700","349"
"373","226689","20220824072000","250","2","雲林縣","斗六市","120.560","23.705","354"
"503","226695","20220824072000","524","0","雲林縣","斗六市","120.575","23.700","512"
"30","226701","20220824072000","266","0","雲林縣","斗六市","120.605","23.700","34"
"22","226707","20220824072000","22","1","雲林縣","斗六市","120.600","23.705","21"
"969","226714","20220824072000","524","3","雲林縣","虎尾鎮","120.430","23.715","950"
"294","226715","20220824072000","416","0","雲林縣","虎尾鎮","120.440","23.715","314"
"32","226718","20220824072000","76","0","雲林縣","斗六市","120.570","23.690","32"
"120","226726","20220824072000","76","3","雲林縣","古坑鄉","120.605","23.695","129"
"246","226731","20220824072000","211","1","雲林縣","虎尾鎮","120.400","23.715","215"
"53","226733","20220824072000","366","0","雲林縣","虎尾鎮","120.410","23.715","57"
"427","226737","20220824072000","445","0","雲林縣","虎尾鎮","120.445","23.715","448"
"118","226738","20220824072000","97","2","雲林縣","虎尾鎮","120.445","23.720","116"
"668","226739","20220824072000","505","2","雲林縣","虎尾鎮","120.450","23.720","616"
"551","226749","20220824072000","338","3","雲林縣","東勢鄉","120.250","23.715","571"
"606","226761","20220824072000","318","3","雲林縣","莿桐鄉","120.500","23.750","592"
"527","226763","20220824072000","263","3","雲林縣","莿桐鄉","120.510","23.750","553"
"98","226767","20220824072000","920","0","雲林縣","莿桐鄉","120.500","23.760","94"
"39","226768","20220824072000","415","0","雲林縣","莿桐鄉","120.505","23.760","42"
"18","226770","20220824072000","25","0","雲林縣","莿桐鄉","120.500","23.765","20"
"23","226788","20220824072000","273","0","雲林縣","虎尾鎮","120.405","23.700","332"
"420","226802","20220824072000","288","2","雲林縣","虎尾鎮","120.460","23.710","395"
"83","226804","20220824072000","79","1","雲林縣","虎尾鎮","120.470","23.710","92"
"594","226807","20220824072000","548","1","雲林縣","虎尾鎮","120.470","23.715","576"
"223","226810","20220824072000","144","3","雲林縣","虎尾鎮","120.460","23.715","239"
"40","226820","20220824072000","179","0","雲林縣","東勢鄉","120.245","23.690","39"
"24","226824","20220824072000","53","0","雲林縣","斗六市","120.600","23.725","14"
"185","226828","20220824072000","190","0","雲林縣","林內鄉","120.595","23.735","209"
"75","226841","20220824072000","680","0","雲林縣","林內鄉","120.595","23.750","91"
"24","226857","20220824072000","233","0","雲林縣","林內鄉","120.635","23.755","15"
"1029","226870","20220824072000","861","1","雲林縣","林內鄉","120.610","23.755","1025"
"476","226877","20220824072000","325","2","雲林縣","林內鄉","120.615","23.765","501"
"83","226880","20220824072000","502","0","雲林縣","林內鄉","120.620","23.765","86"
"28","226886","20220824072000","382","0","雲林縣","林內鄉","120.615","23.760","37"
"18","226903","20220824072000","67","0","雲林縣","林內鄉","120.620","23.745","11"
"20","226920","20220824072000","55","0","雲林縣","林內鄉","120.625","23.720","16"
"175","226924","20220824072000","159","1","雲林縣","林內鄉","120.610","23.725","170"
"44","226957","20220824072000","185","0","雲林縣","林內鄉","120.590","23.760","62"
"1568","226964","20220824072000","2012","0","雲林縣","斗六市","120.555","23.705","1602"
"1344","226965","20220824072000","891","3","雲林縣","斗六市","120.530","23.715","1369"
"601","226966","20220824072000","399","3","雲林縣","斗六市","120.535","23.710","675"
"1406","226967","20220824072000","1343","1","雲林縣","斗六市","120.535","23.715","1400"
"92","227221","20220824072000","39","3","雲林縣","斗六市","120.545","23.720","116"
"100","227224","20220824072000","216","0","雲林縣","斗六市","120.540","23.725","105"
"48","227240","20220824072000","170","0","雲林縣","東勢鄉","120.270","23.705","46"
"30","227244","20220824072000","200","0","雲林縣","東勢鄉","120.285","23.690","24"
"30","227262","20220824072000","260","0","雲林縣","東勢鄉","120.250","23.705","35"
"133","227268","20220824072000","70","3","雲林縣","西螺鎮","120.460","23.760","135"
"1415","227273","20220824072000","870","3","雲林縣","斗六市","120.545","23.715","1430"
"95","227274","20220824072000","95","1","雲林縣","斗六市","120.565","23.710","100"
"884","227276","20220824072000","755","1","雲林縣","斗六市","120.565","23.715","838"
"189","227279","20220824072000","201","0","雲林縣","斗六市","120.560","23.715","206"
"553","227280","20220824072000","411","2","雲林縣","斗六市","120.565","23.720","506"
"55","227287","20220824072000","373","0","雲林縣","土庫鎮","120.345","23.705","54"
"192","227301","20220824072000","124","3","雲林縣","斗六市","120.520","23.695","213"
"15","227302","20220824072000","34","0","雲林縣","斗六市","120.520","23.700","18"
"338","227303","20220824072000","365","0","雲林縣","斗六市","120.525","23.700","354"
"18","227305","20220824072000","58","0","雲林縣","斗六市","120.525","23.705","16"
"62","227306","20220824072000","1277","0","雲林縣","斗六市","120.530","23.705","69"
"24","227309","20220824072000","57","0","雲林縣","斗六市","120.525","23.710","25"
"212","227316","20220824072000","184","1","雲林縣","斗六市","120.515","23.715","241"
"30","227320","20220824072000","130","0","雲林縣","斗六市","120.565","23.695","52"
"969","227328","20220824072000","1296","0","雲林縣","斗六市","120.540","23.710","1000"
"1099","227329","20220824072000","811","2","雲林縣","斗六市","120.540","23.715","1060"
"903","227330","20220824072000","910","0","雲林縣","斗六市","120.550","23.715","905"
"14","227339","20220824072000","227","0","雲林縣","斗六市","120.565","23.750","25"
"2087","227348","20220824072000","1982","1","雲林縣","斗六市","120.545","23.710","2109"
"580","227349","20220824072000","831","0","雲林縣","斗六市","120.540","23.690","584"
"160","227350","20220824072000","933","0","雲林縣","斗六市","120.550","23.710","165"
"374","227351","20220824072000","147","3","雲林縣","崙背鄉","120.360","23.755","353"
"67","227355","20220824072000","305","0","雲林縣","崙背鄉","120.370","23.755","83"
"809","227359","20220824072000","921","0","雲林縣","崙背鄉","120.350","23.760","831"
"189","227365","20220824072000","159","1","雲林縣","崙背鄉","120.330","23.750","181"
"619","227373","20220824072000","251","3","雲林縣","崙背鄉","120.315","23.755","584"
"20","227383","20220824072000","168","0","雲林縣","崙背鄉","120.335","23.760","20"
"176","227395","20220824072000","209","0","雲林縣","西螺鎮","120.435","23.755","170"
"119","227444","20220824072000","579","0","雲林縣","台西鄉","120.200","23.715","118"
"99","227446","20220824072000","65","3","雲林縣","台西鄉","120.210","23.715","104"
"186","227476","20220824072000","1307","0","雲林縣","台西鄉","120.200","23.700","195"
"346","227502","20220824072000","916","0","南投縣","竹山鎮","120.695","23.760","374"
"268","227503","20220824072000","346","0","南投縣","竹山鎮","120.685","23.765","290"
"37","227504","20220824072000","76","0","南投縣","竹山鎮","120.690","23.765","51"
"291","227505","20220824072000","264","1","南投縣","竹山鎮","120.695","23.765","296"
"34","227537","20220824072000","98","0","南投縣","竹山鎮","120.725","23.755","27"
"25","227540","20220824072000","63","0","南投縣","竹山鎮","120.710","23.760","19"
"166","227544","20220824072000","173","0","雲林縣","莿桐鄉","120.525","23.735","175"
"44","227559","20220824072000","380","0","雲林縣","莿桐鄉","120.505","23.730","39"
"29","227564","20220824072000","287","0","雲林縣","莿桐鄉","120.515","23.735","27"
"40","227570","20220824072000","407","0","雲林縣","莿桐鄉","120.515","23.740","48"
"19","227577","20220824072000","121","0","雲林縣","莿桐鄉","120.490","23.760","21"
"18","227580","20220824072000","29","0","雲林縣","虎尾鎮","120.435","23.715","18"
"381","227581","20220824072000","372","1","雲林縣","虎尾鎮","120.435","23.720","419"
"198","227585","20220824072000","123","3","雲林縣","虎尾鎮","120.435","23.735","233"
"487","227588","20220824072000","315","3","雲林縣","虎尾鎮","120.435","23.690","543"
"393","227593","20220824072000","398","0","雲林縣","虎尾鎮","120.435","23.695","415"
"49","227603","20220824072000","406","0","雲林縣","土庫鎮","120.375","23.705","59"
"318","227604","20220824072000","161","3","雲林縣","虎尾鎮","120.380","23.705","306"
"441","227632","20220824072000","270","3","雲林縣","褒忠鄉","120.340","23.735","449"
"674","227636","20220824072000","591","1","南投縣","竹山鎮","120.680","23.750","699"
"579","227637","20220824072000","549","1","南投縣","竹山鎮","120.675","23.755","605"
"2134","227638","20220824072000","1930","1","南投縣","竹山鎮","120.680","23.755","2141"
"50","227639","20220824072000","70","0","南投縣","竹山鎮","120.685","23.755","55"
"52","227640","20220824072000","608","0","雲林縣","虎尾鎮","120.420","23.700","50"
"338","227642","20220824072000","273","2","雲林縣","虎尾鎮","120.420","23.705","343"
"565","227645","20220824072000","568","0","雲林縣","虎尾鎮","120.420","23.710","598"
"2182","227647","20220824072000","1816","2","雲林縣","虎尾鎮","120.435","23.710","2189"
"223","227655","20220824072000","236","0","雲林縣","褒忠鄉","120.310","23.720","231"
"289","227684","20220824072000","262","1","雲林縣","虎尾鎮","120.405","23.725","316"
"229","227697","20220824072000","72","3","雲林縣","虎尾鎮","120.395","23.735","207"
"166","227698","20220824072000","128","2","雲林縣","虎尾鎮","120.400","23.735","155"
"289","227706","20220824072000","230","2","雲林縣","虎尾鎮","120.405","23.740","324"
"1055","227716","20220824072000","1024","1","雲林縣","虎尾鎮","120.430","23.705","1062"
"615","227717","20220824072000","530","1","雲林縣","虎尾鎮","120.435","23.705","587"
"189","227722","20220824072000","135","2","雲林縣","崙背鄉","120.345","23.750","202"
"157","227728","20220824072000","714","0","雲林縣","崙背鄉","120.350","23.750","137"
"23","227730","20220824072000","316","0","雲林縣","崙背鄉","120.350","23.755","22"
"38","227733","20220824072000","29","2","雲林縣","虎尾鎮","120.400","23.710","30"
"552","227738","20220824072000","536","1","雲林縣","虎尾鎮","120.430","23.710","589"
"35","227741","20220824072000","227","0","雲林縣","斗南鎮","120.485","23.720","289"
"11","227744","20220824072000","12","0","雲林縣","虎尾鎮","120.485","23.725","10"
"465","227745","20220824072000","266","3","雲林縣","虎尾鎮","120.490","23.725","448"
"209","227748","20220824072000","136","3","雲林縣","虎尾鎮","120.480","23.730","218"
"878","227763","20220824072000","553","3","雲林縣","虎尾鎮","120.440","23.710","888"
"50","227766","20220824072000","629","0","雲林縣","虎尾鎮","120.390","23.705","41"
"368","227798","20220824072000","533","0","南投縣","竹山鎮","120.710","23.765","355"
"596","227807","20220824072000","500","1","南投縣","竹山鎮","120.700","23.765","609"
"109","227808","20220824072000","157","0","南投縣","竹山鎮","120.705","23.765","146"
"357","227840","20220824072000","417","0","南投縣","竹山鎮","120.685","23.760","343"
"99","227842","20220824072000","648","0","南投縣","竹山鎮","120.675","23.760","115"
"191","227852","20220824072000","146","2","南投縣","竹山鎮","120.650","23.705","217"
"14","227871","20220824072000","77","0","南投縣","竹山鎮","120.655","23.720","24"
"375","227882","20220824072000","352","1","雲林縣","虎尾鎮","120.430","23.700","414"
"96","227894","20220824072000","616","0","雲林縣","虎尾鎮","120.460","23.725","99"
"464","227907","20220824072000","202","3","雲林縣","虎尾鎮","120.465","23.740","495"
"2109","227921","20220824072000","1718","2","雲林縣","褒忠鄉","120.315","23.695","1979"
"110","227938","20220824072000","74","2","南投縣","竹山鎮","120.715","23.695","97"
"26","227947","20220824072000","24","1","南投縣","竹山鎮","120.715","23.705","23"
"14","227979","20220824072000","34","0","南投縣","竹山鎮","120.700","23.705","15"
"539","228012","20220824072000","297","3","雲林縣","褒忠鄉","120.285","23.700","469"
"869","228016","20220824072000","644","2","雲林縣","褒忠鄉","120.315","23.710","803"
"220","228047","20220824072000","150","2","南投縣","竹山鎮","120.665","23.755","228"
"524","228051","20220824072000","427","2","南投縣","竹山鎮","120.665","23.760","473"
"774","228091","20220824072000","343","3","雲林縣","台西鄉","120.215","23.740","861"
"248","228138","20220824072000","248","1","雲林縣","崙背鄉","120.295","23.760","226"
"26","228142","20220824072000","295","0","雲林縣","虎尾鎮","120.440","23.720","27"
"687","228151","20220824072000","241","3","雲林縣","麥寮鄉","120.260","23.750","706"
"461","228157","20220824072000","297","3","雲林縣","麥寮鄉","120.255","23.760","476"
"1792","228161","20220824072000","1347","2","雲林縣","斗六市","120.545","23.705","1789"
"357","228162","20220824072000","333","1","雲林縣","斗六市","120.550","23.705","371"
"183","228194","20220824072000","159","1","南投縣","竹山鎮","120.705","23.745","166"
"51","228199","20220824072000","27","3","南投縣","竹山鎮","120.700","23.750","48"
"524","228200","20220824072000","381","2","南投縣","竹山鎮","120.690","23.755","547"
"37","228205","20220824072000","56","0","南投縣","竹山鎮","120.680","23.745","38"
"192","228207","20220824072000","221","0","南投縣","竹山鎮","120.675","23.750","199"
"98","228209","20220824072000","537","0","雲林縣","台西鄉","120.210","23.720","90"
"1280","228228","20220824072000","790","3","雲林縣","台西鄉","120.220","23.720","1187"
"19","228231","20220824072000","18","1","雲林縣","台西鄉","120.215","23.700","19"
"72","228245","20220824072000","299","0","雲林縣","台西鄉","120.190","23.700","71"
"41","228266","20220824072000","174","0","雲林縣","麥寮鄉","120.260","23.745","34"
"1469","228271","20220824072000","453","3","雲林縣","麥寮鄉","120.250","23.750","1448"
"1630","228272","20220824072000","1646","0","雲林縣","麥寮鄉","120.255","23.750","1659"
"430","228274","20220824072000","275","3","雲林縣","麥寮鄉","120.265","23.750","453"
"42","228278","20220824072000","490","0","雲林縣","莿桐鄉","120.480","23.745","57"
"1066","228283","20220824072000","928","1","雲林縣","西螺鎮","120.465","23.755","1059"
"152","228312","20220824072000","882","0","雲林縣","麥寮鄉","120.240","23.750","159"
"241","228321","20220824072000","178","2","雲林縣","台西鄉","120.220","23.750","227"
"403","228335","20220824072000","314","2","雲林縣","虎尾鎮","120.420","23.690","413"
"306","228337","20220824072000","315","0","雲林縣","虎尾鎮","120.425","23.695","291"
"2141","228338","20220824072000","2275","0","雲林縣","虎尾鎮","120.425","23.700","2064"
"25","228340","20220824072000","661","0","雲林縣","虎尾鎮","120.425","23.710","28"
"21","228375","20220824072000","78","0","南投縣","竹山鎮","120.665","23.725","11"
"18","228395","20220824072000","90","0","南投縣","竹山鎮","120.690","23.725","25"
"205","228399","20220824072000","97","3","南投縣","竹山鎮","120.710","23.725","167"
"18","228402","20220824072000","149","0","南投縣","竹山鎮","120.690","23.730","34"
"95","228415","20220824072000","790","0","南投縣","竹山鎮","120.680","23.760","92"
"226","228711","20220824072000","218","1","雲林縣","麥寮鄉","120.170","23.770","240"
"147","230307","20220824072000","147","1","雲林縣","麥寮鄉","120.180","23.795","188"
"34","232186","20220824072000","22","3","花蓮縣","壽豐鄉","121.585","23.825","36"
"111","233034","20220824072000","72","3","花蓮縣","壽豐鄉","121.565","23.780","117"
"75","233104","20220824072000","38","3","花蓮縣","壽豐鄉","121.460","23.810","62"
"328","233119","20220824072000","208","3","花蓮縣","壽豐鄉","121.475","23.815","384"
"254","233140","20220824072000","182","2","花蓮縣","壽豐鄉","121.480","23.825","253"
"639","233238","20220824072000","516","2","花蓮縣","壽豐鄉","121.515","23.840","675"
"28","233277","20220824072000","17","3","花蓮縣","壽豐鄉","121.590","23.840","29"
"35","233282","20220824072000","114","0","雲林縣","二崙鄉","120.420","23.815","46"
"16","234003","20220824072000","12","2","花蓮縣","鳳林鎮","121.475","23.795","25"
"186","234014","20220824072000","162","1","花蓮縣","鳳林鎮","121.455","23.800","177"
"168","234015","20220824072000","89","3","花蓮縣","鳳林鎮","121.460","23.800","136"
"14","234031","20220824072000","33","0","花蓮縣","鳳林鎮","121.465","23.805","14"
"320","234042","20220824072000","256","2","花蓮縣","萬榮鄉","121.445","23.810","347"
"949","234074","20220824072000","1199","0","雲林縣","二崙鄉","120.415","23.770","936"
"22","234106","20220824072000","175","0","雲林縣","二崙鄉","120.410","23.815","16"
"51","234119","20220824072000","16","3","雲林縣","二崙鄉","120.415","23.795","54"
"59","234120","20220824072000","346","0","雲林縣","二崙鄉","120.420","23.795","57"
"517","234127","20220824072000","348","2","雲林縣","二崙鄉","120.385","23.795","544"
"407","234130","20220824072000","245","3","雲林縣","二崙鄉","120.380","23.800","397"
"496","234162","20220824072000","216","3","雲林縣","二崙鄉","120.395","23.820","498"
"247","234274","20220824072000","128","3","花蓮縣","鳳林鎮","121.460","23.780","216"
"100","234277","20220824072000","61","3","花蓮縣","鳳林鎮","121.460","23.785","106"
"73","234283","20220824072000","397","0","雲林縣","二崙鄉","120.410","23.805","51"
"23","234324","20220824072000","124","0","雲林縣","二崙鄉","120.395","23.765","30"
"29","234338","20220824072000","388","0","雲林縣","二崙鄉","120.365","23.805","36"
"169","234386","20220824072000","576","0","雲林縣","二崙鄉","120.395","23.790","150"
"863","234401","20220824072000","419","3","雲林縣","西螺鎮","120.470","23.795","826"
"277","234404","20220824072000","206","2","雲林縣","西螺鎮","120.470","23.800","256"
"273","234406","20220824072000","172","3","雲林縣","西螺鎮","120.480","23.800","320"
"1308","234413","20220824072000","504","3","雲林縣","西螺鎮","120.450","23.785","1305"
"465","234424","20220824072000","308","3","雲林縣","麥寮鄉","120.270","23.770","407"
"678","234432","20220824072000","394","3","雲林縣","麥寮鄉","120.265","23.780","683"
"151","234453","20220824072000","28","3","雲林縣","麥寮鄉","120.235","23.790","191"
"140","234454","20220824072000","530","0","雲林縣","麥寮鄉","120.240","23.790","147"
"1787","234481","20220824072000","1415","2","南投縣","水里鄉","120.855","23.815","1748"
"228","234482","20220824072000","142","3","南投縣","水里鄉","120.860","23.815","270"
"16","234513","20220824072000","253","0","雲林縣","西螺鎮","120.485","23.785","13"
"363","234539","20220824072000","208","3","雲林縣","西螺鎮","120.450","23.775","325"
"773","234540","20220824072000","224","3","雲林縣","西螺鎮","120.445","23.780","755"
"29","234570","20220824072000","31","0","南投縣","鹿谷鄉","120.740","23.775","40"
"353","234591","20220824072000","247","2","南投縣","水里鄉","120.845","23.820","355"
"197","234630","20220824072000","166","1","南投縣","水里鄉","120.930","23.795","186"
"85","234678","20220824072000","578","0","南投縣","水里鄉","120.850","23.815","82"
"207","234703","20220824072000","182","1","南投縣","水里鄉","120.845","23.775","214"
"454","234721","20220824072000","353","2","彰化縣","溪州鄉","120.515","23.815","457"
"198","234765","20220824072000","105","3","南投縣","鹿谷鄉","120.785","23.790","191"
"11","234802","20220824072000","99","0","南投縣","鹿谷鄉","120.785","23.805","20"
"46","234826","20220824072000","41","1","南投縣","鹿谷鄉","120.785","23.765","52"
"67","234843","20220824072000","50","2","南投縣","鹿谷鄉","120.775","23.775","55"
"139","234859","20220824072000","84","3","南投縣","鹿谷鄉","120.775","23.785","140"
"158","234881","20220824072000","104","3","雲林縣","麥寮鄉","120.195","23.775","131"
"81","234888","20220824072000","83","0","雲林縣","麥寮鄉","120.180","23.785","110"
"57","234892","20220824072000","84","0","雲林縣","麥寮鄉","120.200","23.785","71"
"362","234900","20220824072000","302","1","雲林縣","麥寮鄉","120.205","23.790","386"
"1911","234906","20220824072000","997","3","雲林縣","麥寮鄉","120.260","23.790","1845"
"2034","234915","20220824072000","1319","3","雲林縣","麥寮鄉","120.220","23.795","1926"
"957","234934","20220824072000","350","3","雲林縣","麥寮鄉","120.230","23.795","946"
"1459","234937","20220824072000","836","3","雲林縣","麥寮鄉","120.245","23.795","1483"
"16","234945","20220824072000","13","2","雲林縣","麥寮鄉","120.190","23.800","20"
"77","234949","20220824072000","49","3","雲林縣","麥寮鄉","120.210","23.800","80"
"1872","234952","20220824072000","1661","1","雲林縣","麥寮鄉","120.225","23.800","1753"
"323","234961","20220824072000","215","3","雲林縣","麥寮鄉","120.270","23.800","331"
"85","234965","20220824072000","63","2","雲林縣","麥寮鄉","120.195","23.805","97"
"79","234967","20220824072000","117","0","雲林縣","麥寮鄉","120.205","23.805","80"
"338","234997","20220824072000","323","1","雲林縣","麥寮鄉","120.215","23.815","327"
"12","235080","20220824072000","100","0","南投縣","信義鄉","120.940","23.820","16"
"22","235214","20220824072000","14","3","南投縣","信義鄉","120.980","23.785","28"
"64","235228","20220824072000","232","0","雲林縣","崙背鄉","120.350","23.775","69"
"264","235235","20220824072000","120","3","雲林縣","崙背鄉","120.345","23.785","268"
"19","235239","20220824072000","297","0","雲林縣","崙背鄉","120.350","23.790","11"
"715","235274","20220824072000","595","2","南投縣","水里鄉","120.850","23.810","682"
"413","235297","20220824072000","276","2","彰化縣","溪州鄉","120.505","23.815","436"
"851","235309","20220824072000","775","1","彰化縣","溪州鄉","120.540","23.830","820"
"573","235350","20220824072000","412","2","彰化縣","溪州鄉","120.490","23.830","548"
"242","235352","20220824072000","186","2","彰化縣","溪州鄉","120.475","23.835","231"
"395","235362","20220824072000","297","2","彰化縣","溪州鄉","120.480","23.845","406"
"159","235370","20220824072000","210","0","彰化縣","溪州鄉","120.500","23.840","180"
"492","235385","20220824072000","338","2","雲林縣","崙背鄉","120.325","23.780","496"
"340","235405","20220824072000","203","3","南投縣","水里鄉","120.865","23.795","319"
"526","235409","20220824072000","514","1","南投縣","水里鄉","120.860","23.800","500"
"27","235459","20220824072000","328","0","南投縣","水里鄉","120.825","23.810","34"
"54","235505","20220824072000","45","2","南投縣","水里鄉","120.870","23.845","49"
"37","235509","20220824072000","344","0","南投縣","名間鄉","120.635","23.835","33"
"14","235515","20220824072000","377","0","南投縣","名間鄉","120.705","23.820","15"
"258","235521","20220824072000","216","1","南投縣","名間鄉","120.715","23.830","239"
"1275","235523","20220824072000","1056","2","南投縣","名間鄉","120.705","23.835","1209"
"127","235527","20220824072000","98","2","南投縣","名間鄉","120.725","23.835","134"
"232","235539","20220824072000","139","3","南投縣","名間鄉","120.665","23.820","245"
"333","235555","20220824072000","360","0","南投縣","集集鎮","120.795","23.825","342"
"61","235556","20220824072000","373","0","南投縣","集集鎮","120.795","23.830","62"
"33","235703","20220824072000","44","0","南投縣","信義鄉","120.915","23.785","36"
"223","235812","20220824072000","183","2","南投縣","信義鄉","120.940","23.795","251"
"15","236275","20220824072000","214","0","南投縣","名間鄉","120.660","23.835","24"
"336","236286","20220824072000","250","2","南投縣","名間鄉","120.655","23.845","315"
"68","236299","20220824072000","65","1","南投縣","名間鄉","120.695","23.810","58"
"82","236318","20220824072000","81","1","彰化縣","二水鄉","120.635","23.830","82"
"464","236322","20220824072000","385","2","南投縣","名間鄉","120.630","23.840","468"
"38","236329","20220824072000","206","0","彰化縣","溪州鄉","120.515","23.830","49"
"140","236334","20220824072000","95","2","彰化縣","溪州鄉","120.520","23.835","172"
"12","236347","20220824072000","39","0","彰化縣","溪州鄉","120.510","23.845","14"
"241","236374","20220824072000","155","3","彰化縣","溪州鄉","120.580","23.820","179"
"359","236389","20220824072000","282","2","彰化縣","溪州鄉","120.470","23.830","310"
"357","236394","20220824072000","331","1","南投縣","名間鄉","120.695","23.835","337"
"15","236405","20220824072000","638","0","南投縣","名間鄉","120.700","23.835","20"
"86","236406","20220824072000","32","3","彰化縣","二水鄉","120.650","23.810","82"
"30","236410","20220824072000","174","0","南投縣","名間鄉","120.645","23.820","25"
"195","236415","20220824072000","111","3","南投縣","名間鄉","120.655","23.830","189"
"641","236419","20220824072000","194","3","彰化縣","大城鄉","120.345","23.845","660"
"286","236421","20220824072000","231","2","彰化縣","大城鄉","120.300","23.840","295"
"380","236449","20220824072000","254","2","彰化縣","溪州鄉","120.565","23.815","352"
"258","236455","20220824072000","223","1","彰化縣","溪州鄉","120.560","23.830","276"
"37","236462","20220824072000","305","0","雲林縣","莿桐鄉","120.540","23.765","30"
"368","236463","20220824072000","291","2","雲林縣","莿桐鄉","120.530","23.770","369"
"158","236472","20220824072000","118","2","南投縣","名間鄉","120.640","23.845","170"
"428","236479","20220824072000","246","3","南投縣","名間鄉","120.690","23.845","444"
"277","236481","20220824072000","260","1","南投縣","名間鄉","120.700","23.845","322"
"705","236492","20220824072000","475","2","雲林縣","林內鄉","120.610","23.770","710"
"155","236494","20220824072000","154","1","雲林縣","林內鄉","120.610","23.775","154"
"60","236509","20220824072000","339","0","雲林縣","林內鄉","120.625","23.775","78"
"57","236557","20220824072000","320","0","南投縣","集集鎮","120.800","23.825","56"
"11","236558","20220824072000","85","0","南投縣","集集鎮","120.805","23.825","11"
"308","236563","20220824072000","136","3","南投縣","集集鎮","120.765","23.820","298"
"25","236573","20220824072000","101","0","南投縣","集集鎮","120.770","23.845","21"
"149","236578","20220824072000","250","0","南投縣","集集鎮","120.815","23.825","154"
"171","236593","20220824072000","970","0","南投縣","集集鎮","120.785","23.825","181"
"271","236635","20220824072000","210","2","彰化縣","大城鄉","120.350","23.835","273"
"397","236679","20220824072000","261","3","彰化縣","大城鄉","120.275","23.845","364"
"289","236695","20220824072000","184","3","南投縣","信義鄉","120.905","23.770","279"
"36","236721","20220824072000","385","0","彰化縣","二水鄉","120.615","23.810","27"
"1254","236741","20220824072000","277","3","雲林縣","莿桐鄉","120.500","23.780","1268"
"299","236758","20220824072000","108","3","彰化縣","二水鄉","120.630","23.830","386"
"217","236765","20220824072000","489","0","彰化縣","二水鄉","120.610","23.815","219"
"472","236771","20220824072000","291","3","彰化縣","二水鄉","120.635","23.795","563"
"12","236772","20220824072000","33","0","彰化縣","二水鄉","120.640","23.795","12"
"2556","236781","20220824072000","1203","3","雲林縣","西螺鎮","120.440","23.780","2587"
"342","236785","20220824072000","258","2","雲林縣","西螺鎮","120.430","23.790","325"
"627","236786","20220824072000","127","3","雲林縣","西螺鎮","120.435","23.790","640"
"20","236796","20220824072000","185","0","彰化縣","二水鄉","120.640","23.805","15"
"23","236801","20220824072000","322","0","彰化縣","二水鄉","120.605","23.825","29"
"200","236814","20220824072000","960","0","彰化縣","二水鄉","120.620","23.810","190"
"211","237024","20220824072000","355","0","雲林縣","莿桐鄉","120.515","23.775","199"
"384","237025","20220824072000","291","2","雲林縣","莿桐鄉","120.520","23.775","373"
"1251","237039","20220824072000","384","3","雲林縣","西螺鎮","120.435","23.800","1229"
"1102","237048","20220824072000","348","3","雲林縣","西螺鎮","120.440","23.810","1108"
"435","237053","20220824072000","290","3","雲林縣","西螺鎮","120.465","23.795","450"
"1328","237054","20220824072000","1027","2","雲林縣","西螺鎮","120.465","23.800","1378"
"10","237056","20220824072000","248","0","雲林縣","西螺鎮","120.465","23.765","17"
"1383","237062","20220824072000","740","3","雲林縣","西螺鎮","120.475","23.785","1414"
"291","237066","20220824072000","104","3","雲林縣","西螺鎮","120.475","23.765","333"
"46","237068","20220824072000","422","0","雲林縣","西螺鎮","120.460","23.795","41"
"843","237069","20220824072000","1051","0","雲林縣","西螺鎮","120.460","23.800","829"
"1723","237075","20220824072000","624","3","雲林縣","西螺鎮","120.440","23.800","1701"
"407","237076","20220824072000","244","3","雲林縣","西螺鎮","120.455","23.790","387"
"118","237078","20220824072000","2234","0","雲林縣","西螺鎮","120.455","23.800","134"
"20","237081","20220824072000","113","0","彰化縣","二水鄉","120.635","23.810","18"
"15","237089","20220824072000","14","1","彰化縣","二水鄉","120.640","23.800","11"
"32","237103","20220824072000","272","0","彰化縣","二水鄉","120.630","23.800","25"
"76","237115","20220824072000","41","3","彰化縣","二水鄉","120.655","23.800","54"
"415","237141","20220824072000","327","2","雲林縣","崙背鄉","120.325","23.795","392"
"226","237147","20220824072000","141","3","雲林縣","崙背鄉","120.340","23.800","242"
"108","237182","20220824072000","118","0","雲林縣","崙背鄉","120.310","23.790","109"
"175","237186","20220824072000","200","0","雲林縣","崙背鄉","120.305","23.795","170"
"41","237187","20220824072000","42","0","雲林縣","崙背鄉","120.310","23.795","57"
"1125","237189","20220824072000","380","3","雲林縣","麥寮鄉","120.295","23.800","1249"
"89","237228","20220824072000","54","3","彰化縣","田中鎮","120.605","23.845","89"
"20","237236","20220824072000","26","0","彰化縣","溪州鄉","120.455","23.825","18"
"10","237241","20220824072000","223","0","彰化縣","竹塘鄉","120.445","23.835","22"
"74","237255","20220824072000","530","0","雲林縣","莿桐鄉","120.565","23.775","74"
"76","237256","20220824072000","200","0","雲林縣","莿桐鄉","120.570","23.775","85"
"313","237302","20220824072000","175","3","雲林縣","莿桐鄉","120.550","23.765","296"
"10","237358","20220824072000","159","0","南投縣","竹山鎮","120.680","23.770","14"
"92","237361","20220824072000","158","0","南投縣","竹山鎮","120.680","23.775","91"
"234","237386","20220824072000","153","3","南投縣","竹山鎮","120.650","23.770","268"
"240","237414","20220824072000","219","1","南投縣","竹山鎮","120.730","23.815","233"
"196","237424","20220824072000","195","1","南投縣","竹山鎮","120.715","23.765","232"
"58","237434","20220824072000","460","0","南投縣","竹山鎮","120.705","23.780","73"
"182","237436","20220824072000","170","1","南投縣","竹山鎮","120.715","23.780","188"
"19","237453","20220824072000","261","0","南投縣","竹山鎮","120.695","23.770","31"
"22","237489","20220824072000","161","0","彰化縣","竹塘鄉","120.400","23.845","15"
"43","237498","20220824072000","565","0","雲林縣","麥寮鄉","120.240","23.770","38"
"212","237499","20220824072000","124","3","雲林縣","麥寮鄉","120.245","23.770","255"
"28","237516","20220824072000","225","0","雲林縣","崙背鄉","120.355","23.765","30"
"124","237531","20220824072000","90","2","南投縣","竹山鎮","120.750","23.815","119"
"470","237559","20220824072000","394","1","南投縣","竹山鎮","120.715","23.800","536"
"133","237593","20220824072000","154","0","南投縣","魚池鄉","120.895","23.835","136"
"195","237595","20220824072000","213","0","南投縣","魚池鄉","120.905","23.835","178"
"355","237603","20220824072000","366","0","南投縣","竹山鎮","120.715","23.805","354"
"276","237607","20220824072000","151","3","南投縣","竹山鎮","120.730","23.810","309"
"312","237611","20220824072000","268","1","南投縣","竹山鎮","120.725","23.810","298"
"183","237614","20220824072000","297","0","南投縣","竹山鎮","120.720","23.815","182"
"19","237626","20220824072000","16","1","南投縣","魚池鄉","120.915","23.835","18"
"104","237670","20220824072000","80","2","南投縣","魚池鄉","120.885","23.820","99"
"407","237685","20220824072000","331","2","雲林縣","麥寮鄉","120.290","23.765","353"
"143","237741","20220824072000","81","3","南投縣","集集鎮","120.760","23.830","149"
"109","237745","20220824072000","98","1","南投縣","集集鎮","120.760","23.835","122"
"187","237775","20220824072000","109","3","南投縣","集集鎮","120.750","23.840","198"
"48","237785","20220824072000","216","0","南投縣","集集鎮","120.745","23.830","49"
"40","237788","20220824072000","27","2","南投縣","集集鎮","120.740","23.835","30"
"33","237801","20220824072000","233","0","南投縣","集集鎮","120.780","23.825","36"
"258","237819","20220824072000","141","3","雲林縣","莿桐鄉","120.505","23.765","240"
"310","237826","20220824072000","201","3","雲林縣","莿桐鄉","120.520","23.765","345"
"1168","237833","20220824072000","491","3","雲林縣","西螺鎮","120.480","23.770","1163"
"518","237848","20220824072000","337","3","雲林縣","麥寮鄉","120.290","23.795","550"
"1821","237860","20220824072000","1430","2","雲林縣","麥寮鄉","120.275","23.795","1882"
"538","237864","20220824072000","340","3","雲林縣","麥寮鄉","120.280","23.795","518"
"21","237872","20220824072000","113","0","彰化縣","田中鎮","120.560","23.845","20"
"188","237874","20220824072000","114","3","彰化縣","田中鎮","120.570","23.845","164"
"151","237878","20220824072000","84","3","彰化縣","田中鎮","120.580","23.840","134"
"342","237881","20220824072000","301","1","彰化縣","田中鎮","120.595","23.840","319"
"30","237884","20220824072000","360","0","彰化縣","田中鎮","120.595","23.845","21"
"266","237895","20220824072000","169","3","彰化縣","田中鎮","120.595","23.830","258"
"90","237900","20220824072000","374","0","雲林縣","莿桐鄉","120.535","23.775","90"
"108","240440","20220824072000","61","3","花蓮縣","壽豐鄉","121.605","23.885","227"
"261","242904","20220824072000","150","3","花蓮縣","秀林鄉","121.500","23.920","253"
"267","242957","20220824072000","113","3","花蓮縣","壽豐鄉","121.530","23.865","275"
"192","242963","20220824072000","141","2","花蓮縣","壽豐鄉","121.525","23.870","191"
"1068","242988","20220824072000","748","2","花蓮縣","壽豐鄉","121.510","23.870","1073"
"745","243010","20220824072000","574","2","花蓮縣","壽豐鄉","121.520","23.890","748"
"16","243014","20220824072000","61","0","花蓮縣","壽豐鄉","121.540","23.890","14"
"503","243023","20220824072000","465","1","花蓮縣","壽豐鄉","121.555","23.895","510"
"59","243053","20220824072000","664","0","花蓮縣","壽豐鄉","121.535","23.895","66"
"185","243054","20220824072000","361","0","花蓮縣","壽豐鄉","121.540","23.895","189"
"267","243055","20220824072000","325","0","花蓮縣","壽豐鄉","121.545","23.895","245"
"259","243057","20220824072000","308","0","花蓮縣","壽豐鄉","121.530","23.895","328"
"357","243065","20220824072000","522","0","花蓮縣","壽豐鄉","121.530","23.900","366"
"375","243069","20220824072000","860","0","花蓮縣","壽豐鄉","121.550","23.900","354"
"854","243073","20220824072000","999","0","花蓮縣","壽豐鄉","121.530","23.905","871"
"248","243089","20220824072000","117","3","花蓮縣","壽豐鄉","121.520","23.915","238"
"86","243103","20220824072000","52","3","花蓮縣","壽豐鄉","121.550","23.920","95"
"68","243143","20220824072000","55","2","花蓮縣","壽豐鄉","121.555","23.865","72"
"76","243149","20220824072000","74","1","花蓮縣","壽豐鄉","121.555","23.870","68"
"72","243164","20220824072000","57","2","花蓮縣","壽豐鄉","121.585","23.880","68"
"43","243184","20220824072000","41","1","花蓮縣","壽豐鄉","121.595","23.905","40"
"156","243230","20220824072000","100","3","花蓮縣","壽豐鄉","121.520","23.845","140"
"565","243249","20220824072000","450","2","花蓮縣","壽豐鄉","121.495","23.850","480"
"468","243255","20220824072000","431","1","花蓮縣","壽豐鄉","121.490","23.855","481"
"88","243262","20220824072000","85","1","花蓮縣","壽豐鄉","121.485","23.855","90"
"160","243315","20220824072000","79","3","花蓮縣","壽豐鄉","121.600","23.870","176"
"33","243324","20220824072000","24","2","花蓮縣","壽豐鄉","121.590","23.885","38"
"23","243336","20220824072000","15","3","花蓮縣","壽豐鄉","121.600","23.900","31"
"368","243338","20220824072000","226","3","花蓮縣","壽豐鄉","121.600","23.905","365"
"92","243339","20220824072000","41","3","花蓮縣","壽豐鄉","121.605","23.905","88"
"704","243392","20220824072000","697","1","彰化縣","二林鎮","120.360","23.895","645"
"1211","243393","20220824072000","927","2","彰化縣","二林鎮","120.370","23.900","1165"
"397","243406","20220824072000","299","2","彰化縣","二林鎮","120.390","23.865","359"
"152","243422","20220824072000","141","1","彰化縣","二林鎮","120.415","23.910","127"
"394","243424","20220824072000","378","1","彰化縣","二林鎮","120.425","23.910","407"
"306","243439","20220824072000","250","2","彰化縣","二林鎮","120.360","23.865","291"
"394","243447","20220824072000","280","2","彰化縣","二林鎮","120.360","23.880","418"
"429","243770","20220824072000","443","0","彰化縣","二林鎮","120.365","23.890","436"
"485","243772","20220824072000","685","0","彰化縣","二林鎮","120.370","23.895","500"
"675","243777","20220824072000","468","2","彰化縣","二林鎮","120.425","23.895","655"
"339","243783","20220824072000","382","0","彰化縣","二林鎮","120.365","23.900","401"
"428","243796","20220824072000","379","1","彰化縣","二林鎮","120.440","23.875","437"
"121","243827","20220824072000","86","2","南投縣","水里鄉","120.865","23.905","101"
"347","243861","20220824072000","105","3","彰化縣","大城鄉","120.325","23.860","338"
"1253","243867","20220824072000","1257","0","彰化縣","大城鄉","120.320","23.850","1196"
"182","243900","20220824072000","622","0","彰化縣","埤頭鄉","120.470","23.915","199"
"351","243909","20220824072000","176","3","彰化縣","埤頭鄉","120.460","23.925","348"
"64","243970","20220824072000","45","2","南投縣","中寮鄉","120.800","23.905","61"
"143","244008","20220824072000","129","1","南投縣","中寮鄉","120.805","23.925","151"
"304","244044","20220824072000","136","3","南投縣","中寮鄉","120.750","23.895","315"
"85","244051","20220824072000","62","2","南投縣","中寮鄉","120.765","23.900","85"
"18","244098","20220824072000","107","0","南投縣","中寮鄉","120.790","23.860","14"
"618","244122","20220824072000","473","2","彰化縣","埤頭鄉","120.480","23.890","704"
"330","244129","20220824072000","272","2","彰化縣","埤頭鄉","120.460","23.860","343"
"43","244142","20220824072000","378","0","彰化縣","埤頭鄉","120.460","23.880","47"
"1301","244150","20220824072000","1113","1","彰化縣","埤頭鄉","120.465","23.890","1319"
"70","244159","20220824072000","358","0","南投縣","中寮鄉","120.760","23.880","64"
"170","244163","20220824072000","524","0","南投縣","中寮鄉","120.775","23.885","181"
"356","244211","20220824072000","271","2","南投縣","中寮鄉","120.735","23.895","330"
"96","244235","20220824072000","61","3","南投縣","中寮鄉","120.770","23.920","96"
"54","244247","20220824072000","269","0","南投縣","中寮鄉","120.830","23.860","60"
"128","244274","20220824072000","89","2","南投縣","中寮鄉","120.800","23.880","117"
"33","244326","20220824072000","546","0","南投縣","中寮鄉","120.710","23.895","31"
"48","244341","20220824072000","60","0","彰化縣","員林鎮","120.580","23.925","73"
"15","244380","20220824072000","19","0","南投縣","中寮鄉","120.720","23.915","13"
"200","244392","20220824072000","116","3","南投縣","中寮鄉","120.725","23.925","209"
"77","244395","20220824072000","56","2","南投縣","中寮鄉","120.740","23.925","82"
"860","244397","20220824072000","963","0","彰化縣","二林鎮","120.375","23.895","848"
"1152","244398","20220824072000","987","1","彰化縣","二林鎮","120.380","23.895","1144"
"292","244411","20220824072000","209","2","南投縣","南投市","120.695","23.915","269"
"315","244414","20220824072000","611","0","南投縣","南投市","120.695","23.920","350"
"583","244415","20220824072000","449","2","南投縣","南投市","120.700","23.920","535"
"20","244420","20220824072000","88","0","南投縣","南投市","120.640","23.925","26"
"1977","244422","20220824072000","1886","1","南投縣","南投市","120.690","23.905","1935"
"552","244426","20220824072000","574","0","彰化縣","永靖鄉","120.545","23.920","643"
"196","244429","20220824072000","407","0","彰化縣","永靖鄉","120.570","23.925","202"
"45","244451","20220824072000","59","0","南投縣","水里鄉","120.870","23.880","53"
"582","244465","20220824072000","506","1","彰化縣","溪州鄉","120.500","23.855","551"
"141","244468","20220824072000","140","1","彰化縣","溪州鄉","120.505","23.860","146"
"170","244477","20220824072000","147","1","南投縣","南投市","120.635","23.905","166"
"119","244478","20220824072000","389","0","南投縣","南投市","120.640","23.905","126"
"18","244480","20220824072000","19","0","南投縣","南投市","120.635","23.910","20"
"65","244488","20220824072000","47","2","彰化縣","社頭鄉","120.635","23.920","59"
"140","244490","20220824072000","153","0","南投縣","南投市","120.650","23.920","140"
"450","244492","20220824072000","558","0","彰化縣","永靖鄉","120.535","23.920","447"
"320","244498","20220824072000","299","1","彰化縣","永靖鄉","120.515","23.915","306"
"407","244499","20220824072000","304","2","彰化縣","永靖鄉","120.520","23.915","401"
"406","244512","20220824072000","486","0","彰化縣","永靖鄉","120.560","23.920","415"
"83","244516","20220824072000","338","0","彰化縣","永靖鄉","120.535","23.925","81"
"1211","244517","20220824072000","1647","0","彰化縣","永靖鄉","120.540","23.925","1193"
"307","244520","20220824072000","197","3","彰化縣","永靖鄉","120.560","23.910","335"
"26","244530","20220824072000","260","0","彰化縣","永靖鄉","120.545","23.910","30"
"113","244534","20220824072000","101","1","彰化縣","田尾鄉","120.530","23.910","108"
"38","244537","20220824072000","551","0","彰化縣","永靖鄉","120.550","23.920","30"
"32","244540","20220824072000","463","0","彰化縣","永靖鄉","120.550","23.925","25"
"37","244544","20220824072000","484","0","彰化縣","永靖鄉","120.505","23.920","51"
"544","244566","20220824072000","88","3","彰化縣","大城鄉","120.285","23.865","541"
"216","244576","20220824072000","37","3","彰化縣","大城鄉","120.290","23.870","212"
"579","244605","20220824072000","452","2","彰化縣","芳苑鄉","120.345","23.910","552"
"262","244612","20220824072000","186","2","彰化縣","芳苑鄉","120.350","23.920","233"
"11","244615","20220824072000","20","0","彰化縣","芳苑鄉","120.355","23.925","17"
"297","244624","20220824072000","125","3","彰化縣","芳苑鄉","120.315","23.895","323"
"22","244639","20220824072000","53","0","彰化縣","芳苑鄉","120.305","23.905","23"
"1267","244674","20220824072000","1026","2","南投縣","南投市","120.695","23.900","1227"
"57","244675","20220824072000","100","0","南投縣","南投市","120.685","23.925","76"
"70","244677","20220824072000","107","0","南投縣","南投市","120.695","23.925","56"
"227","244693","20220824072000","353","0","南投縣","南投市","120.680","23.895","252"
"21","244694","20220824072000","16","2","南投縣","南投市","120.685","23.895","22"
"1997","244695","20220824072000","1906","1","南投縣","南投市","120.685","23.900","1965"
"318","244696","20220824072000","283","1","南投縣","南投市","120.690","23.900","342"
"155","244697","20220824072000","129","2","彰化縣","溪州鄉","120.480","23.850","170"
"36","244698","20220824072000","365","0","彰化縣","溪州鄉","120.485","23.850","36"
"583","244700","20220824072000","566","1","彰化縣","溪州鄉","120.495","23.850","623"
"688","244706","20220824072000","834","0","南投縣","南投市","120.680","23.910","701"
"365","244716","20220824072000","312","1","南投縣","南投市","120.675","23.900","391"
"238","244717","20220824072000","225","1","南投縣","南投市","120.680","23.905","262"
"1272","244720","20220824072000","987","2","南投縣","南投市","120.675","23.905","1204"
"12","244738","20220824072000","30","0","南投縣","埔里鎮","120.990","23.925","14"
"162","244739","20220824072000","122","2","南投縣","埔里鎮","120.995","23.925","165"
"112","244741","20220824072000","92","2","南投縣","仁愛鄉","121.010","23.925","113"
"493","244742","20220824072000","579","0","彰化縣","溪州鄉","120.495","23.855","455"
"49","244772","20220824072000","43","1","南投縣","水里鄉","120.865","23.855","49"
"192","244790","20220824072000","137","2","南投縣","名間鄉","120.675","23.870","188"
"334","244793","20220824072000","244","2","彰化縣","田中鎮","120.625","23.855","300"
"112","244800","20220824072000","74","3","南投縣","名間鄉","120.630","23.855","122"
"180","244806","20220824072000","100","3","南投縣","名間鄉","120.635","23.860","183"
"683","244815","20220824072000","516","2","南投縣","名間鄉","120.705","23.875","655"
"132","244846","20220824072000","84","3","南投縣","名間鄉","120.635","23.880","142"
"525","244854","20220824072000","285","3","南投縣","南投市","120.690","23.910","543"
"733","244855","20220824072000","646","1","南投縣","南投市","120.690","23.915","730"
"134","244860","20220824072000","167","0","南投縣","南投市","120.655","23.915","137"
"955","244865","20220824072000","686","2","南投縣","南投市","120.665","23.920","916"
"878","244867","20220824072000","555","3","南投縣","南投市","120.675","23.920","871"
"673","244868","20220824072000","716","0","南投縣","南投市","120.680","23.920","664"
"654","244869","20220824072000","508","2","南投縣","南投市","120.670","23.925","661"
"700","244870","20220824072000","604","1","南投縣","南投市","120.675","23.925","732"
"1115","244872","20220824072000","872","2","南投縣","南投市","120.685","23.910","1064"
"1729","244873","20220824072000","1815","0","南投縣","南投市","120.685","23.905","1737"
"196","244874","20220824072000","178","1","南投縣","南投市","120.705","23.900","202"
"132","244875","20220824072000","112","1","南投縣","南投市","120.710","23.900","122"
"116","244880","20220824072000","86","2","南投縣","南投市","120.695","23.905","126"
"472","244881","20220824072000","329","2","南投縣","南投市","120.700","23.905","527"
"399","244890","20220824072000","480","0","南投縣","南投市","120.705","23.915","374"
"723","244893","20220824072000","704","1","彰化縣","溪州鄉","120.495","23.865","715"
"650","244909","20220824072000","610","1","彰化縣","埤頭鄉","120.460","23.890","678"
"720","244910","20220824072000","636","1","彰化縣","埤頭鄉","120.455","23.895","697"
"603","244911","20220824072000","514","1","彰化縣","埤頭鄉","120.460","23.895","603"
"441","244918","20220824072000","383","1","彰化縣","埤頭鄉","120.495","23.885","536"
"747","244922","20220824072000","557","2","彰化縣","埤頭鄉","120.495","23.890","710"
"203","244924","20220824072000","157","2","彰化縣","埤頭鄉","120.480","23.895","178"
"410","244925","20220824072000","347","1","彰化縣","埤頭鄉","120.485","23.895","389"
"616","244953","20220824072000","546","1","彰化縣","北斗鎮","120.515","23.875","632"
"378","244955","20220824072000","247","3","彰化縣","北斗鎮","120.515","23.865","404"
"21","244956","20220824072000","358","0","彰化縣","北斗鎮","120.520","23.865","29"
"504","244958","20220824072000","807","0","彰化縣","北斗鎮","120.520","23.870","422"
"662","244960","20220824072000","449","2","彰化縣","埤頭鄉","120.460","23.850","626"
"29","244961","20220824072000","238","0","彰化縣","埤頭鄉","120.465","23.850","25"
"185","244970","20220824072000","139","2","南投縣","名間鄉","120.645","23.865","220"
"176","244972","20220824072000","219","0","南投縣","名間鄉","120.650","23.870","167"
"884","244974","20220824072000","627","2","南投縣","名間鄉","120.655","23.870","847"
"412","244987","20220824072000","385","1","南投縣","名間鄉","120.670","23.850","415"
"333","244993","20220824072000","300","1","南投縣","名間鄉","120.675","23.855","317"
"694","245005","20220824072000","630","1","南投縣","名間鄉","120.695","23.865","655"
"228","245007","20220824072000","237","0","南投縣","名間鄉","120.685","23.870","272"
"355","245016","20220824072000","215","3","南投縣","名間鄉","120.685","23.880","433"
"53","245017","20220824072000","400","0","南投縣","名間鄉","120.690","23.880","60"
"152","245037","20220824072000","129","1","南投縣","名間鄉","120.705","23.865","148"
"291","245042","20220824072000","253","1","彰化縣","溪州鄉","120.525","23.850","260"
"247","245076","20220824072000","34","3","彰化縣","大城鄉","120.295","23.885","270"
"18","245099","20220824072000","176","0","彰化縣","大城鄉","120.300","23.890","19"
"48","245150","20220824072000","222","0","彰化縣","大城鄉","120.295","23.855","51"
"168","245157","20220824072000","190","0","彰化縣","北斗鎮","120.530","23.855","155"
"1130","245161","20220824072000","1118","1","彰化縣","北斗鎮","120.530","23.870","1175"
"193","245165","20220824072000","171","1","彰化縣","北斗鎮","120.545","23.870","193"
"458","245169","20220824072000","328","2","彰化縣","芳苑鄉","120.320","23.920","469"
"91","245184","20220824072000","59","3","南投縣","名間鄉","120.625","23.850","111"
"137","245191","20220824072000","129","1","南投縣","名間鄉","120.690","23.850","122"
"14","245192","20220824072000","177","0","南投縣","名間鄉","120.695","23.850","22"
"1267","245211","20220824072000","316","3","彰化縣","大城鄉","120.290","23.860","1247"
"136","245214","20220824072000","75","3","彰化縣","大城鄉","120.300","23.865","137"
"277","245216","20220824072000","55","3","彰化縣","大城鄉","120.300","23.870","288"
"605","245296","20220824072000","230","3","南投縣","南投市","120.635","23.895","546"
"657","245305","20220824072000","421","3","南投縣","南投市","120.660","23.925","613"
"13","245311","20220824072000","12","1","南投縣","南投市","120.670","23.905","16"
"26","245312","20220824072000","173","0","南投縣","南投市","120.665","23.910","14"
"306","245314","20220824072000","1174","0","南投縣","南投市","120.675","23.910","332"
"836","245316","20220824072000","1224","0","南投縣","南投市","120.680","23.915","799"
"1823","245320","20220824072000","1422","2","彰化縣","北斗鎮","120.520","23.880","1666"
"572","245325","20220824072000","466","2","彰化縣","北斗鎮","120.530","23.875","595"
"322","245329","20220824072000","215","2","彰化縣","北斗鎮","120.535","23.880","311"
"50","245332","20220824072000","644","0","彰化縣","北斗鎮","120.525","23.870","54"
"503","245335","20220824072000","144","3","彰化縣","大城鄉","120.310","23.875","500"
"369","245353","20220824072000","202","3","彰化縣","大城鄉","120.315","23.870","374"
"304","245376","20220824072000","230","2","彰化縣","北斗鎮","120.510","23.880","315"
"27","245379","20220824072000","254","0","彰化縣","田尾鄉","120.515","23.890","33"
"300","245489","20220824072000","273","1","南投縣","仁愛鄉","120.990","23.905","252"
"36","245503","20220824072000","34","1","南投縣","仁愛鄉","121.005","23.910","40"
"20","245515","20220824072000","18","1","南投縣","埔里鎮","121.010","23.920","15"
"34","245723","20220824072000","22","3","南投縣","仁愛鄉","121.025","23.910","31"
"280","245728","20220824072000","259","1","南投縣","仁愛鄉","121.050","23.910","322"
"50","245748","20220824072000","109","0","南投縣","仁愛鄉","121.030","23.920","45"
"141","246363","20220824072000","412","0","彰化縣","北斗鎮","120.525","23.880","154"
"200","246370","20220824072000","224","0","彰化縣","北斗鎮","120.555","23.855","209"
"644","246377","20220824072000","484","2","彰化縣","北斗鎮","120.550","23.865","598"
"289","246388","20220824072000","247","1","彰化縣","埤頭鄉","120.455","23.850","304"
"431","246394","20220824072000","243","3","彰化縣","二林鎮","120.410","23.920","401"
"14","246402","20220824072000","385","0","彰化縣","二林鎮","120.365","23.895","16"
"557","246404","20220824072000","454","2","彰化縣","二林鎮","120.405","23.895","572"
"146","246436","20220824072000","225","0","彰化縣","芳苑鄉","120.380","23.925","152"
"624","246446","20220824072000","435","2","彰化縣","芳苑鄉","120.330","23.895","585"
"197","246468","20220824072000","147","2","彰化縣","芳苑鄉","120.330","23.915","208"
"183","246471","20220824072000","113","3","彰化縣","芳苑鄉","120.335","23.920","184"
"1011","246472","20220824072000","932","1","彰化縣","北斗鎮","120.525","23.875","956"
"223","246476","20220824072000","172","2","彰化縣","北斗鎮","120.560","23.850","201"
"53","246477","20220824072000","66","0","彰化縣","北斗鎮","120.540","23.855","56"
"69","246480","20220824072000","72","0","彰化縣","北斗鎮","120.550","23.855","70"
"409","246488","20220824072000","288","2","彰化縣","北斗鎮","120.535","23.870","379"
"99","246493","20220824072000","104","0","彰化縣","二林鎮","120.395","23.890","106"
"452","246499","20220824072000","285","3","彰化縣","大城鄉","120.315","23.850","446"
"197","246518","20220824072000","216","0","南投縣","南投市","120.670","23.890","187"
"545","246522","20220824072000","525","1","南投縣","南投市","120.690","23.890","552"
"1048","246530","20220824072000","931","1","彰化縣","社頭鄉","120.605","23.915","1042"
"614","246531","20220824072000","305","3","彰化縣","田中鎮","120.585","23.875","627"
"42","246534","20220824072000","175","0","彰化縣","田中鎮","120.575","23.865","55"
"359","246537","20220824072000","281","2","彰化縣","田中鎮","120.575","23.875","374"
"87","246545","20220824072000","92","0","彰化縣","田尾鄉","120.510","23.905","77"
"484","246547","20220824072000","324","2","彰化縣","竹塘鄉","120.415","23.850","455"
"363","246558","20220824072000","455","0","彰化縣","田尾鄉","120.535","23.905","423"
"1657","246566","20220824072000","808","3","彰化縣","社頭鄉","120.580","23.895","1656"
"1442","246568","20220824072000","543","3","彰化縣","社頭鄉","120.580","23.900","1472"
"2055","246569","20220824072000","1115","3","彰化縣","社頭鄉","120.580","23.905","2133"
"35","246573","20220824072000","243","0","彰化縣","田尾鄉","120.525","23.885","35"
"242","246574","20220824072000","294","0","彰化縣","田尾鄉","120.530","23.885","250"
"137","246579","20220824072000","134","1","彰化縣","田尾鄉","120.535","23.890","121"
"559","246581","20220824072000","490","1","彰化縣","田尾鄉","120.535","23.895","562"
"835","246583","20220824072000","667","2","彰化縣","田尾鄉","120.530","23.900","805"
"15","246608","20220824072000","44","0","彰化縣","社頭鄉","120.620","23.925","17"
"1462","246615","20220824072000","1312","1","彰化縣","竹塘鄉","120.430","23.855","1475"
"587","246618","20220824072000","592","0","彰化縣","竹塘鄉","120.420","23.875","575"
"249","246630","20220824072000","172","2","彰化縣","竹塘鄉","120.375","23.850","227"
"2709","246654","20220824072000","805","3","彰化縣","社頭鄉","120.585","23.900","2610"
"1280","246659","20220824072000","427","3","彰化縣","社頭鄉","120.585","23.890","1299"
"433","246669","20220824072000","217","3","彰化縣","竹塘鄉","120.445","23.860","445"
"35","246687","20220824072000","18","3","南投縣","魚池鄉","120.905","23.850","15"
"757","246711","20220824072000","335","3","南投縣","魚池鄉","120.910","23.860","730"
"423","246720","20220824072000","182","3","南投縣","魚池鄉","120.900","23.865","422"
"280","246722","20220824072000","223","2","南投縣","魚池鄉","120.910","23.865","302"
"337","246735","20220824072000","188","3","南投縣","魚池鄉","120.925","23.870","363"
"275","246739","20220824072000","241","1","南投縣","魚池鄉","120.935","23.895","274"
"496","246741","20220824072000","381","2","南投縣","魚池鄉","120.935","23.900","515"
"527","246742","20220824072000","387","2","南投縣","魚池鄉","120.940","23.900","535"
"271","246747","20220824072000","263","1","彰化縣","芳苑鄉","120.350","23.900","283"
"305","246748","20220824072000","216","2","彰化縣","二林鎮","120.355","23.900","324"
"171","246749","20220824072000","147","1","彰化縣","芳苑鄉","120.360","23.900","166"
"36","246750","20220824072000","30","2","彰化縣","芳苑鄉","120.345","23.905","42"
"188","246758","20220824072000","143","2","彰化縣","芳苑鄉","120.355","23.920","179"
"259","246770","20220824072000","243","1","彰化縣","芳苑鄉","120.335","23.890","252"
"22","246777","20220824072000","25","0","南投縣","魚池鄉","120.925","23.875","21"
"247","246788","20220824072000","178","2","南投縣","魚池鄉","120.925","23.885","253"
"221","246822","20220824072000","95","3","南投縣","魚池鄉","120.905","23.880","248"
"23","246823","20220824072000","18","2","南投縣","魚池鄉","120.875","23.885","17"
"16","246824","20220824072000","92","0","南投縣","魚池鄉","120.880","23.885","20"
"43","246826","20220824072000","63","0","南投縣","魚池鄉","120.890","23.885","37"
"17","246832","20220824072000","17","1","南投縣","魚池鄉","120.880","23.890","16"
"14","246857","20220824072000","16","0","南投縣","魚池鄉","120.890","23.905","16"
"28","246858","20220824072000","31","0","南投縣","魚池鄉","120.895","23.905","32"
"31","246870","20220824072000","20","3","南投縣","魚池鄉","120.890","23.910","21"
"113","246893","20220824072000","105","1","南投縣","魚池鄉","120.955","23.900","111"
"226","246906","20220824072000","186","2","南投縣","魚池鄉","120.955","23.910","243"
"117","246920","20220824072000","128","0","南投縣","魚池鄉","120.965","23.915","129"
"79","246922","20220824072000","91","0","南投縣","魚池鄉","120.965","23.920","68"
"25","246930","20220824072000","15","3","南投縣","魚池鄉","120.950","23.865","16"
"106","246935","20220824072000","88","2","南投縣","魚池鄉","120.945","23.870","127"
"84","246941","20220824072000","29","3","南投縣","魚池鄉","120.950","23.875","29"
"38","246955","20220824072000","279","0","南投縣","魚池鄉","120.905","23.905","23"
"353","246964","20220824072000","319","1","南投縣","魚池鄉","120.920","23.910","369"
"126","246970","20220824072000","36","3","南投縣","魚池鄉","120.920","23.915","62"
"278","246989","20220824072000","235","1","南投縣","魚池鄉","120.925","23.910","244"
"171","247005","20220824072000","130","2","南投縣","魚池鄉","120.945","23.925","197"
"1023","247013","20220824072000","513","3","南投縣","魚池鄉","120.930","23.850","884"
"43","247024","20220824072000","44","0","南投縣","魚池鄉","120.935","23.855","42"
"439","247088","20220824072000","392","1","南投縣","魚池鄉","120.965","23.890","428"
"32","247100","20220824072000","325","0","南投縣","魚池鄉","120.940","23.895","47"
"21","247101","20220824072000","20","1","南投縣","魚池鄉","120.945","23.895","16"
"76","247117","20220824072000","42","3","彰化縣","竹塘鄉","120.400","23.860","85"
"203","247119","20220824072000","151","2","彰化縣","竹塘鄉","120.410","23.860","182"
"21","247152","20220824072000","17","2","彰化縣","田中鎮","120.570","23.870","26"
"927","247156","20220824072000","813","1","彰化縣","社頭鄉","120.595","23.900","919"
"30","247158","20220824072000","185","0","彰化縣","田尾鄉","120.550","23.890","34"
"117","247160","20220824072000","87","2","彰化縣","田尾鄉","120.555","23.895","116"
"12","247163","20220824072000","276","0","彰化縣","田尾鄉","120.560","23.900","12"
"548","247166","20220824072000","553","0","彰化縣","田尾鄉","120.525","23.905","542"
"23","247170","20220824072000","13","3","彰化縣","田尾鄉","120.520","23.890","23"
"675","247187","20220824072000","703","0","彰化縣","田尾鄉","120.500","23.920","675"
"69","247189","20220824072000","598","0","彰化縣","溪湖鎮","120.475","23.925","68"
"2679","247194","20220824072000","519","3","彰化縣","社頭鄉","120.585","23.895","2602"
"260","247207","20220824072000","233","1","彰化縣","社頭鄉","120.605","23.895","255"
"29","247218","20220824072000","178","0","彰化縣","田尾鄉","120.540","23.885","36"
"374","247222","20220824072000","707","0","彰化縣","田中鎮","120.585","23.865","393"
"374","247224","20220824072000","353","1","彰化縣","田中鎮","120.585","23.850","381"
"33","247227","20220824072000","640","0","彰化縣","田中鎮","120.600","23.855","30"
"1065","247235","20220824072000","942","1","彰化縣","田中鎮","120.590","23.855","1013"
"46","247238","20220824072000","58","0","彰化縣","田尾鄉","120.530","23.895","36"
"243","247244","20220824072000","169","2","彰化縣","北斗鎮","120.545","23.880","249"
"26","247248","20220824072000","43","0","彰化縣","田尾鄉","120.550","23.885","29"
"291","247250","20220824072000","232","2","彰化縣","田尾鄉","120.560","23.890","327"
"116","247251","20220824072000","111","1","彰化縣","田尾鄉","120.565","23.890","106"
"17","247253","20220824072000","329","0","彰化縣","田尾鄉","120.535","23.900","15"
"67","247259","20220824072000","774","0","彰化縣","田尾鄉","120.550","23.900","69"
"556","247268","20220824072000","450","2","彰化縣","社頭鄉","120.585","23.920","515"
"71","247277","20220824072000","61","1","彰化縣","社頭鄉","120.615","23.885","82"
"460","247283","20220824072000","345","2","彰化縣","社頭鄉","120.610","23.890","449"
"24","247286","20220824072000","18","2","彰化縣","社頭鄉","120.570","23.910","19"
"30","247288","20220824072000","49","0","彰化縣","永靖鄉","120.575","23.915","35"
"50","247290","20220824072000","36","2","彰化縣","永靖鄉","120.575","23.920","56"
"25","247291","20220824072000","300","0","彰化縣","社頭鄉","120.595","23.920","18"
"30","247293","20220824072000","296","0","彰化縣","社頭鄉","120.605","23.920","28"
"569","247305","20220824072000","568","1","彰化縣","北斗鎮","120.570","23.850","507"
"287","247308","20220824072000","237","2","彰化縣","田中鎮","120.575","23.855","321"
"653","247312","20220824072000","681","0","彰化縣","田中鎮","120.605","23.855","703"
"463","247316","20220824072000","1054","0","彰化縣","田中鎮","120.580","23.860","495"
"430","247328","20220824072000","371","1","彰化縣","社頭鄉","120.575","23.900","426"
"306","247336","20220824072000","287","1","彰化縣","社頭鄉","120.610","23.905","309"
"38","247347","20220824072000","17","3","彰化縣","社頭鄉","120.630","23.905","36"
"465","247352","20220824072000","454","1","彰化縣","田中鎮","120.560","23.865","452"
"132","247353","20220824072000","161","0","彰化縣","田中鎮","120.565","23.865","133"
"287","247359","20220824072000","183","3","彰化縣","田中鎮","120.590","23.865","263"
"520","247361","20220824072000","521","0","彰化縣","田中鎮","120.585","23.870","523"
"467","247365","20220824072000","464","1","彰化縣","田中鎮","120.585","23.860","449"
"252","247366","20220824072000","207","2","彰化縣","田中鎮","120.570","23.875","265"
"13","247367","20220824072000","215","0","彰化縣","田中鎮","120.560","23.880","13"
"270","247377","20220824072000","257","1","彰化縣","田中鎮","120.605","23.870","301"
"134","247383","20220824072000","128","1","彰化縣","田中鎮","120.605","23.875","115"
"257","247399","20220824072000","228","1","彰化縣","田中鎮","120.595","23.855","270"
"72","247400","20220824072000","231","0","彰化縣","田中鎮","120.590","23.860","79"
"588","247403","20220824072000","260","3","彰化縣","社頭鄉","120.590","23.900","650"
"961","247409","20220824072000","261","3","彰化縣","社頭鄉","120.585","23.885","981"
"48","247637","20220824072000","26","3","花蓮縣","壽豐鄉","121.610","23.920","73"
"238","252412","20220824072000","116","3","花蓮縣","花蓮市","121.640","23.995","207"
"51","252926","20220824072000","40","2","臺中市","霧峰區","120.705","24.010","59"
"200","253141","20220824072000","132","3","花蓮縣","秀林鄉","121.505","23.945","199"
"274","253374","20220824072000","223","2","花蓮縣","秀林鄉","121.555","24.005","256"
"278","253376","20220824072000","266","1","花蓮縣","新城鄉","121.615","24.005","249"
"227","253382","20220824072000","189","2","花蓮縣","吉安鄉","121.580","23.925","202"
"227","253393","20220824072000","194","1","花蓮縣","吉安鄉","121.585","23.930","186"
"202","253400","20220824072000","143","2","花蓮縣","吉安鄉","121.580","23.935","225"
"1138","253410","20220824072000","620","3","花蓮縣","吉安鄉","121.595","23.940","973"
"789","253413","20220824072000","560","2","花蓮縣","吉安鄉","121.575","23.945","701"
"1363","253414","20220824072000","975","2","花蓮縣","吉安鄉","121.585","23.975","1396"
"228","253433","20220824072000","199","1","花蓮縣","吉安鄉","121.550","23.945","213"
"160","253436","20220824072000","111","2","花蓮縣","吉安鄉","121.525","23.945","145"
"31","253450","20220824072000","53","0","花蓮縣","吉安鄉","121.580","23.950","36"
"1428","253452","20220824072000","1035","2","花蓮縣","吉安鄉","121.590","23.950","1316"
"766","253454","20220824072000","636","2","花蓮縣","吉安鄉","121.590","23.955","766"
"533","253463","20220824072000","377","2","花蓮縣","吉安鄉","121.600","23.945","543"
"961","253470","20220824072000","1512","0","花蓮縣","吉安鄉","121.590","23.965","1009"
"1102","253471","20220824072000","577","3","花蓮縣","吉安鄉","121.590","23.970","1095"
"2786","253472","20220824072000","2371","1","花蓮縣","花蓮市","121.590","23.975","2747"
"1079","253475","20220824072000","1045","1","花蓮縣","吉安鄉","121.590","23.980","1083"
"558","253477","20220824072000","518","1","花蓮縣","吉安鄉","121.585","23.985","543"
"320","253478","20220824072000","253","2","花蓮縣","吉安鄉","121.585","23.980","303"
"933","253479","20220824072000","816","1","花蓮縣","花蓮市","121.600","23.985","961"
"389","253480","20220824072000","346","1","花蓮縣","吉安鄉","121.580","23.985","382"
"574","253481","20220824072000","555","1","花蓮縣","吉安鄉","121.585","23.990","569"
"2297","253482","20220824072000","1728","2","花蓮縣","花蓮市","121.595","23.990","2304"
"2058","253484","20220824072000","1254","3","花蓮縣","吉安鄉","121.580","23.970","2032"
"606","253485","20220824072000","563","1","花蓮縣","吉安鄉","121.585","23.970","578"
"122","253506","20220824072000","168","0","花蓮縣","吉安鄉","121.570","23.965","109"
"437","253507","20220824072000","318","2","花蓮縣","吉安鄉","121.575","23.965","451"
"522","253508","20220824072000","408","2","花蓮縣","吉安鄉","121.565","23.970","537"
"64","253517","20220824072000","118","0","花蓮縣","吉安鄉","121.560","23.975","78"
"1356","253520","20220824072000","1088","2","花蓮縣","吉安鄉","121.580","23.975","1381"
"592","253542","20220824072000","523","1","花蓮縣","吉安鄉","121.555","23.990","615"
"74","253545","20220824072000","132","0","花蓮縣","吉安鄉","121.570","23.990","89"
"455","253552","20220824072000","314","2","花蓮縣","吉安鄉","121.570","23.975","438"
"838","253554","20220824072000","432","3","花蓮縣","吉安鄉","121.565","23.980","849"
"1507","253555","20220824072000","1074","2","花蓮縣","吉安鄉","121.570","23.980","1463"
"374","253556","20220824072000","392","0","花蓮縣","吉安鄉","121.575","23.980","404"
"30","253557","20220824072000","30","1","花蓮縣","吉安鄉","121.555","23.985","30"
"724","253559","20220824072000","369","3","花蓮縣","吉安鄉","121.565","23.985","737"
"332","253561","20220824072000","173","3","花蓮縣","吉安鄉","121.605","23.955","330"
"691","253562","20220824072000","469","2","花蓮縣","吉安鄉","121.595","23.960","717"
"515","253563","20220824072000","402","2","花蓮縣","吉安鄉","121.600","23.960","537"
"1679","253565","20220824072000","1720","0","花蓮縣","吉安鄉","121.595","23.965","1635"
"489","253569","20220824072000","544","0","花蓮縣","吉安鄉","121.575","23.985","530"
"454","253575","20220824072000","294","3","花蓮縣","吉安鄉","121.570","23.940","448"
"629","253584","20220824072000","588","1","花蓮縣","吉安鄉","121.560","23.950","670"
"890","253594","20220824072000","727","2","花蓮縣","吉安鄉","121.550","23.965","913"
"63","253595","20220824072000","40","3","花蓮縣","吉安鄉","121.555","23.965","56"
"898","253596","20220824072000","776","1","花蓮縣","吉安鄉","121.560","23.965","910"
"1284","253597","20220824072000","642","3","花蓮縣","吉安鄉","121.565","23.965","1212"
"465","253603","20220824072000","283","3","花蓮縣","吉安鄉","121.560","23.970","475"
"487","253608","20220824072000","252","3","花蓮縣","吉安鄉","121.580","23.955","479"
"979","253609","20220824072000","838","1","花蓮縣","吉安鄉","121.570","23.960","892"
"501","253611","20220824072000","460","1","花蓮縣","吉安鄉","121.580","23.960","496"
"289","253627","20220824072000","287","1","花蓮縣","吉安鄉","121.535","23.930","320"
"639","253648","20220824072000","553","1","花蓮縣","花蓮市","121.625","23.985","658"
"1207","253649","20220824072000","1365","0","花蓮縣","花蓮市","121.620","24.005","1264"
"80","253650","20220824072000","60","2","彰化縣","二林鎮","120.420","23.955","75"
"85","253656","20220824072000","84","1","彰化縣","二林鎮","120.415","23.965","90"
"55","253670","20220824072000","267","0","彰化縣","二林鎮","120.440","23.930","53"
"1925","253672","20220824072000","1627","1","彰化縣","員林鎮","120.580","23.955","1883"
"644","253673","20220824072000","572","1","彰化縣","員林鎮","120.585","23.955","604"
"501","253675","20220824072000","734","0","彰化縣","員林鎮","120.565","23.950","510"
"369","253677","20220824072000","343","1","彰化縣","埔心鄉","120.560","23.940","407"
"806","253681","20220824072000","723","1","彰化縣","員林鎮","120.565","23.945","816"
"11","253686","20220824072000","13","0","彰化縣","員林鎮","120.610","23.980","13"
"1741","253688","20220824072000","1829","0","彰化縣","員林鎮","120.570","23.960","1693"
"2784","253689","20220824072000","2662","1","彰化縣","員林鎮","120.570","23.955","2616"
"240","253764","20220824072000","185","2","花蓮縣","秀林鄉","121.505","23.960","236"
"146","253789","20220824072000","86","3","花蓮縣","秀林鄉","121.495","23.965","155"
"1638","254233","20220824072000","1808","0","花蓮縣","花蓮市","121.605","23.975","1684"
"2690","254234","20220824072000","2367","1","花蓮縣","花蓮市","121.600","23.975","2683"
"1752","254236","20220824072000","1425","2","花蓮縣","花蓮市","121.625","23.990","1680"
"829","254237","20220824072000","847","0","花蓮縣","花蓮市","121.630","23.985","865"
"1361","254238","20220824072000","1168","1","花蓮縣","花蓮市","121.630","23.990","1372"
"2479","254240","20220824072000","2220","1","花蓮縣","花蓮市","121.635","23.995","2455"
"67","254242","20220824072000","41","3","南投縣","國姓鄉","120.880","23.970","64"
"29","254247","20220824072000","285","0","南投縣","國姓鄉","120.875","23.975","29"
"249","254260","20220824072000","234","1","南投縣","國姓鄉","120.870","23.985","265"
"54","254328","20220824072000","44","2","南投縣","國姓鄉","120.830","23.945","57"
"13","254346","20220824072000","82","0","南投縣","國姓鄉","120.865","23.950","106"
"25","254349","20220824072000","32","0","南投縣","中寮鄉","120.830","23.955","39"
"33","254374","20220824072000","24","2","南投縣","國姓鄉","120.860","23.960","30"
"70","254379","20220824072000","26","3","南投縣","中寮鄉","120.835","23.965","63"
"182","254397","20220824072000","141","2","南投縣","國姓鄉","120.865","23.975","188"
"819","254400","20220824072000","641","2","南投縣","埔里鎮","120.970","23.955","828"
"777","254401","20220824072000","454","3","南投縣","埔里鎮","120.990","23.945","777"
"1355","254411","20220824072000","2251","0","南投縣","埔里鎮","120.975","23.955","1242"
"2328","254415","20220824072000","1681","2","南投縣","埔里鎮","120.975","23.960","2226"
"151","254447","20220824072000","156","0","南投縣","埔里鎮","120.925","23.940","133"
"82","254450","20220824072000","40","3","南投縣","埔里鎮","120.940","23.940","60"
"188","254465","20220824072000","353","0","南投縣","埔里鎮","120.915","23.950","142"
"122","254467","20220824072000","640","0","南投縣","埔里鎮","120.925","23.950","128"
"293","254470","20220824072000","278","1","南投縣","埔里鎮","120.940","23.950","286"
"225","254481","20220824072000","141","3","南投縣","埔里鎮","120.915","23.955","245"
"60","254499","20220824072000","69","0","南投縣","埔里鎮","120.995","23.940","47"
"43","254504","20220824072000","382","0","南投縣","埔里鎮","120.970","23.945","448"
"47","254506","20220824072000","317","0","南投縣","埔里鎮","120.980","23.945","494"
"708","254510","20220824072000","423","3","南投縣","埔里鎮","120.965","23.950","607"
"410","254512","20220824072000","494","0","南投縣","埔里鎮","120.975","23.950","398"
"2135","254517","20220824072000","1942","1","南投縣","埔里鎮","120.970","23.970","2170"
"316","254519","20220824072000","212","2","南投縣","埔里鎮","120.975","23.975","316"
"20","254520","20220824072000","102","0","南投縣","埔里鎮","120.970","23.980","23"
"244","254538","20220824072000","139","3","南投縣","中寮鄉","120.790","23.945","237"
"10","254548","20220824072000","11","0","南投縣","中寮鄉","120.790","23.955","14"
"521","254550","20220824072000","1346","0","南投縣","埔里鎮","120.970","23.965","520"
"242","254560","20220824072000","283","0","南投縣","埔里鎮","120.945","23.960","259"
"16","254571","20220824072000","208","0","南投縣","埔里鎮","120.930","23.970","14"
"388","254589","20220824072000","346","1","南投縣","埔里鎮","120.955","24.005","388"
"882","254592","20220824072000","879","1","南投縣","埔里鎮","120.965","23.955","929"
"29","254599","20220824072000","26","1","南投縣","埔里鎮","120.915","23.990","36"
"775","254621","20220824072000","512","3","南投縣","埔里鎮","120.960","23.960","757"
"146","254622","20220824072000","132","1","南投縣","埔里鎮","120.965","23.960","153"
"44","254624","20220824072000","1043","0","南投縣","埔里鎮","120.955","23.965","49"
"72","254627","20220824072000","700","0","南投縣","埔里鎮","120.960","23.970","486"
"673","254629","20220824072000","638","1","南投縣","埔里鎮","120.955","23.975","681"
"755","254633","20220824072000","778","0","南投縣","埔里鎮","120.980","23.980","704"
"36","254641","20220824072000","207","0","南投縣","埔里鎮","120.955","23.955","27"
"444","254658","20220824072000","369","2","南投縣","埔里鎮","120.980","23.990","420"
"218","254675","20220824072000","182","1","南投縣","埔里鎮","120.960","24.000","255"
"32","254680","20220824072000","30","1","南投縣","埔里鎮","120.985","24.000","34"
"381","254705","20220824072000","327","1","南投縣","埔里鎮","120.970","24.005","368"
"194","254706","20220824072000","172","1","南投縣","埔里鎮","120.975","24.005","206"
"765","254712","20220824072000","669","1","花蓮縣","花蓮市","121.610","23.970","728"
"1671","254713","20220824072000","1189","2","花蓮縣","花蓮市","121.600","23.965","1731"
"678","254714","20220824072000","619","1","花蓮縣","花蓮市","121.610","23.985","653"
"1459","254716","20220824072000","1434","1","花蓮縣","花蓮市","121.605","23.980","1513"
"1280","254717","20220824072000","1101","1","花蓮縣","花蓮市","121.600","23.980","1217"
"774","254719","20220824072000","947","0","花蓮縣","花蓮市","121.605","23.985","741"
"24","254721","20220824072000","86","0","花蓮縣","花蓮市","121.600","23.970","25"
"1536","254723","20220824072000","2012","0","花蓮縣","花蓮市","121.605","23.970","1998"
"37","254728","20220824072000","90","0","花蓮縣","花蓮市","121.615","23.985","52"
"1124","254729","20220824072000","1264","0","花蓮縣","花蓮市","121.620","24.000","1107"
"1618","254730","20220824072000","1662","0","花蓮縣","花蓮市","121.625","23.995","1596"
"1061","254732","20220824072000","693","3","花蓮縣","花蓮市","121.615","23.975","1132"
"508","254733","20220824072000","450","1","花蓮縣","花蓮市","121.615","23.980","542"
"1710","254735","20220824072000","1443","1","花蓮縣","吉安鄉","121.590","23.985","1712"
"126","254742","20220824072000","305","0","花蓮縣","花蓮市","121.610","24.005","121"
"34","254743","20220824072000","185","0","花蓮縣","吉安鄉","121.580","23.990","37"
"789","254745","20220824072000","607","2","花蓮縣","吉安鄉","121.590","23.990","778"
"462","254746","20220824072000","772","0","花蓮縣","花蓮市","121.585","23.995","426"
"525","254747","20220824072000","648","0","花蓮縣","花蓮市","121.590","23.995","575"
"1014","254748","20220824072000","1162","0","花蓮縣","花蓮市","121.595","23.995","1186"
"368","254754","20220824072000","433","0","花蓮縣","花蓮市","121.590","24.005","423"
"37","254755","20220824072000","414","0","花蓮縣","花蓮市","121.595","24.005","442"
"1302","254756","20220824072000","1496","0","花蓮縣","花蓮市","121.595","23.970","1444"
"770","254757","20220824072000","618","2","花蓮縣","花蓮市","121.595","23.975","811"
"2397","254766","20220824072000","2332","1","彰化縣","員林鎮","120.570","23.970","2351"
"617","254767","20220824072000","546","1","彰化縣","員林鎮","120.575","23.970","635"
"746","254769","20220824072000","655","1","花蓮縣","花蓮市","121.610","23.975","744"
"1971","254770","20220824072000","1316","2","花蓮縣","花蓮市","121.610","23.980","2060"
"860","254771","20220824072000","734","1","花蓮縣","花蓮市","121.615","24.000","889"
"23","254772","20220824072000","31","0","花蓮縣","花蓮市","121.560","24.000","22"
"185","254777","20220824072000","160","1","花蓮縣","花蓮市","121.575","24.005","198"
"2398","254779","20220824072000","2218","1","花蓮縣","花蓮市","121.600","23.990","2510"
"865","254780","20220824072000","762","1","花蓮縣","花蓮市","121.610","23.990","908"
"2745","254781","20220824072000","2655","1","花蓮縣","花蓮市","121.605","23.990","3004"
"617","254782","20220824072000","572","1","花蓮縣","花蓮市","121.605","23.995","674"
"2850","254783","20220824072000","2884","0","花蓮縣","吉安鄉","121.575","23.990","3017"
"1387","254784","20220824072000","1733","0","花蓮縣","吉安鄉","121.565","23.995","1384"
"476","254785","20220824072000","383","2","花蓮縣","花蓮市","121.570","23.995","484"
"172","254786","20220824072000","499","0","花蓮縣","花蓮市","121.575","23.995","330"
"1111","254789","20220824072000","1177","0","花蓮縣","吉安鄉","121.595","23.985","1122"
"2366","254790","20220824072000","1859","2","花蓮縣","花蓮市","121.600","23.995","2439"
"11","254798","20220824072000","64","0","南投縣","中寮鄉","120.745","23.935","12"
"14","254887","20220824072000","117","0","南投縣","中寮鄉","120.780","23.945","17"
"267","254901","20220824072000","228","1","南投縣","中寮鄉","120.765","23.940","258"
"217","254913","20220824072000","198","1","彰化縣","員林鎮","120.550","23.975","213"
"531","254920","20220824072000","515","1","彰化縣","員林鎮","120.580","23.935","603"
"48","254922","20220824072000","105","0","彰化縣","員林鎮","120.575","23.940","55"
"319","254925","20220824072000","277","1","彰化縣","員林鎮","120.580","23.945","324"
"80","254926","20220824072000","388","0","彰化縣","員林鎮","120.575","23.945","82"
"789","254940","20220824072000","723","1","花蓮縣","花蓮市","121.620","23.985","751"
"692","254941","20220824072000","644","1","花蓮縣","花蓮市","121.615","23.990","705"
"341","254942","20220824072000","368","0","花蓮縣","花蓮市","121.620","23.990","349"
"109","254945","20220824072000","27","3","花蓮縣","花蓮市","121.630","23.995","66"
"86","254950","20220824072000","76","1","花蓮縣","花蓮市","121.645","24.005","89"
"607","254952","20220824072000","537","1","彰化縣","埔心鄉","120.520","23.965","589"
"30","254964","20220824072000","86","0","彰化縣","芳苑鄉","120.325","23.940","29"
"341","254974","20220824072000","207","3","彰化縣","芳苑鄉","120.330","23.940","345"
"1808","255019","20220824072000","1420","2","彰化縣","員林鎮","120.565","23.965","1816"
"127","255021","20220824072000","717","0","彰化縣","員林鎮","120.600","23.965","151"
"65","255024","20220824072000","60","1","彰化縣","員林鎮","120.610","23.970","59"
"398","255030","20220824072000","354","1","彰化縣","埔心鄉","120.530","23.940","384"
"27","255038","20220824072000","580","0","彰化縣","埔鹽鄉","120.480","23.990","25"
"215","255039","20220824072000","174","2","彰化縣","埔鹽鄉","120.500","23.975","265"
"126","255044","20220824072000","239","0","南投縣","南投市","120.700","23.930","138"
"266","255046","20220824072000","223","1","南投縣","南投市","120.635","23.935","258"
"208","255053","20220824072000","159","2","南投縣","南投市","120.635","23.945","206"
"616","255063","20220824072000","683","0","彰化縣","永靖鄉","120.555","23.935","617"
"36","255064","20220824072000","374","0","彰化縣","永靖鄉","120.560","23.930","51"
"546","255065","20220824072000","537","1","彰化縣","員林鎮","120.555","23.960","576"
"361","255068","20220824072000","189","3","彰化縣","員林鎮","120.560","23.965","366"
"462","255069","20220824072000","373","2","彰化縣","員林鎮","120.555","23.970","470"
"1511","255073","20220824072000","1370","1","南投縣","南投市","120.690","23.945","1595"
"1107","255074","20220824072000","1146","0","南投縣","南投市","120.690","23.950","1108"
"41","255075","20220824072000","209","0","南投縣","南投市","120.685","23.950","37"
"46","255078","20220824072000","309","0","南投縣","南投市","120.675","23.945","45"
"53","255079","20220824072000","555","0","南投縣","南投市","120.680","23.945","33"
"165","255081","20220824072000","160","1","南投縣","草屯鎮","120.675","23.950","189"
"344","255088","20220824072000","312","1","南投縣","南投市","120.660","23.935","321"
"237","255092","20220824072000","338","0","南投縣","南投市","120.665","23.940","254"
"314","255094","20220824072000","161","3","南投縣","南投市","120.650","23.945","303"
"15","255100","20220824072000","140","0","南投縣","南投市","120.655","23.950","10"
"165","255107","20220824072000","189","0","南投縣","南投市","120.650","23.955","158"
"334","255130","20220824072000","225","2","彰化縣","芳苑鄉","120.315","23.930","336"
"16","255153","20220824072000","144","0","彰化縣","芳苑鄉","120.380","23.940","15"
"666","255158","20220824072000","495","2","彰化縣","芳苑鄉","120.380","23.955","635"
"169","255176","20220824072000","462","0","彰化縣","埔心鄉","120.555","23.940","182"
"1302","255177","20220824072000","1270","1","彰化縣","埔心鄉","120.540","23.950","1254"
"34","255178","20220824072000","592","0","彰化縣","埔心鄉","120.545","23.950","34"
"85","255179","20220824072000","74","1","彰化縣","埔心鄉","120.540","23.955","85"
"331","255199","20220824072000","266","2","彰化縣","二林鎮","120.420","23.950","349"
"351","255210","20220824072000","386","0","彰化縣","永靖鄉","120.550","23.930","367"
"272","255220","20220824072000","364","0","彰化縣","大村鄉","120.585","23.990","290"
"718","255222","20220824072000","957","0","彰化縣","大村鄉","120.580","23.995","704"
"58","255227","20220824072000","70","0","彰化縣","大村鄉","120.590","23.995","72"
"26","255230","20220824072000","42","0","彰化縣","大村鄉","120.605","23.995","24"
"158","255232","20220824072000","356","0","彰化縣","大村鄉","120.595","24.000","144"
"516","255234","20220824072000","541","0","彰化縣","大村鄉","120.570","23.975","527"
"654","255238","20220824072000","502","2","彰化縣","大村鄉","120.535","24.000","639"
"17","255239","20220824072000","196","0","彰化縣","大村鄉","120.540","24.000","18"
"283","255251","20220824072000","236","1","彰化縣","埔心鄉","120.515","23.970","321"
"50","255257","20220824072000","64","0","彰化縣","埔心鄉","120.540","23.965","70"
"492","255261","20220824072000","297","3","彰化縣","埔心鄉","120.555","23.950","446"
"153","255262","20220824072000","166","0","彰化縣","埔心鄉","120.550","23.955","146"
"379","255263","20220824072000","327","1","彰化縣","埔心鄉","120.555","23.955","394"
"15","255264","20220824072000","314","0","彰化縣","埔心鄉","120.545","23.960","12"
"803","255265","20220824072000","62","3","彰化縣","埔心鄉","120.560","23.945","776"
"466","255266","20220824072000","235","3","彰化縣","埔心鄉","120.550","23.945","462"
"408","255267","20220824072000","369","1","彰化縣","埔心鄉","120.555","23.945","432"
"146","255273","20220824072000","111","2","彰化縣","埔心鄉","120.515","23.940","146"
"207","255276","20220824072000","174","1","彰化縣","埔心鄉","120.525","23.950","246"
"1006","255277","20220824072000","671","2","彰化縣","埔心鄉","120.525","23.945","1004"
"298","255284","20220824072000","285","1","彰化縣","埔心鄉","120.520","23.945","321"
"668","255287","20220824072000","377","3","彰化縣","埔心鄉","120.515","23.950","606"
"145","255292","20220824072000","323","0","南投縣","埔里鎮","120.935","23.995","192"
"17","255303","20220824072000","74","0","南投縣","埔里鎮","120.945","24.000","18"
"265","255308","20220824072000","169","3","南投縣","埔里鎮","120.940","24.005","267"
"125","255309","20220824072000","282","0","南投縣","埔里鎮","120.945","24.005","136"
"560","255312","20220824072000","468","1","彰化縣","溪湖鎮","120.495","23.965","512"
"449","255322","20220824072000","453","0","彰化縣","溪湖鎮","120.510","23.970","538"
"1149","255326","20220824072000","624","3","彰化縣","大村鄉","120.545","23.995","1108"
"388","255337","20220824072000","359","1","彰化縣","大村鄉","120.555","24.000","427"
"613","255339","20220824072000","498","2","彰化縣","大村鄉","120.550","24.005","588"
"28","255345","20220824072000","394","0","彰化縣","大村鄉","120.580","24.000","18"
"103","255351","20220824072000","77","2","彰化縣","大村鄉","120.585","24.000","101"
"400","255359","20220824072000","362","1","彰化縣","大村鄉","120.550","23.980","447"
"1313","255361","20220824072000","1157","1","彰化縣","大村鄉","120.565","23.980","1218"
"479","255365","20220824072000","383","2","彰化縣","大村鄉","120.540","23.975","483"
"71","255366","20220824072000","84","0","彰化縣","大村鄉","120.520","23.980","70"
"24","255371","20220824072000","94","0","彰化縣","芳苑鄉","120.355","23.935","16"
"265","255379","20220824072000","97","3","彰化縣","芳苑鄉","120.365","23.940","241"
"53","255396","20220824072000","286","0","彰化縣","芳苑鄉","120.350","23.975","65"
"591","255400","20220824072000","249","3","彰化縣","芳苑鄉","120.345","23.980","574"
"294","255443","20220824072000","215","2","彰化縣","芳苑鄉","120.390","23.980","271"
"113","255448","20220824072000","94","2","彰化縣","芳苑鄉","120.385","23.985","110"
"1683","255463","20220824072000","1417","1","南投縣","埔里鎮","120.975","23.970","1591"
"48","255464","20220824072000","308","0","彰化縣","埔心鄉","120.560","23.950","54"
"332","255466","20220824072000","323","1","南投縣","南投市","120.695","23.940","351"
"563","255472","20220824072000","595","0","南投縣","南投市","120.695","23.945","622"
"34","255475","20220824072000","35","0","南投縣","南投市","120.700","23.950","41"
"354","255480","20220824072000","606","0","南投縣","南投市","120.695","23.950","470"
"197","255482","20220824072000","184","1","南投縣","南投市","120.690","23.955","204"
"49","255490","20220824072000","226","0","南投縣","南投市","120.690","23.930","54"
"1268","255491","20220824072000","898","2","南投縣","南投市","120.695","23.930","1394"
"300","255494","20220824072000","666","0","南投縣","南投市","120.690","23.935","322"
"603","255496","20220824072000","492","2","南投縣","南投市","120.700","23.935","600"
"42","255498","20220824072000","471","0","南投縣","南投市","120.710","23.935","48"
"201","255525","20220824072000","783","0","彰化縣","芳苑鄉","120.335","23.960","191"
"109","255535","20220824072000","94","1","彰化縣","芳苑鄉","120.360","23.970","96"
"138","255545","20220824072000","120","1","彰化縣","二林鎮","120.385","23.945","161"
"166","255549","20220824072000","156","1","彰化縣","芳苑鄉","120.385","23.955","149"
"168","255550","20220824072000","115","2","彰化縣","芳苑鄉","120.390","23.955","174"
"196","255551","20220824072000","149","2","彰化縣","芳苑鄉","120.395","23.955","225"
"133","255559","20220824072000","111","1","彰化縣","芳苑鄉","120.385","23.970","139"
"71","255593","20220824072000","66","1","南投縣","國姓鄉","120.855","23.995","68"
"293","255626","20220824072000","240","2","南投縣","國姓鄉","120.840","24.005","296"
"39","255633","20220824072000","300","0","南投縣","國姓鄉","120.815","24.000","36"
"181","255636","20220824072000","89","3","南投縣","國姓鄉","120.815","24.005","194"
"20","255646","20220824072000","376","0","南投縣","埔里鎮","120.955","23.995","14"
"372","255647","20220824072000","215","3","南投縣","埔里鎮","120.960","23.965","354"
"14","255663","20220824072000","156","0","南投縣","埔里鎮","121.000","23.955","12"
"234","255680","20220824072000","204","1","南投縣","埔里鎮","121.000","23.965","275"
"755","255708","20220824072000","799","0","南投縣","埔里鎮","120.995","23.975","740"
"285","255724","20220824072000","143","3","南投縣","埔里鎮","121.005","23.980","230"
"95","255748","20220824072000","151","0","南投縣","埔里鎮","121.020","23.990","83"
"132","255778","20220824072000","100","2","南投縣","仁愛鄉","121.040","24.000","90"
"52","255784","20220824072000","48","1","南投縣","埔里鎮","121.055","24.000","40"
"771","255785","20220824072000","993","0","南投縣","埔里鎮","120.965","23.965","760"
"31","255786","20220824072000","49","0","南投縣","埔里鎮","120.965","23.970","50"
"309","255794","20220824072000","237","2","南投縣","埔里鎮","120.990","23.930","316"
"790","255798","20220824072000","583","2","彰化縣","埔鹽鄉","120.485","24.005","755"
"589","255803","20220824072000","401","2","彰化縣","埔鹽鄉","120.475","23.995","535"
"848","255804","20220824072000","624","2","彰化縣","埔鹽鄉","120.480","23.995","882"
"271","255810","20220824072000","162","3","彰化縣","埔鹽鄉","120.455","24.010","268"
"20","255814","20220824072000","453","0","彰化縣","埔鹽鄉","120.430","23.980","17"
"321","255817","20220824072000","239","2","彰化縣","埔鹽鄉","120.445","23.960","327"
"335","255822","20220824072000","159","3","彰化縣","埔鹽鄉","120.440","23.975","354"
"584","255835","20220824072000","592","0","彰化縣","埔鹽鄉","120.465","24.000","732"
"233","255836","20220824072000","161","2","彰化縣","埔鹽鄉","120.460","24.005","228"
"673","255841","20220824072000","456","2","彰化縣","花壇鄉","120.575","24.005","695"
"326","255861","20220824072000","121","3","彰化縣","埔鹽鄉","120.450","23.985","338"
"40","255868","20220824072000","339","0","彰化縣","埔鹽鄉","120.445","23.985","38"
"323","255875","20220824072000","237","2","彰化縣","埔鹽鄉","120.465","23.970","361"
"247","255894","20220824072000","213","1","彰化縣","埔鹽鄉","120.490","23.990","224"
"14","255901","20220824072000","252","0","彰化縣","埔鹽鄉","120.490","23.975","17"
"48","255903","20220824072000","460","0","彰化縣","埔鹽鄉","120.480","23.980","38"
"633","255912","20220824072000","471","2","彰化縣","大村鄉","120.530","23.990","624"
"543","255913","20220824072000","444","2","彰化縣","大村鄉","120.535","23.990","568"
"1073","255917","20220824072000","1030","1","彰化縣","大村鄉","120.555","23.990","1028"
"187","255920","20220824072000","498","0","彰化縣","大村鄉","120.575","23.985","216"
"447","255921","20220824072000","410","1","彰化縣","大村鄉","120.580","23.985","448"
"445","255923","20220824072000","540","0","彰化縣","大村鄉","120.590","23.985","446"
"116","255924","20220824072000","83","2","彰化縣","大村鄉","120.595","23.985","105"
"165","255941","20220824072000","132","2","彰化縣","大村鄉","120.540","23.980","157"
"529","255950","20220824072000","357","2","彰化縣","大村鄉","120.510","23.985","457"
"305","255953","20220824072000","194","3","彰化縣","大村鄉","120.520","23.985","356"
"153","255956","20220824072000","1201","0","彰化縣","大村鄉","120.560","23.990","144"
"46","255962","20220824072000","36","2","彰化縣","埔鹽鄉","120.430","23.995","52"
"455","255975","20220824072000","239","3","彰化縣","埔鹽鄉","120.420","23.990","414"
"102","255987","20220824072000","522","0","彰化縣","埔鹽鄉","120.450","24.005","85"
"365","256002","20220824072000","566","0","南投縣","埔里鎮","120.945","23.965","332"
"83","256004","20220824072000","1009","0","南投縣","埔里鎮","120.945","23.970","74"
"73","256025","20220824072000","59","2","南投縣","埔里鎮","120.890","23.955","74"
"991","256042","20220824072000","1030","0","南投縣","埔里鎮","120.945","23.975","970"
"510","256043","20220824072000","458","1","南投縣","埔里鎮","120.925","23.980","471"
"59","256061","20220824072000","66","0","彰化縣","員林鎮","120.605","23.950","59"
"1025","256062","20220824072000","763","2","彰化縣","員林鎮","120.605","23.955","1050"
"48","256063","20220824072000","467","0","南投縣","南投市","120.670","23.930","48"
"35","256065","20220824072000","333","0","南投縣","南投市","120.675","23.935","45"
"27","256071","20220824072000","26","1","南投縣","南投市","120.730","23.930","25"
"419","256085","20220824072000","264","3","南投縣","南投市","120.660","23.930","426"
"205","256086","20220824072000","195","1","南投縣","南投市","120.665","23.930","196"
"571","256089","20220824072000","507","1","南投縣","南投市","120.670","23.940","572"
"323","256091","20220824072000","288","1","彰化縣","員林鎮","120.570","23.965","312"
"1303","256092","20220824072000","1633","0","彰化縣","員林鎮","120.575","23.965","1303"
"1980","256094","20220824072000","1772","1","彰化縣","員林鎮","120.580","23.960","1929"
"13","256095","20220824072000","17","0","彰化縣","員林鎮","120.585","23.960","13"
"2206","256096","20220824072000","1445","3","彰化縣","員林鎮","120.580","23.965","2167"
"113","256144","20220824072000","123","0","南投縣","仁愛鄉","121.080","23.995","136"
"137","256164","20220824072000","125","1","南投縣","仁愛鄉","121.085","24.000","149"
"86","256180","20220824072000","66","2","南投縣","仁愛鄉","121.130","23.980","88"
"393","256187","20220824072000","272","2","南投縣","仁愛鄉","121.100","23.990","420"
"92","256354","20220824072000","49","3","南投縣","仁愛鄉","121.075","23.930","85"
"172","256404","20220824072000","126","2","南投縣","仁愛鄉","121.075","23.950","163"
"25","256598","20220824072000","16","3","南投縣","仁愛鄉","121.120","23.950","22"
"62","256646","20220824072000","31","3","南投縣","仁愛鄉","121.180","23.955","50"
"129","256716","20220824072000","71","3","南投縣","仁愛鄉","121.130","23.960","113"
"93","256953","20220824072000","1432","0","彰化縣","員林鎮","120.575","23.950","102"
"772","256956","20220824072000","536","2","彰化縣","員林鎮","120.595","23.960","745"
"44","256962","20220824072000","41","1","彰化縣","員林鎮","120.615","23.950","60"
"40","256968","20220824072000","170","0","彰化縣","員林鎮","120.625","23.955","38"
"23","256971","20220824072000","235","0","彰化縣","員林鎮","120.550","23.965","19"
"146","256976","20220824072000","151","0","彰化縣","員林鎮","120.605","23.945","113"
"68","256977","20220824072000","70","0","彰化縣","員林鎮","120.610","23.945","88"
"131","256978","20220824072000","155","0","彰化縣","員林鎮","120.615","23.945","149"
"1261","256982","20220824072000","1348","0","彰化縣","員林鎮","120.565","23.955","1288"
"1524","256983","20220824072000","1482","1","彰化縣","員林鎮","120.565","23.960","1520"
"536","256986","20220824072000","337","3","彰化縣","員林鎮","120.595","23.975","468"
"597","256988","20220824072000","467","2","彰化縣","大村鄉","120.590","23.980","587"
"1665","256995","20220824072000","1274","2","彰化縣","員林鎮","120.575","23.955","1669"
"78","256996","20220824072000","69","1","彰化縣","員林鎮","120.595","23.935","94"
"78","256997","20220824072000","478","0","彰化縣","員林鎮","120.605","23.935","84"
"47","257007","20220824072000","61","0","彰化縣","員林鎮","120.620","23.940","52"
"293","257021","20220824072000","279","1","彰化縣","二林鎮","120.415","23.955","280"
"109","257028","20220824072000","82","2","彰化縣","二林鎮","120.430","23.955","107"
"492","257055","20220824072000","387","2","彰化縣","二林鎮","120.400","23.930","494"
"744","257083","20220824072000","639","1","南投縣","草屯鎮","120.670","23.950","839"
"213","257088","20220824072000","1113","0","南投縣","草屯鎮","120.680","23.960","219"
"95","257089","20220824072000","855","0","南投縣","草屯鎮","120.680","23.965","89"
"48","257092","20220824072000","585","0","彰化縣","員林鎮","120.570","23.945","47"
"542","257094","20220824072000","487","1","彰化縣","員林鎮","120.590","23.950","494"
"268","257095","20220824072000","213","2","彰化縣","員林鎮","120.595","23.950","300"
"1076","257097","20220824072000","966","1","彰化縣","員林鎮","120.570","23.950","1056"
"67","257100","20220824072000","547","0","彰化縣","員林鎮","120.585","23.970","79"
"460","257103","20220824072000","319","2","彰化縣","二林鎮","120.455","23.930","467"
"194","257115","20220824072000","143","2","彰化縣","二林鎮","120.445","23.945","211"
"959","257118","20220824072000","742","2","彰化縣","二林鎮","120.440","23.950","949"
"532","257124","20220824072000","594","0","彰化縣","員林鎮","120.590","23.940","517"
"233","257135","20220824072000","218","1","彰化縣","埔心鄉","120.510","23.940","214"
"16","257145","20220824072000","344","0","彰化縣","溪湖鎮","120.485","23.940","14"
"285","257149","20220824072000","255","1","彰化縣","溪湖鎮","120.480","23.955","340"
"175","257152","20220824072000","1085","0","南投縣","草屯鎮","120.685","23.975","203"
"675","257154","20220824072000","605","1","南投縣","草屯鎮","120.725","23.980","680"
"74","257160","20220824072000","77","0","南投縣","草屯鎮","120.720","23.990","70"
"119","257162","20220824072000","126","0","南投縣","草屯鎮","120.730","23.990","139"
"485","257166","20220824072000","349","2","南投縣","草屯鎮","120.680","23.970","583"
"2484","257168","20220824072000","1896","2","南投縣","草屯鎮","120.680","23.980","2026"
"425","257173","20220824072000","413","1","南投縣","草屯鎮","120.665","24.000","446"
"566","257176","20220824072000","383","2","南投縣","草屯鎮","120.650","24.005","655"
"314","257181","20220824072000","316","0","南投縣","草屯鎮","120.725","23.995","307"
"358","257193","20220824072000","250","2","南投縣","草屯鎮","120.730","24.000","290"
"627","257213","20220824072000","480","2","彰化縣","溪湖鎮","120.450","23.955","592"
"680","257215","20220824072000","494","2","彰化縣","溪湖鎮","120.460","23.955","565"
"351","257229","20220824072000","252","2","南投縣","草屯鎮","120.750","23.980","326"
"330","257235","20220824072000","354","0","南投縣","草屯鎮","120.750","23.985","310"
"66","257245","20220824072000","39","3","南投縣","草屯鎮","120.720","23.955","52"
"118","257251","20220824072000","102","1","南投縣","中寮鄉","120.750","23.955","135"
"32","257266","20220824072000","31","1","南投縣","草屯鎮","120.740","23.965","27"
"186","257267","20220824072000","152","2","南投縣","草屯鎮","120.745","23.965","171"
"113","257273","20220824072000","93","2","南投縣","草屯鎮","120.705","23.960","120"
"1030","257282","20220824072000","756","2","南投縣","草屯鎮","120.705","23.975","1092"
"456","257285","20220824072000","472","0","南投縣","草屯鎮","120.695","23.980","459"
"1446","257286","20220824072000","1446","1","南投縣","草屯鎮","120.700","23.980","1460"
"837","257289","20220824072000","745","1","南投縣","草屯鎮","120.715","23.980","872"
"790","257294","20220824072000","659","1","南投縣","南投市","120.685","23.955","801"
"80","257295","20220824072000","619","0","南投縣","草屯鎮","120.685","23.960","73"
"1822","257299","20220824072000","1483","2","南投縣","草屯鎮","120.690","23.965","1784"
"11","257300","20220824072000","18","0","南投縣","草屯鎮","120.695","23.965","16"
"163","257307","20220824072000","157","1","南投縣","草屯鎮","120.775","23.985","156"
"66","257320","20220824072000","81","0","南投縣","草屯鎮","120.765","23.995","56"
"367","257342","20220824072000","439","0","南投縣","草屯鎮","120.700","23.985","345"
"21","257346","20220824072000","21","1","南投縣","草屯鎮","120.705","23.990","21"
"176","257348","20220824072000","222","0","南投縣","草屯鎮","120.715","23.990","159"
"164","257349","20220824072000","1031","0","南投縣","草屯鎮","120.690","23.995","187"
"180","257351","20220824072000","151","1","南投縣","草屯鎮","120.700","23.995","186"
"515","257354","20220824072000","542","0","南投縣","草屯鎮","120.715","23.995","510"
"472","257356","20220824072000","323","2","南投縣","草屯鎮","120.695","23.995","478"
"814","257362","20220824072000","623","2","南投縣","草屯鎮","120.695","24.000","786"
"259","257365","20220824072000","206","2","南投縣","草屯鎮","120.710","24.000","202"
"60","257366","20220824072000","130","0","南投縣","草屯鎮","120.670","23.960","55"
"395","257368","20220824072000","267","2","南投縣","草屯鎮","120.675","23.965","404"
"268","257369","20220824072000","196","2","南投縣","草屯鎮","120.670","23.970","258"
"547","257370","20220824072000","403","2","南投縣","草屯鎮","120.670","23.975","546"
"352","257373","20220824072000","279","2","南投縣","草屯鎮","120.675","23.980","377"
"852","257376","20220824072000","1229","0","南投縣","草屯鎮","120.680","23.985","858"
"295","257377","20220824072000","257","1","南投縣","草屯鎮","120.670","23.990","302"
"31","257381","20220824072000","226","0","南投縣","草屯鎮","120.670","23.995","31"
"231","257386","20220824072000","141","3","南投縣","草屯鎮","120.685","23.990","222"
"457","257387","20220824072000","380","2","南投縣","草屯鎮","120.680","23.995","476"
"47","257389","20220824072000","358","0","南投縣","草屯鎮","120.680","24.000","42"
"519","257396","20220824072000","396","2","南投縣","草屯鎮","120.680","24.005","489"
"88","257400","20220824072000","721","0","南投縣","草屯鎮","120.685","23.985","79"
"1009","257401","20220824072000","904","1","南投縣","草屯鎮","120.685","23.980","998"
"67","257403","20220824072000","180","0","南投縣","草屯鎮","120.640","23.995","78"
"316","257407","20220824072000","383","0","南投縣","草屯鎮","120.660","23.995","318"
"53","257410","20220824072000","232","0","南投縣","草屯鎮","120.650","23.995","36"
"154","257415","20220824072000","135","1","南投縣","草屯鎮","120.655","23.965","159"
"772","257418","20220824072000","600","2","南投縣","草屯鎮","120.650","23.970","742"
"455","257422","20220824072000","315","2","南投縣","草屯鎮","120.650","23.975","473"
"324","257424","20220824072000","246","2","南投縣","草屯鎮","120.660","23.975","315"
"530","257425","20220824072000","468","1","南投縣","草屯鎮","120.665","23.975","533"
"70","257426","20220824072000","281","0","南投縣","草屯鎮","120.650","23.980","70"
"143","257429","20220824072000","657","0","南投縣","草屯鎮","120.665","23.950","139"
"67","257438","20220824072000","324","0","南投縣","草屯鎮","120.660","23.960","60"
"146","257439","20220824072000","196","0","南投縣","草屯鎮","120.665","23.960","159"
"254","257496","20220824072000","233","1","南投縣","草屯鎮","120.795","23.985","261"
"249","257505","20220824072000","193","2","南投縣","草屯鎮","120.795","23.990","206"
"241","257522","20220824072000","149","3","南投縣","草屯鎮","120.800","24.000","207"
"79","257550","20220824072000","276","0","彰化縣","福興鄉","120.410","24.005","68"
"123","257580","20220824072000","91","2","彰化縣","芳苑鄉","120.400","23.995","148"
"508","257591","20220824072000","402","2","彰化縣","芳苑鄉","120.365","24.000","482"
"252","257595","20220824072000","203","2","彰化縣","芳苑鄉","120.385","24.000","245"
"407","257609","20220824072000","333","2","彰化縣","芳苑鄉","120.370","24.005","430"
"263","257631","20220824072000","157","3","彰化縣","芳苑鄉","120.340","23.965","248"
"85","257632","20220824072000","619","0","彰化縣","芳苑鄉","120.345","23.965","85"
"22","257638","20220824072000","23","0","彰化縣","芳苑鄉","120.325","23.970","26"
"192","257669","20220824072000","949","0","彰化縣","秀水鄉","120.510","23.995","195"
"548","257680","20220824072000","420","2","彰化縣","秀水鄉","120.520","24.000","585"
"240","257685","20220824072000","159","3","彰化縣","福興鄉","120.490","24.010","258"
"1023","257686","20220824072000","802","2","彰化縣","福興鄉","120.495","24.010","1010"
"28","257694","20220824072000","19","2","彰化縣","芬園鄉","120.605","24.005","29"
"351","257699","20220824072000","215","3","彰化縣","溪湖鎮","120.490","23.950","323"
"546","257700","20220824072000","556","0","彰化縣","溪湖鎮","120.495","23.950","552"
"1151","257703","20220824072000","691","3","彰化縣","溪湖鎮","120.475","23.960","1154"
"361","257704","20220824072000","270","2","彰化縣","溪湖鎮","120.465","23.965","389"
"1592","257708","20220824072000","1617","0","彰化縣","溪湖鎮","120.480","23.960","1563"
"465","257713","20220824072000","325","2","彰化縣","溪湖鎮","120.485","23.935","476"
"13","257720","20220824072000","17","0","彰化縣","溪湖鎮","120.500","23.940","29"
"28","257725","20220824072000","246","0","彰化縣","溪湖鎮","120.505","23.950","41"
"147","257726","20220824072000","154","0","彰化縣","溪湖鎮","120.510","23.950","145"
"495","257727","20220824072000","380","2","彰化縣","溪湖鎮","120.490","23.955","451"
"43","257728","20220824072000","80","0","彰化縣","溪湖鎮","120.495","23.955","45"
"347","257729","20220824072000","550","0","彰化縣","溪湖鎮","120.485","23.960","363"
"268","257731","20220824072000","295","0","彰化縣","溪湖鎮","120.495","23.960","305"
"297","257733","20220824072000","413","0","彰化縣","溪湖鎮","120.490","23.965","333"
"488","257734","20220824072000","485","1","彰化縣","溪湖鎮","120.485","23.970","479"
"289","257750","20220824072000","265","1","彰化縣","芬園鄉","120.625","23.965","282"
"234","257766","20220824072000","297","0","彰化縣","溪湖鎮","120.475","23.950","225"
"610","257767","20220824072000","791","0","彰化縣","溪湖鎮","120.475","23.955","670"
"274","257778","20220824072000","204","2","彰化縣","溪湖鎮","120.475","23.970","257"
"810","257781","20220824072000","693","1","彰化縣","溪湖鎮","120.470","23.980","783"
"183","257784","20220824072000","166","1","南投縣","草屯鎮","120.670","23.980","188"
"72","257785","20220824072000","449","0","南投縣","草屯鎮","120.650","23.985","81"
"313","257788","20220824072000","440","0","南投縣","草屯鎮","120.665","23.985","308"
"287","257792","20220824072000","273","1","南投縣","草屯鎮","120.665","23.990","285"
"28","257795","20220824072000","460","0","彰化縣","社頭鄉","120.605","23.930","30"
"102","257797","20220824072000","139","0","彰化縣","社頭鄉","120.615","23.930","115"
"75","257798","20220824072000","46","3","彰化縣","社頭鄉","120.620","23.930","78"
"399","257802","20220824072000","294","2","彰化縣","芬園鄉","120.630","23.995","375"
"17","257808","20220824072000","11","3","彰化縣","芬園鄉","120.615","24.005","17"
"1363","257810","20220824072000","1103","2","彰化縣","芬園鄉","120.630","24.010","1399"
"16","257812","20220824072000","212","0","彰化縣","芬園鄉","120.640","24.010","22"
"37","257813","20220824072000","33","1","彰化縣","芬園鄉","120.645","24.010","34"
"323","257817","20220824072000","212","3","彰化縣","埔鹽鄉","120.425","23.995","344"
"21","257823","20220824072000","192","0","彰化縣","埔鹽鄉","120.430","24.005","29"
"241","257824","20220824072000","176","2","彰化縣","福興鄉","120.420","24.010","265"
"24","257825","20220824072000","13","3","彰化縣","福興鄉","120.425","24.010","16"
"190","257827","20220824072000","832","0","彰化縣","秀水鄉","120.515","24.010","185"
"267","257834","20220824072000","184","2","彰化縣","芬園鄉","120.620","23.980","280"
"233","257851","20220824072000","156","2","彰化縣","芬園鄉","120.610","23.995","246"
"77","257857","20220824072000","72","1","彰化縣","芬園鄉","120.625","24.000","90"
"13","257867","20220824072000","189","0","彰化縣","芬園鄉","120.645","23.965","19"
"472","257871","20220824072000","338","2","彰化縣","芬園鄉","120.640","23.975","483"
"11","257882","20220824072000","316","0","彰化縣","花壇鄉","120.550","24.010","16"
"39","257884","20220824072000","46","0","彰化縣","花壇鄉","120.570","24.010","42"
"555","257886","20220824072000","557","0","彰化縣","社頭鄉","120.575","23.930","555"
"395","257898","20220824072000","358","1","南投縣","草屯鎮","120.730","23.975","396"
"297","257902","20220824072000","219","2","南投縣","草屯鎮","120.735","23.980","300"
"559","257907","20220824072000","1274","0","彰化縣","溪湖鎮","120.480","23.965","582"
"23","257908","20220824072000","369","0","彰化縣","溪湖鎮","120.480","23.970","24"
"512","263412","20220824072000","1225","0","臺中市","霧峰區","120.690","24.045","554"
"205","263414","20220824072000","132","3","臺中市","霧峰區","120.685","24.050","190"
"174","263420","20220824072000","140","2","臺中市","霧峰區","120.705","24.045","142"
"24","263428","20220824072000","26","0","臺中市","霧峰區","120.705","24.055","31"
"432","263432","20220824072000","418","1","臺中市","霧峰區","120.705","24.060","409"
"39","263433","20220824072000","389","0","臺中市","霧峰區","120.710","24.060","40"
"38","263450","20220824072000","306","0","臺中市","霧峰區","120.700","24.020","37"
"323","263482","20220824072000","334","0","臺中市","霧峰區","120.700","24.030","323"
"368","263484","20220824072000","334","1","臺中市","霧峰區","120.695","24.035","360"
"278","263486","20220824072000","398","0","臺中市","霧峰區","120.710","24.070","313"
"71","263487","20220824072000","141","0","臺中市","霧峰區","120.715","24.070","60"
"36","263488","20220824072000","41","0","臺中市","霧峰區","120.720","24.070","45"
"318","263490","20220824072000","440","0","臺中市","霧峰區","120.705","24.075","323"
"337","263491","20220824072000","313","1","臺中市","霧峰區","120.710","24.075","305"
"1301","263492","20220824072000","1727","0","臺中市","霧峰區","120.715","24.075","1243"
"547","263495","20220824072000","462","1","臺中市","霧峰區","120.710","24.080","577"
"11","263497","20220824072000","19","0","臺中市","大里區","120.720","24.080","16"
"20","263498","20220824072000","443","0","臺中市","霧峰區","120.665","24.055","19"
"14","263499","20220824072000","46","0","臺中市","霧峰區","120.665","24.060","21"
"11","263518","20220824072000","83","0","臺中市","霧峰區","120.730","24.040","13"
"1061","263528","20220824072000","1149","0","臺中市","霧峰區","120.695","24.040","1016"
"36","263539","20220824072000","66","0","臺中市","霧峰區","120.695","24.045","28"
"114","263553","20220824072000","63","3","臺中市","霧峰區","120.725","24.030","104"
"243","263569","20220824072000","150","3","臺中市","霧峰區","120.725","24.035","235"
"11","263573","20220824072000","100","0","臺中市","霧峰區","120.750","24.035","11"
"770","263579","20220824072000","769","1","臺中市","大里區","120.695","24.080","822"
"2450","263581","20220824072000","2066","1","臺中市","大里區","120.695","24.085","2420"
"288","263583","20220824072000","288","1","臺中市","大里區","120.690","24.085","258"
"107","263584","20220824072000","92","1","臺中市","大里區","120.700","24.080","118"
"1210","263585","20220824072000","1198","1","臺中市","大里區","120.700","24.085","1306"
"12","263586","20220824072000","368","0","臺中市","大里區","120.705","24.085","13"
"1166","263587","20220824072000","1142","1","臺中市","大里區","120.705","24.090","1180"
"397","263588","20220824072000","400","0","臺中市","大里區","120.715","24.095","396"
"54","263708","20220824072000","25","3","臺中市","太平區","120.755","24.085","59"
"23","263716","20220824072000","166","0","臺中市","太平區","120.745","24.090","34"
"242","263736","20220824072000","232","1","臺中市","霧峰區","120.700","24.050","261"
"675","263737","20220824072000","586","1","臺中市","霧峰區","120.695","24.055","625"
"77","263738","20220824072000","96","0","臺中市","霧峰區","120.700","24.055","92"
"45","263741","20220824072000","457","0","臺中市","霧峰區","120.680","24.060","43"
"924","263743","20220824072000","849","1","臺中市","霧峰區","120.680","24.065","896"
"13","263745","20220824072000","23","0","臺中市","霧峰區","120.690","24.065","13"
"478","263746","20220824072000","341","2","臺中市","霧峰區","120.680","24.070","465"
"66","263747","20220824072000","777","0","臺中市","霧峰區","120.700","24.070","84"
"119","263753","20220824072000","113","1","臺中市","新社區","120.885","24.095","107"
"436","263758","20220824072000","376","1","臺中市","大里區","120.685","24.075","440"
"450","263759","20220824072000","295","3","臺中市","大里區","120.690","24.075","454"
"164","263764","20220824072000","282","0","臺中市","大里區","120.680","24.085","146"
"304","263766","20220824072000","274","1","臺中市","太平區","120.730","24.095","295"
"362","263776","20220824072000","413","0","臺中市","霧峰區","120.705","24.065","370"
"59","263778","20220824072000","186","0","臺中市","霧峰區","120.715","24.065","40"
"207","263794","20220824072000","118","3","臺中市","霧峰區","120.745","24.045","249"
"103","263828","20220824072000","184","0","臺中市","霧峰區","120.745","24.060","88"
"66","263842","20220824072000","42","3","臺中市","霧峰區","120.760","24.065","63"
"86","263846","20220824072000","46","3","臺中市","霧峰區","120.735","24.070","91"
"356","263863","20220824072000","327","1","臺中市","霧峰區","120.695","24.015","348"
"743","263864","20220824072000","650","1","臺中市","霧峰區","120.685","24.020","669"
"409","263875","20220824072000","268","3","臺中市","烏日區","120.655","24.055","384"
"341","263876","20220824072000","343","0","臺中市","烏日區","120.660","24.055","400"
"318","263878","20220824072000","235","2","臺中市","烏日區","120.655","24.045","331"
"292","263884","20220824072000","242","2","臺中市","烏日區","120.650","24.050","298"
"454","263885","20220824072000","524","0","臺中市","烏日區","120.635","24.070","504"
"1347","263888","20220824072000","1311","1","臺中市","烏日區","120.635","24.080","1337"
"408","263891","20220824072000","434","0","臺中市","烏日區","120.625","24.090","385"
"1575","263900","20220824072000","1441","1","臺中市","烏日區","120.640","24.075","1575"
"700","263902","20220824072000","621","1","臺中市","烏日區","120.650","24.075","688"
"32","263907","20220824072000","1029","0","臺中市","烏日區","120.645","24.085","30"
"110","263933","20220824072000","188","0","臺中市","烏日區","120.635","24.050","119"
"2852","263942","20220824072000","2141","2","臺中市","大里區","120.680","24.095","2769"
"233","263943","20220824072000","219","1","臺中市","大里區","120.665","24.095","325"
"1187","263945","20220824072000","1053","1","臺中市","大里區","120.690","24.090","1142"
"1116","263946","20220824072000","1020","1","臺中市","大里區","120.695","24.095","890"
"487","263948","20220824072000","467","1","臺中市","大里區","120.705","24.095","498"
"280","263949","20220824072000","354","0","臺中市","大里區","120.710","24.095","311"
"338","263950","20220824072000","336","1","臺中市","大里區","120.715","24.090","353"
"546","263951","20220824072000","539","1","臺中市","大里區","120.720","24.095","525"
"1039","263954","20220824072000","1135","0","臺中市","大里區","120.700","24.095","1148"
"511","263960","20220824072000","439","1","臺中市","大里區","120.735","24.090","561"
"632","263962","20220824072000","586","1","臺中市","大里區","120.720","24.090","603"
"511","263964","20220824072000","487","1","臺中市","大里區","120.730","24.090","535"
"918","263969","20220824072000","1277","0","臺中市","大里區","120.710","24.085","939"
"328","263970","20220824072000","624","0","臺中市","大里區","120.715","24.085","320"
"107","263971","20220824072000","116","0","臺中市","大里區","120.720","24.085","131"
"27","263975","20220824072000","48","0","臺中市","大里區","120.710","24.090","29"
"89","263977","20220824072000","79","1","臺中市","大里區","120.665","24.085","120"
"252","263979","20220824072000","270","0","臺中市","大里區","120.675","24.085","364"
"78","263989","20220824072000","176","0","臺中市","大里區","120.685","24.095","80"
"333","263990","20220824072000","425","0","臺中市","大里區","120.690","24.095","339"
"90","263991","20220824072000","264","0","臺中市","霧峰區","120.695","24.065","79"
"2118","263992","20220824072000","2554","0","臺中市","霧峰區","120.700","24.065","2044"
"522","263995","20220824072000","329","3","臺中市","霧峰區","120.665","24.065","492"
"127","263999","20220824072000","679","0","臺中市","霧峰區","120.665","24.070","165"
"18","264007","20220824072000","455","0","臺中市","霧峰區","120.655","24.085","14"
"26","264008","20220824072000","373","0","臺中市","霧峰區","120.650","24.085","31"
"202","264016","20220824072000","201","1","臺中市","霧峰區","120.690","24.040","202"
"12","264018","20220824072000","545","0","臺中市","霧峰區","120.685","24.045","10"
"14","264024","20220824072000","428","0","臺中市","霧峰區","120.665","24.040","22"
"111","264029","20220824072000","79","2","臺中市","霧峰區","120.660","24.050","97"
"943","264031","20220824072000","707","2","臺中市","大里區","120.700","24.090","697"
"82","264037","20220824072000","53","3","臺中市","霧峰區","120.670","24.025","65"
"17","264042","20220824072000","213","0","臺中市","霧峰區","120.670","24.030","19"
"173","264047","20220824072000","197","0","花蓮縣","秀林鄉","121.580","24.020","214"
"290","264094","20220824072000","199","2","花蓮縣","秀林鄉","121.595","24.050","266"
"775","264107","20220824072000","840","0","花蓮縣","秀林鄉","121.600","24.055","782"
"359","264435","20220824072000","301","1","花蓮縣","新城鄉","121.610","24.080","354"
"331","264642","20220824072000","277","1","花蓮縣","新城鄉","121.595","24.015","375"
"273","264655","20220824072000","228","1","花蓮縣","新城鄉","121.590","24.035","270"
"280","264661","20220824072000","200","2","花蓮縣","新城鄉","121.595","24.040","287"
"1034","264663","20220824072000","683","3","花蓮縣","新城鄉","121.605","24.030","1082"
"434","264665","20220824072000","391","1","花蓮縣","新城鄉","121.605","24.035","418"
"418","264667","20220824072000","383","1","花蓮縣","新城鄉","121.600","24.035","457"
"1670","264676","20220824072000","1367","2","臺中市","烏日區","120.645","24.060","1649"
"67","264678","20220824072000","485","0","臺中市","烏日區","120.655","24.060","48"
"347","264683","20220824072000","406","0","臺中市","烏日區","120.640","24.065","354"
"197","264700","20220824072000","138","2","臺中市","烏日區","120.620","24.090","206"
"435","264703","20220824072000","313","2","臺中市","霧峰區","120.675","24.040","398"
"221","264707","20220824072000","170","2","臺中市","霧峰區","120.680","24.045","206"
"417","264712","20220824072000","374","1","臺中市","霧峰區","120.675","24.050","430"
"852","264717","20220824072000","980","0","臺中市","烏日區","120.645","24.090","793"
"308","264719","20220824072000","321","0","臺中市","烏日區","120.635","24.095","308"
"16","264720","20220824072000","15","1","臺中市","烏日區","120.640","24.095","13"
"34","264722","20220824072000","204","0","臺中市","烏日區","120.645","24.095","40"
"451","264725","20220824072000","413","1","臺中市","烏日區","120.655","24.095","455"
"124","264726","20220824072000","93","2","臺中市","大里區","120.660","24.095","126"
"959","264728","20220824072000","936","1","花蓮縣","花蓮市","121.625","24.010","964"
"396","264732","20220824072000","380","1","花蓮縣","花蓮市","121.630","24.015","392"
"447","264737","20220824072000","277","3","花蓮縣","花蓮市","121.635","24.025","433"
"87","265344","20220824072000","59","2","南投縣","國姓鄉","120.830","24.030","91"
"11","265374","20220824072000","14","0","南投縣","國姓鄉","120.800","24.045","11"
"57","265406","20220824072000","35","3","南投縣","國姓鄉","120.825","24.070","63"
"18","265430","20220824072000","20","0","南投縣","國姓鄉","120.880","24.050","18"
"104","265436","20220824072000","112","0","南投縣","國姓鄉","120.910","24.050","103"
"165","265440","20220824072000","122","2","南投縣","國姓鄉","120.930","24.050","164"
"398","265442","20220824072000","393","1","南投縣","國姓鄉","120.880","24.055","443"
"272","265449","20220824072000","201","2","南投縣","國姓鄉","120.915","24.055","208"
"131","265467","20220824072000","82","3","南投縣","國姓鄉","120.940","24.060","119"
"23","265498","20220824072000","23","1","南投縣","國姓鄉","120.930","24.075","22"
"35","265569","20220824072000","432","0","南投縣","國姓鄉","120.850","24.040","48"
"24","265593","20220824072000","146","0","南投縣","埔里鎮","120.910","24.025","23"
"11","265615","20220824072000","244","0","南投縣","埔里鎮","120.920","24.040","11"
"338","265622","20220824072000","249","2","南投縣","國姓鄉","120.930","24.045","353"
"27","265627","20220824072000","25","1","南投縣","埔里鎮","120.950","24.010","26"
"76","265628","20220824072000","294","0","南投縣","埔里鎮","120.945","24.015","82"
"12","265631","20220824072000","12","1","南投縣","埔里鎮","120.940","24.020","12"
"226","265633","20220824072000","190","1","南投縣","埔里鎮","120.950","24.020","247"
"88","265651","20220824072000","82","1","南投縣","埔里鎮","120.950","24.035","91"
"49","265706","20220824072000","93","0","花蓮縣","花蓮市","121.590","24.010","69"
"1089","265708","20220824072000","1080","1","花蓮縣","新城鄉","121.610","24.015","1117"
"176","265711","20220824072000","178","0","花蓮縣","新城鄉","121.605","24.020","169"
"727","265716","20220824072000","568","2","花蓮縣","新城鄉","121.605","24.025","715"
"83","265719","20220824072000","93","0","花蓮縣","新城鄉","121.620","24.025","97"
"157","265723","20220824072000","209","0","花蓮縣","新城鄉","121.615","24.030","138"
"65","265734","20220824072000","34","3","花蓮縣","新城鄉","121.625","24.035","48"
"530","265739","20220824072000","455","1","花蓮縣","新城鄉","121.605","24.040","501"
"433","265742","20220824072000","278","3","花蓮縣","新城鄉","121.610","24.045","428"
"55","265753","20220824072000","48","1","花蓮縣","新城鄉","121.615","24.060","70"
"281","265754","20220824072000","250","1","花蓮縣","新城鄉","121.610","24.065","245"
"809","265773","20220824072000","582","2","彰化縣","彰化市","120.570","24.085","796"
"726","265774","20220824072000","694","1","彰化縣","彰化市","120.575","24.090","686"
"192","265780","20220824072000","202","0","彰化縣","彰化市","120.620","24.045","182"
"371","265784","20220824072000","303","2","彰化縣","彰化市","120.620","24.060","354"
"1147","265794","20220824072000","1547","0","彰化縣","彰化市","120.535","24.090","1175"
"813","265797","20220824072000","608","2","彰化縣","彰化市","120.545","24.075","785"
"885","265798","20220824072000","521","3","彰化縣","彰化市","120.555","24.070","938"
"2031","265800","20220824072000","1361","2","彰化縣","彰化市","120.545","24.085","2068"
"475","265801","20220824072000","385","2","彰化縣","彰化市","120.555","24.090","477"
"767","265802","20220824072000","895","0","彰化縣","彰化市","120.555","24.080","780"
"50","265803","20220824072000","1082","0","彰化縣","彰化市","120.560","24.080","50"
"827","265804","20220824072000","1141","0","彰化縣","彰化市","120.555","24.085","815"
"28","265805","20220824072000","103","0","彰化縣","彰化市","120.560","24.085","53"
"1488","265806","20220824072000","894","3","彰化縣","彰化市","120.535","24.080","1424"
"2689","265807","20220824072000","1805","2","彰化縣","彰化市","120.540","24.085","2769"
"2053","265808","20220824072000","1367","3","彰化縣","彰化市","120.545","24.090","2065"
"435","265810","20220824072000","216","3","彰化縣","彰化市","120.550","24.075","455"
"3588","265812","20220824072000","1700","3","彰化縣","彰化市","120.530","24.080","3350"
"65","265817","20220824072000","266","0","彰化縣","鹿港鎮","120.480","24.090","60"
"907","265820","20220824072000","578","3","彰化縣","彰化市","120.535","24.070","902"
"1506","265821","20220824072000","973","3","彰化縣","彰化市","120.530","24.065","1458"
"2432","265822","20220824072000","1588","3","彰化縣","彰化市","120.530","24.070","2510"
"749","265823","20220824072000","817","0","彰化縣","鹿港鎮","120.445","24.055","754"
"24","265824","20220824072000","360","0","彰化縣","鹿港鎮","120.445","24.060","30"
"22","265825","20220824072000","35","0","彰化縣","鹿港鎮","120.450","24.060","16"
"561","265826","20220824072000","570","0","彰化縣","鹿港鎮","120.445","24.065","607"
"24","265839","20220824072000","24","1","彰化縣","彰化市","120.580","24.075","18"
"329","265841","20220824072000","1549","0","彰化縣","彰化市","120.535","24.075","311"
"598","265848","20220824072000","604","0","彰化縣","鹿港鎮","120.460","24.080","616"
"439","265863","20220824072000","367","1","彰化縣","鹿港鎮","120.435","24.050","407"
"953","265864","20220824072000","1271","0","彰化縣","彰化市","120.550","24.085","951"
"711","265898","20220824072000","486","2","南投縣","國姓鄉","120.860","24.060","711"
"232","265927","20220824072000","194","1","南投縣","國姓鄉","120.845","24.025","226"
"34","265948","20220824072000","321","0","南投縣","國姓鄉","120.860","24.040","36"
"419","265956","20220824072000","276","3","南投縣","國姓鄉","120.855","24.045","434"
"263","265973","20220824072000","300","0","南投縣","國姓鄉","120.820","24.020","284"
"12","266037","20220824072000","140","0","南投縣","國姓鄉","120.875","24.075","12"
"2390","266081","20220824072000","2863","0","彰化縣","彰化市","120.535","24.065","2359"
"1339","266082","20220824072000","635","3","彰化縣","和美鎮","120.510","24.090","1370"
"313","266091","20220824072000","230","2","彰化縣","埔鹽鄉","120.455","24.015","337"
"1228","266093","20220824072000","808","3","彰化縣","彰化市","120.540","24.070","1249"
"28","266099","20220824072000","604","0","彰化縣","花壇鄉","120.545","24.015","34"
"405","266100","20220824072000","389","1","彰化縣","花壇鄉","120.545","24.020","408"
"72","266107","20220824072000","76","0","彰化縣","花壇鄉","120.545","24.030","71"
"12","266111","20220824072000","62","0","彰化縣","花壇鄉","120.550","24.035","13"
"399","266122","20220824072000","340","1","彰化縣","埔鹽鄉","120.445","24.020","401"
"608","266124","20220824072000","164","3","彰化縣","彰化市","120.520","24.055","596"
"581","266127","20220824072000","606","0","彰化縣","彰化市","120.565","24.090","505"
"1196","266128","20220824072000","703","3","彰化縣","彰化市","120.555","24.095","1162"
"324","266129","20220824072000","223","2","彰化縣","彰化市","120.560","24.095","340"
"1057","266131","20220824072000","871","2","彰化縣","彰化市","120.595","24.070","1050"
"117","266132","20220824072000","164","0","彰化縣","彰化市","120.595","24.075","128"
"238","266134","20220824072000","143","3","彰化縣","彰化市","120.605","24.075","218"
"668","266136","20220824072000","552","2","彰化縣","彰化市","120.600","24.080","679"
"501","266138","20220824072000","301","3","彰化縣","彰化市","120.595","24.085","450"
"48","266153","20220824072000","53","0","彰化縣","彰化市","120.605","24.045","58"
"165","266154","20220824072000","130","2","彰化縣","彰化市","120.585","24.050","132"
"60","266155","20220824072000","79","0","彰化縣","彰化市","120.590","24.050","67"
"64","266157","20220824072000","47","2","彰化縣","彰化市","120.600","24.050","59"
"314","266166","20220824072000","219","2","彰化縣","彰化市","120.615","24.055","321"
"556","266168","20220824072000","512","1","彰化縣","彰化市","120.580","24.080","591"
"854","266169","20220824072000","737","1","彰化縣","彰化市","120.575","24.085","885"
"1200","266170","20220824072000","955","2","彰化縣","彰化市","120.580","24.085","1187"
"269","266171","20220824072000","218","2","彰化縣","彰化市","120.560","24.075","270"
"704","266172","20220824072000","796","0","彰化縣","彰化市","120.550","24.080","723"
"1454","266176","20220824072000","407","3","彰化縣","和美鎮","120.495","24.085","1490"
"71","266180","20220824072000","51","2","彰化縣","和美鎮","120.495","24.090","56"
"1031","266182","20220824072000","2534","0","彰化縣","彰化市","120.535","24.085","1009"
"719","266183","20220824072000","736","0","彰化縣","和美鎮","120.525","24.095","698"
"94","266185","20220824072000","137","0","彰化縣","和美鎮","120.535","24.095","88"
"51","266190","20220824072000","65","0","彰化縣","秀水鄉","120.505","24.065","42"
"1576","266191","20220824072000","420","3","彰化縣","彰化市","120.510","24.065","1578"
"1268","266192","20220824072000","992","2","彰化縣","彰化市","120.515","24.065","1288"
"769","266194","20220824072000","195","3","彰化縣","彰化市","120.510","24.070","808"
"283","266196","20220824072000","258","1","彰化縣","花壇鄉","120.570","24.055","341"
"14","266205","20220824072000","175","0","彰化縣","彰化市","120.570","24.065","27"
"1518","266210","20220824072000","768","3","彰化縣","彰化市","120.540","24.075","1498"
"2231","266211","20220824072000","1799","2","彰化縣","彰化市","120.540","24.080","2133"
"1890","266214","20220824072000","467","3","彰化縣","彰化市","120.525","24.080","1929"
"1166","266216","20220824072000","937","2","彰化縣","彰化市","120.530","24.085","1189"
"1390","266222","20220824072000","1239","1","彰化縣","彰化市","120.600","24.090","1304"
"348","266224","20220824072000","270","2","彰化縣","彰化市","120.585","24.090","309"
"191","266228","20220824072000","120","3","彰化縣","彰化市","120.580","24.095","186"
"25","266232","20220824072000","22","1","彰化縣","彰化市","120.600","24.095","26"
"500","266233","20220824072000","192","3","彰化縣","秀水鄉","120.500","24.075","513"
"39","266234","20220824072000","509","0","彰化縣","彰化市","120.505","24.075","33"
"848","266237","20220824072000","358","3","彰化縣","彰化市","120.520","24.075","935"
"481","266238","20220824072000","151","3","彰化縣","彰化市","120.510","24.080","493"
"322","266239","20220824072000","392","0","彰化縣","和美鎮","120.515","24.080","302"
"48","266240","20220824072000","198","0","彰化縣","彰化市","120.520","24.080","60"
"694","266241","20220824072000","285","3","彰化縣","彰化市","120.515","24.085","691"
"290","266243","20220824072000","179","3","彰化縣","彰化市","120.525","24.085","306"
"331","266244","20220824072000","668","0","彰化縣","彰化市","120.545","24.095","321"
"27","266245","20220824072000","520","0","彰化縣","彰化市","120.545","24.080","40"
"294","266246","20220824072000","211","2","彰化縣","彰化市","120.565","24.085","294"
"1689","266247","20220824072000","1609","1","彰化縣","彰化市","120.560","24.090","1604"
"559","266248","20220824072000","513","1","彰化縣","彰化市","120.570","24.090","592"
"930","266249","20220824072000","750","2","彰化縣","和美鎮","120.530","24.090","944"
"220","266250","20220824072000","284","0","彰化縣","彰化市","120.555","24.065","221"
"2174","266251","20220824072000","3384","0","彰化縣","彰化市","120.545","24.070","2189"
"774","266252","20220824072000","287","3","彰化縣","彰化市","120.550","24.070","733"
"19","266255","20220824072000","22","0","彰化縣","彰化市","120.600","24.060","23"
"11","266262","20220824072000","207","0","彰化縣","彰化市","120.610","24.065","11"
"475","266263","20220824072000","401","1","彰化縣","彰化市","120.600","24.070","465"
"45","266264","20220824072000","37","2","彰化縣","彰化市","120.605","24.070","45"
"232","266265","20220824072000","182","2","彰化縣","彰化市","120.610","24.070","217"
"170","266266","20220824072000","1403","0","彰化縣","彰化市","120.540","24.090","199"
"557","266267","20220824072000","411","2","彰化縣","和美鎮","120.520","24.090","550"
"60","266274","20220824072000","473","0","彰化縣","和美鎮","120.505","24.085","59"
"28","266309","20220824072000","42","0","南投縣","仁愛鄉","120.970","24.045","35"
"267","266333","20220824072000","247","1","南投縣","仁愛鄉","120.970","24.060","257"
"204","266406","20220824072000","154","2","南投縣","仁愛鄉","121.095","24.010","175"
"152","266517","20220824072000","101","3","南投縣","仁愛鄉","121.210","24.075","154"
"38","266589","20220824072000","50","0","南投縣","仁愛鄉","121.210","24.090","36"
"16","266666","20220824072000","246","0","南投縣","仁愛鄉","121.130","24.020","16"
"520","266696","20220824072000","328","3","南投縣","仁愛鄉","121.150","24.040","567"
"43","266697","20220824072000","19","3","南投縣","仁愛鄉","121.155","24.040","50"
"569","266700","20220824072000","332","3","南投縣","仁愛鄉","121.125","24.045","547"
"223","266706","20220824072000","134","3","南投縣","仁愛鄉","121.155","24.045","216"
"40","266715","20220824072000","30","2","南投縣","仁愛鄉","121.155","24.050","38"
"45","266733","20220824072000","47","0","南投縣","仁愛鄉","121.160","24.055","66"
"536","266768","20220824072000","335","3","南投縣","仁愛鄉","121.165","24.070","210"
"49","266805","20220824072000","35","2","南投縣","仁愛鄉","121.175","24.090","68"
"65","267165","20220824072000","27","3","南投縣","仁愛鄉","121.025","24.090","57"
"37","267167","20220824072000","11","3","南投縣","仁愛鄉","121.035","24.090","41"
"77","267268","20220824072000","274","0","南投縣","仁愛鄉","121.175","24.010","77"
"22","267286","20220824072000","283","0","南投縣","仁愛鄉","121.140","24.025","24"
"106","267290","20220824072000","58","3","南投縣","仁愛鄉","121.160","24.025","98"
"1000","267410","20220824072000","567","3","南投縣","仁愛鄉","121.180","24.035","1125"
"86","267555","20220824072000","61","2","南投縣","仁愛鄉","121.190","24.060","97"
"361","267605","20220824072000","267","2","南投縣","仁愛鄉","121.210","24.070","573"
"153","267630","20220824072000","103","2","彰化縣","花壇鄉","120.530","24.050","140"
"470","267631","20220824072000","500","0","彰化縣","彰化市","120.530","24.055","573"
"1786","267632","20220824072000","1484","2","彰化縣","彰化市","120.530","24.060","1822"
"85","267633","20220824072000","1826","0","彰化縣","彰化市","120.535","24.060","102"
"1448","267634","20220824072000","1932","0","彰化縣","彰化市","120.550","24.090","1438"
"809","267636","20220824072000","607","2","彰化縣","彰化市","120.550","24.095","780"
"117","267637","20220824072000","92","2","彰化縣","彰化市","120.590","24.065","88"
"452","267640","20220824072000","308","2","彰化縣","彰化市","120.585","24.080","518"
"682","267641","20220824072000","582","1","彰化縣","彰化市","120.590","24.080","658"
"749","267646","20220824072000","489","3","彰化縣","彰化市","120.520","24.065","706"
"1637","267649","20220824072000","1576","1","彰化縣","彰化市","120.525","24.070","1676"
"43","267650","20220824072000","84","0","彰化縣","彰化市","120.525","24.075","50"
"562","267652","20220824072000","441","2","彰化縣","彰化市","120.555","24.050","577"
"838","267654","20220824072000","558","3","彰化縣","彰化市","120.535","24.055","826"
"427","267655","20220824072000","244","3","彰化縣","彰化市","120.540","24.055","338"
"335","267656","20220824072000","218","3","彰化縣","彰化市","120.545","24.055","349"
"250","267661","20220824072000","335","0","彰化縣","彰化市","120.540","24.060","264"
"290","267662","20220824072000","377","0","彰化縣","彰化市","120.545","24.060","310"
"146","267664","20220824072000","84","3","彰化縣","彰化市","120.555","24.060","143"
"3600","267665","20220824072000","2776","2","彰化縣","彰化市","120.540","24.065","3599"
"853","267666","20220824072000","787","1","彰化縣","彰化市","120.545","24.065","848"
"309","267667","20220824072000","413","0","彰化縣","彰化市","120.550","24.065","364"
"3430","267669","20220824072000","1042","3","彰化縣","彰化市","120.515","24.055","3383"
"3689","267670","20220824072000","1807","3","彰化縣","彰化市","120.515","24.060","3643"
"16","267676","20220824072000","251","0","彰化縣","福興鄉","120.470","24.030","14"
"144","267682","20220824072000","87","3","彰化縣","福興鄉","120.470","24.035","148"
"535","267689","20220824072000","427","2","彰化縣","福興鄉","120.480","24.040","543"
"367","267697","20220824072000","184","3","彰化縣","福興鄉","120.455","24.035","386"
"584","267705","20220824072000","605","0","彰化縣","福興鄉","120.465","24.045","553"
"296","267717","20220824072000","159","3","彰化縣","秀水鄉","120.510","24.015","279"
"37","267718","20220824072000","25","2","彰化縣","秀水鄉","120.500","24.020","27"
"25","267726","20220824072000","101","0","彰化縣","鹿港鎮","120.480","24.085","27"
"1110","267729","20220824072000","703","3","彰化縣","鹿港鎮","120.485","24.090","1109"
"2006","267732","20220824072000","1541","2","彰化縣","鹿港鎮","120.435","24.055","1990"
"1089","267736","20220824072000","542","3","彰化縣","鹿港鎮","120.465","24.090","1100"
"38","267739","20220824072000","320","0","彰化縣","鹿港鎮","120.470","24.095","42"
"993","267795","20220824072000","716","2","彰化縣","福興鄉","120.490","24.015","975"
"368","267808","20220824072000","293","2","彰化縣","福興鄉","120.440","24.030","350"
"453","267810","20220824072000","357","2","彰化縣","福興鄉","120.435","24.035","487"
"387","267824","20220824072000","397","0","彰化縣","福興鄉","120.390","24.015","412"
"719","267834","20220824072000","699","1","彰化縣","福興鄉","120.410","24.020","737"
"987","267844","20220824072000","783","2","彰化縣","秀水鄉","120.495","24.025","1047"
"750","267873","20220824072000","537","2","彰化縣","福興鄉","120.400","24.045","737"
"759","267898","20220824072000","418","3","彰化縣","福興鄉","120.430","24.040","716"
"795","267900","20220824072000","640","2","彰化縣","福興鄉","120.430","24.045","783"
"26","267904","20220824072000","317","0","彰化縣","福興鄉","120.430","24.050","22"
"235","267908","20220824072000","133","3","彰化縣","福興鄉","120.430","24.020","235"
"36","267913","20220824072000","27","2","彰化縣","福興鄉","120.425","24.030","32"
"56","267926","20220824072000","43","2","彰化縣","福興鄉","120.405","24.030","54"
"288","267928","20220824072000","231","2","彰化縣","福興鄉","120.415","24.030","277"
"57","267935","20220824072000","54","1","彰化縣","秀水鄉","120.500","24.060","69"
"202","267946","20220824072000","218","0","彰化縣","秀水鄉","120.490","24.050","229"
"76","267947","20220824072000","25","3","彰化縣","秀水鄉","120.495","24.050","77"
"72","267949","20220824072000","461","0","彰化縣","秀水鄉","120.500","24.050","60"
"15","267955","20220824072000","226","0","彰化縣","秀水鄉","120.495","24.060","14"
"57","267957","20220824072000","813","0","彰化縣","秀水鄉","120.500","24.030","68"
"179","267959","20220824072000","959","0","彰化縣","秀水鄉","120.495","24.035","214"
"55","267960","20220824072000","541","0","彰化縣","秀水鄉","120.500","24.035","57"
"168","267964","20220824072000","103","3","彰化縣","秀水鄉","120.520","24.025","136"
"56","267966","20220824072000","565","0","彰化縣","秀水鄉","120.520","24.030","58"
"580","267972","20220824072000","486","1","彰化縣","鹿港鎮","120.435","24.065","650"
"549","267973","20220824072000","536","1","彰化縣","鹿港鎮","120.440","24.065","536"
"406","267975","20220824072000","428","0","彰化縣","鹿港鎮","120.435","24.070","423"
"31","267978","20220824072000","318","0","彰化縣","鹿港鎮","120.425","24.075","21"
"990","267984","20220824072000","954","1","彰化縣","鹿港鎮","120.410","24.080","1016"
"182","267987","20220824072000","131","2","彰化縣","鹿港鎮","120.425","24.080","170"
"16","267991","20220824072000","312","0","彰化縣","鹿港鎮","120.445","24.080","18"
"352","267999","20220824072000","273","2","彰化縣","鹿港鎮","120.415","24.080","338"
"465","268001","20220824072000","362","2","彰化縣","鹿港鎮","120.425","24.085","451"
"890","268005","20220824072000","571","3","彰化縣","鹿港鎮","120.445","24.085","850"
"602","268020","20220824072000","450","2","彰化縣","鹿港鎮","120.475","24.065","621"
"45","268028","20220824072000","298","0","彰化縣","鹿港鎮","120.485","24.080","36"
"999","268031","20220824072000","511","3","彰化縣","鹿港鎮","120.485","24.085","1006"
"1057","268032","20220824072000","1016","1","彰化縣","鹿港鎮","120.430","24.060","1036"
"342","268034","20220824072000","682","0","彰化縣","彰化市","120.525","24.060","370"
"939","268035","20220824072000","1041","0","彰化縣","彰化市","120.525","24.065","915"
"101","268044","20220824072000","482","0","彰化縣","鹿港鎮","120.450","24.095","102"
"50","268053","20220824072000","33","3","彰化縣","鹿港鎮","120.470","24.075","49"
"187","268057","20220824072000","979","0","彰化縣","鹿港鎮","120.475","24.080","199"
"255","268061","20220824072000","347","0","彰化縣","鹿港鎮","120.430","24.055","240"
"19","268068","20220824072000","138","0","彰化縣","芬園鄉","120.625","24.025","20"
"10","268070","20220824072000","17","0","彰化縣","花壇鄉","120.600","24.015","10"
"30","268073","20220824072000","28","1","彰化縣","芬園鄉","120.615","24.015","32"
"65","268074","20220824072000","63","1","彰化縣","芬園鄉","120.620","24.015","63"
"27","268077","20220824072000","456","0","彰化縣","福興鄉","120.480","24.045","36"
"1189","268085","20220824072000","1045","1","彰化縣","鹿港鎮","120.470","24.055","1194"
"193","268089","20220824072000","178","1","彰化縣","鹿港鎮","120.460","24.060","187"
"138","268108","20220824072000","140","0","彰化縣","鹿港鎮","120.385","24.060","141"
"220","268109","20220824072000","159","2","彰化縣","鹿港鎮","120.390","24.060","214"
"287","268110","20220824072000","261","1","彰化縣","鹿港鎮","120.395","24.060","274"
"12","268126","20220824072000","14","0","彰化縣","鹿港鎮","120.390","24.065","15"
"333","268128","20220824072000","185","3","彰化縣","鹿港鎮","120.400","24.065","340"
"100","268129","20220824072000","91","1","彰化縣","鹿港鎮","120.405","24.065","104"
"485","268130","20220824072000","337","2","彰化縣","鹿港鎮","120.410","24.065","559"
"540","268134","20220824072000","409","2","彰化縣","鹿港鎮","120.430","24.065","531"
"69","268144","20220824072000","73","0","彰化縣","鹿港鎮","120.395","24.070","64"
"189","268157","20220824072000","166","1","彰化縣","鹿港鎮","120.390","24.075","184"
"32","268158","20220824072000","105","0","彰化縣","鹿港鎮","120.395","24.075","30"
"126","268161","20220824072000","106","1","彰化縣","鹿港鎮","120.410","24.075","112"
"47","268162","20220824072000","91","0","彰化縣","鹿港鎮","120.415","24.075","54"
"617","268170","20220824072000","510","2","彰化縣","鹿港鎮","120.395","24.080","568"
"1585","268172","20220824072000","1680","0","彰化縣","鹿港鎮","120.440","24.055","1565"
"109","268173","20220824072000","1161","0","彰化縣","鹿港鎮","120.440","24.060","108"
"2007","268175","20220824072000","1930","1","彰化縣","福興鄉","120.440","24.045","1983"
"37","268203","20220824072000","24","3","彰化縣","芬園鄉","120.595","24.035","39"
"223","268205","20220824072000","202","1","彰化縣","芬園鄉","120.605","24.035","222"
"477","268224","20220824072000","393","2","彰化縣","芬園鄉","120.650","24.020","458"
"582","268226","20220824072000","260","3","彰化縣","芬園鄉","120.635","24.025","609"
"377","268233","20220824072000","387","0","彰化縣","福興鄉","120.440","24.035","353"
"629","268245","20220824072000","346","3","彰化縣","秀水鄉","120.490","24.070","616"
"350","268249","20220824072000","231","3","彰化縣","秀水鄉","120.505","24.030","332"
"196","268253","20220824072000","735","0","彰化縣","秀水鄉","120.505","24.040","167"
"50","268258","20220824072000","356","0","彰化縣","秀水鄉","120.515","24.020","41"
"12","268261","20220824072000","432","0","彰化縣","福興鄉","120.450","24.030","19"
"536","268262","20220824072000","383","2","彰化縣","福興鄉","120.455","24.030","577"
"886","268271","20220824072000","709","2","彰化縣","福興鄉","120.420","24.035","818"
"39","268274","20220824072000","376","0","彰化縣","福興鄉","120.425","24.035","40"
"649","268277","20220824072000","531","2","彰化縣","芬園鄉","120.660","24.015","591"
"85","268289","20220824072000","593","0","彰化縣","芬園鄉","120.625","24.020","81"
"67","268296","20220824072000","525","0","彰化縣","福興鄉","120.470","24.020","66"
"914","268297","20220824072000","314","3","彰化縣","秀水鄉","120.505","24.035","957"
"23","268301","20220824072000","296","0","彰化縣","秀水鄉","120.495","24.040","24"
"25","268303","20220824072000","358","0","彰化縣","秀水鄉","120.500","24.040","23"
"823","268308","20220824072000","298","3","彰化縣","秀水鄉","120.510","24.045","802"
"16","268310","20220824072000","245","0","彰化縣","秀水鄉","120.505","24.050","15"
"737","268316","20220824072000","557","2","彰化縣","花壇鄉","120.530","24.020","749"
"374","268321","20220824072000","369","1","彰化縣","花壇鄉","120.530","24.040","434"
"40","268322","20220824072000","228","0","彰化縣","花壇鄉","120.520","24.045","54"
"34","268324","20220824072000","624","0","彰化縣","花壇鄉","120.530","24.045","35"
"260","268327","20220824072000","218","1","彰化縣","花壇鄉","120.535","24.030","251"
"573","268328","20220824072000","508","1","彰化縣","花壇鄉","120.535","24.035","586"
"51","268329","20220824072000","256","0","彰化縣","花壇鄉","120.535","24.040","45"
"57","268331","20220824072000","588","0","彰化縣","花壇鄉","120.545","24.040","56"
"482","268333","20220824072000","319","3","彰化縣","花壇鄉","120.540","24.040","478"
"358","268335","20220824072000","314","1","彰化縣","花壇鄉","120.555","24.020","368"
"852","268336","20220824072000","728","1","彰化縣","花壇鄉","120.540","24.025","883"
"425","268338","20220824072000","353","2","彰化縣","花壇鄉","120.550","24.025","408"
"193","268339","20220824072000","154","2","彰化縣","花壇鄉","120.555","24.025","198"
"150","268347","20220824072000","124","2","彰化縣","花壇鄉","120.565","24.020","167"
"28","268352","20220824072000","50","0","彰化縣","花壇鄉","120.575","24.030","63"
"131","268356","20220824072000","142","0","彰化縣","花壇鄉","120.575","24.035","130"
"57","268370","20220824072000","127","0","彰化縣","花壇鄉","120.560","24.015","60"
"61","268371","20220824072000","71","0","彰化縣","花壇鄉","120.570","24.020","67"
"34","268375","20220824072000","29","1","彰化縣","花壇鄉","120.595","24.020","33"
"154","268381","20220824072000","745","0","彰化縣","花壇鄉","120.545","24.045","163"
"43","268391","20220824072000","20","3","彰化縣","花壇鄉","120.540","24.020","40"
"1687","268393","20220824072000","1427","1","彰化縣","花壇鄉","120.535","24.025","1680"
"18","268399","20220824072000","234","0","彰化縣","福興鄉","120.480","24.020","22"
"783","274405","20220824072000","1138","0","臺中市","太平區","120.720","24.135","778"
"2041","274408","20220824072000","1712","1","臺中市","太平區","120.720","24.115","2035"
"113","274410","20220824072000","82","2","臺中市","太平區","120.755","24.120","103"
"193","274476","20220824072000","164","1","臺中市","太平區","120.810","24.140","202"
"3615","274515","20220824072000","2180","3","臺中市","南屯區","120.645","24.135","3635"
"2774","274516","20220824072000","3078","0","臺中市","南屯區","120.650","24.140","2734"
"2472","274517","20220824072000","1899","2","臺中市","南屯區","120.650","24.150","2370"
"885","274518","20220824072000","920","0","臺中市","西屯區","120.650","24.155","929"
"29","274519","20220824072000","428","0","臺中市","南屯區","120.650","24.135","34"
"1759","274520","20220824072000","1278","2","臺中市","南屯區","120.650","24.130","1784"
"659","274521","20220824072000","506","2","臺中市","南屯區","120.610","24.150","746"
"2175","274522","20220824072000","1934","1","臺中市","南屯區","120.615","24.150","2195"
"927","274524","20220824072000","650","2","臺中市","南屯區","120.605","24.155","821"
"388","274525","20220824072000","309","2","臺中市","南屯區","120.610","24.155","400"
"31","274528","20220824072000","50","0","臺中市","南屯區","120.590","24.160","33"
"153","274530","20220824072000","122","2","臺中市","南屯區","120.600","24.160","142"
"457","274531","20220824072000","505","0","臺中市","南屯區","120.605","24.160","431"
"168","274534","20220824072000","104","3","臺中市","南屯區","120.590","24.165","159"
"1471","274535","20220824072000","1751","0","臺中市","北區","120.690","24.155","1499"
"1919","274536","20220824072000","2235","0","臺中市","北屯區","120.695","24.165","1885"
"1863","274537","20220824072000","1650","1","臺中市","北屯區","120.700","24.160","1857"
"1922","274538","20220824072000","1663","1","臺中市","北區","120.690","24.160","1994"
"1648","274539","20220824072000","2063","0","臺中市","北區","120.680","24.150","1659"
"2318","274540","20220824072000","1442","3","臺中市","北區","120.685","24.150","2416"
"1484","274541","20220824072000","1767","0","臺中市","南區","120.660","24.125","1581"
"2167","274543","20220824072000","2111","1","臺中市","南區","120.675","24.125","2189"
"54","274544","20220824072000","72","0","臺中市","北屯區","120.665","24.185","68"
"897","274545","20220824072000","629","2","臺中市","北屯區","120.725","24.170","899"
"740","274546","20220824072000","1535","0","臺中市","北屯區","120.720","24.175","733"
"1675","274547","20220824072000","1433","1","臺中市","北屯區","120.725","24.175","1665"
"2243","274549","20220824072000","1846","2","臺中市","北屯區","120.725","24.180","2265"
"446","274551","20220824072000","427","1","臺中市","北屯區","120.735","24.180","405"
"1612","274554","20220824072000","1653","0","臺中市","西區","120.675","24.140","1660"
"1342","274556","20220824072000","1355","0","臺中市","大里區","120.675","24.105","1324"
"661","274558","20220824072000","739","0","臺中市","大里區","120.675","24.115","674"
"1791","274559","20220824072000","1805","0","臺中市","西屯區","120.615","24.175","1926"
"1005","274560","20220824072000","750","2","臺中市","西屯區","120.630","24.175","981"
"2656","274561","20220824072000","2805","0","臺中市","西屯區","120.615","24.180","2755"
"1474","274562","20220824072000","1562","0","臺中市","西屯區","120.625","24.180","1465"
"872","274564","20220824072000","838","1","臺中市","西屯區","120.630","24.180","841"
"2806","274566","20220824072000","2860","0","臺中市","西屯區","120.640","24.175","2856"
"1704","274567","20220824072000","1616","1","臺中市","西屯區","120.635","24.175","2015"
"1615","274568","20220824072000","979","3","臺中市","西屯區","120.635","24.180","1538"
"127","274569","20220824072000","1208","0","臺中市","西屯區","120.630","24.185","142"
"112","274571","20220824072000","821","0","臺中市","北屯區","120.715","24.175","113"
"1256","274572","20220824072000","1044","2","臺中市","北屯區","120.715","24.180","1225"
"252","274575","20220824072000","616","0","臺中市","北屯區","120.715","24.185","285"
"88","274577","20220824072000","53","3","臺中市","北屯區","120.730","24.185","80"
"504","274578","20220824072000","337","2","臺中市","北屯區","120.720","24.185","494"
"1485","274581","20220824072000","2178","0","臺中市","北區","120.665","24.165","1515"
"1836","274582","20220824072000","2121","0","臺中市","北區","120.670","24.165","1810"
"645","274583","20220824072000","392","3","臺中市","南區","120.670","24.125","620"
"1454","274585","20220824072000","1659","0","臺中市","西屯區","120.610","24.185","1455"
"750","274586","20220824072000","674","1","臺中市","西屯區","120.600","24.180","678"
"1658","274587","20220824072000","1515","1","臺中市","西屯區","120.605","24.180","1628"
"263","274591","20220824072000","1896","0","臺中市","龍井區","120.530","24.180","297"
"628","274593","20220824072000","1245","0","臺中市","烏日區","120.635","24.100","603"
"1338","274595","20220824072000","1791","0","臺中市","烏日區","120.635","24.105","1303"
"1091","274596","20220824072000","1179","0","臺中市","烏日區","120.640","24.105","1174"
"89","274603","20220824072000","572","0","臺中市","大肚區","120.530","24.160","98"
"2064","274608","20220824072000","1573","2","臺中市","西區","120.670","24.135","2055"
"736","274609","20220824072000","1610","0","臺中市","西區","120.655","24.150","733"
"3431","274610","20220824072000","2975","1","臺中市","西區","120.655","24.135","3418"
"2152","274611","20220824072000","2701","0","臺中市","西區","120.655","24.145","2117"
"1978","274612","20220824072000","2126","0","臺中市","西區","120.670","24.130","2005"
"235","274615","20220824072000","304","0","臺中市","太平區","120.735","24.135","238"
"32","274616","20220824072000","24","2","臺中市","太平區","120.740","24.140","44"
"2238","274620","20220824072000","1730","2","臺中市","北區","120.685","24.160","2195"
"2308","274621","20220824072000","1566","2","臺中市","北區","120.675","24.150","2325"
"1569","274623","20220824072000","896","3","臺中市","北區","120.690","24.150","1602"
"1284","274624","20220824072000","1265","1","臺中市","南區","120.680","24.120","1235"
"2014","274625","20220824072000","2134","0","臺中市","大里區","120.685","24.120","2290"
"1028","274626","20220824072000","886","1","臺中市","南區","120.660","24.120","1048"
"859","274627","20220824072000","978","0","臺中市","南區","120.675","24.120","848"
"1092","274628","20220824072000","1645","0","臺中市","東區","120.695","24.130","1045"
"1526","274629","20220824072000","2239","0","臺中市","西屯區","120.620","24.185","1542"
"1115","274630","20220824072000","819","2","臺中市","西屯區","120.615","24.185","1151"
"768","274631","20220824072000","1371","0","臺中市","西屯區","120.620","24.190","796"
"3864","274632","20220824072000","3633","1","臺中市","西屯區","120.605","24.185","3897"
"710","274634","20220824072000","1175","0","臺中市","西屯區","120.600","24.185","761"
"868","274636","20220824072000","526","3","臺中市","東區","120.705","24.130","893"
"364","274637","20220824072000","724","0","臺中市","東區","120.705","24.135","375"
"2900","274639","20220824072000","2048","2","臺中市","東區","120.695","24.145","2883"
"123","274640","20220824072000","174","0","臺中市","東區","120.700","24.145","133"
"1712","274641","20220824072000","1354","2","臺中市","東區","120.695","24.125","1791"
"2674","274642","20220824072000","1964","2","臺中市","大里區","120.680","24.110","2839"
"198","274644","20220824072000","207","0","臺中市","大里區","120.665","24.100","192"
"49","274646","20220824072000","648","0","臺中市","大里區","120.665","24.105","45"
"335","274647","20220824072000","245","2","臺中市","大里區","120.670","24.105","312"
"39","274648","20220824072000","872","0","臺中市","大里區","120.665","24.110","50"
"1153","274649","20220824072000","988","1","臺中市","大里區","120.670","24.110","1178"
"646","274650","20220824072000","611","1","臺中市","大里區","120.700","24.105","697"
"237","274683","20220824072000","219","1","臺中市","太平區","120.765","24.110","234"
"83","274707","20220824072000","65","2","臺中市","太平區","120.795","24.115","84"
"441","274737","20220824072000","453","0","臺中市","太平區","120.720","24.140","506"
"1022","274738","20220824072000","688","2","臺中市","太平區","120.725","24.135","1020"
"1310","274739","20220824072000","811","3","臺中市","大里區","120.695","24.120","1134"
"192","274741","20220824072000","141","2","臺中市","東區","120.700","24.130","205"
"163","274742","20220824072000","147","1","臺中市","東區","120.700","24.135","174"
"1696","274744","20220824072000","2046","0","臺中市","大里區","120.685","24.105","1743"
"13","274758","20220824072000","16","0","臺中市","新社區","120.825","24.145","13"
"148","274781","20220824072000","84","3","臺中市","新社區","120.825","24.165","143"
"90","274785","20220824072000","78","1","臺中市","新社區","120.835","24.170","80"
"1050","274786","20220824072000","668","3","臺中市","西屯區","120.610","24.180","1061"
"34","274787","20220824072000","519","0","臺中市","南區","120.680","24.125","46"
"1361","274788","20220824072000","848","3","臺中市","東區","120.685","24.135","1439"
"3301","274789","20220824072000","2063","3","臺中市","北區","120.685","24.145","3225"
"4160","274790","20220824072000","3744","1","臺中市","北屯區","120.670","24.175","4189"
"875","274792","20220824072000","782","1","臺中市","東區","120.695","24.135","1019"
"64","274805","20220824072000","58","1","臺中市","新社區","120.825","24.155","65"
"332","274823","20220824072000","263","2","臺中市","新社區","120.800","24.180","333"
"142","274835","20220824072000","1545","0","臺中市","大肚區","120.540","24.150","154"
"298","274842","20220824072000","306","0","臺中市","大肚區","120.540","24.170","293"
"33","274852","20220824072000","29","1","臺中市","大肚區","120.525","24.175","31"
"67","274869","20220824072000","457","0","臺中市","大肚區","120.545","24.135","76"
"10","274873","20220824072000","227","0","臺中市","大肚區","120.550","24.140","19"
"171","274874","20220824072000","171","1","臺中市","大肚區","120.555","24.140","166"
"2324","274883","20220824072000","2005","1","臺中市","北區","120.670","24.155","2250"
"663","274884","20220824072000","552","2","臺中市","西屯區","120.655","24.175","722"
"123","274885","20220824072000","621","0","臺中市","西屯區","120.660","24.175","129"
"1554","274889","20220824072000","1286","2","臺中市","大肚區","120.580","24.110","1613"
"37","274891","20220824072000","402","0","臺中市","大肚區","120.570","24.115","35"
"158","274895","20220824072000","157","1","臺中市","大肚區","120.545","24.145","151"
"165","274897","20220824072000","1506","0","臺中市","大肚區","120.550","24.150","181"
"1227","274905","20220824072000","940","2","臺中市","南區","120.650","24.115","1179"
"141","274907","20220824072000","536","0","臺中市","南區","120.650","24.120","179"
"1224","274908","20220824072000","1285","0","臺中市","南區","120.655","24.120","1247"
"1060","274910","20220824072000","1043","1","臺中市","南區","120.645","24.110","1079"
"1667","274911","20220824072000","1756","0","臺中市","南區","120.650","24.110","1622"
"1467","274912","20220824072000","1440","1","臺中市","南區","120.655","24.110","1468"
"776","274913","20220824072000","1360","0","臺中市","南區","120.670","24.115","763"
"498","274917","20220824072000","383","2","臺中市","龍井區","120.575","24.180","578"
"1440","274918","20220824072000","1109","2","臺中市","龍井區","120.580","24.180","1485"
"264","274921","20220824072000","300","0","臺中市","龍井區","120.580","24.185","264"
"231","274926","20220824072000","218","1","臺中市","新社區","120.815","24.180","226"
"87","274950","20220824072000","72","2","南投縣","國姓鄉","120.855","24.120","103"
"21","274969","20220824072000","22","0","臺中市","新社區","120.840","24.130","15"
"67","274972","20220824072000","52","2","臺中市","新社區","120.855","24.130","75"
"25","274976","20220824072000","21","1","臺中市","新社區","120.875","24.130","19"
"48","274982","20220824072000","44","1","臺中市","新社區","120.855","24.135","61"
"97","274997","20220824072000","60","3","臺中市","和平區","120.885","24.140","91"
"15","275017","20220824072000","92","0","臺中市","新社區","120.865","24.155","10"
"22","275019","20220824072000","57","0","臺中市","新社區","120.875","24.155","20"
"312","275027","20220824072000","127","3","臺中市","新社區","120.885","24.160","316"
"1248","275034","20220824072000","1812","0","臺中市","北區","120.675","24.165","1386"
"4263","275035","20220824072000","3370","2","臺中市","北區","120.680","24.165","4467"
"1510","275036","20220824072000","1888","0","臺中市","北區","120.675","24.170","1568"
"1115","275037","20220824072000","1167","0","臺中市","南區","120.655","24.115","941"
"1478","275038","20220824072000","2758","0","臺中市","南區","120.660","24.115","1607"
"2889","275039","20220824072000","2305","2","臺中市","南區","120.665","24.120","2876"
"2251","275040","20220824072000","1909","1","臺中市","南區","120.670","24.120","2213"
"96","275041","20220824072000","823","0","臺中市","太平區","120.715","24.115","145"
"1269","275042","20220824072000","1117","1","臺中市","太平區","120.720","24.120","1228"
"3003","275043","20220824072000","3808","0","臺中市","西屯區","120.645","24.175","2979"
"2496","275044","20220824072000","3614","0","臺中市","西屯區","120.650","24.175","2526"
"350","275045","20220824072000","344","1","臺中市","西屯區","120.640","24.185","395"
"140","275048","20220824072000","137","1","臺中市","西屯區","120.625","24.155","251"
"680","275049","20220824072000","662","1","臺中市","西屯區","120.625","24.160","606"
"1536","275052","20220824072000","1922","0","臺中市","龍井區","120.585","24.180","1505"
"2048","275053","20220824072000","2956","0","臺中市","西屯區","120.590","24.185","2004"
"602","275054","20220824072000","762","0","臺中市","龍井區","120.585","24.185","617"
"1839","275055","20220824072000","2093","0","臺中市","龍井區","120.590","24.180","1863"
"547","275056","20220824072000","398","2","臺中市","西屯區","120.595","24.190","560"
"856","275061","20220824072000","858","0","臺中市","東區","120.710","24.145","840"
"1468","275062","20220824072000","1282","1","臺中市","東區","120.710","24.140","1549"
"247","275064","20220824072000","344","0","臺中市","大里區","120.695","24.100","302"
"377","275065","20220824072000","487","0","臺中市","大里區","120.700","24.100","388"
"1505","275066","20220824072000","1320","1","臺中市","大里區","120.685","24.110","1491"
"687","275067","20220824072000","411","3","臺中市","大里區","120.690","24.110","679"
"568","275069","20220824072000","512","1","臺中市","太平區","120.730","24.100","573"
"508","275075","20220824072000","572","0","臺中市","太平區","120.730","24.105","509"
"664","275076","20220824072000","397","3","臺中市","太平區","120.735","24.120","689"
"15","275081","20220824072000","13","1","臺中市","太平區","120.745","24.125","12"
"504","275082","20220824072000","329","3","臺中市","太平區","120.740","24.130","484"
"1745","275083","20220824072000","1540","1","臺中市","北區","120.680","24.155","1752"
"324","275084","20220824072000","284","1","臺中市","太平區","120.750","24.125","312"
"71","275090","20220824072000","36","3","臺中市","太平區","120.755","24.135","60"
"704","275099","20220824072000","487","2","臺中市","太平區","120.735","24.110","700"
"1124","275110","20220824072000","1032","1","臺中市","西區","120.665","24.130","1156"
"1487","275111","20220824072000","1712","0","臺中市","東區","120.690","24.125","1608"
"1055","275114","20220824072000","772","2","臺中市","西區","120.665","24.135","1155"
"1409","275115","20220824072000","1857","0","臺中市","西區","120.670","24.140","1498"
"1392","275116","20220824072000","881","3","臺中市","南區","120.655","24.130","1440"
"1301","275118","20220824072000","1549","0","臺中市","北區","120.695","24.155","1306"
"2224","275119","20220824072000","1861","1","臺中市","北區","120.695","24.160","2150"
"5876","275120","20220824072000","3740","3","臺中市","西區","120.660","24.135","5731"
"871","275121","20220824072000","985","0","臺中市","東區","120.685","24.130","918"
"2061","275122","20220824072000","1345","3","臺中市","南區","120.675","24.130","2111"
"1790","275123","20220824072000","1856","0","臺中市","南屯區","120.635","24.145","1806"
"3151","275124","20220824072000","2331","2","臺中市","南屯區","120.640","24.145","3191"
"2452","275125","20220824072000","1879","2","臺中市","西區","120.670","24.145","2357"
"2735","275126","20220824072000","2866","0","臺中市","北區","120.665","24.160","2775"
"919","275128","20220824072000","1702","0","臺中市","北區","120.675","24.160","922"
"1388","275129","20220824072000","1617","0","臺中市","北區","120.675","24.145","1361"
"1955","275130","20220824072000","1639","1","臺中市","北屯區","120.700","24.185","1987"
"683","275133","20220824072000","247","3","臺中市","北屯區","120.660","24.185","691"
"2097","275134","20220824072000","1457","2","臺中市","北屯區","120.660","24.180","2160"
"361","275137","20220824072000","279","2","臺中市","龍井區","120.565","24.175","379"
"3745","275141","20220824072000","4045","0","臺中市","南屯區","120.655","24.140","3787"
"233","275142","20220824072000","954","0","臺中市","西區","120.665","24.140","235"
"846","275143","20220824072000","693","2","臺中市","西屯區","120.625","24.185","858"
"2389","275144","20220824072000","2028","1","臺中市","西屯區","120.655","24.160","2395"
"1222","275145","20220824072000","1063","1","臺中市","西屯區","120.650","24.165","1251"
"4405","275146","20220824072000","3481","2","臺中市","西屯區","120.655","24.165","4389"
"34","275147","20220824072000","472","0","臺中市","烏日區","120.600","24.120","63"
"81","275154","20220824072000","523","0","臺中市","烏日區","120.605","24.125","90"
"71","275159","20220824072000","98","0","臺中市","南屯區","120.600","24.130","39"
"78","275166","20220824072000","65","2","臺中市","烏日區","120.590","24.110","76"
"2587","275167","20220824072000","1812","2","臺中市","烏日區","120.595","24.110","2509"
"1336","275174","20220824072000","1230","1","臺中市","烏日區","120.615","24.105","1266"
"869","275175","20220824072000","862","1","臺中市","烏日區","120.615","24.110","840"
"305","275177","20220824072000","1192","0","臺中市","烏日區","120.625","24.110","291"
"1047","275179","20220824072000","2136","0","臺中市","北區","120.685","24.165","1072"
"699","275181","20220824072000","1911","0","臺中市","北屯區","120.725","24.160","641"
"580","275185","20220824072000","456","2","臺中市","北屯區","120.725","24.165","551"
"1601","275187","20220824072000","1410","1","臺中市","北屯區","120.735","24.165","1598"
"48","275188","20220824072000","51","0","臺中市","北屯區","120.740","24.165","59"
"544","275189","20220824072000","404","2","臺中市","北屯區","120.730","24.170","683"
"282","275192","20220824072000","702","0","臺中市","北屯區","120.735","24.175","343"
"467","275193","20220824072000","451","1","臺中市","北屯區","120.740","24.175","473"
"2144","275194","20220824072000","2436","0","臺中市","北區","120.670","24.170","2261"
"980","275195","20220824072000","931","1","臺中市","北屯區","120.690","24.170","992"
"1290","275196","20220824072000","699","3","臺中市","北屯區","120.675","24.175","1259"
"5200","275197","20220824072000","3971","2","臺中市","北屯區","120.680","24.175","5333"
"3469","275198","20220824072000","3124","1","臺中市","北屯區","120.685","24.175","3422"
"3377","275199","20220824072000","3939","0","臺中市","南屯區","120.635","24.150","3474"
"1066","275200","20220824072000","884","2","臺中市","南屯區","120.640","24.150","1059"
"1617","275201","20220824072000","2106","0","臺中市","南屯區","120.635","24.155","1588"
"2093","275202","20220824072000","1342","3","臺中市","北屯區","120.685","24.190","2105"
"20","275203","20220824072000","135","0","臺中市","南屯區","120.620","24.115","17"
"2064","275204","20220824072000","1261","3","臺中市","南屯區","120.625","24.115","2055"
"366","275206","20220824072000","333","1","臺中市","南屯區","120.625","24.120","384"
"2476","275207","20220824072000","2746","0","臺中市","西屯區","120.650","24.180","2572"
"2430","275208","20220824072000","1814","2","臺中市","西屯區","120.635","24.185","2428"
"3803","275209","20220824072000","4010","0","臺中市","西屯區","120.645","24.180","3791"
"2022","275210","20220824072000","2064","0","臺中市","西屯區","120.640","24.180","1983"
"587","275211","20220824072000","365","3","臺中市","西屯區","120.655","24.185","554"
"1233","275212","20220824072000","796","3","臺中市","西屯區","120.660","24.165","1283"
"2351","275213","20220824072000","1973","1","臺中市","西屯區","120.650","24.160","2272"
"398","275214","20220824072000","446","0","臺中市","西屯區","120.665","24.170","438"
"563","275215","20220824072000","460","2","臺中市","大里區","120.710","24.110","553"
"390","275217","20220824072000","626","0","臺中市","太平區","120.710","24.115","396"
"154","275219","20220824072000","188","0","臺中市","太平區","120.710","24.120","212"
"829","275221","20220824072000","767","1","臺中市","太平區","120.705","24.125","781"
"544","275222","20220824072000","500","1","臺中市","太平區","120.710","24.125","535"
"1220","275223","20220824072000","1289","0","臺中市","太平區","120.715","24.125","1215"
"1295","275227","20220824072000","1177","1","臺中市","北屯區","120.670","24.180","1314"
"946","275228","20220824072000","594","3","臺中市","北屯區","120.665","24.180","970"
"85","275229","20220824072000","842","0","臺中市","北屯區","120.700","24.165","86"
"1642","275230","20220824072000","2350","0","臺中市","北屯區","120.700","24.170","1653"
"1249","275231","20220824072000","701","3","臺中市","北屯區","120.705","24.165","1239"
"1224","275232","20220824072000","1029","1","臺中市","北屯區","120.675","24.180","1418"
"667","275233","20220824072000","440","3","臺中市","北屯區","120.675","24.185","1089"
"2835","275234","20220824072000","1720","3","臺中市","北屯區","120.680","24.180","3077"
"2194","275235","20220824072000","1741","2","臺中市","北屯區","120.670","24.185","2237"
"912","275237","20220824072000","446","3","臺中市","北屯區","120.675","24.190","912"
"51","275238","20220824072000","668","0","臺中市","北屯區","120.680","24.185","64"
"3010","275239","20220824072000","3488","0","臺中市","北區","120.680","24.160","2977"
"2050","275240","20220824072000","2623","0","臺中市","南區","120.660","24.110","2107"
"2201","275241","20220824072000","2335","0","臺中市","南區","120.665","24.115","2124"
"2298","275242","20220824072000","2116","1","臺中市","南區","120.665","24.125","2282"
"1295","275243","20220824072000","1428","0","臺中市","南區","120.655","24.125","1351"
"1653","275245","20220824072000","1457","1","臺中市","南屯區","120.645","24.145","1661"
"2698","275246","20220824072000","3057","0","臺中市","西區","120.650","24.145","2741"
"92","275247","20220824072000","170","0","臺中市","南屯區","120.600","24.140","91"
"614","275249","20220824072000","488","2","臺中市","南屯區","120.610","24.140","639"
"306","275250","20220824072000","233","2","臺中市","南屯區","120.615","24.140","279"
"872","275251","20220824072000","495","3","臺中市","南屯區","120.600","24.145","844"
"1897","275252","20220824072000","1248","3","臺中市","南屯區","120.605","24.145","1792"
"1088","275253","20220824072000","686","3","臺中市","南屯區","120.610","24.145","1109"
"1522","275254","20220824072000","1183","2","臺中市","南屯區","120.615","24.145","1524"
"617","275255","20220824072000","673","0","臺中市","南屯區","120.620","24.145","572"
"56","275256","20220824072000","49","1","臺中市","南屯區","120.595","24.150","59"
"356","275257","20220824072000","215","3","臺中市","南屯區","120.600","24.150","310"
"10","275259","20220824072000","52","0","臺中市","南屯區","120.580","24.155","10"
"2489","275267","20220824072000","2729","0","臺中市","北屯區","120.690","24.185","2478"
"14","275268","20220824072000","21","0","臺中市","北屯區","120.690","24.190","14"
"481","275270","20220824072000","450","1","臺中市","大肚區","120.555","24.130","476"
"581","275272","20220824072000","501","1","臺中市","大肚區","120.555","24.135","560"
"694","275278","20220824072000","680","1","臺中市","南屯區","120.620","24.140","673"
"354","275280","20220824072000","296","1","臺中市","南屯區","120.625","24.145","312"
"495","275281","20220824072000","373","2","臺中市","南屯區","120.630","24.145","468"
"463","275284","20220824072000","389","1","臺中市","南屯區","120.610","24.130","487"
"535","275286","20220824072000","322","3","臺中市","南屯區","120.600","24.135","546"
"427","275288","20220824072000","429","0","臺中市","南屯區","120.610","24.135","485"
"209","275291","20220824072000","243","0","臺中市","南屯區","120.595","24.135","211"
"662","275293","20220824072000","992","0","臺中市","南屯區","120.605","24.135","728"
"1815","275294","20220824072000","1825","0","臺中市","南屯區","120.615","24.135","1776"
"55","275297","20220824072000","28","3","臺中市","南屯區","120.590","24.140","49"
"15","275298","20220824072000","23","0","臺中市","南屯區","120.595","24.140","13"
"590","275302","20220824072000","386","3","臺中市","南屯區","120.590","24.145","602"
"185","275307","20220824072000","135","2","臺中市","南屯區","120.590","24.150","203"
"162","275309","20220824072000","192","0","臺中市","南屯區","120.630","24.115","174"
"96","275311","20220824072000","382","0","臺中市","南屯區","120.630","24.120","96"
"478","275312","20220824072000","389","2","臺中市","南屯區","120.635","24.120","413"
"141","275314","20220824072000","44","3","臺中市","南屯區","120.625","24.135","161"
"3065","275315","20220824072000","2228","2","臺中市","南屯區","120.630","24.135","2983"
"1038","275316","20220824072000","743","2","臺中市","南屯區","120.630","24.140","1028"
"3338","275317","20220824072000","2186","3","臺中市","南屯區","120.635","24.140","3381"
"1613","275318","20220824072000","905","3","臺中市","南屯區","120.645","24.150","1689"
"2018","275319","20220824072000","1117","3","臺中市","南屯區","120.640","24.140","2006"
"1768","275320","20220824072000","2327","0","臺中市","南屯區","120.645","24.140","1889"
"360","275322","20220824072000","294","2","臺中市","南屯區","120.635","24.125","346"
"572","275325","20220824072000","451","2","臺中市","南屯區","120.635","24.130","545"
"1667","275326","20220824072000","1248","2","臺中市","南屯區","120.645","24.130","1558"
"977","275328","20220824072000","710","2","臺中市","南屯區","120.640","24.135","991"
"167","275329","20220824072000","517","0","臺中市","南屯區","120.640","24.130","196"
"204","275330","20220824072000","163","2","臺中市","南屯區","120.620","24.125","150"
"158","275332","20220824072000","392","0","臺中市","南屯區","120.630","24.125","564"
"196","275333","20220824072000","112","3","臺中市","南屯區","120.620","24.130","168"
"238","275336","20220824072000","148","3","臺中市","南屯區","120.640","24.125","193"
"478","275337","20220824072000","436","1","臺中市","南屯區","120.620","24.135","431"
"2000","275340","20220824072000","2189","0","臺中市","太平區","120.700","24.150","2033"
"1182","275341","20220824072000","999","1","臺中市","北區","120.700","24.155","1150"
"2645","275343","20220824072000","1938","2","臺中市","北屯區","120.685","24.180","2760"
"1167","275344","20220824072000","1039","1","臺中市","北屯區","120.690","24.180","1209"
"141","275350","20220824072000","287","0","臺中市","北屯區","120.745","24.160","154"
"229","275354","20220824072000","191","1","臺中市","太平區","120.770","24.160","252"
"37","275362","20220824072000","24","3","臺中市","北屯區","120.745","24.170","33"
"230","275365","20220824072000","192","1","臺中市","北屯區","120.760","24.170","246"
"22","275378","20220824072000","10","3","臺中市","北屯區","120.765","24.175","24"
"17","275380","20220824072000","219","0","臺中市","北屯區","120.775","24.175","23"
"139","275382","20220824072000","72","3","臺中市","北屯區","120.785","24.175","126"
"144","275386","20220824072000","139","1","臺中市","北屯區","120.750","24.180","150"
"874","275391","20220824072000","1199","0","臺中市","北屯區","120.710","24.160","856"
"264","275392","20220824072000","391","0","臺中市","北屯區","120.715","24.160","371"
"370","275393","20220824072000","452","0","臺中市","北屯區","120.710","24.165","376"
"704","275394","20220824072000","754","0","臺中市","北屯區","120.715","24.165","717"
"458","275395","20220824072000","721","0","臺中市","北屯區","120.720","24.165","497"
"1691","275396","20220824072000","1786","0","臺中市","北屯區","120.710","24.170","1698"
"407","275397","20220824072000","420","0","臺中市","北屯區","120.715","24.170","422"
"951","275398","20220824072000","1161","0","臺中市","北屯區","120.720","24.170","962"
"65","275399","20220824072000","60","1","臺中市","大肚區","120.570","24.150","71"
"137","275400","20220824072000","152","0","臺中市","大肚區","120.570","24.155","144"
"1369","275403","20220824072000","1259","1","臺中市","大肚區","120.570","24.160","1382"
"39","275420","20220824072000","40","0","臺中市","大肚區","120.535","24.150","53"
"2301","275421","20220824072000","2200","1","臺中市","西區","120.655","24.155","2286"
"1940","275422","20220824072000","1711","1","臺中市","西區","120.660","24.155","2050"
"697","275423","20220824072000","716","0","臺中市","西區","120.660","24.160","721"
"144","275424","20220824072000","174","0","臺中市","大里區","120.675","24.100","145"
"369","275425","20220824072000","553","0","臺中市","大里區","120.680","24.100","327"
"383","275426","20220824072000","298","2","臺中市","大里區","120.680","24.105","442"
"1878","275427","20220824072000","1045","3","臺中市","西區","120.680","24.135","1887"
"1063","275428","20220824072000","1018","1","臺中市","中區","120.680","24.145","1032"
"3196","275429","20220824072000","1353","3","臺中市","中區","120.680","24.140","3119"
"2418","275430","20220824072000","1526","3","臺中市","北屯區","120.680","24.170","2453"
"453","275431","20220824072000","913","0","臺中市","北屯區","120.685","24.170","436"
"558","275432","20220824072000","993","0","臺中市","北屯區","120.690","24.165","572"
"1406","275433","20220824072000","1297","1","臺中市","北屯區","120.695","24.170","1472"
"3040","275434","20220824072000","3034","1","臺中市","北屯區","120.695","24.175","3179"
"2680","275435","20220824072000","2473","1","臺中市","北屯區","120.690","24.175","2663"
"1570","275436","20220824072000","1303","2","臺中市","南屯區","120.630","24.150","1571"
"983","275437","20220824072000","638","3","臺中市","南屯區","120.630","24.155","948"
"623","275439","20220824072000","1150","0","臺中市","北屯區","120.710","24.175","590"
"351","275440","20220824072000","404","0","臺中市","北屯區","120.695","24.185","377"
"662","275442","20220824072000","755","0","臺中市","北屯區","120.710","24.180","626"
"206","275443","20220824072000","620","0","臺中市","北屯區","120.705","24.180","243"
"1061","275445","20220824072000","1020","1","臺中市","北屯區","120.705","24.185","1092"
"1722","275457","20220824072000","1472","1","臺中市","北區","120.670","24.160","1969"
"1719","275458","20220824072000","1882","0","臺中市","北區","120.685","24.155","1612"
"1396","275459","20220824072000","952","2","臺中市","北屯區","120.700","24.175","1433"
"651","275461","20220824072000","398","3","臺中市","大里區","120.710","24.100","632"
"895","275462","20220824072000","805","1","臺中市","大里區","120.715","24.100","844"
"1454","275463","20220824072000","2165","0","臺中市","大里區","120.690","24.105","1425"
"514","275464","20220824072000","939","0","臺中市","大里區","120.695","24.105","503"
"602","275466","20220824072000","979","0","臺中市","大里區","120.685","24.100","637"
"2991","275467","20220824072000","2582","1","臺中市","大里區","120.680","24.115","3015"
"551","275468","20220824072000","458","2","臺中市","大里區","120.685","24.115","607"
"961","275469","20220824072000","1142","0","臺中市","南屯區","120.635","24.135","939"
"34","275471","20220824072000","924","0","臺中市","大里區","120.695","24.110","34"
"1914","275477","20220824072000","1287","2","臺中市","太平區","120.715","24.155","1850"
"1160","275478","20220824072000","697","3","臺中市","北屯區","120.705","24.170","1175"
"348","275479","20220824072000","344","1","臺中市","北屯區","120.740","24.180","373"
"70","275480","20220824072000","287","0","臺中市","北屯區","120.745","24.180","59"
"10","275487","20220824072000","123","0","臺中市","北屯區","120.745","24.185","15"
"39","275492","20220824072000","42","0","臺中市","北屯區","120.770","24.185","45"
"16","275495","20220824072000","35","0","臺中市","北屯區","120.780","24.185","14"
"44","275502","20220824072000","85","0","臺中市","北屯區","120.765","24.185","44"
"1457","275504","20220824072000","1955","0","臺中市","北屯區","120.695","24.180","1467"
"1686","275505","20220824072000","1586","1","臺中市","西屯區","120.665","24.175","1680"
"783","275506","20220824072000","576","2","臺中市","西屯區","120.640","24.155","692"
"2171","275507","20220824072000","2387","0","臺中市","西屯區","120.645","24.155","2243"
"1044","275508","20220824072000","2338","0","臺中市","西屯區","120.640","24.160","1097"
"1656","275509","20220824072000","1156","2","臺中市","西屯區","120.645","24.160","1618"
"340","275510","20220824072000","801","0","臺中市","西屯區","120.640","24.165","318"
"1806","275511","20220824072000","1878","0","臺中市","西屯區","120.645","24.165","1786"
"1284","275512","20220824072000","1179","1","臺中市","西屯區","120.650","24.170","1281"
"790","275513","20220824072000","553","2","臺中市","太平區","120.720","24.145","828"
"581","275515","20220824072000","550","1","臺中市","太平區","120.715","24.145","614"
"1714","275517","20220824072000","1540","1","臺中市","大里區","120.690","24.115","1724"
"641","275518","20220824072000","556","1","臺中市","大里區","120.690","24.120","636"
"839","275519","20220824072000","328","3","臺中市","東區","120.700","24.125","828"
"30","275662","20220824072000","24","2","臺中市","和平區","120.955","24.160","17"
"113","275685","20220824072000","66","3","臺中市","和平區","120.950","24.165","141"
"63","275710","20220824072000","25","3","臺中市","和平區","120.945","24.170","48"
"198","275829","20220824072000","127","3","臺中市","和平區","120.990","24.185","137"
"144","276007","20220824072000","134","1","臺中市","和平區","120.925","24.180","143"
"159","276027","20220824072000","953","0","臺中市","北屯區","120.700","24.180","164"
"1562","276028","20220824072000","1939","0","臺中市","南區","120.680","24.130","1534"
"1477","276029","20220824072000","2193","0","臺中市","西屯區","120.620","24.180","1489"
"1187","276033","20220824072000","1939","0","臺中市","西屯區","120.650","24.185","1371"
"698","276037","20220824072000","549","2","臺中市","西屯區","120.635","24.160","718"
"1386","276039","20220824072000","1050","2","臺中市","西屯區","120.635","24.165","1362"
"448","276040","20220824072000","309","2","臺中市","西屯區","120.630","24.170","453"
"465","276041","20220824072000","640","0","臺中市","西屯區","120.635","24.170","493"
"1839","276043","20220824072000","1665","1","臺中市","太平區","120.715","24.140","1870"
"90","276044","20220824072000","878","0","臺中市","太平區","120.720","24.155","91"
"2245","276045","20220824072000","2365","0","臺中市","西區","120.660","24.140","2252"
"1888","276046","20220824072000","1919","0","臺中市","西區","120.660","24.145","1889"
"1178","276048","20220824072000","1322","0","臺中市","南區","120.660","24.130","1154"
"108","276451","20220824072000","222","0","花蓮縣","秀林鄉","121.285","24.140","147"
"254","276521","20220824072000","205","2","花蓮縣","秀林鄉","121.635","24.140","267"
"12","276664","20220824072000","81","0","花蓮縣","秀林鄉","121.625","24.150","10"
"158","276735","20220824072000","81","3","花蓮縣","秀林鄉","121.625","24.155","148"
"75","276803","20220824072000","53","2","花蓮縣","秀林鄉","121.620","24.160","70"
"47","276945","20220824072000","91","0","花蓮縣","秀林鄉","121.300","24.175","83"
"86","277000","20220824072000","65","2","花蓮縣","秀林鄉","121.570","24.175","76"
"11","277055","20220824072000","10","1","花蓮縣","秀林鄉","121.510","24.180","16"
"368","277116","20220824072000","206","3","花蓮縣","秀林鄉","121.495","24.180","370"
"648","277183","20220824072000","419","3","花蓮縣","秀林鄉","121.655","24.125","646"
"71","277187","20220824072000","47","3","花蓮縣","秀林鄉","121.645","24.135","60"
"277","277214","20220824072000","219","2","花蓮縣","秀林鄉","121.650","24.155","309"
"154","277223","20220824072000","122","2","花蓮縣","秀林鄉","121.655","24.160","221"
"128","277237","20220824072000","107","1","花蓮縣","秀林鄉","121.655","24.170","214"
"2261","277409","20220824072000","3313","0","臺中市","西屯區","120.645","24.170","2257"
"564","277410","20220824072000","436","2","臺中市","太平區","120.730","24.155","539"
"147","277411","20220824072000","790","0","臺中市","太平區","120.735","24.155","144"
"26","277415","20220824072000","225","0","臺中市","大肚區","120.550","24.120","19"
"985","277420","20220824072000","913","1","臺中市","大肚區","120.570","24.120","929"
"80","277421","20220824072000","772","0","臺中市","大肚區","120.575","24.120","92"
"458","277423","20220824072000","373","2","臺中市","大肚區","120.570","24.125","435"
"51","277425","20220824072000","456","0","臺中市","大肚區","120.580","24.125","61"
"10","277426","20220824072000","232","0","臺中市","大肚區","120.570","24.130","283"
"302","277434","20220824072000","230","2","臺中市","大肚區","120.585","24.135","293"
"2247","277437","20220824072000","2291","0","臺中市","大里區","120.705","24.105","2247"
"517","277439","20220824072000","477","1","臺中市","大里區","120.705","24.110","581"
"42","277440","20220824072000","442","0","臺中市","太平區","120.705","24.150","32"
"361","277441","20220824072000","779","0","臺中市","太平區","120.710","24.150","384"
"465","277442","20220824072000","319","2","臺中市","烏日區","120.625","24.100","504"
"848","277443","20220824072000","783","1","臺中市","烏日區","120.630","24.100","825"
"1666","277444","20220824072000","1118","2","臺中市","烏日區","120.620","24.105","1592"
"526","277445","20220824072000","436","2","臺中市","烏日區","120.625","24.105","545"
"163","277450","20220824072000","135","2","臺中市","西屯區","120.595","24.165","160"
"287","277451","20220824072000","247","1","臺中市","西屯區","120.600","24.165","300"
"230","277452","20220824072000","240","0","臺中市","西屯區","120.605","24.165","214"
"430","277453","20220824072000","420","1","臺中市","西屯區","120.610","24.165","451"
"749","277457","20220824072000","733","1","臺中市","西屯區","120.590","24.170","717"
"152","277458","20220824072000","87","3","臺中市","西屯區","120.595","24.170","145"
"94","277460","20220824072000","93","1","臺中市","西屯區","120.605","24.170","91"
"417","277461","20220824072000","592","0","臺中市","西屯區","120.610","24.170","384"
"143","277462","20220824072000","229","0","臺中市","西屯區","120.615","24.170","136"
"824","277463","20220824072000","677","2","臺中市","西屯區","120.620","24.170","793"
"146","277467","20220824072000","136","1","臺中市","西屯區","120.605","24.175","145"
"606","277468","20220824072000","501","2","臺中市","西屯區","120.595","24.175","571"
"433","277471","20220824072000","273","3","臺中市","西屯區","120.620","24.175","414"
"1237","277473","20220824072000","1707","0","臺中市","西屯區","120.595","24.180","1256"
"525","277474","20220824072000","238","3","臺中市","西屯區","120.595","24.185","503"
"97","277475","20220824072000","764","0","臺中市","西屯區","120.600","24.175","84"
"2058","277477","20220824072000","2098","0","臺中市","太平區","120.720","24.130","2079"
"28","277478","20220824072000","326","0","臺中市","太平區","120.710","24.130","30"
"78","277480","20220824072000","1164","0","臺中市","太平區","120.715","24.135","88"
"1940","277481","20220824072000","1607","2","臺中市","太平區","120.730","24.150","1894"
"39","277483","20220824072000","234","0","臺中市","大肚區","120.575","24.170","34"
"587","277484","20220824072000","969","0","臺中市","大肚區","120.580","24.170","622"
"1826","277487","20220824072000","1801","1","臺中市","大肚區","120.545","24.155","1854"
"67","277488","20220824072000","580","0","臺中市","大肚區","120.540","24.160","85"
"733","277489","20220824072000","652","1","臺中市","大肚區","120.545","24.160","711"
"320","277492","20220824072000","253","2","臺中市","大肚區","120.535","24.165","295"
"573","277493","20220824072000","1112","0","臺中市","大里區","120.690","24.100","530"
"410","277496","20220824072000","347","1","臺中市","太平區","120.735","24.105","414"
"823","277503","20220824072000","910","0","臺中市","太平區","120.730","24.140","767"
"959","277504","20220824072000","1233","0","臺中市","太平區","120.735","24.140","971"
"15","277507","20220824072000","28","0","臺中市","太平區","120.730","24.145","18"
"711","277508","20220824072000","1352","0","臺中市","太平區","120.735","24.145","746"
"1501","277520","20220824072000","1322","1","臺中市","太平區","120.740","24.155","1463"
"175","277531","20220824072000","922","0","臺中市","太平區","120.730","24.125","179"
"122","277532","20220824072000","225","0","臺中市","太平區","120.725","24.130","108"
"1532","277533","20220824072000","1432","1","臺中市","東區","120.690","24.130","1504"
"1073","277534","20220824072000","1140","0","臺中市","東區","120.690","24.140","1094"
"2701","277535","20220824072000","1659","3","臺中市","中區","120.685","24.140","2597"
"15","277537","20220824072000","210","0","臺中市","太平區","120.735","24.130","17"
"745","277538","20220824072000","1007","0","臺中市","太平區","120.720","24.100","745"
"682","277540","20220824072000","615","1","臺中市","太平區","120.720","24.105","725"
"932","277541","20220824072000","919","1","臺中市","太平區","120.725","24.140","938"
"464","277542","20220824072000","460","1","臺中市","太平區","120.730","24.135","496"
"989","277544","20220824072000","947","1","臺中市","龍井區","120.540","24.175","994"
"654","277557","20220824072000","445","2","臺中市","大肚區","120.560","24.125","608"
"37","277558","20220824072000","655","0","臺中市","大肚區","120.565","24.125","37"
"767","277564","20220824072000","766","1","臺中市","龍井區","120.575","24.175","772"
"257","277565","20220824072000","633","0","臺中市","龍井區","120.580","24.175","245"
"609","277566","20220824072000","625","0","臺中市","太平區","120.725","24.145","622"
"773","277567","20220824072000","686","1","臺中市","太平區","120.720","24.125","751"
"80","277597","20220824072000","62","2","臺中市","東勢區","120.840","24.185","84"
"29","277611","20220824072000","17","3","臺中市","東勢區","120.865","24.185","27"
"665","277614","20220824072000","824","0","臺中市","太平區","120.710","24.135","682"
"1562","277615","20220824072000","1460","1","臺中市","東區","120.705","24.140","1551"
"1441","277617","20220824072000","1206","1","臺中市","東區","120.695","24.150","1412"
"176","277618","20220824072000","1791","0","臺中市","太平區","120.705","24.155","214"
"820","277619","20220824072000","836","0","臺中市","太平區","120.705","24.160","812"
"1852","277620","20220824072000","907","3","臺中市","太平區","120.710","24.155","1658"
"1916","277621","20220824072000","1491","2","臺中市","東區","120.690","24.135","1865"
"625","277622","20220824072000","595","1","臺中市","東區","120.690","24.145","622"
"2267","277623","20220824072000","1735","2","臺中市","東區","120.700","24.140","2325"
"1855","277624","20220824072000","1856","0","臺中市","北區","120.675","24.155","1792"
"1745","277625","20220824072000","1624","1","臺中市","西區","120.660","24.150","1750"
"2379","277626","20220824072000","1877","2","臺中市","西區","120.665","24.155","2294"
"14","277630","20220824072000","414","0","臺中市","龍井區","120.550","24.185","27"
"222","277637","20220824072000","201","1","臺中市","烏日區","120.650","24.105","226"
"957","277638","20220824072000","920","1","臺中市","烏日區","120.655","24.105","1012"
"3219","277639","20220824072000","2863","1","臺中市","西屯區","120.640","24.170","3257"
"1197","277640","20220824072000","1700","0","臺中市","西屯區","120.655","24.170","1226"
"3794","277641","20220824072000","3856","0","臺中市","西屯區","120.660","24.170","4073"
"1698","277642","20220824072000","1947","0","臺中市","太平區","120.720","24.150","1742"
"298","277643","20220824072000","263","1","臺中市","太平區","120.725","24.150","312"
"1551","277644","20220824072000","1507","1","臺中市","太平區","120.725","24.155","1583"
"1322","277646","20220824072000","614","3","臺中市","烏日區","120.605","24.105","1335"
"409","277647","20220824072000","311","2","臺中市","烏日區","120.610","24.105","402"
"132","277648","20220824072000","140","0","臺中市","烏日區","120.600","24.110","203"
"1184","277649","20220824072000","1846","0","臺中市","烏日區","120.605","24.110","1189"
"37","277650","20220824072000","24","3","臺中市","烏日區","120.610","24.110","38"
"437","277652","20220824072000","367","1","臺中市","烏日區","120.605","24.115","414"
"391","277653","20220824072000","262","2","臺中市","烏日區","120.610","24.115","389"
"186","277655","20220824072000","136","2","臺中市","烏日區","120.595","24.120","171"
"337","277656","20220824072000","1082","0","臺中市","烏日區","120.635","24.110","353"
"1140","277657","20220824072000","1059","1","臺中市","烏日區","120.640","24.110","1157"
"1951","277661","20220824072000","1309","2","臺中市","西區","120.665","24.150","2041"
"227","277662","20220824072000","382","0","臺中市","西區","120.670","24.150","254"
"1665","277663","20220824072000","2788","0","臺中市","西區","120.675","24.135","1683"
"1693","277664","20220824072000","1732","0","臺中市","西區","120.665","24.145","1748"
"199","277681","20220824072000","141","2","花蓮縣","秀林鄉","121.630","24.115","235"
"104","277712","20220824072000","75","2","花蓮縣","秀林鄉","121.630","24.125","81"
"264","277713","20220824072000","200","2","花蓮縣","秀林鄉","121.635","24.125","286"
"218","277756","20220824072000","194","1","花蓮縣","新城鄉","121.615","24.100","215"
"189","277759","20220824072000","142","2","花蓮縣","新城鄉","121.620","24.105","176"
"372","277766","20220824072000","350","1","花蓮縣","新城鄉","121.640","24.115","361"
"63","277799","20220824072000","55","1","花蓮縣","新城鄉","121.650","24.125","53"
"210","277805","20220824072000","166","2","花蓮縣","新城鄉","121.645","24.130","191"
"27","277807","20220824072000","33","0","彰化縣","彰化市","120.545","24.100","25"
"1102","277812","20220824072000","976","1","彰化縣","和美鎮","120.495","24.115","1082"
"371","277817","20220824072000","256","2","彰化縣","彰化市","120.560","24.105","360"
"402","277821","20220824072000","165","3","彰化縣","和美鎮","120.505","24.140","400"
"1119","277830","20220824072000","1214","0","彰化縣","和美鎮","120.500","24.105","1102"
"1979","277831","20220824072000","1905","1","彰化縣","和美鎮","120.495","24.110","1975"
"1561","277832","20220824072000","1607","0","彰化縣","和美鎮","120.500","24.110","1608"
"78","277834","20220824072000","1028","0","彰化縣","伸港鄉","120.480","24.140","71"
"124","277848","20220824072000","94","2","南投縣","國姓鄉","120.895","24.110","120"
"29","277865","20220824072000","23","2","南投縣","國姓鄉","120.850","24.105","23"
"70","277866","20220824072000","58","2","南投縣","國姓鄉","120.855","24.105","99"
"629","277889","20220824072000","537","1","彰化縣","和美鎮","120.490","24.110","665"
"247","277890","20220824072000","248","0","彰化縣","和美鎮","120.490","24.115","265"
"223","277892","20220824072000","239","0","彰化縣","和美鎮","120.515","24.125","210"
"25","277895","20220824072000","39","0","彰化縣","和美鎮","120.520","24.130","30"
"412","277898","20220824072000","342","2","彰化縣","和美鎮","120.515","24.135","534"
"427","277902","20220824072000","382","1","彰化縣","和美鎮","120.500","24.130","431"
"24","277906","20220824072000","21","1","彰化縣","和美鎮","120.505","24.135","19"
"51","277907","20220824072000","47","1","彰化縣","和美鎮","120.510","24.135","54"
"1477","277912","20220824072000","1226","2","彰化縣","和美鎮","120.490","24.120","1460"
"655","277913","20220824072000","594","1","彰化縣","和美鎮","120.495","24.120","718"
"71","277919","20220824072000","185","0","彰化縣","伸港鄉","120.510","24.160","66"
"86","277922","20220824072000","61","2","彰化縣","伸港鄉","120.510","24.165","79"
"140","277925","20220824072000","656","0","彰化縣","伸港鄉","120.505","24.170","159"
"124","277926","20220824072000","115","1","彰化縣","伸港鄉","120.510","24.170","103"
"334","277931","20220824072000","156","3","彰化縣","伸港鄉","120.505","24.180","341"
"1053","277935","20220824072000","559","3","彰化縣","彰化市","120.575","24.100","1036"
"46","277953","20220824072000","705","0","彰化縣","和美鎮","120.530","24.110","38"
"14","277963","20220824072000","19","0","彰化縣","和美鎮","120.535","24.105","13"
"48","277967","20220824072000","683","0","彰化縣","和美鎮","120.545","24.110","54"
"13","277968","20220824072000","29","0","彰化縣","和美鎮","120.540","24.115","15"
"21","277971","20220824072000","46","0","彰化縣","和美鎮","120.530","24.100","36"
"1382","277975","20220824072000","1090","2","彰化縣","和美鎮","120.525","24.115","1411"
"21","277978","20220824072000","17","2","彰化縣","和美鎮","120.485","24.135","27"
"108","277979","20220824072000","174","0","彰化縣","和美鎮","120.485","24.140","124"
"456","277980","20220824072000","2240","0","彰化縣","伸港鄉","120.485","24.145","482"
"241","277982","20220824072000","662","0","彰化縣","伸港鄉","120.490","24.150","217"
"266","277984","20220824072000","163","3","彰化縣","伸港鄉","120.470","24.145","274"
"63","277985","20220824072000","338","0","彰化縣","伸港鄉","120.475","24.145","67"
"153","277994","20220824072000","749","0","彰化縣","伸港鄉","120.500","24.140","152"
"129","277998","20220824072000","253","0","彰化縣","伸港鄉","120.480","24.155","125"
"825","278002","20220824072000","748","1","彰化縣","和美鎮","120.490","24.105","830"
"41","278003","20220824072000","103","0","彰化縣","和美鎮","120.490","24.125","34"
"601","278011","20220824072000","460","2","彰化縣","和美鎮","120.515","24.105","652"
"650","278012","20220824072000","548","1","彰化縣","和美鎮","120.510","24.110","617"
"124","278018","20220824072000","511","0","彰化縣","和美鎮","120.510","24.150","144"
"41","278026","20220824072000","582","0","彰化縣","線西鄉","120.455","24.145","43"
"315","278032","20220824072000","133","3","彰化縣","伸港鄉","120.450","24.155","289"
"1337","278037","20220824072000","1226","1","彰化縣","和美鎮","120.500","24.115","1292"
"1001","278047","20220824072000","529","3","彰化縣","和美鎮","120.490","24.130","959"
"1138","278050","20220824072000","575","3","彰化縣","和美鎮","120.490","24.100","1110"
"1933","278052","20220824072000","703","3","彰化縣","和美鎮","120.515","24.100","1882"
"931","278053","20220824072000","619","3","彰化縣","和美鎮","120.520","24.100","1069"
"146","278058","20220824072000","105","2","彰化縣","和美鎮","120.485","24.100","149"
"480","278060","20220824072000","459","1","彰化縣","和美鎮","120.485","24.110","462"
"69","278065","20220824072000","178","0","彰化縣","伸港鄉","120.475","24.155","82"
"44","278066","20220824072000","13","3","彰化縣","伸港鄉","120.470","24.160","38"
"11","278084","20220824072000","13","0","彰化縣","伸港鄉","120.485","24.180","14"
"1056","278099","20220824072000","1060","0","彰化縣","和美鎮","120.530","24.105","1021"
"531","278100","20220824072000","434","2","彰化縣","和美鎮","120.515","24.120","533"
"276","278175","20220824072000","201","2","南投縣","仁愛鄉","121.190","24.145","329"
"418","278457","20220824072000","311","2","南投縣","仁愛鄉","121.205","24.110","498"
"158","278506","20220824072000","193","0","南投縣","仁愛鄉","121.270","24.140","241"
"56","278518","20220824072000","84","0","南投縣","仁愛鄉","121.285","24.160","70"
"124","278973","20220824072000","104","1","南投縣","仁愛鄉","121.185","24.120","187"
"270","279090","20220824072000","296","0","南投縣","仁愛鄉","121.170","24.155","319"
"43","279213","20220824072000","78","0","南投縣","仁愛鄉","121.200","24.180","59"
"232","279218","20220824072000","206","1","南投縣","仁愛鄉","121.225","24.180","220"
"253","279255","20220824072000","1815","0","彰化縣","伸港鄉","120.485","24.160","302"
"256","279258","20220824072000","710","0","彰化縣","伸港鄉","120.495","24.160","234"
"39","279282","20220824072000","37","1","彰化縣","線西鄉","120.420","24.130","50"
"43","279286","20220824072000","417","0","彰化縣","和美鎮","120.480","24.105","60"
"17","279292","20220824072000","398","0","彰化縣","鹿港鎮","120.460","24.105","28"
"18","279293","20220824072000","437","0","彰化縣","鹿港鎮","120.465","24.105","18"
"678","279295","20220824072000","342","3","彰化縣","鹿港鎮","120.465","24.110","650"
"399","279296","20220824072000","198","3","彰化縣","鹿港鎮","120.460","24.115","416"
"1759","279303","20220824072000","1356","2","彰化縣","線西鄉","120.465","24.130","1703"
"45","279311","20220824072000","284","0","彰化縣","線西鄉","120.435","24.140","362"
"650","279350","20220824072000","418","3","彰化縣","鹿港鎮","120.450","24.115","638"
"265","279359","20220824072000","155","3","彰化縣","鹿港鎮","120.455","24.120","277"
"55","279366","20220824072000","47","1","彰化縣","線西鄉","120.460","24.130","54"
"477","279368","20220824072000","461","1","彰化縣","線西鄉","120.430","24.130","444"
"644","279371","20220824072000","362","3","彰化縣","線西鄉","120.425","24.135","651"
"26","279375","20220824072000","354","0","彰化縣","線西鄉","120.470","24.135","22"
"172","279379","20220824072000","91","3","彰化縣","線西鄉","120.440","24.150","169"
"233","279387","20220824072000","198","1","彰化縣","線西鄉","120.445","24.150","196"
"486","279389","20220824072000","350","2","彰化縣","線西鄉","120.480","24.115","482"
"257","279392","20220824072000","221","1","彰化縣","和美鎮","120.485","24.120","237"
"363","279396","20220824072000","394","0","彰化縣","線西鄉","120.480","24.125","390"
"664","279398","20220824072000","434","3","彰化縣","線西鄉","120.470","24.130","651"
"296","285401","20220824072000","273","1","臺中市","清水區","120.560","24.270","291"
"2208","285403","20220824072000","2075","1","臺中市","清水區","120.550","24.275","2252"
"722","285405","20220824072000","685","1","臺中市","清水區","120.540","24.275","657"
"97","285406","20220824072000","775","0","臺中市","北屯區","120.665","24.195","108"
"875","285409","20220824072000","603","2","臺中市","北屯區","120.680","24.195","832"
"852","285410","20220824072000","572","2","臺中市","北屯區","120.665","24.200","795"
"628","285412","20220824072000","556","1","臺中市","北屯區","120.675","24.200","612"
"650","285413","20220824072000","484","2","臺中市","北屯區","120.680","24.200","603"
"656","285414","20220824072000","589","1","臺中市","北屯區","120.685","24.200","647"
"36","285415","20220824072000","27","2","臺中市","北屯區","120.665","24.190","42"
"1473","285416","20220824072000","835","3","臺中市","北屯區","120.670","24.190","1441"
"21","285418","20220824072000","846","0","臺中市","沙鹿區","120.560","24.240","19"
"1655","285419","20220824072000","2354","0","臺中市","沙鹿區","120.565","24.240","1682"
"61","285422","20220824072000","55","1","臺中市","沙鹿區","120.565","24.245","76"
"350","285423","20220824072000","579","0","臺中市","沙鹿區","120.570","24.245","343"
"380","285425","20220824072000","400","0","臺中市","沙鹿區","120.560","24.250","421"
"483","285428","20220824072000","428","1","臺中市","沙鹿區","120.565","24.255","473"
"1643","285431","20220824072000","753","3","臺中市","清水區","120.575","24.275","1596"
"1504","285434","20220824072000","1240","2","臺中市","潭子區","120.715","24.205","1670"
"619","285437","20220824072000","362","3","臺中市","潭子區","120.700","24.200","557"
"543","285439","20220824072000","519","1","臺中市","潭子區","120.700","24.205","525"
"546","285440","20220824072000","550","0","臺中市","潭子區","120.700","24.210","584"
"1465","285441","20220824072000","1579","0","臺中市","潭子區","120.705","24.210","1460"
"610","285442","20220824072000","1342","0","臺中市","潭子區","120.700","24.215","634"
"91","285443","20220824072000","173","0","臺中市","潭子區","120.710","24.195","95"
"67","285444","20220824072000","68","0","臺中市","潭子區","120.705","24.200","75"
"662","285445","20220824072000","582","1","臺中市","潭子區","120.710","24.200","728"
"1359","285446","20220824072000","1585","0","臺中市","潭子區","120.705","24.205","1470"
"2927","285447","20220824072000","2239","2","臺中市","潭子區","120.710","24.205","2915"
"487","285453","20220824072000","396","2","臺中市","潭子區","120.720","24.195","476"
"575","285454","20220824072000","543","1","臺中市","潭子區","120.725","24.195","568"
"531","285459","20220824072000","458","1","臺中市","潭子區","120.725","24.200","528"
"1203","285460","20220824072000","1147","1","臺中市","潭子區","120.730","24.200","1149"
"98","285468","20220824072000","87","1","臺中市","潭子區","120.745","24.210","85"
"3943","285469","20220824072000","3185","2","臺中市","北屯區","120.705","24.190","3848"
"66","285470","20220824072000","66","1","臺中市","北屯區","120.705","24.195","59"
"472","285472","20220824072000","308","3","臺中市","大雅區","120.615","24.235","425"
"695","285473","20220824072000","465","2","臺中市","沙鹿區","120.610","24.240","816"
"136","285474","20220824072000","757","0","臺中市","沙鹿區","120.615","24.240","140"
"11","285488","20220824072000","93","0","臺中市","沙鹿區","120.575","24.240","11"
"318","285500","20220824072000","360","0","臺中市","沙鹿區","120.560","24.225","327"
"1008","285503","20220824072000","1193","0","臺中市","沙鹿區","120.565","24.225","996"
"85","285504","20220824072000","418","0","臺中市","神岡區","120.655","24.250","96"
"11","285505","20220824072000","13","0","臺中市","神岡區","120.660","24.250","12"
"40","285507","20220824072000","49","0","臺中市","神岡區","120.660","24.255","43"
"28","285509","20220824072000","335","0","臺中市","神岡區","120.675","24.260","621"
"786","285515","20220824072000","612","2","臺中市","神岡區","120.680","24.265","768"
"81","285519","20220824072000","681","0","臺中市","神岡區","120.655","24.275","87"
"672","285522","20220824072000","1894","0","臺中市","豐原區","120.705","24.240","660"
"881","285523","20220824072000","778","1","臺中市","豐原區","120.700","24.245","897"
"730","285524","20220824072000","1172","0","臺中市","豐原區","120.705","24.245","726"
"343","285525","20220824072000","283","2","臺中市","龍井區","120.560","24.190","379"
"422","285526","20220824072000","363","1","臺中市","龍井區","120.535","24.195","416"
"47","285527","20220824072000","47","1","臺中市","龍井區","120.540","24.195","47"
"521","285528","20220824072000","463","1","臺中市","龍井區","120.545","24.195","510"
"673","285531","20220824072000","559","2","臺中市","龍井區","120.560","24.195","668"
"620","285533","20220824072000","685","0","臺中市","龍井區","120.545","24.200","648"
"341","285536","20220824072000","311","1","臺中市","龍井區","120.560","24.200","404"
"577","285538","20220824072000","635","0","臺中市","潭子區","120.705","24.215","597"
"40","285539","20220824072000","41","0","臺中市","潭子區","120.700","24.220","36"
"1084","285540","20220824072000","1064","1","臺中市","潭子區","120.705","24.220","1053"
"1893","285541","20220824072000","2146","0","臺中市","潭子區","120.705","24.225","1913"
"404","285542","20220824072000","483","0","臺中市","龍井區","120.590","24.190","402"
"293","285544","20220824072000","291","1","臺中市","西屯區","120.605","24.190","282"
"811","285547","20220824072000","713","1","臺中市","神岡區","120.690","24.265","794"
"224","285549","20220824072000","110","3","臺中市","神岡區","120.685","24.270","219"
"180","285551","20220824072000","118","3","臺中市","神岡區","120.675","24.275","205"
"336","285553","20220824072000","341","0","臺中市","神岡區","120.685","24.275","340"
"405","285559","20220824072000","165","3","臺中市","神岡區","120.690","24.275","408"
"985","285561","20220824072000","689","2","臺中市","神岡區","120.680","24.240","1000"
"547","285565","20220824072000","462","1","臺中市","神岡區","120.680","24.245","579"
"922","285567","20220824072000","599","3","臺中市","神岡區","120.675","24.250","949"
"1405","285568","20220824072000","1320","1","臺中市","神岡區","120.685","24.245","1347"
"47","285569","20220824072000","55","0","臺中市","神岡區","120.680","24.250","50"
"37","285570","20220824072000","370","0","臺中市","神岡區","120.685","24.250","41"
"86","285571","20220824072000","109","0","臺中市","神岡區","120.690","24.250","80"
"321","285573","20220824072000","261","2","臺中市","神岡區","120.685","24.255","321"
"176","285574","20220824072000","121","2","臺中市","神岡區","120.690","24.255","164"
"1866","285581","20220824072000","1552","2","臺中市","沙鹿區","120.555","24.230","1844"
"1167","285582","20220824072000","1294","0","臺中市","沙鹿區","120.555","24.235","1123"
"312","285584","20220824072000","343","0","臺中市","沙鹿區","120.580","24.250","246"
"622","285593","20220824072000","611","1","臺中市","沙鹿區","120.600","24.255","601"
"388","285599","20220824072000","320","2","臺中市","沙鹿區","120.600","24.260","400"
"405","285602","20220824072000","217","3","臺中市","沙鹿區","120.585","24.265","380"
"458","285607","20220824072000","276","3","臺中市","大雅區","120.655","24.210","494"
"339","285613","20220824072000","456","0","臺中市","大雅區","120.665","24.220","370"
"44","285618","20220824072000","384","0","臺中市","新社區","120.805","24.250","44"
"440","285621","20220824072000","293","3","臺中市","新社區","120.805","24.255","409"
"213","285626","20220824072000","111","3","臺中市","梧棲區","120.515","24.260","130"
"331","285627","20220824072000","182","3","臺中市","梧棲區","120.520","24.260","181"
"129","285630","20220824072000","214","0","臺中市","梧棲區","120.515","24.270","75"
"1166","285634","20220824072000","1300","0","臺中市","梧棲區","120.535","24.255","1149"
"753","285635","20220824072000","633","1","臺中市","梧棲區","120.550","24.255","762"
"553","285637","20220824072000","789","0","臺中市","梧棲區","120.560","24.255","535"
"1336","285638","20220824072000","983","2","臺中市","梧棲區","120.540","24.260","1287"
"515","285642","20220824072000","604","0","臺中市","梧棲區","120.555","24.240","506"
"1929","285644","20220824072000","1389","2","臺中市","梧棲區","120.545","24.245","1945"
"483","285646","20220824072000","1264","0","臺中市","神岡區","120.695","24.245","616"
"675","285648","20220824072000","584","1","臺中市","神岡區","120.695","24.255","687"
"188","285657","20220824072000","148","2","臺中市","梧棲區(海)","120.490","24.255","176"
"18","285659","20220824072000","38","0","臺中市","梧棲區(海)","120.500","24.255","18"
"353","285667","20220824072000","229","3","臺中市","梧棲區(海)","120.500","24.265","251"
"91","285671","20220824072000","91","1","臺中市","梧棲區(海)","120.500","24.270","90"
"68","285677","20220824072000","59","1","臺中市","梧棲區(海)","120.505","24.275","66"
"81","285682","20220824072000","121","0","臺中市","梧棲區","120.530","24.260","103"
"255","285683","20220824072000","299","0","臺中市","北屯區","120.790","24.205","230"
"394","285685","20220824072000","223","3","臺中市","新社區","120.805","24.190","393"
"132","285695","20220824072000","131","1","臺中市","新社區","120.815","24.200","150"
"180","285697","20220824072000","200","0","臺中市","新社區","120.805","24.205","190"
"180","285701","20220824072000","125","2","臺中市","新社區","120.805","24.210","173"
"280","285707","20220824072000","284","0","臺中市","新社區","120.800","24.220","310"
"173","285713","20220824072000","118","2","臺中市","新社區","120.795","24.235","158"
"29","285717","20220824072000","325","0","臺中市","新社區","120.795","24.230","34"
"176","285720","20220824072000","119","2","臺中市","新社區","120.780","24.230","186"
"56","285727","20220824072000","378","0","臺中市","新社區","120.785","24.235","63"
"1104","285738","20220824072000","826","2","臺中市","神岡區","120.700","24.250","1085"
"637","285742","20220824072000","463","2","臺中市","神岡區","120.645","24.250","628"
"179","285745","20220824072000","159","1","臺中市","神岡區","120.645","24.255","219"
"96","285747","20220824072000","138","0","臺中市","神岡區","120.635","24.260","97"
"456","285750","20220824072000","1257","0","臺中市","豐原區","120.710","24.245","503"
"1239","285752","20220824072000","709","3","臺中市","豐原區","120.720","24.260","1222"
"3232","285754","20220824072000","2665","2","臺中市","豐原區","120.720","24.265","3153"
"337","285758","20220824072000","281","1","臺中市","豐原區","120.715","24.275","352"
"829","285759","20220824072000","353","3","臺中市","豐原區","120.720","24.275","931"
"375","285761","20220824072000","365","1","臺中市","豐原區","120.720","24.280","307"
"816","285764","20220824072000","1115","0","臺中市","梧棲區","120.545","24.240","1409"
"1030","285765","20220824072000","1257","0","臺中市","梧棲區","120.540","24.245","1113"
"371","285766","20220824072000","340","1","臺中市","梧棲區","120.520","24.255","292"
"774","285767","20220824072000","904","0","臺中市","梧棲區","120.525","24.255","730"
"225","285773","20220824072000","198","1","臺中市","新社區","120.810","24.225","231"
"513","285777","20220824072000","432","1","臺中市","新社區","120.805","24.230","439"
"2741","285782","20220824072000","1553","3","臺中市","豐原區","120.725","24.255","2511"
"723","285783","20220824072000","832","0","臺中市","豐原區","120.705","24.250","752"
"623","285785","20220824072000","530","1","臺中市","豐原區","120.720","24.240","612"
"1358","285787","20220824072000","1481","0","臺中市","豐原區","120.715","24.235","1300"
"1863","285788","20220824072000","1471","2","臺中市","豐原區","120.720","24.235","1837"
"736","285789","20220824072000","696","1","臺中市","豐原區","120.725","24.235","767"
"2975","285791","20220824072000","1760","3","臺中市","豐原區","120.715","24.245","3082"
"117","285792","20220824072000","113","1","臺中市","豐原區","120.710","24.240","135"
"40","285793","20220824072000","68","0","臺中市","豐原區","120.725","24.250","45"
"502","285796","20220824072000","311","3","臺中市","豐原區","120.740","24.240","505"
"509","285799","20220824072000","1057","0","臺中市","豐原區","120.730","24.245","637"
"827","285800","20220824072000","531","3","臺中市","豐原區","120.735","24.245","803"
"1101","285803","20220824072000","550","3","臺中市","豐原區","120.730","24.250","942"
"933","285804","20220824072000","611","3","臺中市","豐原區","120.735","24.250","983"
"937","285805","20220824072000","823","1","臺中市","豐原區","120.740","24.250","951"
"21","285806","20220824072000","643","0","臺中市","龍井區","120.525","24.210","26"
"304","285812","20220824072000","372","0","臺中市","龍井區","120.515","24.215","302"
"537","285819","20220824072000","345","3","臺中市","龍井區","120.510","24.220","542"
"717","285821","20220824072000","399","3","臺中市","龍井區","120.520","24.220","682"
"2277","285822","20220824072000","1105","3","臺中市","龍井區","120.525","24.220","2268"
"211","285849","20220824072000","832","0","臺中市","新社區","120.805","24.240","671"
"234","285852","20220824072000","128","3","臺中市","新社區","120.820","24.205","212"
"31","285859","20220824072000","202","0","臺中市","新社區","120.795","24.210","16"
"549","285862","20220824072000","268","3","臺中市","新社區","120.780","24.215","558"
"319","285867","20220824072000","254","2","臺中市","新社區","120.775","24.220","375"
"132","285871","20220824072000","103","2","臺中市","新社區","120.775","24.225","131"
"125","285886","20220824072000","74","3","臺中市","梧棲區","120.515","24.225","131"
"160","285894","20220824072000","177","0","臺中市","清水區","120.635","24.265","163"
"747","285910","20220824072000","868","0","臺中市","梧棲區","120.535","24.250","724"
"23","285912","20220824072000","398","0","臺中市","梧棲區","120.545","24.250","24"
"462","285914","20220824072000","427","1","臺中市","梧棲區","120.540","24.255","457"
"312","285916","20220824072000","303","1","臺中市","豐原區","120.700","24.230","317"
"418","285918","20220824072000","436","0","臺中市","豐原區","120.705","24.235","401"
"366","285919","20220824072000","293","2","臺中市","豐原區","120.700","24.235","332"
"415","285920","20220824072000","422","0","臺中市","豐原區","120.700","24.240","411"
"62","285921","20220824072000","46","2","臺中市","豐原區","120.760","24.235","71"
"27","285923","20220824072000","45","0","臺中市","豐原區","120.755","24.240","25"
"22","285925","20220824072000","21","1","臺中市","豐原區","120.765","24.240","21"
"71","285927","20220824072000","80","0","臺中市","豐原區","120.750","24.245","70"
"449","285933","20220824072000","375","1","臺中市","豐原區","120.745","24.250","495"
"154","285937","20220824072000","88","3","臺中市","豐原區","120.765","24.250","142"
"12","285943","20220824072000","15","0","臺中市","豐原區","120.765","24.255","12"
"243","285948","20220824072000","129","3","臺中市","石岡區","120.770","24.260","253"
"53","285949","20220824072000","51","1","臺中市","豐原區","120.760","24.265","54"
"146","285953","20220824072000","109","2","臺中市","石岡區","120.765","24.270","160"
"1059","285954","20220824072000","748","2","臺中市","豐原區","120.730","24.255","1071"
"430","285955","20220824072000","468","0","臺中市","豐原區","120.735","24.255","360"
"1399","285956","20220824072000","1114","2","臺中市","豐原區","120.745","24.255","1314"
"54","285957","20220824072000","346","0","臺中市","豐原區","120.740","24.260","734"
"393","285958","20220824072000","230","3","臺中市","豐原區","120.745","24.260","388"
"22","285959","20220824072000","363","0","臺中市","豐原區","120.750","24.260","39"
"244","285960","20220824072000","242","1","臺中市","豐原區","120.755","24.265","222"
"2416","285962","20220824072000","2319","1","臺中市","豐原區","120.725","24.240","2426"
"1339","285963","20220824072000","1585","0","臺中市","豐原區","120.730","24.240","1309"
"79","285964","20220824072000","185","0","臺中市","龍井區","120.580","24.190","66"
"38","285965","20220824072000","56","0","臺中市","龍井區","120.585","24.190","39"
"41","285980","20220824072000","455","0","臺中市","沙鹿區","120.570","24.225","41"
"1935","285981","20220824072000","1941","0","臺中市","沙鹿區","120.570","24.230","2061"
"449","285983","20220824072000","1134","0","臺中市","沙鹿區","120.565","24.215","481"
"1985","285984","20220824072000","1796","1","臺中市","沙鹿區","120.555","24.220","1983"
"267","285985","20220824072000","237","1","臺中市","沙鹿區","120.560","24.220","276"
"73","285990","20220824072000","361","0","臺中市","沙鹿區","120.575","24.200","68"
"2181","285991","20220824072000","1466","2","臺中市","沙鹿區","120.580","24.200","2135"
"426","285994","20220824072000","403","1","臺中市","沙鹿區","120.570","24.205","476"
"567","285999","20220824072000","598","0","臺中市","沙鹿區","120.575","24.210","574"
"187","286001","20220824072000","167","1","臺中市","沙鹿區","120.560","24.235","201"
"570","286002","20220824072000","577","0","臺中市","豐原區","120.710","24.250","619"
"2577","286003","20220824072000","2240","1","臺中市","豐原區","120.715","24.250","2574"
"511","286005","20220824072000","526","0","臺中市","豐原區","120.725","24.225","502"
"324","286006","20220824072000","286","1","臺中市","豐原區","120.730","24.225","335"
"544","286008","20220824072000","439","2","臺中市","豐原區","120.725","24.230","574"
"229","286010","20220824072000","203","1","臺中市","豐原區","120.735","24.230","200"
"470","286012","20220824072000","453","1","臺中市","豐原區","120.730","24.230","526"
"974","286014","20220824072000","1016","0","臺中市","北屯區","120.660","24.190","943"
"47","286015","20220824072000","42","1","臺中市","龍井區","120.500","24.230","45"
"1829","286023","20220824072000","627","3","臺中市","龍井區","120.520","24.205","1853"
"880","286024","20220824072000","195","3","臺中市","龍井區","120.525","24.205","886"
"1191","286027","20220824072000","413","3","臺中市","龍井區","120.505","24.210","1138"
"131","286031","20220824072000","85","3","臺中市","龍井區","120.545","24.205","147"
"1295","286036","20220824072000","1256","1","臺中市","龍井區","120.550","24.210","1255"
"419","286039","20220824072000","352","1","臺中市","龍井區","120.545","24.215","466"
"354","286043","20220824072000","207","3","臺中市","東勢區","120.830","24.235","358"
"499","286047","20220824072000","448","1","臺中市","東勢區","120.830","24.240","484"
"889","286051","20220824072000","1182","0","臺中市","東勢區","120.830","24.245","869"
"216","286052","20220824072000","186","1","臺中市","東勢區","120.835","24.245","223"
"581","286053","20220824072000","508","1","臺中市","東勢區","120.840","24.245","563"
"821","286054","20220824072000","690","1","臺中市","東勢區","120.825","24.255","755"
"97","286060","20220824072000","63","3","臺中市","東勢區","120.845","24.275","96"
"151","286071","20220824072000","131","1","臺中市","清水區","120.580","24.270","166"
"1764","286072","20220824072000","1307","2","臺中市","北屯區","120.685","24.185","1868"
"54","286075","20220824072000","295","0","臺中市","北屯區","120.690","24.195","52"
"1715","286078","20220824072000","1343","2","臺中市","豐原區","120.720","24.250","1767"
"2824","286079","20220824072000","2875","0","臺中市","梧棲區","120.535","24.260","2872"
"539","286081","20220824072000","509","1","臺中市","梧棲區","120.530","24.265","484"
"870","286084","20220824072000","909","0","臺中市","梧棲區","120.530","24.270","851"
"32","286088","20220824072000","601","0","臺中市","沙鹿區","120.565","24.200","36"
"371","286090","20220824072000","242","3","臺中市","沙鹿區","120.560","24.205","348"
"21","286091","20220824072000","580","0","臺中市","沙鹿區","120.565","24.205","26"
"36","286092","20220824072000","548","0","臺中市","沙鹿區","120.555","24.210","42"
"20","286093","20220824072000","241","0","臺中市","沙鹿區","120.560","24.210","21"
"231","286094","20220824072000","191","2","臺中市","沙鹿區","120.565","24.210","245"
"174","286095","20220824072000","168","1","臺中市","沙鹿區","120.555","24.215","167"
"224","286097","20220824072000","171","2","臺中市","沙鹿區","120.605","24.240","237"
"350","286098","20220824072000","324","1","臺中市","沙鹿區","120.605","24.245","345"
"887","286099","20220824072000","776","1","臺中市","沙鹿區","120.610","24.245","884"
"578","286100","20220824072000","328","3","臺中市","沙鹿區","120.600","24.250","517"
"251","286105","20220824072000","307","0","臺中市","北屯區","120.685","24.195","264"
"380","286108","20220824072000","292","2","臺中市","北屯區","120.750","24.190","349"
"144","286113","20220824072000","121","1","臺中市","北屯區","120.750","24.195","145"
"32","286118","20220824072000","29","1","臺中市","北屯區","120.745","24.200","35"
"12","286121","20220824072000","31","0","臺中市","北屯區","120.760","24.200","18"
"1527","286135","20220824072000","851","3","臺中市","北屯區","120.680","24.190","1628"
"716","286137","20220824072000","614","1","臺中市","清水區","120.545","24.265","688"
"718","286140","20220824072000","730","0","臺中市","清水區","120.545","24.270","704"
"508","286141","20220824072000","467","1","臺中市","清水區","120.550","24.270","553"
"1274","286147","20220824072000","1986","0","臺中市","潭子區","120.710","24.215","1248"
"10","286149","20220824072000","326","0","臺中市","潭子區","120.710","24.220","13"
"19","286151","20220824072000","13","2","臺中市","潭子區","120.715","24.225","18"
"519","286153","20220824072000","486","1","臺中市","豐原區","120.720","24.230","551"
"366","286156","20220824072000","375","0","臺中市","潭子區","120.680","24.225","375"
"944","286159","20220824072000","645","2","臺中市","潭子區","120.685","24.230","899"
"1785","286161","20220824072000","1363","2","臺中市","潭子區","120.690","24.225","1864"
"193","286162","20220824072000","326","0","臺中市","潭子區","120.695","24.225","212"
"445","286167","20220824072000","416","1","臺中市","梧棲區","120.525","24.225","407"
"29","286169","20220824072000","484","0","臺中市","梧棲區","120.510","24.230","34"
"48","286172","20220824072000","26","3","臺中市","梧棲區","120.525","24.230","40"
"115","286173","20220824072000","129","0","臺中市","梧棲區","120.505","24.235","94"
"18","286175","20220824072000","26","0","臺中市","梧棲區","120.515","24.235","23"
"1224","286177","20220824072000","1566","0","臺中市","梧棲區","120.525","24.235","1224"
"275","286180","20220824072000","289","0","臺中市","梧棲區","120.510","24.240","259"
"97","286181","20220824072000","127","0","臺中市","梧棲區","120.515","24.240","110"
"757","286183","20220824072000","486","3","臺中市","梧棲區","120.525","24.240","774"
"99","286186","20220824072000","64","3","臺中市","梧棲區","120.510","24.245","72"
"268","286187","20220824072000","315","0","臺中市","梧棲區","120.515","24.245","246"
"846","286190","20220824072000","1138","0","臺中市","梧棲區","120.530","24.245","875"
"232","286195","20220824072000","216","1","臺中市","梧棲區","120.525","24.250","212"
"211","286199","20220824072000","257","0","臺中市","沙鹿區","120.580","24.220","197"
"1431","286203","20220824072000","1809","0","臺中市","沙鹿區","120.575","24.225","1324"
"446","286204","20220824072000","881","0","臺中市","沙鹿區","120.580","24.225","489"
"337","286205","20220824072000","694","0","臺中市","沙鹿區","120.585","24.225","327"
"479","286208","20220824072000","539","0","臺中市","沙鹿區","120.575","24.230","451"
"53","286209","20220824072000","542","0","臺中市","沙鹿區","120.580","24.230","31"
"67","286215","20220824072000","700","0","臺中市","沙鹿區","120.550","24.225","73"
"23","286221","20220824072000","20","1","臺中市","北屯區","120.770","24.195","20"
"22","286224","20220824072000","286","0","臺中市","北屯區","120.780","24.195","24"
"788","286244","20220824072000","1497","0","臺中市","大雅區","120.650","24.225","807"
"160","286246","20220824072000","155","1","臺中市","大雅區","120.605","24.225","180"
"215","286248","20220824072000","169","2","臺中市","大雅區","120.615","24.225","201"
"458","286260","20220824072000","373","2","臺中市","大雅區","120.620","24.235","475"
"1532","286262","20220824072000","1257","2","臺中市","大雅區","120.645","24.215","1474"
"321","286263","20220824072000","312","1","臺中市","大雅區","120.645","24.220","350"
"817","286264","20220824072000","710","1","臺中市","大雅區","120.645","24.225","816"
"605","286266","20220824072000","416","2","臺中市","大雅區","120.635","24.205","580"
"34","286267","20220824072000","306","0","臺中市","大雅區","120.640","24.205","29"
"2398","286269","20220824072000","1687","2","臺中市","大雅區","120.615","24.210","2448"
"796","286270","20220824072000","558","2","臺中市","大雅區","120.620","24.210","783"
"869","286272","20220824072000","641","2","臺中市","大雅區","120.630","24.210","822"
"331","286273","20220824072000","262","2","臺中市","大雅區","120.635","24.210","351"
"535","286276","20220824072000","619","0","臺中市","大雅區","120.605","24.215","666"
"610","286279","20220824072000","841","0","臺中市","大雅區","120.620","24.215","589"
"14","286280","20220824072000","101","0","臺中市","大雅區","120.625","24.215","14"
"799","286281","20220824072000","565","2","臺中市","大雅區","120.635","24.215","718"
"85","286282","20220824072000","64","2","臺中市","大雅區","120.600","24.220","89"
"136","286284","20220824072000","131","1","臺中市","大雅區","120.610","24.220","137"
"345","286285","20220824072000","186","3","臺中市","大雅區","120.615","24.220","347"
"756","286287","20220824072000","385","3","臺中市","大雅區","120.640","24.220","720"
"209","286288","20220824072000","174","2","臺中市","大雅區","120.630","24.215","202"
"64","286289","20220824072000","105","0","臺中市","大雅區","120.625","24.220","74"
"827","286292","20220824072000","670","2","臺中市","大雅區","120.625","24.225","878"
"1011","286293","20220824072000","1226","0","臺中市","大雅區","120.630","24.225","1007"
"835","286296","20220824072000","566","2","臺中市","大雅區","120.620","24.230","827"
"268","286300","20220824072000","166","3","臺中市","大雅區","120.625","24.230","292"
"483","286302","20220824072000","403","1","臺中市","潭子區","120.670","24.205","528"
"85","286305","20220824072000","97","0","臺中市","大雅區","120.670","24.215","85"
"491","286306","20220824072000","337","2","臺中市","大雅區","120.675","24.215","495"
"701","286307","20220824072000","735","0","臺中市","大雅區","120.670","24.220","691"
"538","286318","20220824072000","362","2","臺中市","東勢區","120.835","24.220","527"
"30","286321","20220824072000","409","0","臺中市","東勢區","120.825","24.270","29"
"257","286323","20220824072000","186","2","臺中市","東勢區","120.820","24.275","249"
"321","286344","20220824072000","330","0","臺中市","東勢區","120.850","24.260","308"
"237","286375","20220824072000","213","1","臺中市","沙鹿區","120.590","24.230","248"
"482","286377","20220824072000","691","0","臺中市","沙鹿區","120.565","24.235","488"
"2498","286384","20220824072000","2920","0","臺中市","沙鹿區","120.570","24.240","2530"
"705","286386","20220824072000","798","0","臺中市","東勢區","120.830","24.255","672"
"24","286388","20220824072000","639","0","臺中市","東勢區","120.825","24.250","413"
"443","286389","20220824072000","356","2","臺中市","梧棲區","120.530","24.230","494"
"667","286392","20220824072000","794","0","臺中市","梧棲區","120.545","24.230","679"
"966","286398","20220824072000","958","1","臺中市","豐原區","120.715","24.255","963"
"77","286399","20220824072000","1070","0","臺中市","豐原區","120.720","24.255","90"
"1781","286400","20220824072000","631","3","臺中市","豐原區","120.735","24.270","1780"
"68","286406","20220824072000","361","0","臺中市","豐原區","120.745","24.275","75"
"531","286408","20220824072000","329","3","臺中市","豐原區","120.755","24.275","485"
"738","286413","20220824072000","646","1","臺中市","東勢區","120.760","24.280","791"
"397","286418","20220824072000","182","3","臺中市","豐原區","120.725","24.275","372"
"678","286422","20220824072000","197","3","臺中市","豐原區","120.735","24.280","683"
"192","286436","20220824072000","141","2","臺中市","豐原區","120.760","24.230","148"
"179","286446","20220824072000","138","2","臺中市","豐原區","120.740","24.235","162"
"180","286447","20220824072000","124","2","臺中市","豐原區","120.745","24.235","206"
"143","286461","20220824072000","1506","0","臺中市","龍井區","120.520","24.195","153"
"1354","286465","20220824072000","353","3","臺中市","龍井區","120.500","24.200","1335"
"608","286475","20220824072000","236","3","臺中市","龍井區","120.510","24.200","586"
"51","286482","20220824072000","332","0","臺中市","龍井區","120.515","24.205","63"
"31","286485","20220824072000","252","0","臺中市","石岡區","120.770","24.280","55"
"1236","286486","20220824072000","905","2","臺中市","石岡區","120.775","24.275","1131"
"523","286489","20220824072000","421","2","臺中市","石岡區","120.795","24.270","480"
"120","286497","20220824072000","58","3","臺中市","石岡區","120.775","24.255","115"
"25","286500","20220824072000","16","3","臺中市","石岡區","120.775","24.260","25"
"13","286510","20220824072000","158","0","臺中市","石岡區","120.770","24.275","14"
"162","286511","20220824072000","101","3","臺中市","新社區","120.795","24.245","141"
"11","286515","20220824072000","84","0","臺中市","石岡區","120.790","24.255","15"
"34","286517","20220824072000","218","0","臺中市","石岡區","120.785","24.260","29"
"542","286522","20220824072000","434","2","臺中市","潭子區","120.695","24.230","487"
"609","286525","20220824072000","446","2","臺中市","神岡區","120.695","24.235","661"
"502","286526","20220824072000","358","2","臺中市","神岡區","120.690","24.240","496"
"74","286528","20220824072000","479","0","臺中市","豐原區","120.740","24.265","78"
"2426","286530","20220824072000","2644","0","臺中市","清水區","120.570","24.265","2455"
"403","286531","20220824072000","355","1","臺中市","清水區","120.570","24.270","443"
"604","286535","20220824072000","424","2","臺中市","清水區","120.630","24.275","592"
"111","286541","20220824072000","128","0","臺中市","清水區","120.565","24.275","127"
"374","286544","20220824072000","306","2","臺中市","西屯區","120.640","24.190","421"
"11","286545","20220824072000","10","1","臺中市","西屯區","120.635","24.195","12"
"645","286547","20220824072000","467","2","臺中市","西屯區","120.645","24.195","558"
"840","286549","20220824072000","574","2","臺中市","西屯區","120.645","24.200","836"
"51","286550","20220824072000","479","0","臺中市","西屯區","120.650","24.200","62"
"19","286551","20220824072000","54","0","臺中市","西屯區","120.650","24.205","21"
"57","286554","20220824072000","458","0","臺中市","神岡區","120.670","24.255","43"
"1256","286555","20220824072000","806","3","臺中市","神岡區","120.675","24.255","1221"
"1860","286556","20220824072000","729","3","臺中市","神岡區","120.665","24.260","1879"
"32","286557","20220824072000","15","3","臺中市","神岡區","120.650","24.260","28"
"12","286558","20220824072000","141","0","臺中市","神岡區","120.655","24.265","11"
"411","286561","20220824072000","240","3","臺中市","神岡區","120.665","24.270","405"
"210","286563","20220824072000","80","3","臺中市","神岡區","120.665","24.275","199"
"327","286566","20220824072000","306","1","臺中市","神岡區","120.645","24.265","336"
"39","286569","20220824072000","131","0","臺中市","神岡區","120.650","24.270","43"
"708","286570","20220824072000","378","3","臺中市","神岡區","120.655","24.270","706"
"36","286572","20220824072000","463","0","臺中市","神岡區","120.650","24.275","38"
"625","286574","20220824072000","522","1","臺中市","神岡區","120.660","24.275","615"
"202","286598","20220824072000","96","3","臺中市","和平區","120.895","24.230","236"
"59","286652","20220824072000","40","2","臺中市","和平區","120.905","24.240","85"
"233","286658","20220824072000","120","3","臺中市","和平區","120.935","24.240","294"
"129","286690","20220824072000","85","3","臺中市","和平區","120.900","24.250","167"
"148","286794","20220824072000","46","3","臺中市","和平區","121.015","24.195","83"
"253","286822","20220824072000","121","3","臺中市","和平區","121.005","24.200","306"
"429","286823","20220824072000","255","3","臺中市","和平區","121.010","24.200","358"
"27","286950","20220824072000","14","3","臺中市","和平區","120.965","24.225","29"
"73","286967","20220824072000","31","3","臺中市","和平區","121.050","24.225","40"
"120","287119","20220824072000","86","2","臺中市","和平區","121.010","24.255","129"
"25","287154","20220824072000","19","2","臺中市","和平區","121.000","24.265","21"
"62","287173","20220824072000","19","3","臺中市","和平區","121.015","24.270","53"
"32","287567","20220824072000","17","3","臺中市","和平區","121.120","24.235","10"
"175","287678","20220824072000","180","0","臺中市","和平區","121.245","24.245","208"
"173","287725","20220824072000","125","2","臺中市","和平區","121.245","24.250","186"
"146","287726","20220824072000","141","1","臺中市","和平區","121.250","24.250","165"
"53","287756","20220824072000","46","1","臺中市","和平區","121.165","24.255","48"
"23","287766","20220824072000","31","0","臺中市","和平區","121.215","24.255","28"
"193","287770","20220824072000","156","2","臺中市","和平區","121.235","24.255","242"
"292","287774","20220824072000","219","2","臺中市","和平區","121.255","24.255","315"
"167","287776","20220824072000","149","1","臺中市","和平區","121.265","24.255","196"
"18","287809","20220824072000","24","0","臺中市","和平區","121.190","24.260","34"
"487","287823","20220824072000","382","2","臺中市","和平區","121.260","24.260","563"
"56","288103","20220824072000","35","3","臺中市","和平區","120.890","24.275","49"
"16","288133","20220824072000","18","0","臺中市","和平區","120.945","24.280","20"
"24","288159","20220824072000","19","2","臺中市","和平區","121.025","24.280","24"
"584","288160","20220824072000","692","0","臺中市","清水區","120.555","24.260","543"
"37","288161","20220824072000","644","0","臺中市","清水區","120.560","24.260","36"
"1089","288163","20220824072000","943","1","臺中市","清水區","120.550","24.265","1059"
"532","288166","20220824072000","1267","0","臺中市","清水區","120.565","24.265","524"
"1341","288169","20220824072000","929","2","臺中市","清水區","120.560","24.275","1312"
"305","288179","20220824072000","305","1","臺中市","清水區","120.605","24.275","337"
"150","288182","20220824072000","185","0","臺中市","清水區","120.600","24.275","133"
"104","288184","20220824072000","78","2","臺中市","清水區","120.610","24.275","105"
"171","288192","20220824072000","180","0","臺中市","潭子區","120.725","24.215","195"
"294","288194","20220824072000","265","1","臺中市","潭子區","120.735","24.215","296"
"504","288198","20220824072000","458","1","臺中市","潭子區","120.720","24.220","563"
"1394","288207","20220824072000","1218","1","臺中市","潭子區","120.680","24.205","1464"
"38","288208","20220824072000","52","0","臺中市","潭子區","120.685","24.205","38"
"680","288209","20220824072000","607","1","臺中市","北屯區","120.690","24.205","761"
"178","288212","20220824072000","103","3","臺中市","潭子區","120.690","24.210","212"
"768","288215","20220824072000","691","1","臺中市","潭子區","120.685","24.215","757"
"1264","288216","20220824072000","1323","0","臺中市","潭子區","120.690","24.215","1243"
"404","288219","20220824072000","355","1","臺中市","潭子區","120.690","24.220","448"
"1557","288223","20220824072000","1574","0","臺中市","潭子區","120.710","24.230","1587"
"281","288224","20220824072000","299","0","臺中市","豐原區","120.715","24.230","298"
"1254","288225","20220824072000","896","2","臺中市","潭子區","120.705","24.230","1176"
"2685","288228","20220824072000","1378","3","臺中市","神岡區","120.660","24.260","2660"
"983","288232","20220824072000","869","1","臺中市","神岡區","120.700","24.265","961"
"1242","288240","20220824072000","1173","1","臺中市","神岡區","120.710","24.255","1321"
"669","288242","20220824072000","475","2","臺中市","神岡區","120.705","24.260","661"
"105","288243","20220824072000","1169","0","臺中市","神岡區","120.710","24.260","108"
"783","288247","20220824072000","634","2","臺中市","神岡區","120.705","24.275","776"
"627","288250","20220824072000","445","2","臺中市","神岡區","120.710","24.275","574"
"93","288252","20220824072000","110","0","臺中市","西屯區","120.605","24.195","89"
"136","288253","20220824072000","139","0","臺中市","西屯區","120.610","24.195","130"
"43","288259","20220824072000","45","0","臺中市","西屯區","120.600","24.200","39"
"57","288260","20220824072000","56","1","臺中市","西屯區","120.605","24.200","67"
"16","288261","20220824072000","34","0","臺中市","西屯區","120.610","24.200","12"
"941","288262","20220824072000","1122","0","臺中市","西屯區","120.615","24.200","941"
"59","288264","20220824072000","403","0","臺中市","西屯區","120.625","24.200","61"
"568","288265","20220824072000","480","1","臺中市","西屯區","120.630","24.200","581"
"157","288267","20220824072000","102","3","臺中市","西屯區","120.595","24.205","147"
"885","288268","20220824072000","540","3","臺中市","西屯區","120.600","24.205","774"
"294","288269","20220824072000","452","0","臺中市","西屯區","120.605","24.205","289"
"265","288270","20220824072000","240","1","臺中市","西屯區","120.610","24.205","298"
"772","288271","20220824072000","792","0","臺中市","西屯區","120.615","24.205","770"
"1059","288272","20220824072000","999","1","臺中市","西屯區","120.620","24.205","1065"
"18","288275","20220824072000","25","0","臺中市","西屯區","120.600","24.210","33"
"167","288276","20220824072000","159","1","臺中市","西屯區","120.605","24.210","165"
"1612","288277","20220824072000","1606","1","臺中市","西屯區","120.610","24.210","1696"
"3467","288279","20220824072000","3460","1","臺中市","西屯區","120.610","24.190","3514"
"260","288281","20220824072000","160","3","臺中市","西屯區","120.625","24.190","255"
"161","288284","20220824072000","35","3","臺中市","西屯區","120.595","24.195","182"
"206","288287","20220824072000","120","3","臺中市","西屯區","120.655","24.190","201"
"977","288289","20220824072000","616","3","臺中市","西屯區","120.655","24.195","926"
"1021","288290","20220824072000","1000","1","臺中市","西屯區","120.660","24.195","1062"
"818","288291","20220824072000","555","2","臺中市","西屯區","120.655","24.200","856"
"341","288294","20220824072000","300","1","臺中市","西屯區","120.660","24.205","355"
"458","288298","20220824072000","415","1","臺中市","東勢區","120.850","24.240","434"
"226","288299","20220824072000","145","3","臺中市","東勢區","120.845","24.245","233"
"383","288302","20220824072000","503","0","臺中市","東勢區","120.825","24.260","354"
"1002","288304","20220824072000","866","1","臺中市","東勢區","120.825","24.265","1027"
"246","288312","20220824072000","157","3","臺中市","東勢區","120.835","24.230","224"
"25","288317","20220824072000","326","0","臺中市","東勢區","120.840","24.235","24"
"87","288339","20220824072000","31","3","臺中市","東勢區","120.875","24.215","36"
"13","288351","20220824072000","59","0","臺中市","東勢區","120.895","24.220","12"
"136","288382","20220824072000","93","2","臺中市","東勢區","120.865","24.240","169"
"768","288395","20220824072000","596","2","臺中市","沙鹿區","120.560","24.230","760"
"888","288396","20220824072000","1055","0","臺中市","潭子區","120.710","24.235","945"
"173","288397","20220824072000","1360","0","臺中市","豐原區","120.715","24.240","182"
"750","288401","20220824072000","969","0","臺中市","清水區","120.570","24.260","733"
"17","288402","20220824072000","102","0","臺中市","清水區","120.575","24.270","17"
"1806","288403","20220824072000","2023","0","臺中市","清水區","120.580","24.275","1779"
"239","288407","20220824072000","1128","0","臺中市","潭子區","120.700","24.190","240"
"224","288459","20220824072000","182","2","花蓮縣","秀林鄉","121.715","24.245","246"
"65","288610","20220824072000","37","3","花蓮縣","秀林鄉","121.740","24.260","66"
"88","288819","20220824072000","57","3","花蓮縣","秀林鄉","121.485","24.190","64"
"20","288869","20220824072000","14","2","花蓮縣","秀林鄉","121.430","24.195","24"
"22","288993","20220824072000","35","0","花蓮縣","秀林鄉","121.480","24.205","25"
"17","289039","20220824072000","13","2","花蓮縣","秀林鄉","121.450","24.210","12"
"10","289677","20220824072000","88","0","花蓮縣","秀林鄉","121.690","24.220","10"
"1333","289851","20220824072000","1442","0","臺中市","大雅區","120.650","24.220","1259"
"591","289852","20220824072000","1027","0","臺中市","大雅區","120.655","24.220","643"
"444","289853","20220824072000","333","2","臺中市","大雅區","120.660","24.220","425"
"3604","289854","20220824072000","2654","2","臺中市","大雅區","120.655","24.225","3492"
"116","289855","20220824072000","101","1","臺中市","大雅區","120.660","24.225","111"
"1098","289860","20220824072000","1066","1","臺中市","大雅區","120.635","24.235","1071"
"1339","289863","20220824072000","1095","2","臺中市","大雅區","120.630","24.240","1275"
"305","289868","20220824072000","251","2","臺中市","大雅區","120.635","24.245","312"
"68","289874","20220824072000","62","1","臺中市","大雅區","120.635","24.255","61"
"1871","289875","20220824072000","1280","2","臺中市","大雅區","120.645","24.230","1895"
"889","289879","20220824072000","668","2","臺中市","大雅區","120.655","24.230","868"
"605","289882","20220824072000","485","2","臺中市","大雅區","120.655","24.235","647"
"273","289884","20220824072000","178","3","臺中市","大雅區","120.645","24.240","264"
"1204","289886","20220824072000","668","3","臺中市","大雅區","120.655","24.240","1166"
"335","289893","20220824072000","325","1","臺中市","豐原區","120.735","24.260","307"
"1094","289895","20220824072000","511","3","臺中市","豐原區","120.750","24.265","1023"
"393","289898","20220824072000","282","2","臺中市","豐原區","120.735","24.265","430"
"137","289907","20220824072000","121","1","臺中市","新社區","120.815","24.240","144"
"40","289909","20220824072000","528","0","臺中市","豐原區","120.720","24.245","52"
"1132","289910","20220824072000","1032","1","臺中市","豐原區","120.725","24.245","1152"
"455","289912","20220824072000","409","1","臺中市","大雅區","120.670","24.225","468"
"570","289916","20220824072000","1174","0","臺中市","大雅區","120.650","24.230","628"
"34","289918","20220824072000","358","0","臺中市","大雅區","120.645","24.210","28"
"1188","289919","20220824072000","1148","1","臺中市","大雅區","120.650","24.210","1156"
"325","289920","20220824072000","470","0","臺中市","大雅區","120.650","24.215","341"
"104","289921","20220824072000","942","0","臺中市","大雅區","120.660","24.230","90"
"472","289922","20220824072000","520","0","臺中市","大雅區","120.665","24.230","466"
"1659","289923","20220824072000","1508","1","臺中市","大雅區","120.670","24.230","1654"
"242","289927","20220824072000","537","0","臺中市","大雅區","120.675","24.240","252"
"1056","289928","20220824072000","845","2","臺中市","東勢區","120.830","24.250","1065"
"622","289929","20220824072000","559","1","臺中市","東勢區","120.835","24.250","610"
"400","289937","20220824072000","520","0","臺中市","石岡區","120.785","24.275","769"
"860","289944","20220824072000","602","2","臺中市","石岡區","120.815","24.260","790"
"60","289946","20220824072000","245","0","臺中市","石岡區","120.805","24.265","50"
"30","289955","20220824072000","263","0","臺中市","石岡區","120.795","24.275","19"
"480","289964","20220824072000","355","2","臺中市","龍井區","120.480","24.210","468"
"441","289976","20220824072000","239","3","臺中市","龍井區","120.485","24.220","400"
"359","289982","20220824072000","346","1","臺中市","龍井區","120.490","24.225","375"
"839","289983","20220824072000","497","3","臺中市","龍井區","120.495","24.225","751"
"40","289992","20220824072000","105","0","臺中市","龍井區","120.490","24.230","61"
"33","289993","20220824072000","222","0","臺中市","龍井區","120.495","24.230","36"
"648","289996","20220824072000","837","0","臺中市","沙鹿區","120.580","24.210","663"
"83","289999","20220824072000","1040","0","臺中市","沙鹿區","120.575","24.215","88"
"398","290000","20220824072000","562","0","臺中市","沙鹿區","120.580","24.215","367"
"274","290001","20220824072000","254","1","臺中市","沙鹿區","120.585","24.215","238"
"915","290004","20220824072000","962","0","臺中市","沙鹿區","120.570","24.220","948"
"366","290005","20220824072000","356","1","臺中市","沙鹿區","120.575","24.220","369"
"39","290008","20220824072000","29","2","臺中市","東勢區","120.840","24.190","38"
"99","290010","20220824072000","59","3","臺中市","東勢區","120.835","24.195","100"
"331","290015","20220824072000","245","2","臺中市","東勢區","120.840","24.200","348"
"222","290025","20220824072000","168","2","臺中市","東勢區","120.840","24.210","208"
"732","290046","20220824072000","793","0","臺中市","龍井區","120.545","24.190","733"
"139","290051","20220824072000","154","0","臺中市","潭子區","120.695","24.195","139"
"1877","290052","20220824072000","1717","1","臺中市","潭子區","120.700","24.195","1823"
"14","290171","20220824072000","15","0","南投縣","仁愛鄉","121.290","24.225","14"
"104","290182","20220824072000","93","1","南投縣","仁愛鄉","121.260","24.230","86"
"150","290292","20220824072000","119","2","南投縣","仁愛鄉","121.220","24.190","145"
"209","290293","20220824072000","96","3","南投縣","仁愛鄉","121.225","24.190","240"
"77","296900","20220824072000","80","0","宜蘭縣","南澳鄉","121.750","24.320","46"
"263","296924","20220824072000","183","2","宜蘭縣","南澳鄉","121.745","24.330","283"
"14","296946","20220824072000","35","0","宜蘭縣","南澳鄉","121.770","24.335","18"
"608","297399","20220824072000","394","3","臺中市","清水區","120.580","24.280","701"
"1008","297407","20220824072000","1237","0","臺中市","外埔區","120.620","24.335","1040"
"254","297413","20220824072000","139","3","臺中市","神岡區","120.650","24.280","234"
"410","297416","20220824072000","234","3","臺中市","神岡區","120.640","24.285","390"
"75","297422","20220824072000","58","2","臺中市","神岡區","120.640","24.290","80"
"305","297424","20220824072000","197","3","臺中市","神岡區","120.650","24.290","278"
"80","297433","20220824072000","1307","0","臺中市","大甲區","120.620","24.345","94"
"286","297434","20220824072000","237","2","臺中市","梧棲區(海)","120.510","24.280","263"
"165","297444","20220824072000","91","3","臺中市","清水區","120.620","24.285","166"
"78","297446","20220824072000","86","0","臺中市","大甲區","120.640","24.345","88"
"1107","297450","20220824072000","1034","1","臺中市","大甲區","120.630","24.355","1095"
"600","297453","20220824072000","602","0","臺中市","大甲區","120.645","24.355","584"
"284","297457","20220824072000","95","3","臺中市","大甲區","120.650","24.360","276"
"37","297458","20220824072000","470","0","臺中市","大甲區","120.640","24.365","38"
"111","297462","20220824072000","185","0","臺中市","東勢區","120.795","24.295","122"
"125","297485","20220824072000","105","1","臺中市","東勢區","120.785","24.310","117"
"240","297494","20220824072000","240","1","臺中市","東勢區","120.780","24.315","227"
"201","297510","20220824072000","143","2","臺中市","東勢區","120.870","24.280","199"
"11","297529","20220824072000","13","0","臺中市","東勢區","120.885","24.290","15"
"100","297533","20220824072000","93","1","臺中市","清水區","120.560","24.310","116"
"21","297539","20220824072000","222","0","臺中市","清水區","120.555","24.305","14"
"160","297540","20220824072000","154","1","臺中市","清水區","120.550","24.310","170"
"450","297546","20220824072000","414","1","臺中市","清水區","120.560","24.320","404"
"18","297575","20220824072000","12","3","臺中市","清水區","120.540","24.300","17"
"215","297586","20220824072000","266","0","臺中市","清水區","120.545","24.305","213"
"172","297618","20220824072000","187","0","臺中市","后里區","120.665","24.305","179"
"492","297627","20220824072000","431","1","臺中市","后里區","120.680","24.310","509"
"328","297639","20220824072000","336","0","臺中市","后里區","120.725","24.285","396"
"10","297641","20220824072000","19","0","臺中市","后里區","120.735","24.285","12"
"284","297645","20220824072000","281","1","臺中市","后里區","120.725","24.290","271"
"542","297646","20220824072000","422","2","臺中市","后里區","120.730","24.290","609"
"143","297647","20220824072000","72","3","臺中市","后里區","120.735","24.290","123"
"273","297648","20220824072000","107","3","臺中市","后里區","120.740","24.290","258"
"284","297654","20220824072000","721","0","臺中市","后里區","120.730","24.295","256"
"60","297656","20220824072000","38","3","臺中市","后里區","120.740","24.295","53"
"195","297659","20220824072000","199","0","臺中市","后里區","120.755","24.295","199"
"17","297662","20220824072000","23","0","臺中市","后里區","120.725","24.300","34"
"62","297664","20220824072000","61","1","臺中市","后里區","120.735","24.300","77"
"12","297665","20220824072000","67","0","臺中市","后里區","120.740","24.300","11"
"721","297671","20220824072000","762","0","臺中市","后里區","120.725","24.305","720"
"71","297672","20220824072000","16","3","臺中市","后里區","120.735","24.305","72"
"646","297689","20220824072000","483","2","臺中市","大安區","120.585","24.365","608"
"1668","297697","20220824072000","1689","0","臺中市","大甲區","120.630","24.350","1747"
"16","297701","20220824072000","13","2","苗栗縣","苑裡鎮","120.700","24.365","10"
"1369","297704","20220824072000","1046","2","臺中市","大甲區","120.625","24.350","1349"
"1691","297705","20220824072000","1805","0","臺中市","大甲區","120.620","24.355","1682"
"1369","297706","20220824072000","1372","0","臺中市","大甲區","120.615","24.345","1428"
"705","297725","20220824072000","709","0","臺中市","大甲區","120.635","24.370","705"
"383","297760","20220824072000","263","2","臺中市","清水區","120.605","24.305","343"
"719","297763","20220824072000","660","1","臺中市","清水區","120.605","24.310","676"
"180","297775","20220824072000","1106","0","臺中市","后里區","120.710","24.305","178"
"260","297776","20220824072000","190","2","臺中市","后里區","120.700","24.310","257"
"265","297778","20220824072000","168","3","臺中市","后里區","120.735","24.310","235"
"49","297782","20220824072000","57","0","臺中市","后里區","120.755","24.310","50"
"248","297783","20220824072000","246","1","臺中市","后里區","120.740","24.315","241"
"22","297787","20220824072000","17","2","臺中市","后里區","120.760","24.315","17"
"231","297795","20220824072000","179","2","臺中市","后里區","120.735","24.325","203"
"424","297801","20220824072000","387","1","臺中市","后里區","120.740","24.330","488"
"479","297811","20220824072000","272","3","臺中市","后里區","120.725","24.340","447"
"306","297831","20220824072000","327","0","臺中市","外埔區","120.700","24.345","301"
"608","297868","20220824072000","577","1","臺中市","外埔區","120.645","24.320","606"
"544","297883","20220824072000","416","2","臺中市","外埔區","120.670","24.320","557"
"169","297885","20220824072000","175","0","臺中市","外埔區","120.680","24.320","184"
"772","297886","20220824072000","652","1","臺中市","外埔區","120.665","24.325","756"
"719","297921","20220824072000","474","3","臺中市","外埔區","120.650","24.330","717"
"1885","297922","20220824072000","1911","0","臺中市","外埔區","120.655","24.330","1837"
"2434","297926","20220824072000","2440","0","臺中市","外埔區","120.635","24.340","2399"
"310","297928","20220824072000","284","1","臺中市","外埔區","120.645","24.340","327"
"533","297941","20220824072000","473","1","臺中市","外埔區","120.625","24.320","420"
"505","297947","20220824072000","312","3","臺中市","外埔區","120.630","24.325","612"
"39","297954","20220824072000","42","0","臺中市","外埔區","120.635","24.330","47"
"292","297957","20220824072000","258","1","臺中市","外埔區","120.630","24.335","311"
"276","297959","20220824072000","220","2","臺中市","外埔區","120.685","24.325","269"
"31","297961","20220824072000","79","0","臺中市","外埔區","120.675","24.330","31"
"317","297967","20220824072000","256","2","臺中市","后里區","120.710","24.330","305"
"81","297988","20220824072000","460","0","臺中市","外埔區","120.665","24.340","85"
"464","297992","20220824072000","293","3","臺中市","外埔區","120.685","24.340","445"
"775","297995","20220824072000","865","0","臺中市","大安區","120.585","24.345","768"
"13","298020","20220824072000","23","0","臺中市","大安區","120.570","24.340","18"
"56","298024","20220824072000","79","0","臺中市","大安區","120.570","24.345","51"
"321","298036","20220824072000","274","1","臺中市","大安區","120.590","24.335","311"
"352","298040","20220824072000","413","0","臺中市","大安區","120.590","24.340","341"
"48","298043","20220824072000","616","0","臺中市","大安區","120.605","24.365","54"
"1402","298045","20220824072000","1405","0","臺中市","后里區","120.720","24.310","1400"
"478","298047","20220824072000","698","0","臺中市","后里區","120.720","24.320","516"
"113","298050","20220824072000","756","0","臺中市","后里區","120.725","24.315","103"
"369","298051","20220824072000","313","1","臺中市","后里區","120.730","24.315","347"
"2384","298052","20220824072000","1734","2","臺中市","后里區","120.725","24.320","2404"
"183","298053","20220824072000","255","0","臺中市","后里區","120.730","24.320","167"
"63","298054","20220824072000","113","0","臺中市","后里區","120.735","24.320","79"
"125","298056","20220824072000","161","0","臺中市","后里區","120.725","24.325","134"
"141","298059","20220824072000","656","0","臺中市","后里區","120.710","24.310","145"
"67","298060","20220824072000","148","0","臺中市","后里區","120.715","24.310","98"
"382","298062","20220824072000","182","3","臺中市","后里區","120.710","24.315","375"
"135","298066","20220824072000","99","2","臺中市","后里區","120.705","24.320","142"
"175","298069","20220824072000","147","1","臺中市","外埔區","120.695","24.325","183"
"329","298070","20220824072000","197","3","臺中市","后里區","120.700","24.325","307"
"25","298074","20220824072000","22","1","臺中市","后里區","120.705","24.325","26"
"510","298075","20220824072000","467","1","臺中市","后里區","120.710","24.325","509"
"330","298078","20220824072000","322","1","臺中市","后里區","120.705","24.330","351"
"32","298081","20220824072000","210","0","臺中市","后里區","120.745","24.325","34"
"112","298082","20220824072000","99","1","臺中市","后里區","120.750","24.325","113"
"130","298092","20220824072000","116","1","臺中市","后里區","120.680","24.315","160"
"66","298093","20220824072000","31","3","臺中市","后里區","120.685","24.315","84"
"641","298094","20220824072000","562","1","臺中市","后里區","120.690","24.315","641"
"585","298095","20220824072000","444","2","臺中市","后里區","120.695","24.315","546"
"166","298096","20220824072000","94","3","臺中市","外埔區","120.685","24.320","151"
"38","298098","20220824072000","445","0","臺中市","大安區","120.600","24.345","36"
"22","298100","20220824072000","439","0","臺中市","大安區","120.600","24.350","29"
"176","298108","20220824072000","147","1","臺中市","大甲區","120.680","24.365","146"
"266","298116","20220824072000","302","0","臺中市","大甲區","120.675","24.370","256"
"586","298125","20220824072000","809","0","臺中市","大甲區","120.625","24.340","583"
"326","298126","20220824072000","431","0","臺中市","大甲區","120.630","24.340","349"
"150","298128","20220824072000","158","0","臺中市","大甲區","120.620","24.340","217"
"2627","298129","20220824072000","2693","0","臺中市","大甲區","120.625","24.345","2661"
"241","298135","20220824072000","230","1","臺中市","后里區","120.715","24.295","279"
"1510","298141","20220824072000","1541","0","臺中市","后里區","120.715","24.305","1498"
"310","298142","20220824072000","457","0","臺中市","后里區","120.720","24.305","303"
"53","298151","20220824072000","471","0","臺中市","清水區","120.610","24.290","70"
"170","298155","20220824072000","136","2","臺中市","清水區","120.610","24.295","167"
"1030","298159","20220824072000","1106","0","臺中市","大甲區","120.615","24.350","1102"
"359","298177","20220824072000","396","0","臺中市","大甲區","120.605","24.325","359"
"244","298178","20220824072000","284","0","臺中市","大甲區","120.595","24.330","257"
"1266","298182","20220824072000","997","2","臺中市","后里區","120.725","24.310","1284"
"119","298183","20220824072000","194","0","臺中市","后里區","120.730","24.305","111"
"354","298184","20220824072000","546","0","臺中市","后里區","120.730","24.310","365"
"42","298185","20220824072000","22","3","臺中市","后里區","120.735","24.315","33"
"145","298202","20220824072000","147","0","臺中市","后里區","120.700","24.285","151"
"21","298208","20220824072000","288","0","臺中市","后里區","120.675","24.290","23"
"420","298213","20220824072000","369","1","臺中市","后里區","120.700","24.290","425"
"17","298360","20220824072000","37","0","臺中市","和平區","121.280","24.305","16"
"434","298427","20220824072000","378","1","臺中市","和平區","121.295","24.315","444"
"104","298504","20220824072000","62","3","臺中市","和平區","121.310","24.325","87"
"152","298630","20220824072000","145","1","臺中市","和平區","121.310","24.335","151"
"90","298631","20220824072000","100","0","臺中市","和平區","121.315","24.335","85"
"11","298632","20220824072000","16","0","臺中市","和平區","121.320","24.335","14"
"105","298723","20220824072000","97","1","臺中市","和平區","121.310","24.345","148"
"197","298770","20220824072000","136","2","臺中市","和平區","121.310","24.350","157"
"21","298772","20220824072000","24","0","臺中市","和平區","121.320","24.350","20"
"87","298818","20220824072000","79","1","臺中市","和平區","121.315","24.355","76"
"31","298866","20220824072000","40","0","臺中市","和平區","121.315","24.360","32"
"19","298968","20220824072000","12","3","臺中市","和平區","121.340","24.370","18"
"20","299078","20220824072000","16","2","臺中市","和平區","121.265","24.285","28"
"10","299174","20220824072000","13","0","臺中市","和平區","121.275","24.295","10"
"105","299584","20220824072000","83","2","臺中市","和平區","120.905","24.290","98"
"15","299585","20220824072000","12","2","臺中市","和平區","120.910","24.290","18"
"66","299602","20220824072000","55","2","臺中市","和平區","120.930","24.295","52"
"60","299659","20220824072000","48","2","臺中市","和平區","120.940","24.300","66"
"16","299678","20220824072000","11","2","臺中市","和平區","120.925","24.305","11"
"103","299703","20220824072000","77","2","臺中市","和平區","120.940","24.310","108"
"39","299761","20220824072000","26","3","臺中市","和平區","120.930","24.325","38"
"109","299779","20220824072000","89","2","臺中市","和平區","120.925","24.325","97"
"36","299781","20220824072000","147","0","臺中市","和平區","120.935","24.325","39"
"23","299796","20220824072000","19","2","臺中市","和平區","120.920","24.330","18"
"915","299822","20220824072000","925","0","臺中市","清水區","120.565","24.290","879"
"24","299823","20220824072000","391","0","臺中市","清水區","120.560","24.295","22"
"106","299826","20220824072000","61","3","臺中市","清水區","120.600","24.280","88"
"46","299828","20220824072000","17","3","臺中市","清水區","120.610","24.280","44"
"278","299830","20220824072000","275","1","臺中市","清水區","120.600","24.285","243"
"577","299831","20220824072000","590","0","臺中市","清水區","120.575","24.285","631"
"614","299835","20220824072000","497","2","臺中市","清水區","120.575","24.300","584"
"92","299845","20220824072000","86","1","臺中市","東勢區","120.790","24.285","90"
"271","299852","20220824072000","237","1","臺中市","東勢區","120.795","24.285","283"
"57","299868","20220824072000","36","3","臺中市","東勢區","120.805","24.300","51"
"174","299869","20220824072000","172","1","臺中市","東勢區","120.810","24.300","187"
"483","299873","20220824072000","362","2","臺中市","清水區","120.555","24.280","468"
"128","299884","20220824072000","982","0","臺中市","清水區","120.540","24.285","166"
"37","299886","20220824072000","452","0","臺中市","清水區","120.525","24.290","18"
"28","299888","20220824072000","13","3","臺中市","清水區","120.535","24.290","26"
"142","299892","20220824072000","59","3","臺中市","清水區","120.520","24.295","72"
"648","299901","20220824072000","475","2","臺中市","清水區","120.630","24.290","620"
"76","299913","20220824072000","77","0","臺中市","清水區","120.630","24.300","74"
"51","299923","20220824072000","99","0","臺中市","清水區","120.580","24.290","58"
"585","299926","20220824072000","563","1","臺中市","清水區","120.590","24.295","578"
"11","300134","20220824072000","12","0","花蓮縣","秀林鄉","121.755","24.290","11"
"155","300263","20220824072000","107","2","花蓮縣","秀林鄉","121.755","24.300","148"
"303","300401","20220824072000","189","3","花蓮縣","秀林鄉","121.750","24.310","322"
"91","300404","20220824072000","59","3","花蓮縣","秀林鄉","121.765","24.310","98"
"21","300405","20220824072000","15","2","花蓮縣","秀林鄉","121.765","24.305","23"
"22","300877","20220824072000","87","0","苗栗縣","三義鄉","120.740","24.365","23"
"89","300918","20220824072000","61","2","苗栗縣","三義鄉","120.750","24.345","118"
"27","300926","20220824072000","159","0","苗栗縣","三義鄉","120.745","24.350","23"
"66","300932","20220824072000","336","0","苗栗縣","三義鄉","120.735","24.355","60"
"159","300935","20220824072000","69","3","苗栗縣","三義鄉","120.750","24.355","162"
"31","300943","20220824072000","31","1","苗栗縣","三義鄉","120.770","24.355","38"
"74","300949","20220824072000","60","2","苗栗縣","三義鄉","120.780","24.360","78"
"220","300971","20220824072000","158","2","苗栗縣","卓蘭鎮","120.835","24.300","240"
"34","300982","20220824072000","27","2","苗栗縣","卓蘭鎮","120.845","24.310","42"
"23","301006","20220824072000","191","0","臺中市","東勢區","120.805","24.280","20"
"332","301007","20220824072000","223","2","臺中市","東勢區","120.810","24.280","342"
"10","301011","20220824072000","10","1","苗栗縣","苑裡鎮","120.720","24.360","11"
"536","301021","20220824072000","485","1","苗栗縣","卓蘭鎮","120.830","24.310","513"
"292","301030","20220824072000","245","1","苗栗縣","卓蘭鎮","120.845","24.320","307"
"263","301060","20220824072000","228","1","苗栗縣","卓蘭鎮","120.810","24.330","272"
"253","301079","20220824072000","184","2","苗栗縣","卓蘭鎮","120.785","24.330","284"
"170","301082","20220824072000","139","2","苗栗縣","卓蘭鎮","120.825","24.330","150"
"56","301093","20220824072000","58","0","苗栗縣","卓蘭鎮","120.805","24.335","59"
"43","301097","20220824072000","27","3","苗栗縣","卓蘭鎮","120.825","24.335","50"
"25","301176","20220824072000","19","2","臺中市","和平區","121.040","24.295","27"
"90","301582","20220824072000","68","2","苗栗縣","泰安鄉","120.965","24.360","77"
"171","301609","20220824072000","89","3","苗栗縣","泰安鄉","120.960","24.370","169"
"13","301626","20220824072000","126","0","苗栗縣","卓蘭鎮","120.845","24.295","13"
"102","301629","20220824072000","105","0","苗栗縣","卓蘭鎮","120.860","24.295","130"
"143","301639","20220824072000","86","3","苗栗縣","卓蘭鎮","120.840","24.300","136"
"73","301640","20220824072000","79","0","苗栗縣","卓蘭鎮","120.845","24.300","67"
"59","301669","20220824072000","45","2","苗栗縣","卓蘭鎮","120.880","24.315","67"
"170","301723","20220824072000","157","1","苗栗縣","卓蘭鎮","120.850","24.340","168"
"153","301727","20220824072000","98","3","苗栗縣","卓蘭鎮","120.870","24.340","168"
"111","301752","20220824072000","122","0","苗栗縣","卓蘭鎮","120.825","24.305","111"
"662","301756","20220824072000","582","1","苗栗縣","卓蘭鎮","120.820","24.315","613"
"873","301757","20220824072000","743","1","苗栗縣","卓蘭鎮","120.825","24.315","851"
"14","301775","20220824072000","75","0","苗栗縣","卓蘭鎮","120.855","24.355","17"
"54","301787","20220824072000","33","3","苗栗縣","大湖鄉","120.870","24.360","59"
"14","301810","20220824072000","117","0","苗栗縣","大湖鄉","120.825","24.345","17"
"13","301816","20220824072000","10","2","苗栗縣","大湖鄉","120.800","24.350","13"
"105","301882","20220824072000","82","2","苗栗縣","大湖鄉","120.875","24.365","113"
"12","307940","20220824072000","20","0","宜蘭縣","南澳鄉","121.790","24.400","20"
"22","307967","20220824072000","16","2","宜蘭縣","南澳鄉","121.790","24.415","22"
"10","308027","20220824072000","14","0","宜蘭縣","南澳鄉","121.775","24.435","10"
"21","308048","20220824072000","20","1","宜蘭縣","南澳鄉","121.765","24.440","29"
"43","308051","20220824072000","81","0","宜蘭縣","南澳鄉","121.780","24.440","73"
"29","308125","20220824072000","47","0","宜蘭縣","南澳鄉","121.775","24.450","94"
"247","308964","20220824072000","162","3","宜蘭縣","南澳鄉","121.750","24.425","226"
"41","309060","20220824072000","23","3","宜蘭縣","南澳鄉","121.750","24.435","48"
"89","309298","20220824072000","69","2","宜蘭縣","大同鄉","121.355","24.395","123"
"468","309501","20220824072000","304","3","宜蘭縣","大同鄉","121.380","24.435","459"
"102","309740","20220824072000","77","2","宜蘭縣","蘇澳鎮","121.805","24.445","94"
"202","309750","20220824072000","170","1","宜蘭縣","蘇澳鎮","121.790","24.455","173"
"180","309853","20220824072000","109","3","臺中市","大甲區","120.640","24.410","199"
"68","309860","20220824072000","759","0","臺中市","大甲區","120.630","24.415","85"
"424","309867","20220824072000","369","1","臺中市","大甲區","120.635","24.390","378"
"65","309881","20220824072000","509","0","臺中市","大甲區","120.635","24.410","52"
"568","309883","20220824072000","569","0","臺中市","大甲區","120.640","24.415","597"
"12","309891","20220824072000","347","0","臺中市","大安區","120.600","24.370","12"
"412","309899","20220824072000","382","1","臺中市","大安區","120.605","24.385","409"
"337","309910","20220824072000","301","1","臺中市","大安區","120.600","24.395","340"
"27","309925","20220824072000","516","0","臺中市","大甲區","120.670","24.380","31"
"21","309935","20220824072000","26","0","臺中市","大甲區","120.665","24.390","29"
"25","309937","20220824072000","636","0","臺中市","大甲區","120.660","24.395","21"
"634","309939","20220824072000","681","0","苗栗縣","苑裡鎮","120.665","24.400","639"
"690","309942","20220824072000","473","2","臺中市","大甲區","120.645","24.400","657"
"1577","309947","20220824072000","1723","0","臺中市","大甲區","120.650","24.405","1567"
"777","309948","20220824072000","824","0","臺中市","大甲區","120.655","24.405","707"
"166","309960","20220824072000","188","0","臺中市","大安區","120.595","24.385","169"
"29","309972","20220824072000","300","0","臺中市","大安區","120.585","24.375","31"
"380","309973","20220824072000","376","1","臺中市","大安區","120.590","24.375","421"
"44","309975","20220824072000","44","1","臺中市","大安區","120.585","24.380","44"
"37","309977","20220824072000","49","0","臺中市","大安區","120.610","24.375","37"
"376","309986","20220824072000","392","0","臺中市","大甲區","120.660","24.370","394"
"1454","310004","20220824072000","1956","0","臺中市","大甲區","120.655","24.380","1569"
"32","310009","20220824072000","1036","0","臺中市","大甲區","120.650","24.390","42"
"415","310033","20220824072000","328","2","臺中市","大甲區","120.615","24.415","408"
"463","310040","20220824072000","426","1","臺中市","大甲區","120.620","24.370","494"
"55","310149","20220824072000","14","3","臺中市","和平區","121.305","24.380","55"
"34","310150","20220824072000","31","1","臺中市","和平區","121.310","24.380","30"
"56","310180","20220824072000","37","3","臺中市","和平區","121.300","24.385","63"
"46","310235","20220824072000","27","3","臺中市","和平區","121.305","24.395","52"
"44","310390","20220824072000","37","1","苗栗縣","三義鄉","120.780","24.385","43"
"246","310395","20220824072000","239","1","苗栗縣","三義鄉","120.750","24.395","177"
"526","310396","20220824072000","401","2","苗栗縣","三義鄉","120.755","24.395","383"
"1859","310412","20220824072000","1622","1","苗栗縣","三義鄉","120.760","24.405","1759"
"514","310415","20220824072000","442","1","苗栗縣","三義鄉","120.765","24.410","538"
"936","310419","20220824072000","1063","0","苗栗縣","三義鄉","120.770","24.415","923"
"247","310423","20220824072000","219","1","苗栗縣","三義鄉","120.745","24.370","215"
"26","310429","20220824072000","28","0","苗栗縣","三義鄉","120.770","24.370","29"
"347","310433","20220824072000","238","2","苗栗縣","三義鄉","120.750","24.375","395"
"38","310441","20220824072000","39","0","苗栗縣","三義鄉","120.750","24.380","38"
"181","310450","20220824072000","195","0","苗栗縣","三義鄉","120.755","24.385","139"
"22","310451","20220824072000","151","0","苗栗縣","三義鄉","120.760","24.385","25"
"45","310456","20220824072000","33","2","苗栗縣","三義鄉","120.755","24.390","30"
"150","310458","20220824072000","51","3","苗栗縣","三義鄉","120.760","24.390","119"
"32","310469","20220824072000","28","1","苗栗縣","三義鄉","120.780","24.375","26"
"625","310489","20220824072000","600","1","苗栗縣","三義鄉","120.775","24.420","581"
"202","310506","20220824072000","209","0","苗栗縣","三義鄉","120.770","24.435","193"
"35","310521","20220824072000","28","2","苗栗縣","三義鄉","120.805","24.385","36"
"22","310527","20220824072000","23","0","苗栗縣","三義鄉","120.795","24.390","21"
"29","310542","20220824072000","18","3","苗栗縣","三義鄉","120.775","24.405","25"
"264","310551","20220824072000","240","1","苗栗縣","三義鄉","120.790","24.410","270"
"23","310552","20220824072000","22","1","苗栗縣","三義鄉","120.795","24.410","18"
"151","310580","20220824072000","127","1","苗栗縣","公館鄉","120.860","24.460","136"
"13","310595","20220824072000","23","0","苗栗縣","苑裡鎮","120.660","24.430","10"
"695","310596","20220824072000","581","1","苗栗縣","苑裡鎮","120.665","24.430","686"
"31","310601","20220824072000","269","0","苗栗縣","苑裡鎮","120.710","24.375","30"
"86","310623","20220824072000","67","2","苗栗縣","苑裡鎮","120.695","24.400","122"
"10","310630","20220824072000","11","0","苗栗縣","苑裡鎮","120.670","24.445","15"
"539","310636","20220824072000","409","2","苗栗縣","苑裡鎮","120.660","24.440","555"
"39","310637","20220824072000","42","0","苗栗縣","苑裡鎮","120.655","24.445","48"
"24","310639","20220824072000","20","2","苗栗縣","苑裡鎮","120.665","24.445","36"
"15","310640","20220824072000","14","1","苗栗縣","通霄鎮","120.660","24.450","21"
"490","310644","20220824072000","442","1","苗栗縣","苑裡鎮","120.655","24.450","524"
"24","310647","20220824072000","50","0","苗栗縣","通霄鎮","120.660","24.455","21"
"14","310656","20220824072000","185","0","苗栗縣","三義鄉","120.745","24.395","16"
"17","310670","20220824072000","83","0","苗栗縣","苑裡鎮","120.715","24.410","10"
"84","310685","20220824072000","65","2","苗栗縣","苑裡鎮","120.710","24.420","86"
"31","310688","20220824072000","31","1","苗栗縣","苑裡鎮","120.660","24.435","48"
"294","310695","20220824072000","230","2","苗栗縣","苑裡鎮","120.670","24.405","345"
"197","310698","20220824072000","234","0","苗栗縣","苑裡鎮","120.690","24.410","209"
"128","310699","20220824072000","72","3","苗栗縣","苑裡鎮","120.690","24.415","106"
"26","310721","20220824072000","430","0","苗栗縣","苑裡鎮","120.645","24.435","54"
"99","310722","20220824072000","94","1","苗栗縣","苑裡鎮","120.650","24.435","114"
"496","310727","20220824072000","377","2","苗栗縣","苑裡鎮","120.635","24.445","401"
"14","310728","20220824072000","14","1","苗栗縣","苑裡鎮","120.655","24.410","13"
"14","310729","20220824072000","14","1","苗栗縣","苑裡鎮","120.650","24.415","17"
"455","310730","20220824072000","374","2","苗栗縣","苑裡鎮","120.655","24.415","410"
"326","310737","20220824072000","312","1","苗栗縣","苑裡鎮","120.650","24.425","359"
"276","310752","20220824072000","268","1","苗栗縣","苑裡鎮","120.700","24.435","292"
"39","310755","20220824072000","43","0","苗栗縣","苑裡鎮","120.680","24.440","36"
"328","310758","20220824072000","252","2","苗栗縣","苑裡鎮","120.700","24.385","349"
"217","310763","20220824072000","293","0","苗栗縣","苑裡鎮","120.695","24.395","215"
"12","310764","20220824072000","10","2","苗栗縣","苑裡鎮","120.685","24.400","13"
"37","310766","20220824072000","15","3","苗栗縣","苑裡鎮","120.685","24.405","32"
"965","310776","20220824072000","884","1","苗栗縣","大湖鄉","120.870","24.425","963"
"38","310779","20220824072000","29","2","苗栗縣","大湖鄉","120.885","24.425","35"
"264","310796","20220824072000","250","1","苗栗縣","大湖鄉","120.865","24.400","240"
"47","310800","20220824072000","39","2","苗栗縣","大湖鄉","120.855","24.405","48"
"14","310825","20220824072000","163","0","苗栗縣","大湖鄉","120.900","24.410","13"
"193","310860","20220824072000","113","3","苗栗縣","大湖鄉","120.870","24.405","209"
"14","310881","20220824072000","245","0","苗栗縣","大湖鄉","120.860","24.420","11"
"531","310894","20220824072000","657","0","苗栗縣","苑裡鎮","120.655","24.440","514"
"1107","310905","20220824072000","1064","1","苗栗縣","苑裡鎮","120.680","24.385","1099"
"128","310911","20220824072000","101","2","苗栗縣","苑裡鎮","120.660","24.410","141"
"301","310914","20220824072000","135","3","苗栗縣","苑裡鎮","120.660","24.415","355"
"74","310926","20220824072000","36","3","苗栗縣","苑裡鎮","120.720","24.395","70"
"10","310927","20220824072000","109","0","苗栗縣","苑裡鎮","120.725","24.395","19"
"10","310930","20220824072000","12","0","苗栗縣","苑裡鎮","120.715","24.400","14"
"46","310938","20220824072000","38","2","苗栗縣","苑裡鎮","120.705","24.410","40"
"17","310941","20220824072000","54","0","苗栗縣","苑裡鎮","120.675","24.400","18"
"14","310942","20220824072000","16","0","苗栗縣","苑裡鎮","120.680","24.400","15"
"27","310943","20220824072000","469","0","苗栗縣","苑裡鎮","120.675","24.405","36"
"376","310949","20220824072000","213","3","苗栗縣","苑裡鎮","120.670","24.415","392"
"11","310953","20220824072000","12","0","苗栗縣","苑裡鎮","120.670","24.425","11"
"25","310959","20220824072000","17","2","苗栗縣","苑裡鎮","120.680","24.410","20"
"168","310964","20220824072000","1190","0","苗栗縣","苑裡鎮","120.685","24.415","169"
"206","310996","20220824072000","161","2","苗栗縣","銅鑼鄉","120.810","24.465","182"
"12","310999","20220824072000","25","0","苗栗縣","銅鑼鄉","120.755","24.445","12"
"26","311009","20220824072000","22","1","苗栗縣","銅鑼鄉","120.765","24.460","29"
"362","311014","20220824072000","224","3","苗栗縣","銅鑼鄉","120.760","24.460","370"
"81","311016","20220824072000","85","0","苗栗縣","銅鑼鄉","120.770","24.465","61"
"94","311031","20220824072000","52","3","苗栗縣","銅鑼鄉","120.810","24.405","95"
"148","311073","20220824072000","60","3","苗栗縣","銅鑼鄉","120.835","24.420","149"
"15","311089","20220824072000","11","2","苗栗縣","銅鑼鄉","120.765","24.435","13"
"224","311108","20220824072000","196","1","苗栗縣","銅鑼鄉","120.780","24.450","205"
"409","311118","20220824072000","382","1","苗栗縣","銅鑼鄉","120.780","24.465","384"
"1904","311279","20220824072000","2040","0","苗栗縣","苑裡鎮","120.650","24.440","1853"
"142","311280","20220824072000","162","0","苗栗縣","苑裡鎮","120.650","24.445","176"
"389","311283","20220824072000","357","1","苗栗縣","苑裡鎮","120.650","24.450","390"
"67","311310","20220824072000","57","1","苗栗縣","泰安鄉","120.925","24.390","59"
"135","311474","20220824072000","86","3","苗栗縣","泰安鄉","120.935","24.420","140"
"29","311478","20220824072000","140","0","苗栗縣","泰安鄉","120.925","24.420","23"
"10","311666","20220824072000","93","0","苗栗縣","泰安鄉","120.980","24.390","15"
"19","312076","20220824072000","15","2","苗栗縣","泰安鄉","121.015","24.425","12"
"10","312522","20220824072000","85","0","苗栗縣","泰安鄉","120.925","24.440","10"
"140","312590","20220824072000","99","2","苗栗縣","通霄鎮","120.735","24.410","158"
"188","312624","20220824072000","156","2","苗栗縣","通霄鎮","120.680","24.455","204"
"63","312636","20220824072000","63","1","苗栗縣","通霄鎮","120.690","24.465","62"
"29","312656","20220824072000","13","3","苗栗縣","通霄鎮","120.745","24.440","38"
"141","312664","20220824072000","65","3","苗栗縣","通霄鎮","120.725","24.450","158"
"13","312666","20220824072000","13","1","苗栗縣","通霄鎮","120.735","24.450","10"
"41","312668","20220824072000","98","0","苗栗縣","通霄鎮","120.720","24.425","53"
"61","312670","20220824072000","205","0","苗栗縣","通霄鎮","120.720","24.430","45"
"229","312677","20220824072000","172","2","苗栗縣","通霄鎮","120.715","24.440","272"
"188","312691","20220824072000","220","0","苗栗縣","通霄鎮","120.700","24.455","201"
"35","312717","20220824072000","25","2","苗栗縣","通霄鎮","120.730","24.460","30"
"77","312744","20220824072000","91","0","苗栗縣","大湖鄉","120.865","24.430","84"
"28","312752","20220824072000","207","0","苗栗縣","大湖鄉","120.865","24.435","26"
"94","312778","20220824072000","63","2","苗栗縣","大湖鄉","120.905","24.445","86"
"70","312782","20220824072000","51","2","苗栗縣","大湖鄉","120.880","24.450","71"
"227","312784","20220824072000","189","2","苗栗縣","大湖鄉","120.875","24.455","234"
"36","312785","20220824072000","769","0","苗栗縣","大湖鄉","120.865","24.420","48"
"224","312798","20220824072000","230","0","苗栗縣","大湖鄉","120.900","24.375","206"
"405","312833","20220824072000","293","2","苗栗縣","三義鄉","120.820","24.380","398"
"160","312851","20220824072000","110","2","苗栗縣","大湖鄉","120.865","24.375","151"
"40","312863","20220824072000","164","0","苗栗縣","大湖鄉","120.850","24.385","47"
"39","317431","20220824072000","42","0","宜蘭縣","蘇澳鎮","121.845","24.520","29"
"387","319889","20220824072000","290","2","宜蘭縣","南澳鄉","121.800","24.465","358"
"447","319890","20220824072000","435","1","宜蘭縣","蘇澳鎮","121.805","24.465","441"
"65","319894","20220824072000","43","3","宜蘭縣","南澳鄉","121.810","24.470","63"
"118","320020","20220824072000","101","1","宜蘭縣","蘇澳鎮","121.830","24.515","125"
"30","320043","20220824072000","29","1","宜蘭縣","南澳鄉","121.830","24.530","33"
"31","320054","20220824072000","29","1","宜蘭縣","南澳鄉","121.835","24.535","53"
"217","320197","20220824072000","176","2","宜蘭縣","南澳鄉","121.790","24.470","212"
"35","320298","20220824072000","19","3","宜蘭縣","南澳鄉","121.785","24.460","15"
"149","320807","20220824072000","96","3","宜蘭縣","大同鄉","121.430","24.485","144"
"158","320829","20220824072000","162","0","宜蘭縣","大同鄉","121.430","24.490","218"
"12","321164","20220824072000","17","0","宜蘭縣","南澳鄉","121.535","24.495","12"
"138","321192","20220824072000","103","2","宜蘭縣","大同鄉","121.530","24.500","133"
"25","321195","20220824072000","20","2","宜蘭縣","大同鄉","121.545","24.500","16"
"40","321219","20220824072000","20","3","宜蘭縣","大同鄉","121.530","24.505","17"
"38","321263","20220824072000","11","3","宜蘭縣","南澳鄉","121.610","24.505","47"
"112","321699","20220824072000","73","3","宜蘭縣","大同鄉","121.450","24.530","98"
"179","321823","20220824072000","181","0","宜蘭縣","蘇澳鎮","121.840","24.485","316"
"44","321846","20220824072000","28","3","宜蘭縣","蘇澳鎮","121.835","24.510","64"
"210","321850","20220824072000","127","3","宜蘭縣","蘇澳鎮","121.835","24.520","195"
"130","321880","20220824072000","81","3","宜蘭縣","蘇澳鎮","121.820","24.460","124"
"26","321882","20220824072000","22","1","宜蘭縣","蘇澳鎮","121.820","24.465","16"
"69","321898","20220824072000","48","2","宜蘭縣","蘇澳鎮","121.825","24.485","62"
"31","322586","20220824072000","24","2","新竹縣","五峰鄉","121.090","24.500","48"
"20","322590","20220824072000","24","0","新竹縣","五峰鄉","121.075","24.505","36"
"21","322609","20220824072000","22","0","新竹縣","五峰鄉","121.115","24.510","24"
"83","322716","20220824072000","77","1","新竹縣","五峰鄉","121.110","24.525","111"
"52","322717","20220824072000","60","0","新竹縣","五峰鄉","121.115","24.525","55"
"58","322744","20220824072000","39","2","新竹縣","五峰鄉","121.125","24.530","45"
"92","322792","20220824072000","63","2","新竹縣","五峰鄉","121.125","24.540","109"
"30","322897","20220824072000","22","2","新竹縣","五峰鄉","121.130","24.560","16"
"56","322913","20220824072000","371","0","苗栗縣","公館鄉","120.820","24.495","52"
"21","322918","20220824072000","195","0","苗栗縣","公館鄉","120.815","24.510","23"
"176","322920","20220824072000","256","0","苗栗縣","公館鄉","120.815","24.515","190"
"440","322921","20220824072000","322","2","苗栗縣","銅鑼鄉","120.810","24.515","426"
"263","322933","20220824072000","209","2","苗栗縣","公館鄉","120.835","24.510","280"
"341","322941","20220824072000","366","0","苗栗縣","公館鄉","120.835","24.530","332"
"11","322961","20220824072000","99","0","苗栗縣","公館鄉","120.850","24.530","11"
"31","322992","20220824072000","78","0","苗栗縣","公館鄉","120.890","24.540","33"
"133","323065","20220824072000","124","1","苗栗縣","公館鄉","120.835","24.500","149"
"168","323078","20220824072000","144","1","苗栗縣","公館鄉","120.835","24.545","170"
"1009","323086","20220824072000","759","2","苗栗縣","公館鄉","120.825","24.510","1028"
"55","323090","20220824072000","783","0","苗栗縣","公館鄉","120.820","24.515","48"
"244","323092","20220824072000","411","0","苗栗縣","公館鄉","120.825","24.520","249"
"59","323094","20220824072000","325","0","苗栗縣","公館鄉","120.825","24.465","54"
"99","323105","20220824072000","190","0","苗栗縣","公館鄉","120.835","24.465","114"
"39","323120","20220824072000","39","1","苗栗縣","公館鄉","120.855","24.475","56"
"388","323126","20220824072000","355","1","苗栗縣","公館鄉","120.825","24.475","442"
"308","323131","20220824072000","340","0","苗栗縣","公館鄉","120.820","24.480","335"
"598","323137","20220824072000","471","2","苗栗縣","公館鄉","120.830","24.485","574"
"543","323139","20220824072000","601","0","苗栗縣","公館鄉","120.825","24.500","520"
"699","323140","20220824072000","705","0","苗栗縣","公館鄉","120.825","24.505","690"
"1164","323143","20220824072000","1337","0","苗栗縣","公館鄉","120.820","24.500","1153"
"29","323150","20220824072000","271","0","苗栗縣","公館鄉","120.830","24.530","34"
"202","323152","20220824072000","169","1","苗栗縣","公館鄉","120.830","24.535","232"
"813","323159","20220824072000","572","2","苗栗縣","公館鄉","120.825","24.530","899"
"144","323161","20220824072000","149","0","苗栗縣","苗栗市","120.835","24.555","142"
"448","323164","20220824072000","836","0","苗栗縣","苗栗市","120.820","24.560","452"
"237","323174","20220824072000","157","3","苗栗縣","通霄鎮","120.700","24.550","256"
"274","323187","20220824072000","225","2","苗栗縣","通霄鎮","120.695","24.475","266"
"14","323189","20220824072000","392","0","苗栗縣","通霄鎮","120.685","24.480","17"
"66","323210","20220824072000","55","2","苗栗縣","通霄鎮","120.730","24.490","64"
"17","323218","20220824072000","53","0","苗栗縣","通霄鎮","120.740","24.495","16"
"22","323221","20220824072000","16","2","苗栗縣","通霄鎮","120.750","24.485","20"
"10","323223","20220824072000","12","0","苗栗縣","通霄鎮","120.760","24.485","10"
"83","323237","20220824072000","87","0","苗栗縣","通霄鎮","120.720","24.505","80"
"10","323239","20220824072000","29","0","苗栗縣","通霄鎮","120.730","24.505","15"
"82","323242","20220824072000","62","2","苗栗縣","通霄鎮","120.740","24.505","73"
"133","323248","20220824072000","123","1","苗栗縣","通霄鎮","120.730","24.510","93"
"20","323299","20220824072000","23","0","苗栗縣","南庄鄉","120.960","24.520","26"
"76","323333","20220824072000","82","0","苗栗縣","南庄鄉","120.965","24.535","77"
"19","323356","20220824072000","119","0","苗栗縣","南庄鄉","120.970","24.545","20"
"2269","323391","20220824072000","2173","1","苗栗縣","苗栗市","120.825","24.555","2240"
"16","323392","20220824072000","20","0","苗栗縣","苗栗市","120.820","24.540","20"
"1047","323394","20220824072000","714","2","苗栗縣","苗栗市","120.825","24.545","1007"
"666","323395","20220824072000","1785","0","苗栗縣","苗栗市","120.815","24.550","768"
"54","323396","20220824072000","101","0","苗栗縣","苗栗市","120.820","24.550","65"
"1682","323397","20220824072000","1610","1","苗栗縣","苗栗市","120.815","24.555","1611"
"624","323400","20220824072000","504","2","苗栗縣","苗栗市","120.820","24.555","666"
"226","323402","20220824072000","318","0","苗栗縣","苗栗市","120.830","24.555","242"
"486","323403","20220824072000","410","1","苗栗縣","苗栗市","120.825","24.565","504"
"21","323405","20220824072000","32","0","苗栗縣","苗栗市","120.790","24.525","15"
"25","323411","20220824072000","203","0","苗栗縣","苗栗市","120.785","24.535","24"
"27","323412","20220824072000","57","0","苗栗縣","苗栗市","120.790","24.535","30"
"257","323414","20220824072000","129","3","苗栗縣","苗栗市","120.800","24.535","265"
"35","323530","20220824072000","37","0","苗栗縣","南庄鄉","121.025","24.535","41"
"32","323545","20220824072000","29","1","苗栗縣","南庄鄉","121.030","24.540","51"
"127","323601","20220824072000","62","3","苗栗縣","頭屋鄉","120.855","24.555","109"
"26","323631","20220824072000","36","0","苗栗縣","頭屋鄉","120.870","24.560","31"
"238","323661","20220824072000","186","2","苗栗縣","銅鑼鄉","120.775","24.495","200"
"25","323663","20220824072000","24","1","苗栗縣","西湖鄉","120.770","24.500","20"
"271","323674","20220824072000","215","2","苗栗縣","銅鑼鄉","120.790","24.470","292"
"343","323678","20220824072000","254","2","苗栗縣","銅鑼鄉","120.790","24.475","324"
"42","323679","20220824072000","55","0","苗栗縣","銅鑼鄉","120.795","24.475","48"
"462","323682","20220824072000","423","1","苗栗縣","銅鑼鄉","120.785","24.480","477"
"492","323683","20220824072000","453","1","苗栗縣","銅鑼鄉","120.790","24.480","507"
"406","323685","20220824072000","483","0","苗栗縣","銅鑼鄉","120.785","24.485","378"
"855","323686","20220824072000","1203","0","苗栗縣","銅鑼鄉","120.785","24.490","869"
"107","323691","20220824072000","84","2","苗栗縣","通霄鎮","120.725","24.520","95"
"11","323700","20220824072000","55","0","苗栗縣","通霄鎮","120.735","24.525","15"
"15","323727","20220824072000","129","0","苗栗縣","通霄鎮","120.675","24.485","33"
"362","323728","20220824072000","934","0","苗栗縣","苗栗市","120.810","24.545","397"
"70","323734","20220824072000","45","3","苗栗縣","西湖鄉","120.790","24.550","72"
"194","323738","20220824072000","141","2","苗栗縣","苗栗市","120.795","24.555","174"
"429","323740","20220824072000","377","1","苗栗縣","苗栗市","120.805","24.555","424"
"271","323743","20220824072000","296","0","苗栗縣","苗栗市","120.800","24.560","262"
"99","323744","20220824072000","312","0","苗栗縣","苗栗市","120.805","24.560","118"
"538","323747","20220824072000","437","2","苗栗縣","苗栗市","120.815","24.530","480"
"1317","323751","20220824072000","1590","0","苗栗縣","苗栗市","120.815","24.540","1265"
"217","323752","20220824072000","181","1","苗栗縣","苗栗市","120.805","24.545","220"
"21","323753","20220824072000","49","0","苗栗縣","苗栗市","120.805","24.550","27"
"44","323763","20220824072000","210","0","苗栗縣","西湖鄉","120.730","24.555","67"
"118","323770","20220824072000","134","0","苗栗縣","西湖鄉","120.745","24.555","129"
"90","323782","20220824072000","68","2","苗栗縣","西湖鄉","120.765","24.520","102"
"145","323800","20220824072000","156","0","苗栗縣","西湖鄉","120.785","24.525","183"
"107","323808","20220824072000","44","3","苗栗縣","西湖鄉","120.745","24.525","96"
"105","323810","20220824072000","127","0","苗栗縣","西湖鄉","120.740","24.530","94"
"42","323815","20220824072000","29","2","苗栗縣","西湖鄉","120.750","24.535","35"
"144","323828","20220824072000","140","1","苗栗縣","通霄鎮","120.680","24.500","163"
"179","323830","20220824072000","230","0","苗栗縣","通霄鎮","120.690","24.500","161"
"111","323838","20220824072000","31","3","苗栗縣","通霄鎮","120.690","24.510","151"
"212","323845","20220824072000","206","1","苗栗縣","通霄鎮","120.695","24.515","184"
"86","323854","20220824072000","55","3","苗栗縣","通霄鎮","120.695","24.530","99"
"56","323864","20220824072000","19","3","苗栗縣","通霄鎮","120.675","24.490","62"
"1513","323865","20220824072000","1321","1","苗栗縣","通霄鎮","120.680","24.490","1443"
"731","323876","20220824072000","754","0","苗栗縣","銅鑼鄉","120.800","24.490","775"
"518","323879","20220824072000","519","0","苗栗縣","銅鑼鄉","120.800","24.495","458"
"228","323881","20220824072000","229","0","苗栗縣","銅鑼鄉","120.810","24.495","268"
"14","323893","20220824072000","204","0","苗栗縣","銅鑼鄉","120.805","24.510","11"
"47","323896","20220824072000","65","0","苗栗縣","銅鑼鄉","120.810","24.520","57"
"270","323898","20220824072000","248","1","苗栗縣","銅鑼鄉","120.760","24.465","331"
"76","323899","20220824072000","117","0","苗栗縣","銅鑼鄉","120.765","24.465","68"
"181","323904","20220824072000","154","1","苗栗縣","銅鑼鄉","120.770","24.470","177"
"161","323913","20220824072000","182","0","苗栗縣","銅鑼鄉","120.790","24.485","175"
"266","323918","20220824072000","189","2","苗栗縣","銅鑼鄉","120.790","24.505","245"
"107","323920","20220824072000","65","3","苗栗縣","銅鑼鄉","120.785","24.510","134"
"444","323923","20220824072000","467","0","苗栗縣","西湖鄉","120.785","24.515","373"
"71","323948","20220824072000","46","3","苗栗縣","泰安鄉","120.950","24.465","66"
"74","323952","20220824072000","103","0","苗栗縣","泰安鄉","120.970","24.465","107"
"138","323970","20220824072000","103","2","苗栗縣","泰安鄉","120.945","24.470","136"
"81","323976","20220824072000","59","2","苗栗縣","泰安鄉","120.975","24.470","80"
"14","323977","20220824072000","13","1","苗栗縣","泰安鄉","120.980","24.470","21"
"20","324112","20220824072000","13","3","苗栗縣","獅潭鄉","120.910","24.505","23"
"38","324130","20220824072000","26","2","苗栗縣","獅潭鄉","120.910","24.510","34"
"291","324200","20220824072000","175","3","苗栗縣","獅潭鄉","120.920","24.540","274"
"60","324206","20220824072000","42","2","苗栗縣","獅潭鄉","120.950","24.540","64"
"82","324257","20220824072000","78","1","苗栗縣","獅潭鄉","120.935","24.555","82"
"61","324281","20220824072000","43","2","苗栗縣","獅潭鄉","120.910","24.465","72"
"137","324285","20220824072000","164","0","苗栗縣","獅潭鄉","120.880","24.470","143"
"37","324297","20220824072000","17","3","苗栗縣","獅潭鄉","120.915","24.475","30"
"62","324301","20220824072000","60","1","苗栗縣","獅潭鄉","120.900","24.485","70"
"60","324306","20220824072000","33","3","苗栗縣","獅潭鄉","120.900","24.490","52"
"52","324349","20220824072000","59","0","苗栗縣","泰安鄉","120.945","24.485","60"
"23","324420","20220824072000","11","3","苗栗縣","泰安鄉","121.205","24.465","23"
"39","324615","20220824072000","32","2","苗栗縣","泰安鄉","121.070","24.495","32"
"14","324700","20220824072000","12","1","苗栗縣","通霄鎮","120.700","24.505","12"
"18","324701","20220824072000","11","3","苗栗縣","通霄鎮","120.705","24.505","17"
"92","324706","20220824072000","77","1","苗栗縣","通霄鎮","120.715","24.510","114"
"93","324721","20220824072000","71","2","苗栗縣","西湖鄉","120.780","24.550","78"
"85","324736","20220824072000","48","3","苗栗縣","西湖鄉","120.755","24.495","89"
"56","324766","20220824072000","29","3","苗栗縣","西湖鄉","120.785","24.540","44"
"53","324767","20220824072000","34","3","苗栗縣","西湖鄉","120.755","24.545","46"
"50","324782","20220824072000","44","1","苗栗縣","通霄鎮","120.680","24.465","91"
"471","324784","20220824072000","440","1","苗栗縣","通霄鎮","120.665","24.470","464"
"65","324791","20220824072000","863","0","苗栗縣","通霄鎮","120.675","24.475","77"
"272","324812","20220824072000","264","1","苗栗縣","通霄鎮","120.710","24.555","276"
"20","324833","20220824072000","209","0","苗栗縣","通霄鎮","120.710","24.505","20"
"40","324850","20220824072000","68","0","苗栗縣","通霄鎮","120.715","24.480","45"
"42","324851","20220824072000","40","1","苗栗縣","通霄鎮","120.720","24.480","39"
"225","324858","20220824072000","154","2","苗栗縣","通霄鎮","120.720","24.465","219"
"99","324872","20220824072000","64","3","苗栗縣","通霄鎮","120.685","24.485","110"
"36","324877","20220824072000","735","0","苗栗縣","通霄鎮","120.690","24.495","40"
"39","324879","20220824072000","281","0","苗栗縣","通霄鎮","120.695","24.500","29"
"131","328071","20220824072000","136","0","宜蘭縣","蘇澳鎮","121.860","24.600","170"
"73","328073","20220824072000","109","0","宜蘭縣","蘇澳鎮","121.870","24.600","113"
"245","328074","20220824072000","384","0","宜蘭縣","蘇澳鎮","121.880","24.600","487"
"33","328390","20220824072000","55","0","宜蘭縣","蘇澳鎮","121.880","24.605","56"
"283","331880","20220824072000","241","1","宜蘭縣","冬山鄉","121.750","24.645","263"
"22","331921","20220824072000","15","2","宜蘭縣","南澳鄉","121.805","24.555","29"
"1472","332115","20220824072000","1217","2","宜蘭縣","蘇澳鎮","121.865","24.580","1525"
"186","332120","20220824072000","139","2","宜蘭縣","冬山鄉","121.815","24.630","197"
"216","332121","20220824072000","132","3","宜蘭縣","蘇澳鎮","121.820","24.625","220"
"804","332122","20220824072000","662","2","宜蘭縣","冬山鄉","121.810","24.630","851"
"346","332124","20220824072000","241","2","宜蘭縣","冬山鄉","121.820","24.630","307"
"312","332146","20220824072000","241","2","宜蘭縣","冬山鄉","121.710","24.635","301"
"75","332175","20220824072000","79","0","宜蘭縣","冬山鄉","121.765","24.620","94"
"633","332186","20220824072000","498","2","宜蘭縣","冬山鄉","121.770","24.630","575"
"335","332216","20220824072000","500","0","宜蘭縣","冬山鄉","121.785","24.625","299"
"208","332233","20220824072000","211","0","宜蘭縣","冬山鄉","121.730","24.650","223"
"302","332244","20220824072000","218","2","宜蘭縣","冬山鄉","121.805","24.625","289"
"22","332340","20220824072000","33","0","宜蘭縣","大同鄉","121.495","24.570","30"
"77","332362","20220824072000","45","3","宜蘭縣","大同鄉","121.480","24.575","84"
"174","332385","20220824072000","79","3","宜蘭縣","大同鄉","121.495","24.580","154"
"13","332698","20220824072000","23","0","宜蘭縣","大同鄉","121.685","24.610","16"
"145","332699","20220824072000","103","2","宜蘭縣","大同鄉","121.690","24.610","149"
"12","332745","20220824072000","55","0","宜蘭縣","大同鄉","121.685","24.625","12"
"28","332848","20220824072000","20","2","宜蘭縣","大同鄉","121.635","24.615","18"
"11","332886","20220824072000","12","0","宜蘭縣","大同鄉","121.590","24.630","16"
"50","332889","20220824072000","77","0","宜蘭縣","大同鄉","121.605","24.630","51"
"18","332899","20220824072000","11","3","宜蘭縣","三星鄉","121.605","24.635","21"
"87","332902","20220824072000","85","1","宜蘭縣","大同鄉","121.560","24.640","73"
"67","333040","20220824072000","119","0","宜蘭縣","大同鄉","121.530","24.595","83"
"27","333196","20220824072000","41","0","宜蘭縣","大同鄉","121.525","24.610","13"
"80","333282","20220824072000","81","0","宜蘭縣","大同鄉","121.525","24.630","103"
"19","333296","20220824072000","12","3","宜蘭縣","大同鄉","121.490","24.635","13"
"172","333370","20220824072000","64","3","宜蘭縣","大同鄉","121.480","24.650","182"
"282","333450","20220824072000","435","0","宜蘭縣","蘇澳鎮","121.870","24.580","271"
"519","333451","20220824072000","582","0","宜蘭縣","蘇澳鎮","121.875","24.580","478"
"1154","333457","20220824072000","785","2","宜蘭縣","蘇澳鎮","121.855","24.595","1134"
"50","333458","20220824072000","90","0","宜蘭縣","蘇澳鎮","121.875","24.600","62"
"30","333460","20220824072000","18","3","宜蘭縣","蘇澳鎮","121.860","24.605","22"
"70","333462","20220824072000","53","2","宜蘭縣","蘇澳鎮","121.870","24.605","50"
"560","333474","20220824072000","467","1","宜蘭縣","蘇澳鎮","121.835","24.590","558"
"993","333478","20220824072000","942","1","宜蘭縣","蘇澳鎮","121.835","24.595","949"
"353","333479","20220824072000","336","1","宜蘭縣","蘇澳鎮","121.840","24.595","310"
"212","333488","20220824072000","143","2","宜蘭縣","蘇澳鎮","121.835","24.605","200"
"118","333492","20220824072000","94","2","宜蘭縣","蘇澳鎮","121.830","24.610","111"
"728","333495","20220824072000","562","2","宜蘭縣","蘇澳鎮","121.830","24.615","656"
"763","333504","20220824072000","655","1","宜蘭縣","五結鄉","121.835","24.650","760"
"420","333511","20220824072000","268","3","宜蘭縣","冬山鄉","121.795","24.640","383"
"41","333515","20220824072000","51","0","宜蘭縣","冬山鄉","121.780","24.650","49"
"254","333516","20220824072000","121","3","宜蘭縣","冬山鄉","121.785","24.650","261"
"603","333519","20220824072000","611","0","宜蘭縣","蘇澳鎮","121.835","24.620","613"
"1612","333520","20220824072000","1298","2","宜蘭縣","蘇澳鎮","121.840","24.620","1606"
"104","333521","20220824072000","83","2","宜蘭縣","蘇澳鎮","121.845","24.620","111"
"416","333522","20220824072000","368","1","宜蘭縣","蘇澳鎮","121.835","24.625","362"
"91","333545","20220824072000","57","3","宜蘭縣","蘇澳鎮","121.845","24.565","87"
"149","333557","20220824072000","135","1","宜蘭縣","蘇澳鎮","121.840","24.575","151"
"43","333558","20220824072000","24","3","宜蘭縣","蘇澳鎮","121.845","24.575","63"
"156","333564","20220824072000","235","0","宜蘭縣","蘇澳鎮","121.855","24.605","147"
"88","333566","20220824072000","79","1","宜蘭縣","蘇澳鎮","121.850","24.610","62"
"560","333569","20220824072000","459","2","宜蘭縣","蘇澳鎮","121.850","24.615","537"
"420","333653","20220824072000","395","1","宜蘭縣","三星鄉","121.615","24.650","413"
"606","333661","20220824072000","493","2","宜蘭縣","冬山鄉","121.805","24.640","570"
"12","333693","20220824072000","11","1","宜蘭縣","蘇澳鎮","121.865","24.570","10"
"144","333695","20220824072000","90","3","宜蘭縣","蘇澳鎮","121.850","24.575","155"
"18","333704","20220824072000","22","0","宜蘭縣","蘇澳鎮","121.845","24.580","22"
"18","333732","20220824072000","31","0","宜蘭縣","蘇澳鎮","121.815","24.600","10"
"23","333737","20220824072000","34","0","宜蘭縣","蘇澳鎮","121.815","24.610","38"
"214","333739","20220824072000","238","0","宜蘭縣","蘇澳鎮","121.815","24.615","181"
"63","333741","20220824072000","106","0","宜蘭縣","蘇澳鎮","121.825","24.615","72"
"515","333742","20220824072000","500","1","宜蘭縣","蘇澳鎮","121.815","24.620","489"
"963","333751","20220824072000","836","1","宜蘭縣","冬山鄉","121.765","24.650","933"
"210","333753","20220824072000","362","0","宜蘭縣","冬山鄉","121.795","24.630","232"
"688","333754","20220824072000","632","1","宜蘭縣","冬山鄉","121.800","24.630","606"
"34","333764","20220824072000","37","0","宜蘭縣","冬山鄉","121.725","24.625","39"
"66","333769","20220824072000","39","3","宜蘭縣","冬山鄉","121.750","24.625","57"
"46","333770","20220824072000","25","3","宜蘭縣","冬山鄉","121.760","24.625","50"
"12","333774","20220824072000","55","0","宜蘭縣","冬山鄉","121.740","24.630","10"
"182","333781","20220824072000","174","1","宜蘭縣","冬山鄉","121.750","24.635","190"
"191","333789","20220824072000","161","1","宜蘭縣","冬山鄉","121.765","24.640","194"
"83","333791","20220824072000","89","0","宜蘭縣","冬山鄉","121.760","24.645","98"
"1023","333802","20220824072000","820","2","宜蘭縣","冬山鄉","121.790","24.635","1035"
"1332","333804","20220824072000","1114","1","宜蘭縣","冬山鄉","121.795","24.635","1301"
"1018","333809","20220824072000","515","3","宜蘭縣","蘇澳鎮","121.835","24.640","1046"
"92","333810","20220824072000","119","0","宜蘭縣","蘇澳鎮","121.840","24.640","80"
"750","333814","20220824072000","652","1","宜蘭縣","蘇澳鎮","121.830","24.630","759"
"649","333818","20220824072000","478","2","宜蘭縣","蘇澳鎮","121.830","24.640","601"
"612","333821","20220824072000","548","1","宜蘭縣","蘇澳鎮","121.830","24.645","622"
"20","333893","20220824072000","11","3","新竹縣","北埔鄉","121.065","24.645","19"
"70","333899","20220824072000","55","2","新竹縣","竹東鎮","121.095","24.645","67"
"140","334213","20220824072000","71","3","新竹縣","尖石鄉","121.340","24.650","134"
"82","334309","20220824072000","49","3","新竹縣","尖石鄉","121.310","24.570","140"
"92","334366","20220824072000","53","3","新竹縣","尖石鄉","121.305","24.580","98"
"86","334372","20220824072000","29","3","新竹縣","尖石鄉","121.335","24.580","103"
"31","334487","20220824072000","30","1","新竹縣","尖石鄉","121.290","24.605","45"
"212","334532","20220824072000","205","1","新竹縣","尖石鄉","121.295","24.610","243"
"64","334547","20220824072000","65","0","新竹縣","尖石鄉","121.285","24.615","67"
"42","334623","20220824072000","34","2","新竹縣","尖石鄉","121.275","24.640","40"
"59","334698","20220824072000","40","2","新竹縣","峨眉鄉","121.025","24.655","52"
"95","334723","20220824072000","72","2","宜蘭縣","蘇澳鎮","121.840","24.590","88"
"108","334725","20220824072000","81","2","宜蘭縣","蘇澳鎮","121.850","24.590","115"
"731","334726","20220824072000","812","0","宜蘭縣","蘇澳鎮","121.845","24.595","770"
"43","334737","20220824072000","32","2","新竹縣","五峰鄉","121.090","24.605","33"
"24","334763","20220824072000","27","0","新竹縣","五峰鄉","121.105","24.615","25"
"30","334770","20220824072000","21","2","新竹縣","五峰鄉","121.085","24.625","31"
"144","334783","20220824072000","115","2","新竹縣","五峰鄉","121.120","24.630","161"
"413","334790","20220824072000","322","2","新竹縣","五峰鄉","121.100","24.640","408"
"38","334829","20220824072000","15","3","新竹縣","五峰鄉","121.090","24.565","37"
"71","334868","20220824072000","63","1","新竹縣","五峰鄉","121.105","24.580","81"
"21","334869","20220824072000","23","0","新竹縣","五峰鄉","121.110","24.580","21"
"87","334891","20220824072000","61","2","新竹縣","五峰鄉","121.115","24.590","77"
"131","334969","20220824072000","92","2","新竹縣","五峰鄉","121.125","24.590","153"
"44","335076","20220824072000","30","2","新竹縣","五峰鄉","121.155","24.610","42"
"59","335109","20220824072000","66","0","新竹縣","五峰鄉","121.110","24.620","60"
"17","335134","20220824072000","18","0","新竹縣","五峰鄉","121.145","24.625","15"
"60","335187","20220824072000","62","0","新竹縣","五峰鄉","121.150","24.645","67"
"85","335195","20220824072000","82","1","新竹縣","竹東鎮","121.125","24.650","93"
"35","335200","20220824072000","43","0","新竹縣","五峰鄉","121.150","24.650","29"
"123","335230","20220824072000","85","2","新竹縣","五峰鄉","121.180","24.655","108"
"159","335366","20220824072000","133","1","桃園市","復興區","121.400","24.640","220"
"28","335480","20220824072000","22","2","苗栗縣","三灣鄉","120.960","24.610","39"
"112","335520","20220824072000","83","2","苗栗縣","三灣鄉","120.925","24.640","118"
"234","335553","20220824072000","224","1","苗栗縣","三灣鄉","121.005","24.645","235"
"91","335569","20220824072000","886","0","苗栗縣","三灣鄉","120.955","24.650","105"
"66","335581","20220824072000","35","3","苗栗縣","三灣鄉","120.945","24.655","70"
"142","335594","20220824072000","80","3","苗栗縣","三灣鄉","120.975","24.645","130"
"182","335619","20220824072000","131","2","苗栗縣","三灣鄉","120.905","24.625","175"
"292","335630","20220824072000","254","1","苗栗縣","後龍鎮","120.770","24.615","304"
"72","335632","20220824072000","60","2","苗栗縣","後龍鎮","120.765","24.620","98"
"343","335635","20220824072000","765","0","苗栗縣","後龍鎮","120.780","24.620","369"
"23","335639","20220824072000","627","0","苗栗縣","後龍鎮","120.780","24.625","24"
"405","335647","20220824072000","492","0","苗栗縣","苗栗市","120.830","24.560","389"
"302","335648","20220824072000","255","1","苗栗縣","苗栗市","120.835","24.560","274"
"715","335652","20220824072000","594","2","苗栗縣","苗栗市","120.825","24.585","717"
"198","335655","20220824072000","161","2","苗栗縣","苗栗市","120.815","24.595","207"
"246","335657","20220824072000","219","1","苗栗縣","苗栗市","120.825","24.595","209"
"760","335658","20220824072000","385","3","苗栗縣","苗栗市","120.825","24.575","779"
"1444","335660","20220824072000","1348","1","苗栗縣","苗栗市","120.825","24.580","1457"
"230","335662","20220824072000","224","1","苗栗縣","苗栗市","120.810","24.560","225"
"1579","335663","20220824072000","2306","0","苗栗縣","苗栗市","120.815","24.560","1680"
"10","335664","20220824072000","198","0","苗栗縣","苗栗市","120.805","24.565","10"
"159","335666","20220824072000","315","0","苗栗縣","通霄鎮","120.715","24.560","156"
"64","335669","20220824072000","55","1","苗栗縣","通霄鎮","120.715","24.565","62"
"12","335671","20220824072000","135","0","苗栗縣","通霄鎮","120.710","24.570","13"
"137","335675","20220824072000","145","0","苗栗縣","通霄鎮","120.710","24.565","147"
"116","335689","20220824072000","122","0","苗栗縣","南庄鄉","121.005","24.615","125"
"141","335701","20220824072000","92","3","苗栗縣","南庄鄉","121.010","24.635","144"
"1985","335706","20220824072000","2155","0","苗栗縣","苗栗市","120.820","24.565","2003"
"66","335707","20220824072000","1086","0","苗栗縣","苗栗市","120.820","24.570","82"
"507","335708","20220824072000","474","1","苗栗縣","苗栗市","120.820","24.575","477"
"436","335717","20220824072000","384","1","苗栗縣","後龍鎮","120.775","24.650","406"
"14","335748","20220824072000","249","0","苗栗縣","南庄鄉","120.985","24.635","16"
"947","335753","20220824072000","676","2","苗栗縣","苗栗市","120.830","24.575","939"
"243","335754","20220824072000","143","3","苗栗縣","苗栗市","120.830","24.580","252"
"51","335762","20220824072000","1728","0","苗栗縣","苗栗市","120.830","24.570","55"
"947","335763","20220824072000","783","2","苗栗縣","苗栗市","120.835","24.570","985"
"24","335766","20220824072000","130","0","苗栗縣","苗栗市","120.840","24.575","32"
"12","335767","20220824072000","292","0","苗栗縣","苗栗市","120.835","24.580","504"
"44","335776","20220824072000","261","0","苗栗縣","頭屋鄉","120.845","24.595","439"
"52","335787","20220824072000","40","2","苗栗縣","頭屋鄉","120.860","24.570","56"
"394","335795","20220824072000","188","3","苗栗縣","頭屋鄉","120.855","24.580","405"
"171","335796","20220824072000","150","1","苗栗縣","頭屋鄉","120.860","24.580","164"
"25","335799","20220824072000","288","0","苗栗縣","頭屋鄉","120.875","24.580","26"
"46","335801","20220824072000","341","0","苗栗縣","頭屋鄉","120.850","24.570","35"
"100","335802","20220824072000","56","3","苗栗縣","頭屋鄉","120.855","24.570","75"
"126","335804","20220824072000","400","0","苗栗縣","頭屋鄉","120.850","24.575","535"
"55","335805","20220824072000","305","0","苗栗縣","頭屋鄉","120.855","24.575","65"
"143","335817","20220824072000","116","2","苗栗縣","後龍鎮","120.730","24.590","157"
"168","335832","20220824072000","147","1","苗栗縣","後龍鎮","120.735","24.605","193"
"20","335861","20220824072000","27","0","苗栗縣","南庄鄉","121.000","24.560","12"
"28","335884","20220824072000","24","1","苗栗縣","南庄鄉","121.000","24.570","28"
"14","335915","20220824072000","124","0","苗栗縣","南庄鄉","120.995","24.585","14"
"126","335931","20220824072000","144","0","苗栗縣","南庄鄉","121.015","24.595","135"
"490","335948","20220824072000","411","1","苗栗縣","南庄鄉","120.955","24.640","528"
"364","335954","20220824072000","321","1","苗栗縣","南庄鄉","121.000","24.600","356"
"396","335959","20220824072000","365","1","苗栗縣","南庄鄉","121.000","24.605","363"
"39","336014","20220824072000","28","2","苗栗縣","南庄鄉","121.035","24.585","35"
"12","336050","20220824072000","102","0","苗栗縣","南庄鄉","121.040","24.600","11"
"248","336097","20220824072000","158","3","苗栗縣","南庄鄉","121.035","24.620","273"
"55","336103","20220824072000","38","2","苗栗縣","南庄鄉","121.020","24.620","48"
"35","336149","20220824072000","170","0","苗栗縣","頭屋鄉","120.890","24.585","33"
"214","336180","20220824072000","177","2","苗栗縣","頭屋鄉","120.885","24.600","189"
"19","336185","20220824072000","371","0","苗栗縣","頭屋鄉","120.845","24.560","18"
"19","336218","20220824072000","25","0","苗栗縣","頭屋鄉","120.895","24.570","28"
"22","336244","20220824072000","291","0","苗栗縣","頭份鎮","120.880","24.645","28"
"199","336248","20220824072000","189","1","苗栗縣","頭份鎮","120.880","24.650","193"
"475","336249","20220824072000","407","1","苗栗縣","頭份鎮","120.885","24.650","458"
"14","336255","20220824072000","14","1","苗栗縣","頭份鎮","120.895","24.650","12"
"810","336266","20220824072000","886","0","苗栗縣","後龍鎮","120.785","24.610","824"
"288","336274","20220824072000","283","1","苗栗縣","後龍鎮","120.820","24.615","350"
"31","336275","20220824072000","21","2","苗栗縣","後龍鎮","120.825","24.615","26"
"547","336278","20220824072000","476","1","苗栗縣","後龍鎮","120.810","24.620","541"
"177","336282","20220824072000","198","0","苗栗縣","造橋鄉","120.815","24.625","165"
"1793","336283","20220824072000","1407","2","苗栗縣","苗栗市","120.810","24.565","1780"
"1380","336284","20220824072000","1135","2","苗栗縣","苗栗市","120.815","24.565","1398"
"199","336285","20220824072000","168","1","苗栗縣","苗栗市","120.805","24.570","190"
"19","336287","20220824072000","343","0","苗栗縣","苗栗市","120.815","24.570","16"
"52","336288","20220824072000","70","0","苗栗縣","苗栗市","120.810","24.575","67"
"491","336292","20220824072000","382","2","苗栗縣","苗栗市","120.810","24.585","408"
"203","336295","20220824072000","180","1","苗栗縣","苗栗市","120.810","24.590","215"
"11","336306","20220824072000","13","0","苗栗縣","苗栗市","120.790","24.570","11"
"21","336323","20220824072000","37","0","苗栗縣","苗栗市","120.795","24.585","28"
"480","336331","20220824072000","939","0","苗栗縣","苗栗市","120.825","24.570","476"
"13","336351","20220824072000","205","0","苗栗縣","後龍鎮","120.800","24.645","13"
"105","336352","20220824072000","512","0","苗栗縣","後龍鎮","120.805","24.645","72"
"191","336359","20220824072000","122","3","苗栗縣","後龍鎮","120.805","24.650","169"
"1984","336369","20220824072000","1575","2","苗栗縣","後龍鎮","120.790","24.610","1945"
"63","336376","20220824072000","392","0","苗栗縣","後龍鎮","120.810","24.610","56"
"153","336382","20220824072000","156","0","苗栗縣","後龍鎮","120.800","24.625","166"
"174","336386","20220824072000","113","3","苗栗縣","後龍鎮","120.800","24.630","155"
"15","336390","20220824072000","216","0","苗栗縣","後龍鎮","120.800","24.635","292"
"212","336395","20220824072000","223","0","苗栗縣","後龍鎮","120.825","24.605","195"
"204","336400","20220824072000","218","0","苗栗縣","後龍鎮","120.825","24.610","150"
"60","336426","20220824072000","329","0","苗栗縣","造橋鄉","120.890","24.620","30"
"152","336440","20220824072000","105","2","苗栗縣","造橋鄉","120.925","24.600","174"
"93","336466","20220824072000","49","3","苗栗縣","造橋鄉","120.910","24.620","73"
"51","336470","20220824072000","223","0","苗栗縣","造橋鄉","120.865","24.605","52"
"200","336492","20220824072000","135","2","苗栗縣","造橋鄉","120.855","24.620","164"
"27","336501","20220824072000","209","0","苗栗縣","造橋鄉","120.865","24.630","22"
"60","336504","20220824072000","48","2","苗栗縣","造橋鄉","120.860","24.645","66"
"238","336507","20220824072000","175","2","苗栗縣","造橋鄉","120.870","24.650","262"
"424","336511","20220824072000","202","3","苗栗縣","造橋鄉","120.860","24.655","436"
"156","336512","20220824072000","100","3","苗栗縣","造橋鄉","120.865","24.655","156"
"173","336520","20220824072000","110","3","苗栗縣","造橋鄉","120.850","24.645","176"
"221","336523","20220824072000","190","1","苗栗縣","造橋鄉","120.845","24.650","201"
"130","336526","20220824072000","229","0","苗栗縣","造橋鄉","120.840","24.650","120"
"71","336531","20220824072000","110","0","苗栗縣","造橋鄉","120.855","24.655","57"
"175","336542","20220824072000","186","0","苗栗縣","造橋鄉","120.840","24.610","175"
"14","336543","20220824072000","14","1","苗栗縣","造橋鄉","120.845","24.610","11"
"91","336546","20220824072000","52","3","苗栗縣","造橋鄉","120.840","24.615","89"
"19","336549","20220824072000","11","3","苗栗縣","造橋鄉","120.830","24.620","21"
"160","336556","20220824072000","137","1","苗栗縣","造橋鄉","120.840","24.625","158"
"32","336557","20220824072000","47","0","苗栗縣","造橋鄉","120.845","24.625","35"
"78","336559","20220824072000","68","1","苗栗縣","造橋鄉","120.855","24.625","84"
"103","336569","20220824072000","60","3","苗栗縣","造橋鄉","120.860","24.640","88"
"285","336572","20220824072000","267","1","苗栗縣","造橋鄉","120.875","24.640","305"
"224","336573","20220824072000","162","2","苗栗縣","造橋鄉","120.865","24.645","260"
"152","336574","20220824072000","127","1","苗栗縣","造橋鄉","120.870","24.645","143"
"82","336587","20220824072000","54","3","苗栗縣","造橋鄉","120.820","24.630","78"
"30","336604","20220824072000","23","2","苗栗縣","造橋鄉","120.840","24.645","27"
"188","336605","20220824072000","88","3","苗栗縣","造橋鄉","120.830","24.650","196"
"107","336610","20220824072000","99","1","苗栗縣","造橋鄉","120.840","24.655","123"
"10","336614","20220824072000","71","0","苗栗縣","獅潭鄉","120.940","24.560","10"
"418","336662","20220824072000","228","3","苗栗縣","獅潭鄉","120.940","24.590","427"
"126","336672","20220824072000","869","0","苗栗縣","頭份鎮","120.890","24.625","1205"
"171","336679","20220824072000","201","0","苗栗縣","頭份鎮","120.885","24.635","163"
"160","336689","20220824072000","104","3","苗栗縣","頭份鎮","120.885","24.645","179"
"28","336694","20220824072000","24","1","苗栗縣","頭份鎮","120.905","24.650","20"
"265","336696","20220824072000","151","3","苗栗縣","後龍鎮","120.815","24.635","279"
"292","336716","20220824072000","220","2","苗栗縣","後龍鎮","120.765","24.590","220"
"129","336717","20220824072000","86","3","苗栗縣","後龍鎮","120.750","24.595","150"
"148","336734","20220824072000","115","2","苗栗縣","後龍鎮","120.760","24.635","160"
"54","336737","20220824072000","37","2","苗栗縣","後龍鎮","120.775","24.635","44"
"169","336741","20220824072000","103","3","苗栗縣","後龍鎮","120.770","24.640","195"
"483","336749","20220824072000","434","1","苗栗縣","後龍鎮","120.825","24.600","459"
"373","336751","20220824072000","340","1","苗栗縣","後龍鎮","120.815","24.605","372"
"103","336767","20220824072000","256","0","苗栗縣","後龍鎮","120.790","24.590","85"
"47","336777","20220824072000","419","0","苗栗縣","後龍鎮","120.780","24.600","39"
"256","336816","20220824072000","386","0","苗栗縣","西湖鄉","120.755","24.560","229"
"380","336818","20220824072000","280","2","苗栗縣","西湖鄉","120.755","24.565","389"
"11","336840","20220824072000","53","0","苗栗縣","苗栗市","120.825","24.560","11"
"51","336841","20220824072000","749","0","苗栗縣","後龍鎮","120.790","24.615","58"
"282","336849","20220824072000","268","1","苗栗縣","後龍鎮","120.735","24.570","238"
"55","336860","20220824072000","45","2","苗栗縣","後龍鎮","120.715","24.585","63"
"92","336867","20220824072000","75","2","苗栗縣","後龍鎮","120.725","24.590","90"
"10","336873","20220824072000","17","0","苗栗縣","後龍鎮","120.725","24.600","19"
"1163","345384","20220824072000","860","2","宜蘭縣","員山鄉","121.730","24.730","1111"
"661","345386","20220824072000","461","2","宜蘭縣","冬山鄉","121.750","24.655","669"
"967","345394","20220824072000","822","1","宜蘭縣","員山鄉","121.725","24.740","943"
"819","345398","20220824072000","683","1","宜蘭縣","員山鄉","121.725","24.745","823"
"217","345405","20220824072000","165","2","宜蘭縣","員山鄉","121.705","24.730","201"
"231","345413","20220824072000","130","3","宜蘭縣","員山鄉","121.715","24.735","267"
"355","345414","20220824072000","400","0","宜蘭縣","員山鄉","121.720","24.735","344"
"42","345418","20220824072000","466","0","宜蘭縣","宜蘭市","121.760","24.755","42"
"1165","345419","20220824072000","1408","0","宜蘭縣","宜蘭市","121.755","24.755","1138"
"299","345420","20220824072000","262","1","宜蘭縣","員山鄉","121.730","24.710","303"
"576","345431","20220824072000","513","1","宜蘭縣","宜蘭市","121.740","24.725","609"
"74","345442","20220824072000","55","2","宜蘭縣","員山鄉","121.630","24.690","67"
"17","345460","20220824072000","30","0","宜蘭縣","員山鄉","121.645","24.700","19"
"109","345472","20220824072000","79","2","宜蘭縣","員山鄉","121.645","24.705","104"
"70","345493","20220824072000","70","1","宜蘭縣","員山鄉","121.665","24.710","80"
"40","345545","20220824072000","57","0","宜蘭縣","員山鄉","121.680","24.715","51"
"387","345546","20220824072000","288","2","宜蘭縣","員山鄉","121.685","24.715","421"
"413","345550","20220824072000","304","2","宜蘭縣","員山鄉","121.685","24.720","407"
"1052","345564","20220824072000","711","2","宜蘭縣","冬山鄉","121.705","24.655","1099"
"455","345567","20220824072000","415","1","宜蘭縣","冬山鄉","121.745","24.670","456"
"32","345571","20220824072000","282","0","宜蘭縣","羅東鎮","121.750","24.685","32"
"12","345574","20220824072000","12","1","宜蘭縣","冬山鄉","121.730","24.660","12"
"401","345575","20220824072000","304","2","宜蘭縣","冬山鄉","121.735","24.660","401"
"480","345579","20220824072000","404","1","宜蘭縣","冬山鄉","121.745","24.665","476"
"548","345580","20220824072000","302","3","宜蘭縣","冬山鄉","121.750","24.670","553"
"462","345593","20220824072000","280","3","宜蘭縣","冬山鄉","121.735","24.680","443"
"377","345596","20220824072000","234","3","宜蘭縣","冬山鄉","121.730","24.685","352"
"530","345600","20220824072000","226","3","宜蘭縣","冬山鄉","121.740","24.690","538"
"84","345608","20220824072000","181","0","宜蘭縣","壯圍鄉","121.780","24.725","76"
"569","345621","20220824072000","363","3","宜蘭縣","宜蘭市","121.755","24.765","558"
"172","345623","20220824072000","421","0","宜蘭縣","三星鄉","121.685","24.700","212"
"267","345646","20220824072000","208","2","宜蘭縣","五結鄉","121.775","24.700","255"
"66","345649","20220824072000","184","0","宜蘭縣","五結鄉","121.790","24.700","69"
"316","345652","20220824072000","254","2","宜蘭縣","五結鄉","121.785","24.705","289"
"278","345678","20220824072000","289","0","宜蘭縣","三星鄉","121.675","24.685","273"
"328","345685","20220824072000","420","0","宜蘭縣","三星鄉","121.670","24.690","267"
"35","345695","20220824072000","121","0","宜蘭縣","三星鄉","121.685","24.695","32"
"318","345711","20220824072000","203","3","宜蘭縣","三星鄉","121.630","24.665","303"
"927","345715","20220824072000","994","0","宜蘭縣","宜蘭市","121.755","24.760","976"
"468","345716","20220824072000","368","2","宜蘭縣","三星鄉","121.655","24.670","486"
"1382","345720","20220824072000","1215","1","宜蘭縣","三星鄉","121.650","24.665","1378"
"884","345726","20220824072000","914","0","宜蘭縣","壯圍鄉","121.815","24.760","921"
"242","345731","20220824072000","197","2","宜蘭縣","大同鄉","121.600","24.675","267"
"146","345738","20220824072000","149","0","宜蘭縣","大同鄉","121.610","24.680","161"
"92","345857","20220824072000","90","1","宜蘭縣","大同鄉","121.580","24.655","94"
"183","345897","20220824072000","109","3","宜蘭縣","大同鄉","121.590","24.665","199"
"52","345918","20220824072000","26","3","宜蘭縣","大同鄉","121.590","24.670","42"
"368","345998","20220824072000","370","0","宜蘭縣","宜蘭市","121.745","24.760","347"
"376","346004","20220824072000","418","0","宜蘭縣","壯圍鄉","121.820","24.725","381"
"512","346010","20220824072000","458","1","宜蘭縣","員山鄉","121.685","24.730","503"
"409","346029","20220824072000","261","3","宜蘭縣","員山鄉","121.705","24.710","423"
"169","346033","20220824072000","121","2","宜蘭縣","員山鄉","121.725","24.710","155"
"1141","346041","20220824072000","819","2","宜蘭縣","員山鄉","121.720","24.725","1158"
"267","346048","20220824072000","219","2","宜蘭縣","員山鄉","121.700","24.745","274"
"71","346057","20220824072000","67","1","宜蘭縣","員山鄉","121.700","24.755","10"
"24","346150","20220824072000","20","2","宜蘭縣","員山鄉","121.670","24.745","33"
"261","346153","20220824072000","195","2","宜蘭縣","員山鄉","121.685","24.745","279"
"11","346158","20220824072000","13","0","宜蘭縣","員山鄉","121.610","24.750","11"
"29","346184","20220824072000","52","0","宜蘭縣","員山鄉","121.640","24.755","69"
"227","346231","20220824072000","173","2","宜蘭縣","冬山鄉","121.790","24.655","191"
"487","346234","20220824072000","357","2","宜蘭縣","冬山鄉","121.805","24.655","513"
"713","346247","20220824072000","719","0","宜蘭縣","羅東鎮","121.775","24.685","734"
"290","346248","20220824072000","281","1","宜蘭縣","五結鄉","121.775","24.690","301"
"874","346251","20220824072000","617","2","宜蘭縣","五結鄉","121.770","24.695","881"
"438","346252","20220824072000","336","2","宜蘭縣","五結鄉","121.775","24.695","452"
"2792","346254","20220824072000","2893","0","宜蘭縣","羅東鎮","121.770","24.680","2818"
"33","346256","20220824072000","27","2","宜蘭縣","員山鄉","121.720","24.760","35"
"2803","346259","20220824072000","2333","2","宜蘭縣","五結鄉","121.770","24.705","2821"
"1161","346261","20220824072000","612","3","宜蘭縣","五結鄉","121.785","24.685","1127"
"2011","346263","20220824072000","1832","1","宜蘭縣","五結鄉","121.795","24.685","2023"
"1025","346264","20220824072000","917","1","宜蘭縣","五結鄉","121.800","24.685","1034"
"1561","346266","20220824072000","1257","2","宜蘭縣","五結鄉","121.795","24.690","1550"
"771","346267","20220824072000","616","2","宜蘭縣","五結鄉","121.795","24.695","726"
"940","346274","20220824072000","1075","0","宜蘭縣","五結鄉","121.820","24.665","917"
"11","346275","20220824072000","15","0","宜蘭縣","五結鄉","121.825","24.665","17"
"670","346280","20220824072000","503","2","宜蘭縣","五結鄉","121.810","24.675","714"
"107","346281","20220824072000","114","0","宜蘭縣","五結鄉","121.815","24.675","120"
"487","346284","20220824072000","391","2","宜蘭縣","五結鄉","121.815","24.680","503"
"221","346286","20220824072000","155","2","宜蘭縣","五結鄉","121.800","24.680","211"
"32","346292","20220824072000","297","0","宜蘭縣","壯圍鄉","121.795","24.760","36"
"36","346296","20220824072000","22","3","宜蘭縣","三星鄉","121.665","24.675","28"
"256","346360","20220824072000","272","0","宜蘭縣","壯圍鄉","121.815","24.745","268"
"37","346378","20220824072000","31","1","宜蘭縣","壯圍鄉","121.805","24.765","35"
"2036","346379","20220824072000","2215","0","宜蘭縣","宜蘭市","121.750","24.750","2055"
"478","346389","20220824072000","296","3","宜蘭縣","五結鄉","121.810","24.700","424"
"160","346394","20220824072000","186","0","宜蘭縣","五結鄉","121.830","24.675","161"
"492","346399","20220824072000","585","0","宜蘭縣","五結鄉","121.825","24.680","457"
"39","346400","20220824072000","71","0","宜蘭縣","五結鄉","121.830","24.680","41"
"18","346401","20220824072000","20","0","宜蘭縣","五結鄉","121.835","24.680","16"
"46","346403","20220824072000","51","0","宜蘭縣","五結鄉","121.825","24.685","44"
"192","346413","20220824072000","197","0","宜蘭縣","五結鄉","121.835","24.660","187"
"137","346416","20220824072000","99","2","宜蘭縣","五結鄉","121.835","24.665","132"
"709","346420","20220824072000","872","0","宜蘭縣","五結鄉","121.795","24.680","752"
"772","346421","20220824072000","554","2","宜蘭縣","五結鄉","121.800","24.675","738"
"722","346423","20220824072000","431","3","宜蘭縣","五結鄉","121.785","24.680","688"
"694","346429","20220824072000","355","3","宜蘭縣","冬山鄉","121.775","24.660","720"
"219","346430","20220824072000","327","0","宜蘭縣","冬山鄉","121.770","24.665","235"
"308","346431","20220824072000","430","0","宜蘭縣","宜蘭市","121.745","24.755","303"
"650","346436","20220824072000","554","1","宜蘭縣","宜蘭市","121.750","24.740","657"
"949","346437","20220824072000","888","1","宜蘭縣","宜蘭市","121.750","24.760","962"
"56","346440","20220824072000","78","0","宜蘭縣","冬山鄉","121.765","24.665","48"
"275","346442","20220824072000","277","0","宜蘭縣","冬山鄉","121.780","24.660","281"
"509","346443","20220824072000","341","2","宜蘭縣","冬山鄉","121.785","24.660","533"
"176","346456","20220824072000","152","1","宜蘭縣","宜蘭市","121.770","24.720","158"
"937","346457","20220824072000","714","2","宜蘭縣","宜蘭市","121.760","24.720","974"
"219","346458","20220824072000","172","2","宜蘭縣","宜蘭市","121.765","24.720","217"
"194","346461","20220824072000","150","2","宜蘭縣","五結鄉","121.820","24.695","198"
"162","346470","20220824072000","94","3","宜蘭縣","五結鄉","121.810","24.705","170"
"539","346472","20220824072000","494","1","宜蘭縣","五結鄉","121.820","24.705","572"
"234","346534","20220824072000","210","1","宜蘭縣","三星鄉","121.680","24.665","221"
"351","346538","20220824072000","250","2","宜蘭縣","三星鄉","121.680","24.670","365"
"407","346540","20220824072000","402","1","宜蘭縣","宜蘭市","121.740","24.760","412"
"310","346545","20220824072000","756","0","宜蘭縣","員山鄉","121.710","24.750","276"
"352","346553","20220824072000","227","3","宜蘭縣","員山鄉","121.715","24.760","365"
"633","346555","20220824072000","538","1","宜蘭縣","羅東鎮","121.765","24.690","616"
"569","346556","20220824072000","630","0","宜蘭縣","五結鄉","121.770","24.690","603"
"243","346558","20220824072000","198","2","宜蘭縣","壯圍鄉","121.800","24.730","262"
"1652","346566","20220824072000","1459","1","宜蘭縣","壯圍鄉","121.785","24.745","1800"
"361","346572","20220824072000","342","1","宜蘭縣","三星鄉","121.690","24.680","387"
"119","346599","20220824072000","329","0","宜蘭縣","三星鄉","121.700","24.665","123"
"524","346607","20220824072000","449","1","宜蘭縣","三星鄉","121.710","24.670","526"
"652","346608","20220824072000","526","2","宜蘭縣","三星鄉","121.715","24.670","636"
"313","346611","20220824072000","218","2","宜蘭縣","冬山鄉","121.730","24.670","300"
"601","346626","20220824072000","694","0","宜蘭縣","員山鄉","121.725","24.765","569"
"1228","346628","20220824072000","3201","0","宜蘭縣","羅東鎮","121.770","24.675","1391"
"3155","346629","20220824072000","2955","1","宜蘭縣","羅東鎮","121.760","24.680","3112"
"2195","346630","20220824072000","2329","0","宜蘭縣","羅東鎮","121.760","24.675","2212"
"594","346634","20220824072000","483","2","宜蘭縣","宜蘭市","121.775","24.735","555"
"853","346635","20220824072000","697","2","宜蘭縣","宜蘭市","121.765","24.740","850"
"1441","346642","20220824072000","1623","0","宜蘭縣","宜蘭市","121.770","24.750","1364"
"14","346652","20220824072000","64","0","宜蘭縣","壯圍鄉","121.805","24.720","14"
"2036","346668","20220824072000","1357","3","宜蘭縣","宜蘭市","121.750","24.755","2029"
"836","346672","20220824072000","788","1","宜蘭縣","冬山鄉","121.770","24.655","829"
"1014","346673","20220824072000","831","2","宜蘭縣","冬山鄉","121.755","24.660","1022"
"452","346674","20220824072000","375","2","宜蘭縣","冬山鄉","121.760","24.660","450"
"658","346675","20220824072000","449","2","宜蘭縣","冬山鄉","121.765","24.660","644"
"1339","346678","20220824072000","941","2","宜蘭縣","羅東鎮","121.780","24.675","1211"
"478","346684","20220824072000","499","0","宜蘭縣","宜蘭市","121.770","24.725","476"
"439","346685","20220824072000","367","1","宜蘭縣","宜蘭市","121.765","24.725","398"
"2222","346692","20220824072000","1844","2","宜蘭縣","宜蘭市","121.755","24.745","2154"
"528","346698","20220824072000","258","3","宜蘭縣","三星鄉","121.725","24.690","568"
"663","346702","20220824072000","516","2","宜蘭縣","三星鄉","121.730","24.695","689"
"568","346710","20220824072000","534","1","宜蘭縣","羅東鎮","121.755","24.670","558"
"687","346712","20220824072000","884","0","宜蘭縣","羅東鎮","121.765","24.670","722"
"748","346713","20220824072000","574","2","宜蘭縣","五結鄉","121.800","24.690","748"
"1079","346714","20220824072000","884","2","宜蘭縣","五結鄉","121.800","24.695","1048"
"476","346718","20220824072000","588","0","宜蘭縣","五結鄉","121.790","24.705","462"
"252","346731","20220824072000","251","1","宜蘭縣","三星鄉","121.745","24.700","239"
"2372","346739","20220824072000","2351","1","新竹縣","竹東鎮","121.100","24.720","2335"
"400","346747","20220824072000","482","0","新竹縣","竹東鎮","121.035","24.760","394"
"2608","346754","20220824072000","1964","2","新竹縣","竹東鎮","121.090","24.745","2572"
"891","346790","20220824072000","945","0","新竹市","香山區","120.955","24.750","877"
"95","346791","20220824072000","98","0","新竹市","香山區","120.940","24.755","91"
"262","346792","20220824072000","245","1","新竹市","香山區","120.945","24.755","267"
"588","346793","20220824072000","1290","0","新竹市","香山區","120.950","24.755","613"
"158","346794","20220824072000","129","2","新竹市","香山區","120.920","24.720","173"
"590","346797","20220824072000","446","2","新竹市","香山區","120.915","24.730","646"
"262","346804","20220824072000","203","2","新竹市","香山區","120.915","24.735","275"
"685","346806","20220824072000","867","0","新竹市","香山區","120.915","24.740","761"
"1083","346812","20220824072000","789","2","新竹市","香山區","120.910","24.745","1146"
"146","346817","20220824072000","212","0","新竹市","香山區","120.880","24.735","151"
"360","346825","20220824072000","292","2","新竹市","香山區","120.895","24.740","355"
"18","346835","20220824072000","100","0","新竹市","香山區","120.925","24.715","20"
"26","346841","20220824072000","119","0","新竹市","香山區","120.930","24.725","24"
"209","346860","20220824072000","115","3","新竹縣","關西鎮","121.210","24.760","198"
"28","346863","20220824072000","30","0","新竹縣","關西鎮","121.225","24.760","36"
"122","346867","20220824072000","60","3","新竹縣","關西鎮","121.215","24.765","121"
"105","346868","20220824072000","78","2","新竹縣","關西鎮","121.220","24.765","107"
"91","346896","20220824072000","62","2","新竹縣","關西鎮","121.240","24.765","87"
"215","346907","20220824072000","176","2","新竹縣","關西鎮","121.230","24.770","220"
"2175","346918","20220824072000","1842","1","新竹市","東區","121.020","24.760","2059"
"86","346919","20220824072000","120","0","新竹市","東區","121.025","24.760","86"
"815","346920","20220824072000","1055","0","新竹市","東區","121.020","24.765","886"
"1320","346921","20220824072000","1438","0","新竹市","東區","121.025","24.765","1292"
"8123","346922","20220824072000","6064","2","新竹市","東區","121.015","24.770","8164"
"1564","346923","20220824072000","2468","0","新竹市","東區","121.020","24.770","1806"
"547","346924","20220824072000","493","1","新竹市","東區","121.025","24.770","519"
"136","346931","20220824072000","803","0","新竹縣","竹東鎮","121.090","24.735","128"
"150","346936","20220824072000","343","0","新竹縣","橫山鄉","121.100","24.710","153"
"700","346937","20220824072000","641","1","新竹縣","竹東鎮","121.100","24.715","679"
"403","346949","20220824072000","363","1","新竹縣","橫山鄉","121.180","24.705","395"
"187","346961","20220824072000","182","1","新竹縣","橫山鄉","121.165","24.710","214"
"182","346964","20220824072000","205","0","新竹縣","橫山鄉","121.150","24.715","201"
"851","347497","20220824072000","1080","0","新竹市","東區","120.975","24.765","883"
"817","347498","20220824072000","480","3","新竹市","東區","120.980","24.765","842"
"353","347499","20220824072000","300","1","新竹市","東區","120.970","24.770","381"
"1855","347500","20220824072000","1555","1","新竹市","東區","120.975","24.770","1754"
"412","347505","20220824072000","295","2","新竹市","東區","120.965","24.765","403"
"944","347506","20220824072000","878","1","新竹市","東區","120.970","24.765","980"
"78","347507","20220824072000","73","1","新竹市","東區","120.965","24.770","79"
"1062","347508","20220824072000","893","1","新竹縣","竹東鎮","121.085","24.735","1036"
"292","347515","20220824072000","457","0","新竹縣","竹東鎮","121.075","24.725","301"
"345","347520","20220824072000","512","0","新竹縣","竹東鎮","121.090","24.730","359"
"1329","347521","20220824072000","1206","1","新竹縣","竹東鎮","121.085","24.740","1315"
"1018","347522","20220824072000","860","1","新竹縣","竹東鎮","121.100","24.745","999"
"487","347533","20220824072000","419","1","新竹縣","芎林鄉","121.125","24.725","512"
"326","347538","20220824072000","328","0","新竹縣","芎林鄉","121.120","24.735","331"
"238","347547","20220824072000","198","2","新竹縣","芎林鄉","121.135","24.745","240"
"39","347555","20220824072000","32","2","新竹縣","芎林鄉","121.140","24.750","37"
"73","347573","20220824072000","78","0","新竹縣","關西鎮","121.185","24.755","81"
"115","347621","20220824072000","61","3","新竹縣","關西鎮","121.195","24.750","106"
"171","347640","20220824072000","122","2","新竹縣","關西鎮","121.180","24.745","98"
"49","347650","20220824072000","34","2","新竹縣","關西鎮","121.170","24.755","37"
"145","347665","20220824072000","75","3","新竹縣","關西鎮","121.170","24.765","134"
"175","347670","20220824072000","158","1","新竹縣","關西鎮","121.170","24.770","171"
"3233","347702","20220824072000","3037","1","新竹縣","竹東鎮","121.090","24.740","3203"
"256","347705","20220824072000","254","1","新竹縣","竹東鎮","121.100","24.695","251"
"1510","347714","20220824072000","1571","0","新竹縣","竹東鎮","121.050","24.770","1507"
"155","347720","20220824072000","109","2","新竹縣","寶山鄉","121.030","24.735","165"
"28","347723","20220824072000","133","0","新竹縣","寶山鄉","121.020","24.740","28"
"248","347740","20220824072000","268","0","新竹縣","寶山鄉","121.030","24.750","248"
"132","347774","20220824072000","80","3","新竹縣","寶山鄉","121.050","24.730","124"
"138","347788","20220824072000","73","3","新竹縣","寶山鄉","121.040","24.745","141"
"110","347794","20220824072000","97","1","新竹縣","寶山鄉","121.045","24.745","99"
"24","347799","20220824072000","21","1","新竹縣","寶山鄉","121.050","24.750","21"
"225","347805","20220824072000","198","1","新竹縣","寶山鄉","120.960","24.725","223"
"139","347806","20220824072000","116","1","新竹縣","寶山鄉","120.965","24.725","132"
"34","347808","20220824072000","19","3","新竹縣","寶山鄉","120.975","24.725","42"
"206","347809","20220824072000","171","2","新竹縣","寶山鄉","120.980","24.725","209"
"211","347812","20220824072000","251","0","新竹縣","寶山鄉","120.965","24.730","202"
"12","347817","20220824072000","16","0","新竹縣","寶山鄉","120.965","24.735","11"
"51","347818","20220824072000","41","2","新竹縣","寶山鄉","120.970","24.735","42"
"54","347821","20220824072000","46","1","新竹縣","寶山鄉","120.985","24.735","51"
"165","347823","20220824072000","194","0","新竹縣","寶山鄉","120.970","24.740","205"
"180","347832","20220824072000","141","2","新竹縣","寶山鄉","120.980","24.745","182"
"269","347835","20220824072000","273","0","新竹縣","寶山鄉","120.980","24.755","274"
"79","347842","20220824072000","80","0","新竹縣","寶山鄉","121.000","24.715","67"
"126","347845","20220824072000","88","2","新竹縣","寶山鄉","121.015","24.715","119"
"779","347878","20220824072000","749","1","新竹縣","寶山鄉","120.940","24.725","765"
"53","347882","20220824072000","41","2","新竹縣","寶山鄉","120.945","24.740","49"
"165","347889","20220824072000","145","1","新竹縣","寶山鄉","120.960","24.745","168"
"13","347900","20220824072000","53","0","新竹縣","北埔鄉","121.055","24.670","14"
"1207","347925","20220824072000","1075","1","新竹縣","北埔鄉","121.055","24.695","1215"
"187","347926","20220824072000","159","1","新竹縣","北埔鄉","121.045","24.700","180"
"301","347927","20220824072000","183","3","新竹縣","北埔鄉","121.050","24.700","337"
"43","347930","20220824072000","36","1","新竹縣","北埔鄉","121.045","24.705","48"
"14","347931","20220824072000","26","0","新竹縣","北埔鄉","121.050","24.705","21"
"108","347934","20220824072000","82","2","新竹縣","北埔鄉","121.045","24.715","113"
"11","347940","20220824072000","12","0","新竹縣","北埔鄉","121.070","24.665","11"
"270","347949","20220824072000","205","2","新竹縣","北埔鄉","121.065","24.675","273"
"434","347958","20220824072000","362","1","新竹縣","橫山鄉","121.130","24.725","403"
"437","347976","20220824072000","360","2","新竹縣","橫山鄉","121.140","24.720","403"
"32","347986","20220824072000","16","3","新竹縣","橫山鄉","121.130","24.700","29"
"78","347995","20220824072000","139","0","新竹縣","橫山鄉","121.115","24.710","78"
"450","348000","20220824072000","339","2","新竹縣","橫山鄉","121.110","24.715","436"
"118","348001","20220824072000","121","0","新竹縣","橫山鄉","121.115","24.715","121"
"33","348006","20220824072000","209","0","新竹縣","橫山鄉","121.115","24.720","22"
"476","348007","20220824072000","680","0","新竹縣","橫山鄉","121.120","24.720","462"
"321","348022","20220824072000","259","2","新竹縣","橫山鄉","121.160","24.740","327"
"133","348032","20220824072000","78","3","新竹縣","橫山鄉","121.165","24.745","131"
"76","348040","20220824072000","47","3","新竹縣","橫山鄉","121.105","24.680","59"
"57","348074","20220824072000","43","2","新竹縣","橫山鄉","121.165","24.730","56"
"10","348079","20220824072000","37","0","新竹縣","橫山鄉","121.190","24.730","10"
"16","348083","20220824072000","20","0","新竹縣","橫山鄉","121.180","24.735","22"
"14","348089","20220824072000","13","1","新竹縣","關西鎮","121.185","24.740","12"
"247","348136","20220824072000","145","3","新竹縣","橫山鄉","121.140","24.700","268"
"1275","348137","20220824072000","1241","1","新竹縣","竹東鎮","121.095","24.735","1241"
"1647","348138","20220824072000","1600","1","新竹縣","竹東鎮","121.100","24.735","1652"
"37","348144","20220824072000","33","1","新竹縣","芎林鄉","121.110","24.770","42"
"774","348163","20220824072000","706","1","新竹縣","芎林鄉","121.085","24.765","762"
"23","348164","20220824072000","25","0","新竹縣","芎林鄉","121.085","24.770","24"
"476","348165","20220824072000","480","0","新竹縣","芎林鄉","121.095","24.760","471"
"100","348190","20220824072000","59","3","新竹縣","芎林鄉","121.125","24.755","75"
"15","348191","20220824072000","13","1","新竹縣","芎林鄉","121.130","24.755","15"
"467","348207","20220824072000","389","2","新竹縣","寶山鄉","120.985","24.750","485"
"323","348212","20220824072000","367","0","新竹縣","寶山鄉","120.995","24.755","293"
"1457","348213","20220824072000","1057","2","新竹縣","寶山鄉","120.985","24.760","1447"
"754","348217","20220824072000","723","1","新竹縣","寶山鄉","120.990","24.765","774"
"188","348225","20220824072000","197","0","新竹縣","尖石鄉","121.200","24.705","196"
"25","348257","20220824072000","23","1","新竹縣","尖石鄉","121.235","24.720","40"
"71","348272","20220824072000","38","3","新竹縣","尖石鄉","121.225","24.730","62"
"63","348276","20220824072000","42","3","新竹縣","尖石鄉","121.245","24.730","66"
"62","348320","20220824072000","22","3","新竹縣","尖石鄉","121.260","24.705","44"
"108","348345","20220824072000","93","1","新竹縣","尖石鄉","121.270","24.715","112"
"154","348353","20220824072000","104","2","新竹縣","尖石鄉","121.250","24.720","163"
"73","348419","20220824072000","78","0","新竹縣","尖石鄉","121.265","24.745","88"
"28","348461","20220824072000","25","1","新竹縣","尖石鄉","121.185","24.665","41"
"45","348468","20220824072000","44","1","新竹縣","尖石鄉","121.195","24.670","49"
"19","348469","20220824072000","20","0","新竹縣","尖石鄉","121.200","24.670","13"
"66","348470","20220824072000","42","3","新竹縣","尖石鄉","121.205","24.670","44"
"122","348506","20220824072000","56","3","新竹縣","尖石鄉","121.350","24.660","84"
"74","348549","20220824072000","48","3","新竹縣","尖石鄉","121.310","24.685","67"
"220","348577","20220824072000","133","3","新竹縣","尖石鄉","121.280","24.665","212"
"171","348584","20220824072000","159","1","新竹縣","五峰鄉","121.150","24.670","169"
"60","348588","20220824072000","50","2","新竹縣","尖石鄉","121.170","24.670","40"
"28","348599","20220824072000","31","0","新竹縣","尖石鄉","121.170","24.680","55"
"121","348600","20220824072000","95","2","新竹縣","尖石鄉","121.175","24.680","90"
"18","348608","20220824072000","13","2","新竹縣","尖石鄉","121.185","24.685","15"
"29","348708","20220824072000","15","3","新竹縣","尖石鄉","121.235","24.680","26"
"139","348711","20220824072000","69","3","新竹縣","尖石鄉","121.250","24.680","148"
"56","348720","20220824072000","112","0","新竹縣","尖石鄉","121.220","24.685","70"
"13","348736","20220824072000","26","0","新竹縣","尖石鄉","121.220","24.690","14"
"341","348785","20220824072000","199","3","新竹縣","尖石鄉","121.220","24.705","341"
"42","348819","20220824072000","47","0","新竹縣","峨眉鄉","121.035","24.695","36"
"35","348820","20220824072000","145","0","新竹縣","北埔鄉","121.040","24.695","41"
"89","348822","20220824072000","73","2","新竹縣","峨眉鄉","121.035","24.700","74"
"70","348831","20220824072000","67","1","新竹縣","峨眉鄉","120.985","24.685","71"
"68","348834","20220824072000","42","3","新竹縣","峨眉鄉","120.970","24.690","41"
"122","348838","20220824072000","106","1","新竹縣","峨眉鄉","120.990","24.690","115"
"85","348845","20220824072000","55","3","新竹縣","峨眉鄉","120.985","24.700","76"
"51","348851","20220824072000","36","2","新竹縣","峨眉鄉","120.990","24.705","52"
"419","348861","20220824072000","320","2","新竹縣","峨眉鄉","121.025","24.685","376"
"268","348863","20220824072000","206","2","新竹縣","峨眉鄉","121.020","24.690","247"
"158","348870","20220824072000","149","1","新竹縣","北埔鄉","121.055","24.685","146"
"131","348889","20220824072000","113","1","新竹縣","北埔鄉","121.090","24.690","142"
"76","348892","20220824072000","51","2","新竹縣","北埔鄉","121.070","24.695","78"
"535","348909","20220824072000","493","1","新竹縣","北埔鄉","121.060","24.700","558"
"59","348910","20220824072000","56","1","新竹縣","北埔鄉","121.065","24.700","57"
"19","348919","20220824072000","22","0","新竹縣","北埔鄉","121.060","24.710","17"
"34","348944","20220824072000","22","3","新竹縣","寶山鄉","121.000","24.720","23"
"155","348947","20220824072000","137","1","新竹縣","寶山鄉","121.000","24.725","160"
"61","348952","20220824072000","62","0","新竹縣","寶山鄉","121.005","24.730","61"
"346","348957","20220824072000","254","2","新竹縣","寶山鄉","120.990","24.740","369"
"73","348958","20220824072000","64","1","新竹縣","寶山鄉","120.995","24.740","83"
"43","348969","20220824072000","41","1","新竹縣","寶山鄉","121.005","24.745","41"
"824","348971","20220824072000","1036","0","新竹縣","寶山鄉","121.005","24.750","897"
"747","348978","20220824072000","786","0","新竹縣","寶山鄉","121.020","24.755","806"
"439","348983","20220824072000","442","0","新竹縣","寶山鄉","121.000","24.765","489"
"1037","348986","20220824072000","1757","0","新竹縣","寶山鄉","121.015","24.765","1069"
"1109","348987","20220824072000","1145","0","新竹縣","寶山鄉","121.000","24.770","1126"
"176","348988","20220824072000","155","1","新竹縣","寶山鄉","121.005","24.770","183"
"178","348989","20220824072000","475","0","新竹縣","寶山鄉","121.010","24.770","175"
"64","348993","20220824072000","52","2","新竹縣","峨眉鄉","120.990","24.665","69"
"18","349000","20220824072000","20","0","新竹縣","峨眉鄉","120.995","24.670","27"
"69","349005","20220824072000","42","3","新竹縣","峨眉鄉","120.985","24.675","66"
"98","349012","20220824072000","71","2","新竹縣","峨眉鄉","120.990","24.680","84"
"148","349031","20220824072000","113","2","新竹縣","峨眉鄉","121.000","24.700","133"
"1162","349060","20220824072000","1053","1","新竹縣","竹東鎮","121.060","24.750","1194"
"291","349062","20220824072000","291","1","新竹縣","竹東鎮","121.070","24.750","279"
"925","349066","20220824072000","837","1","新竹縣","竹東鎮","121.070","24.755","919"
"1784","349070","20220824072000","1533","1","新竹縣","竹東鎮","121.065","24.760","1819"
"4963","349073","20220824072000","4821","1","新竹縣","竹東鎮","121.060","24.765","4919"
"148","349074","20220824072000","135","1","新竹縣","竹東鎮","121.065","24.765","158"
"139","349079","20220824072000","97","2","新竹縣","竹東鎮","121.120","24.660","130"
"67","349087","20220824072000","275","0","新竹縣","竹東鎮","121.090","24.720","65"
"1932","349088","20220824072000","1510","2","新竹縣","竹東鎮","121.095","24.720","1992"
"2608","349089","20220824072000","2366","1","新竹縣","竹東鎮","121.090","24.725","2604"
"674","349090","20220824072000","577","1","新竹縣","竹東鎮","121.095","24.725","667"
"1828","349092","20220824072000","1137","3","新竹縣","竹東鎮","121.095","24.730","1758"
"337","349094","20220824072000","386","0","新竹縣","竹東鎮","121.105","24.730","338"
"382","349096","20220824072000","356","1","新竹縣","竹東鎮","121.055","24.755","378"
"165","349099","20220824072000","161","1","新竹縣","竹東鎮","121.045","24.765","131"
"734","349103","20220824072000","602","2","新竹縣","竹東鎮","121.060","24.770","752"
"668","349105","20220824072000","461","2","新竹縣","竹東鎮","121.080","24.735","668"
"141","349109","20220824072000","85","3","新竹縣","竹東鎮","121.080","24.740","113"
"101","349110","20220824072000","58","3","新竹縣","竹東鎮","121.075","24.745","94"
"957","349113","20220824072000","1034","0","新竹縣","竹東鎮","121.080","24.745","951"
"1659","349114","20220824072000","1257","2","新竹縣","竹東鎮","121.085","24.745","1623"
"308","349115","20220824072000","276","1","新竹縣","竹東鎮","121.080","24.750","270"
"686","349118","20220824072000","725","0","宜蘭縣","宜蘭市","121.780","24.750","707"
"891","349120","20220824072000","772","1","宜蘭縣","宜蘭市","121.765","24.755","824"
"543","349124","20220824072000","599","0","宜蘭縣","宜蘭市","121.765","24.760","524"
"409","349125","20220824072000","505","0","宜蘭縣","宜蘭市","121.770","24.760","405"
"91","349130","20220824072000","105","0","宜蘭縣","宜蘭市","121.760","24.725","87"
"580","349131","20220824072000","407","2","宜蘭縣","宜蘭市","121.755","24.730","566"
"66","349132","20220824072000","41","3","宜蘭縣","宜蘭市","121.760","24.730","66"
"582","349136","20220824072000","588","0","宜蘭縣","宜蘭市","121.755","24.740","609"
"542","349139","20220824072000","419","2","宜蘭縣","宜蘭市","121.735","24.755","535"
"899","349140","20220824072000","1152","0","宜蘭縣","宜蘭市","121.740","24.755","901"
"22","349143","20220824072000","32","0","宜蘭縣","羅東鎮","121.755","24.680","22"
"1947","349144","20220824072000","1847","1","宜蘭縣","羅東鎮","121.775","24.680","1971"
"1610","349145","20220824072000","1616","0","宜蘭縣","羅東鎮","121.775","24.675","1713"
"948","349146","20220824072000","741","2","宜蘭縣","羅東鎮","121.750","24.675","963"
"604","349147","20220824072000","651","0","宜蘭縣","羅東鎮","121.770","24.685","602"
"415","349149","20220824072000","183","3","宜蘭縣","羅東鎮","121.750","24.680","422"
"335","349158","20220824072000","80","3","新竹市","香山區","120.930","24.745","376"
"114","349160","20220824072000","97","1","新竹市","香山區","120.925","24.750","130"
"526","349162","20220824072000","436","2","新竹市","香山區","120.915","24.760","554"
"965","349166","20220824072000","714","2","新竹市","香山區","120.915","24.765","982"
"102","349176","20220824072000","100","1","新竹市","香山區","120.955","24.760","83"
"143","349177","20220824072000","161","0","新竹市","東區","120.960","24.760","131"
"1296","349183","20220824072000","1185","1","新竹市","香山區","120.955","24.770","1310"
"349","349184","20220824072000","391","0","新竹市","香山區","120.960","24.770","339"
"17","349194","20220824072000","61","0","新竹市","香山區","120.905","24.760","19"
"117","349196","20220824072000","270","0","新竹市","香山區","120.920","24.760","91"
"86","349198","20220824072000","60","2","新竹市","香山區","120.930","24.760","87"
"139","349199","20220824072000","59","3","新竹市","香山區","120.935","24.760","138"
"65","349203","20220824072000","92","0","宜蘭縣","宜蘭市","121.765","24.745","77"
"1151","349204","20220824072000","1306","0","宜蘭縣","宜蘭市","121.760","24.750","1062"
"932","349205","20220824072000","766","2","宜蘭縣","宜蘭市","121.765","24.750","906"
"1934","349206","20220824072000","2025","0","宜蘭縣","羅東鎮","121.775","24.670","2026"
"1091","349207","20220824072000","1128","0","宜蘭縣","羅東鎮","121.755","24.675","1080"
"70","349208","20220824072000","234","0","宜蘭縣","羅東鎮","121.755","24.690","79"
"68","349210","20220824072000","105","0","宜蘭縣","羅東鎮","121.755","24.695","71"
"729","349211","20220824072000","565","2","宜蘭縣","羅東鎮","121.760","24.695","784"
"869","349214","20220824072000","1659","0","宜蘭縣","羅東鎮","121.770","24.670","984"
"649","349216","20220824072000","657","0","宜蘭縣","羅東鎮","121.800","24.665","713"
"1192","349222","20220824072000","551","3","宜蘭縣","羅東鎮","121.795","24.675","1193"
"767","349224","20220824072000","624","2","宜蘭縣","羅東鎮","121.785","24.675","721"
"3078","349225","20220824072000","2376","2","宜蘭縣","羅東鎮","121.780","24.680","3039"
"1312","349227","20220824072000","1493","0","宜蘭縣","宜蘭市","121.750","24.745","1292"
"1020","349228","20220824072000","1056","0","宜蘭縣","員山鄉","121.735","24.745","1036"
"1790","349229","20220824072000","2179","0","宜蘭縣","宜蘭市","121.740","24.745","1738"
"1474","349230","20220824072000","1181","2","宜蘭縣","宜蘭市","121.745","24.745","1401"
"539","349231","20220824072000","399","2","宜蘭縣","宜蘭市","121.730","24.750","550"
"1416","349232","20220824072000","1525","0","宜蘭縣","宜蘭市","121.735","24.750","1363"
"1384","349234","20220824072000","1218","1","宜蘭縣","羅東鎮","121.765","24.675","1399"
"765","349235","20220824072000","849","0","宜蘭縣","宜蘭市","121.760","24.760","757"
"812","349236","20220824072000","683","1","宜蘭縣","宜蘭市","121.750","24.765","868"
"406","349237","20220824072000","434","0","宜蘭縣","宜蘭市","121.745","24.750","405"
"587","349238","20220824072000","413","2","宜蘭縣","宜蘭市","121.760","24.765","552"
"874","349240","20220824072000","799","1","宜蘭縣","羅東鎮","121.755","24.685","855"
"20","349296","20220824072000","34","0","桃園市","復興區","121.350","24.760","28"
"92","349422","20220824072000","64","2","桃園市","復興區","121.390","24.660","116"
"25","349482","20220824072000","26","0","桃園市","復興區","121.385","24.680","23"
"193","349502","20220824072000","133","2","桃園市","復興區","121.395","24.685","232"
"289","349582","20220824072000","124","3","桃園市","復興區","121.410","24.705","362"
"15","349642","20220824072000","12","2","桃園市","復興區","121.365","24.695","18"
"20","349676","20220824072000","10","3","桃園市","復興區","121.350","24.705","10"
"88","349762","20220824072000","58","3","桃園市","復興區","121.345","24.725","67"
"27","349769","20220824072000","13","3","桃園市","復興區","121.380","24.725","21"
"16","349794","20220824072000","10","3","桃園市","復興區","121.375","24.730","15"
"25","349842","20220824072000","10","3","桃園市","復興區","121.350","24.740","12"
"36","349865","20220824072000","19","3","桃園市","復興區","121.365","24.740","30"
"145","349883","20220824072000","187","0","新竹市","香山區","120.940","24.760","149"
"272","349889","20220824072000","197","2","新竹市","香山區","120.935","24.770","295"
"282","349896","20220824072000","256","1","新竹市","香山區","120.905","24.750","302"
"542","349897","20220824072000","317","3","新竹市","香山區","120.910","24.750","544"
"1373","349904","20220824072000","1196","1","新竹縣","竹東鎮","121.030","24.770","1386"
"64","349937","20220824072000","47","2","桃園市","復興區","121.365","24.675","55"
"13","349983","20220824072000","129","0","苗栗縣","三灣鄉","120.965","24.665","13"
"321","349985","20220824072000","220","2","苗栗縣","三灣鄉","120.975","24.665","347"
"259","350003","20220824072000","202","2","苗栗縣","三灣鄉","120.950","24.670","246"
"172","350012","20220824072000","120","2","苗栗縣","頭份鎮","120.955","24.680","157"
"31","350014","20220824072000","270","0","苗栗縣","頭份鎮","120.965","24.680","38"
"44","350017","20220824072000","317","0","苗栗縣","頭份鎮","120.960","24.685","46"
"49","350018","20220824072000","189","0","苗栗縣","頭份鎮","120.965","24.685","364"
"163","350019","20220824072000","117","2","苗栗縣","竹南鎮","120.880","24.680","160"
"2891","350021","20220824072000","2499","1","苗栗縣","竹南鎮","120.885","24.685","2765"
"24","350023","20220824072000","21","1","苗栗縣","頭份鎮","120.925","24.690","24"
"1121","350024","20220824072000","809","2","苗栗縣","頭份鎮","120.930","24.690","1137"
"344","350031","20220824072000","251","2","苗栗縣","頭份鎮","120.920","24.665","346"
"36","350036","20220824072000","391","0","苗栗縣","頭份鎮","120.920","24.670","48"
"553","350042","20220824072000","452","2","苗栗縣","頭份鎮","120.925","24.675","476"
"32","350052","20220824072000","162","0","苗栗縣","後龍鎮","120.820","24.660","38"
"346","350068","20220824072000","283","2","苗栗縣","頭份鎮","120.910","24.690","345"
"857","350073","20220824072000","669","2","苗栗縣","竹南鎮","120.885","24.695","862"
"775","350075","20220824072000","558","2","苗栗縣","頭份鎮","120.890","24.695","783"
"1547","350077","20220824072000","1146","2","苗栗縣","頭份鎮","120.910","24.695","1510"
"888","350078","20220824072000","734","2","苗栗縣","頭份鎮","120.910","24.700","893"
"603","350080","20220824072000","463","2","苗栗縣","頭份鎮","120.940","24.680","593"
"191","350082","20220824072000","252","0","苗栗縣","頭份鎮","120.950","24.680","208"
"581","350085","20220824072000","504","1","苗栗縣","頭份鎮","120.925","24.685","554"
"354","350087","20220824072000","519","0","苗栗縣","頭份鎮","120.935","24.685","426"
"1780","350090","20220824072000","1188","2","苗栗縣","頭份鎮","120.895","24.690","1795"
"1179","350091","20220824072000","1648","0","苗栗縣","頭份鎮","120.905","24.690","1406"
"572","350092","20220824072000","865","0","苗栗縣","頭份鎮","120.905","24.685","489"
"119","350095","20220824072000","350","0","苗栗縣","頭份鎮","120.945","24.690","121"
"23","350102","20220824072000","170","0","苗栗縣","頭份鎮","120.935","24.700","24"
"29","350103","20220824072000","330","0","苗栗縣","頭份鎮","120.940","24.695","34"
"114","350109","20220824072000","123","0","苗栗縣","頭份鎮","120.940","24.700","130"
"135","350110","20220824072000","205","0","苗栗縣","頭份鎮","120.945","24.700","139"
"867","350112","20220824072000","456","3","苗栗縣","頭份鎮","120.930","24.705","854"
"599","350117","20220824072000","554","1","苗栗縣","頭份鎮","120.935","24.710","609"
"581","350118","20220824072000","543","1","苗栗縣","頭份鎮","120.885","24.665","536"
"37","350124","20220824072000","312","0","苗栗縣","頭份鎮","120.885","24.675","42"
"413","350127","20220824072000","455","0","苗栗縣","頭份鎮","120.905","24.700","447"
"779","350128","20220824072000","1253","0","苗栗縣","頭份鎮","120.900","24.695","795"
"1012","350129","20220824072000","895","1","苗栗縣","頭份鎮","120.905","24.695","1064"
"110","350131","20220824072000","439","0","苗栗縣","頭份鎮","120.915","24.690","143"
"1246","350132","20220824072000","1482","0","苗栗縣","頭份鎮","120.915","24.695","1233"
"28","350142","20220824072000","30","0","苗栗縣","頭份鎮","120.915","24.665","23"
"67","350146","20220824072000","432","0","苗栗縣","頭份鎮","120.915","24.670","54"
"1023","350150","20220824072000","688","2","苗栗縣","竹南鎮","120.860","24.695","931"
"757","350151","20220824072000","504","3","苗栗縣","竹南鎮","120.865","24.695","759"
"268","350154","20220824072000","670","0","苗栗縣","竹南鎮","120.870","24.695","266"
"86","350155","20220824072000","549","0","苗栗縣","竹南鎮","120.880","24.695","84"
"328","350156","20220824072000","314","1","苗栗縣","竹南鎮","120.865","24.680","312"
"542","350157","20220824072000","433","2","苗栗縣","竹南鎮","120.910","24.710","619"
"764","350159","20220824072000","704","1","苗栗縣","竹南鎮","120.920","24.705","787"
"585","350160","20220824072000","837","0","苗栗縣","頭份鎮","120.925","24.705","562"
"201","350161","20220824072000","170","1","苗栗縣","竹南鎮","120.915","24.705","169"
"1557","350162","20220824072000","1508","1","苗栗縣","竹南鎮","120.915","24.710","1480"
"369","350163","20220824072000","338","1","苗栗縣","竹南鎮","120.920","24.710","335"
"200","350165","20220824072000","245","0","苗栗縣","竹南鎮","120.930","24.710","236"
"381","350166","20220824072000","523","0","苗栗縣","竹南鎮","120.915","24.715","432"
"166","350167","20220824072000","226","0","苗栗縣","竹南鎮","120.920","24.715","186"
"1686","350169","20220824072000","1538","1","苗栗縣","頭份鎮","120.910","24.685","1587"
"2385","350170","20220824072000","2440","0","苗栗縣","頭份鎮","120.895","24.700","2453"
"1537","350172","20220824072000","1055","2","苗栗縣","頭份鎮","120.905","24.680","1493"
"697","350173","20220824072000","537","2","苗栗縣","竹南鎮","120.875","24.700","760"
"814","350174","20220824072000","600","2","苗栗縣","竹南鎮","120.870","24.700","830"
"411","350176","20220824072000","398","1","苗栗縣","頭份鎮","120.920","24.690","398"
"116","350177","20220824072000","103","1","苗栗縣","頭份鎮","120.880","24.660","129"
"746","350179","20220824072000","898","0","苗栗縣","頭份鎮","120.900","24.700","757"
"19","350180","20220824072000","30","0","苗栗縣","竹南鎮","120.910","24.705","23"
"547","350182","20220824072000","562","0","苗栗縣","頭份鎮","120.920","24.700","497"
"850","350183","20220824072000","1255","0","苗栗縣","頭份鎮","120.895","24.695","814"
"441","350203","20220824072000","275","3","苗栗縣","竹南鎮","120.860","24.685","463"
"27","350206","20220824072000","271","0","苗栗縣","竹南鎮","120.865","24.700","32"
"84","350208","20220824072000","372","0","苗栗縣","竹南鎮","120.875","24.705","73"
"1066","350209","20220824072000","1255","0","苗栗縣","竹南鎮","120.880","24.700","1079"
"1094","350210","20220824072000","713","3","苗栗縣","頭份鎮","120.885","24.700","1034"
"604","350211","20220824072000","334","3","苗栗縣","竹南鎮","120.880","24.705","592"
"142","350214","20220824072000","127","1","苗栗縣","竹南鎮","120.865","24.705","128"
"36","350220","20220824072000","339","0","苗栗縣","竹南鎮","120.880","24.710","26"
"13","350223","20220824072000","150","0","苗栗縣","竹南鎮","120.865","24.715","15"
"346","350224","20220824072000","290","1","苗栗縣","竹南鎮","120.870","24.715","325"
"280","350225","20220824072000","389","0","苗栗縣","竹南鎮","120.875","24.715","275"
"57","350226","20220824072000","50","1","苗栗縣","竹南鎮","120.880","24.715","72"
"73","350229","20220824072000","81","0","苗栗縣","竹南鎮","120.865","24.720","90"
"116","350236","20220824072000","125","0","苗栗縣","竹南鎮","120.870","24.725","102"
"295","350240","20220824072000","183","3","苗栗縣","竹南鎮","120.890","24.725","311"
"37","350247","20220824072000","61","0","苗栗縣","竹南鎮","120.880","24.685","46"
"2071","350248","20220824072000","1923","1","苗栗縣","竹南鎮","120.880","24.690","2055"
"1699","350250","20220824072000","1871","0","苗栗縣","竹南鎮","120.890","24.690","1661"
"2073","350251","20220824072000","2796","0","苗栗縣","竹南鎮","120.875","24.685","2015"
"478","350258","20220824072000","321","2","苗栗縣","竹南鎮","120.855","24.675","406"
"24","350259","20220824072000","40","0","苗栗縣","竹南鎮","120.860","24.675","21"
"371","350264","20220824072000","278","2","苗栗縣","竹南鎮","120.850","24.680","390"
"24","350275","20220824072000","253","0","苗栗縣","竹南鎮","120.850","24.670","14"
"1067","350277","20220824072000","838","2","苗栗縣","竹南鎮","120.860","24.670","1045"
"118","350278","20220824072000","121","0","苗栗縣","竹南鎮","120.845","24.675","97"
"73","350279","20220824072000","76","0","苗栗縣","造橋鄉","120.855","24.660","60"
"96","350285","20220824072000","250","0","苗栗縣","頭份鎮","120.900","24.685","121"
"365","350286","20220824072000","360","1","苗栗縣","頭份鎮","120.895","24.675","386"
"635","350288","20220824072000","607","1","苗栗縣","頭份鎮","120.890","24.680","703"
"1001","350290","20220824072000","960","1","苗栗縣","頭份鎮","120.900","24.680","936"
"116","350291","20220824072000","407","0","苗栗縣","頭份鎮","120.945","24.685","109"
"176","350303","20220824072000","137","2","苗栗縣","頭份鎮","120.960","24.700","188"
"102","350311","20220824072000","75","2","苗栗縣","頭份鎮","120.965","24.705","100"
"822","350314","20220824072000","1501","0","苗栗縣","竹南鎮","120.870","24.690","896"
"602","350316","20220824072000","554","1","苗栗縣","竹南鎮","120.855","24.690","640"
"1226","350319","20220824072000","1273","0","苗栗縣","竹南鎮","120.865","24.685","1237"
"797","350320","20220824072000","1048","0","苗栗縣","竹南鎮","120.875","24.695","826"
"126","350321","20220824072000","903","0","苗栗縣","竹南鎮","120.875","24.690","112"
"375","350326","20220824072000","437","0","苗栗縣","竹南鎮","120.910","24.720","393"
"190","350328","20220824072000","87","3","苗栗縣","竹南鎮","120.895","24.725","219"
"18","350330","20220824072000","253","0","苗栗縣","竹南鎮","120.905","24.725","15"
"35","350331","20220824072000","269","0","苗栗縣","竹南鎮","120.910","24.725","41"
"535","350334","20220824072000","438","2","苗栗縣","竹南鎮","120.905","24.730","491"
"80","350336","20220824072000","64","2","新竹市","香山區","120.900","24.735","99"
"68","350338","20220824072000","339","0","新竹市","香山區","120.905","24.740","66"
"650","350340","20220824072000","643","1","苗栗縣","竹南鎮","120.875","24.660","616"
"576","350347","20220824072000","927","0","苗栗縣","竹南鎮","120.865","24.675","1103"
"52","350349","20220824072000","306","0","苗栗縣","竹南鎮","120.875","24.675","38"
"755","350350","20220824072000","612","2","苗栗縣","竹南鎮","120.880","24.675","682"
"654","350351","20220824072000","346","3","苗栗縣","竹南鎮","120.870","24.680","649"
"366","350352","20220824072000","432","0","苗栗縣","竹南鎮","120.875","24.680","365"
"2013","350353","20220824072000","2137","0","苗栗縣","竹南鎮","120.870","24.685","1965"
"104","350357","20220824072000","466","0","苗栗縣","竹南鎮","120.890","24.705","102"
"274","350358","20220824072000","300","0","苗栗縣","竹南鎮","120.895","24.705","279"
"755","350359","20220824072000","543","2","苗栗縣","竹南鎮","120.900","24.705","738"
"381","350363","20220824072000","526","0","苗栗縣","竹南鎮","120.900","24.710","413"
"245","350364","20220824072000","170","2","苗栗縣","竹南鎮","120.905","24.710","251"
"202","350365","20220824072000","201","1","苗栗縣","竹南鎮","120.895","24.715","205"
"549","350367","20220824072000","374","2","苗栗縣","竹南鎮","120.905","24.715","490"
"13","350368","20220824072000","16","0","苗栗縣","竹南鎮","120.910","24.715","12"
"150","350369","20220824072000","157","0","苗栗縣","竹南鎮","120.895","24.720","173"
"111","356638","20220824072000","111","1","宜蘭縣","頭城鎮","121.940","24.840","143"
"858","360378","20220824072000","640","2","宜蘭縣","礁溪鄉","121.765","24.825","941"
"2056","360379","20220824072000","1712","2","宜蘭縣","礁溪鄉","121.770","24.825","1999"
"864","360380","20220824072000","533","3","宜蘭縣","礁溪鄉","121.775","24.825","914"
"503","360392","20220824072000","408","2","宜蘭縣","礁溪鄉","121.810","24.815","491"
"181","360394","20220824072000","141","2","宜蘭縣","礁溪鄉","121.795","24.815","172"
"19","360410","20220824072000","106","0","宜蘭縣","礁溪鄉","121.720","24.815","12"
"29","360417","20220824072000","104","0","宜蘭縣","礁溪鄉","121.720","24.820","26"
"20","360419","20220824072000","78","0","宜蘭縣","礁溪鄉","121.730","24.820","12"
"31","360427","20220824072000","353","0","宜蘭縣","礁溪鄉","121.725","24.820","37"
"239","360433","20220824072000","340","0","宜蘭縣","礁溪鄉","121.755","24.820","225"
"128","360437","20220824072000","146","0","宜蘭縣","礁溪鄉","121.740","24.825","109"
"1928","360439","20220824072000","1571","2","宜蘭縣","宜蘭市","121.755","24.770","1914"
"412","360442","20220824072000","289","2","宜蘭縣","宜蘭市","121.745","24.775","410"
"1035","360449","20220824072000","710","2","宜蘭縣","壯圍鄉","121.785","24.775","993"
"18","360451","20220824072000","12","3","宜蘭縣","壯圍鄉","121.780","24.780","14"
"326","360457","20220824072000","242","2","宜蘭縣","壯圍鄉","121.795","24.790","303"
"157","360471","20220824072000","160","0","宜蘭縣","頭城鎮","121.820","24.855","141"
"83","360474","20220824072000","72","1","宜蘭縣","頭城鎮","121.835","24.885","110"
"169","360476","20220824072000","92","3","宜蘭縣","頭城鎮","121.845","24.885","195"
"536","360478","20220824072000","610","0","宜蘭縣","頭城鎮","121.830","24.855","528"
"756","360482","20220824072000","961","0","宜蘭縣","頭城鎮","121.820","24.860","767"
"311","360484","20220824072000","234","2","宜蘭縣","頭城鎮","121.815","24.860","315"
"670","360485","20220824072000","505","2","宜蘭縣","頭城鎮","121.820","24.865","646"
"255","360486","20220824072000","243","1","宜蘭縣","頭城鎮","121.810","24.865","250"
"164","360502","20220824072000","161","1","宜蘭縣","頭城鎮","121.815","24.850","160"
"677","360507","20220824072000","688","0","宜蘭縣","頭城鎮","121.825","24.865","627"
"248","360520","20220824072000","154","3","宜蘭縣","頭城鎮","121.835","24.870","211"
"18","360521","20220824072000","56","0","宜蘭縣","頭城鎮","121.840","24.870","20"
"257","360524","20220824072000","139","3","宜蘭縣","頭城鎮","121.840","24.875","223"
"119","360537","20220824072000","33","3","新北市","三峽區","121.345","24.845","61"
"90","360552","20220824072000","95","0","新北市","三峽區","121.360","24.855","91"
"17","360554","20220824072000","15","1","新北市","三峽區","121.370","24.855","19"
"23","360559","20220824072000","27","0","新北市","三峽區","121.365","24.860","24"
"59","360569","20220824072000","43","2","新北市","三峽區","121.355","24.870","63"
"50","360573","20220824072000","32","3","新北市","三峽區","121.375","24.870","46"
"40","360625","20220824072000","33","2","宜蘭縣","頭城鎮","121.820","24.825","44"
"201","360631","20220824072000","115","3","宜蘭縣","頭城鎮","121.790","24.845","196"
"254","360639","20220824072000","234","1","宜蘭縣","頭城鎮","121.795","24.855","248"
"521","360641","20220824072000","433","2","宜蘭縣","頭城鎮","121.805","24.855","502"
"202","360684","20220824072000","174","1","宜蘭縣","礁溪鄉","121.765","24.800","193"
"238","360687","20220824072000","260","0","宜蘭縣","礁溪鄉","121.760","24.810","240"
"263","360689","20220824072000","264","0","宜蘭縣","礁溪鄉","121.755","24.815","260"
"92","360694","20220824072000","63","2","宜蘭縣","員山鄉","121.700","24.780","100"
"40","360702","20220824072000","37","1","宜蘭縣","礁溪鄉","121.680","24.785","44"
"191","360788","20220824072000","204","0","宜蘭縣","礁溪鄉","121.780","24.810","207"
"435","360803","20220824072000","380","1","宜蘭縣","壯圍鄉","121.810","24.800","451"
"572","360806","20220824072000","433","2","宜蘭縣","壯圍鄉","121.815","24.805","557"
"554","360817","20220824072000","484","1","宜蘭縣","礁溪鄉","121.780","24.785","572"
"623","360820","20220824072000","555","1","宜蘭縣","礁溪鄉","121.775","24.815","658"
"1118","360822","20220824072000","968","1","宜蘭縣","礁溪鄉","121.770","24.820","1087"
"205","360828","20220824072000","208","0","宜蘭縣","礁溪鄉","121.730","24.790","228"
"124","360848","20220824072000","86","2","宜蘭縣","礁溪鄉","121.710","24.810","130"
"535","360876","20220824072000","506","1","宜蘭縣","礁溪鄉","121.760","24.785","572"
"72","360877","20220824072000","77","0","宜蘭縣","礁溪鄉","121.750","24.790","81"
"435","360879","20220824072000","272","3","宜蘭縣","礁溪鄉","121.760","24.790","445"
"485","360881","20220824072000","437","1","宜蘭縣","礁溪鄉","121.765","24.815","528"
"525","360883","20220824072000","410","2","宜蘭縣","礁溪鄉","121.765","24.820","520"
"388","360888","20220824072000","239","3","宜蘭縣","礁溪鄉","121.755","24.825","378"
"434","360889","20220824072000","435","0","宜蘭縣","礁溪鄉","121.760","24.825","509"
"82","360898","20220824072000","53","3","宜蘭縣","礁溪鄉","121.745","24.830","114"
"53","360964","20220824072000","38","2","新北市","三峽區","121.410","24.865","53"
"333","360967","20220824072000","168","3","新北市","三峽區","121.410","24.870","314"
"130","360994","20220824072000","80","3","新北市","三峽區","121.415","24.885","126"
"37","361075","20220824072000","25","2","新北市","三峽區","121.445","24.830","34"
"16","361124","20220824072000","15","1","新北市","三峽區","121.430","24.845","16"
"19","361179","20220824072000","25","0","新北市","三峽區","121.435","24.860","15"
"12","361193","20220824072000","12","1","新北市","三峽區","121.430","24.865","13"
"32","361195","20220824072000","16","3","新北市","三峽區","121.440","24.865","29"
"14","361256","20220824072000","20","0","新北市","三峽區","121.450","24.890","14"
"16","361286","20220824072000","15","1","新北市","三峽區","121.380","24.880","13"
"45","361304","20220824072000","36","2","新北市","三峽區","121.375","24.885","50"
"36","361308","20220824072000","27","2","新北市","三峽區","121.400","24.885","35"
"692","361316","20220824072000","558","2","宜蘭縣","員山鄉","121.720","24.770","680"
"123","361349","20220824072000","276","0","宜蘭縣","員山鄉","121.715","24.775","236"
"363","361393","20220824072000","312","1","宜蘭縣","壯圍鄉","121.800","24.770","365"
"228","361412","20220824072000","233","0","宜蘭縣","宜蘭市","121.735","24.775","239"
"14","361413","20220824072000","18","0","宜蘭縣","宜蘭市","121.740","24.775","10"
"154","361414","20220824072000","127","2","宜蘭縣","宜蘭市","121.730","24.780","174"
"17","361433","20220824072000","13","2","宜蘭縣","頭城鎮","121.800","24.830","13"
"796","361441","20220824072000","693","1","宜蘭縣","頭城鎮","121.790","24.835","694"
"25","361461","20220824072000","25","1","宜蘭縣","頭城鎮","121.775","24.860","27"
"20","361466","20220824072000","24","0","新北市","坪林區","121.770","24.865","24"
"549","361479","20220824072000","446","2","宜蘭縣","頭城鎮","121.815","24.835","559"
"500","361482","20220824072000","306","3","宜蘭縣","頭城鎮","121.810","24.845","550"
"4104","361485","20220824072000","3930","1","新竹市","東區","120.985","24.800","4152"
"2717","361486","20220824072000","2455","1","新竹市","東區","120.985","24.810","2614"
"13","361496","20220824072000","12","1","桃園市","大溪區","121.325","24.880","11"
"179","361502","20220824072000","114","3","桃園市","大溪區","121.330","24.880","202"
"156","361509","20220824072000","106","2","桃園市","大溪區","121.325","24.885","136"
"28","361515","20220824072000","44","0","桃園市","大溪區","121.325","24.890","31"
"33","361517","20220824072000","32","1","桃園市","大溪區","121.335","24.890","58"
"307","361521","20220824072000","326","0","桃園市","大溪區","121.250","24.865","300"
"51","361525","20220824072000","107","0","桃園市","大溪區","121.255","24.870","64"
"447","361530","20220824072000","608","0","桃園市","大溪區","121.260","24.875","325"
"633","361536","20220824072000","416","3","桃園市","大溪區","121.260","24.880","594"
"154","361538","20220824072000","126","2","桃園市","大溪區","121.275","24.880","80"
"1278","361539","20220824072000","1153","1","桃園市","大溪區","121.250","24.880","1266"
"349","361545","20220824072000","251","2","桃園市","大溪區","121.275","24.885","353"
"190","361546","20220824072000","132","2","桃園市","大溪區","121.280","24.885","191"
"530","361547","20220824072000","428","2","桃園市","大溪區","121.275","24.890","538"
"1384","361550","20220824072000","1234","1","桃園市","大溪區","121.295","24.885","1439"
"83","361551","20220824072000","116","0","桃園市","大溪區","121.300","24.880","78"
"122","361552","20220824072000","250","0","桃園市","大溪區","121.290","24.880","113"
"69","361556","20220824072000","77","0","新竹縣","新埔鎮","121.080","24.835","86"
"367","361565","20220824072000","304","2","新竹縣","新埔鎮","121.080","24.840","341"
"64","361570","20220824072000","44","2","新竹縣","新埔鎮","121.130","24.860","74"
"50","361579","20220824072000","27","3","新竹縣","新埔鎮","121.140","24.870","42"
"102","361585","20220824072000","76","2","新竹縣","新埔鎮","121.135","24.875","127"
"13","361591","20220824072000","15","0","桃園市","楊梅區","121.130","24.880","19"
"835","361597","20220824072000","732","1","新竹縣","新豐鄉","120.995","24.885","836"
"1332","361600","20220824072000","1328","1","新竹縣","新豐鄉","121.010","24.885","1375"
"700","361602","20220824072000","556","2","新竹市","東區","120.975","24.805","709"
"2373","361603","20220824072000","2222","1","新竹市","東區","120.980","24.805","2377"
"1125","361604","20220824072000","1061","1","新竹市","東區","120.980","24.810","1128"
"1109","361605","20220824072000","1146","0","新竹市","東區","120.975","24.800","1214"
"82","361609","20220824072000","644","0","新竹市","東區","120.985","24.785","73"
"8030","361610","20220824072000","6337","2","新竹市","東區","121.020","24.780","7923"
"2866","361611","20220824072000","2686","1","新竹市","東區","121.015","24.785","2873"
"165","361614","20220824072000","167","0","新竹縣","新埔鎮","121.105","24.845","156"
"47","361615","20220824072000","57","0","新竹縣","新埔鎮","121.115","24.845","41"
"73","361621","20220824072000","46","3","新竹縣","新埔鎮","121.120","24.850","68"
"37","361623","20220824072000","24","3","新竹縣","新埔鎮","121.100","24.855","30"
"62","361624","20220824072000","41","3","新竹縣","新埔鎮","121.105","24.855","59"
"27","361628","20220824072000","25","1","新竹縣","新埔鎮","121.125","24.855","35"
"23","361635","20220824072000","15","3","新竹縣","新埔鎮","121.105","24.865","17"
"158","361642","20220824072000","136","1","新竹縣","新埔鎮","121.115","24.875","171"
"663","361646","20220824072000","680","0","新竹縣","新埔鎮","121.070","24.825","681"
"936","361648","20220824072000","768","2","新竹縣","新埔鎮","121.080","24.825","953"
"362","361651","20220824072000","404","0","新竹縣","新埔鎮","121.070","24.830","413"
"121","361655","20220824072000","107","1","新竹縣","新埔鎮","121.135","24.845","137"
"457","361668","20220824072000","404","1","新竹縣","新豐鄉","120.980","24.870","435"
"52","361671","20220824072000","42","2","新竹縣","新豐鄉","120.970","24.880","32"
"13","361676","20220824072000","347","0","新竹縣","新豐鄉","120.980","24.885","13"
"1911","361683","20220824072000","2099","0","新竹縣","竹東鎮","121.030","24.775","1884"
"447","361685","20220824072000","529","0","新竹縣","湖口鄉","121.010","24.855","501"
"559","361687","20220824072000","502","1","新竹縣","湖口鄉","121.020","24.855","513"
"641","361688","20220824072000","430","2","新竹縣","湖口鄉","121.025","24.855","670"
"1653","361692","20220824072000","1814","0","新竹縣","湖口鄉","121.010","24.860","1681"
"2863","361694","20220824072000","2898","0","新竹縣","湖口鄉","120.995","24.865","2869"
"1375","361695","20220824072000","1379","0","新竹縣","湖口鄉","121.000","24.865","1424"
"34","361696","20220824072000","300","0","新竹縣","湖口鄉","121.005","24.865","22"
"310","361697","20220824072000","232","2","新竹縣","湖口鄉","121.010","24.865","290"
"2052","361698","20220824072000","1904","1","新竹縣","湖口鄉","121.000","24.870","2074"
"870","361700","20220824072000","560","3","新竹縣","湖口鄉","121.010","24.870","472"
"1580","361702","20220824072000","857","3","新竹縣","湖口鄉","121.010","24.875","1572"
"618","361703","20220824072000","933","0","新竹縣","竹北市","121.030","24.810","630"
"1064","361704","20220824072000","1647","0","新竹縣","竹北市","121.035","24.810","1035"
"499","361705","20220824072000","400","2","新竹縣","竹北市","121.030","24.815","505"
"632","361712","20220824072000","713","0","桃園市","大溪區","121.260","24.890","615"
"304","361715","20220824072000","280","1","新竹市","香山區","120.920","24.810","297"
"339","361721","20220824072000","244","2","新竹市","香山區","120.925","24.815","322"
"131","361725","20220824072000","112","1","新竹市","香山區","120.915","24.820","150"
"636","361727","20220824072000","606","1","新竹市","香山區","120.925","24.820","658"
"696","361733","20220824072000","435","3","新竹市","北區","120.925","24.825","678"
"1520","361736","20220824072000","1793","0","新竹市","香山區","120.930","24.790","1391"
"812","361738","20220824072000","550","2","新竹市","香山區","120.930","24.795","749"
"451","361744","20220824072000","414","1","新竹市","香山區","120.915","24.780","445"
"242","361752","20220824072000","225","1","新竹市","香山區","120.920","24.785","228"
"1159","361756","20220824072000","1163","0","新竹市","香山區","120.920","24.805","1137"
"928","361758","20220824072000","700","2","新竹市","香山區","120.935","24.805","912"
"851","361761","20220824072000","860","0","新竹市","香山區","120.940","24.805","877"
"3211","361763","20220824072000","2606","2","新竹市","香山區","120.945","24.795","3114"
"449","361765","20220824072000","657","0","新竹市","香山區","120.940","24.790","434"
"45","361766","20220824072000","847","0","新竹市","香山區","120.935","24.790","51"
"143","361767","20220824072000","210","0","新竹市","香山區","120.935","24.800","146"
"605","361768","20220824072000","590","1","新竹市","香山區","120.940","24.795","620"
"40","362002","20220824072000","37","1","新竹縣","關西鎮","121.260","24.775","39"
"256","362027","20220824072000","388","0","新竹縣","湖口鄉","121.030","24.880","230"
"842","362033","20220824072000","749","1","新竹縣","湖口鄉","121.025","24.885","756"
"1013","362036","20220824072000","962","1","新竹縣","竹北市","120.965","24.860","967"
"98","362037","20220824072000","96","1","新竹縣","竹北市","120.970","24.860","107"
"467","362039","20220824072000","385","2","新竹縣","竹北市","120.980","24.860","458"
"90","362040","20220824072000","85","1","新竹縣","竹北市","120.970","24.865","101"
"1753","362056","20220824072000","1613","1","新竹縣","竹北市","121.015","24.825","1673"
"1647","362057","20220824072000","1936","0","新竹縣","竹北市","121.010","24.830","1576"
"298","362058","20220824072000","193","3","新竹縣","竹北市","121.040","24.810","283"
"1534","362059","20220824072000","1342","1","新竹縣","竹北市","121.035","24.815","1509"
"108","362060","20220824072000","274","0","新竹縣","竹北市","121.040","24.815","85"
"2979","362063","20220824072000","3364","0","新竹縣","竹北市","121.030","24.820","2967"
"1443","362064","20220824072000","1454","0","新竹縣","竹北市","121.035","24.820","1406"
"1198","362066","20220824072000","1250","0","新竹縣","竹北市","121.020","24.825","1211"
"909","362067","20220824072000","899","1","新竹縣","竹北市","121.025","24.825","912"
"4447","362068","20220824072000","4276","1","新竹縣","竹北市","121.030","24.825","4398"
"1686","362069","20220824072000","1480","1","新竹縣","竹北市","121.035","24.825","1697"
"2063","362070","20220824072000","2061","1","新竹縣","竹北市","121.015","24.830","1946"
"1016","362071","20220824072000","944","1","新竹縣","竹北市","121.020","24.830","1010"
"1927","362072","20220824072000","1038","3","新竹縣","竹北市","121.025","24.830","1930"
"1688","362073","20220824072000","1395","2","新竹縣","新埔鎮","121.030","24.830","1619"
"53","362075","20220824072000","20","3","新竹縣","竹北市","120.990","24.855","39"
"511","362076","20220824072000","498","1","新竹縣","竹北市","120.995","24.855","532"
"453","362077","20220824072000","421","1","新竹縣","竹北市","120.990","24.860","508"
"106","362079","20220824072000","90","1","新竹縣","竹北市","120.995","24.860","103"
"3181","362081","20220824072000","1961","3","新竹市","東區","120.995","24.800","3166"
"663","362082","20220824072000","696","0","新竹市","東區","121.000","24.805","657"
"93","362085","20220824072000","203","0","新竹市","東區","121.000","24.810","91"
"627","362086","20220824072000","365","3","新竹市","東區","121.005","24.810","593"
"1160","362087","20220824072000","839","2","新竹市","東區","121.010","24.810","1186"
"1007","362088","20220824072000","944","1","新竹市","東區","120.995","24.815","902"
"1697","362092","20220824072000","1781","0","新竹市","東區","121.010","24.775","1758"
"1246","362093","20220824072000","1294","0","新竹市","東區","121.015","24.775","1245"
"2401","362094","20220824072000","2534","0","新竹市","東區","121.020","24.775","2404"
"4702","362095","20220824072000","4602","1","新竹市","東區","121.025","24.775","4633"
"3469","362096","20220824072000","3283","1","新竹市","東區","120.990","24.780","3459"
"1273","362097","20220824072000","1262","1","新竹市","東區","121.005","24.775","1254"
"1684","362098","20220824072000","1459","1","新竹市","東區","121.005","24.780","1720"
"1488","362099","20220824072000","1039","2","新竹市","東區","121.010","24.780","1472"
"2244","362100","20220824072000","2227","1","新竹市","東區","121.015","24.780","2235"
"1832","362101","20220824072000","2041","0","新竹市","東區","121.005","24.785","1800"
"1329","362102","20220824072000","1329","1","新竹市","東區","121.010","24.785","1310"
"490","362103","20220824072000","527","0","新竹市","北區","120.945","24.835","481"
"433","362104","20220824072000","407","1","新竹市","北區","120.950","24.835","414"
"847","362107","20220824072000","762","1","新竹縣","竹東鎮","121.045","24.785","824"
"195","362108","20220824072000","227","0","新竹縣","竹東鎮","121.050","24.785","208"
"1098","362117","20220824072000","1157","0","新竹縣","竹東鎮","121.035","24.790","1072"
"760","362122","20220824072000","720","1","新竹縣","竹東鎮","121.030","24.795","784"
"207","362128","20220824072000","185","1","新竹縣","竹北市","120.960","24.855","200"
"606","362141","20220824072000","505","2","新竹縣","竹北市","120.955","24.870","608"
"2124","362143","20220824072000","1719","2","新竹縣","竹北市","121.015","24.835","2135"
"243","362158","20220824072000","174","2","新竹縣","新豐鄉","120.975","24.890","230"
"2144","362159","20220824072000","2111","1","新竹市","東區","121.005","24.790","2168"
"5766","362160","20220824072000","3603","3","新竹市","東區","121.015","24.790","5844"
"18","362249","20220824072000","13","2","新北市","烏來區","121.525","24.830","12"
"52","362275","20220824072000","42","2","新北市","烏來區","121.525","24.835","49"
"130","362673","20220824072000","106","2","新北市","烏來區","121.550","24.875","126"
"64","362692","20220824072000","56","1","新北市","烏來區","121.545","24.880","58"
"100","362700","20220824072000","110","0","新北市","烏來區","121.550","24.885","110"
"152","362717","20220824072000","154","0","新北市","烏來區","121.555","24.845","150"
"54","362740","20220824072000","48","1","新北市","烏來區","121.560","24.860","54"
"285","362744","20220824072000","397","0","新北市","烏來區","121.550","24.865","270"
"52","362793","20220824072000","43","2","新北市","烏來區","121.510","24.775","49"
"1715","362984","20220824072000","1893","0","新竹市","東區","120.960","24.795","1698"
"6980","362985","20220824072000","6067","1","新竹市","東區","121.020","24.790","6871"
"1506","362988","20220824072000","1248","2","新竹市","東區","120.970","24.775","1416"
"2958","362990","20220824072000","2190","2","新竹市","東區","120.985","24.805","2925"
"28","362991","20220824072000","23","2","新竹市","東區","120.965","24.775","19"
"1015","362992","20220824072000","1369","0","新竹市","北區","120.960","24.805","1036"
"467","362994","20220824072000","383","2","新竹縣","竹北市","120.945","24.850","462"
"925","362996","20220824072000","878","1","新竹縣","竹北市","120.945","24.855","943"
"1864","362998","20220824072000","1751","1","新竹縣","竹北市","120.995","24.840","1837"
"1670","362999","20220824072000","1572","1","新竹縣","竹北市","121.000","24.840","1550"
"525","363002","20220824072000","668","0","新竹縣","竹北市","121.035","24.800","503"
"992","363004","20220824072000","1059","0","新竹縣","竹北市","121.025","24.805","989"
"1418","363005","20220824072000","1675","0","新竹縣","竹北市","121.030","24.805","1398"
"3593","363006","20220824072000","2644","2","新竹縣","竹北市","121.035","24.805","3508"
"3639","363007","20220824072000","3654","0","新竹縣","竹北市","121.025","24.810","3677"
"82","363008","20220824072000","72","1","新竹縣","芎林鄉","121.065","24.790","97"
"777","363013","20220824072000","688","1","新竹縣","竹北市","121.050","24.805","761"
"298","363016","20220824072000","368","0","新竹縣","竹北市","121.045","24.810","283"
"2831","363021","20220824072000","2877","0","新竹縣","竹北市","121.005","24.840","2790"
"861","363023","20220824072000","645","2","新竹縣","竹北市","121.020","24.840","846"
"1342","363024","20220824072000","1229","1","新竹縣","竹北市","121.000","24.845","1567"
"879","363025","20220824072000","650","2","新竹縣","竹北市","121.000","24.855","884"
"827","363026","20220824072000","784","1","新竹縣","竹北市","121.010","24.845","861"
"300","363027","20220824072000","456","0","新竹縣","新埔鎮","121.015","24.850","291"
"464","363028","20220824072000","329","2","新竹縣","竹北市","121.020","24.845","476"
"105","363029","20220824072000","80","2","新竹縣","竹北市","121.000","24.850","89"
"1400","363032","20220824072000","1005","2","新竹縣","芎林鄉","121.080","24.775","1468"
"14","363046","20220824072000","10","2","新竹縣","關西鎮","121.140","24.790","15"
"24","363048","20220824072000","13","3","新竹縣","關西鎮","121.150","24.790","23"
"130","363062","20220824072000","116","1","新竹縣","關西鎮","121.185","24.800","126"
"860","363073","20220824072000","804","1","新竹縣","關西鎮","121.200","24.810","880"
"173","363082","20220824072000","72","3","新竹縣","關西鎮","121.180","24.820","132"
"100","363084","20220824072000","149","0","新竹縣","關西鎮","121.175","24.825","118"
"998","363085","20220824072000","861","1","桃園市","龍潭區","121.180","24.825","955"
"1042","363086","20220824072000","1062","0","新竹市","東區","120.975","24.795","136"
"1361","363088","20220824072000","1233","1","新竹縣","寶山鄉","120.985","24.775","1348"
"502","363090","20220824072000","427","1","新竹市","東區","120.980","24.780","518"
"1483","363093","20220824072000","1466","1","新竹市","東區","120.980","24.785","1481"
"1546","363094","20220824072000","1289","1","新竹縣","新豐鄉","121.000","24.875","1483"
"927","363095","20220824072000","812","1","新竹縣","新豐鄉","120.995","24.880","920"
"406","363096","20220824072000","460","0","新竹縣","新豐鄉","121.000","24.880","448"
"451","363097","20220824072000","373","2","新竹縣","新豐鄉","121.005","24.880","430"
"2055","363098","20220824072000","1361","3","新竹縣","新豐鄉","120.990","24.870","2069"
"3794","363099","20220824072000","3677","1","新竹縣","新豐鄉","120.995","24.870","3746"
"1693","363100","20220824072000","1446","1","新竹縣","新豐鄉","120.985","24.865","1699"
"496","363101","20220824072000","444","1","新竹縣","新豐鄉","120.990","24.865","473"
"143","363102","20220824072000","414","0","新竹縣","新豐鄉","120.985","24.870","146"
"679","363103","20220824072000","545","2","新竹縣","新豐鄉","120.985","24.875","729"
"656","363109","20220824072000","650","1","新竹縣","關西鎮","121.145","24.805","613"
"12","363124","20220824072000","12","1","新竹縣","關西鎮","121.125","24.775","13"
"123","363127","20220824072000","112","1","新竹縣","關西鎮","121.120","24.780","130"
"21","363131","20220824072000","16","2","新竹縣","關西鎮","121.115","24.785","16"
"227","363143","20220824072000","191","1","新竹縣","關西鎮","121.130","24.790","271"
"96","363153","20220824072000","53","3","新竹縣","關西鎮","121.200","24.775","106"
"1135","363158","20220824072000","868","2","新竹縣","關西鎮","121.175","24.785","998"
"73","363159","20220824072000","56","2","新竹縣","關西鎮","121.180","24.790","56"
"763","363160","20220824072000","814","0","新竹縣","關西鎮","121.185","24.790","939"
"567","363164","20220824072000","497","1","新竹縣","關西鎮","121.190","24.795","491"
"27","363183","20220824072000","25","1","新竹縣","關西鎮","121.205","24.780","31"
"78","363187","20220824072000","67","1","新竹縣","關西鎮","121.195","24.785","132"
"250","363195","20220824072000","126","3","新竹縣","關西鎮","121.195","24.790","213"
"13","363197","20220824072000","14","0","新竹縣","關西鎮","121.205","24.790","14"
"69","363217","20220824072000","56","2","新竹縣","關西鎮","121.230","24.795","53"
"131","363223","20220824072000","86","3","新竹縣","關西鎮","121.235","24.800","126"
"11","363229","20220824072000","15","0","新竹縣","關西鎮","121.135","24.820","13"
"421","363233","20220824072000","403","1","新竹縣","關西鎮","121.115","24.825","400"
"464","363245","20220824072000","230","3","新竹縣","關西鎮","121.115","24.830","441"
"717","363256","20220824072000","473","3","新竹縣","關西鎮","121.165","24.830","743"
"68","363258","20220824072000","49","2","新竹縣","新埔鎮","121.125","24.835","62"
"219","363272","20220824072000","205","1","新竹縣","關西鎮","121.150","24.840","210"
"1109","363274","20220824072000","952","1","新竹縣","關西鎮","121.135","24.810","1131"
"31","363279","20220824072000","54","0","新竹縣","關西鎮","121.130","24.815","38"
"18","363288","20220824072000","16","1","新竹縣","關西鎮","121.165","24.795","23"
"643","363291","20220824072000","601","1","新竹縣","關西鎮","121.165","24.800","682"
"2579","363304","20220824072000","2191","1","新竹縣","關西鎮","121.175","24.790","2621"
"185","363305","20220824072000","295","0","新竹縣","關西鎮","121.170","24.795","164"
"312","363306","20220824072000","309","1","新竹縣","關西鎮","121.175","24.795","291"
"82","363308","20220824072000","98","0","新竹縣","關西鎮","121.175","24.805","92"
"2827","363344","20220824072000","1933","2","桃園市","龍潭區","121.230","24.875","2870"
"555","363345","20220824072000","570","0","桃園市","龍潭區","121.230","24.880","514"
"1198","363346","20220824072000","1209","0","桃園市","龍潭區","121.225","24.855","1132"
"120","363347","20220824072000","82","2","桃園市","龍潭區","121.230","24.855","116"
"41","363355","20220824072000","30","2","桃園市","龍潭區","121.235","24.865","38"
"74","363358","20220824072000","312","0","桃園市","龍潭區","121.230","24.870","78"
"670","363359","20220824072000","627","1","桃園市","龍潭區","121.235","24.870","676"
"13","363361","20220824072000","23","0","桃園市","龍潭區","121.245","24.870","13"
"350","363362","20220824072000","483","0","桃園市","平鎮區","121.245","24.875","330"
"1040","363365","20220824072000","945","1","桃園市","龍潭區","121.235","24.840","1016"
"1376","363366","20220824072000","1398","0","桃園市","龍潭區","121.240","24.835","1344"
"247","363369","20220824072000","243","1","桃園市","龍潭區","121.240","24.845","242"
"272","363370","20220824072000","180","3","桃園市","龍潭區","121.245","24.850","252"
"315","363371","20220824072000","277","1","桃園市","龍潭區","121.250","24.850","289"
"513","363374","20220824072000","346","2","桃園市","龍潭區","121.250","24.855","517"
"112","363376","20220824072000","178","0","桃園市","龍潭區","121.255","24.860","98"
"309","363377","20220824072000","290","1","桃園市","龍潭區","121.180","24.870","303"
"961","363380","20220824072000","899","1","桃園市","龍潭區","121.195","24.870","959"
"451","363388","20220824072000","398","1","桃園市","龍潭區","121.185","24.880","477"
"1980","363392","20220824072000","1492","2","桃園市","龍潭區","121.185","24.885","1941"
"35","363394","20220824072000","46","0","桃園市","龍潭區","121.180","24.885","47"
"302","363396","20220824072000","293","1","桃園市","龍潭區","121.190","24.885","299"
"107","363397","20220824072000","117","0","桃園市","龍潭區","121.190","24.890","108"
"4170","363481","20220824072000","3983","1","新竹市","東區","120.975","24.810","4422"
"3119","363482","20220824072000","2867","1","新竹市","東區","120.970","24.800","3120"
"1090","363483","20220824072000","1216","0","新竹市","東區","120.970","24.810","1260"
"741","363484","20220824072000","683","1","新竹市","東區","120.970","24.785","747"
"1455","363485","20220824072000","1018","2","新竹市","東區","120.975","24.785","1481"
"4517","363486","20220824072000","4151","1","新竹市","東區","120.965","24.795","4834"
"673","363502","20220824072000","682","0","桃園市","龍潭區","121.185","24.840","715"
"569","363507","20220824072000","613","0","桃園市","龍潭區","121.185","24.845","554"
"41","363511","20220824072000","43","0","桃園市","龍潭區","121.180","24.850","33"
"139","363514","20220824072000","153","0","桃園市","龍潭區","121.195","24.850","132"
"240","363523","20220824072000","260","0","桃園市","龍潭區","121.190","24.860","250"
"515","363528","20220824072000","432","1","桃園市","龍潭區","121.245","24.835","406"
"337","363532","20220824072000","276","2","桃園市","龍潭區","121.245","24.840","335"
"12","363536","20220824072000","12","1","桃園市","龍潭區","121.245","24.845","15"
"144","363557","20220824072000","103","2","桃園市","龍潭區","121.240","24.830","105"
"565","363560","20220824072000","503","1","桃園市","龍潭區","121.230","24.835","567"
"52","363589","20220824072000","30","3","桃園市","龍潭區","121.160","24.870","46"
"788","363593","20220824072000","640","2","桃園市","龍潭區","121.210","24.840","826"
"401","363597","20220824072000","363","1","桃園市","龍潭區","121.200","24.855","406"
"613","363599","20220824072000","656","0","桃園市","龍潭區","121.210","24.855","591"
"1267","363602","20220824072000","842","3","桃園市","龍潭區","121.225","24.845","1244"
"272","363603","20220824072000","505","0","桃園市","龍潭區","121.230","24.845","272"
"21","363605","20220824072000","21","1","桃園市","龍潭區","121.225","24.850","17"
"1500","363611","20220824072000","1420","1","桃園市","龍潭區","121.220","24.850","1502"
"1571","363613","20220824072000","1330","1","桃園市","龍潭區","121.215","24.865","1426"
"698","363614","20220824072000","740","0","桃園市","龍潭區","121.220","24.865","758"
"642","363615","20220824072000","598","1","桃園市","龍潭區","121.210","24.870","645"
"937","363616","20220824072000","962","0","桃園市","龍潭區","121.215","24.870","969"
"565","363620","20220824072000","470","2","桃園市","龍潭區","121.220","24.860","542"
"420","363625","20220824072000","437","0","桃園市","龍潭區","121.205","24.865","408"
"166","363626","20220824072000","142","1","桃園市","龍潭區","121.200","24.870","138"
"1369","363627","20220824072000","936","2","桃園市","龍潭區","121.205","24.870","1354"
"3311","363628","20220824072000","2956","1","新竹縣","竹北市","121.020","24.835","3399"
"2196","363629","20220824072000","1806","2","新竹縣","竹北市","121.025","24.835","2257"
"1025","363630","20220824072000","1158","0","新竹縣","竹北市","121.010","24.835","1044"
"431","363633","20220824072000","352","2","新竹市","東區","120.960","24.780","425"
"595","363634","20220824072000","526","1","新竹市","東區","120.965","24.780","634"
"1389","363637","20220824072000","1286","1","新竹市","東區","120.965","24.785","1405"
"3805","363639","20220824072000","3467","1","新竹市","東區","120.965","24.790","3808"
"2074","363641","20220824072000","3002","0","新竹市","東區","121.020","24.785","2150"
"511","363642","20220824072000","299","3","新竹縣","竹東鎮","121.025","24.785","515"
"1106","363644","20220824072000","1008","1","新竹縣","竹東鎮","121.035","24.775","1143"
"446","363646","20220824072000","303","2","新竹縣","竹東鎮","121.045","24.775","406"
"3135","363648","20220824072000","2645","1","新竹縣","竹東鎮","121.030","24.780","3211"
"310","363649","20220824072000","661","0","新竹縣","竹東鎮","121.035","24.780","310"
"136","363651","20220824072000","354","0","新竹縣","竹東鎮","121.045","24.780","133"
"934","363655","20220824072000","1025","0","桃園市","龍潭區","121.235","24.880","1026"
"930","363658","20220824072000","813","1","桃園市","龍潭區","121.240","24.880","943"
"102","363661","20220824072000","70","2","桃園市","龍潭區","121.240","24.810","90"
"661","363663","20220824072000","613","1","桃園市","龍潭區","121.240","24.815","657"
"12","363664","20220824072000","36","0","桃園市","龍潭區","121.235","24.820","15"
"326","363667","20220824072000","281","1","桃園市","龍潭區","121.230","24.825","309"
"669","363668","20220824072000","542","2","桃園市","龍潭區","121.235","24.825","660"
"925","363676","20220824072000","728","2","桃園市","龍潭區","121.230","24.840","878"
"648","363677","20220824072000","895","0","新竹縣","竹北市","121.005","24.845","714"
"1712","363682","20220824072000","1306","2","新竹縣","芎林鄉","121.080","24.780","1659"
"193","363685","20220824072000","135","2","新竹縣","芎林鄉","121.075","24.785","196"
"1261","363687","20220824072000","1196","1","新竹縣","芎林鄉","121.070","24.790","1264"
"813","363696","20220824072000","550","2","新竹縣","芎林鄉","121.060","24.795","856"
"700","363709","20220824072000","657","1","新竹縣","芎林鄉","121.090","24.775","685"
"10","363719","20220824072000","14","0","新竹縣","芎林鄉","121.110","24.785","15"
"37","363721","20220824072000","35","1","新竹縣","芎林鄉","121.085","24.780","34"
"55","363725","20220824072000","107","0","新竹縣","芎林鄉","121.100","24.780","59"
"267","363728","20220824072000","232","1","新竹縣","芎林鄉","121.100","24.785","240"
"1204","363737","20220824072000","1022","1","新竹縣","竹北市","120.985","24.835","1206"
"623","363744","20220824072000","420","2","新竹縣","竹北市","120.975","24.840","588"
"704","363746","20220824072000","534","2","新竹縣","竹北市","120.955","24.840","717"
"515","363748","20220824072000","419","2","新竹縣","竹北市","120.965","24.840","508"
"134","363755","20220824072000","126","1","新竹縣","竹北市","120.960","24.850","137"
"37","363765","20220824072000","261","0","宜蘭縣","礁溪鄉","121.790","24.795","42"
"62","363769","20220824072000","115","0","宜蘭縣","礁溪鄉","121.780","24.800","78"
"217","363770","20220824072000","193","1","宜蘭縣","礁溪鄉","121.785","24.800","217"
"201","363777","20220824072000","182","1","宜蘭縣","礁溪鄉","121.790","24.810","202"
"1410","363779","20220824072000","891","3","宜蘭縣","礁溪鄉","121.775","24.830","1306"
"640","363783","20220824072000","541","1","宜蘭縣","礁溪鄉","121.780","24.835","580"
"366","363797","20220824072000","387","0","宜蘭縣","礁溪鄉","121.790","24.830","392"
"20","363798","20220824072000","33","0","宜蘭縣","礁溪鄉","121.785","24.835","23"
"1267","363803","20220824072000","852","2","桃園市","平鎮區","121.200","24.890","1244"
"1651","363805","20220824072000","1917","0","新竹市","北區","120.955","24.805","1730"
"567","363808","20220824072000","595","0","新竹市","北區","120.945","24.815","552"
"39","363811","20220824072000","64","0","新竹市","北區","120.955","24.785","36"
"2341","363814","20220824072000","2060","1","新竹市","北區","120.955","24.790","2324"
"765","363815","20220824072000","791","0","新竹市","香山區","120.950","24.795","819"
"1272","363816","20220824072000","1320","0","桃園市","大溪區","121.290","24.885","1241"
"1994","363817","20220824072000","1912","1","新竹縣","寶山鄉","120.990","24.775","2101"
"1283","363818","20220824072000","1005","2","新竹縣","寶山鄉","120.995","24.775","1337"
"2397","363819","20220824072000","2126","1","新竹縣","寶山鄉","121.000","24.775","2349"
"1679","363821","20220824072000","1326","2","新竹市","東區","120.995","24.780","1701"
"2034","363824","20220824072000","1217","3","新竹縣","竹北市","121.010","24.820","2032"
"2170","363825","20220824072000","2246","0","新竹縣","竹北市","121.015","24.820","2266"
"2493","363826","20220824072000","1927","2","新竹縣","竹北市","121.005","24.825","2437"
"3385","363827","20220824072000","2905","1","新竹縣","竹北市","121.010","24.825","3358"
"2481","363828","20220824072000","1943","2","新竹縣","竹北市","121.005","24.830","2475"
"223","363835","20220824072000","604","0","新竹縣","新埔鎮","121.050","24.835","911"
"814","363837","20220824072000","541","3","新竹縣","新埔鎮","121.045","24.840","704"
"273","363839","20220824072000","28","3","新竹縣","新埔鎮","121.055","24.840","280"
"1066","363852","20220824072000","939","1","新竹縣","新埔鎮","121.025","24.845","1084"
"211","363854","20220824072000","54","3","新竹縣","新埔鎮","121.035","24.845","233"
"125","363855","20220824072000","270","0","新竹縣","新埔鎮","121.040","24.845","88"
"31","363860","20220824072000","29","1","新竹縣","新埔鎮","121.030","24.850","26"
"20","363864","20220824072000","16","2","桃園市","龍潭區","121.210","24.875","17"
"1427","363865","20220824072000","1195","1","桃園市","龍潭區","121.205","24.880","1365"
"297","363866","20220824072000","308","0","新竹縣","竹北市","120.980","24.840","309"
"812","363870","20220824072000","757","1","新竹縣","竹北市","120.975","24.850","792"
"443","363871","20220824072000","336","2","新竹縣","竹北市","120.980","24.850","444"
"56","363872","20220824072000","309","0","新竹縣","竹東鎮","121.055","24.775","61"
"949","363875","20220824072000","617","3","新竹縣","竹東鎮","121.055","24.780","981"
"299","363877","20220824072000","415","0","新竹縣","竹東鎮","121.055","24.785","308"
"73","363882","20220824072000","59","2","宜蘭縣","礁溪鄉","121.745","24.800","97"
"246","363884","20220824072000","203","2","宜蘭縣","礁溪鄉","121.755","24.800","234"
"1210","363890","20220824072000","752","3","宜蘭縣","礁溪鄉","121.740","24.780","1235"
"148","363899","20220824072000","115","2","宜蘭縣","礁溪鄉","121.740","24.790","162"
"389","363936","20220824072000","519","0","新竹市","香山區","120.950","24.775","394"
"491","363940","20220824072000","434","1","新竹市","香山區","120.950","24.780","511"
"261","363941","20220824072000","358","0","新竹市","香山區","120.935","24.795","291"
"556","363948","20220824072000","514","1","新竹市","香山區","120.925","24.800","562"
"2519","363957","20220824072000","1815","2","新竹縣","竹北市","120.995","24.835","2496"
"888","363960","20220824072000","1183","0","新竹縣","竹北市","121.000","24.825","920"
"697","363961","20220824072000","532","2","新竹縣","竹北市","120.990","24.830","754"
"1178","363963","20220824072000","951","2","新竹縣","竹北市","121.000","24.830","1162"
"1729","363964","20220824072000","1866","0","新竹縣","竹北市","121.000","24.835","1789"
"632","363965","20220824072000","685","0","新竹縣","竹北市","121.005","24.835","642"
"691","363968","20220824072000","649","1","新竹縣","竹北市","120.970","24.835","677"
"3044","363976","20220824072000","2762","1","桃園市","龍潭區","121.215","24.860","2938"
"1068","363977","20220824072000","746","2","桃園市","龍潭區","121.210","24.865","1022"
"319","363980","20220824072000","222","2","新竹縣","新埔鎮","121.110","24.815","342"
"71","363983","20220824072000","66","1","新竹縣","新埔鎮","121.100","24.820","57"
"672","363985","20220824072000","471","2","新竹縣","新埔鎮","121.090","24.825","708"
"249","363989","20220824072000","220","1","新竹縣","關西鎮","121.110","24.825","234"
"2669","363994","20220824072000","2331","1","新竹市","北區","120.970","24.820","2753"
"1988","363995","20220824072000","2536","0","新竹市","北區","120.955","24.810","2114"
"2867","363996","20220824072000","2597","1","新竹市","北區","120.960","24.810","2892"
"860","363997","20220824072000","786","1","宜蘭縣","頭城鎮","121.825","24.860","832"
"33","364010","20220824072000","34","0","桃園市","大溪區","121.295","24.835","38"
"34","364013","20220824072000","40","0","桃園市","大溪區","121.280","24.840","33"
"13","364014","20220824072000","14","0","桃園市","大溪區","121.285","24.840","11"
"684","364024","20220824072000","549","2","桃園市","大溪區","121.285","24.850","679"
"14","364032","20220824072000","267","0","桃園市","大溪區","121.295","24.855","14"
"11","364043","20220824072000","18","0","桃園市","大溪區","121.305","24.860","17"
"267","364050","20220824072000","231","1","桃園市","大溪區","121.295","24.865","267"
"70","364052","20220824072000","74","0","桃園市","大溪區","121.305","24.865","69"
"265","364061","20220824072000","221","1","桃園市","大溪區","121.300","24.870","275"
"192","364068","20220824072000","174","1","桃園市","大溪區","121.300","24.875","197"
"55","364070","20220824072000","41","2","桃園市","大溪區","121.310","24.875","44"
"208","364110","20220824072000","241","0","桃園市","大溪區","121.270","24.840","197"
"673","364119","20220824072000","410","3","新竹縣","新豐鄉","121.005","24.885","694"
"777","364123","20220824072000","617","2","新竹縣","新豐鄉","121.005","24.890","749"
"454","364126","20220824072000","406","1","新竹縣","湖口鄉","121.020","24.890","432"
"112","364127","20220824072000","63","3","新竹縣","新豐鄉","120.995","24.875","111"
"413","364129","20220824072000","390","1","新竹縣","新豐鄉","120.990","24.880","426"
"204","364130","20220824072000","255","0","新竹縣","新豐鄉","120.990","24.885","201"
"1350","364132","20220824072000","1377","0","新竹縣","新豐鄉","120.990","24.890","1353"
"321","364139","20220824072000","291","1","新竹縣","湖口鄉","121.025","24.890","304"
"670","364141","20220824072000","701","0","新竹縣","湖口鄉","121.035","24.890","671"
"959","364143","20220824072000","876","1","新竹縣","湖口鄉","121.020","24.860","958"
"227","364146","20220824072000","213","1","新竹縣","湖口鄉","121.015","24.865","248"
"433","364147","20220824072000","219","3","新竹縣","湖口鄉","121.020","24.865","453"
"1654","364148","20220824072000","1376","2","新竹縣","湖口鄉","121.025","24.865","1666"
"631","364149","20220824072000","599","1","新竹縣","湖口鄉","121.030","24.865","616"
"408","364163","20220824072000","570","0","新竹縣","湖口鄉","121.035","24.875","393"
"951","364164","20220824072000","1046","0","新竹縣","湖口鄉","121.040","24.875","890"
"394","364168","20220824072000","496","0","新竹縣","湖口鄉","121.035","24.880","397"
"421","364171","20220824072000","497","0","新竹縣","湖口鄉","121.050","24.880","411"
"19","364179","20220824072000","32","0","新竹縣","湖口鄉","121.065","24.875","11"
"38","364180","20220824072000","20","3","新竹縣","湖口鄉","121.070","24.875","13"
"210","364189","20220824072000","178","1","新竹縣","湖口鄉","121.075","24.880","220"
"211","364194","20220824072000","193","1","新竹縣","湖口鄉","121.070","24.885","214"
"311","364195","20220824072000","231","2","新竹縣","湖口鄉","121.075","24.885","321"
"741","364201","20220824072000","833","0","新竹縣","湖口鄉","121.055","24.880","740"
"346","364202","20220824072000","239","2","新竹縣","湖口鄉","121.060","24.880","344"
"497","364205","20220824072000","537","0","新竹縣","湖口鄉","121.050","24.885","456"
"75","364211","20220824072000","79","0","新竹縣","湖口鄉","121.105","24.880","82"
"562","364216","20220824072000","521","1","新竹縣","湖口鄉","121.090","24.885","527"
"132","364221","20220824072000","130","1","新竹縣","湖口鄉","121.095","24.885","151"
"99","364222","20220824072000","115","0","新竹縣","湖口鄉","121.100","24.885","106"
"607","364228","20220824072000","632","0","新竹縣","湖口鄉","121.110","24.890","579"
"272","364231","20220824072000","210","2","新竹縣","湖口鄉","121.085","24.885","257"
"436","364236","20220824072000","368","1","新竹縣","湖口鄉","121.080","24.890","454"
"403","364238","20220824072000","434","0","新竹縣","湖口鄉","121.090","24.890","398"
"2628","364239","20220824072000","2757","0","新竹縣","湖口鄉","121.015","24.870","2665"
"532","364240","20220824072000","598","0","新竹縣","湖口鄉","121.015","24.875","501"
"1504","364242","20220824072000","1316","1","新竹縣","湖口鄉","121.025","24.875","1515"
"728","364243","20220824072000","801","0","新竹縣","湖口鄉","121.010","24.880","584"
"3120","364244","20220824072000","2542","2","新竹市","北區","120.965","24.805","3221"
"13","364290","20220824072000","23","0","新北市","新店區","121.510","24.890","19"
"12","364291","20220824072000","14","0","新北市","新店區","121.515","24.890","12"
"415","364296","20220824072000","523","0","桃園市","大溪區","121.265","24.885","405"
"470","364314","20220824072000","302","3","桃園市","大溪區","121.280","24.870","453"
"28","364340","20220824072000","28","1","桃園市","大溪區","121.285","24.820","26"
"102","364352","20220824072000","101","1","桃園市","大溪區","121.310","24.825","103"
"10","364355","20220824072000","13","0","桃園市","大溪區","121.300","24.830","10"
"62","364359","20220824072000","44","2","桃園市","大溪區","121.305","24.830","65"
"649","364405","20220824072000","461","2","桃園市","大溪區","121.300","24.890","644"
"758","364409","20220824072000","619","2","新竹縣","湖口鄉","121.045","24.890","759"
"81","364410","20220824072000","273","0","新竹縣","湖口鄉","121.050","24.890","89"
"152","364419","20220824072000","142","1","新竹縣","湖口鄉","121.040","24.860","143"
"1143","364424","20220824072000","1023","1","新竹縣","湖口鄉","121.035","24.865","1195"
"316","364429","20220824072000","228","2","新竹縣","湖口鄉","121.020","24.870","318"
"1082","364430","20220824072000","1485","0","新竹縣","湖口鄉","121.025","24.870","1080"
"1189","364431","20220824072000","1128","1","新竹縣","湖口鄉","121.030","24.870","1160"
"1287","364432","20220824072000","1502","0","新竹縣","湖口鄉","121.035","24.870","1251"
"1110","364436","20220824072000","759","2","新竹縣","湖口鄉","121.030","24.875","1096"
"35","364448","20220824072000","30","1","新竹縣","新埔鎮","121.095","24.805","39"
"284","364453","20220824072000","282","1","新竹縣","新埔鎮","121.090","24.810","304"
"57","364455","20220824072000","53","1","新竹縣","新埔鎮","121.100","24.810","54"
"138","364470","20220824072000","85","3","新竹縣","新埔鎮","121.095","24.855","136"
"392","364480","20220824072000","552","0","新竹縣","新埔鎮","121.060","24.835","361"
"288","364482","20220824072000","200","2","新竹縣","新埔鎮","121.060","24.840","313"
"2025","364497","20220824072000","2087","0","新竹縣","新埔鎮","121.085","24.830","2229"
"66","364505","20220824072000","77","0","新竹縣","芎林鄉","121.085","24.790","71"
"124","364507","20220824072000","81","3","新竹縣","新埔鎮","121.085","24.795","142"
"93","364516","20220824072000","62","3","新竹縣","新埔鎮","121.080","24.810","77"
"191","364518","20220824072000","203","0","新竹縣","新埔鎮","121.080","24.815","183"
"583","364538","20220824072000","448","2","新竹縣","新埔鎮","121.120","24.840","565"
"636","364549","20220824072000","685","0","新竹縣","新埔鎮","121.060","24.820","638"
"59","364554","20220824072000","106","0","新竹縣","新埔鎮","121.055","24.825","56"
"20","364555","20220824072000","218","0","新竹縣","新埔鎮","121.060","24.825","24"
"42","364557","20220824072000","600","0","新竹縣","新埔鎮","121.035","24.830","49"
"959","364558","20220824072000","690","2","新竹縣","新埔鎮","121.040","24.830","916"
"3355","364561","20220824072000","2126","3","新竹縣","新埔鎮","121.030","24.835","3276"
"26","364571","20220824072000","50","0","新竹縣","新埔鎮","121.145","24.855","20"
"1377","364579","20220824072000","1205","1","新竹縣","新埔鎮","121.080","24.830","1468"
"78","364580","20220824072000","91","0","新竹縣","新埔鎮","121.075","24.830","91"
"362","364581","20220824072000","303","1","宜蘭縣","宜蘭市","121.760","24.770","356"
"428","364583","20220824072000","256","3","宜蘭縣","宜蘭市","121.770","24.770","427"
"119","364585","20220824072000","123","0","宜蘭縣","宜蘭市","121.765","24.770","126"
"191","364586","20220824072000","162","1","宜蘭縣","宜蘭市","121.760","24.775","182"
"407","364587","20220824072000","338","2","宜蘭縣","宜蘭市","121.760","24.780","379"
"52","364588","20220824072000","38","2","桃園市","平鎮區","121.185","24.890","49"
"279","364590","20220824072000","215","2","桃園市","大溪區","121.285","24.865","307"
"615","364594","20220824072000","446","2","桃園市","大溪區","121.285","24.875","625"
"1089","364597","20220824072000","1057","1","桃園市","大溪區","121.285","24.880","1086"
"794","364599","20220824072000","1064","0","桃園市","大溪區","121.295","24.880","783"
"1488","364601","20220824072000","1510","0","桃園市","大溪區","121.270","24.880","1436"
"14","364604","20220824072000","13","1","桃園市","楊梅區","121.175","24.885","14"
"255","364607","20220824072000","231","1","桃園市","楊梅區","121.180","24.890","223"
"404","364609","20220824072000","453","0","桃園市","龍潭區","121.235","24.875","400"
"541","364612","20220824072000","490","1","桃園市","龍潭區","121.220","24.870","532"
"919","364613","20220824072000","725","2","桃園市","龍潭區","121.225","24.870","862"
"608","364614","20220824072000","421","2","桃園市","龍潭區","121.205","24.885","617"
"187","364615","20220824072000","87","3","桃園市","龍潭區","121.205","24.890","169"
"1059","364616","20220824072000","1072","0","桃園市","龍潭區","121.210","24.885","1125"
"351","364618","20220824072000","318","1","新竹縣","竹北市","120.990","24.835","349"
"417","364620","20220824072000","439","0","新竹縣","竹北市","120.990","24.840","415"
"595","364623","20220824072000","634","0","新竹縣","竹北市","120.990","24.845","596"
"1038","364629","20220824072000","1252","0","新竹縣","竹北市","121.045","24.795","1060"
"1759","364631","20220824072000","1379","2","新竹縣","竹北市","121.040","24.800","1770"
"788","364632","20220824072000","633","2","新竹縣","竹北市","121.045","24.800","772"
"577","364633","20220824072000","620","0","新竹縣","竹北市","121.050","24.800","576"
"1866","364634","20220824072000","1609","1","新竹縣","竹北市","121.040","24.805","1843"
"646","364635","20220824072000","533","2","新竹縣","竹北市","121.045","24.805","634"
"1979","364637","20220824072000","1384","2","新竹縣","竹北市","121.020","24.810","1970"
"2160","364639","20220824072000","2011","1","新竹縣","竹北市","121.020","24.815","2148"
"1924","364640","20220824072000","2139","0","新竹縣","竹北市","121.025","24.815","1943"
"449","364641","20220824072000","379","1","新竹縣","竹北市","121.020","24.820","452"
"2167","364642","20220824072000","2991","0","新竹縣","竹北市","121.025","24.820","2222"
"1193","364648","20220824072000","1011","1","新竹市","北區","120.925","24.840","1157"
"710","364657","20220824072000","717","0","桃園市","龍潭區","121.210","24.890","711"
"70","364662","20220824072000","33","3","桃園市","復興區","121.325","24.775","67"
"15","364692","20220824072000","15","1","桃園市","復興區","121.335","24.790","16"
"108","364720","20220824072000","113","0","桃園市","復興區","121.345","24.805","112"
"217","364731","20220824072000","147","2","桃園市","復興區","121.350","24.815","202"
"104","364735","20220824072000","90","1","桃園市","復興區","121.350","24.820","106"
"107","364741","20220824072000","91","1","桃園市","復興區","121.370","24.825","91"
"137","364767","20220824072000","138","0","桃園市","復興區","121.375","24.800","118"
"27","364824","20220824072000","29","0","桃園市","復興區","121.375","24.785","24"
"25","364825","20220824072000","17","2","桃園市","復興區","121.380","24.785","25"
"52","364828","20220824072000","25","3","桃園市","復興區","121.395","24.785","51"
"102","364934","20220824072000","86","1","桃園市","復興區","121.305","24.800","101"
"32","364969","20220824072000","40","0","桃園市","復興區","121.400","24.805","56"
"38","365017","20220824072000","27","2","桃園市","復興區","121.390","24.825","43"
"121","365042","20220824072000","51","3","桃園市","復興區","121.385","24.835","99"
"196","365054","20220824072000","249","0","桃園市","楊梅區","121.155","24.880","212"
"93","365058","20220824072000","90","1","桃園市","楊梅區","121.155","24.885","90"
"457","365063","20220824072000","475","0","桃園市","楊梅區","121.150","24.885","416"
"263","365065","20220824072000","193","2","桃園市","楊梅區","121.160","24.885","235"
"24","365067","20220824072000","146","0","桃園市","楊梅區","121.150","24.890","29"
"841","365068","20220824072000","796","1","桃園市","楊梅區","121.155","24.890","868"
"1060","365070","20220824072000","691","3","桃園市","楊梅區","121.170","24.885","1116"
"2920","365073","20220824072000","2915","1","新竹市","北區","120.955","24.795","2922"
"118","365074","20220824072000","185","0","新竹市","香山區","120.955","24.780","117"
"1853","365075","20220824072000","1526","2","新竹市","香山區","120.945","24.790","1858"
"705","365076","20220824072000","578","2","新竹市","香山區","120.950","24.790","717"
"973","365079","20220824072000","961","1","新竹市","香山區","120.925","24.790","961"
"2412","365080","20220824072000","2443","0","新竹市","香山區","120.925","24.795","2379"
"908","365083","20220824072000","990","0","新竹市","香山區","120.940","24.775","941"
"329","365086","20220824072000","423","0","新竹市","香山區","120.940","24.780","314"
"308","365089","20220824072000","211","2","新竹市","香山區","120.935","24.785","317"
"2046","365090","20220824072000","1282","3","新竹縣","竹北市","121.015","24.840","2035"
"4378","365091","20220824072000","4090","1","新竹縣","竹北市","121.010","24.840","4546"
"1035","365092","20220824072000","943","1","桃園市","龍潭區","121.210","24.880","1044"
"514","365093","20220824072000","375","2","桃園市","龍潭區","121.215","24.880","521"
"724","365094","20220824072000","666","1","桃園市","龍潭區","121.215","24.885","725"
"517","365099","20220824072000","508","1","桃園市","龍潭區","121.200","24.875","439"
"561","365102","20220824072000","573","0","桃園市","龍潭區","121.195","24.885","553"
"275","365105","20220824072000","212","2","桃園市","龍潭區","121.200","24.885","260"
"893","365121","20220824072000","695","2","桃園市","龍潭區","121.180","24.835","799"
"370","365122","20220824072000","456","0","桃園市","龍潭區","121.185","24.835","371"
"699","365124","20220824072000","805","0","桃園市","龍潭區","121.195","24.835","661"
"718","365133","20220824072000","862","0","桃園市","龍潭區","121.200","24.850","726"
"536","365138","20220824072000","437","2","桃園市","龍潭區","121.210","24.810","523"
"75","365145","20220824072000","94","0","桃園市","龍潭區","121.205","24.820","105"
"204","365150","20220824072000","224","0","桃園市","龍潭區","121.205","24.825","187"
"82","365153","20220824072000","72","1","桃園市","龍潭區","121.220","24.825","73"
"460","365158","20220824072000","657","0","桃園市","龍潭區","121.205","24.835","463"
"821","365161","20220824072000","735","1","桃園市","龍潭區","121.205","24.840","815"
"394","365169","20220824072000","315","2","桃園市","龍潭區","121.230","24.885","381"
"1189","365173","20220824072000","1363","0","新竹市","北區","120.965","24.815","1210"
"1002","365174","20220824072000","1010","0","新竹市","北區","120.960","24.820","947"
"1498","365175","20220824072000","1609","0","新竹市","北區","120.960","24.800","1500"
"2281","365176","20220824072000","2208","1","新竹市","東區","120.980","24.795","2376"
"1229","365177","20220824072000","1681","0","新竹市","東區","120.985","24.795","1253"
"58","365178","20220824072000","183","0","新竹市","東區","120.985","24.790","53"
"2015","365183","20220824072000","1568","2","新竹市","北區","120.975","24.820","2069"
"1336","365184","20220824072000","1355","0","新竹市","北區","120.975","24.825","1300"
"801","365185","20220824072000","571","2","新竹市","北區","120.980","24.825","812"
"1642","365210","20220824072000","1826","0","新竹市","東區","121.000","24.800","1627"
"1960","365211","20220824072000","2144","0","新竹市","東區","121.000","24.795","1968"
"1221","365212","20220824072000","960","2","新竹市","東區","121.025","24.780","1180"
"500","365213","20220824072000","489","1","桃園市","龍潭區","121.245","24.880","504"
"419","365219","20220824072000","521","0","桃園市","平鎮區","121.240","24.890","434"
"1458","365221","20220824072000","1166","2","新竹市","北區","120.930","24.835","1451"
"949","365222","20220824072000","857","1","新竹市","北區","120.935","24.835","983"
"3881","365223","20220824072000","3295","1","新竹市","北區","120.970","24.825","3879"
"4590","365224","20220824072000","3990","1","新竹市","東區","120.975","24.815","4722"
"3322","365225","20220824072000","3218","1","新竹市","東區","120.980","24.815","3514"
"1740","365226","20220824072000","1006","3","新竹市","北區","120.965","24.825","1757"
"738","365227","20220824072000","526","2","新竹市","北區","120.965","24.830","736"
"147","365229","20220824072000","138","1","桃園市","楊梅區","121.140","24.885","130"
"189","365231","20220824072000","172","1","桃園市","楊梅區","121.135","24.885","119"
"566","365234","20220824072000","276","3","桃園市","楊梅區","121.135","24.890","349"
"337","365235","20220824072000","289","1","桃園市","楊梅區","121.140","24.890","300"
"578","365236","20220824072000","620","0","桃園市","楊梅區","121.145","24.890","525"
"1007","365237","20220824072000","955","1","新竹市","北區","120.950","24.805","995"
"1401","365238","20220824072000","1196","1","新竹市","北區","120.940","24.840","1362"
"1003","365240","20220824072000","890","1","新竹市","北區","120.930","24.840","979"
"861","365241","20220824072000","784","1","新竹市","北區","120.935","24.840","856"
"221","365243","20220824072000","168","2","新竹市","北區","120.925","24.845","193"
"874","365244","20220824072000","756","1","新竹市","北區","120.930","24.845","864"
"1578","365253","20220824072000","1514","1","新竹市","東區","120.965","24.800","1546"
"6446","365254","20220824072000","5840","1","新竹市","東區","121.005","24.795","6478"
"3725","365255","20220824072000","3394","1","新竹市","東區","121.010","24.795","3592"
"1394","365258","20220824072000","1470","0","新竹市","東區","121.015","24.795","1399"
"1057","365259","20220824072000","734","2","新竹市","東區","120.970","24.790","1196"
"1082","365261","20220824072000","753","2","新竹市","北區","120.955","24.815","1037"
"5663","365262","20220824072000","4958","1","新竹市","北區","120.960","24.815","5651"
"31","365263","20220824072000","266","0","新竹市","北區","120.955","24.820","22"
"767","365264","20220824072000","853","0","新竹市","北區","120.955","24.825","801"
"3217","365265","20220824072000","3304","0","新竹市","東區","121.010","24.790","3370"
"550","365266","20220824072000","1031","0","新竹市","東區","120.970","24.795","614"
"1169","365267","20220824072000","1325","0","新竹市","東區","120.980","24.790","1088"
"2236","365268","20220824072000","1890","1","新竹市","東區","120.970","24.805","2167"
"654","365269","20220824072000","704","0","新竹市","北區","120.945","24.805","705"
"801","365270","20220824072000","1127","0","新竹市","香山區","120.950","24.800","797"
"2318","365271","20220824072000","2015","1","新竹市","北區","120.955","24.800","2247"
"78","365292","20220824072000","81","0","桃園市","復興區","121.340","24.820","79"
"11","365296","20220824072000","43","0","桃園市","復興區","121.340","24.825","11"
"220","365304","20220824072000","171","2","桃園市","大溪區","121.330","24.835","212"
"108","365315","20220824072000","103","1","桃園市","復興區","121.350","24.835","115"
"1586","365322","20220824072000","1585","1","新竹市","東區","120.970","24.815","1656"
"3271","365323","20220824072000","2845","1","新竹市","北區","120.965","24.810","3267"
"2948","365324","20220824072000","2423","2","新竹市","東區","120.990","24.800","2957"
"72","365325","20220824072000","97","0","新竹市","東區","120.990","24.805","59"
"82","365326","20220824072000","94","0","新竹市","東區","120.995","24.805","76"
"663","365327","20220824072000","1011","0","新竹市","東區","120.995","24.785","752"
"393","365328","20220824072000","948","0","新竹市","東區","121.000","24.780","402"
"153","365330","20220824072000","239","0","新竹市","東區","120.990","24.785","141"
"1394","365331","20220824072000","2227","0","新竹市","東區","121.000","24.790","1363"
"1525","365332","20220824072000","1336","1","新竹市","東區","121.000","24.785","1498"
"213","365334","20220824072000","569","0","新竹市","東區","120.990","24.795","196"
"968","365335","20220824072000","1964","0","新竹市","東區","120.990","24.790","1035"
"1741","365336","20220824072000","1941","0","新竹市","東區","120.995","24.795","1882"
"1735","365337","20220824072000","2149","0","新竹市","東區","120.995","24.790","1777"
"707","365338","20220824072000","772","0","新竹市","北區","120.960","24.790","703"
"1445","365339","20220824072000","1301","1","新竹市","東區","120.980","24.800","1404"
"406","365340","20220824072000","525","0","新竹市","東區","120.990","24.810","421"
"1733","365341","20220824072000","1706","1","新竹市","東區","120.985","24.815","1838"
"877","365346","20220824072000","938","0","新竹市","東區","120.995","24.820","856"
"27","365352","20220824072000","153","0","新竹市","東區","121.015","24.805","23"
"313","365356","20220824072000","319","0","桃園市","楊梅區","121.130","24.885","299"
"148","365363","20220824072000","154","0","桃園市","楊梅區","121.125","24.890","114"
"208","365364","20220824072000","239","0","桃園市","楊梅區","121.130","24.890","196"
"36","367498","20220824072000","54","0","宜蘭縣","頭城鎮","121.880","24.910","47"
"39","369694","20220824072000","47","0","宜蘭縣","頭城鎮","121.895","24.940","47"
"22","369695","20220824072000","142","0","宜蘭縣","頭城鎮","121.900","24.940","11"
"528","373866","20220824072000","697","0","新北市","板橋區","121.435","24.985","528"
"2156","373867","20220824072000","3547","0","新北市","中和區","121.515","24.990","2180"
"34","373876","20220824072000","40","0","宜蘭縣","頭城鎮","121.850","24.895","58"
"221","373895","20220824072000","204","1","宜蘭縣","頭城鎮","121.890","24.940","185"
"65","373934","20220824072000","104","0","宜蘭縣","頭城鎮","121.900","24.945","67"
"19","373935","20220824072000","14","2","宜蘭縣","頭城鎮","121.900","24.950","21"
"26","373940","20220824072000","29","0","宜蘭縣","頭城鎮","121.915","24.950","21"
"139","373951","20220824072000","132","1","宜蘭縣","頭城鎮","121.920","24.960","131"
"118","373977","20220824072000","134","0","新北市","雙溪區","121.795","24.900","242"
"11","373986","20220824072000","19","0","宜蘭縣","頭城鎮","121.855","24.900","25"
"199","373991","20220824072000","223","0","宜蘭縣","頭城鎮","121.865","24.905","200"
"93","373993","20220824072000","57","3","宜蘭縣","頭城鎮","121.850","24.905","53"
"2460","374034","20220824072000","3068","0","新北市","中和區","121.525","24.990","2347"
"2910","374036","20220824072000","5519","0","新北市","土城區","121.465","24.985","2842"
"3186","374037","20220824072000","3423","0","新北市","土城區","121.470","24.990","3162"
"845","374042","20220824072000","928","0","新北市","土城區","121.470","24.975","882"
"945","374045","20220824072000","1918","0","新北市","新店區","121.545","24.980","1092"
"740","374046","20220824072000","856","0","新北市","中和區","121.480","24.965","760"
"23","374051","20220824072000","22","1","新北市","中和區","121.490","24.970","25"
"25","374054","20220824072000","21","1","新北市","中和區","121.495","24.975","21"
"422","374055","20220824072000","366","1","新北市","中和區","121.495","24.980","402"
"1273","374056","20220824072000","1694","0","新北市","中和區","121.505","24.985","1289"
"598","374067","20220824072000","534","1","新北市","三峽區","121.380","24.925","559"
"1747","374070","20220824072000","1772","0","新北市","三峽區","121.370","24.930","1748"
"386","374083","20220824072000","251","3","新北市","三峽區","121.405","24.905","393"
"50","374086","20220824072000","35","2","新北市","三峽區","121.380","24.910","52"
"19","374097","20220824072000","14","2","新北市","三峽區","121.350","24.895","16"
"58","374103","20220824072000","55","1","新北市","三峽區","121.350","24.900","50"
"151","374104","20220824072000","133","1","新北市","三峽區","121.355","24.900","159"
"98","374106","20220824072000","110","0","新北市","三峽區","121.365","24.900","83"
"315","374107","20220824072000","254","2","新北市","三峽區","121.360","24.905","326"
"71","374108","20220824072000","232","0","新北市","三峽區","121.365","24.905","93"
"717","374109","20220824072000","811","0","新北市","三峽區","121.365","24.910","723"
"208","374111","20220824072000","181","1","新北市","三峽區","121.365","24.920","210"
"45","374139","20220824072000","35","2","新北市","三峽區","121.465","24.915","43"
"65","374147","20220824072000","42","3","新北市","三峽區","121.455","24.920","71"
"20","374151","20220824072000","13","3","新北市","三峽區","121.475","24.920","18"
"146","374167","20220824072000","89","3","新北市","三峽區","121.445","24.925","118"
"168","374179","20220824072000","123","2","新北市","三峽區","121.455","24.930","183"
"44","374183","20220824072000","57","0","新北市","三峽區","121.445","24.935","41"
"2425","374196","20220824072000","2748","0","新北市","新店區","121.550","24.970","2362"
"471","374198","20220824072000","734","0","新北市","新店區","121.550","24.975","449"
"766","374199","20220824072000","861","0","新北市","土城區","121.455","24.990","794"
"1327","374200","20220824072000","921","2","新北市","土城區","121.440","24.980","1307"
"290","374201","20220824072000","415","0","新北市","土城區","121.445","24.980","276"
"3284","374203","20220824072000","3181","1","新北市","中和區","121.495","24.990","3245"
"2066","374204","20220824072000","2227","0","新北市","中和區","121.510","24.985","2110"
"4365","374205","20220824072000","5087","0","新北市","新店區","121.545","24.975","4703"
"1330","374206","20220824072000","1342","0","新北市","新店區","121.550","24.980","1266"
"1808","374207","20220824072000","2634","0","新北市","中和區","121.505","24.980","1886"
"39","374212","20220824072000","30","2","新北市","中和區","121.485","24.980","38"
"361","374215","20220824072000","361","1","新北市","中和區","121.485","24.990","396"
"107","374216","20220824072000","88","2","新北市","中和區","121.500","24.970","109"
"125","374217","20220824072000","132","0","新北市","中和區","121.500","24.975","136"
"686","374218","20220824072000","670","1","新北市","中和區","121.505","24.975","747"
"583","374219","20220824072000","555","1","新北市","新店區","121.510","24.975","564"
"120","374220","20220824072000","120","1","新北市","中和區","121.500","24.980","135"
"3768","374221","20220824072000","4239","0","新北市","樹林區","121.375","24.945","3759"
"1159","374222","20220824072000","961","2","新北市","三峽區","121.370","24.925","1132"
"974","374223","20220824072000","1590","0","新北市","三峽區","121.365","24.930","967"
"143","374240","20220824072000","101","2","新北市","三峽區","121.345","24.915","136"
"25","374252","20220824072000","163","0","新北市","三峽區","121.360","24.925","15"
"154","374255","20220824072000","112","2","新北市","三峽區","121.420","24.925","159"
"812","374266","20220824072000","517","3","新北市","中和區","121.500","24.985","800"
"244","374267","20220824072000","1647","0","新北市","中和區","121.500","24.990","248"
"5632","374268","20220824072000","5946","0","新北市","中和區","121.510","24.990","5642"
"2537","374272","20220824072000","2545","0","新北市","三峽區","121.370","24.935","2571"
"378","374277","20220824072000","369","1","新北市","三峽區","121.370","24.900","354"
"148","374283","20220824072000","190","0","新北市","三峽區","121.395","24.935","150"
"333","374286","20220824072000","317","1","新北市","三峽區","121.400","24.940","350"
"236","374288","20220824072000","229","1","新北市","三峽區","121.405","24.945","232"
"560","374295","20220824072000","389","2","新北市","三峽區","121.390","24.930","513"
"275","374297","20220824072000","365","0","新北市","三峽區","121.400","24.930","497"
"367","374300","20220824072000","249","2","新北市","三峽區","121.415","24.925","378"
"570","374302","20220824072000","446","2","新北市","三峽區","121.410","24.930","437"
"25","374321","20220824072000","17","2","新北市","三峽區","121.420","24.900","29"
"101","374335","20220824072000","61","3","新北市","三峽區","121.435","24.905","93"
"99","374343","20220824072000","86","1","新北市","三峽區","121.420","24.910","96"
"189","374363","20220824072000","96","3","新北市","三峽區","121.425","24.920","171"
"175","374371","20220824072000","140","2","新北市","三峽區","121.425","24.925","169"
"50","374390","20220824072000","239","0","新北市","三峽區","121.360","24.935","41"
"2609","374391","20220824072000","2605","1","新北市","三峽區","121.365","24.935","2593"
"885","374393","20220824072000","1046","0","新北市","三峽區","121.375","24.935","862"
"595","374394","20220824072000","450","2","新北市","三峽區","121.380","24.935","580"
"1680","374396","20220824072000","1444","1","新北市","三峽區","121.380","24.940","1706"
"16","374399","20220824072000","12","2","新北市","三峽區","121.395","24.945","14"
"1420","374402","20220824072000","1616","0","新北市","三峽區","121.370","24.940","1448"
"1195","374403","20220824072000","2228","0","新北市","三峽區","121.375","24.940","1270"
"318","374405","20220824072000","309","1","新北市","三峽區","121.370","24.945","319"
"624","374408","20220824072000","551","1","新北市","三峽區","121.365","24.925","619"
"34","374410","20220824072000","32","1","新北市","三峽區","121.370","24.920","45"
"704","374412","20220824072000","681","1","新北市","三峽區","121.375","24.925","659"
"17","374414","20220824072000","19","0","新北市","三峽區","121.340","24.900","27"
"463","374418","20220824072000","421","1","新北市","三峽區","121.355","24.910","489"
"1665","374420","20220824072000","1792","0","新北市","三峽區","121.375","24.930","1646"
"520","374421","20220824072000","587","0","新北市","三峽區","121.385","24.930","565"
"2387","374422","20220824072000","4037","0","新北市","中和區","121.505","24.990","2357"
"652","374423","20220824072000","2017","0","新北市","土城區","121.455","24.985","1138"
"1910","374424","20220824072000","1432","2","新北市","土城區","121.470","24.985","1918"
"195","374427","20220824072000","35","3","宜蘭縣","頭城鎮","121.870","24.910","186"
"19","374433","20220824072000","34","0","宜蘭縣","頭城鎮","121.880","24.920","28"
"33","374451","20220824072000","40","0","宜蘭縣","頭城鎮","121.885","24.935","36"
"2722","374458","20220824072000","3941","0","新北市","中和區","121.520","24.990","2745"
"3392","374459","20220824072000","3115","1","新北市","樹林區","121.415","24.980","3349"
"1279","374462","20220824072000","1303","0","新北市","樹林區","121.385","24.955","1278"
"11","374466","20220824072000","17","0","新北市","樹林區","121.380","24.970","20"
"98","374467","20220824072000","130","0","新北市","樹林區","121.385","24.970","86"
"54","374493","20220824072000","824","0","新北市","新店區","121.535","24.990","143"
"354","374494","20220824072000","225","3","新北市","新店區","121.530","24.955","364"
"159","374495","20220824072000","130","2","新北市","新店區","121.535","24.955","150"
"1322","374496","20220824072000","1086","2","新北市","新店區","121.535","24.960","1255"
"117","374498","20220824072000","374","0","新北市","新店區","121.520","24.970","118"
"1889","374500","20220824072000","2286","0","新北市","新店區","121.515","24.975","1868"
"1688","374512","20220824072000","2061","0","新北市","樹林區","121.420","24.990","1710"
"3832","374513","20220824072000","3352","1","新北市","中和區","121.510","24.980","3861"
"1421","374514","20220824072000","1355","1","新北市","土城區","121.460","24.975","1415"
"531","374515","20220824072000","619","0","新北市","新店區","121.520","24.980","545"
"1021","374516","20220824072000","1438","0","新北市","新店區","121.520","24.985","993"
"143","374517","20220824072000","125","1","桃園市","大溪區","121.310","24.895","142"
"30","374520","20220824072000","24","2","桃園市","大溪區","121.330","24.895","37"
"16","374524","20220824072000","25","0","桃園市","大溪區","121.320","24.905","16"
"24","374544","20220824072000","69","0","桃園市","大溪區","121.305","24.925","17"
"842","374548","20220824072000","597","2","桃園市","中壢區","121.240","24.940","891"
"119","374549","20220824072000","78","3","桃園市","中壢區","121.245","24.940","124"
"191","374550","20220824072000","189","1","桃園市","中壢區","121.235","24.945","211"
"785","374551","20220824072000","712","1","桃園市","中壢區","121.240","24.945","742"
"446","374552","20220824072000","578","0","桃園市","中壢區","121.240","24.980","352"
"686","374554","20220824072000","575","1","桃園市","中壢區","121.240","24.930","687"
"172","374555","20220824072000","344","0","桃園市","中壢區","121.245","24.930","173"
"780","374556","20220824072000","868","0","桃園市","中壢區","121.235","24.930","762"
"2212","374558","20220824072000","2135","1","桃園市","中壢區","121.250","24.930","2255"
"418","374560","20220824072000","422","0","桃園市","平鎮區","121.205","24.930","389"
"1245","374561","20220824072000","1224","1","桃園市","平鎮區","121.200","24.935","1255"
"77","374562","20220824072000","122","0","桃園市","平鎮區","121.205","24.935","84"
"871","374563","20220824072000","1253","0","桃園市","平鎮區","121.205","24.940","858"
"1816","374564","20220824072000","2257","0","桃園市","平鎮區","121.210","24.955","1797"
"1580","374565","20220824072000","1955","0","桃園市","平鎮區","121.205","24.955","1647"
"585","374566","20220824072000","652","0","桃園市","平鎮區","121.240","24.910","663"
"94","374575","20220824072000","84","1","桃園市","平鎮區","121.195","24.945","108"
"2058","374577","20220824072000","2965","0","桃園市","平鎮區","121.200","24.950","2085"
"1588","374578","20220824072000","1520","1","桃園市","平鎮區","121.200","24.955","1547"
"1229","374579","20220824072000","1419","0","桃園市","平鎮區","121.215","24.950","1182"
"272","374580","20220824072000","232","1","新北市","樹林區","121.365","24.950","260"
"590","374582","20220824072000","607","0","新北市","樹林區","121.375","24.950","528"
"660","374587","20220824072000","675","0","新竹縣","新豐鄉","120.980","24.910","640"
"52","374593","20220824072000","44","1","新竹縣","新豐鄉","120.985","24.915","52"
"523","374594","20220824072000","332","3","新竹縣","新豐鄉","120.970","24.920","513"
"1704","374598","20220824072000","1905","0","桃園市","中壢區","121.245","24.970","1738"
"1021","374599","20220824072000","982","1","桃園市","中壢區","121.240","24.975","1049"
"1664","374600","20220824072000","1032","3","桃園市","中壢區","121.250","24.980","1711"
"871","374601","20220824072000","971","0","桃園市","中壢區","121.250","24.975","840"
"1624","374602","20220824072000","1625","0","桃園市","中壢區","121.260","24.975","1650"
"453","374603","20220824072000","720","0","桃園市","中壢區","121.210","24.960","465"
"1053","374604","20220824072000","1074","0","新北市","中和區","121.490","24.990","1049"
"267","374605","20220824072000","263","1","新北市","土城區","121.445","24.990","251"
"394","374606","20220824072000","368","1","新北市","新店區","121.545","24.960","406"
"1802","374607","20220824072000","2236","0","新北市","新店區","121.535","24.965","1905"
"3031","374608","20220824072000","2672","1","新北市","新店區","121.535","24.970","3041"
"1839","374609","20220824072000","1439","2","新北市","鶯歌區","121.350","24.955","1802"
"1675","374610","20220824072000","1728","0","新北市","鶯歌區","121.345","24.950","1686"
"319","374612","20220824072000","221","2","桃園市","龜山區","121.335","24.980","328"
"2336","374613","20220824072000","2133","1","新北市","鶯歌區","121.335","24.975","2358"
"1280","374614","20220824072000","1458","0","新北市","鶯歌區","121.340","24.940","1276"
"33","374617","20220824072000","151","0","新北市","鶯歌區","121.335","24.945","29"
"570","374618","20220824072000","585","0","新北市","鶯歌區","121.340","24.945","578"
"142","374620","20220824072000","183","0","新北市","鶯歌區","121.330","24.950","169"
"2906","374622","20220824072000","2508","1","新北市","鶯歌區","121.345","24.955","2881"
"139","374623","20220824072000","149","0","新北市","鶯歌區","121.365","24.955","111"
"335","374626","20220824072000","286","1","新北市","鶯歌區","121.370","24.960","327"
"278","374630","20220824072000","304","0","新北市","鶯歌區","121.375","24.965","250"
"420","374631","20220824072000","374","1","新北市","樹林區","121.380","24.965","434"
"79","374641","20220824072000","76","1","新北市","鶯歌區","121.355","24.975","88"
"2266","374648","20220824072000","1929","1","桃園市","中壢區","121.250","24.935","2265"
"65","374649","20220824072000","55","1","新竹縣","新豐鄉","120.980","24.895","56"
"1692","374654","20220824072000","1872","0","桃園市","中壢區","121.225","24.965","1647"
"172","374656","20220824072000","179","0","桃園市","大溪區","121.250","24.895","204"
"477","374659","20220824072000","526","0","桃園市","大溪區","121.265","24.895","450"
"266","374662","20220824072000","504","0","桃園市","大溪區","121.265","24.900","253"
"964","374664","20220824072000","1084","0","桃園市","大溪區","121.260","24.905","944"
"4059","374674","20220824072000","4557","0","新北市","新店區","121.535","24.985","3992"
"95","374675","20220824072000","145","0","新北市","新店區","121.540","24.985","91"
"56","374676","20220824072000","1238","0","新北市","新店區","121.505","24.945","51"
"807","374679","20220824072000","819","0","新北市","新店區","121.500","24.955","766"
"508","374680","20220824072000","496","1","新北市","新店區","121.505","24.955","554"
"50","374683","20220824072000","41","2","新北市","新店區","121.500","24.960","53"
"2994","374685","20220824072000","3598","0","新北市","新店區","121.510","24.960","3015"
"366","374692","20220824072000","559","0","新北市","中和區","121.490","24.980","363"
"1175","374694","20220824072000","1142","1","新北市","中和區","121.490","24.985","1173"
"380","374695","20220824072000","330","1","新北市","中和區","121.495","24.985","371"
"20","374714","20220824072000","23","0","新北市","坪林區","121.735","24.950","27"
"146","374733","20220824072000","131","1","新北市","坪林區","121.700","24.960","140"
"129","374748","20220824072000","105","2","新北市","坪林區","121.725","24.960","121"
"29","374749","20220824072000","26","1","新北市","坪林區","121.705","24.965","30"
"162","374755","20220824072000","148","1","新北市","坪林區","121.705","24.935","171"
"69","374759","20220824072000","222","0","新北市","坪林區","121.710","24.940","63"
"423","374760","20220824072000","275","3","新北市","坪林區","121.720","24.940","355"
"131","374766","20220824072000","161","0","新北市","坪林區","121.700","24.950","165"
"11","374772","20220824072000","18","0","新北市","坪林區","121.710","24.890","11"
"37","374784","20220824072000","32","1","新北市","坪林區","121.700","24.905","46"
"27","374792","20220824072000","27","1","新北市","坪林區","121.700","24.915","24"
"31","374801","20220824072000","29","1","新北市","坪林區","121.700","24.920","29"
"163","374804","20220824072000","142","1","新北市","坪林區","121.695","24.925","169"
"186","374823","20220824072000","198","0","新北市","坪林區","121.715","24.925","199"
"23","374907","20220824072000","21","1","新北市","坪林區","121.785","24.955","36"
"32","374921","20220824072000","38","0","新北市","坪林區","121.730","24.965","24"
"12","374929","20220824072000","15","0","新北市","坪林區","121.770","24.965","18"
"20","374980","20220824072000","12","3","新北市","坪林區","121.730","24.895","23"
"81","375126","20220824072000","73","1","新北市","坪林區","121.680","24.930","78"
"60","375135","20220824072000","55","1","新北市","石碇區","121.665","24.940","63"
"1100","375152","20220824072000","1253","0","新北市","新店區","121.535","24.980","1088"
"488","375153","20220824072000","525","0","新北市","新店區","121.495","24.945","477"
"798","375154","20220824072000","543","2","新北市","新店區","121.495","24.950","792"
"2038","375155","20220824072000","4196","0","新北市","新店區","121.545","24.970","2040"
"431","375159","20220824072000","351","2","新北市","新店區","121.535","24.940","440"
"479","375160","20220824072000","244","3","新北市","新店區","121.540","24.940","477"
"2521","375167","20220824072000","2074","2","桃園市","八德區","121.295","24.960","2425"
"507","375168","20220824072000","546","0","桃園市","中壢區","121.205","24.965","502"
"20","375176","20220824072000","49","0","桃園市","中壢區","121.210","24.975","26"
"2351","375180","20220824072000","3062","0","桃園市","中壢區","121.255","24.975","2294"
"1206","375181","20220824072000","1300","0","桃園市","平鎮區","121.220","24.950","1271"
"1440","375182","20220824072000","1212","1","桃園市","中壢區","121.225","24.945","1487"
"3459","375183","20220824072000","2884","1","桃園市","中壢區","121.230","24.955","3409"
"417","375185","20220824072000","437","0","桃園市","中壢區","121.220","24.985","424"
"2579","375190","20220824072000","2285","1","桃園市","八德區","121.300","24.960","2345"
"1666","375191","20220824072000","1562","1","新竹縣","湖口鄉","121.050","24.905","1677"
"667","375194","20220824072000","645","1","新竹縣","湖口鄉","121.055","24.910","647"
"435","375195","20220824072000","411","1","新竹縣","湖口鄉","121.050","24.915","424"
"1340","375199","20220824072000","1234","1","桃園市","楊梅區","121.060","24.920","1349"
"262","375200","20220824072000","284","0","新竹縣","湖口鄉","121.055","24.925","244"
"1561","375202","20220824072000","1809","0","桃園市","八德區","121.295","24.965","1607"
"1888","375203","20220824072000","1845","1","桃園市","中壢區","121.225","24.955","1888"
"1627","375204","20220824072000","1632","0","桃園市","中壢區","121.225","24.960","1572"
"1366","375206","20220824072000","1915","0","桃園市","中壢區","121.260","24.965","1309"
"1285","375207","20220824072000","975","2","桃園市","八德區","121.300","24.970","1237"
"3026","375208","20220824072000","2696","1","桃園市","桃園區","121.305","24.975","3062"
"1139","375209","20220824072000","1086","1","桃園市","八德區","121.300","24.975","1123"
"13","375211","20220824072000","21","0","桃園市","八德區","121.315","24.940","17"
"492","375215","20220824072000","394","2","桃園市","八德區","121.300","24.925","470"
"1424","375216","20220824072000","1097","2","新北市","土城區","121.450","24.990","1440"
"1396","375217","20220824072000","1814","0","新北市","土城區","121.440","24.975","1407"
"2048","375218","20220824072000","1854","1","新北市","土城區","121.465","24.975","1992"
"1498","375220","20220824072000","1585","0","新北市","新店區","121.540","24.970","1425"
"211","375229","20220824072000","251","0","新北市","新店區","121.475","24.940","244"
"39","375230","20220824072000","565","0","新北市","新店區","121.480","24.940","36"
"249","375239","20220824072000","298","0","新北市","新店區","121.485","24.950","233"
"986","375244","20220824072000","1380","0","新北市","新店區","121.510","24.970","998"
"1187","375246","20220824072000","1441","0","新北市","新店區","121.515","24.970","1153"
"1319","375247","20220824072000","1977","0","桃園市","中壢區","121.210","24.965","1323"
"1551","375250","20220824072000","1298","1","桃園市","中壢區","121.235","24.970","1498"
"561","375252","20220824072000","567","0","桃園市","中壢區","121.235","24.975","537"
"357","375253","20220824072000","903","0","桃園市","中壢區","121.235","24.980","343"
"69","375255","20220824072000","267","0","桃園市","中壢區","121.235","24.985","71"
"1107","375256","20220824072000","1317","0","桃園市","中壢區","121.230","24.990","1047"
"2035","375258","20220824072000","1678","2","桃園市","八德區","121.295","24.945","2039"
"418","375259","20220824072000","409","1","桃園市","八德區","121.295","24.950","422"
"1024","375260","20220824072000","750","2","桃園市","八德區","121.275","24.965","1016"
"492","375261","20220824072000","507","0","桃園市","八德區","121.280","24.970","468"
"1358","375264","20220824072000","1550","0","桃園市","中壢區","121.195","24.960","1293"
"58","375265","20220824072000","208","0","桃園市","中壢區","121.200","24.960","56"
"2188","375266","20220824072000","3246","0","桃園市","平鎮區","121.190","24.965","2199"
"572","375269","20220824072000","1013","0","桃園市","平鎮區","121.190","24.970","560"
"3239","375271","20220824072000","2447","2","桃園市","中壢區","121.205","24.960","3131"
"2312","375272","20220824072000","1998","1","桃園市","中壢區","121.260","24.950","2257"
"2354","375273","20220824072000","1723","2","桃園市","中壢區","121.260","24.955","2322"
"600","375274","20220824072000","621","0","桃園市","八德區","121.290","24.960","634"
"740","375275","20220824072000","931","0","桃園市","八德區","121.265","24.970","754"
"227","375276","20220824072000","440","0","桃園市","八德區","121.275","24.970","217"
"694","375278","20220824072000","1008","0","桃園市","八德區","121.270","24.970","455"
"1232","375279","20220824072000","1122","1","桃園市","八德區","121.275","24.975","1165"
"1442","375281","20220824072000","1331","1","桃園市","八德區","121.295","24.925","1407"
"344","375296","20220824072000","283","2","新竹縣","新豐鄉","121.005","24.925","338"
"256","375299","20220824072000","321","0","新竹縣","新豐鄉","121.020","24.925","242"
"219","375303","20220824072000","201","1","新竹縣","新豐鄉","120.965","24.895","204"
"232","375308","20220824072000","162","2","新竹縣","新豐鄉","120.970","24.900","252"
"1427","375316","20220824072000","1574","0","新北市","土城區","121.420","24.960","1423"
"576","375317","20220824072000","668","0","新北市","土城區","121.410","24.955","593"
"1341","375318","20220824072000","1171","1","新北市","土城區","121.415","24.955","1311"
"231","375319","20220824072000","200","1","新北市","新店區","121.515","24.980","235"
"168","375320","20220824072000","82","3","新北市","新店區","121.515","24.945","168"
"399","375321","20220824072000","390","1","新北市","新店區","121.520","24.945","386"
"42","375323","20220824072000","86","0","新北市","新店區","121.520","24.950","50"
"60","375324","20220824072000","22","3","新北市","新店區","121.525","24.950","61"
"367","375325","20220824072000","505","0","新北市","新店區","121.515","24.955","341"
"1501","375326","20220824072000","654","3","新北市","新店區","121.520","24.955","1512"
"227","375330","20220824072000","184","2","新北市","新店區","121.530","24.960","266"
"677","375332","20220824072000","844","0","新北市","新店區","121.525","24.965","661"
"2242","375335","20220824072000","2745","0","新北市","新店區","121.540","24.975","2143"
"699","375346","20220824072000","788","0","新北市","新店區","121.505","24.920","730"
"612","375357","20220824072000","557","1","新北市","新店區","121.510","24.925","615"
"40","375361","20220824072000","15","3","新北市","新店區","121.530","24.925","35"
"3780","375369","20220824072000","4858","0","新北市","新店區","121.540","24.980","3992"
"1017","375370","20220824072000","1209","0","新北市","新店區","121.530","24.950","1012"
"1569","375371","20220824072000","1283","2","新北市","新店區","121.550","24.955","1525"
"119","375372","20220824072000","349","0","新北市","新店區","121.555","24.955","127"
"619","375374","20220824072000","505","2","新北市","新店區","121.555","24.965","616"
"81","375384","20220824072000","71","1","新北市","新店區","121.500","24.920","68"
"171","375390","20220824072000","76","3","新北市","新店區","121.505","24.930","162"
"28","375394","20220824072000","35","0","新北市","新店區","121.510","24.935","31"
"596","375399","20220824072000","503","1","新北市","新店區","121.505","24.940","582"
"1444","375400","20220824072000","1165","2","桃園市","八德區","121.320","24.960","1360"
"1617","375401","20220824072000","1340","2","桃園市","八德區","121.325","24.970","1618"
"808","375402","20220824072000","649","2","桃園市","八德區","121.300","24.930","819"
"328","375403","20220824072000","745","0","桃園市","八德區","121.305","24.930","707"
"151","375404","20220824072000","139","1","桃園市","八德區","121.300","24.935","146"
"459","375405","20220824072000","541","0","桃園市","八德區","121.305","24.935","460"
"163","375407","20220824072000","227","0","桃園市","八德區","121.300","24.940","153"
"603","375408","20220824072000","520","1","桃園市","八德區","121.305","24.940","609"
"715","375410","20220824072000","785","0","桃園市","八德區","121.255","24.920","687"
"11","375411","20220824072000","72","0","桃園市","八德區","121.260","24.920","10"
"394","375417","20220824072000","355","1","桃園市","八德區","121.260","24.925","383"
"1238","375419","20220824072000","952","2","桃園市","八德區","121.270","24.975","1223"
"2285","375420","20220824072000","3882","0","桃園市","中壢區","121.240","24.955","2257"
"882","375421","20220824072000","2042","0","桃園市","中壢區","121.240","24.960","864"
"818","375422","20220824072000","1136","0","桃園市","中壢區","121.245","24.960","797"
"13","375423","20220824072000","12","1","桃園市","中壢區","121.245","24.965","17"
"2086","375427","20220824072000","1353","3","桃園市","中壢區","121.255","24.960","2092"
"131","375435","20220824072000","169","0","新竹縣","新豐鄉","121.005","24.930","128"
"207","375452","20220824072000","203","1","新竹縣","新豐鄉","121.000","24.905","229"
"415","375460","20220824072000","458","0","新竹縣","新豐鄉","121.010","24.910","388"
"499","375465","20220824072000","360","2","新竹縣","新豐鄉","121.025","24.915","467"
"379","375468","20220824072000","293","2","新竹縣","新豐鄉","121.035","24.930","425"
"1396","375480","20220824072000","1421","0","新竹縣","新豐鄉","120.985","24.900","1429"
"875","375481","20220824072000","639","2","新竹縣","新豐鄉","120.990","24.900","839"
"322","375484","20220824072000","1432","0","桃園市","中壢區","121.235","24.950","323"
"2689","375485","20220824072000","2307","1","新北市","土城區","121.445","24.970","2733"
"1219","375486","20220824072000","1101","1","新北市","土城區","121.445","24.975","1179"
"2895","375487","20220824072000","2976","0","新北市","新店區","121.530","24.970","2880"
"1825","375488","20220824072000","1661","1","新北市","新店區","121.525","24.975","1941"
"1131","375489","20220824072000","1061","1","新北市","新店區","121.530","24.975","1105"
"164","375490","20220824072000","131","2","新北市","新店區","121.525","24.980","191"
"2107","375492","20220824072000","1688","2","新北市","土城區","121.435","24.970","2059"
"2501","375493","20220824072000","3329","0","新北市","新店區","121.545","24.965","2568"
"3362","375495","20220824072000","5343","0","新北市","新店區","121.535","24.975","3378"
"489","375515","20220824072000","383","2","新北市","新店區","121.555","24.930","440"
"57","375517","20220824072000","44","2","新北市","新店區","121.565","24.930","37"
"525","375521","20220824072000","544","0","新北市","新店區","121.550","24.935","522"
"914","375529","20220824072000","975","0","新北市","新店區","121.530","24.965","941"
"792","375530","20220824072000","1808","0","新北市","新店區","121.475","24.955","737"
"952","375534","20220824072000","1038","0","新北市","中和區","121.485","24.965","960"
"1478","375536","20220824072000","1406","1","桃園市","中壢區","121.245","24.935","1456"
"1299","375537","20220824072000","1442","0","桃園市","中壢區","121.260","24.970","1312"
"510","375539","20220824072000","701","0","桃園市","中壢區","121.255","24.935","433"
"590","375540","20220824072000","723","0","桃園市","中壢區","121.260","24.935","598"
"990","375541","20220824072000","1428","0","桃園市","中壢區","121.250","24.940","967"
"543","375542","20220824072000","618","0","桃園市","中壢區","121.260","24.940","550"
"1735","375543","20220824072000","2010","0","桃園市","中壢區","121.240","24.950","1722"
"452","375544","20220824072000","479","0","桃園市","中壢區","121.245","24.950","450"
"1014","375548","20220824072000","765","2","桃園市","觀音區","121.150","24.965","1007"
"347","375551","20220824072000","304","1","桃園市","觀音區","121.140","24.975","324"
"173","375559","20220824072000","169","1","桃園市","觀音區","121.135","24.985","170"
"978","375569","20220824072000","946","1","桃園市","觀音區","121.165","24.990","1011"
"569","375572","20220824072000","643","0","桃園市","八德區","121.320","24.945","530"
"179","375574","20220824072000","352","0","桃園市","八德區","121.315","24.950","193"
"763","375577","20220824072000","1033","0","桃園市","八德區","121.315","24.955","762"
"1144","375578","20220824072000","1056","1","桃園市","八德區","121.295","24.970","1116"
"387","375581","20220824072000","252","3","桃園市","蘆竹區","121.270","24.990","379"
"259","375593","20220824072000","169","3","新北市","石碇區","121.675","24.970","228"
"24","375644","20220824072000","24","1","新北市","石碇區","121.635","24.950","35"
"41","375652","20220824072000","40","1","新北市","石碇區","121.635","24.955","43"
"45","375653","20220824072000","33","2","新北市","石碇區","121.640","24.955","41"
"111","375655","20220824072000","98","1","新北市","石碇區","121.650","24.955","115"
"112","375667","20220824072000","102","1","新北市","石碇區","121.630","24.965","97"
"13","375811","20220824072000","13","1","新北市","石碇區","121.645","24.930","10"
"15","375836","20220824072000","15","1","新北市","石碇區","121.660","24.950","18"
"51","375839","20220824072000","48","1","新北市","石碇區","121.670","24.980","58"
"44","375840","20220824072000","19","3","新北市","石碇區","121.675","24.980","39"
"67","375891","20220824072000","49","2","新北市","石碇區","121.660","24.975","63"
"81","375897","20220824072000","68","1","新北市","石碇區","121.665","24.980","80"
"30","375941","20220824072000","33","0","新北市","貢寮區","121.885","24.985","42"
"877","375963","20220824072000","872","1","新北市","土城區","121.435","24.975","822"
"1474","375967","20220824072000","1394","1","新北市","土城區","121.440","24.970","1448"
"441","375969","20220824072000","475","0","新北市","土城區","121.455","24.970","428"
"319","375970","20220824072000","240","2","新北市","新店區","121.550","24.960","321"
"623","375971","20220824072000","599","1","新北市","新店區","121.550","24.965","636"
"58","375972","20220824072000","35","3","新北市","新店區","121.580","24.910","56"
"166","375990","20220824072000","204","0","新北市","新店區","121.570","24.930","173"
"74","375994","20220824072000","53","2","新北市","新店區","121.590","24.930","69"
"87","376023","20220824072000","90","0","新北市","新店區","121.580","24.950","88"
"48","376024","20220824072000","37","2","新北市","新店區","121.585","24.950","50"
"23","376031","20220824072000","11","3","新北市","新店區","121.595","24.955","22"
"21","376033","20220824072000","21","1","新北市","新店區","121.605","24.955","21"
"246","376045","20220824072000","267","0","新北市","新店區","121.500","24.935","220"
"37","376049","20220824072000","60","0","新北市","新店區","121.500","24.940","50"
"1959","376051","20220824072000","2019","0","新北市","新店區","121.490","24.945","2079"
"338","376052","20220824072000","402","0","新北市","新店區","121.490","24.950","348"
"726","376060","20220824072000","607","1","新北市","新店區","121.545","24.955","719"
"1086","376063","20220824072000","1019","1","新北市","新店區","121.560","24.955","1069"
"1225","376064","20220824072000","1054","1","新北市","新店區","121.565","24.955","1235"
"57","376065","20220824072000","48","1","新北市","新店區","121.570","24.955","59"
"16","376099","20220824072000","256","0","新北市","新店區","121.555","24.905","22"
"455","376101","20220824072000","442","1","新北市","新店區","121.545","24.910","447"
"759","376106","20220824072000","642","1","桃園市","觀音區","121.155","24.975","768"
"378","376109","20220824072000","346","1","桃園市","觀音區","121.150","24.980","380"
"257","376115","20220824072000","275","0","桃園市","觀音區","121.135","24.990","269"
"2671","376118","20220824072000","3852","0","新北市","新店區","121.515","24.985","2628"
"521","376123","20220824072000","591","0","新北市","土城區","121.445","24.950","544"
"323","376130","20220824072000","261","2","新北市","土城區","121.440","24.965","334"
"360","376131","20220824072000","436","0","新北市","土城區","121.430","24.970","335"
"1047","376132","20220824072000","1134","0","新北市","土城區","121.435","24.965","1089"
"337","376133","20220824072000","421","0","新北市","板橋區","121.430","24.975","334"
"1588","376134","20220824072000","2536","0","臺北市","文山區","121.545","24.985","1581"
"275","376135","20220824072000","541","0","新北市","新店區","121.510","24.950","263"
"1203","376136","20220824072000","1285","0","新北市","新店區","121.515","24.960","1238"
"82","376137","20220824072000","1798","0","新北市","新店區","121.515","24.965","85"
"1882","376141","20220824072000","2021","0","桃園市","八德區","121.320","24.965","1871"
"578","376145","20220824072000","542","1","新竹縣","湖口鄉","121.060","24.895","565"
"113","376148","20220824072000","1169","0","新北市","土城區","121.455","24.980","134"
"331","376149","20220824072000","1064","0","新北市","土城區","121.450","24.980","362"
"167","376150","20220824072000","866","0","新北市","新店區","121.540","24.955","175"
"231","376151","20220824072000","585","0","桃園市","中壢區","121.255","24.940","216"
"1150","376153","20220824072000","1262","0","桃園市","中壢區","121.250","24.965","1156"
"2052","376154","20220824072000","2118","0","桃園市","中壢區","121.255","24.965","2032"
"2218","376155","20220824072000","4291","0","桃園市","中壢區","121.250","24.970","2262"
"59","376156","20220824072000","81","0","桃園市","八德區","121.320","24.955","53"
"142","376157","20220824072000","362","0","桃園市","八德區","121.325","24.955","135"
"913","376160","20220824072000","801","1","桃園市","八德區","121.325","24.965","922"
"3824","376161","20220824072000","3289","1","桃園市","桃園區","121.280","24.990","3543"
"134","376176","20220824072000","156","0","新北市","樹林區","121.405","24.990","138"
"1011","376178","20220824072000","625","3","桃園市","平鎮區","121.205","24.895","1050"
"215","376179","20220824072000","327","0","桃園市","平鎮區","121.195","24.895","239"
"1056","376180","20220824072000","1176","0","桃園市","平鎮區","121.200","24.895","995"
"857","376181","20220824072000","635","2","桃園市","平鎮區","121.195","24.900","872"
"497","376183","20220824072000","227","3","桃園市","平鎮區","121.205","24.900","449"
"318","376184","20220824072000","279","1","桃園市","平鎮區","121.195","24.905","297"
"397","376185","20220824072000","402","0","桃園市","平鎮區","121.200","24.905","404"
"197","376189","20220824072000","139","2","桃園市","平鎮區","121.215","24.900","163"
"530","376192","20220824072000","479","1","桃園市","平鎮區","121.215","24.905","577"
"2112","376194","20220824072000","1849","1","桃園市","桃園區","121.315","24.985","2063"
"1160","376195","20220824072000","1093","1","桃園市","中壢區","121.245","24.945","1124"
"765","376196","20220824072000","695","1","桃園市","中壢區","121.250","24.945","784"
"270","376199","20220824072000","190","2","新北市","石碇區","121.660","24.990","266"
"68","376200","20220824072000","37","3","新北市","石碇區","121.685","24.960","68"
"49","376205","20220824072000","50","0","新北市","石碇區","121.680","24.970","53"
"143","376222","20220824072000","248","0","新北市","石碇區","121.690","24.980","151"
"220","376245","20220824072000","491","0","新北市","鶯歌區","121.340","24.960","207"
"209","376246","20220824072000","200","1","新北市","鶯歌區","121.340","24.965","211"
"186","376248","20220824072000","280","0","新北市","鶯歌區","121.340","24.970","205"
"458","376251","20220824072000","439","1","新北市","鶯歌區","121.345","24.975","450"
"323","376258","20220824072000","304","1","新北市","鶯歌區","121.320","24.935","302"
"738","376259","20220824072000","791","0","新北市","鶯歌區","121.325","24.935","723"
"394","376260","20220824072000","598","0","新北市","鶯歌區","121.330","24.935","391"
"305","376263","20220824072000","377","0","新北市","鶯歌區","121.330","24.940","325"
"278","376265","20220824072000","268","1","新北市","鶯歌區","121.335","24.930","271"
"694","376268","20220824072000","765","0","新北市","鶯歌區","121.345","24.935","702"
"2654","376269","20220824072000","2567","1","新北市","鶯歌區","121.355","24.955","2827"
"857","376270","20220824072000","691","2","新北市","鶯歌區","121.360","24.955","856"
"831","376273","20220824072000","726","1","新北市","鶯歌區","121.355","24.940","804"
"332","376274","20220824072000","330","1","新北市","鶯歌區","121.350","24.945","351"
"436","376277","20220824072000","473","0","新北市","鶯歌區","121.350","24.950","443"
"1564","376280","20220824072000","1683","0","新北市","樹林區","121.395","24.970","1540"
"763","376281","20220824072000","1104","0","桃園市","楊梅區","121.185","24.915","677"
"797","376282","20220824072000","1027","0","桃園市","楊梅區","121.180","24.920","760"
"561","376283","20220824072000","376","2","桃園市","楊梅區","121.185","24.920","521"
"444","376284","20220824072000","495","0","桃園市","中壢區","121.215","24.960","480"
"1212","376285","20220824072000","1724","0","桃園市","中壢區","121.215","24.965","1198"
"57","376287","20220824072000","49","1","桃園市","中壢區","121.175","24.975","52"
"125","376293","20220824072000","197","0","桃園市","中壢區","121.190","24.980","124"
"37","376295","20220824072000","42","0","桃園市","中壢區","121.175","24.980","39"
"1365","376297","20220824072000","1310","1","桃園市","中壢區","121.185","24.980","1362"
"299","376300","20220824072000","232","2","桃園市","中壢區","121.175","24.985","285"
"204","376301","20220824072000","194","1","桃園市","中壢區","121.180","24.985","191"
"1435","376307","20220824072000","1114","2","桃園市","八德區","121.260","24.930","1394"
"1410","376308","20220824072000","1430","0","桃園市","平鎮區","121.220","24.945","1376"
"1486","376309","20220824072000","1321","1","桃園市","楊梅區","121.150","24.905","1439"
"470","376311","20220824072000","394","1","桃園市","平鎮區","121.220","24.920","454"
"550","376312","20220824072000","583","0","桃園市","平鎮區","121.220","24.925","532"
"1128","376313","20220824072000","718","3","桃園市","平鎮區","121.205","24.915","1091"
"889","376315","20220824072000","822","1","新北市","樹林區","121.390","24.960","874"
"27","376320","20220824072000","46","0","新北市","樹林區","121.395","24.965","30"
"201","376325","20220824072000","174","1","新北市","樹林區","121.405","24.970","166"
"4085","376326","20220824072000","4423","0","新北市","樹林區","121.380","24.945","3965"
"657","376327","20220824072000","550","1","新北市","樹林區","121.385","24.945","624"
"2193","376330","20220824072000","2020","1","新北市","樹林區","121.380","24.950","2122"
"607","376331","20220824072000","703","0","新北市","樹林區","121.385","24.950","585"
"2139","376333","20220824072000","1919","1","新北市","樹林區","121.395","24.950","2142"
"513","376335","20220824072000","531","0","新北市","板橋區","121.435","24.990","501"
"5091","376337","20220824072000","4790","1","新北市","土城區","121.450","24.985","5080"
"655","376338","20220824072000","581","1","桃園市","中壢區","121.245","24.985","668"
"1529","376341","20220824072000","1620","0","桃園市","中壢區","121.240","24.990","1228"
"463","376344","20220824072000","470","0","桃園市","中壢區","121.255","24.990","462"
"1485","376345","20220824072000","1480","1","桃園市","中壢區","121.255","24.980","1486"
"537","376347","20220824072000","605","0","桃園市","中壢區","121.260","24.945","522"
"376","376348","20220824072000","336","1","桃園市","中壢區","121.255","24.950","418"
"1290","376349","20220824072000","872","2","桃園市","中壢區","121.165","24.960","1440"
"485","376350","20220824072000","336","2","桃園市","中壢區","121.170","24.960","508"
"818","376351","20220824072000","599","2","桃園市","新屋區","121.155","24.960","832"
"17","376352","20220824072000","22","0","桃園市","中壢區","121.155","24.965","22"
"32","376353","20220824072000","467","0","桃園市","中壢區","121.160","24.965","49"
"238","376358","20220824072000","213","1","桃園市","中壢區","121.160","24.970","233"
"1869","376361","20220824072000","1729","1","桃園市","中壢區","121.175","24.970","1809"
"1290","376370","20220824072000","1420","0","新北市","樹林區","121.420","24.980","1342"
"1342","376373","20220824072000","1082","2","新北市","樹林區","121.420","24.975","1239"
"2832","376375","20220824072000","2281","2","新北市","板橋區","121.425","24.985","2856"
"2626","376380","20220824072000","2640","0","新北市","板橋區","121.430","24.985","2673"
"1033","376381","20220824072000","972","1","桃園市","平鎮區","121.250","24.925","1017"
"10","376385","20220824072000","42","0","桃園市","龜山區","121.350","24.985","12"
"434","376391","20220824072000","571","0","桃園市","龜山區","121.360","24.990","474"
"33","376392","20220824072000","19","3","桃園市","龜山區","121.365","24.990","35"
"85","376393","20220824072000","70","2","桃園市","龜山區","121.370","24.990","91"
"116","376400","20220824072000","233","0","桃園市","楊梅區","121.105","24.910","109"
"241","376403","20220824072000","223","1","桃園市","楊梅區","121.120","24.910","248"
"252","376407","20220824072000","197","2","桃園市","楊梅區","121.100","24.915","248"
"1195","376412","20220824072000","848","2","桃園市","楊梅區","121.125","24.915","1195"
"34","376419","20220824072000","151","0","新竹縣","湖口鄉","121.105","24.895","34"
"891","376427","20220824072000","683","2","桃園市","楊梅區","121.060","24.905","892"
"403","376431","20220824072000","391","1","桃園市","楊梅區","121.080","24.905","382"
"575","376438","20220824072000","470","2","桃園市","楊梅區","121.070","24.910","585"
"299","376440","20220824072000","225","2","桃園市","楊梅區","121.080","24.910","310"
"417","376443","20220824072000","447","0","桃園市","楊梅區","121.095","24.910","421"
"497","376447","20220824072000","439","1","桃園市","楊梅區","121.075","24.915","511"
"532","376456","20220824072000","539","0","桃園市","楊梅區","121.125","24.940","538"
"483","376457","20220824072000","245","3","桃園市","楊梅區","121.130","24.940","479"
"139","376471","20220824072000","232","0","新北市","深坑區","121.620","24.980","175"
"560","376485","20220824072000","693","0","新北市","樹林區","121.415","24.985","554"
"1943","376486","20220824072000","1539","2","新北市","樹林區","121.425","24.990","2088"
"855","376487","20220824072000","989","0","桃園市","平鎮區","121.200","24.945","869"
"3776","376488","20220824072000","3379","1","桃園市","平鎮區","121.205","24.945","3724"
"1327","376490","20220824072000","1686","0","桃園市","平鎮區","121.210","24.950","1353"
"1191","376491","20220824072000","1283","0","桃園市","平鎮區","121.210","24.900","1243"
"1897","376492","20220824072000","1652","1","桃園市","平鎮區","121.210","24.905","1914"
"30","376500","20220824072000","24","2","新北市","土城區","121.445","24.940","31"
"82","376508","20220824072000","246","0","新北市","土城區","121.410","24.950","65"
"310","376509","20220824072000","356","0","新北市","土城區","121.415","24.950","342"
"2593","376510","20220824072000","2726","0","桃園市","中壢區","121.230","24.945","2547"
"1953","376511","20220824072000","2470","0","桃園市","中壢區","121.235","24.955","1972"
"22","376512","20220824072000","20","1","桃園市","中壢區","121.220","24.970","23"
"544","376514","20220824072000","689","0","桃園市","中壢區","121.220","24.975","497"
"980","376517","20220824072000","664","2","桃園市","中壢區","121.215","24.980","917"
"19","376518","20220824072000","118","0","桃園市","中壢區","121.220","24.980","19"
"2586","376521","20220824072000","2792","0","桃園市","中壢區","121.220","24.960","2623"
"360","376522","20220824072000","322","1","新竹縣","新豐鄉","121.000","24.895","363"
"98","376524","20220824072000","97","1","新竹縣","新豐鄉","121.010","24.895","103"
"921","376531","20220824072000","736","2","桃園市","平鎮區","121.255","24.925","924"
"747","376532","20220824072000","739","1","新北市","樹林區","121.415","24.975","715"
"277","376533","20220824072000","427","0","新北市","樹林區","121.400","24.970","306"
"2516","376539","20220824072000","1914","2","新北市","樹林區","121.420","24.985","2570"
"3281","376540","20220824072000","2780","1","新北市","土城區","121.460","24.980","3484"
"1434","376541","20220824072000","1968","0","新北市","土城區","121.460","24.985","1489"
"2514","376542","20220824072000","2932","0","新北市","板橋區","121.430","24.990","2452"
"18","376544","20220824072000","22","0","新北市","平溪區","121.725","24.975","23"
"4997","376577","20220824072000","4125","2","新北市","板橋區","121.460","24.990","4748"
"491","376578","20220824072000","980","0","新北市","土城區","121.465","24.980","482"
"519","376584","20220824072000","729","0","新北市","土城區","121.425","24.960","514"
"549","376586","20220824072000","452","2","新北市","土城區","121.435","24.960","589"
"935","376587","20220824072000","1240","0","新北市","土城區","121.430","24.965","944"
"3000","376588","20220824072000","2191","2","桃園市","八德區","121.305","24.965","2917"
"1085","376589","20220824072000","568","3","桃園市","桃園區","121.295","24.975","1064"
"989","376592","20220824072000","996","0","桃園市","中壢區","121.230","24.940","984"
"1618","376594","20220824072000","1148","2","桃園市","平鎮區","121.245","24.915","1613"
"2046","376595","20220824072000","1545","2","桃園市","八德區","121.295","24.955","1840"
"441","376607","20220824072000","373","1","新竹縣","新豐鄉","120.985","24.920","468"
"1359","376614","20220824072000","1066","2","新竹縣","新豐鄉","120.990","24.930","1366"
"771","376622","20220824072000","630","2","桃園市","中壢區","121.230","24.970","765"
"791","376623","20220824072000","793","0","桃園市","中壢區","121.225","24.975","819"
"1193","376624","20220824072000","1060","1","桃園市","中壢區","121.230","24.975","1164"
"901","376627","20220824072000","926","0","桃園市","中壢區","121.230","24.980","793"
"111","376628","20220824072000","115","0","新竹縣","湖口鄉","121.035","24.900","122"
"84","376629","20220824072000","116","0","新竹縣","湖口鄉","121.040","24.900","75"
"1119","376633","20220824072000","1037","1","新竹縣","湖口鄉","121.040","24.895","1145"
"849","376636","20220824072000","600","2","新竹縣","湖口鄉","121.040","24.915","878"
"34","376641","20220824072000","221","0","新竹縣","湖口鄉","121.040","24.925","32"
"309","376651","20220824072000","221","2","新竹縣","湖口鄉","121.045","24.935","319"
"1538","376653","20220824072000","1671","0","桃園市","中壢區","121.235","24.965","1489"
"52","376655","20220824072000","22","3","桃園市","中壢區","121.240","24.970","61"
"171","376656","20220824072000","751","0","桃園市","中壢區","121.255","24.930","164"
"640","376658","20220824072000","589","1","新竹縣","湖口鄉","121.065","24.895","645"
"436","376665","20220824072000","468","0","新北市","鶯歌區","121.355","24.950","448"
"671","376666","20220824072000","739","0","新北市","鶯歌區","121.335","24.955","666"
"2037","376667","20220824072000","2019","1","新北市","鶯歌區","121.330","24.960","2047"
"35","376668","20220824072000","193","0","新北市","鶯歌區","121.335","24.960","35"
"424","376670","20220824072000","403","1","新北市","鶯歌區","121.340","24.950","443"
"1293","376674","20220824072000","1114","1","新北市","鶯歌區","121.330","24.965","1309"
"1773","376675","20220824072000","1894","0","新北市","樹林區","121.425","24.980","1881"
"125","376679","20220824072000","84","2","新北市","樹林區","121.405","24.955","117"
"567","376680","20220824072000","522","1","新北市","樹林區","121.405","24.960","564"
"512","376682","20220824072000","431","1","新北市","樹林區","121.410","24.970","503"
"318","376685","20220824072000","338","0","新北市","樹林區","121.400","24.975","304"
"625","376686","20220824072000","383","3","新北市","樹林區","121.405","24.975","629"
"1145","376687","20220824072000","1230","0","新北市","樹林區","121.410","24.975","1140"
"89","376690","20220824072000","77","1","新北市","樹林區","121.400","24.980","81"
"1680","376699","20220824072000","1866","0","新北市","樹林區","121.410","24.980","1547"
"710","376700","20220824072000","917","0","新北市","樹林區","121.415","24.990","718"
"1528","376701","20220824072000","1234","2","新北市","新店區","121.500","24.945","1533"
"81","376703","20220824072000","77","1","新北市","新店區","121.565","24.905","78"
"437","376717","20220824072000","375","1","新北市","新店區","121.550","24.920","424"
"3657","376725","20220824072000","2442","2","新北市","新店區","121.540","24.960","3615"
"18","376752","20220824072000","14","2","新北市","新店區","121.535","24.905","25"
"29","376759","20220824072000","21","2","新北市","新店區","121.535","24.910","24"
"24","376761","20220824072000","19","2","新北市","新店區","121.520","24.915","19"
"67","376764","20220824072000","58","1","新北市","新店區","121.535","24.915","60"
"64","376766","20220824072000","46","2","新北市","新店區","121.545","24.915","67"
"2719","376768","20220824072000","3256","0","新北市","土城區","121.445","24.985","2762"
"1297","376769","20220824072000","1134","1","新北市","土城區","121.450","24.975","1196"
"633","376770","20220824072000","760","0","新北市","土城區","121.455","24.975","620"
"1872","376772","20220824072000","1767","1","新北市","土城區","121.415","24.960","1851"
"161","376774","20220824072000","1138","0","新北市","土城區","121.420","24.965","139"
"514","376775","20220824072000","793","0","新北市","土城區","121.425","24.965","546"
"273","376777","20220824072000","367","0","新北市","土城區","121.425","24.970","278"
"131","376787","20220824072000","132","0","新北市","土城區","121.470","24.960","126"
"95","376788","20220824072000","76","2","新北市","土城區","121.455","24.965","124"
"47","376791","20220824072000","42","1","新北市","土城區","121.470","24.965","44"
"10","376792","20220824072000","10","1","新北市","土城區","121.475","24.965","10"
"910","376796","20220824072000","929","0","新北市","土城區","121.460","24.970","912"
"5155","376798","20220824072000","5244","0","新北市","新店區","121.540","24.965","5211"
"18","376801","20220824072000","13","2","桃園市","大溪區","121.305","24.895","16"
"25","376808","20220824072000","161","0","桃園市","八德區","121.280","24.930","18"
"1427","376809","20220824072000","1353","1","桃園市","八德區","121.285","24.930","1416"
"496","376810","20220824072000","462","1","桃園市","八德區","121.280","24.935","505"
"749","376813","20220824072000","602","2","桃園市","八德區","121.270","24.930","749"
"39","376815","20220824072000","50","0","桃園市","八德區","121.270","24.935","42"
"1541","376823","20220824072000","1032","2","桃園市","八德區","121.280","24.925","1523"
"1691","376824","20220824072000","1267","2","桃園市","八德區","121.285","24.925","1643"
"1758","376825","20220824072000","1772","0","桃園市","中壢區","121.220","24.955","1789"
"2001","376826","20220824072000","2185","0","桃園市","中壢區","121.230","24.965","2018"
"1680","376828","20220824072000","1573","1","桃園市","八德區","121.275","24.980","1650"
"425","376829","20220824072000","367","1","桃園市","八德區","121.280","24.980","455"
"1417","376831","20220824072000","1489","0","新竹縣","湖口鄉","121.050","24.900","1406"
"3126","376832","20220824072000","2812","1","新竹縣","湖口鄉","121.045","24.900","3126"
"92","376834","20220824072000","98","0","新竹縣","湖口鄉","121.030","24.900","92"
"123","376835","20220824072000","106","1","新竹縣","湖口鄉","121.025","24.905","109"
"531","376845","20220824072000","794","0","桃園市","平鎮區","121.230","24.930","523"
"2260","376847","20220824072000","1313","3","桃園市","中壢區","121.230","24.935","2261"
"996","376848","20220824072000","1079","0","桃園市","中壢區","121.225","24.940","993"
"1891","376849","20220824072000","1586","1","桃園市","中壢區","121.245","24.975","1838"
"2206","376850","20220824072000","1902","1","桃園市","中壢區","121.245","24.980","2237"
"773","376851","20220824072000","670","1","桃園市","中壢區","121.250","24.985","793"
"207","376852","20220824072000","270","0","桃園市","中壢區","121.240","24.985","208"
"1132","376853","20220824072000","1072","1","桃園市","八德區","121.295","24.935","1144"
"240","376854","20220824072000","227","1","桃園市","八德區","121.295","24.940","254"
"1156","376855","20220824072000","1206","0","桃園市","八德區","121.295","24.930","1159"
"464","376856","20220824072000","714","0","桃園市","龜山區","121.335","24.985","474"
"2316","376857","20220824072000","2610","0","桃園市","龜山區","121.335","24.990","2292"
"535","376860","20220824072000","739","0","桃園市","龜山區","121.345","24.980","535"
"13","376865","20220824072000","124","0","桃園市","龜山區","121.360","24.985","14"
"2284","376866","20220824072000","1745","2","桃園市","平鎮區","121.220","24.940","2218"
"292","376871","20220824072000","241","2","桃園市","楊梅區","121.185","24.905","279"
"196","376875","20220824072000","191","1","桃園市","平鎮區","121.200","24.910","213"
"1291","376878","20220824072000","778","3","桃園市","平鎮區","121.200","24.915","1292"
"229","376881","20220824072000","229","1","桃園市","平鎮區","121.200","24.920","221"
"505","376882","20220824072000","1002","0","桃園市","楊梅區","121.180","24.945","866"
"1075","376886","20220824072000","1081","0","桃園市","平鎮區","121.185","24.955","1208"
"803","376887","20220824072000","896","0","桃園市","中壢區","121.175","24.960","772"
"751","376889","20220824072000","815","0","桃園市","平鎮區","121.185","24.960","756"
"437","376892","20220824072000","509","0","桃園市","中壢區","121.185","24.970","431"
"359","376894","20220824072000","302","1","桃園市","平鎮區","121.190","24.930","410"
"27","376895","20220824072000","13","3","桃園市","楊梅區","121.185","24.935","26"
"308","376899","20220824072000","439","0","桃園市","平鎮區","121.190","24.940","496"
"1088","376900","20220824072000","1140","0","桃園市","平鎮區","121.195","24.940","1080"
"336","376915","20220824072000","267","2","桃園市","大溪區","121.310","24.930","367"
"804","376925","20220824072000","624","2","桃園市","大溪區","121.275","24.895","822"
"1391","376927","20220824072000","1199","1","桃園市","大溪區","121.280","24.895","1366"
"841","376929","20220824072000","633","2","桃園市","大溪區","121.285","24.905","869"
"614","376930","20220824072000","558","1","桃園市","大溪區","121.280","24.900","619"
"732","376931","20220824072000","576","2","桃園市","大溪區","121.280","24.905","650"
"1370","376932","20220824072000","1024","2","桃園市","龜山區","121.325","24.990","1379"
"625","376933","20220824072000","718","0","桃園市","桃園區","121.325","24.980","620"
"1508","376934","20220824072000","1538","0","桃園市","龜山區","121.330","24.980","1469"
"1832","376936","20220824072000","1560","1","桃園市","桃園區","121.320","24.985","1802"
"2396","376937","20220824072000","2143","1","桃園市","龜山區","121.325","24.985","2424"
"694","376938","20220824072000","951","0","桃園市","龜山區","121.330","24.985","727"
"302","376940","20220824072000","279","1","桃園市","新屋區","121.055","24.975","325"
"206","376956","20220824072000","151","2","桃園市","新屋區","121.125","24.955","207"
"467","376971","20220824072000","340","2","桃園市","新屋區","121.135","24.970","466"
"85","376972","20220824072000","86","0","桃園市","觀音區","121.140","24.970","101"
"642","376974","20220824072000","727","0","桃園市","龜山區","121.330","24.990","663"
"1944","376975","20220824072000","3358","0","桃園市","桃園區","121.310","24.990","1844"
"1960","376976","20220824072000","1971","0","桃園市","楊梅區","121.170","24.910","1959"
"618","376978","20220824072000","701","0","桃園市","楊梅區","121.175","24.915","620"
"1208","376979","20220824072000","1196","1","桃園市","楊梅區","121.170","24.920","1005"
"576","376984","20220824072000","643","0","桃園市","楊梅區","121.110","24.925","597"
"681","376995","20220824072000","774","0","桃園市","楊梅區","121.125","24.930","684"
"149","376998","20220824072000","185","0","桃園市","楊梅區","121.115","24.940","151"
"269","377001","20220824072000","220","2","桃園市","楊梅區","121.175","24.900","242"
"969","377002","20220824072000","962","1","桃園市","楊梅區","121.180","24.900","891"
"2437","377003","20220824072000","2344","1","桃園市","楊梅區","121.175","24.905","2515"
"90","377004","20220824072000","68","2","桃園市","楊梅區","121.180","24.905","77"
"53","377007","20220824072000","97","0","桃園市","楊梅區","121.095","24.930","69"
"702","377008","20220824072000","512","2","桃園市","楊梅區","121.100","24.930","718"
"1085","377010","20220824072000","552","3","桃園市","楊梅區","121.090","24.935","1051"
"411","377027","20220824072000","377","1","桃園市","新屋區","121.090","24.955","389"
"531","377030","20220824072000","454","1","桃園市","楊梅區","121.160","24.900","552"
"1071","377031","20220824072000","939","1","桃園市","楊梅區","121.155","24.900","1126"
"552","377033","20220824072000","614","0","桃園市","楊梅區","121.085","24.935","573"
"374","377034","20220824072000","392","0","桃園市","楊梅區","121.075","24.940","364"
"868","377039","20220824072000","857","1","桃園市","桃園區","121.285","24.990","880"
"809","377041","20220824072000","779","1","桃園市","桃園區","121.295","24.980","800"
"2360","377042","20220824072000","3765","0","桃園市","桃園區","121.300","24.990","2835"
"316","377043","20220824072000","224","2","桃園市","桃園區","121.300","24.980","327"
"2944","377045","20220824072000","2893","1","桃園市","桃園區","121.300","24.985","3053"
"635","377046","20220824072000","1044","0","桃園市","楊梅區","121.175","24.910","713"
"1822","377047","20220824072000","1449","2","桃園市","八德區","121.300","24.965","1840"
"1386","377051","20220824072000","893","3","桃園市","八德區","121.305","24.955","1277"
"444","377052","20220824072000","413","1","桃園市","八德區","121.310","24.955","463"
"26","377054","20220824072000","232","0","桃園市","八德區","121.300","24.945","24"
"565","377056","20220824072000","404","2","桃園市","八德區","121.275","24.940","547"
"802","377058","20220824072000","997","0","桃園市","八德區","121.285","24.940","783"
"221","377059","20220824072000","176","2","桃園市","八德區","121.280","24.945","225"
"328","377061","20220824072000","372","0","桃園市","八德區","121.290","24.950","342"
"15","377068","20220824072000","98","0","桃園市","八德區","121.290","24.955","17"
"371","377069","20220824072000","320","1","桃園市","八德區","121.280","24.960","378"
"773","377070","20220824072000","689","1","桃園市","八德區","121.285","24.960","741"
"3266","377071","20220824072000","3040","1","桃園市","桃園區","121.290","24.985","3259"
"3895","377072","20220824072000","3257","1","桃園市","中壢區","121.220","24.965","3803"
"938","377073","20220824072000","928","1","桃園市","中壢區","121.215","24.955","938"
"448","377077","20220824072000","488","0","桃園市","中壢區","121.205","24.980","473"
"476","377084","20220824072000","310","3","桃園市","中壢區","121.205","24.990","471"
"1536","377086","20220824072000","1358","1","桃園市","中壢區","121.255","24.970","1440"
"1716","377088","20220824072000","1916","0","桃園市","楊梅區","121.155","24.910","1677"
"767","377089","20220824072000","678","1","桃園市","楊梅區","121.160","24.910","811"
"1608","377092","20220824072000","1366","1","桃園市","平鎮區","121.205","24.910","1605"
"1758","377093","20220824072000","1644","1","桃園市","平鎮區","121.205","24.920","1695"
"170","377099","20220824072000","151","1","桃園市","新屋區","121.010","24.960","178"
"608","377106","20220824072000","579","1","桃園市","新屋區","121.120","24.970","599"
"342","377111","20220824072000","204","3","桃園市","新屋區","121.130","24.975","336"
"1079","377117","20220824072000","1079","1","桃園市","新屋區","121.110","24.980","1082"
"635","377122","20220824072000","534","1","桃園市","新屋區","121.110","24.985","677"
"511","377125","20220824072000","456","1","桃園市","新屋區","121.125","24.985","504"
"394","377128","20220824072000","432","0","桃園市","新屋區","121.125","24.990","380"
"615","377135","20220824072000","652","0","桃園市","新屋區","121.100","24.990","632"
"19","377136","20220824072000","27","0","桃園市","新屋區","121.105","24.990","14"
"70","377148","20220824072000","60","1","桃園市","新屋區","121.095","24.960","68"
"309","377155","20220824072000","275","1","桃園市","新屋區","121.070","24.970","288"
"126","377159","20220824072000","143","0","桃園市","新屋區","121.020","24.970","141"
"317","377173","20220824072000","244","2","桃園市","新屋區","121.015","24.985","322"
"268","377175","20220824072000","249","1","桃園市","新屋區","120.990","24.940","282"
"166","377179","20220824072000","86","3","桃園市","新屋區","121.000","24.945","165"
"295","377183","20220824072000","262","1","桃園市","新屋區","121.010","24.950","265"
"597","377187","20220824072000","545","1","桃園市","新屋區","121.080","24.975","582"
"375","377195","20220824072000","284","2","桃園市","新屋區","121.075","24.990","343"
"267","377204","20220824072000","285","0","桃園市","新屋區","121.140","24.960","297"
"600","377205","20220824072000","664","0","桃園市","新屋區","121.145","24.960","574"
"360","377209","20220824072000","253","2","桃園市","新屋區","121.160","24.960","357"
"28","377211","20220824072000","33","0","桃園市","觀音區","121.145","24.970","29"
"12","377247","20220824072000","11","1","新北市","貢寮區","121.910","24.990","14"
"344","377249","20220824072000","528","0","桃園市","平鎮區","121.210","24.895","310"
"750","377259","20220824072000","850","0","桃園市","桃園區","121.285","24.980","710"
"1259","377261","20220824072000","980","2","桃園市","楊梅區","121.145","24.915","1270"
"530","377263","20220824072000","344","3","桃園市","楊梅區","121.145","24.910","567"
"32","377264","20220824072000","279","0","桃園市","楊梅區","121.130","24.915","27"
"590","377268","20220824072000","699","0","桃園市","楊梅區","121.130","24.920","599"
"586","377270","20220824072000","549","1","桃園市","楊梅區","121.140","24.920","568"
"2877","377280","20220824072000","2897","0","桃園市","楊梅區","121.145","24.900","2730"
"629","377285","20220824072000","410","3","桃園市","楊梅區","121.170","24.900","636"
"932","377288","20220824072000","996","0","桃園市","楊梅區","121.185","24.925","926"
"687","377289","20220824072000","626","1","桃園市","平鎮區","121.190","24.925","681"
"843","377292","20220824072000","892","0","桃園市","平鎮區","121.195","24.925","814"
"260","377295","20220824072000","458","0","桃園市","平鎮區","121.210","24.935","264"
"1847","377296","20220824072000","1830","1","桃園市","桃園區","121.295","24.990","1939"
"2679","377297","20220824072000","2669","1","桃園市","桃園區","121.285","24.985","2556"
"653","377303","20220824072000","578","1","桃園市","新屋區","121.120","24.950","627"
"310","377308","20220824072000","277","1","桃園市","新屋區","121.100","24.960","321"
"457","377310","20220824072000","350","2","桃園市","新屋區","121.110","24.960","476"
"645","377311","20220824072000","596","1","桃園市","新屋區","121.095","24.965","616"
"666","377322","20220824072000","604","1","桃園市","新屋區","121.045","24.960","680"
"254","377333","20220824072000","160","3","桃園市","新屋區","121.045","24.970","264"
"1531","377335","20220824072000","1654","0","桃園市","桃園區","121.320","24.990","1548"
"1843","377337","20220824072000","1602","1","桃園市","平鎮區","121.250","24.920","1793"
"665","377339","20220824072000","666","0","桃園市","平鎮區","121.240","24.925","707"
"1272","377340","20220824072000","1254","1","桃園市","桃園區","121.305","24.985","1269"
"1224","377342","20220824072000","1142","1","桃園市","桃園區","121.325","24.975","1270"
"2468","377344","20220824072000","2288","1","桃園市","桃園區","121.320","24.975","2429"
"951","377345","20220824072000","533","3","新北市","鶯歌區","121.330","24.975","897"
"401","377346","20220824072000","551","0","桃園市","桃園區","121.320","24.980","415"
"1407","377347","20220824072000","975","2","桃園市","中壢區","121.230","24.960","1398"
"1172","377348","20220824072000","1576","0","桃園市","中壢區","121.235","24.960","1135"
"535","377349","20220824072000","769","0","桃園市","中壢區","121.230","24.950","526"
"1587","377350","20220824072000","1518","1","桃園市","中壢區","121.225","24.950","1624"
"434","377361","20220824072000","421","1","桃園市","新屋區","121.030","24.950","430"
"353","377372","20220824072000","470","0","桃園市","新屋區","121.090","24.980","375"
"1231","377380","20220824072000","1208","1","桃園市","新屋區","121.110","24.970","1241"
"50","377381","20220824072000","99","0","桃園市","新屋區","121.110","24.975","56"
"2399","377384","20220824072000","2555","0","桃園市","新屋區","121.105","24.975","2402"
"119","377428","20220824072000","93","2","桃園市","新屋區","121.040","24.980","108"
"908","377433","20220824072000","916","0","桃園市","新屋區","121.035","24.985","912"
"445","377434","20220824072000","388","1","桃園市","新屋區","121.040","24.985","427"
"1280","377446","20220824072000","1230","1","桃園市","桃園區","121.315","24.990","1245"
"2145","377447","20220824072000","1473","2","桃園市","桃園區","121.270","24.980","2071"
"3336","377449","20220824072000","2715","2","桃園市","桃園區","121.275","24.990","3410"
"1471","377450","20220824072000","1838","0","桃園市","桃園區","121.265","24.975","1505"
"2027","377452","20220824072000","1884","1","桃園市","桃園區","121.265","24.980","2040"
"25","377454","20220824072000","36","0","桃園市","桃園區","121.265","24.985","35"
"2071","377455","20220824072000","1990","1","桃園市","桃園區","121.290","24.990","2127"
"304","377456","20220824072000","421","0","桃園市","平鎮區","121.245","24.905","421"
"21","377457","20220824072000","117","0","桃園市","平鎮區","121.250","24.905","16"
"222","377459","20220824072000","247","0","桃園市","平鎮區","121.250","24.915","219"
"963","377460","20220824072000","1057","0","桃園市","平鎮區","121.215","24.935","927"
"1549","377461","20220824072000","1793","0","桃園市","平鎮區","121.215","24.940","1561"
"2001","377462","20220824072000","1764","1","桃園市","平鎮區","121.215","24.945","1956"
"2621","377463","20220824072000","2175","2","桃園市","桃園區","121.310","24.980","2595"
"1173","377464","20220824072000","1535","0","桃園市","桃園區","121.310","24.985","1176"
"2193","377468","20220824072000","2335","0","桃園市","桃園區","121.305","24.980","2209"
"166","377469","20220824072000","157","1","桃園市","楊梅區","121.175","24.950","153"
"1658","377470","20220824072000","1220","2","桃園市","楊梅區","121.170","24.955","1587"
"351","377473","20220824072000","250","2","桃園市","楊梅區","121.115","24.900","338"
"128","377476","20220824072000","225","0","桃園市","楊梅區","121.125","24.910","150"
"579","377481","20220824072000","437","2","桃園市","楊梅區","121.150","24.940","532"
"220","377483","20220824072000","285","0","桃園市","楊梅區","121.150","24.920","241"
"980","377484","20220824072000","892","1","桃園市","楊梅區","121.155","24.920","956"
"808","377488","20220824072000","782","1","桃園市","楊梅區","121.150","24.925","784"
"49","377489","20220824072000","99","0","桃園市","楊梅區","121.155","24.925","46"
"23","377490","20220824072000","21","1","桃園市","楊梅區","121.160","24.925","26"
"781","377491","20220824072000","862","0","桃園市","楊梅區","121.165","24.925","805"
"334","377493","20220824072000","350","0","桃園市","楊梅區","121.145","24.930","314"
"657","377497","20220824072000","598","1","桃園市","楊梅區","121.160","24.930","605"
"164","377498","20220824072000","337","0","桃園市","楊梅區","121.165","24.930","144"
"937","377499","20220824072000","574","3","桃園市","楊梅區","121.170","24.930","968"
"354","377501","20220824072000","326","1","桃園市","楊梅區","121.140","24.930","344"
"1912","377508","20220824072000","1965","0","桃園市","平鎮區","121.210","24.940","1863"
"1976","377509","20220824072000","1868","1","桃園市","平鎮區","121.210","24.945","1988"
"937","377513","20220824072000","897","1","桃園市","平鎮區","121.210","24.930","821"
"1379","377519","20220824072000","1000","2","桃園市","平鎮區","121.230","24.900","1499"
"288","377522","20220824072000","304","0","桃園市","平鎮區","121.245","24.900","290"
"992","377529","20220824072000","1124","0","桃園市","平鎮區","121.225","24.910","1018"
"519","377530","20220824072000","460","1","桃園市","平鎮區","121.230","24.910","561"
"1889","377532","20220824072000","1678","1","桃園市","桃園區","121.305","24.990","1916"
"1142","377533","20220824072000","906","2","新北市","鶯歌區","121.330","24.970","1100"
"475","377534","20220824072000","450","1","新北市","鶯歌區","121.335","24.965","440"
"937","377535","20220824072000","705","2","桃園市","桃園區","121.320","24.970","930"
"2365","377538","20220824072000","2111","1","桃園市","桃園區","121.315","24.980","2322"
"582","377539","20220824072000","589","0","桃園市","楊梅區","121.175","24.925","593"
"389","377542","20220824072000","229","3","桃園市","楊梅區","121.180","24.925","410"
"510","377546","20220824072000","308","3","桃園市","楊梅區","121.180","24.930","464"
"885","377547","20220824072000","670","2","桃園市","楊梅區","121.160","24.935","854"
"162","377551","20220824072000","282","0","桃園市","楊梅區","121.180","24.935","204"
"48","377559","20220824072000","67","0","桃園市","楊梅區","121.150","24.945","45"
"15","377561","20220824072000","12","2","桃園市","楊梅區","121.160","24.945","15"
"414","377564","20220824072000","379","1","桃園市","楊梅區","121.175","24.945","461"
"836","377565","20220824072000","818","1","桃園市","新屋區","121.150","24.950","820"
"403","377566","20220824072000","366","1","桃園市","楊梅區","121.155","24.950","401"
"35","377568","20220824072000","34","1","桃園市","楊梅區","121.170","24.950","40"
"860","377570","20220824072000","792","1","桃園市","蘆竹區","121.265","24.990","885"
"136","377571","20220824072000","293","0","桃園市","龜山區","121.340","24.980","120"
"20","377572","20220824072000","94","0","桃園市","龜山區","121.340","24.985","24"
"1953","377573","20220824072000","2669","0","桃園市","龜山區","121.345","24.985","1982"
"797","377574","20220824072000","1353","0","桃園市","龜山區","121.340","24.990","789"
"496","377575","20220824072000","660","0","桃園市","龜山區","121.345","24.990","496"
"25","377742","20220824072000","17","2","新北市","雙溪區","121.820","24.965","16"
"16","377753","20220824072000","15","1","新北市","雙溪區","121.810","24.970","13"
"14","377756","20220824072000","14","1","新北市","雙溪區","121.825","24.970","14"
"22","377787","20220824072000","21","1","新北市","雙溪區","121.845","24.980","14"
"1559","377821","20220824072000","1749","0","桃園市","楊梅區","121.145","24.905","1450"
"1639","377823","20220824072000","1809","0","桃園市","楊梅區","121.165","24.910","1602"
"17","377824","20220824072000","83","0","桃園市","楊梅區","121.165","24.915","21"
"17","377826","20220824072000","275","0","桃園市","大溪區","121.280","24.910","15"
"915","377827","20220824072000","921","0","桃園市","大溪區","121.285","24.910","929"
"1229","377831","20220824072000","938","2","桃園市","大溪區","121.280","24.915","1284"
"317","377833","20220824072000","293","1","桃園市","大溪區","121.290","24.915","294"
"846","377835","20220824072000","858","0","桃園市","大溪區","121.280","24.920","890"
"688","377837","20220824072000","898","0","桃園市","大溪區","121.290","24.920","618"
"722","377839","20220824072000","587","2","桃園市","大溪區","121.275","24.900","693"
"950","377841","20220824072000","705","2","桃園市","大溪區","121.275","24.905","895"
"2434","377843","20220824072000","2288","1","桃園市","楊梅區","121.180","24.910","2473"
"1349","377844","20220824072000","1244","1","桃園市","楊梅區","121.180","24.915","1290"
"305","377845","20220824072000","285","1","桃園市","平鎮區","121.225","24.925","320"
"522","377847","20220824072000","539","0","桃園市","平鎮區","121.220","24.935","539"
"2850","377848","20220824072000","2181","2","桃園市","平鎮區","121.225","24.930","2888"
"831","377849","20220824072000","662","2","桃園市","平鎮區","121.220","24.930","779"
"497","377851","20220824072000","316","3","桃園市","平鎮區","121.230","24.925","513"
"576","377852","20220824072000","549","1","桃園市","中壢區","121.245","24.925","559"
"1539","377853","20220824072000","1415","1","桃園市","楊梅區","121.150","24.910","1578"
"1050","377854","20220824072000","819","2","桃園市","楊梅區","121.150","24.915","1083"
"114","377858","20220824072000","105","1","桃園市","楊梅區","121.130","24.905","116"
"794","377859","20220824072000","669","1","桃園市","楊梅區","121.135","24.905","754"
"67","377862","20220824072000","134","0","桃園市","楊梅區","121.135","24.910","81"
"381","377866","20220824072000","249","3","桃園市","楊梅區","121.070","24.930","467"
"390","377868","20220824072000","377","1","桃園市","楊梅區","121.065","24.935","399"
"345","377877","20220824072000","343","1","桃園市","楊梅區","121.100","24.920","400"
"73","377879","20220824072000","377","0","桃園市","楊梅區","121.070","24.925","73"
"401","377895","20220824072000","1323","0","桃園市","楊梅區","121.085","24.930","401"
"365","377896","20220824072000","309","1","桃園市","楊梅區","121.160","24.950","389"
"3250","377898","20220824072000","2690","2","桃園市","楊梅區","121.160","24.955","3203"
"429","377901","20220824072000","395","1","桃園市","楊梅區","121.120","24.895","405"
"87","377906","20220824072000","87","1","桃園市","楊梅區","121.125","24.900","82"
"310","377909","20220824072000","259","1","桃園市","平鎮區","121.210","24.910","295"
"2117","377914","20220824072000","1693","2","桃園市","平鎮區","121.210","24.920","2164"
"271","377919","20220824072000","308","0","桃園市","平鎮區","121.195","24.930","264"
"809","377920","20220824072000","732","1","桃園市","平鎮區","121.200","24.940","780"
"156","377924","20220824072000","535","0","桃園市","八德區","121.290","24.945","150"
"1636","377925","20220824072000","1186","2","桃園市","八德區","121.290","24.930","1678"
"895","377933","20220824072000","992","0","桃園市","八德區","121.275","24.960","859"
"1665","377940","20220824072000","1987","0","臺北市","文山區","121.555","24.985","1672"
"788","377941","20220824072000","693","1","臺北市","文山區","121.560","24.985","805"
"1229","377942","20220824072000","1456","0","臺北市","文山區","121.565","24.980","1261"
"43","377946","20220824072000","46","0","新北市","新店區","121.575","24.965","54"
"127","377947","20220824072000","125","1","臺北市","文山區","121.580","24.965","118"
"900","377948","20220824072000","1005","0","臺北市","文山區","121.560","24.970","948"
"222","377953","20220824072000","226","0","臺北市","文山區","121.560","24.975","203"
"95","377955","20220824072000","183","0","臺北市","文山區","121.570","24.975","113"
"125","377957","20220824072000","1433","0","臺北市","文山區","121.570","24.980","109"
"2154","377958","20220824072000","2524","0","臺北市","文山區","121.565","24.985","2184"
"202","377962","20220824072000","161","2","臺北市","文山區","121.610","24.965","208"
"106","377964","20220824072000","28","3","臺北市","文山區","121.590","24.965","105"
"180","377978","20220824072000","203","0","臺北市","文山區","121.580","24.975","175"
"454","377979","20220824072000","578","0","臺北市","文山區","121.585","24.975","444"
"99","377980","20220824072000","111","0","臺北市","文山區","121.590","24.975","98"
"1147","377982","20220824072000","1603","0","臺北市","文山區","121.575","24.980","1102"
"619","377989","20220824072000","713","0","臺北市","文山區","121.585","24.985","592"
"484","377990","20220824072000","1039","0","臺北市","文山區","121.590","24.985","479"
"751","377994","20220824072000","29","3","臺北市","文山區","121.590","24.990","746"
"148","377995","20220824072000","124","1","臺北市","文山區","121.595","24.990","181"
"2423","377997","20220824072000","3019","0","臺北市","文山區","121.560","24.990","3078"
"446","377998","20220824072000","1519","0","臺北市","文山區","121.575","24.985","441"
"831","377999","20220824072000","1148","0","臺北市","文山區","121.580","24.985","844"
"2011","378000","20220824072000","2174","0","臺北市","文山區","121.575","24.990","2134"
"947","378001","20220824072000","942","1","臺北市","文山區","121.580","24.990","933"
"1303","378002","20220824072000","1853","0","臺北市","文山區","121.550","24.985","1277"
"1567","378003","20220824072000","2356","0","臺北市","文山區","121.565","24.990","1359"
"2520","378004","20220824072000","2765","0","臺北市","文山區","121.570","24.990","2101"
"1703","378005","20220824072000","2068","0","臺北市","文山區","121.555","24.980","1676"
"2682","378006","20220824072000","2785","0","臺北市","文山區","121.560","24.980","2732"
"416","378007","20220824072000","699","0","臺北市","文山區","121.555","24.975","430"
"2788","378008","20220824072000","2903","0","臺北市","文山區","121.570","24.985","2898"
"2169","378009","20220824072000","2716","0","臺北市","文山區","121.545","24.990","2166"
"2972","378010","20220824072000","3219","0","臺北市","文山區","121.540","24.990","2881"
"316","378011","20220824072000","640","0","臺北市","文山區","121.550","24.990","309"
"302","378012","20220824072000","622","0","臺北市","文山區","121.555","24.990","560"
"22","378561","20220824072000","26","0","新北市","貢寮區","121.990","24.995","23"
"15","378916","20220824072000","19","0","新北市","貢寮區","122.000","25.000","32"
"62","379975","20220824072000","35","3","新北市","貢寮區","122.005","25.015","59"
"2007","382513","20220824072000","2151","0","新北市","新莊區","121.450","25.035","2151"
"792","382514","20220824072000","880","0","新北市","新莊區","121.415","25.020","765"
"2897","382515","20220824072000","2497","1","新北市","板橋區","121.430","24.995","2868"
"853","382517","20220824072000","763","1","新北市","新莊區","121.435","25.005","851"
"580","382519","20220824072000","693","0","新北市","板橋區","121.440","25.010","567"
"1557","382521","20220824072000","1790","0","新北市","新莊區","121.430","25.020","1492"
"1905","382522","20220824072000","1893","1","新北市","新莊區","121.430","25.015","1929"
"124","382523","20220824072000","462","0","新北市","新莊區","121.420","25.020","134"
"2592","382525","20220824072000","2351","1","新北市","新莊區","121.410","25.025","2546"
"215","382526","20220824072000","215","1","新北市","新莊區","121.400","25.030","184"
"3577","382528","20220824072000","4775","0","新北市","板橋區","121.470","25.015","3484"
"2673","382530","20220824072000","3135","0","新北市","板橋區","121.465","25.025","2675"
"5888","382531","20220824072000","5900","0","新北市","板橋區","121.460","25.025","5733"
"2593","382532","20220824072000","3047","0","新北市","中和區","121.480","24.995","2586"
"1698","382534","20220824072000","2753","0","新北市","板橋區","121.445","25.000","1691"
"3008","382536","20220824072000","3990","0","新北市","中和區","121.520","24.995","2938"
"2199","382537","20220824072000","2856","0","新北市","板橋區","121.455","25.025","2204"
"1485","382538","20220824072000","1534","0","臺北市","文山區","121.530","24.995","1445"
"1018","382539","20220824072000","1327","0","新北市","汐止區","121.620","25.045","1066"
"636","382546","20220824072000","623","1","新北市","樹林區","121.410","25.010","650"
"2450","382547","20220824072000","2912","0","新北市","新莊區","121.425","25.015","2463"
"2265","382548","20220824072000","2045","1","新北市","中和區","121.495","24.995","2294"
"732","382549","20220824072000","789","0","臺北市","萬華區","121.490","25.015","727"
"212","382550","20220824072000","198","1","新北市","三重區","121.480","25.050","206"
"2446","382552","20220824072000","2379","1","新北市","中和區","121.480","25.000","2477"
"1299","382553","20220824072000","1896","0","新北市","中和區","121.475","25.005","1277"
"6503","382554","20220824072000","5519","1","新北市","中和區","121.470","25.005","6524"
"4528","382555","20220824072000","6539","0","新北市","中和區","121.500","24.995","4551"
"2991","382556","20220824072000","2198","2","新北市","中和區","121.495","25.005","2952"
"2103","382557","20220824072000","3731","0","新北市","中和區","121.500","25.005","2207"
"1040","382558","20220824072000","1859","0","新北市","三重區","121.490","25.055","1055"
"873","382559","20220824072000","632","2","新北市","三重區","121.475","25.045","957"
"1682","382560","20220824072000","1757","0","新北市","板橋區","121.445","25.005","1673"
"537","382561","20220824072000","533","1","新北市","板橋區","121.445","25.010","564"
"526","382562","20220824072000","669","0","新北市","板橋區","121.450","25.005","510"
"811","382563","20220824072000","891","0","新北市","板橋區","121.450","25.020","776"
"2619","382564","20220824072000","2961","0","新北市","中和區","121.505","25.005","2629"
"1926","382565","20220824072000","2739","0","新北市","三重區","121.485","25.055","1944"
"2573","382567","20220824072000","3026","0","新北市","三重區","121.495","25.055","2558"
"1665","382568","20220824072000","1750","0","新北市","三重區","121.500","25.045","1689"
"1515","382571","20220824072000","1385","1","新北市","中和區","121.490","25.005","1480"
"1390","382572","20220824072000","1035","2","新北市","中和區","121.490","25.000","1369"
"1229","382574","20220824072000","970","2","新北市","中和區","121.485","25.010","1215"
"3860","382575","20220824072000","3522","1","新北市","中和區","121.485","24.995","3774"
"2508","382576","20220824072000","3027","0","新北市","中和區","121.490","24.995","2439"
"4498","382577","20220824072000","4972","0","新北市","中和區","121.505","24.995","4533"
"184","382579","20220824072000","146","2","新北市","板橋區","121.460","25.030","168"
"3066","382580","20220824072000","3669","0","新北市","板橋區","121.455","25.015","3055"
"303","382582","20220824072000","698","0","新北市","板橋區","121.450","25.025","324"
"435","382583","20220824072000","579","0","新北市","泰山區","121.420","25.045","447"
"787","382584","20220824072000","1160","0","新北市","泰山區","121.425","25.045","784"
"471","382589","20220824072000","425","1","新北市","三重區","121.485","25.045","489"
"1173","382592","20220824072000","1081","1","新北市","三重區","121.485","25.050","1207"
"2654","382593","20220824072000","2745","0","新北市","三重區","121.490","25.050","2636"
"699","382594","20220824072000","608","1","桃園市","龜山區","121.410","25.020","701"
"2111","382595","20220824072000","2093","1","新北市","新莊區","121.460","25.050","2194"
"1555","382596","20220824072000","1437","1","新北市","新莊區","121.465","25.050","1532"
"433","382597","20220824072000","914","0","新北市","新莊區","121.460","25.055","441"
"1202","382598","20220824072000","1402","0","新北市","新莊區","121.465","25.055","1180"
"1370","382600","20220824072000","1282","1","新北市","三重區","121.470","25.045","1328"
"921","382601","20220824072000","771","1","新北市","三重區","121.470","25.050","909"
"41","382602","20220824072000","29","2","新北市","三重區","121.470","25.055","39"
"2861","382603","20220824072000","2658","1","新北市","中和區","121.480","25.010","2726"
"3902","382604","20220824072000","3351","1","新北市","板橋區","121.475","25.010","3779"
"1825","382605","20220824072000","2324","0","新北市","中和區","121.465","24.995","1932"
"2638","382606","20220824072000","2625","1","新北市","新莊區","121.450","25.040","2646"
"3687","382607","20220824072000","3475","1","新北市","新莊區","121.445","25.040","3761"
"3602","382608","20220824072000","4353","0","新北市","新莊區","121.425","25.020","3625"
"176","382609","20220824072000","2154","0","新北市","新莊區","121.455","25.045","172"
"2346","382610","20220824072000","2350","0","新北市","板橋區","121.465","25.005","2307"
"3223","382611","20220824072000","2981","1","新北市","板橋區","121.460","25.005","3237"
"100","382614","20220824072000","244","0","新北市","深坑區","121.630","25.010","92"
"240","382615","20220824072000","231","1","新北市","深坑區","121.620","25.010","229"
"98","382618","20220824072000","326","0","新北市","深坑區","121.630","25.015","100"
"317","382623","20220824072000","570","0","新北市","深坑區","121.605","25.000","339"
"1705","382624","20220824072000","2005","0","新北市","新莊區","121.435","25.015","1685"
"30","382625","20220824072000","385","0","新北市","板橋區","121.450","25.000","35"
"948","382626","20220824072000","864","1","新北市","中和區","121.470","24.995","884"
"122","382627","20220824072000","106","1","新北市","中和區","121.480","24.990","120"
"380","382628","20220824072000","1529","0","新北市","中和區","121.475","25.000","343"
"143","382629","20220824072000","755","0","新北市","中和區","121.505","25.000","153"
"3387","382630","20220824072000","3702","0","新北市","永和區","121.525","25.005","3410"
"1572","382634","20220824072000","1373","1","新北市","樹林區","121.420","24.995","1608"
"931","382637","20220824072000","815","1","新北市","樹林區","121.420","25.000","913"
"445","382638","20220824072000","662","0","新北市","新莊區","121.440","25.030","472"
"2727","382639","20220824072000","2568","1","新北市","新莊區","121.420","25.025","2723"
"3098","382640","20220824072000","3422","0","新北市","新莊區","121.455","25.050","3128"
"3771","382641","20220824072000","3087","2","新北市","中和區","121.470","25.000","3780"
"6677","382642","20220824072000","3900","3","新北市","板橋區","121.455","25.005","6275"
"1128","382643","20220824072000","418","3","新北市","板橋區","121.445","25.020","1159"
"1154","382644","20220824072000","1019","1","新北市","板橋區","121.440","25.000","1155"
"4945","382645","20220824072000","8154","0","新北市","永和區","121.520","25.010","4991"
"1096","382646","20220824072000","1020","1","新北市","樹林區","121.415","25.000","1060"
"984","382647","20220824072000","972","1","新北市","樹林區","121.415","25.005","993"
"2461","382648","20220824072000","3107","0","新北市","土城區","121.455","24.995","2476"
"24","382660","20220824072000","22","1","新北市","平溪區","121.710","25.020","24"
"1836","382667","20220824072000","1861","0","新北市","新莊區","121.460","25.040","1816"
"3959","382668","20220824072000","3691","1","新北市","新莊區","121.460","25.045","4055"
"983","382671","20220824072000","1140","0","新北市","板橋區","121.445","25.015","1005"
"5594","382673","20220824072000","4313","2","新北市","板橋區","121.450","24.995","5582"
"2091","382674","20220824072000","2164","0","新北市","板橋區","121.455","25.000","2242"
"5276","382675","20220824072000","4113","2","新北市","永和區","121.520","25.015","5206"
"2800","382676","20220824072000","4169","0","新北市","永和區","121.515","25.015","2677"
"2523","382677","20220824072000","3121","0","新北市","新莊區","121.445","25.030","2459"
"3264","382678","20220824072000","2743","1","新北市","新莊區","121.455","25.035","3460"
"14","382679","20220824072000","754","0","新北市","板橋區","121.460","25.035","17"
"785","382680","20220824072000","901","0","新北市","新莊區","121.465","25.040","821"
"1072","382683","20220824072000","811","2","桃園市","中壢區","121.215","25.000","981"
"361","382686","20220824072000","340","1","桃園市","觀音區","121.125","25.030","372"
"3337","382699","20220824072000","3351","0","新北市","板橋區","121.485","25.020","3364"
"5635","382700","20220824072000","4670","2","新北市","板橋區","121.460","25.010","5703"
"3757","382701","20220824072000","2287","3","新北市","板橋區","121.460","24.995","3660"
"1434","382702","20220824072000","1259","1","新北市","樹林區","121.420","25.015","1474"
"821","382703","20220824072000","625","2","新北市","新莊區","121.435","25.010","828"
"1036","382706","20220824072000","1097","0","新北市","新莊區","121.440","25.020","1012"
"295","382710","20220824072000","292","1","新北市","新莊區","121.445","25.025","304"
"4390","382711","20220824072000","3810","1","新北市","永和區","121.505","25.010","4333"
"3293","382712","20220824072000","3275","1","新北市","板橋區","121.475","25.020","3351"
"2838","382713","20220824072000","2425","1","新北市","新莊區","121.430","25.025","2747"
"26","382714","20220824072000","23","1","新北市","新莊區","121.435","25.025","30"
"1525","382715","20220824072000","1755","0","新北市","新莊區","121.425","25.025","1477"
"1353","382716","20220824072000","1344","1","臺北市","萬華區","121.500","25.015","1369"
"2530","382717","20220824072000","2031","2","新北市","新莊區","121.450","25.030","2544"
"262","382724","20220824072000","292","0","桃園市","中壢區","121.180","25.005","295"
"874","382730","20220824072000","487","3","桃園市","中壢區","121.190","25.010","913"
"685","382732","20220824072000","345","3","桃園市","中壢區","121.185","25.015","688"
"589","382735","20220824072000","509","1","桃園市","大園區","121.180","25.025","578"
"856","382741","20220824072000","945","0","桃園市","觀音區","121.160","24.995","877"
"458","382743","20220824072000","438","1","桃園市","觀音區","121.155","25.000","490"
"845","382759","20220824072000","775","1","桃園市","觀音區","121.160","25.020","888"
"554","382780","20220824072000","453","2","桃園市","觀音區","121.105","25.040","596"
"198","382785","20220824072000","195","1","桃園市","觀音區","121.130","25.020","206"
"379","382813","20220824072000","505","0","桃園市","觀音區","121.110","25.050","394"
"1667","382814","20220824072000","1369","2","桃園市","觀音區","121.115","25.050","1653"
"1393","382815","20220824072000","760","3","桃園市","觀音區","121.120","25.050","1402"
"361","382816","20220824072000","220","3","桃園市","觀音區","121.125","25.050","377"
"236","382820","20220824072000","136","3","桃園市","觀音區","121.120","25.055","265"
"754","382821","20220824072000","921","0","桃園市","觀音區","121.125","25.055","820"
"753","382830","20220824072000","708","1","桃園市","觀音區","121.080","25.035","718"
"499","382842","20220824072000","372","2","桃園市","觀音區","121.095","25.050","493"
"334","382853","20220824072000","570","0","桃園市","觀音區","121.145","25.040","326"
"2002","382855","20220824072000","2491","0","桃園市","觀音區","121.140","25.045","1985"
"770","382857","20220824072000","658","1","桃園市","觀音區","121.130","25.050","695"
"228","382858","20220824072000","205","1","桃園市","觀音區","121.135","25.050","241"
"506","382868","20220824072000","239","3","桃園市","觀音區","121.115","25.000","523"
"1385","382888","20220824072000","1361","1","桃園市","蘆竹區","121.270","25.010","1357"
"175","382890","20220824072000","216","0","桃園市","蘆竹區","121.265","25.015","184"
"1393","382891","20220824072000","1093","2","桃園市","蘆竹區","121.240","25.025","1365"
"1519","382893","20220824072000","783","3","桃園市","蘆竹區","121.250","25.025","1511"
"391","382894","20220824072000","436","0","桃園市","大園區","121.235","25.025","417"
"1009","382896","20220824072000","885","1","桃園市","蘆竹區","121.245","25.025","967"
"519","382898","20220824072000","469","1","桃園市","蘆竹區","121.240","25.030","508"
"129","382911","20220824072000","122","1","新北市","石碇區","121.670","25.010","128"
"92","382935","20220824072000","82","1","新北市","石碇區","121.670","25.030","96"
"112","382953","20220824072000","81","2","新北市","石碇區","121.690","25.005","118"
"45","382971","20220824072000","47","0","新北市","石碇區","121.700","25.015","49"
"128","382976","20220824072000","106","2","新北市","石碇區","121.660","24.995","156"
"88","382980","20220824072000","81","1","新北市","石碇區","121.650","25.000","88"
"19","382991","20220824072000","27","0","新北市","貢寮區","121.885","24.995","26"
"14","382996","20220824072000","14","1","新北市","貢寮區","121.885","25.000","19"
"18","383019","20220824072000","36","0","新北市","貢寮區","122.000","25.005","69"
"62","383024","20220824072000","46","2","新北市","貢寮區","121.990","25.010","67"
"67","383035","20220824072000","56","1","新北市","貢寮區","121.985","25.020","76"
"2088","383037","20220824072000","3612","0","新北市","永和區","121.520","25.000","2124"
"4450","383038","20220824072000","4211","1","新北市","板橋區","121.475","25.025","4367"
"489","383039","20220824072000","857","0","新北市","新莊區","121.410","25.030","482"
"670","383040","20220824072000","870","0","新北市","新莊區","121.415","25.030","683"
"86","383045","20220824072000","75","1","新北市","新莊區","121.405","25.040","89"
"2899","383046","20220824072000","3653","0","新北市","新莊區","121.455","25.055","2914"
"1112","383047","20220824072000","1354","0","新北市","新莊區","121.435","25.030","1076"
"1493","383048","20220824072000","1381","1","新北市","新莊區","121.425","25.030","1664"
"410","383049","20220824072000","1375","0","新北市","新莊區","121.430","25.030","384"
"581","383050","20220824072000","1022","0","新北市","新莊區","121.430","25.035","570"
"3878","383054","20220824072000","4876","0","新北市","新莊區","121.445","25.050","3925"
"3854","383055","20220824072000","3963","0","新北市","新莊區","121.450","25.045","3715"
"1437","383056","20220824072000","1481","0","桃園市","蘆竹區","121.290","25.050","1493"
"1835","383057","20220824072000","1677","1","桃園市","蘆竹區","121.280","25.055","1826"
"580","383058","20220824072000","492","1","桃園市","蘆竹區","121.285","25.045","560"
"1773","383059","20220824072000","1100","3","桃園市","蘆竹區","121.285","25.050","1709"
"1062","383060","20220824072000","1206","0","桃園市","蘆竹區","121.285","25.055","1056"
"796","383094","20220824072000","895","0","桃園市","觀音區","121.050","25.025","815"
"368","383096","20220824072000","567","0","桃園市","觀音區","121.080","25.030","370"
"760","383099","20220824072000","717","1","桃園市","觀音區","121.085","25.035","749"
"1257","383113","20220824072000","836","3","桃園市","觀音區","121.120","25.025","1218"
"395","383117","20220824072000","337","1","桃園市","觀音區","121.115","25.025","439"
"1097","383118","20220824072000","1099","0","新北市","樹林區","121.410","25.015","1104"
"1345","383121","20220824072000","1426","0","新北市","泰山區","121.440","25.045","1338"
"27","383122","20220824072000","415","0","新北市","泰山區","121.430","25.050","24"
"888","383124","20220824072000","646","2","新北市","泰山區","121.440","25.050","884"
"74","383125","20220824072000","742","0","新北市","泰山區","121.435","25.055","68"
"1099","383126","20220824072000","1155","0","新北市","泰山區","121.425","25.050","1093"
"1431","383127","20220824072000","1271","1","新北市","新莊區","121.440","25.055","1603"
"1168","383128","20220824072000","2095","0","新北市","新莊區","121.445","25.055","1100"
"3660","383129","20220824072000","4256","0","新北市","新莊區","121.450","25.055","3826"
"4227","383130","20220824072000","5152","0","新北市","新莊區","121.450","25.050","4194"
"1014","383131","20220824072000","1164","0","新北市","新莊區","121.455","25.040","1059"
"163","383132","20220824072000","39","3","新北市","板橋區","121.435","24.995","169"
"1451","383134","20220824072000","1572","0","新北市","板橋區","121.445","24.995","1469"
"3483","383141","20220824072000","4435","0","新北市","永和區","121.515","25.005","3569"
"3962","383142","20220824072000","4427","0","新北市","板橋區","121.470","25.025","3906"
"4291","383143","20220824072000","4533","0","新北市","板橋區","121.475","25.030","4236"
"2240","383144","20220824072000","2675","0","新北市","新莊區","121.445","25.045","2238"
"565","383152","20220824072000","478","1","新北市","泰山區","121.400","25.055","466"
"2729","383156","20220824072000","2657","1","新北市","汐止區","121.625","25.040","2714"
"30","383165","20220824072000","37","0","新北市","雙溪區","121.865","25.045","35"
"13","383200","20220824072000","16","0","新北市","雙溪區","121.790","25.015","13"
"95","383202","20220824072000","107","0","新北市","雙溪區","121.800","25.015","88"
"521","383204","20220824072000","678","0","新北市","中和區","121.490","25.010","551"
"587","383205","20220824072000","787","0","新北市","樹林區","121.430","25.000","639"
"2807","383207","20220824072000","2995","0","新北市","永和區","121.515","24.995","2854"
"2237","383208","20220824072000","1717","2","桃園市","桃園區","121.315","25.005","2171"
"706","383209","20220824072000","1187","0","桃園市","桃園區","121.315","25.010","765"
"589","383210","20220824072000","710","0","臺北市","萬華區","121.495","25.010","575"
"1208","383211","20220824072000","1856","0","新北市","永和區","121.500","25.010","1195"
"3783","383212","20220824072000","3545","1","新北市","永和區","121.510","25.015","3754"
"709","383214","20220824072000","668","1","新北市","汐止區","121.625","25.050","745"
"725","383218","20220824072000","584","2","桃園市","蘆竹區","121.290","25.055","702"
"973","383219","20220824072000","817","1","桃園市","蘆竹區","121.295","25.050","962"
"1077","383220","20220824072000","1883","0","桃園市","蘆竹區","121.300","25.050","1336"
"1862","383222","20220824072000","1570","1","桃園市","蘆竹區","121.300","25.055","1830"
"17","383225","20220824072000","15","1","桃園市","蘆竹區","121.315","25.055","11"
"242","383229","20220824072000","188","2","新北市","石碇區","121.645","25.005","214"
"21","383234","20220824072000","19","1","新北市","石碇區","121.700","24.995","19"
"72","383253","20220824072000","75","0","新北市","石碇區","121.665","25.010","79"
"338","383254","20220824072000","307","1","新北市","石碇區","121.645","25.010","354"
"78","383261","20220824072000","79","0","新北市","石碇區","121.655","25.015","79"
"508","383272","20220824072000","441","1","桃園市","觀音區","121.100","25.005","511"
"18","383274","20220824072000","14","2","桃園市","觀音區","121.100","25.010","16"
"683","383277","20220824072000","615","1","桃園市","觀音區","121.095","25.020","642"
"326","383281","20220824072000","352","0","桃園市","觀音區","121.095","25.025","317"
"1698","383283","20220824072000","1747","0","桃園市","桃園區","121.285","24.995","1675"
"194","383284","20220824072000","338","0","桃園市","桃園區","121.290","24.995","218"
"927","383285","20220824072000","890","1","桃園市","桃園區","121.285","25.000","805"
"3474","383286","20220824072000","3526","0","桃園市","蘆竹區","121.290","25.045","3772"
"285","383287","20220824072000","219","2","桃園市","桃園區","121.280","25.030","289"
"683","383290","20220824072000","559","2","桃園市","蘆竹區","121.280","25.035","655"
"1330","383291","20220824072000","1732","0","桃園市","蘆竹區","121.285","25.035","1328"
"2446","383294","20220824072000","1817","2","桃園市","蘆竹區","121.285","25.040","2459"
"2664","383295","20220824072000","3725","0","桃園市","蘆竹區","121.290","25.040","2733"
"12","383299","20220824072000","164","0","桃園市","蘆竹區","121.255","25.025","13"
"317","383301","20220824072000","301","1","桃園市","蘆竹區","121.250","25.035","312"
"370","383311","20220824072000","321","1","桃園市","蘆竹區","121.240","25.040","346"
"162","383313","20220824072000","128","2","桃園市","蘆竹區","121.255","25.040","169"
"15","383315","20220824072000","108","0","桃園市","蘆竹區","121.250","25.045","15"
"560","383318","20220824072000","662","0","桃園市","蘆竹區","121.265","25.025","580"
"775","383325","20220824072000","542","2","桃園市","蘆竹區","121.275","25.030","733"
"36","383357","20220824072000","37","0","新北市","雙溪區","121.880","25.020","40"
"10","383364","20220824072000","39","0","新北市","雙溪區","121.870","25.030","10"
"2175","383376","20220824072000","3019","0","新北市","中和區","121.485","25.000","2113"
"2593","383377","20220824072000","3204","0","新北市","中和區","121.485","25.005","2561"
"2558","383378","20220824072000","4689","0","新北市","中和區","121.500","25.000","2538"
"2632","383379","20220824072000","3380","0","新北市","板橋區","121.465","25.010","2522"
"3526","383380","20220824072000","3126","1","新北市","板橋區","121.470","25.010","3407"
"1158","383384","20220824072000","898","2","新北市","汐止區","121.635","25.040","1179"
"222","383424","20220824072000","372","0","桃園市","蘆竹區","121.255","25.050","216"
"623","383426","20220824072000","423","2","桃園市","蘆竹區","121.265","25.050","634"
"473","383435","20220824072000","302","3","桃園市","蘆竹區","121.275","25.055","466"
"492","383437","20220824072000","420","1","桃園市","大園區","121.160","25.030","486"
"490","383449","20220824072000","450","1","桃園市","觀音區","121.155","25.050","478"
"1539","383456","20220824072000","1392","1","桃園市","觀音區","121.140","25.010","1537"
"706","383457","20220824072000","640","1","桃園市","觀音區","121.145","25.010","626"
"550","383463","20220824072000","463","1","桃園市","觀音區","121.130","25.005","550"
"224","383469","20220824072000","221","1","桃園市","觀音區","121.060","25.025","204"
"376","383475","20220824072000","373","1","桃園市","觀音區","121.065","25.025","367"
"11","383478","20220824072000","16","0","桃園市","觀音區","121.060","25.030","13"
"168","383483","20220824072000","208","0","桃園市","觀音區","121.060","25.035","146"
"126","383485","20220824072000","246","0","桃園市","觀音區","121.070","25.035","129"
"145","383489","20220824072000","174","0","桃園市","觀音區","121.070","25.040","131"
"1477","383492","20220824072000","1643","0","新北市","三重區","121.475","25.050","1557"
"3770","383493","20220824072000","4160","0","新北市","中和區","121.510","24.995","3762"
"4447","383494","20220824072000","5524","0","新北市","中和區","121.510","25.000","4349"
"3081","383495","20220824072000","2969","1","新北市","板橋區","121.455","25.010","2964"
"4213","383496","20220824072000","4091","1","新北市","板橋區","121.455","25.020","4282"
"2385","383500","20220824072000","3098","0","新北市","樹林區","121.425","24.995","2444"
"192","383502","20220824072000","471","0","新北市","樹林區","121.405","25.005","209"
"66","383503","20220824072000","446","0","新北市","樹林區","121.410","25.005","77"
"2504","383507","20220824072000","2556","0","新北市","永和區","121.505","25.015","2479"
"91","383513","20220824072000","113","0","桃園市","中壢區","121.245","24.995","42"
"1291","383515","20220824072000","1111","1","桃園市","中壢區","121.225","25.000","1256"
"632","383519","20220824072000","532","1","桃園市","中壢區","121.245","25.000","524"
"914","383520","20220824072000","921","0","桃園市","中壢區","121.250","25.000","851"
"348","383521","20220824072000","223","3","桃園市","中壢區","121.230","25.005","381"
"698","383524","20220824072000","581","2","桃園市","中壢區","121.245","25.005","696"
"500","383526","20220824072000","401","2","桃園市","大園區","121.245","25.010","475"
"1186","383529","20220824072000","855","2","桃園市","中壢區","121.175","24.995","1162"
"687","383553","20220824072000","526","2","桃園市","中壢區","121.220","25.005","669"
"15","383554","20220824072000","138","0","桃園市","中壢區","121.215","25.010","21"
"906","383557","20220824072000","752","2","桃園市","中壢區","121.220","25.015","882"
"1618","383559","20220824072000","1679","0","新北市","板橋區","121.480","25.030","1633"
"333","383560","20220824072000","287","1","新北市","樹林區","121.420","25.005","353"
"2487","383562","20220824072000","2066","2","新北市","新莊區","121.430","25.005","2408"
"1108","383563","20220824072000","1129","0","新北市","樹林區","121.425","25.010","1107"
"311","383564","20220824072000","908","0","新北市","樹林區","121.425","25.000","360"
"3912","383565","20220824072000","3701","1","新北市","永和區","121.515","25.000","3880"
"2972","383566","20220824072000","3256","0","新北市","永和區","121.520","25.005","2975"
"2517","383567","20220824072000","1897","2","新北市","中和區","121.480","25.005","2518"
"782","383568","20220824072000","705","1","新北市","泰山區","121.415","25.050","773"
"1732","383572","20220824072000","1837","0","新北市","泰山區","121.430","25.055","1778"
"2742","383573","20220824072000","2256","2","新北市","板橋區","121.460","25.000","2798"
"4555","383574","20220824072000","4257","1","新北市","中和區","121.495","25.000","4480"
"2197","383575","20220824072000","2756","0","新北市","板橋區","121.465","25.030","2182"
"4567","383576","20220824072000","4056","1","新北市","板橋區","121.470","25.030","4529"
"12","383582","20220824072000","740","0","新北市","深坑區","121.620","25.005","12"
"192","383589","20220824072000","189","1","新北市","深坑區","121.615","25.000","190"
"419","383590","20220824072000","774","0","新北市","深坑區","121.620","25.000","387"
"1332","383591","20220824072000","1182","1","新北市","深坑區","121.625","25.000","1369"
"509","383599","20220824072000","300","3","新北市","深坑區","121.635","25.005","498"
"1446","383600","20220824072000","1326","1","新北市","深坑區","121.615","25.005","1418"
"4272","383602","20220824072000","4368","0","新北市","板橋區","121.480","25.025","4199"
"3176","383603","20220824072000","4346","0","新北市","新莊區","121.445","25.035","3397"
"219","383604","20220824072000","682","0","新北市","永和區","121.530","25.000","208"
"2410","383605","20220824072000","3337","0","新北市","板橋區","121.480","25.020","2420"
"4270","383606","20220824072000","4282","0","新北市","板橋區","121.480","25.015","4343"
"1523","383607","20220824072000","1539","0","桃園市","桃園區","121.310","25.010","1537"
"3290","383608","20220824072000","2555","2","桃園市","桃園區","121.310","25.015","3231"
"2887","383609","20220824072000","4416","0","新北市","永和區","121.510","25.010","2868"
"3819","383610","20220824072000","3992","0","新北市","永和區","121.515","25.010","3826"
"3151","383611","20220824072000","3151","1","新北市","板橋區","121.460","25.015","3224"
"2379","383612","20220824072000","3069","0","新北市","板橋區","121.465","25.000","2362"
"1934","383614","20220824072000","1451","2","桃園市","桃園區","121.300","25.010","1843"
"2993","383615","20220824072000","2700","1","桃園市","桃園區","121.315","24.995","3011"
"206","383616","20220824072000","284","0","新北市","深坑區","121.605","25.005","208"
"239","383618","20220824072000","337","0","新北市","深坑區","121.600","25.010","217"
"1883","383631","20220824072000","1990","0","新北市","深坑區","121.600","25.005","1806"
"2155","383632","20220824072000","2146","1","新北市","中和區","121.485","25.015","2099"
"2848","383633","20220824072000","2853","0","新北市","板橋區","121.475","25.015","2833"
"4078","383634","20220824072000","4092","0","新北市","板橋區","121.450","25.015","4129"
"2412","383635","20220824072000","2938","0","新北市","永和區","121.510","25.005","2445"
"2427","383636","20220824072000","2356","1","新北市","板橋區","121.450","25.010","2380"
"789","383637","20220824072000","849","0","新北市","樹林區","121.405","25.015","769"
"371","383638","20220824072000","280","2","新北市","樹林區","121.420","25.010","439"
"1245","383639","20220824072000","1081","1","新北市","樹林區","121.415","25.015","1251"
"59","383641","20220824072000","45","2","新北市","平溪區","121.765","25.035","60"
"181","383658","20220824072000","165","1","新北市","平溪區","121.775","25.040","157"
"129","383678","20220824072000","74","3","新北市","平溪區","121.740","25.025","107"
"116","383679","20220824072000","92","2","新北市","平溪區","121.745","25.025","106"
"21","383682","20220824072000","24","0","新北市","平溪區","121.745","25.030","33"
"27","383718","20220824072000","18","3","新北市","平溪區","121.780","25.025","29"
"40","383787","20220824072000","29","2","新北市","平溪區","121.750","25.005","35"
"76","383811","20220824072000","238","0","新北市","平溪區","121.715","25.020","66"
"1068","383828","20220824072000","2104","0","新北市","中和區","121.475","24.995","1070"
"4708","383829","20220824072000","6048","0","新北市","板橋區","121.470","25.020","4650"
"414","383830","20220824072000","432","0","新北市","板橋區","121.440","25.005","439"
"1142","383831","20220824072000","637","3","新北市","新莊區","121.440","25.015","1109"
"1471","383833","20220824072000","2370","0","新北市","永和區","121.515","25.020","1441"
"193","383834","20220824072000","165","1","新北市","汐止區","121.645","25.030","190"
"317","383848","20220824072000","301","1","新北市","汐止區","121.645","25.040","330"
"29","383859","20220824072000","35","0","新北市","汐止區","121.670","25.045","25"
"36","383862","20220824072000","87","0","新北市","汐止區","121.660","25.050","34"
"857","383865","20220824072000","930","0","新北市","永和區","121.530","25.005","881"
"766","383866","20220824072000","790","0","新北市","新莊區","121.465","25.045","754"
"1659","383867","20220824072000","1893","0","新北市","新莊區","121.415","25.025","1598"
"1529","383868","20220824072000","2609","0","新北市","中和區","121.525","24.995","1556"
"993","383871","20220824072000","1328","0","桃園市","中壢區","121.200","25.010","959"
"656","383880","20220824072000","519","2","桃園市","中壢區","121.200","25.020","673"
"84","383883","20220824072000","139","0","新北市","深坑區","121.635","25.010","72"
"4330","383889","20220824072000","2826","3","新北市","板橋區","121.465","25.015","4316"
"24","383890","20220824072000","218","0","新北市","板橋區","121.475","25.035","19"
"1307","383891","20220824072000","1276","1","新北市","板橋區","121.480","25.035","1258"
"5015","383893","20220824072000","4908","1","新北市","板橋區","121.465","25.020","5022"
"2811","383894","20220824072000","2713","1","新北市","板橋區","121.460","25.020","2768"
"3270","383895","20220824072000","2780","1","新北市","永和區","121.525","25.010","3091"
"4881","383896","20220824072000","4873","1","新北市","永和區","121.525","25.000","4877"
"684","383897","20220824072000","694","0","桃園市","龜山區","121.365","25.030","673"
"859","383900","20220824072000","909","0","桃園市","龜山區","121.360","25.040","849"
"776","383902","20220824072000","807","0","桃園市","龜山區","121.360","25.045","795"
"1541","383903","20220824072000","1328","1","桃園市","龜山區","121.360","25.050","1450"
"1052","383904","20220824072000","1588","0","桃園市","龜山區","121.365","25.050","1076"
"1378","383905","20220824072000","1386","0","桃園市","龜山區","121.360","25.055","1404"
"3394","383906","20220824072000","2187","3","桃園市","龜山區","121.365","25.055","3408"
"2579","383907","20220824072000","1469","3","桃園市","龜山區","121.375","25.035","2530"
"425","383908","20220824072000","460","0","桃園市","龜山區","121.370","25.040","420"
"370","383909","20220824072000","298","2","桃園市","龜山區","121.375","25.040","376"
"113","383910","20220824072000","80","2","桃園市","龜山區","121.365","25.045","100"
"839","383911","20220824072000","678","2","桃園市","龜山區","121.370","25.045","861"
"89","383912","20220824072000","177","0","桃園市","龜山區","121.375","25.045","146"
"917","383913","20220824072000","959","0","桃園市","龜山區","121.370","25.050","915"
"959","383914","20220824072000","452","3","桃園市","龜山區","121.375","25.050","947"
"1690","383915","20220824072000","1796","0","桃園市","龜山區","121.370","25.055","1727"
"1939","383916","20220824072000","1544","2","桃園市","龜山區","121.375","25.055","1941"
"489","383919","20220824072000","559","0","桃園市","龜山區","121.360","25.000","490"
"387","383920","20220824072000","376","1","桃園市","龜山區","121.365","25.000","374"
"792","383922","20220824072000","758","1","桃園市","龜山區","121.340","25.000","805"
"471","383924","20220824072000","411","1","桃園市","龜山區","121.340","25.005","468"
"1049","383928","20220824072000","1053","0","桃園市","龜山區","121.365","25.005","1039"
"482","383930","20220824072000","306","3","桃園市","龜山區","121.355","25.010","473"
"261","383939","20220824072000","361","0","桃園市","龜山區","121.360","25.020","261"
"672","383940","20220824072000","628","1","桃園市","龜山區","121.365","25.015","653"
"145","383941","20220824072000","210","0","桃園市","龜山區","121.370","25.020","162"
"117","383945","20220824072000","151","0","桃園市","龜山區","121.365","25.020","124"
"10","383952","20220824072000","27","0","桃園市","龜山區","121.380","25.025","25"
"1619","383958","20220824072000","1486","1","桃園市","龜山區","121.335","24.995","1559"
"865","383959","20220824072000","832","1","桃園市","龜山區","121.345","25.005","892"
"800","383962","20220824072000","738","1","桃園市","龜山區","121.345","25.010","789"
"491","383966","20220824072000","396","2","桃園市","龜山區","121.345","25.015","460"
"315","383978","20220824072000","332","0","桃園市","龜山區","121.350","25.020","327"
"43","383987","20220824072000","41","1","桃園市","龜山區","121.345","25.030","43"
"160","383989","20220824072000","151","1","桃園市","龜山區","121.355","25.030","158"
"78","383991","20220824072000","100","0","桃園市","龜山區","121.380","25.020","106"
"230","383995","20220824072000","494","0","桃園市","龜山區","121.385","25.025","220"
"33","383996","20220824072000","292","0","桃園市","龜山區","121.390","25.025","35"
"935","384001","20220824072000","1973","0","桃園市","龜山區","121.390","25.030","861"
"492","384003","20220824072000","293","3","桃園市","龜山區","121.385","25.035","456"
"803","384004","20220824072000","1287","0","桃園市","龜山區","121.390","25.035","780"
"73","384008","20220824072000","30","3","桃園市","龜山區","121.385","25.040","78"
"1189","384009","20220824072000","1149","1","桃園市","龜山區","121.390","25.040","1156"
"1687","384015","20220824072000","941","3","桃園市","龜山區","121.380","25.050","1666"
"92","384019","20220824072000","498","0","桃園市","龜山區","121.380","25.055","103"
"6015","384021","20220824072000","6440","0","臺北市","中山區","121.525","25.050","5915"
"5791","384022","20220824072000","5952","0","臺北市","中山區","121.530","25.055","5835"
"462","384040","20220824072000","420","1","桃園市","大園區","121.185","25.045","463"
"317","384041","20220824072000","324","0","桃園市","大園區","121.190","25.045","325"
"173","384058","20220824072000","161","1","桃園市","龜山區","121.355","24.995","174"
"291","384060","20220824072000","232","2","桃園市","龜山區","121.355","25.000","330"
"2400","384064","20220824072000","2786","0","新北市","永和區","121.510","25.020","2475"
"2479","384065","20220824072000","2820","0","臺北市","中正區","121.515","25.025","2432"
"1652","384066","20220824072000","3455","0","臺北市","中正區","121.525","25.020","1699"
"768","384067","20220824072000","1020","0","臺北市","中正區","121.515","25.040","771"
"4826","384068","20220824072000","5295","0","臺北市","中正區","121.515","25.045","4846"
"5312","384069","20220824072000","4670","1","臺北市","中山區","121.535","25.055","5245"
"1709","384070","20220824072000","1757","0","臺北市","文山區","121.560","25.005","1705"
"695","384071","20220824072000","783","0","臺北市","大安區","121.560","25.010","720"
"279","384072","20220824072000","1192","0","桃園市","桃園區","121.310","24.995","273"
"3842","384073","20220824072000","3985","0","臺北市","中山區","121.535","25.045","3796"
"1748","384074","20220824072000","2517","0","臺北市","中山區","121.535","25.050","1734"
"3137","384075","20220824072000","2756","1","臺北市","中正區","121.515","25.030","3133"
"4003","384076","20220824072000","5862","0","臺北市","信義區","121.565","25.025","3984"
"1781","384077","20220824072000","1978","0","臺北市","信義區","121.575","25.045","1734"
"422","384078","20220824072000","517","0","臺北市","信義區","121.585","25.035","387"
"1042","384079","20220824072000","1333","0","臺北市","信義區","121.565","25.020","1032"
"803","384081","20220824072000","826","0","桃園市","桃園區","121.290","25.010","794"
"867","384082","20220824072000","1621","0","桃園市","桃園區","121.285","25.015","848"
"1061","384083","20220824072000","950","1","桃園市","桃園區","121.290","25.015","998"
"3775","384084","20220824072000","4158","0","臺北市","中正區","121.525","25.045","3837"
"4029","384085","20220824072000","3192","2","臺北市","中正區","121.530","25.045","4093"
"1424","384086","20220824072000","2518","0","臺北市","中正區","121.530","25.010","1401"
"4587","384087","20220824072000","4727","0","臺北市","中山區","121.525","25.055","4553"
"2497","384088","20220824072000","2646","0","臺北市","中山區","121.540","25.045","2539"
"3288","384089","20220824072000","3724","0","臺北市","大安區","121.540","25.040","3209"
"3449","384090","20220824072000","3700","0","臺北市","中正區","121.520","25.030","3495"
"1238","384091","20220824072000","1165","1","臺北市","中正區","121.520","25.035","1268"
"3227","384092","20220824072000","3098","1","臺北市","中正區","121.520","25.040","3328"
"6515","384093","20220824072000","6988","0","臺北市","中正區","121.525","25.040","6481"
"274","384094","20220824072000","933","0","臺北市","中正區","121.525","25.015","285"
"1518","384100","20220824072000","1114","2","桃園市","中壢區","121.200","25.000","1516"
"10","384101","20220824072000","149","0","桃園市","中壢區","121.205","25.000","10"
"749","384103","20220824072000","542","2","桃園市","中壢區","121.200","25.005","732"
"1286","384104","20220824072000","1449","0","新北市","泰山區","121.420","25.030","1350"
"465","384106","20220824072000","390","1","新北市","泰山區","121.425","25.035","447"
"1881","384109","20220824072000","2470","0","新北市","泰山區","121.420","25.040","1861"
"998","384111","20220824072000","1113","0","新北市","泰山區","121.425","25.040","999"
"1883","384112","20220824072000","1802","1","新北市","泰山區","121.430","25.040","1868"
"113","384113","20220824072000","100","1","桃園市","龜山區","121.330","24.995","116"
"86","384129","20220824072000","72","1","桃園市","龜山區","121.375","25.010","91"
"552","384131","20220824072000","505","1","桃園市","龜山區","121.385","25.010","578"
"254","384132","20220824072000","208","2","桃園市","龜山區","121.390","25.010","259"
"1096","384140","20220824072000","1027","1","桃園市","龜山區","121.395","25.020","1153"
"469","384141","20220824072000","606","0","桃園市","龜山區","121.400","25.020","502"
"1271","384142","20220824072000","1246","1","桃園市","龜山區","121.340","24.995","1254"
"2159","384145","20220824072000","2039","1","桃園市","龜山區","121.345","25.000","2148"
"5212","384146","20220824072000","6295","0","臺北市","中山區","121.520","25.055","5190"
"1066","384147","20220824072000","905","1","桃園市","桃園區","121.305","25.025","1113"
"69","384149","20220824072000","62","1","桃園市","新屋區","121.030","25.000","81"
"163","384152","20220824072000","187","0","桃園市","新屋區","121.030","25.005","164"
"103","384164","20220824072000","123","0","桃園市","新屋區","121.060","24.995","91"
"309","384167","20220824072000","204","3","桃園市","新屋區","121.060","25.000","277"
"553","384185","20220824072000","600","0","桃園市","新屋區","121.075","25.005","554"
"16","384188","20220824072000","111","0","桃園市","桃園區","121.325","25.000","18"
"77","384189","20220824072000","80","0","桃園市","桃園區","121.320","25.005","75"
"983","384190","20220824072000","929","1","桃園市","桃園區","121.325","25.005","990"
"2969","384194","20220824072000","3614","0","臺北市","中正區","121.510","25.025","3011"
"31","384227","20220824072000","27","1","新北市","貢寮區","121.955","25.005","19"
"46","384234","20220824072000","27","3","新北市","貢寮區","121.950","25.010","49"
"342","384241","20220824072000","253","2","新北市","貢寮區","121.945","25.015","488"
"64","384254","20220824072000","67","0","新北市","貢寮區","121.970","25.025","79"
"351","384267","20220824072000","317","1","新北市","貢寮區","121.905","25.020","336"
"26","384270","20220824072000","24","1","新北市","貢寮區","121.900","25.025","22"
"126","384299","20220824072000","104","2","新北市","貢寮區","121.920","25.010","108"
"30","384306","20220824072000","48","0","新北市","貢寮區","121.930","25.015","37"
"34","384338","20220824072000","31","1","新北市","貢寮區","121.905","25.010","37"
"427","384342","20220824072000","255","3","新北市","貢寮區","121.945","25.020","428"
"111","384349","20220824072000","76","2","新北市","貢寮區","121.930","25.030","97"
"17","384353","20220824072000","11","3","新北市","貢寮區","121.930","25.035","21"
"2083","384355","20220824072000","1874","1","桃園市","龜山區","121.400","25.015","2065"
"2945","384356","20220824072000","2790","1","桃園市","龜山區","121.405","25.020","2928"
"209","384362","20220824072000","195","1","桃園市","新屋區","121.045","25.005","216"
"162","384367","20220824072000","242","0","桃園市","桃園區","121.320","24.995","195"
"1752","384368","20220824072000","1868","0","桃園市","桃園區","121.325","24.995","1789"
"1560","384371","20220824072000","1756","0","桃園市","桃園區","121.295","25.000","1574"
"652","384372","20220824072000","601","1","桃園市","桃園區","121.280","25.005","594"
"110","384373","20220824072000","91","2","桃園市","桃園區","121.285","25.005","109"
"1262","384374","20220824072000","1393","0","桃園市","桃園區","121.280","25.010","1288"
"1627","384375","20220824072000","1893","0","桃園市","桃園區","121.300","25.000","1566"
"1330","384376","20220824072000","1385","0","桃園市","桃園區","121.305","25.000","1341"
"1192","384377","20220824072000","1095","1","桃園市","桃園區","121.310","25.025","1195"
"435","384378","20220824072000","306","2","桃園市","桃園區","121.310","25.020","438"
"852","384379","20220824072000","557","3","桃園市","桃園區","121.315","25.025","794"
"1509","384382","20220824072000","1775","0","桃園市","桃園區","121.300","25.025","1555"
"984","384383","20220824072000","973","1","桃園市","桃園區","121.305","25.020","1046"
"10","384386","20220824072000","12","0","桃園市","桃園區","121.300","25.030","12"
"35","384387","20220824072000","39","0","桃園市","桃園區","121.295","24.995","27"
"2345","384388","20220824072000","3270","0","臺北市","中山區","121.530","25.050","2311"
"3792","384389","20220824072000","3935","0","桃園市","桃園區","121.295","25.025","3749"
"29","384391","20220824072000","72","0","桃園市","蘆竹區","121.295","25.035","26"
"3718","384392","20220824072000","3719","0","桃園市","蘆竹區","121.295","25.040","3714"
"2102","384393","20220824072000","2392","0","桃園市","桃園區","121.300","25.015","2125"
"4787","384394","20220824072000","3707","2","桃園市","桃園區","121.295","25.015","4805"
"2801","384395","20220824072000","2647","1","桃園市","桃園區","121.320","25.010","2860"
"1805","384398","20220824072000","1170","3","桃園市","桃園區","121.310","25.000","1825"
"741","384399","20220824072000","798","0","桃園市","桃園區","121.315","25.000","731"
"422","384400","20220824072000","491","0","桃園市","桃園區","121.320","25.000","434"
"825","384401","20220824072000","852","0","桃園市","桃園區","121.310","25.005","887"
"326","384402","20220824072000","338","0","臺北市","南港區","121.590","25.035","402"
"249","384403","20220824072000","343","0","臺北市","大安區","121.550","25.015","279"
"3294","384404","20220824072000","4172","0","臺北市","大安區","121.555","25.020","3220"
"4976","384405","20220824072000","5226","0","臺北市","大安區","121.550","25.020","4894"
"1958","384408","20220824072000","1862","1","桃園市","桃園區","121.305","25.010","2001"
"2200","384409","20220824072000","3783","0","臺北市","中正區","121.530","25.015","2235"
"3541","384410","20220824072000","3815","0","臺北市","中正區","121.525","25.035","3656"
"1741","384411","20220824072000","2274","0","臺北市","中山區","121.540","25.050","1764"
"915","384412","20220824072000","1143","0","桃園市","桃園區","121.290","25.020","912"
"3796","384413","20220824072000","4619","0","臺北市","信義區","121.560","25.045","3826"
"47","384415","20220824072000","160","0","桃園市","桃園區","121.300","24.995","47"
"1678","384416","20220824072000","1903","0","桃園市","桃園區","121.290","25.025","1653"
"1005","384417","20220824072000","977","1","桃園市","桃園區","121.290","25.005","1053"
"1842","384418","20220824072000","2013","0","桃園市","桃園區","121.295","25.005","1946"
"930","384419","20220824072000","1377","0","桃園市","桃園區","121.295","25.010","982"
"3019","384420","20220824072000","3474","0","臺北市","大同區","121.510","25.055","3087"
"1623","384421","20220824072000","1513","1","臺北市","中正區","121.520","25.020","1658"
"5252","384422","20220824072000","4299","2","臺北市","信義區","121.570","25.025","5379"
"1635","384424","20220824072000","1540","1","臺北市","信義區","121.570","25.030","1654"
"1124","384425","20220824072000","1591","0","臺北市","信義區","121.575","25.030","1145"
"3187","384426","20220824072000","3499","0","臺北市","大同區","121.515","25.050","3219"
"5235","384427","20220824072000","4572","1","臺北市","中山區","121.520","25.050","5135"
"2244","384428","20220824072000","2494","0","臺北市","大同區","121.515","25.055","2193"
"2550","384429","20220824072000","2349","1","桃園市","桃園區","121.305","24.995","2580"
"2799","384430","20220824072000","2248","2","桃園市","桃園區","121.300","25.005","2686"
"1040","384431","20220824072000","1037","1","臺北市","大同區","121.505","25.050","1148"
"2184","384432","20220824072000","2282","0","臺北市","大同區","121.510","25.050","2157"
"231","384433","20220824072000","1197","0","臺北市","大安區","121.555","25.040","234"
"5697","384434","20220824072000","6160","0","臺北市","大安區","121.555","25.030","5616"
"3611","384435","20220824072000","3462","1","臺北市","大安區","121.530","25.025","3514"
"918","384436","20220824072000","2382","0","臺北市","大安區","121.525","25.030","973"
"4376","384437","20220824072000","5099","0","臺北市","大安區","121.525","25.025","4410"
"2593","384438","20220824072000","2581","1","臺北市","大安區","121.545","25.035","2563"
"5384","384439","20220824072000","6719","0","臺北市","大安區","121.545","25.030","5265"
"3821","384440","20220824072000","4097","0","臺北市","大安區","121.555","25.035","3792"
"2997","384441","20220824072000","4908","0","臺北市","大安區","121.550","25.025","3109"
"5718","384442","20220824072000","5521","1","臺北市","中正區","121.530","25.035","5751"
"2866","384443","20220824072000","2605","1","臺北市","中正區","121.510","25.045","2820"
"597","384446","20220824072000","559","1","桃園市","蘆竹區","121.270","25.015","613"
"507","384447","20220824072000","371","2","桃園市","蘆竹區","121.260","25.025","535"
"1553","384448","20220824072000","1282","2","桃園市","蘆竹區","121.265","25.020","1564"
"246","384449","20220824072000","396","0","桃園市","蘆竹區","121.270","25.020","245"
"11","384454","20220824072000","17","0","桃園市","蘆竹區","121.255","25.000","12"
"18","384461","20220824072000","77","0","桃園市","蘆竹區","121.260","25.010","23"
"23","384463","20220824072000","134","0","桃園市","蘆竹區","121.250","25.015","37"
"553","384466","20220824072000","427","2","桃園市","蘆竹區","121.250","25.020","558"
"1586","384467","20220824072000","1227","2","桃園市","蘆竹區","121.255","25.020","1658"
"2896","384468","20220824072000","2150","2","桃園市","蘆竹區","121.260","25.020","2895"
"2648","384469","20220824072000","3047","0","桃園市","蘆竹區","121.295","25.055","2619"
"619","384473","20220824072000","634","0","桃園市","桃園區","121.305","25.030","631"
"109","384480","20220824072000","194","0","桃園市","龜山區","121.305","25.035","120"
"555","384489","20220824072000","909","0","桃園市","蘆竹區","121.295","25.045","938"
"1117","384497","20220824072000","1182","0","桃園市","龜山區","121.305","25.045","719"
"401","384499","20220824072000","455","0","桃園市","龜山區","121.315","25.045","419"
"31","384502","20220824072000","20","3","桃園市","龜山區","121.330","25.045","38"
"759","384507","20220824072000","668","1","桃園市","龜山區","121.320","25.050","670"
"1031","384514","20220824072000","937","1","桃園市","龜山區","121.335","25.055","1047"
"502","384517","20220824072000","571","0","桃園市","龜山區","121.340","25.035","516"
"245","384521","20220824072000","231","1","桃園市","龜山區","121.345","25.040","265"
"324","384522","20220824072000","208","3","桃園市","龜山區","121.350","25.040","317"
"28","384523","20220824072000","23","2","桃園市","龜山區","121.355","25.040","22"
"462","384525","20220824072000","734","0","桃園市","龜山區","121.350","25.045","473"
"566","384526","20220824072000","416","2","桃園市","龜山區","121.355","25.045","557"
"24","384527","20220824072000","39","0","桃園市","龜山區","121.345","25.050","17"
"600","384528","20220824072000","839","0","桃園市","龜山區","121.350","25.050","557"
"379","384532","20220824072000","337","1","桃園市","龜山區","121.350","25.055","421"
"875","384533","20220824072000","1905","0","臺北市","信義區","121.570","25.035","893"
"2163","384534","20220824072000","3122","0","臺北市","信義區","121.575","25.035","1868"
"21","384537","20220824072000","11","3","臺北市","南港區","121.625","25.020","11"
"87","384549","20220824072000","95","0","臺北市","南港區","121.630","25.030","80"
"1111","384552","20220824072000","878","2","臺北市","南港區","121.620","25.035","1114"
"94","384554","20220824072000","77","2","新北市","汐止區","121.630","25.035","100"
"1121","384555","20220824072000","979","1","臺北市","南港區","121.620","25.040","1099"
"3313","384556","20220824072000","4812","0","臺北市","信義區","121.575","25.040","3437"
"3556","384557","20220824072000","4429","0","臺北市","南港區","121.585","25.045","3510"
"97","384572","20220824072000","56","3","新北市","雙溪區","121.825","25.025","104"
"633","384614","20220824072000","814","0","新北市","雙溪區","121.865","25.035","667"
"31","384624","20220824072000","32","0","新北市","雙溪區","121.830","25.000","32"
"17","384641","20220824072000","28","0","新北市","雙溪區","121.805","25.015","24"
"112","384662","20220824072000","96","1","新北市","雙溪區","121.840","25.035","89"
"344","384679","20220824072000","254","2","新北市","雙溪區","121.865","25.040","330"
"40","384696","20220824072000","31","2","新北市","雙溪區","121.845","24.995","45"
"673","384710","20220824072000","726","0","桃園市","桃園區","121.275","25.020","667"
"537","384711","20220824072000","570","0","桃園市","桃園區","121.280","25.020","516"
"12","384715","20220824072000","295","0","臺北市","信義區","121.560","25.025","12"
"350","384716","20220824072000","630","0","臺北市","信義區","121.565","25.030","372"
"7221","384717","20220824072000","7717","0","臺北市","信義區","121.560","25.030","7285"
"2573","384718","20220824072000","3443","0","臺北市","中正區","121.520","25.025","2605"
"610","384719","20220824072000","966","0","桃園市","大園區","121.210","25.005","590"
"1268","384720","20220824072000","1213","1","桃園市","大園區","121.210","25.010","1314"
"1644","384721","20220824072000","1149","2","桃園市","大園區","121.210","25.015","1625"
"937","384722","20220824072000","761","2","桃園市","大園區","121.210","25.020","924"
"104","384723","20220824072000","121","0","桃園市","大園區","121.220","25.020","109"
"862","384726","20220824072000","908","0","桃園市","大園區","121.220","25.025","878"
"552","384729","20220824072000","585","0","桃園市","大園區","121.215","25.025","559"
"614","384731","20220824072000","524","1","桃園市","大園區","121.205","25.035","692"
"485","384739","20220824072000","368","2","桃園市","大園區","121.205","25.050","482"
"67","384743","20220824072000","61","1","桃園市","大園區","121.210","25.055","62"
"3030","384744","20220824072000","3737","0","臺北市","信義區","121.580","25.040","2943"
"760","384745","20220824072000","1202","0","臺北市","中正區","121.510","25.030","781"
"2941","384746","20220824072000","2935","1","臺北市","中正區","121.520","25.045","2883"
"2626","384747","20220824072000","3221","0","臺北市","中正區","121.505","25.030","2686"
"2067","384748","20220824072000","1874","1","臺北市","中正區","121.510","25.035","2072"
"133","384749","20220824072000","416","0","臺北市","中正區","121.515","25.035","121"
"2108","384750","20220824072000","2257","0","臺北市","中正區","121.510","25.040","2127"
"1867","384751","20220824072000","1710","1","桃園市","桃園區","121.305","25.015","1891"
"1912","384752","20220824072000","2054","0","桃園市","桃園區","121.300","25.020","1890"
"3463","384754","20220824072000","3203","1","桃園市","桃園區","121.295","25.020","3562"
"2904","384756","20220824072000","3033","0","桃園市","桃園區","121.315","25.015","2977"
"558","384757","20220824072000","2187","0","桃園市","桃園區","121.315","25.020","595"
"1813","384759","20220824072000","2162","0","桃園市","桃園區","121.305","25.005","1812"
"3425","384760","20220824072000","4371","0","臺北市","信義區","121.570","25.045","3404"
"722","384761","20220824072000","629","1","臺北市","信義區","121.575","25.015","707"
"293","384763","20220824072000","812","0","臺北市","信義區","121.575","25.020","293"
"661","384770","20220824072000","449","2","桃園市","大園區","121.225","25.015","677"
"733","384775","20220824072000","746","0","桃園市","大園區","121.230","25.020","707"
"39","384776","20220824072000","38","1","桃園市","大園區","121.235","25.020","44"
"424","384777","20220824072000","461","0","桃園市","大園區","121.240","25.020","419"
"237","384783","20220824072000","220","1","桃園市","大園區","121.230","25.025","226"
"87","384787","20220824072000","89","0","桃園市","大園區","121.220","25.035","88"
"724","384788","20220824072000","679","1","桃園市","大園區","121.225","25.035","766"
"478","384790","20220824072000","372","2","桃園市","大園區","121.165","25.050","498"
"709","384794","20220824072000","616","1","桃園市","大園區","121.160","25.055","719"
"225","384798","20220824072000","214","1","桃園市","大園區","121.175","25.055","246"
"422","384806","20220824072000","406","1","桃園市","大園區","121.175","25.030","435"
"328","384811","20220824072000","174","3","桃園市","大園區","121.180","25.035","331"
"315","384818","20220824072000","236","2","桃園市","大園區","121.215","25.035","373"
"488","384824","20220824072000","553","0","桃園市","大園區","121.215","25.045","494"
"168","384830","20220824072000","171","0","桃園市","大園區","121.215","25.055","164"
"675","384831","20220824072000","706","0","桃園市","大園區","121.220","25.055","632"
"3330","384843","20220824072000","4379","0","臺北市","松山區","121.550","25.045","3106"
"2106","384844","20220824072000","2690","0","臺北市","信義區","121.565","25.045","2074"
"87","384845","20220824072000","68","2","臺北市","南港區","121.595","25.035","89"
"2290","384846","20220824072000","2712","0","臺北市","大安區","121.535","25.020","2289"
"901","384847","20220824072000","890","1","臺北市","大安區","121.535","25.030","838"
"1468","384848","20220824072000","1216","2","臺北市","文山區","121.575","25.000","1599"
"75","384849","20220824072000","78","0","臺北市","文山區","121.590","25.000","86"
"265","384853","20220824072000","269","0","臺北市","文山區","121.585","25.005","285"
"475","384856","20220824072000","323","2","臺北市","文山區","121.570","25.010","459"
"106","384857","20220824072000","178","0","臺北市","文山區","121.575","25.010","120"
"68","384858","20220824072000","90","0","臺北市","文山區","121.580","25.010","63"
"62","384862","20220824072000","42","2","臺北市","文山區","121.590","25.010","75"
"814","384864","20220824072000","839","0","臺北市","大安區","121.540","25.010","787"
"3608","384865","20220824072000","3697","0","臺北市","文山區","121.540","25.005","3601"
"1390","384868","20220824072000","1496","0","臺北市","萬華區","121.490","25.035","1354"
"3058","384871","20220824072000","2960","1","臺北市","文山區","121.560","25.000","3186"
"1825","384874","20220824072000","1688","1","臺北市","萬華區","121.495","25.015","1972"
"72","384876","20220824072000","62","1","臺北市","信義區","121.565","25.015","73"
"2912","384878","20220824072000","3421","0","臺北市","大安區","121.550","25.035","2929"
"3176","384879","20220824072000","3347","0","臺北市","中正區","121.530","25.040","3165"
"10024","384880","20220824072000","8330","2","臺北市","大安區","121.550","25.030","10021"
"3895","384881","20220824072000","4740","0","臺北市","信義區","121.555","25.025","3856"
"1358","384882","20220824072000","937","2","臺北市","文山區","121.550","24.995","1306"
"3328","384883","20220824072000","3105","1","臺北市","文山區","121.550","25.000","3325"
"3415","384884","20220824072000","4222","0","臺北市","萬華區","121.500","25.020","3639"
"3838","384885","20220824072000","4198","0","臺北市","大安區","121.530","25.020","3829"
"4198","384886","20220824072000","3906","1","臺北市","大安區","121.540","25.035","4207"
"478","384888","20220824072000","437","1","臺北市","文山區","121.565","25.000","469"
"177","384889","20220824072000","437","0","臺北市","文山區","121.565","25.005","179"
"955","384890","20220824072000","1059","0","臺北市","文山區","121.570","25.005","705"
"48","384893","20220824072000","51","0","臺北市","文山區","121.585","24.995","45"
"343","384895","20220824072000","410","0","臺北市","文山區","121.580","25.000","366"
"380","384897","20220824072000","468","0","新北市","深坑區","121.600","25.000","369"
"3489","384898","20220824072000","4386","0","臺北市","文山區","121.540","24.995","3472"
"208","384899","20220824072000","243","0","臺北市","文山區","121.570","24.995","234"
"1638","384900","20220824072000","1499","1","臺北市","文山區","121.570","25.000","1781"
"5114","384901","20220824072000","5107","1","臺北市","文山區","121.540","25.000","5005"
"1708","384903","20220824072000","2016","0","臺北市","萬華區","121.505","25.020","1784"
"1358","384904","20220824072000","1360","0","臺北市","文山區","121.555","24.995","1323"
"1587","384905","20220824072000","1359","1","臺北市","文山區","121.560","24.995","1599"
"1627","384906","20220824072000","2250","0","臺北市","文山區","121.555","25.000","1608"
"1803","384907","20220824072000","1920","0","臺北市","文山區","121.550","25.005","1824"
"549","384908","20220824072000","427","2","臺北市","大安區","121.550","25.010","562"
"1536","384909","20220824072000","1964","0","臺北市","大安區","121.540","25.015","1483"
"725","384911","20220824072000","1919","0","臺北市","中正區","121.535","25.010","780"
"470","384913","20220824072000","1221","0","臺北市","大安區","121.545","25.010","449"
"2784","384914","20220824072000","3284","0","臺北市","大安區","121.535","25.015","2810"
"571","384916","20220824072000","1220","0","臺北市","大安區","121.545","25.015","595"
"3904","384917","20220824072000","4577","0","臺北市","大安區","121.550","25.040","3904"
"842","384918","20220824072000","1221","0","臺北市","文山區","121.535","24.995","871"
"3215","384919","20220824072000","2742","1","臺北市","松山區","121.545","25.045","2954"
"3041","384920","20220824072000","3370","0","臺北市","萬華區","121.500","25.040","3022"
"779","384922","20220824072000","932","0","臺北市","萬華區","121.490","25.030","780"
"5362","384923","20220824072000","5387","0","臺北市","萬華區","121.505","25.045","5463"
"1980","384924","20220824072000","2293","0","臺北市","南港區","121.585","25.050","1965"
"1013","384925","20220824072000","1618","0","臺北市","南港區","121.590","25.050","1058"
"1824","384926","20220824072000","1904","0","臺北市","南港區","121.590","25.040","1764"
"366","384927","20220824072000","600","0","臺北市","南港區","121.590","25.045","360"
"1313","384929","20220824072000","1515","0","臺北市","南港區","121.595","25.040","1304"
"417","384931","20220824072000","725","0","臺北市","南港區","121.595","25.045","413"
"92","384932","20220824072000","116","0","臺北市","南港區","121.600","25.045","94"
"1640","384933","20220824072000","1462","1","臺北市","南港區","121.595","25.050","1662"
"3380","384935","20220824072000","4183","0","臺北市","萬華區","121.495","25.030","3444"
"2068","384936","20220824072000","1638","2","臺北市","萬華區","121.490","25.025","2015"
"261","384937","20220824072000","303","0","臺北市","文山區","121.555","25.010","295"
"150","384938","20220824072000","168","0","臺北市","信義區","121.565","25.010","137"
"2072","384940","20220824072000","2797","0","臺北市","大安區","121.560","25.015","2061"
"3072","384941","20220824072000","3241","0","臺北市","松山區","121.550","25.050","4051"
"145","384942","20220824072000","317","0","臺北市","大安區","121.540","25.020","157"
"81","384943","20220824072000","1930","0","臺北市","大安區","121.540","25.025","73"
"7270","384944","20220824072000","7138","1","臺北市","松山區","121.555","25.050","7276"
"1766","384945","20220824072000","1662","1","臺北市","萬華區","121.495","25.035","1793"
"527","384946","20220824072000","572","0","臺北市","萬華區","121.495","25.040","557"
"1122","384947","20220824072000","1024","1","臺北市","文山區","121.565","24.995","1103"
"3694","384948","20220824072000","3336","1","臺北市","松山區","121.560","25.050","3669"
"3210","384949","20220824072000","4486","0","臺北市","松山區","121.565","25.050","3266"
"1698","384950","20220824072000","1249","2","臺北市","萬華區","121.490","25.020","1735"
"1115","384951","20220824072000","917","2","臺北市","萬華區","121.500","25.030","995"
"3734","384952","20220824072000","4018","0","臺北市","萬華區","121.505","25.040","3771"
"4495","384955","20220824072000","4976","0","臺北市","大安區","121.535","25.040","4580"
"3643","384956","20220824072000","2594","2","臺北市","松山區","121.555","25.045","3621"
"2494","384957","20220824072000","2175","1","臺北市","松山區","121.575","25.050","2457"
"4875","384958","20220824072000","4969","0","臺北市","南港區","121.580","25.050","4941"
"224","384960","20220824072000","292","0","臺北市","信義區","121.580","25.030","209"
"2160","384961","20220824072000","3241","0","臺北市","信義區","121.580","25.035","2230"
"1396","384962","20220824072000","4179","0","臺北市","信義區","121.580","25.045","1415"
"1929","384963","20220824072000","3412","0","臺北市","萬華區","121.500","25.035","1839"
"3668","384964","20220824072000","4819","0","臺北市","松山區","121.545","25.050","3574"
"2051","384965","20220824072000","1864","1","臺北市","萬華區","121.495","25.020","1997"
"2102","384966","20220824072000","2337","0","臺北市","萬華區","121.500","25.025","2124"
"456","384968","20220824072000","413","1","臺北市","信義區","121.570","25.015","445"
"128","384969","20220824072000","1647","0","臺北市","信義區","121.570","25.020","114"
"1684","384970","20220824072000","2846","0","臺北市","信義區","121.560","25.040","1620"
"3690","384971","20220824072000","4571","0","臺北市","大安區","121.535","25.035","3717"
"1836","384972","20220824072000","1900","0","臺北市","文山區","121.545","24.995","1901"
"1756","384973","20220824072000","1532","1","臺北市","大安區","121.555","25.015","1752"
"2999","384974","20220824072000","3519","0","臺北市","大安區","121.540","25.030","3130"
"186","384975","20220824072000","193","0","臺北市","文山區","121.545","25.005","220"
"830","384976","20220824072000","747","1","臺北市","文山區","121.535","25.000","855"
"721","384977","20220824072000","890","0","臺北市","文山區","121.535","25.005","720"
"2997","384978","20220824072000","4175","0","臺北市","萬華區","121.505","25.025","3339"
"1203","384983","20220824072000","1128","1","臺北市","南港區","121.610","25.050","1212"
"32","384984","20220824072000","132","0","臺北市","南港區","121.615","25.050","26"
"1033","384986","20220824072000","813","2","臺北市","南港區","121.615","25.040","991"
"955","384987","20220824072000","2120","0","臺北市","南港區","121.615","25.045","973"
"31","384992","20220824072000","24","2","臺北市","南港區","121.595","25.015","31"
"56","384996","20220824072000","43","2","臺北市","南港區","121.600","25.020","52"
"189","384997","20220824072000","255","0","臺北市","南港區","121.605","25.020","210"
"68","385006","20220824072000","69","0","臺北市","南港區","121.620","25.025","73"
"940","385010","20220824072000","696","2","臺北市","南港區","121.610","25.030","913"
"25","385015","20220824072000","577","0","臺北市","南港區","121.615","25.035","35"
"3767","385016","20220824072000","3700","1","臺北市","大安區","121.535","25.025","3730"
"2535","385018","20220824072000","3251","0","臺北市","大安區","121.545","25.020","2443"
"2587","385019","20220824072000","2937","0","臺北市","信義區","121.565","25.040","2497"
"3293","385020","20220824072000","3305","0","臺北市","信義區","121.570","25.040","3368"
"1411","385021","20220824072000","3336","0","臺北市","信義區","121.560","25.035","1449"
"1761","385022","20220824072000","1665","1","臺北市","信義區","121.565","25.035","1715"
"350","385023","20220824072000","290","2","臺北市","文山區","121.555","25.005","375"
"2087","385025","20220824072000","1903","1","臺北市","文山區","121.545","25.000","2092"
"3880","385026","20220824072000","4078","0","臺北市","萬華區","121.505","25.035","3884"
"1445","385027","20220824072000","1527","0","臺北市","萬華區","121.495","25.025","1373"
"5308","385028","20220824072000","5741","0","臺北市","大安區","121.545","25.040","5211"
"1934","385029","20220824072000","1893","1","臺北市","信義區","121.560","25.020","1852"
"41","385032","20220824072000","35","1","臺北市","信義區","121.590","25.030","39"
"3205","385033","20220824072000","3640","0","臺北市","信義區","121.585","25.040","3313"
"3728","385034","20220824072000","3684","1","臺北市","大安區","121.530","25.030","3736"
"3039","385035","20220824072000","3245","0","臺北市","大安區","121.545","25.025","3242"
"75","387378","20220824072000","48","3","新北市","貢寮區","121.920","25.075","85"
"304","391023","20220824072000","284","1","桃園市","大園區","121.240","25.115","330"
"341","392790","20220824072000","273","2","新北市","林口區","121.360","25.135","299"
"738","392791","20220824072000","664","1","基隆市","中正區(海)","121.745","25.135","815"
"92","392792","20220824072000","88","1","新北市","瑞芳區","121.805","25.135","121"
"1083","393254","20220824072000","1002","1","基隆市","中正區(海)","121.750","25.140","1051"
"2935","394037","20220824072000","3391","0","基隆市","七堵區","121.700","25.085","2905"
"101","394044","20220824072000","61","3","基隆市","七堵區","121.715","25.105","91"
"40","394049","20220824072000","25","3","基隆市","安樂區","121.710","25.120","24"
"699","394050","20220824072000","643","1","基隆市","中正區","121.760","25.140","677"
"872","394051","20220824072000","1050","0","基隆市","中正區","121.755","25.135","848"
"1604","394053","20220824072000","1465","1","基隆市","安樂區","121.720","25.125","1626"
"820","394054","20220824072000","764","1","基隆市","中山區","121.730","25.145","822"
"1387","394055","20220824072000","1459","0","新北市","三重區","121.475","25.065","1381"
"2091","394056","20220824072000","1598","2","新北市","三重區","121.490","25.070","2047"
"4251","394057","20220824072000","3632","1","新北市","汐止區","121.635","25.065","4315"
"3011","394058","20220824072000","2453","2","新北市","汐止區","121.660","25.065","3059"
"31","394059","20220824072000","24","2","新北市","汐止區","121.665","25.050","25"
"885","394060","20220824072000","731","2","新北市","汐止區","121.670","25.055","883"
"1023","394062","20220824072000","1365","0","新北市","汐止區","121.665","25.055","1016"
"1258","394064","20220824072000","3099","0","新北市","汐止區","121.660","25.060","1235"
"899","394066","20220824072000","623","2","基隆市","七堵區","121.695","25.080","850"
"990","394068","20220824072000","1175","0","基隆市","七堵區","121.720","25.100","1006"
"853","394069","20220824072000","1375","0","基隆市","中正區","121.750","25.135","992"
"173","394070","20220824072000","247","0","基隆市","中正區","121.755","25.140","166"
"595","394072","20220824072000","749","0","基隆市","中正區","121.770","25.145","643"
"820","394074","20220824072000","869","0","基隆市","暖暖區","121.730","25.095","777"
"478","394075","20220824072000","595","0","基隆市","暖暖區","121.735","25.105","474"
"403","394076","20220824072000","550","0","基隆市","暖暖區","121.735","25.110","401"
"679","394077","20220824072000","460","2","基隆市","暖暖區","121.740","25.100","616"
"626","394078","20220824072000","802","0","基隆市","中山區","121.735","25.135","674"
"247","394082","20220824072000","318","0","基隆市","安樂區","121.705","25.140","204"
"1735","394090","20220824072000","1575","1","基隆市","安樂區","121.715","25.125","1743"
"2344","394091","20220824072000","2487","0","基隆市","仁愛區","121.740","25.125","2356"
"1098","394092","20220824072000","841","2","臺北市","大同區","121.510","25.070","1065"
"4258","394093","20220824072000","3672","1","新北市","三重區","121.500","25.055","4315"
"4861","394094","20220824072000","4649","1","新北市","三重區","121.500","25.065","4952"
"565","394095","20220824072000","589","0","基隆市","中山區","121.740","25.135","572"
"3088","394096","20220824072000","3647","0","基隆市","信義區","121.755","25.130","3129"
"899","394097","20220824072000","1051","0","基隆市","仁愛區","121.735","25.125","925"
"392","394098","20220824072000","409","0","基隆市","安樂區","121.725","25.140","418"
"133","394099","20220824072000","896","0","基隆市","安樂區","121.730","25.130","134"
"3110","394102","20220824072000","3007","1","新北市","五股區","121.450","25.105","2994"
"1344","394106","20220824072000","935","2","新北市","五股區","121.440","25.090","1351"
"1067","394108","20220824072000","970","1","新北市","五股區","121.440","25.095","1106"
"282","394109","20220824072000","212","2","新北市","五股區","121.430","25.100","273"
"63","394115","20220824072000","405","0","新北市","五股區","121.445","25.075","84"
"1281","394118","20220824072000","1353","0","新北市","五股區","121.460","25.075","1267"
"1479","394121","20220824072000","1100","2","新北市","五股區","121.455","25.080","1494"
"71","394125","20220824072000","157","0","新北市","五股區","121.430","25.085","64"
"1492","394126","20220824072000","1693","0","新北市","五股區","121.435","25.085","1496"
"51","394127","20220824072000","32","3","新北市","五股區","121.420","25.090","46"
"2237","394129","20220824072000","2175","1","新北市","五股區","121.430","25.070","2152"
"2275","394130","20220824072000","2187","1","新北市","五股區","121.435","25.070","2268"
"258","394135","20220824072000","329","0","新北市","五股區","121.425","25.070","256"
"34","394136","20220824072000","32","1","新北市","林口區","121.405","25.075","35"
"71","394138","20220824072000","59","2","新北市","五股區","121.405","25.080","85"
"498","394139","20220824072000","695","0","新北市","新莊區","121.450","25.060","485"
"1069","394141","20220824072000","1086","0","新北市","新莊區","121.455","25.060","967"
"280","394142","20220824072000","312","0","新北市","五股區","121.450","25.070","262"
"911","394144","20220824072000","759","2","新北市","五股區","121.455","25.070","880"
"1335","394146","20220824072000","1350","0","新北市","五股區","121.465","25.070","1366"
"467","394147","20220824072000","514","0","新北市","五股區","121.465","25.075","472"
"200","394149","20220824072000","157","2","新北市","五股區","121.435","25.105","179"
"150","394150","20220824072000","108","2","新北市","五股區","121.420","25.110","146"
"143","394155","20220824072000","95","3","新北市","五股區","121.420","25.115","124"
"48","394166","20220824072000","36","2","新北市","五股區","121.425","25.120","50"
"127","394170","20220824072000","111","1","新北市","五股區","121.420","25.125","140"
"1106","394174","20220824072000","1238","0","基隆市","信義區","121.765","25.125","1150"
"1117","394175","20220824072000","958","1","基隆市","信義區","121.760","25.130","1114"
"610","394176","20220824072000","569","1","基隆市","中正區","121.760","25.135","654"
"315","394178","20220824072000","261","2","基隆市","七堵區","121.700","25.070","320"
"613","394179","20220824072000","695","0","基隆市","七堵區","121.695","25.075","592"
"1183","394181","20220824072000","1311","0","基隆市","七堵區","121.715","25.095","1140"
"779","394182","20220824072000","766","1","基隆市","七堵區","121.720","25.095","770"
"882","394185","20220824072000","888","0","基隆市","中山區","121.720","25.140","879"
"2358","394186","20220824072000","2794","0","基隆市","中山區","121.725","25.145","2351"
"1113","394187","20220824072000","953","1","新北市","五股區","121.435","25.090","1103"
"973","394188","20220824072000","852","1","新北市","五股區","121.440","25.080","918"
"794","394189","20220824072000","1250","0","新北市","五股區","121.440","25.085","788"
"48","394191","20220824072000","42","1","新北市","五股區","121.415","25.085","45"
"111","394193","20220824072000","117","0","新北市","五股區","121.415","25.090","109"
"81","394196","20220824072000","70","1","新北市","五股區","121.410","25.100","82"
"172","394202","20220824072000","166","1","新北市","五股區","121.405","25.110","179"
"27","394207","20220824072000","60","0","新北市","五股區","121.410","25.110","30"
"19","394208","20220824072000","24","0","新北市","八里區","121.400","25.115","31"
"245","394211","20220824072000","250","0","新北市","五股區","121.425","25.095","250"
"91","394214","20220824072000","434","0","新北市","泰山區","121.435","25.065","79"
"149","394216","20220824072000","158","0","新北市","五股區","121.415","25.075","161"
"126","394218","20220824072000","145","0","新北市","五股區","121.425","25.075","119"
"1108","394220","20220824072000","995","1","新北市","五股區","121.435","25.075","1047"
"54","394223","20220824072000","49","1","新北市","五股區","121.420","25.080","49"
"900","394226","20220824072000","873","1","新北市","五股區","121.435","25.080","925"
"1299","394227","20220824072000","1118","1","新北市","五股區","121.445","25.090","1347"
"1065","394229","20220824072000","938","1","新北市","五股區","121.445","25.095","1025"
"30","394230","20220824072000","403","0","新北市","五股區","121.450","25.095","33"
"708","394234","20220824072000","1385","0","新北市","五股區","121.450","25.100","700"
"4920","394235","20220824072000","4551","1","新北市","三重區","121.495","25.070","4877"
"3272","394236","20220824072000","3086","1","新北市","三重區","121.500","25.070","3252"
"4529","394237","20220824072000","4733","0","新北市","三重區","121.490","25.065","4513"
"3412","394238","20220824072000","2041","3","基隆市","中正區","121.785","25.135","3461"
"3049","394242","20220824072000","2557","1","基隆市","安樂區","121.720","25.120","2791"
"1322","394243","20220824072000","2098","0","新北市","三重區","121.505","25.060","1308"
"4076","394244","20220824072000","4263","0","新北市","三重區","121.480","25.060","4059"
"2240","394247","20220824072000","2248","0","新北市","三重區","121.485","25.070","2262"
"1004","394248","20220824072000","588","3","基隆市","中正區","121.790","25.135","996"
"1085","394252","20220824072000","899","2","基隆市","信義區","121.765","25.130","1045"
"59","394254","20220824072000","406","0","基隆市","信義區","121.770","25.135","57"
"1353","394258","20220824072000","1633","0","基隆市","信義區","121.770","25.130","1304"
"911","394259","20220824072000","859","1","基隆市","信義區","121.775","25.130","899"
"79","394262","20220824072000","61","2","基隆市","信義區","121.790","25.115","67"
"121","394265","20220824072000","95","2","基隆市","信義區","121.790","25.120","133"
"484","394266","20220824072000","424","1","基隆市","信義區","121.785","25.125","481"
"1885","394270","20220824072000","1997","0","基隆市","信義區","121.775","25.135","1907"
"695","394272","20220824072000","655","1","基隆市","安樂區","121.725","25.135","644"
"1524","394273","20220824072000","1801","0","基隆市","安樂區","121.715","25.140","1544"
"2032","394275","20220824072000","2237","0","基隆市","中山區","121.735","25.130","2044"
"242","394276","20220824072000","1064","0","基隆市","安樂區","121.725","25.125","239"
"1425","394277","20220824072000","1450","0","基隆市","安樂區","121.725","25.130","1434"
"180","394278","20220824072000","220","0","基隆市","中山區","121.720","25.145","168"
"1719","394280","20220824072000","1751","0","基隆市","仁愛區","121.740","25.130","1654"
"923","394281","20220824072000","790","1","基隆市","安樂區","121.730","25.135","920"
"3051","394282","20220824072000","3104","0","新北市","三重區","121.490","25.075","3055"
"4262","394283","20220824072000","4513","0","新北市","三重區","121.490","25.060","4236"
"2230","394284","20220824072000","3200","0","新北市","三重區","121.495","25.060","2260"
"703","394285","20220824072000","711","0","基隆市","中山區","121.740","25.145","709"
"1520","394288","20220824072000","1585","0","基隆市","安樂區","121.710","25.140","1526"
"1293","394290","20220824072000","1074","2","基隆市","安樂區","121.710","25.150","1305"
"754","394291","20220824072000","526","2","基隆市","中山區","121.715","25.145","795"
"71","394292","20220824072000","434","0","新北市","三重區","121.485","25.065","73"
"736","394293","20220824072000","949","0","臺北市","大同區","121.510","25.075","734"
"4262","394294","20220824072000","4163","1","新北市","三重區","121.500","25.060","4196"
"1750","394295","20220824072000","1270","2","新北市","三重區","121.475","25.055","1672"
"353","394297","20220824072000","317","1","新北市","五股區","121.460","25.070","379"
"689","394298","20220824072000","630","1","新北市","三重區","121.470","25.060","711"
"908","394299","20220824072000","1164","0","新北市","三重區","121.470","25.065","910"
"709","394301","20220824072000","748","0","新北市","三重區","121.505","25.075","681"
"2255","394302","20220824072000","2322","0","新北市","三重區","121.485","25.080","2280"
"270","394303","20220824072000","304","0","基隆市","中山區","121.740","25.140","243"
"1300","394304","20220824072000","1218","1","新北市","三重區","121.470","25.070","1297"
"195","394305","20220824072000","258","0","基隆市","信義區","121.780","25.135","215"
"761","394306","20220824072000","1375","0","基隆市","信義區","121.780","25.130","679"
"956","394307","20220824072000","897","1","基隆市","信義區","121.780","25.140","967"
"407","394308","20220824072000","596","0","基隆市","中正區","121.785","25.140","409"
"244","394312","20220824072000","135","3","基隆市","信義區","121.775","25.125","235"
"860","394313","20220824072000","951","0","基隆市","信義區","121.780","25.125","831"
"104","394317","20220824072000","93","1","新北市","瑞芳區","121.760","25.110","92"
"31","394320","20220824072000","49","0","基隆市","信義區","121.765","25.115","45"
"328","394321","20220824072000","271","2","基隆市","信義區","121.765","25.120","327"
"1063","394324","20220824072000","897","1","基隆市","信義區","121.760","25.125","1099"
"1446","394325","20220824072000","1725","0","新北市","三重區","121.490","25.085","1470"
"620","394326","20220824072000","606","1","新北市","三重區","121.490","25.090","608"
"240","394327","20220824072000","142","3","新北市","三重區","121.495","25.090","219"
"2062","394329","20220824072000","1845","1","新北市","三重區","121.475","25.070","2034"
"3127","394330","20220824072000","2924","1","新北市","三重區","121.480","25.070","3155"
"2390","394332","20220824072000","1510","3","新北市","泰山區","121.430","25.065","2385"
"1468","394333","20220824072000","1519","0","新北市","泰山區","121.440","25.060","1442"
"428","394335","20220824072000","461","0","基隆市","中山區","121.735","25.140","421"
"57","394336","20220824072000","870","0","基隆市","中山區","121.730","25.140","58"
"93","394337","20220824072000","406","0","基隆市","暖暖區","121.735","25.100","98"
"43","394358","20220824072000","61","0","基隆市","暖暖區","121.755","25.075","34"
"48","394364","20220824072000","38","2","基隆市","暖暖區","121.745","25.085","42"
"653","394398","20220824072000","510","2","基隆市","暖暖區","121.740","25.090","632"
"18","394401","20220824072000","169","0","基隆市","暖暖區","121.735","25.095","17"
"15","394402","20220824072000","574","0","基隆市","暖暖區","121.740","25.095","13"
"3755","394404","20220824072000","3559","1","基隆市","暖暖區","121.755","25.095","3721"
"38","394405","20220824072000","639","0","基隆市","暖暖區","121.750","25.090","35"
"402","394407","20220824072000","291","2","基隆市","暖暖區","121.750","25.095","437"
"1656","394413","20220824072000","1573","1","基隆市","暖暖區","121.740","25.105","1698"
"314","394418","20220824072000","380","0","基隆市","暖暖區","121.730","25.100","310"
"1252","394422","20220824072000","1142","1","基隆市","安樂區","121.705","25.145","1209"
"1700","394423","20220824072000","1259","2","基隆市","安樂區","121.710","25.145","1778"
"2723","394426","20220824072000","2986","0","新北市","三重區","121.490","25.080","2672"
"1401","394427","20220824072000","1991","0","新北市","三重區","121.485","25.075","1674"
"3715","394428","20220824072000","3820","0","新北市","三重區","121.480","25.075","3777"
"17","394429","20220824072000","172","0","基隆市","中山區","121.735","25.145","23"
"4915","394430","20220824072000","5567","0","新北市","三重區","121.495","25.065","4814"
"2526","394435","20220824072000","2664","0","基隆市","仁愛區","121.745","25.125","2526"
"738","394436","20220824072000","750","0","基隆市","仁愛區","121.745","25.120","736"
"2929","394438","20220824072000","2915","1","新北市","三重區","121.485","25.060","2798"
"1605","394441","20220824072000","1477","1","基隆市","暖暖區","121.750","25.100","1576"
"1002","394442","20220824072000","982","1","基隆市","安樂區","121.730","25.115","983"
"3061","394444","20220824072000","2880","1","基隆市","安樂區","121.725","25.120","3273"
"901","394447","20220824072000","1600","0","新北市","三重區","121.495","25.075","935"
"2544","394450","20220824072000","2528","1","新北市","三重區","121.495","25.085","2562"
"4990","394451","20220824072000","4619","1","新北市","三重區","121.480","25.065","4967"
"505","394458","20220824072000","505","1","基隆市","暖暖區","121.730","25.110","476"
"605","394461","20220824072000","360","3","基隆市","七堵區","121.700","25.075","614"
"220","394464","20220824072000","220","1","基隆市","七堵區","121.705","25.085","205"
"924","394466","20220824072000","775","1","基隆市","七堵區","121.705","25.090","961"
"413","394467","20220824072000","453","0","基隆市","七堵區","121.700","25.095","403"
"655","394470","20220824072000","711","0","基隆市","七堵區","121.665","25.090","632"
"92","394480","20220824072000","87","1","基隆市","七堵區","121.670","25.100","111"
"471","394492","20220824072000","311","3","基隆市","七堵區","121.670","25.105","459"
"50","394500","20220824072000","46","1","基隆市","七堵區","121.660","25.115","47"
"69","394518","20220824072000","83","0","基隆市","七堵區","121.660","25.130","80"
"58","394538","20220824072000","300","0","基隆市","七堵區","121.695","25.085","64"
"1361","394546","20220824072000","1279","1","基隆市","七堵區","121.685","25.075","1365"
"577","394547","20220824072000","477","2","基隆市","七堵區","121.690","25.075","622"
"1300","394550","20220824072000","1229","1","基隆市","七堵區","121.690","25.085","1310"
"2639","394551","20220824072000","3320","0","基隆市","中正區","121.745","25.130","2638"
"99","394552","20220824072000","367","0","基隆市","仁愛區","121.740","25.120","85"
"2026","394553","20220824072000","1604","2","基隆市","信義區","121.750","25.130","2040"
"246","394554","20220824072000","546","0","基隆市","仁愛區","121.750","25.125","181"
"465","394555","20220824072000","737","0","基隆市","中正區","121.765","25.140","500"
"236","394556","20220824072000","177","2","基隆市","中正區","121.795","25.125","238"
"241","394559","20220824072000","138","3","基隆市","中正區","121.795","25.130","231"
"1339","394564","20220824072000","1347","0","基隆市","中正區","121.790","25.140","1321"
"1198","394565","20220824072000","1089","1","基隆市","中正區","121.795","25.140","1189"
"1540","394567","20220824072000","1633","0","基隆市","中正區","121.760","25.145","1599"
"938","394570","20220824072000","862","1","基隆市","安樂區","121.715","25.120","939"
"1256","394576","20220824072000","980","2","基隆市","安樂區","121.715","25.130","1235"
"115","394582","20220824072000","97","1","基隆市","仁愛區","121.740","25.110","43"
"150","394583","20220824072000","120","2","基隆市","仁愛區","121.745","25.110","160"
"452","394586","20220824072000","490","0","基隆市","仁愛區","121.745","25.115","446"
"72","394587","20220824072000","76","0","基隆市","仁愛區","121.750","25.115","69"
"326","394590","20220824072000","159","3","基隆市","七堵區","121.710","25.100","289"
"2887","394592","20220824072000","2604","1","基隆市","七堵區","121.715","25.100","2957"
"11","394600","20220824072000","13","0","基隆市","七堵區","121.715","25.075","13"
"1553","394611","20220824072000","1747","0","基隆市","七堵區","121.710","25.090","1542"
"171","394613","20220824072000","192","0","基隆市","七堵區","121.720","25.090","197"
"80","394617","20220824072000","78","1","基隆市","七堵區","121.680","25.100","89"
"99","394625","20220824072000","114","0","基隆市","七堵區","121.695","25.105","98"
"69","394632","20220824072000","54","2","基隆市","七堵區","121.690","25.115","74"
"170","394634","20220824072000","167","1","基隆市","七堵區","121.700","25.115","192"
"37","394645","20220824072000","33","1","基隆市","安樂區","121.700","25.130","49"
"18","394660","20220824072000","69","0","基隆市","七堵區","121.680","25.120","26"
"40","394663","20220824072000","18","3","基隆市","七堵區","121.680","25.125","39"
"354","394685","20220824072000","397","0","新北市","蘆洲區","121.485","25.090","379"
"687","394686","20220824072000","723","0","新北市","汐止區","121.630","25.060","723"
"2445","394687","20220824072000","1656","2","新北市","汐止區","121.620","25.065","2437"
"2060","394688","20220824072000","1930","1","新北市","汐止區","121.625","25.065","2062"
"19","394694","20220824072000","23","0","新北市","八里區","121.415","25.145","13"
"713","394705","20220824072000","853","0","新北市","八里區","121.450","25.140","707"
"113","394716","20220824072000","76","2","新北市","八里區","121.415","25.130","116"
"126","394724","20220824072000","112","1","新北市","八里區","121.410","25.145","141"
"21","394725","20220824072000","233","0","新北市","八里區","121.405","25.150","32"
"510","394726","20220824072000","517","0","新北市","八里區","121.410","25.150","522"
"159","394731","20220824072000","115","2","新北市","八里區","121.405","25.125","166"
"1640","394740","20220824072000","1780","0","新北市","蘆洲區","121.465","25.090","1674"
"2922","394741","20220824072000","2861","1","新北市","蘆洲區","121.460","25.085","2886"
"1449","394742","20220824072000","2002","0","新北市","蘆洲區","121.465","25.085","1481"
"1126","394743","20220824072000","1848","0","新北市","蘆洲區","121.460","25.090","1132"
"556","394744","20220824072000","1478","0","新北市","蘆洲區","121.460","25.095","547"
"214","394745","20220824072000","547","0","新北市","蘆洲區","121.475","25.075","186"
"899","394746","20220824072000","1091","0","新北市","蘆洲區","121.475","25.090","935"
"1894","394747","20220824072000","1530","2","新北市","蘆洲區","121.470","25.095","1849"
"22","394748","20220824072000","243","0","新北市","蘆洲區","121.475","25.095","23"
"448","394749","20220824072000","429","1","新北市","蘆洲區","121.470","25.100","460"
"693","394750","20220824072000","1715","0","新北市","新莊區","121.460","25.060","751"
"2019","394751","20220824072000","2398","0","新北市","新莊區","121.465","25.060","2000"
"1608","394752","20220824072000","1504","1","新北市","五股區","121.465","25.065","1633"
"340","394787","20220824072000","494","0","新北市","瑞芳區","121.770","25.100","341"
"42","394788","20220824072000","57","0","新北市","瑞芳區","121.775","25.100","48"
"106","394798","20220824072000","44","3","新北市","瑞芳區","121.825","25.085","93"
"10","394807","20220824072000","11","0","新北市","瑞芳區","121.805","25.120","16"
"437","394810","20220824072000","429","1","新北市","瑞芳區","121.820","25.120","437"
"1242","394819","20220824072000","1138","1","新北市","五股區","121.430","25.090","1225"
"2559","394821","20220824072000","2032","2","新北市","八里區","121.395","25.145","2288"
"38","394822","20220824072000","31","2","新北市","八里區","121.390","25.150","29"
"2137","394824","20220824072000","1551","2","新北市","八里區","121.400","25.150","2170"
"57","394829","20220824072000","49","1","新北市","八里區","121.400","25.100","59"
"70","394833","20220824072000","111","0","新北市","八里區","121.390","25.110","57"
"292","394843","20220824072000","313","0","新北市","林口區","121.375","25.120","255"
"447","394854","20220824072000","407","1","新北市","八里區","121.385","25.130","407"
"1983","394858","20220824072000","1780","1","新北市","瑞芳區","121.805","25.105","1952"
"22","394863","20220824072000","27","0","新北市","瑞芳區","121.795","25.085","22"
"102","394867","20220824072000","96","1","新北市","瑞芳區","121.795","25.090","94"
"694","394873","20220824072000","511","2","新北市","瑞芳區","121.785","25.095","690"
"133","394878","20220824072000","100","2","新北市","瑞芳區","121.790","25.100","131"
"538","394885","20220824072000","473","1","新北市","瑞芳區","121.790","25.110","559"
"22","394888","20220824072000","20","1","新北市","瑞芳區","121.820","25.075","22"
"53","394894","20220824072000","53","1","新北市","瑞芳區","121.825","25.090","77"
"305","394924","20220824072000","267","1","新北市","瑞芳區","121.760","25.100","285"
"34","394926","20220824072000","33","1","新北市","瑞芳區","121.760","25.105","35"
"78","394932","20220824072000","64","2","新北市","瑞芳區","121.775","25.110","86"
"67","394934","20220824072000","35","3","新北市","瑞芳區","121.770","25.115","49"
"438","394937","20220824072000","414","1","新北市","瑞芳區","121.845","25.110","436"
"91","394943","20220824072000","91","1","新北市","瑞芳區","121.830","25.095","133"
"312","394949","20220824072000","275","1","新北市","瑞芳區","121.840","25.095","291"
"198","394954","20220824072000","292","0","新北市","瑞芳區","121.850","25.105","257"
"238","394965","20220824072000","271","0","新北市","瑞芳區","121.815","25.105","236"
"117","394966","20220824072000","168","0","新北市","五股區","121.455","25.115","113"
"557","394972","20220824072000","463","2","新北市","八里區","121.450","25.125","556"
"1138","394973","20220824072000","1240","0","新北市","八里區","121.455","25.125","1078"
"863","394979","20220824072000","947","0","新北市","八里區","121.450","25.130","905"
"447","394985","20220824072000","507","0","新北市","八里區","121.450","25.135","491"
"2345","394986","20220824072000","1804","2","新北市","汐止區","121.640","25.065","2298"
"466","394991","20220824072000","444","1","桃園市","觀音區","121.120","25.060","452"
"482","394992","20220824072000","447","1","桃園市","觀音區","121.125","25.060","584"
"11","394993","20220824072000","152","0","桃園市","觀音區","121.130","25.060","11"
"773","394996","20220824072000","572","2","桃園市","觀音區","121.110","25.065","584"
"753","395000","20220824072000","615","2","桃園市","觀音區","121.130","25.065","717"
"209","395008","20220824072000","235","0","桃園市","觀音區","121.135","25.060","222"
"1186","395014","20220824072000","1519","0","桃園市","蘆竹區","121.285","25.070","1207"
"207","395019","20220824072000","375","0","桃園市","蘆竹區","121.285","25.075","186"
"493","395023","20220824072000","383","2","桃園市","蘆竹區","121.285","25.080","478"
"598","395029","20220824072000","595","1","桃園市","蘆竹區","121.255","25.110","633"
"208","395030","20220824072000","267","0","桃園市","蘆竹區","121.260","25.110","221"
"238","395031","20220824072000","331","0","桃園市","蘆竹區","121.265","25.110","278"
"370","395032","20220824072000","274","2","桃園市","蘆竹區","121.270","25.110","390"
"189","395038","20220824072000","191","0","桃園市","蘆竹區","121.255","25.115","191"
"961","395042","20220824072000","1473","0","桃園市","蘆竹區","121.295","25.060","947"
"1178","395043","20220824072000","1100","1","桃園市","蘆竹區","121.300","25.060","1153"
"29","395046","20220824072000","28","1","桃園市","蘆竹區","121.315","25.060","22"
"23","395052","20220824072000","28","0","桃園市","蘆竹區","121.305","25.065","40"
"245","395057","20220824072000","239","1","新北市","瑞芳區","121.860","25.125","278"
"100","395083","20220824072000","224","0","新北市","雙溪區","121.875","25.090","184"
"48","395098","20220824072000","29","3","新北市","貢寮區","121.915","25.095","46"
"107","395109","20220824072000","92","1","新北市","貢寮區","121.920","25.105","134"
"340","395119","20220824072000","331","1","新北市","貢寮區","121.925","25.055","333"
"262","395121","20220824072000","234","1","新北市","貢寮區","121.925","25.060","274"
"42","395125","20220824072000","43","0","新北市","貢寮區","121.925","25.065","56"
"113","395129","20220824072000","374","0","新北市","新莊區","121.455","25.065","118"
"878","395130","20220824072000","792","1","新北市","五股區","121.445","25.065","888"
"599","395131","20220824072000","557","1","新北市","泰山區","121.435","25.060","594"
"207","395132","20220824072000","376","0","新北市","汐止區","121.645","25.060","177"
"3359","395133","20220824072000","2880","1","新北市","汐止區","121.665","25.065","3430"
"187","395134","20220824072000","191","0","桃園市","蘆竹區","121.270","25.060","194"
"401","395135","20220824072000","785","0","桃園市","蘆竹區","121.275","25.060","376"
"886","395137","20220824072000","843","1","桃園市","蘆竹區","121.265","25.065","913"
"859","395141","20220824072000","750","1","桃園市","蘆竹區","121.270","25.070","854"
"2597","395143","20220824072000","3329","0","新北市","蘆洲區","121.470","25.090","2606"
"25","395145","20220824072000","22","1","新北市","瑞芳區","121.835","25.110","24"
"16","395147","20220824072000","16","1","新北市","瑞芳區","121.830","25.115","15"
"225","395149","20220824072000","156","2","新北市","瑞芳區","121.840","25.115","243"
"13","395156","20220824072000","166","0","新北市","瑞芳區","121.830","25.125","17"
"17","395157","20220824072000","11","3","新北市","瑞芳區","121.835","25.125","10"
"170","395163","20220824072000","485","0","新北市","瑞芳區","121.815","25.130","152"
"1362","395173","20220824072000","1442","0","新北市","瑞芳區","121.810","25.105","1329"
"2814","395174","20220824072000","2289","2","新北市","泰山區","121.445","25.060","2650"
"972","395175","20220824072000","764","2","新北市","五股區","121.450","25.065","956"
"1329","395176","20220824072000","1411","0","新北市","新莊區","121.460","25.065","1309"
"48","395186","20220824072000","38","2","新北市","萬里區","121.605","25.145","45"
"2445","395203","20220824072000","2242","1","新北市","蘆洲區","121.470","25.085","2433"
"60","395204","20220824072000","227","0","新北市","蘆洲區","121.465","25.095","65"
"48","395205","20220824072000","54","0","新北市","蘆洲區","121.465","25.100","52"
"2685","395206","20220824072000","2718","0","新北市","汐止區","121.630","25.065","2730"
"2398","395207","20220824072000","1849","2","新北市","汐止區","121.630","25.070","2349"
"1234","395208","20220824072000","1651","0","新北市","汐止區","121.645","25.065","1296"
"54","395223","20220824072000","33","3","新北市","瑞芳區","121.820","25.060","45"
"18","395228","20220824072000","16","1","新北市","瑞芳區","121.820","25.065","18"
"77","395239","20220824072000","48","3","新北市","瑞芳區","121.840","25.105","78"
"172","395245","20220824072000","134","2","新北市","瑞芳區","121.855","25.105","199"
"102","395253","20220824072000","94","1","新北市","瑞芳區","121.915","25.120","103"
"248","395254","20220824072000","272","0","新北市","瑞芳區","121.915","25.125","240"
"401","395256","20220824072000","209","3","新北市","瑞芳區","121.795","25.110","373"
"11","395257","20220824072000","442","0","新北市","瑞芳區","121.800","25.110","15"
"450","395269","20220824072000","451","0","新北市","泰山區","121.385","25.065","376"
"1501","395270","20220824072000","1178","2","桃園市","龜山區","121.390","25.060","1357"
"187","395273","20220824072000","135","2","新北市","泰山區","121.390","25.065","212"
"1441","395280","20220824072000","1507","0","新北市","淡水區","121.465","25.135","1396"
"12","395284","20220824072000","12","1","新北市","雙溪區","121.855","25.050","17"
"235","395287","20220824072000","198","1","新北市","雙溪區","121.850","25.055","251"
"3348","395319","20220824072000","3700","0","新北市","三重區","121.495","25.080","3320"
"2024","395320","20220824072000","2325","0","新北市","三重區","121.475","25.060","1965"
"772","395322","20220824072000","836","0","新北市","五股區","121.455","25.105","755"
"58","395323","20220824072000","67","0","新北市","五股區","121.450","25.110","55"
"61","395324","20220824072000","94","0","新北市","五股區","121.455","25.110","62"
"240","395329","20220824072000","707","0","新北市","五股區","121.445","25.105","250"
"190","395331","20220824072000","218","0","新北市","五股區","121.445","25.110","156"
"15","395344","20220824072000","120","0","新北市","八里區","121.375","25.140","15"
"261","395346","20220824072000","343","0","新北市","八里區","121.385","25.140","263"
"82","395349","20220824072000","70","1","新北市","瑞芳區","121.800","25.100","88"
"630","395350","20220824072000","670","0","新北市","瑞芳區","121.800","25.105","628"
"446","395351","20220824072000","364","2","新北市","瑞芳區","121.820","25.105","431"
"11","395352","20220824072000","18","0","新北市","瑞芳區","121.825","25.105","19"
"442","395356","20220824072000","655","0","新北市","汐止區","121.670","25.065","439"
"1004","395357","20220824072000","1147","0","新北市","汐止區","121.670","25.070","958"
"922","395361","20220824072000","901","1","桃園市","蘆竹區","121.285","25.060","984"
"1215","395362","20220824072000","804","3","桃園市","蘆竹區","121.290","25.060","1245"
"248","395363","20220824072000","207","1","桃園市","蘆竹區","121.320","25.060","234"
"394","395367","20220824072000","318","2","桃園市","觀音區","121.140","25.065","356"
"811","395388","20220824072000","636","2","桃園市","蘆竹區","121.265","25.085","796"
"132","395395","20220824072000","94","2","桃園市","蘆竹區","121.265","25.095","128"
"624","395397","20220824072000","238","3","桃園市","蘆竹區","121.275","25.095","367"
"943","395400","20220824072000","760","2","桃園市","蘆竹區","121.260","25.100","935"
"30","395417","20220824072000","25","2","桃園市","蘆竹區","121.330","25.065","27"
"155","395420","20220824072000","113","2","桃園市","蘆竹區","121.325","25.065","179"
"112","395423","20220824072000","77","2","桃園市","蘆竹區","121.340","25.070","131"
"640","395424","20220824072000","581","1","桃園市","蘆竹區","121.345","25.065","704"
"14","395433","20220824072000","110","0","桃園市","蘆竹區","121.315","25.075","14"
"112","395436","20220824072000","67","3","桃園市","蘆竹區","121.330","25.075","112"
"158","395447","20220824072000","212","0","桃園市","蘆竹區","121.300","25.080","161"
"213","395448","20220824072000","200","1","桃園市","蘆竹區","121.305","25.080","209"
"48","395464","20220824072000","47","1","桃園市","蘆竹區","121.325","25.090","52"
"1249","395471","20220824072000","1067","1","桃園市","蘆竹區","121.280","25.085","1242"
"870","395473","20220824072000","735","1","桃園市","蘆竹區","121.290","25.085","895"
"12","395480","20220824072000","15","0","桃園市","蘆竹區","121.295","25.095","12"
"2728","395483","20220824072000","2838","0","新北市","蘆洲區","121.470","25.080","2636"
"4577","395484","20220824072000","4374","1","新北市","蘆洲區","121.465","25.080","4536"
"5036","395485","20220824072000","5834","0","新北市","三重區","121.485","25.085","5014"
"2501","395486","20220824072000","2603","0","新北市","蘆洲區","121.455","25.090","2472"
"1821","395487","20220824072000","2405","0","新北市","蘆洲區","121.475","25.080","1762"
"1254","395488","20220824072000","1114","1","新北市","汐止區","121.665","25.075","1240"
"1190","395489","20220824072000","1181","1","新北市","汐止區","121.650","25.060","1141"
"3547","395490","20220824072000","2979","1","新北市","汐止區","121.655","25.060","3438"
"26","395491","20220824072000","24","1","新北市","汐止區","121.625","25.070","28"
"410","395492","20220824072000","367","1","新北市","汐止區","121.625","25.075","384"
"1544","395493","20220824072000","1366","1","新北市","汐止區","121.630","25.080","1557"
"400","395495","20220824072000","380","1","新北市","汐止區","121.650","25.080","394"
"1217","395499","20220824072000","1162","1","新北市","汐止區","121.645","25.090","1201"
"70","395501","20220824072000","79","0","新北市","汐止區","121.655","25.090","68"
"91","395508","20220824072000","313","0","新北市","汐止區","121.650","25.055","96"
"2730","395509","20220824072000","2688","1","新北市","汐止區","121.655","25.055","2649"
"781","395512","20220824072000","1043","0","新北市","汐止區","121.655","25.065","762"
"37","395526","20220824072000","32","1","新北市","汐止區","121.715","25.055","38"
"166","395530","20220824072000","123","2","新北市","汐止區","121.700","25.060","172"
"1385","395539","20220824072000","1837","0","新北市","汐止區","121.635","25.055","1360"
"2233","395541","20220824072000","2001","1","新北市","汐止區","121.635","25.060","2181"
"2572","395542","20220824072000","1915","2","新北市","汐止區","121.640","25.060","2546"
"2693","395544","20220824072000","2180","2","新北市","林口區","121.375","25.070","2697"
"1306","395546","20220824072000","940","2","新北市","林口區","121.400","25.075","1313"
"568","395548","20220824072000","473","2","新北市","林口區","121.400","25.080","523"
"206","395549","20220824072000","179","1","新北市","林口區","121.400","25.085","181"
"278","395550","20220824072000","276","1","新北市","林口區","121.405","25.085","293"
"29","395553","20220824072000","25","1","新北市","林口區","121.405","25.095","36"
"97","395555","20220824072000","201","0","新北市","林口區","121.405","25.100","91"
"83","395557","20220824072000","185","0","新北市","林口區","121.400","25.065","75"
"2647","395558","20220824072000","1895","2","新北市","林口區","121.390","25.075","2724"
"1161","395559","20220824072000","1090","1","新北市","林口區","121.395","25.075","1176"
"58","395560","20220824072000","58","1","新北市","林口區","121.385","25.090","62"
"978","395561","20220824072000","897","1","新北市","林口區","121.390","25.090","951"
"597","395565","20220824072000","547","1","新北市","林口區","121.385","25.100","633"
"163","395570","20220824072000","138","1","新北市","林口區","121.385","25.110","194"
"4884","395571","20220824072000","3475","2","新北市","林口區","121.375","25.075","4965"
"932","395572","20220824072000","1270","0","新北市","林口區","121.380","25.075","928"
"1554","395574","20220824072000","1834","0","新北市","林口區","121.370","25.080","1583"
"1376","395575","20220824072000","1220","1","新北市","林口區","121.375","25.080","1341"
"1430","395576","20220824072000","751","3","新北市","林口區","121.380","25.080","1399"
"801","395579","20220824072000","667","2","新北市","林口區","121.370","25.085","771"
"2146","395580","20220824072000","1948","1","新北市","林口區","121.375","25.085","2139"
"36","395587","20220824072000","41","0","新北市","林口區","121.365","25.110","36"
"11","395603","20220824072000","24","0","新北市","林口區","121.390","25.080","17"
"416","395604","20220824072000","373","1","新北市","林口區","121.385","25.085","425"
"812","395606","20220824072000","1108","0","新北市","汐止區","121.655","25.070","751"
"1797","395607","20220824072000","1646","1","新北市","汐止區","121.660","25.070","1834"
"35","395616","20220824072000","24","2","桃園市","大園區","121.260","25.065","34"
"576","395617","20220824072000","448","2","新北市","汐止區","121.635","25.070","593"
"2575","395618","20220824072000","1750","2","新北市","汐止區","121.640","25.070","2603"
"621","395619","20220824072000","812","0","新北市","汐止區","121.640","25.075","616"
"2235","395622","20220824072000","1649","2","新北市","汐止區","121.640","25.080","2228"
"382","395623","20220824072000","405","0","新北市","汐止區","121.635","25.085","400"
"432","395625","20220824072000","555","0","新北市","汐止區","121.635","25.075","419"
"189","395628","20220824072000","188","1","新北市","汐止區","121.640","25.100","199"
"120","395641","20220824072000","74","3","新北市","汐止區","121.620","25.115","135"
"49","395643","20220824072000","60","0","新北市","汐止區","121.630","25.115","58"
"54","395653","20220824072000","40","2","新北市","汐止區","121.605","25.125","53"
"567","395667","20220824072000","328","3","新北市","汐止區","121.615","25.135","556"
"1608","395672","20220824072000","1349","1","新北市","淡水區","121.460","25.130","1578"
"2705","395673","20220824072000","3670","0","新北市","淡水區","121.460","25.135","2599"
"2420","395675","20220824072000","2890","0","新北市","淡水區","121.460","25.140","2476"
"991","395676","20220824072000","972","1","新北市","淡水區","121.465","25.140","951"
"1297","395691","20220824072000","1102","1","新北市","汐止區","121.675","25.065","1315"
"1529","395692","20220824072000","1827","0","新北市","汐止區","121.665","25.080","1453"
"276","395698","20220824072000","435","0","新北市","汐止區","121.670","25.075","285"
"794","395699","20220824072000","964","0","新北市","汐止區","121.675","25.075","770"
"365","395701","20220824072000","280","2","新北市","汐止區","121.610","25.105","358"
"122","395703","20220824072000","148","0","新北市","汐止區","121.605","25.110","128"
"1480","395715","20220824072000","1674","0","新北市","泰山區","121.430","25.060","1448"
"30","395716","20220824072000","825","0","新北市","泰山區","121.425","25.060","26"
"429","395717","20220824072000","1501","0","新北市","泰山區","121.425","25.065","434"
"3015","395718","20220824072000","3035","0","新北市","蘆洲區","121.480","25.090","3067"
"521","395719","20220824072000","690","0","新北市","蘆洲區","121.480","25.095","520"
"50","395724","20220824072000","31","3","桃園市","蘆竹區","121.300","25.100","52"
"214","395727","20220824072000","161","2","新北市","林口區","121.290","25.105","199"
"293","395732","20220824072000","277","1","新北市","林口區","121.315","25.105","344"
"153","395735","20220824072000","124","2","新北市","林口區","121.295","25.110","144"
"88","395748","20220824072000","92","0","新北市","林口區","121.295","25.115","87"
"186","395749","20220824072000","173","1","新北市","林口區","121.300","25.115","172"
"173","395752","20220824072000","162","1","新北市","林口區","121.295","25.120","169"
"2892","395755","20220824072000","2610","1","新北市","林口區","121.385","25.080","2901"
"839","395756","20220824072000","827","1","新北市","林口區","121.380","25.085","822"
"652","395757","20220824072000","562","1","新北市","林口區","121.375","25.090","632"
"3413","395768","20220824072000","3260","1","新北市","林口區","121.365","25.065","3427"
"2795","395769","20220824072000","2485","1","新北市","汐止區","121.665","25.070","2776"
"48","395773","20220824072000","40","2","新北市","汐止區","121.675","25.070","40"
"579","395774","20220824072000","583","0","新北市","汐止區","121.680","25.070","585"
"224","395775","20220824072000","261","0","新北市","汐止區","121.685","25.070","210"
"402","395777","20220824072000","696","0","新北市","汐止區","121.675","25.080","375"
"535","395784","20220824072000","406","2","新北市","汐止區","121.645","25.080","546"
"44","395791","20220824072000","119","0","新北市","汐止區","121.640","25.095","42"
"384","395805","20220824072000","554","0","新北市","林口區","121.390","25.070","216"
"844","395806","20220824072000","567","2","新北市","林口區","121.385","25.075","876"
"187","395809","20220824072000","125","2","新北市","林口區","121.345","25.085","217"
"50","395828","20220824072000","46","1","新北市","林口區","121.315","25.100","29"
"15","395833","20220824072000","41","0","新北市","林口區","121.340","25.100","15"
"36","395837","20220824072000","22","3","新北市","林口區","121.330","25.105","30"
"2503","395840","20220824072000","2213","1","桃園市","龜山區","121.375","25.065","2396"
"1216","395843","20220824072000","938","2","新北市","林口區","121.360","25.065","1181"
"297","395844","20220824072000","171","3","新北市","林口區","121.350","25.070","289"
"1649","395846","20220824072000","1281","2","新北市","林口區","121.360","25.070","1676"
"3859","395847","20220824072000","3378","1","新北市","林口區","121.370","25.070","3854"
"109","395848","20220824072000","84","2","新北市","林口區","121.345","25.075","112"
"1429","395850","20220824072000","1138","2","新北市","林口區","121.355","25.075","1373"
"1812","395853","20220824072000","1451","2","新北市","林口區","121.370","25.075","1743"
"1234","395854","20220824072000","976","2","新北市","林口區","121.350","25.080","1224"
"371","395858","20220824072000","307","2","新北市","林口區","121.345","25.100","376"
"88","395862","20220824072000","88","1","新北市","林口區","121.340","25.105","81"
"93","395869","20220824072000","72","2","新北市","林口區","121.340","25.110","95"
"238","395881","20220824072000","160","2","新北市","林口區","121.320","25.115","242"
"17","395883","20220824072000","15","1","新北市","林口區","121.330","25.115","17"
"124","395900","20220824072000","103","2","新北市","林口區","121.345","25.125","140"
"6430","395909","20220824072000","6475","0","新北市","蘆洲區","121.480","25.080","6516"
"152","395910","20220824072000","279","0","新北市","蘆洲區","121.455","25.085","155"
"3720","395911","20220824072000","3617","1","新北市","林口區","121.365","25.070","3777"
"23","395919","20220824072000","15","3","新北市","平溪區","121.770","25.050","15"
"63","395949","20220824072000","43","2","新北市","平溪區","121.790","25.070","62"
"824","395961","20220824072000","877","0","新北市","汐止區","121.630","25.055","812"
"875","395962","20220824072000","805","1","新北市","汐止區","121.625","25.060","853"
"1257","395965","20220824072000","1448","0","新北市","蘆洲區","121.470","25.075","1234"
"3041","395966","20220824072000","2869","1","桃園市","龜山區","121.370","25.060","3097"
"1612","395968","20220824072000","1375","1","桃園市","龜山區","121.380","25.060","1652"
"1407","395969","20220824072000","920","3","桃園市","龜山區","121.375","25.060","1288"
"5123","395972","20220824072000","5863","0","臺北市","中山區","121.530","25.060","5031"
"880","395973","20220824072000","1136","0","桃園市","大園區","121.245","25.105","880"
"682","395980","20220824072000","775","0","桃園市","大園區","121.180","25.065","719"
"939","395981","20220824072000","1015","0","桃園市","大園區","121.190","25.060","958"
"242","395982","20220824072000","398","0","桃園市","大園區","121.195","25.060","223"
"344","395983","20220824072000","356","0","桃園市","大園區","121.185","25.065","344"
"717","395984","20220824072000","851","0","桃園市","大園區","121.190","25.065","749"
"582","395990","20220824072000","561","1","桃園市","大園區","121.250","25.095","635"
"17","395991","20220824072000","27","0","桃園市","大園區","121.255","25.095","18"
"77","395992","20220824072000","90","0","桃園市","大園區","121.235","25.100","62"
"1025","395998","20220824072000","1075","0","桃園市","大園區","121.260","25.070","1054"
"635","395999","20220824072000","772","0","桃園市","大園區","121.255","25.075","678"
"2359","396009","20220824072000","2424","0","臺北市","中山區","121.530","25.070","2346"
"2787","396012","20220824072000","3563","0","臺北市","中山區","121.530","25.065","2724"
"3911","396013","20220824072000","4497","0","臺北市","中山區","121.540","25.060","3846"
"363","396014","20220824072000","406","0","臺北市","中山區","121.555","25.075","373"
"1472","396015","20220824072000","1866","0","臺北市","中山區","121.550","25.080","1560"
"2525","396016","20220824072000","1781","2","臺北市","中山區","121.555","25.080","2453"
"1745","396018","20220824072000","1578","1","臺北市","中山區","121.525","25.080","1758"
"315","396020","20220824072000","339","0","臺北市","中山區","121.535","25.080","280"
"1430","396021","20220824072000","1578","0","臺北市","中山區","121.540","25.080","1414"
"124","396022","20220824072000","312","0","臺北市","中山區","121.535","25.085","120"
"2873","396025","20220824072000","2716","1","新北市","蘆洲區","121.480","25.085","2868"
"1251","396033","20220824072000","1904","0","新北市","泰山區","121.420","25.065","1203"
"268","396035","20220824072000","302","0","新北市","泰山區","121.440","25.065","243"
"88","396038","20220824072000","127","0","新北市","泰山區","121.410","25.070","96"
"61","396040","20220824072000","188","0","新北市","淡水區","121.460","25.145","56"
"2157","396044","20220824072000","2517","0","臺北市","大同區","121.510","25.065","2207"
"1727","396045","20220824072000","1874","0","臺北市","大同區","121.515","25.075","1748"
"3183","396046","20220824072000","2773","1","臺北市","大同區","121.510","25.060","3174"
"3959","396047","20220824072000","3677","1","臺北市","松山區","121.545","25.060","3981"
"5108","396048","20220824072000","5903","0","臺北市","中山區","121.525","25.060","5056"
"1869","396049","20220824072000","2523","0","新北市","蘆洲區","121.460","25.080","1860"
"3147","396050","20220824072000","2828","1","新北市","蘆洲區","121.475","25.085","3198"
"498","396053","20220824072000","442","1","新北市","貢寮區","121.920","25.050","490"
"91","396054","20220824072000","101","0","新北市","貢寮區","121.925","25.050","94"
"33","396057","20220824072000","27","2","新北市","貢寮區","121.900","25.050","28"
"57","396059","20220824072000","34","3","新北市","貢寮區","121.890","25.055","56"
"77","396074","20220824072000","55","2","新北市","貢寮區","121.900","25.065","80"
"684","396088","20220824072000","481","2","新北市","瑞芳區","121.805","25.110","661"
"142","396089","20220824072000","74","3","新北市","瑞芳區","121.810","25.110","147"
"670","396099","20220824072000","1159","0","桃園市","龜山區","121.385","25.060","655"
"1632","396100","20220824072000","2165","0","臺北市","中山區","121.540","25.055","1592"
"1751","396101","20220824072000","2166","0","臺北市","松山區","121.540","25.070","1759"
"1032","396102","20220824072000","1384","0","臺北市","中山區","121.535","25.070","1049"
"578","396103","20220824072000","324","3","臺北市","內湖區","121.615","25.075","582"
"3851","396104","20220824072000","4001","0","臺北市","內湖區","121.610","25.070","3742"
"3104","396105","20220824072000","3319","0","臺北市","北投區","121.500","25.140","3474"
"1550","396106","20220824072000","2386","0","臺北市","北投區","121.505","25.140","1622"
"457","396112","20220824072000","367","2","臺北市","北投區","121.485","25.115","214"
"81","396118","20220824072000","136","0","臺北市","北投區","121.485","25.120","98"
"1852","396121","20220824072000","2125","0","臺北市","北投區","121.500","25.120","2029"
"3034","396123","20220824072000","2182","2","臺北市","北投區","121.500","25.125","3104"
"3194","396124","20220824072000","3119","1","臺北市","北投區","121.510","25.115","3247"
"2606","396126","20220824072000","3115","0","臺北市","中山區","121.535","25.065","2558"
"1872","396127","20220824072000","2202","0","臺北市","中山區","121.550","25.085","1823"
"582","396128","20220824072000","929","0","臺北市","中山區","121.555","25.085","562"
"2008","396130","20220824072000","2374","0","新北市","三重區","121.505","25.065","2039"
"1914","396131","20220824072000","2697","0","臺北市","中山區","121.525","25.070","1892"
"1877","396132","20220824072000","2135","0","新北市","三重區","121.505","25.070","1958"
"313","396133","20220824072000","197","3","桃園市","蘆竹區","121.280","25.065","292"
"1665","396134","20220824072000","1191","2","桃園市","蘆竹區","121.285","25.065","1663"
"644","396135","20220824072000","399","3","桃園市","蘆竹區","121.290","25.065","669"
"523","396136","20220824072000","455","1","桃園市","蘆竹區","121.275","25.070","547"
"516","396144","20220824072000","600","0","桃園市","龜山區","121.355","25.060","529"
"2822","396145","20220824072000","3658","0","桃園市","龜山區","121.365","25.060","2761"
"138","396146","20220824072000","161","0","桃園市","蘆竹區","121.340","25.065","143"
"876","396149","20220824072000","831","1","新北市","林口區","121.355","25.065","808"
"278","396150","20220824072000","288","0","桃園市","龜山區","121.355","25.055","318"
"1223","396151","20220824072000","1251","0","新北市","林口區","121.370","25.065","1165"
"4015","396157","20220824072000","4318","0","臺北市","內湖區","121.620","25.070","3998"
"3880","396158","20220824072000","3690","1","臺北市","內湖區","121.595","25.080","3843"
"277","396159","20220824072000","568","0","臺北市","內湖區","121.600","25.080","312"
"47","396164","20220824072000","57","0","臺北市","北投區","121.505","25.150","37"
"735","396165","20220824072000","392","3","臺北市","北投區","121.505","25.125","706"
"1366","396166","20220824072000","785","3","臺北市","北投區","121.510","25.125","1337"
"1499","396168","20220824072000","1338","1","臺北市","北投區","121.505","25.130","1533"
"277","396170","20220824072000","348","0","臺北市","北投區","121.515","25.130","278"
"54","396172","20220824072000","47","1","臺北市","北投區","121.510","25.105","46"
"318","396173","20220824072000","396","0","臺北市","北投區","121.505","25.110","316"
"1120","396175","20220824072000","1193","0","臺北市","南港區","121.595","25.055","1081"
"819","396176","20220824072000","1060","0","臺北市","南港區","121.600","25.050","809"
"946","396177","20220824072000","1171","0","臺北市","南港區","121.590","25.055","985"
"3481","396178","20220824072000","3315","1","臺北市","內湖區","121.595","25.060","3449"
"422","396179","20220824072000","640","0","臺北市","內湖區","121.600","25.060","409"
"48","396189","20220824072000","33","2","新北市","雙溪區","121.880","25.060","44"
"14","396205","20220824072000","10","2","新北市","雙溪區","121.845","25.060","12"
"22","396219","20220824072000","20","1","新北市","雙溪區","121.850","25.075","25"
"2849","396233","20220824072000","2486","1","桃園市","龜山區","121.360","25.060","2802"
"561","396237","20220824072000","754","0","臺北市","士林區","121.545","25.100","590"
"745","396238","20220824072000","772","0","臺北市","士林區","121.550","25.100","874"
"109","396243","20220824072000","102","1","臺北市","士林區","121.560","25.105","101"
"1607","396246","20220824072000","1615","0","臺北市","士林區","121.535","25.105","1624"
"57","396247","20220824072000","165","0","臺北市","士林區","121.545","25.110","60"
"970","396248","20220824072000","985","0","臺北市","士林區","121.535","25.110","954"
"62","396249","20220824072000","80","0","臺北市","士林區","121.550","25.115","61"
"19","396253","20220824072000","19","1","臺北市","士林區","121.570","25.135","16"
"107","396255","20220824072000","106","1","臺北市","士林區","121.560","25.140","145"
"40","396258","20220824072000","74","0","臺北市","士林區","121.555","25.145","28"
"102","396259","20220824072000","135","0","臺北市","士林區","121.560","25.145","102"
"215","396260","20220824072000","178","2","臺北市","士林區","121.565","25.145","173"
"152","396262","20220824072000","176","0","臺北市","士林區","121.555","25.150","153"
"89","396263","20220824072000","75","1","臺北市","士林區","121.560","25.150","95"
"2593","396266","20220824072000","2646","0","臺北市","士林區","121.510","25.085","2602"
"3205","396267","20220824072000","4337","0","臺北市","北投區","121.520","25.110","3201"
"2119","396268","20220824072000","1990","1","臺北市","北投區","121.520","25.115","2124"
"1372","396269","20220824072000","1387","0","臺北市","北投區","121.520","25.105","1288"
"1559","396270","20220824072000","2119","0","臺北市","士林區","121.525","25.100","1564"
"37","396271","20220824072000","31","1","臺北市","士林區","121.545","25.130","27"
"697","396273","20220824072000","2049","0","臺北市","士林區","121.540","25.135","645"
"213","396274","20220824072000","279","0","臺北市","士林區","121.545","25.135","210"
"1316","396276","20220824072000","2082","0","臺北市","士林區","121.545","25.140","1287"
"220","396278","20220824072000","174","2","臺北市","士林區","121.550","25.145","215"
"1491","396280","20220824072000","1388","1","臺北市","士林區","121.530","25.100","1468"
"936","396281","20220824072000","1338","0","臺北市","士林區","121.535","25.100","938"
"949","396282","20220824072000","986","0","臺北市","士林區","121.530","25.085","947"
"42","396283","20220824072000","25","3","臺北市","士林區","121.530","25.090","40"
"1262","396285","20220824072000","1567","0","臺北市","士林區","121.530","25.095","1360"
"435","396286","20220824072000","625","0","臺北市","士林區","121.535","25.095","462"
"1964","396289","20220824072000","2066","0","臺北市","士林區","121.520","25.080","1874"
"2074","396290","20220824072000","2474","0","臺北市","士林區","121.525","25.085","2157"
"358","396294","20220824072000","419","0","臺北市","士林區","121.565","25.105","340"
"2539","396296","20220824072000","2684","0","臺北市","內湖區","121.575","25.075","2588"
"1141","396297","20220824072000","1202","0","臺北市","內湖區","121.575","25.085","1137"
"1272","396299","20220824072000","1225","1","臺北市","北投區","121.495","25.145","1301"
"4140","396301","20220824072000","4447","0","臺北市","士林區","121.525","25.115","4146"
"1121","396302","20220824072000","1250","0","臺北市","內湖區","121.575","25.055","1144"
"829","396303","20220824072000","1027","0","臺北市","內湖區","121.575","25.060","841"
"489","396304","20220824072000","492","0","臺北市","內湖區","121.585","25.055","508"
"803","396305","20220824072000","1114","0","臺北市","內湖區","121.580","25.065","788"
"780","396306","20220824072000","742","1","臺北市","內湖區","121.575","25.065","756"
"1026","396307","20220824072000","1054","0","臺北市","內湖區","121.575","25.070","1069"
"722","396308","20220824072000","909","0","臺北市","內湖區","121.585","25.065","744"
"558","396309","20220824072000","683","0","臺北市","中山區","121.570","25.075","523"
"1335","396310","20220824072000","1297","1","臺北市","內湖區","121.580","25.070","1364"
"128","396311","20220824072000","107","1","臺北市","內湖區","121.585","25.080","127"
"3103","396312","20220824072000","3304","0","臺北市","內湖區","121.590","25.080","3182"
"728","396313","20220824072000","848","0","臺北市","內湖區","121.585","25.085","755"
"619","396314","20220824072000","657","0","臺北市","內湖區","121.595","25.065","623"
"1157","396315","20220824072000","1325","0","臺北市","內湖區","121.600","25.065","1115"
"1481","396316","20220824072000","2522","0","臺北市","內湖區","121.595","25.070","1528"
"1161","396317","20220824072000","1201","0","臺北市","內湖區","121.600","25.070","1178"
"137","396318","20220824072000","151","0","桃園市","大園區","121.200","25.060","137"
"317","396320","20220824072000","278","1","桃園市","大園區","121.200","25.065","309"
"351","396322","20220824072000","282","2","桃園市","大園區","121.200","25.070","337"
"105","396333","20220824072000","181","0","桃園市","大園區","121.230","25.095","114"
"191","396335","20220824072000","127","3","桃園市","大園區","121.210","25.100","190"
"302","396349","20220824072000","192","3","桃園市","大園區","121.230","25.110","267"
"1928","396355","20220824072000","1837","1","臺北市","北投區","121.505","25.120","1974"
"2904","396356","20220824072000","2925","0","臺北市","北投區","121.510","25.120","2913"
"454","396357","20220824072000","409","1","臺北市","北投區","121.510","25.135","420"
"672","396358","20220824072000","393","3","臺北市","北投區","121.515","25.135","619"
"285","396360","20220824072000","198","2","臺北市","北投區","121.510","25.140","298"
"246","396361","20220824072000","595","0","臺北市","北投區","121.515","25.140","244"
"227","396363","20220824072000","273","0","臺北市","北投區","121.525","25.145","223"
"883","396366","20220824072000","999","0","臺北市","北投區","121.485","25.135","923"
"1864","396368","20220824072000","1533","2","臺北市","北投區","121.485","25.140","1851"
"2829","396370","20220824072000","3027","0","臺北市","士林區","121.525","25.105","2864"
"3749","396371","20220824072000","4019","0","臺北市","士林區","121.530","25.105","3733"
"2954","396372","20220824072000","3179","0","臺北市","北投區","121.515","25.110","2744"
"2158","396373","20220824072000","2562","0","臺北市","士林區","121.520","25.100","2140"
"1468","396376","20220824072000","2403","0","臺北市","士林區","121.530","25.125","1474"
"524","396377","20220824072000","653","0","臺北市","北投區","121.525","25.130","509"
"955","396378","20220824072000","916","1","臺北市","北投區","121.530","25.130","958"
"26","396380","20220824072000","33","0","臺北市","士林區","121.530","25.135","24"
"2530","396382","20220824072000","2880","0","臺北市","北投區","121.515","25.115","2541"
"589","396383","20220824072000","1166","0","臺北市","北投區","121.515","25.120","652"
"1991","396384","20220824072000","2205","0","臺北市","北投區","121.520","25.120","2001"
"3855","396385","20220824072000","3617","1","臺北市","北投區","121.525","25.120","3800"
"752","396395","20220824072000","877","0","臺北市","松山區","121.545","25.070","778"
"377","396397","20220824072000","366","1","臺北市","中山區","121.540","25.065","364"
"900","396398","20220824072000","770","1","臺北市","中山區","121.535","25.075","886"
"738","396399","20220824072000","478","3","臺北市","松山區","121.550","25.075","731"
"4306","396400","20220824072000","4702","0","臺北市","中山區","121.545","25.080","4241"
"746","396401","20220824072000","966","0","臺北市","中山區","121.545","25.085","757"
"1553","396404","20220824072000","1298","1","臺北市","北投區","121.495","25.140","1476"
"835","396405","20220824072000","2118","0","臺北市","北投區","121.515","25.105","812"
"5024","396406","20220824072000","5868","0","臺北市","中山區","121.525","25.065","5023"
"3533","396407","20220824072000","4126","0","臺北市","士林區","121.535","25.115","3516"
"1444","396408","20220824072000","2189","0","臺北市","士林區","121.525","25.090","1422"
"1100","396409","20220824072000","905","2","臺北市","士林區","121.560","25.115","1064"
"481","396410","20220824072000","485","0","臺北市","士林區","121.560","25.120","440"
"156","396412","20220824072000","150","1","臺北市","士林區","121.560","25.125","161"
"162","396416","20220824072000","237","0","臺北市","士林區","121.560","25.135","161"
"3873","396417","20220824072000","4873","0","臺北市","士林區","121.520","25.085","4067"
"2663","396418","20220824072000","3443","0","臺北市","內湖區","121.580","25.080","2705"
"1129","396419","20220824072000","1142","0","臺北市","內湖區","121.580","25.085","1114"
"389","396422","20220824072000","407","0","桃園市","大園區","121.240","25.065","392"
"34","396424","20220824072000","44","0","桃園市","大園區","121.250","25.065","35"
"20","396433","20220824072000","192","0","桃園市","大園區","121.255","25.070","17"
"373","396435","20220824072000","344","1","桃園市","大園區","121.185","25.070","370"
"464","396436","20220824072000","441","1","桃園市","大園區","121.190","25.070","457"
"958","396438","20220824072000","826","1","桃園市","大園區","121.175","25.075","994"
"471","396439","20220824072000","481","0","桃園市","大園區","121.180","25.075","483"
"641","396440","20220824072000","564","1","桃園市","大園區","121.185","25.075","672"
"139","396443","20220824072000","128","1","桃園市","大園區","121.180","25.080","133"
"304","396447","20220824072000","248","2","桃園市","大園區","121.185","25.085","315"
"478","396462","20220824072000","354","2","桃園市","大園區","121.160","25.075","434"
"350","396471","20220824072000","278","2","桃園市","大園區","121.165","25.060","392"
"326","396472","20220824072000","291","1","桃園市","大園區","121.170","25.060","391"
"932","396473","20220824072000","1028","0","桃園市","大園區","121.175","25.060","689"
"999","396496","20220824072000","967","1","桃園市","大園區","121.210","25.060","1069"
"208","396505","20220824072000","173","2","桃園市","大園區","121.220","25.070","205"
"2550","396517","20220824072000","1652","3","桃園市","大園區","121.230","25.075","2691"
"220","396518","20220824072000","267","0","桃園市","大園區","121.235","25.075","297"
"855","396524","20220824072000","717","1","桃園市","大園區","121.235","25.080","848"
"447","396531","20220824072000","497","0","桃園市","大園區","121.240","25.085","452"
"332","396532","20220824072000","219","3","桃園市","大園區","121.245","25.085","300"
"754","396533","20220824072000","851","0","桃園市","大園區","121.250","25.085","737"
"811","396537","20220824072000","443","3","桃園市","大園區","121.245","25.090","813"
"474","396541","20220824072000","434","1","桃園市","大園區","121.240","25.100","479"
"1484","396542","20220824072000","1375","1","桃園市","大園區","121.195","25.065","1381"
"2128","396543","20220824072000","1721","2","桃園市","大園區","121.195","25.070","2058"
"107","396549","20220824072000","238","0","桃園市","大園區","121.235","25.065","101"
"249","396555","20220824072000","309","0","桃園市","大園區","121.200","25.085","267"
"277","396560","20220824072000","323","0","桃園市","大園區","121.225","25.090","308"
"3540","396561","20220824072000","4059","0","臺北市","士林區","121.520","25.095","3520"
"794","396562","20220824072000","1177","0","臺北市","南港區","121.600","25.055","769"
"3745","396563","20220824072000","4164","0","臺北市","南港區","121.605","25.055","3591"
"52","396564","20220824072000","64","0","臺北市","內湖區","121.615","25.080","55"
"15","396565","20220824072000","12","2","臺北市","內湖區","121.615","25.085","15"
"1467","396567","20220824072000","2104","0","臺北市","內湖區","121.615","25.070","1477"
"2577","396568","20220824072000","3040","0","臺北市","內湖區","121.590","25.065","2574"
"90","396569","20220824072000","110","0","臺北市","內湖區","121.585","25.070","94"
"2033","396570","20220824072000","1570","2","臺北市","內湖區","121.590","25.070","1969"
"264","396571","20220824072000","456","0","臺北市","北投區","121.500","25.145","259"
"765","396572","20220824072000","825","0","臺北市","內湖區","121.620","25.075","770"
"23","396573","20220824072000","10","3","臺北市","內湖區","121.620","25.080","13"
"197","396574","20220824072000","186","1","新北市","汐止區","121.625","25.080","204"
"106","396576","20220824072000","95","1","臺北市","內湖區","121.625","25.085","98"
"21","396587","20220824072000","36","0","臺北市","內湖區","121.610","25.100","20"
"1090","396590","20220824072000","1186","0","臺北市","內湖區","121.610","25.065","1069"
"607","396592","20220824072000","720","0","臺北市","內湖區","121.605","25.085","621"
"1092","396594","20220824072000","1343","0","臺北市","內湖區","121.600","25.090","1106"
"25","396599","20220824072000","18","2","臺北市","內湖區","121.605","25.095","23"
"2928","396603","20220824072000","3235","0","臺北市","北投區","121.500","25.130","2873"
"1107","396604","20220824072000","1157","0","新北市","汐止區","121.620","25.055","1061"
"3274","396605","20220824072000","3834","0","臺北市","士林區","121.505","25.085","3175"
"1074","396606","20220824072000","1441","0","臺北市","士林區","121.515","25.085","1164"
"956","396607","20220824072000","1032","0","臺北市","內湖區","121.590","25.085","970"
"2158","396608","20220824072000","2116","1","臺北市","內湖區","121.595","25.085","2131"
"2363","396609","20220824072000","2139","1","臺北市","內湖區","121.575","25.080","2440"
"1615","396611","20220824072000","1910","0","臺北市","北投區","121.470","25.125","1602"
"271","396612","20220824072000","399","0","臺北市","北投區","121.475","25.125","232"
"1465","396615","20220824072000","1719","0","臺北市","北投區","121.465","25.130","1464"
"891","396616","20220824072000","953","0","臺北市","北投區","121.470","25.130","934"
"117","396617","20220824072000","164","0","臺北市","北投區","121.475","25.130","126"
"1072","396619","20220824072000","1529","0","臺北市","北投區","121.470","25.135","1072"
"53","396620","20220824072000","39","2","臺北市","北投區","121.475","25.135","47"
"26","396621","20220824072000","27","0","臺北市","北投區","121.475","25.140","24"
"352","396622","20220824072000","379","0","臺北市","南港區","121.610","25.055","354"
"640","396623","20220824072000","730","0","臺北市","內湖區","121.605","25.065","589"
"4296","396624","20220824072000","5127","0","臺北市","中山區","121.520","25.060","4208"
"392","396625","20220824072000","542","0","臺北市","中山區","121.530","25.075","373"
"380","396626","20220824072000","565","0","臺北市","內湖區","121.570","25.065","409"
"1244","396628","20220824072000","1261","0","臺北市","松山區","121.550","25.070","1162"
"155","396629","20220824072000","187","0","臺北市","松山區","121.555","25.070","142"
"339","396630","20220824072000","292","1","臺北市","松山區","121.560","25.070","356"
"15","396632","20220824072000","34","0","臺北市","中山區","121.565","25.075","14"
"100","396633","20220824072000","2148","0","臺北市","松山區","121.555","25.055","111"
"2497","396634","20220824072000","4662","0","臺北市","松山區","121.570","25.055","2410"
"2170","396635","20220824072000","2088","1","臺北市","士林區","121.530","25.115","2171"
"19","396636","20220824072000","313","0","臺北市","士林區","121.495","25.095","17"
"1691","396637","20220824072000","1758","0","臺北市","士林區","121.500","25.095","1756"
"259","396639","20220824072000","295","0","臺北市","士林區","121.490","25.100","251"
"99","396643","20220824072000","109","0","臺北市","士林區","121.480","25.110","107"
"295","396644","20220824072000","332","0","臺北市","士林區","121.495","25.110","319"
"2866","396647","20220824072000","3607","0","臺北市","松山區","121.550","25.060","2925"
"3356","396648","20220824072000","3956","0","臺北市","松山區","121.555","25.060","3550"
"543","396649","20220824072000","549","0","臺北市","松山區","121.560","25.065","523"
"1583","396650","20220824072000","1909","0","臺北市","松山區","121.555","25.065","1630"
"1242","396651","20220824072000","1324","0","臺北市","中山區","121.545","25.075","1253"
"62","396655","20220824072000","157","0","臺北市","內湖區","121.605","25.080","56"
"2702","396656","20220824072000","1918","2","臺北市","內湖區","121.600","25.085","2665"
"4041","396657","20220824072000","3242","2","臺北市","松山區","121.550","25.065","4098"
"1862","396658","20220824072000","2213","0","臺北市","松山區","121.545","25.065","1930"
"3409","396659","20220824072000","4109","0","臺北市","松山區","121.565","25.055","3413"
"3851","396660","20220824072000","4045","0","臺北市","松山區","121.560","25.060","3816"
"323","396661","20220824072000","1319","0","臺北市","內湖區","121.570","25.060","284"
"2233","396662","20220824072000","2550","0","臺北市","松山區","121.565","25.060","2224"
"297","396663","20220824072000","280","1","臺北市","中山區","121.560","25.075","270"
"91","396665","20220824072000","89","1","臺北市","松山區","121.570","25.070","91"
"2516","396666","20220824072000","2691","0","臺北市","中山區","121.560","25.080","2399"
"3941","396667","20220824072000","5401","0","臺北市","松山區","121.550","25.055","3597"
"420","396669","20220824072000","582","0","臺北市","士林區","121.535","25.125","423"
"77","396672","20220824072000","127","0","臺北市","士林區","121.535","25.135","87"
"4191","396674","20220824072000","3319","2","臺北市","士林區","121.530","25.120","4211"
"5018","396675","20220824072000","5161","0","臺北市","士林區","121.530","25.110","4924"
"2150","396676","20220824072000","4315","0","臺北市","松山區","121.545","25.055","2143"
"3745","396677","20220824072000","3369","1","臺北市","松山區","121.560","25.055","3662"
"3109","396678","20220824072000","3481","0","臺北市","內湖區","121.580","25.075","3066"
"1009","396680","20220824072000","1323","0","臺北市","內湖區","121.590","25.060","1003"
"3423","396683","20220824072000","3011","1","臺北市","內湖區","121.590","25.090","3382"
"77","396684","20220824072000","23","3","臺北市","內湖區","121.595","25.090","69"
"57","396688","20220824072000","185","0","臺北市","內湖區","121.590","25.100","61"
"110","396690","20220824072000","171","0","臺北市","內湖區","121.580","25.105","120"
"134","396693","20220824072000","105","2","臺北市","內湖區","121.595","25.105","131"
"2354","396701","20220824072000","3618","0","臺北市","北投區","121.495","25.135","2416"
"287","396703","20220824072000","277","1","臺北市","北投區","121.505","25.100","281"
"325","396707","20220824072000","294","1","臺北市","北投區","121.500","25.110","329"
"68","396710","20220824072000","86","0","臺北市","北投區","121.530","25.140","78"
"110","396716","20220824072000","129","0","臺北市","北投區","121.535","25.150","102"
"372","396719","20220824072000","431","0","臺北市","士林區","121.555","25.115","378"
"214","396722","20220824072000","246","0","臺北市","士林區","121.550","25.125","204"
"2242","396727","20220824072000","2378","0","臺北市","士林區","121.510","25.080","2229"
"140","396731","20220824072000","255","0","臺北市","士林區","121.480","25.105","152"
"522","396732","20220824072000","395","2","臺北市","士林區","121.485","25.105","518"
"173","396735","20220824072000","605","0","臺北市","北投區","121.470","25.110","171"
"101","396737","20220824072000","116","0","臺北市","士林區","121.485","25.110","127"
"132","396739","20220824072000","127","1","臺北市","士林區","121.460","25.110","142"
"3744","396740","20220824072000","3662","1","臺北市","大同區","121.515","25.060","3871"
"2505","396741","20220824072000","3120","0","臺北市","中山區","121.520","25.065","2519"
"974","396742","20220824072000","1464","0","臺北市","內湖區","121.615","25.065","966"
"2774","396743","20220824072000","2573","1","臺北市","內湖區","121.605","25.070","2811"
"507","396744","20220824072000","380","2","臺北市","內湖區","121.605","25.075","537"
"2652","396745","20220824072000","2898","0","臺北市","內湖區","121.610","25.075","2622"
"846","396746","20220824072000","656","2","臺北市","內湖區","121.585","25.090","823"
"1834","396754","20220824072000","1597","1","臺北市","南港區","121.610","25.060","1739"
"1232","396755","20220824072000","1135","1","臺北市","南港區","121.620","25.060","1070"
"2096","396756","20220824072000","2487","0","臺北市","南港區","121.615","25.060","2160"
"3534","396758","20220824072000","3402","1","臺北市","南港區","121.615","25.055","3556"
"1887","396759","20220824072000","1558","2","臺北市","北投區","121.505","25.145","1916"
"427","396762","20220824072000","518","0","臺北市","北投區","121.465","25.115","411"
"3160","396765","20220824072000","3299","0","臺北市","北投區","121.465","25.120","3276"
"1052","396766","20220824072000","1098","0","臺北市","北投區","121.470","25.120","1037"
"2440","396767","20220824072000","2623","0","臺北市","士林區","121.525","25.095","2452"
"1974","396768","20220824072000","1627","2","臺北市","士林區","121.505","25.090","1978"
"1871","396769","20220824072000","1278","2","臺北市","士林區","121.510","25.090","1851"
"712","396771","20220824072000","832","0","新北市","三重區","121.500","25.075","704"
"3415","396773","20220824072000","3809","0","臺北市","內湖區","121.585","25.075","3290"
"1556","396774","20220824072000","1540","1","臺北市","內湖區","121.590","25.075","1584"
"1026","396775","20220824072000","997","1","臺北市","內湖區","121.595","25.075","1023"
"868","396776","20220824072000","1049","0","臺北市","內湖區","121.600","25.075","869"
"4288","396777","20220824072000","4974","0","臺北市","中山區","121.535","25.060","4115"
"2434","396778","20220824072000","3117","0","臺北市","大同區","121.515","25.070","2437"
"1847","396779","20220824072000","2504","0","臺北市","大同區","121.515","25.065","1880"
"2733","396781","20220824072000","3515","0","臺北市","北投區","121.510","25.110","2851"
"1921","396785","20220824072000","2108","0","臺北市","北投區","121.490","25.145","1772"
"2263","396788","20220824072000","2751","0","臺北市","北投區","121.505","25.115","2301"
"506","396789","20220824072000","606","0","臺北市","北投區","121.515","25.100","557"
"1997","396790","20220824072000","2582","0","臺北市","士林區","121.525","25.110","1976"
"1524","396791","20220824072000","1597","0","臺北市","中山區","121.520","25.070","1498"
"2043","396792","20220824072000","2069","0","臺北市","大同區","121.520","25.075","2125"
"12","396793","20220824072000","603","0","臺北市","士林區","121.515","25.080","12"
"544","396794","20220824072000","755","0","臺北市","內湖區","121.605","25.060","545"
"2238","396798","20220824072000","2082","1","臺北市","內湖區","121.585","25.060","2276"
"3556","396799","20220824072000","3681","0","臺北市","北投區","121.505","25.135","3663"
"33","396802","20220824072000","46","0","臺北市","士林區","121.575","25.120","35"
"17","396803","20220824072000","17","1","臺北市","士林區","121.570","25.125","13"
"260","396804","20220824072000","185","2","臺北市","士林區","121.575","25.125","263"
"18","396806","20220824072000","24","0","臺北市","士林區","121.570","25.130","16"
"176","396807","20220824072000","259","0","臺北市","士林區","121.575","25.130","176"
"29","396809","20220824072000","16","3","臺北市","士林區","121.575","25.135","26"
"48","396812","20220824072000","40","2","臺北市","士林區","121.580","25.140","54"
"693","396819","20220824072000","820","0","臺北市","士林區","121.515","25.090","717"
"4125","396820","20220824072000","4277","0","臺北市","士林區","121.520","25.090","4486"
"1662","396821","20220824072000","1879","0","臺北市","士林區","121.515","25.095","1796"
"2755","396822","20220824072000","2330","1","臺北市","北投區","121.500","25.135","2963"
"2046","396823","20220824072000","1620","2","臺北市","士林區","121.525","25.075","1925"
"922","396824","20220824072000","1348","0","臺北市","士林區","121.540","25.110","930"
"519","396826","20220824072000","456","1","臺北市","士林區","121.545","25.115","551"
"210","396828","20220824072000","196","1","臺北市","士林區","121.540","25.125","204"
"815","396831","20220824072000","750","1","臺北市","士林區","121.505","25.095","815"
"1240","396832","20220824072000","484","3","臺北市","士林區","121.540","25.095","1223"
"641","396833","20220824072000","699","0","臺北市","士林區","121.545","25.105","663"
"263","396834","20220824072000","321","0","臺北市","士林區","121.540","25.105","270"
"113","396839","20220824072000","90","2","臺北市","士林區","121.560","25.110","120"
"42","396841","20220824072000","44","0","臺北市","士林區","121.570","25.110","43"
"108","396848","20220824072000","97","1","臺北市","士林區","121.580","25.115","101"
"71","396852","20220824072000","53","2","臺北市","士林區","121.580","25.120","61"
"85","396853","20220824072000","98","0","臺北市","士林區","121.585","25.120","83"
"355","396856","20220824072000","209","3","新北市","汐止區","121.600","25.120","348"
"1717","396878","20220824072000","2129","0","臺北市","內湖區","121.580","25.055","1758"
"2751","396879","20220824072000","2744","1","臺北市","內湖區","121.580","25.060","2768"
"774","396880","20220824072000","1120","0","臺北市","內湖區","121.565","25.090","689"
"3064","396884","20220824072000","3516","0","臺北市","內湖區","121.565","25.080","3089"
"1333","396885","20220824072000","1296","1","臺北市","內湖區","121.560","25.085","1285"
"3117","396886","20220824072000","3068","1","臺北市","內湖區","121.565","25.085","3136"
"686","396888","20220824072000","703","0","臺北市","內湖區","121.560","25.090","775"
"1810","396890","20220824072000","1823","0","臺北市","內湖區","121.570","25.080","1820"
"2277","396891","20220824072000","2039","1","臺北市","內湖區","121.570","25.085","2288"
"2474","396892","20220824072000","3315","0","臺北市","松山區","121.570","25.050","2747"
"1145","396893","20220824072000","1301","0","臺北市","松山區","121.565","25.065","1085"
"458","398951","20220824072000","292","3","新北市","八里區","121.390","25.165","480"
"116","398956","20220824072000","82","2","基隆市","安樂區","121.710","25.165","117"
"134","399938","20220824072000","92","2","基隆市","安樂區","121.710","25.175","115"
"67","402902","20220824072000","58","1","新北市","萬里區","121.680","25.200","73"
"287","403910","20220824072000","301","0","新北市","萬里區","121.700","25.210","346"
"169","406949","20220824072000","117","2","新北市","金山區","121.635","25.240","160"
"51","409009","20220824072000","44","1","新北市","金山區","121.635","25.255","49"
"102","409527","20220824072000","125","0","新北市","三芝區","121.475","25.260","114"
"448","413221","20220824072000","507","0","新北市","石門區","121.565","25.290","441"
"14","413222","20220824072000","35","0","新北市","石門區","121.590","25.290","31"
"116","413767","20220824072000","83","2","新北市","石門區","121.580","25.295","112"
"133","414894","20220824072000","62","3","基隆市","中正區","121.765","25.145","159"
"355","414895","20220824072000","359","0","基隆市","中正區","121.770","25.155","336"
"531","414896","20220824072000","476","1","基隆市","中正區","121.765","25.155","527"
"98","414897","20220824072000","69","2","基隆市","中正區","121.765","25.160","103"
"82","414900","20220824072000","505","0","基隆市","中正區","121.780","25.145","72"
"492","414901","20220824072000","839","0","基隆市","中正區","121.775","25.150","552"
"107","414906","20220824072000","110","0","基隆市","安樂區","121.695","25.150","109"
"429","414907","20220824072000","467","0","基隆市","安樂區","121.700","25.150","412"
"1113","414909","20220824072000","984","1","基隆市","安樂區","121.695","25.155","1165"
"387","414910","20220824072000","277","2","基隆市","安樂區","121.700","25.155","364"
"243","414912","20220824072000","151","3","基隆市","安樂區","121.695","25.160","244"
"15","414913","20220824072000","175","0","基隆市","安樂區","121.700","25.160","18"
"256","414921","20220824072000","212","2","基隆市","中山區","121.750","25.145","289"
"1104","414923","20220824072000","1195","0","基隆市","中山區","121.720","25.150","1100"
"302","414929","20220824072000","280","1","基隆市","中山區","121.745","25.150","314"
"617","414936","20220824072000","840","0","新北市","三芝區","121.495","25.250","662"
"210","414948","20220824072000","190","1","新北市","三芝區","121.490","25.270","215"
"775","414949","20220824072000","596","2","基隆市","中山區","121.740","25.150","759"
"281","414951","20220824072000","240","1","基隆市","中山區","121.740","25.155","274"
"326","414985","20220824072000","280","1","新北市","三芝區","121.510","25.215","327"
"75","415028","20220824072000","63","1","新北市","三芝區","121.530","25.230","70"
"1855","415040","20220824072000","1971","0","新北市","三芝區","121.505","25.255","1810"
"487","415041","20220824072000","422","1","新北市","三芝區","121.505","25.260","457"
"16","415042","20220824072000","16","1","新北市","三芝區","121.505","25.245","26"
"2091","415044","20220824072000","2047","1","新北市","三芝區","121.500","25.255","2103"
"11","415049","20220824072000","34","0","新北市","三芝區","121.540","25.190","11"
"238","415063","20220824072000","143","3","新北市","三芝區","121.505","25.205","214"
"1692","415070","20220824072000","1985","0","基隆市","中正區","121.770","25.150","1630"
"10","415072","20220824072000","12","0","基隆市","中山區","121.730","25.150","10"
"174","415078","20220824072000","128","2","新北市","三芝區","121.465","25.240","177"
"256","415083","20220824072000","232","1","新北市","三芝區","121.455","25.245","269"
"108","415087","20220824072000","82","2","新北市","三芝區","121.475","25.245","111"
"186","415093","20220824072000","131","2","新北市","三芝區","121.465","25.250","160"
"317","415100","20220824072000","284","1","新北市","三芝區","121.475","25.250","316"
"70","415103","20220824072000","60","1","新北市","三芝區","121.505","25.265","77"
"1183","415124","20220824072000","576","3","新北市","三芝區","121.535","25.245","1283"
"133","415149","20220824072000","117","1","新北市","三芝區","121.520","25.225","138"
"227","415181","20220824072000","194","1","新北市","三芝區","121.500","25.210","250"
"190","415188","20220824072000","297","0","新北市","三芝區","121.510","25.255","193"
"156","415196","20220824072000","127","2","新北市","三芝區","121.495","25.235","135"
"18","415202","20220824072000","15","2","新北市","三芝區","121.490","25.245","16"
"40","415205","20220824072000","508","0","新北市","三芝區","121.495","25.245","49"
"363","415211","20220824072000","341","1","基隆市","中山區","121.735","25.150","349"
"274","415212","20220824072000","129","3","基隆市","中山區","121.730","25.155","243"
"361","415214","20220824072000","352","1","基隆市","中正區","121.785","25.145","354"
"326","415224","20220824072000","258","2","新北市","八里區","121.415","25.155","262"
"1784","415226","20220824072000","1233","2","新北市","八里區","121.415","25.160","1556"
"651","415229","20220824072000","690","0","新北市","八里區","121.420","25.160","683"
"118","415237","20220824072000","101","1","新北市","八里區","121.440","25.155","125"
"299","415239","20220824072000","398","0","新北市","八里區","121.430","25.155","459"
"154","415242","20220824072000","121","2","新北市","八里區","121.430","25.160","204"
"339","415250","20220824072000","296","1","新北市","八里區","121.395","25.160","387"
"197","415252","20220824072000","237","0","新北市","八里區","121.405","25.155","113"
"312","415257","20220824072000","277","1","新北市","萬里區","121.675","25.180","292"
"390","415264","20220824072000","314","2","新北市","萬里區","121.640","25.210","395"
"46","415271","20220824072000","41","1","新北市","萬里區","121.645","25.150","48"
"125","415286","20220824072000","96","2","新北市","萬里區","121.665","25.160","119"
"60","415301","20220824072000","46","2","新北市","萬里區","121.625","25.150","54"
"88","415357","20220824072000","41","3","新北市","萬里區","121.620","25.200","89"
"198","415363","20220824072000","254","0","新北市","萬里區","121.650","25.200","203"
"1018","415369","20220824072000","895","1","新北市","萬里區","121.690","25.175","989"
"690","415372","20220824072000","615","1","新北市","萬里區","121.690","25.180","783"
"2004","415375","20220824072000","2182","0","新北市","淡水區","121.440","25.175","1976"
"420","415378","20220824072000","503","0","新北市","淡水區","121.450","25.160","429"
"1423","415379","20220824072000","1390","1","新北市","淡水區","121.455","25.160","1442"
"416","415380","20220824072000","564","0","新北市","淡水區","121.460","25.160","417"
"749","415383","20220824072000","670","1","新北市","淡水區","121.450","25.165","737"
"32","415391","20220824072000","19","3","新北市","淡水區","121.430","25.205","30"
"27","415394","20220824072000","87","0","新北市","淡水區","121.445","25.205","22"
"282","415395","20220824072000","292","0","新北市","淡水區","121.450","25.205","294"
"241","415396","20220824072000","181","2","新北市","淡水區","121.455","25.205","227"
"28","415398","20220824072000","27","1","新北市","淡水區","121.440","25.210","31"
"252","415408","20220824072000","261","0","新北市","淡水區","121.460","25.215","267"
"50","415409","20220824072000","62","0","新北市","淡水區","121.465","25.215","46"
"424","415412","20220824072000","393","1","新北市","淡水區","121.450","25.220","397"
"15","415437","20220824072000","47","0","新北市","石門區","121.580","25.245","14"
"87","415462","20220824072000","47","3","新北市","石門區","121.530","25.285","87"
"102","415465","20220824072000","93","1","新北市","石門區","121.535","25.290","80"
"388","415468","20220824072000","366","1","新北市","石門區","121.540","25.290","391"
"143","415521","20220824072000","143","1","新北市","石門區","121.550","25.285","126"
"121","415532","20220824072000","126","0","新北市","石門區","121.515","25.275","153"
"250","415546","20220824072000","113","3","新北市","石門區","121.570","25.255","265"
"103","415568","20220824072000","138","0","新北市","石門區","121.550","25.255","100"
"67","415594","20220824072000","70","0","新北市","石門區","121.595","25.270","60"
"53","415595","20220824072000","46","1","新北市","石門區","121.590","25.275","56"
"80","415599","20220824072000","76","1","新北市","石門區","121.590","25.285","75"
"13","415623","20220824072000","20","0","新北市","石門區","121.600","25.280","14"
"112","415625","20220824072000","100","1","新北市","石門區","121.610","25.280","116"
"48","415630","20220824072000","42","1","新北市","萬里區","121.685","25.165","38"
"35","415649","20220824072000","22","3","新北市","萬里區","121.655","25.200","40"
"753","415654","20220824072000","544","2","新北市","萬里區","121.690","25.200","792"
"79","415655","20220824072000","53","2","新北市","萬里區","121.655","25.205","73"
"151","415656","20220824072000","120","2","新北市","萬里區","121.660","25.205","132"
"215","415657","20220824072000","175","2","新北市","萬里區","121.690","25.205","279"
"16","415664","20220824072000","22","0","新北市","淡水區","121.465","25.175","22"
"52","415674","20220824072000","86","0","新北市","淡水區","121.520","25.175","56"
"43","415676","20220824072000","74","0","新北市","淡水區","121.480","25.180","48"
"126","415677","20220824072000","125","1","新北市","淡水區","121.485","25.180","125"
"144","415685","20220824072000","117","2","新北市","淡水區","121.470","25.185","131"
"22","415687","20220824072000","110","0","新北市","淡水區","121.480","25.185","29"
"480","415688","20220824072000","464","1","新北市","淡水區","121.485","25.185","490"
"122","415696","20220824072000","122","1","新北市","淡水區","121.475","25.190","126"
"234","415697","20220824072000","150","3","新北市","淡水區","121.490","25.190","220"
"22","415699","20220824072000","12","3","新北市","淡水區","121.500","25.190","15"
"348","415701","20220824072000","1037","0","新北市","淡水區","121.440","25.180","326"
"124","415706","20220824072000","242","0","新北市","淡水區","121.485","25.165","120"
"65","415713","20220824072000","62","1","新北市","淡水區","121.485","25.170","58"
"126","415717","20220824072000","157","0","新北市","淡水區","121.485","25.175","103"
"39","415718","20220824072000","255","0","新北市","淡水區","121.415","25.180","26"
"104","415720","20220824072000","76","2","新北市","淡水區","121.410","25.185","116"
"1576","415722","20220824072000","1410","1","新北市","淡水區","121.420","25.185","1592"
"1028","415723","20220824072000","1041","0","新北市","淡水區","121.425","25.185","998"
"909","415724","20220824072000","1173","0","新北市","淡水區","121.430","25.185","865"
"802","415730","20220824072000","506","3","新北市","淡水區","121.430","25.190","715"
"25","415731","20220824072000","27","0","新北市","淡水區","121.420","25.195","22"
"705","415732","20220824072000","636","1","新北市","淡水區","121.425","25.195","693"
"555","415734","20220824072000","531","1","新北市","淡水區","121.420","25.175","639"
"117","415735","20220824072000","108","1","新北市","淡水區","121.425","25.175","129"
"48","415738","20220824072000","46","1","新北市","淡水區","121.475","25.210","48"
"19","415743","20220824072000","23","0","新北市","淡水區","121.475","25.215","34"
"42","415744","20220824072000","40","1","新北市","淡水區","121.480","25.215","42"
"159","415745","20220824072000","160","0","新北市","淡水區","121.485","25.215","154"
"28","415753","20220824072000","123","0","新北市","淡水區","121.445","25.225","30"
"175","415754","20220824072000","258","0","新北市","淡水區","121.450","25.225","171"
"154","415755","20220824072000","146","1","新北市","淡水區","121.455","25.225","150"
"11","415761","20220824072000","54","0","新北市","淡水區","121.445","25.230","18"
"203","415762","20220824072000","179","1","新北市","淡水區","121.450","25.230","210"
"128","415775","20220824072000","108","1","新北市","萬里區","121.635","25.165","130"
"108","415799","20220824072000","46","3","新北市","萬里區","121.650","25.175","128"
"283","415830","20220824072000","227","2","新北市","萬里區","121.685","25.190","279"
"144","415832","20220824072000","116","2","新北市","萬里區","121.680","25.195","149"
"302","415838","20220824072000","276","1","新北市","淡水區","121.430","25.175","319"
"1347","415839","20220824072000","2038","0","新北市","淡水區","121.435","25.175","1474"
"1737","415840","20220824072000","2056","0","新北市","淡水區","121.435","25.180","1746"
"490","415841","20220824072000","477","1","新北市","淡水區","121.435","25.170","513"
"162","415852","20220824072000","150","1","新北市","三芝區","121.480","25.235","153"
"2578","415853","20220824072000","3350","0","新北市","淡水區","121.445","25.175","2535"
"2090","415854","20220824072000","4497","0","新北市","淡水區","121.450","25.175","2025"
"1953","415857","20220824072000","2085","0","新北市","淡水區","121.460","25.155","1939"
"1380","415860","20220824072000","1453","0","新北市","淡水區","121.455","25.155","1407"
"159","415861","20220824072000","473","0","新北市","淡水區","121.465","25.160","154"
"113","415870","20220824072000","94","2","新北市","金山區","121.615","25.240","137"
"44","415905","20220824072000","44","1","新北市","金山區","121.590","25.235","38"
"1924","415910","20220824072000","2769","0","新北市","淡水區","121.445","25.180","1911"
"1845","415911","20220824072000","2442","0","新北市","淡水區","121.450","25.180","1762"
"41","415912","20220824072000","252","0","新北市","淡水區","121.455","25.180","43"
"913","415916","20220824072000","1496","0","新北市","淡水區","121.445","25.185","863"
"1355","415921","20220824072000","1907","0","新北市","淡水區","121.455","25.175","1351"
"2573","415922","20220824072000","2667","0","新北市","淡水區","121.440","25.170","2649"
"192","415924","20220824072000","179","1","新北市","淡水區","121.485","25.155","191"
"410","415927","20220824072000","382","1","新北市","淡水區","121.485","25.160","400"
"244","415931","20220824072000","223","1","新北市","淡水區","121.470","25.165","283"
"410","415932","20220824072000","332","2","新北市","淡水區","121.440","25.190","425"
"1824","415933","20220824072000","1961","0","新北市","淡水區","121.445","25.190","1788"
"128","415936","20220824072000","190","0","新北市","淡水區","121.460","25.190","132"
"847","415942","20220824072000","727","1","新北市","淡水區","121.450","25.200","841"
"227","415944","20220824072000","221","1","新北市","淡水區","121.460","25.200","230"
"772","415946","20220824072000","666","1","新北市","淡水區","121.420","25.180","745"
"1834","415947","20220824072000","2349","0","新北市","淡水區","121.450","25.170","1760"
"748","415948","20220824072000","812","0","新北市","淡水區","121.455","25.170","748"
"291","415951","20220824072000","296","0","新北市","淡水區","121.455","25.235","272"
"1048","415961","20220824072000","943","1","新北市","淡水區","121.435","25.185","1017"
"362","415962","20220824072000","408","0","新北市","淡水區","121.440","25.185","394"
"2285","415963","20220824072000","1941","1","新北市","淡水區","121.435","25.190","2286"
"840","415964","20220824072000","767","1","新北市","淡水區","121.430","25.195","819"
"503","415968","20220824072000","407","2","新北市","淡水區","121.430","25.200","496"
"1400","415969","20220824072000","1610","0","新北市","淡水區","121.435","25.200","1399"
"398","415971","20220824072000","315","2","新北市","淡水區","121.425","25.205","416"
"23","415972","20220824072000","21","1","新北市","淡水區","121.435","25.205","25"
"46","415975","20220824072000","470","0","新北市","淡水區","121.445","25.170","46"
"41","415977","20220824072000","41","1","新北市","淡水區","121.485","25.190","34"
"30","415979","20220824072000","87","0","新北市","淡水區","121.470","25.195","34"
"166","415984","20220824072000","160","1","新北市","淡水區","121.470","25.200","155"
"109","415986","20220824072000","92","1","新北市","淡水區","121.480","25.200","103"
"1187","416009","20220824072000","1212","0","新北市","金山區","121.640","25.220","1219"
"32","416022","20220824072000","28","1","新北市","金山區","121.625","25.270","36"
"374","416030","20220824072000","311","2","新北市","金山區","121.640","25.225","317"
"194","416031","20220824072000","256","0","新北市","金山區","121.645","25.225","201"
"211","416033","20220824072000","173","2","新北市","金山區","121.645","25.230","209"
"68","416038","20220824072000","104","0","臺北市","北投區","121.500","25.155","73"
"353","416050","20220824072000","271","2","新北市","金山區","121.630","25.225","356"
"387","416051","20220824072000","335","1","新北市","金山區","121.635","25.225","382"
"126","416060","20220824072000","140","0","新北市","金山區","121.615","25.245","134"
"32","416062","20220824072000","28","1","新北市","金山區","121.605","25.245","35"
"20","416063","20220824072000","19","1","新北市","金山區","121.610","25.245","16"
"20","416067","20220824072000","20","1","新北市","金山區","121.610","25.250","12"
"231","416122","20220824072000","110","3","新北市","金山區","121.595","25.200","173"
"266","416123","20220824072000","154","3","新北市","金山區","121.600","25.200","250"
"99","416146","20220824072000","63","3","新北市","金山區","121.600","25.215","109"
"572","416155","20220824072000","590","0","新北市","金山區","121.630","25.220","540"
"1019","416156","20220824072000","695","2","新北市","金山區","121.635","25.220","975"
"42","416160","20220824072000","59","0","臺北市","士林區","121.555","25.155","54"
"22","416182","20220824072000","24","0","臺北市","士林區","121.570","25.190","18"
"50","416192","20220824072000","66","0","臺北市","北投區","121.530","25.155","28"
"2211","416202","20220824072000","2579","0","新北市","淡水區","121.445","25.165","2240"
"238","416204","20220824072000","180","2","臺北市","北投區","121.540","25.155","231"
"203","416205","20220824072000","206","0","臺北市","北投區","121.545","25.150","215"
"20","416209","20220824072000","42","0","臺北市","北投區","121.545","25.155","16"
"18","416212","20220824072000","12","3","臺北市","北投區","121.540","25.160","22"
"51","416213","20220824072000","29","3","臺北市","北投區","121.545","25.160","52"
"268","416221","20220824072000","103","3","臺北市","北投區","121.540","25.165","252"
"208","416225","20220824072000","47","3","臺北市","北投區","121.560","25.165","226"
"31","416236","20220824072000","37","0","臺北市","北投區","121.535","25.175","45"
"97","416246","20220824072000","78","2","臺北市","北投區","121.545","25.180","93"
"111","416251","20220824072000","118","0","臺北市","北投區","121.535","25.185","100"
"44","416275","20220824072000","105","0","臺北市","北投區","121.490","25.155","45"
"10","617429","20220824072000","210","0","金門縣","金城鎮","118.305","24.400","10"
"1180","617430","20220824072000","1027","1","金門縣","金城鎮","118.310","24.400","1221"
"418","617700","20220824072000","383","1","金門縣","金城鎮","118.305","24.405","395"
"285","617704","20220824072000","252","1","金門縣","金城鎮","118.325","24.405","293"
"25","617966","20220824072000","21","1","金門縣","烈嶼鄉","118.225","24.405","25"
"53","617974","20220824072000","60","0","金門縣","金城鎮","118.290","24.405","52"
"97","617990","20220824072000","83","1","金門縣","金湖鎮","118.430","24.410","90"
"137","618255","20220824072000","152","0","金門縣","金城鎮","118.285","24.410","139"
"106","618257","20220824072000","338","0","金門縣","金城鎮","118.295","24.410","97"
"168","618258","20220824072000","174","0","金門縣","金城鎮","118.300","24.410","189"
"42","618259","20220824072000","35","2","金門縣","金城鎮","118.305","24.410","26"
"51","618260","20220824072000","58","0","金門縣","金城鎮","118.310","24.410","47"
"171","618263","20220824072000","198","0","金門縣","金城鎮","118.325","24.410","167"
"772","618264","20220824072000","609","2","金門縣","金城鎮","118.330","24.410","769"
"212","618266","20220824072000","179","1","金門縣","金城鎮","118.335","24.410","240"
"353","618273","20220824072000","330","1","金門縣","金湖鎮","118.435","24.415","349"
"595","618274","20220824072000","535","1","金門縣","金湖鎮","118.440","24.415","579"
"45","618530","20220824072000","316","0","金門縣","烈嶼鄉","118.230","24.415","64"
"700","618532","20220824072000","548","2","金門縣","烈嶼鄉","118.240","24.415","667"
"191","618541","20220824072000","200","0","金門縣","金城鎮","118.290","24.415","217"
"477","618545","20220824072000","670","0","金門縣","金城鎮","118.310","24.415","480"
"663","618547","20220824072000","731","0","金門縣","金城鎮","118.315","24.415","674"
"277","618552","20220824072000","165","3","金門縣","金寧鄉","118.340","24.415","282"
"175","618560","20220824072000","177","0","金門縣","金湖鎮","118.440","24.420","155"
"563","618813","20220824072000","436","2","金門縣","烈嶼鄉","118.220","24.420","581"
"54","618818","20220824072000","23","3","金門縣","烈嶼鄉","118.245","24.420","65"
"24","618832","20220824072000","984","0","金門縣","金城鎮","118.310","24.420","21"
"117","618833","20220824072000","110","1","金門縣","金城鎮","118.315","24.420","121"
"49","618834","20220824072000","78","0","金門縣","金城鎮","118.320","24.420","47"
"35","618835","20220824072000","34","1","金門縣","金城鎮","118.325","24.420","29"
"127","618836","20220824072000","174","0","金門縣","金寧鄉","118.330","24.420","119"
"18","618838","20220824072000","14","2","金門縣","金寧鄉","118.340","24.420","23"
"328","618851","20220824072000","301","1","金門縣","金湖鎮","118.440","24.425","330"
"1517","619113","20220824072000","1266","1","金門縣","烈嶼鄉","118.245","24.425","1505"
"334","619116","20220824072000","213","3","金門縣","烈嶼鄉","118.260","24.425","350"
"78","619117","20220824072000","77","1","金門縣","烈嶼鄉","118.265","24.425","65"
"1487","619127","20220824072000","1288","1","金門縣","金城鎮","118.320","24.425","1466"
"140","619133","20220824072000","164","0","金門縣","金寧鄉","118.350","24.425","137"
"243","619146","20220824072000","246","0","金門縣","金湖鎮","118.430","24.425","248"
"117","619151","20220824072000","113","1","金門縣","金湖鎮","118.455","24.430","120"
"64","619406","20220824072000","61","1","金門縣","烈嶼鄉","118.230","24.430","61"
"89","619420","20220824072000","1460","0","金門縣","金城鎮","118.310","24.430","78"
"845","619421","20220824072000","1402","0","金門縣","金城鎮","118.315","24.430","821"
"1165","619422","20220824072000","1195","0","金門縣","金城鎮","118.320","24.430","1180"
"124","619424","20220824072000","170","0","金門縣","金寧鄉","118.330","24.430","118"
"494","619426","20220824072000","388","2","金門縣","金寧鄉","118.340","24.430","439"
"88","619430","20220824072000","52","3","金門縣","金寧鄉","118.360","24.430","78"
"370","619440","20220824072000","900","0","金門縣","金湖鎮","118.410","24.430","358"
"381","619442","20220824072000","488","0","金門縣","金湖鎮","118.420","24.430","377"
"218","619709","20220824072000","364","0","金門縣","烈嶼鄉","118.255","24.435","218"
"20","619710","20220824072000","23","0","金門縣","烈嶼鄉","118.260","24.435","18"
"594","619718","20220824072000","569","1","金門縣","金城鎮","118.310","24.435","623"
"2487","619719","20220824072000","2900","0","金門縣","金城鎮","118.315","24.435","2527"
"21","619721","20220824072000","964","0","金門縣","金城鎮","118.325","24.435","26"
"270","619722","20220824072000","357","0","金門縣","金寧鄉","118.330","24.435","268"
"13","619726","20220824072000","30","0","金門縣","金寧鄉","118.350","24.435","14"
"120","619729","20220824072000","84","2","金門縣","金湖鎮","118.365","24.435","109"
"139","619731","20220824072000","100","2","金門縣","金湖鎮","118.375","24.435","136"
"129","619734","20220824072000","165","0","金門縣","金湖鎮","118.390","24.435","131"
"651","619737","20220824072000","1531","0","金門縣","金湖鎮","118.405","24.435","1462"
"51","619739","20220824072000","101","0","金門縣","金湖鎮","118.415","24.435","56"
"114","619747","20220824072000","117","0","金門縣","金湖鎮","118.455","24.435","116"
"631","620010","20220824072000","334","3","金門縣","金城鎮","118.310","24.440","605"
"3985","620011","20220824072000","2300","3","金門縣","金城鎮","118.315","24.440","4004"
"784","620012","20220824072000","505","3","金門縣","金寧鄉","118.320","24.440","715"
"82","620013","20220824072000","80","1","金門縣","金城鎮","118.325","24.440","79"
"25","620015","20220824072000","330","0","金門縣","金寧鄉","118.335","24.440","31"
"122","620024","20220824072000","113","1","金門縣","金湖鎮","118.380","24.440","112"
"685","620025","20220824072000","775","0","金門縣","金湖鎮","118.385","24.440","675"
"81","620027","20220824072000","64","2","金門縣","金湖鎮","118.395","24.440","73"
"67","620029","20220824072000","179","0","金門縣","金湖鎮","118.405","24.440","68"
"891","620031","20220824072000","3557","0","金門縣","金湖鎮","118.415","24.440","859"
"1028","620032","20220824072000","1400","0","金門縣","金湖鎮","118.420","24.440","1130"
"12","620037","20220824072000","125","0","金門縣","金湖鎮","118.445","24.440","287"
"49","620293","20220824072000","343","0","金門縣","烈嶼鄉","118.240","24.440","364"
"862","620304","20220824072000","859","1","金門縣","金寧鄉","118.310","24.445","798"
"161","620306","20220824072000","204","0","金門縣","金寧鄉","118.320","24.445","171"
"22","620312","20220824072000","434","0","金門縣","金寧鄉","118.350","24.445","29"
"35","620317","20220824072000","305","0","金門縣","金湖鎮","118.375","24.445","19"
"340","620318","20220824072000","261","2","金門縣","金湖鎮","118.380","24.445","346"
"48","620319","20220824072000","46","1","金門縣","金湖鎮","118.385","24.445","36"
"27","620323","20220824072000","21","2","金門縣","金湖鎮","118.405","24.445","31"
"86","620326","20220824072000","31","3","金門縣","金湖鎮","118.420","24.445","46"
"18","620327","20220824072000","309","0","金門縣","金湖鎮","118.425","24.445","22"
"17","620335","20220824072000","15","1","金門縣","金湖鎮","118.465","24.445","12"
"117","620336","20220824072000","140","0","金門縣","金湖鎮","118.470","24.445","127"
"117","620593","20220824072000","142","0","金門縣","烈嶼鄉","118.250","24.445","131"
"93","620594","20220824072000","81","1","金門縣","烈嶼鄉","118.255","24.445","95"
"231","620604","20220824072000","350","0","金門縣","金寧鄉","118.305","24.450","210"
"737","620605","20220824072000","426","3","金門縣","金寧鄉","118.310","24.450","722"
"219","620607","20220824072000","458","0","金門縣","金寧鄉","118.320","24.450","215"
"446","620608","20220824072000","355","2","金門縣","金寧鄉","118.325","24.450","432"
"1638","620609","20220824072000","1573","1","金門縣","金寧鄉","118.330","24.450","1661"
"616","620610","20220824072000","563","1","金門縣","金寧鄉","118.335","24.450","629"
"430","620611","20220824072000","485","0","金門縣","金寧鄉","118.340","24.450","407"
"75","620613","20220824072000","57","2","金門縣","金寧鄉","118.350","24.450","82"
"74","620618","20220824072000","64","1","金門縣","金湖鎮","118.375","24.450","38"
"62","620625","20220824072000","51","2","金門縣","金湖鎮","118.410","24.450","62"
"523","620912","20220824072000","285","3","金門縣","金寧鄉","118.335","24.455","520"
"315","620919","20220824072000","283","1","金門縣","金湖鎮","118.370","24.455","320"
"370","620920","20220824072000","335","1","金門縣","金湖鎮","118.375","24.455","382"
"472","620921","20220824072000","376","2","金門縣","金湖鎮","118.380","24.455","461"
"82","620922","20220824072000","57","2","金門縣","金湖鎮","118.385","24.455","117"
"38","620927","20220824072000","28","2","金門縣","金湖鎮","118.410","24.455","41"
"52","620928","20220824072000","46","1","金門縣","金湖鎮","118.415","24.455","51"
"33","620930","20220824072000","30","1","金門縣","金湖鎮","118.425","24.455","51"
"417","621210","20220824072000","598","0","金門縣","金寧鄉","118.305","24.455","395"
"26","621214","20220824072000","701","0","金門縣","金寧鄉","118.325","24.455","25"
"238","621221","20220824072000","259","0","金門縣","金寧鄉","118.360","24.460","243"
"11","621226","20220824072000","14","0","金門縣","金沙鎮","118.385","24.460","12"
"107","621230","20220824072000","144","0","金門縣","金沙鎮","118.405","24.460","85"
"116","621231","20220824072000","475","0","金門縣","金湖鎮","118.410","24.460","124"
"35","621233","20220824072000","25","2","金門縣","金湖鎮","118.420","24.460","49"
"32","621239","20220824072000","30","1","金門縣","金沙鎮","118.450","24.460","26"
"655","621509","20220824072000","791","0","金門縣","金寧鄉","118.315","24.460","590"
"155","621510","20220824072000","207","0","金門縣","金寧鄉","118.320","24.460","144"
"204","621511","20220824072000","164","2","金門縣","金寧鄉","118.325","24.460","201"
"16","621529","20220824072000","17","0","金門縣","金沙鎮","118.415","24.465","16"
"36","621530","20220824072000","18","3","金門縣","金湖鎮","118.420","24.465","35"
"140","621533","20220824072000","89","3","金門縣","金沙鎮","118.435","24.465","137"
"58","621534","20220824072000","70","0","金門縣","金沙鎮","118.440","24.465","65"
"258","621810","20220824072000","228","1","金門縣","金沙鎮","118.390","24.465","257"
"37","621816","20220824072000","770","0","金門縣","金沙鎮","118.420","24.470","46"
"301","621823","20220824072000","260","1","金門縣","金沙鎮","118.455","24.470","319"
"449","622079","20220824072000","504","0","金門縣","金寧鄉","118.315","24.470","434"
"328","622096","20220824072000","441","0","金門縣","金沙鎮","118.400","24.470","320"
"86","622102","20220824072000","62","2","金門縣","金沙鎮","118.430","24.475","89"
"339","622377","20220824072000","169","3","金門縣","金沙鎮","118.390","24.475","331"
"153","622643","20220824072000","395","0","金門縣","金寧鄉","118.305","24.480","160"
"65","622644","20220824072000","77","0","金門縣","金寧鄉","118.310","24.480","50"
"20","622657","20220824072000","242","0","金門縣","金沙鎮","118.390","24.480","26"
"168","622658","20220824072000","122","2","金門縣","金沙鎮","118.395","24.480","153"
"13","622921","20220824072000","16","0","金門縣","金寧鄉","118.300","24.485","11"
"1108","622937","20220824072000","873","2","金門縣","金沙鎮","118.415","24.485","1122"
"112","622938","20220824072000","111","1","金門縣","金沙鎮","118.420","24.485","114"
"37","622941","20220824072000","41","0","金門縣","金沙鎮","118.435","24.485","39"
"172","622942","20220824072000","94","3","金門縣","金沙鎮","118.440","24.485","171"
"638","623206","20220824072000","452","2","金門縣","金沙鎮","118.410","24.490","651"
"599","623207","20220824072000","635","0","金門縣","金沙鎮","118.415","24.490","580"
"22","623208","20220824072000","14","3","金門縣","金沙鎮","118.420","24.490","22"
"80","623210","20220824072000","87","0","金門縣","金沙鎮","118.430","24.490","87"
"747","623474","20220824072000","855","0","金門縣","金沙鎮","118.415","24.495","756"
"15","623478","20220824072000","381","0","金門縣","金沙鎮","118.435","24.495","16"
"69","623734","20220824072000","67","1","金門縣","金沙鎮","118.400","24.500","68"
"32","623738","20220824072000","36","0","金門縣","金沙鎮","118.420","24.500","31"
"265","623993","20220824072000","218","2","金門縣","金沙鎮","118.405","24.505","289"
"16","623999","20220824072000","20","0","金門縣","金沙鎮","118.435","24.505","16"
"250","624000","20220824072000","251","0","金門縣","金沙鎮","118.440","24.505","260"
"212","624511","20220824072000","201","1","金門縣","金沙鎮","118.405","24.515","218"
"136","624771","20220824072000","205","0","金門縣","金沙鎮","118.415","24.515","148"
"385","653049","20220824072000","367","1","連江縣","莒光鄉","119.975","25.960","335"
"195","653082","20220824072000","258","0","連江縣","莒光鄉","119.935","25.970","239"
"156","653097","20220824072000","140","1","連江縣","莒光鄉","119.930","25.975","143"
"23","653099","20220824072000","24","0","連江縣","莒光鄉","119.940","25.975","24"
"515","653173","20220824072000","290","3","連江縣","南竿鄉","119.925","26.140","493"
"71","653187","20220824072000","49","2","連江縣","南竿鄉","119.930","26.145","62"
"158","653198","20220824072000","119","2","連江縣","南竿鄉","119.915","26.145","147"
"49","653200","20220824072000","65","0","連江縣","南竿鄉","119.925","26.145","47"
"257","653203","20220824072000","428","0","連江縣","南竿鄉","119.940","26.145","276"
"23","653217","20220824072000","34","0","連江縣","南竿鄉","119.925","26.150","25"
"386","653219","20220824072000","388","0","連江縣","南竿鄉","119.935","26.150","372"
"49","653221","20220824072000","57","0","連江縣","南竿鄉","119.945","26.150","55"
"314","653231","20220824072000","294","1","連江縣","南竿鄉","119.920","26.155","228"
"581","653235","20220824072000","479","2","連江縣","南竿鄉","119.940","26.155","547"
"1032","653238","20220824072000","1021","1","連江縣","南竿鄉","119.955","26.155","985"
"66","653248","20220824072000","70","0","連江縣","南竿鄉","119.920","26.160","165"
"899","653255","20220824072000","897","1","連江縣","南竿鄉","119.955","26.160","795"
"22","653257","20220824072000","12","3","連江縣","南竿鄉","119.965","26.160","17"
"586","653272","20220824072000","392","2","連江縣","南竿鄉","119.950","26.165","555"
"10","653281","20220824072000","11","0","連江縣","南竿鄉","119.920","26.170","10"
"137","653282","20220824072000","111","2","連江縣","南竿鄉","119.925","26.170","111"
"289","653344","20220824072000","184","3","連江縣","北竿鄉","119.970","26.205","260"
"165","653365","20220824072000","212","0","連江縣","北竿鄉","119.975","26.215","210"
"23","653382","20220824072000","31","0","連江縣","北竿鄉","120.000","26.220","21"
"11","653393","20220824072000","15","0","連江縣","北竿鄉","119.980","26.225","19"
"1063","653396","20220824072000","851","2","連江縣","北竿鄉","119.995","26.225","1572"
"460","653397","20220824072000","383","2","連江縣","北竿鄉","120.000","26.225","478"
"182","653411","20220824072000","81","3","連江縣","北竿鄉","120.000","26.230","159"
"76","653580","20220824072000","39","3","連江縣","東引鄉","120.485","26.360","22"
"57","653590","20220824072000","43","2","連江縣","東引鄉","120.490","26.360","70"
"285","653592","20220824072000","482","0","連江縣","東引鄉","120.500","26.360","414"
"844","653602","20220824072000","786","1","連江縣","東引鄉","120.490","26.365","795"
"94","653603","20220824072000","55","3","連江縣","東引鄉","120.495","26.365","80"
"17","653606","20220824072000","11","3","連江縣","東引鄉","120.510","26.365","18"
"108","653623","20220824072000","88","2","連江縣","東引鄉","120.480","26.375","167"
