"POPULATION","G_ID","time","avg","idx","City","Town","x","y","prePop"
"198","6258","20220802231000","86","3","屏東縣","恆春鎮","120.745","21.945","203"
"30","6267","20220802231000","129","0","屏東縣","恆春鎮","120.790","21.945","26"
"129","9415","20220802231000","84","3","屏東縣","恆春鎮","120.715","21.970","142"
"106","9416","20220802231000","55","3","屏東縣","恆春鎮","120.845","21.970","107"
"303","15716","20220802231000","203","2","臺東縣","蘭嶼鄉","121.535","22.025","361"
"35","15719","20220802231000","315","0","臺東縣","蘭嶼鄉","121.550","22.025","58"
"32","18068","20220802231000","36","0","屏東縣","車城鄉","120.695","22.045","77"
"306","20191","20220802231000","610","0","臺東縣","蘭嶼鄉","121.570","22.065","308"
"92","40369","20220802231000","69","2","屏東縣","枋山鄉","120.660","22.245","87"
"46","46865","20220802231000","75","0","臺東縣","大武鄉","120.890","22.305","58"
"45","49782","20220802231000","171","0","屏東縣","琉球鄉","120.355","22.330","77"
"28","49783","20220802231000","151","0","屏東縣","琉球鄉","120.375","22.330","28"
"309","52213","20220802231000","260","1","屏東縣","琉球鄉","120.380","22.355","481"
"43","57589","20220802231000","18","3","屏東縣","春日鄉","120.660","22.365","58"
"47","57606","20220802231000","57","0","屏東縣","春日鄉","120.665","22.365","62"
"89","57748","20220802231000","91","0","屏東縣","春日鄉","120.750","22.405","131"
"259","57758","20220802231000","177","2","屏東縣","春日鄉","120.625","22.365","255"
"35","57858","20220802231000","170","0","屏東縣","恆春鎮","120.730","21.985","42"
"27","57868","20220802231000","222","0","屏東縣","車城鄉","120.730","22.055","34"
"187","57949","20220802231000","67","3","屏東縣","車城鄉","120.715","22.050","181"
"40","57951","20220802231000","135","0","屏東縣","車城鄉","120.710","22.055","23"
"340","57952","20220802231000","164","3","屏東縣","枋寮鄉","120.595","22.375","296"
"151","57962","20220802231000","438","0","屏東縣","枋寮鄉","120.595","22.385","182"
"481","57963","20220802231000","393","2","屏東縣","枋寮鄉","120.600","22.385","466"
"17","57992","20220802231000","13","2","屏東縣","滿州鄉","120.890","22.090","20"
"11","58022","20220802231000","11","1","屏東縣","滿州鄉","120.895","22.100","11"
"22","58112","20220802231000","18","2","屏東縣","滿州鄉","120.805","22.015","31"
"120","58150","20220802231000","102","1","屏東縣","滿州鄉","120.875","22.115","124"
"13","58179","20220802231000","12","1","屏東縣","滿州鄉","120.880","22.135","20"
"69","58209","20220802231000","82","0","屏東縣","滿州鄉","120.840","21.985","96"
"23","58243","20220802231000","40","0","屏東縣","滿州鄉","120.840","22.015","44"
"153","58245","20220802231000","217","0","屏東縣","滿州鄉","120.835","22.020","210"
"45","58246","20220802231000","18","3","屏東縣","滿州鄉","120.840","22.020","42"
"43","58248","20220802231000","94","0","屏東縣","滿州鄉","120.830","22.025","86"
"187","58265","20220802231000","246","0","屏東縣","滿州鄉","120.830","21.995","266"
"57","58303","20220802231000","20","3","屏東縣","滿州鄉","120.850","22.020","54"
"36","58452","20220802231000","48","0","屏東縣","滿州鄉","120.830","22.075","61"
"25","58493","20220802231000","19","2","屏東縣","滿州鄉","120.830","22.095","33"
"16","58500","20220802231000","19","0","屏東縣","滿州鄉","120.840","22.100","13"
"105","58514","20220802231000","69","3","屏東縣","枋山鄉","120.665","22.240","99"
"72","58522","20220802231000","156","0","屏東縣","枋山鄉","120.650","22.260","119"
"57","58529","20220802231000","247","0","屏東縣","枋山鄉","120.690","22.190","90"
"43","58531","20220802231000","115","0","屏東縣","枋山鄉","120.690","22.195","38"
"19","58544","20220802231000","12","3","屏東縣","佳冬鄉","120.525","22.410","32"
"669","58554","20220802231000","580","1","屏東縣","恆春鎮","120.740","22.030","607"
"38","58568","20220802231000","162","0","屏東縣","恆春鎮","120.735","22.040","58"
"137","58585","20220802231000","72","3","屏東縣","恆春鎮","120.720","22.045","131"
"17","58609","20220802231000","84","0","屏東縣","恆春鎮","120.750","21.955","14"
"90","58614","20220802231000","414","0","屏東縣","恆春鎮","120.755","21.960","91"
"33","58615","20220802231000","19","3","屏東縣","恆春鎮","120.760","21.960","32"
"269","58618","20220802231000","583","0","屏東縣","恆春鎮","120.755","21.965","493"
"570","58656","20220802231000","243","3","屏東縣","恆春鎮","120.730","22.010","614"
"463","58663","20220802231000","406","1","屏東縣","恆春鎮","120.745","22.005","461"
"362","58680","20220802231000","246","2","屏東縣","恆春鎮","120.730","21.995","386"
"24","58690","20220802231000","25","0","屏東縣","恆春鎮","120.740","21.920","20"
"426","58691","20220802231000","207","3","屏東縣","恆春鎮","120.725","21.925","568"
"35","58698","20220802231000","19","3","屏東縣","恆春鎮","120.715","21.935","34"
"55","58707","20220802231000","28","3","屏東縣","恆春鎮","120.715","21.945","75"
"382","58723","20220802231000","160","3","屏東縣","恆春鎮","120.720","21.960","407"
"801","58725","20220802231000","1201","0","屏東縣","恆春鎮","120.740","22.010","1026"
"15","58785","20220802231000","62","0","屏東縣","恆春鎮","120.720","22.040","28"
"109","58793","20220802231000","58","3","屏東縣","恆春鎮","120.695","22.020","110"
"10","58796","20220802231000","19","0","屏東縣","恆春鎮","120.710","22.020","17"
"102","58818","20220802231000","98","1","屏東縣","恆春鎮","120.850","21.905","206"
"23","58819","20220802231000","16","2","屏東縣","恆春鎮","120.855","21.905","21"
"62","58824","20220802231000","45","2","屏東縣","恆春鎮","120.850","21.910","83"
"190","58829","20220802231000","134","2","屏東縣","恆春鎮","120.850","21.915","267"
"68","58837","20220802231000","48","2","屏東縣","恆春鎮","120.830","21.925","93"
"209","58849","20220802231000","95","3","屏東縣","恆春鎮","120.825","21.935","320"
"13","58859","20220802231000","14","0","屏東縣","恆春鎮","120.840","21.940","13"
"35","58893","20220802231000","234","0","屏東縣","車城鄉","120.715","22.070","56"
"108","58924","20220802231000","41","3","屏東縣","獅子鄉","120.730","22.195","101"
"30","58958","20220802231000","111","0","屏東縣","獅子鄉","120.750","22.205","28"
"124","58971","20220802231000","82","3","屏東縣","獅子鄉","120.725","22.210","132"
"32","58997","20220802231000","12","3","屏東縣","獅子鄉","120.785","22.215","35"
"160","59115","20220802231000","468","0","屏東縣","琉球鄉","120.380","22.350","203"
"59","59117","20220802231000","333","0","屏東縣","琉球鄉","120.365","22.325","64"
"591","59120","20220802231000","266","3","屏東縣","琉球鄉","120.370","22.335","677"
"115","59149","20220802231000","133","0","屏東縣","獅子鄉","120.660","22.275","120"
"105","59469","20220802231000","69","3","屏東縣","獅子鄉","120.650","22.315","92"
"11","59727","20220802231000","93","0","屏東縣","獅子鄉","120.710","22.195","13"
"142","59772","20220802231000","104","2","屏東縣","獅子鄉","120.685","22.225","142"
"10","59987","20220802231000","44","0","屏東縣","獅子鄉","120.705","22.140","10"
"151","60023","20220802231000","133","1","屏東縣","獅子鄉","120.700","22.165","199"
"11","60048","20220802231000","56","0","屏東縣","獅子鄉","120.795","22.225","12"
"16","60065","20220802231000","77","0","屏東縣","獅子鄉","120.800","22.230","11"
"1118","60172","20220802231000","1393","0","屏東縣","琉球鄉","120.370","22.340","1647"
"71","60173","20220802231000","20","3","屏東縣","琉球鄉","120.370","22.345","64"
"191","60174","20220802231000","94","3","屏東縣","琉球鄉","120.375","22.345","218"
"166","60189","20220802231000","75","3","屏東縣","車城鄉","120.700","22.040","167"
"70","60193","20220802231000","56","2","屏東縣","車城鄉","120.700","22.050","59"
"22","60196","20220802231000","31","0","屏東縣","琉球鄉","120.365","22.340","39"
"20","60197","20220802231000","28","0","屏東縣","琉球鄉","120.365","22.345","20"
"109","60198","20220802231000","175","0","屏東縣","琉球鄉","120.370","22.350","201"
"252","60206","20220802231000","213","1","屏東縣","車城鄉","120.715","22.065","378"
"45","60213","20220802231000","137","0","屏東縣","車城鄉","120.720","22.090","46"
"54","60234","20220802231000","31","3","屏東縣","車城鄉","120.715","22.115","88"
"636","60246","20220802231000","593","1","屏東縣","琉球鄉","120.385","22.350","894"
"109","60260","20220802231000","75","2","屏東縣","車城鄉","120.740","22.085","94"
"124","60283","20220802231000","215","0","屏東縣","車城鄉","120.750","22.095","178"
"16","60314","20220802231000","176","0","屏東縣","枋寮鄉","120.555","22.390","25"
"85","60322","20220802231000","339","0","屏東縣","車城鄉","120.715","22.075","85"
"287","60328","20220802231000","134","3","屏東縣","車城鄉","120.730","22.075","269"
"13","60338","20220802231000","20","0","屏東縣","枋寮鄉","120.595","22.390","12"
"281","60350","20220802231000","191","2","屏東縣","枋寮鄉","120.590","22.405","275"
"101","60369","20220802231000","335","0","屏東縣","枋寮鄉","120.620","22.405","88"
"156","60374","20220802231000","109","2","屏東縣","枋寮鄉","120.590","22.370","126"
"107","60377","20220802231000","214","0","屏東縣","枋寮鄉","120.580","22.375","142"
"508","60401","20220802231000","722","0","屏東縣","枋寮鄉","120.575","22.405","645"
"176","60404","20220802231000","268","0","屏東縣","佳冬鄉","120.565","22.410","312"
"721","60421","20220802231000","1196","0","屏東縣","枋寮鄉","120.600","22.360","1054"
"669","60428","20220802231000","341","3","屏東縣","枋寮鄉","120.600","22.365","595"
"34","60441","20220802231000","86","0","屏東縣","枋山鄉","120.645","22.295","64"
"57","60442","20220802231000","70","0","屏東縣","獅子鄉","120.640","22.310","67"
"158","60446","20220802231000","218","0","屏東縣","枋山鄉","120.630","22.320","203"
"55","60449","20220802231000","93","0","屏東縣","枋山鄉","120.615","22.330","84"
"113","60455","20220802231000","140","0","屏東縣","枋山鄉","120.620","22.335","230"
"221","60456","20220802231000","168","2","屏東縣","枋山鄉","120.625","22.335","272"
"567","60532","20220802231000","827","0","屏東縣","恆春鎮","120.740","22.000","958"
"306","60533","20220802231000","447","0","屏東縣","恆春鎮","120.740","22.005","459"
"65","60535","20220802231000","210","0","屏東縣","恆春鎮","120.815","21.935","142"
"60","60537","20220802231000","101","0","屏東縣","恆春鎮","120.805","21.940","236"
"48","60539","20220802231000","277","0","屏東縣","恆春鎮","120.795","21.945","64"
"323","60540","20220802231000","557","0","屏東縣","恆春鎮","120.800","21.945","771"
"225","60541","20220802231000","359","0","屏東縣","恆春鎮","120.805","21.945","495"
"62","60543","20220802231000","83","0","屏東縣","恆春鎮","120.780","21.950","109"
"95","60544","20220802231000","90","1","屏東縣","恆春鎮","120.785","21.950","174"
"262","60568","20220802231000","155","3","屏東縣","恆春鎮","120.810","21.955","314"
"97","60589","20220802231000","64","3","屏東縣","恆春鎮","120.815","21.965","128"
"96","60623","20220802231000","342","0","屏東縣","恆春鎮","120.735","21.950","130"
"71","60646","20220802231000","62","1","屏東縣","恆春鎮","120.720","21.975","89"
"103","60651","20220802231000","85","2","屏東縣","恆春鎮","120.715","21.985","111"
"258","60656","20220802231000","137","3","屏東縣","恆春鎮","120.705","21.995","360"
"532","60671","20220802231000","937","0","屏東縣","恆春鎮","120.740","21.995","763"
"320","60672","20220802231000","297","1","屏東縣","恆春鎮","120.745","21.995","496"
"536","60680","20220802231000","646","0","屏東縣","恆春鎮","120.745","22.000","727"
"59","60694","20220802231000","77","0","屏東縣","恆春鎮","120.765","22.000","46"
"25","60732","20220802231000","51","0","屏東縣","牡丹鄉","120.815","22.075","40"
"61","60771","20220802231000","68","0","屏東縣","滿州鄉","120.890","22.140","44"
"26","60778","20220802231000","18","2","屏東縣","牡丹鄉","120.880","22.155","27"
"23","60784","20220802231000","30","0","屏東縣","牡丹鄉","120.880","22.160","23"
"261","60791","20220802231000","201","2","屏東縣","牡丹鄉","120.890","22.165","177"
"23","60821","20220802231000","66","0","屏東縣","牡丹鄉","120.880","22.185","27"
"37","60825","20220802231000","31","1","屏東縣","牡丹鄉","120.880","22.190","42"
"81","60827","20220802231000","71","1","屏東縣","牡丹鄉","120.885","22.190","82"
"36","60884","20220802231000","25","2","屏東縣","牡丹鄉","120.850","22.185","46"
"27","60907","20220802231000","62","0","屏東縣","牡丹鄉","120.855","22.200","44"
"12","60914","20220802231000","13","0","屏東縣","牡丹鄉","120.860","22.205","10"
"20","60936","20220802231000","16","2","屏東縣","牡丹鄉","120.815","22.150","18"
"46","60994","20220802231000","60","0","屏東縣","牡丹鄉","120.835","22.175","67"
"83","61141","20220802231000","65","2","屏東縣","牡丹鄉","120.770","22.125","87"
"252","61160","20220802231000","231","1","屏東縣","牡丹鄉","120.780","22.130","237"
"18","61331","20220802231000","96","0","屏東縣","牡丹鄉","120.840","22.115","20"
"206","61332","20220802231000","183","1","屏東縣","牡丹鄉","120.845","22.115","179"
"143","61441","20220802231000","69","3","臺東縣","大武鄉","120.880","22.325","114"
"44","61469","20220802231000","171","0","臺東縣","大武鄉","120.905","22.360","52"
"21","61471","20220802231000","105","0","臺東縣","大武鄉","120.900","22.365","21"
"355","61472","20220802231000","233","3","臺東縣","大武鄉","120.905","22.365","359"
"82","61501","20220802231000","268","0","臺東縣","大武鄉","120.910","22.380","100"
"115","61562","20220802231000","339","0","臺東縣","大武鄉","120.885","22.340","120"
"232","61604","20220802231000","223","1","臺東縣","蘭嶼鄉","121.525","22.080","249"
"261","61605","20220802231000","177","2","臺東縣","蘭嶼鄉","121.530","22.080","283"
"36","61620","20220802231000","34","1","臺東縣","蘭嶼鄉","121.590","22.005","90"
"170","61703","20220802231000","258","0","臺東縣","蘭嶼鄉","121.510","22.055","213"
"212","61734","20220802231000","238","0","臺東縣","蘭嶼鄉","121.555","22.025","252"
"77","61738","20220802231000","48","3","臺東縣","蘭嶼鄉","121.535","22.030","78"
"22","61830","20220802231000","83","0","臺東縣","達仁鄉","120.885","22.285","19"
"19","61900","20220802231000","41","0","臺東縣","達仁鄉","120.820","22.290","28"
"17","61910","20220802231000","55","0","臺東縣","達仁鄉","120.870","22.290","12"
"185","61933","20220802231000","120","3","臺東縣","達仁鄉","120.885","22.295","179"
"48","62017","20220802231000","49","0","臺東縣","達仁鄉","120.855","22.320","49"
"71","62301","20220802231000","55","2","臺東縣","達仁鄉","120.860","22.380","66"
"80","62355","20220802231000","41","3","臺東縣","達仁鄉","120.855","22.390","71"
"10","62465","20220802231000","10","1","臺東縣","達仁鄉","120.840","22.265","10"
"41","62479","20220802231000","30","2","臺東縣","達仁鄉","120.855","22.275","49"
"51","62493","20220802231000","35","2","臺東縣","達仁鄉","120.875","22.290","54"
"40","63917","20220802231000","22","3","臺東縣","大武鄉","120.930","22.415","58"
"328","65292","20220802231000","260","2","屏東縣","東港鎮","120.480","22.430","320"
"28","72794","20220802231000","45","0","高雄市","小港區","120.360","22.510","25"
"117","80997","20220802231000","166","0","屏東縣","新埤鄉","120.560","22.475","164"
"37","81026","20220802231000","149","0","屏東縣","新埤鄉","120.540","22.495","31"
"298","81045","20220802231000","445","0","屏東縣","新埤鄉","120.545","22.465","423"
"177","81049","20220802231000","99","3","屏東縣","新埤鄉","120.565","22.465","153"
"203","81079","20220802231000","137","2","屏東縣","新埤鄉","120.610","22.460","183"
"635","81134","20220802231000","546","1","屏東縣","新埤鄉","120.580","22.505","644"
"118","81174","20220802231000","222","0","屏東縣","新埤鄉","120.615","22.470","219"
"34","81486","20220802231000","57","0","屏東縣","春日鄉","120.630","22.425","55"
"105","81488","20220802231000","86","2","屏東縣","春日鄉","120.640","22.425","131"
"449","81506","20220802231000","444","1","屏東縣","新園鄉","120.435","22.500","600"
"40","81517","20220802231000","60","0","屏東縣","新園鄉","120.440","22.510","62"
"476","81529","20220802231000","503","0","屏東縣","萬巒鄉","120.610","22.590","473"
"834","81547","20220802231000","1409","0","屏東縣","林邊鄉","120.515","22.435","936"
"298","81552","20220802231000","391","0","屏東縣","林邊鄉","120.520","22.430","445"
"95","81560","20220802231000","33","3","屏東縣","東港鎮","120.495","22.460","74"
"161","81569","20220802231000","293","0","屏東縣","東港鎮","120.455","22.460","243"
"10","81573","20220802231000","30","0","屏東縣","東港鎮","120.465","22.440","16"
"41","81584","20220802231000","44","0","屏東縣","東港鎮","120.455","22.450","59"
"61","81816","20220802231000","60","1","屏東縣","來義鄉","120.680","22.525","66"
"26","81919","20220802231000","59","0","屏東縣","來義鄉","120.640","22.435","55"
"55","82042","20220802231000","72","0","屏東縣","來義鄉","120.635","22.525","76"
"12","82128","20220802231000","24","0","屏東縣","來義鄉","120.620","22.465","12"
"34","82186","20220802231000","36","0","屏東縣","來義鄉","120.665","22.560","34"
"45","82194","20220802231000","374","0","屏東縣","佳冬鄉","120.550","22.415","44"
"634","82204","20220802231000","776","0","屏東縣","佳冬鄉","120.545","22.415","899"
"643","82217","20220802231000","582","1","屏東縣","竹田鄉","120.515","22.575","737"
"14","82225","20220802231000","102","0","屏東縣","東港鎮","120.450","22.455","16"
"474","82239","20220802231000","164","3","屏東縣","東港鎮","120.495","22.455","449"
"61","82241","20220802231000","581","0","屏東縣","東港鎮","120.490","22.455","61"
"762","82243","20220802231000","623","2","屏東縣","東港鎮","120.445","22.465","746"
"395","82245","20220802231000","733","0","屏東縣","東港鎮","120.445","22.460","409"
"533","82256","20220802231000","776","0","屏東縣","東港鎮","120.455","22.470","792"
"167","82257","20220802231000","139","2","屏東縣","東港鎮","120.460","22.470","149"
"1031","82262","20220802231000","786","2","屏東縣","東港鎮","120.460","22.475","1481"
"401","82266","20220802231000","584","0","屏東縣","東港鎮","120.465","22.480","357"
"233","82270","20220802231000","478","0","屏東縣","東港鎮","120.475","22.485","181"
"21","82283","20220802231000","57","0","屏東縣","泰武鄉","120.625","22.590","34"
"103","82284","20220802231000","91","1","屏東縣","泰武鄉","120.635","22.590","86"
"532","82290","20220802231000","339","3","屏東縣","林邊鄉","120.520","22.435","500"
"657","82303","20220802231000","342","3","屏東縣","新園鄉","120.460","22.540","519"
"636","82306","20220802231000","775","0","屏東縣","新園鄉","120.460","22.545","756"
"140","82311","20220802231000","471","0","屏東縣","東港鎮","120.450","22.470","129"
"12","82316","20220802231000","12","1","屏東縣","竹田鄉","120.540","22.570","16"
"364","82324","20220802231000","569","0","屏東縣","竹田鄉","120.540","22.585","453"
"41","82325","20220802231000","102","0","屏東縣","竹田鄉","120.545","22.585","76"
"410","82333","20220802231000","693","0","屏東縣","新園鄉","120.455","22.525","645"
"209","82340","20220802231000","261","0","屏東縣","新園鄉","120.465","22.530","276"
"322","82347","20220802231000","248","2","屏東縣","新園鄉","120.440","22.475","324"
"126","82362","20220802231000","284","0","屏東縣","萬丹鄉","120.460","22.590","221"
"87","82367","20220802231000","60","2","屏東縣","萬丹鄉","120.465","22.595","84"
"484","82441","20220802231000","232","3","屏東縣","泰武鄉","120.650","22.570","506"
"30","82445","20220802231000","178","0","屏東縣","泰武鄉","120.635","22.580","30"
"51","82467","20220802231000","69","0","屏東縣","泰武鄉","120.660","22.570","50"
"61","82513","20220802231000","31","3","屏東縣","泰武鄉","120.665","22.585","50"
"22","82564","20220802231000","48","0","屏東縣","萬丹鄉","120.485","22.570","23"
"15","82568","20220802231000","33","0","屏東縣","萬丹鄉","120.490","22.575","22"
"495","82569","20220802231000","277","3","屏東縣","新園鄉","120.450","22.475","437"
"365","82576","20220802231000","230","3","屏東縣","新園鄉","120.445","22.515","368"
"273","82591","20220802231000","130","3","屏東縣","新園鄉","120.450","22.525","240"
"43","82614","20220802231000","361","0","屏東縣","佳冬鄉","120.515","22.415","48"
"46","82630","20220802231000","374","0","屏東縣","佳冬鄉","120.560","22.430","42"
"247","82634","20220802231000","505","0","屏東縣","佳冬鄉","120.560","22.435","261"
"36","82638","20220802231000","61","0","屏東縣","佳冬鄉","120.535","22.425","64"
"436","82649","20220802231000","616","0","屏東縣","佳冬鄉","120.555","22.420","397"
"120","82700","20220802231000","184","0","屏東縣","來義鄉","120.635","22.515","193"
"38","82715","20220802231000","42","0","屏東縣","來義鄉","120.660","22.525","55"
"16","82720","20220802231000","180","0","屏東縣","南州鄉","120.500","22.480","23"
"14","82722","20220802231000","95","0","屏東縣","南州鄉","120.490","22.485","14"
"372","82723","20220802231000","185","3","屏東縣","南州鄉","120.495","22.485","355"
"120","82736","20220802231000","231","0","屏東縣","南州鄉","120.530","22.465","98"
"407","82740","20220802231000","216","3","屏東縣","南州鄉","120.535","22.470","375"
"470","82742","20220802231000","731","0","屏東縣","南州鄉","120.520","22.475","602"
"239","82751","20220802231000","118","3","屏東縣","南州鄉","120.540","22.485","218"
"70","82754","20220802231000","32","3","屏東縣","南州鄉","120.535","22.490","79"
"61","82763","20220802231000","23","3","屏東縣","崁頂鄉","120.520","22.495","68"
"190","82767","20220802231000","74","3","屏東縣","內埔鄉","120.560","22.585","174"
"39","82779","20220802231000","195","0","屏東縣","萬丹鄉","120.495","22.550","38"
"362","82796","20220802231000","555","0","屏東縣","新園鄉","120.460","22.505","450"
"141","82807","20220802231000","325","0","屏東縣","崁頂鄉","120.505","22.540","151"
"408","82809","20220802231000","302","2","屏東縣","崁頂鄉","120.515","22.540","387"
"52","82821","20220802231000","301","0","屏東縣","崁頂鄉","120.490","22.510","53"
"162","82835","20220802231000","96","3","屏東縣","崁頂鄉","120.520","22.530","168"
"342","82839","20220802231000","697","0","屏東縣","南州鄉","120.510","22.495","519"
"58","82881","20220802231000","154","0","屏東縣","佳冬鄉","120.560","22.445","59"
"182","82883","20220802231000","97","3","屏東縣","佳冬鄉","120.560","22.450","182"
"161","82893","20220802231000","261","0","屏東縣","萬丹鄉","120.495","22.545","185"
"63","82901","20220802231000","46","2","屏東縣","崁頂鄉","120.510","22.510","58"
"211","82906","20220802231000","446","0","屏東縣","崁頂鄉","120.515","22.515","274"
"65","82941","20220802231000","35","3","屏東縣","崁頂鄉","120.490","22.500","69"
"20","82951","20220802231000","33","0","屏東縣","內埔鄉","120.570","22.590","22"
"886","82954","20220802231000","487","3","屏東縣","新園鄉","120.460","22.495","795"
"69","82963","20220802231000","145","0","屏東縣","新園鄉","120.475","22.550","123"
"254","82970","20220802231000","556","0","屏東縣","新園鄉","120.455","22.545","404"
"157","82987","20220802231000","519","0","屏東縣","新園鄉","120.460","22.490","177"
"140","82992","20220802231000","398","0","屏東縣","新園鄉","120.445","22.500","102"
"22","82996","20220802231000","16","2","屏東縣","新園鄉","120.445","22.475","18"
"422","82997","20220802231000","276","3","屏東縣","新園鄉","120.440","22.480","419"
"194","82998","20220802231000","194","1","屏東縣","新園鄉","120.445","22.480","211"
"24","83002","20220802231000","63","0","屏東縣","新園鄉","120.440","22.485","28"
"65","83015","20220802231000","145","0","屏東縣","新埤鄉","120.550","22.505","109"
"664","83024","20220802231000","421","3","屏東縣","潮州鎮","120.530","22.545","611"
"968","83025","20220802231000","1309","0","屏東縣","潮州鎮","120.535","22.545","1340"
"172","83047","20220802231000","153","1","屏東縣","潮州鎮","120.555","22.550","162"
"419","83049","20220802231000","281","2","屏東縣","潮州鎮","120.565","22.550","415"
"248","83055","20220802231000","431","0","屏東縣","萬丹鄉","120.470","22.560","391"
"71","83064","20220802231000","222","0","屏東縣","萬巒鄉","120.600","22.590","87"
"348","83080","20220802231000","524","0","屏東縣","東港鎮","120.450","22.465","351"
"472","83093","20220802231000","278","3","屏東縣","萬巒鄉","120.595","22.565","454"
"106","83095","20220802231000","342","0","屏東縣","萬巒鄉","120.605","22.565","116"
"180","83096","20220802231000","113","3","屏東縣","萬巒鄉","120.600","22.570","196"
"10","83099","20220802231000","10","1","屏東縣","萬巒鄉","120.595","22.570","11"
"300","83142","20220802231000","174","3","屏東縣","新埤鄉","120.625","22.525","287"
"66","83161","20220802231000","431","0","屏東縣","萬巒鄉","120.620","22.545","42"
"186","83162","20220802231000","462","0","屏東縣","泰武鄉","120.625","22.545","322"
"201","83177","20220802231000","152","2","屏東縣","萬巒鄉","120.580","22.590","204"
"354","83201","20220802231000","564","0","屏東縣","萬巒鄉","120.570","22.570","545"
"164","83206","20220802231000","363","0","屏東縣","萬巒鄉","120.565","22.575","251"
"296","83210","20220802231000","165","3","屏東縣","內埔鄉","120.565","22.580","262"
"24","83216","20220802231000","16","3","屏東縣","萬丹鄉","120.485","22.555","18"
"19","83222","20220802231000","117","0","屏東縣","東港鎮","120.470","22.485","31"
"99","83231","20220802231000","24","3","屏東縣","東港鎮","120.460","22.460","71"
"500","83232","20220802231000","712","0","屏東縣","東港鎮","120.465","22.460","764"
"636","83234","20220802231000","849","0","屏東縣","東港鎮","120.455","22.465","722"
"247","83235","20220802231000","97","3","屏東縣","東港鎮","120.460","22.465","237"
"402","83236","20220802231000","997","0","屏東縣","東港鎮","120.465","22.465","425"
"35","83237","20220802231000","13","3","屏東縣","東港鎮","120.470","22.465","35"
"282","83241","20220802231000","656","0","屏東縣","東港鎮","120.440","22.460","389"
"472","83257","20220802231000","821","0","屏東縣","竹田鄉","120.525","22.575","537"
"81","83258","20220802231000","138","0","屏東縣","潮州鎮","120.530","22.525","144"
"296","83261","20220802231000","226","2","屏東縣","潮州鎮","120.540","22.525","274"
"122","83267","20220802231000","150","0","屏東縣","潮州鎮","120.535","22.535","173"
"565","83269","20220802231000","291","3","屏東縣","潮州鎮","120.535","22.540","507"
"146","83271","20220802231000","87","3","屏東縣","枋寮鄉","120.580","22.410","104"
"131","83278","20220802231000","74","3","屏東縣","枋寮鄉","120.580","22.415","145"
"35","83323","20220802231000","78","0","屏東縣","枋寮鄉","120.620","22.425","40"
"78","83342","20220802231000","45","3","屏東縣","枋寮鄉","120.595","22.435","78"
"190","83378","20220802231000","248","0","屏東縣","萬丹鄉","120.460","22.575","265"
"80","83380","20220802231000","41","3","屏東縣","萬丹鄉","120.470","22.575","76"
"426","83383","20220802231000","315","2","屏東縣","竹田鄉","120.535","22.595","397"
"108","83414","20220802231000","46","3","屏東縣","林邊鄉","120.525","22.455","97"
"213","83430","20220802231000","173","2","屏東縣","萬丹鄉","120.485","22.580","211"
"610","83431","20220802231000","446","2","屏東縣","萬丹鄉","120.490","22.580","524"
"78","83433","20220802231000","78","1","屏東縣","萬丹鄉","120.480","22.565","66"
"377","83435","20220802231000","860","0","屏東縣","竹田鄉","120.490","22.565","552"
"198","83437","20220802231000","96","3","屏東縣","萬丹鄉","120.480","22.570","177"
"18","83438","20220802231000","39","0","屏東縣","萬丹鄉","120.490","22.550","28"
"24","83439","20220802231000","55","0","屏東縣","萬丹鄉","120.490","22.555","29"
"398","83442","20220802231000","826","0","屏東縣","潮州鎮","120.545","22.545","592"
"461","83443","20220802231000","341","2","屏東縣","潮州鎮","120.550","22.545","476"
"1199","83448","20220802231000","894","2","屏東縣","潮州鎮","120.550","22.555","1172"
"334","83455","20220802231000","512","0","屏東縣","潮州鎮","120.560","22.515","464"
"56","83457","20220802231000","206","0","屏東縣","潮州鎮","120.570","22.515","105"
"339","83473","20220802231000","632","0","屏東縣","潮州鎮","120.530","22.560","491"
"183","83483","20220802231000","390","0","屏東縣","萬丹鄉","120.465","22.565","266"
"1599","83504","20220802231000","1299","2","屏東縣","潮州鎮","120.540","22.555","1573"
"23","83508","20220802231000","156","0","屏東縣","潮州鎮","120.550","22.560","38"
"516","83516","20220802231000","348","2","屏東縣","潮州鎮","120.540","22.545","492"
"14","83518","20220802231000","16","0","屏東縣","潮州鎮","120.545","22.550","18"
"285","83525","20220802231000","521","0","屏東縣","潮州鎮","120.530","22.540","395"
"202","83540","20220802231000","116","3","屏東縣","潮州鎮","120.580","22.555","208"
"796","83567","20220802231000","874","0","屏東縣","萬丹鄉","120.490","22.590","1019"
"16","83574","20220802231000","15","1","屏東縣","潮州鎮","120.550","22.535","16"
"442","83576","20220802231000","272","3","屏東縣","潮州鎮","120.550","22.540","397"
"901","83577","20220802231000","501","3","屏東縣","潮州鎮","120.535","22.550","811"
"65","83578","20220802231000","725","0","屏東縣","潮州鎮","120.535","22.555","85"
"125","83582","20220802231000","64","3","屏東縣","萬丹鄉","120.500","22.595","124"
"258","83585","20220802231000","484","0","屏東縣","萬丹鄉","120.485","22.585","387"
"363","83586","20220802231000","464","0","屏東縣","萬丹鄉","120.490","22.585","325"
"83","83599","20220802231000","343","0","屏東縣","南州鄉","120.505","22.490","79"
"463","83623","20220802231000","492","0","屏東縣","南州鄉","120.510","22.490","702"
"205","83624","20220802231000","154","2","屏東縣","潮州鎮","120.530","22.510","197"
"209","83625","20220802231000","149","2","屏東縣","潮州鎮","120.535","22.510","188"
"517","83646","20220802231000","346","2","屏東縣","潮州鎮","120.530","22.550","531"
"1668","83648","20220802231000","929","3","高雄市","鳳山區","120.325","22.595","1463"
"208","83650","20220802231000","543","0","高雄市","前鎮區","120.320","22.595","301"
"1327","83651","20220802231000","1599","0","高雄市","小港區","120.360","22.565","1262"
"201","83652","20220802231000","112","3","高雄市","小港區(海)","120.335","22.550","167"
"343","83653","20220802231000","254","2","高雄市","小港區","120.335","22.555","353"
"362","83655","20220802231000","307","1","高雄市","小港區","120.340","22.560","338"
"47","83657","20220802231000","62","0","高雄市","小港區","120.370","22.530","48"
"125","83658","20220802231000","165","0","高雄市","小港區","120.365","22.535","119"
"13","83660","20220802231000","173","0","高雄市","小港區","120.370","22.540","18"
"43","83661","20220802231000","38","1","高雄市","小港區","120.375","22.540","58"
"340","83662","20220802231000","155","3","高雄市","小港區","120.370","22.545","316"
"50","83666","20220802231000","57","0","高雄市","小港區","120.375","22.545","77"
"19","83669","20220802231000","162","0","高雄市","小港區","120.375","22.550","23"
"269","83670","20220802231000","59","3","高雄市","小港區","120.370","22.555","294"
"57","83671","20220802231000","767","0","高雄市","小港區","120.365","22.560","61"
"606","83673","20220802231000","715","0","高雄市","小港區","120.375","22.560","625"
"560","83674","20220802231000","1249","0","高雄市","小港區","120.365","22.565","577"
"339","83675","20220802231000","422","0","高雄市","小港區","120.370","22.565","358"
"884","83677","20220802231000","1893","0","高雄市","小港區","120.355","22.570","912"
"428","83684","20220802231000","732","0","高雄市","大寮區","120.380","22.590","554"
"39","83692","20220802231000","574","0","高雄市","大寮區","120.385","22.590","48"
"666","83694","20220802231000","418","3","高雄市","大寮區","120.395","22.590","653"
"105","83701","20220802231000","124","0","高雄市","大寮區","120.420","22.585","111"
"26","83702","20220802231000","344","0","高雄市","大寮區","120.410","22.590","23"
"173","83703","20220802231000","126","2","高雄市","大寮區","120.415","22.590","173"
"1040","83704","20220802231000","1046","0","高雄市","大寮區","120.420","22.590","1020"
"542","83705","20220802231000","468","1","高雄市","大寮區","120.410","22.595","559"
"422","83706","20220802231000","316","2","高雄市","大寮區","120.415","22.595","441"
"19","83712","20220802231000","70","0","高雄市","前鎮區","120.310","22.580","23"
"82","83713","20220802231000","701","0","高雄市","小港區","120.345","22.565","66"
"30","83752","20220802231000","12","3","臺東縣","大武鄉","120.930","22.425","28"
"83","83802","20220802231000","64","2","臺東縣","大武鄉","120.925","22.415","68"
"26","83805","20220802231000","589","0","高雄市","小港區","120.345","22.525","28"
"176","83815","20220802231000","166","1","高雄市","林園區","120.405","22.495","202"
"75","83819","20220802231000","66","1","高雄市","林園區","120.400","22.500","53"
"26","83820","20220802231000","188","0","高雄市","林園區","120.410","22.495","22"
"356","83822","20220802231000","367","0","高雄市","林園區","120.390","22.505","377"
"68","83828","20220802231000","52","2","高雄市","林園區","120.415","22.485","60"
"526","83831","20220802231000","531","0","高雄市","前鎮區","120.315","22.580","491"
"1673","83836","20220802231000","1267","2","高雄市","大寮區","120.405","22.545","1678"
"36","83838","20220802231000","185","0","高雄市","前鎮區","120.300","22.590","35"
"32","83839","20220802231000","215","0","高雄市","前鎮區","120.300","22.585","33"
"134","83840","20220802231000","117","1","高雄市","前鎮區","120.295","22.590","152"
"149","83842","20220802231000","400","0","高雄市","前鎮區","120.305","22.590","158"
"105","83843","20220802231000","93","1","高雄市","前鎮區","120.290","22.595","124"
"121","83844","20220802231000","152","0","高雄市","前鎮區","120.295","22.595","169"
"326","83845","20220802231000","272","1","高雄市","前鎮區","120.310","22.585","318"
"108","83862","20220802231000","171","0","臺東縣","達仁鄉","120.905","22.475","143"
"114","84086","20220802231000","141","0","臺東縣","達仁鄉","120.885","22.455","162"
"190","84511","20220802231000","286","0","臺東縣","金峰鄉","120.960","22.595","256"
"129","85294","20220802231000","185","0","臺東縣","太麻里鄉","120.960","22.530","196"
"553","85296","20220802231000","463","1","高雄市","林園區","120.410","22.480","563"
"18","85297","20220802231000","16","1","高雄市","林園區","120.395","22.490","21"
"441","85301","20220802231000","380","1","高雄市","林園區","120.360","22.505","450"
"547","85302","20220802231000","389","2","高雄市","林園區","120.365","22.505","532"
"588","85305","20220802231000","1084","0","高雄市","小港區","120.335","22.560","552"
"547","85307","20220802231000","395","2","高雄市","鳳山區","120.345","22.585","509"
"836","85308","20220802231000","528","3","高雄市","鳳山區","120.355","22.590","768"
"935","85309","20220802231000","533","3","高雄市","鳳山區","120.360","22.590","831"
"127","85310","20220802231000","403","0","高雄市","鳳山區","120.365","22.590","114"
"1085","85311","20220802231000","1587","0","高雄市","鳳山區","120.355","22.595","1435"
"286","85315","20220802231000","491","0","高雄市","鳳山區","120.360","22.595","458"
"397","85322","20220802231000","570","0","高雄市","小港區","120.350","22.560","367"
"841","85323","20220802231000","728","1","高雄市","小港區","120.355","22.560","832"
"2409","85325","20220802231000","1684","2","高雄市","鳳山區","120.360","22.585","2227"
"86","85327","20220802231000","489","0","高雄市","小港區","120.370","22.570","103"
"124","85328","20220802231000","128","0","高雄市","小港區","120.355","22.565","123"
"416","85329","20220802231000","330","2","高雄市","小港區","120.375","22.570","417"
"39","85331","20220802231000","267","0","高雄市","小港區","120.370","22.575","43"
"882","85332","20220802231000","823","1","高雄市","小港區","120.375","22.575","864"
"102","85337","20220802231000","158","0","高雄市","小港區","120.355","22.540","116"
"116","85340","20220802231000","128","0","高雄市","小港區","120.350","22.540","114"
"410","85343","20220802231000","300","2","高雄市","小港區","120.360","22.540","425"
"105","85345","20220802231000","53","3","高雄市","小港區","120.340","22.545","105"
"286","85347","20220802231000","226","2","高雄市","小港區","120.350","22.545","228"
"63","85353","20220802231000","80","0","高雄市","小港區","120.350","22.550","73"
"139","85354","20220802231000","131","1","高雄市","小港區","120.355","22.550","170"
"281","85355","20220802231000","254","1","高雄市","小港區","120.360","22.550","275"
"40","85356","20220802231000","78","0","高雄市","小港區","120.345","22.555","41"
"311","85359","20220802231000","329","0","高雄市","小港區","120.355","22.555","346"
"325","85360","20220802231000","255","2","高雄市","小港區","120.345","22.560","298"
"105","85367","20220802231000","114","0","高雄市","小港區","120.345","22.530","103"
"45","85368","20220802231000","58","0","高雄市","小港區","120.350","22.530","55"
"206","85370","20220802231000","211","0","高雄市","小港區","120.355","22.530","226"
"329","85371","20220802231000","332","0","高雄市","小港區","120.360","22.530","338"
"123","85372","20220802231000","197","0","高雄市","小港區","120.335","22.535","153"
"152","85374","20220802231000","128","1","高雄市","小港區","120.345","22.535","147"
"96","85377","20220802231000","91","1","高雄市","小港區(海)","120.330","22.540","151"
"73","85382","20220802231000","145","0","高雄市","小港區","120.320","22.545","73"
"491","85384","20220802231000","927","0","高雄市","前鎮區","120.325","22.570","678"
"1113","85385","20220802231000","1062","1","高雄市","前鎮區","120.325","22.575","1148"
"801","85386","20220802231000","1394","0","高雄市","前鎮區","120.315","22.590","744"
"140","85387","20220802231000","381","0","高雄市","前鎮區","120.305","22.595","242"
"281","85389","20220802231000","738","0","高雄市","前鎮區","120.310","22.595","449"
"556","85391","20220802231000","296","3","高雄市","前鎮區","120.315","22.575","506"
"241","85392","20220802231000","230","1","高雄市","前鎮區","120.320","22.575","290"
"1070","85393","20220802231000","1630","0","高雄市","前鎮區","120.325","22.580","1083"
"416","85396","20220802231000","707","0","高雄市","前鎮區","120.330","22.585","568"
"282","85398","20220802231000","602","0","高雄市","鳳山區","120.340","22.585","394"
"117","85400","20220802231000","140","0","臺東縣","太麻里鄉","120.940","22.460","143"
"30","85451","20220802231000","56","0","臺東縣","太麻里鄉","120.955","22.510","40"
"99","85475","20220802231000","115","0","臺東縣","太麻里鄉","120.935","22.520","162"
"208","85487","20220802231000","361","0","高雄市","鳳山區","120.325","22.585","281"
"555","85489","20220802231000","557","0","高雄市","鳳山區","120.350","22.590","710"
"1699","85490","20220802231000","1225","2","高雄市","鳳山區","120.345","22.595","1621"
"685","85491","20220802231000","896","0","高雄市","鳳山區","120.330","22.590","681"
"3012","85492","20220802231000","2013","2","高雄市","鳳山區","120.325","22.590","2911"
"539","85493","20220802231000","948","0","高雄市","前鎮區","120.320","22.585","852"
"411","85496","20220802231000","629","0","高雄市","前鎮區","120.330","22.580","537"
"233","85517","20220802231000","453","0","高雄市","大寮區","120.410","22.560","360"
"312","85519","20220802231000","210","2","高雄市","大寮區","120.420","22.560","295"
"377","85533","20220802231000","332","1","高雄市","大寮區","120.405","22.580","347"
"1406","85535","20220802231000","1262","1","高雄市","鳳山區","120.335","22.595","1341"
"101","85536","20220802231000","448","0","高雄市","小港區","120.360","22.570","128"
"809","85537","20220802231000","673","2","高雄市","林園區","120.385","22.490","600"
"556","85543","20220802231000","521","1","高雄市","鳳山區","120.330","22.595","568"
"260","85544","20220802231000","266","0","高雄市","小港區","120.355","22.515","256"
"123","85546","20220802231000","110","1","高雄市","小港區","120.360","22.525","124"
"211","85559","20220802231000","371","0","臺東縣","太麻里鄉","120.965","22.530","291"
"18","85590","20220802231000","18","1","臺東縣","太麻里鄉","120.965","22.545","24"
"56","85591","20220802231000","19","3","臺東縣","太麻里鄉","120.970","22.545","53"
"128","85656","20220802231000","111","1","臺東縣","太麻里鄉","120.990","22.575","198"
"98","85660","20220802231000","78","2","臺東縣","太麻里鄉","120.990","22.580","87"
"1081","85678","20220802231000","714","3","高雄市","鳳山區","120.350","22.595","1012"
"337","85680","20220802231000","414","0","高雄市","鳳山區","120.340","22.595","351"
"623","85681","20220802231000","516","2","高雄市","林園區","120.375","22.500","625"
"1356","85683","20220802231000","1174","1","高雄市","林園區","120.385","22.500","1318"
"136","85684","20220802231000","465","0","高雄市","林園區","120.395","22.485","141"
"254","85685","20220802231000","255","0","高雄市","林園區","120.375","22.505","261"
"481","85689","20220802231000","1215","0","高雄市","前鎮區","120.310","22.590","468"
"348","85700","20220802231000","743","0","高雄市","小港區","120.340","22.565","549"
"346","85708","20220802231000","337","1","高雄市","小港區","120.380","22.545","325"
"26","85713","20220802231000","104","0","高雄市","小港區","120.390","22.545","49"
"581","85719","20220802231000","507","1","高雄市","小港區","120.385","22.555","574"
"214","85721","20220802231000","508","0","高雄市","小港區","120.390","22.560","367"
"67","85723","20220802231000","249","0","高雄市","小港區","120.380","22.555","113"
"454","85724","20220802231000","314","2","高雄市","小港區","120.380","22.560","450"
"270","85725","20220802231000","108","3","高雄市","小港區","120.385","22.560","255"
"64","85726","20220802231000","163","0","高雄市","小港區","120.380","22.565","90"
"230","85727","20220802231000","109","3","高雄市","小港區","120.385","22.565","259"
"532","85728","20220802231000","344","3","高雄市","大寮區","120.400","22.590","527"
"21","85729","20220802231000","61","0","高雄市","大寮區","120.390","22.595","22"
"51","85731","20220802231000","39","2","高雄市","大寮區","120.415","22.535","52"
"115","85751","20220802231000","88","2","高雄市","大寮區","120.425","22.555","115"
"249","85754","20220802231000","188","2","高雄市","大寮區","120.425","22.560","239"
"640","85755","20220802231000","897","0","高雄市","前鎮區","120.315","22.585","895"
"399","85756","20220802231000","241","3","高雄市","前鎮區","120.305","22.585","399"
"243","85758","20220802231000","369","0","高雄市","小港區","120.345","22.570","235"
"610","85759","20220802231000","1440","0","高雄市","小港區","120.350","22.570","606"
"344","85764","20220802231000","396","0","高雄市","小港區","120.350","22.575","347"
"366","85768","20220802231000","331","1","高雄市","小港區","120.350","22.580","366"
"356","85770","20220802231000","1081","0","高雄市","鳳山區","120.350","22.585","456"
"1605","85771","20220802231000","2483","0","高雄市","鳳山區","120.355","22.585","1931"
"1647","85772","20220802231000","1680","0","高雄市","小港區","120.350","22.565","1706"
"15","85776","20220802231000","28","0","高雄市","小港區","120.325","22.565","15"
"435","85777","20220802231000","728","0","高雄市","小港區","120.330","22.565","617"
"305","85778","20220802231000","536","0","高雄市","前鎮區","120.330","22.570","466"
"1088","85779","20220802231000","1011","1","高雄市","小港區","120.335","22.570","1094"
"255","85780","20220802231000","255","1","高雄市","小港區","120.335","22.565","309"
"12","85783","20220802231000","244","0","高雄市","小港區","120.360","22.515","13"
"378","85790","20220802231000","623","0","高雄市","鳳山區","120.340","22.590","490"
"544","85791","20220802231000","381","2","高雄市","鳳山區","120.345","22.590","491"
"963","85793","20220802231000","1396","0","高雄市","鳳山區","120.335","22.590","1226"
"639","85794","20220802231000","367","3","高雄市","前鎮區","120.335","22.585","593"
"165","85806","20220802231000","125","2","高雄市","小港區(海)","120.330","22.550","123"
"93","85816","20220802231000","124","0","高雄市","小港區(海)","120.315","22.550","123"
"159","85817","20220802231000","117","2","高雄市","旗津區","120.310","22.555","131"
"63","85821","20220802231000","71","0","高雄市","旗津區(海)","120.300","22.575","63"
"29","85823","20220802231000","44","0","高雄市","前鎮區(海)","120.295","22.585","28"
"86","85826","20220802231000","272","0","高雄市","旗津區(海)","120.295","22.580","119"
"131","85827","20220802231000","139","0","高雄市","旗津區","120.290","22.585","182"
"31","85829","20220802231000","87","0","高雄市","大寮區","120.430","22.560","25"
"198","85835","20220802231000","144","2","高雄市","大寮區","120.435","22.565","190"
"129","85837","20220802231000","92","2","高雄市","大寮區","120.420","22.570","155"
"455","85839","20220802231000","418","1","高雄市","大寮區","120.430","22.570","437"
"35","85845","20220802231000","25","2","高雄市","大寮區","120.435","22.580","28"
"72","85858","20220802231000","74","0","高雄市","大寮區","120.410","22.575","81"
"324","85859","20220802231000","263","2","高雄市","大寮區","120.415","22.575","329"
"225","85864","20220802231000","218","1","高雄市","大寮區","120.420","22.580","210"
"268","85865","20220802231000","225","1","高雄市","大寮區","120.425","22.580","282"
"24","85866","20220802231000","249","0","高雄市","大寮區","120.430","22.580","25"
"63","85867","20220802231000","63","1","高雄市","大寮區","120.425","22.585","65"
"30","85869","20220802231000","32","0","高雄市","大寮區","120.435","22.585","28"
"15","85872","20220802231000","130","0","高雄市","大寮區","120.425","22.590","16"
"177","85873","20220802231000","163","1","高雄市","大寮區","120.430","22.590","179"
"28","85880","20220802231000","394","0","高雄市","大寮區","120.400","22.595","30"
"615","85881","20220802231000","559","1","高雄市","大寮區","120.405","22.595","623"
"470","85887","20220802231000","306","3","高雄市","前鎮區","120.320","22.570","401"
"76","85888","20220802231000","86","0","高雄市","前鎮區(海)","120.305","22.575","118"
"741","85894","20220802231000","510","2","高雄市","小港區","120.365","22.585","712"
"1002","85896","20220802231000","762","2","高雄市","前鎮區","120.320","22.590","979"
"335","85897","20220802231000","370","0","高雄市","林園區","120.395","22.505","334"
"1579","85898","20220802231000","1136","2","高雄市","林園區","120.395","22.510","1573"
"262","85910","20220802231000","212","2","高雄市","林園區","120.405","22.500","236"
"101","85911","20220802231000","108","0","高雄市","林園區","120.410","22.500","102"
"359","85915","20220802231000","358","1","高雄市","林園區","120.405","22.505","353"
"53","85916","20220802231000","44","2","高雄市","林園區","120.410","22.505","55"
"225","85920","20220802231000","221","1","高雄市","林園區","120.405","22.510","241"
"434","85929","20220802231000","315","2","高雄市","林園區","120.405","22.520","432"
"272","85936","20220802231000","238","1","高雄市","林園區","120.390","22.525","259"
"144","85937","20220802231000","227","0","高雄市","林園區","120.395","22.525","145"
"31","85945","20220802231000","124","0","高雄市","前鎮區","120.300","22.595","31"
"838","85946","20220802231000","842","0","高雄市","前鎮區","120.325","22.600","974"
"145","85948","20220802231000","487","0","高雄市","林園區","120.390","22.510","154"
"12","85949","20220802231000","15","0","高雄市","林園區","120.390","22.515","15"
"229","85950","20220802231000","202","1","高雄市","林園區","120.400","22.480","222"
"156","85953","20220802231000","72","3","高雄市","旗津區","120.310","22.560","206"
"32","85954","20220802231000","59","0","高雄市","旗津區","120.305","22.565","34"
"169","85955","20220802231000","353","0","高雄市","旗津區","120.300","22.570","275"
"65","85960","20220802231000","346","0","高雄市","林園區","120.395","22.530","64"
"255","85961","20220802231000","281","0","高雄市","林園區","120.400","22.530","258"
"20","85963","20220802231000","26","0","高雄市","林園區","120.385","22.505","24"
"113","85971","20220802231000","363","0","高雄市","旗津區","120.280","22.595","83"
"70","85972","20220802231000","150","0","高雄市","旗津區","120.285","22.585","108"
"102","85975","20220802231000","139","0","高雄市","旗津區","120.285","22.590","126"
"570","85978","20220802231000","473","2","高雄市","林園區","120.390","22.500","633"
"68","85982","20220802231000","897","0","高雄市","林園區","120.380","22.500","100"
"87","85983","20220802231000","798","0","高雄市","林園區","120.395","22.500","79"
"224","85988","20220802231000","156","2","高雄市","林園區","120.395","22.535","194"
"399","85989","20220802231000","270","2","高雄市","林園區","120.400","22.535","383"
"98","88407","20220802231000","147","0","高雄市","鼓山區","120.260","22.625","78"
"43","90458","20220802231000","24","3","臺東縣","綠島鄉","121.470","22.645","77"
"367","93129","20220802231000","127","3","臺東縣","綠島鄉","121.485","22.680","439"
"463","94971","20220802231000","248","3","高雄市","左營區","120.275","22.700","690"
"38","97490","20220802231000","515","0","屏東縣","屏東市","120.480","22.650","34"
"447","97491","20220802231000","349","2","屏東縣","屏東市","120.485","22.650","405"
"358","97497","20220802231000","493","0","屏東縣","屏東市","120.485","22.645","336"
"25","97500","20220802231000","15","3","屏東縣","屏東市","120.500","22.660","26"
"434","97501","20220802231000","391","1","屏東縣","屏東市","120.500","22.665","419"
"54","97502","20220802231000","320","0","屏東縣","九如鄉","120.490","22.730","62"
"607","97503","20220802231000","903","0","屏東縣","九如鄉","120.490","22.735","851"
"451","97504","20220802231000","211","3","屏東縣","九如鄉","120.490","22.710","465"
"28","97506","20220802231000","33","0","屏東縣","九如鄉","120.490","22.715","31"
"13","97509","20220802231000","31","0","屏東縣","九如鄉","120.495","22.720","13"
"64","97516","20220802231000","379","0","屏東縣","九如鄉","120.500","22.735","59"
"227","97518","20220802231000","89","3","屏東縣","九如鄉","120.505","22.735","201"
"492","97519","20220802231000","440","1","屏東縣","屏東市","120.475","22.655","513"
"352","97520","20220802231000","218","3","屏東縣","屏東市","120.480","22.655","350"
"14","97527","20220802231000","15","0","屏東縣","屏東市","120.450","22.635","16"
"38","97528","20220802231000","46","0","屏東縣","屏東市","120.455","22.635","30"
"18","97529","20220802231000","21","0","屏東縣","屏東市","120.460","22.635","22"
"16","97534","20220802231000","14","1","屏東縣","屏東市","120.455","22.640","19"
"53","97542","20220802231000","43","2","屏東縣","屏東市","120.495","22.625","52"
"682","97544","20220802231000","510","2","屏東縣","屏東市","120.505","22.625","639"
"1493","97550","20220802231000","1904","0","屏東縣","長治鄉","120.510","22.680","1748"
"13","97551","20220802231000","21","0","屏東縣","屏東市","120.475","22.665","14"
"763","97552","20220802231000","521","2","屏東縣","屏東市","120.485","22.670","766"
"103","97565","20220802231000","71","2","屏東縣","內埔鄉","120.570","22.650","93"
"31","97566","20220802231000","151","0","屏東縣","內埔鄉","120.575","22.650","21"
"22","97567","20220802231000","32","0","屏東縣","內埔鄉","120.560","22.655","17"
"13","97581","20220802231000","11","1","屏東縣","內埔鄉","120.585","22.665","15"
"443","97588","20220802231000","337","2","屏東縣","屏東市","120.505","22.690","463"
"768","97589","20220802231000","1666","0","屏東縣","屏東市","120.495","22.685","1017"
"14","97597","20220802231000","273","0","屏東縣","屏東市","120.510","22.700","24"
"51","97598","20220802231000","60","0","屏東縣","屏東市","120.495","22.705","66"
"208","97600","20220802231000","88","3","屏東縣","屏東市","120.505","22.705","257"
"1290","97606","20220802231000","1140","1","屏東縣","屏東市","120.475","22.660","1258"
"247","97607","20220802231000","449","0","屏東縣","屏東市","120.480","22.660","230"
"2439","97613","20220802231000","1705","2","屏東縣","屏東市","120.475","22.690","2435"
"94","97614","20220802231000","175","0","屏東縣","屏東市","120.470","22.690","128"
"23","97625","20220802231000","24","0","屏東縣","屏東市","120.485","22.700","26"
"403","97627","20220802231000","252","3","屏東縣","屏東市","120.480","22.670","381"
"430","97628","20220802231000","406","1","屏東縣","屏東市","120.495","22.670","412"
"191","97638","20220802231000","332","0","屏東縣","竹田鄉","120.525","22.605","222"
"1041","97642","20220802231000","770","2","屏東縣","屏東市","120.495","22.665","939"
"511","97643","20220802231000","535","0","屏東縣","屏東市","120.480","22.640","533"
"241","97654","20220802231000","359","0","屏東縣","鹽埔鄉","120.605","22.725","358"
"18","97655","20220802231000","25","0","屏東縣","屏東市","120.500","22.650","22"
"19","97656","20220802231000","47","0","屏東縣","屏東市","120.505","22.650","26"
"579","97657","20220802231000","417","2","屏東縣","屏東市","120.480","22.675","547"
"1250","97658","20220802231000","1138","1","屏東縣","屏東市","120.490","22.655","1368"
"256","97660","20220802231000","389","0","屏東縣","屏東市","120.490","22.660","387"
"93","97661","20220802231000","78","1","屏東縣","屏東市","120.495","22.660","91"
"169","97663","20220802231000","86","3","屏東縣","屏東市","120.460","22.665","208"
"50","97701","20220802231000","583","0","屏東縣","鹽埔鄉","120.540","22.730","64"
"66","97715","20220802231000","373","0","屏東縣","鹽埔鄉","120.555","22.735","64"
"208","97722","20220802231000","125","3","屏東縣","鹽埔鄉","120.520","22.735","207"
"15","97743","20220802231000","22","0","屏東縣","長治鄉","120.525","22.690","16"
"123","97744","20220802231000","345","0","屏東縣","長治鄉","120.530","22.690","112"
"32","97746","20220802231000","24","2","屏東縣","長治鄉","120.530","22.695","43"
"496","97754","20220802231000","403","2","屏東縣","屏東市","120.490","22.675","467"
"270","97761","20220802231000","906","0","屏東縣","屏東市","120.470","22.655","271"
"48","97765","20220802231000","45","1","屏東縣","屏東市","120.510","22.645","58"
"412","97771","20220802231000","987","0","屏東縣","屏東市","120.495","22.680","666"
"1160","97772","20220802231000","504","3","屏東縣","屏東市","120.495","22.675","1057"
"161","97773","20220802231000","420","0","屏東縣","屏東市","120.500","22.685","186"
"1950","97774","20220802231000","1628","1","屏東縣","屏東市","120.505","22.685","1838"
"609","97775","20220802231000","850","0","屏東縣","屏東市","120.510","22.685","864"
"404","97777","20220802231000","623","0","屏東縣","屏東市","120.500","22.675","564"
"191","97783","20220802231000","97","3","屏東縣","內埔鄉","120.600","22.650","187"
"386","97786","20220802231000","814","0","屏東縣","內埔鄉","120.615","22.650","421"
"187","97791","20220802231000","737","0","屏東縣","內埔鄉","120.600","22.660","164"
"333","97800","20220802231000","216","3","屏東縣","麟洛鄉","120.535","22.650","353"
"174","97814","20220802231000","129","2","屏東縣","麟洛鄉","120.550","22.660","177"
"82","97818","20220802231000","93","0","屏東縣","麟洛鄉","120.535","22.665","93"
"83","97823","20220802231000","40","3","屏東縣","麟洛鄉","120.515","22.640","82"
"408","97842","20220802231000","272","3","屏東縣","麟洛鄉","120.520","22.645","413"
"17","97844","20220802231000","17","1","屏東縣","屏東市","120.515","22.650","21"
"42","97849","20220802231000","595","0","屏東縣","麟洛鄉","120.525","22.650","41"
"107","97851","20220802231000","579","0","屏東縣","麟洛鄉","120.520","22.655","116"
"98","97914","20220802231000","403","0","屏東縣","萬丹鄉","120.460","22.595","111"
"810","97916","20220802231000","699","1","屏東縣","屏東市","120.490","22.680","794"
"746","97917","20220802231000","895","0","屏東縣","屏東市","120.490","22.685","850"
"1182","97918","20220802231000","879","2","屏東縣","屏東市","120.490","22.690","1230"
"280","97919","20220802231000","672","0","屏東縣","屏東市","120.505","22.670","388"
"679","97920","20220802231000","1720","0","屏東縣","長治鄉","120.510","22.670","1044"
"198","97925","20220802231000","401","0","屏東縣","長治鄉","120.545","22.690","185"
"13","97933","20220802231000","15","0","屏東縣","屏東市","120.465","22.670","38"
"415","97947","20220802231000","365","1","屏東縣","屏東市","120.475","22.680","409"
"174","97948","20220802231000","345","0","屏東縣","屏東市","120.480","22.680","153"
"103","97953","20220802231000","188","0","屏東縣","屏東市","120.465","22.685","122"
"289","97954","20220802231000","280","1","屏東縣","屏東市","120.470","22.685","314"
"230","97955","20220802231000","484","0","屏東縣","屏東市","120.475","22.685","237"
"847","97964","20220802231000","977","0","屏東縣","屏東市","120.510","22.655","826"
"232","97965","20220802231000","551","0","屏東縣","屏東市","120.505","22.660","298"
"172","97967","20220802231000","801","0","屏東縣","屏東市","120.515","22.660","166"
"344","97969","20220802231000","845","0","屏東縣","屏東市","120.505","22.665","517"
"41","97974","20220802231000","1043","0","屏東縣","屏東市","120.505","22.675","48"
"444","97978","20220802231000","420","1","屏東縣","屏東市","120.475","22.670","452"
"641","97984","20220802231000","432","2","屏東縣","萬丹鄉","120.485","22.610","633"
"372","97985","20220802231000","256","2","屏東縣","萬丹鄉","120.490","22.610","396"
"67","97991","20220802231000","222","0","屏東縣","萬丹鄉","120.490","22.620","62"
"276","98233","20220802231000","578","0","屏東縣","萬丹鄉","120.470","22.620","245"
"239","98245","20220802231000","129","3","屏東縣","萬丹鄉","120.470","22.610","233"
"290","98249","20220802231000","161","3","屏東縣","內埔鄉","120.600","22.675","264"
"200","98252","20220802231000","92","3","屏東縣","內埔鄉","120.585","22.640","167"
"75","98255","20220802231000","761","0","屏東縣","內埔鄉","120.590","22.645","84"
"199","98266","20220802231000","189","1","屏東縣","瑪家鄉","120.650","22.700","255"
"178","98270","20220802231000","333","0","屏東縣","內埔鄉","120.645","22.705","267"
"1217","98276","20220802231000","767","3","屏東縣","內埔鄉","120.565","22.635","1130"
"269","98277","20220802231000","193","2","屏東縣","內埔鄉","120.545","22.640","252"
"339","98281","20220802231000","526","0","屏東縣","麟洛鄉","120.540","22.645","497"
"168","98298","20220802231000","536","0","屏東縣","內埔鄉","120.555","22.600","257"
"354","98309","20220802231000","792","0","屏東縣","內埔鄉","120.595","22.630","568"
"423","98311","20220802231000","239","3","屏東縣","內埔鄉","120.590","22.635","380"
"97","98316","20220802231000","564","0","屏東縣","內埔鄉","120.600","22.640","104"
"10","98321","20220802231000","139","0","屏東縣","內埔鄉","120.605","22.645","11"
"14","98322","20220802231000","304","0","屏東縣","內埔鄉","120.610","22.645","12"
"64","98328","20220802231000","92","0","屏東縣","瑪家鄉","120.630","22.650","95"
"22","98341","20220802231000","362","0","屏東縣","內埔鄉","120.580","22.620","19"
"62","98346","20220802231000","30","3","屏東縣","內埔鄉","120.545","22.630","53"
"117","98348","20220802231000","322","0","屏東縣","內埔鄉","120.540","22.635","107"
"270","98362","20220802231000","234","1","屏東縣","內埔鄉","120.640","22.695","325"
"121","98378","20220802231000","371","0","屏東縣","長治鄉","120.550","22.680","102"
"23","98380","20220802231000","30","0","屏東縣","長治鄉","120.540","22.685","38"
"284","98392","20220802231000","502","0","屏東縣","長治鄉","120.550","22.695","290"
"68","98396","20220802231000","31","3","屏東縣","長治鄉","120.535","22.705","85"
"515","98405","20220802231000","1018","0","屏東縣","長治鄉","120.535","22.710","535"
"12","98406","20220802231000","69","0","屏東縣","長治鄉","120.540","22.710","12"
"103","98407","20220802231000","153","0","屏東縣","長治鄉","120.545","22.710","64"
"83","98408","20220802231000","273","0","屏東縣","長治鄉","120.525","22.715","96"
"38","98410","20220802231000","122","0","屏東縣","長治鄉","120.535","22.715","45"
"151","98418","20220802231000","417","0","屏東縣","萬丹鄉","120.470","22.615","159"
"243","98422","20220802231000","135","3","屏東縣","萬丹鄉","120.520","22.595","203"
"246","98443","20220802231000","231","1","屏東縣","屏東市","120.495","22.640","222"
"451","98446","20220802231000","403","1","屏東縣","屏東市","120.490","22.645","466"
"315","98453","20220802231000","159","3","屏東縣","屏東市","120.485","22.625","298"
"536","98457","20220802231000","536","1","屏東縣","屏東市","120.480","22.635","518"
"27","98458","20220802231000","29","0","屏東縣","屏東市","120.485","22.635","26"
"260","98459","20220802231000","237","1","屏東縣","屏東市","120.490","22.635","271"
"19","98460","20220802231000","347","0","屏東縣","屏東市","120.485","22.640","22"
"152","98462","20220802231000","543","0","屏東縣","內埔鄉","120.565","22.610","116"
"77","98463","20220802231000","27","3","屏東縣","內埔鄉","120.570","22.610","55"
"633","98464","20220802231000","1044","0","屏東縣","內埔鄉","120.570","22.615","864"
"382","98467","20220802231000","723","0","屏東縣","內埔鄉","120.560","22.605","429"
"72","98471","20220802231000","320","0","屏東縣","內埔鄉","120.560","22.600","66"
"142","98472","20220802231000","410","0","屏東縣","內埔鄉","120.565","22.600","218"
"58","98486","20220802231000","205","0","屏東縣","內埔鄉","120.595","22.675","62"
"1038","98496","20220802231000","1092","0","屏東縣","屏東市","120.485","22.685","981"
"1296","98497","20220802231000","649","3","屏東縣","屏東市","120.480","22.690","1236"
"805","98498","20220802231000","903","0","屏東縣","屏東市","120.485","22.690","791"
"427","98502","20220802231000","806","0","屏東縣","內埔鄉","120.545","22.625","726"
"12","98511","20220802231000","17","0","屏東縣","內埔鄉","120.570","22.640","21"
"441","98532","20220802231000","775","0","屏東縣","內埔鄉","120.560","22.620","682"
"1164","98533","20220802231000","566","3","屏東縣","內埔鄉","120.565","22.620","881"
"45","98544","20220802231000","314","0","屏東縣","內埔鄉","120.600","22.690","28"
"285","98558","20220802231000","368","0","屏東縣","內埔鄉","120.610","22.700","298"
"10","98563","20220802231000","13","0","屏東縣","內埔鄉","120.600","22.665","14"
"429","98589","20220802231000","407","1","屏東縣","屏東市","120.505","22.695","453"
"240","98591","20220802231000","224","1","屏東縣","屏東市","120.445","22.640","282"
"364","98594","20220802231000","353","1","屏東縣","屏東市","120.460","22.640","365"
"15","98596","20220802231000","82","0","屏東縣","屏東市","120.445","22.645","15"
"131","98598","20220802231000","91","2","屏東縣","屏東市","120.455","22.645","149"
"346","98607","20220802231000","281","2","屏東縣","屏東市","120.465","22.650","357"
"10","98616","20220802231000","16","0","屏東縣","屏東市","120.445","22.660","14"
"106","98633","20220802231000","203","0","屏東縣","三地門鄉","120.640","22.715","181"
"335","98636","20220802231000","421","0","屏東縣","三地門鄉","120.655","22.715","409"
"146","98648","20220802231000","62","3","屏東縣","三地門鄉","120.670","22.720","117"
"341","98723","20220802231000","304","1","屏東縣","屏東市","120.495","22.690","316"
"751","98724","20220802231000","484","3","屏東縣","屏東市","120.500","22.690","745"
"1011","98725","20220802231000","820","2","屏東縣","屏東市","120.480","22.665","937"
"552","98726","20220802231000","351","3","屏東縣","屏東市","120.495","22.695","500"
"271","98729","20220802231000","267","1","屏東縣","屏東市","120.500","22.695","295"
"1095","98734","20220802231000","566","3","屏東縣","屏東市","120.490","22.670","1031"
"91","98776","20220802231000","53","3","屏東縣","萬巒鄉","120.625","22.630","75"
"80","98782","20220802231000","44","3","屏東縣","萬巒鄉","120.625","22.640","88"
"89","98803","20220802231000","62","2","屏東縣","萬巒鄉","120.615","22.605","58"
"520","98804","20220802231000","332","3","屏東縣","萬巒鄉","120.620","22.605","428"
"84","98822","20220802231000","59","2","屏東縣","長治鄉","120.535","22.670","82"
"1469","98826","20220802231000","1050","2","屏東縣","長治鄉","120.525","22.675","1451"
"294","98837","20220802231000","255","1","屏東縣","長治鄉","120.515","22.685","266"
"42","98842","20220802231000","1151","0","屏東縣","長治鄉","120.510","22.665","38"
"455","98843","20220802231000","478","0","屏東縣","長治鄉","120.515","22.665","452"
"22","98844","20220802231000","39","0","屏東縣","長治鄉","120.520","22.665","24"
"419","98968","20220802231000","126","3","屏東縣","瑪家鄉","120.670","22.675","393"
"49","99003","20220802231000","30","3","屏東縣","瑪家鄉","120.655","22.705","38"
"46","99078","20220802231000","136","0","屏東縣","瑪家鄉","120.640","22.685","97"
"107","99094","20220802231000","95","1","屏東縣","竹田鄉","120.530","22.630","97"
"328","99099","20220802231000","196","3","屏東縣","竹田鄉","120.535","22.640","294"
"186","99110","20220802231000","247","0","屏東縣","竹田鄉","120.520","22.615","230"
"122","99116","20220802231000","340","0","屏東縣","竹田鄉","120.525","22.620","205"
"115","99293","20220802231000","501","0","屏東縣","萬丹鄉","120.465","22.605","145"
"398","99294","20220802231000","243","3","屏東縣","萬丹鄉","120.470","22.605","413"
"127","99299","20220802231000","702","0","屏東縣","萬丹鄉","120.495","22.595","130"
"570","99310","20220802231000","546","1","屏東縣","長治鄉","120.520","22.680","580"
"81","99313","20220802231000","118","0","屏東縣","長治鄉","120.525","22.685","77"
"46","99317","20220802231000","317","0","屏東縣","長治鄉","120.565","22.670","43"
"810","99340","20220802231000","383","3","屏東縣","長治鄉","120.590","22.695","855"
"506","99352","20220802231000","551","0","屏東縣","長治鄉","120.575","22.705","498"
"135","99358","20220802231000","71","3","屏東縣","長治鄉","120.580","22.710","130"
"38","99371","20220802231000","28","2","屏東縣","鹽埔鄉","120.580","22.720","39"
"174","99390","20220802231000","94","3","屏東縣","長治鄉","120.570","22.700","163"
"18","99607","20220802231000","16","1","屏東縣","高樹鄉","120.630","22.735","17"
"79","99617","20220802231000","39","3","屏東縣","萬丹鄉","120.450","22.620","83"
"52","99627","20220802231000","328","0","屏東縣","萬丹鄉","120.465","22.625","48"
"16","99670","20220802231000","196","0","屏東縣","九如鄉","120.485","22.735","19"
"542","99671","20220802231000","993","0","屏東縣","屏東市","120.490","22.665","703"
"18","99680","20220802231000","139","0","屏東縣","九如鄉","120.480","22.710","23"
"401","99690","20220802231000","227","3","屏東縣","九如鄉","120.520","22.710","362"
"31","99705","20220802231000","116","0","屏東縣","九如鄉","120.505","22.725","20"
"494","99716","20220802231000","222","3","臺東縣","綠島鄉","121.470","22.670","575"
"143","99719","20220802231000","217","0","臺東縣","綠島鄉","121.470","22.675","247"
"25","99724","20220802231000","19","2","臺東縣","綠島鄉","121.495","22.640","36"
"114","99732","20220802231000","67","3","臺東縣","綠島鄉","121.500","22.645","131"
"23","99739","20220802231000","31","0","臺東縣","綠島鄉","121.505","22.655","82"
"149","99759","20220802231000","143","1","臺東縣","綠島鄉","121.490","22.675","206"
"25","99760","20220802231000","21","1","臺東縣","綠島鄉","121.495","22.675","29"
"73","99762","20220802231000","65","1","臺東縣","綠島鄉","121.505","22.675","171"
"87","99767","20220802231000","51","3","臺東縣","綠島鄉","121.475","22.650","92"
"118","99769","20220802231000","73","3","臺東縣","綠島鄉","121.485","22.650","138"
"194","99774","20220802231000","187","1","臺東縣","綠島鄉","121.475","22.660","218"
"273","99777","20220802231000","142","3","臺東縣","綠島鄉","121.470","22.665","327"
"524","99779","20220802231000","532","0","臺東縣","綠島鄉","121.465","22.670","652"
"321","99780","20220802231000","393","0","高雄市","楠梓區","120.295","22.715","422"
"136","99782","20220802231000","275","0","高雄市","楠梓區","120.305","22.710","163"
"1373","99783","20220802231000","734","3","高雄市","楠梓區","120.300","22.715","1280"
"594","99784","20220802231000","461","2","高雄市","楠梓區","120.305","22.715","578"
"188","99785","20220802231000","421","0","高雄市","楠梓區","120.310","22.715","161"
"197","99787","20220802231000","448","0","高雄市","前金區","120.290","22.625","290"
"798","99788","20220802231000","1162","0","高雄市","前金區","120.300","22.620","988"
"641","99792","20220802231000","548","1","臺東縣","臺東市","121.050","22.705","687"
"233","99796","20220802231000","409","0","臺東縣","臺東市","121.040","22.705","298"
"771","99800","20220802231000","608","2","臺東縣","臺東市","121.045","22.710","997"
"445","99817","20220802231000","285","3","臺東縣","臺東市","121.060","22.710","505"
"432","99819","20220802231000","663","0","臺東縣","臺東市","121.070","22.710","575"
"192","99837","20220802231000","120","3","臺東縣","臺東市","121.070","22.720","188"
"47","99854","20220802231000","70","0","臺東縣","臺東市","121.085","22.730","53"
"68","99856","20220802231000","55","2","高雄市","大寮區","120.415","22.620","65"
"65","99859","20220802231000","36","3","高雄市","大寮區","120.430","22.620","56"
"270","99862","20220802231000","282","0","高雄市","大寮區","120.425","22.625","268"
"2920","99875","20220802231000","1789","3","高雄市","鳥松區","120.335","22.655","2838"
"331","99876","20220802231000","861","0","高雄市","前鎮區","120.315","22.595","454"
"1452","99877","20220802231000","1067","2","高雄市","三民區","120.320","22.670","1316"
"353","99885","20220802231000","305","1","臺東縣","臺東市","121.055","22.725","340"
"589","99892","20220802231000","944","0","高雄市","前鎮區","120.305","22.605","824"
"1287","99893","20220802231000","1136","1","高雄市","前鎮區","120.315","22.615","1505"
"1560","99894","20220802231000","1253","2","高雄市","前鎮區","120.305","22.600","1572"
"1025","99895","20220802231000","1946","0","高雄市","前鎮區","120.330","22.610","1318"
"34","99897","20220802231000","80","0","高雄市","仁武區","120.330","22.705","36"
"408","99898","20220802231000","607","0","高雄市","仁武區","120.335","22.705","514"
"207","99899","20220802231000","372","0","高雄市","仁武區","120.330","22.710","288"
"342","99900","20220802231000","225","3","高雄市","仁武區","120.335","22.710","371"
"16","99901","20220802231000","14","1","高雄市","仁武區","120.330","22.715","17"
"102","99902","20220802231000","272","0","高雄市","楠梓區","120.330","22.720","191"
"23","99903","20220802231000","17","2","高雄市","三民區","120.290","22.640","19"
"89","99905","20220802231000","813","0","高雄市","仁武區","120.355","22.680","79"
"541","99906","20220802231000","1497","0","高雄市","仁武區","120.355","22.685","491"
"838","99908","20220802231000","764","1","高雄市","仁武區","120.345","22.685","770"
"61","99912","20220802231000","113","0","高雄市","仁武區","120.365","22.690","106"
"24","99913","20220802231000","12","3","高雄市","仁武區","120.370","22.690","20"
"71","99914","20220802231000","177","0","高雄市","仁武區","120.375","22.690","125"
"171","99919","20220802231000","102","3","高雄市","仁武區","120.375","22.695","156"
"329","99924","20220802231000","436","0","高雄市","仁武區","120.365","22.700","401"
"79","99927","20220802231000","119","0","高雄市","仁武區","120.380","22.700","118"
"164","99930","20220802231000","238","0","高雄市","仁武區","120.395","22.700","275"
"1290","99933","20220802231000","2244","0","高雄市","鹽埕區","120.285","22.630","1756"
"712","99935","20220802231000","1791","0","高雄市","楠梓區","120.325","22.725","1115"
"109","99936","20220802231000","342","0","高雄市","楠梓區","120.315","22.735","103"
"1130","99937","20220802231000","849","2","高雄市","楠梓區","120.320","22.730","1066"
"1492","99940","20220802231000","1499","0","高雄市","楠梓區","120.300","22.710","1576"
"1319","99941","20220802231000","1910","0","高雄市","三民區","120.320","22.650","1562"
"1322","99942","20220802231000","2395","0","高雄市","前金區","120.295","22.630","1878"
"412","99943","20220802231000","757","0","高雄市","三民區","120.290","22.645","533"
"81","99944","20220802231000","857","0","高雄市","鳳山區","120.375","22.635","72"
"1881","99945","20220802231000","1649","1","高雄市","鳳山區","120.365","22.625","2101"
"455","99946","20220802231000","696","0","高雄市","鳳山區","120.370","22.625","606"
"41","99951","20220802231000","213","0","高雄市","大樹區","120.420","22.695","40"
"17","99964","20220802231000","17","1","高雄市","大樹區","120.410","22.690","18"
"18","99968","20220802231000","14","2","高雄市","大樹區","120.405","22.690","16"
"65","99973","20220802231000","54","2","高雄市","大樹區","120.400","22.700","62"
"76","99976","20220802231000","162","0","高雄市","大社區","120.340","22.725","88"
"285","99979","20220802231000","424","0","高雄市","大社區","120.345","22.725","269"
"41","99983","20220802231000","484","0","高雄市","左營區","120.300","22.685","54"
"27","99984","20220802231000","524","0","高雄市","左營區","120.305","22.690","502"
"1900","99985","20220802231000","1497","2","高雄市","左營區","120.310","22.685","1761"
"1500","99987","20220802231000","826","3","高雄市","左營區","120.315","22.690","1409"
"741","99989","20220802231000","1086","0","高雄市","新興區","120.305","22.630","995"
"150","99990","20220802231000","270","0","高雄市","大寮區","120.385","22.615","156"
"888","99993","20220802231000","1081","0","高雄市","大寮區","120.380","22.620","889"
"573","99994","20220802231000","320","3","高雄市","大寮區","120.385","22.620","538"
"24","99999","20220802231000","16","3","高雄市","大寮區","120.375","22.600","16"
"1102","100002","20220802231000","2082","0","高雄市","三民區","120.295","22.635","1559"
"404","100003","20220802231000","798","0","高雄市","前金區","120.300","22.625","651"
"1171","100004","20220802231000","1761","0","高雄市","新興區","120.300","22.630","1341"
"537","100005","20220802231000","1067","0","高雄市","大寮區","120.385","22.600","533"
"927","100007","20220802231000","852","1","高雄市","大寮區","120.385","22.610","907"
"202","100010","20220802231000","561","0","高雄市","苓雅區","120.330","22.625","173"
"2248","100011","20220802231000","3052","0","高雄市","鳳山區","120.360","22.635","2706"
"994","100012","20220802231000","905","1","高雄市","鳳山區","120.365","22.630","975"
"393","100013","20220802231000","334","1","高雄市","鳳山區","120.375","22.640","383"
"506","100014","20220802231000","981","0","高雄市","鳳山區","120.350","22.615","460"
"2933","100015","20220802231000","1859","3","高雄市","楠梓區","120.300","22.725","2678"
"1594","100016","20220802231000","1239","2","高雄市","橋頭區","120.300","22.730","1555"
"1212","100017","20220802231000","1842","0","高雄市","橋頭區","120.305","22.730","1091"
"773","100019","20220802231000","1524","0","高雄市","鳳山區","120.345","22.615","780"
"1120","100021","20220802231000","328","3","高雄市","楠梓區","120.285","22.725","934"
"212","100022","20220802231000","1583","0","高雄市","楠梓區","120.290","22.725","265"
"516","100023","20220802231000","625","0","高雄市","橋頭區","120.295","22.730","559"
"191","100025","20220802231000","288","0","高雄市","楠梓區","120.285","22.730","187"
"25","100026","20220802231000","12","3","高雄市","楠梓區","120.290","22.730","21"
"1047","100028","20220802231000","1652","0","高雄市","楠梓區","120.290","22.715","1087"
"878","100029","20220802231000","1693","0","高雄市","楠梓區","120.290","22.720","1180"
"743","100032","20220802231000","1331","0","高雄市","苓雅區","120.300","22.610","964"
"1589","100033","20220802231000","1382","1","高雄市","苓雅區","120.335","22.625","1543"
"2458","100034","20220802231000","3099","0","高雄市","前鎮區","120.310","22.615","2950"
"183","100038","20220802231000","232","0","高雄市","大寮區","120.405","22.640","244"
"386","100039","20220802231000","297","2","高雄市","大寮區","120.410","22.640","402"
"3330","100044","20220802231000","2291","2","高雄市","三民區","120.325","22.650","3431"
"424","100045","20220802231000","729","0","高雄市","三民區","120.320","22.655","627"
"939","100047","20220802231000","1599","0","高雄市","鳳山區","120.380","22.630","904"
"3230","100048","20220802231000","4438","0","高雄市","苓雅區","120.320","22.620","4174"
"2888","100049","20220802231000","2890","0","高雄市","新興區","120.310","22.630","2676"
"144","100050","20220802231000","584","0","高雄市","三民區","120.315","22.650","735"
"325","100052","20220802231000","696","0","高雄市","三民區","120.315","22.655","416"
"2668","100053","20220802231000","1501","3","高雄市","三民區","120.330","22.640","2669"
"887","100054","20220802231000","1027","0","高雄市","三民區","120.315","22.640","1256"
"93","100057","20220802231000","283","0","高雄市","前鎮區","120.285","22.605","144"
"155","100058","20220802231000","142","1","高雄市","前鎮區","120.290","22.605","199"
"307","100059","20220802231000","295","1","高雄市","前鎮區","120.300","22.605","386"
"43","100071","20220802231000","54","0","臺東縣","太麻里鄉","121.025","22.670","69"
"71","100074","20220802231000","114","0","臺東縣","太麻里鄉","121.040","22.670","93"
"117","100530","20220802231000","87","2","臺東縣","金峰鄉","120.950","22.640","148"
"85","100729","20220802231000","85","1","臺東縣","金峰鄉","121.000","22.635","108"
"991","100742","20220802231000","777","2","高雄市","鳳山區","120.360","22.625","939"
"1124","100743","20220802231000","1312","0","高雄市","三民區","120.305","22.640","1093"
"217","100744","20220802231000","1125","0","高雄市","楠梓區","120.295","22.725","205"
"2734","100745","20220802231000","1673","3","高雄市","楠梓區","120.300","22.720","2495"
"204","100746","20220802231000","130","3","高雄市","鳳山區","120.365","22.605","187"
"812","100747","20220802231000","1542","0","高雄市","鳳山區","120.360","22.610","1131"
"448","100753","20220802231000","581","0","高雄市","鳳山區","120.355","22.605","696"
"59","100755","20220802231000","121","0","高雄市","鳳山區","120.365","22.615","127"
"30","100759","20220802231000","100","0","高雄市","左營區","120.295","22.695","193"
"252","100760","20220802231000","119","3","高雄市","左營區","120.295","22.700","171"
"2277","100762","20220802231000","1737","2","高雄市","三民區","120.315","22.645","2161"
"1827","100764","20220802231000","2377","0","高雄市","三民區","120.310","22.640","2249"
"886","100765","20220802231000","1664","0","高雄市","前金區","120.290","22.630","1280"
"1000","100766","20220802231000","1199","0","高雄市","三民區","120.295","22.645","1474"
"35","100767","20220802231000","67","0","高雄市","仁武區","120.340","22.705","59"
"277","100768","20220802231000","952","0","高雄市","仁武區","120.345","22.705","256"
"206","100771","20220802231000","146","2","高雄市","仁武區","120.340","22.715","171"
"720","100773","20220802231000","1135","0","高雄市","仁武區","120.350","22.690","909"
"1091","100775","20220802231000","619","3","高雄市","仁武區","120.350","22.695","1079"
"69","100777","20220802231000","630","0","高雄市","仁武區","120.355","22.700","80"
"71","100778","20220802231000","55","2","高雄市","仁武區","120.350","22.705","80"
"116","100779","20220802231000","230","0","高雄市","仁武區","120.355","22.705","185"
"251","100781","20220802231000","400","0","高雄市","仁武區","120.350","22.710","296"
"55","100783","20220802231000","111","0","高雄市","仁武區","120.345","22.715","83"
"125","100784","20220802231000","143","0","高雄市","仁武區","120.350","22.715","111"
"1199","100786","20220802231000","1884","0","高雄市","前鎮區","120.335","22.605","1192"
"3534","100787","20220802231000","2838","2","高雄市","前鎮區","120.330","22.600","3393"
"2028","100788","20220802231000","2316","0","高雄市","三民區","120.335","22.650","2255"
"438","100789","20220802231000","961","0","高雄市","三民區","120.325","22.655","677"
"46","100790","20220802231000","24","3","臺東縣","太麻里鄉","120.975","22.600","48"
"371","100808","20220802231000","651","0","臺東縣","太麻里鄉","121.005","22.610","557"
"2103","100829","20220802231000","2391","0","高雄市","苓雅區","120.340","22.630","2397"
"963","100830","20220802231000","1959","0","高雄市","鳳山區","120.345","22.630","1435"
"1365","100831","20220802231000","2596","0","高雄市","鳳山區","120.365","22.640","1289"
"1851","100832","20220802231000","2069","0","高雄市","苓雅區","120.325","22.615","2198"
"1887","100833","20220802231000","1739","1","高雄市","左營區","120.305","22.660","2004"
"2937","100834","20220802231000","3129","0","高雄市","左營區","120.310","22.660","3028"
"3905","100835","20220802231000","3010","2","高雄市","左營區","120.305","22.665","3814"
"1062","100836","20220802231000","2493","0","高雄市","左營區","120.310","22.665","1467"
"1935","100837","20220802231000","2355","0","高雄市","左營區","120.300","22.670","2068"
"1000","100838","20220802231000","1032","0","高雄市","左營區","120.305","22.670","1079"
"2877","100839","20220802231000","2536","1","高雄市","左營區","120.300","22.680","2751"
"891","100842","20220802231000","1627","0","高雄市","新興區","120.305","22.635","1364"
"54","100844","20220802231000","41","2","高雄市","大寮區","120.385","22.635","48"
"2135","100848","20220802231000","1767","2","高雄市","大寮區","120.395","22.640","2081"
"1757","100851","20220802231000","2401","0","高雄市","三民區","120.325","22.675","2162"
"2060","100852","20220802231000","1938","1","高雄市","三民區","120.325","22.660","2140"
"2760","100853","20220802231000","1964","2","高雄市","三民區","120.330","22.660","2800"
"899","100854","20220802231000","2895","0","高雄市","三民區","120.325","22.665","1240"
"27","100855","20220802231000","491","0","高雄市","鳥松區","120.335","22.665","28"
"131","100856","20220802231000","751","0","高雄市","三民區","120.330","22.665","120"
"232","100858","20220802231000","511","0","高雄市","三民區","120.330","22.670","357"
"2859","100860","20220802231000","2673","1","高雄市","三民區","120.335","22.645","2916"
"254","100861","20220802231000","143","3","高雄市","前鎮區","120.310","22.605","240"
"2693","100862","20220802231000","3171","0","高雄市","前鎮區","120.310","22.610","2826"
"842","100863","20220802231000","1055","0","高雄市","前鎮區","120.315","22.610","821"
"624","100864","20220802231000","220","3","高雄市","左營區","120.290","22.700","517"
"1640","100865","20220802231000","1346","2","高雄市","左營區","120.285","22.680","1561"
"933","100866","20220802231000","590","3","高雄市","左營區","120.290","22.680","906"
"692","100867","20220802231000","1075","0","高雄市","鳳山區","120.350","22.640","778"
"2216","100868","20220802231000","1684","2","高雄市","鳳山區","120.350","22.630","2298"
"937","100869","20220802231000","1497","0","高雄市","鳳山區","120.350","22.645","934"
"1356","100870","20220802231000","1987","0","高雄市","鳳山區","120.350","22.635","1447"
"2034","100871","20220802231000","2176","0","高雄市","苓雅區","120.335","22.620","2223"
"1292","100872","20220802231000","2322","0","高雄市","鳳山區","120.340","22.600","1194"
"2309","100873","20220802231000","1835","2","高雄市","三民區","120.320","22.645","2604"
"2381","100874","20220802231000","1810","2","高雄市","三民區","120.325","22.645","2224"
"1182","100875","20220802231000","1488","0","高雄市","三民區","120.290","22.635","1708"
"1770","100877","20220802231000","1973","0","高雄市","三民區","120.325","22.670","1756"
"1419","100878","20220802231000","1969","0","高雄市","三民區","120.315","22.660","1350"
"2016","100879","20220802231000","1975","1","高雄市","三民區","120.320","22.660","1906"
"3207","100880","20220802231000","3869","0","高雄市","三民區","120.315","22.665","2933"
"286","100881","20220802231000","2375","0","高雄市","三民區","120.320","22.665","293"
"1302","100883","20220802231000","898","2","高雄市","前鎮區","120.305","22.610","1381"
"229","100888","20220802231000","952","0","高雄市","大寮區","120.390","22.625","271"
"2402","100890","20220802231000","2419","0","高雄市","三民區","120.335","22.640","2587"
"1329","100891","20220802231000","2954","0","高雄市","鳳山區","120.345","22.635","1992"
"273","100909","20220802231000","565","0","臺東縣","臺東市","121.055","22.705","399"
"133","100915","20220802231000","181","0","臺東縣","太麻里鄉","121.010","22.625","190"
"98","100925","20220802231000","39","3","臺東縣","太麻里鄉","121.015","22.640","106"
"488","100938","20220802231000","359","2","臺東縣","臺東市","121.100","22.725","568"
"195","100946","20220802231000","469","0","高雄市","鳥松區","120.350","22.665","207"
"1527","100947","20220802231000","1057","2","高雄市","鳥松區","120.355","22.665","1518"
"318","100948","20220802231000","323","0","高雄市","鳥松區","120.360","22.665","301"
"53","100954","20220802231000","130","0","高雄市","仁武區","120.370","22.680","90"
"11","100961","20220802231000","10","1","高雄市","鳥松區","120.380","22.685","41"
"505","100966","20220802231000","401","2","高雄市","鳥松區","120.395","22.665","509"
"28","100969","20220802231000","74","0","高雄市","鳥松區","120.390","22.675","46"
"1519","100974","20220802231000","1939","0","高雄市","三民區","120.340","22.645","1732"
"383","100975","20220802231000","295","2","高雄市","鳥松區","120.345","22.655","385"
"199","100977","20220802231000","569","0","高雄市","鳥松區","120.340","22.655","349"
"177","100978","20220802231000","272","0","高雄市","鳥松區","120.340","22.660","279"
"390","100982","20220802231000","450","0","高雄市","鳥松區","120.390","22.660","401"
"425","100983","20220802231000","416","1","高雄市","鳥松區","120.395","22.660","453"
"84","100986","20220802231000","1522","0","高雄市","鳳山區","120.360","22.640","101"
"1114","100987","20220802231000","1253","0","高雄市","鳥松區","120.355","22.645","1166"
"188","100988","20220802231000","183","1","高雄市","鳳山區","120.360","22.645","186"
"525","100989","20220802231000","255","3","高雄市","鳥松區","120.365","22.645","535"
"956","100992","20220802231000","943","1","高雄市","鳥松區","120.355","22.650","935"
"500","100995","20220802231000","482","1","高雄市","鳥松區","120.370","22.650","490"
"101","100997","20220802231000","142","0","高雄市","鳥松區","120.355","22.655","131"
"1319","100998","20220802231000","969","2","高雄市","鳥松區","120.360","22.655","1260"
"587","101004","20220802231000","609","0","高雄市","鳥松區","120.360","22.660","621"
"564","101009","20220802231000","566","0","高雄市","鳥松區","120.370","22.665","562"
"26","101010","20220802231000","96","0","高雄市","鳥松區","120.340","22.665","35"
"27","101011","20220802231000","14","3","高雄市","鳥松區","120.340","22.670","12"
"10","101012","20220802231000","21","0","高雄市","仁武區","120.345","22.670","10"
"501","101014","20220802231000","432","1","高雄市","鳥松區","120.370","22.670","499"
"354","101017","20220802231000","252","2","高雄市","鳥松區","120.380","22.655","345"
"246","101018","20220802231000","161","3","高雄市","鳥松區","120.385","22.655","241"
"100","101019","20220802231000","108","0","高雄市","鳥松區","120.370","22.660","105"
"274","101021","20220802231000","393","0","高雄市","鳥松區","120.380","22.660","280"
"12","101023","20220802231000","14","0","高雄市","鳥松區","120.375","22.665","16"
"355","101029","20220802231000","806","0","高雄市","鳳山區","120.355","22.625","613"
"2183","101030","20220802231000","2497","0","高雄市","鳳山區","120.355","22.635","2627"
"30","101034","20220802231000","28","1","高雄市","鳳山區","120.380","22.625","25"
"848","101035","20220802231000","586","2","高雄市","楠梓區","120.325","22.705","755"
"49","101038","20220802231000","37","2","高雄市","仁武區","120.330","22.695","41"
"216","101039","20220802231000","349","0","高雄市","仁武區","120.325","22.700","234"
"907","101043","20220802231000","1470","0","高雄市","前鎮區","120.315","22.605","803"
"2233","101044","20220802231000","2766","0","高雄市","三民區","120.335","22.635","2621"
"187","101045","20220802231000","1349","0","高雄市","三民區","120.345","22.640","196"
"327","101046","20220802231000","1449","0","高雄市","仁武區","120.345","22.675","285"
"301","101047","20220802231000","736","0","高雄市","仁武區","120.350","22.675","479"
"378","101048","20220802231000","845","0","高雄市","仁武區","120.340","22.680","342"
"923","101049","20220802231000","551","3","高雄市","仁武區","120.345","22.680","888"
"1784","101052","20220802231000","1590","1","高雄市","仁武區","120.325","22.685","1742"
"1132","101053","20220802231000","846","2","高雄市","仁武區","120.325","22.690","1066"
"639","101055","20220802231000","490","2","高雄市","仁武區","120.325","22.695","649"
"526","101056","20220802231000","224","3","高雄市","仁武區","120.320","22.695","480"
"285","101058","20220802231000","256","1","高雄市","仁武區","120.330","22.700","276"
"279","101059","20220802231000","1165","0","高雄市","鳳山區","120.365","22.635","301"
"871","101061","20220802231000","1238","0","高雄市","苓雅區","120.295","22.615","1071"
"1939","101062","20220802231000","1574","2","高雄市","苓雅區","120.320","22.625","1847"
"2178","101063","20220802231000","1810","2","高雄市","鳳山區","120.375","22.625","2108"
"50","101064","20220802231000","1011","0","高雄市","鳳山區","120.375","22.620","56"
"321","101068","20220802231000","74","3","高雄市","鳳山區","120.365","22.620","305"
"634","101069","20220802231000","487","2","高雄市","鳳山區","120.370","22.620","597"
"1874","101074","20220802231000","2103","0","高雄市","左營區","120.290","22.675","1994"
"42","101076","20220802231000","159","0","高雄市","梓官區","120.250","22.730","49"
"1050","101077","20220802231000","858","2","高雄市","梓官區","120.255","22.730","1039"
"937","101086","20220802231000","592","3","高雄市","楠梓區","120.275","22.725","799"
"40","101090","20220802231000","725","0","高雄市","楠梓區","120.280","22.725","42"
"350","101092","20220802231000","819","0","高雄市","楠梓區","120.280","22.730","453"
"1549","101094","20220802231000","1307","1","高雄市","楠梓區","120.320","22.725","1435"
"2078","101095","20220802231000","1185","3","高雄市","楠梓區","120.285","22.710","1895"
"19","101096","20220802231000","213","0","高雄市","左營區","120.300","22.695","19"
"746","101100","20220802231000","1543","0","高雄市","苓雅區","120.315","22.625","1130"
"1442","101101","20220802231000","1354","1","高雄市","鹽埕區","120.280","22.625","1345"
"1028","101102","20220802231000","1486","0","高雄市","苓雅區","120.325","22.620","1750"
"682","101103","20220802231000","407","3","高雄市","左營區","120.310","22.670","589"
"1797","101104","20220802231000","1136","3","高雄市","左營區","120.315","22.670","1743"
"2267","101105","20220802231000","1958","1","高雄市","左營區","120.300","22.675","2174"
"523","101106","20220802231000","322","3","高雄市","左營區","120.295","22.680","490"
"2508","101107","20220802231000","2344","1","高雄市","左營區","120.305","22.675","2433"
"506","101109","20220802231000","1031","0","高雄市","鳳山區","120.340","22.610","529"
"1323","101110","20220802231000","1488","0","高雄市","鳳山區","120.335","22.615","1439"
"128","101111","20220802231000","827","0","高雄市","鳳山區","120.340","22.615","140"
"415","101113","20220802231000","2618","0","高雄市","鳳山區","120.340","22.605","550"
"1034","101114","20220802231000","827","2","高雄市","鼓山區","120.280","22.655","968"
"1935","101115","20220802231000","2035","0","高雄市","鼓山區","120.280","22.660","2079"
"1649","101116","20220802231000","1278","2","高雄市","鼓山區","120.285","22.650","1569"
"1374","101117","20220802231000","1617","0","高雄市","鼓山區","120.290","22.650","1498"
"976","101119","20220802231000","1851","0","高雄市","鼓山區","120.290","22.655","1305"
"72","101120","20220802231000","1097","0","高雄市","鼓山區","120.285","22.660","827"
"1307","101121","20220802231000","1927","0","高雄市","鼓山區","120.290","22.660","1287"
"957","101122","20220802231000","664","2","高雄市","鼓山區","120.290","22.665","937"
"937","101123","20220802231000","1515","0","高雄市","鼓山區","120.285","22.665","898"
"1348","101124","20220802231000","1232","1","高雄市","鼓山區","120.280","22.645","1417"
"1197","101125","20220802231000","979","2","高雄市","鼓山區","120.270","22.625","1124"
"2067","101126","20220802231000","2292","0","高雄市","鼓山區","120.280","22.630","1974"
"37","101127","20220802231000","94","0","高雄市","鼓山區","120.275","22.625","41"
"23","101128","20220802231000","100","0","高雄市","鼓山區","120.270","22.635","42"
"22","101129","20220802231000","33","0","高雄市","鼓山區","120.275","22.635","27"
"815","101132","20220802231000","1874","0","高雄市","三民區","120.320","22.640","1189"
"736","101133","20220802231000","1690","0","高雄市","鳥松區","120.340","22.650","882"
"4237","101134","20220802231000","3045","2","高雄市","三民區","120.340","22.640","4038"
"2215","101135","20220802231000","2824","0","高雄市","三民區","120.345","22.645","2093"
"305","101137","20220802231000","369","0","高雄市","梓官區","120.260","22.725","298"
"660","101139","20220802231000","352","3","高雄市","梓官區","120.255","22.725","609"
"28","101449","20220802231000","32","0","臺東縣","卑南鄉","120.990","22.690","31"
"498","101488","20220802231000","356","2","臺東縣","卑南鄉","121.020","22.695","668"
"20","101568","20220802231000","153","0","臺東縣","卑南鄉","121.030","22.700","35"
"1765","101748","20220802231000","1629","1","高雄市","苓雅區","120.300","22.615","1776"
"1526","101749","20220802231000","1412","1","高雄市","苓雅區","120.325","22.630","1393"
"478","101750","20220802231000","1046","0","高雄市","鳳山區","120.340","22.620","666"
"643","101751","20220802231000","844","0","高雄市","鳳山區","120.370","22.630","546"
"813","101752","20220802231000","1451","0","高雄市","鳳山區","120.355","22.630","1123"
"429","101753","20220802231000","868","0","高雄市","鳳山區","120.360","22.630","484"
"175","101754","20220802231000","305","0","高雄市","鳳山區","120.330","22.615","141"
"182","101757","20220802231000","1244","0","高雄市","苓雅區","120.325","22.635","187"
"142","101758","20220802231000","214","0","高雄市","仁武區","120.350","22.680","115"
"492","101759","20220802231000","390","2","高雄市","鳥松區","120.355","22.670","426"
"277","101760","20220802231000","1575","0","高雄市","仁武區","120.355","22.675","227"
"11","101761","20220802231000","13","0","高雄市","仁武區","120.340","22.690","13"
"15","101763","20220802231000","11","2","高雄市","仁武區","120.335","22.695","17"
"67","101765","20220802231000","45","2","高雄市","仁武區","120.345","22.695","61"
"153","101766","20220802231000","175","0","高雄市","仁武區","120.340","22.700","152"
"1092","101767","20220802231000","817","2","高雄市","仁武區","120.345","22.700","950"
"405","101768","20220802231000","786","0","高雄市","仁武區","120.350","22.700","339"
"26","101777","20220802231000","19","2","高雄市","仁武區","120.375","22.710","28"
"22","101778","20220802231000","77","0","高雄市","仁武區","120.380","22.710","25"
"28","101783","20220802231000","66","0","高雄市","仁武區","120.380","22.715","44"
"26","101785","20220802231000","44","0","高雄市","仁武區","120.390","22.715","35"
"15","101790","20220802231000","34","0","高雄市","仁武區","120.390","22.720","44"
"622","101808","20220802231000","493","2","高雄市","三民區","120.335","22.670","587"
"1113","101809","20220802231000","798","2","高雄市","仁武區","120.335","22.680","1028"
"1977","101810","20220802231000","1707","1","高雄市","仁武區","120.335","22.685","1957"
"1451","101815","20220802231000","865","3","高雄市","仁武區","120.330","22.680","1392"
"228","101817","20220802231000","1634","0","高雄市","仁武區","120.330","22.690","182"
"297","101818","20220802231000","576","0","高雄市","仁武區","120.335","22.690","272"
"1089","101819","20220802231000","964","1","高雄市","仁武區","120.330","22.675","1097"
"286","101820","20220802231000","678","0","高雄市","仁武區","120.335","22.675","249"
"424","101822","20220802231000","750","0","高雄市","前鎮區","120.320","22.605","611"
"933","101823","20220802231000","567","3","高雄市","前鎮區","120.325","22.605","815"
"495","101824","20220802231000","1363","0","高雄市","前鎮區","120.325","22.610","402"
"2575","101825","20220802231000","2919","0","高雄市","前鎮區","120.320","22.610","2941"
"130","101826","20220802231000","202","0","高雄市","左營區","120.290","22.685","162"
"389","101827","20220802231000","370","1","高雄市","左營區","120.275","22.690","559"
"246","101829","20220802231000","115","3","高雄市","左營區","120.285","22.690","283"
"357","101832","20220802231000","351","1","高雄市","左營區","120.285","22.695","388"
"460","101833","20220802231000","454","1","高雄市","左營區","120.290","22.695","401"
"95","101835","20220802231000","321","0","高雄市","左營區","120.285","22.700","199"
"112","101836","20220802231000","104","1","高雄市","左營區","120.280","22.705","173"
"251","101837","20220802231000","335","0","高雄市","楠梓區","120.285","22.705","266"
"966","101838","20220802231000","2371","0","高雄市","左營區","120.290","22.670","1251"
"1671","101839","20220802231000","1531","1","高雄市","苓雅區","120.335","22.630","1910"
"1747","101840","20220802231000","2100","0","高雄市","三民區","120.340","22.635","1701"
"569","101842","20220802231000","1053","0","高雄市","鳳山區","120.345","22.625","811"
"227","101843","20220802231000","759","0","高雄市","鼓山區","120.275","22.660","411"
"115","101852","20220802231000","386","0","臺東縣","太麻里鄉","121.000","22.600","106"
"78","101859","20220802231000","436","0","臺東縣","太麻里鄉","121.010","22.605","77"
"82","101862","20220802231000","79","1","臺東縣","太麻里鄉","121.045","22.675","82"
"160","101876","20220802231000","287","0","臺東縣","太麻里鄉","121.030","22.685","270"
"23","101884","20220802231000","17","2","臺東縣","太麻里鄉","120.995","22.690","35"
"287","101895","20220802231000","167","3","臺東縣","太麻里鄉","121.050","22.690","281"
"37","101899","20220802231000","126","0","臺東縣","卑南鄉","121.010","22.695","42"
"112","101900","20220802231000","197","0","臺東縣","卑南鄉","121.015","22.695","218"
"79","101930","20220802231000","40","3","臺東縣","太麻里鄉","121.020","22.650","72"
"26","101962","20220802231000","127","0","臺東縣","太麻里鄉","121.030","22.660","32"
"780","101964","20220802231000","867","0","高雄市","苓雅區","120.320","22.635","854"
"619","101965","20220802231000","1226","0","高雄市","三民區","120.315","22.635","601"
"1233","101966","20220802231000","2285","0","高雄市","苓雅區","120.330","22.630","1573"
"90","101967","20220802231000","275","0","高雄市","鳳山區","120.350","22.605","185"
"1527","101970","20220802231000","1943","0","高雄市","鳳山區","120.350","22.600","1913"
"697","101972","20220802231000","1845","0","高雄市","鳳山區","120.335","22.610","944"
"2871","101973","20220802231000","2048","2","高雄市","苓雅區","120.330","22.635","2999"
"140","101976","20220802231000","104","2","高雄市","大寮區","120.425","22.600","157"
"44","101977","20220802231000","93","0","高雄市","大寮區","120.430","22.600","43"
"116","101981","20220802231000","352","0","高雄市","前金區","120.290","22.620","122"
"1601","101982","20220802231000","1921","0","高雄市","苓雅區","120.340","22.625","1893"
"1535","101983","20220802231000","647","3","高雄市","苓雅區","120.330","22.620","1260"
"2915","101984","20220802231000","2435","1","高雄市","鼓山區","120.280","22.650","2775"
"432","101985","20220802231000","1453","0","高雄市","三民區","120.285","22.640","586"
"734","101988","20220802231000","979","0","高雄市","楠梓區","120.285","22.715","1021"
"1391","101989","20220802231000","2354","0","高雄市","苓雅區","120.305","22.620","2069"
"32","101990","20220802231000","29","1","高雄市","苓雅區","120.320","22.615","28"
"78","101991","20220802231000","1403","0","高雄市","苓雅區","120.320","22.630","83"
"1354","101992","20220802231000","2059","0","高雄市","前金區","120.295","22.620","1952"
"656","101993","20220802231000","841","0","高雄市","苓雅區","120.325","22.625","947"
"1462","101995","20220802231000","1410","1","高雄市","鼓山區","120.275","22.620","1437"
"199","101996","20220802231000","166","1","高雄市","鹽埕區","120.280","22.620","196"
"55","101997","20220802231000","754","0","高雄市","左營區","120.295","22.705","46"
"4391","101998","20220802231000","2849","3","高雄市","左營區","120.310","22.675","4172"
"816","101999","20220802231000","900","0","高雄市","左營區","120.315","22.675","831"
"1249","102000","20220802231000","919","2","高雄市","左營區","120.320","22.675","1218"
"118","102001","20220802231000","1007","0","高雄市","左營區","120.305","22.685","135"
"662","102002","20220802231000","573","1","高雄市","左營區","120.310","22.680","689"
"3170","102003","20220802231000","2176","2","高雄市","左營區","120.320","22.680","2980"
"61","102005","20220802231000","111","0","高雄市","大寮區","120.395","22.600","62"
"277","102006","20220802231000","329","0","高雄市","大寮區","120.390","22.600","302"
"456","102007","20220802231000","414","1","高雄市","大寮區","120.390","22.605","434"
"1004","102008","20220802231000","858","1","高雄市","大寮區","120.395","22.605","977"
"680","102010","20220802231000","641","1","高雄市","大寮區","120.400","22.610","663"
"815","102013","20220802231000","715","1","高雄市","大寮區","120.405","22.615","841"
"332","102015","20220802231000","875","0","高雄市","鳳山區","120.355","22.640","525"
"556","102017","20220802231000","801","0","高雄市","鼓山區","120.280","22.635","805"
"700","102018","20220802231000","1070","0","高雄市","鳳山區","120.370","22.635","1073"
"1223","102019","20220802231000","1400","0","高雄市","鼓山區","120.295","22.665","1178"
"1889","102020","20220802231000","4015","0","高雄市","鼓山區","120.300","22.665","2741"
"57","102021","20220802231000","88","0","高雄市","鼓山區","120.265","22.625","53"
"289","102022","20220802231000","717","0","高雄市","鼓山區","120.265","22.630","289"
"48","102024","20220802231000","176","0","高雄市","鼓山區","120.260","22.635","33"
"113","102030","20220802231000","159","0","高雄市","鼓山區","120.255","22.645","185"
"51","102031","20220802231000","63","0","高雄市","鼓山區","120.260","22.645","54"
"664","102045","20220802231000","765","0","高雄市","鼓山區","120.275","22.650","691"
"408","102046","20220802231000","472","0","高雄市","苓雅區","120.310","22.620","586"
"3099","102047","20220802231000","2867","1","高雄市","左營區","120.295","22.670","2930"
"55","102048","20220802231000","359","0","高雄市","鼓山區","120.285","22.670","38"
"189","102049","20220802231000","1071","0","高雄市","鼓山區","120.280","22.640","129"
"341","102052","20220802231000","350","0","高雄市","大樹區","120.430","22.675","357"
"429","102078","20220802231000","487","0","高雄市","大樹區","120.410","22.675","413"
"211","102079","20220802231000","244","0","高雄市","大樹區","120.405","22.680","221"
"102","102090","20220802231000","53","3","高雄市","大樹區","120.395","22.690","139"
"1010","102093","20220802231000","893","1","高雄市","大樹區","120.430","22.690","1020"
"431","102098","20220802231000","387","1","高雄市","大樹區","120.435","22.695","441"
"441","102111","20220802231000","615","0","高雄市","大樹區","120.410","22.660","420"
"990","102113","20220802231000","665","2","高雄市","大樹區","120.410","22.665","998"
"307","102120","20220802231000","283","1","高雄市","大樹區","120.445","22.725","318"
"326","102123","20220802231000","312","1","高雄市","大樹區","120.445","22.730","326"
"139","102126","20220802231000","127","1","高雄市","大樹區","120.445","22.735","146"
"60","102132","20220802231000","139","0","高雄市","大樹區","120.425","22.665","85"
"169","102141","20220802231000","101","3","高雄市","大樹區","120.425","22.675","159"
"1182","102143","20220802231000","1619","0","高雄市","左營區","120.295","22.690","1242"
"561","102144","20220802231000","1053","0","高雄市","鳳山區","120.360","22.620","808"
"1660","102146","20220802231000","1997","0","高雄市","鳳山區","120.355","22.620","1722"
"606","102147","20220802231000","497","2","高雄市","鳳山區","120.335","22.600","522"
"4375","102148","20220802231000","2781","3","高雄市","新興區","120.315","22.630","4209"
"965","102149","20220802231000","1362","0","高雄市","苓雅區","120.305","22.615","1318"
"1660","102150","20220802231000","1448","1","高雄市","鳳山區","120.345","22.605","2093"
"2684","102151","20220802231000","2349","1","高雄市","前鎮區","120.330","22.605","2799"
"1351","102152","20220802231000","1512","0","高雄市","鳥松區","120.345","22.650","1574"
"2119","102153","20220802231000","2449","0","高雄市","三民區","120.330","22.650","1937"
"759","102154","20220802231000","1425","0","高雄市","三民區","120.330","22.655","735"
"54","102157","20220802231000","420","0","高雄市","仁武區","120.360","22.675","51"
"121","102159","20220802231000","114","1","高雄市","仁武區","120.365","22.680","113"
"339","102160","20220802231000","660","0","高雄市","仁武區","120.360","22.685","477"
"201","102165","20220802231000","151","2","高雄市","仁武區","120.365","22.685","206"
"173","102172","20220802231000","280","0","高雄市","大寮區","120.425","22.605","173"
"92","102173","20220802231000","513","0","高雄市","大寮區","120.430","22.605","67"
"993","102181","20220802231000","771","2","高雄市","大寮區","120.410","22.615","989"
"26","102185","20220802231000","26","1","高雄市","大寮區","120.430","22.615","26"
"345","102186","20220802231000","275","2","高雄市","大寮區","120.420","22.640","336"
"159","102190","20220802231000","293","0","高雄市","大寮區","120.415","22.640","206"
"12","102199","20220802231000","189","0","高雄市","鼓山區","120.275","22.630","12"
"566","102200","20220802231000","362","3","高雄市","鼓山區","120.270","22.620","581"
"305","102203","20220802231000","607","0","高雄市","大寮區","120.385","22.640","419"
"462","102206","20220802231000","357","2","高雄市","鳥松區","120.385","22.645","432"
"449","102213","20220802231000","234","3","高雄市","鳥松區","120.390","22.650","467"
"774","102215","20220802231000","692","1","高雄市","鳥松區","120.390","22.655","781"
"23","102216","20220802231000","261","0","高雄市","鳥松區","120.395","22.655","30"
"307","102217","20220802231000","156","3","高雄市","鳥松區","120.400","22.655","295"
"309","102227","20220802231000","479","0","高雄市","鼓山區","120.285","22.655","410"
"579","102228","20220802231000","1383","0","高雄市","三民區","120.295","22.650","888"
"2908","102229","20220802231000","1548","3","高雄市","鼓山區","120.295","22.655","2761"
"2395","102230","20220802231000","1900","2","高雄市","鼓山區","120.300","22.655","2213"
"1004","102231","20220802231000","1912","0","高雄市","鼓山區","120.305","22.655","1132"
"714","102232","20220802231000","637","1","高雄市","左營區","120.310","22.655","638"
"4258","102233","20220802231000","3850","1","高雄市","鼓山區","120.295","22.660","4385"
"225","102235","20220802231000","558","0","高雄市","楠梓區","120.315","22.715","200"
"1055","102236","20220802231000","1271","0","高雄市","楠梓區","120.315","22.720","1070"
"322","102237","20220802231000","1946","0","高雄市","楠梓區","120.295","22.710","417"
"2275","102238","20220802231000","2507","0","高雄市","苓雅區","120.315","22.620","2487"
"26","102239","20220802231000","79","0","高雄市","旗津區","120.265","22.615","50"
"629","102241","20220802231000","605","1","高雄市","大寮區","120.410","22.620","604"
"366","102243","20220802231000","296","2","高雄市","大寮區","120.410","22.625","358"
"215","102244","20220802231000","217","0","高雄市","大寮區","120.405","22.630","219"
"134","102246","20220802231000","136","0","高雄市","大樹區","120.425","22.715","136"
"12","102251","20220802231000","39","0","高雄市","大樹區","120.425","22.720","17"
"78","102254","20220802231000","1309","0","高雄市","大樹區","120.405","22.725","61"
"103","102259","20220802231000","66","3","高雄市","大樹區","120.430","22.725","88"
"71","102260","20220802231000","1206","0","高雄市","仁武區","120.400","22.730","118"
"17","102261","20220802231000","307","0","高雄市","大樹區","120.405","22.730","17"
"38","102267","20220802231000","49","0","高雄市","大樹區","120.410","22.735","38"
"561","102273","20220802231000","544","1","高雄市","大樹區","120.415","22.655","576"
"389","102274","20220802231000","230","3","高雄市","大樹區","120.420","22.655","379"
"99","102276","20220802231000","611","0","高雄市","大樹區","120.420","22.660","87"
"122","102278","20220802231000","95","2","高雄市","大樹區","120.410","22.645","115"
"66","102279","20220802231000","47","2","高雄市","大樹區","120.415","22.645","67"
"474","102280","20220802231000","973","0","高雄市","大樹區","120.420","22.645","505"
"400","102282","20220802231000","390","1","高雄市","大樹區","120.425","22.650","387"
"528","102285","20220802231000","482","1","高雄市","大樹區","120.425","22.655","490"
"178","102292","20220802231000","267","0","高雄市","大寮區","120.405","22.605","197"
"18","102296","20220802231000","71","0","高雄市","前鎮區(海)","120.285","22.610","41"
"1183","102302","20220802231000","1074","1","高雄市","大寮區","120.390","22.635","1211"
"537","102303","20220802231000","629","0","高雄市","大寮區","120.395","22.635","538"
"110","102304","20220802231000","110","1","高雄市","大寮區","120.400","22.635","117"
"269","102305","20220802231000","131","3","高雄市","大寮區","120.400","22.640","250"
"690","102306","20220802231000","1530","0","高雄市","三民區","120.305","22.645","992"
"1895","102307","20220802231000","1603","1","高雄市","三民區","120.305","22.650","2019"
"1949","102308","20220802231000","1788","1","高雄市","鳳山區","120.345","22.620","2018"
"385","102309","20220802231000","410","0","高雄市","鳳山區","120.350","22.620","577"
"589","102310","20220802231000","1608","0","高雄市","鳳山區","120.350","22.625","528"
"194","102311","20220802231000","137","2","高雄市","旗津區","120.275","22.605","165"
"368","102312","20220802231000","232","3","高雄市","旗津區(海)","120.275","22.610","398"
"290","102313","20220802231000","579","0","高雄市","旗津區","120.275","22.600","407"
"396","102314","20220802231000","495","0","高雄市","旗津區","120.270","22.610","502"
"46","102316","20220802231000","64","0","高雄市","大社區","120.365","22.715","66"
"336","102319","20220802231000","357","0","高雄市","大社區","120.350","22.720","360"
"131","102326","20220802231000","95","2","高雄市","大社區","120.340","22.730","104"
"574","102327","20220802231000","1176","0","高雄市","大社區","120.350","22.735","555"
"1088","102328","20220802231000","1846","0","高雄市","大社區","120.345","22.730","1430"
"794","102329","20220802231000","1307","0","高雄市","大社區","120.350","22.730","824"
"573","102330","20220802231000","645","0","高雄市","大社區","120.355","22.730","550"
"77","102333","20220802231000","59","2","高雄市","大社區","120.370","22.730","81"
"58","102335","20220802231000","48","2","高雄市","大社區","120.375","22.730","57"
"59","102340","20220802231000","299","0","高雄市","大社區","120.360","22.720","72"
"1136","102341","20220802231000","1301","0","高雄市","大社區","120.350","22.725","1166"
"626","102342","20220802231000","553","1","高雄市","大社區","120.355","22.725","604"
"18","102344","20220802231000","16","1","高雄市","左營區","120.295","22.675","12"
"100","102345","20220802231000","365","0","高雄市","左營區","120.300","22.690","139"
"47","102347","20220802231000","153","0","高雄市","左營區","120.265","22.675","114"
"187","102349","20220802231000","147","2","高雄市","左營區","120.275","22.675","248"
"305","102350","20220802231000","125","3","高雄市","左營區","120.280","22.675","322"
"249","102353","20220802231000","264","0","高雄市","左營區","120.275","22.680","250"
"619","102354","20220802231000","1277","0","高雄市","左營區","120.280","22.680","667"
"348","102356","20220802231000","278","2","高雄市","左營區","120.265","22.680","309"
"49","102357","20220802231000","126","0","高雄市","左營區","120.270","22.680","120"
"327","102358","20220802231000","422","0","高雄市","左營區","120.280","22.685","434"
"111","102360","20220802231000","94","1","高雄市","左營區","120.265","22.685","127"
"349","102361","20220802231000","423","0","高雄市","左營區","120.275","22.685","596"
"62","102364","20220802231000","213","0","高雄市","左營區","120.295","22.685","45"
"2181","102365","20220802231000","2290","0","高雄市","新興區","120.310","22.625","2433"
"820","102366","20220802231000","1032","0","高雄市","新興區","120.305","22.625","1128"
"2223","102370","20220802231000","1677","2","高雄市","仁武區","120.325","22.680","2107"
"3095","102371","20220802231000","2706","1","高雄市","左營區","120.305","22.680","2963"
"888","102372","20220802231000","2504","0","高雄市","左營區","120.315","22.680","873"
"954","102373","20220802231000","966","0","高雄市","左營區","120.315","22.685","931"
"722","102374","20220802231000","978","0","高雄市","仁武區","120.330","22.685","748"
"305","102375","20220802231000","552","0","高雄市","左營區","120.310","22.690","301"
"2915","102376","20220802231000","2336","2","高雄市","左營區","120.320","22.685","2856"
"1774","102377","20220802231000","3980","0","高雄市","三民區","120.310","22.645","2946"
"551","102378","20220802231000","975","0","高雄市","三民區","120.310","22.650","528"
"1558","102380","20220802231000","1568","0","高雄市","三民區","120.325","22.640","1745"
"391","102381","20220802231000","760","0","高雄市","三民區","120.295","22.640","622"
"1045","102382","20220802231000","1764","0","高雄市","三民區","120.300","22.650","1446"
"2134","102383","20220802231000","1203","3","高雄市","新興區","120.300","22.635","1919"
"2459","102384","20220802231000","1224","3","高雄市","三民區","120.285","22.635","2246"
"1511","102385","20220802231000","1489","1","高雄市","三民區","120.330","22.645","1473"
"25","102386","20220802231000","35","0","高雄市","楠梓區","120.330","22.725","15"
"55","102387","20220802231000","50","1","高雄市","楠梓區","120.330","22.730","53"
"1875","102388","20220802231000","1745","1","高雄市","楠梓區","120.335","22.730","1772"
"2802","102389","20220802231000","2120","2","高雄市","楠梓區","120.325","22.730","2675"
"1006","102390","20220802231000","1544","0","高雄市","楠梓區","120.285","22.720","1196"
"731","102391","20220802231000","781","0","高雄市","楠梓區","120.290","22.705","687"
"72","102393","20220802231000","45","3","高雄市","楠梓區","120.305","22.700","67"
"69","102408","20220802231000","92","0","高雄市","鼓山區(海)","120.295","22.600","130"
"956","102417","20220802231000","1938","0","高雄市","三民區","120.300","22.645","1368"
"70","102419","20220802231000","138","0","高雄市","新興區","120.310","22.635","76"
"1899","102420","20220802231000","1717","1","高雄市","三民區","120.300","22.640","1865"
"292","102421","20220802231000","656","0","高雄市","鳳山區","120.345","22.600","404"
"3325","102422","20220802231000","3773","0","高雄市","鳳山區","120.345","22.610","3182"
"499","102423","20220802231000","269","3","高雄市","鳳山區","120.355","22.610","430"
"2073","102424","20220802231000","1649","2","高雄市","鹽埕區","120.285","22.625","1979"
"2959","102425","20220802231000","1294","3","高雄市","鹽埕區","120.285","22.620","2637"
"264","102426","20220802231000","344","0","高雄市","楠梓區","120.305","22.720","305"
"489","102427","20220802231000","907","0","高雄市","楠梓區","120.310","22.720","717"
"1169","102428","20220802231000","807","2","高雄市","楠梓區","120.305","22.725","1148"
"1419","102429","20220802231000","879","3","高雄市","楠梓區","120.310","22.725","1301"
"413","102430","20220802231000","1242","0","高雄市","楠梓區","120.315","22.725","497"
"701","102431","20220802231000","1426","0","高雄市","楠梓區","120.315","22.730","890"
"344","102432","20220802231000","170","3","高雄市","楠梓區","120.265","22.705","262"
"79","102441","20220802231000","329","0","高雄市","楠梓區","120.280","22.715","59"
"235","102442","20220802231000","1115","0","高雄市","楠梓區","120.280","22.720","291"
"563","102444","20220802231000","460","2","高雄市","楠梓區","120.320","22.715","509"
"350","102445","20220802231000","582","0","高雄市","楠梓區","120.325","22.720","500"
"50","102447","20220802231000","811","0","高雄市","楠梓區","120.320","22.720","54"
"172","102448","20220802231000","172","1","高雄市","旗津區","120.270","22.605","170"
"202","102466","20220802231000","169","1","高雄市","大樹區","120.415","22.705","195"
"64","102478","20220802231000","279","0","高雄市","大樹區","120.440","22.710","56"
"441","102482","20220802231000","425","1","高雄市","大樹區","120.445","22.715","411"
"201","111108","20220802231000","674","0","屏東縣","九如鄉","120.480","22.750","218"
"12","111132","20220802231000","25","0","屏東縣","九如鄉","120.480","22.740","12"
"525","111142","20220802231000","215","3","屏東縣","九如鄉","120.500","22.740","529"
"99","111145","20220802231000","230","0","屏東縣","九如鄉","120.500","22.745","66"
"63","111157","20220802231000","390","0","屏東縣","九如鄉","120.500","22.760","65"
"175","111163","20220802231000","102","3","屏東縣","九如鄉","120.495","22.745","174"
"507","111167","20220802231000","219","3","屏東縣","九如鄉","120.490","22.755","460"
"37","111171","20220802231000","161","0","屏東縣","九如鄉","120.495","22.760","33"
"391","111186","20220802231000","175","3","屏東縣","高樹鄉","120.570","22.795","375"
"67","111215","20220802231000","49","2","屏東縣","鹽埔鄉","120.545","22.760","55"
"55","111217","20220802231000","188","0","屏東縣","鹽埔鄉","120.555","22.760","60"
"374","111238","20220802231000","223","3","屏東縣","鹽埔鄉","120.545","22.745","377"
"487","111270","20220802231000","343","2","屏東縣","鹽埔鄉","120.550","22.735","547"
"24","111271","20220802231000","31","0","屏東縣","鹽埔鄉","120.560","22.735","25"
"75","111273","20220802231000","345","0","屏東縣","鹽埔鄉","120.555","22.740","65"
"515","111282","20220802231000","211","3","屏東縣","鹽埔鄉","120.560","22.740","555"
"209","111309","20220802231000","264","0","屏東縣","鹽埔鄉","120.515","22.740","279"
"86","111315","20220802231000","246","0","屏東縣","鹽埔鄉","120.580","22.740","80"
"90","111337","20220802231000","438","0","屏東縣","鹽埔鄉","120.580","22.755","92"
"421","111360","20220802231000","962","0","屏東縣","鹽埔鄉","120.575","22.755","455"
"138","111374","20220802231000","120","1","屏東縣","里港鄉","120.480","22.770","130"
"562","111380","20220802231000","420","2","屏東縣","里港鄉","120.480","22.775","540"
"76","111398","20220802231000","116","0","屏東縣","里港鄉","120.490","22.820","105"
"60","111418","20220802231000","248","0","屏東縣","里港鄉","120.490","22.775","53"
"738","111419","20220802231000","874","0","屏東縣","里港鄉","120.495","22.775","952"
"182","111451","20220802231000","160","1","屏東縣","里港鄉","120.535","22.775","182"
"117","111459","20220802231000","482","0","屏東縣","里港鄉","120.520","22.785","75"
"347","111491","20220802231000","196","3","屏東縣","里港鄉","120.500","22.780","311"
"182","111507","20220802231000","332","0","屏東縣","高樹鄉","120.615","22.815","201"
"46","111605","20220802231000","58","0","屏東縣","三地門鄉","120.700","22.790","34"
"24","111824","20220802231000","42","0","屏東縣","三地門鄉","120.700","22.765","34"
"193","111907","20220802231000","122","3","屏東縣","三地門鄉","120.635","22.745","183"
"419","112600","20220802231000","216","3","屏東縣","里港鄉","120.505","22.810","424"
"337","112635","20220802231000","240","2","屏東縣","里港鄉","120.490","22.805","327"
"409","112659","20220802231000","347","1","屏東縣","里港鄉","120.505","22.815","389"
"41","112669","20220802231000","107","0","屏東縣","里港鄉","120.505","22.820","40"
"253","112687","20220802231000","179","2","屏東縣","里港鄉","120.535","22.825","232"
"187","112714","20220802231000","115","3","屏東縣","里港鄉","120.485","22.765","181"
"771","112719","20220802231000","1003","0","屏東縣","里港鄉","120.495","22.780","1077"
"24","112920","20220802231000","53","0","屏東縣","霧台鄉","120.725","22.740","30"
"106","112942","20220802231000","165","0","屏東縣","高樹鄉","120.595","22.775","163"
"15","112982","20220802231000","18","0","屏東縣","高樹鄉","120.615","22.760","13"
"17","112995","20220802231000","10","3","屏東縣","高樹鄉","120.615","22.770","18"
"179","112999","20220802231000","129","2","屏東縣","高樹鄉","120.635","22.770","164"
"22","113004","20220802231000","25","0","屏東縣","高樹鄉","120.630","22.740","22"
"247","113006","20220802231000","203","2","屏東縣","高樹鄉","120.620","22.740","231"
"37","113023","20220802231000","38","0","屏東縣","高樹鄉","120.625","22.830","53"
"110","113048","20220802231000","351","0","屏東縣","高樹鄉","120.560","22.785","123"
"58","113075","20220802231000","130","0","屏東縣","高樹鄉","120.590","22.825","31"
"303","113097","20220802231000","265","1","屏東縣","高樹鄉","120.610","22.785","329"
"28","113099","20220802231000","218","0","屏東縣","高樹鄉","120.620","22.785","11"
"34","113103","20220802231000","32","1","屏東縣","高樹鄉","120.610","22.790","45"
"108","113129","20220802231000","59","3","屏東縣","高樹鄉","120.595","22.810","112"
"65","113131","20220802231000","48","2","屏東縣","高樹鄉","120.595","22.815","59"
"1053","113133","20220802231000","1148","0","屏東縣","高樹鄉","120.600","22.825","1245"
"1524","113137","20220802231000","2503","0","臺東縣","臺東市","121.155","22.750","1931"
"187","113138","20220802231000","504","0","臺東縣","臺東市","121.135","22.760","158"
"89","113139","20220802231000","33","3","臺東縣","臺東市","121.160","22.760","90"
"1115","113141","20220802231000","1420","0","臺東縣","臺東市","121.155","22.755","1605"
"957","113159","20220802231000","586","3","高雄市","永安區","120.225","22.820","894"
"692","113177","20220802231000","377","3","高雄市","永安區","120.250","22.810","658"
"39","113178","20220802231000","359","0","高雄市","岡山區","120.255","22.810","39"
"78","113182","20220802231000","75","1","高雄市","永安區","120.250","22.815","97"
"225","113185","20220802231000","164","2","高雄市","永安區","120.240","22.815","211"
"34","113196","20220802231000","38","0","高雄市","永安區","120.205","22.840","26"
"332","113206","20220802231000","654","0","臺東縣","臺東市","121.130","22.765","487"
"579","113207","20220802231000","1304","0","臺東縣","臺東市","121.120","22.770","756"
"132","113208","20220802231000","520","0","臺東縣","臺東市","121.125","22.770","110"
"602","113213","20220802231000","555","1","臺東縣","臺東市","121.125","22.780","693"
"1083","113214","20220802231000","1498","0","臺東縣","臺東市","121.120","22.785","1283"
"42","113215","20220802231000","310","0","臺東縣","臺東市","121.125","22.785","47"
"403","113216","20220802231000","176","3","臺東縣","臺東市","121.130","22.770","381"
"712","113217","20220802231000","891","0","臺東縣","臺東市","121.135","22.770","1044"
"113","113218","20220802231000","111","1","臺東縣","臺東市","121.125","22.775","108"
"214","113219","20220802231000","504","0","臺東縣","臺東市","121.130","22.775","353"
"500","113236","20220802231000","873","0","臺東縣","臺東市","121.115","22.785","707"
"628","113239","20220802231000","251","3","臺東縣","臺東市","121.110","22.790","567"
"108","113251","20220802231000","36","3","臺東縣","臺東市","121.155","22.760","118"
"270","113258","20220802231000","102","3","臺東縣","臺東市","121.175","22.780","260"
"209","113260","20220802231000","77","3","臺東縣","臺東市","121.185","22.790","165"
"267","113263","20220802231000","517","0","臺東縣","臺東市","121.190","22.795","437"
"93","113266","20220802231000","73","2","臺東縣","臺東市","121.195","22.800","191"
"43","113269","20220802231000","37","1","臺東縣","臺東市","121.190","22.810","46"
"55","113273","20220802231000","104","0","臺東縣","臺東市","121.195","22.815","103"
"82","113295","20220802231000","205","0","臺東縣","臺東市","121.175","22.785","158"
"224","113299","20220802231000","136","3","臺東縣","臺東市","121.175","22.790","266"
"202","113310","20220802231000","125","3","臺東縣","臺東市","121.150","22.765","186"
"508","113311","20220802231000","745","0","臺東縣","臺東市","121.155","22.765","698"
"199","113314","20220802231000","1135","0","高雄市","岡山區","120.285","22.780","204"
"49","113315","20220802231000","43","1","高雄市","岡山區","120.290","22.780","51"
"86","113317","20220802231000","83","1","高雄市","岡山區","120.290","22.785","82"
"1001","113318","20220802231000","885","1","高雄市","岡山區","120.280","22.800","955"
"106","113327","20220802231000","281","0","臺東縣","臺東市","121.065","22.740","101"
"346","113345","20220802231000","277","2","臺東縣","臺東市","121.055","22.760","331"
"188","113347","20220802231000","252","0","臺東縣","臺東市","121.060","22.760","192"
"280","113353","20220802231000","668","0","臺東縣","臺東市","121.140","22.765","190"
"917","113354","20220802231000","2032","0","臺東縣","臺東市","121.145","22.765","1214"
"680","113355","20220802231000","485","2","臺東縣","臺東市","121.140","22.770","626"
"788","113356","20220802231000","1360","0","臺東縣","臺東市","121.145","22.770","1103"
"481","113364","20220802231000","1018","0","臺東縣","臺東市","121.145","22.745","703"
"1458","113366","20220802231000","1615","0","臺東縣","臺東市","121.140","22.750","1391"
"251","113367","20220802231000","533","0","臺東縣","臺東市","121.145","22.750","526"
"243","113369","20220802231000","714","0","臺東縣","臺東市","121.145","22.755","334"
"30","113372","20220802231000","68","0","臺東縣","臺東市","121.160","22.755","34"
"24","113373","20220802231000","85","0","臺東縣","臺東市","121.165","22.755","19"
"218","113378","20220802231000","234","0","臺東縣","臺東市","121.125","22.790","282"
"343","113380","20220802231000","528","0","臺東縣","臺東市","121.130","22.790","457"
"567","113381","20220802231000","1134","0","臺東縣","臺東市","121.125","22.795","879"
"118","113386","20220802231000","216","0","臺東縣","臺東市","121.125","22.805","200"
"175","113389","20220802231000","72","3","臺東縣","臺東市","121.120","22.810","148"
"686","113416","20220802231000","1127","0","臺東縣","臺東市","121.105","22.750","896"
"178","113423","20220802231000","209","0","臺東縣","臺東市","121.105","22.755","249"
"299","113425","20220802231000","310","0","臺東縣","臺東市","121.075","22.760","334"
"68","113434","20220802231000","480","0","臺東縣","臺東市","121.060","22.735","177"
"31","113448","20220802231000","81","0","屏東縣","里港鄉","120.530","22.830","55"
"102","113450","20220802231000","65","3","高雄市","美濃區","120.540","22.830","99"
"325","113466","20220802231000","230","2","高雄市","美濃區","120.530","22.840","315"
"13","113487","20220802231000","34","0","高雄市","大樹區","120.445","22.740","21"
"79","113496","20220802231000","62","2","高雄市","大樹區","120.445","22.745","72"
"411","113505","20220802231000","774","0","高雄市","大樹區","120.445","22.750","501"
"61","113506","20220802231000","45","2","高雄市","大樹區","120.450","22.750","67"
"70","113513","20220802231000","73","0","高雄市","岡山區","120.270","22.775","78"
"79","113514","20220802231000","311","0","高雄市","楠梓區","120.280","22.735","79"
"407","113564","20220802231000","175","3","臺東縣","卑南鄉","121.075","22.775","378"
"514","113740","20220802231000","420","2","臺東縣","卑南鄉","121.080","22.775","528"
"384","113741","20220802231000","326","1","臺東縣","卑南鄉","121.085","22.775","357"
"694","113742","20220802231000","470","2","臺東縣","卑南鄉","121.090","22.775","662"
"436","113750","20220802231000","283","3","臺東縣","卑南鄉","121.080","22.785","451"
"72","113762","20220802231000","153","0","臺東縣","卑南鄉","121.095","22.790","59"
"148","113792","20220802231000","306","0","臺東縣","卑南鄉","121.100","22.825","242"
"145","113799","20220802231000","106","2","臺東縣","卑南鄉","121.090","22.830","144"
"55","113840","20220802231000","242","0","臺東縣","卑南鄉","121.105","22.795","42"
"263","113843","20220802231000","488","0","臺東縣","卑南鄉","121.090","22.800","358"
"199","113882","20220802231000","139","2","臺東縣","卑南鄉","121.090","22.820","214"
"26","113896","20220802231000","27","0","高雄市","路竹區","120.270","22.840","25"
"507","113902","20220802231000","312","3","高雄市","橋頭區","120.290","22.745","454"
"110","113905","20220802231000","110","1","高雄市","橋頭區","120.295","22.755","120"
"99","113906","20220802231000","475","0","高雄市","楠梓區","120.325","22.755","150"
"105","113911","20220802231000","92","1","高雄市","橋頭區","120.320","22.765","103"
"1051","113923","20220802231000","630","3","高雄市","橋頭區","120.305","22.770","946"
"366","113933","20220802231000","301","2","高雄市","橋頭區","120.290","22.760","353"
"421","113934","20220802231000","372","1","高雄市","岡山區","120.280","22.765","444"
"31","113947","20220802231000","37","0","高雄市","路竹區","120.275","22.840","32"
"54","113948","20220802231000","57","0","高雄市","路竹區","120.280","22.840","57"
"312","113950","20220802231000","211","2","高雄市","路竹區","120.275","22.820","296"
"173","113959","20220802231000","159","1","高雄市","路竹區","120.275","22.825","162"
"259","113962","20220802231000","176","2","高雄市","路竹區","120.265","22.830","227"
"15","113965","20220802231000","13","1","高雄市","路竹區","120.265","22.840","14"
"315","113969","20220802231000","558","0","高雄市","路竹區","120.240","22.835","450"
"724","113971","20220802231000","597","2","高雄市","路竹區","120.250","22.835","729"
"364","113978","20220802231000","295","2","高雄市","路竹區","120.245","22.845","378"
"218","113982","20220802231000","206","1","高雄市","路竹區","120.260","22.840","207"
"48","113984","20220802231000","264","0","高雄市","彌陀區","120.245","22.785","45"
"286","113985","20220802231000","275","1","高雄市","彌陀區","120.245","22.790","278"
"66","113992","20220802231000","54","2","高雄市","橋頭區","120.300","22.765","63"
"20","113994","20220802231000","738","0","高雄市","橋頭區","120.320","22.735","31"
"202","113997","20220802231000","333","0","高雄市","橋頭區","120.315","22.745","279"
"185","114001","20220802231000","615","0","高雄市","橋頭區","120.315","22.760","275"
"100","114004","20220802231000","300","0","高雄市","橋頭區","120.310","22.760","196"
"807","114006","20220802231000","1652","0","高雄市","橋頭區","120.310","22.765","1256"
"407","114050","20220802231000","406","1","高雄市","橋頭區","120.300","22.740","464"
"851","114055","20220802231000","530","3","高雄市","橋頭區","120.295","22.735","823"
"359","114057","20220802231000","527","0","高雄市","橋頭區","120.295","22.740","331"
"62","114059","20220802231000","675","0","高雄市","橋頭區","120.290","22.765","66"
"543","114062","20220802231000","290","3","高雄市","橋頭區","120.270","22.735","483"
"31","114068","20220802231000","434","0","高雄市","橋頭區","120.280","22.745","35"
"258","114075","20220802231000","341","0","高雄市","永安區","120.240","22.820","382"
"135","114077","20220802231000","72","3","高雄市","永安區","120.250","22.820","111"
"54","114094","20220802231000","105","0","高雄市","永安區","120.210","22.810","91"
"47","114108","20220802231000","51","0","高雄市","永安區","120.205","22.825","42"
"14","114112","20220802231000","94","0","高雄市","路竹區","120.260","22.835","15"
"1078","114116","20220802231000","1896","0","臺東縣","臺東市","121.150","22.755","1600"
"2688","114117","20220802231000","1999","2","臺東縣","臺東市","121.145","22.760","2847"
"841","114118","20220802231000","824","1","臺東縣","臺東市","121.150","22.760","855"
"203","114125","20220802231000","389","0","臺東縣","臺東市","121.115","22.750","288"
"1095","114128","20220802231000","1372","0","臺東縣","臺東市","121.135","22.755","1500"
"650","114129","20220802231000","984","0","臺東縣","臺東市","121.140","22.760","931"
"383","114130","20220802231000","1482","0","臺東縣","臺東市","121.150","22.750","433"
"455","114135","20220802231000","281","3","臺東縣","臺東市","121.100","22.740","445"
"264","114143","20220802231000","627","0","高雄市","燕巢區","120.360","22.765","337"
"709","114144","20220802231000","794","0","高雄市","燕巢區","120.365","22.765","782"
"522","114154","20220802231000","698","0","高雄市","燕巢區","120.360","22.770","477"
"753","114155","20220802231000","568","2","高雄市","岡山區","120.315","22.775","716"
"418","114160","20220802231000","338","2","高雄市","燕巢區","120.340","22.775","383"
"134","114174","20220802231000","126","1","高雄市","燕巢區","120.360","22.775","144"
"98","114194","20220802231000","69","2","高雄市","燕巢區","120.400","22.810","96"
"237","114204","20220802231000","244","0","高雄市","燕巢區","120.340","22.755","248"
"183","114206","20220802231000","218","0","高雄市","燕巢區","120.350","22.755","148"
"506","114207","20220802231000","446","1","高雄市","燕巢區","120.355","22.755","512"
"63","114210","20220802231000","156","0","高雄市","燕巢區","120.335","22.760","78"
"202","114212","20220802231000","213","0","高雄市","燕巢區","120.345","22.760","256"
"24","114214","20220802231000","84","0","高雄市","燕巢區","120.355","22.760","33"
"46","114226","20220802231000","23","3","高雄市","田寮區","120.420","22.820","51"
"10","114268","20220802231000","10","1","高雄市","岡山區","120.270","22.795","12"
"590","114271","20220802231000","1066","0","高雄市","岡山區","120.285","22.795","967"
"698","114274","20220802231000","540","2","高雄市","岡山區","120.280","22.780","710"
"644","114276","20220802231000","577","1","高雄市","梓官區","120.265","22.750","674"
"786","114278","20220802231000","603","2","高雄市","梓官區","120.260","22.745","711"
"422","114279","20220802231000","177","3","高雄市","梓官區","120.265","22.745","382"
"966","114288","20220802231000","762","2","高雄市","梓官區","120.265","22.760","950"
"1588","114295","20220802231000","1179","2","高雄市","梓官區","120.270","22.760","1611"
"449","114297","20220802231000","336","2","高雄市","梓官區","120.245","22.740","455"
"136","114302","20220802231000","108","2","高雄市","梓官區","120.245","22.750","139"
"467","114304","20220802231000","370","2","高雄市","梓官區","120.250","22.735","449"
"851","114307","20220802231000","1010","0","高雄市","橋頭區","120.310","22.750","844"
"114","114308","20220802231000","64","3","高雄市","橋頭區","120.315","22.755","102"
"1078","114309","20220802231000","1467","0","高雄市","橋頭區","120.310","22.755","1037"
"580","114311","20220802231000","486","1","高雄市","橋頭區","120.305","22.735","577"
"43","114315","20220802231000","314","0","高雄市","橋頭區","120.305","22.740","47"
"541","114318","20220802231000","608","0","高雄市","橋頭區","120.310","22.745","658"
"467","114322","20220802231000","439","1","高雄市","橋頭區","120.300","22.755","477"
"182","114329","20220802231000","131","2","高雄市","旗山區","120.445","22.775","250"
"67","114344","20220802231000","44","3","高雄市","旗山區","120.440","22.785","70"
"12","114349","20220802231000","24","0","高雄市","旗山區","120.430","22.790","12"
"19","114358","20220802231000","22","0","高雄市","旗山區","120.435","22.795","21"
"98","114363","20220802231000","172","0","高雄市","旗山區","120.460","22.795","125"
"63","114393","20220802231000","53","1","高雄市","旗山區","120.455","22.815","75"
"130","114395","20220802231000","81","3","高雄市","旗山區","120.465","22.815","141"
"396","114407","20220802231000","775","0","高雄市","旗山區","120.465","22.840","547"
"70","114408","20220802231000","82","0","高雄市","旗山區","120.450","22.845","62"
"26","114416","20220802231000","554","0","高雄市","梓官區","120.270","22.765","25"
"44","114421","20220802231000","1081","0","高雄市","梓官區","120.260","22.740","57"
"339","114422","20220802231000","334","1","高雄市","橋頭區","120.265","22.740","372"
"40","114424","20220802231000","316","0","臺東縣","卑南鄉","121.160","22.790","35"
"115","114462","20220802231000","77","2","臺東縣","卑南鄉","121.150","22.820","176"
"108","114473","20220802231000","105","1","臺東縣","卑南鄉","121.150","22.830","120"
"126","114575","20220802231000","111","1","臺東縣","卑南鄉","121.055","22.745","117"
"121","114700","20220802231000","312","0","臺東縣","臺東市","121.045","22.760","201"
"234","114840","20220802231000","136","3","臺東縣","卑南鄉","121.070","22.795","208"
"426","114846","20220802231000","356","1","臺東縣","卑南鄉","121.065","22.800","297"
"325","114971","20220802231000","698","0","臺東縣","臺東市","121.125","22.740","515"
"42","114972","20220802231000","544","0","臺東縣","臺東市","121.130","22.740","38"
"1711","114977","20220802231000","1134","3","臺東縣","臺東市","121.135","22.740","1579"
"510","114979","20220802231000","968","0","臺東縣","臺東市","121.120","22.735","735"
"828","115004","20220802231000","1454","0","高雄市","岡山區","120.285","22.790","829"
"17","115005","20220802231000","23","0","高雄市","岡山區","120.290","22.790","27"
"329","115006","20220802231000","282","1","高雄市","岡山區","120.295","22.785","351"
"18","115293","20220802231000","12","3","高雄市","田寮區","120.370","22.825","17"
"160","115298","20220802231000","234","0","高雄市","田寮區","120.360","22.830","228"
"86","115300","20220802231000","129","0","高雄市","田寮區","120.370","22.830","104"
"144","115304","20220802231000","102","2","高雄市","田寮區","120.355","22.835","104"
"49","115311","20220802231000","56","0","高雄市","田寮區","120.395","22.835","54"
"183","115312","20220802231000","127","2","高雄市","田寮區","120.345","22.840","167"
"38","115319","20220802231000","50","0","高雄市","田寮區","120.345","22.845","65"
"87","115329","20220802231000","64","2","高雄市","旗山區","120.435","22.830","101"
"117","115367","20220802231000","924","0","高雄市","燕巢區","120.355","22.790","113"
"331","115368","20220802231000","262","2","高雄市","燕巢區","120.360","22.790","337"
"194","115374","20220802231000","153","2","高雄市","燕巢區","120.325","22.785","169"
"135","115375","20220802231000","209","0","高雄市","燕巢區","120.330","22.785","197"
"388","115377","20220802231000","304","2","高雄市","燕巢區","120.340","22.785","364"
"106","115380","20220802231000","116","0","高雄市","燕巢區","120.355","22.785","126"
"370","115382","20220802231000","293","2","高雄市","燕巢區","120.340","22.790","367"
"300","115384","20220802231000","256","1","高雄市","燕巢區","120.350","22.790","295"
"20","115394","20220802231000","26","0","高雄市","燕巢區","120.355","22.810","21"
"27","115398","20220802231000","24","1","高雄市","燕巢區","120.375","22.810","23"
"83","115401","20220802231000","93","0","高雄市","燕巢區","120.390","22.810","92"
"74","115402","20220802231000","68","1","高雄市","燕巢區","120.355","22.815","87"
"26","115404","20220802231000","25","1","高雄市","燕巢區","120.365","22.815","21"
"298","115429","20220802231000","274","1","高雄市","燕巢區","120.365","22.790","307"
"461","115436","20220802231000","454","1","高雄市","燕巢區","120.365","22.795","470"
"165","115437","20220802231000","159","1","高雄市","燕巢區","120.370","22.795","164"
"49","115438","20220802231000","45","1","高雄市","燕巢區","120.375","22.795","50"
"158","115447","20220802231000","668","0","高雄市","燕巢區","120.375","22.760","221"
"144","115450","20220802231000","524","0","高雄市","燕巢區","120.375","22.765","215"
"39","115453","20220802231000","54","0","高雄市","燕巢區","120.390","22.765","40"
"17","115458","20220802231000","100","0","高雄市","燕巢區","120.385","22.770","14"
"60","115463","20220802231000","59","1","高雄市","燕巢區","120.410","22.770","60"
"307","115472","20220802231000","291","1","高雄市","燕巢區","120.385","22.775","309"
"156","115473","20220802231000","183","0","高雄市","燕巢區","120.390","22.775","149"
"12","115475","20220802231000","61","0","高雄市","燕巢區","120.400","22.775","11"
"161","115482","20220802231000","116","2","高雄市","燕巢區","120.385","22.780","179"
"105","115486","20220802231000","137","0","高雄市","燕巢區","120.405","22.780","107"
"148","115500","20220802231000","122","2","高雄市","燕巢區","120.420","22.780","128"
"141","115501","20220802231000","82","3","高雄市","燕巢區","120.425","22.780","109"
"14","115507","20220802231000","29","0","高雄市","燕巢區","120.410","22.785","15"
"13","115513","20220802231000","100","0","高雄市","燕巢區","120.405","22.790","16"
"41","115519","20220802231000","95","0","高雄市","燕巢區","120.410","22.795","40"
"137","115523","20220802231000","111","2","高雄市","岡山區","120.315","22.785","141"
"121","115524","20220802231000","252","0","高雄市","燕巢區","120.320","22.785","211"
"19","115528","20220802231000","121","0","高雄市","燕巢區","120.330","22.790","21"
"53","115531","20220802231000","499","0","高雄市","燕巢區","120.325","22.795","52"
"247","115537","20220802231000","386","0","高雄市","燕巢區","120.335","22.800","241"
"1003","115543","20220802231000","911","1","高雄市","燕巢區","120.355","22.795","1018"
"203","115544","20220802231000","176","1","高雄市","燕巢區","120.360","22.795","213"
"243","115546","20220802231000","299","0","高雄市","燕巢區","120.355","22.800","254"
"945","115555","20220802231000","2167","0","高雄市","楠梓區","120.325","22.735","942"
"1288","115556","20220802231000","758","3","高雄市","楠梓區","120.330","22.735","1233"
"1161","115557","20220802231000","1678","0","高雄市","楠梓區","120.335","22.735","1137"
"996","115559","20220802231000","1039","0","高雄市","楠梓區","120.330","22.740","978"
"1196","115560","20220802231000","1267","0","高雄市","楠梓區","120.335","22.740","1194"
"62","115562","20220802231000","634","0","高雄市","楠梓區","120.330","22.745","62"
"39","115563","20220802231000","427","0","高雄市","橋頭區","120.325","22.750","45"
"791","115564","20220802231000","795","0","高雄市","楠梓區","120.330","22.750","839"
"80","115565","20220802231000","70","1","高雄市","岡山區","120.305","22.780","112"
"241","115567","20220802231000","185","2","高雄市","岡山區","120.315","22.825","234"
"230","115568","20220802231000","274","0","高雄市","岡山區","120.325","22.825","266"
"63","115576","20220802231000","231","0","高雄市","岡山區","120.315","22.815","89"
"91","115577","20220802231000","162","0","高雄市","岡山區","120.320","22.815","146"
"26","115580","20220802231000","72","0","高雄市","岡山區","120.325","22.820","31"
"108","115598","20220802231000","1222","0","高雄市","岡山區","120.295","22.795","106"
"248","115599","20220802231000","251","0","高雄市","岡山區","120.290","22.800","249"
"635","115600","20220802231000","702","0","高雄市","岡山區","120.295","22.800","654"
"12","115611","20220802231000","12","1","臺東縣","臺東市","121.105","22.765","12"
"349","115616","20220802231000","647","0","臺東縣","臺東市","121.105","22.770","554"
"668","115617","20220802231000","414","3","臺東縣","臺東市","121.110","22.770","602"
"113","115618","20220802231000","675","0","臺東縣","臺東市","121.115","22.770","94"
"39","115620","20220802231000","57","0","高雄市","大樹區","120.440","22.755","45"
"120","115631","20220802231000","46","3","高雄市","大樹區","120.420","22.765","124"
"56","115636","20220802231000","41","2","高雄市","大樹區","120.445","22.765","49"
"259","115644","20220802231000","211","2","高雄市","大樹區","120.450","22.770","284"
"43","115647","20220802231000","36","1","高雄市","旗山區","120.430","22.775","43"
"416","115648","20220802231000","263","3","高雄市","岡山區","120.300","22.815","409"
"1281","115657","20220802231000","915","2","高雄市","岡山區","120.300","22.820","1218"
"299","115660","20220802231000","446","0","高雄市","岡山區","120.315","22.820","404"
"72","115663","20220802231000","54","2","高雄市","岡山區","120.295","22.830","86"
"331","115664","20220802231000","240","2","高雄市","岡山區","120.290","22.795","320"
"950","115665","20220802231000","841","1","高雄市","岡山區","120.285","22.800","980"
"15","115669","20220802231000","246","0","高雄市","燕巢區","120.325","22.800","22"
"14","115670","20220802231000","30","0","高雄市","岡山區","120.310","22.805","10"
"33","115676","20220802231000","85","0","高雄市","岡山區","120.320","22.810","41"
"72","115684","20220802231000","173","0","高雄市","岡山區","120.305","22.775","118"
"27","115686","20220802231000","46","0","高雄市","岡山區","120.310","22.775","29"
"44","115687","20220802231000","403","0","高雄市","岡山區","120.300","22.780","41"
"37","115690","20220802231000","915","0","高雄市","岡山區","120.300","22.785","38"
"40","115691","20220802231000","487","0","高雄市","岡山區","120.290","22.805","54"
"151","115692","20220802231000","244","0","高雄市","岡山區","120.295","22.805","132"
"91","115694","20220802231000","682","0","高雄市","岡山區","120.295","22.790","95"
"191","115706","20220802231000","154","2","高雄市","彌陀區","120.240","22.755","176"
"131","115708","20220802231000","128","1","高雄市","梓官區","120.250","22.755","127"
"154","115709","20220802231000","106","2","高雄市","彌陀區","120.235","22.760","150"
"143","115713","20220802231000","124","1","高雄市","彌陀區","120.240","22.765","160"
"420","115714","20220802231000","517","0","高雄市","彌陀區","120.250","22.780","420"
"386","115717","20220802231000","688","0","臺東縣","臺東市","121.140","22.740","549"
"637","115718","20220802231000","288","3","臺東縣","臺東市","121.130","22.745","575"
"1235","115719","20220802231000","2152","0","臺東縣","臺東市","121.135","22.745","1566"
"127","115720","20220802231000","697","0","臺東縣","臺東市","121.140","22.745","97"
"322","115721","20220802231000","459","0","臺東縣","臺東市","121.130","22.750","420"
"1218","115722","20220802231000","724","3","臺東縣","臺東市","121.135","22.750","1094"
"214","115724","20220802231000","331","0","臺東縣","臺東市","121.120","22.750","317"
"274","115727","20220802231000","301","0","臺東縣","臺東市","121.130","22.755","327"
"119","115728","20220802231000","371","0","臺東縣","臺東市","121.120","22.760","197"
"144","115732","20220802231000","77","3","臺東縣","臺東市","121.090","22.760","139"
"164","115739","20220802231000","295","0","臺東縣","臺東市","121.095","22.765","257"
"258","115745","20220802231000","561","0","臺東縣","臺東市","121.095","22.770","346"
"200","115749","20220802231000","134","2","高雄市","阿蓮區","120.335","22.835","194"
"1530","115782","20220802231000","898","3","高雄市","岡山區","120.300","22.795","1461"
"1203","115783","20220802231000","1153","1","高雄市","岡山區","120.305","22.795","1170"
"20","115784","20220802231000","27","0","高雄市","岡山區","120.310","22.795","23"
"569","115787","20220802231000","425","2","高雄市","岡山區","120.270","22.780","623"
"92","115788","20220802231000","394","0","高雄市","岡山區","120.270","22.785","89"
"352","115791","20220802231000","932","0","高雄市","岡山區","120.285","22.785","366"
"539","115793","20220802231000","503","1","高雄市","彌陀區","120.250","22.785","530"
"594","115795","20220802231000","924","0","高雄市","彌陀區","120.235","22.795","855"
"121","115804","20220802231000","140","0","高雄市","彌陀區","120.245","22.775","138"
"86","115805","20220802231000","71","2","高雄市","彌陀區","120.245","22.765","74"
"202","115808","20220802231000","179","1","高雄市","彌陀區","120.245","22.770","187"
"27","115810","20220802231000","177","0","高雄市","彌陀區","120.255","22.770","27"
"11","115812","20220802231000","44","0","高雄市","大樹區","120.405","22.735","13"
"1556","115819","20220802231000","1142","2","高雄市","岡山區","120.305","22.785","1551"
"565","115820","20220802231000","1465","0","高雄市","岡山區","120.300","22.790","559"
"943","115821","20220802231000","951","0","高雄市","岡山區","120.305","22.790","948"
"540","115833","20220802231000","278","3","高雄市","岡山區","120.265","22.815","541"
"232","115834","20220802231000","212","1","高雄市","岡山區","120.270","22.815","249"
"188","115836","20220802231000","160","1","高雄市","岡山區","120.255","22.820","194"
"141","115841","20220802231000","125","1","高雄市","岡山區","120.265","22.820","134"
"203","115844","20220802231000","140","2","高雄市","岡山區","120.300","22.830","204"
"391","115849","20220802231000","629","0","高雄市","阿蓮區","120.305","22.835","477"
"43","115851","20220802231000","137","0","高雄市","岡山區","120.280","22.810","38"
"271","115852","20220802231000","176","3","高雄市","岡山區","120.285","22.810","266"
"385","115855","20220802231000","365","1","高雄市","岡山區","120.285","22.815","411"
"35","115856","20220802231000","306","0","高雄市","岡山區","120.290","22.815","36"
"484","115872","20220802231000","359","2","高雄市","彌陀區","120.250","22.775","488"
"25","115876","20220802231000","23","1","高雄市","大社區","120.345","22.735","24"
"25","115878","20220802231000","280","0","高雄市","大社區","120.360","22.740","23"
"42","115879","20220802231000","86","0","高雄市","大社區","120.365","22.740","77"
"272","115883","20220802231000","275","0","高雄市","大社區","120.345","22.740","292"
"889","115886","20220802231000","974","0","高雄市","楠梓區","120.335","22.745","878"
"422","115889","20220802231000","688","0","高雄市","大社區","120.350","22.745","409"
"211","115892","20220802231000","501","0","高雄市","燕巢區","120.340","22.750","189"
"39","115895","20220802231000","41","0","高雄市","大社區","120.355","22.750","47"
"174","115897","20220802231000","175","0","高雄市","大社區","120.365","22.750","189"
"49","115907","20220802231000","153","0","高雄市","大社區","120.375","22.745","92"
"37","115911","20220802231000","71","0","高雄市","大社區","120.395","22.745","45"
"15","115922","20220802231000","35","0","高雄市","大社區","120.405","22.750","14"
"150","115927","20220802231000","68","3","高雄市","大社區","120.390","22.755","123"
"154","115941","20220802231000","144","1","高雄市","大社區","120.370","22.735","175"
"154","115943","20220802231000","369","0","高雄市","大社區","120.380","22.735","273"
"19","115944","20220802231000","14","2","高雄市","大社區","120.380","22.740","16"
"621","115946","20220802231000","551","1","高雄市","岡山區","120.275","22.775","611"
"712","115949","20220802231000","583","2","高雄市","岡山區","120.310","22.790","729"
"1094","115953","20220802231000","1057","1","高雄市","岡山區","120.300","22.800","1052"
"63","115954","20220802231000","609","0","高雄市","岡山區","120.305","22.800","73"
"11","115963","20220802231000","21","0","高雄市","旗山區","120.425","22.805","13"
"88","115966","20220802231000","91","0","高雄市","旗山區","120.425","22.815","107"
"115","124145","20220802231000","427","0","屏東縣","高樹鄉","120.610","22.850","116"
"103","124161","20220802231000","218","0","屏東縣","高樹鄉","120.630","22.865","131"
"117","124176","20220802231000","61","3","屏東縣","高樹鄉","120.640","22.880","115"
"18","124193","20220802231000","37","0","臺南市","仁德區","120.245","22.935","26"
"35","124195","20220802231000","75","0","臺南市","仁德區","120.240","22.940","47"
"338","124197","20220802231000","682","0","臺南市","仁德區","120.250","22.940","489"
"23","124211","20220802231000","34","0","臺南市","關廟區","120.330","22.910","20"
"142","124220","20220802231000","271","0","臺南市","關廟區","120.345","22.915","233"
"58","124243","20220802231000","91","0","高雄市","茄萣區","120.205","22.855","70"
"200","124253","20220802231000","374","0","臺南市","仁德區","120.215","22.910","349"
"421","124255","20220802231000","279","3","高雄市","湖內區","120.225","22.905","417"
"245","124262","20220802231000","528","0","臺南市","南區","120.185","22.920","248"
"47","124268","20220802231000","253","0","臺南市","歸仁區","120.280","22.915","56"
"183","124271","20220802231000","255","0","臺南市","歸仁區","120.270","22.920","269"
"337","124275","20220802231000","309","1","臺南市","歸仁區","120.285","22.920","416"
"177","124278","20220802231000","124","2","臺南市","歸仁區","120.280","22.925","253"
"76","124281","20220802231000","122","0","臺南市","歸仁區","120.270","22.930","68"
"17","124291","20220802231000","114","0","臺南市","南區","120.175","22.940","22"
"139","124293","20220802231000","302","0","臺南市","仁德區","120.245","22.925","202"
"31","124295","20220802231000","22","2","臺南市","仁德區","120.240","22.930","23"
"725","124314","20220802231000","1560","0","臺南市","仁德區","120.260","22.945","748"
"156","124322","20220802231000","618","0","臺南市","歸仁區","120.270","22.905","183"
"382","124323","20220802231000","575","0","臺南市","仁德區","120.255","22.910","569"
"293","124338","20220802231000","438","0","臺南市","仁德區","120.250","22.910","439"
"64","124352","20220802231000","93","0","臺南市","關廟區","120.325","22.950","78"
"364","124363","20220802231000","161","3","臺南市","關廟區","120.335","22.930","362"
"55","124371","20220802231000","243","0","臺南市","關廟區","120.335","22.940","58"
"1351","124386","20220802231000","1083","2","臺南市","仁德區","120.255","22.950","1287"
"12","124404","20220802231000","66","0","臺南市","仁德區","120.230","22.940","12"
"98","124408","20220802231000","279","0","臺南市","仁德區","120.230","22.945","143"
"293","124415","20220802231000","338","0","臺南市","仁德區","120.260","22.950","298"
"141","124431","20220802231000","150","0","臺南市","歸仁區","120.295","22.925","146"
"510","124453","20220802231000","175","3","臺南市","歸仁區","120.300","22.940","461"
"970","124469","20220802231000","637","3","臺南市","南區","120.180","22.930","1027"
"75","124472","20220802231000","162","0","臺南市","南區","120.180","22.935","61"
"224","124474","20220802231000","213","1","臺南市","南區","120.190","22.935","243"
"589","124477","20220802231000","1265","0","臺南市","南區","120.180","22.925","596"
"58","124491","20220802231000","388","0","臺南市","歸仁區","120.275","22.910","83"
"56","124494","20220802231000","177","0","臺南市","歸仁區","120.285","22.910","90"
"208","124504","20220802231000","555","0","臺南市","歸仁區","120.275","22.915","214"
"392","124526","20220802231000","694","0","臺南市","歸仁區","120.275","22.950","592"
"91","124527","20220802231000","171","0","臺南市","歸仁區","120.280","22.950","132"
"29","124538","20220802231000","58","0","臺南市","仁德區","120.220","22.920","24"
"73","124546","20220802231000","181","0","臺南市","南區","120.215","22.950","124"
"19","124548","20220802231000","54","0","臺南市","仁德區","120.220","22.945","25"
"109","124549","20220802231000","199","0","臺南市","仁德區","120.220","22.950","122"
"82","124550","20220802231000","605","0","高雄市","湖內區","120.230","22.915","79"
"544","124551","20220802231000","492","1","臺南市","仁德區","120.235","22.915","514"
"309","124552","20220802231000","772","0","臺南市","仁德區","120.225","22.920","299"
"78","124553","20220802231000","652","0","臺南市","仁德區","120.230","22.920","82"
"70","124555","20220802231000","608","0","臺南市","仁德區","120.240","22.920","69"
"141","124557","20220802231000","247","0","臺南市","仁德區","120.250","22.920","184"
"167","124559","20220802231000","478","0","臺南市","仁德區","120.225","22.925","258"
"52","124563","20220802231000","515","0","臺南市","仁德區","120.230","22.930","53"
"238","124565","20220802231000","422","0","臺南市","仁德區","120.220","22.915","298"
"1291","124569","20220802231000","1062","2","臺南市","仁德區","120.215","22.915","1341"
"951","124585","20220802231000","618","3","臺南市","南區","120.180","22.945","961"
"236","124591","20220802231000","326","0","臺南市","南區","120.185","22.950","337"
"31","124593","20220802231000","25","2","臺南市","南區","120.195","22.950","21"
"28","124601","20220802231000","37","0","高雄市","茂林區","120.685","22.905","25"
"841","124642","20220802231000","1468","0","高雄市","茄萣區","120.185","22.895","1301"
"12","124648","20220802231000","10","2","高雄市","內門區","120.450","22.920","16"
"164","124661","20220802231000","253","0","高雄市","美濃區","120.525","22.850","230"
"47","124668","20220802231000","108","0","高雄市","美濃區","120.535","22.850","91"
"255","124671","20220802231000","363","0","高雄市","美濃區","120.550","22.850","276"
"176","124678","20220802231000","372","0","高雄市","美濃區","120.535","22.860","273"
"101","124706","20220802231000","161","0","高雄市","美濃區","120.580","22.920","152"
"15","124745","20220802231000","14","1","高雄市","美濃區","120.585","22.940","13"
"554","124774","20220802231000","896","0","高雄市","美濃區","120.545","22.900","752"
"314","124778","20220802231000","167","3","高雄市","美濃區","120.555","22.905","275"
"154","124780","20220802231000","256","0","高雄市","美濃區","120.545","22.910","236"
"327","124803","20220802231000","204","3","高雄市","美濃區","120.535","22.865","291"
"533","124809","20220802231000","342","3","高雄市","美濃區","120.535","22.875","480"
"99","124812","20220802231000","203","0","高雄市","美濃區","120.535","22.880","154"
"280","124818","20220802231000","198","2","高雄市","美濃區","120.555","22.885","283"
"147","124831","20220802231000","317","0","高雄市","內門區","120.460","22.925","194"
"42","124869","20220802231000","77","0","高雄市","內門區","120.470","22.910","35"
"45","124870","20220802231000","32","2","高雄市","內門區","120.475","22.910","17"
"280","124897","20220802231000","175","3","高雄市","內門區","120.465","22.930","280"
"122","124903","20220802231000","255","0","高雄市","內門區","120.465","22.940","185"
"315","124908","20220802231000","202","3","高雄市","內門區","120.460","22.920","295"
"18","124929","20220802231000","13","2","高雄市","內門區","120.475","22.940","10"
"25","124962","20220802231000","20","2","臺南市","龍崎區","120.380","22.950","34"
"38","124995","20220802231000","60","0","臺南市","龍崎區","120.365","22.915","65"
"35","125006","20220802231000","68","0","臺南市","龍崎區","120.350","22.930","56"
"325","125045","20220802231000","460","0","臺南市","龍崎區","120.425","22.940","376"
"10","125061","20220802231000","12","0","臺南市","龍崎區","120.420","22.945","10"
"78","125099","20220802231000","221","0","臺東縣","卑南鄉","121.090","22.865","55"
"11","125131","20220802231000","60","0","臺東縣","卑南鄉","121.135","22.860","11"
"331","125138","20220802231000","265","2","臺東縣","卑南鄉","121.125","22.870","340"
"96","125172","20220802231000","64","3","臺東縣","卑南鄉","121.190","22.850","83"
"180","125177","20220802231000","252","0","高雄市","湖內區","120.235","22.900","225"
"134","125178","20220802231000","133","1","臺南市","仁德區","120.235","22.905","130"
"587","125179","20220802231000","363","3","高雄市","湖內區","120.230","22.910","576"
"585","125186","20220802231000","473","2","高雄市","路竹區","120.275","22.870","580"
"93","125192","20220802231000","111","0","高雄市","路竹區","120.265","22.885","85"
"518","125206","20220802231000","439","1","高雄市","路竹區","120.270","22.870","497"
"537","125207","20220802231000","516","1","高雄市","路竹區","120.255","22.875","562"
"233","125215","20220802231000","155","3","高雄市","茄萣區","120.180","22.910","270"
"272","125229","20220802231000","408","0","高雄市","路竹區","120.290","22.865","394"
"232","125232","20220802231000","263","0","高雄市","路竹區","120.245","22.860","235"
"1302","125234","20220802231000","1056","2","高雄市","路竹區","120.255","22.860","1296"
"73","125242","20220802231000","72","1","高雄市","路竹區","120.250","22.855","77"
"41","125244","20220802231000","53","0","高雄市","路竹區","120.260","22.865","40"
"547","125249","20220802231000","524","1","高雄市","路竹區","120.235","22.860","490"
"505","125257","20220802231000","675","0","高雄市","路竹區","120.260","22.860","499"
"64","125258","20220802231000","61","1","高雄市","路竹區","120.255","22.865","57"
"466","125263","20220802231000","450","1","高雄市","路竹區","120.225","22.855","488"
"180","125284","20220802231000","89","3","高雄市","旗山區","120.515","22.855","173"
"222","125285","20220802231000","159","2","高雄市","旗山區","120.490","22.860","184"
"16","125295","20220802231000","79","0","高雄市","旗山區","120.490","22.880","28"
"384","125296","20220802231000","174","3","高雄市","旗山區","120.495","22.880","374"
"475","125297","20220802231000","456","1","高雄市","旗山區","120.500","22.880","444"
"946","125340","20220802231000","1215","0","高雄市","旗山區","120.480","22.895","862"
"175","125343","20220802231000","170","1","高雄市","旗山區","120.480","22.900","179"
"69","125346","20220802231000","549","0","高雄市","旗山區","120.475","22.905","76"
"37","125349","20220802231000","428","0","高雄市","旗山區","120.485","22.905","42"
"109","125360","20220802231000","540","0","高雄市","湖內區","120.250","22.880","110"
"195","125361","20220802231000","810","0","高雄市","湖內區","120.245","22.885","272"
"65","125366","20220802231000","306","0","高雄市","湖內區","120.240","22.890","67"
"615","125367","20220802231000","462","2","高雄市","湖內區","120.245","22.890","658"
"48","125374","20220802231000","61","0","高雄市","旗山區","120.445","22.885","49"
"22","125393","20220802231000","53","0","高雄市","內門區","120.420","22.910","35"
"10","125438","20220802231000","14","0","高雄市","茂林區","120.650","22.880","14"
"68","125487","20220802231000","88","0","高雄市","六龜區","120.620","22.890","67"
"81","125491","20220802231000","108","0","高雄市","六龜區","120.625","22.895","106"
"104","125506","20220802231000","114","0","高雄市","六龜區","120.635","22.910","110"
"10","125541","20220802231000","12","0","高雄市","六龜區","120.615","22.885","10"
"49","125543","20220802231000","75","0","高雄市","六龜區","120.625","22.885","81"
"104","125591","20220802231000","83","2","高雄市","六龜區","120.645","22.925","93"
"946","125608","20220802231000","787","2","高雄市","路竹區","120.265","22.865","933"
"103","125613","20220802231000","137","0","高雄市","路竹區","120.265","22.850","116"
"119","125614","20220802231000","122","0","高雄市","路竹區","120.260","22.855","120"
"192","125624","20220802231000","287","0","高雄市","路竹區","120.290","22.875","274"
"56","125626","20220802231000","54","1","高雄市","路竹區","120.295","22.875","58"
"75","125629","20220802231000","106","0","高雄市","路竹區","120.285","22.880","81"
"155","125646","20220802231000","213","0","臺南市","關廟區","120.345","22.905","199"
"324","125659","20220802231000","307","1","高雄市","阿蓮區","120.290","22.895","340"
"260","125660","20220802231000","220","1","高雄市","阿蓮區","120.295","22.895","234"
"90","125667","20220802231000","577","0","臺南市","歸仁區","120.280","22.905","151"
"21","125673","20220802231000","13","3","高雄市","阿蓮區","120.330","22.875","17"
"26","125675","20220802231000","123","0","高雄市","湖內區","120.195","22.910","20"
"354","125676","20220802231000","111","3","高雄市","湖內區","120.200","22.910","341"
"32","125737","20220802231000","227","0","高雄市","田寮區","120.370","22.865","38"
"73","125772","20220802231000","66","1","高雄市","田寮區","120.400","22.890","75"
"13","125779","20220802231000","41","0","高雄市","田寮區","120.400","22.895","20"
"28","125825","20220802231000","21","2","臺東縣","東河鄉","121.270","22.930","37"
"55","125838","20220802231000","24","3","臺東縣","東河鄉","121.275","22.940","63"
"122","125849","20220802231000","94","2","臺東縣","鹿野鄉","121.150","22.930","121"
"753","125884","20220802231000","1178","0","高雄市","旗山區","120.480","22.880","758"
"409","125896","20220802231000","551","0","高雄市","美濃區","120.540","22.900","489"
"58","125917","20220802231000","41","2","高雄市","美濃區","120.535","22.900","54"
"187","125941","20220802231000","182","1","高雄市","美濃區","120.565","22.865","185"
"44","125951","20220802231000","34","2","高雄市","美濃區","120.575","22.870","41"
"71","125952","20220802231000","72","0","高雄市","美濃區","120.580","22.870","67"
"363","125955","20220802231000","314","1","高雄市","美濃區","120.565","22.875","359"
"107","125966","20220802231000","79","2","高雄市","美濃區","120.545","22.880","97"
"22","125969","20220802231000","11","3","高雄市","美濃區","120.530","22.885","17"
"42","125970","20220802231000","85","0","高雄市","美濃區","120.535","22.885","52"
"251","125981","20220802231000","324","0","高雄市","美濃區","120.515","22.875","316"
"160","125989","20220802231000","134","1","高雄市","旗山區","120.505","22.890","154"
"423","125997","20220802231000","287","2","高雄市","美濃區","120.520","22.895","407"
"156","126001","20220802231000","213","0","高雄市","美濃區","120.520","22.900","186"
"262","126010","20220802231000","420","0","高雄市","美濃區","120.560","22.915","372"
"183","126024","20220802231000","133","2","高雄市","美濃區","120.580","22.925","176"
"302","126043","20220802231000","247","2","高雄市","美濃區","120.550","22.865","319"
"275","126059","20220802231000","296","0","高雄市","美濃區","120.575","22.880","288"
"93","126076","20220802231000","96","0","高雄市","美濃區","120.570","22.895","99"
"553","126092","20220802231000","860","0","高雄市","旗山區","120.480","22.885","578"
"261","126096","20220802231000","585","0","高雄市","路竹區","120.265","22.870","267"
"553","126107","20220802231000","688","0","高雄市","路竹區","120.270","22.865","567"
"383","126119","20220802231000","239","3","高雄市","旗山區","120.490","22.920","453"
"229","126120","20220802231000","384","0","高雄市","旗山區","120.495","22.920","332"
"429","126140","20220802231000","271","3","高雄市","路竹區","120.280","22.850","445"
"54","126141","20220802231000","326","0","高雄市","路竹區","120.270","22.855","40"
"1559","126142","20220802231000","1296","2","高雄市","路竹區","120.265","22.860","1527"
"24","126160","20220802231000","23","1","臺東縣","卑南鄉","121.105","22.850","27"
"636","126178","20220802231000","534","1","臺東縣","卑南鄉","121.105","22.860","665"
"124","126183","20220802231000","62","3","臺東縣","卑南鄉","121.100","22.865","123"
"138","126219","20220802231000","419","0","高雄市","茄萣區","120.185","22.890","138"
"225","126227","20220802231000","314","0","高雄市","湖內區","120.235","22.895","298"
"147","126236","20220802231000","83","3","高雄市","湖內區","120.225","22.880","158"
"387","126244","20220802231000","558","0","高雄市","湖內區","120.225","22.895","490"
"614","126247","20220802231000","448","2","高雄市","湖內區","120.240","22.870","608"
"242","126249","20220802231000","173","2","高雄市","湖內區","120.235","22.875","239"
"346","126256","20220802231000","277","2","高雄市","湖內區","120.240","22.885","456"
"535","126258","20220802231000","731","0","高雄市","湖內區","120.250","22.875","668"
"263","126273","20220802231000","174","3","高雄市","美濃區","120.545","22.895","237"
"184","126301","20220802231000","264","0","臺東縣","鹿野鄉","121.085","22.900","205"
"157","126303","20220802231000","262","0","臺東縣","延平鄉","121.075","22.905","256"
"60","126423","20220802231000","36","3","臺東縣","延平鄉","121.100","22.910","60"
"61","127499","20220802231000","155","0","臺東縣","延平鄉","121.150","22.900","85"
"20","127566","20220802231000","12","3","臺東縣","鹿野鄉","121.120","22.920","35"
"38","127569","20220802231000","197","0","臺東縣","鹿野鄉","121.120","22.925","30"
"25","127570","20220802231000","15","3","臺東縣","鹿野鄉","121.125","22.925","21"
"327","127581","20220802231000","170","3","臺東縣","鹿野鄉","121.120","22.930","358"
"163","127584","20220802231000","109","2","臺東縣","鹿野鄉","121.135","22.930","200"
"75","127600","20220802231000","45","3","臺東縣","鹿野鄉","121.135","22.945","79"
"81","127605","20220802231000","92","0","高雄市","田寮區","120.395","22.850","92"
"47","127613","20220802231000","48","0","高雄市","田寮區","120.380","22.875","57"
"245","127617","20220802231000","281","0","高雄市","田寮區","120.385","22.880","301"
"55","127622","20220802231000","47","1","高雄市","田寮區","120.390","22.885","62"
"24","127652","20220802231000","57","0","高雄市","田寮區","120.360","22.880","40"
"97","127664","20220802231000","59","3","高雄市","田寮區","120.370","22.890","85"
"17","127666","20220802231000","52","0","高雄市","田寮區","120.360","22.895","28"
"22","127698","20220802231000","49","0","高雄市","田寮區","120.425","22.885","23"
"477","127704","20220802231000","385","2","高雄市","茄萣區","120.180","22.900","471"
"109","127705","20220802231000","475","0","高雄市","茄萣區","120.185","22.900","127"
"247","127717","20220802231000","131","3","臺東縣","鹿野鄉","121.100","22.895","278"
"128","127724","20220802231000","49","3","臺東縣","鹿野鄉","121.135","22.895","109"
"213","127733","20220802231000","206","1","臺東縣","鹿野鄉","121.135","22.910","215"
"119","127737","20220802231000","105","1","臺東縣","鹿野鄉","121.135","22.920","140"
"27","127748","20220802231000","125","0","臺東縣","鹿野鄉","121.130","22.900","22"
"172","127754","20220802231000","228","0","臺東縣","鹿野鄉","121.120","22.905","246"
"817","127765","20220802231000","1477","0","臺南市","仁德區","120.220","22.910","1129"
"91","127770","20220802231000","224","0","高雄市","湖內區","120.215","22.905","108"
"89","127835","20220802231000","54","3","臺東縣","東河鄉","121.235","22.940","66"
"99","127852","20220802231000","161","0","臺東縣","東河鄉","121.250","22.895","141"
"130","127889","20220802231000","89","2","臺東縣","東河鄉","121.255","22.915","141"
"32","127912","20220802231000","180","0","臺東縣","東河鄉","121.265","22.925","36"
"246","127933","20220802231000","170","2","臺東縣","東河鄉","121.190","22.860","295"
"43","127935","20220802231000","51","0","臺東縣","東河鄉","121.200","22.860","39"
"407","127958","20220802231000","795","0","臺東縣","東河鄉","121.225","22.870","572"
"177","127984","20220802231000","18","3","臺東縣","東河鄉","121.225","22.880","175"
"158","127998","20220802231000","90","3","臺東縣","東河鄉","121.235","22.880","205"
"23","128028","20220802231000","55","0","臺東縣","東河鄉","121.245","22.890","49"
"19","128038","20220802231000","61","0","臺東縣","東河鄉","121.235","22.895","33"
"80","128060","20220802231000","192","0","高雄市","阿蓮區","120.345","22.860","122"
"105","128066","20220802231000","511","0","高雄市","阿蓮區","120.320","22.850","92"
"147","128071","20220802231000","118","2","高雄市","阿蓮區","120.320","22.855","165"
"264","128073","20220802231000","223","1","高雄市","阿蓮區","120.330","22.855","276"
"1351","128075","20220802231000","996","2","高雄市","阿蓮區","120.325","22.875","1374"
"1606","128076","20220802231000","1171","2","高雄市","阿蓮區","120.325","22.880","1554"
"14","128078","20220802231000","198","0","高雄市","路竹區","120.305","22.860","15"
"205","128090","20220802231000","216","0","高雄市","阿蓮區","120.310","22.870","248"
"192","128091","20220802231000","152","2","高雄市","阿蓮區","120.315","22.870","183"
"77","128097","20220802231000","85","0","高雄市","阿蓮區","120.315","22.880","86"
"36","128418","20220802231000","54","0","高雄市","茂林區","120.715","22.910","47"
"55","128722","20220802231000","64","0","高雄市","茂林區","120.665","22.885","57"
"30","128723","20220802231000","32","0","高雄市","茂林區","120.670","22.885","43"
"29","128748","20220802231000","275","0","高雄市","旗山區","120.480","22.890","24"
"37","128751","20220802231000","23","3","高雄市","旗山區","120.475","22.850","31"
"374","128754","20220802231000","292","2","高雄市","路竹區","120.300","22.880","374"
"171","128758","20220802231000","132","2","高雄市","阿蓮區","120.305","22.890","168"
"27","128759","20220802231000","280","0","高雄市","阿蓮區","120.310","22.890","22"
"301","128764","20220802231000","245","2","高雄市","阿蓮區","120.330","22.880","318"
"990","128765","20220802231000","754","2","高雄市","阿蓮區","120.335","22.880","995"
"226","128766","20220802231000","213","1","高雄市","阿蓮區","120.340","22.880","220"
"301","128769","20220802231000","236","2","高雄市","阿蓮區","120.330","22.885","317"
"294","128776","20220802231000","244","2","高雄市","阿蓮區","120.320","22.890","305"
"116","128782","20220802231000","111","1","高雄市","阿蓮區","120.335","22.870","127"
"433","128789","20220802231000","335","2","高雄市","田寮區","120.355","22.870","426"
"375","128797","20220802231000","504","0","高雄市","茄萣區","120.185","22.905","517"
"416","128798","20220802231000","250","3","高雄市","茄萣區","120.190","22.905","402"
"82","128803","20220802231000","84","0","高雄市","茄萣區","120.195","22.855","70"
"95","128807","20220802231000","93","1","高雄市","茄萣區","120.195","22.860","52"
"219","128823","20220802231000","272","0","高雄市","茄萣區","120.190","22.870","286"
"228","128824","20220802231000","383","0","高雄市","茄萣區","120.195","22.870","355"
"236","128825","20220802231000","201","1","高雄市","茄萣區","120.200","22.870","187"
"48","128829","20220802231000","19","3","高雄市","茄萣區","120.190","22.875","43"
"660","128830","20220802231000","388","3","高雄市","茄萣區","120.195","22.875","570"
"271","128833","20220802231000","162","3","高雄市","茄萣區","120.210","22.875","232"
"169","128847","20220802231000","219","0","高雄市","茄萣區","120.190","22.910","197"
"576","128850","20220802231000","610","0","高雄市","茄萣區","120.185","22.910","583"
"268","128866","20220802231000","195","2","高雄市","旗山區","120.475","22.870","254"
"113","128884","20220802231000","123","0","高雄市","旗山區","120.455","22.880","112"
"87","128886","20220802231000","226","0","高雄市","旗山區","120.465","22.880","92"
"21","128887","20220802231000","14","3","高雄市","旗山區","120.470","22.880","14"
"437","128898","20220802231000","683","0","高雄市","旗山區","120.470","22.855","664"
"485","128911","20220802231000","352","2","高雄市","旗山區","120.500","22.925","442"
"185","128916","20220802231000","201","0","高雄市","旗山區","120.500","22.930","228"
"131","128946","20220802231000","159","0","高雄市","杉林區","120.525","22.930","174"
"885","134975","20220802231000","390","3","臺南市","安南區","120.210","23.035","792"
"908","134976","20220802231000","569","3","臺南市","安南區","120.210","23.040","835"
"1422","134977","20220802231000","1267","1","臺南市","安南區","120.215","23.040","1437"
"522","134978","20220802231000","915","0","臺南市","安南區","120.215","23.030","800"
"232","134979","20220802231000","380","0","臺南市","安南區","120.215","23.035","363"
"718","134985","20220802231000","502","2","臺南市","安南區","120.195","23.025","660"
"208","134991","20220802231000","344","0","臺南市","關廟區","120.300","22.995","260"
"30","134995","20220802231000","14","3","臺南市","關廟區","120.320","22.995","23"
"80","134999","20220802231000","204","0","臺南市","關廟區","120.305","23.000","267"
"90","135010","20220802231000","103","0","臺南市","關廟區","120.320","23.005","106"
"353","135015","20220802231000","192","3","臺南市","關廟區","120.305","23.010","344"
"484","135022","20220802231000","857","0","臺南市","關廟區","120.325","22.965","676"
"42","135028","20220802231000","198","0","臺南市","關廟區","120.360","22.965","32"
"354","135056","20220802231000","258","2","臺南市","關廟區","120.330","22.965","333"
"36","135059","20220802231000","279","0","臺南市","關廟區","120.325","22.975","43"
"588","135061","20220802231000","2162","0","臺南市","中西區","120.210","22.985","566"
"276","135062","20220802231000","1912","0","臺南市","永康區","120.235","23.005","239"
"1721","135063","20220802231000","1582","1","臺南市","東區","120.230","22.980","1703"
"343","135064","20220802231000","222","3","臺南市","安南區","120.125","23.040","332"
"375","135074","20220802231000","235","3","臺南市","南區","120.175","22.965","377"
"1833","135079","20220802231000","1660","1","臺南市","南區","120.185","22.970","1658"
"526","135080","20220802231000","483","1","臺南市","南區","120.175","22.975","526"
"154","135081","20220802231000","288","0","臺南市","南區","120.180","22.975","216"
"920","135083","20220802231000","920","1","臺南市","南區","120.185","22.980","1055"
"1784","135084","20220802231000","1152","3","臺南市","北區","120.210","23.020","1775"
"750","135085","20220802231000","1475","0","臺南市","南區","120.200","22.980","1082"
"25","135086","20220802231000","88","0","臺南市","南區","120.205","22.970","21"
"349","135087","20220802231000","268","2","臺南市","南區","120.195","22.970","336"
"497","135088","20220802231000","1151","0","臺南市","南區","120.190","22.960","752"
"220","135797","20220802231000","139","3","臺東縣","關山鎮","121.145","23.020","193"
"1031","135951","20220802231000","1920","0","臺南市","永康區","120.230","23.010","1541"
"3189","135952","20220802231000","3810","0","臺南市","永康區","120.225","23.020","3405"
"1136","135953","20220802231000","810","2","臺南市","永康區","120.220","23.025","1001"
"179","135954","20220802231000","353","0","臺南市","永康區","120.225","23.025","231"
"1132","135956","20220802231000","1412","0","臺南市","永康區","120.235","23.025","1297"
"220","135957","20220802231000","309","0","臺南市","永康區","120.225","23.030","319"
"246","135958","20220802231000","132","3","臺南市","永康區","120.230","23.030","236"
"32","135959","20220802231000","1036","0","臺南市","永康區","120.255","22.995","34"
"382","135960","20220802231000","917","0","臺南市","永康區","120.255","23.000","537"
"154","135961","20220802231000","1043","0","臺南市","永康區","120.260","23.000","165"
"521","135963","20220802231000","446","1","臺南市","永康區","120.260","23.005","528"
"1588","135966","20220802231000","1450","1","臺南市","安南區","120.205","23.030","1614"
"1096","135967","20220802231000","764","2","臺南市","安南區","120.210","23.030","990"
"220","135969","20220802231000","344","0","臺南市","安南區","120.220","23.040","316"
"1120","135971","20220802231000","1906","0","臺南市","中西區","120.190","23.005","1655"
"194","135972","20220802231000","666","0","臺南市","永康區","120.250","23.005","186"
"831","135976","20220802231000","440","3","臺南市","歸仁區","120.300","22.965","792"
"387","135980","20220802231000","536","0","臺南市","南區","120.195","22.980","557"
"1500","135981","20220802231000","1187","2","臺南市","南區","120.190","22.970","1480"
"422","135982","20220802231000","1335","0","臺南市","中西區","120.190","23.000","573"
"2607","135983","20220802231000","1173","3","臺南市","中西區","120.195","23.000","2467"
"3001","135984","20220802231000","2437","2","臺南市","中西區","120.175","23.005","2945"
"372","135985","20220802231000","291","2","臺南市","中西區","120.180","23.000","372"
"348","135986","20220802231000","473","0","臺南市","安南區","120.165","23.005","491"
"99","135989","20220802231000","1092","0","臺南市","永康區","120.255","23.035","101"
"750","135990","20220802231000","1095","0","臺南市","永康區","120.260","23.030","952"
"1466","135991","20220802231000","2134","0","臺南市","永康區","120.260","23.035","1932"
"658","135992","20220802231000","348","3","臺南市","永康區","120.255","23.040","557"
"1988","135993","20220802231000","2799","0","臺南市","永康區","120.230","23.015","2528"
"410","135994","20220802231000","1177","0","臺南市","永康區","120.230","23.020","685"
"873","135995","20220802231000","500","3","臺南市","安南區","120.205","23.035","827"
"997","135997","20220802231000","930","1","臺南市","永康區","120.220","23.020","979"
"576","135998","20220802231000","712","0","臺南市","北區","120.195","23.010","830"
"1561","136000","20220802231000","2240","0","臺南市","北區","120.195","23.015","2027"
"720","136001","20220802231000","926","0","臺南市","北區","120.200","23.015","822"
"261","136002","20220802231000","454","0","臺南市","北區","120.195","23.005","432"
"1495","136005","20220802231000","1244","2","臺南市","南區","120.190","22.985","1570"
"98","136006","20220802231000","219","0","臺南市","南區","120.210","22.975","82"
"754","136008","20220802231000","510","2","臺南市","北區","120.185","23.010","746"
"994","136009","20220802231000","840","1","臺南市","北區","120.190","23.010","897"
"200","136012","20220802231000","1030","0","臺南市","永康區","120.270","23.010","196"
"835","136013","20220802231000","1404","0","臺南市","中西區","120.195","22.990","1223"
"1099","136014","20220802231000","859","2","臺南市","仁德區","120.255","22.975","1086"
"67","136018","20220802231000","93","0","臺南市","仁德區","120.255","22.980","67"
"1092","136020","20220802231000","485","3","臺南市","北區","120.200","23.010","998"
"1422","136021","20220802231000","867","3","臺南市","北區","120.200","23.020","1365"
"1506","136022","20220802231000","1217","2","臺南市","北區","120.205","23.015","1533"
"2491","136023","20220802231000","1374","3","臺南市","北區","120.210","23.015","2397"
"302","136025","20220802231000","236","2","臺南市","北區","120.205","23.020","321"
"484","136030","20220802231000","366","2","臺南市","永康區","120.275","23.030","482"
"2510","136034","20220802231000","1400","3","臺南市","永康區","120.235","23.020","2285"
"105","136035","20220802231000","347","0","臺南市","永康區","120.240","23.020","144"
"642","136036","20220802231000","763","0","臺南市","永康區","120.245","23.020","608"
"426","136037","20220802231000","2053","0","臺南市","永康區","120.250","23.020","432"
"998","136042","20220802231000","743","2","臺南市","永康區","120.250","23.025","885"
"791","136043","20220802231000","482","3","臺南市","關廟區","120.330","22.955","806"
"660","136044","20220802231000","409","3","臺南市","關廟區","120.330","22.960","639"
"73","136047","20220802231000","83","0","臺南市","關廟區","120.340","22.970","86"
"869","136049","20220802231000","748","1","臺南市","關廟區","120.335","22.960","862"
"135","136054","20220802231000","209","0","臺南市","關廟區","120.345","22.965","205"
"75","136056","20220802231000","57","2","臺南市","關廟區","120.355","22.965","77"
"2606","136059","20220802231000","1350","3","臺南市","北區","120.205","23.005","2388"
"386","136061","20220802231000","882","0","臺南市","南區","120.200","22.970","589"
"276","136062","20220802231000","516","0","臺南市","中西區","120.205","22.990","436"
"474","136063","20220802231000","887","0","臺南市","中西區","120.200","22.985","773"
"689","136064","20220802231000","1321","0","臺南市","中西區","120.200","22.990","1024"
"558","136065","20220802231000","745","0","臺南市","中西區","120.200","22.995","728"
"487","136067","20220802231000","365","2","臺南市","永康區","120.270","22.995","427"
"98","136070","20220802231000","1029","0","臺南市","永康區","120.265","23.005","96"
"1725","136071","20220802231000","1947","0","臺南市","永康區","120.255","23.030","1971"
"271","136072","20220802231000","562","0","臺南市","關廟區","120.335","22.955","282"
"669","136080","20220802231000","433","3","臺南市","關廟區","120.325","22.955","679"
"165","136081","20220802231000","354","0","臺南市","關廟區","120.315","22.960","201"
"1130","136083","20220802231000","569","3","臺南市","關廟區","120.325","22.960","1065"
"127","136085","20220802231000","112","1","臺南市","東區","120.220","22.990","169"
"3821","136087","20220802231000","2745","2","臺南市","東區","120.225","22.985","3580"
"607","136088","20220802231000","1316","0","臺南市","東區","120.230","22.990","1012"
"2655","136089","20220802231000","2088","2","臺南市","東區","120.230","22.995","2583"
"535","136090","20220802231000","963","0","臺南市","東區","120.235","22.995","819"
"1719","136091","20220802231000","1159","2","臺南市","北區","120.220","23.000","1762"
"817","136093","20220802231000","564","2","臺南市","中西區","120.180","23.005","726"
"2039","136094","20220802231000","2227","0","臺南市","中西區","120.185","23.005","2189"
"2480","136095","20220802231000","1552","3","臺南市","北區","120.225","23.005","2293"
"175","136096","20220802231000","402","0","臺南市","北區","120.225","23.000","312"
"249","136100","20220802231000","99","3","臺南市","仁德區","120.235","22.950","195"
"260","136101","20220802231000","199","2","臺南市","仁德區","120.235","22.955","270"
"994","136102","20220802231000","1264","0","臺南市","仁德區","120.230","22.955","1254"
"249","136104","20220802231000","169","2","臺南市","仁德區","120.240","22.955","227"
"2019","136105","20220802231000","1464","2","臺南市","仁德區","120.255","22.955","1988"
"237","136109","20220802231000","293","0","臺南市","仁德區","120.250","22.955","230"
"15","136111","20220802231000","11","2","臺南市","仁德區","120.265","22.955","15"
"86","136113","20220802231000","512","0","臺南市","仁德區","120.265","22.960","76"
"1164","136115","20220802231000","890","2","臺南市","北區","120.220","23.010","1162"
"319","136118","20220802231000","1278","0","臺南市","中西區","120.210","22.995","406"
"271","136119","20220802231000","1179","0","臺南市","中西區","120.210","22.990","404"
"733","136120","20220802231000","1571","0","臺南市","北區","120.205","23.000","1028"
"1248","136122","20220802231000","1191","1","臺南市","東區","120.225","22.965","1535"
"978","136123","20220802231000","1049","0","臺南市","東區","120.220","22.970","1155"
"248","136124","20220802231000","951","0","臺南市","東區","120.225","22.970","210"
"1647","136125","20220802231000","1633","1","臺南市","東區","120.225","22.990","1529"
"350","136126","20220802231000","784","0","臺南市","東區","120.235","22.990","558"
"1252","136128","20220802231000","701","3","臺南市","東區","120.245","22.990","1082"
"246","136131","20220802231000","387","0","臺南市","歸仁區","120.275","22.960","287"
"739","136132","20220802231000","436","3","臺南市","歸仁區","120.280","22.960","728"
"55","136145","20220802231000","449","0","臺南市","南區","120.205","22.980","49"
"634","136146","20220802231000","1383","0","臺南市","南區","120.210","22.980","716"
"974","136147","20220802231000","665","2","臺南市","安平區","120.165","22.990","901"
"69","136148","20220802231000","94","0","臺南市","永康區","120.245","22.995","69"
"1010","136149","20220802231000","787","2","臺南市","永康區","120.245","23.005","1099"
"1420","136151","20220802231000","1355","1","臺南市","永康區","120.245","23.010","1446"
"171","136152","20220802231000","1253","0","臺南市","永康區","120.250","23.010","170"
"21","136155","20220802231000","36","0","臺南市","關廟區","120.320","22.970","35"
"81","136163","20220802231000","51","3","臺南市","關廟區","120.310","22.980","80"
"927","136181","20220802231000","1415","0","臺南市","北區","120.200","23.000","1393"
"135","136182","20220802231000","93","2","臺南市","南區","120.195","22.985","109"
"541","136184","20220802231000","305","3","臺南市","仁德區","120.225","22.960","510"
"203","136185","20220802231000","359","0","臺南市","東區","120.230","22.960","305"
"67","136186","20220802231000","61","1","臺南市","歸仁區","120.275","22.995","56"
"290","136188","20220802231000","458","0","臺南市","歸仁區","120.275","23.000","383"
"169","136195","20220802231000","270","0","臺南市","歸仁區","120.290","22.995","252"
"88","136196","20220802231000","358","0","臺南市","歸仁區","120.295","22.995","89"
"793","136199","20220802231000","1338","0","臺南市","北區","120.210","23.005","1411"
"682","136200","20220802231000","822","0","臺南市","東區","120.215","22.995","969"
"865","136229","20220802231000","622","2","臺南市","安南區","120.195","23.030","841"
"888","136230","20220802231000","1202","0","臺南市","安南區","120.195","23.035","1070"
"722","136231","20220802231000","543","2","臺南市","南區","120.190","22.965","762"
"15","136248","20220802231000","23","0","臺南市","左鎮區","120.405","22.995","15"
"83","136271","20220802231000","66","2","臺南市","左鎮區","120.420","23.010","80"
"64","136316","20220802231000","85","0","臺南市","左鎮區","120.395","23.010","52"
"20","136343","20220802231000","37","0","臺南市","左鎮區","120.385","23.035","35"
"4320","136422","20220802231000","3851","1","臺南市","東區","120.235","22.985","4177"
"530","136423","20220802231000","706","0","臺南市","東區","120.215","22.990","747"
"283","136430","20220802231000","560","0","臺南市","歸仁區","120.285","22.980","412"
"246","136438","20220802231000","169","2","臺南市","歸仁區","120.280","22.990","222"
"365","136444","20220802231000","453","0","臺南市","歸仁區","120.295","22.975","434"
"780","136452","20220802231000","528","2","臺南市","歸仁區","120.285","22.960","742"
"1014","136453","20220802231000","425","3","臺南市","歸仁區","120.280","22.965","940"
"93","136454","20220802231000","67","2","臺南市","歸仁區","120.285","22.965","86"
"509","136455","20220802231000","607","0","臺南市","歸仁區","120.285","22.970","647"
"47","136457","20220802231000","535","0","臺南市","仁德區","120.270","22.970","51"
"586","136458","20220802231000","984","0","臺南市","歸仁區","120.275","22.970","758"
"281","136459","20220802231000","421","0","臺南市","歸仁區","120.280","22.970","414"
"592","136460","20220802231000","359","3","臺南市","南區","120.200","22.975","533"
"870","136461","20220802231000","483","3","臺南市","南區","120.195","22.960","859"
"1907","136462","20220802231000","1927","0","臺南市","南區","120.190","22.980","2191"
"173","136475","20220802231000","295","0","臺南市","安南區","120.130","23.015","268"
"124","136483","20220802231000","52","3","臺南市","安南區","120.135","23.020","123"
"486","136490","20220802231000","548","0","臺南市","安南區","120.185","23.025","681"
"851","136495","20220802231000","580","2","臺南市","東區","120.235","22.980","748"
"350","136496","20220802231000","332","1","臺南市","永康區","120.255","23.010","358"
"1357","136497","20220802231000","1361","0","臺南市","永康區","120.255","23.015","1290"
"608","136498","20220802231000","726","0","臺南市","永康區","120.260","23.015","628"
"50","136501","20220802231000","354","0","臺南市","永康區","120.280","23.010","46"
"183","136503","20220802231000","713","0","臺南市","永康區","120.270","23.015","172"
"1382","136507","20220802231000","948","2","臺南市","永康區","120.275","23.020","1379"
"158","136508","20220802231000","776","0","臺南市","永康區","120.280","23.020","150"
"149","136509","20220802231000","1667","0","臺南市","安平區","120.175","22.995","136"
"448","136512","20220802231000","261","3","臺南市","安南區","120.160","23.005","442"
"1299","136513","20220802231000","717","3","臺南市","安平區","120.190","22.990","1215"
"282","136515","20220802231000","506","0","臺南市","永康區","120.220","23.030","259"
"391","136516","20220802231000","616","0","臺南市","東區","120.245","22.980","515"
"540","136517","20220802231000","814","0","臺南市","仁德區","120.250","22.980","654"
"3991","136518","20220802231000","2244","3","臺南市","東區","120.215","22.980","3646"
"2104","136520","20220802231000","2436","0","臺南市","東區","120.245","22.985","2335"
"803","136521","20220802231000","909","0","臺南市","仁德區","120.250","22.985","1076"
"355","136523","20220802231000","698","0","臺南市","安平區","120.160","22.990","579"
"316","136525","20220802231000","459","0","臺南市","安平區","120.160","22.995","409"
"546","136532","20220802231000","887","0","臺南市","安平區","120.165","22.985","770"
"1241","136533","20220802231000","673","3","臺南市","安平區","120.170","22.985","1177"
"814","136534","20220802231000","858","0","臺南市","安平區","120.175","22.985","762"
"1819","136535","20220802231000","1088","3","臺南市","安平區","120.170","22.990","1840"
"1183","136536","20220802231000","943","2","臺南市","安平區","120.175","22.990","1114"
"132","136539","20220802231000","230","0","臺南市","安平區","120.150","22.995","192"
"194","136541","20220802231000","234","0","臺南市","安平區","120.145","23.000","288"
"165","136542","20220802231000","146","1","臺南市","安平區","120.150","23.000","209"
"219","136543","20220802231000","284","0","臺南市","安平區","120.155","23.000","302"
"152","136544","20220802231000","211","0","臺南市","安平區","120.160","23.000","217"
"615","136545","20220802231000","1634","0","臺南市","東區","120.240","22.980","887"
"841","136546","20220802231000","556","3","臺南市","東區","120.225","22.995","810"
"1594","136547","20220802231000","1682","0","臺南市","東區","120.235","22.965","1642"
"677","136548","20220802231000","841","0","臺南市","東區","120.220","22.975","873"
"431","136549","20220802231000","660","0","臺南市","歸仁區","120.300","22.960","531"
"186","136550","20220802231000","106","3","臺南市","歸仁區","120.305","22.960","162"
"691","136553","20220802231000","519","2","臺南市","歸仁區","120.285","23.005","638"
"217","136560","20220802231000","1774","0","臺南市","南區","120.195","22.975","222"
"384","136561","20220802231000","2196","0","臺南市","永康區","120.240","23.015","414"
"1106","136562","20220802231000","880","2","臺南市","永康區","120.245","23.015","1058"
"736","136563","20220802231000","1023","0","臺南市","永康區","120.250","23.015","805"
"2468","136564","20220802231000","1170","3","臺南市","永康區","120.230","23.005","2248"
"1118","136565","20220802231000","2778","0","臺南市","永康區","120.235","23.000","1629"
"1284","136566","20220802231000","1708","0","臺南市","北區","120.230","23.000","1251"
"621","136567","20220802231000","1231","0","臺南市","永康區","120.270","23.005","776"
"1512","136568","20220802231000","1365","1","臺南市","永康區","120.265","23.010","1531"
"236","136570","20220802231000","1450","0","臺南市","永康區","120.265","23.020","242"
"48","136572","20220802231000","559","0","臺南市","永康區","120.260","22.995","41"
"821","136573","20220802231000","811","1","臺南市","永康區","120.265","23.000","804"
"654","136574","20220802231000","489","2","臺南市","安南區","120.200","23.025","626"
"1359","136575","20220802231000","810","3","臺南市","安南區","120.205","23.025","1333"
"1289","136576","20220802231000","862","2","臺南市","安南區","120.210","23.025","1321"
"2413","136577","20220802231000","2285","1","臺南市","北區","120.225","23.010","2583"
"1665","136578","20220802231000","1476","1","臺南市","北區","120.215","23.010","1639"
"1470","136579","20220802231000","958","3","臺南市","北區","120.215","23.015","1401"
"228","136580","20220802231000","373","0","臺南市","南化區","120.495","23.030","244"
"88","136584","20220802231000","24","3","臺南市","南化區","120.500","23.035","75"
"43","136586","20220802231000","40","1","臺南市","南化區","120.465","23.040","41"
"35","136602","20220802231000","24","2","臺南市","南化區","120.465","23.010","33"
"553","136671","20220802231000","1108","0","臺南市","中西區","120.170","23.000","906"
"1921","136672","20220802231000","1979","0","臺南市","中西區","120.175","23.000","2093"
"282","136674","20220802231000","707","0","臺南市","中西區","120.185","23.000","380"
"967","136675","20220802231000","1832","0","臺南市","安平區","120.165","22.995","1402"
"674","136676","20220802231000","537","2","臺南市","安平區","120.170","22.995","684"
"2026","136677","20220802231000","1559","2","臺南市","安平區","120.185","22.990","2012"
"370","136678","20220802231000","311","1","臺南市","安平區","120.180","22.995","353"
"758","136679","20220802231000","1273","0","臺南市","安平區","120.185","22.995","906"
"1201","136680","20220802231000","900","2","臺南市","安平區","120.180","22.985","1164"
"2320","136681","20220802231000","1458","3","臺南市","安平區","120.180","22.990","2237"
"42","136684","20220802231000","532","0","臺南市","安南區","120.190","23.040","57"
"121","136690","20220802231000","218","0","臺南市","南區","120.215","22.955","179"
"646","136695","20220802231000","445","2","臺南市","南區","120.210","22.965","608"
"1355","136696","20220802231000","940","2","臺南市","南區","120.215","22.965","1194"
"2377","136697","20220802231000","1819","2","臺南市","南區","120.185","22.965","2397"
"337","136701","20220802231000","462","0","臺南市","南區","120.170","22.955","510"
"62","136709","20220802231000","109","0","臺南市","南區","120.165","22.965","177"
"738","136712","20220802231000","509","2","臺南市","仁德區","120.220","22.955","616"
"519","136717","20220802231000","366","2","臺南市","仁德區","120.255","22.965","510"
"275","136718","20220802231000","311","0","臺南市","仁德區","120.260","22.965","247"
"47","136720","20220802231000","283","0","臺南市","仁德區","120.270","22.965","48"
"391","136721","20220802231000","1441","0","臺南市","仁德區","120.255","22.970","375"
"734","136722","20220802231000","480","3","臺南市","仁德區","120.260","22.970","731"
"948","136727","20220802231000","1678","0","臺南市","北區","120.220","23.005","1497"
"1058","136728","20220802231000","1708","0","臺南市","北區","120.200","23.005","1538"
"575","136732","20220802231000","430","2","臺南市","仁德區","120.260","22.985","610"
"1219","136738","20220802231000","856","2","臺南市","仁德區","120.260","22.990","1269"
"34","136741","20220802231000","77","0","臺南市","仁德區","120.265","22.995","35"
"701","136752","20220802231000","244","3","臺南市","安南區","120.185","23.035","632"
"966","136755","20220802231000","629","3","臺南市","安南區","120.185","23.040","886"
"3277","136756","20220802231000","2525","2","臺南市","中西區","120.205","22.995","3474"
"14","136758","20220802231000","452","0","臺南市","永康區","120.250","23.000","298"
"290","136763","20220802231000","489","0","臺南市","安南區","120.200","23.040","397"
"1314","136764","20220802231000","2978","0","臺南市","安南區","120.190","23.025","1370"
"54","136765","20220802231000","119","0","臺南市","安南區","120.140","23.000","104"
"20","136783","20220802231000","11","3","臺南市","安南區","120.185","23.015","11"
"996","136786","20220802231000","2157","0","臺南市","北區","120.210","23.000","1955"
"640","136787","20220802231000","648","0","臺南市","中西區","120.195","22.995","895"
"1297","136788","20220802231000","846","3","臺南市","中西區","120.205","22.985","1143"
"449","136789","20220802231000","1104","0","臺南市","東區","120.225","22.980","671"
"4204","136790","20220802231000","3476","2","臺南市","東區","120.220","22.985","4649"
"562","136791","20220802231000","647","0","臺南市","永康區","120.225","23.015","570"
"639","136792","20220802231000","1259","0","臺南市","永康區","120.240","23.005","948"
"332","136793","20220802231000","1093","0","臺南市","永康區","120.240","23.000","334"
"608","136794","20220802231000","1968","0","臺南市","永康區","120.235","23.010","846"
"498","136795","20220802231000","670","0","臺南市","永康區","120.245","23.000","699"
"1221","136799","20220802231000","1959","0","臺南市","新化區","120.300","23.035","1637"
"773","136800","20220802231000","1437","0","臺南市","東區","120.215","22.975","967"
"496","136801","20220802231000","833","0","臺南市","東區","120.230","22.985","812"
"2530","136802","20220802231000","2035","2","臺南市","東區","120.230","22.975","2582"
"284","136803","20220802231000","341","0","臺南市","東區","120.225","22.975","250"
"330","136804","20220802231000","419","0","臺南市","東區","120.230","22.970","469"
"662","136805","20220802231000","1314","0","臺南市","東區","120.230","22.965","1013"
"632","136806","20220802231000","479","2","臺南市","南區","120.185","22.975","569"
"552","136808","20220802231000","986","0","臺南市","南區","120.210","22.970","717"
"305","136809","20220802231000","633","0","臺南市","東區","120.215","22.970","491"
"36","136812","20220802231000","322","0","臺南市","仁德區","120.245","22.955","30"
"143","136813","20220802231000","184","0","臺南市","仁德區","120.240","22.960","192"
"223","136814","20220802231000","127","3","臺南市","仁德區","120.245","22.960","214"
"362","136816","20220802231000","775","0","臺南市","仁德區","120.255","22.960","334"
"245","136817","20220802231000","473","0","臺南市","仁德區","120.240","22.965","373"
"62","136820","20220802231000","74","0","臺南市","仁德區","120.240","22.970","63"
"1027","136821","20220802231000","553","3","臺南市","仁德區","120.245","22.970","953"
"289","136822","20220802231000","769","0","臺南市","仁德區","120.250","22.970","468"
"1244","136823","20220802231000","639","3","臺南市","仁德區","120.240","22.975","1201"
"562","136824","20220802231000","1071","0","臺南市","仁德區","120.245","22.975","793"
"247","136825","20220802231000","515","0","臺南市","仁德區","120.250","22.975","394"
"995","136826","20220802231000","1714","0","臺南市","北區","120.215","23.005","1417"
"54","136851","20220802231000","244","0","高雄市","內門區","120.445","22.975","59"
"16","136927","20220802231000","19","0","臺東縣","池上鄉","121.195","23.040","17"
"123","136939","20220802231000","36","3","高雄市","內門區","120.435","22.955","95"
"111","136953","20220802231000","92","2","高雄市","內門區","120.465","23.000","122"
"93","136958","20220802231000","231","0","高雄市","內門區","120.470","22.960","136"
"52","136970","20220802231000","69","0","高雄市","內門區","120.465","22.975","66"
"64","136996","20220802231000","53","2","高雄市","內門區","120.495","22.955","53"
"57","137008","20220802231000","134","0","高雄市","內門區","120.490","22.970","81"
"58","137020","20220802231000","64","0","高雄市","內門區","120.510","22.980","76"
"189","137023","20220802231000","296","0","高雄市","內門區","120.500","22.985","230"
"59","137048","20220802231000","88","0","高雄市","六龜區","120.660","23.005","49"
"64","137056","20220802231000","121","0","高雄市","六龜區","120.665","23.010","67"
"25","137071","20220802231000","28","0","臺南市","龍崎區","120.350","22.955","34"
"25","137124","20220802231000","20","2","臺南市","龍崎區","120.385","23.005","28"
"88","137130","20220802231000","63","2","臺南市","關廟區","120.370","22.960","67"
"552","137196","20220802231000","932","0","臺南市","安南區","120.190","23.020","515"
"45","137197","20220802231000","58","0","臺南市","南區","120.195","22.965","43"
"201","137201","20220802231000","300","0","臺南市","歸仁區","120.295","22.960","164"
"654","137202","20220802231000","665","0","臺南市","永康區","120.255","23.005","656"
"175","137251","20220802231000","264","0","高雄市","內門區","120.485","23.015","210"
"35","137259","20220802231000","31","1","高雄市","內門區","120.480","22.965","36"
"106","137275","20220802231000","118","0","高雄市","內門區","120.510","23.015","108"
"69","137311","20220802231000","72","0","高雄市","六龜區","120.650","22.975","103"
"444","137325","20220802231000","821","0","高雄市","六龜區","120.660","22.985","595"
"263","137409","20220802231000","131","3","高雄市","六龜區","120.640","22.990","229"
"123","137466","20220802231000","199","0","高雄市","六龜區","120.660","23.035","170"
"718","137491","20220802231000","822","0","高雄市","六龜區","120.635","22.995","811"
"131","137494","20220802231000","170","0","臺南市","安平區","120.165","23.000","172"
"124","137502","20220802231000","215","0","臺南市","安平區","120.150","22.990","301"
"784","137506","20220802231000","614","2","臺南市","永康區","120.260","23.020","849"
"246","137507","20220802231000","520","0","臺南市","永康區","120.250","23.030","377"
"193","137585","20220802231000","100","3","臺東縣","鹿野鄉","121.140","22.975","200"
"76","137592","20220802231000","120","0","臺東縣","鹿野鄉","121.140","22.985","131"
"114","137600","20220802231000","78","2","臺東縣","鹿野鄉","121.155","22.950","111"
"240","137609","20220802231000","377","0","臺東縣","鹿野鄉","121.155","22.955","322"
"221","137617","20220802231000","531","0","高雄市","旗山區","120.510","22.955","408"
"32","137618","20220802231000","110","0","高雄市","旗山區","120.515","22.955","49"
"235","137627","20220802231000","293","0","高雄市","旗山區","120.515","22.970","205"
"1193","137638","20220802231000","2333","0","臺南市","歸仁區","120.290","22.965","1316"
"29","137642","20220802231000","162","0","臺南市","永康區","120.275","23.035","32"
"47","137643","20220802231000","242","0","臺南市","永康區","120.280","23.035","42"
"13","137645","20220802231000","28","0","臺南市","永康區","120.275","23.040","20"
"765","137648","20220802231000","514","2","臺南市","新化區","120.305","23.030","743"
"975","137649","20220802231000","753","2","臺南市","永康區","120.240","23.010","945"
"836","137650","20220802231000","637","2","臺南市","永康區","120.215","23.020","819"
"674","137651","20220802231000","415","3","臺南市","北區","120.220","23.015","682"
"17","138036","20220802231000","70","0","臺東縣","成功鎮","121.315","22.990","25"
"111","138047","20220802231000","56","3","臺東縣","成功鎮","121.320","23.005","125"
"55","138061","20220802231000","40","2","臺東縣","成功鎮","121.325","23.020","65"
"154","138079","20220802231000","226","0","臺東縣","成功鎮","121.335","23.030","229"
"249","138095","20220802231000","147","3","臺東縣","關山鎮","121.170","23.040","439"
"90","138110","20220802231000","59","3","臺東縣","關山鎮","121.145","23.005","104"
"100","138197","20220802231000","137","0","臺東縣","關山鎮","121.175","23.015","116"
"33","138230","20220802231000","73","0","臺東縣","關山鎮","121.185","23.025","57"
"60","138241","20220802231000","30","3","臺東縣","鹿野鄉","121.130","22.955","59"
"138","138251","20220802231000","203","0","臺東縣","鹿野鄉","121.120","22.970","183"
"196","138278","20220802231000","143","2","臺東縣","鹿野鄉","121.150","22.980","211"
"673","138324","20220802231000","890","0","臺南市","新化區","120.300","23.020","876"
"318","138325","20220802231000","176","3","臺南市","新化區","120.305","23.020","329"
"196","138337","20220802231000","328","0","臺南市","安南區","120.125","23.035","299"
"261","138363","20220802231000","142","3","臺南市","安南區","120.140","23.030","210"
"216","138367","20220802231000","259","0","臺南市","安南區","120.160","23.030","363"
"101","138369","20220802231000","203","0","臺南市","安南區","120.135","23.035","180"
"56","138375","20220802231000","89","0","臺南市","安南區","120.140","23.040","107"
"285","138376","20220802231000","565","0","臺南市","安南區","120.145","23.040","412"
"155","138377","20220802231000","253","0","臺南市","安南區","120.150","23.040","239"
"125","138378","20220802231000","178","0","臺南市","安南區","120.155","23.040","206"
"31","138379","20220802231000","20","3","臺南市","安南區","120.160","23.040","34"
"24","138760","20220802231000","22","1","高雄市","桃源區","120.715","23.035","35"
"2836","138833","20220802231000","2148","2","臺南市","永康區","120.260","23.025","2715"
"38","138836","20220802231000","374","0","臺南市","永康區","120.265","23.030","32"
"1112","138838","20220802231000","746","2","臺南市","永康區","120.265","23.035","1026"
"273","138839","20220802231000","462","0","臺南市","永康區","120.265","23.040","288"
"15","138842","20220802231000","20","0","臺南市","永康區","120.280","23.040","25"
"91","138843","20220802231000","706","0","臺南市","新化區","120.300","23.040","93"
"20","138851","20220802231000","12","3","臺南市","新化區","120.375","23.010","17"
"323","138868","20220802231000","1167","0","臺南市","新化區","120.305","23.040","348"
"110","138909","20220802231000","171","0","臺南市","新化區","120.325","23.025","136"
"73","138910","20220802231000","27","3","臺南市","新化區","120.330","23.025","82"
"14","138911","20220802231000","74","0","臺南市","新化區","120.335","23.025","13"
"490","138917","20220802231000","1766","0","臺南市","新化區","120.310","23.035","553"
"952","138922","20220802231000","1337","0","臺南市","東區","120.220","22.980","1409"
"1597","138923","20220802231000","1406","1","臺南市","東區","120.235","22.970","2010"
"474","138926","20220802231000","857","0","臺南市","永康區","120.230","23.035","693"
"1805","138928","20220802231000","1279","2","臺南市","永康區","120.235","23.040","1667"
"703","138932","20220802231000","1158","0","臺南市","永康區","120.240","23.035","886"
"83","138933","20220802231000","233","0","臺南市","永康區","120.245","23.035","110"
"411","138935","20220802231000","781","0","臺南市","永康區","120.240","23.040","558"
"3613","138936","20220802231000","2077","3","臺南市","永康區","120.245","23.040","3649"
"45","138937","20220802231000","149","0","臺南市","永康區","120.250","23.040","97"
"47","138942","20220802231000","253","0","臺東縣","東河鄉","121.285","23.000","41"
"114","138962","20220802231000","92","2","臺東縣","東河鄉","121.280","23.020","112"
"20","138979","20220802231000","77","0","臺東縣","東河鄉","121.285","23.030","21"
"25","139027","20220802231000","73","0","臺東縣","東河鄉","121.240","22.965","12"
"74","139060","20220802231000","284","0","臺東縣","東河鄉","121.300","22.970","86"
"20","139073","20220802231000","13","3","臺東縣","東河鄉","121.300","22.985","24"
"41","139131","20220802231000","27","3","臺東縣","東河鄉","121.260","22.980","51"
"27","139146","20220802231000","24","1","臺東縣","東河鄉","121.265","22.985","40"
"228","139164","20220802231000","120","3","臺東縣","東河鄉","121.280","22.990","235"
"157","139299","20220802231000","105","2","臺南市","新化區","120.330","23.015","260"
"81","139305","20220802231000","538","0","臺南市","新化區","120.310","23.020","81"
"22","139307","20220802231000","210","0","臺南市","新化區","120.330","23.020","23"
"33","139318","20220802231000","60","0","臺南市","新化區","120.355","23.020","37"
"45","139335","20220802231000","98","0","臺南市","新化區","120.335","23.035","43"
"10","139339","20220802231000","21","0","臺南市","新化區","120.355","23.035","10"
"1621","139358","20220802231000","1240","2","臺南市","東區","120.220","22.995","1544"
"86","139360","20220802231000","186","0","臺南市","東區","120.215","23.000","95"
"761","139362","20220802231000","786","0","臺南市","東區","120.235","22.960","1017"
"228","139635","20220802231000","314","0","高雄市","杉林區","120.540","22.970","294"
"166","139644","20220802231000","154","1","高雄市","杉林區","120.550","22.975","157"
"135","139672","20220802231000","112","2","高雄市","杉林區","120.565","22.985","132"
"17","139688","20220802231000","12","2","高雄市","杉林區","120.575","23.000","14"
"341","139718","20220802231000","498","0","高雄市","杉林區","120.540","22.965","466"
"29","139735","20220802231000","53","0","高雄市","杉林區","120.550","23.020","45"
"12","139762","20220802231000","15","0","高雄市","杉林區","120.535","23.035","12"
"52","139796","20220802231000","101","0","高雄市","杉林區","120.550","23.000","56"
"141","139852","20220802231000","180","0","高雄市","杉林區","120.585","22.995","159"
"75","139897","20220802231000","173","0","高雄市","杉林區","120.565","23.015","122"
"70","139960","20220802231000","60","1","高雄市","杉林區","120.550","23.040","69"
"100","144971","20220802231000","152","0","臺南市","新市區","120.330","23.105","163"
"321","144982","20220802231000","1110","0","臺南市","善化區","120.295","23.125","307"
"576","144986","20220802231000","357","3","臺南市","善化區","120.310","23.110","504"
"3208","144989","20220802231000","3316","0","臺南市","善化區","120.305","23.115","3487"
"326","144992","20220802231000","491","0","臺南市","善化區","120.320","23.115","444"
"861","144998","20220802231000","393","3","臺南市","善化區","120.310","23.125","776"
"1609","144999","20220802231000","1716","0","臺南市","善化區","120.315","23.125","2099"
"5096","145002","20220802231000","2180","3","臺南市","新市區","120.300","23.105","4863"
"3387","145007","20220802231000","2299","2","臺南市","善化區","120.295","23.115","3888"
"446","145022","20220802231000","361","2","臺南市","安定區","120.235","23.110","546"
"250","145025","20220802231000","314","0","臺南市","安定區","120.235","23.115","274"
"312","145026","20220802231000","449","0","臺南市","安定區","120.240","23.115","442"
"171","145031","20220802231000","166","1","臺南市","安定區","120.255","23.115","340"
"132","145032","20220802231000","243","0","臺南市","安定區","120.235","23.120","150"
"610","145050","20220802231000","783","0","臺南市","七股區","120.160","23.115","774"
"69","145054","20220802231000","58","1","臺南市","安南區","120.135","23.045","66"
"110","145055","20220802231000","127","0","臺南市","安南區","120.155","23.045","121"
"543","145067","20220802231000","2003","0","臺南市","安南區","120.195","23.045","504"
"143","145080","20220802231000","115","2","臺東縣","池上鄉","121.220","23.090","127"
"64","145114","20220802231000","44","2","臺東縣","池上鄉","121.225","23.105","67"
"29","145631","20220802231000","58","0","臺東縣","海端鄉","121.145","23.045","44"
"173","145817","20220802231000","392","0","臺東縣","海端鄉","121.175","23.095","256"
"305","146199","20220802231000","593","0","臺南市","西港區","120.205","23.115","472"
"1051","146201","20220802231000","1182","0","臺南市","西港區","120.200","23.120","1352"
"293","146215","20220802231000","630","0","臺南市","西港區","120.180","23.115","297"
"41","146227","20220802231000","662","0","臺南市","安南區","120.215","23.045","48"
"1678","146231","20220802231000","756","3","臺南市","安南區","120.215","23.050","1518"
"1034","146234","20220802231000","1431","0","臺南市","安南區","120.220","23.045","1366"
"194","146235","20220802231000","382","0","臺南市","安南區","120.225","23.045","212"
"212","146238","20220802231000","538","0","臺南市","安南區","120.235","23.050","186"
"25","146239","20220802231000","88","0","臺南市","永康區","120.240","23.050","64"
"161","146241","20220802231000","83","3","臺南市","安南區","120.235","23.055","156"
"1499","146244","20220802231000","1001","2","臺南市","安南區","120.230","23.060","1391"
"43","146245","20220802231000","45","0","臺南市","安南區","120.235","23.060","73"
"396","146251","20220802231000","545","0","臺南市","西港區","120.210","23.115","507"
"22","146265","20220802231000","79","0","臺南市","大內區","120.390","23.110","39"
"16","146269","20220802231000","12","2","臺南市","大內區","120.390","23.115","10"
"124","146341","20220802231000","238","0","臺南市","安南區","120.110","23.080","303"
"436","146347","20220802231000","818","0","臺南市","安南區","120.205","23.045","500"
"275","146348","20220802231000","512","0","臺南市","安南區","120.210","23.045","372"
"66","146361","20220802231000","92","0","臺南市","大內區","120.395","23.120","89"
"83","146366","20220802231000","57","2","臺南市","大內區","120.420","23.120","89"
"359","146385","20220802231000","378","0","臺南市","安南區","120.220","23.055","509"
"607","146387","20220802231000","1018","0","臺南市","安南區","120.215","23.060","845"
"214","146388","20220802231000","354","0","臺南市","安南區","120.220","23.060","295"
"1051","146390","20220802231000","1719","0","臺南市","安南區","120.225","23.065","1266"
"40","146400","20220802231000","67","0","臺南市","七股區","120.160","23.100","56"
"12","146423","20220802231000","30","0","臺南市","七股區","120.100","23.120","17"
"1851","146430","20220802231000","2254","0","臺南市","新市區","120.290","23.070","2323"
"2785","146432","20220802231000","1340","3","臺南市","新市區","120.290","23.080","2513"
"3198","146433","20220802231000","2925","1","臺南市","新市區","120.295","23.080","3242"
"78","146437","20220802231000","552","0","臺南市","新市區","120.290","23.055","67"
"901","146444","20220802231000","591","3","臺南市","新市區","120.300","23.060","903"
"695","146450","20220802231000","307","3","臺南市","新市區","120.295","23.065","690"
"77","146459","20220802231000","149","0","臺南市","新市區","120.305","23.070","123"
"1369","146460","20220802231000","1058","2","臺南市","新市區","120.295","23.075","1564"
"538","146461","20220802231000","321","3","臺南市","新市區","120.300","23.075","521"
"337","146468","20220802231000","502","0","臺南市","新市區","120.300","23.085","418"
"363","146478","20220802231000","238","3","臺南市","新市區","120.325","23.070","305"
"55","146482","20220802231000","40","2","臺南市","新市區","120.320","23.075","52"
"359","146495","20220802231000","448","0","臺南市","新市區","120.280","23.060","472"
"332","146505","20220802231000","181","3","臺南市","新市區","120.280","23.075","313"
"2037","146506","20220802231000","2832","0","臺南市","新市區","120.285","23.075","2730"
"45","146509","20220802231000","82","0","臺南市","新市區","120.285","23.080","71"
"587","146513","20220802231000","485","2","臺南市","新市區","120.280","23.090","695"
"187","146522","20220802231000","243","0","臺南市","新市區","120.255","23.090","183"
"212","146525","20220802231000","219","0","臺南市","新市區","120.270","23.090","235"
"482","146526","20220802231000","591","0","臺南市","新市區","120.275","23.090","573"
"128","146529","20220802231000","183","0","臺南市","新市區","120.255","23.095","207"
"44","146532","20220802231000","44","1","臺南市","新市區","120.270","23.095","39"
"1134","146533","20220802231000","993","1","臺南市","新市區","120.275","23.095","1120"
"435","146535","20220802231000","332","2","臺南市","新市區","120.250","23.100","532"
"48","146536","20220802231000","96","0","臺南市","新市區","120.260","23.100","43"
"255","146537","20220802231000","233","1","臺南市","新市區","120.260","23.095","282"
"494","146541","20220802231000","518","0","臺南市","新市區","120.280","23.095","495"
"14","146542","20220802231000","125","0","臺南市","新市區","120.285","23.100","11"
"1040","146545","20220802231000","565","3","臺南市","新市區","120.255","23.100","867"
"18","146546","20220802231000","28","0","臺南市","善化區","120.260","23.105","21"
"12","146547","20220802231000","12","1","臺南市","新市區","120.265","23.100","13"
"200","146549","20220802231000","212","0","臺南市","新市區","120.275","23.100","266"
"155","146550","20220802231000","265","0","臺南市","新市區","120.280","23.100","205"
"578","146552","20220802231000","524","1","臺南市","新市區","120.265","23.105","572"
"660","146554","20220802231000","849","0","臺南市","新市區","120.275","23.105","825"
"98","146562","20220802231000","277","0","臺南市","七股區","120.145","23.105","171"
"512","146587","20220802231000","460","1","臺南市","安定區","120.225","23.080","660"
"643","146590","20220802231000","366","3","臺南市","安定區","120.230","23.100","595"
"571","146602","20220802231000","667","0","臺南市","西港區","120.210","23.125","730"
"208","146614","20220802231000","187","1","臺南市","安南區","120.155","23.055","311"
"181","146615","20220802231000","102","3","臺南市","安南區","120.165","23.060","158"
"277","146616","20220802231000","609","0","臺南市","安南區","120.175","23.060","447"
"956","146621","20220802231000","1069","0","臺南市","安南區","120.175","23.070","1125"
"15","146652","20220802231000","130","0","臺南市","七股區","120.150","23.120","15"
"172","146661","20220802231000","373","0","臺南市","安南區","120.130","23.070","395"
"28","146695","20220802231000","281","0","臺南市","安南區","120.095","23.060","41"
"55","146704","20220802231000","72","0","臺南市","山上區","120.355","23.085","77"
"104","146707","20220802231000","72","2","臺南市","山上區","120.345","23.090","90"
"268","146712","20220802231000","294","0","臺南市","山上區","120.355","23.095","209"
"111","146713","20220802231000","132","0","臺南市","山上區","120.360","23.095","145"
"82","146727","20220802231000","181","0","臺南市","山上區","120.340","23.110","103"
"32","146773","20220802231000","63","0","臺南市","山上區","120.405","23.105","45"
"66","146783","20220802231000","48","2","臺南市","山上區","120.365","23.075","60"
"26","146806","20220802231000","15","3","臺南市","左鎮區","120.380","23.050","20"
"225","146822","20220802231000","112","3","臺南市","左鎮區","120.365","23.065","206"
"49","146848","20220802231000","105","0","臺南市","左鎮區","120.400","23.055","74"
"135","146850","20220802231000","188","0","臺南市","左鎮區","120.410","23.055","181"
"111","146853","20220802231000","157","0","臺南市","左鎮區","120.390","23.060","159"
"87","146890","20220802231000","294","0","臺南市","安南區","120.160","23.065","148"
"590","146891","20220802231000","355","3","臺南市","安南區","120.160","23.070","550"
"266","146892","20220802231000","500","0","臺南市","安南區","120.165","23.070","360"
"117","146896","20220802231000","172","0","臺南市","安南區","120.200","23.075","163"
"123","146931","20220802231000","975","0","臺南市","安南區","120.130","23.060","116"
"117","146932","20220802231000","542","0","臺南市","安南區","120.135","23.060","105"
"43","146947","20220802231000","207","0","臺南市","安南區","120.115","23.055","49"
"362","146954","20220802231000","680","0","臺南市","安南區","120.125","23.060","636"
"187","146957","20220802231000","445","0","臺南市","安南區","120.125","23.065","478"
"741","146965","20220802231000","797","0","臺南市","山上區","120.355","23.105","912"
"162","146969","20220802231000","97","3","臺南市","山上區","120.370","23.080","164"
"49","146971","20220802231000","113","0","臺南市","山上區","120.380","23.080","83"
"48","146979","20220802231000","303","0","臺南市","安定區","120.235","23.100","44"
"1023","146988","20220802231000","1350","0","臺南市","永康區","120.255","23.045","1409"
"30","146992","20220802231000","40","0","臺南市","永康區","120.260","23.050","51"
"73","147017","20220802231000","131","0","臺南市","安南區","120.145","23.075","130"
"302","147019","20220802231000","483","0","臺南市","安南區","120.135","23.080","447"
"115","147031","20220802231000","174","0","臺南市","安定區","120.220","23.105","168"
"99","147043","20220802231000","106","0","臺南市","安定區","120.260","23.110","99"
"72","147044","20220802231000","104","0","臺南市","安定區","120.260","23.115","45"
"421","147045","20220802231000","466","0","臺南市","安定區","120.255","23.120","519"
"3791","147046","20220802231000","2702","2","臺南市","安定區","120.260","23.120","3126"
"19","147047","20220802231000","40","0","臺南市","安定區","120.265","23.120","21"
"84","147048","20220802231000","211","0","臺南市","安定區","120.250","23.125","89"
"677","147051","20220802231000","829","0","臺南市","安定區","120.240","23.095","670"
"380","147056","20220802231000","550","0","臺南市","安定區","120.235","23.085","405"
"535","147068","20220802231000","1298","0","臺南市","安定區","120.235","23.095","545"
"158","147073","20220802231000","163","0","臺南市","安南區","120.180","23.045","190"
"1095","147074","20220802231000","1865","0","臺南市","安南區","120.185","23.045","1520"
"451","147075","20220802231000","742","0","臺南市","安南區","120.180","23.050","590"
"999","147079","20220802231000","444","3","臺南市","安南區","120.190","23.055","892"
"105","147083","20220802231000","210","0","臺南市","南化區","120.450","23.050","103"
"180","147121","20220802231000","262","0","臺南市","南化區","120.485","23.080","269"
"104","147153","20220802231000","199","0","臺南市","南化區","120.475","23.065","197"
"188","147170","20220802231000","250","0","臺南市","南化區","120.475","23.045","252"
"72","147181","20220802231000","69","1","臺南市","南化區","120.515","23.045","73"
"48","147248","20220802231000","72","0","臺南市","南化區","120.515","23.075","58"
"18","147252","20220802231000","17","1","臺南市","南化區","120.535","23.075","13"
"104","147257","20220802231000","68","3","臺南市","南化區","120.510","23.080","103"
"35","147271","20220802231000","30","1","臺南市","南化區","120.525","23.085","31"
"588","147381","20220802231000","364","3","臺南市","安南區","120.165","23.050","528"
"263","147382","20220802231000","564","0","臺南市","安南區","120.170","23.050","235"
"104","147391","20220802231000","43","3","臺東縣","池上鄉","121.205","23.100","96"
"148","147393","20220802231000","138","1","臺東縣","池上鄉","121.200","23.105","300"
"22","147394","20220802231000","13","3","臺東縣","池上鄉","121.205","23.105","15"
"78","147398","20220802231000","103","0","臺東縣","池上鄉","121.200","23.110","118"
"151","147404","20220802231000","68","3","臺東縣","池上鄉","121.200","23.115","117"
"245","147422","20220802231000","459","0","臺東縣","池上鄉","121.220","23.115","344"
"146","147425","20220802231000","71","3","臺東縣","池上鄉","121.210","23.120","144"
"224","147426","20220802231000","448","0","臺東縣","池上鄉","121.215","23.120","346"
"289","147427","20220802231000","929","0","臺東縣","池上鄉","121.220","23.120","333"
"96","147429","20220802231000","498","0","臺南市","安南區","120.120","23.075","75"
"223","147438","20220802231000","922","0","臺南市","安南區","120.205","23.050","216"
"476","147448","20220802231000","904","0","臺南市","安南區","120.195","23.070","664"
"658","147449","20220802231000","388","3","臺南市","安定區","120.200","23.070","606"
"747","147457","20220802231000","547","2","臺南市","新市區","120.280","23.105","772"
"1610","147458","20220802231000","1277","2","臺南市","善化區","120.265","23.110","1529"
"881","147459","20220802231000","990","0","臺南市","善化區","120.270","23.110","855"
"972","147460","20220802231000","656","2","臺南市","善化區","120.275","23.110","918"
"26","147461","20220802231000","14","3","臺南市","善化區","120.280","23.110","33"
"1234","147464","20220802231000","1008","2","臺南市","善化區","120.270","23.115","1296"
"1462","147465","20220802231000","1017","2","臺南市","善化區","120.275","23.115","1412"
"16","147466","20220802231000","13","2","臺南市","善化區","120.280","23.115","15"
"99","147467","20220802231000","77","2","臺南市","善化區","120.285","23.115","70"
"405","147468","20220802231000","233","3","臺南市","善化區","120.270","23.120","372"
"23","147469","20220802231000","50","0","臺南市","善化區","120.275","23.120","27"
"1042","147475","20220802231000","1045","0","臺南市","安南區","120.190","23.045","1472"
"364","147479","20220802231000","168","3","臺南市","安定區","120.215","23.075","310"
"352","147503","20220802231000","563","0","臺南市","大內區","120.370","23.115","534"
"267","147511","20220802231000","196","2","臺南市","安定區","120.205","23.080","256"
"711","147522","20220802231000","552","2","臺南市","安定區","120.210","23.090","755"
"296","147528","20220802231000","457","0","臺南市","安定區","120.215","23.095","450"
"796","147531","20220802231000","503","3","臺南市","安定區","120.210","23.095","723"
"467","147539","20220802231000","571","0","臺南市","新市區","120.290","23.085","725"
"1188","147540","20220802231000","611","3","臺南市","新市區","120.285","23.090","986"
"2148","147548","20220802231000","1471","2","臺南市","新市區","120.290","23.100","2041"
"203","147550","20220802231000","183","1","臺南市","新市區","120.285","23.105","203"
"80","147564","20220802231000","137","0","臺南市","新市區","120.260","23.070","77"
"199","147567","20220802231000","118","3","臺南市","新市區","120.250","23.075","194"
"74","147570","20220802231000","84","0","臺南市","新市區","120.265","23.075","81"
"106","147571","20220802231000","117","0","臺南市","新市區","120.255","23.080","126"
"288","147576","20220802231000","196","2","臺南市","新市區","120.305","23.090","271"
"385","147580","20220802231000","515","0","臺南市","新市區","120.300","23.100","381"
"252","147587","20220802231000","364","0","臺南市","新市區","120.310","23.100","371"
"564","147594","20220802231000","497","1","臺南市","新市區","120.320","23.085","541"
"1017","147598","20220802231000","949","1","臺南市","新市區","120.315","23.090","1251"
"457","147603","20220802231000","389","1","臺南市","新市區","120.320","23.095","626"
"58","147613","20220802231000","157","0","臺南市","安南區","120.165","23.045","58"
"630","147619","20220802231000","398","3","臺南市","安南區","120.170","23.045","592"
"117","147620","20220802231000","157","0","臺南市","安南區","120.175","23.045","153"
"642","147621","20220802231000","1098","0","臺南市","安南區","120.175","23.050","810"
"185","147622","20220802231000","481","0","臺南市","安南區","120.175","23.055","164"
"101","147627","20220802231000","123","0","臺南市","七股區","120.120","23.095","158"
"54","147686","20220802231000","94","0","臺南市","七股區","120.075","23.125","82"
"62","147743","20220802231000","27","3","臺南市","七股區","120.050","23.080","54"
"62","147812","20220802231000","131","0","臺南市","七股區","120.090","23.095","85"
"330","147816","20220802231000","474","0","臺南市","七股區","120.110","23.095","473"
"46","147889","20220802231000","65","0","臺東縣","池上鄉","121.220","23.080","59"
"243","147906","20220802231000","141","3","臺東縣","池上鄉","121.230","23.120","243"
"275","147984","20220802231000","176","3","高雄市","甲仙區","120.585","23.080","237"
"292","147985","20220802231000","121","3","高雄市","甲仙區","120.590","23.080","285"
"24","147999","20220802231000","44","0","高雄市","甲仙區","120.610","23.110","43"
"13","148032","20220802231000","14","0","高雄市","甲仙區","120.630","23.115","13"
"105","148097","20220802231000","164","0","高雄市","六龜區","120.670","23.065","144"
"173","148126","20220802231000","105","3","高雄市","六龜區","120.675","23.080","178"
"360","148173","20220802231000","420","0","臺南市","安南區","120.205","23.060","479"
"628","148177","20220802231000","395","3","臺南市","安南區","120.220","23.070","595"
"667","148178","20220802231000","392","3","臺南市","安南區","120.225","23.070","577"
"134","148201","20220802231000","169","0","高雄市","六龜區","120.690","23.095","174"
"143","148224","20220802231000","145","0","高雄市","六龜區","120.690","23.105","161"
"166","148238","20220802231000","255","0","高雄市","六龜區","120.700","23.110","207"
"111","148271","20220802231000","94","1","高雄市","六龜區","120.720","23.115","105"
"66","148275","20220802231000","34","3","高雄市","桃源區","120.745","23.115","71"
"40","148342","20220802231000","26","3","高雄市","六龜區","120.715","23.065","39"
"16","148372","20220802231000","12","2","臺南市","新化區","120.330","23.055","18"
"35","148373","20220802231000","54","0","臺南市","新化區","120.335","23.055","31"
"53","148376","20220802231000","48","1","臺南市","新化區","120.335","23.060","67"
"54","148377","20220802231000","71","0","臺南市","新化區","120.340","23.060","81"
"18","148378","20220802231000","13","2","臺南市","新化區","120.345","23.060","23"
"346","148380","20220802231000","571","0","臺南市","新化區","120.345","23.065","484"
"247","148386","20220802231000","230","1","臺南市","新化區","120.355","23.070","252"
"63","148418","20220802231000","117","0","臺東縣","池上鄉","121.235","23.120","116"
"65","148429","20220802231000","102","0","臺南市","玉井區","120.425","23.070","55"
"63","148453","20220802231000","49","2","臺南市","玉井區","120.430","23.085","65"
"31","148472","20220802231000","14","3","臺南市","玉井區","120.440","23.095","36"
"22","148477","20220802231000","31","0","臺南市","玉井區","120.450","23.090","23"
"142","148526","20220802231000","78","3","臺南市","玉井區","120.480","23.110","120"
"14","148531","20220802231000","11","2","臺南市","玉井區","120.505","23.110","13"
"1022","148561","20220802231000","1588","0","臺南市","玉井區","120.460","23.120","1499"
"408","148562","20220802231000","670","0","臺南市","玉井區","120.465","23.120","521"
"677","148578","20220802231000","495","2","臺南市","永康區","120.265","23.045","573"
"57","148580","20220802231000","355","0","臺南市","永康區","120.275","23.045","51"
"30","148582","20220802231000","92","0","臺南市","永康區","120.265","23.050","47"
"340","148583","20220802231000","302","1","臺南市","永康區","120.270","23.050","295"
"61","148584","20220802231000","74","0","臺南市","永康區","120.275","23.050","59"
"53","148586","20220802231000","158","0","臺南市","永康區","120.270","23.055","51"
"57","148590","20220802231000","332","0","臺南市","永康區","120.245","23.050","53"
"12","148592","20220802231000","46","0","臺南市","永康區","120.250","23.050","19"
"86","148594","20220802231000","100","0","臺南市","永康區","120.260","23.055","164"
"170","148600","20220802231000","288","0","臺南市","永康區","120.265","23.055","283"
"25","148632","20220802231000","25","1","臺東縣","成功鎮","121.355","23.120","33"
"293","148641","20220802231000","304","0","臺東縣","成功鎮","121.400","23.120","393"
"27","148653","20220802231000","18","3","臺東縣","成功鎮","121.355","23.105","44"
"212","148657","20220802231000","868","0","臺東縣","成功鎮","121.375","23.105","201"
"49","148690","20220802231000","68","0","臺東縣","成功鎮","121.340","23.045","86"
"22","148696","20220802231000","33","0","臺東縣","成功鎮","121.340","23.050","33"
"162","148718","20220802231000","119","2","臺東縣","成功鎮","121.345","23.065","164"
"203","148763","20220802231000","72","3","臺東縣","成功鎮","121.355","23.090","195"
"22","148769","20220802231000","17","2","臺東縣","成功鎮","121.345","23.095","22"
"28","148782","20220802231000","172","0","臺東縣","成功鎮","121.370","23.100","31"
"1050","148784","20220802231000","523","3","臺東縣","成功鎮","121.380","23.100","1050"
"639","148795","20220802231000","429","2","臺東縣","關山鎮","121.175","23.070","607"
"133","148817","20220802231000","125","1","臺東縣","關山鎮","121.175","23.080","146"
"560","148847","20220802231000","278","3","臺東縣","關山鎮","121.165","23.045","547"
"147","148852","20220802231000","1195","0","臺東縣","關山鎮","121.165","23.050","119"
"239","148873","20220802231000","405","0","臺東縣","關山鎮","121.165","23.055","360"
"469","148879","20220802231000","336","2","臺東縣","關山鎮","121.155","23.045","508"
"210","148883","20220802231000","520","0","高雄市","甲仙區","120.590","23.085","323"
"62","148899","20220802231000","59","1","高雄市","甲仙區","120.590","23.100","66"
"69","148910","20220802231000","50","2","高雄市","甲仙區","120.550","23.055","110"
"102","148925","20220802231000","89","1","高雄市","甲仙區","120.570","23.065","143"
"234","148938","20220802231000","157","2","高雄市","甲仙區","120.575","23.070","222"
"71","148960","20220802231000","79","0","高雄市","甲仙區","120.560","23.050","71"
"247","148978","20220802231000","321","0","臺南市","新化區","120.290","23.045","335"
"236","148986","20220802231000","130","3","臺南市","新化區","120.295","23.055","235"
"352","148988","20220802231000","100","3","臺南市","安南區","120.145","23.045","301"
"40","149026","20220802231000","28","2","高雄市","桃源區","120.720","23.050","51"
"10","149092","20220802231000","13","0","高雄市","桃源區","120.735","23.060","18"
"13","149159","20220802231000","12","1","高雄市","桃源區","120.755","23.070","11"
"19","149519","20220802231000","105","0","高雄市","六龜區","120.685","23.110","22"
"424","149576","20220802231000","243","3","臺南市","新化區","120.295","23.045","393"
"271","149577","20220802231000","666","0","臺南市","新化區","120.300","23.045","276"
"139","149589","20220802231000","398","0","臺南市","永康區","120.235","23.045","141"
"2016","149590","20220802231000","2168","0","臺南市","永康區","120.240","23.045","2840"
"21","149592","20220802231000","23","0","臺南市","永康區","120.245","23.045","23"
"247","149593","20220802231000","257","0","臺南市","永康區","120.250","23.045","362"
"31","149614","20220802231000","69","0","臺南市","玉井區","120.460","23.100","45"
"20","149636","20220802231000","22","0","臺南市","玉井區","120.490","23.095","22"
"67","149651","20220802231000","133","0","臺南市","玉井區","120.480","23.105","99"
"321","149654","20220802231000","1338","0","臺東縣","成功鎮","121.380","23.105","365"
"78","149658","20220802231000","50","3","臺東縣","東河鄉","121.285","23.045","85"
"69","149682","20220802231000","44","3","臺東縣","東河鄉","121.295","23.055","71"
"22","149761","20220802231000","13","3","臺東縣","東河鄉","121.295","23.080","19"
"12","149846","20220802231000","87","0","臺南市","新化區","120.370","23.045","18"
"47","149865","20220802231000","95","0","臺南市","新化區","120.310","23.045","51"
"211","149866","20220802231000","93","3","臺南市","新化區","120.315","23.045","197"
"30","149869","20220802231000","170","0","臺南市","新化區","120.315","23.050","32"
"24","149873","20220802231000","42","0","臺南市","新化區","120.325","23.055","33"
"26","149908","20220802231000","30","0","高雄市","甲仙區","120.600","23.085","31"
"253","149946","20220802231000","272","0","臺南市","善化區","120.270","23.125","338"
"541","149948","20220802231000","822","0","臺南市","大內區","120.355","23.120","749"
"207","154962","20220802231000","174","1","澎湖縣","七美鄉","119.415","23.195","243"
"1489","154965","20220802231000","834","3","臺南市","善化區","120.325","23.140","1376"
"153","154980","20220802231000","455","0","臺南市","善化區","120.325","23.135","280"
"1481","154984","20220802231000","1742","0","臺南市","善化區","120.300","23.130","2017"
"816","154985","20220802231000","621","2","臺南市","善化區","120.305","23.130","788"
"1131","154986","20220802231000","790","2","臺南市","善化區","120.310","23.130","1290"
"53","154996","20220802231000","56","0","澎湖縣","七美鄉","119.435","23.200","46"
"242","155092","20220802231000","831","0","臺南市","麻豆區","120.220","23.190","245"
"804","155098","20220802231000","771","1","臺南市","麻豆區","120.245","23.190","760"
"149","155107","20220802231000","205","0","臺南市","佳里區","120.180","23.145","252"
"348","155111","20220802231000","724","0","臺南市","佳里區","120.175","23.150","540"
"536","155114","20220802231000","1015","0","臺南市","佳里區","120.175","23.155","484"
"577","155129","20220802231000","887","0","臺南市","佳里區","120.195","23.190","815"
"54","155501","20220802231000","71","0","臺東縣","海端鄉","121.025","23.185","77"
"44","155650","20220802231000","77","0","臺東縣","海端鄉","121.180","23.130","61"
"35","155658","20220802231000","24","2","臺東縣","海端鄉","121.205","23.150","34"
"141","155664","20220802231000","109","2","臺東縣","海端鄉","121.190","23.155","119"
"48","155779","20220802231000","80","0","臺東縣","海端鄉","121.125","23.130","63"
"85","155786","20220802231000","37","3","臺東縣","海端鄉","121.160","23.130","75"
"17","156049","20220802231000","19","0","臺東縣","海端鄉","121.030","23.165","36"
"57","156052","20220802231000","65","0","臺東縣","海端鄉","121.045","23.165","67"
"21","156083","20220802231000","64","0","臺東縣","海端鄉","121.045","23.170","56"
"151","156227","20220802231000","404","0","臺南市","西港區","120.180","23.130","155"
"412","156233","20220802231000","144","3","臺南市","西港區","120.200","23.130","325"
"368","156281","20220802231000","443","0","臺南市","佳里區","120.180","23.165","513"
"66","156284","20220802231000","275","0","臺南市","佳里區","120.180","23.170","68"
"106","156292","20220802231000","32","3","臺南市","佳里區","120.155","23.170","81"
"396","156302","20220802231000","659","0","臺南市","麻豆區","120.215","23.175","550"
"1490","156306","20220802231000","955","3","臺南市","佳里區","120.160","23.160","1317"
"1055","156309","20220802231000","1471","0","臺南市","佳里區","120.175","23.160","1385"
"3594","156314","20220802231000","4002","0","臺南市","佳里區","120.175","23.165","3956"
"153","156333","20220802231000","240","0","臺南市","七股區","120.140","23.140","252"
"455","156339","20220802231000","320","2","臺南市","七股區","120.150","23.150","480"
"256","156348","20220802231000","190","2","花蓮縣","富里鄉","121.255","23.180","264"
"279","156361","20220802231000","231","2","花蓮縣","富里鄉","121.275","23.190","303"
"250","156391","20220802231000","619","0","臺南市","西港區","120.220","23.140","335"
"380","156401","20220802231000","659","0","臺南市","麻豆區","120.240","23.155","522"
"74","156402","20220802231000","14","3","臺南市","麻豆區","120.240","23.160","70"
"85","156413","20220802231000","695","0","臺南市","麻豆區","120.275","23.190","73"
"441","156420","20220802231000","189","3","臺南市","麻豆區","120.270","23.195","386"
"257","156423","20220802231000","64","3","臺南市","麻豆區","120.285","23.195","232"
"133","156427","20220802231000","421","0","臺南市","麻豆區","120.230","23.180","134"
"143","156446","20220802231000","271","0","臺南市","大內區","120.415","23.150","228"
"30","156474","20220802231000","31","0","臺南市","大內區","120.410","23.165","32"
"11","156651","20220802231000","17","0","花蓮縣","富里鄉","121.280","23.130","45"
"514","156721","20220802231000","468","1","臺南市","善化區","120.270","23.145","592"
"231","156727","20220802231000","1015","0","臺南市","善化區","120.275","23.130","278"
"13","156730","20220802231000","20","0","臺南市","大內區","120.405","23.130","28"
"27","156736","20220802231000","18","3","臺南市","大內區","120.435","23.130","33"
"14","156743","20220802231000","58","0","臺南市","大內區","120.430","23.135","14"
"32","156744","20220802231000","82","0","臺南市","玉井區","120.435","23.135","47"
"2254","156753","20220802231000","774","3","臺南市","善化區","120.285","23.135","2160"
"169","156765","20220802231000","849","0","臺南市","善化區","120.290","23.135","200"
"189","156769","20220802231000","270","0","臺南市","善化區","120.315","23.155","299"
"724","156781","20220802231000","627","1","臺南市","善化區","120.285","23.150","924"
"46","156784","20220802231000","198","0","臺南市","善化區","120.275","23.155","56"
"451","156792","20220802231000","573","0","臺南市","七股區","120.135","23.140","606"
"102","156851","20220802231000","317","0","臺南市","佳里區","120.155","23.180","179"
"654","156856","20220802231000","408","3","臺南市","佳里區","120.155","23.140","623"
"417","156864","20220802231000","653","0","臺南市","佳里區","120.185","23.145","541"
"431","156865","20220802231000","861","0","臺南市","佳里區","120.180","23.150","409"
"1156","156869","20220802231000","1630","0","臺南市","佳里區","120.180","23.155","1560"
"110","156870","20220802231000","176","0","臺南市","佳里區","120.185","23.155","110"
"516","156873","20220802231000","844","0","臺南市","佳里區","120.155","23.175","697"
"803","156909","20220802231000","553","2","臺南市","麻豆區","120.240","23.190","744"
"91","156922","20220802231000","391","0","臺南市","麻豆區","120.210","23.200","84"
"137","156941","20220802231000","349","0","臺南市","佳里區","120.190","23.190","213"
"415","156942","20220802231000","208","3","臺南市","佳里區","120.185","23.185","455"
"542","156974","20220802231000","925","0","臺南市","七股區","120.090","23.185","768"
"957","156977","20220802231000","285","3","臺南市","西港區","120.200","23.140","863"
"996","157009","20220802231000","1381","0","臺南市","麻豆區","120.240","23.185","1416"
"744","157010","20220802231000","1082","0","臺南市","麻豆區","120.250","23.185","879"
"388","157011","20220802231000","675","0","臺南市","麻豆區","120.255","23.185","373"
"43","157047","20220802231000","36","1","臺南市","六甲區","120.415","23.205","44"
"113","157077","20220802231000","70","3","臺南市","楠西區","120.505","23.140","117"
"601","157130","20220802231000","380","3","臺南市","將軍區","120.160","23.190","577"
"240","157174","20220802231000","641","0","臺南市","官田區","120.315","23.195","243"
"790","157183","20220802231000","509","3","臺南市","安定區","120.245","23.130","887"
"398","157184","20220802231000","544","0","臺南市","安定區","120.250","23.130","394"
"282","157198","20220802231000","237","1","花蓮縣","富里鄉","121.265","23.155","270"
"95","157258","20220802231000","96","0","臺南市","官田區","120.320","23.200","97"
"96","157259","20220802231000","222","0","臺南市","官田區","120.325","23.200","155"
"55","157263","20220802231000","88","0","臺南市","官田區","120.320","23.205","66"
"191","157265","20220802231000","94","3","臺南市","官田區","120.330","23.205","154"
"141","157312","20220802231000","276","0","臺南市","官田區","120.380","23.185","124"
"260","157333","20220802231000","176","2","臺南市","官田區","120.365","23.195","288"
"19","157334","20220802231000","214","0","臺南市","官田區","120.370","23.195","29"
"298","157360","20220802231000","753","0","臺南市","官田區","120.335","23.180","197"
"258","157382","20220802231000","98","3","臺南市","官田區","120.320","23.170","231"
"41","157399","20220802231000","248","0","臺南市","官田區","120.295","23.185","53"
"58","157419","20220802231000","225","0","臺南市","官田區","120.350","23.160","64"
"84","157422","20220802231000","64","2","臺南市","官田區","120.330","23.165","83"
"103","157424","20220802231000","400","0","臺南市","官田區","120.340","23.165","106"
"54","157463","20220802231000","26","3","臺南市","官田區","120.365","23.180","51"
"128","157477","20220802231000","459","0","臺南市","官田區","120.305","23.195","155"
"550","157478","20220802231000","690","0","臺南市","官田區","120.315","23.190","754"
"30","157597","20220802231000","45","0","臺南市","南化區","120.595","23.165","44"
"63","157624","20220802231000","44","2","臺南市","南化區","120.600","23.175","60"
"140","157646","20220802231000","73","3","臺南市","南化區","120.570","23.185","140"
"223","157733","20220802231000","317","0","臺南市","麻豆區","120.230","23.145","359"
"1709","157737","20220802231000","1959","0","臺南市","麻豆區","120.245","23.180","2106"
"55","157740","20220802231000","81","0","臺南市","麻豆區","120.240","23.195","75"
"974","157752","20220802231000","542","3","臺南市","麻豆區","120.260","23.185","890"
"139","157756","20220802231000","252","0","臺南市","麻豆區","120.265","23.190","182"
"140","157759","20220802231000","173","0","臺南市","麻豆區","120.255","23.190","187"
"47","157773","20220802231000","48","0","臺東縣","池上鄉","121.210","23.125","58"
"142","157789","20220802231000","117","2","臺東縣","池上鄉","121.200","23.140","150"
"64","157809","20220802231000","126","0","臺南市","善化區","120.275","23.145","56"
"295","157818","20220802231000","248","1","花蓮縣","卓溪鄉","121.225","23.160","311"
"157","157895","20220802231000","126","2","花蓮縣","富里鄉","121.250","23.200","158"
"430","157913","20220802231000","881","0","臺南市","善化區","120.295","23.135","516"
"13","157915","20220802231000","54","0","臺南市","善化區","120.305","23.135","21"
"577","157919","20220802231000","728","0","臺南市","善化區","120.305","23.140","761"
"566","157924","20220802231000","419","2","臺南市","善化區","120.290","23.145","696"
"352","157961","20220802231000","634","0","臺南市","善化區","120.285","23.130","377"
"137","157991","20220802231000","68","3","花蓮縣","富里鄉","121.235","23.135","138"
"67","157998","20220802231000","78","0","花蓮縣","富里鄉","121.240","23.140","59"
"342","158028","20220802231000","269","2","花蓮縣","富里鄉","121.250","23.170","344"
"435","158030","20220802231000","370","1","花蓮縣","富里鄉","121.250","23.175","447"
"72","158032","20220802231000","47","3","花蓮縣","富里鄉","121.250","23.180","69"
"544","158045","20220802231000","569","0","臺南市","將軍區","120.140","23.205","790"
"781","158058","20220802231000","1507","0","臺南市","將軍區","120.160","23.200","1163"
"128","158065","20220802231000","307","0","臺南市","七股區","120.135","23.130","188"
"237","158072","20220802231000","359","0","臺南市","七股區","120.110","23.145","357"
"14","158092","20220802231000","23","0","臺南市","七股區","120.130","23.185","18"
"48","158097","20220802231000","16","3","臺南市","七股區","120.145","23.180","54"
"276","158106","20220802231000","309","0","臺南市","佳里區","120.190","23.165","387"
"80","158107","20220802231000","468","0","臺南市","佳里區","120.195","23.165","75"
"71","158122","20220802231000","162","0","臺南市","佳里區","120.180","23.180","109"
"113","158126","20220802231000","366","0","臺南市","佳里區","120.175","23.185","232"
"35","158128","20220802231000","39","0","臺東縣","池上鄉","121.185","23.130","40"
"180","158181","20220802231000","299","0","臺南市","麻豆區","120.265","23.180","264"
"592","158192","20220802231000","774","0","臺南市","麻豆區","120.245","23.185","820"
"38","158195","20220802231000","222","0","臺南市","麻豆區","120.240","23.180","35"
"16","158363","20220802231000","14","1","高雄市","桃源區","120.790","23.185","22"
"124","158397","20220802231000","100","2","臺東縣","池上鄉","121.235","23.130","136"
"329","158398","20220802231000","454","0","臺南市","玉井區","120.470","23.130","490"
"39","158400","20220802231000","182","0","臺南市","玉井區","120.480","23.130","52"
"118","158410","20220802231000","163","0","臺南市","玉井區","120.440","23.135","154"
"121","158457","20220802231000","74","3","臺南市","楠西區","120.490","23.190","121"
"32","158502","20220802231000","60","0","臺南市","楠西區","120.515","23.200","53"
"18","158508","20220802231000","18","1","臺南市","楠西區","120.545","23.205","18"
"591","158533","20220802231000","664","0","臺南市","楠西區","120.485","23.175","769"
"449","158546","20220802231000","318","2","臺南市","楠西區","120.485","23.170","403"
"50","158547","20220802231000","361","0","臺南市","楠西區","120.480","23.175","48"
"28","158550","20220802231000","195","0","臺南市","楠西區","120.480","23.185","54"
"31","158572","20220802231000","39","0","臺南市","楠西區","120.505","23.160","35"
"17","158634","20220802231000","18","0","臺南市","楠西區","120.560","23.180","29"
"13","158638","20220802231000","50","0","臺南市","楠西區","120.525","23.185","13"
"103","158670","20220802231000","71","2","臺南市","楠西區","120.465","23.190","90"
"48","158687","20220802231000","69","0","臺南市","楠西區","120.490","23.200","61"
"322","158849","20220802231000","218","2","臺東縣","成功鎮","121.400","23.155","301"
"80","158905","20220802231000","65","2","臺東縣","成功鎮","121.400","23.170","81"
"75","158933","20220802231000","102","0","臺東縣","成功鎮","121.395","23.180","115"
"65","159028","20220802231000","113","0","高雄市","甲仙區","120.635","23.150","90"
"11","159158","20220802231000","17","0","高雄市","三民區","120.660","23.200","18"
"11","159274","20220802231000","12","0","高雄市","桃源區","120.800","23.210","13"
"123","159527","20220802231000","175","0","高雄市","桃源區","120.765","23.160","184"
"74","159574","20220802231000","81","0","高雄市","桃源區","120.770","23.165","69"
"60","159707","20220802231000","30","3","高雄市","桃源區","120.740","23.135","60"
"104","159838","20220802231000","364","0","臺南市","官田區","120.350","23.150","224"
"33","159846","20220802231000","73","0","臺南市","大內區","120.365","23.155","60"
"175","159859","20220802231000","249","0","臺南市","大內區","120.380","23.145","225"
"94","159883","20220802231000","52","3","臺南市","大內區","120.370","23.160","91"
"244","159912","20220802231000","121","3","臺南市","麻豆區","120.225","23.175","233"
"288","159913","20220802231000","588","0","臺南市","麻豆區","120.220","23.180","460"
"473","159928","20220802231000","738","0","臺南市","麻豆區","120.255","23.180","643"
"582","159936","20220802231000","508","1","臺南市","善化區","120.315","23.145","783"
"563","159943","20220802231000","621","0","臺南市","善化區","120.300","23.150","754"
"62","159947","20220802231000","89","0","臺南市","善化區","120.265","23.130","63"
"471","159950","20220802231000","200","3","臺南市","善化區","120.260","23.135","474"
"93","161053","20220802231000","123","0","澎湖縣","七美鄉","119.430","23.215","125"
"94","162017","20220802231000","50","3","臺東縣","長濱鄉","121.415","23.235","87"
"369","164970","20220802231000","340","1","澎湖縣","七美鄉","119.425","23.205","406"
"45","164978","20220802231000","99","0","澎湖縣","望安鄉","119.670","23.245","62"
"284","165017","20220802231000","566","0","臺南市","學甲區","120.195","23.215","460"
"299","165030","20220802231000","568","0","臺南市","學甲區","120.195","23.230","416"
"78","165342","20220802231000","44","3","臺東縣","海端鄉","120.985","23.250","81"
"13","165457","20220802231000","49","0","臺東縣","海端鄉","120.990","23.270","29"
"83","165593","20220802231000","362","0","臺南市","下營區","120.240","23.220","75"
"113","165611","20220802231000","188","0","臺南市","下營區","120.240","23.235","132"
"1375","165635","20220802231000","1813","0","臺南市","下營區","120.265","23.240","1705"
"470","165652","20220802231000","704","0","臺南市","下營區","120.270","23.245","684"
"300","165697","20220802231000","209","2","花蓮縣","富里鄉","121.275","23.215","296"
"296","165713","20220802231000","427","0","臺南市","下營區","120.270","23.210","457"
"36","165716","20220802231000","31","1","花蓮縣","富里鄉","121.340","23.280","67"
"178","165718","20220802231000","139","2","花蓮縣","玉里鎮","121.345","23.285","186"
"186","165736","20220802231000","123","3","花蓮縣","玉里鎮","121.285","23.280","206"
"279","165743","20220802231000","151","3","花蓮縣","玉里鎮","121.280","23.285","269"
"160","165775","20220802231000","153","1","花蓮縣","富里鄉","121.290","23.240","149"
"57","165778","20220802231000","58","0","花蓮縣","富里鄉","121.305","23.240","58"
"139","165815","20220802231000","115","2","花蓮縣","富里鄉","121.295","23.255","142"
"59","165844","20220802231000","231","0","臺南市","新營區","120.265","23.270","46"
"247","165847","20220802231000","322","0","臺南市","新營區","120.275","23.275","328"
"18","165852","20220802231000","68","0","臺南市","六甲區","120.345","23.230","32"
"44","165853","20220802231000","166","0","臺南市","六甲區","120.335","23.235","32"
"236","165855","20220802231000","732","0","臺南市","北門區","120.135","23.240","799"
"23","165858","20220802231000","144","0","臺南市","北門區","120.130","23.250","92"
"178","165860","20220802231000","676","0","臺南市","六甲區","120.350","23.225","135"
"279","165925","20220802231000","384","0","臺南市","六甲區","120.345","23.235","389"
"49","165938","20220802231000","40","2","臺南市","六甲區","120.340","23.250","57"
"19","165969","20220802231000","34","0","臺南市","六甲區","120.400","23.220","21"
"108","165999","20220802231000","481","0","臺南市","柳營區","120.315","23.275","148"
"18","166011","20220802231000","151","0","臺南市","柳營區","120.315","23.265","31"
"90","166028","20220802231000","321","0","臺南市","柳營區","120.295","23.275","117"
"456","166037","20220802231000","320","2","臺南市","柳營區","120.305","23.280","710"
"107","166056","20220802231000","279","0","臺南市","柳營區","120.360","23.280","108"
"248","166060","20220802231000","99","3","臺南市","柳營區","120.355","23.285","242"
"69","166064","20220802231000","237","0","臺南市","柳營區","120.380","23.285","69"
"407","166071","20220802231000","553","0","臺南市","六甲區","120.340","23.225","480"
"18","166073","20220802231000","17","1","臺南市","六甲區","120.310","23.245","18"
"70","166077","20220802231000","40","3","臺南市","六甲區","120.315","23.250","63"
"188","166081","20220802231000","310","0","臺南市","六甲區","120.310","23.255","284"
"69","166097","20220802231000","39","3","臺南市","北門區","120.110","23.260","76"
"52","166128","20220802231000","124","0","臺南市","北門區","120.140","23.265","119"
"158","166144","20220802231000","154","1","臺南市","學甲區","120.180","23.285","138"
"114","166153","20220802231000","381","0","臺南市","將軍區","120.165","23.220","121"
"918","166181","20220802231000","512","3","臺南市","北門區","120.095","23.230","931"
"353","166188","20220802231000","1146","0","臺南市","北門區","120.115","23.235","923"
"264","166204","20220802231000","270","0","臺南市","下營區","120.275","23.215","279"
"31","166206","20220802231000","530","0","臺南市","下營區","120.270","23.220","37"
"411","166224","20220802231000","786","0","臺南市","北門區","120.135","23.280","654"
"337","166238","20220802231000","730","0","臺南市","北門區","120.125","23.270","586"
"95","166250","20220802231000","49","3","花蓮縣","富里鄉","121.315","23.220","74"
"251","166256","20220802231000","197","2","花蓮縣","富里鄉","121.275","23.225","245"
"183","166326","20220802231000","155","1","花蓮縣","富里鄉","121.305","23.255","175"
"102","166340","20220802231000","83","2","花蓮縣","富里鄉","121.305","23.265","114"
"63","166344","20220802231000","71","0","花蓮縣","富里鄉","121.300","23.270","67"
"55","166349","20220802231000","130","0","臺南市","官田區","120.320","23.210","21"
"25","166350","20220802231000","201","0","臺南市","官田區","120.325","23.210","30"
"180","166354","20220802231000","246","0","臺南市","官田區","120.320","23.215","292"
"155","166356","20220802231000","601","0","臺南市","官田區","120.330","23.215","131"
"344","166363","20220802231000","210","3","臺南市","官田區","120.340","23.220","307"
"209","166377","20220802231000","605","0","臺南市","官田區","120.310","23.215","212"
"142","166389","20220802231000","215","0","臺南市","官田區","120.360","23.210","189"
"165","166391","20220802231000","178","0","臺南市","官田區","120.370","23.210","261"
"282","166424","20220802231000","241","1","臺南市","北門區","120.145","23.285","262"
"412","166429","20220802231000","257","3","臺南市","將軍區","120.160","23.220","404"
"181","166442","20220802231000","585","0","臺南市","下營區","120.260","23.230","177"
"266","166445","20220802231000","239","1","臺南市","六甲區","120.355","23.220","313"
"1205","166446","20220802231000","2180","0","臺南市","六甲區","120.355","23.230","1665"
"143","166455","20220802231000","83","3","臺南市","六甲區","120.370","23.230","128"
"100","166458","20220802231000","156","0","臺南市","六甲區","120.365","23.235","138"
"157","166495","20220802231000","140","1","臺南市","北門區","120.125","23.240","142"
"393","166562","20220802231000","391","1","臺南市","麻豆區","120.220","23.220","526"
"43","166785","20220802231000","33","2","花蓮縣","富里鄉","121.265","23.215","37"
"472","167284","20220802231000","324","2","臺南市","下營區","120.290","23.245","473"
"55","167340","20220802231000","39","2","花蓮縣","富里鄉","121.315","23.275","44"
"35","167482","20220802231000","174","0","臺南市","東山區","120.470","23.260","215"
"66","167491","20220802231000","50","2","臺南市","東山區","120.515","23.260","62"
"343","167497","20220802231000","147","3","臺南市","東山區","120.480","23.265","220"
"39","167501","20220802231000","194","0","臺南市","東山區","120.500","23.265","380"
"28","167514","20220802231000","76","0","臺南市","東山區","120.395","23.265","33"
"89","167565","20220802231000","153","0","臺南市","東山區","120.445","23.265","90"
"202","167568","20220802231000","210","0","臺南市","東山區","120.445","23.270","246"
"69","167588","20220802231000","84","0","臺南市","東山區","120.445","23.290","80"
"85","167626","20220802231000","147","0","臺南市","東山區","120.405","23.285","92"
"25","167655","20220802231000","29","0","臺南市","東山區","120.465","23.280","26"
"37","167656","20220802231000","213","0","臺南市","東山區","120.470","23.280","30"
"60","167674","20220802231000","50","2","臺南市","東山區","120.500","23.285","59"
"78","167688","20220802231000","34","3","臺南市","東山區","120.515","23.290","49"
"121","167707","20220802231000","185","0","臺南市","將軍區","120.085","23.215","154"
"97","167714","20220802231000","201","0","臺南市","將軍區","120.120","23.220","156"
"38","167750","20220802231000","107","0","臺南市","學甲區","120.165","23.270","68"
"334","167786","20220802231000","461","0","臺南市","鹽水區","120.205","23.260","447"
"84","167813","20220802231000","40","3","臺東縣","長濱鄉","121.410","23.215","80"
"100","167824","20220802231000","83","2","臺東縣","長濱鄉","121.415","23.225","121"
"269","167894","20220802231000","229","1","臺東縣","長濱鄉","121.415","23.250","298"
"11","167910","20220802231000","15","0","臺東縣","長濱鄉","121.385","23.260","11"
"10","167952","20220802231000","35","0","臺南市","學甲區","120.185","23.230","12"
"594","167953","20220802231000","998","0","臺南市","學甲區","120.185","23.235","821"
"2192","167958","20220802231000","1054","3","臺南市","學甲區","120.185","23.225","2058"
"48","167982","20220802231000","135","0","臺南市","學甲區","120.195","23.240","204"
"1857","167993","20220802231000","1990","0","臺南市","學甲區","120.180","23.235","2152"
"81","167995","20220802231000","452","0","臺南市","六甲區","120.345","23.220","71"
"105","167997","20220802231000","147","0","臺南市","六甲區","120.320","23.230","70"
"60","168014","20220802231000","179","0","臺南市","六甲區","120.315","23.245","43"
"195","168093","20220802231000","178","1","高雄市","三民區","120.670","23.235","189"
"32","168132","20220802231000","94","0","高雄市","三民區","120.695","23.235","45"
"62","168149","20220802231000","107","0","高雄市","三民區","120.695","23.240","104"
"69","168296","20220802231000","67","1","高雄市","三民區","120.680","23.265","77"
"25","168304","20220802231000","16","3","高雄市","三民區","120.720","23.265","20"
"238","168347","20220802231000","294","0","高雄市","三民區","120.700","23.275","198"
"169","168351","20220802231000","156","1","高雄市","三民區","120.720","23.275","298"
"18","168370","20220802231000","10","3","高雄市","三民區","120.685","23.280","13"
"482","168445","20220802231000","686","0","臺南市","鹽水區","120.235","23.285","652"
"12","168451","20220802231000","37","0","臺南市","柳營區","120.345","23.270","15"
"63","168459","20220802231000","260","0","臺南市","柳營區","120.335","23.285","66"
"674","168462","20220802231000","998","0","臺南市","柳營區","120.325","23.290","732"
"97","168468","20220802231000","156","0","臺南市","柳營區","120.405","23.235","117"
"112","168484","20220802231000","136","0","臺南市","柳營區","120.420","23.245","131"
"84","168515","20220802231000","457","0","臺南市","柳營區","120.380","23.265","104"
"463","168538","20220802231000","1481","0","臺南市","柳營區","120.315","23.280","685"
"73","168539","20220802231000","567","0","臺南市","柳營區","120.320","23.280","75"
"19","168541","20220802231000","143","0","臺南市","柳營區","120.330","23.280","29"
"34","168545","20220802231000","34","1","臺南市","柳營區","120.380","23.240","68"
"139","168560","20220802231000","422","0","臺南市","柳營區","120.375","23.250","166"
"81","168591","20220802231000","229","0","臺南市","柳營區","120.365","23.265","102"
"108","168619","20220802231000","172","0","臺南市","楠西區","120.495","23.215","133"
"40","168624","20220802231000","35","1","臺南市","楠西區","120.520","23.215","43"
"234","168647","20220802231000","141","3","臺南市","楠西區","120.500","23.225","260"
"47","168692","20220802231000","27","3","臺南市","鹽水區","120.245","23.275","31"
"28","168719","20220802231000","26","1","臺東縣","成功鎮","121.400","23.210","31"
"15","168755","20220802231000","133","0","臺東縣","長濱鄉","121.425","23.275","15"
"45","168771","20220802231000","203","0","臺南市","新營區","120.280","23.285","38"
"27","168825","20220802231000","73","0","高雄市","桃源區","120.805","23.220","73"
"69","168996","20220802231000","61","1","高雄市","桃源區","120.815","23.240","105"
"81","169242","20220802231000","98","0","高雄市","桃源區","120.825","23.265","159"
"367","169480","20220802231000","207","3","臺南市","新營區","120.275","23.265","361"
"77","169490","20220802231000","113","0","臺南市","學甲區","120.195","23.275","111"
"191","169506","20220802231000","335","0","臺南市","學甲區","120.205","23.280","261"
"294","169527","20220802231000","584","0","臺南市","學甲區","120.160","23.245","518"
"32","169530","20220802231000","14","3","臺南市","學甲區","120.150","23.250","31"
"203","169555","20220802231000","367","0","臺南市","鹽水區","120.255","23.250","306"
"80","169556","20220802231000","122","0","臺南市","鹽水區","120.250","23.255","80"
"171","169567","20220802231000","304","0","臺南市","將軍區","120.135","23.225","209"
"19","169664","20220802231000","24","0","嘉義縣","大埔鄉","120.625","23.245","19"
"51","169729","20220802231000","48","1","嘉義縣","大埔鄉","120.590","23.270","51"
"11","169739","20220802231000","27","0","嘉義縣","大埔鄉","120.585","23.275","21"
"50","169788","20220802231000","33","3","嘉義縣","大埔鄉","120.545","23.230","46"
"13","169812","20220802231000","10","2","臺南市","東山區","120.520","23.240","13"
"11","169834","20220802231000","30","0","嘉義縣","大埔鄉","120.565","23.245","19"
"17","169837","20220802231000","17","1","嘉義縣","大埔鄉","120.580","23.245","17"
"36","169842","20220802231000","26","2","嘉義縣","大埔鄉","120.535","23.250","31"
"160","174966","20220802231000","393","0","澎湖縣","望安鄉","119.505","23.360","504"
"22","174989","20220802231000","58","0","臺南市","白河區","120.460","23.350","21"
"153","175007","20220802231000","112","2","臺南市","東山區","120.500","23.295","154"
"81","175048","20220802231000","47","3","臺南市","白河區","120.480","23.320","92"
"22","175054","20220802231000","26","0","臺南市","白河區","120.510","23.320","18"
"388","175059","20220802231000","332","1","臺南市","白河區","120.485","23.325","416"
"108","175081","20220802231000","79","2","臺南市","白河區","120.495","23.335","85"
"58","175083","20220802231000","143","0","臺南市","白河區","120.505","23.335","106"
"21","175092","20220802231000","64","0","臺南市","白河區","120.505","23.340","55"
"2012","175108","20220802231000","1276","3","臺南市","新營區","120.310","23.305","1832"
"133","175181","20220802231000","125","1","花蓮縣","玉里鎮","121.335","23.320","147"
"1099","175206","20220802231000","928","1","花蓮縣","玉里鎮","121.310","23.335","1089"
"134","175209","20220802231000","123","1","花蓮縣","玉里鎮","121.310","23.340","129"
"81","175217","20220802231000","70","1","花蓮縣","玉里鎮","121.300","23.300","83"
"337","175262","20220802231000","275","2","花蓮縣","玉里鎮","121.300","23.320","348"
"218","175264","20220802231000","196","1","花蓮縣","玉里鎮","121.310","23.320","231"
"29","175284","20220802231000","20","2","花蓮縣","玉里鎮","121.275","23.290","38"
"34","175299","20220802231000","29","1","花蓮縣","玉里鎮","121.290","23.295","26"
"261","175318","20220802231000","699","0","臺南市","白河區","120.410","23.345","281"
"66","175319","20220802231000","478","0","臺南市","白河區","120.405","23.350","61"
"240","175320","20220802231000","636","0","臺南市","白河區","120.410","23.350","209"
"50","175328","20220802231000","50","1","臺南市","白河區","120.460","23.365","53"
"229","175348","20220802231000","263","0","臺南市","白河區","120.440","23.345","249"
"118","175355","20220802231000","144","0","臺南市","新營區","120.330","23.320","119"
"21","175356","20220802231000","515","0","臺南市","新營區","120.335","23.320","31"
"23","175359","20220802231000","18","2","臺南市","新營區","120.350","23.320","34"
"1379","175362","20220802231000","980","2","臺南市","新營區","120.315","23.325","1308"
"163","175369","20220802231000","202","0","臺南市","新營區","120.325","23.310","184"
"63","175372","20220802231000","68","0","臺南市","新營區","120.325","23.305","51"
"63","175397","20220802231000","52","2","臺南市","後壁區","120.310","23.370","51"
"296","175398","20220802231000","414","0","臺南市","後壁區","120.315","23.370","456"
"91","175414","20220802231000","572","0","臺南市","後壁區","120.330","23.340","109"
"501","175425","20220802231000","261","3","臺南市","後壁區","120.375","23.330","527"
"164","175446","20220802231000","479","0","臺南市","新營區","120.320","23.320","170"
"92","175467","20220802231000","475","0","臺南市","北門區","120.170","23.300","296"
"139","175484","20220802231000","235","0","臺南市","後壁區","120.330","23.355","201"
"301","175489","20220802231000","562","0","臺南市","新營區","120.270","23.295","409"
"67","175494","20220802231000","224","0","臺南市","新營區","120.280","23.300","66"
"44","175496","20220802231000","257","0","臺南市","新營區","120.280","23.290","42"
"173","175497","20220802231000","816","0","臺南市","後壁區","120.360","23.370","447"
"841","175499","20220802231000","2437","0","臺南市","後壁區","120.370","23.370","2244"
"511","175523","20220802231000","1310","0","臺南市","後壁區","120.395","23.370","1254"
"1235","175546","20220802231000","870","2","臺南市","新營區","120.310","23.300","1178"
"2190","175547","20220802231000","1428","3","臺南市","新營區","120.315","23.310","2211"
"1694","175548","20220802231000","2263","0","臺南市","新營區","120.315","23.315","2121"
"57","175564","20220802231000","261","0","臺南市","後壁區","120.355","23.365","110"
"594","175571","20220802231000","2192","0","臺南市","新營區","120.305","23.310","535"
"141","175572","20220802231000","95","2","臺南市","新營區","120.305","23.315","112"
"89","175573","20220802231000","48","3","臺南市","新營區","120.295","23.305","78"
"286","175574","20220802231000","843","0","臺南市","新營區","120.300","23.305","256"
"1126","175576","20220802231000","1104","1","臺南市","新營區","120.300","23.310","1543"
"197","175585","20220802231000","127","3","臺南市","北門區","120.110","23.300","181"
"221","175647","20220802231000","414","0","臺南市","新營區","120.295","23.295","176"
"27","175648","20220802231000","33","0","臺南市","新營區","120.290","23.300","27"
"53","175651","20220802231000","39","2","臺南市","柳營區","120.300","23.295","50"
"54","175653","20220802231000","19","3","臺南市","柳營區","120.310","23.295","57"
"133","175658","20220802231000","72","3","臺南市","新營區","120.285","23.310","131"
"45","175712","20220802231000","146","0","臺南市","白河區","120.430","23.330","41"
"306","175737","20220802231000","376","0","臺南市","白河區","120.430","23.355","402"
"25","175874","20220802231000","32","0","花蓮縣","卓溪鄉","121.270","23.305","28"
"177","176357","20220802231000","155","1","花蓮縣","玉里鎮","121.300","23.345","184"
"459","176756","20220802231000","351","2","臺南市","新營區","120.325","23.315","483"
"373","176757","20220802231000","320","1","臺南市","新營區","120.330","23.315","381"
"237","176758","20220802231000","187","2","臺南市","新營區","120.325","23.320","211"
"32","176764","20220802231000","42","0","花蓮縣","玉里鎮","121.330","23.300","39"
"21","176769","20220802231000","21","1","臺南市","後壁區","120.340","23.325","15"
"17","176776","20220802231000","29","0","臺南市","後壁區","120.350","23.330","16"
"18","176782","20220802231000","30","0","臺南市","後壁區","120.310","23.335","20"
"177","176798","20220802231000","168","1","臺南市","後壁區","120.350","23.335","228"
"717","176811","20220802231000","1127","0","臺南市","新營區","120.305","23.300","964"
"1119","176812","20220802231000","807","2","臺南市","新營區","120.315","23.305","1112"
"83","176830","20220802231000","157","0","臺南市","東山區","120.390","23.330","83"
"600","176863","20220802231000","782","0","臺南市","東山區","120.405","23.320","788"
"151","176885","20220802231000","181","0","臺南市","東山區","120.405","23.325","193"
"171","176921","20220802231000","322","0","臺南市","東山區","120.390","23.295","201"
"264","176933","20220802231000","421","0","臺南市","東山區","120.415","23.300","379"
"254","176942","20220802231000","210","2","臺南市","東山區","120.345","23.300","218"
"781","176986","20220802231000","458","3","臺南市","白河區","120.395","23.340","750"
"862","177006","20220802231000","782","1","臺南市","鹽水區","120.270","23.325","793"
"515","177007","20220802231000","653","0","嘉義縣","義竹鄉","120.255","23.330","675"
"727","177010","20220802231000","504","2","臺南市","鹽水區","120.270","23.330","708"
"191","177054","20220802231000","146","2","臺東縣","長濱鄉","121.470","23.355","241"
"30","177169","20220802231000","46","0","花蓮縣","玉里鎮","121.370","23.350","24"
"1566","177425","20220802231000","785","3","臺南市","新營區","120.315","23.300","1585"
"177","177432","20220802231000","315","0","臺南市","鹽水區","120.280","23.330","224"
"362","177436","20220802231000","215","3","臺南市","鹽水區","120.290","23.335","347"
"750","177466","20220802231000","921","0","臺南市","鹽水區","120.270","23.310","971"
"255","177467","20220802231000","501","0","臺南市","新營區","120.275","23.310","430"
"893","177475","20220802231000","680","2","臺南市","鹽水區","120.265","23.325","962"
"105","177480","20220802231000","87","2","臺南市","白河區","120.480","23.325","108"
"136","177500","20220802231000","88","3","臺南市","白河區","120.495","23.340","172"
"18","177550","20220802231000","14","2","臺南市","白河區","120.455","23.310","16"
"12","177568","20220802231000","13","0","臺南市","白河區","120.445","23.320","12"
"382","177580","20220802231000","1291","0","臺南市","白河區","120.415","23.350","400"
"213","177585","20220802231000","307","0","臺南市","柳營區","120.340","23.290","227"
"214","177586","20220802231000","156","2","臺南市","柳營區","120.325","23.295","226"
"320","177599","20220802231000","845","0","臺南市","柳營區","120.365","23.295","321"
"94","177602","20220802231000","36","3","臺南市","鹽水區","120.270","23.320","78"
"371","177603","20220802231000","320","1","花蓮縣","玉里鎮","121.320","23.320","356"
"655","177605","20220802231000","409","3","花蓮縣","玉里鎮","121.310","23.325","630"
"294","177606","20220802231000","166","3","花蓮縣","玉里鎮","121.315","23.325","290"
"284","177609","20220802231000","282","1","花蓮縣","玉里鎮","121.310","23.330","258"
"2313","177610","20220802231000","2037","1","花蓮縣","玉里鎮","121.315","23.330","2273"
"1088","177613","20220802231000","1113","0","花蓮縣","玉里鎮","121.315","23.340","1126"
"164","177617","20220802231000","162","1","花蓮縣","玉里鎮","121.320","23.345","176"
"467","177619","20220802231000","470","0","花蓮縣","玉里鎮","121.320","23.330","472"
"138","177624","20220802231000","125","1","花蓮縣","玉里鎮","121.320","23.350","156"
"288","177632","20220802231000","238","2","花蓮縣","卓溪鄉","121.320","23.355","304"
"92","177742","20220802231000","50","3","臺東縣","長濱鄉","121.425","23.290","94"
"24","177750","20220802231000","29","0","臺東縣","長濱鄉","121.420","23.295","40"
"346","177808","20220802231000","525","0","臺東縣","長濱鄉","121.455","23.315","355"
"219","177813","20220802231000","179","2","臺東縣","長濱鄉","121.460","23.320","219"
"150","177815","20220802231000","99","3","臺東縣","長濱鄉","121.445","23.325","153"
"204","177826","20220802231000","154","2","臺東縣","長濱鄉","121.465","23.335","194"
"700","178630","20220802231000","640","1","臺南市","鹽水區","120.265","23.320","892"
"92","178643","20220802231000","244","0","臺南市","新營區","120.305","23.320","141"
"246","178644","20220802231000","109","3","臺南市","新營區","120.310","23.320","230"
"41","178697","20220802231000","34","2","嘉義縣","中埔鄉","120.510","23.345","45"
"16","178710","20220802231000","15","1","嘉義縣","中埔鄉","120.520","23.350","19"
"12","178712","20220802231000","53","0","嘉義縣","中埔鄉","120.530","23.350","14"
"333","178722","20220802231000","116","3","嘉義縣","中埔鄉","120.540","23.355","324"
"68","178756","20220802231000","78","0","嘉義縣","中埔鄉","120.495","23.370","83"
"11","178763","20220802231000","20","0","臺南市","鹽水區","120.245","23.295","19"
"150","178768","20220802231000","299","0","臺南市","鹽水區","120.260","23.295","244"
"164","178886","20220802231000","170","0","嘉義縣","布袋鎮","120.140","23.335","226"
"668","178930","20220802231000","187","3","嘉義縣","布袋鎮","120.160","23.320","624"
"613","178938","20220802231000","1110","0","嘉義縣","布袋鎮","120.165","23.325","827"
"92","178970","20220802231000","52","3","嘉義縣","大埔鄉","120.625","23.300","89"
"21","178978","20220802231000","15","2","嘉義縣","大埔鄉","120.605","23.305","26"
"94","179106","20220802231000","79","1","嘉義縣","大埔鄉","120.590","23.295","96"
"253","179113","20220802231000","540","0","嘉義縣","大埔鄉","120.595","23.295","413"
"155","179189","20220802231000","116","2","嘉義縣","大埔鄉","120.570","23.330","158"
"25","179210","20220802231000","26","0","嘉義縣","大埔鄉","120.555","23.340","37"
"29","179249","20220802231000","15","3","嘉義縣","大埔鄉","120.585","23.360","27"
"29","179312","20220802231000","33","0","嘉義縣","番路鄉","120.605","23.355","39"
"291","179320","20220802231000","150","3","嘉義縣","番路鄉","120.590","23.360","228"
"618","179352","20220802231000","1265","0","嘉義縣","義竹鄉","120.250","23.340","1095"
"280","179448","20220802231000","639","0","嘉義縣","義竹鄉","120.240","23.335","474"
"124","179461","20220802231000","66","3","嘉義縣","義竹鄉","120.245","23.335","122"
"251","179521","20220802231000","444","0","嘉義縣","義竹鄉","120.195","23.305","609"
"38","179523","20220802231000","16","3","嘉義縣","義竹鄉","120.205","23.305","26"
"58","179646","20220802231000","27","3","嘉義縣","阿里山鄉","120.680","23.335","43"
"33","179666","20220802231000","53","0","嘉義縣","阿里山鄉","120.680","23.340","68"
"42","179747","20220802231000","78","0","嘉義縣","阿里山鄉","120.665","23.300","74"
"69","179773","20220802231000","67","1","嘉義縣","阿里山鄉","120.695","23.305","75"
"43","179780","20220802231000","43","1","嘉義縣","阿里山鄉","120.665","23.310","47"
"378","179845","20220802231000","755","0","嘉義縣","義竹鄉","120.225","23.320","819"
"447","179874","20220802231000","722","0","嘉義縣","義竹鄉","120.190","23.335","948"
"142","179880","20220802231000","561","0","嘉義縣","義竹鄉","120.230","23.360","414"
"149","179883","20220802231000","85","3","嘉義縣","義竹鄉","120.245","23.360","139"
"291","179922","20220802231000","668","0","嘉義縣","義竹鄉","120.220","23.360","609"
"80","179933","20220802231000","133","0","嘉義縣","義竹鄉","120.210","23.300","165"
"284","179945","20220802231000","533","0","嘉義縣","義竹鄉","120.270","23.360","532"
"140","180132","20220802231000","249","0","澎湖縣","望安鄉","119.520","23.365","149"
"51","180802","20220802231000","166","0","嘉義縣","布袋鎮","120.140","23.375","92"
"105","180804","20220802231000","72","2","臺東縣","長濱鄉","121.475","23.380","109"
"101","181221","20220802231000","126","0","澎湖縣","望安鄉","119.495","23.380","161"
"80","185223","20220802231000","148","0","嘉義縣","東石鄉","120.135","23.450","134"
"683","185452","20220802231000","1454","0","嘉義市","東區","120.455","23.450","929"
"1053","185456","20220802231000","1119","0","嘉義縣","水上鄉","120.430","23.450","997"
"90","185475","20220802231000","102","0","澎湖縣","望安鄉","119.320","23.395","95"
"20","185483","20220802231000","15","2","花蓮縣","玉里鎮","121.350","23.440","12"
"53","185491","20220802231000","55","0","花蓮縣","瑞穗鄉","121.350","23.450","56"
"192","185499","20220802231000","789","0","臺南市","白河區","120.405","23.395","168"
"47","185543","20220802231000","13","3","花蓮縣","玉里鎮","121.390","23.380","27"
"333","185546","20220802231000","270","2","花蓮縣","玉里鎮","121.355","23.385","315"
"23","185565","20220802231000","11","3","花蓮縣","玉里鎮","121.395","23.390","25"
"68","185576","20220802231000","32","3","花蓮縣","玉里鎮","121.355","23.395","53"
"47","185590","20220802231000","55","0","花蓮縣","玉里鎮","121.365","23.405","61"
"158","185598","20220802231000","346","0","臺南市","白河區","120.415","23.380","153"
"192","185635","20220802231000","340","0","臺南市","後壁區","120.380","23.390","277"
"542","185683","20220802231000","862","0","臺南市","後壁區","120.340","23.380","676"
"228","185698","20220802231000","135","3","臺南市","白河區","120.480","23.385","257"
"146","186808","20220802231000","139","1","花蓮縣","卓溪鄉","121.315","23.435","158"
"297","186812","20220802231000","229","2","花蓮縣","卓溪鄉","121.335","23.435","278"
"83","186826","20220802231000","60","2","花蓮縣","卓溪鄉","121.340","23.440","87"
"41","186875","20220802231000","32","2","臺南市","後壁區","120.335","23.380","41"
"13","186914","20220802231000","24","0","臺南市","白河區","120.445","23.380","33"
"55","186915","20220802231000","458","0","臺南市","白河區","120.450","23.380","81"
"378","186921","20220802231000","184","3","臺南市","白河區","120.435","23.390","310"
"24","187008","20220802231000","21","1","臺東縣","長濱鄉","121.480","23.395","24"
"216","187061","20220802231000","190","1","花蓮縣","玉里鎮","121.320","23.395","235"
"138","187086","20220802231000","110","2","花蓮縣","玉里鎮","121.340","23.415","144"
"176","187099","20220802231000","90","3","花蓮縣","玉里鎮","121.345","23.425","172"
"141","187105","20220802231000","131","1","花蓮縣","玉里鎮","121.345","23.430","152"
"19","187111","20220802231000","20","0","花蓮縣","玉里鎮","121.350","23.435","19"
"145","187173","20220802231000","118","2","花蓮縣","玉里鎮","121.395","23.450","153"
"21","187199","20220802231000","12","3","花蓮縣","玉里鎮","121.390","23.395","16"
"303","187253","20220802231000","228","2","花蓮縣","玉里鎮","121.375","23.425","301"
"226","187296","20220802231000","335","0","臺南市","白河區","120.440","23.400","297"
"173","187322","20220802231000","154","1","花蓮縣","玉里鎮","121.330","23.375","181"
"192","187339","20220802231000","121","3","花蓮縣","玉里鎮","121.325","23.390","216"
"22","187385","20220802231000","26","0","臺東縣","長濱鄉","121.465","23.405","21"
"48","187398","20220802231000","50","0","臺東縣","長濱鄉","121.470","23.410","64"
"23","187401","20220802231000","109","0","臺東縣","長濱鄉","121.485","23.410","17"
"546","188051","20220802231000","584","0","嘉義縣","中埔鄉","120.520","23.430","504"
"227","188063","20220802231000","311","0","嘉義縣","中埔鄉","120.560","23.435","259"
"400","188064","20220802231000","978","0","嘉義縣","中埔鄉","120.520","23.420","527"
"253","188069","20220802231000","247","1","嘉義縣","中埔鄉","120.520","23.425","356"
"163","188090","20220802231000","97","3","嘉義縣","中埔鄉","120.510","23.400","150"
"70","188129","20220802231000","443","0","嘉義縣","中埔鄉","120.460","23.445","61"
"539","188131","20220802231000","313","3","嘉義縣","中埔鄉","120.460","23.450","503"
"774","188132","20220802231000","526","2","嘉義縣","中埔鄉","120.470","23.450","652"
"282","188133","20220802231000","620","0","嘉義縣","中埔鄉","120.475","23.450","374"
"766","188134","20220802231000","1692","0","嘉義縣","中埔鄉","120.465","23.450","1045"
"322","188136","20220802231000","130","3","嘉義縣","中埔鄉","120.485","23.450","276"
"764","188141","20220802231000","1361","0","嘉義縣","中埔鄉","120.450","23.435","1056"
"758","188144","20220802231000","526","2","嘉義縣","中埔鄉","120.455","23.445","682"
"293","188147","20220802231000","468","0","嘉義縣","中埔鄉","120.480","23.440","407"
"27","188154","20220802231000","128","0","嘉義縣","中埔鄉","120.490","23.445","29"
"328","188193","20220802231000","569","0","嘉義縣","中埔鄉","120.520","23.385","531"
"248","188241","20220802231000","142","3","嘉義縣","中埔鄉","120.580","23.425","203"
"136","188261","20220802231000","161","0","嘉義縣","中埔鄉","120.540","23.390","168"
"26","188280","20220802231000","75","0","嘉義縣","中埔鄉","120.575","23.380","23"
"55","188314","20220802231000","44","2","嘉義縣","中埔鄉","120.590","23.395","56"
"280","188331","20220802231000","479","0","嘉義縣","中埔鄉","120.555","23.405","386"
"42","188335","20220802231000","13","3","嘉義縣","中埔鄉","120.575","23.405","37"
"848","188368","20220802231000","734","1","嘉義縣","中埔鄉","120.540","23.440","875"
"272","188369","20220802231000","254","1","嘉義縣","中埔鄉","120.545","23.440","297"
"263","188382","20220802231000","209","2","嘉義縣","中埔鄉","120.565","23.445","259"
"407","188390","20220802231000","374","1","嘉義縣","中埔鄉","120.530","23.440","402"
"699","188399","20220802231000","379","3","嘉義縣","中埔鄉","120.535","23.450","670"
"139","188417","20220802231000","340","0","嘉義縣","中埔鄉","120.510","23.435","210"
"636","188421","20220802231000","413","3","嘉義縣","中埔鄉","120.510","23.440","605"
"410","188422","20220802231000","727","0","嘉義縣","中埔鄉","120.495","23.445","560"
"215","188442","20220802231000","417","0","嘉義縣","中埔鄉","120.515","23.410","325"
"118","188445","20220802231000","257","0","嘉義縣","中埔鄉","120.530","23.410","182"
"158","188457","20220802231000","429","0","嘉義縣","中埔鄉","120.505","23.425","265"
"38","188462","20220802231000","33","1","嘉義縣","中埔鄉","120.505","23.375","39"
"164","188463","20220802231000","108","3","嘉義縣","中埔鄉","120.510","23.375","158"
"208","188469","20220802231000","388","0","嘉義縣","鹿草鄉","120.315","23.390","326"
"257","188493","20220802231000","441","0","嘉義縣","鹿草鄉","120.320","23.420","353"
"178","188498","20220802231000","141","2","嘉義縣","鹿草鄉","120.320","23.425","256"
"740","188503","20220802231000","980","0","嘉義縣","鹿草鄉","120.315","23.410","915"
"241","188507","20220802231000","125","3","嘉義縣","太保市","120.335","23.430","238"
"239","188508","20220802231000","120","3","嘉義縣","太保市","120.340","23.430","238"
"103","188510","20220802231000","71","2","嘉義縣","鹿草鄉","120.350","23.430","96"
"41","188516","20220802231000","247","0","嘉義縣","太保市","120.340","23.440","52"
"61","188554","20220802231000","455","0","嘉義縣","鹿草鄉","120.340","23.400","686"
"337","188555","20220802231000","255","2","嘉義縣","鹿草鄉","120.290","23.375","311"
"100","188574","20220802231000","347","0","嘉義縣","朴子市","120.245","23.415","107"
"89","188579","20220802231000","302","0","嘉義縣","水上鄉","120.355","23.410","66"
"268","188626","20220802231000","151","3","嘉義縣","鹿草鄉","120.345","23.405","192"
"277","188631","20220802231000","155","3","嘉義縣","鹿草鄉","120.330","23.410","215"
"515","188646","20220802231000","95","3","嘉義縣","朴子市","120.290","23.445","472"
"197","188650","20220802231000","74","3","嘉義縣","朴子市","120.280","23.450","144"
"460","188654","20220802231000","690","0","嘉義縣","布袋鎮","120.170","23.375","602"
"259","188666","20220802231000","137","3","嘉義縣","布袋鎮","120.220","23.390","254"
"137","188716","20220802231000","142","0","嘉義縣","阿里山鄉","120.715","23.390","132"
"205","188874","20220802231000","949","0","嘉義縣","太保市","120.345","23.450","227"
"60","188885","20220802231000","302","0","嘉義縣","太保市","120.320","23.445","64"
"114","188892","20220802231000","381","0","嘉義縣","太保市","120.340","23.450","121"
"180","188897","20220802231000","101","3","嘉義縣","朴子市","120.235","23.440","166"
"39","188921","20220802231000","14","3","嘉義縣","朴子市","120.240","23.450","30"
"228","188949","20220802231000","132","3","嘉義縣","朴子市","120.255","23.410","199"
"286","188956","20220802231000","407","0","嘉義縣","朴子市","120.260","23.420","387"
"57","188966","20220802231000","109","0","嘉義縣","東石鄉","120.145","23.455","85"
"679","188983","20220802231000","290","3","嘉義縣","布袋鎮","120.190","23.375","654"
"62","189028","20220802231000","328","0","嘉義縣","太保市","120.295","23.440","67"
"246","189044","20220802231000","153","3","嘉義縣","東石鄉","120.170","23.430","271"
"89","189051","20220802231000","143","0","嘉義縣","東石鄉","120.180","23.440","151"
"54","189105","20220802231000","146","0","嘉義縣","東石鄉","120.185","23.450","49"
"61","189112","20220802231000","256","0","嘉義縣","東石鄉","120.200","23.455","63"
"658","189144","20220802231000","390","3","嘉義縣","布袋鎮","120.165","23.375","616"
"76","189152","20220802231000","342","0","嘉義縣","東石鄉","120.205","23.425","85"
"355","189184","20220802231000","193","3","嘉義縣","水上鄉","120.410","23.430","333"
"44","189187","20220802231000","275","0","嘉義縣","水上鄉","120.415","23.430","56"
"442","189189","20220802231000","609","0","嘉義縣","水上鄉","120.415","23.435","566"
"331","189192","20220802231000","230","2","嘉義縣","水上鄉","120.420","23.440","307"
"400","189195","20220802231000","651","0","嘉義縣","布袋鎮","120.180","23.375","482"
"53","189210","20220802231000","141","0","嘉義縣","布袋鎮","120.200","23.400","98"
"253","189224","20220802231000","94","3","嘉義縣","水上鄉","120.435","23.430","212"
"94","189225","20220802231000","178","0","嘉義縣","水上鄉","120.420","23.430","143"
"902","189233","20220802231000","564","3","嘉義縣","水上鄉","120.425","23.440","890"
"81","189242","20220802231000","198","0","嘉義縣","水上鄉","120.370","23.415","69"
"88","189246","20220802231000","170","0","嘉義縣","水上鄉","120.370","23.420","123"
"96","189248","20220802231000","200","0","嘉義縣","水上鄉","120.360","23.425","88"
"236","189268","20220802231000","321","0","嘉義縣","水上鄉","120.495","23.400","296"
"104","189286","20220802231000","63","3","嘉義縣","水上鄉","120.450","23.415","113"
"90","189288","20220802231000","180","0","嘉義縣","水上鄉","120.460","23.415","133"
"106","189292","20220802231000","70","3","嘉義縣","水上鄉","120.450","23.420","129"
"68","189296","20220802231000","72","0","嘉義縣","水上鄉","120.410","23.445","54"
"232","189322","20220802231000","396","0","嘉義縣","水上鄉","120.370","23.440","352"
"157","189337","20220802231000","636","0","嘉義縣","水上鄉","120.360","23.445","172"
"264","189343","20220802231000","287","0","嘉義縣","水上鄉","120.425","23.445","279"
"1189","189344","20220802231000","946","2","嘉義縣","水上鄉","120.430","23.445","1209"
"119","189349","20220802231000","51","3","嘉義縣","水上鄉","120.435","23.415","115"
"250","189350","20220802231000","448","0","嘉義縣","水上鄉","120.430","23.420","394"
"377","189351","20220802231000","691","0","嘉義縣","水上鄉","120.435","23.420","604"
"130","189364","20220802231000","72","3","嘉義縣","布袋鎮","120.150","23.375","134"
"175","189365","20220802231000","265","0","嘉義縣","布袋鎮","120.155","23.375","241"
"264","189369","20220802231000","148","3","嘉義縣","布袋鎮","120.150","23.380","262"
"551","189370","20220802231000","347","3","嘉義縣","布袋鎮","120.155","23.380","517"
"137","189382","20220802231000","884","0","嘉義縣","水上鄉","120.470","23.435","146"
"119","189385","20220802231000","134","0","嘉義縣","水上鄉","120.385","23.405","143"
"27","189387","20220802231000","90","0","嘉義縣","水上鄉","120.390","23.410","59"
"440","189388","20220802231000","211","3","嘉義縣","水上鄉","120.385","23.415","375"
"142","189389","20220802231000","485","0","嘉義縣","水上鄉","120.385","23.420","252"
"11","189392","20220802231000","18","0","嘉義縣","水上鄉","120.405","23.450","13"
"568","189393","20220802231000","471","2","嘉義縣","水上鄉","120.435","23.445","490"
"143","189396","20220802231000","379","0","嘉義縣","水上鄉","120.400","23.425","177"
"139","189397","20220802231000","414","0","嘉義縣","水上鄉","120.395","23.430","139"
"974","189399","20220802231000","1286","0","嘉義縣","水上鄉","120.400","23.430","1146"
"159","189411","20220802231000","303","0","嘉義縣","水上鄉","120.390","23.425","218"
"93","189413","20220802231000","679","0","嘉義縣","水上鄉","120.395","23.435","102"
"325","189416","20220802231000","514","0","嘉義縣","水上鄉","120.400","23.435","377"
"188","189439","20220802231000","356","0","嘉義縣","水上鄉","120.420","23.420","286"
"32","189459","20220802231000","82","0","嘉義縣","水上鄉","120.385","23.425","49"
"191","189461","20220802231000","390","0","嘉義縣","水上鄉","120.380","23.430","287"
"141","189463","20220802231000","360","0","嘉義縣","水上鄉","120.390","23.430","219"
"601","189474","20220802231000","818","0","嘉義縣","鹿草鄉","120.295","23.380","793"
"103","189491","20220802231000","160","0","嘉義縣","鹿草鄉","120.270","23.395","129"
"362","189518","20220802231000","236","3","嘉義縣","鹿草鄉","120.305","23.415","374"
"45","189555","20220802231000","143","0","嘉義縣","鹿草鄉","120.285","23.435","44"
"103","189575","20220802231000","293","0","嘉義縣","朴子市","120.245","23.430","107"
"291","189579","20220802231000","474","0","嘉義縣","朴子市","120.245","23.435","458"
"230","189583","20220802231000","156","2","嘉義縣","朴子市","120.250","23.440","186"
"733","189591","20220802231000","1508","0","嘉義縣","東石鄉","120.180","23.420","1190"
"147","189607","20220802231000","256","0","嘉義縣","番路鄉","120.660","23.420","231"
"93","189608","20220802231000","86","1","嘉義縣","番路鄉","120.650","23.425","116"
"32","189630","20220802231000","35","0","嘉義縣","番路鄉","120.640","23.440","34"
"89","189633","20220802231000","116","0","嘉義縣","番路鄉","120.655","23.440","123"
"12","189645","20220802231000","27","0","嘉義縣","番路鄉","120.645","23.440","19"
"209","189663","20220802231000","153","2","嘉義縣","番路鄉","120.670","23.445","251"
"173","189673","20220802231000","100","3","嘉義縣","番路鄉","120.645","23.400","179"
"59","189685","20220802231000","32","3","嘉義縣","番路鄉","120.650","23.405","50"
"39","189703","20220802231000","24","3","嘉義縣","番路鄉","120.640","23.415","34"
"48","189705","20220802231000","28","3","嘉義縣","番路鄉","120.605","23.420","51"
"22","189724","20220802231000","20","1","嘉義縣","番路鄉","120.610","23.430","21"
"18","189740","20220802231000","15","2","嘉義縣","番路鄉","120.610","23.445","21"
"65","189756","20220802231000","72","0","嘉義縣","番路鄉","120.620","23.375","87"
"69","189823","20220802231000","144","0","嘉義縣","番路鄉","120.600","23.435","111"
"12","189824","20220802231000","10","2","嘉義縣","番路鄉","120.605","23.435","12"
"109","189837","20220802231000","180","0","嘉義縣","番路鄉","120.580","23.450","152"
"160","189852","20220802231000","250","0","嘉義縣","布袋鎮","120.170","23.385","254"
"73","189978","20220802231000","124","0","嘉義縣","阿里山鄉","120.665","23.380","120"
"16","189981","20220802231000","11","2","嘉義縣","阿里山鄉","120.680","23.380","12"
"129","190321","20220802231000","99","2","嘉義縣","阿里山鄉","120.750","23.440","147"
"47","190374","20220802231000","48","0","嘉義縣","阿里山鄉","120.755","23.450","47"
"104","190402","20220802231000","144","0","嘉義縣","義竹鄉","120.245","23.385","144"
"188","190407","20220802231000","264","0","嘉義縣","義竹鄉","120.240","23.375","283"
"70","192504","20220802231000","97","0","澎湖縣","馬公市","119.515","23.485","90"
"117","192620","20220802231000","254","0","嘉義縣","東石鄉","120.165","23.490","218"
"138","192621","20220802231000","82","3","花蓮縣","豐濱鄉","121.510","23.490","132"
"23","194053","20220802231000","122","0","澎湖縣","馬公市","119.515","23.510","20"
"164","194584","20220802231000","305","0","澎湖縣","馬公市","119.595","23.520","276"
"232","194849","20220802231000","307","0","澎湖縣","馬公市","119.580","23.525","299"
"367","194852","20220802231000","102","3","澎湖縣","馬公市","119.595","23.525","307"
"1512","194945","20220802231000","1033","2","嘉義市","東區","120.455","23.495","1525"
"364","194952","20220802231000","213","3","嘉義市","東區","120.485","23.460","366"
"87","194954","20220802231000","54","3","嘉義市","東區","120.495","23.460","65"
"75","194959","20220802231000","119","0","嘉義市","東區","120.485","23.470","76"
"16","194963","20220802231000","74","0","嘉義市","東區","120.490","23.475","29"
"332","194965","20220802231000","1051","0","嘉義市","西區","120.435","23.460","499"
"806","194966","20220802231000","1593","0","嘉義市","西區","120.440","23.460","775"
"553","194967","20220802231000","377","2","嘉義市","西區","120.445","23.460","558"
"34","194968","20220802231000","66","0","嘉義市","西區","120.440","23.475","29"
"905","194969","20220802231000","564","3","嘉義市","西區","120.440","23.490","919"
"1309","194970","20220802231000","1377","0","嘉義市","東區","120.460","23.480","1409"
"1026","194971","20220802231000","939","1","嘉義市","東區","120.450","23.480","1000"
"543","194972","20220802231000","807","0","嘉義市","東區","120.450","23.490","772"
"335","194973","20220802231000","2068","0","嘉義市","東區","120.450","23.495","380"
"659","194974","20220802231000","989","0","嘉義市","西區","120.415","23.485","921"
"374","194975","20220802231000","725","0","嘉義市","西區","120.405","23.490","459"
"1270","194980","20220802231000","2458","0","嘉義市","西區","120.425","23.475","1189"
"271","194981","20220802231000","692","0","嘉義市","西區","120.430","23.470","464"
"150","194985","20220802231000","1748","0","嘉義市","東區","120.470","23.490","140"
"573","194986","20220802231000","471","2","嘉義市","東區","120.470","23.495","519"
"450","194988","20220802231000","394","1","嘉義市","東區","120.480","23.495","442"
"957","194993","20220802231000","810","1","嘉義市","東區","120.450","23.500","941"
"60","194994","20220802231000","594","0","嘉義市","東區","120.450","23.505","66"
"809","194995","20220802231000","643","2","嘉義市","東區","120.455","23.505","774"
"262","194996","20220802231000","251","1","嘉義市","東區","120.445","23.510","224"
"483","195001","20220802231000","1454","0","嘉義市","東區","120.485","23.485","492"
"516","195002","20220802231000","412","2","嘉義市","東區","120.490","23.480","484"
"1359","195003","20220802231000","1313","1","嘉義市","東區","120.455","23.490","1475"
"2477","195004","20220802231000","2373","1","嘉義市","東區","120.455","23.480","2518"
"718","195006","20220802231000","292","3","嘉義市","西區","120.420","23.480","682"
"460","195007","20220802231000","997","0","嘉義市","西區","120.430","23.480","701"
"674","195008","20220802231000","501","2","嘉義市","西區","120.420","23.490","647"
"522","195009","20220802231000","2644","0","嘉義市","西區","120.430","23.465","760"
"1416","195011","20220802231000","942","3","嘉義市","西區","120.425","23.485","1482"
"984","195012","20220802231000","1944","0","嘉義市","西區","120.435","23.480","1026"
"1663","195013","20220802231000","2161","0","嘉義市","西區","120.430","23.485","1675"
"51","195015","20220802231000","35","2","嘉義市","西區","120.395","23.490","49"
"98","195016","20220802231000","108","0","嘉義市","西區","120.400","23.490","136"
"39","195017","20220802231000","27","2","嘉義市","西區","120.390","23.495","37"
"1763","195022","20220802231000","1193","2","嘉義市","西區","120.440","23.480","1819"
"390","195024","20220802231000","441","0","嘉義市","西區","120.430","23.495","541"
"142","195025","20220802231000","1478","0","嘉義市","西區","120.425","23.490","111"
"2099","195033","20220802231000","1268","3","嘉義市","東區","120.450","23.475","2212"
"1802","195036","20220802231000","988","3","嘉義市","東區","120.450","23.460","1777"
"2252","195037","20220802231000","1946","1","嘉義市","東區","120.455","23.455","2420"
"113","195038","20220802231000","1890","0","嘉義市","西區","120.435","23.470","116"
"285","195039","20220802231000","206","2","嘉義市","西區","120.430","23.455","279"
"20","195040","20220802231000","451","0","嘉義市","西區","120.430","23.460","31"
"116","195041","20220802231000","1261","0","嘉義市","西區","120.440","23.485","100"
"63","195042","20220802231000","122","0","嘉義市","西區","120.395","23.465","147"
"424","195047","20220802231000","331","2","嘉義市","西區","120.405","23.470","445"
"450","195049","20220802231000","400","1","嘉義市","西區","120.405","23.475","415"
"68","195053","20220802231000","590","0","嘉義市","西區","120.445","23.500","59"
"1520","195054","20220802231000","1841","0","嘉義市","東區","120.465","23.490","1582"
"29","195055","20220802231000","14","3","嘉義市","東區","120.465","23.495","34"
"568","195056","20220802231000","312","3","嘉義市","東區","120.460","23.470","547"
"1993","195057","20220802231000","1117","3","嘉義市","東區","120.470","23.480","1941"
"76","195058","20220802231000","917","0","嘉義市","東區","120.465","23.475","111"
"2154","195060","20220802231000","1812","1","嘉義市","西區","120.435","23.475","2163"
"1443","195061","20220802231000","789","3","嘉義市","西區","120.440","23.465","1460"
"23","195062","20220802231000","487","0","嘉義市","西區","120.450","23.465","22"
"1337","195064","20220802231000","2083","0","嘉義市","西區","120.440","23.470","1330"
"15","195065","20220802231000","12","2","嘉義市","東區","120.455","23.485","18"
"58","195066","20220802231000","671","0","嘉義市","東區","120.450","23.485","54"
"624","195069","20220802231000","530","1","嘉義市","西區","120.415","23.475","628"
"1558","195073","20220802231000","3187","0","嘉義市","西區","120.440","23.455","1513"
"3076","195075","20220802231000","2674","1","嘉義市","西區","120.445","23.475","2996"
"2022","195076","20220802231000","2150","0","嘉義市","東區","120.465","23.465","1993"
"1401","195083","20220802231000","788","3","嘉義市","東區","120.445","23.515","1371"
"429","195084","20220802231000","915","0","嘉義市","東區","120.465","23.480","441"
"314","195086","20220802231000","938","0","嘉義市","東區","120.480","23.465","438"
"968","195090","20220802231000","892","1","嘉義市","東區","120.475","23.475","1097"
"49","195093","20220802231000","708","0","嘉義市","東區","120.470","23.485","51"
"855","195094","20220802231000","556","3","嘉義市","東區","120.475","23.485","889"
"26","195098","20220802231000","20","2","嘉義市","東區","120.500","23.475","37"
"21","195100","20220802231000","341","0","嘉義市","東區","120.485","23.480","24"
"733","195103","20220802231000","506","2","嘉義市","東區","120.500","23.480","715"
"552","195108","20220802231000","395","2","嘉義市","東區","120.490","23.485","531"
"23","195109","20220802231000","17","2","嘉義市","東區","120.495","23.485","26"
"57","195113","20220802231000","864","0","嘉義市","東區","120.470","23.475","63"
"912","195114","20220802231000","604","3","嘉義市","東區","120.455","23.500","896"
"176","195115","20220802231000","80","3","嘉義市","東區","120.475","23.490","151"
"808","195118","20220802231000","627","2","嘉義市","東區","120.480","23.490","772"
"985","195120","20220802231000","1979","0","嘉義市","東區","120.455","23.475","1023"
"651","195121","20220802231000","1623","0","嘉義市","西區","120.430","23.490","1024"
"87","195122","20220802231000","915","0","嘉義市","西區","120.435","23.485","98"
"115","195123","20220802231000","1010","0","嘉義市","西區","120.435","23.490","124"
"663","195124","20220802231000","683","0","嘉義市","西區","120.450","23.470","680"
"882","195127","20220802231000","450","3","嘉義市","東區","120.470","23.470","837"
"48","195128","20220802231000","725","0","嘉義市","東區","120.475","23.480","41"
"475","195129","20220802231000","462","1","嘉義市","東區","120.465","23.485","490"
"29","195131","20220802231000","47","0","嘉義市","東區","120.480","23.480","36"
"907","195133","20220802231000","758","1","嘉義市","東區","120.460","23.490","899"
"102","195139","20220802231000","531","0","嘉義市","西區","120.405","23.480","100"
"464","195147","20220802231000","304","3","嘉義市","西區","120.415","23.465","427"
"81","195148","20220802231000","1700","0","嘉義市","西區","120.420","23.465","85"
"1076","195150","20220802231000","659","3","嘉義市","西區","120.415","23.470","1065"
"87","195151","20220802231000","87","1","嘉義市","西區","120.420","23.470","95"
"948","195154","20220802231000","506","3","嘉義市","西區","120.440","23.495","917"
"121","195158","20220802231000","102","1","嘉義市","東區","120.430","23.505","134"
"277","195159","20220802231000","152","3","嘉義市","西區","120.435","23.505","237"
"679","195160","20220802231000","922","0","嘉義市","西區","120.445","23.485","776"
"1902","195161","20220802231000","1391","2","嘉義市","東區","120.460","23.465","1871"
"721","195162","20220802231000","1357","0","嘉義市","西區","120.445","23.470","768"
"165","195164","20220802231000","121","2","嘉義市","西區","120.425","23.465","164"
"52","195165","20220802231000","79","0","嘉義市","西區","120.425","23.480","55"
"1746","195166","20220802231000","1288","2","嘉義市","西區","120.445","23.480","1753"
"475","195167","20220802231000","824","0","嘉義市","東區","120.460","23.455","649"
"380","195169","20220802231000","246","3","嘉義市","東區","120.465","23.460","352"
"2221","195170","20220802231000","1494","2","嘉義市","東區","120.455","23.465","2167"
"720","195171","20220802231000","591","2","嘉義市","東區","120.455","23.470","726"
"268","195183","20220802231000","405","0","澎湖縣","馬公市","119.590","23.515","440"
"150","195202","20220802231000","226","0","澎湖縣","馬公市","119.605","23.525","310"
"204","195219","20220802231000","161","2","花蓮縣","瑞穗鄉","121.375","23.495","195"
"38","195220","20220802231000","79","0","花蓮縣","瑞穗鄉","121.375","23.500","50"
"483","195222","20220802231000","405","1","花蓮縣","瑞穗鄉","121.375","23.505","473"
"304","195231","20220802231000","242","2","花蓮縣","瑞穗鄉","121.390","23.490","280"
"1490","195232","20220802231000","1263","1","花蓮縣","瑞穗鄉","121.380","23.495","1549"
"79","195268","20220802231000","64","2","花蓮縣","瑞穗鄉","121.355","23.465","87"
"73","195289","20220802231000","72","1","花蓮縣","瑞穗鄉","121.360","23.475","78"
"413","195291","20220802231000","286","2","花蓮縣","瑞穗鄉","121.370","23.475","430"
"62","195336","20220802231000","33","3","花蓮縣","瑞穗鄉","121.390","23.520","62"
"11","195428","20220802231000","18","0","花蓮縣","瑞穗鄉","121.435","23.490","13"
"82","195430","20220802231000","55","2","花蓮縣","瑞穗鄉","121.445","23.490","82"
"198","196332","20220802231000","168","1","花蓮縣","瑞穗鄉","121.375","23.515","206"
"74","196345","20220802231000","43","3","花蓮縣","瑞穗鄉","121.360","23.480","72"
"343","196360","20220802231000","220","3","花蓮縣","瑞穗鄉","121.355","23.490","338"
"339","196364","20220802231000","289","1","花蓮縣","瑞穗鄉","121.375","23.490","362"
"62","196368","20220802231000","52","1","花蓮縣","瑞穗鄉","121.360","23.495","76"
"194","196453","20220802231000","164","1","花蓮縣","卓溪鄉","121.325","23.490","206"
"327","196567","20220802231000","190","3","花蓮縣","豐濱鄉","121.505","23.470","348"
"101","196575","20220802231000","36","3","花蓮縣","豐濱鄉","121.505","23.475","108"
"75","196592","20220802231000","55","2","花蓮縣","豐濱鄉","121.510","23.480","92"
"80","196639","20220802231000","53","3","花蓮縣","豐濱鄉","121.500","23.455","85"
"239","196667","20220802231000","143","3","花蓮縣","玉里鎮","121.405","23.465","229"
"155","196709","20220802231000","72","3","花蓮縣","玉里鎮","121.395","23.455","129"
"1100","196774","20220802231000","781","2","嘉義縣","中埔鄉","120.465","23.455","1124"
"675","196781","20220802231000","1708","0","嘉義縣","民雄鄉","120.430","23.520","853"
"530","196789","20220802231000","506","1","嘉義縣","民雄鄉","120.440","23.515","511"
"218","196793","20220802231000","236","0","嘉義縣","六腳鄉","120.290","23.520","314"
"391","196815","20220802231000","609","0","嘉義縣","六腳鄉","120.250","23.510","586"
"49","196825","20220802231000","36","2","嘉義縣","六腳鄉","120.225","23.485","52"
"194","196836","20220802231000","102","3","嘉義縣","六腳鄉","120.285","23.500","197"
"141","196856","20220802231000","170","0","雲林縣","水林鄉","120.225","23.505","208"
"92","196879","20220802231000","345","0","嘉義縣","六腳鄉","120.245","23.485","92"
"126","196886","20220802231000","212","0","嘉義縣","民雄鄉","120.415","23.525","227"
"111","196888","20220802231000","16","3","嘉義縣","民雄鄉","120.425","23.525","99"
"87","196895","20220802231000","167","0","嘉義縣","太保市","120.310","23.460","101"
"69","196913","20220802231000","111","0","嘉義縣","新港鄉","120.375","23.515","94"
"213","196921","20220802231000","892","0","嘉義縣","新港鄉","120.380","23.525","227"
"185","196935","20220802231000","329","0","嘉義縣","六腳鄉","120.280","23.505","267"
"563","196963","20220802231000","534","1","嘉義縣","六腳鄉","120.310","23.500","551"
"527","197018","20220802231000","832","0","嘉義縣","太保市","120.335","23.490","733"
"738","197019","20220802231000","487","3","嘉義縣","太保市","120.340","23.495","746"
"1599","197036","20220802231000","2288","0","嘉義縣","太保市","120.365","23.500","2184"
"24","197041","20220802231000","96","0","嘉義縣","太保市","120.360","23.510","27"
"1243","197046","20220802231000","605","3","嘉義縣","太保市","120.370","23.500","1055"
"23","197053","20220802231000","16","2","嘉義縣","六腳鄉","120.265","23.525","29"
"259","197055","20220802231000","305","0","嘉義縣","六腳鄉","120.275","23.525","344"
"82","197536","20220802231000","85","0","南投縣","信義鄉","120.870","23.470","124"
"248","197682","20220802231000","849","0","嘉義縣","民雄鄉","120.440","23.520","368"
"576","197684","20220802231000","1325","0","嘉義縣","民雄鄉","120.440","23.525","825"
"972","197685","20220802231000","1750","0","嘉義縣","民雄鄉","120.445","23.525","1134"
"112","197686","20220802231000","52","3","嘉義縣","民雄鄉","120.450","23.525","88"
"102","197696","20220802231000","69","2","嘉義縣","民雄鄉","120.425","23.510","105"
"513","197703","20220802231000","358","2","嘉義縣","民雄鄉","120.465","23.505","508"
"306","197710","20220802231000","463","0","嘉義縣","民雄鄉","120.475","23.515","441"
"60","197714","20220802231000","67","0","嘉義縣","民雄鄉","120.480","23.520","65"
"153","197719","20220802231000","90","3","雲林縣","水林鄉","120.205","23.530","148"
"544","197727","20220802231000","145","3","嘉義縣","太保市","120.380","23.490","477"
"183","197729","20220802231000","229","0","嘉義縣","太保市","120.370","23.495","247"
"104","197749","20220802231000","104","1","嘉義縣","太保市","120.385","23.480","163"
"1542","197755","20220802231000","1052","2","嘉義縣","朴子市","120.285","23.465","1675"
"304","197756","20220802231000","191","3","嘉義縣","朴子市","120.290","23.465","366"
"43","197762","20220802231000","26","3","嘉義縣","太保市","120.290","23.470","34"
"60","197764","20220802231000","250","0","嘉義縣","太保市","120.290","23.475","59"
"267","197766","20220802231000","142","3","嘉義縣","朴子市","120.240","23.470","278"
"45","197770","20220802231000","84","0","嘉義縣","新港鄉","120.310","23.515","37"
"37","197781","20220802231000","107","0","嘉義縣","新港鄉","120.330","23.520","35"
"73","197788","20220802231000","441","0","嘉義縣","朴子市","120.285","23.455","86"
"48","197789","20220802231000","202","0","嘉義縣","朴子市","120.290","23.455","45"
"451","197794","20220802231000","1049","0","嘉義縣","朴子市","120.285","23.460","428"
"67","197795","20220802231000","251","0","嘉義縣","朴子市","120.290","23.460","58"
"1005","197796","20220802231000","723","2","嘉義縣","朴子市","120.265","23.465","956"
"105","197797","20220802231000","416","0","嘉義縣","朴子市","120.255","23.455","87"
"75","197799","20220802231000","45","3","嘉義縣","朴子市","120.265","23.455","63"
"873","197800","20220802231000","254","3","嘉義縣","朴子市","120.250","23.460","850"
"136","197802","20220802231000","65","3","嘉義縣","朴子市","120.260","23.460","141"
"495","197804","20220802231000","231","3","嘉義縣","朴子市","120.255","23.465","490"
"116","197820","20220802231000","112","1","嘉義縣","新港鄉","120.365","23.515","145"
"138","197822","20220802231000","311","0","嘉義縣","新港鄉","120.350","23.520","136"
"98","197827","20220802231000","460","0","嘉義縣","新港鄉","120.355","23.520","115"
"59","197830","20220802231000","138","0","嘉義縣","新港鄉","120.330","23.510","44"
"69","197832","20220802231000","55","2","嘉義縣","新港鄉","120.340","23.510","66"
"127","197837","20220802231000","85","2","嘉義縣","新港鄉","120.340","23.515","132"
"73","197862","20220802231000","50","2","嘉義縣","阿里山鄉","120.790","23.505","87"
"169","197867","20220802231000","260","0","嘉義縣","阿里山鄉","120.810","23.515","266"
"121","197868","20220802231000","88","2","嘉義縣","阿里山鄉","120.815","23.515","140"
"320","197899","20220802231000","279","1","嘉義縣","太保市","120.335","23.475","367"
"125","197906","20220802231000","282","0","嘉義縣","太保市","120.345","23.480","197"
"70","197913","20220802231000","172","0","嘉義縣","太保市","120.300","23.465","69"
"23","197924","20220802231000","160","0","嘉義縣","太保市","120.300","23.470","23"
"36","197940","20220802231000","33","1","南投縣","信義鄉","120.890","23.490","91"
"123","198035","20220802231000","118","1","雲林縣","水林鄉","120.230","23.515","115"
"656","198046","20220802231000","475","2","雲林縣","水林鄉","120.230","23.520","647"
"1466","198052","20220802231000","1374","1","嘉義縣","朴子市","120.245","23.470","1713"
"99","198053","20220802231000","480","0","嘉義縣","六腳鄉","120.250","23.470","89"
"201","198057","20220802231000","1237","0","嘉義縣","朴子市","120.245","23.465","233"
"236","198066","20220802231000","1155","0","嘉義縣","朴子市","120.240","23.465","273"
"738","198068","20220802231000","265","3","嘉義縣","朴子市","120.225","23.460","712"
"332","198071","20220802231000","943","0","嘉義縣","朴子市","120.235","23.465","370"
"739","198076","20220802231000","368","3","嘉義縣","朴子市","120.270","23.480","714"
"95","198087","20220802231000","182","0","嘉義縣","太保市","120.355","23.465","104"
"976","198089","20220802231000","2511","0","嘉義縣","太保市","120.380","23.500","1398"
"19","198113","20220802231000","93","0","雲林縣","水林鄉","120.225","23.510","14"
"689","198129","20220802231000","491","2","嘉義縣","太保市","120.325","23.455","933"
"106","198131","20220802231000","358","0","嘉義縣","太保市","120.335","23.455","117"
"111","198135","20220802231000","327","0","嘉義縣","太保市","120.335","23.460","107"
"139","198141","20220802231000","699","0","嘉義縣","太保市","120.295","23.455","145"
"220","198144","20220802231000","933","0","嘉義縣","太保市","120.295","23.460","264"
"169","198164","20220802231000","175","0","嘉義縣","東石鄉","120.170","23.480","218"
"14","198190","20220802231000","31","0","嘉義縣","東石鄉","120.145","23.465","31"
"45","198208","20220802231000","37","2","嘉義縣","梅山鄉","120.710","23.520","47"
"140","198214","20220802231000","133","1","嘉義縣","梅山鄉","120.710","23.525","138"
"347","198237","20220802231000","603","0","嘉義縣","東石鄉","120.170","23.465","496"
"281","198282","20220802231000","455","0","嘉義縣","東石鄉","120.185","23.490","384"
"22","198283","20220802231000","17","2","嘉義縣","東石鄉","120.185","23.495","21"
"685","198309","20220802231000","793","0","嘉義縣","東石鄉","120.150","23.460","835"
"399","198354","20220802231000","187","3","嘉義縣","東石鄉","120.155","23.500","396"
"109","198358","20220802231000","174","0","嘉義縣","東石鄉","120.175","23.500","142"
"80","198378","20220802231000","72","1","嘉義縣","東石鄉","120.160","23.510","88"
"163","198419","20220802231000","204","0","嘉義縣","梅山鄉","120.660","23.525","260"
"61","198450","20220802231000","44","2","嘉義縣","民雄鄉","120.450","23.520","43"
"194","198452","20220802231000","108","3","嘉義縣","民雄鄉","120.460","23.520","194"
"60","198455","20220802231000","53","1","嘉義縣","民雄鄉","120.455","23.525","50"
"141","198456","20220802231000","345","0","嘉義縣","民雄鄉","120.460","23.525","222"
"205","198457","20220802231000","131","3","嘉義縣","民雄鄉","120.450","23.530","218"
"1072","198458","20220802231000","636","3","嘉義縣","民雄鄉","120.455","23.530","987"
"294","198459","20220802231000","471","0","嘉義縣","民雄鄉","120.460","23.530","449"
"85","198474","20220802231000","118","0","嘉義縣","民雄鄉","120.475","23.525","97"
"52","198490","20220802231000","155","0","嘉義縣","新港鄉","120.390","23.515","48"
"106","198491","20220802231000","60","3","嘉義縣","民雄鄉","120.400","23.515","87"
"347","198495","20220802231000","602","0","嘉義縣","民雄鄉","120.410","23.520","531"
"83","198501","20220802231000","67","2","嘉義縣","民雄鄉","120.415","23.520","85"
"1072","198503","20220802231000","904","1","嘉義縣","民雄鄉","120.430","23.530","907"
"482","198542","20220802231000","188","3","嘉義縣","六腳鄉","120.300","23.505","449"
"12","198546","20220802231000","30","0","嘉義縣","六腳鄉","120.300","23.515","23"
"33","198646","20220802231000","119","0","嘉義縣","水上鄉","120.375","23.460","43"
"177","198651","20220802231000","145","2","雲林縣","水林鄉","120.210","23.515","173"
"180","198686","20220802231000","476","0","嘉義縣","水上鄉","120.410","23.455","302"
"357","198687","20220802231000","172","3","嘉義縣","水上鄉","120.415","23.455","338"
"929","198691","20220802231000","388","3","嘉義市","西區","120.415","23.460","861"
"59","198693","20220802231000","97","0","嘉義縣","水上鄉","120.420","23.460","49"
"905","198697","20220802231000","1030","0","嘉義縣","六腳鄉","120.295","23.490","1337"
"343","198713","20220802231000","252","2","雲林縣","口湖鄉","120.185","23.525","338"
"420","198720","20220802231000","776","0","嘉義縣","水上鄉","120.400","23.455","910"
"324","198726","20220802231000","1231","0","嘉義縣","朴子市","120.245","23.460","349"
"30","198735","20220802231000","18","3","嘉義縣","六腳鄉","120.260","23.530","32"
"118","198769","20220802231000","242","0","嘉義縣","番路鄉","120.555","23.465","177"
"420","198770","20220802231000","792","0","嘉義縣","番路鄉","120.560","23.465","555"
"289","198785","20220802231000","237","2","嘉義縣","番路鄉","120.505","23.455","303"
"59","198844","20220802231000","117","0","嘉義縣","番路鄉","120.620","23.480","109"
"31","198849","20220802231000","19","3","嘉義縣","番路鄉","120.625","23.485","38"
"81","198869","20220802231000","60","2","嘉義縣","番路鄉","120.540","23.460","84"
"374","198871","20220802231000","224","3","嘉義縣","番路鄉","120.550","23.460","305"
"120","198874","20220802231000","129","0","嘉義縣","番路鄉","120.540","23.465","140"
"29","198875","20220802231000","42","0","嘉義縣","番路鄉","120.535","23.470","16"
"197","198880","20220802231000","135","2","嘉義縣","番路鄉","120.600","23.455","200"
"147","198884","20220802231000","231","0","嘉義縣","番路鄉","120.595","23.460","172"
"66","198885","20220802231000","42","3","嘉義縣","番路鄉","120.600","23.460","63"
"31","198891","20220802231000","146","0","嘉義縣","番路鄉","120.530","23.475","24"
"520","198892","20220802231000","812","0","嘉義縣","番路鄉","120.535","23.475","660"
"94","198893","20220802231000","104","0","嘉義縣","番路鄉","120.510","23.480","113"
"25","198896","20220802231000","57","0","嘉義縣","番路鄉","120.525","23.480","37"
"286","198913","20220802231000","213","2","嘉義縣","竹崎鄉","120.685","23.460","350"
"93","198918","20220802231000","113","0","嘉義縣","竹崎鄉","120.695","23.475","145"
"47","198922","20220802231000","32","2","嘉義縣","竹崎鄉","120.700","23.480","41"
"27","198923","20220802231000","16","3","嘉義縣","竹崎鄉","120.705","23.480","38"
"76","198932","20220802231000","27","3","嘉義縣","竹崎鄉","120.705","23.485","83"
"104","198946","20220802231000","116","0","嘉義縣","竹崎鄉","120.695","23.500","150"
"130","198952","20220802231000","175","0","嘉義縣","竹崎鄉","120.695","23.505","214"
"28","198964","20220802231000","31","0","嘉義縣","竹崎鄉","120.660","23.505","25"
"213","198983","20220802231000","137","3","嘉義縣","竹崎鄉","120.635","23.520","229"
"94","199039","20220802231000","61","3","嘉義縣","竹崎鄉","120.650","23.470","91"
"165","199063","20220802231000","119","2","嘉義縣","竹崎鄉","120.680","23.480","172"
"719","199106","20220802231000","558","2","嘉義縣","竹崎鄉","120.570","23.485","671"
"206","199108","20220802231000","271","0","嘉義縣","竹崎鄉","120.555","23.485","247"
"70","199120","20220802231000","22","3","嘉義縣","竹崎鄉","120.540","23.515","64"
"917","199122","20220802231000","1339","0","嘉義縣","竹崎鄉","120.550","23.515","1224"
"219","199146","20220802231000","482","0","嘉義縣","竹崎鄉","120.570","23.500","384"
"67","199161","20220802231000","413","0","嘉義縣","竹崎鄉","120.550","23.530","67"
"79","199213","20220802231000","50","3","嘉義縣","竹崎鄉","120.590","23.465","78"
"102","199237","20220802231000","165","0","嘉義縣","竹崎鄉","120.605","23.470","175"
"59","199241","20220802231000","62","0","嘉義縣","竹崎鄉","120.585","23.475","63"
"320","199248","20220802231000","189","3","嘉義縣","竹崎鄉","120.575","23.480","281"
"587","199280","20220802231000","418","2","嘉義縣","竹崎鄉","120.505","23.485","525"
"487","199288","20220802231000","805","0","嘉義縣","竹崎鄉","120.500","23.490","686"
"821","199291","20220802231000","595","2","嘉義縣","竹崎鄉","120.520","23.490","776"
"293","199297","20220802231000","477","0","嘉義縣","竹崎鄉","120.495","23.495","374"
"571","199306","20220802231000","302","3","嘉義縣","竹崎鄉","120.500","23.500","522"
"357","199313","20220802231000","312","1","嘉義縣","竹崎鄉","120.505","23.525","360"
"204","199322","20220802231000","300","0","嘉義縣","竹崎鄉","120.515","23.530","258"
"162","199330","20220802231000","233","0","嘉義縣","竹崎鄉","120.495","23.510","214"
"155","199332","20220802231000","96","3","嘉義縣","竹崎鄉","120.495","23.515","151"
"456","199353","20220802231000","800","0","嘉義縣","竹崎鄉","120.570","23.505","703"
"96","199358","20220802231000","130","0","嘉義縣","竹崎鄉","120.610","23.510","157"
"244","199367","20220802231000","157","3","嘉義縣","竹崎鄉","120.605","23.515","191"
"177","199379","20220802231000","63","3","嘉義縣","竹崎鄉","120.610","23.520","150"
"55","199459","20220802231000","64","0","嘉義縣","阿里山鄉","120.950","23.465","50"
"14","199523","20220802231000","13","1","嘉義縣","阿里山鄉","120.795","23.490","24"
"44","199552","20220802231000","44","1","嘉義縣","阿里山鄉","120.815","23.505","77"
"382","199555","20220802231000","581","0","嘉義縣","阿里山鄉","120.805","23.510","687"
"270","199603","20220802231000","159","3","嘉義縣","阿里山鄉","120.730","23.530","195"
"61","199642","20220802231000","106","0","嘉義縣","阿里山鄉","120.755","23.490","83"
"58","199653","20220802231000","39","2","嘉義縣","阿里山鄉","120.745","23.495","61"
"74","199719","20220802231000","69","1","嘉義縣","阿里山鄉","120.720","23.455","119"
"22","199725","20220802231000","42","0","嘉義縣","阿里山鄉","120.700","23.460","38"
"151","199742","20220802231000","139","1","嘉義縣","阿里山鄉","120.730","23.465","145"
"88","199744","20220802231000","63","2","嘉義縣","竹崎鄉","120.695","23.470","145"
"221","199745","20220802231000","350","0","嘉義縣","阿里山鄉","120.700","23.470","321"
"77","199748","20220802231000","55","2","嘉義縣","阿里山鄉","120.715","23.470","84"
"98","199760","20220802231000","79","2","嘉義縣","阿里山鄉","120.715","23.480","107"
"37","199769","20220802231000","48","0","嘉義縣","阿里山鄉","120.720","23.485","69"
"66","199777","20220802231000","131","0","嘉義縣","阿里山鄉","120.750","23.455","114"
"24","199798","20220802231000","18","2","嘉義縣","阿里山鄉","120.775","23.460","31"
"447","199875","20220802231000","209","3","嘉義縣","竹崎鄉","120.595","23.485","424"
"235","199886","20220802231000","129","3","嘉義縣","竹崎鄉","120.595","23.495","232"
"484","199897","20220802231000","406","1","嘉義縣","竹崎鄉","120.550","23.485","478"
"211","199900","20220802231000","264","0","嘉義縣","竹崎鄉","120.540","23.495","208"
"343","199903","20220802231000","720","0","嘉義縣","竹崎鄉","120.540","23.500","530"
"62","199909","20220802231000","74","0","嘉義縣","竹崎鄉","120.595","23.525","91"
"70","199920","20220802231000","127","0","嘉義縣","竹崎鄉","120.510","23.490","109"
"297","199938","20220802231000","581","0","嘉義縣","竹崎鄉","120.525","23.515","457"
"306","200367","20220802231000","415","0","澎湖縣","馬公市","119.550","23.535","216"
"53","201149","20220802231000","68","0","澎湖縣","馬公市","119.570","23.550","98"
"560","201150","20220802231000","217","3","澎湖縣","馬公市","119.575","23.550","498"
"23","201400","20220802231000","155","0","澎湖縣","馬公市","119.570","23.555","118"
"326","202108","20220802231000","548","0","澎湖縣","西嶼鄉","119.485","23.565","420"
"715","202121","20220802231000","649","1","澎湖縣","馬公市","119.565","23.565","842"
"121","202367","20220802231000","182","0","澎湖縣","馬公市","119.565","23.570","176"
"68","202600","20220802231000","61","1","澎湖縣","西嶼鄉","119.500","23.575","79"
"867","202858","20220802231000","941","0","澎湖縣","馬公市","119.575","23.580","782"
"57","203106","20220802231000","124","0","澎湖縣","馬公市","119.570","23.585","86"
"820","203108","20220802231000","519","3","澎湖縣","馬公市","119.580","23.585","829"
"203","203109","20220802231000","112","3","澎湖縣","馬公市","119.585","23.585","201"
"27","203624","20220802231000","14","3","澎湖縣","湖西鄉","119.670","23.595","14"
"66","203877","20220802231000","19","3","澎湖縣","湖西鄉","119.640","23.600","50"
"94","203940","20220802231000","49","3","澎湖縣","馬公市","119.570","23.560","91"
"618","203941","20220802231000","965","0","澎湖縣","馬公市","119.570","23.565","843"
"1253","203942","20220802231000","2023","0","澎湖縣","馬公市","119.570","23.570","1900"
"560","203945","20220802231000","337","3","澎湖縣","湖西鄉","119.615","23.570","552"
"77","203947","20220802231000","261","0","澎湖縣","湖西鄉","119.625","23.570","72"
"104","203951","20220802231000","277","0","澎湖縣","馬公市","119.600","23.555","240"
"66","203964","20220802231000","204","0","澎湖縣","湖西鄉","119.620","23.600","57"
"465","203989","20220802231000","269","3","澎湖縣","西嶼鄉","119.480","23.565","468"
"167","203992","20220802231000","221","0","澎湖縣","湖西鄉","119.615","23.595","240"
"62","203994","20220802231000","97","0","澎湖縣","湖西鄉","119.665","23.585","99"
"14","204001","20220802231000","13","1","澎湖縣","馬公市","119.590","23.550","13"
"977","204013","20220802231000","1156","0","澎湖縣","馬公市","119.600","23.570","1345"
"233","204018","20220802231000","467","0","澎湖縣","馬公市","119.580","23.560","205"
"789","204021","20220802231000","795","0","澎湖縣","馬公市","119.585","23.565","1575"
"715","204022","20220802231000","548","2","澎湖縣","馬公市","119.590","23.565","1170"
"116","204025","20220802231000","195","0","澎湖縣","湖西鄉","119.630","23.565","203"
"68","204033","20220802231000","214","0","澎湖縣","湖西鄉","119.655","23.565","129"
"370","204042","20220802231000","305","2","澎湖縣","馬公市","119.545","23.540","354"
"333","204045","20220802231000","728","0","澎湖縣","湖西鄉","119.670","23.570","377"
"204","204049","20220802231000","347","0","澎湖縣","馬公市","119.575","23.570","297"
"411","204050","20220802231000","488","0","澎湖縣","馬公市","119.580","23.570","691"
"2855","204052","20220802231000","2942","0","澎湖縣","馬公市","119.575","23.575","2815"
"186","204053","20220802231000","648","0","澎湖縣","馬公市","119.580","23.575","164"
"439","204054","20220802231000","555","0","澎湖縣","馬公市","119.580","23.580","663"
"700","204067","20220802231000","285","3","澎湖縣","馬公市","119.615","23.555","595"
"54","204074","20220802231000","75","0","澎湖縣","湖西鄉","119.620","23.565","72"
"219","204075","20220802231000","286","0","澎湖縣","湖西鄉","119.650","23.570","252"
"352","204080","20220802231000","492","0","澎湖縣","湖西鄉","119.650","23.580","499"
"142","204087","20220802231000","186","0","澎湖縣","西嶼鄉","119.505","23.585","290"
"209","204092","20220802231000","346","0","澎湖縣","西嶼鄉","119.510","23.600","250"
"391","204107","20220802231000","241","3","澎湖縣","馬公市","119.560","23.560","425"
"741","204108","20220802231000","527","2","澎湖縣","馬公市","119.565","23.560","728"
"85","204111","20220802231000","360","0","澎湖縣","馬公市","119.595","23.555","88"
"408","204113","20220802231000","224","3","澎湖縣","馬公市","119.605","23.535","443"
"107","204120","20220802231000","277","0","澎湖縣","馬公市","119.610","23.545","115"
"39","204123","20220802231000","22","3","澎湖縣","馬公市","119.615","23.550","45"
"132","204124","20220802231000","218","0","澎湖縣","馬公市","119.620","23.550","126"
"101","204136","20220802231000","156","0","澎湖縣","湖西鄉","119.640","23.580","110"
"177","204137","20220802231000","350","0","澎湖縣","湖西鄉","119.645","23.580","292"
"98","204161","20220802231000","145","0","澎湖縣","湖西鄉","119.640","23.555","168"
"29","204163","20220802231000","167","0","澎湖縣","湖西鄉","119.635","23.560","48"
"69","204174","20220802231000","413","0","澎湖縣","湖西鄉","119.615","23.590","29"
"160","204179","20220802231000","21","3","澎湖縣","湖西鄉","119.680","23.555","182"
"208","204185","20220802231000","330","0","澎湖縣","湖西鄉","119.670","23.565","347"
"2797","204189","20220802231000","896","3","澎湖縣","馬公市","119.575","23.565","2674"
"97","204191","20220802231000","749","0","澎湖縣","馬公市","119.585","23.555","84"
"310","204192","20220802231000","333","0","澎湖縣","馬公市","119.585","23.560","514"
"110","204194","20220802231000","511","0","澎湖縣","馬公市","119.595","23.560","114"
"674","204195","20220802231000","983","0","澎湖縣","馬公市","119.600","23.560","1014"
"70","204307","20220802231000","51","2","花蓮縣","瑞穗鄉","121.370","23.575","72"
"294","204313","20220802231000","226","2","花蓮縣","瑞穗鄉","121.375","23.575","295"
"190","204317","20220802231000","155","2","花蓮縣","瑞穗鄉","121.370","23.580","195"
"135","204319","20220802231000","104","2","花蓮縣","瑞穗鄉","121.380","23.580","140"
"53","204320","20220802231000","31","3","花蓮縣","萬榮鄉","121.355","23.585","59"
"135","204355","20220802231000","114","1","花蓮縣","瑞穗鄉","121.385","23.570","140"
"103","204381","20220802231000","73","2","花蓮縣","瑞穗鄉","121.385","23.580","103"
"77","204384","20220802231000","37","3","花蓮縣","瑞穗鄉","121.400","23.580","59"
"174","204421","20220802231000","135","2","花蓮縣","光復鄉","121.390","23.605","164"
"57","204446","20220802231000","43","2","花蓮縣","光復鄉","121.385","23.605","67"
"211","204758","20220802231000","167","2","花蓮縣","瑞穗鄉","121.375","23.540","193"
"68","205305","20220802231000","20","3","花蓮縣","豐濱鄉","121.525","23.575","43"
"117","205386","20220802231000","73","3","花蓮縣","豐濱鄉","121.525","23.595","108"
"243","205403","20220802231000","175","2","花蓮縣","豐濱鄉","121.520","23.600","245"
"75","205422","20220802231000","43","3","花蓮縣","豐濱鄉","121.530","23.605","67"
"25","205447","20220802231000","53","0","花蓮縣","光復鄉","121.420","23.605","27"
"357","205461","20220802231000","369","0","雲林縣","元長鄉","120.350","23.600","380"
"48","205475","20220802231000","64","0","嘉義縣","民雄鄉","120.400","23.555","64"
"567","205481","20220802231000","564","1","嘉義縣","民雄鄉","120.400","23.560","511"
"239","205482","20220802231000","177","2","嘉義縣","溪口鄉","120.405","23.560","250"
"994","205486","20220802231000","705","2","嘉義縣","民雄鄉","120.420","23.550","893"
"34","205488","20220802231000","45","0","嘉義縣","民雄鄉","120.425","23.555","28"
"560","205494","20220802231000","391","2","嘉義縣","民雄鄉","120.380","23.545","585"
"401","205501","20220802231000","350","1","嘉義縣","民雄鄉","120.445","23.560","381"
"488","205502","20220802231000","342","2","嘉義縣","民雄鄉","120.450","23.560","452"
"50","205523","20220802231000","63","0","嘉義縣","民雄鄉","120.450","23.570","46"
"655","205531","20220802231000","629","1","嘉義縣","民雄鄉","120.435","23.565","613"
"84","205537","20220802231000","206","0","嘉義縣","民雄鄉","120.435","23.535","74"
"229","205548","20220802231000","156","2","嘉義縣","六腳鄉","120.295","23.540","230"
"379","205557","20220802231000","277","2","嘉義縣","六腳鄉","120.300","23.550","407"
"117","205571","20220802231000","252","0","雲林縣","水林鄉","120.245","23.605","123"
"82","205579","20220802231000","37","3","雲林縣","水林鄉","120.220","23.595","64"
"28","205586","20220802231000","218","0","雲林縣","水林鄉","120.235","23.605","36"
"111","205593","20220802231000","449","0","嘉義縣","新港鄉","120.345","23.570","120"
"100","205600","20220802231000","462","0","嘉義縣","新港鄉","120.345","23.550","116"
"264","205605","20220802231000","169","3","嘉義縣","新港鄉","120.330","23.560","261"
"140","205606","20220802231000","68","3","嘉義縣","新港鄉","120.335","23.560","143"
"51","205615","20220802231000","177","0","嘉義縣","新港鄉","120.340","23.575","41"
"362","205623","20220802231000","288","2","雲林縣","元長鄉","120.335","23.610","372"
"204","205641","20220802231000","159","2","嘉義縣","新港鄉","120.350","23.590","183"
"52","205649","20220802231000","312","0","嘉義縣","新港鄉","120.315","23.550","45"
"81","205670","20220802231000","26","3","雲林縣","口湖鄉","120.170","23.605","85"
"408","206056","20220802231000","314","2","南投縣","信義鄉","120.925","23.560","508"
"484","206426","20220802231000","515","0","南投縣","信義鄉","120.895","23.595","543"
"16","206748","20220802231000","12","2","雲林縣","北港鎮","120.285","23.555","18"
"582","206759","20220802231000","948","0","嘉義縣","溪口鄉","120.400","23.605","881"
"349","206766","20220802231000","749","0","嘉義縣","民雄鄉","120.430","23.550","513"
"1228","206767","20220802231000","1062","1","嘉義縣","民雄鄉","120.430","23.555","1159"
"803","206768","20220802231000","724","1","嘉義縣","民雄鄉","120.435","23.555","769"
"439","206781","20220802231000","315","2","雲林縣","北港鎮","120.325","23.585","352"
"114","206786","20220802231000","800","0","雲林縣","北港鎮","120.295","23.575","146"
"353","206789","20220802231000","345","1","雲林縣","北港鎮","120.300","23.580","447"
"706","206790","20220802231000","619","1","雲林縣","北港鎮","120.305","23.580","758"
"77","206794","20220802231000","62","2","雲林縣","北港鎮","120.310","23.585","82"
"90","206797","20220802231000","775","0","雲林縣","北港鎮","120.310","23.590","109"
"179","206815","20220802231000","254","0","嘉義縣","大林鎮","120.465","23.600","256"
"463","206822","20220802231000","252","3","嘉義縣","大林鎮","120.470","23.605","419"
"132","206825","20220802231000","506","0","嘉義縣","大林鎮","120.485","23.605","111"
"240","206830","20220802231000","270","0","嘉義縣","民雄鄉","120.445","23.545","274"
"107","206837","20220802231000","157","0","嘉義縣","民雄鄉","120.455","23.550","151"
"133","206858","20220802231000","375","0","嘉義縣","民雄鄉","120.480","23.535","256"
"47","206869","20220802231000","103","0","嘉義縣","民雄鄉","120.500","23.540","71"
"22","206879","20220802231000","35","0","嘉義縣","民雄鄉","120.415","23.560","19"
"14","206882","20220802231000","32","0","嘉義縣","民雄鄉","120.410","23.565","21"
"16","206903","20220802231000","84","0","雲林縣","水林鄉","120.235","23.580","16"
"444","206905","20220802231000","218","3","雲林縣","水林鄉","120.230","23.585","443"
"10","206936","20220802231000","78","0","雲林縣","水林鄉","120.265","23.605","10"
"979","206940","20220802231000","1089","0","雲林縣","北港鎮","120.300","23.565","1008"
"345","206943","20220802231000","223","3","雲林縣","北港鎮","120.310","23.575","357"
"338","206964","20220802231000","328","1","嘉義縣","新港鄉","120.360","23.590","456"
"84","206982","20220802231000","437","0","嘉義縣","新港鄉","120.370","23.555","73"
"335","206991","20220802231000","678","0","嘉義縣","新港鄉","120.350","23.555","436"
"653","206992","20220802231000","406","3","嘉義縣","新港鄉","120.355","23.555","703"
"106","206994","20220802231000","942","0","嘉義縣","新港鄉","120.350","23.560","105"
"667","206997","20220802231000","506","2","嘉義縣","新港鄉","120.320","23.565","733"
"32","207025","20220802231000","162","0","嘉義縣","新港鄉","120.335","23.540","35"
"540","207038","20220802231000","559","0","嘉義縣","新港鄉","120.345","23.555","815"
"80","207039","20220802231000","29","3","嘉義縣","新港鄉","120.345","23.560","61"
"21","207040","20220802231000","104","0","嘉義縣","新港鄉","120.345","23.535","28"
"57","207051","20220802231000","300","0","嘉義縣","新港鄉","120.375","23.560","56"
"21","207166","20220802231000","30","0","南投縣","信義鄉","120.915","23.545","17"
"107","207170","20220802231000","109","0","南投縣","信義鄉","120.870","23.550","104"
"129","207172","20220802231000","97","2","南投縣","信義鄉","120.880","23.550","135"
"10","207177","20220802231000","40","0","南投縣","信義鄉","120.905","23.550","11"
"222","207208","20220802231000","193","1","南投縣","信義鄉","120.905","23.565","265"
"372","207242","20220802231000","297","2","南投縣","信義鄉","120.890","23.590","378"
"1083","207256","20220802231000","1126","0","雲林縣","北港鎮","120.305","23.565","1021"
"213","207266","20220802231000","162","2","嘉義縣","新港鄉","120.310","23.565","225"
"1951","207275","20220802231000","1553","2","雲林縣","北港鎮","120.290","23.575","1849"
"64","207299","20220802231000","52","2","嘉義縣","梅山鄉","120.600","23.560","71"
"163","207304","20220802231000","103","3","嘉義縣","梅山鄉","120.595","23.565","139"
"102","207305","20220802231000","214","0","嘉義縣","梅山鄉","120.605","23.565","196"
"63","207326","20220802231000","117","0","嘉義縣","梅山鄉","120.625","23.550","95"
"221","207338","20220802231000","377","0","嘉義縣","梅山鄉","120.580","23.545","300"
"515","207352","20220802231000","1102","0","嘉義縣","梅山鄉","120.555","23.585","788"
"443","207353","20220802231000","866","0","嘉義縣","梅山鄉","120.560","23.585","696"
"748","207356","20220802231000","422","3","嘉義縣","梅山鄉","120.550","23.590","687"
"200","207360","20220802231000","440","0","嘉義縣","大林鎮","120.450","23.605","374"
"85","207367","20220802231000","446","0","嘉義縣","大林鎮","120.525","23.595","70"
"202","207373","20220802231000","401","0","嘉義縣","大林鎮","120.500","23.605","215"
"899","207387","20220802231000","611","2","雲林縣","北港鎮","120.275","23.600","917"
"226","207403","20220802231000","235","0","雲林縣","北港鎮","120.325","23.595","204"
"492","207414","20220802231000","475","1","雲林縣","北港鎮","120.280","23.560","442"
"23","207432","20220802231000","235","0","雲林縣","口湖鄉","120.180","23.605","52"
"92","207435","20220802231000","207","0","雲林縣","古坑鄉","120.540","23.595","195"
"52","207462","20220802231000","112","0","雲林縣","古坑鄉","120.595","23.600","53"
"199","207463","20220802231000","122","3","雲林縣","古坑鄉","120.600","23.600","176"
"143","207465","20220802231000","112","2","雲林縣","古坑鄉","120.610","23.600","143"
"46","207467","20220802231000","29","3","雲林縣","古坑鄉","120.620","23.600","77"
"67","207494","20220802231000","43","3","雲林縣","古坑鄉","120.640","23.605","65"
"18","207498","20220802231000","122","0","雲林縣","古坑鄉","120.570","23.605","25"
"128","207505","20220802231000","255","0","嘉義縣","大林鎮","120.470","23.580","214"
"83","207507","20220802231000","382","0","嘉義縣","大林鎮","120.465","23.585","132"
"40","207511","20220802231000","53","0","嘉義縣","大林鎮","120.505","23.560","48"
"81","207523","20220802231000","391","0","嘉義縣","大林鎮","120.495","23.570","119"
"15","207536","20220802231000","146","0","嘉義縣","大林鎮","120.505","23.575","37"
"86","207556","20220802231000","932","0","嘉義縣","大林鎮","120.500","23.580","103"
"371","207564","20220802231000","237","3","嘉義縣","大林鎮","120.495","23.585","350"
"38","207576","20220802231000","275","0","嘉義縣","大林鎮","120.475","23.590","36"
"330","207578","20220802231000","308","1","嘉義縣","大林鎮","120.465","23.595","329"
"145","207585","20220802231000","146","0","嘉義縣","大林鎮","120.505","23.590","155"
"76","207592","20220802231000","549","0","嘉義縣","大林鎮","120.505","23.595","69"
"79","207596","20220802231000","34","3","嘉義縣","大林鎮","120.505","23.600","85"
"162","207602","20220802231000","232","0","嘉義縣","大林鎮","120.455","23.595","180"
"637","207604","20220802231000","807","0","嘉義縣","大林鎮","120.455","23.600","583"
"1429","207605","20220802231000","1430","0","嘉義縣","大林鎮","120.460","23.600","1374"
"199","207606","20220802231000","146","2","嘉義縣","大林鎮","120.460","23.605","189"
"162","207613","20220802231000","290","0","嘉義縣","大林鎮","120.445","23.610","250"
"40","207617","20220802231000","389","0","嘉義縣","大林鎮","120.445","23.595","41"
"1201","207626","20220802231000","1157","1","嘉義縣","大林鎮","120.455","23.605","1289"
"312","207628","20220802231000","1492","0","雲林縣","水林鄉","120.240","23.570","334"
"634","207634","20220802231000","468","2","雲林縣","水林鄉","120.250","23.575","689"
"24","207650","20220802231000","11","3","雲林縣","水林鄉","120.265","23.535","24"
"420","207670","20220802231000","172","3","嘉義縣","溪口鄉","120.395","23.600","343"
"121","207674","20220802231000","71","3","嘉義縣","梅山鄉","120.575","23.560","99"
"108","207675","20220802231000","219","0","嘉義縣","梅山鄉","120.580","23.560","169"
"417","207684","20220802231000","844","0","嘉義縣","梅山鄉","120.565","23.575","609"
"53","207691","20220802231000","46","1","嘉義縣","梅山鄉","120.580","23.580","49"
"93","207701","20220802231000","42","3","嘉義縣","梅山鄉","120.600","23.565","119"
"53","207703","20220802231000","85","0","嘉義縣","梅山鄉","120.580","23.570","40"
"188","207707","20220802231000","145","2","嘉義縣","梅山鄉","120.595","23.570","278"
"96","207721","20220802231000","65","2","嘉義縣","梅山鄉","120.600","23.575","105"
"225","207727","20220802231000","551","0","嘉義縣","梅山鄉","120.555","23.545","373"
"40","207736","20220802231000","76","0","嘉義縣","梅山鄉","120.545","23.555","63"
"68","207753","20220802231000","45","3","嘉義縣","梅山鄉","120.715","23.535","83"
"30","207756","20220802231000","41","0","嘉義縣","梅山鄉","120.730","23.535","37"
"231","207761","20220802231000","169","2","嘉義縣","梅山鄉","120.710","23.540","255"
"130","207793","20220802231000","111","1","嘉義縣","梅山鄉","120.740","23.555","150"
"135","207860","20220802231000","170","0","雲林縣","古坑鄉","120.695","23.580","175"
"120","207910","20220802231000","78","3","雲林縣","古坑鄉","120.690","23.595","104"
"77","207945","20220802231000","39","3","雲林縣","古坑鄉","120.710","23.605","72"
"30","207962","20220802231000","24","2","雲林縣","古坑鄉","120.575","23.595","39"
"28","207964","20220802231000","14","3","雲林縣","古坑鄉","120.585","23.595","19"
"332","207970","20220802231000","131","3","雲林縣","古坑鄉","120.590","23.585","311"
"164","207983","20220802231000","114","2","雲林縣","古坑鄉","120.595","23.595","159"
"94","207985","20220802231000","54","3","雲林縣","古坑鄉","120.585","23.600","123"
"475","207988","20220802231000","347","2","雲林縣","口湖鄉","120.165","23.535","504"
"683","208006","20220802231000","685","0","雲林縣","口湖鄉","120.185","23.585","649"
"131","208021","20220802231000","58","3","嘉義縣","梅山鄉","120.625","23.570","104"
"98","208025","20220802231000","130","0","嘉義縣","梅山鄉","120.625","23.575","147"
"302","208030","20220802231000","239","2","嘉義縣","新港鄉","120.310","23.570","392"
"52","208049","20220802231000","311","0","雲林縣","口湖鄉","120.160","23.560","54"
"63","208080","20220802231000","199","0","雲林縣","口湖鄉","120.150","23.580","135"
"104","208091","20220802231000","16","3","雲林縣","口湖鄉","120.140","23.585","105"
"405","208131","20220802231000","270","3","嘉義縣","民雄鄉","120.410","23.570","408"
"358","208146","20220802231000","497","0","雲林縣","大埤鄉","120.370","23.610","490"
"462","208152","20220802231000","574","0","嘉義縣","梅山鄉","120.560","23.580","604"
"267","208158","20220802231000","160","3","嘉義縣","梅山鄉","120.560","23.565","289"
"157","208165","20220802231000","261","0","嘉義縣","梅山鄉","120.555","23.575","159"
"63","208171","20220802231000","121","0","嘉義縣","梅山鄉","120.680","23.535","109"
"117","208176","20220802231000","182","0","嘉義縣","梅山鄉","120.665","23.540","160"
"154","208180","20220802231000","82","3","嘉義縣","梅山鄉","120.685","23.540","138"
"170","208200","20220802231000","250","0","嘉義縣","梅山鄉","120.665","23.550","238"
"42","208203","20220802231000","35","2","嘉義縣","梅山鄉","120.680","23.550","60"
"59","208265","20220802231000","107","0","嘉義縣","梅山鄉","120.530","23.580","113"
"71","208273","20220802231000","77","0","嘉義縣","梅山鄉","120.535","23.590","44"
"313","208301","20220802231000","182","3","嘉義縣","梅山鄉","120.525","23.550","294"
"64","208303","20220802231000","177","0","嘉義縣","梅山鄉","120.535","23.550","101"
"517","208323","20220802231000","454","1","嘉義縣","民雄鄉","120.465","23.555","504"
"817","208324","20220802231000","1892","0","嘉義縣","民雄鄉","120.470","23.555","1094"
"161","208325","20220802231000","139","1","嘉義縣","民雄鄉","120.475","23.555","181"
"19","208326","20220802231000","17","1","嘉義縣","民雄鄉","120.480","23.555","26"
"176","208328","20220802231000","959","0","嘉義縣","民雄鄉","120.470","23.560","300"
"279","208329","20220802231000","625","0","嘉義縣","民雄鄉","120.475","23.560","436"
"23","208332","20220802231000","211","0","嘉義縣","民雄鄉","120.475","23.565","51"
"130","208340","20220802231000","98","2","嘉義縣","民雄鄉","120.410","23.545","130"
"645","208347","20220802231000","418","3","嘉義縣","民雄鄉","120.400","23.535","654"
"94","208352","20220802231000","538","0","嘉義縣","民雄鄉","120.460","23.535","105"
"493","208357","20220802231000","367","2","嘉義縣","民雄鄉","120.460","23.545","495"
"1330","208359","20220802231000","1227","1","嘉義縣","民雄鄉","120.425","23.560","1330"
"29","208363","20220802231000","323","0","嘉義縣","民雄鄉","120.425","23.570","30"
"40","208371","20220802231000","164","0","嘉義縣","民雄鄉","120.430","23.575","67"
"377","208380","20220802231000","146","3","嘉義縣","民雄鄉","120.390","23.545","394"
"492","208390","20220802231000","403","2","嘉義縣","民雄鄉","120.420","23.540","497"
"113","208392","20220802231000","137","0","嘉義縣","民雄鄉","120.430","23.540","105"
"293","208407","20220802231000","182","3","雲林縣","口湖鄉","120.175","23.570","294"
"510","208415","20220802231000","318","3","雲林縣","口湖鄉","120.190","23.575","455"
"301","208452","20220802231000","447","0","嘉義縣","溪口鄉","120.430","23.585","446"
"60","208454","20220802231000","303","0","嘉義縣","溪口鄉","120.440","23.585","58"
"360","208468","20220802231000","537","0","嘉義縣","溪口鄉","120.385","23.595","464"
"133","208486","20220802231000","207","0","嘉義縣","溪口鄉","120.390","23.605","234"
"645","208497","20220802231000","518","2","嘉義縣","六腳鄉","120.300","23.560","606"
"300","208503","20220802231000","598","0","嘉義縣","六腳鄉","120.290","23.535","438"
"906","208508","20220802231000","449","3","雲林縣","口湖鄉","120.180","23.585","868"
"462","208528","20220802231000","265","3","雲林縣","口湖鄉","120.140","23.550","454"
"69","208546","20220802231000","337","0","雲林縣","口湖鄉","120.150","23.565","81"
"253","208554","20220802231000","190","2","雲林縣","水林鄉","120.270","23.565","264"
"1198","208568","20220802231000","897","2","雲林縣","口湖鄉","120.190","23.545","1157"
"430","208573","20220802231000","324","2","雲林縣","北港鎮","120.285","23.610","370"
"1163","208589","20220802231000","1404","0","雲林縣","北港鎮","120.300","23.570","1143"
"898","208590","20220802231000","813","1","雲林縣","北港鎮","120.300","23.575","988"
"74","208617","20220802231000","464","0","雲林縣","水林鄉","120.220","23.560","81"
"93","208629","20220802231000","268","0","雲林縣","水林鄉","120.205","23.575","393"
"12","208633","20220802231000","11","1","雲林縣","水林鄉","120.225","23.535","16"
"475","208638","20220802231000","331","2","雲林縣","水林鄉","120.230","23.540","468"
"158","208647","20220802231000","418","0","雲林縣","水林鄉","120.250","23.550","187"
"226","208695","20220802231000","125","3","嘉義縣","竹崎鄉","120.555","23.540","211"
"262","208704","20220802231000","98","3","嘉義縣","竹崎鄉","120.560","23.540","219"
"80","208793","20220802231000","72","1","嘉義縣","阿里山鄉","120.750","23.570","102"
"62","208821","20220802231000","43","2","嘉義縣","阿里山鄉","120.750","23.580","58"
"38","208866","20220802231000","25","3","嘉義縣","阿里山鄉","120.750","23.590","10"
"63","209129","20220802231000","113","0","澎湖縣","湖西鄉","119.625","23.605","87"
"32","209899","20220802231000","89","0","澎湖縣","白沙鄉","119.570","23.615","250"
"64","209905","20220802231000","228","0","澎湖縣","白沙鄉","119.605","23.615","68"
"102","210790","20220802231000","37","3","花蓮縣","豐濱鄉","121.535","23.635","92"
"39","210927","20220802231000","107","0","澎湖縣","西嶼鄉","119.530","23.635","71"
"133","210940","20220802231000","215","0","澎湖縣","白沙鄉","119.600","23.635","186"
"59","211725","20220802231000","13","3","澎湖縣","白沙鄉","119.630","23.650","27"
"414","212241","20220802231000","248","3","澎湖縣","白沙鄉","119.655","23.660","416"
"435","212745","20220802231000","437","0","澎湖縣","白沙鄉","119.595","23.665","624"
"13","213441","20220802231000","52","0","澎湖縣","白沙鄉","119.555","23.655","17"
"52","213442","20220802231000","20","3","澎湖縣","白沙鄉","119.555","23.660","49"
"52","213444","20220802231000","157","0","澎湖縣","白沙鄉","119.590","23.655","61"
"25","213447","20220802231000","18","2","澎湖縣","白沙鄉","119.600","23.650","18"
"356","213454","20220802231000","120","3","澎湖縣","白沙鄉","119.560","23.660","341"
"65","213465","20220802231000","120","0","澎湖縣","白沙鄉","119.595","23.650","108"
"90","213491","20220802231000","136","0","澎湖縣","西嶼鄉","119.510","23.615","121"
"85","213509","20220802231000","207","0","澎湖縣","西嶼鄉","119.515","23.630","141"
"50","213516","20220802231000","105","0","澎湖縣","西嶼鄉","119.515","23.650","74"
"437","213554","20220802231000","377","1","花蓮縣","光復鄉","121.430","23.675","413"
"101","213627","20220802231000","87","1","花蓮縣","光復鄉","121.420","23.660","90"
"369","213652","20220802231000","381","0","花蓮縣","光復鄉","121.420","23.670","360"
"98","213675","20220802231000","82","1","花蓮縣","光復鄉","121.415","23.680","90"
"85","213820","20220802231000","54","3","花蓮縣","光復鄉","121.430","23.635","91"
"15","213864","20220802231000","150","0","雲林縣","四湖鄉","120.185","23.650","16"
"88","214398","20220802231000","49","3","花蓮縣","豐濱鄉","121.540","23.655","85"
"38","214415","20220802231000","16","3","花蓮縣","豐濱鄉","121.545","23.670","40"
"57","214424","20220802231000","57","1","花蓮縣","豐濱鄉","121.530","23.680","95"
"49","214495","20220802231000","36","2","花蓮縣","豐濱鄉","121.485","23.640","47"
"39","214506","20220802231000","166","0","雲林縣","四湖鄉","120.180","23.650","35"
"83","214521","20220802231000","15","3","雲林縣","四湖鄉","120.185","23.660","96"
"326","214544","20220802231000","216","3","雲林縣","四湖鄉","120.275","23.650","342"
"91","214550","20220802231000","247","0","雲林縣","元長鄉","120.275","23.660","107"
"316","214565","20220802231000","196","3","雲林縣","四湖鄉","120.200","23.640","308"
"91","214566","20220802231000","116","0","雲林縣","四湖鄉","120.205","23.640","90"
"598","214578","20220802231000","399","2","雲林縣","四湖鄉","120.220","23.615","570"
"64","214580","20220802231000","197","0","雲林縣","四湖鄉","120.170","23.640","67"
"304","214640","20220802231000","167","3","花蓮縣","光復鄉","121.450","23.655","328"
"149","214665","20220802231000","155","0","花蓮縣","光復鄉","121.405","23.625","156"
"144","214678","20220802231000","117","2","花蓮縣","光復鄉","121.415","23.645","149"
"44","214691","20220802231000","25","3","花蓮縣","光復鄉","121.415","23.655","46"
"10","214697","20220802231000","10","1","花蓮縣","光復鄉","121.410","23.660","11"
"301","214701","20220802231000","213","2","花蓮縣","光復鄉","121.430","23.665","334"
"398","214703","20220802231000","386","1","花蓮縣","光復鄉","121.425","23.670","422"
"746","214705","20220802231000","596","2","花蓮縣","光復鄉","121.420","23.665","739"
"119","214706","20220802231000","103","1","花蓮縣","光復鄉","121.425","23.665","121"
"494","214707","20220802231000","404","2","花蓮縣","光復鄉","121.450","23.660","483"
"262","214728","20220802231000","146","3","雲林縣","元長鄉","120.315","23.675","273"
"31","214731","20220802231000","145","0","雲林縣","元長鄉","120.310","23.680","24"
"51","214762","20220802231000","36","2","雲林縣","元長鄉","120.285","23.640","58"
"354","214797","20220802231000","423","0","雲林縣","元長鄉","120.375","23.645","376"
"172","214824","20220802231000","132","2","雲林縣","東勢鄉","120.260","23.665","188"
"55","214826","20220802231000","269","0","雲林縣","東勢鄉","120.250","23.670","63"
"34","214842","20220802231000","243","0","雲林縣","四湖鄉","120.150","23.625","37"
"40","214846","20220802231000","112","0","雲林縣","口湖鄉","120.155","23.630","53"
"417","214854","20220802231000","342","2","雲林縣","斗南鎮","120.440","23.685","391"
"749","214857","20220802231000","614","2","雲林縣","斗南鎮","120.485","23.685","669"
"162","214861","20220802231000","87","3","雲林縣","斗南鎮","120.490","23.640","135"
"346","214868","20220802231000","326","1","雲林縣","斗南鎮","120.430","23.670","340"
"319","214876","20220802231000","199","3","雲林縣","斗南鎮","120.445","23.675","325"
"1598","214886","20220802231000","1397","1","雲林縣","斗南鎮","120.475","23.665","1657"
"37","214887","20220802231000","214","0","雲林縣","大埤鄉","120.455","23.670","37"
"423","214890","20220802231000","394","1","雲林縣","斗南鎮","120.470","23.670","371"
"1995","214891","20220802231000","1727","1","雲林縣","斗南鎮","120.475","23.670","2196"
"706","214896","20220802231000","644","1","雲林縣","斗南鎮","120.470","23.675","700"
"110","214922","20220802231000","76","2","南投縣","鹿谷鄉","120.790","23.670","88"
"46","214931","20220802231000","38","2","南投縣","鹿谷鄉","120.790","23.675","82"
"223","214932","20220802231000","203","1","南投縣","鹿谷鄉","120.800","23.670","400"
"238","214936","20220802231000","157","3","南投縣","鹿谷鄉","120.795","23.675","269"
"117","214937","20220802231000","63","3","南投縣","鹿谷鄉","120.800","23.675","148"
"225","214940","20220802231000","140","3","南投縣","鹿谷鄉","120.795","23.680","330"
"376","214967","20220802231000","482","0","雲林縣","斗南鎮","120.485","23.640","346"
"505","214975","20220802231000","405","2","雲林縣","斗南鎮","120.480","23.665","538"
"475","214978","20220802231000","222","3","雲林縣","斗南鎮","120.485","23.670","406"
"136","215001","20220802231000","380","0","雲林縣","土庫鎮","120.390","23.665","144"
"626","215006","20220802231000","518","2","雲林縣","土庫鎮","120.380","23.675","613"
"1374","215009","20220802231000","1005","2","雲林縣","土庫鎮","120.390","23.680","1378"
"35","215011","20220802231000","105","0","雲林縣","土庫鎮","120.385","23.685","35"
"322","215012","20220802231000","319","1","雲林縣","土庫鎮","120.390","23.685","315"
"214","215013","20220802231000","168","2","雲林縣","土庫鎮","120.365","23.660","219"
"198","215017","20220802231000","245","0","雲林縣","土庫鎮","120.370","23.665","210"
"153","215022","20220802231000","152","1","雲林縣","土庫鎮","120.375","23.670","140"
"308","215044","20220802231000","230","2","雲林縣","元長鄉","120.335","23.615","327"
"344","215049","20220802231000","368","0","雲林縣","元長鄉","120.335","23.620","371"
"19","215053","20220802231000","194","0","雲林縣","元長鄉","120.280","23.655","18"
"49","215072","20220802231000","47","1","雲林縣","元長鄉","120.350","23.615","52"
"290","215075","20220802231000","276","1","雲林縣","元長鄉","120.340","23.635","275"
"79","215100","20220802231000","309","0","雲林縣","元長鄉","120.330","23.660","77"
"884","215115","20220802231000","352","3","雲林縣","口湖鄉","120.165","23.615","932"
"286","215539","20220802231000","223","2","南投縣","信義鄉","120.865","23.625","276"
"84","215550","20220802231000","43","3","南投縣","信義鄉","120.895","23.630","71"
"111","215558","20220802231000","88","2","南投縣","信義鄉","120.880","23.635","114"
"171","215647","20220802231000","154","1","南投縣","信義鄉","120.860","23.665","187"
"68","215656","20220802231000","63","1","南投縣","信義鄉","120.855","23.670","75"
"94","216356","20220802231000","290","0","雲林縣","北港鎮","120.295","23.615","371"
"47","216361","20220802231000","40","1","雲林縣","斗南鎮","120.485","23.675","49"
"55","216367","20220802231000","52","1","雲林縣","斗南鎮","120.500","23.680","58"
"47","216370","20220802231000","353","0","雲林縣","斗南鎮","120.480","23.650","66"
"126","216372","20220802231000","127","0","雲林縣","斗南鎮","120.490","23.650","125"
"492","216377","20220802231000","417","1","雲林縣","斗南鎮","120.475","23.660","462"
"17","216386","20220802231000","14","2","雲林縣","元長鄉","120.335","23.630","16"
"234","216394","20220802231000","208","1","雲林縣","元長鄉","120.355","23.620","237"
"920","216409","20220802231000","724","2","雲林縣","元長鄉","120.360","23.640","922"
"78","216416","20220802231000","55","2","雲林縣","水林鄉","120.250","23.615","80"
"810","216421","20220802231000","532","3","雲林縣","斗南鎮","120.480","23.675","724"
"123","216424","20220802231000","61","3","雲林縣","斗南鎮","120.480","23.670","111"
"19","216438","20220802231000","23","0","雲林縣","斗六市","120.525","23.670","25"
"240","216439","20220802231000","144","3","雲林縣","斗六市","120.530","23.670","204"
"31","216451","20220802231000","24","2","雲林縣","斗六市","120.625","23.685","17"
"61","216459","20220802231000","247","0","雲林縣","土庫鎮","120.345","23.665","71"
"93","216478","20220802231000","78","1","雲林縣","水林鄉","120.260","23.620","100"
"72","216482","20220802231000","160","0","雲林縣","水林鄉","120.265","23.625","160"
"879","216488","20220802231000","602","2","雲林縣","斗南鎮","120.470","23.680","852"
"578","216489","20220802231000","514","1","雲林縣","斗南鎮","120.475","23.680","644"
"1110","216490","20220802231000","930","1","雲林縣","斗南鎮","120.480","23.680","1081"
"72","216498","20220802231000","177","0","雲林縣","斗南鎮","120.515","23.645","76"
"410","216500","20220802231000","224","3","雲林縣","斗南鎮","120.505","23.650","448"
"184","216517","20220802231000","354","0","雲林縣","古坑鄉","120.540","23.660","598"
"58","216519","20220802231000","263","0","雲林縣","斗六市","120.525","23.665","413"
"134","216526","20220802231000","206","0","雲林縣","斗南鎮","120.465","23.685","140"
"28","216534","20220802231000","183","0","雲林縣","斗南鎮","120.535","23.650","23"
"69","216543","20220802231000","250","0","雲林縣","斗南鎮","120.505","23.665","404"
"30","216544","20220802231000","134","0","雲林縣","斗南鎮","120.495","23.670","34"
"207","216579","20220802231000","105","3","雲林縣","土庫鎮","120.345","23.660","182"
"201","216583","20220802231000","1027","0","雲林縣","土庫鎮","120.390","23.675","216"
"492","216589","20220802231000","392","2","雲林縣","土庫鎮","120.355","23.685","529"
"94","216593","20220802231000","94","1","雲林縣","北港鎮","120.270","23.615","91"
"106","216595","20220802231000","268","0","雲林縣","大埤鄉","120.465","23.635","122"
"20","216597","20220802231000","160","0","雲林縣","大埤鄉","120.465","23.640","38"
"96","216607","20220802231000","291","0","雲林縣","大埤鄉","120.450","23.650","92"
"66","216617","20220802231000","78","0","南投縣","信義鄉","120.810","23.665","73"
"201","216682","20220802231000","113","3","南投縣","信義鄉","120.865","23.640","200"
"33","216694","20220802231000","27","2","南投縣","信義鄉","120.875","23.660","27"
"43","216718","20220802231000","157","0","雲林縣","古坑鄉","120.565","23.625","43"
"120","216737","20220802231000","856","0","雲林縣","古坑鄉","120.565","23.640","134"
"32","216744","20220802231000","166","0","雲林縣","古坑鄉","120.575","23.645","39"
"14","216747","20220802231000","67","0","雲林縣","古坑鄉","120.585","23.645","14"
"58","216754","20220802231000","145","0","雲林縣","古坑鄉","120.550","23.610","56"
"32","216766","20220802231000","168","0","雲林縣","古坑鄉","120.540","23.620","30"
"17","216791","20220802231000","38","0","雲林縣","古坑鄉","120.605","23.670","20"
"34","216800","20220802231000","112","0","雲林縣","古坑鄉","120.590","23.685","41"
"515","216807","20220802231000","481","1","雲林縣","古坑鄉","120.565","23.645","532"
"32","216821","20220802231000","31","1","雲林縣","古坑鄉","120.605","23.655","35"
"321","216832","20220802231000","283","1","雲林縣","古坑鄉","120.575","23.675","320"
"188","216841","20220802231000","671","0","雲林縣","古坑鄉","120.570","23.685","212"
"301","216889","20220802231000","223","2","雲林縣","古坑鄉","120.600","23.685","309"
"39","216891","20220802231000","310","0","雲林縣","古坑鄉","120.610","23.685","46"
"12","216893","20220802231000","20","0","雲林縣","古坑鄉","120.620","23.685","17"
"502","216901","20220802231000","239","3","雲林縣","古坑鄉","120.635","23.615","455"
"52","216906","20220802231000","53","0","雲林縣","古坑鄉","120.640","23.620","60"
"55","216928","20220802231000","424","0","雲林縣","古坑鄉","120.560","23.670","59"
"50","216932","20220802231000","27","3","雲林縣","古坑鄉","120.570","23.610","44"
"66","216938","20220802231000","55","2","雲林縣","古坑鄉","120.575","23.615","64"
"233","216939","20220802231000","201","1","雲林縣","古坑鄉","120.580","23.615","239"
"150","216944","20220802231000","541","0","雲林縣","古坑鄉","120.560","23.620","173"
"46","216948","20220802231000","37","2","雲林縣","古坑鄉","120.580","23.620","47"
"168","216990","20220802231000","447","0","嘉義縣","大林鎮","120.470","23.620","287"
"17","217001","20220802231000","71","0","嘉義縣","大林鎮","120.495","23.620","19"
"24","217013","20220802231000","123","0","嘉義縣","大林鎮","120.500","23.625","23"
"13","217022","20220802231000","22","0","嘉義縣","大林鎮","120.490","23.615","33"
"24","217030","20220802231000","212","0","嘉義縣","大林鎮","120.420","23.615","32"
"319","217035","20220802231000","377","0","嘉義縣","大林鎮","120.435","23.620","486"
"54","217047","20220802231000","82","0","嘉義縣","大林鎮","120.460","23.620","56"
"120","217057","20220802231000","367","0","雲林縣","大埤鄉","120.395","23.625","128"
"104","217065","20220802231000","269","0","雲林縣","大埤鄉","120.380","23.620","82"
"54","217073","20220802231000","177","0","雲林縣","大埤鄉","120.425","23.665","58"
"45","217076","20220802231000","30","3","雲林縣","大埤鄉","120.415","23.665","51"
"56","217087","20220802231000","241","0","雲林縣","大埤鄉","120.470","23.655","75"
"167","217105","20220802231000","494","0","雲林縣","古坑鄉","120.555","23.625","170"
"209","217110","20220802231000","232","0","雲林縣","古坑鄉","120.555","23.630","227"
"28","217112","20220802231000","156","0","雲林縣","古坑鄉","120.550","23.640","37"
"34","217135","20220802231000","15","3","雲林縣","土庫鎮","120.395","23.680","33"
"46","217149","20220802231000","33","2","雲林縣","古坑鄉","120.710","23.610","40"
"27","217196","20220802231000","21","2","雲林縣","古坑鄉","120.590","23.650","25"
"58","217209","20220802231000","210","0","雲林縣","古坑鄉","120.575","23.665","69"
"1073","217221","20220802231000","432","3","雲林縣","古坑鄉","120.560","23.650","1074"
"137","217222","20220802231000","123","1","雲林縣","古坑鄉","120.560","23.655","114"
"30","217230","20220802231000","100","0","雲林縣","古坑鄉","120.515","23.625","24"
"73","217236","20220802231000","166","0","雲林縣","古坑鄉","120.525","23.630","58"
"22","217239","20220802231000","35","0","雲林縣","古坑鄉","120.520","23.635","22"
"111","217259","20220802231000","56","3","雲林縣","大埤鄉","120.420","23.625","106"
"76","217266","20220802231000","468","0","雲林縣","大埤鄉","120.420","23.635","79"
"307","217403","20220802231000","405","0","嘉義縣","溪口鄉","120.410","23.615","474"
"284","217423","20220802231000","102","3","雲林縣","大埤鄉","120.410","23.640","288"
"290","217432","20220802231000","800","0","雲林縣","大埤鄉","120.430","23.645","311"
"50","217442","20220802231000","182","0","雲林縣","大埤鄉","120.415","23.660","54"
"333","217449","20220802231000","125","3","雲林縣","東勢鄉","120.300","23.680","332"
"95","217458","20220802231000","331","0","雲林縣","東勢鄉","120.265","23.675","118"
"161","217463","20220802231000","392","0","雲林縣","東勢鄉","120.255","23.685","169"
"143","217467","20220802231000","762","0","雲林縣","東勢鄉","120.255","23.675","171"
"213","217468","20220802231000","78","3","雲林縣","東勢鄉","120.250","23.680","219"
"109","217492","20220802231000","221","0","雲林縣","四湖鄉","120.155","23.650","125"
"76","217497","20220802231000","176","0","雲林縣","四湖鄉","120.155","23.655","50"
"100","217526","20220802231000","80","2","雲林縣","元長鄉","120.320","23.615","101"
"31","217532","20220802231000","345","0","雲林縣","元長鄉","120.320","23.625","31"
"162","217546","20220802231000","80","3","雲林縣","四湖鄉","120.190","23.620","136"
"29","217550","20220802231000","105","0","雲林縣","四湖鄉","120.185","23.625","32"
"239","217561","20220802231000","625","0","雲林縣","四湖鄉","120.230","23.635","233"
"338","217585","20220802231000","304","1","雲林縣","斗六市","120.525","23.675","289"
"330","217589","20220802231000","185","3","雲林縣","斗六市","120.520","23.680","302"
"143","217593","20220802231000","567","0","雲林縣","斗六市","120.510","23.685","140"
"108","217594","20220802231000","267","0","雲林縣","斗六市","120.515","23.685","89"
"347","217597","20220802231000","145","3","雲林縣","斗南鎮","120.470","23.630","306"
"44","217604","20220802231000","15","3","雲林縣","斗南鎮","120.480","23.640","60"
"206","217605","20220802231000","21","3","雲林縣","四湖鄉","120.140","23.620","222"
"133","217610","20220802231000","70","3","雲林縣","四湖鄉","120.150","23.630","129"
"13","217614","20220802231000","49","0","雲林縣","四湖鄉","120.155","23.635","13"
"1215","217637","20220802231000","722","3","雲林縣","口湖鄉","120.160","23.610","1223"
"26","217641","20220802231000","201","0","雲林縣","元長鄉","120.310","23.615","31"
"665","217646","20220802231000","405","3","雲林縣","元長鄉","120.305","23.625","629"
"283","217654","20220802231000","160","3","雲林縣","元長鄉","120.325","23.655","287"
"380","217663","20220802231000","200","3","雲林縣","元長鄉","120.315","23.640","389"
"488","217673","20220802231000","1646","0","雲林縣","元長鄉","120.315","23.650","545"
"70","217674","20220802231000","108","0","雲林縣","元長鄉","120.300","23.655","77"
"149","217701","20220802231000","122","2","雲林縣","斗六市","120.560","23.675","162"
"14","217703","20220802231000","45","0","雲林縣","斗六市","120.555","23.680","19"
"448","217705","20220802231000","313","2","雲林縣","古坑鄉","120.565","23.680","478"
"32","217707","20220802231000","278","0","雲林縣","斗六市","120.550","23.685","36"
"117","217708","20220802231000","115","1","雲林縣","斗六市","120.555","23.685","111"
"248","217711","20220802231000","812","0","雲林縣","斗六市","120.540","23.675","245"
"40","217712","20220802231000","152","0","雲林縣","斗六市","120.545","23.675","43"
"1093","217716","20220802231000","773","2","雲林縣","斗六市","120.545","23.680","1106"
"482","217718","20220802231000","540","0","雲林縣","斗六市","120.540","23.685","509"
"94","217728","20220802231000","376","0","雲林縣","大埤鄉","120.450","23.665","104"
"363","217747","20220802231000","217","3","雲林縣","四湖鄉","120.220","23.635","363"
"124","217753","20220802231000","437","0","雲林縣","四湖鄉","120.225","23.645","119"
"148","217774","20220802231000","417","0","雲林縣","四湖鄉","120.175","23.680","114"
"15","217781","20220802231000","169","0","雲林縣","口湖鄉","120.200","23.615","241"
"240","217799","20220802231000","146","3","雲林縣","四湖鄉","120.215","23.635","223"
"832","217801","20220802231000","490","3","雲林縣","四湖鄉","120.225","23.635","900"
"84","217817","20220802231000","140","0","雲林縣","虎尾鎮","120.405","23.680","82"
"44","217819","20220802231000","126","0","雲林縣","虎尾鎮","120.415","23.680","63"
"449","217821","20220802231000","364","2","雲林縣","虎尾鎮","120.410","23.685","387"
"106","217830","20220802231000","76","2","南投縣","竹山鎮","120.660","23.670","100"
"173","217842","20220802231000","661","0","雲林縣","大埤鄉","120.450","23.630","196"
"62","217845","20220802231000","255","0","雲林縣","大埤鄉","120.465","23.630","70"
"76","217877","20220802231000","174","0","雲林縣","大埤鄉","120.395","23.650","65"
"375","217883","20220802231000","197","3","雲林縣","大埤鄉","120.400","23.655","390"
"46","217899","20220802231000","155","0","南投縣","竹山鎮","120.670","23.670","57"
"229","218047","20220802231000","142","3","南投縣","竹山鎮","120.795","23.630","227"
"41","218070","20220802231000","19","3","南投縣","竹山鎮","120.795","23.635","35"
"309","218092","20220802231000","183","3","南投縣","竹山鎮","120.790","23.640","337"
"84","218153","20220802231000","142","0","南投縣","竹山鎮","120.765","23.655","81"
"55","218168","20220802231000","34","3","南投縣","竹山鎮","120.745","23.660","57"
"188","218218","20220802231000","349","0","南投縣","竹山鎮","120.760","23.675","230"
"87","218283","20220802231000","122","0","南投縣","竹山鎮","120.655","23.645","89"
"136","218348","20220802231000","101","2","南投縣","竹山鎮","120.665","23.650","141"
"157","218364","20220802231000","119","2","南投縣","竹山鎮","120.665","23.660","161"
"688","218380","20220802231000","303","3","雲林縣","台西鄉","120.210","23.675","685"
"13","218386","20220802231000","163","0","雲林縣","台西鄉","120.225","23.680","12"
"80","218399","20220802231000","298","0","雲林縣","台西鄉","120.180","23.680","76"
"67","218413","20220802231000","205","0","雲林縣","台西鄉","120.210","23.665","84"
"50","219194","20220802231000","37","2","花蓮縣","豐濱鄉","121.555","23.695","57"
"368","222539","20220802231000","341","1","澎湖縣","白沙鄉","119.610","23.750","417"
"90","223443","20220802231000","48","3","澎湖縣","白沙鄉","119.610","23.745","121"
"675","223474","20220802231000","458","2","花蓮縣","鳳林鎮","121.445","23.745","703"
"108","223481","20220802231000","54","3","花蓮縣","鳳林鎮","121.445","23.750","117"
"119","223503","20220802231000","127","0","花蓮縣","光復鄉","121.410","23.685","124"
"19","223515","20220802231000","10","3","花蓮縣","光復鄉","121.485","23.690","17"
"367","223610","20220802231000","356","1","雲林縣","二崙鄉","120.420","23.755","395"
"25","223616","20220802231000","62","0","雲林縣","二崙鄉","120.425","23.755","31"
"127","223971","20220802231000","89","2","花蓮縣","鳳林鎮","121.455","23.745","149"
"238","223986","20220802231000","204","1","花蓮縣","鳳林鎮","121.465","23.755","266"
"207","224005","20220802231000","147","2","花蓮縣","鳳林鎮","121.505","23.710","209"
"88","224077","20220802231000","50","3","花蓮縣","鳳林鎮","121.500","23.760","84"
"39","224149","20220802231000","32","2","花蓮縣","鳳林鎮","121.410","23.700","33"
"356","224179","20220802231000","490","0","花蓮縣","鳳林鎮","121.420","23.710","341"
"22","224210","20220802231000","17","2","花蓮縣","萬榮鄉","121.395","23.715","21"
"44","224212","20220802231000","67","0","花蓮縣","萬榮鄉","121.405","23.715","47"
"577","224231","20220802231000","386","2","花蓮縣","鳳林鎮","121.450","23.750","598"
"297","224245","20220802231000","239","2","花蓮縣","鳳林鎮","121.440","23.725","273"
"870","224262","20220802231000","883","0","花蓮縣","鳳林鎮","121.450","23.745","920"
"629","224270","20220802231000","412","3","雲林縣","土庫鎮","120.365","23.705","661"
"77","224272","20220802231000","217","0","雲林縣","土庫鎮","120.365","23.710","69"
"21","224301","20220802231000","93","0","雲林縣","二崙鄉","120.410","23.750","25"
"546","224303","20220802231000","414","2","雲林縣","二崙鄉","120.410","23.755","562"
"188","224441","20220802231000","77","3","花蓮縣","萬榮鄉","121.400","23.705","236"
"220","224591","20220802231000","203","1","花蓮縣","鳳林鎮","121.450","23.760","231"
"50","224688","20220802231000","32","3","花蓮縣","豐濱鄉","121.560","23.730","62"
"35","224707","20220802231000","158","0","雲林縣","二崙鄉","120.395","23.750","41"
"39","224725","20220802231000","72","0","雲林縣","元長鄉","120.330","23.690","38"
"359","224731","20220802231000","295","2","雲林縣","斗六市","120.565","23.730","317"
"852","224732","20220802231000","636","2","雲林縣","斗六市","120.555","23.735","932"
"14","224733","20220802231000","14","1","雲林縣","斗六市","120.560","23.735","20"
"557","224734","20220802231000","335","3","雲林縣","斗六市","120.565","23.735","555"
"366","224735","20220802231000","260","2","雲林縣","斗六市","120.550","23.740","410"
"95","224737","20220802231000","83","1","雲林縣","斗六市","120.560","23.740","98"
"220","224742","20220802231000","226","0","雲林縣","斗六市","120.560","23.745","189"
"535","224761","20220802231000","430","2","雲林縣","褒忠鄉","120.280","23.705","556"
"354","224763","20220802231000","242","2","雲林縣","東勢鄉","120.270","23.710","314"
"202","224805","20220802231000","115","3","雲林縣","東勢鄉","120.255","23.735","186"
"235","224806","20220802231000","201","1","雲林縣","斗南鎮","120.485","23.690","221"
"202","224834","20220802231000","170","1","南投縣","鹿谷鄉","120.795","23.690","300"
"125","224863","20220802231000","113","1","南投縣","鹿谷鄉","120.780","23.720","142"
"246","224872","20220802231000","174","2","南投縣","鹿谷鄉","120.745","23.760","290"
"62","224873","20220802231000","56","1","南投縣","鹿谷鄉","120.725","23.765","69"
"250","224875","20220802231000","248","1","南投縣","鹿谷鄉","120.735","23.765","238"
"305","224896","20220802231000","279","1","南投縣","鹿谷鄉","120.780","23.705","391"
"29","224917","20220802231000","142","0","雲林縣","土庫鎮","120.365","23.730","35"
"259","224920","20220802231000","220","1","雲林縣","土庫鎮","120.385","23.690","290"
"552","224923","20220802231000","274","3","雲林縣","土庫鎮","120.390","23.695","619"
"62","224936","20220802231000","291","0","南投縣","鹿谷鄉","120.770","23.730","64"
"299","224950","20220802231000","308","0","南投縣","鹿谷鄉","120.760","23.740","326"
"473","224951","20220802231000","405","1","南投縣","鹿谷鄉","120.765","23.740","474"
"318","224973","20220802231000","865","0","南投縣","鹿谷鄉","120.775","23.750","384"
"373","225062","20220802231000","354","1","南投縣","鹿谷鄉","120.755","23.725","382"
"16","225085","20220802231000","13","2","南投縣","鹿谷鄉","120.740","23.730","16"
"58","225138","20220802231000","56","1","南投縣","鹿谷鄉","120.820","23.720","58"
"445","225159","20220802231000","471","0","南投縣","鹿谷鄉","120.790","23.730","444"
"293","225192","20220802231000","318","0","南投縣","鹿谷鄉","120.755","23.745","280"
"699","225195","20220802231000","499","2","南投縣","鹿谷鄉","120.755","23.750","707"
"145","225196","20220802231000","142","1","南投縣","鹿谷鄉","120.745","23.755","170"
"647","225206","20220802231000","577","1","雲林縣","麥寮鄉","120.185","23.760","654"
"60","225208","20220802231000","61","0","雲林縣","麥寮鄉","120.175","23.765","58"
"805","225215","20220802231000","861","0","雲林縣","斗六市","120.575","23.725","778"
"201","225247","20220802231000","142","2","南投縣","信義鄉","120.850","23.695","193"
"227","225254","20220802231000","170","2","南投縣","信義鄉","120.885","23.695","227"
"149","225259","20220802231000","150","0","南投縣","信義鄉","120.850","23.700","158"
"243","225307","20220802231000","194","2","南投縣","信義鄉","120.850","23.685","234"
"133","225309","20220802231000","144","0","南投縣","信義鄉","120.850","23.690","137"
"238","225972","20220802231000","185","2","雲林縣","斗南鎮","120.500","23.690","211"
"679","225977","20220802231000","507","2","雲林縣","斗南鎮","120.480","23.700","880"
"252","225978","20220802231000","216","1","雲林縣","斗南鎮","120.485","23.700","251"
"294","225980","20220802231000","428","0","雲林縣","斗南鎮","120.495","23.700","463"
"39","225991","20220802231000","173","0","雲林縣","斗六市","120.500","23.710","41"
"274","226020","20220802231000","176","3","南投縣","水里鄉","120.855","23.730","268"
"2627","226032","20220802231000","1139","3","雲林縣","斗六市","120.535","23.700","2720"
"2348","226033","20220802231000","698","3","雲林縣","斗六市","120.540","23.705","2368"
"1020","226034","20220802231000","1014","1","雲林縣","斗六市","120.555","23.710","913"
"1410","226037","20220802231000","1254","1","雲林縣","斗六市","120.555","23.715","1468"
"1658","226039","20220802231000","1041","3","雲林縣","斗六市","120.525","23.695","1768"
"1735","226040","20220802231000","878","3","雲林縣","斗六市","120.530","23.695","1794"
"165","226041","20220802231000","110","3","雲林縣","斗六市","120.530","23.700","153"
"3310","226042","20220802231000","1652","3","雲林縣","斗六市","120.535","23.705","3439"
"86","226047","20220802231000","74","1","雲林縣","斗六市","120.560","23.725","76"
"374","226050","20220802231000","419","0","雲林縣","斗六市","120.530","23.730","374"
"98","226056","20220802231000","340","0","雲林縣","斗六市","120.530","23.735","108"
"23","226057","20220802231000","20","1","雲林縣","斗六市","120.535","23.735","29"
"229","226058","20220802231000","204","1","雲林縣","斗六市","120.540","23.735","247"
"378","226062","20220802231000","292","2","雲林縣","斗六市","120.540","23.740","349"
"12","226065","20220802231000","11","1","雲林縣","斗六市","120.505","23.690","16"
"38","226070","20220802231000","31","2","雲林縣","斗六市","120.505","23.700","37"
"346","226075","20220802231000","313","1","雲林縣","斗六市","120.510","23.705","348"
"829","226079","20220802231000","724","1","雲林縣","斗六市","120.525","23.690","790"
"393","226080","20220802231000","835","0","雲林縣","斗六市","120.530","23.690","392"
"520","226081","20220802231000","635","0","雲林縣","斗六市","120.535","23.690","569"
"730","226083","20220802231000","525","2","雲林縣","斗六市","120.595","23.710","690"
"11","226085","20220802231000","216","0","雲林縣","斗六市","120.585","23.715","17"
"25","226086","20220802231000","80","0","雲林縣","斗六市","120.590","23.715","34"
"285","226091","20220802231000","241","1","雲林縣","斗六市","120.595","23.715","310"
"33","226098","20220802231000","27","2","雲林縣","斗六市","120.625","23.695","36"
"195","226124","20220802231000","158","2","雲林縣","斗六市","120.600","23.715","168"
"23","226125","20220802231000","20","1","雲林縣","斗六市","120.610","23.715","23"
"20","226131","20220802231000","49","0","雲林縣","斗六市","120.605","23.715","23"
"3084","226137","20220802231000","1625","3","雲林縣","斗六市","120.540","23.700","3199"
"158","226143","20220802231000","115","2","雲林縣","斗六市","120.505","23.715","152"
"497","226146","20220802231000","491","1","雲林縣","斗六市","120.525","23.715","497"
"471","226149","20220802231000","383","2","雲林縣","斗六市","120.505","23.720","476"
"83","226151","20220802231000","101","0","雲林縣","斗六市","120.515","23.720","113"
"812","226153","20220802231000","615","2","雲林縣","斗六市","120.525","23.720","840"
"657","226159","20220802231000","551","1","雲林縣","斗六市","120.520","23.725","628"
"246","226168","20220802231000","985","0","雲林縣","土庫鎮","120.355","23.705","266"
"23","226173","20220802231000","213","0","雲林縣","斗南鎮","120.475","23.690","33"
"243","226174","20220802231000","204","1","雲林縣","斗南鎮","120.480","23.690","240"
"337","226175","20220802231000","223","3","雲林縣","斗南鎮","120.465","23.695","374"
"40","226182","20220802231000","148","0","雲林縣","崙背鄉","120.345","23.755","34"
"74","226190","20220802231000","405","0","雲林縣","崙背鄉","120.305","23.755","73"
"231","226206","20220802231000","143","3","雲林縣","土庫鎮","120.345","23.695","236"
"96","226232","20220802231000","347","0","南投縣","水里鄉","120.845","23.745","97"
"13","226258","20220802231000","46","0","雲林縣","虎尾鎮","120.460","23.700","14"
"538","226259","20220802231000","439","2","雲林縣","虎尾鎮","120.445","23.705","616"
"451","226261","20220802231000","380","1","雲林縣","虎尾鎮","120.455","23.705","474"
"1167","226263","20220802231000","1170","0","雲林縣","虎尾鎮","120.450","23.710","1063"
"488","226265","20220802231000","277","3","雲林縣","虎尾鎮","120.445","23.710","493"
"515","226266","20220802231000","442","1","雲林縣","虎尾鎮","120.450","23.715","563"
"353","226267","20220802231000","204","3","雲林縣","虎尾鎮","120.415","23.715","429"
"700","226268","20220802231000","491","2","雲林縣","虎尾鎮","120.420","23.715","717"
"395","226277","20220802231000","328","2","雲林縣","虎尾鎮","120.420","23.725","416"
"696","226286","20220802231000","599","1","雲林縣","虎尾鎮","120.425","23.735","606"
"428","226287","20220802231000","397","1","雲林縣","虎尾鎮","120.415","23.740","477"
"401","226291","20220802231000","284","2","雲林縣","斗六市","120.575","23.715","448"
"335","226293","20220802231000","390","0","雲林縣","斗六市","120.580","23.720","336"
"651","226294","20220802231000","655","0","雲林縣","斗六市","120.585","23.720","696"
"331","226298","20220802231000","330","1","雲林縣","斗六市","120.585","23.725","276"
"49","226299","20220802231000","149","0","雲林縣","斗六市","120.590","23.725","30"
"124","226300","20220802231000","96","2","雲林縣","斗六市","120.595","23.725","120"
"339","226302","20220802231000","261","2","雲林縣","斗六市","120.590","23.730","595"
"98","226669","20220802231000","462","0","雲林縣","崙背鄉","120.380","23.750","113"
"29","226674","20220802231000","109","0","雲林縣","崙背鄉","120.385","23.755","26"
"397","226678","20220802231000","192","3","雲林縣","崙背鄉","120.375","23.760","391"
"611","226684","20220802231000","362","3","雲林縣","斗六市","120.560","23.695","566"
"208","226686","20220802231000","154","2","雲林縣","斗六市","120.555","23.700","243"
"393","226687","20220802231000","220","3","雲林縣","斗六市","120.560","23.700","392"
"345","226689","20220802231000","265","2","雲林縣","斗六市","120.560","23.705","342"
"586","226695","20220802231000","563","1","雲林縣","斗六市","120.575","23.700","587"
"63","226701","20220802231000","278","0","雲林縣","斗六市","120.605","23.700","76"
"26","226707","20220802231000","18","2","雲林縣","斗六市","120.600","23.705","35"
"859","226714","20220802231000","454","3","雲林縣","虎尾鎮","120.430","23.715","816"
"371","226715","20220802231000","434","0","雲林縣","虎尾鎮","120.440","23.715","338"
"40","226718","20220802231000","82","0","雲林縣","斗六市","120.570","23.690","42"
"144","226726","20220802231000","95","3","雲林縣","古坑鄉","120.605","23.695","147"
"189","226731","20220802231000","197","0","雲林縣","虎尾鎮","120.400","23.715","177"
"87","226733","20220802231000","386","0","雲林縣","虎尾鎮","120.410","23.715","102"
"548","226737","20220802231000","531","1","雲林縣","虎尾鎮","120.445","23.715","604"
"124","226738","20220802231000","95","2","雲林縣","虎尾鎮","120.445","23.720","129"
"631","226739","20220802231000","568","1","雲林縣","虎尾鎮","120.450","23.720","633"
"607","226749","20220802231000","374","3","雲林縣","東勢鄉","120.250","23.715","605"
"653","226761","20220802231000","349","3","雲林縣","莿桐鄉","120.500","23.750","677"
"534","226763","20220802231000","231","3","雲林縣","莿桐鄉","120.510","23.750","567"
"180","226767","20220802231000","885","0","雲林縣","莿桐鄉","120.500","23.760","177"
"81","226768","20220802231000","450","0","雲林縣","莿桐鄉","120.505","23.760","81"
"68","226770","20220802231000","27","3","雲林縣","莿桐鄉","120.500","23.765","46"
"366","226788","20220802231000","302","2","雲林縣","虎尾鎮","120.405","23.700","382"
"444","226802","20220802231000","362","2","雲林縣","虎尾鎮","120.460","23.710","462"
"74","226804","20220802231000","51","2","雲林縣","虎尾鎮","120.470","23.710","75"
"482","226807","20220802231000","528","0","雲林縣","虎尾鎮","120.470","23.715","558"
"282","226810","20220802231000","184","3","雲林縣","虎尾鎮","120.460","23.715","265"
"52","226820","20220802231000","178","0","雲林縣","東勢鄉","120.245","23.690","298"
"16","226824","20220802231000","49","0","雲林縣","斗六市","120.600","23.725","14"
"200","226828","20220802231000","181","1","雲林縣","林內鄉","120.595","23.735","192"
"120","226841","20220802231000","703","0","雲林縣","林內鄉","120.595","23.750","132"
"37","226857","20220802231000","239","0","雲林縣","林內鄉","120.635","23.755","48"
"1103","226870","20220802231000","830","2","雲林縣","林內鄉","120.610","23.755","981"
"647","226877","20220802231000","388","3","雲林縣","林內鄉","120.615","23.765","499"
"155","226880","20220802231000","611","0","雲林縣","林內鄉","120.620","23.765","159"
"198","226886","20220802231000","393","0","雲林縣","林內鄉","120.615","23.760","500"
"26","226903","20220802231000","82","0","雲林縣","林內鄉","120.620","23.745","28"
"36","226920","20220802231000","53","0","雲林縣","林內鄉","120.625","23.720","30"
"192","226924","20220802231000","185","1","雲林縣","林內鄉","120.610","23.725","184"
"76","226957","20220802231000","177","0","雲林縣","林內鄉","120.590","23.760","76"
"1700","226964","20220802231000","2158","0","雲林縣","斗六市","120.555","23.705","1825"
"1415","226965","20220802231000","958","2","雲林縣","斗六市","120.530","23.715","1445"
"679","226966","20220802231000","430","3","雲林縣","斗六市","120.535","23.710","685"
"1405","226967","20220802231000","1327","1","雲林縣","斗六市","120.535","23.715","1485"
"139","227221","20220802231000","40","3","雲林縣","斗六市","120.545","23.720","128"
"184","227224","20220802231000","249","0","雲林縣","斗六市","120.540","23.725","185"
"52","227240","20220802231000","201","0","雲林縣","東勢鄉","120.270","23.705","65"
"50","227244","20220802231000","205","0","雲林縣","東勢鄉","120.285","23.690","59"
"53","227262","20220802231000","254","0","雲林縣","東勢鄉","120.250","23.705","58"
"130","227268","20220802231000","83","3","雲林縣","西螺鎮","120.460","23.760","143"
"1495","227273","20220802231000","872","3","雲林縣","斗六市","120.545","23.715","1539"
"110","227274","20220802231000","106","1","雲林縣","斗六市","120.565","23.710","113"
"930","227276","20220802231000","797","1","雲林縣","斗六市","120.565","23.715","938"
"207","227279","20220802231000","231","0","雲林縣","斗六市","120.560","23.715","177"
"448","227280","20220802231000","403","1","雲林縣","斗六市","120.565","23.720","395"
"93","227287","20220802231000","389","0","雲林縣","土庫鎮","120.345","23.705","117"
"272","227301","20220802231000","127","3","雲林縣","斗六市","120.520","23.695","254"
"23","227302","20220802231000","42","0","雲林縣","斗六市","120.520","23.700","45"
"335","227303","20220802231000","413","0","雲林縣","斗六市","120.525","23.700","309"
"24","227305","20220802231000","57","0","雲林縣","斗六市","120.525","23.705","24"
"95","227306","20220802231000","1440","0","雲林縣","斗六市","120.530","23.705","115"
"38","227309","20220802231000","60","0","雲林縣","斗六市","120.525","23.710","33"
"264","227316","20220802231000","191","2","雲林縣","斗六市","120.515","23.715","289"
"47","227320","20220802231000","169","0","雲林縣","斗六市","120.565","23.695","48"
"967","227328","20220802231000","1232","0","雲林縣","斗六市","120.540","23.710","994"
"1111","227329","20220802231000","859","2","雲林縣","斗六市","120.540","23.715","1142"
"972","227330","20220802231000","1008","0","雲林縣","斗六市","120.550","23.715","972"
"30","227339","20220802231000","237","0","雲林縣","斗六市","120.565","23.750","29"
"2248","227348","20220802231000","1936","1","雲林縣","斗六市","120.545","23.710","2341"
"658","227349","20220802231000","837","0","雲林縣","斗六市","120.540","23.690","650"
"178","227350","20220802231000","955","0","雲林縣","斗六市","120.550","23.710","200"
"397","227351","20220802231000","154","3","雲林縣","崙背鄉","120.360","23.755","468"
"124","227355","20220802231000","346","0","雲林縣","崙背鄉","120.370","23.755","132"
"1069","227359","20220802231000","1047","1","雲林縣","崙背鄉","120.350","23.760","1066"
"191","227365","20220802231000","174","1","雲林縣","崙背鄉","120.330","23.750","204"
"578","227373","20220802231000","252","3","雲林縣","崙背鄉","120.315","23.755","615"
"38","227383","20220802231000","183","0","雲林縣","崙背鄉","120.335","23.760","43"
"207","227395","20220802231000","216","0","雲林縣","西螺鎮","120.435","23.755","163"
"194","227444","20220802231000","512","0","雲林縣","台西鄉","120.200","23.715","201"
"115","227446","20220802231000","80","2","雲林縣","台西鄉","120.210","23.715","111"
"323","227476","20220802231000","1377","0","雲林縣","台西鄉","120.200","23.700","348"
"500","227502","20220802231000","1008","0","南投縣","竹山鎮","120.695","23.760","566"
"297","227503","20220802231000","314","0","南投縣","竹山鎮","120.685","23.765","267"
"93","227504","20220802231000","85","1","南投縣","竹山鎮","120.690","23.765","111"
"393","227505","20220802231000","311","2","南投縣","竹山鎮","120.695","23.765","423"
"57","227537","20220802231000","114","0","南投縣","竹山鎮","120.725","23.755","51"
"28","227540","20220802231000","75","0","南投縣","竹山鎮","120.710","23.760","28"
"218","227544","20220802231000","192","1","雲林縣","莿桐鄉","120.525","23.735","270"
"61","227559","20220802231000","375","0","雲林縣","莿桐鄉","120.505","23.730","50"
"58","227564","20220802231000","285","0","雲林縣","莿桐鄉","120.515","23.735","55"
"80","227570","20220802231000","451","0","雲林縣","莿桐鄉","120.515","23.740","80"
"24","227577","20220802231000","132","0","雲林縣","莿桐鄉","120.490","23.760","30"
"25","227580","20220802231000","30","0","雲林縣","虎尾鎮","120.435","23.715","11"
"481","227581","20220802231000","400","2","雲林縣","虎尾鎮","120.435","23.720","470"
"201","227585","20220802231000","104","3","雲林縣","虎尾鎮","120.435","23.735","229"
"634","227588","20220802231000","366","3","雲林縣","虎尾鎮","120.435","23.690","687"
"474","227593","20220802231000","416","1","雲林縣","虎尾鎮","120.435","23.695","542"
"112","227603","20220802231000","470","0","雲林縣","土庫鎮","120.375","23.705","109"
"362","227604","20220802231000","211","3","雲林縣","虎尾鎮","120.380","23.705","361"
"355","227632","20220802231000","193","3","雲林縣","褒忠鄉","120.340","23.735","363"
"896","227636","20220802231000","694","2","南投縣","竹山鎮","120.680","23.750","937"
"759","227637","20220802231000","660","1","南投縣","竹山鎮","120.675","23.755","787"
"2073","227638","20220802231000","1918","1","南投縣","竹山鎮","120.680","23.755","2095"
"99","227639","20220802231000","87","1","南投縣","竹山鎮","120.685","23.755","151"
"88","227640","20220802231000","678","0","雲林縣","虎尾鎮","120.420","23.700","113"
"376","227642","20220802231000","337","1","雲林縣","虎尾鎮","120.420","23.705","341"
"781","227645","20220802231000","658","1","雲林縣","虎尾鎮","120.420","23.710","862"
"2224","227647","20220802231000","1896","1","雲林縣","虎尾鎮","120.435","23.710","2186"
"235","227655","20220802231000","235","1","雲林縣","褒忠鄉","120.310","23.720","233"
"358","227684","20220802231000","307","1","雲林縣","虎尾鎮","120.405","23.725","364"
"161","227697","20220802231000","97","3","雲林縣","虎尾鎮","120.395","23.735","177"
"150","227698","20220802231000","125","2","雲林縣","虎尾鎮","120.400","23.735","128"
"251","227706","20220802231000","201","2","雲林縣","虎尾鎮","120.405","23.740","234"
"1145","227716","20220802231000","1173","0","雲林縣","虎尾鎮","120.430","23.705","1097"
"621","227717","20220802231000","573","1","雲林縣","虎尾鎮","120.435","23.705","585"
"166","227722","20220802231000","106","3","雲林縣","崙背鄉","120.345","23.750","194"
"235","227728","20220802231000","817","0","雲林縣","崙背鄉","120.350","23.750","260"
"18","227730","20220802231000","262","0","雲林縣","崙背鄉","120.350","23.755","37"
"24","227733","20220802231000","32","0","雲林縣","虎尾鎮","120.400","23.710","31"
"809","227738","20220802231000","609","2","雲林縣","虎尾鎮","120.430","23.710","902"
"323","227741","20220802231000","247","2","雲林縣","斗南鎮","120.485","23.720","348"
"12","227744","20220802231000","16","0","雲林縣","虎尾鎮","120.485","23.725","15"
"399","227745","20220802231000","265","3","雲林縣","虎尾鎮","120.490","23.725","368"
"211","227748","20220802231000","151","2","雲林縣","虎尾鎮","120.480","23.730","226"
"1063","227763","20220802231000","607","3","雲林縣","虎尾鎮","120.440","23.710","1021"
"74","227766","20220802231000","647","0","雲林縣","虎尾鎮","120.390","23.705","85"
"372","227798","20220802231000","558","0","南投縣","竹山鎮","120.710","23.765","371"
"596","227807","20220802231000","587","1","南投縣","竹山鎮","120.700","23.765","529"
"194","227808","20220802231000","187","1","南投縣","竹山鎮","120.705","23.765","245"
"404","227840","20220802231000","467","0","南投縣","竹山鎮","120.685","23.760","410"
"167","227842","20220802231000","780","0","南投縣","竹山鎮","120.675","23.760","197"
"183","227852","20220802231000","156","1","南投縣","竹山鎮","120.650","23.705","181"
"23","227871","20220802231000","84","0","南投縣","竹山鎮","120.655","23.720","25"
"504","227882","20220802231000","370","2","雲林縣","虎尾鎮","120.430","23.700","561"
"1011","227894","20220802231000","655","3","雲林縣","虎尾鎮","120.460","23.725","1019"
"359","227907","20220802231000","164","3","雲林縣","虎尾鎮","120.465","23.740","375"
"2132","227921","20220802231000","1739","2","雲林縣","褒忠鄉","120.315","23.695","2115"
"103","227938","20220802231000","89","1","南投縣","竹山鎮","120.715","23.695","121"
"23","227947","20220802231000","16","2","南投縣","竹山鎮","120.715","23.705","32"
"19","227979","20220802231000","34","0","南投縣","竹山鎮","120.700","23.705","20"
"543","228012","20220802231000","355","3","雲林縣","褒忠鄉","120.285","23.700","594"
"804","228016","20220802231000","677","1","雲林縣","褒忠鄉","120.315","23.710","878"
"247","228047","20220802231000","190","2","南投縣","竹山鎮","120.665","23.755","274"
"458","228051","20220802231000","448","1","南投縣","竹山鎮","120.665","23.760","447"
"682","228091","20220802231000","334","3","雲林縣","台西鄉","120.215","23.740","723"
"230","228138","20220802231000","280","0","雲林縣","崙背鄉","120.295","23.760","248"
"42","228142","20220802231000","376","0","雲林縣","虎尾鎮","120.440","23.720","51"
"767","228151","20220802231000","282","3","雲林縣","麥寮鄉","120.260","23.750","764"
"462","228157","20220802231000","168","3","雲林縣","麥寮鄉","120.255","23.760","479"
"2010","228161","20220802231000","1386","2","雲林縣","斗六市","120.545","23.705","2027"
"353","228162","20220802231000","373","0","雲林縣","斗六市","120.550","23.705","291"
"199","228194","20220802231000","192","1","南投縣","竹山鎮","120.705","23.745","176"
"60","228199","20220802231000","40","3","南投縣","竹山鎮","120.700","23.750","43"
"659","228200","20220802231000","435","3","南投縣","竹山鎮","120.690","23.755","676"
"71","228205","20220802231000","76","0","南投縣","竹山鎮","120.680","23.745","86"
"211","228207","20220802231000","280","0","南投縣","竹山鎮","120.675","23.750","189"
"173","228209","20220802231000","636","0","雲林縣","台西鄉","120.210","23.720","222"
"1217","228228","20220802231000","847","2","雲林縣","台西鄉","120.220","23.720","1249"
"39","228231","20220802231000","20","3","雲林縣","台西鄉","120.215","23.700","41"
"124","228245","20220802231000","304","0","雲林縣","台西鄉","120.190","23.700","127"
"76","228266","20220802231000","219","0","雲林縣","麥寮鄉","120.260","23.745","50"
"1600","228271","20220802231000","452","3","雲林縣","麥寮鄉","120.250","23.750","1598"
"1910","228272","20220802231000","1772","1","雲林縣","麥寮鄉","120.255","23.750","1950"
"539","228274","20220802231000","336","3","雲林縣","麥寮鄉","120.265","23.750","538"
"63","228278","20220802231000","533","0","雲林縣","莿桐鄉","120.480","23.745","83"
"957","228283","20220802231000","848","1","雲林縣","西螺鎮","120.465","23.755","914"
"238","228312","20220802231000","944","0","雲林縣","麥寮鄉","120.240","23.750","274"
"252","228321","20220802231000","203","2","雲林縣","台西鄉","120.220","23.750","253"
"477","228335","20220802231000","346","2","雲林縣","虎尾鎮","120.420","23.690","453"
"282","228337","20220802231000","341","0","雲林縣","虎尾鎮","120.425","23.695","273"
"2189","228338","20220802231000","2370","0","雲林縣","虎尾鎮","120.425","23.700","2164"
"51","228340","20220802231000","707","0","雲林縣","虎尾鎮","120.425","23.710","57"
"29","228375","20220802231000","80","0","南投縣","竹山鎮","120.665","23.725","34"
"38","228395","20220802231000","102","0","南投縣","竹山鎮","120.690","23.725","44"
"104","228399","20220802231000","95","1","南投縣","竹山鎮","120.710","23.725","112"
"32","228402","20220802231000","187","0","南投縣","竹山鎮","120.690","23.730","33"
"150","228415","20220802231000","872","0","南投縣","竹山鎮","120.680","23.760","197"
"143","228711","20220802231000","128","1","雲林縣","麥寮鄉","120.170","23.770","141"
"163","230307","20220802231000","118","2","雲林縣","麥寮鄉","120.180","23.795","122"
"29","232186","20220802231000","20","2","花蓮縣","壽豐鄉","121.585","23.825","46"
"112","233034","20220802231000","86","2","花蓮縣","壽豐鄉","121.565","23.780","120"
"56","233104","20220802231000","34","3","花蓮縣","壽豐鄉","121.460","23.810","56"
"346","233119","20220802231000","205","3","花蓮縣","壽豐鄉","121.475","23.815","319"
"161","233140","20220802231000","122","2","花蓮縣","壽豐鄉","121.480","23.825","179"
"615","233238","20220802231000","525","1","花蓮縣","壽豐鄉","121.515","23.840","628"
"26","233277","20220802231000","14","3","花蓮縣","壽豐鄉","121.590","23.840","29"
"68","233282","20220802231000","151","0","雲林縣","二崙鄉","120.420","23.815","62"
"230","234014","20220802231000","195","1","花蓮縣","鳳林鎮","121.455","23.800","225"
"94","234015","20220802231000","78","2","花蓮縣","鳳林鎮","121.460","23.800","106"
"11","234031","20220802231000","45","0","花蓮縣","鳳林鎮","121.465","23.805","11"
"340","234042","20220802231000","293","1","花蓮縣","萬榮鄉","121.445","23.810","340"
"1015","234074","20220802231000","1280","0","雲林縣","二崙鄉","120.415","23.770","1051"
"45","234106","20220802231000","253","0","雲林縣","二崙鄉","120.410","23.815","35"
"44","234119","20220802231000","15","3","雲林縣","二崙鄉","120.415","23.795","51"
"77","234120","20220802231000","364","0","雲林縣","二崙鄉","120.420","23.795","83"
"500","234127","20220802231000","389","2","雲林縣","二崙鄉","120.385","23.795","528"
"349","234130","20220802231000","291","1","雲林縣","二崙鄉","120.380","23.800","322"
"340","234162","20220802231000","131","3","雲林縣","二崙鄉","120.395","23.820","335"
"233","234274","20220802231000","135","3","花蓮縣","鳳林鎮","121.460","23.780","221"
"74","234277","20220802231000","54","2","花蓮縣","鳳林鎮","121.460","23.785","87"
"55","234283","20220802231000","366","0","雲林縣","二崙鄉","120.410","23.805","71"
"30","234324","20220802231000","136","0","雲林縣","二崙鄉","120.395","23.765","25"
"476","234338","20220802231000","418","1","雲林縣","二崙鄉","120.365","23.805","480"
"238","234373","20220802231000","141","3","雲林縣","二崙鄉","120.375","23.795","254"
"198","234386","20220802231000","586","0","雲林縣","二崙鄉","120.395","23.790","224"
"835","234401","20220802231000","355","3","雲林縣","西螺鎮","120.470","23.795","786"
"259","234404","20220802231000","195","2","雲林縣","西螺鎮","120.470","23.800","240"
"292","234406","20220802231000","86","3","雲林縣","西螺鎮","120.480","23.800","296"
"1332","234413","20220802231000","546","3","雲林縣","西螺鎮","120.450","23.785","1285"
"488","234424","20220802231000","388","2","雲林縣","麥寮鄉","120.270","23.770","502"
"642","234432","20220802231000","398","3","雲林縣","麥寮鄉","120.265","23.780","648"
"141","234453","20220802231000","25","3","雲林縣","麥寮鄉","120.235","23.790","155"
"143","234454","20220802231000","454","0","雲林縣","麥寮鄉","120.240","23.790","301"
"1920","234481","20220802231000","1468","2","南投縣","水里鄉","120.855","23.815","1874"
"261","234482","20220802231000","158","3","南投縣","水里鄉","120.860","23.815","238"
"13","234513","20220802231000","260","0","雲林縣","西螺鎮","120.485","23.785","18"
"311","234539","20220802231000","204","3","雲林縣","西螺鎮","120.450","23.775","283"
"650","234540","20220802231000","158","3","雲林縣","西螺鎮","120.445","23.780","584"
"27","234570","20220802231000","34","0","南投縣","鹿谷鄉","120.740","23.775","33"
"420","234591","20220802231000","303","2","南投縣","水里鄉","120.845","23.820","403"
"181","234630","20220802231000","156","1","南投縣","水里鄉","120.930","23.795","185"
"142","234678","20220802231000","559","0","南投縣","水里鄉","120.850","23.815","171"
"206","234703","20220802231000","182","1","南投縣","水里鄉","120.845","23.775","190"
"429","234721","20220802231000","419","1","彰化縣","溪州鄉","120.515","23.815","492"
"157","234765","20220802231000","124","2","南投縣","鹿谷鄉","120.785","23.790","183"
"26","234802","20220802231000","128","0","南投縣","鹿谷鄉","120.785","23.805","16"
"62","234826","20220802231000","49","2","南投縣","鹿谷鄉","120.785","23.765","55"
"73","234843","20220802231000","46","3","南投縣","鹿谷鄉","120.775","23.775","72"
"132","234859","20220802231000","85","3","南投縣","鹿谷鄉","120.775","23.785","136"
"67","234881","20220802231000","50","2","雲林縣","麥寮鄉","120.195","23.775","52"
"94","234888","20220802231000","68","2","雲林縣","麥寮鄉","120.180","23.785","108"
"44","234892","20220802231000","52","0","雲林縣","麥寮鄉","120.200","23.785","43"
"257","234900","20220802231000","210","2","雲林縣","麥寮鄉","120.205","23.790","283"
"1466","234906","20220802231000","687","3","雲林縣","麥寮鄉","120.260","23.790","1461"
"1091","234915","20220802231000","491","3","雲林縣","麥寮鄉","120.220","23.795","1107"
"570","234934","20220802231000","162","3","雲林縣","麥寮鄉","120.230","23.795","584"
"1179","234937","20220802231000","557","3","雲林縣","麥寮鄉","120.245","23.795","1177"
"16","234945","20220802231000","15","1","雲林縣","麥寮鄉","120.190","23.800","12"
"41","234949","20220802231000","27","3","雲林縣","麥寮鄉","120.210","23.800","40"
"1486","234952","20220802231000","1395","1","雲林縣","麥寮鄉","120.225","23.800","1534"
"321","234961","20220802231000","214","3","雲林縣","麥寮鄉","120.270","23.800","288"
"45","234965","20220802231000","45","1","雲林縣","麥寮鄉","120.195","23.805","44"
"56","234967","20220802231000","59","0","雲林縣","麥寮鄉","120.205","23.805","36"
"97","234997","20220802231000","125","0","雲林縣","麥寮鄉","120.215","23.815","118"
"15","235080","20220802231000","111","0","南投縣","信義鄉","120.940","23.820","19"
"12","235214","20220802231000","10","2","南投縣","信義鄉","120.980","23.785","13"
"75","235228","20220802231000","221","0","雲林縣","崙背鄉","120.350","23.775","92"
"258","235235","20220802231000","121","3","雲林縣","崙背鄉","120.345","23.785","249"
"16","235239","20220802231000","290","0","雲林縣","崙背鄉","120.350","23.790","22"
"689","235274","20220802231000","694","0","南投縣","水里鄉","120.850","23.810","746"
"316","235297","20220802231000","276","1","彰化縣","溪州鄉","120.505","23.815","333"
"894","235309","20220802231000","817","1","彰化縣","溪州鄉","120.540","23.830","904"
"515","235350","20220802231000","408","2","彰化縣","溪州鄉","120.490","23.830","492"
"205","235352","20220802231000","165","2","彰化縣","溪州鄉","120.475","23.835","222"
"434","235362","20220802231000","298","2","彰化縣","溪州鄉","120.480","23.845","471"
"165","235370","20220802231000","202","0","彰化縣","溪州鄉","120.500","23.840","180"
"528","235385","20220802231000","361","2","雲林縣","崙背鄉","120.325","23.780","556"
"316","235405","20220802231000","229","2","南投縣","水里鄉","120.865","23.795","333"
"516","235409","20220802231000","526","0","南投縣","水里鄉","120.860","23.800","510"
"55","235459","20220802231000","269","0","南投縣","水里鄉","120.825","23.810","55"
"11","235490","20220802231000","78","0","南投縣","水里鄉","120.865","23.835","11"
"60","235505","20220802231000","42","2","南投縣","水里鄉","120.870","23.845","55"
"67","235509","20220802231000","381","0","南投縣","名間鄉","120.635","23.835","64"
"363","235515","20220802231000","282","2","南投縣","名間鄉","120.705","23.820","401"
"259","235521","20220802231000","231","1","南投縣","名間鄉","120.715","23.830","237"
"1095","235523","20220802231000","1042","1","南投縣","名間鄉","120.705","23.835","1098"
"89","235527","20220802231000","78","1","南投縣","名間鄉","120.725","23.835","90"
"196","235539","20220802231000","144","2","南投縣","名間鄉","120.665","23.820","224"
"481","235555","20220802231000","408","1","南投縣","集集鎮","120.795","23.825","501"
"98","235556","20220802231000","388","0","南投縣","集集鎮","120.795","23.830","94"
"31","235703","20220802231000","55","0","南投縣","信義鄉","120.915","23.785","39"
"320","235812","20220802231000","202","3","南投縣","信義鄉","120.940","23.795","296"
"47","236275","20220802231000","242","0","南投縣","名間鄉","120.660","23.835","70"
"331","236286","20220802231000","267","2","南投縣","名間鄉","120.655","23.845","331"
"48","236299","20220802231000","61","0","南投縣","名間鄉","120.695","23.810","35"
"117","236318","20220802231000","64","3","彰化縣","二水鄉","120.635","23.830","144"
"490","236322","20220802231000","402","2","南投縣","名間鄉","120.630","23.840","498"
"237","236329","20220802231000","163","2","彰化縣","溪州鄉","120.515","23.830","237"
"138","236334","20220802231000","104","2","彰化縣","溪州鄉","120.520","23.835","137"
"15","236347","20220802231000","45","0","彰化縣","溪州鄉","120.510","23.845","15"
"167","236374","20220802231000","141","1","彰化縣","溪州鄉","120.580","23.820","190"
"312","236389","20220802231000","298","1","彰化縣","溪州鄉","120.470","23.830","302"
"294","236394","20220802231000","375","0","南投縣","名間鄉","120.695","23.835","295"
"848","236405","20220802231000","754","1","南投縣","名間鄉","120.700","23.835","898"
"39","236406","20220802231000","32","2","彰化縣","二水鄉","120.650","23.810","37"
"59","236410","20220802231000","203","0","南投縣","名間鄉","120.645","23.820","58"
"207","236415","20220802231000","138","3","南投縣","名間鄉","120.655","23.830","210"
"626","236419","20220802231000","199","3","彰化縣","大城鄉","120.345","23.845","607"
"317","236421","20220802231000","248","2","彰化縣","大城鄉","120.300","23.840","328"
"367","236449","20220802231000","253","2","彰化縣","溪州鄉","120.565","23.815","367"
"205","236455","20220802231000","229","0","彰化縣","溪州鄉","120.560","23.830","233"
"60","236462","20220802231000","301","0","雲林縣","莿桐鄉","120.540","23.765","74"
"441","236463","20220802231000","338","2","雲林縣","莿桐鄉","120.530","23.770","459"
"20","236470","20220802231000","184","0","南投縣","名間鄉","120.630","23.845","31"
"161","236472","20220802231000","129","2","南投縣","名間鄉","120.640","23.845","175"
"350","236479","20220802231000","249","2","南投縣","名間鄉","120.690","23.845","358"
"291","236481","20220802231000","229","2","南投縣","名間鄉","120.700","23.845","251"
"676","236492","20220802231000","478","2","雲林縣","林內鄉","120.610","23.770","668"
"162","236494","20220802231000","159","1","雲林縣","林內鄉","120.610","23.775","163"
"67","236509","20220802231000","250","0","雲林縣","林內鄉","120.625","23.775","55"
"92","236557","20220802231000","342","0","南投縣","集集鎮","120.800","23.825","112"
"257","236563","20220802231000","104","3","南投縣","集集鎮","120.765","23.820","271"
"34","236573","20220802231000","107","0","南投縣","集集鎮","120.770","23.845","46"
"168","236578","20220802231000","216","0","南投縣","集集鎮","120.815","23.825","180"
"324","236593","20220802231000","1009","0","南投縣","集集鎮","120.785","23.825","330"
"309","236635","20220802231000","243","2","彰化縣","大城鄉","120.350","23.835","323"
"347","236679","20220802231000","241","2","彰化縣","大城鄉","120.275","23.845","353"
"290","236695","20220802231000","215","2","南投縣","信義鄉","120.905","23.770","268"
"58","236721","20220802231000","354","0","彰化縣","二水鄉","120.615","23.810","50"
"1153","236741","20220802231000","262","3","雲林縣","莿桐鄉","120.500","23.780","1169"
"236","236758","20220802231000","144","3","彰化縣","二水鄉","120.630","23.830","238"
"394","236765","20220802231000","551","0","彰化縣","二水鄉","120.610","23.815","399"
"395","236771","20220802231000","277","2","彰化縣","二水鄉","120.635","23.795","451"
"11","236772","20220802231000","31","0","彰化縣","二水鄉","120.640","23.795","15"
"2528","236781","20220802231000","1044","3","雲林縣","西螺鎮","120.440","23.780","2695"
"344","236785","20220802231000","297","1","雲林縣","西螺鎮","120.430","23.790","337"
"536","236786","20220802231000","118","3","雲林縣","西螺鎮","120.435","23.790","540"
"30","236796","20220802231000","218","0","彰化縣","二水鄉","120.640","23.805","34"
"71","236801","20220802231000","348","0","彰化縣","二水鄉","120.605","23.825","60"
"408","236814","20220802231000","1062","0","彰化縣","二水鄉","120.620","23.810","363"
"270","237024","20220802231000","369","0","雲林縣","莿桐鄉","120.515","23.775","270"
"403","237025","20220802231000","293","2","雲林縣","莿桐鄉","120.520","23.775","410"
"1291","237039","20220802231000","435","3","雲林縣","西螺鎮","120.435","23.800","1249"
"978","237048","20220802231000","231","3","雲林縣","西螺鎮","120.440","23.810","1019"
"554","237053","20220802231000","312","3","雲林縣","西螺鎮","120.465","23.795","578"
"1619","237054","20220802231000","1117","2","雲林縣","西螺鎮","120.465","23.800","1711"
"14","237056","20220802231000","271","0","雲林縣","西螺鎮","120.465","23.765","18"
"1272","237062","20220802231000","633","3","雲林縣","西螺鎮","120.475","23.785","1154"
"265","237066","20220802231000","97","3","雲林縣","西螺鎮","120.475","23.765","284"
"96","237068","20220802231000","457","0","雲林縣","西螺鎮","120.460","23.795","127"
"915","237069","20220802231000","1100","0","雲林縣","西螺鎮","120.460","23.800","909"
"1806","237075","20220802231000","766","3","雲林縣","西螺鎮","120.440","23.800","1840"
"432","237076","20220802231000","279","3","雲林縣","西螺鎮","120.455","23.790","394"
"218","237078","20220802231000","2548","0","雲林縣","西螺鎮","120.455","23.800","289"
"31","237081","20220802231000","129","0","彰化縣","二水鄉","120.635","23.810","27"
"15","237089","20220802231000","19","0","彰化縣","二水鄉","120.640","23.800","17"
"38","237103","20220802231000","282","0","彰化縣","二水鄉","120.630","23.800","47"
"53","237115","20220802231000","35","3","彰化縣","二水鄉","120.655","23.800","55"
"440","237141","20220802231000","356","2","雲林縣","崙背鄉","120.325","23.795","442"
"216","237147","20220802231000","146","2","雲林縣","崙背鄉","120.340","23.800","227"
"126","237182","20220802231000","132","0","雲林縣","崙背鄉","120.310","23.790","126"
"214","237186","20220802231000","234","0","雲林縣","崙背鄉","120.305","23.795","222"
"29","237187","20220802231000","31","0","雲林縣","崙背鄉","120.310","23.795","35"
"1004","237189","20220802231000","392","3","雲林縣","麥寮鄉","120.295","23.800","947"
"113","237228","20220802231000","69","3","彰化縣","田中鎮","120.605","23.845","114"
"41","237236","20220802231000","27","3","彰化縣","溪州鄉","120.455","23.825","43"
"50","237241","20220802231000","218","0","彰化縣","竹塘鄉","120.445","23.835","39"
"111","237255","20220802231000","556","0","雲林縣","莿桐鄉","120.565","23.775","119"
"90","237256","20220802231000","228","0","雲林縣","莿桐鄉","120.570","23.775","90"
"307","237302","20220802231000","167","3","雲林縣","莿桐鄉","120.550","23.765","260"
"19","237358","20220802231000","147","0","南投縣","竹山鎮","120.680","23.770","16"
"71","237361","20220802231000","111","0","南投縣","竹山鎮","120.680","23.775","81"
"164","237386","20220802231000","103","3","南投縣","竹山鎮","120.650","23.770","165"
"243","237414","20220802231000","225","1","南投縣","竹山鎮","120.730","23.815","240"
"235","237424","20220802231000","211","1","南投縣","竹山鎮","120.715","23.765","213"
"396","237434","20220802231000","416","0","南投縣","竹山鎮","120.705","23.780","411"
"195","237436","20220802231000","183","1","南投縣","竹山鎮","120.715","23.780","217"
"332","237453","20220802231000","302","1","南投縣","竹山鎮","120.695","23.770","343"
"10","237456","20220802231000","92","0","南投縣","竹山鎮","120.695","23.775","12"
"29","237489","20220802231000","132","0","彰化縣","竹塘鄉","120.400","23.845","26"
"60","237498","20220802231000","429","0","雲林縣","麥寮鄉","120.240","23.770","65"
"192","237499","20220802231000","96","3","雲林縣","麥寮鄉","120.245","23.770","192"
"43","237516","20220802231000","232","0","雲林縣","崙背鄉","120.355","23.765","40"
"120","237531","20220802231000","103","1","南投縣","竹山鎮","120.750","23.815","126"
"333","237559","20220802231000","332","1","南投縣","竹山鎮","120.715","23.800","393"
"152","237593","20220802231000","165","0","南投縣","魚池鄉","120.895","23.835","157"
"208","237595","20220802231000","233","0","南投縣","魚池鄉","120.905","23.835","200"
"368","237603","20220802231000","383","0","南投縣","竹山鎮","120.715","23.805","361"
"320","237607","20220802231000","180","3","南投縣","竹山鎮","120.730","23.810","317"
"319","237611","20220802231000","264","2","南投縣","竹山鎮","120.725","23.810","323"
"178","237614","20220802231000","260","0","南投縣","竹山鎮","120.720","23.815","182"
"84","237670","20220802231000","71","1","南投縣","魚池鄉","120.885","23.820","87"
"393","237685","20220802231000","341","1","雲林縣","麥寮鄉","120.290","23.765","383"
"108","237741","20220802231000","67","3","南投縣","集集鎮","120.760","23.830","117"
"73","237745","20220802231000","72","1","南投縣","集集鎮","120.760","23.835","73"
"164","237775","20220802231000","104","3","南投縣","集集鎮","120.750","23.840","200"
"58","237785","20220802231000","173","0","南投縣","集集鎮","120.745","23.830","69"
"40","237788","20220802231000","30","2","南投縣","集集鎮","120.740","23.835","44"
"65","237801","20220802231000","260","0","南投縣","集集鎮","120.780","23.825","66"
"315","237819","20220802231000","169","3","雲林縣","莿桐鄉","120.505","23.765","320"
"339","237826","20220802231000","228","2","雲林縣","莿桐鄉","120.520","23.765","358"
"1184","237833","20220802231000","463","3","雲林縣","西螺鎮","120.480","23.770","1318"
"414","237848","20220802231000","314","2","雲林縣","麥寮鄉","120.290","23.795","420"
"1783","237860","20220802231000","1506","1","雲林縣","麥寮鄉","120.275","23.795","1878"
"580","237864","20220802231000","345","3","雲林縣","麥寮鄉","120.280","23.795","536"
"35","237872","20220802231000","123","0","彰化縣","田中鎮","120.560","23.845","23"
"133","237874","20220802231000","111","1","彰化縣","田中鎮","120.570","23.845","127"
"81","237878","20220802231000","79","1","彰化縣","田中鎮","120.580","23.840","101"
"291","237881","20220802231000","324","0","彰化縣","田中鎮","120.595","23.840","275"
"64","237884","20220802231000","386","0","彰化縣","田中鎮","120.595","23.845","58"
"298","237895","20220802231000","202","2","彰化縣","田中鎮","120.595","23.830","353"
"140","237900","20220802231000","465","0","雲林縣","莿桐鄉","120.535","23.775","156"
"120","240440","20220802231000","64","3","花蓮縣","壽豐鄉","121.605","23.885","132"
"219","242904","20220802231000","153","2","花蓮縣","秀林鄉","121.500","23.920","248"
"230","242957","20220802231000","126","3","花蓮縣","壽豐鄉","121.530","23.865","295"
"157","242963","20220802231000","133","1","花蓮縣","壽豐鄉","121.525","23.870","174"
"981","242988","20220802231000","767","2","花蓮縣","壽豐鄉","121.510","23.870","992"
"723","243010","20220802231000","676","1","花蓮縣","壽豐鄉","121.520","23.890","733"
"22","243014","20220802231000","74","0","花蓮縣","壽豐鄉","121.540","23.890","25"
"394","243023","20220802231000","522","0","花蓮縣","壽豐鄉","121.555","23.895","437"
"49","243053","20220802231000","558","0","花蓮縣","壽豐鄉","121.535","23.895","48"
"182","243054","20220802231000","466","0","花蓮縣","壽豐鄉","121.540","23.895","200"
"232","243055","20220802231000","291","0","花蓮縣","壽豐鄉","121.545","23.895","216"
"300","243057","20220802231000","308","0","花蓮縣","壽豐鄉","121.530","23.895","309"
"406","243065","20220802231000","510","0","花蓮縣","壽豐鄉","121.530","23.900","420"
"378","243069","20220802231000","863","0","花蓮縣","壽豐鄉","121.550","23.900","388"
"810","243073","20220802231000","914","0","花蓮縣","壽豐鄉","121.530","23.905","789"
"180","243089","20220802231000","99","3","花蓮縣","壽豐鄉","121.520","23.915","219"
"97","243103","20220802231000","61","3","花蓮縣","壽豐鄉","121.550","23.920","95"
"74","243143","20220802231000","75","0","花蓮縣","壽豐鄉","121.555","23.865","74"
"55","243149","20220802231000","70","0","花蓮縣","壽豐鄉","121.555","23.870","62"
"52","243164","20220802231000","42","2","花蓮縣","壽豐鄉","121.585","23.880","65"
"47","243184","20220802231000","41","1","花蓮縣","壽豐鄉","121.595","23.905","50"
"64","243230","20220802231000","106","0","花蓮縣","壽豐鄉","121.520","23.845","79"
"517","243249","20220802231000","462","1","花蓮縣","壽豐鄉","121.495","23.850","549"
"503","243255","20220802231000","494","1","花蓮縣","壽豐鄉","121.490","23.855","527"
"97","243262","20220802231000","98","0","花蓮縣","壽豐鄉","121.485","23.855","108"
"144","243315","20220802231000","88","3","花蓮縣","壽豐鄉","121.600","23.870","159"
"40","243324","20220802231000","32","2","花蓮縣","壽豐鄉","121.590","23.885","48"
"13","243336","20220802231000","16","0","花蓮縣","壽豐鄉","121.600","23.900","11"
"256","243338","20220802231000","241","1","花蓮縣","壽豐鄉","121.600","23.905","311"
"55","243339","20220802231000","39","2","花蓮縣","壽豐鄉","121.605","23.905","68"
"589","243392","20220802231000","653","0","彰化縣","二林鎮","120.360","23.895","508"
"1275","243393","20220802231000","908","2","彰化縣","二林鎮","120.370","23.900","1288"
"322","243406","20220802231000","320","1","彰化縣","二林鎮","120.390","23.865","310"
"144","243422","20220802231000","186","0","彰化縣","二林鎮","120.415","23.910","160"
"415","243424","20220802231000","392","1","彰化縣","二林鎮","120.425","23.910","439"
"238","243439","20220802231000","232","1","彰化縣","二林鎮","120.360","23.865","217"
"405","243447","20220802231000","316","2","彰化縣","二林鎮","120.360","23.880","458"
"514","243770","20220802231000","453","1","彰化縣","二林鎮","120.365","23.890","584"
"441","243772","20220802231000","703","0","彰化縣","二林鎮","120.370","23.895","405"
"682","243777","20220802231000","490","2","彰化縣","二林鎮","120.425","23.895","713"
"391","243783","20220802231000","423","0","彰化縣","二林鎮","120.365","23.900","450"
"431","243796","20220802231000","376","1","彰化縣","二林鎮","120.440","23.875","484"
"111","243827","20220802231000","98","1","南投縣","水里鄉","120.865","23.905","105"
"333","243861","20220802231000","88","3","彰化縣","大城鄉","120.325","23.860","345"
"1210","243867","20220802231000","1172","1","彰化縣","大城鄉","120.320","23.850","1196"
"274","243900","20220802231000","605","0","彰化縣","埤頭鄉","120.470","23.915","259"
"450","243909","20220802231000","211","3","彰化縣","埤頭鄉","120.460","23.925","363"
"67","243970","20220802231000","53","2","南投縣","中寮鄉","120.800","23.905","70"
"139","244008","20220802231000","122","1","南投縣","中寮鄉","120.805","23.925","127"
"268","244044","20220802231000","153","3","南投縣","中寮鄉","120.750","23.895","323"
"76","244051","20220802231000","61","2","南投縣","中寮鄉","120.765","23.900","73"
"29","244098","20220802231000","137","0","南投縣","中寮鄉","120.790","23.860","17"
"12","244101","20220802231000","59","0","南投縣","中寮鄉","120.805","23.860","16"
"617","244122","20220802231000","421","2","彰化縣","埤頭鄉","120.480","23.890","630"
"319","244129","20220802231000","282","1","彰化縣","埤頭鄉","120.460","23.860","342"
"51","244142","20220802231000","382","0","彰化縣","埤頭鄉","120.460","23.880","55"
"1529","244150","20220802231000","1233","2","彰化縣","埤頭鄉","120.465","23.890","1457"
"139","244159","20220802231000","403","0","南投縣","中寮鄉","120.760","23.880","132"
"308","244163","20220802231000","560","0","南投縣","中寮鄉","120.775","23.885","319"
"10","244210","20220802231000","100","0","南投縣","中寮鄉","120.730","23.895","16"
"378","244211","20220802231000","300","2","南投縣","中寮鄉","120.735","23.895","356"
"76","244235","20220802231000","62","2","南投縣","中寮鄉","120.770","23.920","75"
"91","244247","20220802231000","292","0","南投縣","中寮鄉","120.830","23.860","112"
"103","244274","20220802231000","85","2","南投縣","中寮鄉","120.800","23.880","108"
"59","244326","20220802231000","529","0","南投縣","中寮鄉","120.710","23.895","71"
"103","244341","20220802231000","89","1","彰化縣","員林鎮","120.580","23.925","149"
"18","244360","20220802231000","44","0","南投縣","中寮鄉","120.795","23.905","15"
"11","244380","20220802231000","18","0","南投縣","中寮鄉","120.720","23.915","14"
"193","244392","20220802231000","114","3","南投縣","中寮鄉","120.725","23.925","207"
"72","244395","20220802231000","58","2","南投縣","中寮鄉","120.740","23.925","77"
"942","244397","20220802231000","899","1","彰化縣","二林鎮","120.375","23.895","999"
"1303","244398","20220802231000","1094","1","彰化縣","二林鎮","120.380","23.895","1235"
"222","244411","20220802231000","223","0","南投縣","南投市","120.695","23.915","206"
"408","244414","20220802231000","645","0","南投縣","南投市","120.695","23.920","423"
"602","244415","20220802231000","543","1","南投縣","南投市","120.700","23.920","548"
"18","244420","20220802231000","81","0","南投縣","南投市","120.640","23.925","135"
"1883","244422","20220802231000","1758","1","南投縣","南投市","120.690","23.905","1911"
"666","244426","20220802231000","517","2","彰化縣","永靖鄉","120.545","23.920","725"
"301","244429","20220802231000","345","0","彰化縣","永靖鄉","120.570","23.925","360"
"50","244451","20220802231000","55","0","南投縣","水里鄉","120.870","23.880","57"
"583","244465","20220802231000","581","1","彰化縣","溪州鄉","120.500","23.855","532"
"134","244468","20220802231000","126","1","彰化縣","溪州鄉","120.505","23.860","136"
"232","244477","20220802231000","184","2","南投縣","南投市","120.635","23.905","240"
"183","244478","20220802231000","415","0","南投縣","南投市","120.640","23.905","204"
"32","244480","20220802231000","19","3","南投縣","南投市","120.635","23.910","20"
"61","244488","20220802231000","37","3","彰化縣","社頭鄉","120.635","23.920","35"
"119","244490","20220802231000","137","0","南投縣","南投市","120.650","23.920","107"
"472","244492","20220802231000","653","0","彰化縣","永靖鄉","120.535","23.920","486"
"339","244498","20220802231000","347","0","彰化縣","永靖鄉","120.515","23.915","289"
"458","244499","20220802231000","336","2","彰化縣","永靖鄉","120.520","23.915","508"
"440","244512","20220802231000","545","0","彰化縣","永靖鄉","120.560","23.920","425"
"142","244516","20220802231000","372","0","彰化縣","永靖鄉","120.535","23.925","109"
"1263","244517","20220802231000","1702","0","彰化縣","永靖鄉","120.540","23.925","1225"
"368","244520","20220802231000","252","2","彰化縣","永靖鄉","120.560","23.910","468"
"53","244530","20220802231000","290","0","彰化縣","永靖鄉","120.545","23.910","52"
"90","244534","20220802231000","98","0","彰化縣","田尾鄉","120.530","23.910","79"
"60","244537","20220802231000","470","0","彰化縣","永靖鄉","120.550","23.920","71"
"77","244540","20220802231000","509","0","彰化縣","永靖鄉","120.550","23.925","86"
"105","244544","20220802231000","506","0","彰化縣","永靖鄉","120.505","23.920","104"
"483","244566","20220802231000","106","3","彰化縣","大城鄉","120.285","23.865","502"
"191","244576","20220802231000","31","3","彰化縣","大城鄉","120.290","23.870","196"
"524","244605","20220802231000","488","1","彰化縣","芳苑鄉","120.345","23.910","499"
"15","244609","20220802231000","302","0","彰化縣","芳苑鄉","120.350","23.915","10"
"234","244612","20220802231000","180","2","彰化縣","芳苑鄉","120.350","23.920","198"
"26","244615","20220802231000","19","2","彰化縣","芳苑鄉","120.355","23.925","18"
"255","244624","20220802231000","101","3","彰化縣","芳苑鄉","120.315","23.895","263"
"45","244639","20220802231000","60","0","彰化縣","芳苑鄉","120.305","23.905","67"
"1257","244674","20220802231000","1044","2","南投縣","南投市","120.695","23.900","1314"
"52","244675","20220802231000","52","1","南投縣","南投市","120.685","23.925","72"
"127","244677","20220802231000","157","0","南投縣","南投市","120.695","23.925","145"
"256","244693","20220802231000","334","0","南投縣","南投市","120.680","23.895","246"
"28","244694","20220802231000","22","2","南投縣","南投市","120.685","23.895","26"
"2223","244695","20220802231000","2064","1","南投縣","南投市","120.685","23.900","2221"
"399","244696","20220802231000","318","2","南投縣","南投市","120.690","23.900","395"
"207","244697","20220802231000","162","2","彰化縣","溪州鄉","120.480","23.850","211"
"40","244698","20220802231000","337","0","彰化縣","溪州鄉","120.485","23.850","49"
"666","244700","20220802231000","617","1","彰化縣","溪州鄉","120.495","23.850","739"
"779","244706","20220802231000","823","0","南投縣","南投市","120.680","23.910","810"
"437","244716","20220802231000","322","2","南投縣","南投市","120.675","23.900","418"
"306","244717","20220802231000","262","1","南投縣","南投市","120.680","23.905","309"
"1313","244720","20220802231000","979","2","南投縣","南投市","120.675","23.905","1412"
"28","244738","20220802231000","27","1","南投縣","埔里鎮","120.990","23.925","27"
"163","244739","20220802231000","133","2","南投縣","埔里鎮","120.995","23.925","154"
"92","244741","20220802231000","89","1","南投縣","仁愛鄉","121.010","23.925","103"
"541","244742","20220802231000","625","0","彰化縣","溪州鄉","120.495","23.855","492"
"11","244748","20220802231000","32","0","彰化縣","溪州鄉","120.515","23.850","12"
"40","244772","20220802231000","39","1","南投縣","水里鄉","120.865","23.855","53"
"220","244790","20220802231000","167","2","南投縣","名間鄉","120.675","23.870","263"
"314","244793","20220802231000","239","2","彰化縣","田中鎮","120.625","23.855","322"
"136","244800","20220802231000","77","3","南投縣","名間鄉","120.630","23.855","145"
"151","244806","20220802231000","102","2","南投縣","名間鄉","120.635","23.860","159"
"520","244815","20220802231000","489","1","南投縣","名間鄉","120.705","23.875","490"
"161","244846","20220802231000","104","3","南投縣","名間鄉","120.635","23.880","147"
"625","244854","20220802231000","334","3","南投縣","南投市","120.690","23.910","604"
"883","244855","20220802231000","751","1","南投縣","南投市","120.690","23.915","875"
"109","244860","20220802231000","133","0","南投縣","南投市","120.655","23.915","115"
"910","244865","20220802231000","708","2","南投縣","南投市","120.665","23.920","905"
"904","244867","20220802231000","598","3","南投縣","南投市","120.675","23.920","827"
"727","244868","20220802231000","793","0","南投縣","南投市","120.680","23.920","703"
"634","244869","20220802231000","486","2","南投縣","南投市","120.670","23.925","758"
"832","244870","20220802231000","701","1","南投縣","南投市","120.675","23.925","813"
"1133","244872","20220802231000","936","2","南投縣","南投市","120.685","23.910","1249"
"1799","244873","20220802231000","1862","0","南投縣","南投市","120.685","23.905","1838"
"231","244874","20220802231000","185","2","南投縣","南投市","120.705","23.900","233"
"52","244875","20220802231000","66","0","南投縣","南投市","120.710","23.900","55"
"128","244880","20220802231000","102","2","南投縣","南投市","120.695","23.905","111"
"518","244881","20220802231000","346","2","南投縣","南投市","120.700","23.905","548"
"431","244890","20220802231000","523","0","南投縣","南投市","120.705","23.915","442"
"672","244893","20220802231000","713","0","彰化縣","溪州鄉","120.495","23.865","783"
"551","244909","20220802231000","543","1","彰化縣","埤頭鄉","120.460","23.890","557"
"764","244910","20220802231000","697","1","彰化縣","埤頭鄉","120.455","23.895","824"
"666","244911","20220802231000","574","1","彰化縣","埤頭鄉","120.460","23.895","654"
"558","244918","20220802231000","435","2","彰化縣","埤頭鄉","120.495","23.885","581"
"701","244922","20220802231000","497","2","彰化縣","埤頭鄉","120.495","23.890","710"
"224","244924","20220802231000","213","1","彰化縣","埤頭鄉","120.480","23.895","243"
"445","244925","20220802231000","434","1","彰化縣","埤頭鄉","120.485","23.895","485"
"698","244953","20220802231000","597","1","彰化縣","北斗鎮","120.515","23.875","653"
"468","244955","20220802231000","254","3","彰化縣","北斗鎮","120.515","23.865","500"
"53","244956","20220802231000","418","0","彰化縣","北斗鎮","120.520","23.865","68"
"583","244958","20220802231000","969","0","彰化縣","北斗鎮","120.520","23.870","623"
"619","244960","20220802231000","480","2","彰化縣","埤頭鄉","120.460","23.850","606"
"60","244961","20220802231000","247","0","彰化縣","埤頭鄉","120.465","23.850","56"
"210","244970","20220802231000","156","2","南投縣","名間鄉","120.645","23.865","236"
"172","244972","20220802231000","237","0","南投縣","名間鄉","120.650","23.870","193"
"949","244974","20220802231000","725","2","南投縣","名間鄉","120.655","23.870","949"
"442","244987","20220802231000","358","2","南投縣","名間鄉","120.670","23.850","444"
"319","244993","20220802231000","356","0","南投縣","名間鄉","120.675","23.855","301"
"742","245005","20220802231000","679","1","南投縣","名間鄉","120.695","23.865","720"
"225","245007","20220802231000","214","1","南投縣","名間鄉","120.685","23.870","230"
"498","245016","20220802231000","232","3","南投縣","名間鄉","120.685","23.880","560"
"120","245017","20220802231000","460","0","南投縣","名間鄉","120.690","23.880","136"
"147","245037","20220802231000","162","0","南投縣","名間鄉","120.705","23.865","124"
"315","245042","20220802231000","278","1","彰化縣","溪州鄉","120.525","23.850","290"
"266","245076","20220802231000","35","3","彰化縣","大城鄉","120.295","23.885","271"
"13","245099","20220802231000","176","0","彰化縣","大城鄉","120.300","23.890","24"
"13","245133","20220802231000","182","0","彰化縣","大城鄉","120.330","23.865","97"
"59","245150","20220802231000","204","0","彰化縣","大城鄉","120.295","23.855","46"
"133","245157","20220802231000","186","0","彰化縣","北斗鎮","120.530","23.855","137"
"1257","245161","20220802231000","1284","0","彰化縣","北斗鎮","120.530","23.870","1304"
"195","245165","20220802231000","180","1","彰化縣","北斗鎮","120.545","23.870","214"
"404","245169","20220802231000","290","2","彰化縣","芳苑鄉","120.320","23.920","448"
"111","245184","20220802231000","57","3","南投縣","名間鄉","120.625","23.850","96"
"140","245191","20220802231000","135","1","南投縣","名間鄉","120.690","23.850","141"
"245","245192","20220802231000","165","2","南投縣","名間鄉","120.695","23.850","257"
"1339","245211","20220802231000","361","3","彰化縣","大城鄉","120.290","23.860","1359"
"129","245214","20220802231000","80","3","彰化縣","大城鄉","120.300","23.865","127"
"252","245216","20220802231000","60","3","彰化縣","大城鄉","120.300","23.870","252"
"629","245296","20220802231000","267","3","南投縣","南投市","120.635","23.895","535"
"12","245302","20220802231000","38","0","南投縣","南投市","120.655","23.900","12"
"532","245305","20220802231000","332","3","南投縣","南投市","120.660","23.925","521"
"40","245312","20220802231000","187","0","南投縣","南投市","120.665","23.910","41"
"444","245314","20220802231000","1310","0","南投縣","南投市","120.675","23.910","473"
"963","245316","20220802231000","1372","0","南投縣","南投市","120.680","23.915","1032"
"1499","245320","20220802231000","1058","2","彰化縣","北斗鎮","120.520","23.880","1379"
"720","245325","20220802231000","545","2","彰化縣","北斗鎮","120.530","23.875","756"
"324","245329","20220802231000","248","2","彰化縣","北斗鎮","120.535","23.880","318"
"82","245332","20220802231000","684","0","彰化縣","北斗鎮","120.525","23.870","83"
"560","245335","20220802231000","173","3","彰化縣","大城鄉","120.310","23.875","529"
"384","245353","20220802231000","238","3","彰化縣","大城鄉","120.315","23.870","418"
"375","245376","20220802231000","283","2","彰化縣","北斗鎮","120.510","23.880","429"
"72","245379","20220802231000","272","0","彰化縣","田尾鄉","120.515","23.890","56"
"329","245489","20220802231000","313","1","南投縣","仁愛鄉","120.990","23.905","326"
"39","245503","20220802231000","25","3","南投縣","仁愛鄉","121.005","23.910","38"
"20","245515","20220802231000","21","0","南投縣","埔里鎮","121.010","23.920","22"
"37","245723","20220802231000","20","3","南投縣","仁愛鄉","121.025","23.910","34"
"337","245728","20220802231000","313","1","南投縣","仁愛鄉","121.050","23.910","361"
"24","245748","20220802231000","69","0","南投縣","仁愛鄉","121.030","23.920","37"
"173","246363","20220802231000","381","0","彰化縣","北斗鎮","120.525","23.880","190"
"212","246370","20220802231000","215","0","彰化縣","北斗鎮","120.555","23.855","240"
"537","246377","20220802231000","451","1","彰化縣","北斗鎮","120.550","23.865","533"
"321","246388","20220802231000","232","2","彰化縣","埤頭鄉","120.455","23.850","290"
"415","246394","20220802231000","275","3","彰化縣","二林鎮","120.410","23.920","414"
"33","246402","20220802231000","426","0","彰化縣","二林鎮","120.365","23.895","33"
"654","246404","20220802231000","503","2","彰化縣","二林鎮","120.405","23.895","669"
"167","246436","20220802231000","244","0","彰化縣","芳苑鄉","120.380","23.925","167"
"658","246446","20220802231000","464","2","彰化縣","芳苑鄉","120.330","23.895","672"
"215","246468","20220802231000","134","3","彰化縣","芳苑鄉","120.330","23.915","207"
"199","246471","20220802231000","115","3","彰化縣","芳苑鄉","120.335","23.920","209"
"968","246472","20220802231000","879","1","彰化縣","北斗鎮","120.525","23.875","845"
"196","246476","20220802231000","187","1","彰化縣","北斗鎮","120.560","23.850","166"
"66","246477","20220802231000","81","0","彰化縣","北斗鎮","120.540","23.855","64"
"82","246480","20220802231000","71","1","彰化縣","北斗鎮","120.550","23.855","77"
"518","246488","20220802231000","351","2","彰化縣","北斗鎮","120.535","23.870","602"
"121","246493","20220802231000","122","0","彰化縣","二林鎮","120.395","23.890","97"
"433","246499","20220802231000","298","2","彰化縣","大城鄉","120.315","23.850","441"
"219","246518","20220802231000","246","0","南投縣","南投市","120.670","23.890","235"
"663","246522","20220802231000","597","1","南投縣","南投市","120.690","23.890","682"
"1169","246530","20220802231000","1059","1","彰化縣","社頭鄉","120.605","23.915","1224"
"658","246531","20220802231000","304","3","彰化縣","田中鎮","120.585","23.875","663"
"98","246534","20220802231000","184","0","彰化縣","田中鎮","120.575","23.865","114"
"368","246537","20220802231000","267","2","彰化縣","田中鎮","120.575","23.875","476"
"243","246545","20220802231000","128","3","彰化縣","田尾鄉","120.510","23.905","157"
"460","246547","20220802231000","348","2","彰化縣","竹塘鄉","120.415","23.850","489"
"520","246558","20220802231000","478","1","彰化縣","田尾鄉","120.535","23.905","549"
"1633","246566","20220802231000","868","3","彰化縣","社頭鄉","120.580","23.895","1632"
"1530","246568","20220802231000","620","3","彰化縣","社頭鄉","120.580","23.900","1649"
"2171","246569","20220802231000","1166","3","彰化縣","社頭鄉","120.580","23.905","2127"
"90","246573","20220802231000","265","0","彰化縣","田尾鄉","120.525","23.885","52"
"253","246574","20220802231000","365","0","彰化縣","田尾鄉","120.530","23.885","295"
"317","246579","20220802231000","206","3","彰化縣","田尾鄉","120.535","23.890","231"
"740","246581","20220802231000","496","2","彰化縣","田尾鄉","120.535","23.895","708"
"926","246583","20220802231000","808","1","彰化縣","田尾鄉","120.530","23.900","989"
"34","246608","20220802231000","46","0","彰化縣","社頭鄉","120.620","23.925","23"
"1553","246615","20220802231000","1399","1","彰化縣","竹塘鄉","120.430","23.855","1513"
"623","246618","20220802231000","651","0","彰化縣","竹塘鄉","120.420","23.875","599"
"233","246630","20220802231000","177","2","彰化縣","竹塘鄉","120.375","23.850","260"
"2558","246654","20220802231000","831","3","彰化縣","社頭鄉","120.585","23.900","2466"
"1355","246659","20220802231000","453","3","彰化縣","社頭鄉","120.585","23.890","1392"
"428","246669","20220802231000","229","3","彰化縣","竹塘鄉","120.445","23.860","448"
"550","246711","20220802231000","339","3","南投縣","魚池鄉","120.910","23.860","691"
"276","246720","20220802231000","184","3","南投縣","魚池鄉","120.900","23.865","389"
"233","246722","20220802231000","218","1","南投縣","魚池鄉","120.910","23.865","271"
"264","246735","20220802231000","189","2","南投縣","魚池鄉","120.925","23.870","331"
"279","246739","20220802231000","242","1","南投縣","魚池鄉","120.935","23.895","238"
"507","246741","20220802231000","417","2","南投縣","魚池鄉","120.935","23.900","496"
"500","246742","20220802231000","428","1","南投縣","魚池鄉","120.940","23.900","474"
"258","246747","20220802231000","272","0","彰化縣","芳苑鄉","120.350","23.900","234"
"342","246748","20220802231000","237","2","彰化縣","二林鎮","120.355","23.900","349"
"191","246749","20220802231000","143","2","彰化縣","芳苑鄉","120.360","23.900","189"
"44","246750","20220802231000","31","2","彰化縣","芳苑鄉","120.345","23.905","55"
"154","246758","20220802231000","133","1","彰化縣","芳苑鄉","120.355","23.920","144"
"273","246770","20220802231000","282","0","彰化縣","芳苑鄉","120.335","23.890","308"
"16","246777","20220802231000","33","0","南投縣","魚池鄉","120.925","23.875","15"
"286","246788","20220802231000","193","2","南投縣","魚池鄉","120.925","23.885","302"
"185","246822","20220802231000","87","3","南投縣","魚池鄉","120.905","23.880","243"
"17","246823","20220802231000","13","2","南投縣","魚池鄉","120.875","23.885","14"
"16","246824","20220802231000","105","0","南投縣","魚池鄉","120.880","23.885","23"
"58","246826","20220802231000","71","0","南投縣","魚池鄉","120.890","23.885","64"
"21","246832","20220802231000","17","2","南投縣","魚池鄉","120.880","23.890","19"
"18","246857","20220802231000","18","1","南投縣","魚池鄉","120.890","23.905","19"
"31","246858","20220802231000","28","1","南投縣","魚池鄉","120.895","23.905","34"
"13","246870","20220802231000","22","0","南投縣","魚池鄉","120.890","23.910","18"
"87","246893","20220802231000","106","0","南投縣","魚池鄉","120.955","23.900","83"
"231","246906","20220802231000","185","2","南投縣","魚池鄉","120.955","23.910","235"
"128","246920","20220802231000","136","0","南投縣","魚池鄉","120.965","23.915","131"
"67","246922","20220802231000","90","0","南投縣","魚池鄉","120.965","23.920","63"
"22","246930","20220802231000","23","0","南投縣","魚池鄉","120.950","23.865","29"
"91","246935","20220802231000","89","1","南投縣","魚池鄉","120.945","23.870","135"
"29","246941","20220802231000","32","0","南投縣","魚池鄉","120.950","23.875","28"
"15","246945","20220802231000","178","0","南投縣","魚池鄉","120.950","23.880","25"
"29","246955","20220802231000","285","0","南投縣","魚池鄉","120.905","23.905","33"
"384","246964","20220802231000","343","1","南投縣","魚池鄉","120.920","23.910","453"
"59","246970","20220802231000","34","3","南投縣","魚池鄉","120.920","23.915","34"
"229","246989","20220802231000","245","0","南投縣","魚池鄉","120.925","23.910","232"
"163","247005","20220802231000","137","1","南投縣","魚池鄉","120.945","23.925","169"
"799","247013","20220802231000","542","2","南投縣","魚池鄉","120.930","23.850","1050"
"31","247024","20220802231000","51","0","南投縣","魚池鄉","120.935","23.855","29"
"431","247088","20220802231000","422","1","南投縣","魚池鄉","120.965","23.890","464"
"652","247100","20220802231000","352","3","南投縣","魚池鄉","120.940","23.895","697"
"24","247101","20220802231000","18","2","南投縣","魚池鄉","120.945","23.895","28"
"85","247117","20220802231000","45","3","彰化縣","竹塘鄉","120.400","23.860","82"
"172","247119","20220802231000","167","1","彰化縣","竹塘鄉","120.410","23.860","190"
"1084","247156","20220802231000","936","1","彰化縣","社頭鄉","120.595","23.900","1104"
"77","247158","20220802231000","233","0","彰化縣","田尾鄉","120.550","23.890","79"
"134","247160","20220802231000","112","1","彰化縣","田尾鄉","120.555","23.895","137"
"26","247163","20220802231000","318","0","彰化縣","田尾鄉","120.560","23.900","33"
"580","247166","20220802231000","673","0","彰化縣","田尾鄉","120.525","23.905","540"
"74","247170","20220802231000","20","3","彰化縣","田尾鄉","120.520","23.890","62"
"623","247187","20220802231000","634","0","彰化縣","田尾鄉","120.500","23.920","610"
"156","247189","20220802231000","672","0","彰化縣","溪湖鎮","120.475","23.925","156"
"2637","247194","20220802231000","566","3","彰化縣","社頭鄉","120.585","23.895","2500"
"306","247207","20220802231000","274","1","彰化縣","社頭鄉","120.605","23.895","284"
"69","247218","20220802231000","187","0","彰化縣","田尾鄉","120.540","23.885","60"
"496","247222","20220802231000","729","0","彰化縣","田中鎮","120.585","23.865","544"
"505","247224","20220802231000","428","1","彰化縣","田中鎮","120.585","23.850","523"
"52","247227","20220802231000","746","0","彰化縣","田中鎮","120.600","23.855","49"
"1202","247235","20220802231000","975","2","彰化縣","田中鎮","120.590","23.855","1269"
"108","247238","20220802231000","93","1","彰化縣","田尾鄉","120.530","23.895","94"
"249","247244","20220802231000","190","2","彰化縣","北斗鎮","120.545","23.880","283"
"81","247248","20220802231000","70","1","彰化縣","田尾鄉","120.550","23.885","77"
"307","247250","20220802231000","263","1","彰化縣","田尾鄉","120.560","23.890","377"
"108","247251","20220802231000","113","0","彰化縣","田尾鄉","120.565","23.890","104"
"38","247253","20220802231000","438","0","彰化縣","田尾鄉","120.535","23.900","45"
"133","247259","20220802231000","919","0","彰化縣","田尾鄉","120.550","23.900","141"
"548","247268","20220802231000","494","1","彰化縣","社頭鄉","120.585","23.920","482"
"60","247277","20220802231000","54","1","彰化縣","社頭鄉","120.615","23.885","69"
"441","247283","20220802231000","371","1","彰化縣","社頭鄉","120.610","23.890","485"
"25","247286","20220802231000","23","1","彰化縣","社頭鄉","120.570","23.910","27"
"72","247288","20220802231000","50","2","彰化縣","永靖鄉","120.575","23.915","72"
"65","247290","20220802231000","39","3","彰化縣","永靖鄉","120.575","23.920","74"
"37","247291","20220802231000","333","0","彰化縣","社頭鄉","120.595","23.920","42"
"31","247293","20220802231000","346","0","彰化縣","社頭鄉","120.605","23.920","36"
"494","247305","20220802231000","587","0","彰化縣","北斗鎮","120.570","23.850","490"
"316","247308","20220802231000","258","2","彰化縣","田中鎮","120.575","23.855","349"
"724","247312","20220802231000","566","2","彰化縣","田中鎮","120.605","23.855","841"
"625","247316","20220802231000","1159","0","彰化縣","田中鎮","120.580","23.860","682"
"424","247328","20220802231000","378","1","彰化縣","社頭鄉","120.575","23.900","546"
"359","247336","20220802231000","302","1","彰化縣","社頭鄉","120.610","23.905","418"
"38","247347","20220802231000","15","3","彰化縣","社頭鄉","120.630","23.905","43"
"505","247352","20220802231000","440","1","彰化縣","田中鎮","120.560","23.865","474"
"131","247353","20220802231000","176","0","彰化縣","田中鎮","120.565","23.865","124"
"195","247359","20220802231000","123","3","彰化縣","田中鎮","120.590","23.865","188"
"579","247361","20220802231000","569","1","彰化縣","田中鎮","120.585","23.870","537"
"489","247365","20220802231000","493","0","彰化縣","田中鎮","120.585","23.860","432"
"249","247366","20220802231000","185","2","彰化縣","田中鎮","120.570","23.875","272"
"19","247367","20220802231000","240","0","彰化縣","田中鎮","120.560","23.880","19"
"333","247377","20220802231000","292","1","彰化縣","田中鎮","120.605","23.870","362"
"133","247383","20220802231000","154","0","彰化縣","田中鎮","120.605","23.875","149"
"326","247399","20220802231000","242","2","彰化縣","田中鎮","120.595","23.855","339"
"62","247400","20220802231000","244","0","彰化縣","田中鎮","120.590","23.860","106"
"695","247403","20220802231000","318","3","彰化縣","社頭鄉","120.590","23.900","778"
"1049","247409","20220802231000","323","3","彰化縣","社頭鄉","120.585","23.885","1019"
"84","247637","20220802231000","27","3","花蓮縣","壽豐鄉","121.610","23.920","71"
"262","252412","20220802231000","117","3","花蓮縣","花蓮市","121.640","23.995","214"
"58","252926","20220802231000","51","1","臺中市","霧峰區","120.705","24.010","58"
"211","253141","20220802231000","157","2","花蓮縣","秀林鄉","121.505","23.945","213"
"349","253374","20220802231000","298","1","花蓮縣","秀林鄉","121.555","24.005","342"
"245","253376","20220802231000","199","2","花蓮縣","新城鄉","121.615","24.005","222"
"161","253382","20220802231000","188","0","花蓮縣","吉安鄉","121.580","23.925","170"
"175","253393","20220802231000","168","1","花蓮縣","吉安鄉","121.585","23.930","208"
"203","253400","20220802231000","111","3","花蓮縣","吉安鄉","121.580","23.935","213"
"775","253410","20220802231000","556","2","花蓮縣","吉安鄉","121.595","23.940","842"
"669","253413","20220802231000","493","2","花蓮縣","吉安鄉","121.575","23.945","669"
"1581","253414","20220802231000","1185","2","花蓮縣","吉安鄉","121.585","23.975","1581"
"205","253433","20220802231000","209","0","花蓮縣","吉安鄉","121.550","23.945","202"
"168","253436","20220802231000","124","2","花蓮縣","吉安鄉","121.525","23.945","149"
"1353","253452","20220802231000","1066","2","花蓮縣","吉安鄉","121.590","23.950","1383"
"864","253454","20220802231000","829","1","花蓮縣","吉安鄉","121.590","23.955","851"
"545","253457","20220802231000","535","1","花蓮縣","吉安鄉","121.590","23.945","554"
"531","253463","20220802231000","347","3","花蓮縣","吉安鄉","121.600","23.945","555"
"1021","253470","20220802231000","1379","0","花蓮縣","吉安鄉","121.590","23.965","1027"
"1212","253471","20220802231000","794","3","花蓮縣","吉安鄉","121.590","23.970","1168"
"2831","253472","20220802231000","2259","2","花蓮縣","花蓮市","121.590","23.975","3070"
"1190","253475","20220802231000","988","2","花蓮縣","吉安鄉","121.590","23.980","1187"
"295","253477","20220802231000","245","2","花蓮縣","吉安鄉","121.585","23.985","337"
"359","253478","20220802231000","360","0","花蓮縣","吉安鄉","121.585","23.980","360"
"992","253479","20220802231000","817","2","花蓮縣","花蓮市","121.600","23.985","1010"
"349","253480","20220802231000","478","0","花蓮縣","吉安鄉","121.580","23.985","369"
"545","253481","20220802231000","489","1","花蓮縣","吉安鄉","121.585","23.990","603"
"2507","253482","20220802231000","2205","1","花蓮縣","花蓮市","121.595","23.990","2524"
"1991","253484","20220802231000","1521","2","花蓮縣","吉安鄉","121.580","23.970","1974"
"562","253485","20220802231000","667","0","花蓮縣","吉安鄉","121.585","23.970","610"
"188","253506","20220802231000","212","0","花蓮縣","吉安鄉","121.570","23.965","167"
"514","253507","20220802231000","412","2","花蓮縣","吉安鄉","121.575","23.965","502"
"641","253508","20220802231000","536","1","花蓮縣","吉安鄉","121.565","23.970","612"
"103","253517","20220802231000","136","0","花蓮縣","吉安鄉","121.560","23.975","97"
"1669","253520","20220802231000","1109","3","花蓮縣","吉安鄉","121.580","23.975","1654"
"690","253542","20220802231000","652","1","花蓮縣","吉安鄉","121.555","23.990","694"
"130","253545","20220802231000","223","0","花蓮縣","吉安鄉","121.570","23.990","164"
"530","253552","20220802231000","370","2","花蓮縣","吉安鄉","121.570","23.975","521"
"907","253554","20220802231000","496","3","花蓮縣","吉安鄉","121.565","23.980","939"
"1668","253555","20220802231000","1305","2","花蓮縣","吉安鄉","121.570","23.980","1672"
"450","253556","20220802231000","515","0","花蓮縣","吉安鄉","121.575","23.980","445"
"46","253557","20220802231000","42","1","花蓮縣","吉安鄉","121.555","23.985","42"
"796","253559","20220802231000","442","3","花蓮縣","吉安鄉","121.565","23.985","801"
"257","253561","20220802231000","224","1","花蓮縣","吉安鄉","121.605","23.955","300"
"723","253562","20220802231000","526","2","花蓮縣","吉安鄉","121.595","23.960","783"
"575","253563","20220802231000","551","1","花蓮縣","吉安鄉","121.600","23.960","548"
"1691","253565","20220802231000","1656","1","花蓮縣","吉安鄉","121.595","23.965","1641"
"567","253569","20220802231000","695","0","花蓮縣","吉安鄉","121.575","23.985","560"
"518","253575","20220802231000","389","2","花蓮縣","吉安鄉","121.570","23.940","512"
"586","253584","20220802231000","531","1","花蓮縣","吉安鄉","121.560","23.950","598"
"952","253594","20220802231000","894","1","花蓮縣","吉安鄉","121.550","23.965","915"
"63","253595","20220802231000","58","1","花蓮縣","吉安鄉","121.555","23.965","71"
"977","253596","20220802231000","683","2","花蓮縣","吉安鄉","121.560","23.965","986"
"1110","253597","20220802231000","849","2","花蓮縣","吉安鄉","121.565","23.965","1084"
"582","253603","20220802231000","359","3","花蓮縣","吉安鄉","121.560","23.970","584"
"530","253608","20220802231000","354","2","花蓮縣","吉安鄉","121.580","23.955","527"
"992","253609","20220802231000","940","1","花蓮縣","吉安鄉","121.570","23.960","1037"
"479","253611","20220802231000","342","2","花蓮縣","吉安鄉","121.580","23.960","513"
"322","253627","20220802231000","339","0","花蓮縣","吉安鄉","121.535","23.930","350"
"525","253648","20220802231000","428","2","花蓮縣","花蓮市","121.625","23.985","615"
"1419","253649","20220802231000","1285","1","花蓮縣","花蓮市","121.620","24.005","1382"
"97","253650","20220802231000","71","2","彰化縣","二林鎮","120.420","23.955","87"
"106","253656","20220802231000","87","2","彰化縣","二林鎮","120.415","23.965","104"
"363","253670","20220802231000","276","2","彰化縣","二林鎮","120.440","23.930","404"
"2292","253672","20220802231000","1756","2","彰化縣","員林鎮","120.580","23.955","2390"
"657","253673","20220802231000","625","1","彰化縣","員林鎮","120.585","23.955","580"
"587","253675","20220802231000","780","0","彰化縣","員林鎮","120.565","23.950","574"
"430","253677","20220802231000","369","1","彰化縣","埔心鄉","120.560","23.940","424"
"764","253681","20220802231000","752","1","彰化縣","員林鎮","120.565","23.945","683"
"20","253686","20220802231000","24","0","彰化縣","員林鎮","120.610","23.980","28"
"1678","253688","20220802231000","1435","1","彰化縣","員林鎮","120.570","23.960","1676"
"2771","253689","20220802231000","2572","1","彰化縣","員林鎮","120.570","23.955","2859"
"251","253764","20220802231000","203","2","花蓮縣","秀林鄉","121.505","23.960","243"
"183","253789","20220802231000","93","3","花蓮縣","秀林鄉","121.495","23.965","159"
"1587","254233","20220802231000","2634","0","花蓮縣","花蓮市","121.605","23.975","1706"
"2749","254234","20220802231000","2070","2","花蓮縣","花蓮市","121.600","23.975","2829"
"1690","254236","20220802231000","1518","1","花蓮縣","花蓮市","121.625","23.990","1762"
"735","254237","20220802231000","704","1","花蓮縣","花蓮市","121.630","23.985","757"
"1321","254238","20220802231000","1118","1","花蓮縣","花蓮市","121.630","23.990","1386"
"12","254239","20220802231000","12","1","花蓮縣","花蓮市","121.635","23.990","22"
"2417","254240","20220802231000","1990","2","花蓮縣","花蓮市","121.635","23.995","2386"
"44","254242","20220802231000","43","1","南投縣","國姓鄉","120.880","23.970","64"
"310","254247","20220802231000","294","1","南投縣","國姓鄉","120.875","23.975","312"
"258","254260","20220802231000","230","1","南投縣","國姓鄉","120.870","23.985","244"
"43","254328","20220802231000","31","2","南投縣","國姓鄉","120.830","23.945","59"
"47","254335","20220802231000","41","1","南投縣","國姓鄉","120.865","23.945","47"
"109","254346","20220802231000","92","1","南投縣","國姓鄉","120.865","23.950","110"
"25","254349","20220802231000","31","0","南投縣","中寮鄉","120.830","23.955","41"
"34","254374","20220802231000","25","2","南投縣","國姓鄉","120.860","23.960","40"
"84","254379","20220802231000","23","3","南投縣","中寮鄉","120.835","23.965","86"
"148","254397","20220802231000","133","1","南投縣","國姓鄉","120.865","23.975","155"
"799","254400","20220802231000","646","2","南投縣","埔里鎮","120.970","23.955","796"
"816","254401","20220802231000","522","3","南投縣","埔里鎮","120.990","23.945","810"
"1465","254411","20220802231000","2365","0","南投縣","埔里鎮","120.975","23.955","1547"
"2218","254415","20220802231000","1879","1","南投縣","埔里鎮","120.975","23.960","2305"
"129","254447","20220802231000","150","0","南投縣","埔里鎮","120.925","23.940","136"
"49","254450","20220802231000","44","1","南投縣","埔里鎮","120.940","23.940","31"
"123","254465","20220802231000","324","0","南投縣","埔里鎮","120.915","23.950","135"
"127","254467","20220802231000","760","0","南投縣","埔里鎮","120.925","23.950","138"
"258","254470","20220802231000","262","0","南投縣","埔里鎮","120.940","23.950","284"
"166","254481","20220802231000","158","1","南投縣","埔里鎮","120.915","23.955","137"
"145","254490","20220802231000","269","0","南投縣","埔里鎮","120.980","23.935","227"
"463","254504","20220802231000","393","1","南投縣","埔里鎮","120.970","23.945","515"
"480","254506","20220802231000","390","2","南投縣","埔里鎮","120.980","23.945","456"
"697","254510","20220802231000","465","2","南投縣","埔里鎮","120.965","23.950","619"
"446","254512","20220802231000","545","0","南投縣","埔里鎮","120.975","23.950","467"
"2374","254517","20220802231000","2146","1","南投縣","埔里鎮","120.970","23.970","2461"
"422","254519","20220802231000","274","3","南投縣","埔里鎮","120.975","23.975","455"
"47","254520","20220802231000","102","0","南投縣","埔里鎮","120.970","23.980","34"
"271","254538","20220802231000","160","3","南投縣","中寮鄉","120.790","23.945","271"
"15","254548","20220802231000","11","2","南投縣","中寮鄉","120.790","23.955","12"
"635","254550","20220802231000","1289","0","南投縣","埔里鎮","120.970","23.965","651"
"320","254560","20220802231000","300","1","南投縣","埔里鎮","120.945","23.960","345"
"33","254571","20220802231000","208","0","南投縣","埔里鎮","120.930","23.970","45"
"360","254589","20220802231000","319","1","南投縣","埔里鎮","120.955","24.005","301"
"1034","254592","20220802231000","984","1","南投縣","埔里鎮","120.965","23.955","1074"
"14","254593","20220802231000","17","0","南投縣","埔里鎮","120.910","23.985","11"
"36","254599","20220802231000","27","2","南投縣","埔里鎮","120.915","23.990","40"
"839","254621","20220802231000","572","2","南投縣","埔里鎮","120.960","23.960","795"
"251","254622","20220802231000","139","3","南投縣","埔里鎮","120.965","23.960","248"
"78","254624","20220802231000","1070","0","南投縣","埔里鎮","120.955","23.965","93"
"580","254627","20220802231000","815","0","南投縣","埔里鎮","120.960","23.970","636"
"690","254629","20220802231000","656","1","南投縣","埔里鎮","120.955","23.975","645"
"829","254633","20220802231000","836","0","南投縣","埔里鎮","120.980","23.980","861"
"65","254641","20220802231000","220","0","南投縣","埔里鎮","120.955","23.955","70"
"470","254658","20220802231000","407","1","南投縣","埔里鎮","120.980","23.990","482"
"280","254675","20220802231000","191","2","南投縣","埔里鎮","120.960","24.000","307"
"37","254680","20220802231000","28","2","南投縣","埔里鎮","120.985","24.000","37"
"37","254694","20220802231000","358","0","南投縣","埔里鎮","120.955","23.940","39"
"375","254705","20220802231000","368","1","南投縣","埔里鎮","120.970","24.005","327"
"234","254706","20220802231000","180","2","南投縣","埔里鎮","120.975","24.005","250"
"533","254712","20220802231000","483","1","花蓮縣","花蓮市","121.610","23.970","544"
"1733","254713","20220802231000","1306","2","花蓮縣","花蓮市","121.600","23.965","1744"
"679","254714","20220802231000","600","1","花蓮縣","花蓮市","121.610","23.985","677"
"1486","254716","20220802231000","1340","1","花蓮縣","花蓮市","121.605","23.980","1555"
"1376","254717","20220802231000","1181","1","花蓮縣","花蓮市","121.600","23.980","1356"
"829","254719","20220802231000","1054","0","花蓮縣","花蓮市","121.605","23.985","928"
"24","254721","20220802231000","178","0","花蓮縣","花蓮市","121.600","23.970","40"
"1555","254723","20220802231000","1853","0","花蓮縣","花蓮市","121.605","23.970","1667"
"64","254728","20220802231000","126","0","花蓮縣","花蓮市","121.615","23.985","62"
"1167","254729","20220802231000","1175","0","花蓮縣","花蓮市","121.620","24.000","1197"
"1739","254730","20220802231000","1684","1","花蓮縣","花蓮市","121.625","23.995","1686"
"1026","254732","20220802231000","633","3","花蓮縣","花蓮市","121.615","23.975","1172"
"418","254733","20220802231000","313","2","花蓮縣","花蓮市","121.615","23.980","465"
"1786","254735","20220802231000","1390","2","花蓮縣","吉安鄉","121.590","23.985","1701"
"125","254742","20220802231000","408","0","花蓮縣","花蓮市","121.610","24.005","125"
"51","254743","20220802231000","299","0","花蓮縣","吉安鄉","121.580","23.990","42"
"776","254745","20220802231000","522","2","花蓮縣","吉安鄉","121.590","23.990","838"
"421","254746","20220802231000","685","0","花蓮縣","花蓮市","121.585","23.995","494"
"509","254747","20220802231000","451","1","花蓮縣","花蓮市","121.590","23.995","561"
"890","254748","20220802231000","981","0","花蓮縣","花蓮市","121.595","23.995","925"
"371","254754","20220802231000","369","1","花蓮縣","花蓮市","121.590","24.005","388"
"434","254755","20220802231000","532","0","花蓮縣","花蓮市","121.595","24.005","479"
"1454","254756","20220802231000","1427","1","花蓮縣","花蓮市","121.595","23.970","1487"
"913","254757","20220802231000","824","1","花蓮縣","花蓮市","121.595","23.975","874"
"2547","254766","20220802231000","2321","1","彰化縣","員林鎮","120.570","23.970","2592"
"698","254767","20220802231000","612","1","彰化縣","員林鎮","120.575","23.970","716"
"700","254769","20220802231000","618","1","花蓮縣","花蓮市","121.610","23.975","850"
"1958","254770","20220802231000","1288","3","花蓮縣","花蓮市","121.610","23.980","2139"
"848","254771","20220802231000","710","1","花蓮縣","花蓮市","121.615","24.000","849"
"31","254772","20220802231000","51","0","花蓮縣","花蓮市","121.560","24.000","32"
"211","254777","20220802231000","246","0","花蓮縣","花蓮市","121.575","24.005","216"
"2381","254779","20220802231000","2043","1","花蓮縣","花蓮市","121.600","23.990","2593"
"932","254780","20220802231000","739","2","花蓮縣","花蓮市","121.610","23.990","967"
"2856","254781","20220802231000","3413","0","花蓮縣","花蓮市","121.605","23.990","3210"
"578","254782","20220802231000","488","1","花蓮縣","花蓮市","121.605","23.995","635"
"3309","254783","20220802231000","2829","1","花蓮縣","吉安鄉","121.575","23.990","3280"
"1584","254784","20220802231000","1633","0","花蓮縣","吉安鄉","121.565","23.995","1603"
"551","254785","20220802231000","572","0","花蓮縣","花蓮市","121.570","23.995","570"
"219","254786","20220802231000","342","0","花蓮縣","花蓮市","121.575","23.995","166"
"1080","254789","20220802231000","1084","0","花蓮縣","吉安鄉","121.595","23.985","1187"
"2431","254790","20220802231000","1680","2","花蓮縣","花蓮市","121.600","23.995","2438"
"15","254798","20220802231000","63","0","南投縣","中寮鄉","120.745","23.935","11"
"41","254887","20220802231000","145","0","南投縣","中寮鄉","120.780","23.945","46"
"270","254901","20220802231000","245","1","南投縣","中寮鄉","120.765","23.940","279"
"224","254913","20220802231000","211","1","彰化縣","員林鎮","120.550","23.975","177"
"664","254920","20220802231000","563","1","彰化縣","員林鎮","120.580","23.935","674"
"78","254922","20220802231000","104","0","彰化縣","員林鎮","120.575","23.940","100"
"356","254925","20220802231000","336","1","彰化縣","員林鎮","120.580","23.945","344"
"144","254926","20220802231000","423","0","彰化縣","員林鎮","120.575","23.945","167"
"728","254940","20220802231000","657","1","花蓮縣","花蓮市","121.620","23.985","747"
"665","254941","20220802231000","684","0","花蓮縣","花蓮市","121.615","23.990","705"
"307","254942","20220802231000","322","0","花蓮縣","花蓮市","121.620","23.990","313"
"22","254945","20220802231000","15","2","花蓮縣","花蓮市","121.630","23.995","24"
"81","254950","20220802231000","66","2","花蓮縣","花蓮市","121.645","24.005","89"
"591","254952","20220802231000","536","1","彰化縣","埔心鄉","120.520","23.965","517"
"41","254964","20220802231000","78","0","彰化縣","芳苑鄉","120.325","23.940","33"
"348","254974","20220802231000","238","2","彰化縣","芳苑鄉","120.330","23.940","372"
"1993","255019","20220802231000","1505","2","彰化縣","員林鎮","120.565","23.965","2015"
"195","255021","20220802231000","741","0","彰化縣","員林鎮","120.600","23.965","266"
"67","255024","20220802231000","56","1","彰化縣","員林鎮","120.610","23.970","80"
"387","255030","20220802231000","386","1","彰化縣","埔心鄉","120.530","23.940","370"
"34","255038","20220802231000","644","0","彰化縣","埔鹽鄉","120.480","23.990","36"
"211","255039","20220802231000","186","1","彰化縣","埔鹽鄉","120.500","23.975","283"
"162","255044","20220802231000","284","0","南投縣","南投市","120.700","23.930","153"
"264","255046","20220802231000","211","2","南投縣","南投市","120.635","23.935","248"
"168","255053","20220802231000","146","1","南投縣","南投市","120.635","23.945","173"
"720","255063","20220802231000","703","1","彰化縣","永靖鄉","120.555","23.935","819"
"83","255064","20220802231000","424","0","彰化縣","永靖鄉","120.560","23.930","63"
"610","255065","20220802231000","595","1","彰化縣","員林鎮","120.555","23.960","553"
"442","255068","20220802231000","213","3","彰化縣","員林鎮","120.560","23.965","485"
"559","255069","20220802231000","417","2","彰化縣","員林鎮","120.555","23.970","592"
"1710","255073","20220802231000","1533","1","南投縣","南投市","120.690","23.945","1765"
"1451","255074","20220802231000","1232","1","南投縣","南投市","120.690","23.950","1450"
"59","255075","20220802231000","189","0","南投縣","南投市","120.685","23.950","57"
"89","255078","20220802231000","284","0","南投縣","南投市","120.675","23.945","100"
"115","255079","20220802231000","598","0","南投縣","南投市","120.680","23.945","108"
"216","255081","20220802231000","179","2","南投縣","草屯鎮","120.675","23.950","212"
"286","255088","20220802231000","332","0","南投縣","南投市","120.660","23.935","307"
"159","255092","20220802231000","265","0","南投縣","南投市","120.665","23.940","182"
"137","255094","20220802231000","117","1","南投縣","南投市","120.650","23.945","140"
"27","255100","20220802231000","160","0","南投縣","南投市","120.655","23.950","33"
"46","255107","20220802231000","38","2","南投縣","南投市","120.650","23.955","59"
"339","255130","20220802231000","250","2","彰化縣","芳苑鄉","120.315","23.930","352"
"19","255153","20220802231000","160","0","彰化縣","芳苑鄉","120.380","23.940","21"
"678","255158","20220802231000","458","2","彰化縣","芳苑鄉","120.380","23.955","682"
"219","255176","20220802231000","543","0","彰化縣","埔心鄉","120.555","23.940","223"
"1334","255177","20220802231000","1370","0","彰化縣","埔心鄉","120.540","23.950","1275"
"43","255178","20220802231000","592","0","彰化縣","埔心鄉","120.545","23.950","44"
"110","255179","20220802231000","85","2","彰化縣","埔心鄉","120.540","23.955","105"
"373","255199","20220802231000","305","2","彰化縣","二林鎮","120.420","23.950","367"
"366","255210","20220802231000","453","0","彰化縣","永靖鄉","120.550","23.930","353"
"328","255220","20220802231000","408","0","彰化縣","大村鄉","120.585","23.990","383"
"782","255222","20220802231000","964","0","彰化縣","大村鄉","120.580","23.995","683"
"26","255223","20220802231000","28","0","彰化縣","大村鄉","120.585","23.995","26"
"51","255227","20220802231000","70","0","彰化縣","大村鄉","120.590","23.995","59"
"14","255229","20220802231000","267","0","彰化縣","大村鄉","120.600","23.995","12"
"36","255230","20220802231000","54","0","彰化縣","大村鄉","120.605","23.995","40"
"139","255232","20220802231000","407","0","彰化縣","大村鄉","120.595","24.000","149"
"653","255234","20220802231000","569","1","彰化縣","大村鄉","120.570","23.975","655"
"764","255238","20220802231000","608","2","彰化縣","大村鄉","120.535","24.000","712"
"28","255239","20220802231000","244","0","彰化縣","大村鄉","120.540","24.000","47"
"278","255251","20220802231000","244","1","彰化縣","埔心鄉","120.515","23.970","337"
"95","255257","20220802231000","60","3","彰化縣","埔心鄉","120.540","23.965","104"
"518","255261","20220802231000","330","3","彰化縣","埔心鄉","120.555","23.950","432"
"147","255262","20220802231000","154","0","彰化縣","埔心鄉","120.550","23.955","144"
"497","255263","20220802231000","370","2","彰化縣","埔心鄉","120.555","23.955","515"
"15","255264","20220802231000","318","0","彰化縣","埔心鄉","120.545","23.960","23"
"761","255265","20220802231000","62","3","彰化縣","埔心鄉","120.560","23.945","684"
"457","255266","20220802231000","257","3","彰化縣","埔心鄉","120.550","23.945","448"
"492","255267","20220802231000","409","2","彰化縣","埔心鄉","120.555","23.945","509"
"179","255273","20220802231000","135","2","彰化縣","埔心鄉","120.515","23.940","193"
"287","255276","20220802231000","179","3","彰化縣","埔心鄉","120.525","23.950","258"
"966","255277","20220802231000","657","2","彰化縣","埔心鄉","120.525","23.945","1076"
"356","255284","20220802231000","318","1","彰化縣","埔心鄉","120.520","23.945","398"
"596","255287","20220802231000","402","2","彰化縣","埔心鄉","120.515","23.950","543"
"380","255292","20220802231000","372","1","南投縣","埔里鎮","120.935","23.995","387"
"279","255308","20220802231000","191","2","南投縣","埔里鎮","120.940","24.005","283"
"129","255309","20220802231000","271","0","南投縣","埔里鎮","120.945","24.005","126"
"530","255312","20220802231000","513","1","彰化縣","溪湖鎮","120.495","23.965","498"
"437","255322","20220802231000","365","1","彰化縣","溪湖鎮","120.510","23.970","514"
"1132","255326","20220802231000","642","3","彰化縣","大村鄉","120.545","23.995","1037"
"480","255337","20220802231000","375","2","彰化縣","大村鄉","120.555","24.000","548"
"556","255339","20220802231000","475","1","彰化縣","大村鄉","120.550","24.005","566"
"46","255345","20220802231000","418","0","彰化縣","大村鄉","120.580","24.000","47"
"135","255351","20220802231000","85","3","彰化縣","大村鄉","120.585","24.000","193"
"500","255359","20220802231000","368","2","彰化縣","大村鄉","120.550","23.980","593"
"1088","255361","20220802231000","867","2","彰化縣","大村鄉","120.565","23.980","964"
"447","255365","20220802231000","382","1","彰化縣","大村鄉","120.540","23.975","556"
"79","255366","20220802231000","78","1","彰化縣","大村鄉","120.520","23.980","77"
"21","255371","20220802231000","77","0","彰化縣","芳苑鄉","120.355","23.935","32"
"166","255379","20220802231000","74","3","彰化縣","芳苑鄉","120.365","23.940","175"
"76","255396","20220802231000","258","0","彰化縣","芳苑鄉","120.350","23.975","125"
"669","255400","20220802231000","314","3","彰化縣","芳苑鄉","120.345","23.980","635"
"275","255443","20220802231000","229","2","彰化縣","芳苑鄉","120.390","23.980","287"
"86","255448","20220802231000","80","1","彰化縣","芳苑鄉","120.385","23.985","88"
"1643","255463","20220802231000","1524","1","南投縣","埔里鎮","120.975","23.970","1633"
"73","255464","20220802231000","345","0","彰化縣","埔心鄉","120.560","23.950","76"
"12","255465","20220802231000","190","0","彰化縣","埔心鄉","120.560","23.955","12"
"408","255466","20220802231000","335","2","南投縣","南投市","120.695","23.940","430"
"603","255472","20220802231000","588","1","南投縣","南投市","120.695","23.945","633"
"48","255475","20220802231000","41","1","南投縣","南投市","120.700","23.950","63"
"374","255480","20220802231000","484","0","南投縣","南投市","120.695","23.950","390"
"138","255482","20220802231000","138","1","南投縣","南投市","120.690","23.955","130"
"75","255490","20220802231000","242","0","南投縣","南投市","120.690","23.930","88"
"1588","255491","20220802231000","1016","3","南投縣","南投市","120.695","23.930","1508"
"420","255494","20220802231000","724","0","南投縣","南投市","120.690","23.935","428"
"494","255496","20220802231000","467","1","南投縣","南投市","120.700","23.935","418"
"75","255498","20220802231000","484","0","南投縣","南投市","120.710","23.935","113"
"369","255525","20220802231000","826","0","彰化縣","芳苑鄉","120.335","23.960","364"
"120","255535","20220802231000","102","1","彰化縣","芳苑鄉","120.360","23.970","126"
"193","255545","20220802231000","143","2","彰化縣","二林鎮","120.385","23.945","194"
"177","255549","20220802231000","182","0","彰化縣","芳苑鄉","120.385","23.955","173"
"188","255550","20220802231000","136","2","彰化縣","芳苑鄉","120.390","23.955","182"
"199","255551","20220802231000","156","2","彰化縣","芳苑鄉","120.395","23.955","201"
"114","255559","20220802231000","103","1","彰化縣","芳苑鄉","120.385","23.970","108"
"69","255593","20220802231000","66","1","南投縣","國姓鄉","120.855","23.995","81"
"289","255626","20220802231000","246","1","南投縣","國姓鄉","120.840","24.005","283"
"57","255633","20220802231000","228","0","南投縣","國姓鄉","120.815","24.000","244"
"199","255636","20220802231000","105","3","南投縣","國姓鄉","120.815","24.005","148"
"38","255646","20220802231000","331","0","南投縣","埔里鎮","120.955","23.995","38"
"378","255647","20220802231000","241","3","南投縣","埔里鎮","120.960","23.965","462"
"14","255663","20220802231000","157","0","南投縣","埔里鎮","121.000","23.955","25"
"223","255680","20220802231000","197","1","南投縣","埔里鎮","121.000","23.965","206"
"827","255708","20220802231000","790","1","南投縣","埔里鎮","120.995","23.975","870"
"152","255724","20220802231000","132","1","南投縣","埔里鎮","121.005","23.980","143"
"86","255748","20220802231000","91","0","南投縣","埔里鎮","121.020","23.990","100"
"61","255778","20220802231000","86","0","南投縣","仁愛鄉","121.040","24.000","104"
"13","255784","20220802231000","19","0","南投縣","埔里鎮","121.055","24.000","14"
"976","255785","20220802231000","1022","0","南投縣","埔里鎮","120.965","23.965","1001"
"67","255786","20220802231000","49","2","南投縣","埔里鎮","120.965","23.970","78"
"318","255794","20220802231000","284","1","南投縣","埔里鎮","120.990","23.930","304"
"770","255798","20220802231000","588","2","彰化縣","埔鹽鄉","120.485","24.005","782"
"587","255803","20220802231000","429","2","彰化縣","埔鹽鄉","120.475","23.995","591"
"922","255804","20220802231000","648","2","彰化縣","埔鹽鄉","120.480","23.995","1003"
"301","255810","20220802231000","175","3","彰化縣","埔鹽鄉","120.455","24.010","307"
"33","255814","20220802231000","498","0","彰化縣","埔鹽鄉","120.430","23.980","39"
"322","255817","20220802231000","250","2","彰化縣","埔鹽鄉","120.445","23.960","353"
"424","255822","20220802231000","186","3","彰化縣","埔鹽鄉","120.440","23.975","431"
"778","255835","20220802231000","589","2","彰化縣","埔鹽鄉","120.465","24.000","767"
"250","255836","20220802231000","169","2","彰化縣","埔鹽鄉","120.460","24.005","256"
"763","255841","20220802231000","532","2","彰化縣","花壇鄉","120.575","24.005","729"
"338","255861","20220802231000","134","3","彰化縣","埔鹽鄉","120.450","23.985","347"
"58","255868","20220802231000","382","0","彰化縣","埔鹽鄉","120.445","23.985","55"
"423","255875","20220802231000","286","2","彰化縣","埔鹽鄉","120.465","23.970","493"
"189","255894","20220802231000","234","0","彰化縣","埔鹽鄉","120.490","23.990","175"
"22","255901","20220802231000","271","0","彰化縣","埔鹽鄉","120.490","23.975","28"
"82","255903","20220802231000","507","0","彰化縣","埔鹽鄉","120.480","23.980","92"
"631","255912","20220802231000","533","1","彰化縣","大村鄉","120.530","23.990","539"
"491","255913","20220802231000","489","1","彰化縣","大村鄉","120.535","23.990","690"
"1175","255917","20220802231000","1167","1","彰化縣","大村鄉","120.555","23.990","1096"
"274","255920","20220802231000","504","0","彰化縣","大村鄉","120.575","23.985","279"
"421","255921","20220802231000","416","1","彰化縣","大村鄉","120.580","23.985","379"
"429","255923","20220802231000","578","0","彰化縣","大村鄉","120.590","23.985","420"
"124","255924","20220802231000","105","1","彰化縣","大村鄉","120.595","23.985","99"
"188","255941","20220802231000","134","2","彰化縣","大村鄉","120.540","23.980","209"
"316","255950","20220802231000","283","1","彰化縣","大村鄉","120.510","23.985","289"
"385","255953","20220802231000","208","3","彰化縣","大村鄉","120.520","23.985","426"
"218","255956","20220802231000","1053","0","彰化縣","大村鄉","120.560","23.990","230"
"63","255962","20220802231000","34","3","彰化縣","埔鹽鄉","120.430","23.995","53"
"466","255975","20220802231000","253","3","彰化縣","埔鹽鄉","120.420","23.990","475"
"195","255987","20220802231000","592","0","彰化縣","埔鹽鄉","120.450","24.005","176"
"313","256002","20220802231000","579","0","南投縣","埔里鎮","120.945","23.965","324"
"143","256004","20220802231000","967","0","南投縣","埔里鎮","120.945","23.970","162"
"93","256025","20220802231000","75","2","南投縣","埔里鎮","120.890","23.955","95"
"1062","256042","20220802231000","1064","0","南投縣","埔里鎮","120.945","23.975","1045"
"476","256043","20220802231000","431","1","南投縣","埔里鎮","120.925","23.980","515"
"84","256061","20220802231000","75","1","彰化縣","員林鎮","120.605","23.950","93"
"1142","256062","20220802231000","840","2","彰化縣","員林鎮","120.605","23.955","1082"
"72","256063","20220802231000","520","0","南投縣","南投市","120.670","23.930","95"
"65","256065","20220802231000","354","0","南投縣","南投市","120.675","23.935","91"
"25","256071","20220802231000","25","1","南投縣","南投市","120.730","23.930","27"
"303","256085","20220802231000","211","2","南投縣","南投市","120.660","23.930","309"
"134","256086","20220802231000","117","1","南投縣","南投市","120.665","23.930","143"
"646","256089","20220802231000","614","1","南投縣","南投市","120.670","23.940","619"
"345","256091","20220802231000","341","1","彰化縣","員林鎮","120.570","23.965","294"
"1596","256092","20220802231000","1905","0","彰化縣","員林鎮","120.575","23.965","1716"
"2168","256094","20220802231000","1901","1","彰化縣","員林鎮","120.580","23.960","2113"
"13","256095","20220802231000","19","0","彰化縣","員林鎮","120.585","23.960","17"
"2479","256096","20220802231000","1696","2","彰化縣","員林鎮","120.580","23.965","2299"
"110","256144","20220802231000","99","1","南投縣","仁愛鄉","121.080","23.995","138"
"126","256164","20220802231000","124","1","南投縣","仁愛鄉","121.085","24.000","114"
"102","256171","20220802231000","77","2","南投縣","仁愛鄉","121.070","24.005","92"
"83","256180","20220802231000","56","2","南投縣","仁愛鄉","121.130","23.980","75"
"306","256187","20220802231000","259","1","南投縣","仁愛鄉","121.100","23.990","318"
"96","256354","20220802231000","45","3","南投縣","仁愛鄉","121.075","23.930","97"
"183","256404","20220802231000","141","2","南投縣","仁愛鄉","121.075","23.950","190"
"21","256598","20220802231000","17","2","南投縣","仁愛鄉","121.120","23.950","24"
"69","256646","20220802231000","31","3","南投縣","仁愛鄉","121.180","23.955","74"
"101","256716","20220802231000","59","3","南投縣","仁愛鄉","121.130","23.960","112"
"94","256753","20220802231000","96","0","南投縣","仁愛鄉","121.105","23.965","113"
"191","256953","20220802231000","1543","0","彰化縣","員林鎮","120.575","23.950","205"
"835","256956","20220802231000","647","2","彰化縣","員林鎮","120.595","23.960","773"
"71","256962","20220802231000","51","2","彰化縣","員林鎮","120.615","23.950","66"
"53","256968","20220802231000","176","0","彰化縣","員林鎮","120.625","23.955","212"
"34","256971","20220802231000","278","0","彰化縣","員林鎮","120.550","23.965","40"
"45","256976","20220802231000","56","0","彰化縣","員林鎮","120.605","23.945","37"
"82","256977","20220802231000","79","1","彰化縣","員林鎮","120.610","23.945","76"
"160","256978","20220802231000","168","0","彰化縣","員林鎮","120.615","23.945","159"
"1360","256982","20220802231000","1368","0","彰化縣","員林鎮","120.565","23.955","1488"
"1616","256983","20220802231000","1350","1","彰化縣","員林鎮","120.565","23.960","1679"
"502","256986","20220802231000","391","2","彰化縣","員林鎮","120.595","23.975","448"
"636","256988","20220802231000","561","1","彰化縣","大村鄉","120.590","23.980","600"
"1910","256995","20220802231000","1470","2","彰化縣","員林鎮","120.575","23.955","1983"
"106","256996","20220802231000","73","2","彰化縣","員林鎮","120.595","23.935","120"
"121","256997","20220802231000","535","0","彰化縣","員林鎮","120.605","23.935","140"
"306","257021","20220802231000","309","0","彰化縣","二林鎮","120.415","23.955","324"
"121","257028","20220802231000","91","2","彰化縣","二林鎮","120.430","23.955","116"
"439","257055","20220802231000","407","1","彰化縣","二林鎮","120.400","23.930","423"
"803","257083","20220802231000","653","2","南投縣","草屯鎮","120.670","23.950","756"
"400","257088","20220802231000","1224","0","南投縣","草屯鎮","120.680","23.960","449"
"211","257089","20220802231000","952","0","南投縣","草屯鎮","120.680","23.965","217"
"75","257092","20220802231000","612","0","彰化縣","員林鎮","120.570","23.945","85"
"636","257094","20220802231000","530","2","彰化縣","員林鎮","120.590","23.950","683"
"360","257095","20220802231000","251","2","彰化縣","員林鎮","120.595","23.950","427"
"1252","257097","20220802231000","1104","1","彰化縣","員林鎮","120.570","23.950","1214"
"137","257100","20220802231000","627","0","彰化縣","員林鎮","120.585","23.970","150"
"412","257103","20220802231000","337","2","彰化縣","二林鎮","120.455","23.930","502"
"204","257115","20220802231000","143","2","彰化縣","二林鎮","120.445","23.945","183"
"1051","257118","20220802231000","828","2","彰化縣","二林鎮","120.440","23.950","1025"
"528","257124","20220802231000","537","0","彰化縣","員林鎮","120.590","23.940","605"
"187","257135","20220802231000","236","0","彰化縣","埔心鄉","120.510","23.940","205"
"21","257145","20220802231000","366","0","彰化縣","溪湖鎮","120.485","23.940","22"
"427","257149","20220802231000","298","2","彰化縣","溪湖鎮","120.480","23.955","506"
"410","257152","20220802231000","1253","0","南投縣","草屯鎮","120.685","23.975","377"
"745","257154","20220802231000","649","1","南投縣","草屯鎮","120.725","23.980","1009"
"84","257160","20220802231000","78","1","南投縣","草屯鎮","120.720","23.990","97"
"160","257162","20220802231000","144","1","南投縣","草屯鎮","120.730","23.990","147"
"745","257166","20220802231000","378","3","南投縣","草屯鎮","120.680","23.970","735"
"2316","257168","20220802231000","2064","1","南投縣","草屯鎮","120.680","23.980","2326"
"23","257171","20220802231000","440","0","南投縣","草屯鎮","120.655","24.000","36"
"516","257173","20220802231000","445","1","南投縣","草屯鎮","120.665","24.000","513"
"533","257176","20220802231000","353","3","南投縣","草屯鎮","120.650","24.005","541"
"336","257181","20220802231000","330","1","南投縣","草屯鎮","120.725","23.995","326"
"194","257193","20220802231000","134","2","南投縣","草屯鎮","120.730","24.000","195"
"640","257213","20220802231000","560","1","彰化縣","溪湖鎮","120.450","23.955","573"
"616","257215","20220802231000","545","1","彰化縣","溪湖鎮","120.460","23.955","666"
"19","257222","20220802231000","17","1","南投縣","草屯鎮","120.750","23.975","25"
"294","257229","20220802231000","231","2","南投縣","草屯鎮","120.750","23.980","292"
"334","257235","20220802231000","376","0","南投縣","草屯鎮","120.750","23.985","363"
"49","257245","20220802231000","40","2","南投縣","草屯鎮","120.720","23.955","53"
"134","257251","20220802231000","107","2","南投縣","中寮鄉","120.750","23.955","128"
"36","257266","20220802231000","30","2","南投縣","草屯鎮","120.740","23.965","42"
"174","257267","20220802231000","151","1","南投縣","草屯鎮","120.745","23.965","185"
"94","257273","20220802231000","100","0","南投縣","草屯鎮","120.705","23.960","107"
"1230","257282","20220802231000","892","2","南投縣","草屯鎮","120.705","23.975","1264"
"426","257285","20220802231000","384","1","南投縣","草屯鎮","120.695","23.980","435"
"1594","257286","20220802231000","1563","1","南投縣","草屯鎮","120.700","23.980","1675"
"925","257289","20220802231000","832","1","南投縣","草屯鎮","120.715","23.980","925"
"926","257294","20220802231000","748","2","南投縣","南投市","120.685","23.955","909"
"153","257295","20220802231000","708","0","南投縣","草屯鎮","120.685","23.960","170"
"2240","257299","20220802231000","1752","2","南投縣","草屯鎮","120.690","23.965","2229"
"20","257300","20220802231000","17","1","南投縣","草屯鎮","120.695","23.965","21"
"141","257307","20220802231000","136","1","南投縣","草屯鎮","120.775","23.985","144"
"79","257320","20220802231000","84","0","南投縣","草屯鎮","120.765","23.995","82"
"373","257342","20220802231000","505","0","南投縣","草屯鎮","120.700","23.985","389"
"179","257348","20220802231000","271","0","南投縣","草屯鎮","120.715","23.990","241"
"263","257349","20220802231000","1121","0","南投縣","草屯鎮","120.690","23.995","332"
"231","257351","20220802231000","164","2","南投縣","草屯鎮","120.700","23.995","219"
"572","257354","20220802231000","597","0","南投縣","草屯鎮","120.715","23.995","643"
"613","257356","20220802231000","363","3","南投縣","草屯鎮","120.695","23.995","591"
"780","257362","20220802231000","672","1","南投縣","草屯鎮","120.695","24.000","810"
"135","257365","20220802231000","79","3","南投縣","草屯鎮","120.710","24.000","135"
"109","257366","20220802231000","160","0","南投縣","草屯鎮","120.670","23.960","100"
"465","257368","20220802231000","334","2","南投縣","草屯鎮","120.675","23.965","458"
"268","257369","20220802231000","224","1","南投縣","草屯鎮","120.670","23.970","203"
"619","257370","20220802231000","442","2","南投縣","草屯鎮","120.670","23.975","604"
"440","257373","20220802231000","321","2","南投縣","草屯鎮","120.675","23.980","424"
"1033","257376","20220802231000","1273","0","南投縣","草屯鎮","120.680","23.985","970"
"336","257377","20220802231000","277","2","南投縣","草屯鎮","120.670","23.990","343"
"47","257381","20220802231000","267","0","南投縣","草屯鎮","120.670","23.995","53"
"319","257386","20220802231000","141","3","南投縣","草屯鎮","120.685","23.990","308"
"578","257387","20220802231000","455","2","南投縣","草屯鎮","120.680","23.995","565"
"86","257389","20220802231000","393","0","南投縣","草屯鎮","120.680","24.000","99"
"537","257396","20220802231000","403","2","南投縣","草屯鎮","120.680","24.005","565"
"176","257400","20220802231000","756","0","南投縣","草屯鎮","120.685","23.985","190"
"1282","257401","20220802231000","1086","1","南投縣","草屯鎮","120.685","23.980","1335"
"95","257403","20220802231000","216","0","南投縣","草屯鎮","120.640","23.995","101"
"311","257407","20220802231000","337","0","南投縣","草屯鎮","120.660","23.995","309"
"76","257410","20220802231000","232","0","南投縣","草屯鎮","120.650","23.995","81"
"149","257415","20220802231000","147","1","南投縣","草屯鎮","120.655","23.965","109"
"825","257418","20220802231000","697","1","南投縣","草屯鎮","120.650","23.970","809"
"408","257422","20220802231000","343","1","南投縣","草屯鎮","120.650","23.975","401"
"333","257424","20220802231000","284","1","南投縣","草屯鎮","120.660","23.975","332"
"579","257425","20220802231000","507","1","南投縣","草屯鎮","120.665","23.975","625"
"94","257426","20220802231000","267","0","南投縣","草屯鎮","120.650","23.980","107"
"574","257429","20220802231000","633","0","南投縣","草屯鎮","120.665","23.950","603"
"102","257438","20220802231000","290","0","南投縣","草屯鎮","120.660","23.960","507"
"209","257439","20220802231000","229","0","南投縣","草屯鎮","120.665","23.960","136"
"288","257496","20220802231000","264","1","南投縣","草屯鎮","120.795","23.985","298"
"237","257505","20220802231000","205","1","南投縣","草屯鎮","120.795","23.990","240"
"136","257522","20220802231000","83","3","南投縣","草屯鎮","120.800","24.000","126"
"111","257550","20220802231000","320","0","彰化縣","福興鄉","120.410","24.005","100"
"110","257580","20220802231000","75","2","彰化縣","芳苑鄉","120.400","23.995","130"
"519","257591","20220802231000","376","2","彰化縣","芳苑鄉","120.365","24.000","526"
"237","257595","20220802231000","223","1","彰化縣","芳苑鄉","120.385","24.000","256"
"426","257609","20220802231000","355","2","彰化縣","芳苑鄉","120.370","24.005","404"
"268","257631","20220802231000","124","3","彰化縣","芳苑鄉","120.340","23.965","261"
"158","257632","20220802231000","690","0","彰化縣","芳苑鄉","120.345","23.965","193"
"28","257638","20220802231000","22","2","彰化縣","芳苑鄉","120.325","23.970","55"
"312","257669","20220802231000","789","0","彰化縣","秀水鄉","120.510","23.995","274"
"615","257680","20220802231000","482","2","彰化縣","秀水鄉","120.520","24.000","686"
"185","257685","20220802231000","105","3","彰化縣","福興鄉","120.490","24.010","154"
"927","257686","20220802231000","711","2","彰化縣","福興鄉","120.495","24.010","996"
"28","257694","20220802231000","15","3","彰化縣","芬園鄉","120.605","24.005","31"
"391","257699","20220802231000","283","2","彰化縣","溪湖鎮","120.490","23.950","350"
"561","257700","20220802231000","583","0","彰化縣","溪湖鎮","120.495","23.950","542"
"1287","257703","20220802231000","820","3","彰化縣","溪湖鎮","120.475","23.960","1247"
"493","257704","20220802231000","315","3","彰化縣","溪湖鎮","120.465","23.965","516"
"1745","257708","20220802231000","1583","1","彰化縣","溪湖鎮","120.480","23.960","1694"
"494","257713","20220802231000","367","2","彰化縣","溪湖鎮","120.485","23.935","486"
"16","257720","20220802231000","14","1","彰化縣","溪湖鎮","120.500","23.940","23"
"51","257725","20220802231000","198","0","彰化縣","溪湖鎮","120.505","23.950","60"
"149","257726","20220802231000","144","1","彰化縣","溪湖鎮","120.510","23.950","149"
"449","257727","20220802231000","404","1","彰化縣","溪湖鎮","120.490","23.955","635"
"79","257728","20220802231000","60","2","彰化縣","溪湖鎮","120.495","23.955","67"
"536","257729","20220802231000","576","0","彰化縣","溪湖鎮","120.485","23.960","604"
"239","257731","20220802231000","199","2","彰化縣","溪湖鎮","120.495","23.960","297"
"361","257733","20220802231000","290","2","彰化縣","溪湖鎮","120.490","23.965","361"
"722","257734","20220802231000","577","2","彰化縣","溪湖鎮","120.485","23.970","734"
"377","257750","20220802231000","301","2","彰化縣","芬園鄉","120.625","23.965","434"
"281","257766","20220802231000","417","0","彰化縣","溪湖鎮","120.475","23.950","262"
"693","257767","20220802231000","921","0","彰化縣","溪湖鎮","120.475","23.955","680"
"264","257778","20220802231000","207","2","彰化縣","溪湖鎮","120.475","23.970","255"
"771","257781","20220802231000","734","1","彰化縣","溪湖鎮","120.470","23.980","714"
"234","257784","20220802231000","197","1","南投縣","草屯鎮","120.670","23.980","220"
"148","257785","20220802231000","406","0","南投縣","草屯鎮","120.650","23.985","161"
"339","257788","20220802231000","508","0","南投縣","草屯鎮","120.665","23.985","307"
"339","257792","20220802231000","327","1","南投縣","草屯鎮","120.665","23.990","349"
"47","257795","20220802231000","505","0","彰化縣","社頭鄉","120.605","23.930","67"
"177","257797","20220802231000","157","1","彰化縣","社頭鄉","120.615","23.930","219"
"115","257798","20220802231000","58","3","彰化縣","社頭鄉","120.620","23.930","133"
"478","257802","20220802231000","337","2","彰化縣","芬園鄉","120.630","23.995","461"
"36","257808","20220802231000","13","3","彰化縣","芬園鄉","120.615","24.005","106"
"1461","257810","20220802231000","1156","2","彰化縣","芬園鄉","120.630","24.010","1539"
"67","257812","20220802231000","287","0","彰化縣","芬園鄉","120.640","24.010","41"
"63","257813","20220802231000","30","3","彰化縣","芬園鄉","120.645","24.010","61"
"376","257817","20220802231000","240","3","彰化縣","埔鹽鄉","120.425","23.995","414"
"44","257823","20220802231000","212","0","彰化縣","埔鹽鄉","120.430","24.005","54"
"300","257824","20220802231000","194","3","彰化縣","福興鄉","120.420","24.010","305"
"25","257825","20220802231000","11","3","彰化縣","福興鄉","120.425","24.010","20"
"278","257827","20220802231000","652","0","彰化縣","秀水鄉","120.515","24.010","245"
"300","257834","20220802231000","209","2","彰化縣","芬園鄉","120.620","23.980","299"
"224","257851","20220802231000","173","2","彰化縣","芬園鄉","120.610","23.995","237"
"91","257857","20220802231000","81","1","彰化縣","芬園鄉","120.625","24.000","98"
"29","257867","20220802231000","219","0","彰化縣","芬園鄉","120.645","23.965","35"
"525","257871","20220802231000","382","2","彰化縣","芬園鄉","120.640","23.975","504"
"17","257876","20220802231000","11","3","彰化縣","芬園鄉","120.615","24.010","15"
"41","257882","20220802231000","322","0","彰化縣","花壇鄉","120.550","24.010","39"
"79","257884","20220802231000","47","3","彰化縣","花壇鄉","120.570","24.010","68"
"520","257886","20220802231000","573","0","彰化縣","社頭鄉","120.575","23.930","545"
"464","257898","20220802231000","440","1","南投縣","草屯鎮","120.730","23.975","638"
"300","257902","20220802231000","239","2","南投縣","草屯鎮","120.735","23.980","355"
"651","257907","20220802231000","1316","0","彰化縣","溪湖鎮","120.480","23.965","629"
"52","257908","20220802231000","470","0","彰化縣","溪湖鎮","120.480","23.970","43"
"619","263412","20220802231000","1144","0","臺中市","霧峰區","120.690","24.045","697"
"184","263414","20220802231000","116","3","臺中市","霧峰區","120.685","24.050","168"
"182","263420","20220802231000","150","2","臺中市","霧峰區","120.705","24.045","197"
"48","263428","20220802231000","20","3","臺中市","霧峰區","120.705","24.055","46"
"425","263432","20220802231000","457","0","臺中市","霧峰區","120.705","24.060","481"
"69","263433","20220802231000","405","0","臺中市","霧峰區","120.710","24.060","57"
"47","263450","20220802231000","351","0","臺中市","霧峰區","120.700","24.020","115"
"371","263482","20220802231000","358","1","臺中市","霧峰區","120.700","24.030","371"
"374","263484","20220802231000","346","1","臺中市","霧峰區","120.695","24.035","398"
"348","263486","20220802231000","435","0","臺中市","霧峰區","120.710","24.070","379"
"65","263487","20220802231000","138","0","臺中市","霧峰區","120.715","24.070","63"
"48","263488","20220802231000","60","0","臺中市","霧峰區","120.720","24.070","57"
"357","263490","20220802231000","443","0","臺中市","霧峰區","120.705","24.075","439"
"321","263491","20220802231000","330","0","臺中市","霧峰區","120.710","24.075","285"
"1356","263492","20220802231000","1761","0","臺中市","霧峰區","120.715","24.075","1289"
"23","263493","20220802231000","398","0","臺中市","霧峰區","120.720","24.075","37"
"694","263495","20220802231000","504","2","臺中市","霧峰區","120.710","24.080","740"
"20","263497","20220802231000","23","0","臺中市","大里區","120.720","24.080","18"
"39","263498","20220802231000","378","0","臺中市","霧峰區","120.665","24.055","53"
"16","263518","20220802231000","98","0","臺中市","霧峰區","120.730","24.040","12"
"1113","263528","20220802231000","1161","0","臺中市","霧峰區","120.695","24.040","1152"
"40","263539","20220802231000","44","0","臺中市","霧峰區","120.695","24.045","34"
"106","263553","20220802231000","78","2","臺中市","霧峰區","120.725","24.030","90"
"267","263569","20220802231000","172","3","臺中市","霧峰區","120.725","24.035","291"
"979","263579","20220802231000","899","1","臺中市","大里區","120.695","24.080","1105"
"2508","263581","20220802231000","2121","1","臺中市","大里區","120.695","24.085","2282"
"292","263583","20220802231000","315","0","臺中市","大里區","120.690","24.085","300"
"128","263584","20220802231000","117","1","臺中市","大里區","120.700","24.080","140"
"1473","263585","20220802231000","1251","1","臺中市","大里區","120.700","24.085","1671"
"10","263586","20220802231000","421","0","臺中市","大里區","120.705","24.085","15"
"1352","263587","20220802231000","1308","1","臺中市","大里區","120.705","24.090","1240"
"412","263588","20220802231000","431","0","臺中市","大里區","120.715","24.095","429"
"27","263708","20220802231000","19","2","臺中市","太平區","120.755","24.085","24"
"155","263716","20220802231000","165","0","臺中市","太平區","120.745","24.090","187"
"211","263736","20220802231000","175","2","臺中市","霧峰區","120.700","24.050","162"
"605","263737","20220802231000","586","1","臺中市","霧峰區","120.695","24.055","529"
"144","263738","20220802231000","102","2","臺中市","霧峰區","120.700","24.055","167"
"82","263741","20220802231000","477","0","臺中市","霧峰區","120.680","24.060","100"
"954","263743","20220802231000","828","1","臺中市","霧峰區","120.680","24.065","1005"
"27","263745","20220802231000","28","0","臺中市","霧峰區","120.690","24.065","36"
"497","263746","20220802231000","360","2","臺中市","霧峰區","120.680","24.070","419"
"115","263747","20220802231000","884","0","臺中市","霧峰區","120.700","24.070","134"
"125","263753","20220802231000","131","0","臺中市","新社區","120.885","24.095","123"
"394","263758","20220802231000","358","1","臺中市","大里區","120.685","24.075","386"
"424","263759","20220802231000","303","2","臺中市","大里區","120.690","24.075","429"
"131","263764","20220802231000","231","0","臺中市","大里區","120.680","24.085","123"
"345","263766","20220802231000","304","1","臺中市","太平區","120.730","24.095","285"
"390","263776","20220802231000","438","0","臺中市","霧峰區","120.705","24.065","371"
"123","263794","20220802231000","95","2","臺中市","霧峰區","120.745","24.045","125"
"135","263828","20220802231000","206","0","臺中市","霧峰區","120.745","24.060","116"
"43","263842","20220802231000","39","1","臺中市","霧峰區","120.760","24.065","47"
"111","263846","20220802231000","57","3","臺中市","霧峰區","120.735","24.070","95"
"344","263863","20220802231000","336","1","臺中市","霧峰區","120.695","24.015","417"
"581","263864","20220802231000","534","1","臺中市","霧峰區","120.685","24.020","642"
"363","263875","20220802231000","279","2","臺中市","烏日區","120.655","24.055","309"
"336","263876","20220802231000","326","1","臺中市","烏日區","120.660","24.055","366"
"299","263878","20220802231000","233","2","臺中市","烏日區","120.655","24.045","310"
"314","263884","20220802231000","255","2","臺中市","烏日區","120.650","24.050","354"
"477","263885","20220802231000","525","0","臺中市","烏日區","120.635","24.070","484"
"1330","263888","20220802231000","1241","1","臺中市","烏日區","120.635","24.080","1442"
"515","263891","20220802231000","432","1","臺中市","烏日區","120.625","24.090","559"
"1655","263900","20220802231000","1456","1","臺中市","烏日區","120.640","24.075","1713"
"674","263902","20220802231000","588","1","臺中市","烏日區","120.650","24.075","642"
"49","263907","20220802231000","1034","0","臺中市","烏日區","120.645","24.085","65"
"105","263933","20220802231000","150","0","臺中市","烏日區","120.635","24.050","172"
"3007","263942","20220802231000","2203","2","臺中市","大里區","120.680","24.095","2706"
"291","263943","20220802231000","209","2","臺中市","大里區","120.665","24.095","325"
"1263","263945","20220802231000","1001","2","臺中市","大里區","120.690","24.090","1187"
"971","263946","20220802231000","1039","0","臺中市","大里區","120.695","24.095","976"
"648","263948","20220802231000","544","1","臺中市","大里區","120.705","24.095","714"
"382","263949","20220802231000","404","0","臺中市","大里區","120.710","24.095","411"
"361","263950","20220802231000","338","1","臺中市","大里區","120.715","24.090","408"
"508","263951","20220802231000","572","0","臺中市","大里區","120.720","24.095","456"
"30","263953","20220802231000","480","0","臺中市","大里區","120.695","24.090","39"
"1225","263954","20220802231000","1241","0","臺中市","大里區","120.700","24.095","1197"
"572","263960","20220802231000","438","2","臺中市","大里區","120.735","24.090","535"
"518","263962","20220802231000","508","1","臺中市","大里區","120.720","24.090","489"
"633","263964","20220802231000","540","1","臺中市","大里區","120.730","24.090","697"
"1023","263969","20220802231000","1432","0","臺中市","大里區","120.710","24.085","1019"
"368","263970","20220802231000","748","0","臺中市","大里區","120.715","24.085","399"
"124","263971","20220802231000","103","2","臺中市","大里區","120.720","24.085","164"
"43","263975","20220802231000","55","0","臺中市","大里區","120.710","24.090","56"
"133","263977","20220802231000","67","3","臺中市","大里區","120.665","24.085","153"
"344","263979","20220802231000","251","2","臺中市","大里區","120.675","24.085","407"
"138","263989","20220802231000","183","0","臺中市","大里區","120.685","24.095","136"
"428","263990","20220802231000","499","0","臺中市","大里區","120.690","24.095","447"
"174","263991","20220802231000","291","0","臺中市","霧峰區","120.695","24.065","161"
"2320","263992","20220802231000","2660","0","臺中市","霧峰區","120.700","24.065","2327"
"454","263995","20220802231000","302","3","臺中市","霧峰區","120.665","24.065","548"
"198","263999","20220802231000","715","0","臺中市","霧峰區","120.665","24.070","204"
"19","264007","20220802231000","313","0","臺中市","霧峰區","120.655","24.085","24"
"45","264008","20220802231000","329","0","臺中市","霧峰區","120.650","24.085","36"
"227","264016","20220802231000","202","1","臺中市","霧峰區","120.690","24.040","234"
"26","264018","20220802231000","545","0","臺中市","霧峰區","120.685","24.045","37"
"26","264024","20220802231000","487","0","臺中市","霧峰區","120.665","24.040","22"
"102","264029","20220802231000","78","2","臺中市","霧峰區","120.660","24.050","115"
"760","264031","20220802231000","791","0","臺中市","大里區","120.700","24.090","756"
"53","264037","20220802231000","36","2","臺中市","霧峰區","120.670","24.025","50"
"13","264042","20220802231000","152","0","臺中市","霧峰區","120.670","24.030","18"
"198","264047","20220802231000","225","0","花蓮縣","秀林鄉","121.580","24.020","212"
"262","264094","20220802231000","228","1","花蓮縣","秀林鄉","121.595","24.050","280"
"750","264107","20220802231000","782","0","花蓮縣","秀林鄉","121.600","24.055","755"
"401","264435","20220802231000","353","1","花蓮縣","新城鄉","121.610","24.080","390"
"350","264642","20220802231000","374","0","花蓮縣","新城鄉","121.595","24.015","361"
"237","264655","20220802231000","263","0","花蓮縣","新城鄉","121.590","24.035","374"
"342","264661","20220802231000","230","2","花蓮縣","新城鄉","121.595","24.040","317"
"1131","264663","20220802231000","653","3","花蓮縣","新城鄉","121.605","24.030","1125"
"429","264665","20220802231000","388","1","花蓮縣","新城鄉","121.605","24.035","478"
"456","264667","20220802231000","398","1","花蓮縣","新城鄉","121.600","24.035","437"
"1685","264676","20220802231000","1332","2","臺中市","烏日區","120.645","24.060","1579"
"61","264678","20220802231000","475","0","臺中市","烏日區","120.655","24.060","57"
"406","264683","20220802231000","417","0","臺中市","烏日區","120.640","24.065","443"
"228","264700","20220802231000","145","3","臺中市","烏日區","120.620","24.090","327"
"405","264703","20220802231000","292","2","臺中市","霧峰區","120.675","24.040","429"
"142","264707","20220802231000","161","0","臺中市","霧峰區","120.680","24.045","165"
"410","264712","20220802231000","377","1","臺中市","霧峰區","120.675","24.050","439"
"775","264717","20220802231000","808","0","臺中市","烏日區","120.645","24.090","671"
"197","264719","20220802231000","217","0","臺中市","烏日區","120.635","24.095","188"
"30","264720","20220802231000","20","3","臺中市","烏日區","120.640","24.095","33"
"41","264722","20220802231000","229","0","臺中市","烏日區","120.645","24.095","67"
"477","264725","20220802231000","415","1","臺中市","烏日區","120.655","24.095","530"
"173","264726","20220802231000","113","3","臺中市","大里區","120.660","24.095","172"
"899","264728","20220802231000","763","1","花蓮縣","花蓮市","121.625","24.010","1091"
"351","264732","20220802231000","301","1","花蓮縣","花蓮市","121.630","24.015","354"
"311","264737","20220802231000","225","2","花蓮縣","花蓮市","121.635","24.025","425"
"71","265344","20220802231000","50","2","南投縣","國姓鄉","120.830","24.030","74"
"21","265374","20220802231000","18","1","南投縣","國姓鄉","120.800","24.045","13"
"40","265406","20220802231000","35","1","南投縣","國姓鄉","120.825","24.070","38"
"18","265430","20220802231000","18","1","南投縣","國姓鄉","120.880","24.050","16"
"124","265436","20220802231000","132","0","南投縣","國姓鄉","120.910","24.050","121"
"175","265440","20220802231000","122","2","南投縣","國姓鄉","120.930","24.050","141"
"427","265442","20220802231000","311","2","南投縣","國姓鄉","120.880","24.055","529"
"233","265449","20220802231000","223","1","南投縣","國姓鄉","120.915","24.055","225"
"10","265465","20220802231000","13","0","南投縣","國姓鄉","120.930","24.060","10"
"118","265467","20220802231000","97","2","南投縣","國姓鄉","120.940","24.060","123"
"26","265498","20220802231000","25","1","南投縣","國姓鄉","120.930","24.075","28"
"82","265569","20220802231000","441","0","南投縣","國姓鄉","120.850","24.040","115"
"23","265593","20220802231000","153","0","南投縣","埔里鎮","120.910","24.025","33"
"22","265615","20220802231000","270","0","南投縣","埔里鎮","120.920","24.040","26"
"370","265622","20220802231000","270","2","南投縣","國姓鄉","120.930","24.045","365"
"24","265627","20220802231000","22","1","南投縣","埔里鎮","120.950","24.010","27"
"83","265628","20220802231000","288","0","南投縣","埔里鎮","120.945","24.015","112"
"276","265633","20220802231000","213","2","南投縣","埔里鎮","120.950","24.020","272"
"90","265651","20220802231000","85","1","南投縣","埔里鎮","120.950","24.035","94"
"58","265706","20220802231000","138","0","花蓮縣","花蓮市","121.590","24.010","73"
"1241","265708","20220802231000","1407","0","花蓮縣","新城鄉","121.610","24.015","1279"
"205","265711","20220802231000","197","1","花蓮縣","新城鄉","121.605","24.020","224"
"743","265716","20220802231000","623","1","花蓮縣","新城鄉","121.605","24.025","753"
"70","265719","20220802231000","82","0","花蓮縣","新城鄉","121.620","24.025","111"
"131","265723","20220802231000","176","0","花蓮縣","新城鄉","121.615","24.030","196"
"63","265734","20220802231000","47","2","花蓮縣","新城鄉","121.625","24.035","90"
"565","265739","20220802231000","436","2","花蓮縣","新城鄉","121.605","24.040","538"
"470","265742","20220802231000","364","2","花蓮縣","新城鄉","121.610","24.045","484"
"70","265753","20220802231000","46","3","花蓮縣","新城鄉","121.615","24.060","52"
"269","265754","20220802231000","281","0","花蓮縣","新城鄉","121.610","24.065","254"
"993","265773","20220802231000","713","2","彰化縣","彰化市","120.570","24.085","1011"
"748","265774","20220802231000","803","0","彰化縣","彰化市","120.575","24.090","749"
"170","265780","20220802231000","179","0","彰化縣","彰化市","120.620","24.045","161"
"388","265784","20220802231000","355","1","彰化縣","彰化市","120.620","24.060","374"
"1202","265794","20220802231000","1605","0","彰化縣","彰化市","120.535","24.090","1110"
"752","265797","20220802231000","553","2","彰化縣","彰化市","120.545","24.075","718"
"980","265798","20220802231000","527","3","彰化縣","彰化市","120.555","24.070","1033"
"1964","265800","20220802231000","1272","3","彰化縣","彰化市","120.545","24.085","1940"
"522","265801","20220802231000","432","2","彰化縣","彰化市","120.555","24.090","491"
"857","265802","20220802231000","808","1","彰化縣","彰化市","120.555","24.080","832"
"56","265803","20220802231000","1103","0","彰化縣","彰化市","120.560","24.080","69"
"1089","265804","20220802231000","1117","0","彰化縣","彰化市","120.555","24.085","1146"
"45","265805","20220802231000","112","0","彰化縣","彰化市","120.560","24.085","75"
"1212","265806","20220802231000","781","3","彰化縣","彰化市","120.535","24.080","1166"
"3255","265807","20220802231000","1984","3","彰化縣","彰化市","120.540","24.085","3447"
"2070","265808","20220802231000","1306","3","彰化縣","彰化市","120.545","24.090","2303"
"499","265810","20220802231000","240","3","彰化縣","彰化市","120.550","24.075","563"
"3457","265812","20220802231000","1888","3","彰化縣","彰化市","120.530","24.080","3363"
"70","265817","20220802231000","291","0","彰化縣","鹿港鎮","120.480","24.090","141"
"1077","265820","20220802231000","631","3","彰化縣","彰化市","120.535","24.070","1178"
"1566","265821","20220802231000","1080","2","彰化縣","彰化市","120.530","24.065","1527"
"2573","265822","20220802231000","1732","2","彰化縣","彰化市","120.530","24.070","2582"
"943","265823","20220802231000","928","1","彰化縣","鹿港鎮","120.445","24.055","890"
"42","265824","20220802231000","418","0","彰化縣","鹿港鎮","120.445","24.060","47"
"51","265825","20220802231000","33","3","彰化縣","鹿港鎮","120.450","24.060","51"
"976","265826","20220802231000","688","2","彰化縣","鹿港鎮","120.445","24.065","1082"
"25","265839","20220802231000","18","2","彰化縣","彰化市","120.580","24.075","23"
"415","265841","20220802231000","1625","0","彰化縣","彰化市","120.535","24.075","507"
"728","265848","20220802231000","688","1","彰化縣","鹿港鎮","120.460","24.080","785"
"391","265863","20220802231000","374","1","彰化縣","鹿港鎮","120.435","24.050","345"
"1040","265864","20220802231000","1289","0","彰化縣","彰化市","120.550","24.085","1050"
"813","265898","20220802231000","555","2","南投縣","國姓鄉","120.860","24.060","403"
"219","265927","20220802231000","192","1","南投縣","國姓鄉","120.845","24.025","239"
"53","265948","20220802231000","365","0","南投縣","國姓鄉","120.860","24.040","93"
"515","265956","20220802231000","304","3","南投縣","國姓鄉","120.855","24.045","606"
"295","265973","20220802231000","299","0","南投縣","國姓鄉","120.820","24.020","292"
"2268","266081","20220802231000","2940","0","彰化縣","彰化市","120.535","24.065","2188"
"1396","266082","20220802231000","634","3","彰化縣","和美鎮","120.510","24.090","1338"
"339","266091","20220802231000","246","2","彰化縣","埔鹽鄉","120.455","24.015","366"
"1101","266093","20220802231000","720","3","彰化縣","彰化市","120.540","24.070","1133"
"77","266099","20220802231000","631","0","彰化縣","花壇鄉","120.545","24.015","76"
"380","266100","20220802231000","416","0","彰化縣","花壇鄉","120.545","24.020","352"
"137","266107","20220802231000","81","3","彰化縣","花壇鄉","120.545","24.030","126"
"14","266111","20220802231000","73","0","彰化縣","花壇鄉","120.550","24.035","23"
"396","266122","20220802231000","330","2","彰化縣","埔鹽鄉","120.445","24.020","465"
"582","266124","20220802231000","151","3","彰化縣","彰化市","120.520","24.055","521"
"430","266127","20220802231000","525","0","彰化縣","彰化市","120.565","24.090","445"
"1207","266128","20220802231000","758","3","彰化縣","彰化市","120.555","24.095","1127"
"335","266129","20220802231000","236","2","彰化縣","彰化市","120.560","24.095","360"
"1084","266131","20220802231000","1029","1","彰化縣","彰化市","120.595","24.070","1008"
"194","266132","20220802231000","180","1","彰化縣","彰化市","120.595","24.075","242"
"221","266134","20220802231000","143","3","彰化縣","彰化市","120.605","24.075","212"
"740","266136","20220802231000","620","1","彰化縣","彰化市","120.600","24.080","722"
"437","266138","20220802231000","271","3","彰化縣","彰化市","120.595","24.085","408"
"21","266148","20220802231000","22","0","彰化縣","花壇鄉","120.590","24.040","22"
"95","266153","20220802231000","93","1","彰化縣","彰化市","120.605","24.045","123"
"47","266154","20220802231000","33","2","彰化縣","彰化市","120.585","24.050","55"
"70","266155","20220802231000","63","1","彰化縣","彰化市","120.590","24.050","68"
"88","266157","20220802231000","61","2","彰化縣","彰化市","120.600","24.050","69"
"310","266166","20220802231000","245","2","彰化縣","彰化市","120.615","24.055","314"
"622","266168","20220802231000","659","0","彰化縣","彰化市","120.580","24.080","609"
"1052","266169","20220802231000","893","1","彰化縣","彰化市","120.575","24.085","1105"
"1198","266170","20220802231000","954","2","彰化縣","彰化市","120.580","24.085","1104"
"305","266171","20220802231000","252","2","彰化縣","彰化市","120.560","24.075","309"
"677","266172","20220802231000","684","0","彰化縣","彰化市","120.550","24.080","630"
"1618","266176","20220802231000","477","3","彰化縣","和美鎮","120.495","24.085","1653"
"91","266180","20220802231000","54","3","彰化縣","和美鎮","120.495","24.090","75"
"708","266182","20220802231000","2272","0","彰化縣","彰化市","120.535","24.085","783"
"626","266183","20220802231000","737","0","彰化縣","和美鎮","120.525","24.095","637"
"80","266185","20220802231000","108","0","彰化縣","和美鎮","120.535","24.095","88"
"88","266190","20220802231000","76","1","彰化縣","秀水鄉","120.505","24.065","111"
"1563","266191","20220802231000","447","3","彰化縣","彰化市","120.510","24.065","1562"
"1262","266192","20220802231000","959","2","彰化縣","彰化市","120.515","24.065","1204"
"803","266194","20220802231000","185","3","彰化縣","彰化市","120.510","24.070","939"
"301","266196","20220802231000","177","3","彰化縣","花壇鄉","120.570","24.055","352"
"10","266199","20220802231000","34","0","彰化縣","彰化市","120.560","24.060","10"
"19","266205","20220802231000","143","0","彰化縣","彰化市","120.570","24.065","27"
"1653","266210","20220802231000","841","3","彰化縣","彰化市","120.540","24.075","1544"
"2266","266211","20220802231000","1729","2","彰化縣","彰化市","120.540","24.080","2182"
"1941","266214","20220802231000","479","3","彰化縣","彰化市","120.525","24.080","1885"
"1270","266216","20220802231000","1056","2","彰化縣","彰化市","120.530","24.085","1240"
"1100","266222","20220802231000","1048","1","彰化縣","彰化市","120.600","24.090","962"
"243","266224","20220802231000","195","2","彰化縣","彰化市","120.585","24.090","229"
"170","266228","20220802231000","111","3","彰化縣","彰化市","120.580","24.095","162"
"25","266232","20220802231000","23","1","彰化縣","彰化市","120.600","24.095","30"
"514","266233","20220802231000","201","3","彰化縣","秀水鄉","120.500","24.075","603"
"52","266234","20220802231000","581","0","彰化縣","彰化市","120.505","24.075","61"
"966","266237","20220802231000","406","3","彰化縣","彰化市","120.520","24.075","1085"
"544","266238","20220802231000","146","3","彰化縣","彰化市","120.510","24.080","567"
"183","266239","20220802231000","310","0","彰化縣","和美鎮","120.515","24.080","577"
"69","266240","20220802231000","221","0","彰化縣","彰化市","120.520","24.080","84"
"657","266241","20220802231000","275","3","彰化縣","彰化市","120.515","24.085","650"
"269","266243","20220802231000","184","2","彰化縣","彰化市","120.525","24.085","285"
"324","266244","20220802231000","688","0","彰化縣","彰化市","120.545","24.095","318"
"73","266245","20220802231000","398","0","彰化縣","彰化市","120.545","24.080","133"
"336","266246","20220802231000","252","2","彰化縣","彰化市","120.565","24.085","303"
"1652","266247","20220802231000","1732","0","彰化縣","彰化市","120.560","24.090","1573"
"619","266248","20220802231000","601","1","彰化縣","彰化市","120.570","24.090","595"
"1047","266249","20220802231000","871","2","彰化縣","和美鎮","120.530","24.090","1136"
"147","266250","20220802231000","236","0","彰化縣","彰化市","120.555","24.065","149"
"2405","266251","20220802231000","3256","0","彰化縣","彰化市","120.545","24.070","2465"
"762","266252","20220802231000","283","3","彰化縣","彰化市","120.550","24.070","737"
"27","266255","20220802231000","20","2","彰化縣","彰化市","120.600","24.060","31"
"19","266262","20220802231000","240","0","彰化縣","彰化市","120.610","24.065","22"
"487","266263","20220802231000","500","0","彰化縣","彰化市","120.600","24.070","468"
"51","266264","20220802231000","44","1","彰化縣","彰化市","120.605","24.070","52"
"245","266265","20220802231000","200","2","彰化縣","彰化市","120.610","24.070","233"
"322","266266","20220802231000","1527","0","彰化縣","彰化市","120.540","24.090","382"
"565","266267","20220802231000","440","2","彰化縣","和美鎮","120.520","24.090","525"
"91","266274","20220802231000","552","0","彰化縣","和美鎮","120.505","24.085","191"
"55","266309","20220802231000","42","2","南投縣","仁愛鄉","120.970","24.045","51"
"279","266333","20220802231000","292","0","南投縣","仁愛鄉","120.970","24.060","298"
"157","266406","20220802231000","114","2","南投縣","仁愛鄉","121.095","24.010","167"
"111","266517","20220802231000","69","3","南投縣","仁愛鄉","121.210","24.075","139"
"46","266589","20220802231000","56","0","南投縣","仁愛鄉","121.210","24.090","47"
"27","266666","20220802231000","200","0","南投縣","仁愛鄉","121.130","24.020","27"
"379","266696","20220802231000","306","2","南投縣","仁愛鄉","121.150","24.040","450"
"21","266697","20220802231000","22","0","南投縣","仁愛鄉","121.155","24.040","37"
"376","266700","20220802231000","281","2","南投縣","仁愛鄉","121.125","24.045","473"
"137","266706","20220802231000","137","1","南投縣","仁愛鄉","121.155","24.045","248"
"51","266715","20220802231000","32","3","南投縣","仁愛鄉","121.155","24.050","38"
"38","266733","20220802231000","36","1","南投縣","仁愛鄉","121.160","24.055","43"
"415","266768","20220802231000","351","1","南投縣","仁愛鄉","121.165","24.070","520"
"31","266805","20220802231000","30","1","南投縣","仁愛鄉","121.175","24.090","58"
"40","267165","20220802231000","21","3","南投縣","仁愛鄉","121.025","24.090","72"
"31","267167","20220802231000","15","3","南投縣","仁愛鄉","121.035","24.090","27"
"260","267268","20220802231000","271","0","南投縣","仁愛鄉","121.175","24.010","348"
"42","267286","20220802231000","298","0","南投縣","仁愛鄉","121.140","24.025","54"
"56","267290","20220802231000","55","1","南投縣","仁愛鄉","121.160","24.025","74"
"809","267410","20220802231000","599","2","南投縣","仁愛鄉","121.180","24.035","1003"
"103","267555","20220802231000","75","2","南投縣","仁愛鄉","121.190","24.060","99"
"344","267605","20220802231000","227","3","南投縣","仁愛鄉","121.210","24.070","375"
"148","267630","20220802231000","94","3","彰化縣","花壇鄉","120.530","24.050","185"
"539","267631","20220802231000","402","2","彰化縣","彰化市","120.530","24.055","613"
"1966","267632","20220802231000","1637","2","彰化縣","彰化市","120.530","24.060","1989"
"149","267633","20220802231000","1856","0","彰化縣","彰化市","120.535","24.060","182"
"1649","267634","20220802231000","2136","0","彰化縣","彰化市","120.550","24.090","1645"
"768","267636","20220802231000","669","1","彰化縣","彰化市","120.550","24.095","812"
"56","267637","20220802231000","76","0","彰化縣","彰化市","120.590","24.065","59"
"602","267640","20220802231000","336","3","彰化縣","彰化市","120.585","24.080","637"
"879","267641","20220802231000","690","2","彰化縣","彰化市","120.590","24.080","1003"
"620","267646","20220802231000","388","3","彰化縣","彰化市","120.520","24.065","632"
"1629","267649","20220802231000","1390","1","彰化縣","彰化市","120.525","24.070","1559"
"92","267650","20220802231000","93","0","彰化縣","彰化市","120.525","24.075","113"
"601","267652","20220802231000","468","2","彰化縣","彰化市","120.555","24.050","655"
"966","267654","20220802231000","631","3","彰化縣","彰化市","120.535","24.055","1108"
"384","267655","20220802231000","218","3","彰化縣","彰化市","120.540","24.055","402"
"375","267656","20220802231000","258","2","彰化縣","彰化市","120.545","24.055","379"
"359","267661","20220802231000","406","0","彰化縣","彰化市","120.540","24.060","367"
"340","267662","20220802231000","427","0","彰化縣","彰化市","120.545","24.060","394"
"136","267664","20220802231000","86","3","彰化縣","彰化市","120.555","24.060","119"
"3749","267665","20220802231000","2943","2","彰化縣","彰化市","120.540","24.065","3617"
"1052","267666","20220802231000","908","1","彰化縣","彰化市","120.545","24.065","1140"
"337","267667","20220802231000","405","0","彰化縣","彰化市","120.550","24.065","370"
"3256","267669","20220802231000","945","3","彰化縣","彰化市","120.515","24.055","2229"
"3585","267670","20220802231000","1564","3","彰化縣","彰化市","120.515","24.060","3473"
"29","267676","20220802231000","270","0","彰化縣","福興鄉","120.470","24.030","36"
"146","267682","20220802231000","97","3","彰化縣","福興鄉","120.470","24.035","152"
"628","267689","20220802231000","479","2","彰化縣","福興鄉","120.480","24.040","653"
"380","267697","20220802231000","207","3","彰化縣","福興鄉","120.455","24.035","367"
"466","267705","20220802231000","543","0","彰化縣","福興鄉","120.465","24.045","435"
"15","267711","20220802231000","263","0","彰化縣","福興鄉","120.460","24.020","20"
"327","267717","20220802231000","183","3","彰化縣","秀水鄉","120.510","24.015","359"
"30","267718","20220802231000","28","1","彰化縣","秀水鄉","120.500","24.020","30"
"62","267726","20220802231000","108","0","彰化縣","鹿港鎮","120.480","24.085","46"
"1245","267729","20220802231000","802","3","彰化縣","鹿港鎮","120.485","24.090","1278"
"2096","267732","20220802231000","1485","2","彰化縣","鹿港鎮","120.435","24.055","2093"
"1188","267736","20220802231000","571","3","彰化縣","鹿港鎮","120.465","24.090","1250"
"35","267739","20220802231000","336","0","彰化縣","鹿港鎮","120.470","24.095","99"
"1032","267795","20220802231000","703","2","彰化縣","福興鄉","120.490","24.015","1085"
"362","267808","20220802231000","290","2","彰化縣","福興鄉","120.440","24.030","349"
"478","267810","20220802231000","398","2","彰化縣","福興鄉","120.435","24.035","500"
"387","267824","20220802231000","395","0","彰化縣","福興鄉","120.390","24.015","381"
"782","267834","20220802231000","787","0","彰化縣","福興鄉","120.410","24.020","796"
"1165","267844","20220802231000","826","2","彰化縣","秀水鄉","120.495","24.025","1192"
"704","267873","20220802231000","537","2","彰化縣","福興鄉","120.400","24.045","745"
"922","267898","20220802231000","489","3","彰化縣","福興鄉","120.430","24.040","908"
"18","267899","20220802231000","107","0","彰化縣","福興鄉","120.425","24.045","29"
"843","267900","20220802231000","681","2","彰化縣","福興鄉","120.430","24.045","915"
"63","267904","20220802231000","342","0","彰化縣","福興鄉","120.430","24.050","57"
"244","267908","20220802231000","134","3","彰化縣","福興鄉","120.430","24.020","260"
"36","267913","20220802231000","21","3","彰化縣","福興鄉","120.425","24.030","28"
"76","267926","20220802231000","54","2","彰化縣","福興鄉","120.405","24.030","64"
"281","267928","20220802231000","210","2","彰化縣","福興鄉","120.415","24.030","280"
"107","267935","20220802231000","65","3","彰化縣","秀水鄉","120.500","24.060","122"
"295","267946","20220802231000","223","2","彰化縣","秀水鄉","120.490","24.050","282"
"79","267947","20220802231000","36","3","彰化縣","秀水鄉","120.495","24.050","95"
"133","267949","20220802231000","402","0","彰化縣","秀水鄉","120.500","24.050","99"
"39","267955","20220802231000","247","0","彰化縣","秀水鄉","120.495","24.060","27"
"122","267957","20220802231000","865","0","彰化縣","秀水鄉","120.500","24.030","126"
"526","267959","20220802231000","1136","0","彰化縣","秀水鄉","120.495","24.035","475"
"136","267960","20220802231000","463","0","彰化縣","秀水鄉","120.500","24.035","119"
"169","267964","20220802231000","90","3","彰化縣","秀水鄉","120.520","24.025","201"
"104","267966","20220802231000","621","0","彰化縣","秀水鄉","120.520","24.030","114"
"883","267972","20220802231000","572","3","彰化縣","鹿港鎮","120.435","24.065","907"
"604","267973","20220802231000","617","0","彰化縣","鹿港鎮","120.440","24.065","568"
"498","267975","20220802231000","455","1","彰化縣","鹿港鎮","120.435","24.070","494"
"40","267978","20220802231000","318","0","彰化縣","鹿港鎮","120.425","24.075","34"
"848","267984","20220802231000","789","1","彰化縣","鹿港鎮","120.410","24.080","868"
"152","267987","20220802231000","107","2","彰化縣","鹿港鎮","120.425","24.080","168"
"17","267991","20220802231000","325","0","彰化縣","鹿港鎮","120.445","24.080","19"
"301","267999","20220802231000","205","2","彰化縣","鹿港鎮","120.415","24.080","309"
"432","268001","20220802231000","315","2","彰化縣","鹿港鎮","120.425","24.085","495"
"944","268005","20220802231000","647","2","彰化縣","鹿港鎮","120.445","24.085","884"
"636","268020","20220802231000","509","2","彰化縣","鹿港鎮","120.475","24.065","615"
"13","268028","20220802231000","342","0","彰化縣","鹿港鎮","120.485","24.080","108"
"1039","268031","20220802231000","518","3","彰化縣","鹿港鎮","120.485","24.085","1116"
"1090","268032","20220802231000","925","1","彰化縣","鹿港鎮","120.430","24.060","958"
"540","268034","20220802231000","802","0","彰化縣","彰化市","120.525","24.060","611"
"1062","268035","20220802231000","1170","0","彰化縣","彰化市","120.525","24.065","1048"
"129","268044","20220802231000","493","0","彰化縣","鹿港鎮","120.450","24.095","215"
"58","268053","20220802231000","44","2","彰化縣","鹿港鎮","120.470","24.075","64"
"456","268057","20220802231000","1057","0","彰化縣","鹿港鎮","120.475","24.080","416"
"173","268061","20220802231000","235","0","彰化縣","鹿港鎮","120.430","24.055","225"
"57","268068","20220802231000","175","0","彰化縣","芬園鄉","120.625","24.025","33"
"30","268073","20220802231000","29","1","彰化縣","芬園鄉","120.615","24.015","29"
"68","268074","20220802231000","73","0","彰化縣","芬園鄉","120.620","24.015","70"
"65","268077","20220802231000","475","0","彰化縣","福興鄉","120.480","24.045","63"
"1356","268085","20220802231000","1197","1","彰化縣","鹿港鎮","120.470","24.055","1491"
"236","268089","20220802231000","234","1","彰化縣","鹿港鎮","120.460","24.060","244"
"154","268108","20220802231000","134","1","彰化縣","鹿港鎮","120.385","24.060","144"
"160","268109","20220802231000","136","1","彰化縣","鹿港鎮","120.390","24.060","163"
"246","268110","20220802231000","232","1","彰化縣","鹿港鎮","120.395","24.060","232"
"14","268126","20220802231000","15","0","彰化縣","鹿港鎮","120.390","24.065","14"
"292","268128","20220802231000","164","3","彰化縣","鹿港鎮","120.400","24.065","326"
"93","268129","20220802231000","74","2","彰化縣","鹿港鎮","120.405","24.065","92"
"504","268130","20220802231000","304","3","彰化縣","鹿港鎮","120.410","24.065","435"
"703","268134","20220802231000","479","2","彰化縣","鹿港鎮","120.430","24.065","721"
"64","268144","20220802231000","63","1","彰化縣","鹿港鎮","120.395","24.070","76"
"184","268157","20220802231000","143","2","彰化縣","鹿港鎮","120.390","24.075","183"
"39","268158","20220802231000","92","0","彰化縣","鹿港鎮","120.395","24.075","44"
"97","268161","20220802231000","78","2","彰化縣","鹿港鎮","120.410","24.075","97"
"64","268162","20220802231000","105","0","彰化縣","鹿港鎮","120.415","24.075","68"
"597","268170","20220802231000","445","2","彰化縣","鹿港鎮","120.395","24.080","568"
"1949","268172","20220802231000","1828","1","彰化縣","鹿港鎮","120.440","24.055","2132"
"225","268173","20220802231000","1152","0","彰化縣","鹿港鎮","120.440","24.060","193"
"2099","268175","20220802231000","1941","1","彰化縣","福興鄉","120.440","24.045","2279"
"23","268176","20220802231000","125","0","彰化縣","花壇鄉","120.550","24.040","25"
"44","268203","20220802231000","23","3","彰化縣","芬園鄉","120.595","24.035","42"
"256","268205","20220802231000","236","1","彰化縣","芬園鄉","120.605","24.035","290"
"490","268224","20220802231000","406","2","彰化縣","芬園鄉","120.650","24.020","498"
"667","268226","20220802231000","253","3","彰化縣","芬園鄉","120.635","24.025","673"
"386","268233","20220802231000","362","1","彰化縣","福興鄉","120.440","24.035","328"
"647","268245","20220802231000","389","3","彰化縣","秀水鄉","120.490","24.070","608"
"380","268249","20220802231000","270","2","彰化縣","秀水鄉","120.505","24.030","421"
"291","268253","20220802231000","724","0","彰化縣","秀水鄉","120.505","24.040","258"
"117","268258","20220802231000","351","0","彰化縣","秀水鄉","120.515","24.020","90"
"36","268261","20220802231000","503","0","彰化縣","福興鄉","120.450","24.030","32"
"595","268262","20220802231000","406","2","彰化縣","福興鄉","120.455","24.030","573"
"939","268271","20220802231000","812","1","彰化縣","福興鄉","120.420","24.035","1000"
"64","268274","20220802231000","379","0","彰化縣","福興鄉","120.425","24.035","76"
"487","268277","20220802231000","410","1","彰化縣","芬園鄉","120.660","24.015","559"
"219","268289","20220802231000","694","0","彰化縣","芬園鄉","120.625","24.020","171"
"117","268296","20220802231000","547","0","彰化縣","福興鄉","120.470","24.020","98"
"997","268297","20220802231000","350","3","彰化縣","秀水鄉","120.505","24.035","1063"
"52","268301","20220802231000","345","0","彰化縣","秀水鄉","120.495","24.040","46"
"52","268303","20220802231000","362","0","彰化縣","秀水鄉","120.500","24.040","46"
"948","268308","20220802231000","271","3","彰化縣","秀水鄉","120.510","24.045","650"
"797","268316","20220802231000","594","2","彰化縣","花壇鄉","120.530","24.020","905"
"410","268321","20220802231000","466","0","彰化縣","花壇鄉","120.530","24.040","457"
"70","268322","20220802231000","170","0","彰化縣","花壇鄉","120.520","24.045","96"
"46","268324","20220802231000","612","0","彰化縣","花壇鄉","120.530","24.045","55"
"276","268327","20220802231000","259","1","彰化縣","花壇鄉","120.535","24.030","257"
"629","268328","20220802231000","617","1","彰化縣","花壇鄉","120.535","24.035","576"
"96","268329","20220802231000","299","0","彰化縣","花壇鄉","120.535","24.040","94"
"117","268331","20220802231000","695","0","彰化縣","花壇鄉","120.545","24.040","123"
"628","268333","20220802231000","413","3","彰化縣","花壇鄉","120.540","24.040","731"
"332","268335","20220802231000","337","0","彰化縣","花壇鄉","120.555","24.020","318"
"1079","268336","20220802231000","824","2","彰化縣","花壇鄉","120.540","24.025","1255"
"435","268338","20220802231000","368","1","彰化縣","花壇鄉","120.550","24.025","425"
"237","268339","20220802231000","185","2","彰化縣","花壇鄉","120.555","24.025","253"
"191","268347","20220802231000","140","2","彰化縣","花壇鄉","120.565","24.020","256"
"26","268352","20220802231000","14","3","彰化縣","花壇鄉","120.575","24.030","49"
"82","268356","20220802231000","89","0","彰化縣","花壇鄉","120.575","24.035","75"
"119","268370","20220802231000","156","0","彰化縣","花壇鄉","120.560","24.015","98"
"67","268371","20220802231000","69","0","彰化縣","花壇鄉","120.570","24.020","64"
"45","268375","20220802231000","22","3","彰化縣","花壇鄉","120.595","24.020","46"
"298","268381","20220802231000","889","0","彰化縣","花壇鄉","120.545","24.045","318"
"96","268391","20220802231000","26","3","彰化縣","花壇鄉","120.540","24.020","86"
"1679","268393","20220802231000","1513","1","彰化縣","花壇鄉","120.535","24.025","1630"
"45","268399","20220802231000","247","0","彰化縣","福興鄉","120.480","24.020","30"
"25","269403","20220802231000","10","3","彰化縣","鹿港鎮","120.395","24.105","17"
"953","274405","20220802231000","1258","0","臺中市","太平區","120.720","24.135","1022"
"2152","274408","20220802231000","1858","1","臺中市","太平區","120.720","24.115","2150"
"133","274410","20220802231000","96","2","臺中市","太平區","120.755","24.120","134"
"12","274433","20220802231000","44","0","臺中市","太平區","120.760","24.130","16"
"165","274476","20220802231000","169","0","臺中市","太平區","120.810","24.140","208"
"3925","274515","20220802231000","2410","3","臺中市","南屯區","120.645","24.135","3926"
"2745","274516","20220802231000","3434","0","臺中市","南屯區","120.650","24.140","2698"
"2559","274517","20220802231000","2195","1","臺中市","南屯區","120.650","24.150","2406"
"1255","274518","20220802231000","1105","1","臺中市","西屯區","120.650","24.155","1375"
"50","274519","20220802231000","458","0","臺中市","南屯區","120.650","24.135","69"
"1931","274520","20220802231000","1422","2","臺中市","南屯區","120.650","24.130","1849"
"888","274521","20220802231000","582","3","臺中市","南屯區","120.610","24.150","1009"
"2402","274522","20220802231000","2069","1","臺中市","南屯區","120.615","24.150","2671"
"15","274523","20220802231000","10","3","臺中市","南屯區","120.620","24.150","14"
"535","274524","20220802231000","439","2","臺中市","南屯區","120.605","24.155","530"
"295","274525","20220802231000","244","2","臺中市","南屯區","120.610","24.155","294"
"80","274530","20220802231000","70","1","臺中市","南屯區","120.600","24.160","85"
"310","274531","20220802231000","353","0","臺中市","南屯區","120.605","24.160","315"
"125","274534","20220802231000","69","3","臺中市","南屯區","120.590","24.165","121"
"1653","274535","20220802231000","1680","0","臺中市","北區","120.690","24.155","1604"
"1955","274536","20220802231000","2280","0","臺中市","北屯區","120.695","24.165","1879"
"2212","274537","20220802231000","1791","2","臺中市","北屯區","120.700","24.160","2319"
"2246","274538","20220802231000","1881","1","臺中市","北區","120.690","24.160","2159"
"1592","274539","20220802231000","1944","0","臺中市","北區","120.680","24.150","1622"
"2694","274540","20220802231000","1593","3","臺中市","北區","120.685","24.150","2878"
"1975","274541","20220802231000","1954","1","臺中市","南區","120.660","24.125","2189"
"2363","274543","20220802231000","2238","1","臺中市","南區","120.675","24.125","2280"
"108","274544","20220802231000","84","2","臺中市","北屯區","120.665","24.185","116"
"920","274545","20220802231000","695","2","臺中市","北屯區","120.725","24.170","810"
"771","274546","20220802231000","1717","0","臺中市","北屯區","120.720","24.175","769"
"1955","274547","20220802231000","1656","1","臺中市","北屯區","120.725","24.175","2066"
"2570","274549","20220802231000","2093","2","臺中市","北屯區","120.725","24.180","2739"
"399","274551","20220802231000","380","1","臺中市","北屯區","120.735","24.180","397"
"1793","274554","20220802231000","1600","1","臺中市","西區","120.675","24.140","2088"
"1508","274556","20220802231000","1500","1","臺中市","大里區","120.675","24.105","1416"
"969","274558","20220802231000","914","1","臺中市","大里區","120.675","24.115","1071"
"1913","274559","20220802231000","1714","1","臺中市","西屯區","120.615","24.175","1956"
"901","274560","20220802231000","642","2","臺中市","西屯區","120.630","24.175","816"
"2732","274561","20220802231000","2735","0","臺中市","西屯區","120.615","24.180","2625"
"1354","274562","20220802231000","1437","0","臺中市","西屯區","120.625","24.180","1329"
"867","274564","20220802231000","848","1","臺中市","西屯區","120.630","24.180","838"
"2983","274566","20220802231000","3046","0","臺中市","西屯區","120.640","24.175","2811"
"2144","274567","20220802231000","1811","1","臺中市","西屯區","120.635","24.175","2254"
"1852","274568","20220802231000","993","3","臺中市","西屯區","120.635","24.180","2205"
"184","274569","20220802231000","1152","0","臺中市","西屯區","120.630","24.185","182"
"189","274571","20220802231000","992","0","臺中市","北屯區","120.715","24.175","258"
"1533","274572","20220802231000","1225","2","臺中市","北屯區","120.715","24.180","1655"
"263","274575","20220802231000","598","0","臺中市","北屯區","120.715","24.185","306"
"56","274577","20220802231000","52","1","臺中市","北屯區","120.730","24.185","59"
"519","274578","20220802231000","361","2","臺中市","北屯區","120.720","24.185","601"
"1762","274581","20220802231000","2601","0","臺中市","北區","120.665","24.165","1717"
"2864","274582","20220802231000","2355","2","臺中市","北區","120.670","24.165","2888"
"548","274583","20220802231000","434","2","臺中市","南區","120.670","24.125","502"
"1520","274585","20220802231000","1753","0","臺中市","西屯區","120.610","24.185","1464"
"487","274586","20220802231000","519","0","臺中市","西屯區","120.600","24.180","449"
"1543","274587","20220802231000","1539","1","臺中市","西屯區","120.605","24.180","1494"
"436","274591","20220802231000","2159","0","臺中市","龍井區","120.530","24.180","519"
"739","274593","20220802231000","1354","0","臺中市","烏日區","120.635","24.100","754"
"1299","274595","20220802231000","1786","0","臺中市","烏日區","120.635","24.105","1296"
"1161","274596","20220802231000","1192","0","臺中市","烏日區","120.640","24.105","1157"
"96","274603","20220802231000","610","0","臺中市","大肚區","120.530","24.160","104"
"2014","274608","20220802231000","1486","2","臺中市","西區","120.670","24.135","1993"
"1001","274609","20220802231000","1972","0","臺中市","西區","120.655","24.150","1151"
"3555","274610","20220802231000","3335","1","臺中市","西區","120.655","24.135","3414"
"2554","274611","20220802231000","2978","0","臺中市","西區","120.655","24.145","2523"
"1930","274612","20220802231000","2128","0","臺中市","西區","120.670","24.130","1867"
"215","274615","20220802231000","320","0","臺中市","太平區","120.735","24.135","213"
"35","274616","20220802231000","21","3","臺中市","太平區","120.740","24.140","98"
"2448","274620","20220802231000","1921","2","臺中市","北區","120.685","24.160","2444"
"2488","274621","20220802231000","1760","2","臺中市","北區","120.675","24.150","2341"
"1530","274623","20220802231000","877","3","臺中市","北區","120.690","24.150","1381"
"1250","274624","20220802231000","1280","0","臺中市","南區","120.680","24.120","1193"
"2394","274625","20220802231000","1982","2","臺中市","大里區","120.685","24.120","2555"
"1594","274626","20220802231000","991","3","臺中市","南區","120.660","24.120","1691"
"894","274627","20220802231000","978","0","臺中市","南區","120.675","24.120","945"
"1130","274628","20220802231000","1632","0","臺中市","東區","120.695","24.130","1046"
"1540","274629","20220802231000","2383","0","臺中市","西屯區","120.620","24.185","1543"
"1267","274630","20220802231000","882","2","臺中市","西屯區","120.615","24.185","1120"
"888","274631","20220802231000","1401","0","臺中市","西屯區","120.620","24.190","1005"
"3972","274632","20220802231000","3716","1","臺中市","西屯區","120.605","24.185","4028"
"682","274634","20220802231000","870","0","臺中市","西屯區","120.600","24.185","805"
"1015","274636","20220802231000","559","3","臺中市","東區","120.705","24.130","1093"
"880","274637","20220802231000","845","1","臺中市","東區","120.705","24.135","966"
"3113","274639","20220802231000","2109","2","臺中市","東區","120.695","24.145","3104"
"152","274640","20220802231000","140","1","臺中市","東區","120.700","24.145","246"
"1931","274641","20220802231000","1455","2","臺中市","東區","120.695","24.125","2033"
"2841","274642","20220802231000","2120","2","臺中市","大里區","120.680","24.110","2524"
"217","274644","20220802231000","217","1","臺中市","大里區","120.665","24.100","209"
"76","274646","20220802231000","675","0","臺中市","大里區","120.665","24.105","115"
"256","274647","20220802231000","177","2","臺中市","大里區","120.670","24.105","247"
"90","274648","20220802231000","714","0","臺中市","大里區","120.665","24.110","99"
"1363","274649","20220802231000","901","3","臺中市","大里區","120.670","24.110","1316"
"850","274650","20220802231000","718","1","臺中市","大里區","120.700","24.105","915"
"12","274669","20220802231000","101","0","臺中市","太平區","120.780","24.105","12"
"227","274683","20220802231000","236","0","臺中市","太平區","120.765","24.110","229"
"76","274707","20220802231000","71","1","臺中市","太平區","120.795","24.115","84"
"581","274737","20220802231000","547","1","臺中市","太平區","120.720","24.140","569"
"1050","274738","20220802231000","772","2","臺中市","太平區","120.725","24.135","1014"
"1330","274739","20220802231000","886","3","臺中市","大里區","120.695","24.120","1235"
"218","274741","20220802231000","162","2","臺中市","東區","120.700","24.130","175"
"236","274742","20220802231000","190","2","臺中市","東區","120.700","24.135","271"
"1958","274744","20220802231000","2159","0","臺中市","大里區","120.685","24.105","1957"
"13","274758","20220802231000","13","1","臺中市","新社區","120.825","24.145","12"
"132","274781","20220802231000","78","3","臺中市","新社區","120.825","24.165","136"
"75","274785","20220802231000","66","1","臺中市","新社區","120.835","24.170","80"
"1095","274786","20220802231000","738","2","臺中市","西屯區","120.610","24.180","1108"
"65","274787","20220802231000","514","0","臺中市","南區","120.680","24.125","136"
"1416","274788","20220802231000","838","3","臺中市","東區","120.685","24.135","1581"
"4345","274789","20220802231000","2329","3","臺中市","北區","120.685","24.145","4954"
"4295","274790","20220802231000","3869","1","臺中市","北屯區","120.670","24.175","4136"
"670","274792","20220802231000","605","1","臺中市","東區","120.695","24.135","688"
"76","274805","20220802231000","61","2","臺中市","新社區","120.825","24.155","70"
"330","274823","20220802231000","209","3","臺中市","新社區","120.800","24.180","366"
"231","274835","20220802231000","1602","0","臺中市","大肚區","120.540","24.150","310"
"251","274842","20220802231000","274","0","臺中市","大肚區","120.540","24.170","218"
"45","274852","20220802231000","40","1","臺中市","大肚區","120.525","24.175","48"
"112","274869","20220802231000","456","0","臺中市","大肚區","120.545","24.135","162"
"23","274873","20220802231000","239","0","臺中市","大肚區","120.550","24.140","29"
"191","274874","20220802231000","167","1","臺中市","大肚區","120.555","24.140","173"
"2303","274883","20220802231000","2200","1","臺中市","北區","120.670","24.155","2214"
"882","274884","20220802231000","635","2","臺中市","西屯區","120.655","24.175","1062"
"204","274885","20220802231000","694","0","臺中市","西屯區","120.660","24.175","210"
"1424","274889","20220802231000","1010","2","臺中市","大肚區","120.580","24.110","1700"
"40","274891","20220802231000","374","0","臺中市","大肚區","120.570","24.115","48"
"150","274895","20220802231000","176","0","臺中市","大肚區","120.545","24.145","162"
"309","274897","20220802231000","1682","0","臺中市","大肚區","120.550","24.150","344"
"1295","274905","20220802231000","1024","2","臺中市","南區","120.650","24.115","1213"
"149","274907","20220802231000","449","0","臺中市","南區","120.650","24.120","190"
"1538","274908","20220802231000","1442","1","臺中市","南區","120.655","24.120","1804"
"1167","274910","20220802231000","1101","1","臺中市","南區","120.645","24.110","1179"
"1889","274911","20220802231000","1875","1","臺中市","南區","120.650","24.110","2187"
"1450","274912","20220802231000","1490","0","臺中市","南區","120.655","24.110","1389"
"926","274913","20220802231000","1317","0","臺中市","南區","120.670","24.115","854"
"609","274917","20220802231000","343","3","臺中市","龍井區","120.575","24.180","656"
"1651","274918","20220802231000","1215","2","臺中市","龍井區","120.580","24.180","1627"
"231","274921","20220802231000","211","1","臺中市","龍井區","120.580","24.185","206"
"216","274926","20220802231000","207","1","臺中市","新社區","120.815","24.180","218"
"11","274937","20220802231000","20","0","臺中市","新社區","120.880","24.105","15"
"86","274950","20220802231000","53","3","南投縣","國姓鄉","120.855","24.120","124"
"28","274969","20220802231000","24","1","臺中市","新社區","120.840","24.130","26"
"59","274972","20220802231000","45","2","臺中市","新社區","120.855","24.130","51"
"14","274976","20220802231000","17","0","臺中市","新社區","120.875","24.130","18"
"50","274982","20220802231000","39","2","臺中市","新社區","120.855","24.135","42"
"96","274997","20220802231000","42","3","臺中市","和平區","120.885","24.140","69"
"18","275017","20220802231000","103","0","臺中市","新社區","120.865","24.155","22"
"16","275019","20220802231000","59","0","臺中市","新社區","120.875","24.155","18"
"305","275027","20220802231000","125","3","臺中市","新社區","120.885","24.160","318"
"14","275030","20220802231000","121","0","臺中市","新社區","120.885","24.165","11"
"1411","275034","20220802231000","1873","0","臺中市","北區","120.675","24.165","1251"
"5056","275035","20220802231000","3672","2","臺中市","北區","120.680","24.165","5125"
"1744","275036","20220802231000","2214","0","臺中市","北區","120.675","24.170","1695"
"1100","275037","20220802231000","1150","0","臺中市","南區","120.655","24.115","1150"
"1767","275038","20220802231000","2873","0","臺中市","南區","120.660","24.115","1779"
"2859","275039","20220802231000","2389","1","臺中市","南區","120.665","24.120","2759"
"2350","275040","20220802231000","1904","2","臺中市","南區","120.670","24.120","2247"
"301","275041","20220802231000","915","0","臺中市","太平區","120.715","24.115","344"
"1320","275042","20220802231000","1301","1","臺中市","太平區","120.720","24.120","1285"
"4528","275043","20220802231000","4315","1","臺中市","西屯區","120.645","24.175","4505"
"3062","275044","20220802231000","3851","0","臺中市","西屯區","120.650","24.175","3454"
"384","275045","20220802231000","392","0","臺中市","西屯區","120.640","24.185","386"
"220","275048","20220802231000","122","3","臺中市","西屯區","120.625","24.155","267"
"511","275049","20220802231000","472","1","臺中市","西屯區","120.625","24.160","478"
"1714","275052","20220802231000","2036","0","臺中市","龍井區","120.585","24.180","2245"
"2316","275053","20220802231000","2957","0","臺中市","西屯區","120.590","24.185","2448"
"512","275054","20220802231000","626","0","臺中市","龍井區","120.585","24.185","480"
"2056","275055","20220802231000","2329","0","臺中市","龍井區","120.590","24.180","2105"
"609","275056","20220802231000","460","2","臺中市","西屯區","120.595","24.190","556"
"660","275061","20220802231000","912","0","臺中市","東區","120.710","24.145","616"
"1559","275062","20220802231000","1422","1","臺中市","東區","120.710","24.140","1786"
"371","275064","20220802231000","283","2","臺中市","大里區","120.695","24.100","488"
"427","275065","20220802231000","552","0","臺中市","大里區","120.700","24.100","394"
"1600","275066","20220802231000","1481","1","臺中市","大里區","120.685","24.110","1505"
"752","275067","20220802231000","447","3","臺中市","大里區","120.690","24.110","675"
"657","275069","20220802231000","545","2","臺中市","太平區","120.730","24.100","682"
"474","275075","20220802231000","596","0","臺中市","太平區","120.730","24.105","452"
"789","275076","20220802231000","471","3","臺中市","太平區","120.735","24.120","786"
"17","275081","20220802231000","14","2","臺中市","太平區","120.745","24.125","29"
"430","275082","20220802231000","295","2","臺中市","太平區","120.740","24.130","513"
"1669","275083","20220802231000","1405","1","臺中市","北區","120.680","24.155","1718"
"361","275084","20220802231000","323","1","臺中市","太平區","120.750","24.125","523"
"87","275090","20220802231000","35","3","臺中市","太平區","120.755","24.135","87"
"715","275099","20220802231000","524","2","臺中市","太平區","120.735","24.110","660"
"1073","275110","20220802231000","981","1","臺中市","西區","120.665","24.130","982"
"1973","275111","20220802231000","1867","1","臺中市","東區","120.690","24.125","2317"
"169","275112","20220802231000","128","2","臺中市","東區","120.685","24.125","208"
"892","275114","20220802231000","716","2","臺中市","西區","120.665","24.135","733"
"1921","275115","20220802231000","1934","0","臺中市","西區","120.670","24.140","2312"
"1579","275116","20220802231000","987","3","臺中市","南區","120.655","24.130","1451"
"1397","275118","20220802231000","1720","0","臺中市","北區","120.695","24.155","1340"
"2282","275119","20220802231000","2029","1","臺中市","北區","120.695","24.160","2226"
"5848","275120","20220802231000","3967","2","臺中市","西區","120.660","24.135","5531"
"869","275121","20220802231000","951","0","臺中市","東區","120.685","24.130","857"
"2290","275122","20220802231000","1519","3","臺中市","南區","120.675","24.130","2344"
"2112","275123","20220802231000","2111","1","臺中市","南屯區","120.635","24.145","2189"
"3887","275124","20220802231000","2647","2","臺中市","南屯區","120.640","24.145","3955"
"2518","275125","20220802231000","2148","1","臺中市","西區","120.670","24.145","2395"
"2875","275126","20220802231000","3033","0","臺中市","北區","120.665","24.160","3475"
"1069","275128","20220802231000","1761","0","臺中市","北區","120.675","24.160","1044"
"1520","275129","20220802231000","1793","0","臺中市","北區","120.675","24.145","1738"
"2062","275130","20220802231000","1883","1","臺中市","北屯區","120.700","24.185","1841"
"735","275133","20220802231000","268","3","臺中市","北屯區","120.660","24.185","701"
"2150","275134","20220802231000","1578","2","臺中市","北屯區","120.660","24.180","2125"
"356","275137","20220802231000","291","2","臺中市","龍井區","120.565","24.175","350"
"4180","275141","20220802231000","4506","0","臺中市","南屯區","120.655","24.140","4051"
"389","275142","20220802231000","1007","0","臺中市","西區","120.665","24.140","537"
"1153","275143","20220802231000","730","3","臺中市","西屯區","120.625","24.185","1362"
"2552","275144","20220802231000","2142","1","臺中市","西屯區","120.655","24.160","2474"
"1465","275145","20220802231000","1242","1","臺中市","西屯區","120.650","24.165","1708"
"4443","275146","20220802231000","3776","1","臺中市","西屯區","120.655","24.165","4278"
"105","275147","20220802231000","904","0","臺中市","烏日區","120.600","24.120","168"
"115","275154","20220802231000","542","0","臺中市","烏日區","120.605","24.125","153"
"46","275159","20220802231000","240","0","臺中市","南屯區","120.600","24.130","65"
"88","275166","20220802231000","71","2","臺中市","烏日區","120.590","24.110","85"
"2670","275167","20220802231000","1809","2","臺中市","烏日區","120.595","24.110","2631"
"1231","275174","20220802231000","935","2","臺中市","烏日區","120.615","24.105","1372"
"419","275175","20220802231000","504","0","臺中市","烏日區","120.615","24.110","582"
"374","275177","20220802231000","1249","0","臺中市","烏日區","120.625","24.110","444"
"1214","275179","20220802231000","2308","0","臺中市","北區","120.685","24.165","1275"
"528","275181","20220802231000","2124","0","臺中市","北屯區","120.725","24.160","640"
"597","275185","20220802231000","541","1","臺中市","北屯區","120.725","24.165","548"
"1646","275187","20220802231000","1506","1","臺中市","北屯區","120.735","24.165","1605"
"50","275188","20220802231000","58","0","臺中市","北屯區","120.740","24.165","45"
"769","275189","20220802231000","430","3","臺中市","北屯區","120.730","24.170","701"
"449","275192","20220802231000","780","0","臺中市","北屯區","120.735","24.175","467"
"573","275193","20220802231000","495","1","臺中市","北屯區","120.740","24.175","575"
"2581","275194","20220802231000","2592","0","臺中市","北區","120.670","24.170","2933"
"1049","275195","20220802231000","1041","1","臺中市","北屯區","120.690","24.170","997"
"1195","275196","20220802231000","732","3","臺中市","北屯區","120.675","24.175","1128"
"5731","275197","20220802231000","4205","2","臺中市","北屯區","120.680","24.175","5969"
"3616","275198","20220802231000","3265","1","臺中市","北屯區","120.685","24.175","3247"
"4451","275199","20220802231000","4467","0","臺中市","南屯區","120.635","24.150","4464"
"1173","275200","20220802231000","919","2","臺中市","南屯區","120.640","24.150","1049"
"1887","275201","20220802231000","2293","0","臺中市","南屯區","120.635","24.155","1835"
"2555","275202","20220802231000","1584","3","臺中市","北屯區","120.685","24.190","2542"
"26","275203","20220802231000","123","0","臺中市","南屯區","120.620","24.115","33"
"2283","275204","20220802231000","1480","3","臺中市","南屯區","120.625","24.115","2139"
"471","275206","20220802231000","409","1","臺中市","南屯區","120.625","24.120","525"
"2876","275207","20220802231000","2862","1","臺中市","西屯區","120.650","24.180","3081"
"2413","275208","20220802231000","1885","2","臺中市","西屯區","120.635","24.185","2139"
"4207","275209","20220802231000","4738","0","臺中市","西屯區","120.645","24.180","4045"
"1937","275210","20220802231000","2160","0","臺中市","西屯區","120.640","24.180","1727"
"442","275211","20220802231000","333","2","臺中市","西屯區","120.655","24.185","433"
"1388","275212","20220802231000","886","3","臺中市","西屯區","120.660","24.165","1351"
"2670","275213","20220802231000","2241","1","臺中市","西屯區","120.650","24.160","2804"
"526","275214","20220802231000","476","1","臺中市","西屯區","120.665","24.170","635"
"628","275215","20220802231000","514","2","臺中市","大里區","120.710","24.110","713"
"359","275217","20220802231000","556","0","臺中市","太平區","120.710","24.115","316"
"171","275219","20220802231000","140","2","臺中市","太平區","120.710","24.120","235"
"721","275221","20220802231000","731","0","臺中市","太平區","120.705","24.125","662"
"599","275222","20220802231000","552","1","臺中市","太平區","120.710","24.125","620"
"1262","275223","20220802231000","1396","0","臺中市","太平區","120.715","24.125","1221"
"1437","275227","20220802231000","1215","1","臺中市","北屯區","120.670","24.180","1382"
"1168","275228","20220802231000","704","3","臺中市","北屯區","120.665","24.180","1175"
"195","275229","20220802231000","954","0","臺中市","北屯區","120.700","24.165","216"
"1878","275230","20220802231000","2484","0","臺中市","北屯區","120.700","24.170","1693"
"1263","275231","20220802231000","755","3","臺中市","北屯區","120.705","24.165","1138"
"1347","275232","20220802231000","846","3","臺中市","北屯區","120.675","24.180","1313"
"688","275233","20220802231000","384","3","臺中市","北屯區","120.675","24.185","581"
"3198","275234","20220802231000","2041","3","臺中市","北屯區","120.680","24.180","2866"
"2349","275235","20220802231000","1930","2","臺中市","北屯區","120.670","24.185","2133"
"1108","275237","20220802231000","510","3","臺中市","北屯區","120.675","24.190","1275"
"135","275238","20220802231000","797","0","臺中市","北屯區","120.680","24.185","186"
"3191","275239","20220802231000","3665","0","臺中市","北區","120.680","24.160","3065"
"2326","275240","20220802231000","2891","0","臺中市","南區","120.660","24.110","2686"
"2636","275241","20220802231000","2416","1","臺中市","南區","120.665","24.115","2793"
"2488","275242","20220802231000","2403","1","臺中市","南區","120.665","24.125","2515"
"1460","275243","20220802231000","1582","0","臺中市","南區","120.655","24.125","1466"
"1784","275245","20220802231000","1538","1","臺中市","南屯區","120.645","24.145","1705"
"3409","275246","20220802231000","3443","0","臺中市","西區","120.650","24.145","3614"
"96","275247","20220802231000","152","0","臺中市","南屯區","120.600","24.140","111"
"488","275249","20220802231000","498","0","臺中市","南屯區","120.610","24.140","448"
"321","275250","20220802231000","233","2","臺中市","南屯區","120.615","24.140","384"
"591","275251","20220802231000","353","3","臺中市","南屯區","120.600","24.145","596"
"1616","275252","20220802231000","1089","2","臺中市","南屯區","120.605","24.145","1475"
"1130","275253","20220802231000","724","3","臺中市","南屯區","120.610","24.145","1058"
"1666","275254","20220802231000","1277","2","臺中市","南屯區","120.615","24.145","1711"
"282","275255","20220802231000","329","0","臺中市","南屯區","120.620","24.145","258"
"53","275256","20220802231000","38","2","臺中市","南屯區","120.595","24.150","46"
"202","275257","20220802231000","131","3","臺中市","南屯區","120.600","24.150","201"
"11","275259","20220802231000","28","0","臺中市","南屯區","120.580","24.155","11"
"2901","275267","20220802231000","3125","0","臺中市","北屯區","120.690","24.185","2927"
"26","275268","20220802231000","26","1","臺中市","北屯區","120.690","24.190","27"
"498","275270","20220802231000","505","0","臺中市","大肚區","120.555","24.130","459"
"451","275272","20220802231000","529","0","臺中市","大肚區","120.555","24.135","429"
"511","275278","20220802231000","544","0","臺中市","南屯區","120.620","24.140","471"
"236","275280","20220802231000","266","0","臺中市","南屯區","120.625","24.145","217"
"448","275281","20220802231000","429","1","臺中市","南屯區","120.630","24.145","435"
"460","275284","20220802231000","438","1","臺中市","南屯區","120.610","24.130","421"
"557","275286","20220802231000","345","3","臺中市","南屯區","120.600","24.135","486"
"534","275288","20220802231000","448","1","臺中市","南屯區","120.610","24.135","646"
"206","275291","20220802231000","244","0","臺中市","南屯區","120.595","24.135","217"
"667","275293","20220802231000","903","0","臺中市","南屯區","120.605","24.135","621"
"1757","275294","20220802231000","1479","1","臺中市","南屯區","120.615","24.135","1610"
"71","275297","20220802231000","40","3","臺中市","南屯區","120.590","24.140","83"
"499","275302","20220802231000","290","3","臺中市","南屯區","120.590","24.145","482"
"19","275303","20220802231000","69","0","臺中市","南屯區","120.595","24.145","24"
"150","275307","20220802231000","103","2","臺中市","南屯區","120.590","24.150","162"
"235","275309","20220802231000","230","1","臺中市","南屯區","120.630","24.115","232"
"111","275311","20220802231000","420","0","臺中市","南屯區","120.630","24.120","144"
"473","275312","20220802231000","390","2","臺中市","南屯區","120.635","24.120","482"
"151","275314","20220802231000","40","3","臺中市","南屯區","120.625","24.135","187"
"2925","275315","20220802231000","2296","2","臺中市","南屯區","120.630","24.135","2814"
"992","275316","20220802231000","716","2","臺中市","南屯區","120.630","24.140","908"
"3545","275317","20220802231000","2472","2","臺中市","南屯區","120.635","24.140","3550"
"1150","275318","20220802231000","1043","1","臺中市","南屯區","120.645","24.150","1101"
"2103","275319","20220802231000","1237","3","臺中市","南屯區","120.640","24.140","2018"
"2180","275320","20220802231000","2604","0","臺中市","南屯區","120.645","24.140","2457"
"386","275322","20220802231000","334","1","臺中市","南屯區","120.635","24.125","402"
"570","275325","20220802231000","510","1","臺中市","南屯區","120.635","24.130","662"
"1839","275326","20220802231000","1395","2","臺中市","南屯區","120.645","24.130","2209"
"1128","275328","20220802231000","815","2","臺中市","南屯區","120.640","24.135","1203"
"229","275329","20220802231000","590","0","臺中市","南屯區","120.640","24.130","261"
"80","275330","20220802231000","79","1","臺中市","南屯區","120.620","24.125","76"
"591","275332","20220802231000","366","3","臺中市","南屯區","120.630","24.125","510"
"150","275333","20220802231000","114","2","臺中市","南屯區","120.620","24.130","137"
"216","275336","20220802231000","154","2","臺中市","南屯區","120.640","24.125","174"
"342","275337","20220802231000","357","0","臺中市","南屯區","120.620","24.135","357"
"2101","275340","20220802231000","2307","0","臺中市","太平區","120.700","24.150","1978"
"1556","275341","20220802231000","1134","2","臺中市","北區","120.700","24.155","1829"
"3288","275343","20220802231000","2305","2","臺中市","北屯區","120.685","24.180","3565"
"1608","275344","20220802231000","1213","2","臺中市","北屯區","120.690","24.180","1686"
"552","275350","20220802231000","329","3","臺中市","北屯區","120.745","24.160","552"
"155","275354","20220802231000","146","1","臺中市","太平區","120.770","24.160","149"
"15","275362","20220802231000","11","2","臺中市","北屯區","120.745","24.170","18"
"253","275365","20220802231000","164","3","臺中市","北屯區","120.760","24.170","226"
"27","275378","20220802231000","12","3","臺中市","北屯區","120.765","24.175","25"
"235","275380","20220802231000","223","1","臺中市","北屯區","120.775","24.175","283"
"97","275382","20220802231000","56","3","臺中市","北屯區","120.785","24.175","77"
"154","275386","20220802231000","154","1","臺中市","北屯區","120.750","24.180","164"
"977","275391","20220802231000","1308","0","臺中市","北屯區","120.710","24.160","911"
"735","275392","20220802231000","408","3","臺中市","北屯區","120.715","24.160","836"
"321","275393","20220802231000","443","0","臺中市","北屯區","120.710","24.165","297"
"838","275394","20220802231000","653","2","臺中市","北屯區","120.715","24.165","1039"
"654","275395","20220802231000","677","0","臺中市","北屯區","120.720","24.165","834"
"2031","275396","20220802231000","2004","1","臺中市","北屯區","120.710","24.170","2223"
"540","275397","20220802231000","492","1","臺中市","北屯區","120.715","24.170","578"
"1390","275398","20220802231000","1319","1","臺中市","北屯區","120.720","24.170","1517"
"74","275399","20220802231000","59","2","臺中市","大肚區","120.570","24.150","115"
"155","275400","20220802231000","139","1","臺中市","大肚區","120.570","24.155","176"
"1574","275403","20220802231000","1471","1","臺中市","大肚區","120.570","24.160","1505"
"73","275420","20220802231000","53","2","臺中市","大肚區","120.535","24.150","83"
"2622","275421","20220802231000","2490","1","臺中市","西區","120.655","24.155","2271"
"3144","275422","20220802231000","1914","3","臺中市","西區","120.660","24.155","3565"
"818","275423","20220802231000","778","1","臺中市","西區","120.660","24.160","840"
"215","275424","20220802231000","221","0","臺中市","大里區","120.675","24.100","274"
"484","275425","20220802231000","685","0","臺中市","大里區","120.680","24.100","499"
"539","275426","20220802231000","323","3","臺中市","大里區","120.680","24.105","633"
"1735","275427","20220802231000","974","3","臺中市","西區","120.680","24.135","1701"
"1063","275428","20220802231000","1161","0","臺中市","中區","120.680","24.145","995"
"2761","275429","20220802231000","1288","3","臺中市","中區","120.680","24.140","2691"
"2842","275430","20220802231000","1727","3","臺中市","北屯區","120.680","24.170","2886"
"581","275431","20220802231000","1085","0","臺中市","北屯區","120.685","24.170","737"
"753","275432","20220802231000","1160","0","臺中市","北屯區","120.690","24.165","763"
"1517","275433","20220802231000","1383","1","臺中市","北屯區","120.695","24.170","1575"
"3961","275434","20220802231000","3547","1","臺中市","北屯區","120.695","24.175","4227"
"2995","275435","20220802231000","2814","1","臺中市","北屯區","120.690","24.175","2814"
"1768","275436","20220802231000","1431","2","臺中市","南屯區","120.630","24.150","1827"
"980","275437","20220802231000","669","2","臺中市","南屯區","120.630","24.155","922"
"474","275439","20220802231000","1297","0","臺中市","北屯區","120.710","24.175","547"
"429","275440","20220802231000","414","1","臺中市","北屯區","120.695","24.185","431"
"696","275442","20220802231000","703","0","臺中市","北屯區","120.710","24.180","591"
"349","275443","20220802231000","589","0","臺中市","北屯區","120.705","24.180","463"
"1192","275445","20220802231000","1172","1","臺中市","北屯區","120.705","24.185","1169"
"1987","275457","20220802231000","1460","2","臺中市","北區","120.670","24.160","2051"
"1551","275458","20220802231000","1213","2","臺中市","北區","120.685","24.155","1480"
"1549","275459","20220802231000","1112","2","臺中市","北屯區","120.700","24.175","1470"
"628","275461","20220802231000","401","3","臺中市","大里區","120.710","24.100","537"
"900","275462","20220802231000","809","1","臺中市","大里區","120.715","24.100","1100"
"1650","275463","20220802231000","2238","0","臺中市","大里區","120.690","24.105","1634"
"583","275464","20220802231000","911","0","臺中市","大里區","120.695","24.105","593"
"840","275466","20220802231000","1104","0","臺中市","大里區","120.685","24.100","811"
"3694","275467","20220802231000","2854","2","臺中市","大里區","120.680","24.115","4039"
"630","275468","20220802231000","470","2","臺中市","大里區","120.685","24.115","679"
"1035","275469","20220802231000","1238","0","臺中市","南屯區","120.635","24.135","1021"
"66","275471","20220802231000","864","0","臺中市","大里區","120.695","24.110","94"
"1957","275477","20220802231000","1455","2","臺中市","太平區","120.715","24.155","2108"
"1512","275478","20220802231000","773","3","臺中市","北屯區","120.705","24.170","1586"
"347","275479","20220802231000","329","1","臺中市","北屯區","120.740","24.180","430"
"70","275480","20220802231000","300","0","臺中市","北屯區","120.745","24.180","61"
"46","275492","20220802231000","36","2","臺中市","北屯區","120.770","24.185","50"
"22","275495","20220802231000","41","0","臺中市","北屯區","120.780","24.185","19"
"60","275502","20220802231000","98","0","臺中市","北屯區","120.765","24.185","67"
"1885","275504","20220802231000","2195","0","臺中市","北屯區","120.695","24.180","1865"
"2055","275505","20220802231000","1782","1","臺中市","西屯區","120.665","24.175","2057"
"739","275506","20220802231000","630","1","臺中市","西屯區","120.640","24.155","698"
"2482","275507","20220802231000","2605","0","臺中市","西屯區","120.645","24.155","2473"
"1476","275508","20220802231000","2496","0","臺中市","西屯區","120.640","24.160","1718"
"1569","275509","20220802231000","1267","2","臺中市","西屯區","120.645","24.160","1352"
"385","275510","20220802231000","1059","0","臺中市","西屯區","120.640","24.165","410"
"2049","275511","20220802231000","2196","0","臺中市","西屯區","120.645","24.165","1861"
"1504","275512","20220802231000","1287","1","臺中市","西屯區","120.650","24.170","1670"
"951","275513","20220802231000","667","2","臺中市","太平區","120.720","24.145","892"
"710","275515","20220802231000","618","1","臺中市","太平區","120.715","24.145","767"
"1965","275517","20220802231000","1652","1","臺中市","大里區","120.690","24.115","1966"
"599","275518","20220802231000","617","0","臺中市","大里區","120.690","24.120","578"
"905","275519","20220802231000","381","3","臺中市","東區","120.700","24.125","808"
"112","275685","20220802231000","69","3","臺中市","和平區","120.950","24.165","160"
"45","275710","20220802231000","20","3","臺中市","和平區","120.945","24.170","51"
"13","275716","20220802231000","67","0","臺中市","和平區","120.975","24.170","22"
"12","275771","20220802231000","103","0","臺中市","和平區","120.980","24.180","13"
"263","275829","20220802231000","138","3","臺中市","和平區","120.990","24.185","305"
"125","276007","20220802231000","125","1","臺中市","和平區","120.925","24.180","134"
"302","276027","20220802231000","1153","0","臺中市","北屯區","120.700","24.180","333"
"1646","276028","20220802231000","2229","0","臺中市","南區","120.680","24.130","1599"
"1694","276029","20220802231000","2336","0","臺中市","西屯區","120.620","24.180","1769"
"1087","276033","20220802231000","1678","0","臺中市","西屯區","120.650","24.185","1208"
"794","276037","20220802231000","622","2","臺中市","西屯區","120.635","24.160","751"
"1360","276039","20220802231000","1198","1","臺中市","西屯區","120.635","24.165","1351"
"394","276040","20220802231000","274","2","臺中市","西屯區","120.630","24.170","346"
"919","276041","20220802231000","717","2","臺中市","西屯區","120.635","24.170","977"
"2155","276043","20220802231000","1854","1","臺中市","太平區","120.715","24.140","2267"
"185","276044","20220802231000","1018","0","臺中市","太平區","120.720","24.155","195"
"2401","276045","20220802231000","2534","0","臺中市","西區","120.660","24.140","2639"
"2002","276046","20220802231000","2101","0","臺中市","西區","120.660","24.145","2074"
"1532","276048","20220802231000","1455","1","臺中市","南區","120.660","24.130","1777"
"53","276451","20220802231000","117","0","花蓮縣","秀林鄉","121.285","24.140","96"
"275","276521","20220802231000","216","2","花蓮縣","秀林鄉","121.635","24.140","259"
"10","276664","20220802231000","76","0","花蓮縣","秀林鄉","121.625","24.150","10"
"172","276735","20220802231000","89","3","花蓮縣","秀林鄉","121.625","24.155","162"
"68","276803","20220802231000","39","3","花蓮縣","秀林鄉","121.620","24.160","70"
"54","276945","20220802231000","52","1","花蓮縣","秀林鄉","121.300","24.175","67"
"64","277000","20220802231000","56","1","花蓮縣","秀林鄉","121.570","24.175","68"
"424","277116","20220802231000","217","3","花蓮縣","秀林鄉","121.495","24.180","431"
"643","277183","20220802231000","429","2","花蓮縣","秀林鄉","121.655","24.125","664"
"60","277187","20220802231000","40","3","花蓮縣","秀林鄉","121.645","24.135","59"
"287","277214","20220802231000","248","1","花蓮縣","秀林鄉","121.650","24.155","304"
"153","277223","20220802231000","126","2","花蓮縣","秀林鄉","121.655","24.160","168"
"121","277237","20220802231000","88","2","花蓮縣","秀林鄉","121.655","24.170","110"
"2308","277409","20220802231000","3664","0","臺中市","西屯區","120.645","24.170","2201"
"625","277410","20220802231000","516","2","臺中市","太平區","120.730","24.155","581"
"276","277411","20220802231000","970","0","臺中市","太平區","120.735","24.155","333"
"28","277415","20220802231000","262","0","臺中市","大肚區","120.550","24.120","36"
"986","277420","20220802231000","1007","0","臺中市","大肚區","120.570","24.120","958"
"146","277421","20220802231000","756","0","臺中市","大肚區","120.575","24.120","207"
"470","277423","20220802231000","416","1","臺中市","大肚區","120.570","24.125","440"
"77","277425","20220802231000","422","0","臺中市","大肚區","120.580","24.125","107"
"235","277426","20220802231000","234","1","臺中市","大肚區","120.570","24.130","249"
"233","277434","20220802231000","241","0","臺中市","大肚區","120.585","24.135","252"
"13","277436","20220802231000","13","1","臺中市","大肚區","120.580","24.140","21"
"2475","277437","20220802231000","2635","0","臺中市","大里區","120.705","24.105","2378"
"690","277439","20220802231000","562","2","臺中市","大里區","120.705","24.110","750"
"60","277440","20220802231000","478","0","臺中市","太平區","120.705","24.150","74"
"489","277441","20220802231000","894","0","臺中市","太平區","120.710","24.150","557"
"621","277442","20220802231000","386","3","臺中市","烏日區","120.625","24.100","645"
"855","277443","20220802231000","778","1","臺中市","烏日區","120.630","24.100","823"
"1506","277444","20220802231000","1077","2","臺中市","烏日區","120.620","24.105","1401"
"687","277445","20220802231000","464","2","臺中市","烏日區","120.625","24.105","812"
"107","277450","20220802231000","94","1","臺中市","西屯區","120.595","24.165","108"
"238","277451","20220802231000","214","1","臺中市","西屯區","120.600","24.165","209"
"162","277452","20220802231000","211","0","臺中市","西屯區","120.605","24.165","140"
"455","277453","20220802231000","357","2","臺中市","西屯區","120.610","24.165","531"
"528","277457","20220802231000","538","0","臺中市","西屯區","120.590","24.170","516"
"84","277458","20220802231000","51","3","臺中市","西屯區","120.595","24.170","76"
"55","277460","20220802231000","49","1","臺中市","西屯區","120.605","24.170","68"
"251","277461","20220802231000","474","0","臺中市","西屯區","120.610","24.170","212"
"101","277462","20220802231000","222","0","臺中市","西屯區","120.615","24.170","131"
"700","277463","20220802231000","559","2","臺中市","西屯區","120.620","24.170","610"
"94","277467","20220802231000","97","0","臺中市","西屯區","120.605","24.175","77"
"487","277468","20220802231000","475","1","臺中市","西屯區","120.595","24.175","534"
"513","277471","20220802231000","301","3","臺中市","西屯區","120.620","24.175","505"
"1213","277473","20220802231000","1733","0","臺中市","西屯區","120.595","24.180","1168"
"426","277474","20220802231000","203","3","臺中市","西屯區","120.595","24.185","427"
"96","277475","20220802231000","758","0","臺中市","西屯區","120.600","24.175","48"
"2268","277477","20220802231000","2369","0","臺中市","太平區","120.720","24.130","2181"
"53","277478","20220802231000","284","0","臺中市","太平區","120.710","24.130","55"
"149","277480","20220802231000","1215","0","臺中市","太平區","120.715","24.135","194"
"2082","277481","20220802231000","1683","2","臺中市","太平區","120.730","24.150","2241"
"54","277483","20220802231000","258","0","臺中市","大肚區","120.575","24.170","74"
"690","277484","20220802231000","1038","0","臺中市","大肚區","120.580","24.170","717"
"2010","277487","20220802231000","2116","0","臺中市","大肚區","120.545","24.155","1913"
"138","277488","20220802231000","692","0","臺中市","大肚區","120.540","24.160","156"
"743","277489","20220802231000","731","1","臺中市","大肚區","120.545","24.160","825"
"326","277492","20220802231000","231","2","臺中市","大肚區","120.535","24.165","387"
"625","277493","20220802231000","1230","0","臺中市","大里區","120.690","24.100","680"
"465","277496","20220802231000","384","2","臺中市","太平區","120.735","24.105","534"
"788","277503","20220802231000","984","0","臺中市","太平區","120.730","24.140","766"
"969","277504","20220802231000","1230","0","臺中市","太平區","120.735","24.140","891"
"20","277507","20220802231000","32","0","臺中市","太平區","120.730","24.145","31"
"1616","277508","20220802231000","1399","1","臺中市","太平區","120.735","24.145","1754"
"1536","277520","20220802231000","1489","1","臺中市","太平區","120.740","24.155","1438"
"345","277531","20220802231000","978","0","臺中市","太平區","120.730","24.125","393"
"133","277532","20220802231000","257","0","臺中市","太平區","120.725","24.130","148"
"1340","277533","20220802231000","1437","0","臺中市","東區","120.690","24.130","1287"
"1053","277534","20220802231000","1036","1","臺中市","東區","120.690","24.140","1020"
"2295","277535","20220802231000","1558","2","臺中市","中區","120.685","24.140","2318"
"25","277537","20220802231000","250","0","臺中市","太平區","120.735","24.130","34"
"745","277538","20220802231000","1068","0","臺中市","太平區","120.720","24.100","715"
"849","277540","20220802231000","597","2","臺中市","太平區","120.720","24.105","939"
"979","277541","20220802231000","1030","0","臺中市","太平區","120.725","24.140","912"
"621","277542","20220802231000","501","2","臺中市","太平區","120.730","24.135","745"
"1096","277544","20220802231000","944","1","臺中市","龍井區","120.540","24.175","1205"
"772","277557","20220802231000","476","3","臺中市","大肚區","120.560","24.125","921"
"156","277558","20220802231000","732","0","臺中市","大肚區","120.565","24.125","160"
"843","277564","20220802231000","923","0","臺中市","龍井區","120.575","24.175","785"
"242","277565","20220802231000","601","0","臺中市","龍井區","120.580","24.175","270"
"643","277566","20220802231000","655","0","臺中市","太平區","120.725","24.145","612"
"928","277567","20220802231000","776","1","臺中市","太平區","120.720","24.125","995"
"23","277587","20220802231000","17","2","臺中市","東勢區","120.855","24.175","29"
"101","277597","20220802231000","77","2","臺中市","東勢區","120.840","24.185","96"
"16","277611","20220802231000","11","2","臺中市","東勢區","120.865","24.185","13"
"689","277614","20220802231000","880","0","臺中市","太平區","120.710","24.135","671"
"1744","277615","20220802231000","1609","1","臺中市","東區","120.705","24.140","1678"
"1602","277617","20220802231000","1320","2","臺中市","東區","120.695","24.150","1667"
"431","277618","20220802231000","2058","0","臺中市","太平區","120.705","24.155","456"
"926","277619","20220802231000","860","1","臺中市","太平區","120.705","24.160","863"
"1854","277620","20220802231000","1042","3","臺中市","太平區","120.710","24.155","1830"
"1835","277621","20220802231000","1483","2","臺中市","東區","120.690","24.135","1759"
"656","277622","20220802231000","653","1","臺中市","東區","120.690","24.145","645"
"2169","277623","20220802231000","1658","2","臺中市","東區","120.700","24.140","2199"
"1847","277624","20220802231000","1908","0","臺中市","北區","120.675","24.155","1652"
"1780","277625","20220802231000","1834","0","臺中市","西區","120.660","24.150","1709"
"2133","277626","20220802231000","1930","1","臺中市","西區","120.665","24.155","2024"
"51","277630","20220802231000","504","0","臺中市","龍井區","120.550","24.185","49"
"281","277637","20220802231000","200","2","臺中市","烏日區","120.650","24.105","300"
"1010","277638","20220802231000","1025","0","臺中市","烏日區","120.655","24.105","980"
"3762","277639","20220802231000","3117","2","臺中市","西屯區","120.640","24.170","3729"
"1145","277640","20220802231000","1731","0","臺中市","西屯區","120.655","24.170","1112"
"4199","277641","20220802231000","3962","1","臺中市","西屯區","120.660","24.170","4079"
"2019","277642","20220802231000","2320","0","臺中市","太平區","120.720","24.150","2059"
"376","277643","20220802231000","308","2","臺中市","太平區","120.725","24.150","402"
"2020","277644","20220802231000","1758","1","臺中市","太平區","120.725","24.155","2008"
"1522","277646","20220802231000","681","3","臺中市","烏日區","120.605","24.105","1521"
"424","277647","20220802231000","317","2","臺中市","烏日區","120.610","24.105","454"
"92","277648","20220802231000","69","2","臺中市","烏日區","120.600","24.110","127"
"1209","277649","20220802231000","1788","0","臺中市","烏日區","120.605","24.110","1349"
"21","277650","20220802231000","22","0","臺中市","烏日區","120.610","24.110","19"
"433","277652","20220802231000","433","1","臺中市","烏日區","120.605","24.115","395"
"372","277653","20220802231000","216","3","臺中市","烏日區","120.610","24.115","499"
"202","277655","20220802231000","236","0","臺中市","烏日區","120.595","24.120","313"
"380","277656","20220802231000","1135","0","臺中市","烏日區","120.635","24.110","412"
"1323","277657","20220802231000","1197","1","臺中市","烏日區","120.640","24.110","1324"
"2509","277661","20220802231000","1514","3","臺中市","西區","120.665","24.150","2620"
"359","277662","20220802231000","441","0","臺中市","西區","120.670","24.150","386"
"1737","277663","20220802231000","2838","0","臺中市","西區","120.675","24.135","1652"
"2158","277664","20220802231000","1970","1","臺中市","西區","120.665","24.145","2177"
"201","277681","20220802231000","167","2","花蓮縣","秀林鄉","121.630","24.115","209"
"100","277712","20220802231000","87","1","花蓮縣","秀林鄉","121.630","24.125","104"
"290","277713","20220802231000","251","1","花蓮縣","秀林鄉","121.635","24.125","307"
"244","277756","20220802231000","229","1","花蓮縣","新城鄉","121.615","24.100","230"
"173","277759","20220802231000","135","2","花蓮縣","新城鄉","121.620","24.105","178"
"420","277766","20220802231000","311","2","花蓮縣","新城鄉","121.640","24.115","431"
"57","277799","20220802231000","63","0","花蓮縣","新城鄉","121.650","24.125","65"
"189","277805","20220802231000","170","1","花蓮縣","新城鄉","121.645","24.130","183"
"49","277807","20220802231000","39","2","彰化縣","彰化市","120.545","24.100","65"
"1290","277812","20220802231000","1106","1","彰化縣","和美鎮","120.495","24.115","1369"
"341","277817","20220802231000","260","2","彰化縣","彰化市","120.560","24.105","310"
"443","277821","20220802231000","155","3","彰化縣","和美鎮","120.505","24.140","443"
"1261","277830","20220802231000","1400","0","彰化縣","和美鎮","120.500","24.105","1300"
"2055","277831","20220802231000","1731","1","彰化縣","和美鎮","120.495","24.110","2070"
"1785","277832","20220802231000","1711","1","彰化縣","和美鎮","120.500","24.110","2058"
"169","277834","20220802231000","1156","0","彰化縣","伸港鄉","120.480","24.140","143"
"106","277848","20220802231000","89","1","南投縣","國姓鄉","120.895","24.110","114"
"24","277865","20220802231000","19","2","南投縣","國姓鄉","120.850","24.105","22"
"40","277866","20220802231000","37","1","南投縣","國姓鄉","120.855","24.105","53"
"733","277889","20220802231000","610","2","彰化縣","和美鎮","120.490","24.110","734"
"261","277890","20220802231000","210","2","彰化縣","和美鎮","120.490","24.115","227"
"214","277892","20220802231000","265","0","彰化縣","和美鎮","120.515","24.125","214"
"30","277895","20220802231000","37","0","彰化縣","和美鎮","120.520","24.130","55"
"458","277898","20220802231000","311","2","彰化縣","和美鎮","120.515","24.135","516"
"421","277902","20220802231000","416","1","彰化縣","和美鎮","120.500","24.130","402"
"25","277906","20220802231000","22","1","彰化縣","和美鎮","120.505","24.135","30"
"26","277907","20220802231000","19","2","彰化縣","和美鎮","120.510","24.135","33"
"1608","277912","20220802231000","1391","1","彰化縣","和美鎮","120.490","24.120","1808"
"815","277913","20220802231000","658","2","彰化縣","和美鎮","120.495","24.120","845"
"88","277919","20220802231000","148","0","彰化縣","伸港鄉","120.510","24.160","90"
"80","277922","20220802231000","49","3","彰化縣","伸港鄉","120.510","24.165","81"
"209","277925","20220802231000","653","0","彰化縣","伸港鄉","120.505","24.170","205"
"149","277926","20220802231000","166","0","彰化縣","伸港鄉","120.510","24.170","197"
"381","277931","20220802231000","195","3","彰化縣","伸港鄉","120.505","24.180","425"
"887","277935","20220802231000","499","3","彰化縣","彰化市","120.575","24.100","804"
"70","277953","20220802231000","871","0","彰化縣","和美鎮","120.530","24.110","109"
"25","277963","20220802231000","13","3","彰化縣","和美鎮","120.535","24.105","47"
"66","277967","20220802231000","566","0","彰化縣","和美鎮","120.545","24.110","100"
"24","277968","20220802231000","33","0","彰化縣","和美鎮","120.540","24.115","22"
"40","277971","20220802231000","43","0","彰化縣","和美鎮","120.530","24.100","63"
"1422","277975","20220802231000","1171","2","彰化縣","和美鎮","120.525","24.115","1405"
"32","277978","20220802231000","17","3","彰化縣","和美鎮","120.485","24.135","36"
"256","277979","20220802231000","197","2","彰化縣","和美鎮","120.485","24.140","223"
"1271","277980","20220802231000","2385","0","彰化縣","伸港鄉","120.485","24.145","922"
"532","277982","20220802231000","728","0","彰化縣","伸港鄉","120.490","24.150","445"
"335","277984","20220802231000","184","3","彰化縣","伸港鄉","120.470","24.145","340"
"126","277985","20220802231000","361","0","彰化縣","伸港鄉","120.475","24.145","121"
"330","277994","20220802231000","808","0","彰化縣","伸港鄉","120.500","24.140","305"
"276","277998","20220802231000","300","0","彰化縣","伸港鄉","120.480","24.155","250"
"1028","278002","20220802231000","909","1","彰化縣","和美鎮","120.490","24.105","1047"
"70","278003","20220802231000","112","0","彰化縣","和美鎮","120.490","24.125","58"
"777","278011","20220802231000","555","2","彰化縣","和美鎮","120.515","24.105","811"
"665","278012","20220802231000","569","1","彰化縣","和美鎮","120.510","24.110","637"
"227","278018","20220802231000","509","0","彰化縣","和美鎮","120.510","24.150","253"
"78","278026","20220802231000","581","0","彰化縣","線西鄉","120.455","24.145","74"
"165","278032","20220802231000","92","3","彰化縣","伸港鄉","120.450","24.155","195"
"1453","278037","20220802231000","1411","1","彰化縣","和美鎮","120.500","24.115","1290"
"1158","278047","20220802231000","585","3","彰化縣","和美鎮","120.490","24.130","1073"
"1191","278050","20220802231000","611","3","彰化縣","和美鎮","120.490","24.100","1204"
"1902","278052","20220802231000","736","3","彰化縣","和美鎮","120.515","24.100","1769"
"1054","278053","20220802231000","568","3","彰化縣","和美鎮","120.520","24.100","1265"
"159","278058","20220802231000","136","1","彰化縣","和美鎮","120.485","24.100","150"
"454","278060","20220802231000","534","0","彰化縣","和美鎮","120.485","24.110","432"
"135","278065","20220802231000","215","0","彰化縣","伸港鄉","120.475","24.155","149"
"50","278066","20220802231000","11","3","彰化縣","伸港鄉","120.470","24.160","44"
"13","278084","20220802231000","10","2","彰化縣","伸港鄉","120.485","24.180","15"
"1279","278099","20220802231000","1242","1","彰化縣","和美鎮","120.530","24.105","1201"
"534","278100","20220802231000","469","1","彰化縣","和美鎮","120.515","24.120","494"
"216","278175","20220802231000","185","1","南投縣","仁愛鄉","121.190","24.145","204"
"328","278457","20220802231000","303","1","南投縣","仁愛鄉","121.205","24.110","418"
"66","278506","20220802231000","65","1","南投縣","仁愛鄉","121.270","24.140","164"
"12","278518","20220802231000","31","0","南投縣","仁愛鄉","121.285","24.160","56"
"132","278973","20220802231000","113","1","南投縣","仁愛鄉","121.185","24.120","117"
"349","279090","20220802231000","281","2","南投縣","仁愛鄉","121.170","24.155","296"
"84","279213","20220802231000","77","1","南投縣","仁愛鄉","121.200","24.180","50"
"196","279218","20220802231000","206","0","南投縣","仁愛鄉","121.225","24.180","179"
"612","279255","20220802231000","1908","0","彰化縣","伸港鄉","120.485","24.160","617"
"442","279258","20220802231000","808","0","彰化縣","伸港鄉","120.495","24.160","444"
"32","279282","20220802231000","32","1","彰化縣","線西鄉","120.420","24.130","52"
"99","279286","20220802231000","470","0","彰化縣","和美鎮","120.480","24.105","97"
"50","279292","20220802231000","412","0","彰化縣","鹿港鎮","120.460","24.105","53"
"32","279293","20220802231000","470","0","彰化縣","鹿港鎮","120.465","24.105","24"
"748","279295","20220802231000","354","3","彰化縣","鹿港鎮","120.465","24.110","773"
"451","279296","20220802231000","232","3","彰化縣","鹿港鎮","120.460","24.115","467"
"1954","279303","20220802231000","1432","2","彰化縣","線西鄉","120.465","24.130","1938"
"302","279311","20220802231000","233","2","彰化縣","線西鄉","120.435","24.140","316"
"639","279350","20220802231000","437","2","彰化縣","鹿港鎮","120.450","24.115","659"
"286","279359","20220802231000","164","3","彰化縣","鹿港鎮","120.455","24.120","272"
"70","279366","20220802231000","59","1","彰化縣","線西鄉","120.460","24.130","68"
"372","279368","20220802231000","386","0","彰化縣","線西鄉","120.430","24.130","405"
"413","279371","20220802231000","227","3","彰化縣","線西鄉","120.425","24.135","402"
"40","279375","20220802231000","415","0","彰化縣","線西鄉","120.470","24.135","50"
"156","279379","20220802231000","99","3","彰化縣","線西鄉","120.440","24.150","155"
"159","279387","20220802231000","171","0","彰化縣","線西鄉","120.445","24.150","179"
"542","279389","20220802231000","382","2","彰化縣","線西鄉","120.480","24.115","585"
"286","279392","20220802231000","255","1","彰化縣","和美鎮","120.485","24.120","288"
"414","279396","20220802231000","438","0","彰化縣","線西鄉","120.480","24.125","420"
"700","279398","20220802231000","463","3","彰化縣","線西鄉","120.470","24.130","723"
"22","285400","20220802231000","22","1","臺中市","清水區","120.555","24.270","34"
"319","285401","20220802231000","256","2","臺中市","清水區","120.560","24.270","317"
"2376","285403","20220802231000","2249","1","臺中市","清水區","120.550","24.275","2786"
"724","285405","20220802231000","689","1","臺中市","清水區","120.540","24.275","608"
"203","285406","20220802231000","905","0","臺中市","北屯區","120.665","24.195","200"
"845","285409","20220802231000","653","2","臺中市","北屯區","120.680","24.195","768"
"813","285410","20220802231000","518","3","臺中市","北屯區","120.665","24.200","724"
"527","285412","20220802231000","537","0","臺中市","北屯區","120.675","24.200","437"
"484","285413","20220802231000","459","1","臺中市","北屯區","120.680","24.200","412"
"500","285414","20220802231000","513","0","臺中市","北屯區","120.685","24.200","514"
"53","285415","20220802231000","27","3","臺中市","北屯區","120.665","24.190","64"
"1634","285416","20220802231000","930","3","臺中市","北屯區","120.670","24.190","1553"
"13","285418","20220802231000","833","0","臺中市","沙鹿區","120.560","24.240","15"
"1953","285419","20220802231000","2515","0","臺中市","沙鹿區","120.565","24.240","2032"
"79","285422","20220802231000","69","1","臺中市","沙鹿區","120.565","24.245","62"
"399","285423","20220802231000","672","0","臺中市","沙鹿區","120.570","24.245","353"
"424","285425","20220802231000","441","0","臺中市","沙鹿區","120.560","24.250","444"
"732","285426","20220802231000","360","3","臺中市","沙鹿區","120.565","24.250","743"
"566","285428","20220802231000","474","1","臺中市","沙鹿區","120.565","24.255","509"
"1751","285431","20220802231000","829","3","臺中市","清水區","120.575","24.275","1652"
"1598","285434","20220802231000","1221","2","臺中市","潭子區","120.715","24.205","1590"
"511","285437","20220802231000","359","2","臺中市","潭子區","120.700","24.200","408"
"619","285439","20220802231000","598","1","臺中市","潭子區","120.700","24.205","652"
"715","285440","20220802231000","649","1","臺中市","潭子區","120.700","24.210","732"
"1652","285441","20220802231000","1776","0","臺中市","潭子區","120.705","24.210","1665"
"1523","285442","20220802231000","1387","1","臺中市","潭子區","120.700","24.215","1615"
"136","285443","20220802231000","185","0","臺中市","潭子區","120.710","24.195","121"
"89","285444","20220802231000","84","1","臺中市","潭子區","120.705","24.200","97"
"784","285445","20220802231000","670","1","臺中市","潭子區","120.710","24.200","768"
"1554","285446","20220802231000","1669","0","臺中市","潭子區","120.705","24.205","1494"
"3627","285447","20220802231000","2626","2","臺中市","潭子區","120.710","24.205","3661"
"308","285453","20220802231000","264","1","臺中市","潭子區","120.720","24.195","386"
"413","285454","20220802231000","346","1","臺中市","潭子區","120.725","24.195","446"
"594","285459","20220802231000","486","2","臺中市","潭子區","120.725","24.200","640"
"1103","285460","20220802231000","1139","0","臺中市","潭子區","120.730","24.200","1005"
"53","285468","20220802231000","55","0","臺中市","潭子區","120.745","24.210","60"
"4317","285469","20220802231000","3546","2","臺中市","北屯區","120.705","24.190","4383"
"72","285470","20220802231000","78","0","臺中市","北屯區","120.705","24.195","81"
"12","285471","20220802231000","203","0","臺中市","西屯區","120.645","24.190","12"
"436","285472","20220802231000","321","2","臺中市","大雅區","120.615","24.235","416"
"686","285473","20220802231000","455","3","臺中市","沙鹿區","120.610","24.240","680"
"110","285474","20220802231000","591","0","臺中市","沙鹿區","120.615","24.240","136"
"22","285488","20220802231000","113","0","臺中市","沙鹿區","120.575","24.240","20"
"437","285500","20220802231000","437","1","臺中市","沙鹿區","120.560","24.225","435"
"1051","285503","20220802231000","1317","0","臺中市","沙鹿區","120.565","24.225","938"
"130","285504","20220802231000","434","0","臺中市","神岡區","120.655","24.250","160"
"13","285505","20220802231000","15","0","臺中市","神岡區","120.660","24.250","13"
"24","285507","20220802231000","28","0","臺中市","神岡區","120.660","24.255","32"
"672","285509","20220802231000","381","3","臺中市","神岡區","120.675","24.260","758"
"765","285515","20220802231000","621","2","臺中市","神岡區","120.680","24.265","700"
"86","285519","20220802231000","822","0","臺中市","神岡區","120.655","24.275","109"
"765","285522","20220802231000","2031","0","臺中市","豐原區","120.705","24.240","880"
"984","285523","20220802231000","750","2","臺中市","豐原區","120.700","24.245","1108"
"901","285524","20220802231000","1271","0","臺中市","豐原區","120.705","24.245","1021"
"404","285525","20220802231000","297","2","臺中市","龍井區","120.560","24.190","332"
"495","285526","20220802231000","338","2","臺中市","龍井區","120.535","24.195","561"
"54","285527","20220802231000","34","3","臺中市","龍井區","120.540","24.195","61"
"548","285528","20220802231000","524","1","臺中市","龍井區","120.545","24.195","479"
"635","285531","20220802231000","653","0","臺中市","龍井區","120.560","24.195","785"
"637","285533","20220802231000","751","0","臺中市","龍井區","120.545","24.200","603"
"459","285536","20220802231000","366","2","臺中市","龍井區","120.560","24.200","460"
"569","285538","20220802231000","557","1","臺中市","潭子區","120.705","24.215","625"
"43","285539","20220802231000","32","2","臺中市","潭子區","120.700","24.220","48"
"811","285540","20220802231000","758","1","臺中市","潭子區","120.705","24.220","805"
"1416","285541","20220802231000","1413","1","臺中市","潭子區","120.705","24.225","1457"
"407","285542","20220802231000","532","0","臺中市","龍井區","120.590","24.190","401"
"215","285544","20220802231000","167","2","臺中市","西屯區","120.605","24.190","200"
"866","285547","20220802231000","659","2","臺中市","神岡區","120.690","24.265","989"
"235","285549","20220802231000","114","3","臺中市","神岡區","120.685","24.270","234"
"177","285551","20220802231000","108","3","臺中市","神岡區","120.675","24.275","204"
"341","285553","20220802231000","352","0","臺中市","神岡區","120.685","24.275","356"
"375","285559","20220802231000","207","3","臺中市","神岡區","120.690","24.275","427"
"1159","285561","20220802231000","726","3","臺中市","神岡區","120.680","24.240","1304"
"534","285565","20220802231000","509","1","臺中市","神岡區","120.680","24.245","477"
"987","285567","20220802231000","615","3","臺中市","神岡區","120.675","24.250","1099"
"1386","285568","20220802231000","1412","0","臺中市","神岡區","120.685","24.245","1395"
"57","285569","20220802231000","62","0","臺中市","神岡區","120.680","24.250","79"
"47","285570","20220802231000","460","0","臺中市","神岡區","120.685","24.250","57"
"132","285571","20220802231000","110","2","臺中市","神岡區","120.690","24.250","190"
"362","285573","20220802231000","299","2","臺中市","神岡區","120.685","24.255","346"
"160","285574","20220802231000","108","2","臺中市","神岡區","120.690","24.255","146"
"1963","285581","20220802231000","1673","1","臺中市","沙鹿區","120.555","24.230","2048"
"1017","285582","20220802231000","1093","0","臺中市","沙鹿區","120.555","24.235","1054"
"124","285584","20220802231000","194","0","臺中市","沙鹿區","120.580","24.250","101"
"318","285593","20220802231000","334","0","臺中市","沙鹿區","120.600","24.255","313"
"453","285599","20220802231000","379","1","臺中市","沙鹿區","120.600","24.260","471"
"367","285602","20220802231000","134","3","臺中市","沙鹿區","120.585","24.265","412"
"630","285607","20220802231000","348","3","臺中市","大雅區","120.655","24.210","693"
"395","285613","20220802231000","522","0","臺中市","大雅區","120.665","24.220","392"
"87","285618","20220802231000","478","0","臺中市","新社區","120.805","24.250","74"
"416","285621","20220802231000","289","2","臺中市","新社區","120.805","24.255","406"
"131","285626","20220802231000","89","2","臺中市","梧棲區","120.515","24.260","130"
"215","285627","20220802231000","135","3","臺中市","梧棲區","120.520","24.260","262"
"73","285630","20220802231000","135","0","臺中市","梧棲區","120.515","24.270","58"
"1137","285634","20220802231000","1296","0","臺中市","梧棲區","120.535","24.255","1174"
"953","285635","20220802231000","736","2","臺中市","梧棲區","120.550","24.255","1031"
"630","285637","20220802231000","881","0","臺中市","梧棲區","120.560","24.255","535"
"1404","285638","20220802231000","1127","2","臺中市","梧棲區","120.540","24.260","1233"
"518","285642","20220802231000","639","0","臺中市","梧棲區","120.555","24.240","442"
"2102","285644","20220802231000","1417","2","臺中市","梧棲區","120.545","24.245","2126"
"592","285646","20220802231000","1266","0","臺中市","神岡區","120.695","24.245","665"
"692","285648","20220802231000","653","1","臺中市","神岡區","120.695","24.255","653"
"118","285657","20220802231000","89","2","臺中市","梧棲區(海)","120.490","24.255","88"
"16","285659","20220802231000","33","0","臺中市","梧棲區(海)","120.500","24.255","17"
"209","285667","20220802231000","163","2","臺中市","梧棲區(海)","120.500","24.265","155"
"63","285671","20220802231000","76","0","臺中市","梧棲區(海)","120.500","24.270","63"
"39","285677","20220802231000","35","1","臺中市","梧棲區(海)","120.505","24.275","47"
"12","285681","20220802231000","117","0","臺中市","梧棲區","120.525","24.260","10"
"115","285682","20220802231000","116","0","臺中市","梧棲區","120.530","24.260","143"
"262","285683","20220802231000","304","0","臺中市","北屯區","120.790","24.205","259"
"278","285685","20220802231000","248","1","臺中市","新社區","120.805","24.190","283"
"144","285695","20220802231000","163","0","臺中市","新社區","120.815","24.200","148"
"304","285697","20220802231000","159","3","臺中市","新社區","120.805","24.205","208"
"305","285707","20220802231000","299","1","臺中市","新社區","120.800","24.220","326"
"205","285713","20220802231000","121","3","臺中市","新社區","120.795","24.235","197"
"60","285717","20220802231000","361","0","臺中市","新社區","120.795","24.230","56"
"188","285720","20220802231000","113","3","臺中市","新社區","120.780","24.230","174"
"105","285727","20220802231000","447","0","臺中市","新社區","120.785","24.235","90"
"1227","285738","20220802231000","960","2","臺中市","神岡區","120.700","24.250","1210"
"747","285742","20220802231000","542","2","臺中市","神岡區","120.645","24.250","850"
"176","285745","20220802231000","162","1","臺中市","神岡區","120.645","24.255","169"
"89","285747","20220802231000","115","0","臺中市","神岡區","120.635","24.260","108"
"704","285750","20220802231000","1429","0","臺中市","豐原區","120.710","24.245","687"
"1477","285752","20220802231000","767","3","臺中市","豐原區","120.720","24.260","1520"
"3420","285754","20220802231000","2914","1","臺中市","豐原區","120.720","24.265","3460"
"456","285758","20220802231000","318","2","臺中市","豐原區","120.715","24.275","537"
"944","285759","20220802231000","301","3","臺中市","豐原區","120.720","24.275","1013"
"212","285761","20220802231000","206","1","臺中市","豐原區","120.720","24.280","203"
"1558","285764","20220802231000","1233","2","臺中市","梧棲區","120.545","24.240","1581"
"1118","285765","20220802231000","1264","0","臺中市","梧棲區","120.540","24.245","1138"
"317","285766","20220802231000","304","1","臺中市","梧棲區","120.520","24.255","354"
"765","285767","20220802231000","951","0","臺中市","梧棲區","120.525","24.255","823"
"271","285773","20220802231000","199","2","臺中市","新社區","120.810","24.225","283"
"360","285777","20220802231000","398","0","臺中市","新社區","120.805","24.230","346"
"2625","285782","20220802231000","1654","3","臺中市","豐原區","120.725","24.255","2408"
"708","285783","20220802231000","797","0","臺中市","豐原區","120.705","24.250","683"
"682","285785","20220802231000","565","2","臺中市","豐原區","120.720","24.240","770"
"1499","285787","20220802231000","1555","0","臺中市","豐原區","120.715","24.235","1559"
"1852","285788","20220802231000","1564","1","臺中市","豐原區","120.720","24.235","1685"
"878","285789","20220802231000","791","1","臺中市","豐原區","120.725","24.235","918"
"3393","285791","20220802231000","1799","3","臺中市","豐原區","120.715","24.245","3554"
"164","285792","20220802231000","130","2","臺中市","豐原區","120.710","24.240","167"
"107","285793","20220802231000","80","2","臺中市","豐原區","120.725","24.250","136"
"654","285796","20220802231000","372","3","臺中市","豐原區","120.740","24.240","658"
"776","285799","20220802231000","1146","0","臺中市","豐原區","120.730","24.245","853"
"850","285800","20220802231000","608","2","臺中市","豐原區","120.735","24.245","789"
"1188","285803","20220802231000","652","3","臺中市","豐原區","120.730","24.250","1333"
"1167","285804","20220802231000","696","3","臺中市","豐原區","120.735","24.250","1271"
"1187","285805","20220802231000","970","2","臺中市","豐原區","120.740","24.250","1243"
"51","285806","20220802231000","717","0","臺中市","龍井區","120.525","24.210","68"
"295","285812","20220802231000","382","0","臺中市","龍井區","120.515","24.215","287"
"505","285819","20220802231000","356","2","臺中市","龍井區","120.510","24.220","479"
"592","285821","20220802231000","360","3","臺中市","龍井區","120.520","24.220","582"
"2246","285822","20220802231000","1081","3","臺中市","龍井區","120.525","24.220","2198"
"703","285849","20220802231000","868","0","臺中市","新社區","120.805","24.240","637"
"293","285852","20220802231000","184","3","臺中市","新社區","120.820","24.205","311"
"88","285856","20220802231000","41","3","臺中市","北屯區","120.780","24.210","135"
"37","285859","20220802231000","168","0","臺中市","新社區","120.795","24.210","28"
"582","285862","20220802231000","332","3","臺中市","新社區","120.780","24.215","575"
"324","285867","20220802231000","220","2","臺中市","新社區","120.775","24.220","341"
"130","285871","20220802231000","119","1","臺中市","新社區","120.775","24.225","137"
"136","285886","20220802231000","76","3","臺中市","梧棲區","120.515","24.225","111"
"125","285894","20220802231000","146","0","臺中市","清水區","120.635","24.265","161"
"698","285910","20220802231000","838","0","臺中市","梧棲區","120.535","24.250","731"
"50","285912","20220802231000","463","0","臺中市","梧棲區","120.545","24.250","73"
"578","285914","20220802231000","511","1","臺中市","梧棲區","120.540","24.255","603"
"344","285916","20220802231000","283","2","臺中市","豐原區","120.700","24.230","357"
"329","285918","20220802231000","364","0","臺中市","豐原區","120.705","24.235","279"
"292","285919","20220802231000","235","2","臺中市","豐原區","120.700","24.235","264"
"475","285920","20220802231000","429","1","臺中市","豐原區","120.700","24.240","484"
"61","285921","20220802231000","41","2","臺中市","豐原區","120.760","24.235","64"
"28","285923","20220802231000","46","0","臺中市","豐原區","120.755","24.240","28"
"23","285925","20220802231000","20","1","臺中市","豐原區","120.765","24.240","23"
"78","285927","20220802231000","82","0","臺中市","豐原區","120.750","24.245","65"
"464","285933","20220802231000","400","1","臺中市","豐原區","120.745","24.250","546"
"101","285937","20220802231000","76","2","臺中市","豐原區","120.765","24.250","98"
"15","285943","20220802231000","16","0","臺中市","豐原區","120.765","24.255","13"
"267","285948","20220802231000","154","3","臺中市","石岡區","120.770","24.260","201"
"50","285949","20220802231000","51","0","臺中市","豐原區","120.760","24.265","52"
"150","285953","20220802231000","82","3","臺中市","石岡區","120.765","24.270","171"
"1154","285954","20220802231000","777","2","臺中市","豐原區","120.730","24.255","1138"
"329","285955","20220802231000","446","0","臺中市","豐原區","120.735","24.255","341"
"1180","285956","20220802231000","1009","1","臺中市","豐原區","120.745","24.255","1121"
"770","285957","20220802231000","298","3","臺中市","豐原區","120.740","24.260","831"
"445","285958","20220802231000","294","3","臺中市","豐原區","120.745","24.260","373"
"57","285959","20220802231000","360","0","臺中市","豐原區","120.750","24.260","64"
"180","285960","20220802231000","247","0","臺中市","豐原區","120.755","24.265","198"
"2646","285962","20220802231000","2634","1","臺中市","豐原區","120.725","24.240","2550"
"1544","285963","20220802231000","1863","0","臺中市","豐原區","120.730","24.240","1434"
"60","285964","20220802231000","113","0","臺中市","龍井區","120.580","24.190","49"
"55","285965","20220802231000","62","0","臺中市","龍井區","120.585","24.190","76"
"76","285980","20220802231000","511","0","臺中市","沙鹿區","120.570","24.225","89"
"2480","285981","20220802231000","2252","1","臺中市","沙鹿區","120.570","24.230","2606"
"643","285983","20220802231000","1356","0","臺中市","沙鹿區","120.565","24.215","717"
"1888","285984","20220802231000","1785","1","臺中市","沙鹿區","120.555","24.220","2232"
"317","285985","20220802231000","275","1","臺中市","沙鹿區","120.560","24.220","350"
"637","285990","20220802231000","442","2","臺中市","沙鹿區","120.575","24.200","684"
"1976","285991","20220802231000","1575","2","臺中市","沙鹿區","120.580","24.200","1741"
"570","285994","20220802231000","500","1","臺中市","沙鹿區","120.570","24.205","584"
"11","285998","20220802231000","67","0","臺中市","沙鹿區","120.570","24.210","11"
"606","285999","20220802231000","682","0","臺中市","沙鹿區","120.575","24.210","560"
"161","286001","20220802231000","154","1","臺中市","沙鹿區","120.560","24.235","163"
"724","286002","20220802231000","588","2","臺中市","豐原區","120.710","24.250","858"
"2405","286003","20220802231000","1974","2","臺中市","豐原區","120.715","24.250","2304"
"436","286005","20220802231000","521","0","臺中市","豐原區","120.725","24.225","368"
"402","286006","20220802231000","339","1","臺中市","豐原區","120.730","24.225","388"
"618","286008","20220802231000","464","2","臺中市","豐原區","120.725","24.230","638"
"232","286010","20220802231000","237","0","臺中市","豐原區","120.735","24.230","256"
"575","286012","20220802231000","496","1","臺中市","豐原區","120.730","24.230","577"
"1161","286014","20220802231000","1070","1","臺中市","北屯區","120.660","24.190","1144"
"1921","286023","20220802231000","683","3","臺中市","龍井區","120.520","24.205","1995"
"882","286024","20220802231000","222","3","臺中市","龍井區","120.525","24.205","844"
"1047","286027","20220802231000","355","3","臺中市","龍井區","120.505","24.210","992"
"198","286031","20220802231000","108","3","臺中市","龍井區","120.545","24.205","210"
"1459","286036","20220802231000","1478","0","臺中市","龍井區","120.550","24.210","1485"
"500","286039","20220802231000","414","2","臺中市","龍井區","120.545","24.215","534"
"405","286043","20220802231000","226","3","臺中市","東勢區","120.830","24.235","404"
"544","286047","20220802231000","403","2","臺中市","東勢區","120.830","24.240","555"
"1104","286051","20220802231000","1369","0","臺中市","東勢區","120.830","24.245","1075"
"268","286052","20220802231000","205","2","臺中市","東勢區","120.835","24.245","262"
"706","286053","20220802231000","619","1","臺中市","東勢區","120.840","24.245","682"
"685","286054","20220802231000","692","0","臺中市","東勢區","120.825","24.255","709"
"65","286060","20220802231000","66","0","臺中市","東勢區","120.845","24.275","77"
"192","286071","20220802231000","138","2","臺中市","清水區","120.580","24.270","216"
"2070","286072","20220802231000","1410","2","臺中市","北屯區","120.685","24.185","2010"
"71","286075","20220802231000","299","0","臺中市","北屯區","120.690","24.195","83"
"2103","286078","20220802231000","1553","2","臺中市","豐原區","120.720","24.250","2292"
"3326","286079","20220802231000","3416","0","臺中市","梧棲區","120.535","24.260","3617"
"543","286081","20220802231000","582","0","臺中市","梧棲區","120.530","24.265","479"
"1055","286084","20220802231000","926","1","臺中市","梧棲區","120.530","24.270","994"
"779","286088","20220802231000","708","1","臺中市","沙鹿區","120.565","24.200","840"
"439","286090","20220802231000","277","3","臺中市","沙鹿區","120.560","24.205","494"
"35","286091","20220802231000","588","0","臺中市","沙鹿區","120.565","24.205","32"
"70","286092","20220802231000","594","0","臺中市","沙鹿區","120.555","24.210","92"
"25","286093","20220802231000","308","0","臺中市","沙鹿區","120.560","24.210","30"
"291","286094","20220802231000","236","2","臺中市","沙鹿區","120.565","24.210","345"
"144","286095","20220802231000","141","1","臺中市","沙鹿區","120.555","24.215","113"
"314","286097","20220802231000","221","2","臺中市","沙鹿區","120.605","24.240","315"
"363","286098","20220802231000","372","0","臺中市","沙鹿區","120.605","24.245","318"
"864","286099","20220802231000","596","2","臺中市","沙鹿區","120.610","24.245","964"
"387","286100","20220802231000","252","3","臺中市","沙鹿區","120.600","24.250","437"
"362","286105","20220802231000","294","2","臺中市","北屯區","120.685","24.195","391"
"365","286108","20220802231000","301","2","臺中市","北屯區","120.750","24.190","371"
"16","286112","20220802231000","84","0","臺中市","北屯區","120.745","24.195","11"
"134","286113","20220802231000","122","1","臺中市","北屯區","120.750","24.195","121"
"12","286116","20220802231000","59","0","臺中市","北屯區","120.765","24.195","15"
"37","286118","20220802231000","36","1","臺中市","北屯區","120.745","24.200","36"
"43","286121","20220802231000","40","1","臺中市","北屯區","120.760","24.200","43"
"1688","286135","20220802231000","968","3","臺中市","北屯區","120.680","24.190","1789"
"796","286137","20220802231000","698","1","臺中市","清水區","120.545","24.265","746"
"747","286140","20220802231000","851","0","臺中市","清水區","120.545","24.270","685"
"688","286141","20220802231000","589","1","臺中市","清水區","120.550","24.270","686"
"1323","286147","20220802231000","2151","0","臺中市","潭子區","120.710","24.215","1295"
"28","286149","20220802231000","338","0","臺中市","潭子區","120.710","24.220","41"
"13","286151","20220802231000","12","1","臺中市","潭子區","120.715","24.225","11"
"609","286153","20220802231000","532","1","臺中市","豐原區","120.720","24.230","633"
"362","286156","20220802231000","404","0","臺中市","潭子區","120.680","24.225","420"
"743","286159","20220802231000","668","1","臺中市","潭子區","120.685","24.230","677"
"1811","286161","20220802231000","1374","2","臺中市","潭子區","120.690","24.225","1766"
"240","286162","20220802231000","307","0","臺中市","潭子區","120.695","24.225","383"
"362","286167","20220802231000","416","0","臺中市","梧棲區","120.525","24.225","366"
"309","286169","20220802231000","336","0","臺中市","梧棲區","120.510","24.230","336"
"87","286173","20220802231000","103","0","臺中市","梧棲區","120.505","24.235","97"
"24","286175","20220802231000","25","0","臺中市","梧棲區","120.515","24.235","26"
"902","286177","20220802231000","1272","0","臺中市","梧棲區","120.525","24.235","809"
"12","286179","20220802231000","17","0","臺中市","梧棲區","120.505","24.240","25"
"190","286180","20220802231000","190","1","臺中市","梧棲區","120.510","24.240","176"
"98","286181","20220802231000","119","0","臺中市","梧棲區","120.515","24.240","98"
"910","286183","20220802231000","535","3","臺中市","梧棲區","120.525","24.240","919"
"59","286186","20220802231000","54","1","臺中市","梧棲區","120.510","24.245","73"
"184","286187","20220802231000","296","0","臺中市","梧棲區","120.515","24.245","171"
"958","286190","20220802231000","1275","0","臺中市","梧棲區","120.530","24.245","1044"
"256","286195","20220802231000","221","1","臺中市","梧棲區","120.525","24.250","210"
"176","286199","20220802231000","266","0","臺中市","沙鹿區","120.580","24.220","164"
"1381","286203","20220802231000","1991","0","臺中市","沙鹿區","120.575","24.225","1351"
"523","286204","20220802231000","898","0","臺中市","沙鹿區","120.580","24.225","540"
"308","286205","20220802231000","689","0","臺中市","沙鹿區","120.585","24.225","274"
"376","286208","20220802231000","517","0","臺中市","沙鹿區","120.575","24.230","357"
"30","286209","20220802231000","556","0","臺中市","沙鹿區","120.580","24.230","29"
"90","286215","20220802231000","750","0","臺中市","沙鹿區","120.550","24.225","103"
"19","286221","20220802231000","17","1","臺中市","北屯區","120.770","24.195","25"
"23","286224","20220802231000","241","0","臺中市","北屯區","120.780","24.195","27"
"36","286235","20220802231000","27","2","臺中市","北屯區","120.770","24.205","35"
"961","286244","20220802231000","1427","0","臺中市","大雅區","120.650","24.225","951"
"156","286246","20220802231000","108","2","臺中市","大雅區","120.605","24.225","160"
"135","286248","20220802231000","119","1","臺中市","大雅區","120.615","24.225","147"
"447","286260","20220802231000","388","1","臺中市","大雅區","120.620","24.235","390"
"1528","286262","20220802231000","1175","2","臺中市","大雅區","120.645","24.215","1461"
"492","286263","20220802231000","371","2","臺中市","大雅區","120.645","24.220","561"
"834","286264","20220802231000","756","1","臺中市","大雅區","120.645","24.225","831"
"477","286266","20220802231000","305","3","臺中市","大雅區","120.635","24.205","467"
"50","286267","20220802231000","280","0","臺中市","大雅區","120.640","24.205","47"
"2019","286269","20220802231000","1400","2","臺中市","大雅區","120.615","24.210","2029"
"352","286270","20220802231000","285","2","臺中市","大雅區","120.620","24.210","349"
"811","286272","20220802231000","672","2","臺中市","大雅區","120.630","24.210","744"
"374","286273","20220802231000","277","2","臺中市","大雅區","120.635","24.210","440"
"205","286276","20220802231000","171","1","臺中市","大雅區","120.605","24.215","220"
"541","286279","20220802231000","755","0","臺中市","大雅區","120.620","24.215","564"
"10","286280","20220802231000","66","0","臺中市","大雅區","120.625","24.215","10"
"763","286281","20220802231000","591","2","臺中市","大雅區","120.635","24.215","732"
"102","286282","20220802231000","76","2","臺中市","大雅區","120.600","24.220","98"
"85","286284","20220802231000","90","0","臺中市","大雅區","120.610","24.220","81"
"274","286285","20220802231000","137","3","臺中市","大雅區","120.615","24.220","272"
"756","286287","20220802231000","417","3","臺中市","大雅區","120.640","24.220","725"
"185","286288","20220802231000","173","1","臺中市","大雅區","120.630","24.215","181"
"36","286289","20220802231000","68","0","臺中市","大雅區","120.625","24.220","44"
"700","286292","20220802231000","565","2","臺中市","大雅區","120.625","24.225","677"
"1317","286293","20220802231000","1053","2","臺中市","大雅區","120.630","24.225","1382"
"516","286296","20220802231000","348","2","臺中市","大雅區","120.620","24.230","532"
"299","286300","20220802231000","165","3","臺中市","大雅區","120.625","24.230","353"
"664","286302","20220802231000","446","2","臺中市","潭子區","120.670","24.205","694"
"144","286305","20220802231000","104","2","臺中市","大雅區","120.670","24.215","185"
"512","286306","20220802231000","306","3","臺中市","大雅區","120.675","24.215","605"
"774","286307","20220802231000","784","0","臺中市","大雅區","120.670","24.220","678"
"673","286318","20220802231000","433","3","臺中市","東勢區","120.835","24.220","651"
"81","286321","20220802231000","476","0","臺中市","東勢區","120.825","24.270","92"
"242","286323","20220802231000","188","2","臺中市","東勢區","120.820","24.275","239"
"357","286344","20220802231000","382","0","臺中市","東勢區","120.850","24.260","364"
"204","286375","20220802231000","164","2","臺中市","沙鹿區","120.590","24.230","221"
"560","286377","20220802231000","649","0","臺中市","沙鹿區","120.565","24.235","522"
"2748","286384","20220802231000","2996","0","臺中市","沙鹿區","120.570","24.240","2842"
"527","286386","20220802231000","828","0","臺中市","東勢區","120.830","24.255","555"
"510","286388","20220802231000","713","0","臺中市","東勢區","120.825","24.250","484"
"516","286389","20220802231000","393","2","臺中市","梧棲區","120.530","24.230","523"
"699","286392","20220802231000","797","0","臺中市","梧棲區","120.545","24.230","704"
"1260","286398","20220802231000","1138","1","臺中市","豐原區","120.715","24.255","1357"
"180","286399","20220802231000","1218","0","臺中市","豐原區","120.720","24.255","189"
"2372","286400","20220802231000","664","3","臺中市","豐原區","120.735","24.270","2324"
"74","286406","20220802231000","347","0","臺中市","豐原區","120.745","24.275","130"
"548","286408","20220802231000","327","3","臺中市","豐原區","120.755","24.275","579"
"645","286413","20220802231000","632","1","臺中市","東勢區","120.760","24.280","688"
"330","286418","20220802231000","157","3","臺中市","豐原區","120.725","24.275","344"
"622","286422","20220802231000","142","3","臺中市","豐原區","120.735","24.280","565"
"190","286436","20220802231000","157","2","臺中市","豐原區","120.760","24.230","179"
"187","286446","20220802231000","164","1","臺中市","豐原區","120.740","24.235","178"
"200","286447","20220802231000","138","2","臺中市","豐原區","120.745","24.235","192"
"222","286461","20220802231000","1527","0","臺中市","龍井區","120.520","24.195","302"
"1337","286465","20220802231000","360","3","臺中市","龍井區","120.500","24.200","1289"
"555","286475","20220802231000","211","3","臺中市","龍井區","120.510","24.200","616"
"90","286482","20220802231000","309","0","臺中市","龍井區","120.515","24.205","110"
"361","286485","20220802231000","234","3","臺中市","石岡區","120.770","24.280","372"
"1099","286486","20220802231000","957","1","臺中市","石岡區","120.775","24.275","1089"
"634","286489","20220802231000","360","3","臺中市","石岡區","120.795","24.270","622"
"95","286497","20220802231000","72","2","臺中市","石岡區","120.775","24.255","122"
"19","286500","20220802231000","25","0","臺中市","石岡區","120.775","24.260","24"
"192","286510","20220802231000","172","1","臺中市","石岡區","120.770","24.275","209"
"208","286511","20220802231000","115","3","臺中市","新社區","120.795","24.245","259"
"14","286515","20220802231000","75","0","臺中市","石岡區","120.790","24.255","14"
"300","286517","20220802231000","205","2","臺中市","石岡區","120.785","24.260","309"
"450","286522","20220802231000","397","1","臺中市","潭子區","120.695","24.230","382"
"634","286525","20220802231000","447","2","臺中市","神岡區","120.695","24.235","720"
"523","286526","20220802231000","376","2","臺中市","神岡區","120.690","24.240","559"
"77","286528","20220802231000","454","0","臺中市","豐原區","120.740","24.265","100"
"2740","286530","20220802231000","2578","1","臺中市","清水區","120.570","24.265","2844"
"515","286531","20220802231000","352","2","臺中市","清水區","120.570","24.270","557"
"663","286535","20220802231000","477","2","臺中市","清水區","120.630","24.275","668"
"221","286541","20220802231000","137","3","臺中市","清水區","120.565","24.275","277"
"310","286544","20220802231000","161","3","臺中市","西屯區","120.640","24.190","298"
"417","286547","20220802231000","386","1","臺中市","西屯區","120.645","24.195","510"
"642","286549","20220802231000","377","3","臺中市","西屯區","120.645","24.200","648"
"50","286550","20220802231000","364","0","臺中市","西屯區","120.650","24.200","68"
"34","286551","20220802231000","52","0","臺中市","西屯區","120.650","24.205","33"
"52","286554","20220802231000","489","0","臺中市","神岡區","120.670","24.255","83"
"1212","286555","20220802231000","845","2","臺中市","神岡區","120.675","24.255","1109"
"1890","286556","20220802231000","756","3","臺中市","神岡區","120.665","24.260","1785"
"17","286558","20220802231000","146","0","臺中市","神岡區","120.655","24.265","25"
"403","286561","20220802231000","280","2","臺中市","神岡區","120.665","24.270","379"
"169","286563","20220802231000","76","3","臺中市","神岡區","120.665","24.275","191"
"300","286566","20220802231000","340","0","臺中市","神岡區","120.645","24.265","559"
"23","286569","20220802231000","97","0","臺中市","神岡區","120.650","24.270","64"
"741","286570","20220802231000","381","3","臺中市","神岡區","120.655","24.270","827"
"41","286572","20220802231000","498","0","臺中市","神岡區","120.650","24.275","51"
"669","286574","20220802231000","501","2","臺中市","神岡區","120.660","24.275","768"
"130","286598","20220802231000","82","3","臺中市","和平區","120.895","24.230","134"
"44","286652","20220802231000","28","3","臺中市","和平區","120.905","24.240","39"
"120","286658","20220802231000","87","2","臺中市","和平區","120.935","24.240","140"
"103","286690","20220802231000","67","3","臺中市","和平區","120.900","24.250","112"
"61","286794","20220802231000","45","2","臺中市","和平區","121.015","24.195","72"
"188","286822","20220802231000","138","2","臺中市","和平區","121.005","24.200","247"
"219","286823","20220802231000","252","0","臺中市","和平區","121.010","24.200","343"
"171","286853","20220802231000","190","0","臺中市","和平區","121.015","24.205","178"
"21","286950","20220802231000","16","2","臺中市","和平區","120.965","24.225","30"
"113","287119","20220802231000","83","2","臺中市","和平區","121.010","24.255","136"
"36","287154","20220802231000","18","3","臺中市","和平區","121.000","24.265","28"
"16","287173","20220802231000","17","0","臺中市","和平區","121.015","24.270","21"
"216","287678","20220802231000","168","2","臺中市","和平區","121.245","24.245","243"
"221","287725","20220802231000","119","3","臺中市","和平區","121.245","24.250","218"
"235","287726","20220802231000","169","2","臺中市","和平區","121.250","24.250","242"
"34","287756","20220802231000","33","1","臺中市","和平區","121.165","24.255","32"
"23","287766","20220802231000","31","0","臺中市","和平區","121.215","24.255","29"
"303","287770","20220802231000","164","3","臺中市","和平區","121.235","24.255","298"
"281","287774","20220802231000","235","1","臺中市","和平區","121.255","24.255","381"
"232","287776","20220802231000","140","3","臺中市","和平區","121.265","24.255","245"
"10","287809","20220802231000","12","0","臺中市","和平區","121.190","24.260","16"
"610","287823","20220802231000","405","3","臺中市","和平區","121.260","24.260","634"
"64","288103","20220802231000","39","3","臺中市","和平區","120.890","24.275","53"
"13","288133","20220802231000","15","0","臺中市","和平區","120.945","24.280","14"
"12","288159","20220802231000","18","0","臺中市","和平區","121.025","24.280","22"
"770","288160","20220802231000","865","0","臺中市","清水區","120.555","24.260","759"
"61","288161","20220802231000","785","0","臺中市","清水區","120.560","24.260","296"
"1291","288163","20220802231000","1118","1","臺中市","清水區","120.550","24.265","1306"
"612","288166","20220802231000","1242","0","臺中市","清水區","120.565","24.265","660"
"1370","288169","20220802231000","1043","2","臺中市","清水區","120.560","24.275","1344"
"378","288179","20220802231000","355","1","臺中市","清水區","120.605","24.275","367"
"95","288182","20220802231000","141","0","臺中市","清水區","120.600","24.275","129"
"93","288184","20220802231000","79","1","臺中市","清水區","120.610","24.275","108"
"144","288192","20220802231000","140","1","臺中市","潭子區","120.725","24.215","174"
"305","288194","20220802231000","263","1","臺中市","潭子區","120.735","24.215","309"
"542","288198","20220802231000","498","1","臺中市","潭子區","120.720","24.220","573"
"1733","288207","20220802231000","1364","2","臺中市","潭子區","120.680","24.205","1785"
"48","288208","20220802231000","56","0","臺中市","潭子區","120.685","24.205","58"
"671","288209","20220802231000","535","2","臺中市","北屯區","120.690","24.205","708"
"200","288212","20220802231000","99","3","臺中市","潭子區","120.690","24.210","219"
"792","288215","20220802231000","705","1","臺中市","潭子區","120.685","24.215","841"
"1224","288216","20220802231000","1384","0","臺中市","潭子區","120.690","24.215","1151"
"597","288219","20220802231000","428","2","臺中市","潭子區","120.690","24.220","663"
"1736","288223","20220802231000","1465","1","臺中市","潭子區","120.710","24.230","1777"
"293","288224","20220802231000","295","0","臺中市","豐原區","120.715","24.230","296"
"924","288225","20220802231000","670","2","臺中市","潭子區","120.705","24.230","812"
"2816","288228","20220802231000","1459","3","臺中市","神岡區","120.660","24.260","3010"
"1025","288232","20220802231000","952","1","臺中市","神岡區","120.700","24.265","1028"
"1349","288240","20220802231000","1246","1","臺中市","神岡區","120.710","24.255","1261"
"688","288242","20220802231000","491","2","臺中市","神岡區","120.705","24.260","656"
"213","288243","20220802231000","1267","0","臺中市","神岡區","120.710","24.260","235"
"722","288247","20220802231000","622","1","臺中市","神岡區","120.705","24.275","655"
"522","288250","20220802231000","420","2","臺中市","神岡區","120.710","24.275","498"
"128","288252","20220802231000","124","1","臺中市","西屯區","120.605","24.195","153"
"115","288253","20220802231000","149","0","臺中市","西屯區","120.610","24.195","89"
"29","288259","20220802231000","32","0","臺中市","西屯區","120.600","24.200","40"
"73","288260","20220802231000","37","3","臺中市","西屯區","120.605","24.200","72"
"37","288261","20220802231000","62","0","臺中市","西屯區","120.610","24.200","48"
"733","288262","20220802231000","728","1","臺中市","西屯區","120.615","24.200","853"
"834","288264","20220802231000","467","3","臺中市","西屯區","120.625","24.200","1061"
"554","288265","20220802231000","477","1","臺中市","西屯區","120.630","24.200","442"
"27","288267","20220802231000","29","0","臺中市","西屯區","120.595","24.205","27"
"745","288268","20220802231000","521","2","臺中市","西屯區","120.600","24.205","763"
"220","288269","20220802231000","245","0","臺中市","西屯區","120.605","24.205","194"
"213","288270","20220802231000","158","2","臺中市","西屯區","120.610","24.205","238"
"664","288271","20220802231000","647","1","臺中市","西屯區","120.615","24.205","634"
"799","288272","20220802231000","772","1","臺中市","西屯區","120.620","24.205","869"
"18","288275","20220802231000","14","2","臺中市","西屯區","120.600","24.210","13"
"198","288276","20220802231000","208","0","臺中市","西屯區","120.605","24.210","212"
"1180","288277","20220802231000","1286","0","臺中市","西屯區","120.610","24.210","1192"
"3901","288279","20220802231000","3765","1","臺中市","西屯區","120.610","24.190","3738"
"244","288281","20220802231000","170","2","臺中市","西屯區","120.625","24.190","238"
"121","288284","20220802231000","29","3","臺中市","西屯區","120.595","24.195","187"
"160","288287","20220802231000","101","3","臺中市","西屯區","120.655","24.190","125"
"687","288289","20220802231000","431","3","臺中市","西屯區","120.655","24.195","590"
"1429","288290","20220802231000","1182","2","臺中市","西屯區","120.660","24.195","1469"
"506","288291","20220802231000","324","3","臺中市","西屯區","120.655","24.200","525"
"265","288294","20220802231000","229","1","臺中市","西屯區","120.660","24.205","200"
"507","288298","20220802231000","468","1","臺中市","東勢區","120.850","24.240","517"
"288","288299","20220802231000","205","2","臺中市","東勢區","120.845","24.245","314"
"385","288302","20220802231000","579","0","臺中市","東勢區","120.825","24.260","390"
"1149","288304","20220802231000","979","1","臺中市","東勢區","120.825","24.265","1112"
"258","288312","20220802231000","186","2","臺中市","東勢區","120.835","24.230","286"
"26","288317","20220802231000","338","0","臺中市","東勢區","120.840","24.235","28"
"78","288339","20220802231000","33","3","臺中市","東勢區","120.875","24.215","67"
"51","288351","20220802231000","42","2","臺中市","東勢區","120.895","24.220","70"
"14","288365","20220802231000","122","0","臺中市","東勢區","120.880","24.230","12"
"129","288382","20220802231000","103","2","臺中市","東勢區","120.865","24.240","138"
"774","288395","20220802231000","548","2","臺中市","沙鹿區","120.560","24.230","807"
"1137","288396","20220802231000","1270","0","臺中市","潭子區","120.710","24.235","1151"
"303","288397","20220802231000","1377","0","臺中市","豐原區","120.715","24.240","345"
"804","288401","20220802231000","1121","0","臺中市","清水區","120.570","24.260","822"
"15","288402","20220802231000","83","0","臺中市","清水區","120.575","24.270","21"
"1821","288403","20220802231000","2113","0","臺中市","清水區","120.580","24.275","1764"
"377","288407","20220802231000","1323","0","臺中市","潭子區","120.700","24.190","412"
"93","288459","20220802231000","80","1","花蓮縣","秀林鄉","121.715","24.245","96"
"92","288610","20220802231000","43","3","花蓮縣","秀林鄉","121.740","24.260","107"
"46","288819","20220802231000","44","1","花蓮縣","秀林鄉","121.485","24.190","61"
"30","288993","20220802231000","36","0","花蓮縣","秀林鄉","121.480","24.205","32"
"21","289039","20220802231000","17","2","花蓮縣","秀林鄉","121.450","24.210","25"
"1217","289851","20220802231000","1542","0","臺中市","大雅區","120.650","24.220","1216"
"827","289852","20220802231000","1109","0","臺中市","大雅區","120.655","24.220","1001"
"444","289853","20220802231000","328","2","臺中市","大雅區","120.660","24.220","447"
"3822","289854","20220802231000","3055","2","臺中市","大雅區","120.655","24.225","3653"
"132","289855","20220802231000","114","1","臺中市","大雅區","120.660","24.225","158"
"986","289860","20220802231000","1006","0","臺中市","大雅區","120.635","24.235","932"
"1349","289863","20220802231000","1137","1","臺中市","大雅區","120.630","24.240","1302"
"325","289868","20220802231000","282","1","臺中市","大雅區","120.635","24.245","313"
"42","289874","20220802231000","46","0","臺中市","大雅區","120.635","24.255","66"
"2325","289875","20220802231000","1430","3","臺中市","大雅區","120.645","24.230","2424"
"909","289879","20220802231000","751","2","臺中市","大雅區","120.655","24.230","866"
"733","289882","20220802231000","580","2","臺中市","大雅區","120.655","24.235","806"
"302","289884","20220802231000","197","3","臺中市","大雅區","120.645","24.240","269"
"1222","289886","20220802231000","735","3","臺中市","大雅區","120.655","24.240","1124"
"281","289893","20220802231000","321","0","臺中市","豐原區","120.735","24.260","274"
"1043","289895","20220802231000","522","3","臺中市","豐原區","120.750","24.265","949"
"477","289898","20220802231000","328","2","臺中市","豐原區","120.735","24.265","488"
"156","289907","20220802231000","126","2","臺中市","新社區","120.815","24.240","135"
"61","289909","20220802231000","516","0","臺中市","豐原區","120.720","24.245","76"
"1154","289910","20220802231000","1044","1","臺中市","豐原區","120.725","24.245","1097"
"532","289912","20220802231000","452","1","臺中市","大雅區","120.670","24.225","549"
"781","289916","20220802231000","1373","0","臺中市","大雅區","120.650","24.230","842"
"46","289918","20220802231000","291","0","臺中市","大雅區","120.645","24.210","67"
"886","289919","20220802231000","850","1","臺中市","大雅區","120.650","24.210","864"
"413","289920","20220802231000","469","0","臺中市","大雅區","120.650","24.215","466"
"153","289921","20220802231000","1003","0","臺中市","大雅區","120.660","24.230","161"
"631","289922","20220802231000","635","0","臺中市","大雅區","120.665","24.230","619"
"1798","289923","20220802231000","1757","1","臺中市","大雅區","120.670","24.230","1701"
"660","289927","20220802231000","594","1","臺中市","大雅區","120.675","24.240","656"
"1076","289928","20220802231000","833","2","臺中市","東勢區","120.830","24.250","1106"
"758","289929","20220802231000","687","1","臺中市","東勢區","120.835","24.250","730"
"708","289937","20220802231000","559","2","臺中市","石岡區","120.785","24.275","721"
"775","289944","20220802231000","585","2","臺中市","石岡區","120.815","24.260","786"
"110","289946","20220802231000","248","0","臺中市","石岡區","120.805","24.265","95"
"53","289955","20220802231000","277","0","臺中市","石岡區","120.795","24.275","47"
"324","289964","20220802231000","219","2","臺中市","龍井區","120.480","24.210","383"
"227","289976","20220802231000","126","3","臺中市","龍井區","120.485","24.220","180"
"165","289982","20220802231000","210","0","臺中市","龍井區","120.490","24.225","172"
"499","289983","20220802231000","322","3","臺中市","龍井區","120.495","24.225","459"
"10","289993","20220802231000","108","0","臺中市","龍井區","120.495","24.230","16"
"849","289996","20220802231000","939","0","臺中市","沙鹿區","120.580","24.210","938"
"146","289999","20220802231000","1114","0","臺中市","沙鹿區","120.575","24.215","188"
"356","290000","20220802231000","533","0","臺中市","沙鹿區","120.580","24.215","317"
"234","290001","20220802231000","254","0","臺中市","沙鹿區","120.585","24.215","212"
"1141","290004","20220802231000","1081","1","臺中市","沙鹿區","120.570","24.220","1206"
"507","290005","20220802231000","370","2","臺中市","沙鹿區","120.575","24.220","552"
"50","290008","20220802231000","45","1","臺中市","東勢區","120.840","24.190","40"
"90","290010","20220802231000","50","3","臺中市","東勢區","120.835","24.195","77"
"483","290015","20220802231000","304","3","臺中市","東勢區","120.840","24.200","459"
"172","290025","20220802231000","175","0","臺中市","東勢區","120.840","24.210","174"
"15","290037","20220802231000","329","0","臺中市","東勢區","120.850","24.195","13"
"797","290046","20220802231000","878","0","臺中市","龍井區","120.545","24.190","881"
"179","290051","20220802231000","182","0","臺中市","潭子區","120.695","24.195","205"
"2214","290052","20220802231000","1887","1","臺中市","潭子區","120.700","24.195","2431"
"23","290171","20220802231000","13","3","南投縣","仁愛鄉","121.290","24.225","20"
"107","290182","20220802231000","95","1","南投縣","仁愛鄉","121.260","24.230","116"
"174","290292","20220802231000","116","3","南投縣","仁愛鄉","121.220","24.190","140"
"246","290293","20220802231000","118","3","南投縣","仁愛鄉","121.225","24.190","229"
"41","296900","20220802231000","41","1","宜蘭縣","南澳鄉","121.750","24.320","31"
"355","296924","20220802231000","201","3","宜蘭縣","南澳鄉","121.745","24.330","347"
"825","297399","20220802231000","479","3","臺中市","清水區","120.580","24.280","927"
"1281","297407","20220802231000","1391","0","臺中市","外埔區","120.620","24.335","1236"
"210","297413","20220802231000","129","3","臺中市","神岡區","120.650","24.280","204"
"338","297416","20220802231000","185","3","臺中市","神岡區","120.640","24.285","385"
"71","297422","20220802231000","68","1","臺中市","神岡區","120.640","24.290","67"
"216","297424","20220802231000","138","3","臺中市","神岡區","120.650","24.290","237"
"138","297433","20220802231000","1280","0","臺中市","大甲區","120.620","24.345","188"
"173","297434","20220802231000","193","0","臺中市","梧棲區(海)","120.510","24.280","133"
"45","297444","20220802231000","13","3","臺中市","清水區","120.620","24.285","56"
"127","297446","20220802231000","85","2","臺中市","大甲區","120.640","24.345","157"
"1113","297450","20220802231000","1124","0","臺中市","大甲區","120.630","24.355","1017"
"673","297453","20220802231000","571","1","臺中市","大甲區","120.645","24.355","659"
"225","297457","20220802231000","45","3","臺中市","大甲區","120.650","24.360","171"
"48","297458","20220802231000","344","0","臺中市","大甲區","120.640","24.365","60"
"119","297462","20220802231000","165","0","臺中市","東勢區","120.795","24.295","115"
"114","297485","20220802231000","106","1","臺中市","東勢區","120.785","24.310","128"
"285","297494","20220802231000","272","1","臺中市","東勢區","120.780","24.315","313"
"131","297510","20220802231000","121","1","臺中市","東勢區","120.870","24.280","170"
"170","297533","20220802231000","109","3","臺中市","清水區","120.560","24.310","189"
"25","297539","20220802231000","247","0","臺中市","清水區","120.555","24.305","34"
"224","297540","20220802231000","205","1","臺中市","清水區","120.550","24.310","209"
"444","297546","20220802231000","462","0","臺中市","清水區","120.560","24.320","401"
"10","297575","20220802231000","13","0","臺中市","清水區","120.540","24.300","12"
"166","297586","20220802231000","241","0","臺中市","清水區","120.545","24.305","152"
"183","297618","20220802231000","217","0","臺中市","后里區","120.665","24.305","201"
"537","297627","20220802231000","485","1","臺中市","后里區","120.680","24.310","580"
"243","297639","20220802231000","178","2","臺中市","后里區","120.725","24.285","275"
"251","297645","20220802231000","287","0","臺中市","后里區","120.725","24.290","225"
"225","297646","20220802231000","258","0","臺中市","后里區","120.730","24.290","241"
"131","297647","20220802231000","52","3","臺中市","后里區","120.735","24.290","142"
"234","297648","20220802231000","108","3","臺中市","后里區","120.740","24.290","272"
"324","297654","20220802231000","775","0","臺中市","后里區","120.730","24.295","332"
"56","297656","20220802231000","43","2","臺中市","后里區","120.740","24.295","68"
"189","297659","20220802231000","201","0","臺中市","后里區","120.755","24.295","166"
"27","297662","20220802231000","12","3","臺中市","后里區","120.725","24.300","31"
"60","297664","20220802231000","57","1","臺中市","后里區","120.735","24.300","73"
"12","297665","20220802231000","83","0","臺中市","后里區","120.740","24.300","15"
"766","297671","20220802231000","692","1","臺中市","后里區","120.725","24.305","657"
"72","297672","20220802231000","15","3","臺中市","后里區","120.735","24.305","82"
"595","297689","20220802231000","525","1","臺中市","大安區","120.585","24.365","556"
"2042","297697","20220802231000","1801","1","臺中市","大甲區","120.630","24.350","2290"
"24","297701","20220802231000","14","3","苗栗縣","苑裡鎮","120.700","24.365","17"
"1402","297704","20220802231000","1191","1","臺中市","大甲區","120.625","24.350","1285"
"1998","297705","20220802231000","1866","1","臺中市","大甲區","120.620","24.355","2152"
"1341","297706","20220802231000","1489","0","臺中市","大甲區","120.615","24.345","1291"
"668","297725","20220802231000","743","0","臺中市","大甲區","120.635","24.370","584"
"393","297760","20220802231000","323","2","臺中市","清水區","120.605","24.305","397"
"524","297763","20220802231000","461","1","臺中市","清水區","120.605","24.310","538"
"212","297775","20220802231000","1236","0","臺中市","后里區","120.710","24.305","210"
"204","297776","20220802231000","162","2","臺中市","后里區","120.700","24.310","244"
"291","297778","20220802231000","204","2","臺中市","后里區","120.735","24.310","310"
"45","297782","20220802231000","59","0","臺中市","后里區","120.755","24.310","43"
"284","297783","20220802231000","285","0","臺中市","后里區","120.740","24.315","306"
"14","297787","20220802231000","17","0","臺中市","后里區","120.760","24.315","17"
"141","297795","20220802231000","181","0","臺中市","后里區","120.735","24.325","138"
"347","297801","20220802231000","326","1","臺中市","后里區","120.740","24.330","308"
"303","297811","20220802231000","254","1","臺中市","后里區","120.725","24.340","381"
"354","297831","20220802231000","378","0","臺中市","外埔區","120.700","24.345","368"
"613","297868","20220802231000","631","0","臺中市","外埔區","120.645","24.320","718"
"553","297883","20220802231000","440","2","臺中市","外埔區","120.670","24.320","548"
"196","297885","20220802231000","191","1","臺中市","外埔區","120.680","24.320","201"
"858","297886","20220802231000","771","1","臺中市","外埔區","120.665","24.325","874"
"772","297921","20220802231000","524","2","臺中市","外埔區","120.650","24.330","769"
"2159","297922","20220802231000","2160","0","臺中市","外埔區","120.655","24.330","2103"
"2706","297926","20220802231000","2617","1","臺中市","外埔區","120.635","24.340","2776"
"417","297928","20220802231000","352","1","臺中市","外埔區","120.645","24.340","406"
"240","297941","20220802231000","278","0","臺中市","外埔區","120.625","24.320","304"
"499","297947","20220802231000","311","3","臺中市","外埔區","120.630","24.325","562"
"60","297954","20220802231000","45","2","臺中市","外埔區","120.635","24.330","66"
"383","297957","20220802231000","269","2","臺中市","外埔區","120.630","24.335","374"
"296","297959","20220802231000","252","1","臺中市","外埔區","120.685","24.325","294"
"35","297961","20220802231000","75","0","臺中市","外埔區","120.675","24.330","30"
"374","297967","20220802231000","238","3","臺中市","后里區","120.710","24.330","363"
"163","297988","20220802231000","526","0","臺中市","外埔區","120.665","24.340","636"
"423","297992","20220802231000","307","2","臺中市","外埔區","120.685","24.340","415"
"811","297995","20220802231000","945","0","臺中市","大安區","120.585","24.345","783"
"47","298020","20220802231000","27","3","臺中市","大安區","120.570","24.340","47"
"60","298024","20220802231000","90","0","臺中市","大安區","120.570","24.345","60"
"343","298036","20220802231000","319","1","臺中市","大安區","120.590","24.335","307"
"328","298040","20220802231000","429","0","臺中市","大安區","120.590","24.340","330"
"99","298043","20220802231000","715","0","臺中市","大安區","120.605","24.365","121"
"1568","298045","20220802231000","1456","1","臺中市","后里區","120.720","24.310","1812"
"402","298047","20220802231000","502","0","臺中市","后里區","120.720","24.320","422"
"123","298050","20220802231000","830","0","臺中市","后里區","120.725","24.315","149"
"320","298051","20220802231000","314","1","臺中市","后里區","120.730","24.315","289"
"1986","298052","20220802231000","1250","3","臺中市","后里區","120.725","24.320","1967"
"133","298053","20220802231000","161","0","臺中市","后里區","120.730","24.320","135"
"80","298054","20220802231000","67","1","臺中市","后里區","120.735","24.320","64"
"97","298056","20220802231000","94","1","臺中市","后里區","120.725","24.325","101"
"916","298059","20220802231000","687","2","臺中市","后里區","120.710","24.310","942"
"112","298060","20220802231000","150","0","臺中市","后里區","120.715","24.310","27"
"378","298062","20220802231000","188","3","臺中市","后里區","120.710","24.315","395"
"154","298066","20220802231000","125","2","臺中市","后里區","120.705","24.320","177"
"127","298069","20220802231000","138","0","臺中市","外埔區","120.695","24.325","149"
"297","298070","20220802231000","207","2","臺中市","后里區","120.700","24.325","353"
"32","298074","20220802231000","26","2","臺中市","后里區","120.705","24.325","38"
"329","298075","20220802231000","368","0","臺中市","后里區","120.710","24.325","428"
"353","298078","20220802231000","316","1","臺中市","后里區","120.705","24.330","411"
"50","298081","20220802231000","232","0","臺中市","后里區","120.745","24.325","59"
"114","298082","20220802231000","108","1","臺中市","后里區","120.750","24.325","123"
"185","298092","20220802231000","138","2","臺中市","后里區","120.680","24.315","169"
"76","298093","20220802231000","36","3","臺中市","后里區","120.685","24.315","68"
"632","298094","20220802231000","607","1","臺中市","后里區","120.690","24.315","533"
"575","298095","20220802231000","418","2","臺中市","后里區","120.695","24.315","631"
"113","298096","20220802231000","90","2","臺中市","外埔區","120.685","24.320","142"
"70","298098","20220802231000","474","0","臺中市","大安區","120.600","24.345","74"
"47","298100","20220802231000","474","0","臺中市","大安區","120.600","24.350","68"
"163","298108","20220802231000","126","2","臺中市","大甲區","120.680","24.365","155"
"291","298116","20220802231000","285","1","臺中市","大甲區","120.675","24.370","307"
"523","298125","20220802231000","775","0","臺中市","大甲區","120.625","24.340","567"
"415","298126","20220802231000","388","1","臺中市","大甲區","120.630","24.340","447"
"151","298128","20220802231000","158","0","臺中市","大甲區","120.620","24.340","176"
"2423","298129","20220802231000","2456","0","臺中市","大甲區","120.625","24.345","2208"
"294","298135","20220802231000","250","1","臺中市","后里區","120.715","24.295","327"
"1502","298141","20220802231000","1646","0","臺中市","后里區","120.715","24.305","1464"
"449","298142","20220802231000","525","0","臺中市","后里區","120.720","24.305","490"
"517","298151","20220802231000","518","0","臺中市","清水區","120.610","24.290","531"
"147","298155","20220802231000","147","1","臺中市","清水區","120.610","24.295","153"
"1106","298159","20220802231000","1038","1","臺中市","大甲區","120.615","24.350","1204"
"315","298177","20220802231000","334","0","臺中市","大甲區","120.605","24.325","361"
"244","298178","20220802231000","304","0","臺中市","大甲區","120.595","24.330","230"
"1513","298182","20220802231000","1132","2","臺中市","后里區","120.725","24.310","1620"
"140","298183","20220802231000","190","0","臺中市","后里區","120.730","24.305","136"
"381","298184","20220802231000","602","0","臺中市","后里區","120.730","24.310","364"
"42","298185","20220802231000","29","2","臺中市","后里區","120.735","24.315","71"
"111","298202","20220802231000","116","0","臺中市","后里區","120.700","24.285","157"
"27","298208","20220802231000","287","0","臺中市","后里區","120.675","24.290","29"
"443","298213","20220802231000","368","2","臺中市","后里區","120.700","24.290","472"
"20","298360","20220802231000","33","0","臺中市","和平區","121.280","24.305","19"
"494","298427","20220802231000","402","2","臺中市","和平區","121.295","24.315","564"
"110","298504","20220802231000","76","2","臺中市","和平區","121.310","24.325","121"
"182","298630","20220802231000","146","2","臺中市","和平區","121.310","24.335","196"
"99","298631","20220802231000","87","1","臺中市","和平區","121.315","24.335","124"
"22","298632","20220802231000","14","3","臺中市","和平區","121.320","24.335","10"
"121","298723","20220802231000","99","2","臺中市","和平區","121.310","24.345","135"
"199","298770","20220802231000","144","2","臺中市","和平區","121.310","24.350","276"
"19","298772","20220802231000","20","0","臺中市","和平區","121.320","24.350","22"
"70","298818","20220802231000","56","2","臺中市","和平區","121.315","24.355","83"
"54","298866","20220802231000","39","2","臺中市","和平區","121.315","24.360","40"
"26","298968","20220802231000","14","3","臺中市","和平區","121.340","24.370","21"
"29","299078","20220802231000","15","3","臺中市","和平區","121.265","24.285","26"
"19","299174","20220802231000","13","2","臺中市","和平區","121.275","24.295","22"
"71","299584","20220802231000","77","0","臺中市","和平區","120.905","24.290","87"
"14","299585","20220802231000","10","2","臺中市","和平區","120.910","24.290","14"
"65","299602","20220802231000","57","1","臺中市","和平區","120.930","24.295","71"
"58","299659","20220802231000","50","1","臺中市","和平區","120.940","24.300","57"
"15","299678","20220802231000","13","1","臺中市","和平區","120.925","24.305","12"
"87","299703","20220802231000","61","2","臺中市","和平區","120.940","24.310","79"
"11","299748","20220802231000","10","1","臺中市","和平區","120.965","24.320","15"
"19","299761","20220802231000","16","1","臺中市","和平區","120.930","24.325","26"
"115","299779","20220802231000","89","2","臺中市","和平區","120.925","24.325","122"
"210","299781","20220802231000","142","2","臺中市","和平區","120.935","24.325","202"
"1021","299822","20220802231000","1112","0","臺中市","清水區","120.565","24.290","988"
"49","299823","20220802231000","421","0","臺中市","清水區","120.560","24.295","43"
"74","299826","20220802231000","37","3","臺中市","清水區","120.600","24.280","78"
"38","299828","20220802231000","28","2","臺中市","清水區","120.610","24.280","47"
"146","299830","20220802231000","92","3","臺中市","清水區","120.600","24.285","162"
"747","299831","20220802231000","675","1","臺中市","清水區","120.575","24.285","785"
"574","299835","20220802231000","509","1","臺中市","清水區","120.575","24.300","472"
"98","299845","20220802231000","117","0","臺中市","東勢區","120.790","24.285","112"
"312","299852","20220802231000","257","2","臺中市","東勢區","120.795","24.285","314"
"48","299868","20220802231000","26","3","臺中市","東勢區","120.805","24.300","49"
"184","299869","20220802231000","184","1","臺中市","東勢區","120.810","24.300","177"
"526","299873","20220802231000","424","2","臺中市","清水區","120.555","24.280","478"
"249","299884","20220802231000","971","0","臺中市","清水區","120.540","24.285","265"
"13","299886","20220802231000","339","0","臺中市","清水區","120.525","24.290","39"
"42","299888","20220802231000","10","3","臺中市","清水區","120.535","24.290","27"
"59","299892","20220802231000","40","2","臺中市","清水區","120.520","24.295","66"
"594","299901","20220802231000","475","2","臺中市","清水區","120.630","24.290","618"
"60","299913","20220802231000","61","0","臺中市","清水區","120.630","24.300","62"
"89","299923","20220802231000","117","0","臺中市","清水區","120.580","24.290","114"
"655","299926","20220802231000","583","1","臺中市","清水區","120.590","24.295","681"
"117","300263","20220802231000","81","2","花蓮縣","秀林鄉","121.755","24.300","108"
"294","300401","20220802231000","194","3","花蓮縣","秀林鄉","121.750","24.310","306"
"63","300404","20220802231000","40","3","花蓮縣","秀林鄉","121.765","24.310","55"
"21","300405","20220802231000","16","2","花蓮縣","秀林鄉","121.765","24.305","16"
"18","300877","20220802231000","74","0","苗栗縣","三義鄉","120.740","24.365","21"
"10","300879","20220802231000","11","0","苗栗縣","三義鄉","120.750","24.365","10"
"19","300914","20220802231000","106","0","苗栗縣","三義鄉","120.765","24.340","19"
"63","300918","20220802231000","41","3","苗栗縣","三義鄉","120.750","24.345","62"
"205","300926","20220802231000","142","2","苗栗縣","三義鄉","120.745","24.350","205"
"25","300932","20220802231000","155","0","苗栗縣","三義鄉","120.735","24.355","28"
"115","300935","20220802231000","76","3","苗栗縣","三義鄉","120.750","24.355","125"
"16","300937","20220802231000","134","0","苗栗縣","三義鄉","120.760","24.355","12"
"41","300943","20220802231000","32","2","苗栗縣","三義鄉","120.770","24.355","43"
"71","300949","20220802231000","73","0","苗栗縣","三義鄉","120.780","24.360","80"
"10","300965","20220802231000","49","0","苗栗縣","三義鄉","120.795","24.370","15"
"237","300971","20220802231000","189","2","苗栗縣","卓蘭鎮","120.835","24.300","241"
"12","300972","20220802231000","17","0","苗栗縣","卓蘭鎮","120.830","24.305","12"
"32","300982","20220802231000","27","1","苗栗縣","卓蘭鎮","120.845","24.310","37"
"25","301006","20220802231000","202","0","臺中市","東勢區","120.805","24.280","36"
"325","301007","20220802231000","253","2","臺中市","東勢區","120.810","24.280","346"
"690","301021","20220802231000","595","1","苗栗縣","卓蘭鎮","120.830","24.310","694"
"295","301030","20220802231000","223","2","苗栗縣","卓蘭鎮","120.845","24.320","281"
"260","301060","20220802231000","239","1","苗栗縣","卓蘭鎮","120.810","24.330","263"
"226","301079","20220802231000","151","2","苗栗縣","卓蘭鎮","120.785","24.330","222"
"192","301082","20220802231000","126","3","苗栗縣","卓蘭鎮","120.825","24.330","156"
"52","301093","20220802231000","34","3","苗栗縣","卓蘭鎮","120.805","24.335","54"
"56","301097","20220802231000","26","3","苗栗縣","卓蘭鎮","120.825","24.335","63"
"10","301117","20220802231000","10","1","苗栗縣","苑裡鎮","120.700","24.370","11"
"40","301176","20220802231000","18","3","臺中市","和平區","121.040","24.295","31"
"24","301578","20220802231000","51","0","苗栗縣","泰安鄉","120.945","24.360","10"
"103","301582","20220802231000","68","3","苗栗縣","泰安鄉","120.965","24.360","97"
"159","301609","20220802231000","104","3","苗栗縣","泰安鄉","120.960","24.370","181"
"27","301626","20220802231000","149","0","苗栗縣","卓蘭鎮","120.845","24.295","34"
"122","301629","20220802231000","122","1","苗栗縣","卓蘭鎮","120.860","24.295","129"
"136","301639","20220802231000","98","2","苗栗縣","卓蘭鎮","120.840","24.300","142"
"69","301640","20220802231000","99","0","苗栗縣","卓蘭鎮","120.845","24.300","74"
"76","301669","20220802231000","49","3","苗栗縣","卓蘭鎮","120.880","24.315","81"
"186","301723","20220802231000","164","1","苗栗縣","卓蘭鎮","120.850","24.340","183"
"176","301727","20220802231000","108","3","苗栗縣","卓蘭鎮","120.870","24.340","195"
"132","301752","20220802231000","137","0","苗栗縣","卓蘭鎮","120.825","24.305","133"
"662","301756","20220802231000","589","1","苗栗縣","卓蘭鎮","120.820","24.315","631"
"883","301757","20220802231000","722","2","苗栗縣","卓蘭鎮","120.825","24.315","894"
"32","301775","20220802231000","78","0","苗栗縣","卓蘭鎮","120.855","24.355","22"
"60","301787","20220802231000","42","2","苗栗縣","大湖鄉","120.870","24.360","68"
"23","301810","20220802231000","97","0","苗栗縣","大湖鄉","120.825","24.345","19"
"123","301882","20220802231000","96","2","苗栗縣","大湖鄉","120.875","24.365","137"
"15","307967","20220802231000","11","2","宜蘭縣","南澳鄉","121.790","24.415","356"
"18","308048","20220802231000","19","0","宜蘭縣","南澳鄉","121.765","24.440","26"
"11","308051","20220802231000","11","1","宜蘭縣","南澳鄉","121.780","24.440","16"
"23","308125","20220802231000","27","0","宜蘭縣","南澳鄉","121.775","24.450","27"
"266","308964","20220802231000","217","2","宜蘭縣","南澳鄉","121.750","24.425","266"
"52","309060","20220802231000","21","3","宜蘭縣","南澳鄉","121.750","24.435","45"
"28","309298","20220802231000","33","0","宜蘭縣","大同鄉","121.355","24.395","62"
"519","309501","20220802231000","311","3","宜蘭縣","大同鄉","121.380","24.435","514"
"107","309740","20220802231000","86","2","宜蘭縣","蘇澳鎮","121.805","24.445","109"
"191","309750","20220802231000","213","0","宜蘭縣","蘇澳鎮","121.790","24.455","221"
"230","309853","20220802231000","100","3","臺中市","大甲區","120.640","24.410","214"
"127","309860","20220802231000","822","0","臺中市","大甲區","120.630","24.415","174"
"393","309867","20220802231000","364","1","臺中市","大甲區","120.635","24.390","402"
"79","309881","20220802231000","535","0","臺中市","大甲區","120.635","24.410","89"
"604","309883","20220802231000","603","1","臺中市","大甲區","120.640","24.415","583"
"18","309891","20220802231000","397","0","臺中市","大安區","120.600","24.370","21"
"389","309899","20220802231000","391","0","臺中市","大安區","120.605","24.385","395"
"333","309910","20220802231000","317","1","臺中市","大安區","120.600","24.395","348"
"42","309925","20220802231000","474","0","臺中市","大甲區","120.670","24.380","46"
"26","309935","20220802231000","21","2","臺中市","大甲區","120.665","24.390","29"
"18","309937","20220802231000","448","0","臺中市","大甲區","120.660","24.395","30"
"592","309939","20220802231000","534","1","苗栗縣","苑裡鎮","120.665","24.400","656"
"679","309942","20220802231000","540","2","臺中市","大甲區","120.645","24.400","665"
"1585","309947","20220802231000","1907","0","臺中市","大甲區","120.650","24.405","1536"
"456","309948","20220802231000","526","0","臺中市","大甲區","120.655","24.405","404"
"198","309960","20220802231000","230","0","臺中市","大安區","120.595","24.385","197"
"52","309972","20220802231000","316","0","臺中市","大安區","120.585","24.375","80"
"392","309973","20220802231000","414","0","臺中市","大安區","120.590","24.375","372"
"45","309975","20220802231000","48","0","臺中市","大安區","120.585","24.380","65"
"56","309977","20220802231000","50","1","臺中市","大安區","120.610","24.375","88"
"484","309986","20220802231000","331","2","臺中市","大甲區","120.660","24.370","457"
"1540","310004","20220802231000","1842","0","臺中市","大甲區","120.655","24.380","1521"
"57","310009","20220802231000","1145","0","臺中市","大甲區","120.650","24.390","77"
"402","310033","20220802231000","360","1","臺中市","大甲區","120.615","24.415","413"
"557","310040","20220802231000","511","1","臺中市","大甲區","120.620","24.370","633"
"55","310149","20220802231000","15","3","臺中市","和平區","121.305","24.380","113"
"52","310150","20220802231000","35","2","臺中市","和平區","121.310","24.380","52"
"51","310180","20220802231000","24","3","臺中市","和平區","121.300","24.385","62"
"41","310235","20220802231000","26","3","臺中市","和平區","121.305","24.395","40"
"44","310390","20220802231000","41","1","苗栗縣","三義鄉","120.780","24.385","42"
"185","310395","20220802231000","224","0","苗栗縣","三義鄉","120.750","24.395","181"
"381","310396","20220802231000","351","1","苗栗縣","三義鄉","120.755","24.395","329"
"15","310399","20220802231000","12","2","苗栗縣","三義鄉","120.770","24.395","12"
"2020","310412","20220802231000","1810","1","苗栗縣","三義鄉","120.760","24.405","2002"
"516","310415","20220802231000","409","2","苗栗縣","三義鄉","120.765","24.410","559"
"864","310419","20220802231000","960","0","苗栗縣","三義鄉","120.770","24.415","820"
"179","310423","20220802231000","176","1","苗栗縣","三義鄉","120.745","24.370","202"
"28","310429","20220802231000","27","1","苗栗縣","三義鄉","120.770","24.370","29"
"220","310433","20220802231000","182","2","苗栗縣","三義鄉","120.750","24.375","216"
"28","310441","20220802231000","34","0","苗栗縣","三義鄉","120.750","24.380","33"
"114","310450","20220802231000","71","3","苗栗縣","三義鄉","120.755","24.385","129"
"28","310451","20220802231000","152","0","苗栗縣","三義鄉","120.760","24.385","25"
"15","310456","20220802231000","13","1","苗栗縣","三義鄉","120.755","24.390","36"
"158","310458","20220802231000","48","3","苗栗縣","三義鄉","120.760","24.390","162"
"18","310469","20220802231000","28","0","苗栗縣","三義鄉","120.780","24.375","39"
"12","310485","20220802231000","78","0","苗栗縣","三義鄉","120.755","24.420","12"
"641","310489","20220802231000","629","1","苗栗縣","三義鄉","120.775","24.420","608"
"140","310506","20220802231000","147","0","苗栗縣","三義鄉","120.770","24.435","133"
"32","310521","20220802231000","26","2","苗栗縣","三義鄉","120.805","24.385","31"
"24","310527","20220802231000","22","1","苗栗縣","三義鄉","120.795","24.390","19"
"17","310542","20220802231000","15","1","苗栗縣","三義鄉","120.775","24.405","21"
"317","310551","20220802231000","280","1","苗栗縣","三義鄉","120.790","24.410","330"
"20","310552","20220802231000","21","0","苗栗縣","三義鄉","120.795","24.410","27"
"137","310580","20220802231000","117","1","苗栗縣","公館鄉","120.860","24.460","136"
"29","310595","20220802231000","19","3","苗栗縣","苑裡鎮","120.660","24.430","46"
"662","310596","20220802231000","634","1","苗栗縣","苑裡鎮","120.665","24.430","625"
"57","310601","20220802231000","310","0","苗栗縣","苑裡鎮","120.710","24.375","49"
"102","310623","20220802231000","79","2","苗栗縣","苑裡鎮","120.695","24.400","102"
"24","310630","20220802231000","12","3","苗栗縣","苑裡鎮","120.670","24.445","19"
"563","310636","20220802231000","464","2","苗栗縣","苑裡鎮","120.660","24.440","570"
"85","310637","20220802231000","46","3","苗栗縣","苑裡鎮","120.655","24.445","67"
"68","310639","20220802231000","26","3","苗栗縣","苑裡鎮","120.665","24.445","52"
"30","310640","20220802231000","15","3","苗栗縣","通霄鎮","120.660","24.450","31"
"477","310644","20220802231000","380","2","苗栗縣","苑裡鎮","120.655","24.450","461"
"55","310647","20220802231000","51","1","苗栗縣","通霄鎮","120.660","24.455","47"
"15","310648","20220802231000","13","1","苗栗縣","苑裡鎮","120.650","24.460","12"
"26","310656","20220802231000","178","0","苗栗縣","三義鄉","120.745","24.395","16"
"22","310670","20220802231000","88","0","苗栗縣","苑裡鎮","120.715","24.410","11"
"97","310685","20220802231000","85","1","苗栗縣","苑裡鎮","120.710","24.420","115"
"73","310688","20220802231000","35","3","苗栗縣","苑裡鎮","120.660","24.435","54"
"328","310695","20220802231000","259","2","苗栗縣","苑裡鎮","120.670","24.405","347"
"276","310698","20220802231000","278","0","苗栗縣","苑裡鎮","120.690","24.410","271"
"205","310699","20220802231000","72","3","苗栗縣","苑裡鎮","120.690","24.415","192"
"64","310721","20220802231000","482","0","苗栗縣","苑裡鎮","120.645","24.435","51"
"190","310722","20220802231000","94","3","苗栗縣","苑裡鎮","120.650","24.435","220"
"557","310727","20220802231000","467","1","苗栗縣","苑裡鎮","120.635","24.445","544"
"20","310728","20220802231000","15","2","苗栗縣","苑裡鎮","120.655","24.410","17"
"14","310729","20220802231000","11","2","苗栗縣","苑裡鎮","120.650","24.415","14"
"381","310730","20220802231000","378","1","苗栗縣","苑裡鎮","120.655","24.415","375"
"298","310737","20220802231000","297","1","苗栗縣","苑裡鎮","120.650","24.425","290"
"256","310752","20220802231000","211","2","苗栗縣","苑裡鎮","120.700","24.435","272"
"93","310755","20220802231000","45","3","苗栗縣","苑裡鎮","120.680","24.440","70"
"411","310758","20220802231000","294","2","苗栗縣","苑裡鎮","120.700","24.385","410"
"291","310763","20220802231000","332","0","苗栗縣","苑裡鎮","120.695","24.395","309"
"17","310764","20220802231000","12","2","苗栗縣","苑裡鎮","120.685","24.400","12"
"72","310766","20220802231000","13","3","苗栗縣","苑裡鎮","120.685","24.405","61"
"1111","310776","20220802231000","1031","1","苗栗縣","大湖鄉","120.870","24.425","1098"
"29","310779","20220802231000","16","3","苗栗縣","大湖鄉","120.885","24.425","26"
"285","310796","20220802231000","232","2","苗栗縣","大湖鄉","120.865","24.400","281"
"49","310800","20220802231000","51","0","苗栗縣","大湖鄉","120.855","24.405","51"
"22","310825","20220802231000","175","0","苗栗縣","大湖鄉","120.900","24.410","22"
"215","310860","20220802231000","119","3","苗栗縣","大湖鄉","120.870","24.405","212"
"21","310881","20220802231000","270","0","苗栗縣","大湖鄉","120.860","24.420","18"
"17","310888","20220802231000","202","0","苗栗縣","苑裡鎮","120.695","24.370","18"
"414","310894","20220802231000","532","0","苗栗縣","苑裡鎮","120.655","24.440","406"
"15","310899","20220802231000","21","0","苗栗縣","苑裡鎮","120.690","24.375","19"
"1247","310905","20220802231000","1135","1","苗栗縣","苑裡鎮","120.680","24.385","1297"
"140","310911","20220802231000","116","2","苗栗縣","苑裡鎮","120.660","24.410","160"
"372","310914","20220802231000","176","3","苗栗縣","苑裡鎮","120.660","24.415","448"
"39","310926","20220802231000","40","0","苗栗縣","苑裡鎮","120.720","24.395","49"
"28","310927","20220802231000","74","0","苗栗縣","苑裡鎮","120.725","24.395","24"
"13","310930","20220802231000","12","1","苗栗縣","苑裡鎮","120.715","24.400","15"
"41","310938","20220802231000","34","2","苗栗縣","苑裡鎮","120.705","24.410","45"
"39","310941","20220802231000","54","0","苗栗縣","苑裡鎮","120.675","24.400","31"
"23","310942","20220802231000","18","2","苗栗縣","苑裡鎮","120.680","24.400","24"
"75","310943","20220802231000","543","0","苗栗縣","苑裡鎮","120.675","24.405","83"
"400","310949","20220802231000","229","3","苗栗縣","苑裡鎮","120.670","24.415","463"
"20","310953","20220802231000","15","2","苗栗縣","苑裡鎮","120.670","24.425","18"
"28","310959","20220802231000","19","2","苗栗縣","苑裡鎮","120.680","24.410","26"
"355","310964","20220802231000","1164","0","苗栗縣","苑裡鎮","120.685","24.415","301"
"216","310996","20220802231000","183","1","苗栗縣","銅鑼鄉","120.810","24.465","195"
"20","310999","20220802231000","22","0","苗栗縣","銅鑼鄉","120.755","24.445","13"
"23","311009","20220802231000","21","1","苗栗縣","銅鑼鄉","120.765","24.460","24"
"268","311014","20220802231000","180","2","苗栗縣","銅鑼鄉","120.760","24.460","252"
"60","311016","20220802231000","57","1","苗栗縣","銅鑼鄉","120.770","24.465","56"
"108","311031","20220802231000","64","3","苗栗縣","銅鑼鄉","120.810","24.405","95"
"133","311073","20220802231000","65","3","苗栗縣","銅鑼鄉","120.835","24.420","151"
"21","311089","20220802231000","13","3","苗栗縣","銅鑼鄉","120.765","24.435","21"
"189","311108","20220802231000","169","1","苗栗縣","銅鑼鄉","120.780","24.450","227"
"363","311118","20220802231000","387","0","苗栗縣","銅鑼鄉","120.780","24.465","408"
"1965","311279","20220802231000","2110","0","苗栗縣","苑裡鎮","120.650","24.440","1928"
"210","311280","20220802231000","160","2","苗栗縣","苑裡鎮","120.650","24.445","279"
"16","311281","20220802231000","20","0","苗栗縣","苑裡鎮","120.645","24.445","24"
"389","311283","20220802231000","387","1","苗栗縣","苑裡鎮","120.650","24.450","349"
"57","311310","20220802231000","52","1","苗栗縣","泰安鄉","120.925","24.390","66"
"18","311446","20220802231000","10","3","苗栗縣","泰安鄉","120.980","24.445","20"
"136","311474","20220802231000","91","2","苗栗縣","泰安鄉","120.935","24.420","145"
"17","311478","20220802231000","137","0","苗栗縣","泰安鄉","120.925","24.420","37"
"20","311666","20220802231000","104","0","苗栗縣","泰安鄉","120.980","24.390","12"
"20","312522","20220802231000","96","0","苗栗縣","泰安鄉","120.925","24.440","23"
"130","312590","20220802231000","98","2","苗栗縣","通霄鎮","120.735","24.410","170"
"171","312624","20220802231000","147","1","苗栗縣","通霄鎮","120.680","24.455","148"
"98","312636","20220802231000","75","2","苗栗縣","通霄鎮","120.690","24.465","155"
"26","312656","20220802231000","12","3","苗栗縣","通霄鎮","120.745","24.440","35"
"116","312664","20220802231000","62","3","苗栗縣","通霄鎮","120.725","24.450","147"
"16","312666","20220802231000","15","1","苗栗縣","通霄鎮","120.735","24.450","12"
"90","312668","20220802231000","137","0","苗栗縣","通霄鎮","120.720","24.425","73"
"121","312670","20220802231000","217","0","苗栗縣","通霄鎮","120.720","24.430","95"
"221","312677","20220802231000","186","1","苗栗縣","通霄鎮","120.715","24.440","246"
"197","312691","20220802231000","259","0","苗栗縣","通霄鎮","120.700","24.455","182"
"46","312717","20220802231000","33","2","苗栗縣","通霄鎮","120.730","24.460","42"
"92","312744","20220802231000","81","1","苗栗縣","大湖鄉","120.865","24.430","114"
"33","312752","20220802231000","182","0","苗栗縣","大湖鄉","120.865","24.435","28"
"60","312778","20220802231000","52","1","苗栗縣","大湖鄉","120.905","24.445","67"
"40","312782","20220802231000","30","2","苗栗縣","大湖鄉","120.880","24.450","37"
"202","312784","20220802231000","190","1","苗栗縣","大湖鄉","120.875","24.455","190"
"94","312785","20220802231000","728","0","苗栗縣","大湖鄉","120.865","24.420","101"
"166","312798","20220802231000","233","0","苗栗縣","大湖鄉","120.900","24.375","182"
"400","312833","20220802231000","291","2","苗栗縣","三義鄉","120.820","24.380","399"
"131","312851","20220802231000","112","1","苗栗縣","大湖鄉","120.865","24.375","149"
"81","312863","20220802231000","195","0","苗栗縣","大湖鄉","120.850","24.385","58"
"29","317431","20220802231000","27","1","宜蘭縣","蘇澳鎮","121.845","24.520","42"
"380","319889","20220802231000","279","2","宜蘭縣","南澳鄉","121.800","24.465","393"
"505","319890","20220802231000","485","1","宜蘭縣","蘇澳鎮","121.805","24.465","484"
"22","319894","20220802231000","17","2","宜蘭縣","南澳鄉","121.810","24.470","30"
"109","320020","20220802231000","76","2","宜蘭縣","蘇澳鎮","121.830","24.515","105"
"15","320043","20220802231000","17","0","宜蘭縣","南澳鄉","121.830","24.530","13"
"22","320054","20220802231000","16","2","宜蘭縣","南澳鄉","121.835","24.535","25"
"290","320197","20220802231000","207","2","宜蘭縣","南澳鄉","121.790","24.470","278"
"17","320298","20220802231000","13","2","宜蘭縣","南澳鄉","121.785","24.460","16"
"175","320807","20220802231000","127","2","宜蘭縣","大同鄉","121.430","24.485","196"
"169","320829","20220802231000","141","1","宜蘭縣","大同鄉","121.430","24.490","166"
"120","321192","20220802231000","101","1","宜蘭縣","大同鄉","121.530","24.500","118"
"101","321699","20220802231000","73","2","宜蘭縣","大同鄉","121.450","24.530","132"
"13","321804","20220802231000","13","1","宜蘭縣","蘇澳鎮","121.810","24.465","13"
"162","321823","20220802231000","233","0","宜蘭縣","蘇澳鎮","121.840","24.485","364"
"47","321846","20220802231000","28","3","宜蘭縣","蘇澳鎮","121.835","24.510","56"
"217","321850","20220802231000","150","2","宜蘭縣","蘇澳鎮","121.835","24.520","215"
"140","321880","20220802231000","102","2","宜蘭縣","蘇澳鎮","121.820","24.460","154"
"39","321882","20220802231000","22","3","宜蘭縣","蘇澳鎮","121.820","24.465","45"
"38","321898","20220802231000","32","1","宜蘭縣","蘇澳鎮","121.825","24.485","50"
"17","322586","20220802231000","13","2","新竹縣","五峰鄉","121.090","24.500","10"
"32","322590","20220802231000","15","3","新竹縣","五峰鄉","121.075","24.505","26"
"13","322609","20220802231000","11","1","新竹縣","五峰鄉","121.115","24.510","13"
"78","322716","20220802231000","103","0","新竹縣","五峰鄉","121.110","24.525","124"
"53","322717","20220802231000","42","2","新竹縣","五峰鄉","121.115","24.525","37"
"30","322744","20220802231000","30","1","新竹縣","五峰鄉","121.125","24.530","60"
"47","322792","20220802231000","72","0","新竹縣","五峰鄉","121.125","24.540","84"
"25","322897","20220802231000","25","1","新竹縣","五峰鄉","121.130","24.560","42"
"89","322913","20220802231000","457","0","苗栗縣","公館鄉","120.820","24.495","78"
"22","322918","20220802231000","227","0","苗栗縣","公館鄉","120.815","24.510","24"
"251","322920","20220802231000","305","0","苗栗縣","公館鄉","120.815","24.515","283"
"353","322921","20220802231000","351","1","苗栗縣","銅鑼鄉","120.810","24.515","309"
"325","322933","20220802231000","237","2","苗栗縣","公館鄉","120.835","24.510","359"
"355","322941","20220802231000","422","0","苗栗縣","公館鄉","120.835","24.530","358"
"17","322961","20220802231000","104","0","苗栗縣","公館鄉","120.850","24.530","14"
"27","322992","20220802231000","69","0","苗栗縣","公館鄉","120.890","24.540","141"
"169","323065","20220802231000","145","1","苗栗縣","公館鄉","120.835","24.500","179"
"17","323076","20220802231000","11","3","苗栗縣","公館鄉","120.835","24.540","15"
"175","323078","20220802231000","162","1","苗栗縣","公館鄉","120.835","24.545","193"
"1058","323086","20220802231000","828","2","苗栗縣","公館鄉","120.825","24.510","1007"
"89","323090","20220802231000","770","0","苗栗縣","公館鄉","120.820","24.515","112"
"285","323092","20220802231000","485","0","苗栗縣","公館鄉","120.825","24.520","284"
"462","323094","20220802231000","328","2","苗栗縣","公館鄉","120.825","24.465","493"
"119","323105","20220802231000","198","0","苗栗縣","公館鄉","120.835","24.465","138"
"40","323120","20220802231000","35","1","苗栗縣","公館鄉","120.855","24.475","44"
"423","323126","20220802231000","436","0","苗栗縣","公館鄉","120.825","24.475","470"
"397","323131","20220802231000","439","0","苗栗縣","公館鄉","120.820","24.480","408"
"665","323137","20220802231000","509","2","苗栗縣","公館鄉","120.830","24.485","723"
"623","323139","20220802231000","551","1","苗栗縣","公館鄉","120.825","24.500","643"
"778","323140","20220802231000","814","0","苗栗縣","公館鄉","120.825","24.505","751"
"1200","323143","20220802231000","1467","0","苗栗縣","公館鄉","120.820","24.500","1129"
"36","323150","20220802231000","261","0","苗栗縣","公館鄉","120.830","24.530","42"
"260","323152","20220802231000","181","2","苗栗縣","公館鄉","120.830","24.535","277"
"1043","323159","20220802231000","693","3","苗栗縣","公館鄉","120.825","24.530","1084"
"176","323161","20220802231000","141","2","苗栗縣","苗栗市","120.835","24.555","178"
"417","323164","20220802231000","769","0","苗栗縣","苗栗市","120.820","24.560","408"
"26","323166","20220802231000","43","0","苗栗縣","通霄鎮","120.695","24.540","26"
"277","323174","20220802231000","170","3","苗栗縣","通霄鎮","120.700","24.550","278"
"227","323187","20220802231000","214","1","苗栗縣","通霄鎮","120.695","24.475","201"
"37","323189","20220802231000","476","0","苗栗縣","通霄鎮","120.685","24.480","33"
"74","323210","20220802231000","58","2","苗栗縣","通霄鎮","120.730","24.490","96"
"20","323218","20220802231000","54","0","苗栗縣","通霄鎮","120.740","24.495","21"
"17","323221","20220802231000","17","1","苗栗縣","通霄鎮","120.750","24.485","14"
"84","323237","20220802231000","79","1","苗栗縣","通霄鎮","120.720","24.505","83"
"74","323242","20220802231000","71","1","苗栗縣","通霄鎮","120.740","24.505","66"
"64","323248","20220802231000","45","2","苗栗縣","通霄鎮","120.730","24.510","72"
"24","323299","20220802231000","20","2","苗栗縣","南庄鄉","120.960","24.520","24"
"78","323333","20220802231000","93","0","苗栗縣","南庄鄉","120.965","24.535","107"
"30","323356","20220802231000","124","0","苗栗縣","南庄鄉","120.970","24.545","41"
"2683","323391","20220802231000","2338","1","苗栗縣","苗栗市","120.825","24.555","2809"
"24","323392","20220802231000","24","1","苗栗縣","苗栗市","120.820","24.540","40"
"983","323394","20220802231000","743","2","苗栗縣","苗栗市","120.825","24.545","874"
"939","323395","20220802231000","1826","0","苗栗縣","苗栗市","120.815","24.550","1084"
"107","323396","20220802231000","100","1","苗栗縣","苗栗市","120.820","24.550","127"
"1471","323397","20220802231000","1404","1","苗栗縣","苗栗市","120.815","24.555","1390"
"797","323400","20220802231000","576","2","苗栗縣","苗栗市","120.820","24.555","865"
"257","323402","20220802231000","201","2","苗栗縣","苗栗市","120.830","24.555","266"
"585","323403","20220802231000","463","2","苗栗縣","苗栗市","120.825","24.565","654"
"20","323405","20220802231000","34","0","苗栗縣","苗栗市","120.790","24.525","18"
"22","323411","20220802231000","202","0","苗栗縣","苗栗市","120.785","24.535","27"
"23","323412","20220802231000","52","0","苗栗縣","苗栗市","120.790","24.535","24"
"281","323414","20220802231000","123","3","苗栗縣","苗栗市","120.800","24.535","270"
"36","323530","20220802231000","26","2","苗栗縣","南庄鄉","121.025","24.535","40"
"40","323545","20220802231000","32","2","苗栗縣","南庄鄉","121.030","24.540","41"
"97","323601","20220802231000","67","2","苗栗縣","頭屋鄉","120.855","24.555","111"
"24","323631","20220802231000","50","0","苗栗縣","頭屋鄉","120.870","24.560","25"
"184","323661","20220802231000","181","1","苗栗縣","銅鑼鄉","120.775","24.495","190"
"23","323663","20220802231000","29","0","苗栗縣","西湖鄉","120.770","24.500","22"
"11","323666","20220802231000","119","0","苗栗縣","銅鑼鄉","120.780","24.505","15"
"320","323674","20220802231000","214","2","苗栗縣","銅鑼鄉","120.790","24.470","319"
"355","323678","20220802231000","290","2","苗栗縣","銅鑼鄉","120.790","24.475","351"
"33","323679","20220802231000","48","0","苗栗縣","銅鑼鄉","120.795","24.475","41"
"542","323682","20220802231000","467","1","苗栗縣","銅鑼鄉","120.785","24.480","555"
"555","323683","20220802231000","508","1","苗栗縣","銅鑼鄉","120.790","24.480","554"
"414","323685","20220802231000","513","0","苗栗縣","銅鑼鄉","120.785","24.485","344"
"946","323686","20220802231000","1136","0","苗栗縣","銅鑼鄉","120.785","24.490","993"
"67","323691","20220802231000","61","1","苗栗縣","通霄鎮","120.725","24.520","66"
"11","323700","20220802231000","30","0","苗栗縣","通霄鎮","120.735","24.525","11"
"69","323727","20220802231000","157","0","苗栗縣","通霄鎮","120.675","24.485","64"
"417","323728","20220802231000","962","0","苗栗縣","苗栗市","120.810","24.545","529"
"36","323734","20220802231000","48","0","苗栗縣","西湖鄉","120.790","24.550","45"
"182","323738","20220802231000","148","2","苗栗縣","苗栗市","120.795","24.555","165"
"471","323740","20220802231000","421","1","苗栗縣","苗栗市","120.805","24.555","496"
"321","323743","20220802231000","372","0","苗栗縣","苗栗市","120.800","24.560","327"
"113","323744","20220802231000","278","0","苗栗縣","苗栗市","120.805","24.560","151"
"485","323747","20220802231000","448","1","苗栗縣","苗栗市","120.815","24.530","493"
"1283","323751","20220802231000","1688","0","苗栗縣","苗栗市","120.815","24.540","1207"
"237","323752","20220802231000","190","2","苗栗縣","苗栗市","120.805","24.545","229"
"28","323753","20220802231000","52","0","苗栗縣","苗栗市","120.805","24.550","37"
"77","323763","20220802231000","224","0","苗栗縣","西湖鄉","120.730","24.555","76"
"131","323770","20220802231000","141","0","苗栗縣","西湖鄉","120.745","24.555","143"
"114","323782","20220802231000","77","2","苗栗縣","西湖鄉","120.765","24.520","117"
"170","323800","20220802231000","165","1","苗栗縣","西湖鄉","120.785","24.525","211"
"91","323808","20220802231000","51","3","苗栗縣","西湖鄉","120.745","24.525","119"
"50","323810","20220802231000","84","0","苗栗縣","西湖鄉","120.740","24.530","63"
"36","323815","20220802231000","36","1","苗栗縣","西湖鄉","120.750","24.535","44"
"196","323828","20220802231000","150","2","苗栗縣","通霄鎮","120.680","24.500","191"
"210","323830","20220802231000","284","0","苗栗縣","通霄鎮","120.690","24.500","230"
"171","323838","20220802231000","30","3","苗栗縣","通霄鎮","120.690","24.510","189"
"189","323845","20220802231000","215","0","苗栗縣","通霄鎮","120.695","24.515","175"
"85","323854","20220802231000","63","2","苗栗縣","通霄鎮","120.695","24.530","96"
"37","323864","20220802231000","15","3","苗栗縣","通霄鎮","120.675","24.490","35"
"1361","323865","20220802231000","1202","1","苗栗縣","通霄鎮","120.680","24.490","1280"
"744","323876","20220802231000","719","1","苗栗縣","銅鑼鄉","120.800","24.490","741"
"402","323879","20220802231000","523","0","苗栗縣","銅鑼鄉","120.800","24.495","367"
"287","323881","20220802231000","267","1","苗栗縣","銅鑼鄉","120.810","24.495","323"
"23","323884","20220802231000","190","0","苗栗縣","銅鑼鄉","120.805","24.500","28"
"279","323893","20220802231000","201","2","苗栗縣","銅鑼鄉","120.805","24.510","306"
"55","323896","20220802231000","69","0","苗栗縣","銅鑼鄉","120.810","24.520","65"
"185","323898","20220802231000","155","1","苗栗縣","銅鑼鄉","120.760","24.465","216"
"51","323899","20220802231000","98","0","苗栗縣","銅鑼鄉","120.765","24.465","48"
"172","323904","20220802231000","175","0","苗栗縣","銅鑼鄉","120.770","24.470","185"
"173","323913","20220802231000","204","0","苗栗縣","銅鑼鄉","120.790","24.485","213"
"223","323918","20220802231000","156","2","苗栗縣","銅鑼鄉","120.790","24.505","274"
"117","323920","20220802231000","70","3","苗栗縣","銅鑼鄉","120.785","24.510","139"
"303","323923","20220802231000","349","0","苗栗縣","西湖鄉","120.785","24.515","274"
"37","323948","20220802231000","44","0","苗栗縣","泰安鄉","120.950","24.465","67"
"90","323952","20220802231000","114","0","苗栗縣","泰安鄉","120.970","24.465","80"
"145","323970","20220802231000","117","2","苗栗縣","泰安鄉","120.945","24.470","138"
"76","323976","20220802231000","76","1","苗栗縣","泰安鄉","120.975","24.470","82"
"18","324112","20220802231000","14","2","苗栗縣","獅潭鄉","120.910","24.505","27"
"14","324115","20220802231000","36","0","苗栗縣","獅潭鄉","120.925","24.505","12"
"39","324130","20220802231000","32","2","苗栗縣","獅潭鄉","120.910","24.510","43"
"286","324200","20220802231000","171","3","苗栗縣","獅潭鄉","120.920","24.540","295"
"47","324206","20220802231000","35","2","苗栗縣","獅潭鄉","120.950","24.540","51"
"97","324257","20220802231000","92","1","苗栗縣","獅潭鄉","120.935","24.555","108"
"40","324281","20220802231000","34","1","苗栗縣","獅潭鄉","120.910","24.465","54"
"162","324285","20220802231000","141","1","苗栗縣","獅潭鄉","120.880","24.470","163"
"26","324297","20220802231000","16","3","苗栗縣","獅潭鄉","120.915","24.475","29"
"70","324301","20220802231000","72","0","苗栗縣","獅潭鄉","120.900","24.485","69"
"60","324306","20220802231000","37","3","苗栗縣","獅潭鄉","120.900","24.490","68"
"53","324349","20220802231000","63","0","苗栗縣","泰安鄉","120.945","24.485","60"
"18","324615","20220802231000","29","0","苗栗縣","泰安鄉","121.070","24.495","30"
"20","324700","20220802231000","13","3","苗栗縣","通霄鎮","120.700","24.505","18"
"24","324701","20220802231000","17","2","苗栗縣","通霄鎮","120.705","24.505","25"
"81","324706","20220802231000","60","2","苗栗縣","通霄鎮","120.715","24.510","62"
"92","324721","20220802231000","80","1","苗栗縣","西湖鄉","120.780","24.550","95"
"93","324736","20220802231000","49","3","苗栗縣","西湖鄉","120.755","24.495","99"
"10","324754","20220802231000","10","1","苗栗縣","西湖鄉","120.775","24.530","12"
"64","324766","20220802231000","36","3","苗栗縣","西湖鄉","120.785","24.540","64"
"67","324767","20220802231000","46","2","苗栗縣","西湖鄉","120.755","24.545","68"
"65","324782","20220802231000","30","3","苗栗縣","通霄鎮","120.680","24.465","79"
"451","324784","20220802231000","454","0","苗栗縣","通霄鎮","120.665","24.470","421"
"163","324791","20220802231000","913","0","苗栗縣","通霄鎮","120.675","24.475","149"
"271","324812","20220802231000","286","0","苗栗縣","通霄鎮","120.710","24.555","275"
"14","324828","20220802231000","16","0","苗栗縣","通霄鎮","120.700","24.500","17"
"54","324833","20220802231000","180","0","苗栗縣","通霄鎮","120.710","24.505","47"
"152","324841","20220802231000","82","3","苗栗縣","通霄鎮","120.705","24.475","142"
"21","324850","20220802231000","33","0","苗栗縣","通霄鎮","120.715","24.480","25"
"62","324851","20220802231000","47","2","苗栗縣","通霄鎮","120.720","24.480","54"
"265","324858","20220802231000","185","2","苗栗縣","通霄鎮","120.720","24.465","240"
"151","324872","20220802231000","77","3","苗栗縣","通霄鎮","120.685","24.485","174"
"67","324877","20220802231000","834","0","苗栗縣","通霄鎮","120.690","24.495","74"
"58","324879","20220802231000","309","0","苗栗縣","通霄鎮","120.695","24.500","59"
"120","328071","20220802231000","146","0","宜蘭縣","蘇澳鎮","121.860","24.600","274"
"119","328073","20220802231000","109","1","宜蘭縣","蘇澳鎮","121.870","24.600","150"
"550","328074","20220802231000","393","2","宜蘭縣","蘇澳鎮","121.880","24.600","293"
"52","328390","20220802231000","30","3","宜蘭縣","蘇澳鎮","121.880","24.605","76"
"268","331880","20220802231000","268","1","宜蘭縣","冬山鄉","121.750","24.645","285"
"19","331921","20220802231000","13","2","宜蘭縣","南澳鄉","121.805","24.555","14"
"1400","332115","20220802231000","1063","2","宜蘭縣","蘇澳鎮","121.865","24.580","1324"
"145","332120","20220802231000","122","1","宜蘭縣","冬山鄉","121.815","24.630","155"
"157","332121","20220802231000","108","2","宜蘭縣","蘇澳鎮","121.820","24.625","152"
"684","332122","20220802231000","648","1","宜蘭縣","冬山鄉","121.810","24.630","722"
"253","332124","20220802231000","201","2","宜蘭縣","冬山鄉","121.820","24.630","266"
"280","332146","20220802231000","270","1","宜蘭縣","冬山鄉","121.710","24.635","347"
"90","332175","20220802231000","105","0","宜蘭縣","冬山鄉","121.765","24.620","96"
"688","332186","20220802231000","587","1","宜蘭縣","冬山鄉","121.770","24.630","676"
"338","332216","20220802231000","586","0","宜蘭縣","冬山鄉","121.785","24.625","541"
"189","332233","20220802231000","202","0","宜蘭縣","冬山鄉","121.730","24.650","187"
"323","332244","20220802231000","233","2","宜蘭縣","冬山鄉","121.805","24.625","324"
"76","332362","20220802231000","31","3","宜蘭縣","大同鄉","121.480","24.575","74"
"80","332385","20220802231000","76","1","宜蘭縣","大同鄉","121.495","24.580","146"
"27","332698","20220802231000","29","0","宜蘭縣","大同鄉","121.685","24.610","24"
"155","332699","20220802231000","128","2","宜蘭縣","大同鄉","121.690","24.610","176"
"16","332745","20220802231000","64","0","宜蘭縣","大同鄉","121.685","24.625","19"
"17","332848","20220802231000","18","0","宜蘭縣","大同鄉","121.635","24.615","21"
"10","332886","20220802231000","11","0","宜蘭縣","大同鄉","121.590","24.630","13"
"44","332889","20220802231000","68","0","宜蘭縣","大同鄉","121.605","24.630","46"
"20","332899","20220802231000","12","3","宜蘭縣","三星鄉","121.605","24.635","19"
"61","332902","20220802231000","67","0","宜蘭縣","大同鄉","121.560","24.640","53"
"82","333040","20220802231000","119","0","宜蘭縣","大同鄉","121.530","24.595","78"
"13","333196","20220802231000","51","0","宜蘭縣","大同鄉","121.525","24.610","10"
"108","333282","20220802231000","61","3","宜蘭縣","大同鄉","121.525","24.630","88"
"18","333369","20220802231000","20","0","宜蘭縣","大同鄉","121.475","24.650","21"
"130","333370","20220802231000","65","3","宜蘭縣","大同鄉","121.480","24.650","149"
"11","333448","20220802231000","278","0","宜蘭縣","蘇澳鎮","121.865","24.575","13"
"345","333450","20220802231000","548","0","宜蘭縣","蘇澳鎮","121.870","24.580","334"
"493","333451","20220802231000","529","0","宜蘭縣","蘇澳鎮","121.875","24.580","504"
"1048","333457","20220802231000","773","2","宜蘭縣","蘇澳鎮","121.855","24.595","1050"
"95","333458","20220802231000","82","1","宜蘭縣","蘇澳鎮","121.875","24.600","73"
"18","333460","20220802231000","15","2","宜蘭縣","蘇澳鎮","121.860","24.605","40"
"40","333462","20220802231000","48","0","宜蘭縣","蘇澳鎮","121.870","24.605","55"
"15","333463","20220802231000","32","0","宜蘭縣","蘇澳鎮","121.875","24.605","11"
"647","333474","20220802231000","516","2","宜蘭縣","蘇澳鎮","121.835","24.590","656"
"1058","333478","20220802231000","1071","0","宜蘭縣","蘇澳鎮","121.835","24.595","1056"
"325","333479","20220802231000","363","0","宜蘭縣","蘇澳鎮","121.840","24.595","332"
"189","333488","20220802231000","134","2","宜蘭縣","蘇澳鎮","121.835","24.605","188"
"50","333492","20220802231000","37","2","宜蘭縣","蘇澳鎮","121.830","24.610","51"
"653","333495","20220802231000","618","1","宜蘭縣","蘇澳鎮","121.830","24.615","671"
"717","333504","20220802231000","682","1","宜蘭縣","五結鄉","121.835","24.650","740"
"422","333511","20220802231000","294","2","宜蘭縣","冬山鄉","121.795","24.640","437"
"60","333515","20220802231000","57","1","宜蘭縣","冬山鄉","121.780","24.650","52"
"229","333516","20220802231000","122","3","宜蘭縣","冬山鄉","121.785","24.650","230"
"608","333519","20220802231000","591","1","宜蘭縣","蘇澳鎮","121.835","24.620","633"
"1772","333520","20220802231000","1548","1","宜蘭縣","蘇澳鎮","121.840","24.620","1748"
"125","333521","20220802231000","97","2","宜蘭縣","蘇澳鎮","121.845","24.620","125"
"387","333522","20220802231000","391","0","宜蘭縣","蘇澳鎮","121.835","24.625","357"
"41","333545","20220802231000","42","0","宜蘭縣","蘇澳鎮","121.845","24.565","50"
"161","333557","20220802231000","157","1","宜蘭縣","蘇澳鎮","121.840","24.575","169"
"31","333558","20220802231000","17","3","宜蘭縣","蘇澳鎮","121.845","24.575","24"
"161","333564","20220802231000","297","0","宜蘭縣","蘇澳鎮","121.855","24.605","184"
"92","333566","20220802231000","94","0","宜蘭縣","蘇澳鎮","121.850","24.610","117"
"515","333569","20220802231000","490","1","宜蘭縣","蘇澳鎮","121.850","24.615","550"
"411","333653","20220802231000","415","0","宜蘭縣","三星鄉","121.615","24.650","434"
"655","333661","20220802231000","537","2","宜蘭縣","冬山鄉","121.805","24.640","619"
"148","333695","20220802231000","108","2","宜蘭縣","蘇澳鎮","121.850","24.575","150"
"24","333704","20220802231000","25","0","宜蘭縣","蘇澳鎮","121.845","24.580","23"
"18","333737","20220802231000","29","0","宜蘭縣","蘇澳鎮","121.815","24.610","23"
"156","333739","20220802231000","135","1","宜蘭縣","蘇澳鎮","121.815","24.615","148"
"66","333741","20220802231000","58","1","宜蘭縣","蘇澳鎮","121.825","24.615","67"
"422","333742","20220802231000","365","1","宜蘭縣","蘇澳鎮","121.815","24.620","393"
"226","333747","20220802231000","137","3","宜蘭縣","蘇澳鎮","121.830","24.625","210"
"1029","333751","20220802231000","943","1","宜蘭縣","冬山鄉","121.765","24.650","1044"
"266","333753","20220802231000","423","0","宜蘭縣","冬山鄉","121.795","24.630","290"
"663","333754","20220802231000","688","0","宜蘭縣","冬山鄉","121.800","24.630","709"
"33","333764","20220802231000","34","0","宜蘭縣","冬山鄉","121.725","24.625","28"
"34","333769","20220802231000","24","2","宜蘭縣","冬山鄉","121.750","24.625","37"
"42","333770","20220802231000","20","3","宜蘭縣","冬山鄉","121.760","24.625","30"
"14","333774","20220802231000","70","0","宜蘭縣","冬山鄉","121.740","24.630","18"
"156","333781","20220802231000","164","0","宜蘭縣","冬山鄉","121.750","24.635","148"
"228","333789","20220802231000","195","1","宜蘭縣","冬山鄉","121.765","24.640","222"
"91","333791","20220802231000","88","1","宜蘭縣","冬山鄉","121.760","24.645","80"
"863","333802","20220802231000","738","1","宜蘭縣","冬山鄉","121.790","24.635","901"
"1390","333804","20220802231000","1100","2","宜蘭縣","冬山鄉","121.795","24.635","1321"
"1082","333809","20220802231000","559","3","宜蘭縣","蘇澳鎮","121.835","24.640","1103"
"92","333810","20220802231000","126","0","宜蘭縣","蘇澳鎮","121.840","24.640","95"
"744","333814","20220802231000","645","1","宜蘭縣","蘇澳鎮","121.830","24.630","701"
"649","333818","20220802231000","543","1","宜蘭縣","蘇澳鎮","121.830","24.640","669"
"645","333821","20220802231000","628","1","宜蘭縣","蘇澳鎮","121.830","24.645","645"
"67","333899","20220802231000","57","1","新竹縣","竹東鎮","121.095","24.645","60"
"162","334213","20220802231000","78","3","新竹縣","尖石鄉","121.340","24.650","140"
"72","334309","20220802231000","33","3","新竹縣","尖石鄉","121.310","24.570","66"
"93","334366","20220802231000","85","1","新竹縣","尖石鄉","121.305","24.580","137"
"37","334372","20220802231000","37","1","新竹縣","尖石鄉","121.335","24.580","116"
"31","334487","20220802231000","37","0","新竹縣","尖石鄉","121.290","24.605","32"
"257","334532","20220802231000","194","2","新竹縣","尖石鄉","121.295","24.610","278"
"29","334547","20220802231000","60","0","新竹縣","尖石鄉","121.285","24.615","48"
"34","334623","20220802231000","22","3","新竹縣","尖石鄉","121.275","24.640","25"
"39","334698","20220802231000","38","1","新竹縣","峨眉鄉","121.025","24.655","43"
"117","334723","20220802231000","105","1","宜蘭縣","蘇澳鎮","121.840","24.590","114"
"82","334725","20220802231000","79","1","宜蘭縣","蘇澳鎮","121.850","24.590","84"
"706","334726","20220802231000","672","1","宜蘭縣","蘇澳鎮","121.845","24.595","747"
"17","334737","20220802231000","33","0","新竹縣","五峰鄉","121.090","24.605","26"
"49","334763","20220802231000","25","3","新竹縣","五峰鄉","121.105","24.615","40"
"36","334770","20220802231000","26","2","新竹縣","五峰鄉","121.085","24.625","38"
"115","334783","20220802231000","110","1","新竹縣","五峰鄉","121.120","24.630","150"
"310","334790","20220802231000","389","0","新竹縣","五峰鄉","121.100","24.640","375"
"27","334829","20220802231000","17","3","新竹縣","五峰鄉","121.090","24.565","27"
"55","334868","20220802231000","63","0","新竹縣","五峰鄉","121.105","24.580","82"
"18","334869","20220802231000","13","2","新竹縣","五峰鄉","121.110","24.580","15"
"68","334891","20220802231000","62","1","新竹縣","五峰鄉","121.115","24.590","84"
"80","334969","20220802231000","67","1","新竹縣","五峰鄉","121.125","24.590","115"
"27","335076","20220802231000","20","2","新竹縣","五峰鄉","121.155","24.610","56"
"42","335109","20220802231000","37","1","新竹縣","五峰鄉","121.110","24.620","55"
"14","335134","20220802231000","19","0","新竹縣","五峰鄉","121.145","24.625","20"
"50","335187","20220802231000","77","0","新竹縣","五峰鄉","121.150","24.645","81"
"119","335195","20220802231000","73","3","新竹縣","竹東鎮","121.125","24.650","102"
"48","335200","20220802231000","46","1","新竹縣","五峰鄉","121.150","24.650","41"
"89","335230","20220802231000","80","1","新竹縣","五峰鄉","121.180","24.655","105"
"208","335366","20220802231000","131","3","桃園市","復興區","121.400","24.640","246"
"26","335480","20220802231000","23","1","苗栗縣","三灣鄉","120.960","24.610","33"
"13","335488","20220802231000","71","0","苗栗縣","三灣鄉","120.950","24.615","13"
"87","335520","20220802231000","77","1","苗栗縣","三灣鄉","120.925","24.640","98"
"223","335553","20220802231000","234","0","苗栗縣","三灣鄉","121.005","24.645","216"
"206","335569","20220802231000","952","0","苗栗縣","三灣鄉","120.955","24.650","168"
"58","335581","20220802231000","26","3","苗栗縣","三灣鄉","120.945","24.655","78"
"116","335594","20220802231000","85","2","苗栗縣","三灣鄉","120.975","24.645","119"
"192","335619","20220802231000","179","1","苗栗縣","三灣鄉","120.905","24.625","203"
"353","335630","20220802231000","300","1","苗栗縣","後龍鎮","120.770","24.615","407"
"107","335632","20220802231000","64","3","苗栗縣","後龍鎮","120.765","24.620","106"
"367","335635","20220802231000","717","0","苗栗縣","後龍鎮","120.780","24.620","276"
"37","335639","20220802231000","655","0","苗栗縣","後龍鎮","120.780","24.625","40"
"432","335647","20220802231000","576","0","苗栗縣","苗栗市","120.830","24.560","390"
"329","335648","20220802231000","262","2","苗栗縣","苗栗市","120.835","24.560","412"
"737","335652","20220802231000","716","1","苗栗縣","苗栗市","120.825","24.585","722"
"145","335655","20220802231000","155","0","苗栗縣","苗栗市","120.815","24.595","148"
"206","335657","20220802231000","184","1","苗栗縣","苗栗市","120.825","24.595","200"
"882","335658","20220802231000","424","3","苗栗縣","苗栗市","120.825","24.575","921"
"1714","335660","20220802231000","1593","1","苗栗縣","苗栗市","120.825","24.580","1775"
"263","335662","20220802231000","272","0","苗栗縣","苗栗市","120.810","24.560","268"
"1977","335663","20220802231000","2364","0","苗栗縣","苗栗市","120.815","24.560","2118"
"18","335664","20220802231000","182","0","苗栗縣","苗栗市","120.805","24.565","18"
"196","335666","20220802231000","348","0","苗栗縣","通霄鎮","120.715","24.560","219"
"74","335669","20220802231000","59","2","苗栗縣","通霄鎮","120.715","24.565","79"
"103","335671","20220802231000","146","0","苗栗縣","通霄鎮","120.710","24.570","195"
"153","335675","20220802231000","170","0","苗栗縣","通霄鎮","120.710","24.565","184"
"130","335689","20220802231000","127","1","苗栗縣","南庄鄉","121.005","24.615","122"
"157","335701","20220802231000","111","2","苗栗縣","南庄鄉","121.010","24.635","171"
"2061","335706","20220802231000","2071","0","苗栗縣","苗栗市","120.820","24.565","2194"
"142","335707","20220802231000","1074","0","苗栗縣","苗栗市","120.820","24.570","166"
"415","335708","20220802231000","458","0","苗栗縣","苗栗市","120.820","24.575","356"
"483","335717","20220802231000","423","1","苗栗縣","後龍鎮","120.775","24.650","470"
"40","335748","20220802231000","308","0","苗栗縣","南庄鄉","120.985","24.635","27"
"1159","335753","20220802231000","812","2","苗栗縣","苗栗市","120.830","24.575","1179"
"292","335754","20220802231000","172","3","苗栗縣","苗栗市","120.830","24.580","293"
"93","335762","20220802231000","1915","0","苗栗縣","苗栗市","120.830","24.570","112"
"1075","335763","20220802231000","898","1","苗栗縣","苗栗市","120.835","24.570","1009"
"158","335766","20220802231000","118","2","苗栗縣","苗栗市","120.840","24.575","37"
"545","335767","20220802231000","312","3","苗栗縣","苗栗市","120.835","24.580","530"
"315","335776","20220802231000","301","1","苗栗縣","頭屋鄉","120.845","24.595","320"
"61","335787","20220802231000","41","2","苗栗縣","頭屋鄉","120.860","24.570","60"
"394","335795","20220802231000","226","3","苗栗縣","頭屋鄉","120.855","24.580","407"
"199","335796","20220802231000","176","1","苗栗縣","頭屋鄉","120.860","24.580","189"
"53","335799","20220802231000","291","0","苗栗縣","頭屋鄉","120.875","24.580","42"
"86","335801","20220802231000","304","0","苗栗縣","頭屋鄉","120.850","24.570","76"
"76","335802","20220802231000","59","2","苗栗縣","頭屋鄉","120.855","24.570","72"
"568","335804","20220802231000","426","2","苗栗縣","頭屋鄉","120.850","24.575","576"
"76","335805","20220802231000","274","0","苗栗縣","頭屋鄉","120.855","24.575","77"
"101","335817","20220802231000","122","0","苗栗縣","後龍鎮","120.730","24.590","115"
"142","335832","20220802231000","125","1","苗栗縣","後龍鎮","120.735","24.605","178"
"12","335881","20220802231000","80","0","苗栗縣","南庄鄉","120.985","24.570","15"
"27","335884","20220802231000","26","1","苗栗縣","南庄鄉","121.000","24.570","34"
"21","335915","20220802231000","147","0","苗栗縣","南庄鄉","120.995","24.585","28"
"150","335931","20220802231000","150","1","苗栗縣","南庄鄉","121.015","24.595","165"
"440","335948","20220802231000","429","1","苗栗縣","南庄鄉","120.955","24.640","457"
"395","335954","20220802231000","321","2","苗栗縣","南庄鄉","121.000","24.600","372"
"396","335959","20220802231000","386","1","苗栗縣","南庄鄉","121.000","24.605","407"
"29","336014","20220802231000","31","0","苗栗縣","南庄鄉","121.035","24.585","38"
"49","336050","20220802231000","115","0","苗栗縣","南庄鄉","121.040","24.600","18"
"280","336097","20220802231000","180","3","苗栗縣","南庄鄉","121.035","24.620","250"
"40","336103","20220802231000","38","1","苗栗縣","南庄鄉","121.020","24.620","57"
"89","336149","20220802231000","184","0","苗栗縣","頭屋鄉","120.890","24.585","84"
"182","336180","20220802231000","151","2","苗栗縣","頭屋鄉","120.885","24.600","182"
"24","336185","20220802231000","253","0","苗栗縣","頭屋鄉","120.845","24.560","305"
"15","336218","20220802231000","21","0","苗栗縣","頭屋鄉","120.895","24.570","18"
"47","336244","20220802231000","333","0","苗栗縣","頭份鎮","120.880","24.645","59"
"245","336248","20220802231000","196","2","苗栗縣","頭份鎮","120.880","24.650","229"
"474","336249","20220802231000","434","1","苗栗縣","頭份鎮","120.885","24.650","439"
"14","336255","20220802231000","15","0","苗栗縣","頭份鎮","120.895","24.650","14"
"774","336266","20220802231000","833","0","苗栗縣","後龍鎮","120.785","24.610","735"
"369","336274","20220802231000","304","2","苗栗縣","後龍鎮","120.820","24.615","434"
"41","336275","20220802231000","24","3","苗栗縣","後龍鎮","120.825","24.615","63"
"582","336278","20220802231000","582","1","苗栗縣","後龍鎮","120.810","24.620","556"
"152","336282","20220802231000","192","0","苗栗縣","造橋鄉","120.815","24.625","136"
"1853","336283","20220802231000","1547","1","苗栗縣","苗栗市","120.810","24.565","1772"
"1791","336284","20220802231000","1347","2","苗栗縣","苗栗市","120.815","24.565","1882"
"199","336285","20220802231000","172","1","苗栗縣","苗栗市","120.805","24.570","193"
"25","336287","20220802231000","364","0","苗栗縣","苗栗市","120.815","24.570","25"
"108","336288","20220802231000","80","2","苗栗縣","苗栗市","120.810","24.575","144"
"416","336292","20220802231000","416","1","苗栗縣","苗栗市","120.810","24.585","335"
"213","336295","20220802231000","174","2","苗栗縣","苗栗市","120.810","24.590","224"
"13","336306","20220802231000","13","1","苗栗縣","苗栗市","120.790","24.570","17"
"19","336318","20220802231000","23","0","苗栗縣","苗栗市","120.795","24.580","20"
"24","336323","20220802231000","41","0","苗栗縣","苗栗市","120.795","24.585","24"
"546","336331","20220802231000","943","0","苗栗縣","苗栗市","120.825","24.570","570"
"14","336351","20220802231000","197","0","苗栗縣","後龍鎮","120.800","24.645","21"
"174","336352","20220802231000","581","0","苗栗縣","後龍鎮","120.805","24.645","152"
"166","336359","20220802231000","105","3","苗栗縣","後龍鎮","120.805","24.650","187"
"2089","336369","20220802231000","1665","2","苗栗縣","後龍鎮","120.790","24.610","2011"
"120","336376","20220802231000","441","0","苗栗縣","後龍鎮","120.810","24.610","129"
"157","336382","20220802231000","160","0","苗栗縣","後龍鎮","120.800","24.625","193"
"164","336386","20220802231000","134","2","苗栗縣","後龍鎮","120.800","24.630","188"
"331","336390","20220802231000","245","2","苗栗縣","後龍鎮","120.800","24.635","349"
"225","336395","20220802231000","270","0","苗栗縣","後龍鎮","120.825","24.605","338"
"170","336400","20220802231000","221","0","苗栗縣","後龍鎮","120.825","24.610","138"
"46","336426","20220802231000","355","0","苗栗縣","造橋鄉","120.890","24.620","59"
"101","336440","20220802231000","77","2","苗栗縣","造橋鄉","120.925","24.600","110"
"89","336466","20220802231000","59","3","苗栗縣","造橋鄉","120.910","24.620","81"
"57","336470","20220802231000","123","0","苗栗縣","造橋鄉","120.865","24.605","59"
"90","336492","20220802231000","83","1","苗栗縣","造橋鄉","120.855","24.620","87"
"48","336494","20220802231000","20","3","苗栗縣","造橋鄉","120.865","24.620","38"
"33","336501","20220802231000","180","0","苗栗縣","造橋鄉","120.865","24.630","42"
"39","336504","20220802231000","27","2","苗栗縣","造橋鄉","120.860","24.645","46"
"245","336507","20220802231000","212","1","苗栗縣","造橋鄉","120.870","24.650","302"
"311","336511","20220802231000","189","3","苗栗縣","造橋鄉","120.860","24.655","341"
"93","336512","20220802231000","83","1","苗栗縣","造橋鄉","120.865","24.655","100"
"221","336520","20220802231000","134","3","苗栗縣","造橋鄉","120.850","24.645","242"
"237","336523","20220802231000","234","1","苗栗縣","造橋鄉","120.845","24.650","232"
"141","336526","20220802231000","234","0","苗栗縣","造橋鄉","120.840","24.650","138"
"88","336531","20220802231000","103","0","苗栗縣","造橋鄉","120.855","24.655","79"
"198","336542","20220802231000","200","0","苗栗縣","造橋鄉","120.840","24.610","193"
"15","336543","20220802231000","11","2","苗栗縣","造橋鄉","120.845","24.610","15"
"54","336546","20220802231000","31","3","苗栗縣","造橋鄉","120.840","24.615","58"
"12","336549","20220802231000","12","1","苗栗縣","造橋鄉","120.830","24.620","18"
"140","336556","20220802231000","134","1","苗栗縣","造橋鄉","120.840","24.625","169"
"53","336559","20220802231000","38","2","苗栗縣","造橋鄉","120.855","24.625","53"
"86","336569","20220802231000","57","3","苗栗縣","造橋鄉","120.860","24.640","86"
"331","336572","20220802231000","333","0","苗栗縣","造橋鄉","120.875","24.640","340"
"222","336573","20220802231000","165","2","苗栗縣","造橋鄉","120.865","24.645","254"
"92","336574","20220802231000","111","0","苗栗縣","造橋鄉","120.870","24.645","94"
"70","336587","20220802231000","35","3","苗栗縣","造橋鄉","120.820","24.630","81"
"11","336597","20220802231000","130","0","苗栗縣","造橋鄉","120.825","24.640","17"
"32","336604","20220802231000","33","0","苗栗縣","造橋鄉","120.840","24.645","34"
"150","336605","20220802231000","59","3","苗栗縣","造橋鄉","120.830","24.650","135"
"87","336610","20220802231000","70","2","苗栗縣","造橋鄉","120.840","24.655","85"
"10","336614","20220802231000","74","0","苗栗縣","獅潭鄉","120.940","24.560","10"
"333","336662","20220802231000","235","2","苗栗縣","獅潭鄉","120.940","24.590","360"
"1410","336672","20220802231000","1057","2","苗栗縣","頭份鎮","120.890","24.625","1431"
"298","336679","20220802231000","244","2","苗栗縣","頭份鎮","120.885","24.635","287"
"205","336689","20220802231000","127","3","苗栗縣","頭份鎮","120.885","24.645","218"
"22","336694","20220802231000","18","2","苗栗縣","頭份鎮","120.905","24.650","22"
"210","336696","20220802231000","114","3","苗栗縣","後龍鎮","120.815","24.635","230"
"162","336716","20220802231000","173","0","苗栗縣","後龍鎮","120.765","24.590","160"
"159","336717","20220802231000","89","3","苗栗縣","後龍鎮","120.750","24.595","212"
"206","336734","20220802231000","151","2","苗栗縣","後龍鎮","120.760","24.635","210"
"28","336737","20220802231000","30","0","苗栗縣","後龍鎮","120.775","24.635","32"
"122","336741","20220802231000","130","0","苗栗縣","後龍鎮","120.770","24.640","150"
"468","336749","20220802231000","447","1","苗栗縣","後龍鎮","120.825","24.600","462"
"414","336751","20220802231000","322","2","苗栗縣","後龍鎮","120.815","24.605","437"
"158","336767","20220802231000","174","0","苗栗縣","後龍鎮","120.790","24.590","195"
"56","336777","20220802231000","338","0","苗栗縣","後龍鎮","120.780","24.600","66"
"221","336816","20220802231000","330","0","苗栗縣","西湖鄉","120.755","24.560","217"
"347","336818","20220802231000","314","1","苗栗縣","西湖鄉","120.755","24.565","360"
"52","336841","20220802231000","649","0","苗栗縣","後龍鎮","120.790","24.615","72"
"256","336849","20220802231000","252","1","苗栗縣","後龍鎮","120.735","24.570","279"
"60","336860","20220802231000","52","1","苗栗縣","後龍鎮","120.715","24.585","55"
"68","336867","20220802231000","61","1","苗栗縣","後龍鎮","120.725","24.590","79"
"13","336873","20220802231000","14","0","苗栗縣","後龍鎮","120.725","24.600","24"
"1184","345384","20220802231000","956","2","宜蘭縣","員山鄉","121.730","24.730","1158"
"727","345386","20220802231000","544","2","宜蘭縣","冬山鄉","121.750","24.655","739"
"1062","345394","20220802231000","987","1","宜蘭縣","員山鄉","121.725","24.740","1073"
"896","345398","20220802231000","826","1","宜蘭縣","員山鄉","121.725","24.745","893"
"210","345405","20220802231000","179","1","宜蘭縣","員山鄉","121.705","24.730","215"
"337","345413","20220802231000","167","3","宜蘭縣","員山鄉","121.715","24.735","311"
"354","345414","20220802231000","312","1","宜蘭縣","員山鄉","121.720","24.735","358"
"29","345418","20220802231000","467","0","宜蘭縣","宜蘭市","121.760","24.755","21"
"1075","345419","20220802231000","1217","0","宜蘭縣","宜蘭市","121.755","24.755","1026"
"271","345420","20220802231000","272","0","宜蘭縣","員山鄉","121.730","24.710","322"
"694","345431","20220802231000","555","2","宜蘭縣","宜蘭市","121.740","24.725","707"
"76","345442","20220802231000","54","2","宜蘭縣","員山鄉","121.630","24.690","63"
"15","345460","20220802231000","27","0","宜蘭縣","員山鄉","121.645","24.700","16"
"102","345472","20220802231000","83","2","宜蘭縣","員山鄉","121.645","24.705","108"
"53","345493","20220802231000","56","0","宜蘭縣","員山鄉","121.665","24.710","56"
"46","345545","20220802231000","59","0","宜蘭縣","員山鄉","121.680","24.715","47"
"340","345546","20220802231000","255","2","宜蘭縣","員山鄉","121.685","24.715","358"
"437","345550","20220802231000","345","2","宜蘭縣","員山鄉","121.685","24.720","428"
"1044","345564","20220802231000","775","2","宜蘭縣","冬山鄉","121.705","24.655","1028"
"499","345567","20220802231000","448","1","宜蘭縣","冬山鄉","121.745","24.670","485"
"31","345571","20220802231000","292","0","宜蘭縣","羅東鎮","121.750","24.685","29"
"16","345574","20220802231000","11","2","宜蘭縣","冬山鄉","121.730","24.660","21"
"439","345575","20220802231000","341","2","宜蘭縣","冬山鄉","121.735","24.660","449"
"500","345579","20220802231000","453","1","宜蘭縣","冬山鄉","121.745","24.665","529"
"611","345580","20220802231000","328","3","宜蘭縣","冬山鄉","121.750","24.670","603"
"457","345593","20220802231000","319","2","宜蘭縣","冬山鄉","121.735","24.680","495"
"348","345596","20220802231000","247","2","宜蘭縣","冬山鄉","121.730","24.685","325"
"526","345600","20220802231000","256","3","宜蘭縣","冬山鄉","121.740","24.690","519"
"234","345608","20220802231000","217","1","宜蘭縣","壯圍鄉","121.780","24.725","295"
"625","345621","20220802231000","370","3","宜蘭縣","宜蘭市","121.755","24.765","630"
"203","345623","20220802231000","421","0","宜蘭縣","三星鄉","121.685","24.700","210"
"283","345646","20220802231000","188","3","宜蘭縣","五結鄉","121.775","24.700","279"
"49","345649","20220802231000","164","0","宜蘭縣","五結鄉","121.790","24.700","56"
"338","345652","20220802231000","304","1","宜蘭縣","五結鄉","121.785","24.705","344"
"349","345678","20220802231000","311","1","宜蘭縣","三星鄉","121.675","24.685","353"
"477","345685","20220802231000","389","2","宜蘭縣","三星鄉","121.670","24.690","465"
"34","345695","20220802231000","144","0","宜蘭縣","三星鄉","121.685","24.695","31"
"303","345711","20220802231000","206","2","宜蘭縣","三星鄉","121.630","24.665","283"
"1106","345715","20220802231000","1096","1","宜蘭縣","宜蘭市","121.755","24.760","1092"
"508","345716","20220802231000","417","2","宜蘭縣","三星鄉","121.655","24.670","533"
"1420","345720","20220802231000","1315","1","宜蘭縣","三星鄉","121.650","24.665","1420"
"984","345726","20220802231000","1090","0","宜蘭縣","壯圍鄉","121.815","24.760","996"
"265","345731","20220802231000","201","2","宜蘭縣","大同鄉","121.600","24.675","279"
"197","345738","20220802231000","166","1","宜蘭縣","大同鄉","121.610","24.680","174"
"124","345857","20220802231000","108","1","宜蘭縣","大同鄉","121.580","24.655","136"
"195","345897","20220802231000","122","3","宜蘭縣","大同鄉","121.590","24.665","235"
"34","345918","20220802231000","24","2","宜蘭縣","大同鄉","121.590","24.670","44"
"385","345998","20220802231000","363","1","宜蘭縣","宜蘭市","121.745","24.760","405"
"429","346004","20220802231000","405","1","宜蘭縣","壯圍鄉","121.820","24.725","433"
"554","346010","20220802231000","509","1","宜蘭縣","員山鄉","121.685","24.730","540"
"424","346029","20220802231000","254","3","宜蘭縣","員山鄉","121.705","24.710","440"
"147","346033","20220802231000","133","1","宜蘭縣","員山鄉","121.725","24.710","148"
"1274","346041","20220802231000","899","2","宜蘭縣","員山鄉","121.720","24.725","1272"
"312","346048","20220802231000","269","1","宜蘭縣","員山鄉","121.700","24.745","282"
"23","346150","20220802231000","20","1","宜蘭縣","員山鄉","121.670","24.745","25"
"327","346153","20220802231000","238","2","宜蘭縣","員山鄉","121.685","24.745","303"
"10","346174","20220802231000","19","0","宜蘭縣","員山鄉","121.590","24.755","20"
"27","346184","20220802231000","40","0","宜蘭縣","員山鄉","121.640","24.755","23"
"216","346231","20220802231000","195","1","宜蘭縣","冬山鄉","121.790","24.655","205"
"482","346234","20220802231000","477","1","宜蘭縣","冬山鄉","121.805","24.655","476"
"709","346247","20220802231000","626","1","宜蘭縣","羅東鎮","121.775","24.685","672"
"299","346248","20220802231000","261","1","宜蘭縣","五結鄉","121.775","24.690","300"
"931","346251","20220802231000","763","2","宜蘭縣","五結鄉","121.770","24.695","899"
"391","346252","20220802231000","306","2","宜蘭縣","五結鄉","121.775","24.695","412"
"2753","346254","20220802231000","2518","1","宜蘭縣","羅東鎮","121.770","24.680","2747"
"38","346256","20220802231000","32","1","宜蘭縣","員山鄉","121.720","24.760","41"
"2987","346259","20220802231000","2019","2","宜蘭縣","五結鄉","121.770","24.705","2937"
"1169","346261","20220802231000","769","3","宜蘭縣","五結鄉","121.785","24.685","1186"
"2092","346263","20220802231000","2004","1","宜蘭縣","五結鄉","121.795","24.685","2039"
"1071","346264","20220802231000","890","2","宜蘭縣","五結鄉","121.800","24.685","1086"
"1389","346266","20220802231000","1339","1","宜蘭縣","五結鄉","121.795","24.690","1402"
"789","346267","20220802231000","687","1","宜蘭縣","五結鄉","121.795","24.695","797"
"880","346274","20220802231000","973","0","宜蘭縣","五結鄉","121.820","24.665","882"
"20","346275","20220802231000","19","1","宜蘭縣","五結鄉","121.825","24.665","18"
"689","346280","20220802231000","473","2","宜蘭縣","五結鄉","121.810","24.675","725"
"141","346281","20220802231000","96","2","宜蘭縣","五結鄉","121.815","24.675","148"
"453","346284","20220802231000","348","2","宜蘭縣","五結鄉","121.815","24.680","516"
"218","346286","20220802231000","173","2","宜蘭縣","五結鄉","121.800","24.680","241"
"49","346292","20220802231000","370","0","宜蘭縣","壯圍鄉","121.795","24.760","44"
"20","346296","20220802231000","16","2","宜蘭縣","三星鄉","121.665","24.675","24"
"305","346360","20220802231000","364","0","宜蘭縣","壯圍鄉","121.815","24.745","292"
"43","346378","20220802231000","28","3","宜蘭縣","壯圍鄉","121.805","24.765","46"
"2118","346379","20220802231000","1996","1","宜蘭縣","宜蘭市","121.750","24.750","2150"
"467","346389","20220802231000","401","1","宜蘭縣","五結鄉","121.810","24.700","464"
"175","346394","20220802231000","252","0","宜蘭縣","五結鄉","121.830","24.675","161"
"435","346399","20220802231000","488","0","宜蘭縣","五結鄉","121.825","24.680","489"
"39","346400","20220802231000","99","0","宜蘭縣","五結鄉","121.830","24.680","48"
"23","346401","20220802231000","26","0","宜蘭縣","五結鄉","121.835","24.680","20"
"53","346403","20220802231000","85","0","宜蘭縣","五結鄉","121.825","24.685","50"
"152","346413","20220802231000","156","0","宜蘭縣","五結鄉","121.835","24.660","153"
"159","346416","20220802231000","117","2","宜蘭縣","五結鄉","121.835","24.665","139"
"688","346420","20220802231000","759","0","宜蘭縣","五結鄉","121.795","24.680","678"
"822","346421","20220802231000","556","2","宜蘭縣","五結鄉","121.800","24.675","807"
"682","346423","20220802231000","385","3","宜蘭縣","五結鄉","121.785","24.680","683"
"742","346429","20220802231000","409","3","宜蘭縣","冬山鄉","121.775","24.660","721"
"275","346430","20220802231000","413","0","宜蘭縣","冬山鄉","121.770","24.665","258"
"335","346431","20220802231000","584","0","宜蘭縣","宜蘭市","121.745","24.755","318"
"691","346436","20220802231000","649","1","宜蘭縣","宜蘭市","121.750","24.740","666"
"878","346437","20220802231000","839","1","宜蘭縣","宜蘭市","121.750","24.760","917"
"54","346440","20220802231000","97","0","宜蘭縣","冬山鄉","121.765","24.665","67"
"299","346442","20220802231000","253","1","宜蘭縣","冬山鄉","121.780","24.660","296"
"545","346443","20220802231000","465","1","宜蘭縣","冬山鄉","121.785","24.660","554"
"161","346456","20220802231000","188","0","宜蘭縣","宜蘭市","121.770","24.720","168"
"1020","346457","20220802231000","814","2","宜蘭縣","宜蘭市","121.760","24.720","1038"
"270","346458","20220802231000","212","2","宜蘭縣","宜蘭市","121.765","24.720","256"
"165","346461","20220802231000","169","0","宜蘭縣","五結鄉","121.820","24.695","157"
"172","346470","20220802231000","135","2","宜蘭縣","五結鄉","121.810","24.705","184"
"565","346472","20220802231000","377","2","宜蘭縣","五結鄉","121.820","24.705","561"
"226","346534","20220802231000","226","1","宜蘭縣","三星鄉","121.680","24.665","257"
"364","346538","20220802231000","285","2","宜蘭縣","三星鄉","121.680","24.670","356"
"453","346540","20220802231000","519","0","宜蘭縣","宜蘭市","121.740","24.760","469"
"301","346545","20220802231000","798","0","宜蘭縣","員山鄉","121.710","24.750","322"
"397","346553","20220802231000","273","2","宜蘭縣","員山鄉","121.715","24.760","380"
"722","346555","20220802231000","533","2","宜蘭縣","羅東鎮","121.765","24.690","743"
"604","346556","20220802231000","702","0","宜蘭縣","五結鄉","121.770","24.690","604"
"373","346558","20220802231000","262","2","宜蘭縣","壯圍鄉","121.800","24.730","383"
"2043","346566","20220802231000","1446","2","宜蘭縣","壯圍鄉","121.785","24.745","2031"
"435","346572","20220802231000","383","1","宜蘭縣","三星鄉","121.690","24.680","397"
"105","346599","20220802231000","306","0","宜蘭縣","三星鄉","121.700","24.665","106"
"642","346607","20220802231000","549","1","宜蘭縣","三星鄉","121.710","24.670","689"
"687","346608","20220802231000","592","1","宜蘭縣","三星鄉","121.715","24.670","655"
"294","346611","20220802231000","243","2","宜蘭縣","冬山鄉","121.730","24.670","324"
"624","346626","20220802231000","801","0","宜蘭縣","員山鄉","121.725","24.765","644"
"1699","346628","20220802231000","3236","0","宜蘭縣","羅東鎮","121.770","24.675","1732"
"3410","346629","20220802231000","3151","1","宜蘭縣","羅東鎮","121.760","24.680","3369"
"2316","346630","20220802231000","2163","1","宜蘭縣","羅東鎮","121.760","24.675","2343"
"364","346634","20220802231000","248","2","宜蘭縣","宜蘭市","121.775","24.735","350"
"862","346635","20220802231000","841","1","宜蘭縣","宜蘭市","121.765","24.740","867"
"1546","346642","20220802231000","1542","1","宜蘭縣","宜蘭市","121.770","24.750","1500"
"14","346652","20220802231000","91","0","宜蘭縣","壯圍鄉","121.805","24.720","13"
"1916","346668","20220802231000","1260","3","宜蘭縣","宜蘭市","121.750","24.755","1895"
"930","346672","20220802231000","932","0","宜蘭縣","冬山鄉","121.770","24.655","916"
"1115","346673","20220802231000","981","1","宜蘭縣","冬山鄉","121.755","24.660","1154"
"511","346674","20220802231000","470","1","宜蘭縣","冬山鄉","121.760","24.660","511"
"740","346675","20220802231000","527","2","宜蘭縣","冬山鄉","121.765","24.660","727"
"1090","346678","20220802231000","1029","1","宜蘭縣","羅東鎮","121.780","24.675","1146"
"485","346684","20220802231000","548","0","宜蘭縣","宜蘭市","121.770","24.725","494"
"481","346685","20220802231000","348","2","宜蘭縣","宜蘭市","121.765","24.725","464"
"2076","346692","20220802231000","1909","1","宜蘭縣","宜蘭市","121.755","24.745","2099"
"564","346698","20220802231000","303","3","宜蘭縣","三星鄉","121.725","24.690","565"
"606","346702","20220802231000","516","1","宜蘭縣","三星鄉","121.730","24.695","579"
"647","346710","20220802231000","645","1","宜蘭縣","羅東鎮","121.755","24.670","652"
"796","346712","20220802231000","807","0","宜蘭縣","羅東鎮","121.765","24.670","738"
"778","346713","20220802231000","637","2","宜蘭縣","五結鄉","121.800","24.690","759"
"1110","346714","20220802231000","984","1","宜蘭縣","五結鄉","121.800","24.695","1098"
"437","346718","20220802231000","394","1","宜蘭縣","五結鄉","121.790","24.705","445"
"271","346731","20220802231000","236","1","宜蘭縣","三星鄉","121.745","24.700","288"
"1977","346739","20220802231000","2257","0","新竹縣","竹東鎮","121.100","24.720","2529"
"55","346747","20220802231000","84","0","新竹縣","竹東鎮","121.035","24.760","80"
"2201","346754","20220802231000","1928","1","新竹縣","竹東鎮","121.090","24.745","2830"
"641","346790","20220802231000","821","0","新竹市","香山區","120.955","24.750","387"
"81","346791","20220802231000","137","0","新竹市","香山區","120.940","24.755","104"
"191","346792","20220802231000","179","1","新竹市","香山區","120.945","24.755","274"
"446","346793","20220802231000","1305","0","新竹市","香山區","120.950","24.755","943"
"134","346794","20220802231000","113","1","新竹市","香山區","120.920","24.720","178"
"431","346797","20220802231000","518","0","新竹市","香山區","120.915","24.730","573"
"191","346804","20220802231000","245","0","新竹市","香山區","120.915","24.735","290"
"333","346806","20220802231000","503","0","新竹市","香山區","120.915","24.740","438"
"872","346812","20220802231000","802","1","新竹市","香山區","120.910","24.745","1160"
"111","346817","20220802231000","135","0","新竹市","香山區","120.880","24.735","117"
"290","346825","20220802231000","368","0","新竹市","香山區","120.895","24.740","320"
"25","346835","20220802231000","90","0","新竹市","香山區","120.925","24.715","26"
"51","346841","20220802231000","115","0","新竹市","香山區","120.930","24.725","37"
"112","346860","20220802231000","116","0","新竹縣","關西鎮","121.210","24.760","164"
"43","346863","20220802231000","36","1","新竹縣","關西鎮","121.225","24.760","44"
"76","346867","20220802231000","64","1","新竹縣","關西鎮","121.215","24.765","106"
"88","346868","20220802231000","84","1","新竹縣","關西鎮","121.220","24.765","125"
"109","346896","20220802231000","82","2","新竹縣","關西鎮","121.240","24.765","113"
"193","346907","20220802231000","134","2","新竹縣","關西鎮","121.230","24.770","249"
"1826","346918","20220802231000","1630","1","新竹市","東區","121.020","24.760","1691"
"90","346919","20220802231000","101","0","新竹市","東區","121.025","24.760","64"
"465","346920","20220802231000","608","0","新竹市","東區","121.020","24.765","512"
"852","346921","20220802231000","975","0","新竹市","東區","121.025","24.765","929"
"6481","346922","20220802231000","4910","2","新竹市","東區","121.015","24.770","5859"
"1294","346923","20220802231000","1705","0","新竹市","東區","121.020","24.770","1344"
"560","346924","20220802231000","513","1","新竹市","東區","121.025","24.770","516"
"375","346931","20220802231000","712","0","新竹縣","竹東鎮","121.090","24.735","214"
"216","346936","20220802231000","399","0","新竹縣","橫山鄉","121.100","24.710","201"
"771","346937","20220802231000","703","1","新竹縣","竹東鎮","121.100","24.715","828"
"333","346949","20220802231000","410","0","新竹縣","橫山鄉","121.180","24.705","422"
"214","346961","20220802231000","228","0","新竹縣","橫山鄉","121.165","24.710","214"
"186","346964","20220802231000","185","1","新竹縣","橫山鄉","121.150","24.715","211"
"10","346967","20220802231000","42","0","新竹縣","橫山鄉","121.165","24.715","10"
"814","347497","20220802231000","1170","0","新竹市","東區","120.975","24.765","1391"
"685","347498","20220802231000","532","2","新竹市","東區","120.980","24.765","308"
"366","347499","20220802231000","325","1","新竹市","東區","120.970","24.770","419"
"1747","347500","20220802231000","1627","1","新竹市","東區","120.975","24.770","1999"
"304","347505","20220802231000","308","0","新竹市","東區","120.965","24.765","390"
"777","347506","20220802231000","1218","0","新竹市","東區","120.970","24.765","1025"
"110","347507","20220802231000","67","3","新竹市","東區","120.965","24.770","89"
"1059","347508","20220802231000","1105","0","新竹縣","竹東鎮","121.085","24.735","1214"
"250","347515","20220802231000","493","0","新竹縣","竹東鎮","121.075","24.725","321"
"324","347520","20220802231000","406","0","新竹縣","竹東鎮","121.090","24.730","383"
"1247","347521","20220802231000","1346","0","新竹縣","竹東鎮","121.085","24.740","1562"
"1498","347522","20220802231000","811","3","新竹縣","竹東鎮","121.100","24.745","1247"
"431","347533","20220802231000","532","0","新竹縣","芎林鄉","121.125","24.725","541"
"287","347538","20220802231000","320","0","新竹縣","芎林鄉","121.120","24.735","370"
"127","347547","20220802231000","173","0","新竹縣","芎林鄉","121.135","24.745","175"
"55","347555","20220802231000","43","2","新竹縣","芎林鄉","121.140","24.750","51"
"93","347573","20220802231000","72","2","新竹縣","關西鎮","121.185","24.755","93"
"15","347587","20220802231000","33","0","新竹縣","關西鎮","121.205","24.765","50"
"47","347621","20220802231000","26","3","新竹縣","關西鎮","121.195","24.750","39"
"24","347640","20220802231000","68","0","新竹縣","關西鎮","121.180","24.745","34"
"70","347650","20220802231000","42","3","新竹縣","關西鎮","121.170","24.755","52"
"97","347665","20220802231000","73","2","新竹縣","關西鎮","121.170","24.765","123"
"143","347670","20220802231000","175","0","新竹縣","關西鎮","121.170","24.770","163"
"2524","347702","20220802231000","2731","0","新竹縣","竹東鎮","121.090","24.740","3093"
"203","347705","20220802231000","240","0","新竹縣","竹東鎮","121.100","24.695","255"
"1103","347714","20220802231000","1295","0","新竹縣","竹東鎮","121.050","24.770","1475"
"121","347720","20220802231000","120","1","新竹縣","寶山鄉","121.030","24.735","166"
"18","347723","20220802231000","103","0","新竹縣","寶山鄉","121.020","24.740","17"
"122","347740","20220802231000","168","0","新竹縣","寶山鄉","121.030","24.750","135"
"100","347774","20220802231000","79","2","新竹縣","寶山鄉","121.050","24.730","123"
"114","347788","20220802231000","106","1","新竹縣","寶山鄉","121.040","24.745","126"
"72","347794","20220802231000","99","0","新竹縣","寶山鄉","121.045","24.745","97"
"28","347799","20220802231000","18","3","新竹縣","寶山鄉","121.050","24.750","24"
"137","347805","20220802231000","206","0","新竹縣","寶山鄉","120.960","24.725","196"
"172","347806","20220802231000","116","2","新竹縣","寶山鄉","120.965","24.725","166"
"29","347808","20220802231000","25","1","新竹縣","寶山鄉","120.975","24.725","32"
"186","347809","20220802231000","198","0","新竹縣","寶山鄉","120.980","24.725","200"
"479","347812","20220802231000","253","3","新竹縣","寶山鄉","120.965","24.730","333"
"31","347817","20220802231000","10","3","新竹縣","寶山鄉","120.965","24.735","13"
"13","347818","20220802231000","34","0","新竹縣","寶山鄉","120.970","24.735","18"
"62","347821","20220802231000","51","2","新竹縣","寶山鄉","120.985","24.735","59"
"118","347823","20220802231000","99","1","新竹縣","寶山鄉","120.970","24.740","137"
"77","347832","20220802231000","90","0","新竹縣","寶山鄉","120.980","24.745","111"
"148","347835","20220802231000","191","0","新竹縣","寶山鄉","120.980","24.755","236"
"47","347842","20220802231000","92","0","新竹縣","寶山鄉","121.000","24.715","90"
"76","347845","20220802231000","83","0","新竹縣","寶山鄉","121.015","24.715","102"
"419","347878","20220802231000","498","0","新竹縣","寶山鄉","120.940","24.725","519"
"63","347882","20220802231000","48","2","新竹縣","寶山鄉","120.945","24.740","66"
"131","347889","20220802231000","147","0","新竹縣","寶山鄉","120.960","24.745","140"
"24","347900","20220802231000","62","0","新竹縣","北埔鄉","121.055","24.670","13"
"1105","347925","20220802231000","1386","0","新竹縣","北埔鄉","121.055","24.695","1365"
"103","347926","20220802231000","128","0","新竹縣","北埔鄉","121.045","24.700","157"
"286","347927","20220802231000","254","1","新竹縣","北埔鄉","121.050","24.700","393"
"63","347930","20220802231000","43","2","新竹縣","北埔鄉","121.045","24.705","51"
"34","347931","20220802231000","44","0","新竹縣","北埔鄉","121.050","24.705","20"
"70","347934","20220802231000","57","2","新竹縣","北埔鄉","121.045","24.715","70"
"11","347940","20220802231000","10","1","新竹縣","北埔鄉","121.070","24.665","11"
"252","347949","20220802231000","248","1","新竹縣","北埔鄉","121.065","24.675","313"
"405","347958","20220802231000","434","0","新竹縣","橫山鄉","121.130","24.725","518"
"336","347976","20220802231000","433","0","新竹縣","橫山鄉","121.140","24.720","464"
"88","347986","20220802231000","26","3","新竹縣","橫山鄉","121.130","24.700","63"
"62","347995","20220802231000","163","0","新竹縣","橫山鄉","121.115","24.710","74"
"372","348000","20220802231000","507","0","新竹縣","橫山鄉","121.110","24.715","471"
"110","348001","20220802231000","128","0","新竹縣","橫山鄉","121.115","24.715","147"
"23","348003","20220802231000","84","0","新竹縣","橫山鄉","121.125","24.715","23"
"67","348006","20220802231000","177","0","新竹縣","橫山鄉","121.115","24.720","51"
"353","348007","20220802231000","614","0","新竹縣","橫山鄉","121.120","24.720","498"
"35","348008","20220802231000","57","0","新竹縣","橫山鄉","121.125","24.720","31"
"257","348022","20220802231000","287","0","新竹縣","橫山鄉","121.160","24.740","315"
"98","348032","20220802231000","84","1","新竹縣","橫山鄉","121.165","24.745","128"
"46","348040","20220802231000","41","1","新竹縣","橫山鄉","121.105","24.680","56"
"67","348074","20220802231000","59","1","新竹縣","橫山鄉","121.165","24.730","72"
"17","348083","20220802231000","21","0","新竹縣","橫山鄉","121.180","24.735","22"
"16","348089","20220802231000","14","1","新竹縣","關西鎮","121.185","24.740","10"
"230","348136","20220802231000","142","3","新竹縣","橫山鄉","121.140","24.700","330"
"1024","348137","20220802231000","1101","0","新竹縣","竹東鎮","121.095","24.735","1260"
"1266","348138","20220802231000","1524","0","新竹縣","竹東鎮","121.100","24.735","1695"
"51","348144","20220802231000","37","2","新竹縣","芎林鄉","121.110","24.770","41"
"600","348163","20220802231000","760","0","新竹縣","芎林鄉","121.085","24.765","756"
"45","348164","20220802231000","17","3","新竹縣","芎林鄉","121.085","24.770","25"
"302","348165","20220802231000","378","0","新竹縣","芎林鄉","121.095","24.760","429"
"89","348190","20220802231000","65","2","新竹縣","芎林鄉","121.125","24.755","97"
"216","348207","20220802231000","219","0","新竹縣","寶山鄉","120.985","24.750","289"
"225","348212","20220802231000","249","0","新竹縣","寶山鄉","120.995","24.755","266"
"1202","348213","20220802231000","1464","0","新竹縣","寶山鄉","120.985","24.760","1591"
"663","348217","20220802231000","914","0","新竹縣","寶山鄉","120.990","24.765","819"
"124","348225","20220802231000","172","0","新竹縣","尖石鄉","121.200","24.705","166"
"65","348272","20220802231000","51","2","新竹縣","尖石鄉","121.225","24.730","66"
"63","348276","20220802231000","52","2","新竹縣","尖石鄉","121.245","24.730","84"
"43","348320","20220802231000","32","2","新竹縣","尖石鄉","121.260","24.705","53"
"87","348345","20220802231000","112","0","新竹縣","尖石鄉","121.270","24.715","134"
"110","348353","20220802231000","106","1","新竹縣","尖石鄉","121.250","24.720","152"
"110","348419","20220802231000","108","1","新竹縣","尖石鄉","121.265","24.745","106"
"49","348461","20220802231000","31","3","新竹縣","尖石鄉","121.185","24.665","41"
"51","348468","20220802231000","40","2","新竹縣","尖石鄉","121.195","24.670","65"
"33","348469","20220802231000","26","2","新竹縣","尖石鄉","121.200","24.670","40"
"34","348470","20220802231000","48","0","新竹縣","尖石鄉","121.205","24.670","54"
"94","348506","20220802231000","62","3","新竹縣","尖石鄉","121.350","24.660","113"
"47","348549","20220802231000","44","1","新竹縣","尖石鄉","121.310","24.685","83"
"243","348577","20220802231000","132","3","新竹縣","尖石鄉","121.280","24.665","227"
"153","348584","20220802231000","132","1","新竹縣","五峰鄉","121.150","24.670","170"
"79","348588","20220802231000","36","3","新竹縣","尖石鄉","121.170","24.670","74"
"33","348599","20220802231000","28","1","新竹縣","尖石鄉","121.170","24.680","38"
"87","348600","20220802231000","81","1","新竹縣","尖石鄉","121.175","24.680","93"
"22","348608","20220802231000","22","1","新竹縣","尖石鄉","121.185","24.685","18"
"16","348708","20220802231000","15","1","新竹縣","尖石鄉","121.235","24.680","17"
"161","348711","20220802231000","84","3","新竹縣","尖石鄉","121.250","24.680","162"
"50","348720","20220802231000","137","0","新竹縣","尖石鄉","121.220","24.685","83"
"255","348785","20220802231000","177","2","新竹縣","尖石鄉","121.220","24.705","330"
"76","348819","20220802231000","45","3","新竹縣","峨眉鄉","121.035","24.695","65"
"69","348820","20220802231000","157","0","新竹縣","北埔鄉","121.040","24.695","84"
"81","348822","20220802231000","90","0","新竹縣","峨眉鄉","121.035","24.700","100"
"60","348831","20220802231000","77","0","新竹縣","峨眉鄉","120.985","24.685","76"
"23","348834","20220802231000","28","0","新竹縣","峨眉鄉","120.970","24.690","34"
"102","348838","20220802231000","112","0","新竹縣","峨眉鄉","120.990","24.690","131"
"47","348845","20220802231000","60","0","新竹縣","峨眉鄉","120.985","24.700","57"
"40","348851","20220802231000","38","1","新竹縣","峨眉鄉","120.990","24.705","39"
"353","348861","20220802231000","396","0","新竹縣","峨眉鄉","121.025","24.685","429"
"266","348863","20220802231000","213","2","新竹縣","峨眉鄉","121.020","24.690","260"
"180","348870","20220802231000","154","1","新竹縣","北埔鄉","121.055","24.685","170"
"150","348889","20220802231000","138","1","新竹縣","北埔鄉","121.090","24.690","183"
"98","348892","20220802231000","69","2","新竹縣","北埔鄉","121.070","24.695","100"
"431","348909","20220802231000","536","0","新竹縣","北埔鄉","121.060","24.700","575"
"44","348910","20220802231000","50","0","新竹縣","北埔鄉","121.065","24.700","53"
"23","348919","20220802231000","26","0","新竹縣","北埔鄉","121.060","24.710","22"
"26","348944","20220802231000","13","3","新竹縣","寶山鄉","121.000","24.720","23"
"81","348947","20220802231000","103","0","新竹縣","寶山鄉","121.000","24.725","125"
"96","348952","20220802231000","48","3","新竹縣","寶山鄉","121.005","24.730","64"
"363","348957","20220802231000","320","1","新竹縣","寶山鄉","120.990","24.740","404"
"43","348958","20220802231000","57","0","新竹縣","寶山鄉","120.995","24.740","72"
"55","348969","20220802231000","62","0","新竹縣","寶山鄉","121.005","24.745","56"
"721","348971","20220802231000","1060","0","新竹縣","寶山鄉","121.005","24.750","829"
"508","348978","20220802231000","598","0","新竹縣","寶山鄉","121.020","24.755","679"
"214","348983","20220802231000","438","0","新竹縣","寶山鄉","121.000","24.765","294"
"1098","348986","20220802231000","1235","0","新竹縣","寶山鄉","121.015","24.765","1026"
"758","348987","20220802231000","1063","0","新竹縣","寶山鄉","121.000","24.770","810"
"238","348988","20220802231000","61","3","新竹縣","寶山鄉","121.005","24.770","132"
"220","348989","20220802231000","477","0","新竹縣","寶山鄉","121.010","24.770","265"
"80","348993","20220802231000","62","2","新竹縣","峨眉鄉","120.990","24.665","66"
"20","349000","20220802231000","21","0","新竹縣","峨眉鄉","120.995","24.670","29"
"87","349005","20220802231000","39","3","新竹縣","峨眉鄉","120.985","24.675","62"
"80","349012","20220802231000","87","0","新竹縣","峨眉鄉","120.990","24.680","97"
"180","349031","20220802231000","113","3","新竹縣","峨眉鄉","121.000","24.700","160"
"1080","349060","20220802231000","1295","0","新竹縣","竹東鎮","121.060","24.750","1293"
"248","349062","20220802231000","260","0","新竹縣","竹東鎮","121.070","24.750","323"
"656","349066","20220802231000","1009","0","新竹縣","竹東鎮","121.070","24.755","916"
"1664","349070","20220802231000","1906","0","新竹縣","竹東鎮","121.065","24.760","1937"
"4029","349073","20220802231000","4623","0","新竹縣","竹東鎮","121.060","24.765","5319"
"509","349074","20220802231000","99","3","新竹縣","竹東鎮","121.065","24.765","278"
"123","349079","20220802231000","123","1","新竹縣","竹東鎮","121.120","24.660","159"
"157","349087","20220802231000","320","0","新竹縣","竹東鎮","121.090","24.720","121"
"1638","349088","20220802231000","2326","0","新竹縣","竹東鎮","121.095","24.720","2185"
"2721","349089","20220802231000","2715","1","新竹縣","竹東鎮","121.090","24.725","3091"
"565","349090","20220802231000","821","0","新竹縣","竹東鎮","121.095","24.725","766"
"1702","349092","20220802231000","1445","1","新竹縣","竹東鎮","121.095","24.730","2042"
"235","349094","20220802231000","354","0","新竹縣","竹東鎮","121.105","24.730","340"
"322","349096","20220802231000","558","0","新竹縣","竹東鎮","121.055","24.755","341"
"69","349099","20220802231000","114","0","新竹縣","竹東鎮","121.045","24.765","93"
"837","349103","20220802231000","942","0","新竹縣","竹東鎮","121.060","24.770","917"
"576","349105","20220802231000","699","0","新竹縣","竹東鎮","121.080","24.735","763"
"289","349109","20220802231000","88","3","新竹縣","竹東鎮","121.080","24.740","207"
"95","349110","20220802231000","69","2","新竹縣","竹東鎮","121.075","24.745","94"
"814","349113","20220802231000","1338","0","新竹縣","竹東鎮","121.080","24.745","1040"
"1344","349114","20220802231000","1752","0","新竹縣","竹東鎮","121.085","24.745","1821"
"249","349115","20220802231000","227","1","新竹縣","竹東鎮","121.080","24.750","291"
"721","349118","20220802231000","672","1","宜蘭縣","宜蘭市","121.780","24.750","710"
"893","349120","20220802231000","852","1","宜蘭縣","宜蘭市","121.765","24.755","873"
"633","349124","20220802231000","870","0","宜蘭縣","宜蘭市","121.765","24.760","611"
"411","349125","20220802231000","429","0","宜蘭縣","宜蘭市","121.770","24.760","444"
"75","349130","20220802231000","93","0","宜蘭縣","宜蘭市","121.760","24.725","78"
"517","349131","20220802231000","411","2","宜蘭縣","宜蘭市","121.755","24.730","515"
"72","349132","20220802231000","60","2","宜蘭縣","宜蘭市","121.760","24.730","77"
"537","349136","20220802231000","594","0","宜蘭縣","宜蘭市","121.755","24.740","533"
"527","349139","20220802231000","563","0","宜蘭縣","宜蘭市","121.735","24.755","529"
"964","349140","20220802231000","958","1","宜蘭縣","宜蘭市","121.740","24.755","931"
"27","349143","20220802231000","39","0","宜蘭縣","羅東鎮","121.755","24.680","30"
"2185","349144","20220802231000","1797","2","宜蘭縣","羅東鎮","121.775","24.680","2112"
"1704","349145","20220802231000","1495","1","宜蘭縣","羅東鎮","121.775","24.675","1680"
"1007","349146","20220802231000","807","2","宜蘭縣","羅東鎮","121.750","24.675","941"
"680","349147","20220802231000","625","1","宜蘭縣","羅東鎮","121.770","24.685","645"
"376","349149","20220802231000","155","3","宜蘭縣","羅東鎮","121.750","24.680","394"
"162","349158","20220802231000","74","3","新竹市","香山區","120.930","24.745","204"
"85","349160","20220802231000","83","1","新竹市","香山區","120.925","24.750","108"
"566","349162","20220802231000","385","2","新竹市","香山區","120.915","24.760","654"
"764","349166","20220802231000","989","0","新竹市","香山區","120.915","24.765","999"
"92","349176","20220802231000","150","0","新竹市","香山區","120.955","24.760","109"
"37","349177","20220802231000","37","1","新竹市","東區","120.960","24.760","46"
"1078","349183","20220802231000","1261","0","新竹市","香山區","120.955","24.770","1379"
"514","349184","20220802231000","542","0","新竹市","香山區","120.960","24.770","468"
"33","349194","20220802231000","63","0","新竹市","香山區","120.905","24.760","33"
"128","349196","20220802231000","323","0","新竹市","香山區","120.920","24.760","114"
"83","349198","20220802231000","74","1","新竹市","香山區","120.930","24.760","79"
"185","349199","20220802231000","59","3","新竹市","香山區","120.935","24.760","159"
"92","349203","20220802231000","122","0","宜蘭縣","宜蘭市","121.765","24.745","83"
"1099","349204","20220802231000","1144","0","宜蘭縣","宜蘭市","121.760","24.750","1065"
"1042","349205","20220802231000","994","1","宜蘭縣","宜蘭市","121.765","24.750","1016"
"2140","349206","20220802231000","1952","1","宜蘭縣","羅東鎮","121.775","24.670","2074"
"1203","349207","20220802231000","1102","1","宜蘭縣","羅東鎮","121.755","24.675","1171"
"32","349208","20220802231000","293","0","宜蘭縣","羅東鎮","121.755","24.690","37"
"91","349210","20220802231000","147","0","宜蘭縣","羅東鎮","121.755","24.695","102"
"830","349211","20220802231000","733","1","宜蘭縣","羅東鎮","121.760","24.695","876"
"930","349214","20220802231000","1752","0","宜蘭縣","羅東鎮","121.770","24.670","986"
"618","349216","20220802231000","599","1","宜蘭縣","羅東鎮","121.800","24.665","631"
"1229","349222","20220802231000","674","3","宜蘭縣","羅東鎮","121.795","24.675","1243"
"783","349224","20220802231000","785","0","宜蘭縣","羅東鎮","121.785","24.675","764"
"2883","349225","20220802231000","2043","2","宜蘭縣","羅東鎮","121.780","24.680","2945"
"1367","349227","20220802231000","1661","0","宜蘭縣","宜蘭市","121.750","24.745","1370"
"1216","349228","20220802231000","1150","1","宜蘭縣","員山鄉","121.735","24.745","1129"
"1826","349229","20220802231000","2433","0","宜蘭縣","宜蘭市","121.740","24.745","1806"
"1513","349230","20220802231000","1311","1","宜蘭縣","宜蘭市","121.745","24.745","1464"
"538","349231","20220802231000","511","1","宜蘭縣","宜蘭市","121.730","24.750","519"
"1585","349232","20220802231000","1790","0","宜蘭縣","宜蘭市","121.735","24.750","1540"
"1539","349234","20220802231000","1485","1","宜蘭縣","羅東鎮","121.765","24.675","1538"
"859","349235","20220802231000","847","1","宜蘭縣","宜蘭市","121.760","24.760","898"
"857","349236","20220802231000","688","2","宜蘭縣","宜蘭市","121.750","24.765","894"
"429","349237","20220802231000","415","1","宜蘭縣","宜蘭市","121.745","24.750","431"
"629","349238","20220802231000","547","1","宜蘭縣","宜蘭市","121.760","24.765","586"
"852","349240","20220802231000","671","2","宜蘭縣","羅東鎮","121.755","24.685","882"
"22","349296","20220802231000","21","1","桃園市","復興區","121.350","24.760","19"
"99","349422","20220802231000","67","2","桃園市","復興區","121.390","24.660","152"
"21","349482","20220802231000","25","0","桃園市","復興區","121.385","24.680","29"
"183","349502","20220802231000","135","2","桃園市","復興區","121.395","24.685","257"
"380","349582","20220802231000","132","3","桃園市","復興區","121.410","24.705","525"
"18","349642","20220802231000","14","2","桃園市","復興區","121.365","24.695","17"
"10","349676","20220802231000","11","0","桃園市","復興區","121.350","24.705","15"
"65","349762","20220802231000","50","2","桃園市","復興區","121.345","24.725","74"
"39","349769","20220802231000","12","3","桃園市","復興區","121.380","24.725","32"
"11","349794","20220802231000","10","1","桃園市","復興區","121.375","24.730","11"
"24","349865","20220802231000","17","2","桃園市","復興區","121.365","24.740","27"
"123","349883","20220802231000","187","0","新竹市","香山區","120.940","24.760","148"
"203","349889","20220802231000","239","0","新竹市","香山區","120.935","24.770","323"
"237","349896","20220802231000","270","0","新竹市","香山區","120.905","24.750","311"
"410","349897","20220802231000","311","2","新竹市","香山區","120.910","24.750","569"
"1384","349904","20220802231000","1146","2","新竹縣","竹東鎮","121.030","24.770","1201"
"69","349937","20220802231000","50","2","桃園市","復興區","121.365","24.675","77"
"29","349983","20220802231000","111","0","苗栗縣","三灣鄉","120.965","24.665","32"
"300","349985","20220802231000","250","2","苗栗縣","三灣鄉","120.975","24.665","342"
"188","350003","20220802231000","218","0","苗栗縣","三灣鄉","120.950","24.670","191"
"187","350012","20220802231000","149","2","苗栗縣","頭份鎮","120.955","24.680","201"
"490","350014","20220802231000","285","3","苗栗縣","頭份鎮","120.965","24.680","471"
"55","350017","20220802231000","375","0","苗栗縣","頭份鎮","120.960","24.685","72"
"378","350018","20220802231000","248","3","苗栗縣","頭份鎮","120.965","24.685","387"
"170","350019","20220802231000","143","1","苗栗縣","竹南鎮","120.880","24.680","161"
"3079","350021","20220802231000","2636","1","苗栗縣","竹南鎮","120.885","24.685","3089"
"31","350023","20220802231000","29","1","苗栗縣","頭份鎮","120.925","24.690","33"
"1223","350024","20220802231000","810","3","苗栗縣","頭份鎮","120.930","24.690","1304"
"455","350031","20220802231000","345","2","苗栗縣","頭份鎮","120.920","24.665","483"
"64","350036","20220802231000","469","0","苗栗縣","頭份鎮","120.920","24.670","83"
"300","350042","20220802231000","315","0","苗栗縣","頭份鎮","120.925","24.675","314"
"55","350052","20220802231000","152","0","苗栗縣","後龍鎮","120.820","24.660","49"
"369","350068","20220802231000","296","2","苗栗縣","頭份鎮","120.910","24.690","334"
"986","350073","20220802231000","750","2","苗栗縣","竹南鎮","120.885","24.695","1038"
"916","350075","20220802231000","677","2","苗栗縣","頭份鎮","120.890","24.695","862"
"1885","350077","20220802231000","1230","3","苗栗縣","頭份鎮","120.910","24.695","2087"
"1080","350078","20220802231000","873","2","苗栗縣","頭份鎮","120.910","24.700","1167"
"642","350080","20220802231000","592","1","苗栗縣","頭份鎮","120.940","24.680","603"
"204","350082","20220802231000","284","0","苗栗縣","頭份鎮","120.950","24.680","193"
"687","350085","20220802231000","671","1","苗栗縣","頭份鎮","120.925","24.685","649"
"437","350087","20220802231000","387","1","苗栗縣","頭份鎮","120.935","24.685","491"
"2110","350090","20220802231000","1497","2","苗栗縣","頭份鎮","120.895","24.690","1995"
"1652","350091","20220802231000","1821","0","苗栗縣","頭份鎮","120.905","24.690","1911"
"495","350092","20220802231000","1035","0","苗栗縣","頭份鎮","120.905","24.685","442"
"186","350095","20220802231000","453","0","苗栗縣","頭份鎮","120.945","24.690","241"
"39","350102","20220802231000","198","0","苗栗縣","頭份鎮","120.935","24.700","29"
"50","350103","20220802231000","408","0","苗栗縣","頭份鎮","120.940","24.695","59"
"145","350109","20220802231000","143","1","苗栗縣","頭份鎮","120.940","24.700","163"
"61","350110","20220802231000","35","3","苗栗縣","頭份鎮","120.945","24.700","56"
"892","350112","20220802231000","500","3","苗栗縣","頭份鎮","120.930","24.705","936"
"160","350117","20220802231000","190","0","苗栗縣","頭份鎮","120.935","24.710","204"
"440","350118","20220802231000","477","0","苗栗縣","頭份鎮","120.885","24.665","384"
"46","350124","20220802231000","300","0","苗栗縣","頭份鎮","120.885","24.675","46"
"516","350127","20220802231000","558","0","苗栗縣","頭份鎮","120.905","24.700","537"
"873","350128","20220802231000","1480","0","苗栗縣","頭份鎮","120.900","24.695","793"
"1146","350129","20220802231000","1071","1","苗栗縣","頭份鎮","120.905","24.695","1118"
"197","350131","20220802231000","480","0","苗栗縣","頭份鎮","120.915","24.690","230"
"1248","350132","20220802231000","1450","0","苗栗縣","頭份鎮","120.915","24.695","1107"
"24","350142","20220802231000","32","0","苗栗縣","頭份鎮","120.915","24.665","31"
"94","350146","20220802231000","475","0","苗栗縣","頭份鎮","120.915","24.670","98"
"829","350150","20220802231000","659","2","苗栗縣","竹南鎮","120.860","24.695","755"
"1001","350151","20220802231000","593","3","苗栗縣","竹南鎮","120.865","24.695","1040"
"352","350154","20220802231000","748","0","苗栗縣","竹南鎮","120.870","24.695","389"
"166","350155","20220802231000","694","0","苗栗縣","竹南鎮","120.880","24.695","182"
"374","350156","20220802231000","344","1","苗栗縣","竹南鎮","120.865","24.680","395"
"530","350157","20220802231000","393","2","苗栗縣","竹南鎮","120.910","24.710","527"
"672","350159","20220802231000","706","0","苗栗縣","竹南鎮","120.920","24.705","713"
"357","350160","20220802231000","575","0","苗栗縣","頭份鎮","120.925","24.705","356"
"130","350161","20220802231000","119","1","苗栗縣","竹南鎮","120.915","24.705","161"
"1321","350162","20220802231000","1310","1","苗栗縣","竹南鎮","120.915","24.710","1436"
"347","350163","20220802231000","347","1","苗栗縣","竹南鎮","120.920","24.710","289"
"225","350165","20220802231000","210","1","苗栗縣","竹南鎮","120.930","24.710","156"
"448","350166","20220802231000","410","1","苗栗縣","竹南鎮","120.915","24.715","363"
"172","350167","20220802231000","214","0","苗栗縣","竹南鎮","120.920","24.715","148"
"1682","350169","20220802231000","1596","1","苗栗縣","頭份鎮","120.910","24.685","1777"
"3111","350170","20220802231000","2938","1","苗栗縣","頭份鎮","120.895","24.700","3372"
"1706","350172","20220802231000","1127","3","苗栗縣","頭份鎮","120.905","24.680","1894"
"893","350173","20220802231000","629","2","苗栗縣","竹南鎮","120.875","24.700","954"
"957","350174","20220802231000","698","2","苗栗縣","竹南鎮","120.870","24.700","944"
"358","350176","20220802231000","391","0","苗栗縣","頭份鎮","120.920","24.690","353"
"123","350177","20220802231000","107","1","苗栗縣","頭份鎮","120.880","24.660","119"
"825","350179","20220802231000","1052","0","苗栗縣","頭份鎮","120.900","24.700","763"
"37","350180","20220802231000","41","0","苗栗縣","竹南鎮","120.910","24.705","54"
"475","350182","20220802231000","566","0","苗栗縣","頭份鎮","120.920","24.700","418"
"1057","350183","20220802231000","1514","0","苗栗縣","頭份鎮","120.895","24.695","1083"
"566","350203","20220802231000","344","3","苗栗縣","竹南鎮","120.860","24.685","548"
"46","350206","20220802231000","285","0","苗栗縣","竹南鎮","120.865","24.700","57"
"808","350208","20220802231000","448","3","苗栗縣","竹南鎮","120.875","24.705","878"
"1151","350209","20220802231000","1330","0","苗栗縣","竹南鎮","120.880","24.700","1073"
"949","350210","20220802231000","663","2","苗栗縣","頭份鎮","120.885","24.700","810"
"742","350211","20220802231000","398","3","苗栗縣","竹南鎮","120.880","24.705","756"
"108","350214","20220802231000","109","0","苗栗縣","竹南鎮","120.865","24.705","94"
"33","350220","20220802231000","310","0","苗栗縣","竹南鎮","120.880","24.710","31"
"163","350223","20220802231000","140","1","苗栗縣","竹南鎮","120.865","24.715","182"
"348","350224","20220802231000","369","0","苗栗縣","竹南鎮","120.870","24.715","327"
"252","350225","20220802231000","408","0","苗栗縣","竹南鎮","120.875","24.715","253"
"82","350226","20220802231000","68","2","苗栗縣","竹南鎮","120.880","24.715","90"
"55","350229","20220802231000","51","1","苗栗縣","竹南鎮","120.865","24.720","65"
"121","350236","20220802231000","96","2","苗栗縣","竹南鎮","120.870","24.725","102"
"338","350240","20220802231000","211","3","苗栗縣","竹南鎮","120.890","24.725","365"
"68","350247","20220802231000","63","1","苗栗縣","竹南鎮","120.880","24.685","102"
"2188","350248","20220802231000","1782","2","苗栗縣","竹南鎮","120.880","24.690","2077"
"1910","350250","20220802231000","2067","0","苗栗縣","竹南鎮","120.890","24.690","2060"
"2155","350251","20220802231000","2688","0","苗栗縣","竹南鎮","120.875","24.685","2430"
"396","350258","20220802231000","350","1","苗栗縣","竹南鎮","120.855","24.675","321"
"395","350264","20220802231000","317","2","苗栗縣","竹南鎮","120.850","24.680","384"
"24","350275","20220802231000","191","0","苗栗縣","竹南鎮","120.850","24.670","31"
"1293","350277","20220802231000","1016","2","苗栗縣","竹南鎮","120.860","24.670","1336"
"41","350278","20220802231000","36","1","苗栗縣","竹南鎮","120.845","24.675","39"
"88","350279","20220802231000","82","1","苗栗縣","造橋鄉","120.855","24.660","92"
"110","350285","20220802231000","302","0","苗栗縣","頭份鎮","120.900","24.685","117"
"334","350286","20220802231000","344","0","苗栗縣","頭份鎮","120.895","24.675","339"
"709","350288","20220802231000","601","1","苗栗縣","頭份鎮","120.890","24.680","740"
"1114","350290","20220802231000","1102","1","苗栗縣","頭份鎮","120.900","24.680","1203"
"554","350291","20220802231000","512","1","苗栗縣","頭份鎮","120.945","24.685","553"
"172","350303","20220802231000","147","1","苗栗縣","頭份鎮","120.960","24.700","177"
"110","350311","20220802231000","77","2","苗栗縣","頭份鎮","120.965","24.705","110"
"1259","350314","20220802231000","1670","0","苗栗縣","竹南鎮","120.870","24.690","1379"
"692","350316","20220802231000","613","1","苗栗縣","竹南鎮","120.855","24.690","734"
"1422","350319","20220802231000","1449","0","苗栗縣","竹南鎮","120.865","24.685","1502"
"885","350320","20220802231000","993","0","苗栗縣","竹南鎮","120.875","24.695","828"
"161","350321","20220802231000","773","0","苗栗縣","竹南鎮","120.875","24.690","165"
"314","350326","20220802231000","422","0","苗栗縣","竹南鎮","120.910","24.720","254"
"335","350328","20220802231000","47","3","苗栗縣","竹南鎮","120.895","24.725","282"
"22","350330","20220802231000","265","0","苗栗縣","竹南鎮","120.905","24.725","27"
"289","350331","20220802231000","223","2","苗栗縣","竹南鎮","120.910","24.725","294"
"478","350334","20220802231000","299","3","苗栗縣","竹南鎮","120.905","24.730","337"
"180","350336","20220802231000","95","3","新竹市","香山區","120.900","24.735","170"
"45","350338","20220802231000","321","0","新竹市","香山區","120.905","24.740","57"
"677","350340","20220802231000","678","0","苗栗縣","竹南鎮","120.875","24.660","633"
"1292","350347","20220802231000","1079","1","苗栗縣","竹南鎮","120.865","24.675","1246"
"53","350349","20220802231000","310","0","苗栗縣","竹南鎮","120.875","24.675","66"
"736","350350","20220802231000","540","2","苗栗縣","竹南鎮","120.880","24.675","810"
"686","350351","20220802231000","424","3","苗栗縣","竹南鎮","120.870","24.680","600"
"461","350352","20220802231000","532","0","苗栗縣","竹南鎮","120.875","24.680","544"
"2126","350353","20220802231000","2251","0","苗栗縣","竹南鎮","120.870","24.685","2115"
"118","350357","20220802231000","468","0","苗栗縣","竹南鎮","120.890","24.705","153"
"259","350358","20220802231000","241","1","苗栗縣","竹南鎮","120.895","24.705","253"
"728","350359","20220802231000","583","2","苗栗縣","竹南鎮","120.900","24.705","672"
"545","350363","20220802231000","583","0","苗栗縣","竹南鎮","120.900","24.710","597"
"309","350364","20220802231000","166","3","苗栗縣","竹南鎮","120.905","24.710","337"
"257","350365","20220802231000","228","1","苗栗縣","竹南鎮","120.895","24.715","279"
"475","350367","20220802231000","392","2","苗栗縣","竹南鎮","120.905","24.715","406"
"22","350368","20220802231000","25","0","苗栗縣","竹南鎮","120.910","24.715","21"
"160","350369","20220802231000","112","2","苗栗縣","竹南鎮","120.895","24.720","191"
"118","356638","20220802231000","92","2","宜蘭縣","頭城鎮","121.940","24.840","110"
"913","360378","20220802231000","678","2","宜蘭縣","礁溪鄉","121.765","24.825","936"
"1752","360379","20220802231000","1732","1","宜蘭縣","礁溪鄉","121.770","24.825","2140"
"686","360380","20220802231000","496","2","宜蘭縣","礁溪鄉","121.775","24.825","854"
"546","360392","20220802231000","378","2","宜蘭縣","礁溪鄉","121.810","24.815","554"
"168","360394","20220802231000","113","2","宜蘭縣","礁溪鄉","121.795","24.815","207"
"16","360410","20220802231000","143","0","宜蘭縣","礁溪鄉","121.720","24.815","14"
"29","360417","20220802231000","75","0","宜蘭縣","礁溪鄉","121.720","24.820","35"
"16","360419","20220802231000","91","0","宜蘭縣","礁溪鄉","121.730","24.820","13"
"23","360427","20220802231000","355","0","宜蘭縣","礁溪鄉","121.725","24.820","29"
"245","360433","20220802231000","325","0","宜蘭縣","礁溪鄉","121.755","24.820","251"
"19","360437","20220802231000","45","0","宜蘭縣","礁溪鄉","121.740","24.825","16"
"2041","360439","20220802231000","1763","1","宜蘭縣","宜蘭市","121.755","24.770","2009"
"458","360442","20220802231000","362","2","宜蘭縣","宜蘭市","121.745","24.775","455"
"1035","360449","20220802231000","841","2","宜蘭縣","壯圍鄉","121.785","24.775","1046"
"15","360451","20220802231000","13","1","宜蘭縣","壯圍鄉","121.780","24.780","21"
"389","360457","20220802231000","286","2","宜蘭縣","壯圍鄉","121.795","24.790","396"
"144","360471","20220802231000","256","0","宜蘭縣","頭城鎮","121.820","24.855","150"
"72","360474","20220802231000","52","2","宜蘭縣","頭城鎮","121.835","24.885","99"
"101","360476","20220802231000","73","2","宜蘭縣","頭城鎮","121.845","24.885","140"
"683","360478","20220802231000","625","1","宜蘭縣","頭城鎮","121.830","24.855","692"
"683","360482","20220802231000","759","0","宜蘭縣","頭城鎮","121.820","24.860","705"
"348","360484","20220802231000","246","2","宜蘭縣","頭城鎮","121.815","24.860","356"
"663","360485","20220802231000","638","1","宜蘭縣","頭城鎮","121.820","24.865","683"
"270","360486","20220802231000","279","0","宜蘭縣","頭城鎮","121.810","24.865","292"
"142","360502","20220802231000","163","0","宜蘭縣","頭城鎮","121.815","24.850","145"
"622","360507","20220802231000","656","0","宜蘭縣","頭城鎮","121.825","24.865","677"
"196","360520","20220802231000","148","2","宜蘭縣","頭城鎮","121.835","24.870","199"
"30","360521","20220802231000","69","0","宜蘭縣","頭城鎮","121.840","24.870","27"
"224","360524","20220802231000","141","3","宜蘭縣","頭城鎮","121.840","24.875","262"
"36","360537","20220802231000","27","2","新北市","三峽區","121.345","24.845","43"
"74","360552","20220802231000","88","0","新北市","三峽區","121.360","24.855","83"
"16","360554","20220802231000","12","2","新北市","三峽區","121.370","24.855","21"
"12","360559","20220802231000","19","0","新北市","三峽區","121.365","24.860","20"
"70","360569","20220802231000","57","2","新北市","三峽區","121.355","24.870","75"
"49","360573","20220802231000","44","1","新北市","三峽區","121.375","24.870","44"
"28","360625","20220802231000","30","0","宜蘭縣","頭城鎮","121.820","24.825","39"
"103","360631","20220802231000","152","0","宜蘭縣","頭城鎮","121.790","24.845","100"
"243","360639","20220802231000","266","0","宜蘭縣","頭城鎮","121.795","24.855","263"
"601","360641","20220802231000","509","1","宜蘭縣","頭城鎮","121.805","24.855","597"
"217","360684","20220802231000","205","1","宜蘭縣","礁溪鄉","121.765","24.800","205"
"257","360687","20220802231000","248","1","宜蘭縣","礁溪鄉","121.760","24.810","259"
"281","360689","20220802231000","246","1","宜蘭縣","礁溪鄉","121.755","24.815","270"
"123","360694","20220802231000","84","2","宜蘭縣","員山鄉","121.700","24.780","120"
"51","360702","20220802231000","38","2","宜蘭縣","礁溪鄉","121.680","24.785","49"
"200","360788","20220802231000","168","1","宜蘭縣","礁溪鄉","121.780","24.810","200"
"508","360803","20220802231000","449","1","宜蘭縣","壯圍鄉","121.810","24.800","470"
"558","360806","20220802231000","484","1","宜蘭縣","壯圍鄉","121.815","24.805","582"
"560","360817","20220802231000","516","1","宜蘭縣","礁溪鄉","121.780","24.785","582"
"598","360820","20220802231000","540","1","宜蘭縣","礁溪鄉","121.775","24.815","651"
"1007","360822","20220802231000","891","1","宜蘭縣","礁溪鄉","121.770","24.820","1020"
"205","360828","20220802231000","277","0","宜蘭縣","礁溪鄉","121.730","24.790","242"
"138","360848","20220802231000","109","2","宜蘭縣","礁溪鄉","121.710","24.810","121"
"604","360876","20220802231000","549","1","宜蘭縣","礁溪鄉","121.760","24.785","610"
"89","360877","20220802231000","84","1","宜蘭縣","礁溪鄉","121.750","24.790","89"
"478","360879","20220802231000","317","3","宜蘭縣","礁溪鄉","121.760","24.790","470"
"556","360881","20220802231000","428","2","宜蘭縣","礁溪鄉","121.765","24.815","538"
"563","360883","20220802231000","481","1","宜蘭縣","礁溪鄉","121.765","24.820","591"
"339","360888","20220802231000","242","2","宜蘭縣","礁溪鄉","121.755","24.825","404"
"499","360889","20220802231000","421","1","宜蘭縣","礁溪鄉","121.760","24.825","505"
"30","360898","20220802231000","17","3","宜蘭縣","礁溪鄉","121.745","24.830","25"
"58","360964","20220802231000","40","2","新北市","三峽區","121.410","24.865","56"
"208","360967","20220802231000","180","1","新北市","三峽區","121.410","24.870","277"
"91","360994","20220802231000","78","1","新北市","三峽區","121.415","24.885","120"
"16","361075","20220802231000","15","1","新北市","三峽區","121.445","24.830","14"
"12","361124","20220802231000","16","0","新北市","三峽區","121.430","24.845","13"
"17","361179","20220802231000","28","0","新北市","三峽區","121.435","24.860","14"
"41","361195","20220802231000","20","3","新北市","三峽區","121.440","24.865","24"
"13","361256","20220802231000","22","0","新北市","三峽區","121.450","24.890","11"
"12","361279","20220802231000","11","1","新北市","三峽區","121.390","24.875","16"
"11","361286","20220802231000","10","1","新北市","三峽區","121.380","24.880","11"
"34","361304","20220802231000","32","1","新北市","三峽區","121.375","24.885","30"
"41","361308","20220802231000","24","3","新北市","三峽區","121.400","24.885","32"
"751","361316","20220802231000","632","1","宜蘭縣","員山鄉","121.720","24.770","700"
"368","361349","20220802231000","516","0","宜蘭縣","員山鄉","121.715","24.775","334"
"392","361393","20220802231000","342","1","宜蘭縣","壯圍鄉","121.800","24.770","413"
"242","361412","20220802231000","197","2","宜蘭縣","宜蘭市","121.735","24.775","243"
"13","361413","20220802231000","17","0","宜蘭縣","宜蘭市","121.740","24.775","18"
"153","361414","20220802231000","138","1","宜蘭縣","宜蘭市","121.730","24.780","148"
"17","361433","20220802231000","12","2","宜蘭縣","頭城鎮","121.800","24.830","12"
"699","361441","20220802231000","541","2","宜蘭縣","頭城鎮","121.790","24.835","702"
"19","361461","20220802231000","18","1","宜蘭縣","頭城鎮","121.775","24.860","30"
"12","361466","20220802231000","21","0","新北市","坪林區","121.770","24.865","17"
"557","361479","20220802231000","509","1","宜蘭縣","頭城鎮","121.815","24.835","609"
"538","361482","20220802231000","359","2","宜蘭縣","頭城鎮","121.810","24.845","510"
"3915","361485","20220802231000","3853","1","新竹市","東區","120.985","24.800","4640"
"2201","361486","20220802231000","1983","1","新竹市","東區","120.985","24.810","2602"
"131","361502","20220802231000","98","2","桃園市","大溪區","121.330","24.880","99"
"115","361509","20220802231000","114","1","桃園市","大溪區","121.325","24.885","135"
"38","361515","20220802231000","39","0","桃園市","大溪區","121.325","24.890","34"
"29","361517","20220802231000","36","0","桃園市","大溪區","121.335","24.890","42"
"228","361521","20220802231000","242","0","桃園市","大溪區","121.250","24.865","241"
"46","361525","20220802231000","32","2","桃園市","大溪區","121.255","24.870","47"
"320","361530","20220802231000","633","0","桃園市","大溪區","121.260","24.875","368"
"610","361536","20220802231000","497","2","桃園市","大溪區","121.260","24.880","634"
"52","361538","20220802231000","119","0","桃園市","大溪區","121.275","24.880","87"
"826","361539","20220802231000","910","0","桃園市","大溪區","121.250","24.880","887"
"456","361545","20220802231000","254","3","桃園市","大溪區","121.275","24.885","437"
"123","361546","20220802231000","217","0","桃園市","大溪區","121.280","24.885","173"
"502","361547","20220802231000","376","2","桃園市","大溪區","121.275","24.890","510"
"1384","361550","20220802231000","1128","2","桃園市","大溪區","121.295","24.885","1500"
"188","361551","20220802231000","174","1","桃園市","大溪區","121.300","24.880","161"
"113","361552","20220802231000","307","0","桃園市","大溪區","121.290","24.880","121"
"53","361556","20220802231000","77","0","新竹縣","新埔鎮","121.080","24.835","80"
"340","361565","20220802231000","359","0","新竹縣","新埔鎮","121.080","24.840","374"
"53","361570","20220802231000","44","2","新竹縣","新埔鎮","121.130","24.860","59"
"38","361579","20220802231000","25","3","新竹縣","新埔鎮","121.140","24.870","36"
"82","361585","20220802231000","70","1","新竹縣","新埔鎮","121.135","24.875","91"
"673","361597","20220802231000","665","1","新竹縣","新豐鄉","120.995","24.885","867"
"1251","361600","20220802231000","1463","0","新竹縣","新豐鄉","121.010","24.885","1364"
"542","361602","20220802231000","483","1","新竹市","東區","120.975","24.805","651"
"1979","361603","20220802231000","3385","0","新竹市","東區","120.980","24.805","2460"
"793","361604","20220802231000","901","0","新竹市","東區","120.980","24.810","1080"
"790","361605","20220802231000","1031","0","新竹市","東區","120.975","24.800","1055"
"416","361609","20220802231000","190","3","新竹市","東區","120.985","24.785","214"
"5959","361610","20220802231000","5792","1","新竹市","東區","121.020","24.780","6759"
"2385","361611","20220802231000","3753","0","新竹市","東區","121.015","24.785","3052"
"160","361614","20220802231000","173","0","新竹縣","新埔鎮","121.105","24.845","213"
"77","361615","20220802231000","44","3","新竹縣","新埔鎮","121.115","24.845","62"
"54","361621","20220802231000","48","1","新竹縣","新埔鎮","121.120","24.850","67"
"40","361623","20220802231000","23","3","新竹縣","新埔鎮","121.100","24.855","38"
"61","361624","20220802231000","64","0","新竹縣","新埔鎮","121.105","24.855","60"
"32","361628","20220802231000","27","1","新竹縣","新埔鎮","121.125","24.855","33"
"16","361635","20220802231000","14","1","新竹縣","新埔鎮","121.105","24.865","23"
"116","361642","20220802231000","98","1","新竹縣","新埔鎮","121.115","24.875","123"
"460","361646","20220802231000","860","0","新竹縣","新埔鎮","121.070","24.825","649"
"675","361648","20220802231000","631","1","新竹縣","新埔鎮","121.080","24.825","899"
"359","361651","20220802231000","484","0","新竹縣","新埔鎮","121.070","24.830","443"
"106","361655","20220802231000","81","2","新竹縣","新埔鎮","121.135","24.845","134"
"352","361668","20220802231000","563","0","新竹縣","新豐鄉","120.980","24.870","454"
"29","361671","20220802231000","27","1","新竹縣","新豐鄉","120.970","24.880","46"
"1806","361683","20220802231000","1970","0","新竹縣","竹東鎮","121.030","24.775","3064"
"261","361685","20220802231000","530","0","新竹縣","湖口鄉","121.010","24.855","309"
"406","361687","20220802231000","416","0","新竹縣","湖口鄉","121.020","24.855","497"
"392","361688","20220802231000","401","0","新竹縣","湖口鄉","121.025","24.855","715"
"1055","361692","20220802231000","1331","0","新竹縣","湖口鄉","121.010","24.860","1396"
"2436","361694","20220802231000","3753","0","新竹縣","湖口鄉","120.995","24.865","3078"
"933","361695","20220802231000","868","1","新竹縣","湖口鄉","121.000","24.865","969"
"40","361696","20220802231000","148","0","新竹縣","湖口鄉","121.005","24.865","32"
"177","361697","20220802231000","145","2","新竹縣","湖口鄉","121.010","24.865","193"
"1494","361698","20220802231000","1498","0","新竹縣","湖口鄉","121.000","24.870","1867"
"211","361700","20220802231000","359","0","新竹縣","湖口鄉","121.010","24.870","1977"
"1044","361702","20220802231000","923","1","新竹縣","湖口鄉","121.010","24.875","2492"
"1064","361703","20220802231000","951","1","新竹縣","竹北市","121.030","24.810","915"
"1969","361704","20220802231000","1629","2","新竹縣","竹北市","121.035","24.810","1473"
"455","361705","20220802231000","412","1","新竹縣","竹北市","121.030","24.815","522"
"354","361712","20220802231000","446","0","桃園市","大溪區","121.260","24.890","330"
"265","361715","20220802231000","390","0","新竹市","香山區","120.920","24.810","310"
"272","361721","20220802231000","246","1","新竹市","香山區","120.925","24.815","346"
"83","361725","20220802231000","89","0","新竹市","香山區","120.915","24.820","104"
"604","361727","20220802231000","578","1","新竹市","香山區","120.925","24.820","679"
"597","361733","20220802231000","505","1","新竹市","北區","120.925","24.825","734"
"1103","361736","20220802231000","1455","0","新竹市","香山區","120.930","24.790","1422"
"580","361738","20220802231000","524","1","新竹市","香山區","120.930","24.795","753"
"373","361744","20220802231000","362","1","新竹市","香山區","120.915","24.780","430"
"167","361752","20220802231000","296","0","新竹市","香山區","120.920","24.785","224"
"977","361756","20220802231000","1486","0","新竹市","香山區","120.920","24.805","1281"
"815","361758","20220802231000","956","0","新竹市","香山區","120.935","24.805","1007"
"641","361761","20220802231000","1048","0","新竹市","香山區","120.940","24.805","897"
"2702","361763","20220802231000","2652","1","新竹市","香山區","120.945","24.795","3343"
"340","361765","20220802231000","613","0","新竹市","香山區","120.940","24.790","429"
"101","361766","20220802231000","1190","0","新竹市","香山區","120.935","24.790","85"
"106","361767","20220802231000","183","0","新竹市","香山區","120.935","24.800","149"
"643","361768","20220802231000","860","0","新竹市","香山區","120.940","24.795","709"
"51","362002","20220802231000","36","2","新竹縣","關西鎮","121.260","24.775","53"
"49","362027","20220802231000","114","0","新竹縣","湖口鄉","121.030","24.880","90"
"610","362033","20220802231000","1118","0","新竹縣","湖口鄉","121.025","24.885","827"
"769","362036","20220802231000","1050","0","新竹縣","竹北市","120.965","24.860","956"
"163","362037","20220802231000","96","3","新竹縣","竹北市","120.970","24.860","126"
"653","362039","20220802231000","341","3","新竹縣","竹北市","120.980","24.860","497"
"139","362040","20220802231000","71","3","新竹縣","竹北市","120.970","24.865","119"
"1327","362056","20220802231000","1712","0","新竹縣","竹北市","121.015","24.825","1726"
"1338","362057","20220802231000","1982","0","新竹縣","竹北市","121.010","24.830","1704"
"650","362058","20220802231000","197","3","新竹縣","竹北市","121.040","24.810","443"
"989","362059","20220802231000","1226","0","新竹縣","竹北市","121.035","24.815","1378"
"220","362060","20220802231000","394","0","新竹縣","竹北市","121.040","24.815","149"
"2979","362063","20220802231000","3245","0","新竹縣","竹北市","121.030","24.820","3186"
"1130","362064","20220802231000","1319","0","新竹縣","竹北市","121.035","24.820","1447"
"795","362066","20220802231000","1460","0","新竹縣","竹北市","121.020","24.825","1009"
"1691","362067","20220802231000","964","3","新竹縣","竹北市","121.025","24.825","1300"
"3858","362068","20220802231000","4729","0","新竹縣","竹北市","121.030","24.825","4676"
"1784","362069","20220802231000","1465","2","新竹縣","竹北市","121.035","24.825","1850"
"1574","362070","20220802231000","2039","0","新竹縣","竹北市","121.015","24.830","2166"
"798","362071","20220802231000","890","0","新竹縣","竹北市","121.020","24.830","1074"
"1380","362072","20220802231000","1413","0","新竹縣","竹北市","121.025","24.830","1714"
"1370","362073","20220802231000","1311","1","新竹縣","新埔鎮","121.030","24.830","1758"
"93","362075","20220802231000","28","3","新竹縣","竹北市","120.990","24.855","87"
"407","362076","20220802231000","581","0","新竹縣","竹北市","120.995","24.855","482"
"260","362077","20220802231000","389","0","新竹縣","竹北市","120.990","24.860","357"
"77","362079","20220802231000","125","0","新竹縣","竹北市","120.995","24.860","110"
"3395","362081","20220802231000","2230","3","新竹市","東區","120.995","24.800","3649"
"423","362082","20220802231000","615","0","新竹市","東區","121.000","24.805","635"
"204","362085","20220802231000","365","0","新竹市","東區","121.000","24.810","142"
"449","362086","20220802231000","692","0","新竹市","東區","121.005","24.810","637"
"1000","362087","20220802231000","700","2","新竹市","東區","121.010","24.810","1104"
"699","362088","20220802231000","668","1","新竹市","東區","120.995","24.815","859"
"851","362092","20220802231000","1146","0","新竹市","東區","121.010","24.775","1128"
"879","362093","20220802231000","992","0","新竹市","東區","121.015","24.775","996"
"2405","362094","20220802231000","2326","1","新竹市","東區","121.020","24.775","2430"
"3397","362095","20220802231000","4048","0","新竹市","東區","121.025","24.775","4209"
"2279","362096","20220802231000","2711","0","新竹市","東區","120.990","24.780","2881"
"1060","362097","20220802231000","928","1","新竹市","東區","121.005","24.775","1020"
"865","362098","20220802231000","839","1","新竹市","東區","121.005","24.780","1098"
"1033","362099","20220802231000","1537","0","新竹市","東區","121.010","24.780","1395"
"3437","362100","20220802231000","2011","3","新竹市","東區","121.015","24.780","2857"
"3000","362101","20220802231000","2194","2","新竹市","東區","121.005","24.785","2157"
"1999","362102","20220802231000","1665","2","新竹市","東區","121.010","24.785","1875"
"424","362103","20220802231000","519","0","新竹市","北區","120.945","24.835","510"
"364","362104","20220802231000","681","0","新竹市","北區","120.950","24.835","413"
"888","362107","20220802231000","668","2","新竹縣","竹東鎮","121.045","24.785","908"
"146","362108","20220802231000","206","0","新竹縣","竹東鎮","121.050","24.785","196"
"940","362117","20220802231000","934","1","新竹縣","竹東鎮","121.035","24.790","1247"
"469","362122","20220802231000","1573","0","新竹縣","竹東鎮","121.030","24.795","659"
"95","362128","20220802231000","141","0","新竹縣","竹北市","120.960","24.855","159"
"467","362141","20220802231000","507","0","新竹縣","竹北市","120.955","24.870","614"
"1642","362143","20220802231000","1636","1","新竹縣","竹北市","121.015","24.835","2066"
"186","362158","20220802231000","259","0","新竹縣","新豐鄉","120.975","24.890","228"
"1522","362159","20220802231000","1862","0","新竹市","東區","121.005","24.790","2008"
"4830","362160","20220802231000","4332","1","新竹市","東區","121.015","24.790","6045"
"33","362275","20220802231000","41","0","新北市","烏來區","121.525","24.835","45"
"16","362568","20220802231000","10","3","新北市","烏來區","121.590","24.850","24"
"116","362673","20220802231000","111","1","新北市","烏來區","121.550","24.875","135"
"52","362692","20220802231000","56","0","新北市","烏來區","121.545","24.880","57"
"104","362700","20220802231000","130","0","新北市","烏來區","121.550","24.885","106"
"146","362717","20220802231000","167","0","新北市","烏來區","121.555","24.845","158"
"52","362740","20220802231000","50","1","新北市","烏來區","121.560","24.860","54"
"296","362744","20220802231000","446","0","新北市","烏來區","121.550","24.865","289"
"55","362793","20220802231000","45","2","新北市","烏來區","121.510","24.775","56"
"1280","362984","20220802231000","2363","0","新竹市","東區","120.960","24.795","1679"
"5617","362985","20220802231000","6259","0","新竹市","東區","121.020","24.790","7202"
"1077","362988","20220802231000","1172","0","新竹市","東區","120.970","24.775","1483"
"2223","362990","20220802231000","2604","0","新竹市","東區","120.985","24.805","2901"
"45","362991","20220802231000","38","1","新竹市","東區","120.965","24.775","30"
"964","362992","20220802231000","1410","0","新竹市","北區","120.960","24.805","1144"
"360","362994","20220802231000","380","0","新竹縣","竹北市","120.945","24.850","531"
"789","362996","20220802231000","1201","0","新竹縣","竹北市","120.945","24.855","886"
"1571","362998","20220802231000","1757","0","新竹縣","竹北市","120.995","24.840","1953"
"1346","362999","20220802231000","1883","0","新竹縣","竹北市","121.000","24.840","1679"
"714","363002","20220802231000","645","1","新竹縣","竹北市","121.035","24.800","614"
"1999","363004","20220802231000","1010","3","新竹縣","竹北市","121.025","24.805","1444"
"2315","363005","20220802231000","1829","2","新竹縣","竹北市","121.030","24.805","1920"
"3606","363006","20220802231000","3499","1","新竹縣","竹北市","121.035","24.805","3693"
"2978","363007","20220802231000","3219","0","新竹縣","竹北市","121.025","24.810","3781"
"158","363008","20220802231000","72","3","新竹縣","芎林鄉","121.065","24.790","118"
"632","363013","20220802231000","653","0","新竹縣","竹北市","121.050","24.805","760"
"227","363016","20220802231000","442","0","新竹縣","竹北市","121.045","24.810","253"
"2357","363021","20220802231000","2670","0","新竹縣","竹北市","121.005","24.840","2961"
"694","363023","20220802231000","581","1","新竹縣","竹北市","121.020","24.840","807"
"1113","363024","20220802231000","1834","0","新竹縣","竹北市","121.000","24.845","1536"
"1411","363025","20220802231000","670","3","新竹縣","竹北市","121.000","24.855","1169"
"644","363026","20220802231000","795","0","新竹縣","竹北市","121.010","24.845","859"
"210","363027","20220802231000","523","0","新竹縣","新埔鎮","121.015","24.850","278"
"286","363028","20220802231000","305","0","新竹縣","竹北市","121.020","24.845","342"
"237","363029","20220802231000","63","3","新竹縣","竹北市","121.000","24.850","143"
"1077","363032","20220802231000","1115","0","新竹縣","芎林鄉","121.080","24.775","1397"
"21","363046","20220802231000","13","3","新竹縣","關西鎮","121.140","24.790","25"
"12","363048","20220802231000","14","0","新竹縣","關西鎮","121.150","24.790","17"
"98","363062","20220802231000","94","1","新竹縣","關西鎮","121.185","24.800","121"
"297","363073","20220802231000","439","0","新竹縣","關西鎮","121.200","24.810","403"
"91","363082","20220802231000","61","2","新竹縣","關西鎮","121.180","24.820","147"
"63","363084","20220802231000","82","0","新竹縣","關西鎮","121.175","24.825","94"
"966","363085","20220802231000","924","1","桃園市","龍潭區","121.180","24.825","1053"
"707","363086","20220802231000","892","0","新竹市","東區","120.975","24.795","915"
"1082","363088","20220802231000","1379","0","新竹縣","寶山鄉","120.985","24.775","1262"
"442","363090","20220802231000","427","1","新竹市","東區","120.980","24.780","559"
"1249","363093","20220802231000","1581","0","新竹市","東區","120.980","24.785","1420"
"1196","363094","20220802231000","1136","1","新竹縣","新豐鄉","121.000","24.875","1475"
"820","363095","20220802231000","1102","0","新竹縣","新豐鄉","120.995","24.880","1057"
"733","363096","20220802231000","484","3","新竹縣","新豐鄉","121.000","24.880","535"
"327","363097","20220802231000","365","0","新竹縣","新豐鄉","121.005","24.880","433"
"1733","363098","20220802231000","1615","1","新竹縣","新豐鄉","120.990","24.870","2236"
"3223","363099","20220802231000","4043","0","新竹縣","新豐鄉","120.995","24.870","3946"
"1389","363100","20220802231000","1769","0","新竹縣","新豐鄉","120.985","24.865","1770"
"885","363101","20220802231000","380","3","新竹縣","新豐鄉","120.990","24.865","691"
"210","363102","20220802231000","491","0","新竹縣","新豐鄉","120.985","24.870","162"
"677","363103","20220802231000","580","1","新竹縣","新豐鄉","120.985","24.875","813"
"547","363109","20220802231000","660","0","新竹縣","關西鎮","121.145","24.805","623"
"28","363127","20220802231000","50","0","新竹縣","關西鎮","121.120","24.780","38"
"21","363131","20220802231000","15","2","新竹縣","關西鎮","121.115","24.785","19"
"154","363143","20220802231000","158","0","新竹縣","關西鎮","121.130","24.790","182"
"121","363153","20220802231000","56","3","新竹縣","關西鎮","121.200","24.775","103"
"787","363158","20220802231000","1016","0","新竹縣","關西鎮","121.175","24.785","1083"
"119","363159","20220802231000","44","3","新竹縣","關西鎮","121.180","24.790","98"
"944","363160","20220802231000","1021","0","新竹縣","關西鎮","121.185","24.790","1104"
"484","363164","20220802231000","404","1","新竹縣","關西鎮","121.190","24.795","501"
"33","363183","20220802231000","27","2","新竹縣","關西鎮","121.205","24.780","13"
"197","363195","20220802231000","127","3","新竹縣","關西鎮","121.195","24.790","236"
"18","363197","20220802231000","14","2","新竹縣","關西鎮","121.205","24.790","19"
"52","363217","20220802231000","54","0","新竹縣","關西鎮","121.230","24.795","52"
"87","363223","20220802231000","64","2","新竹縣","關西鎮","121.235","24.800","105"
"22","363229","20220802231000","19","1","新竹縣","關西鎮","121.135","24.820","22"
"379","363233","20220802231000","501","0","新竹縣","關西鎮","121.115","24.825","460"
"241","363245","20220802231000","291","0","新竹縣","關西鎮","121.115","24.830","481"
"744","363256","20220802231000","545","2","新竹縣","關西鎮","121.165","24.830","800"
"69","363258","20220802231000","54","2","新竹縣","新埔鎮","121.125","24.835","82"
"222","363272","20220802231000","265","0","新竹縣","關西鎮","121.150","24.840","216"
"932","363274","20220802231000","1055","0","新竹縣","關西鎮","121.135","24.810","1118"
"76","363279","20220802231000","48","3","新竹縣","關西鎮","121.130","24.815","48"
"29","363288","20220802231000","17","3","新竹縣","關西鎮","121.165","24.795","29"
"395","363291","20220802231000","512","0","新竹縣","關西鎮","121.165","24.800","486"
"2256","363304","20220802231000","2434","0","新竹縣","關西鎮","121.175","24.790","2808"
"314","363305","20220802231000","238","2","新竹縣","關西鎮","121.170","24.795","264"
"282","363306","20220802231000","433","0","新竹縣","關西鎮","121.175","24.795","355"
"59","363308","20220802231000","63","0","新竹縣","關西鎮","121.175","24.805","65"
"2979","363344","20220802231000","2397","2","桃園市","龍潭區","121.230","24.875","3270"
"445","363345","20220802231000","418","1","桃園市","龍潭區","121.230","24.880","480"
"887","363346","20220802231000","822","1","桃園市","龍潭區","121.225","24.855","1012"
"158","363347","20220802231000","122","2","桃園市","龍潭區","121.230","24.855","125"
"86","363355","20220802231000","41","3","桃園市","龍潭區","121.235","24.865","78"
"132","363358","20220802231000","360","0","桃園市","龍潭區","121.230","24.870","81"
"513","363359","20220802231000","531","0","桃園市","龍潭區","121.235","24.870","554"
"230","363362","20220802231000","421","0","桃園市","平鎮區","121.245","24.875","259"
"1050","363365","20220802231000","1128","0","桃園市","龍潭區","121.235","24.840","1141"
"1424","363366","20220802231000","1466","0","桃園市","龍潭區","121.240","24.835","1467"
"228","363369","20220802231000","271","0","桃園市","龍潭區","121.240","24.845","222"
"208","363370","20220802231000","128","3","桃園市","龍潭區","121.245","24.850","209"
"93","363371","20220802231000","74","2","桃園市","龍潭區","121.250","24.850","103"
"398","363374","20220802231000","266","2","桃園市","龍潭區","121.250","24.855","479"
"12","363376","20220802231000","32","0","桃園市","龍潭區","121.255","24.860","11"
"245","363377","20220802231000","212","1","桃園市","龍潭區","121.180","24.870","304"
"986","363380","20220802231000","1035","0","桃園市","龍潭區","121.195","24.870","1042"
"619","363388","20220802231000","419","2","桃園市","龍潭區","121.185","24.880","543"
"1784","363392","20220802231000","1215","2","桃園市","龍潭區","121.185","24.885","1657"
"18","363394","20220802231000","29","0","桃園市","龍潭區","121.180","24.885","45"
"234","363396","20220802231000","258","0","桃園市","龍潭區","121.190","24.885","260"
"93","363397","20220802231000","98","0","桃園市","龍潭區","121.190","24.890","94"
"4020","363481","20220802231000","4235","0","新竹市","東區","120.975","24.810","4771"
"2525","363482","20220802231000","2836","0","新竹市","東區","120.970","24.800","3344"
"781","363483","20220802231000","962","0","新竹市","東區","120.970","24.810","990"
"1348","363484","20220802231000","897","3","新竹市","東區","120.970","24.785","964"
"1437","363485","20220802231000","1034","2","新竹市","東區","120.975","24.785","1537"
"4867","363486","20220802231000","4538","1","新竹市","東區","120.965","24.795","5140"
"18","363492","20220802231000","10","3","新北市","新店區","121.575","24.885","14"
"853","363502","20220802231000","726","1","桃園市","龍潭區","121.185","24.840","846"
"644","363507","20220802231000","622","1","桃園市","龍潭區","121.185","24.845","604"
"27","363511","20220802231000","43","0","桃園市","龍潭區","121.180","24.850","27"
"129","363514","20220802231000","185","0","桃園市","龍潭區","121.195","24.850","197"
"261","363523","20220802231000","158","3","桃園市","龍潭區","121.190","24.860","307"
"459","363528","20220802231000","480","0","桃園市","龍潭區","121.245","24.835","475"
"280","363532","20220802231000","252","1","桃園市","龍潭區","121.245","24.840","338"
"115","363557","20220802231000","106","1","桃園市","龍潭區","121.240","24.830","117"
"644","363560","20220802231000","608","1","桃園市","龍潭區","121.230","24.835","651"
"55","363589","20220802231000","35","3","桃園市","龍潭區","121.160","24.870","75"
"827","363593","20220802231000","683","2","桃園市","龍潭區","121.210","24.840","913"
"381","363597","20220802231000","291","2","桃園市","龍潭區","121.200","24.855","430"
"592","363599","20220802231000","754","0","桃園市","龍潭區","121.210","24.855","634"
"1427","363602","20220802231000","872","3","桃園市","龍潭區","121.225","24.845","1462"
"283","363603","20220802231000","570","0","桃園市","龍潭區","121.230","24.845","300"
"19","363605","20220802231000","23","0","桃園市","龍潭區","121.225","24.850","15"
"1668","363611","20220802231000","1496","1","桃園市","龍潭區","121.220","24.850","1698"
"1266","363613","20220802231000","905","2","桃園市","龍潭區","121.215","24.865","1268"
"613","363614","20220802231000","857","0","桃園市","龍潭區","121.220","24.865","631"
"685","363615","20220802231000","601","1","桃園市","龍潭區","121.210","24.870","700"
"1017","363616","20220802231000","818","2","桃園市","龍潭區","121.215","24.870","943"
"643","363620","20220802231000","626","1","桃園市","龍潭區","121.220","24.860","635"
"307","363625","20220802231000","452","0","桃園市","龍潭區","121.205","24.865","425"
"241","363626","20220802231000","189","2","桃園市","龍潭區","121.200","24.870","250"
"1937","363627","20220802231000","1204","3","桃園市","龍潭區","121.205","24.870","1784"
"3469","363628","20220802231000","3138","1","新竹縣","竹北市","121.020","24.835","3688"
"1570","363629","20220802231000","2092","0","新竹縣","竹北市","121.025","24.835","2167"
"922","363630","20220802231000","1290","0","新竹縣","竹北市","121.010","24.835","1149"
"316","363633","20220802231000","365","0","新竹市","東區","120.960","24.780","453"
"473","363634","20220802231000","514","0","新竹市","東區","120.965","24.780","640"
"1194","363637","20220802231000","1295","0","新竹市","東區","120.965","24.785","1494"
"3057","363639","20220802231000","3499","0","新竹市","東區","120.965","24.790","3929"
"1993","363641","20220802231000","2987","0","新竹市","東區","121.020","24.785","2806"
"397","363642","20220802231000","566","0","新竹縣","竹東鎮","121.025","24.785","555"
"804","363644","20220802231000","865","0","新竹縣","竹東鎮","121.035","24.775","1059"
"208","363646","20220802231000","180","1","新竹縣","竹東鎮","121.045","24.775","235"
"2491","363648","20220802231000","3421","0","新竹縣","竹東鎮","121.030","24.780","3070"
"506","363649","20220802231000","540","0","新竹縣","竹東鎮","121.035","24.780","399"
"122","363651","20220802231000","344","0","新竹縣","竹東鎮","121.045","24.780","133"
"1258","363655","20220802231000","1201","1","桃園市","龍潭區","121.235","24.880","1165"
"997","363658","20220802231000","958","1","桃園市","龍潭區","121.240","24.880","1012"
"67","363661","20220802231000","51","2","桃園市","龍潭區","121.240","24.810","70"
"496","363663","20220802231000","543","0","桃園市","龍潭區","121.240","24.815","626"
"11","363664","20220802231000","47","0","桃園市","龍潭區","121.235","24.820","12"
"291","363667","20220802231000","300","0","桃園市","龍潭區","121.230","24.825","311"
"662","363668","20220802231000","621","1","桃園市","龍潭區","121.235","24.825","669"
"981","363676","20220802231000","854","1","桃園市","龍潭區","121.230","24.840","1037"
"663","363677","20220802231000","496","2","新竹縣","竹北市","121.005","24.845","687"
"1249","363682","20220802231000","1596","0","新竹縣","芎林鄉","121.080","24.780","1616"
"328","363685","20220802231000","149","3","新竹縣","芎林鄉","121.075","24.785","288"
"908","363687","20220802231000","1134","0","新竹縣","芎林鄉","121.070","24.790","1254"
"676","363696","20220802231000","801","0","新竹縣","芎林鄉","121.060","24.795","815"
"585","363709","20220802231000","722","0","新竹縣","芎林鄉","121.090","24.775","738"
"14","363719","20220802231000","11","2","新竹縣","芎林鄉","121.110","24.785","14"
"41","363721","20220802231000","35","1","新竹縣","芎林鄉","121.085","24.780","41"
"10","363725","20220802231000","68","0","新竹縣","芎林鄉","121.100","24.780","21"
"322","363728","20220802231000","313","1","新竹縣","芎林鄉","121.100","24.785","319"
"880","363737","20220802231000","909","0","新竹縣","竹北市","120.985","24.835","1169"
"560","363744","20220802231000","440","2","新竹縣","竹北市","120.975","24.840","683"
"570","363746","20220802231000","808","0","新竹縣","竹北市","120.955","24.840","778"
"486","363748","20220802231000","452","1","新竹縣","竹北市","120.965","24.840","571"
"250","363755","20220802231000","114","3","新竹縣","竹北市","120.960","24.850","180"
"42","363765","20220802231000","324","0","宜蘭縣","礁溪鄉","121.790","24.795","63"
"44","363769","20220802231000","133","0","宜蘭縣","礁溪鄉","121.780","24.800","49"
"214","363770","20220802231000","258","0","宜蘭縣","礁溪鄉","121.785","24.800","215"
"209","363777","20220802231000","219","0","宜蘭縣","礁溪鄉","121.790","24.810","232"
"1030","363779","20220802231000","1142","0","宜蘭縣","礁溪鄉","121.775","24.830","1342"
"672","363783","20220802231000","455","2","宜蘭縣","礁溪鄉","121.780","24.835","661"
"431","363797","20220802231000","381","1","宜蘭縣","礁溪鄉","121.790","24.830","430"
"21","363798","20220802231000","59","0","宜蘭縣","礁溪鄉","121.785","24.835","22"
"1410","363803","20220802231000","1034","2","桃園市","平鎮區","121.200","24.890","1422"
"1534","363805","20220802231000","1877","0","新竹市","北區","120.955","24.805","1846"
"402","363808","20220802231000","981","0","新竹市","北區","120.945","24.815","574"
"169","363811","20220802231000","29","3","新竹市","北區","120.955","24.785","75"
"1989","363814","20220802231000","1881","1","新竹市","北區","120.955","24.790","2546"
"683","363815","20220802231000","1118","0","新竹市","香山區","120.950","24.795","822"
"1070","363816","20220802231000","1080","0","桃園市","大溪區","121.290","24.885","1170"
"1591","363817","20220802231000","1603","0","新竹縣","寶山鄉","120.990","24.775","1792"
"1085","363818","20220802231000","617","3","新竹縣","寶山鄉","120.995","24.775","876"
"1810","363819","20220802231000","1853","0","新竹縣","寶山鄉","121.000","24.775","2025"
"1652","363821","20220802231000","1249","2","新竹市","東區","120.995","24.780","1579"
"2065","363824","20220802231000","1274","3","新竹縣","竹北市","121.010","24.820","2301"
"1625","363825","20220802231000","1920","0","新竹縣","竹北市","121.015","24.820","1988"
"1699","363826","20220802231000","1631","1","新竹縣","竹北市","121.005","24.825","2232"
"2912","363827","20220802231000","3011","0","新竹縣","竹北市","121.010","24.825","3664"
"2024","363828","20220802231000","2270","0","新竹縣","竹北市","121.005","24.830","2561"
"855","363835","20220802231000","503","3","新竹縣","新埔鎮","121.050","24.835","852"
"471","363837","20220802231000","761","0","新竹縣","新埔鎮","121.045","24.840","654"
"705","363839","20220802231000","41","3","新竹縣","新埔鎮","121.055","24.840","452"
"614","363852","20220802231000","789","0","新竹縣","新埔鎮","121.025","24.845","813"
"379","363854","20220802231000","43","3","新竹縣","新埔鎮","121.035","24.845","302"
"57","363855","20220802231000","263","0","新竹縣","新埔鎮","121.040","24.845","100"
"30","363860","20220802231000","23","2","新竹縣","新埔鎮","121.030","24.850","33"
"17","363864","20220802231000","16","1","桃園市","龍潭區","121.210","24.875","19"
"1503","363865","20220802231000","1463","1","桃園市","龍潭區","121.205","24.880","1524"
"255","363866","20220802231000","310","0","新竹縣","竹北市","120.980","24.840","339"
"576","363870","20220802231000","790","0","新竹縣","竹北市","120.975","24.850","863"
"379","363871","20220802231000","613","0","新竹縣","竹北市","120.980","24.850","529"
"121","363872","20220802231000","342","0","新竹縣","竹東鎮","121.055","24.775","126"
"2146","363875","20220802231000","516","3","新竹縣","竹東鎮","121.055","24.780","1513"
"160","363877","20220802231000","227","0","新竹縣","竹東鎮","121.055","24.785","188"
"56","363882","20220802231000","72","0","宜蘭縣","礁溪鄉","121.745","24.800","66"
"255","363884","20220802231000","249","1","宜蘭縣","礁溪鄉","121.755","24.800","271"
"1353","363890","20220802231000","864","3","宜蘭縣","礁溪鄉","121.740","24.780","1346"
"138","363899","20220802231000","116","1","宜蘭縣","礁溪鄉","121.740","24.790","137"
"318","363936","20220802231000","674","0","新竹市","香山區","120.950","24.775","399"
"408","363940","20220802231000","445","0","新竹市","香山區","120.950","24.780","462"
"272","363941","20220802231000","353","0","新竹市","香山區","120.935","24.795","298"
"510","363948","20220802231000","520","0","新竹市","香山區","120.925","24.800","628"
"2788","363957","20220802231000","1918","2","新竹縣","竹北市","120.995","24.835","2817"
"578","363960","20220802231000","1232","0","新竹縣","竹北市","121.000","24.825","811"
"1478","363961","20220802231000","460","3","新竹縣","竹北市","120.990","24.830","975"
"2017","363963","20220802231000","1271","3","新竹縣","竹北市","121.000","24.830","1576"
"1373","363964","20220802231000","1666","0","新竹縣","竹北市","121.000","24.835","1719"
"467","363965","20220802231000","601","0","新竹縣","竹北市","121.005","24.835","687"
"601","363968","20220802231000","682","0","新竹縣","竹北市","120.970","24.835","726"
"3210","363976","20220802231000","2852","1","桃園市","龍潭區","121.215","24.860","3331"
"1721","363977","20220802231000","813","3","桃園市","龍潭區","121.210","24.865","1451"
"257","363980","20220802231000","211","2","新竹縣","新埔鎮","121.110","24.815","361"
"156","363983","20220802231000","45","3","新竹縣","新埔鎮","121.100","24.820","103"
"475","363985","20220802231000","649","0","新竹縣","新埔鎮","121.090","24.825","638"
"224","363989","20220802231000","332","0","新竹縣","關西鎮","121.110","24.825","398"
"2613","363994","20220802231000","2684","0","新竹市","北區","120.970","24.820","3042"
"1664","363995","20220802231000","2475","0","新竹市","北區","120.955","24.810","2121"
"2359","363996","20220802231000","2665","0","新竹市","北區","120.960","24.810","3038"
"833","363997","20220802231000","781","1","宜蘭縣","頭城鎮","121.825","24.860","858"
"10","364009","20220802231000","23","0","桃園市","大溪區","121.290","24.835","10"
"28","364010","20220802231000","30","0","桃園市","大溪區","121.295","24.835","34"
"48","364013","20220802231000","39","2","桃園市","大溪區","121.280","24.840","44"
"15","364014","20220802231000","19","0","桃園市","大溪區","121.285","24.840","10"
"701","364024","20220802231000","614","1","桃園市","大溪區","121.285","24.850","844"
"13","364043","20220802231000","21","0","桃園市","大溪區","121.305","24.860","16"
"326","364050","20220802231000","277","1","桃園市","大溪區","121.295","24.865","395"
"67","364052","20220802231000","84","0","桃園市","大溪區","121.305","24.865","76"
"325","364061","20220802231000","287","1","桃園市","大溪區","121.300","24.870","430"
"219","364068","20220802231000","221","0","桃園市","大溪區","121.300","24.875","204"
"61","364070","20220802231000","35","3","桃園市","大溪區","121.310","24.875","46"
"207","364110","20220802231000","241","0","桃園市","大溪區","121.270","24.840","219"
"55","364116","20220802231000","16","3","桃園市","大溪區","121.275","24.850","66"
"573","364119","20220802231000","606","0","新竹縣","新豐鄉","121.005","24.885","724"
"627","364123","20220802231000","596","1","新竹縣","新豐鄉","121.005","24.890","777"
"284","364126","20220802231000","336","0","新竹縣","湖口鄉","121.020","24.890","402"
"258","364127","20220802231000","76","3","新竹縣","新豐鄉","120.995","24.875","196"
"371","364129","20220802231000","449","0","新竹縣","新豐鄉","120.990","24.880","477"
"157","364130","20220802231000","250","0","新竹縣","新豐鄉","120.990","24.885","206"
"1289","364132","20220802231000","1375","0","新竹縣","新豐鄉","120.990","24.890","1481"
"346","364139","20220802231000","438","0","新竹縣","湖口鄉","121.025","24.890","365"
"567","364141","20220802231000","679","0","新竹縣","湖口鄉","121.035","24.890","734"
"675","364143","20220802231000","693","0","新竹縣","湖口鄉","121.020","24.860","814"
"174","364146","20220802231000","158","1","新竹縣","湖口鄉","121.015","24.865","164"
"206","364147","20220802231000","199","1","新竹縣","湖口鄉","121.020","24.865","314"
"1362","364148","20220802231000","1253","1","新竹縣","湖口鄉","121.025","24.865","1750"
"478","364149","20220802231000","900","0","新竹縣","湖口鄉","121.030","24.865","622"
"288","364163","20220802231000","490","0","新竹縣","湖口鄉","121.035","24.875","362"
"612","364164","20220802231000","1009","0","新竹縣","湖口鄉","121.040","24.875","853"
"240","364168","20220802231000","339","0","新竹縣","湖口鄉","121.035","24.880","295"
"262","364171","20220802231000","332","0","新竹縣","湖口鄉","121.050","24.880","333"
"21","364179","20220802231000","19","1","新竹縣","湖口鄉","121.065","24.875","14"
"31","364180","20220802231000","13","3","新竹縣","湖口鄉","121.070","24.875","25"
"187","364189","20220802231000","247","0","新竹縣","湖口鄉","121.075","24.880","235"
"133","364194","20220802231000","190","0","新竹縣","湖口鄉","121.070","24.885","201"
"214","364195","20220802231000","177","2","新竹縣","湖口鄉","121.075","24.885","231"
"774","364201","20220802231000","761","1","新竹縣","湖口鄉","121.055","24.880","775"
"252","364202","20220802231000","369","0","新竹縣","湖口鄉","121.060","24.880","372"
"482","364205","20220802231000","644","0","新竹縣","湖口鄉","121.050","24.885","562"
"64","364211","20220802231000","87","0","新竹縣","湖口鄉","121.105","24.880","87"
"298","364216","20220802231000","420","0","新竹縣","湖口鄉","121.090","24.885","380"
"323","364221","20220802231000","139","3","新竹縣","湖口鄉","121.095","24.885","241"
"50","364222","20220802231000","57","0","新竹縣","湖口鄉","121.100","24.885","64"
"119","364228","20220802231000","132","0","新竹縣","湖口鄉","121.110","24.890","199"
"160","364231","20220802231000","175","0","新竹縣","湖口鄉","121.085","24.885","247"
"409","364236","20220802231000","331","2","新竹縣","湖口鄉","121.080","24.890","483"
"237","364238","20220802231000","360","0","新竹縣","湖口鄉","121.090","24.890","337"
"2176","364239","20220802231000","2526","0","新竹縣","湖口鄉","121.015","24.870","2540"
"502","364240","20220802231000","761","0","新竹縣","湖口鄉","121.015","24.875","531"
"848","364242","20220802231000","771","1","新竹縣","湖口鄉","121.025","24.875","1070"
"375","364243","20220802231000","497","0","新竹縣","湖口鄉","121.010","24.880","516"
"2875","364244","20220802231000","2834","1","新竹市","北區","120.965","24.805","3691"
"24","364290","20220802231000","27","0","新北市","新店區","121.510","24.890","27"
"16","364291","20220802231000","16","1","新北市","新店區","121.515","24.890","19"
"465","364296","20220802231000","701","0","桃園市","大溪區","121.265","24.885","494"
"704","364314","20220802231000","363","3","桃園市","大溪區","121.280","24.870","664"
"18","364340","20220802231000","31","0","桃園市","大溪區","121.285","24.820","32"
"97","364352","20220802231000","91","1","桃園市","大溪區","121.310","24.825","96"
"10","364355","20220802231000","10","1","桃園市","大溪區","121.300","24.830","10"
"35","364359","20220802231000","26","2","桃園市","大溪區","121.305","24.830","33"
"21","364384","20220802231000","71","0","桃園市","大溪區","121.335","24.845","20"
"626","364405","20220802231000","604","1","桃園市","大溪區","121.300","24.890","692"
"878","364409","20220802231000","615","2","新竹縣","湖口鄉","121.045","24.890","865"
"183","364410","20220802231000","107","3","新竹縣","湖口鄉","121.050","24.890","91"
"115","364419","20220802231000","118","0","新竹縣","湖口鄉","121.040","24.860","140"
"1010","364424","20220802231000","1121","0","新竹縣","湖口鄉","121.035","24.865","1250"
"240","364429","20220802231000","150","3","新竹縣","湖口鄉","121.020","24.870","256"
"849","364430","20220802231000","1804","0","新竹縣","湖口鄉","121.025","24.870","1112"
"986","364431","20220802231000","1196","0","新竹縣","湖口鄉","121.030","24.870","1280"
"949","364432","20220802231000","1451","0","新竹縣","湖口鄉","121.035","24.870","1219"
"1879","364436","20220802231000","751","3","新竹縣","湖口鄉","121.030","24.875","1366"
"36","364448","20220802231000","28","2","新竹縣","新埔鎮","121.095","24.805","36"
"242","364453","20220802231000","248","0","新竹縣","新埔鎮","121.090","24.810","291"
"114","364455","20220802231000","52","3","新竹縣","新埔鎮","121.100","24.810","86"
"93","364470","20220802231000","91","1","新竹縣","新埔鎮","121.095","24.855","141"
"305","364480","20220802231000","498","0","新竹縣","新埔鎮","121.060","24.835","359"
"276","364482","20220802231000","248","1","新竹縣","新埔鎮","121.060","24.840","343"
"1724","364497","20220802231000","2294","0","新竹縣","新埔鎮","121.085","24.830","2227"
"114","364505","20220802231000","55","3","新竹縣","芎林鄉","121.085","24.790","84"
"63","364507","20220802231000","66","0","新竹縣","新埔鎮","121.085","24.795","87"
"115","364516","20220802231000","49","3","新竹縣","新埔鎮","121.080","24.810","95"
"142","364518","20220802231000","168","0","新竹縣","新埔鎮","121.080","24.815","188"
"513","364538","20220802231000","599","0","新竹縣","新埔鎮","121.120","24.840","614"
"468","364549","20220802231000","607","0","新竹縣","新埔鎮","121.060","24.820","616"
"232","364554","20220802231000","16","3","新竹縣","新埔鎮","121.055","24.825","107"
"21","364555","20220802231000","182","0","新竹縣","新埔鎮","121.060","24.825","24"
"53","364557","20220802231000","560","0","新竹縣","新埔鎮","121.035","24.830","50"
"625","364558","20220802231000","892","0","新竹縣","新埔鎮","121.040","24.830","847"
"5423","364561","20220802231000","2636","3","新竹縣","新埔鎮","121.030","24.835","4306"
"37","364571","20220802231000","60","0","新竹縣","新埔鎮","121.145","24.855","29"
"1061","364579","20220802231000","1265","0","新竹縣","新埔鎮","121.080","24.830","1298"
"162","364580","20220802231000","67","3","新竹縣","新埔鎮","121.075","24.830","93"
"317","364581","20220802231000","294","1","宜蘭縣","宜蘭市","121.760","24.770","341"
"436","364583","20220802231000","322","2","宜蘭縣","宜蘭市","121.770","24.770","428"
"136","364585","20220802231000","158","0","宜蘭縣","宜蘭市","121.765","24.770","143"
"249","364586","20220802231000","195","2","宜蘭縣","宜蘭市","121.760","24.775","229"
"429","364587","20220802231000","356","2","宜蘭縣","宜蘭市","121.760","24.780","411"
"32","364588","20220802231000","30","1","桃園市","平鎮區","121.185","24.890","28"
"308","364590","20220802231000","238","2","桃園市","大溪區","121.285","24.865","326"
"645","364594","20220802231000","557","1","桃園市","大溪區","121.285","24.875","695"
"1212","364597","20220802231000","1175","1","桃園市","大溪區","121.285","24.880","1313"
"863","364599","20220802231000","1197","0","桃園市","大溪區","121.295","24.880","853"
"1293","364601","20220802231000","1232","1","桃園市","大溪區","121.270","24.880","1357"
"14","364604","20220802231000","15","0","桃園市","楊梅區","121.175","24.885","13"
"277","364607","20220802231000","303","0","桃園市","楊梅區","121.180","24.890","304"
"460","364609","20220802231000","495","0","桃園市","龍潭區","121.235","24.875","439"
"598","364612","20220802231000","492","2","桃園市","龍潭區","121.220","24.870","632"
"1029","364613","20220802231000","769","2","桃園市","龍潭區","121.225","24.870","1051"
"623","364614","20220802231000","528","1","桃園市","龍潭區","121.205","24.885","703"
"266","364615","20220802231000","108","3","桃園市","龍潭區","121.205","24.890","174"
"949","364616","20220802231000","1121","0","桃園市","龍潭區","121.210","24.885","994"
"263","364618","20220802231000","343","0","新竹縣","竹北市","120.990","24.835","384"
"310","364620","20220802231000","440","0","新竹縣","竹北市","120.990","24.840","431"
"528","364623","20220802231000","632","0","新竹縣","竹北市","120.990","24.845","585"
"666","364629","20220802231000","1985","0","新竹縣","竹北市","121.045","24.795","955"
"1251","364631","20220802231000","1234","1","新竹縣","竹北市","121.040","24.800","1625"
"1188","364632","20220802231000","601","3","新竹縣","竹北市","121.045","24.800","983"
"350","364633","20220802231000","637","0","新竹縣","竹北市","121.050","24.800","485"
"1491","364634","20220802231000","1393","1","新竹縣","竹北市","121.040","24.805","1805"
"360","364635","20220802231000","455","0","新竹縣","竹北市","121.045","24.805","476"
"1604","364637","20220802231000","1960","0","新竹縣","竹北市","121.020","24.810","2138"
"2174","364639","20220802231000","2082","1","新竹縣","竹北市","121.020","24.815","2491"
"1687","364640","20220802231000","3102","0","新竹縣","竹北市","121.025","24.815","2097"
"1283","364641","20220802231000","439","3","新竹縣","竹北市","121.020","24.820","804"
"1962","364642","20220802231000","3924","0","新竹縣","竹北市","121.025","24.820","2449"
"1038","364648","20220802231000","1005","1","新竹市","北區","120.925","24.840","1450"
"736","364657","20220802231000","847","0","桃園市","龍潭區","121.210","24.890","879"
"74","364662","20220802231000","41","3","桃園市","復興區","121.325","24.775","89"
"13","364692","20220802231000","15","0","桃園市","復興區","121.335","24.790","15"
"141","364720","20220802231000","106","2","桃園市","復興區","121.345","24.805","140"
"181","364731","20220802231000","178","1","桃園市","復興區","121.350","24.815","194"
"81","364735","20220802231000","97","0","桃園市","復興區","121.350","24.820","102"
"86","364741","20220802231000","77","1","桃園市","復興區","121.370","24.825","91"
"85","364767","20220802231000","136","0","桃園市","復興區","121.375","24.800","101"
"31","364824","20220802231000","37","0","桃園市","復興區","121.375","24.785","27"
"26","364825","20220802231000","18","2","桃園市","復興區","121.380","24.785","40"
"49","364828","20220802231000","25","3","桃園市","復興區","121.395","24.785","42"
"77","364934","20220802231000","82","0","桃園市","復興區","121.305","24.800","85"
"40","364969","20220802231000","43","0","桃園市","復興區","121.400","24.805","52"
"30","364990","20220802231000","11","3","桃園市","復興區","121.375","24.815","12"
"41","365017","20220802231000","35","1","桃園市","復興區","121.390","24.825","61"
"121","365042","20220802231000","45","3","桃園市","復興區","121.385","24.835","151"
"199","365054","20220802231000","262","0","桃園市","楊梅區","121.155","24.880","223"
"120","365058","20220802231000","83","2","桃園市","楊梅區","121.155","24.885","111"
"342","365063","20220802231000","295","1","桃園市","楊梅區","121.150","24.885","389"
"218","365065","20220802231000","242","0","桃園市","楊梅區","121.160","24.885","303"
"82","365067","20220802231000","207","0","桃園市","楊梅區","121.150","24.890","59"
"910","365068","20220802231000","1059","0","桃園市","楊梅區","121.155","24.890","977"
"1294","365070","20220802231000","880","2","桃園市","楊梅區","121.170","24.885","1313"
"2571","365073","20220802231000","3641","0","新竹市","北區","120.955","24.795","3167"
"148","365074","20220802231000","235","0","新竹市","香山區","120.955","24.780","161"
"1660","365075","20220802231000","1822","0","新竹市","香山區","120.945","24.790","2015"
"602","365076","20220802231000","522","1","新竹市","香山區","120.950","24.790","683"
"830","365079","20220802231000","1115","0","新竹市","香山區","120.925","24.790","1040"
"2013","365080","20220802231000","2594","0","新竹市","香山區","120.925","24.795","2556"
"841","365083","20220802231000","972","0","新竹市","香山區","120.940","24.775","1012"
"253","365086","20220802231000","475","0","新竹市","香山區","120.940","24.780","324"
"249","365089","20220802231000","327","0","新竹市","香山區","120.935","24.785","328"
"2284","365090","20220802231000","1986","1","新竹縣","竹北市","121.015","24.840","2435"
"3471","365091","20220802231000","3859","0","新竹縣","竹北市","121.010","24.840","4184"
"1130","365092","20220802231000","947","1","桃園市","龍潭區","121.210","24.880","1176"
"525","365093","20220802231000","486","1","桃園市","龍潭區","121.215","24.880","868"
"695","365094","20220802231000","637","1","桃園市","龍潭區","121.215","24.885","797"
"493","365099","20220802231000","544","0","桃園市","龍潭區","121.200","24.875","490"
"545","365102","20220802231000","596","0","桃園市","龍潭區","121.195","24.885","586"
"286","365105","20220802231000","222","2","桃園市","龍潭區","121.200","24.885","297"
"807","365121","20220802231000","689","1","桃園市","龍潭區","121.180","24.835","921"
"331","365122","20220802231000","433","0","桃園市","龍潭區","121.185","24.835","412"
"532","365124","20220802231000","665","0","桃園市","龍潭區","121.195","24.835","568"
"651","365133","20220802231000","919","0","桃園市","龍潭區","121.200","24.850","707"
"458","365138","20220802231000","447","1","桃園市","龍潭區","121.210","24.810","527"
"76","365145","20220802231000","96","0","桃園市","龍潭區","121.205","24.820","79"
"137","365150","20220802231000","148","0","桃園市","龍潭區","121.205","24.825","174"
"80","365153","20220802231000","69","1","桃園市","龍潭區","121.220","24.825","92"
"453","365158","20220802231000","599","0","桃園市","龍潭區","121.205","24.835","691"
"823","365161","20220802231000","786","1","桃園市","龍潭區","121.205","24.840","911"
"375","365169","20220802231000","420","0","桃園市","龍潭區","121.230","24.885","413"
"1023","365173","20220802231000","1310","0","新竹市","北區","120.965","24.815","1335"
"752","365174","20220802231000","839","0","新竹市","北區","120.960","24.820","1028"
"1278","365175","20220802231000","1476","0","新竹市","北區","120.960","24.800","1589"
"2043","365176","20220802231000","2150","0","新竹市","東區","120.980","24.795","2454"
"912","365177","20220802231000","1479","0","新竹市","東區","120.985","24.795","1194"
"86","365178","20220802231000","180","0","新竹市","東區","120.985","24.790","72"
"1882","365183","20220802231000","1551","2","新竹市","北區","120.975","24.820","2273"
"1341","365184","20220802231000","1504","0","新竹市","北區","120.975","24.825","1559"
"558","365185","20220802231000","838","0","新竹市","北區","120.980","24.825","699"
"1191","365210","20220802231000","1507","0","新竹市","東區","121.000","24.800","1520"
"2696","365211","20220802231000","2031","2","新竹市","東區","121.000","24.795","2382"
"1005","365212","20220802231000","921","1","新竹市","東區","121.025","24.780","1193"
"406","365213","20220802231000","438","0","桃園市","龍潭區","121.245","24.880","405"
"359","365219","20220802231000","460","0","桃園市","平鎮區","121.240","24.890","369"
"1106","365221","20220802231000","1506","0","新竹市","北區","120.930","24.835","1485"
"878","365222","20220802231000","1129","0","新竹市","北區","120.935","24.835","1050"
"3266","365223","20220802231000","3420","0","新竹市","北區","120.970","24.825","4182"
"4719","365224","20220802231000","4510","1","新竹市","東區","120.975","24.815","5237"
"2367","365225","20220802231000","2536","0","新竹市","東區","120.980","24.815","2885"
"1656","365226","20220802231000","1355","2","新竹市","北區","120.965","24.825","1962"
"506","365227","20220802231000","433","1","新竹市","北區","120.965","24.830","650"
"117","365229","20220802231000","116","1","桃園市","楊梅區","121.140","24.885","125"
"100","365231","20220802231000","89","1","桃園市","楊梅區","121.135","24.885","111"
"288","365234","20220802231000","211","2","桃園市","楊梅區","121.135","24.890","324"
"342","365235","20220802231000","374","0","桃園市","楊梅區","121.140","24.890","375"
"573","365236","20220802231000","814","0","桃園市","楊梅區","121.145","24.890","610"
"916","365237","20220802231000","1028","0","新竹市","北區","120.950","24.805","1107"
"1228","365238","20220802231000","1329","0","新竹市","北區","120.940","24.840","1564"
"759","365240","20220802231000","1211","0","新竹市","北區","120.930","24.840","1028"
"718","365241","20220802231000","689","1","新竹市","北區","120.935","24.840","929"
"146","365243","20220802231000","143","1","新竹市","北區","120.925","24.845","272"
"720","365244","20220802231000","855","0","新竹市","北區","120.930","24.845","967"
"1505","365253","20220802231000","1693","0","新竹市","東區","120.965","24.800","1845"
"6758","365254","20220802231000","5272","2","新竹市","東區","121.005","24.795","6893"
"3058","365255","20220802231000","3137","0","新竹市","東區","121.010","24.795","3633"
"838","365258","20220802231000","1014","0","新竹市","東區","121.015","24.795","1124"
"1048","365259","20220802231000","725","2","新竹市","東區","120.970","24.790","1143"
"906","365261","20220802231000","1277","0","新竹市","北區","120.955","24.815","1233"
"4763","365262","20220802231000","5782","0","新竹市","北區","120.960","24.815","6001"
"56","365263","20220802231000","206","0","新竹市","北區","120.955","24.820","40"
"576","365264","20220802231000","772","0","新竹市","北區","120.955","24.825","782"
"2239","365265","20220802231000","2718","0","新竹市","東區","121.010","24.790","2801"
"627","365266","20220802231000","1206","0","新竹市","東區","120.970","24.795","652"
"752","365267","20220802231000","975","0","新竹市","東區","120.980","24.790","1029"
"2104","365268","20220802231000","2107","0","新竹市","東區","120.970","24.805","2500"
"667","365269","20220802231000","905","0","新竹市","北區","120.945","24.805","724"
"568","365270","20220802231000","1022","0","新竹市","香山區","120.950","24.800","773"
"1816","365271","20220802231000","2084","0","新竹市","北區","120.955","24.800","2234"
"62","365292","20220802231000","85","0","桃園市","復興區","121.340","24.820","88"
"16","365296","20220802231000","39","0","桃園市","復興區","121.340","24.825","12"
"221","365304","20220802231000","207","1","桃園市","大溪區","121.330","24.835","217"
"93","365315","20220802231000","99","0","桃園市","復興區","121.350","24.835","113"
"1436","365322","20220802231000","1610","0","新竹市","東區","120.970","24.815","1767"
"3103","365323","20220802231000","3183","0","新竹市","北區","120.965","24.810","3801"
"2324","365324","20220802231000","3113","0","新竹市","東區","120.990","24.800","2667"
"70","365325","20220802231000","89","0","新竹市","東區","120.990","24.805","72"
"164","365326","20220802231000","162","1","新竹市","東區","120.995","24.805","125"
"459","365327","20220802231000","1942","0","新竹市","東區","120.995","24.785","630"
"230","365328","20220802231000","646","0","新竹市","東區","121.000","24.780","317"
"196","365330","20220802231000","341","0","新竹市","東區","120.990","24.785","250"
"1087","365331","20220802231000","2642","0","新竹市","東區","121.000","24.790","1423"
"835","365332","20220802231000","941","0","新竹市","東區","121.000","24.785","1216"
"162","365334","20220802231000","603","0","新竹市","東區","120.990","24.795","232"
"747","365335","20220802231000","1745","0","新竹市","東區","120.990","24.790","1019"
"1361","365336","20220802231000","1666","0","新竹市","東區","120.995","24.795","1794"
"1312","365337","20220802231000","1456","0","新竹市","東區","120.995","24.790","1650"
"631","365338","20220802231000","899","0","新竹市","北區","120.960","24.790","787"
"1123","365339","20220802231000","1174","0","新竹市","東區","120.980","24.800","1442"
"257","365340","20220802231000","294","0","新竹市","東區","120.990","24.810","355"
"1353","365341","20220802231000","2049","0","新竹市","東區","120.985","24.815","1745"
"626","365346","20220802231000","1113","0","新竹市","東區","120.995","24.820","769"
"11","365347","20220802231000","19","0","新竹市","東區","121.005","24.800","11"
"27","365352","20220802231000","302","0","新竹市","東區","121.015","24.805","26"
"255","365356","20220802231000","345","0","桃園市","楊梅區","121.130","24.885","268"
"144","365363","20220802231000","135","1","桃園市","楊梅區","121.125","24.890","153"
"237","365364","20220802231000","227","1","桃園市","楊梅區","121.130","24.890","223"
"32","367498","20220802231000","31","1","宜蘭縣","頭城鎮","121.880","24.910","33"
"55","369694","20220802231000","67","0","宜蘭縣","頭城鎮","121.895","24.940","57"
"12","369695","20220802231000","189","0","宜蘭縣","頭城鎮","121.900","24.940","21"
"342","373866","20220802231000","503","0","新北市","板橋區","121.435","24.985","467"
"2508","373867","20220802231000","3666","0","新北市","中和區","121.515","24.990","2504"
"30","373876","20220802231000","33","0","宜蘭縣","頭城鎮","121.850","24.895","24"
"231","373895","20220802231000","241","0","宜蘭縣","頭城鎮","121.890","24.940","199"
"70","373934","20220802231000","107","0","宜蘭縣","頭城鎮","121.900","24.945","72"
"22","373935","20220802231000","12","3","宜蘭縣","頭城鎮","121.900","24.950","25"
"36","373940","20220802231000","21","3","宜蘭縣","頭城鎮","121.915","24.950","29"
"143","373951","20220802231000","120","1","宜蘭縣","頭城鎮","121.920","24.960","157"
"134","373977","20220802231000","175","0","新北市","雙溪區","121.795","24.900","149"
"207","373991","20220802231000","222","0","宜蘭縣","頭城鎮","121.865","24.905","215"
"51","373993","20220802231000","68","0","宜蘭縣","頭城鎮","121.850","24.905","55"
"2150","374034","20220802231000","3245","0","新北市","中和區","121.525","24.990","2439"
"3191","374036","20220802231000","6632","0","新北市","土城區","121.465","24.985","3477"
"2864","374037","20220802231000","3435","0","新北市","土城區","121.470","24.990","3527"
"896","374042","20220802231000","1086","0","新北市","土城區","121.470","24.975","1052"
"1481","374045","20220802231000","2289","0","新北市","新店區","121.545","24.980","1342"
"1263","374046","20220802231000","1074","1","新北市","中和區","121.480","24.965","1088"
"32","374051","20220802231000","35","0","新北市","中和區","121.490","24.970","27"
"23","374054","20220802231000","26","0","新北市","中和區","121.495","24.975","26"
"270","374055","20220802231000","485","0","新北市","中和區","121.495","24.980","386"
"1758","374056","20220802231000","2187","0","新北市","中和區","121.505","24.985","1603"
"430","374067","20220802231000","457","0","新北市","三峽區","121.380","24.925","562"
"1718","374070","20220802231000","1671","1","新北市","三峽區","121.370","24.930","1939"
"302","374083","20220802231000","274","1","新北市","三峽區","121.405","24.905","371"
"55","374086","20220802231000","44","2","新北市","三峽區","121.380","24.910","66"
"37","374103","20220802231000","51","0","新北市","三峽區","121.350","24.900","52"
"86","374104","20220802231000","88","0","新北市","三峽區","121.355","24.900","116"
"69","374106","20220802231000","99","0","新北市","三峽區","121.365","24.900","101"
"264","374107","20220802231000","261","1","新北市","三峽區","121.360","24.905","357"
"163","374108","20220802231000","213","0","新北市","三峽區","121.365","24.905","127"
"478","374109","20220802231000","672","0","新北市","三峽區","121.365","24.910","728"
"151","374111","20220802231000","154","0","新北市","三峽區","121.365","24.920","194"
"65","374139","20220802231000","51","2","新北市","三峽區","121.465","24.915","56"
"50","374147","20220802231000","43","1","新北市","三峽區","121.455","24.920","71"
"23","374151","20220802231000","13","3","新北市","三峽區","121.475","24.920","23"
"120","374167","20220802231000","103","1","新北市","三峽區","121.445","24.925","136"
"122","374179","20220802231000","119","1","新北市","三峽區","121.455","24.930","151"
"40","374183","20220802231000","44","0","新北市","三峽區","121.445","24.935","47"
"2568","374196","20220802231000","3007","0","新北市","新店區","121.550","24.970","2800"
"249","374198","20220802231000","497","0","新北市","新店區","121.550","24.975","372"
"772","374199","20220802231000","897","0","新北市","土城區","121.455","24.990","833"
"1064","374200","20220802231000","1066","0","新北市","土城區","121.440","24.980","1313"
"603","374201","20220802231000","501","2","新北市","土城區","121.445","24.980","425"
"2958","374203","20220802231000","3279","0","新北市","中和區","121.495","24.990","3359"
"1975","374204","20220802231000","2371","0","新北市","中和區","121.510","24.985","2263"
"4434","374205","20220802231000","5482","0","新北市","新店區","121.545","24.975","5164"
"895","374206","20220802231000","1146","0","新北市","新店區","121.550","24.980","1241"
"1791","374207","20220802231000","2761","0","新北市","中和區","121.505","24.980","2051"
"38","374212","20220802231000","33","1","新北市","中和區","121.485","24.980","36"
"228","374215","20220802231000","239","0","新北市","中和區","121.485","24.990","266"
"82","374216","20220802231000","100","0","新北市","中和區","121.500","24.970","166"
"92","374217","20220802231000","110","0","新北市","中和區","121.500","24.975","109"
"568","374218","20220802231000","531","1","新北市","中和區","121.505","24.975","712"
"337","374219","20220802231000","663","0","新北市","新店區","121.510","24.975","497"
"51","374220","20220802231000","30","3","新北市","中和區","121.500","24.980","59"
"3333","374221","20220802231000","4268","0","新北市","樹林區","121.375","24.945","3942"
"1289","374222","20220802231000","1250","1","新北市","三峽區","121.370","24.925","1175"
"950","374223","20220802231000","2107","0","新北市","三峽區","121.365","24.930","1167"
"160","374240","20220802231000","114","2","新北市","三峽區","121.345","24.915","157"
"61","374252","20220802231000","208","0","新北市","三峽區","121.360","24.925","44"
"110","374255","20220802231000","120","0","新北市","三峽區","121.420","24.925","170"
"710","374266","20220802231000","503","2","新北市","中和區","121.500","24.985","876"
"511","374267","20220802231000","2002","0","新北市","中和區","121.500","24.990","392"
"4794","374268","20220802231000","5910","0","新北市","中和區","121.510","24.990","5889"
"2014","374272","20220802231000","2590","0","新北市","三峽區","121.370","24.935","2644"
"271","374277","20220802231000","320","0","新北市","三峽區","121.370","24.900","357"
"242","374283","20220802231000","240","1","新北市","三峽區","121.395","24.935","196"
"314","374286","20220802231000","293","1","新北市","三峽區","121.400","24.940","335"
"73","374288","20220802231000","130","0","新北市","三峽區","121.405","24.945","114"
"327","374295","20220802231000","421","0","新北市","三峽區","121.390","24.930","510"
"395","374297","20220802231000","404","0","新北市","三峽區","121.400","24.930","466"
"199","374300","20220802231000","177","1","新北市","三峽區","121.415","24.925","252"
"369","374302","20220802231000","495","0","新北市","三峽區","121.410","24.930","491"
"33","374321","20220802231000","18","3","新北市","三峽區","121.420","24.900","32"
"122","374335","20220802231000","65","3","新北市","三峽區","121.435","24.905","106"
"91","374343","20220802231000","95","0","新北市","三峽區","121.420","24.910","103"
"150","374363","20220802231000","109","2","新北市","三峽區","121.425","24.920","183"
"139","374371","20220802231000","148","0","新北市","三峽區","121.425","24.925","173"
"63","374390","20220802231000","187","0","新北市","三峽區","121.360","24.935","40"
"2036","374391","20220802231000","2505","0","新北市","三峽區","121.365","24.935","2678"
"1030","374393","20220802231000","1436","0","新北市","三峽區","121.375","24.935","925"
"525","374394","20220802231000","458","1","新北市","三峽區","121.380","24.935","633"
"1451","374396","20220802231000","1897","0","新北市","三峽區","121.380","24.940","1835"
"17","374399","20220802231000","12","2","新北市","三峽區","121.395","24.945","12"
"1270","374402","20220802231000","1824","0","新北市","三峽區","121.370","24.940","1486"
"1788","374403","20220802231000","2734","0","新北市","三峽區","121.375","24.940","1716"
"141","374405","20220802231000","195","0","新北市","三峽區","121.370","24.945","196"
"506","374408","20220802231000","500","1","新北市","三峽區","121.365","24.925","676"
"75","374410","20220802231000","25","3","新北市","三峽區","121.370","24.920","48"
"818","374412","20220802231000","924","0","新北市","三峽區","121.375","24.925","854"
"16","374414","20220802231000","18","0","新北市","三峽區","121.340","24.900","21"
"351","374418","20220802231000","610","0","新北市","三峽區","121.355","24.910","491"
"1424","374420","20220802231000","1879","0","新北市","三峽區","121.375","24.930","1942"
"370","374421","20220802231000","712","0","新北市","三峽區","121.385","24.930","515"
"2049","374422","20220802231000","4195","0","新北市","中和區","121.505","24.990","2380"
"1654","374423","20220802231000","2488","0","新北市","土城區","121.455","24.985","1645"
"1624","374424","20220802231000","1553","1","新北市","土城區","121.470","24.985","1976"
"223","374427","20220802231000","26","3","宜蘭縣","頭城鎮","121.870","24.910","211"
"23","374433","20220802231000","28","0","宜蘭縣","頭城鎮","121.880","24.920","39"
"37","374451","20220802231000","31","1","宜蘭縣","頭城鎮","121.885","24.935","46"
"3005","374458","20220802231000","4659","0","新北市","中和區","121.520","24.990","3232"
"2797","374459","20220802231000","3810","0","新北市","樹林區","121.415","24.980","3546"
"1074","374462","20220802231000","1327","0","新北市","樹林區","121.385","24.955","1067"
"18","374466","20220802231000","13","2","新北市","樹林區","121.380","24.970","16"
"60","374467","20220802231000","136","0","新北市","樹林區","121.385","24.970","92"
"580","374493","20220802231000","1002","0","新北市","新店區","121.535","24.990","412"
"540","374494","20220802231000","280","3","新北市","新店區","121.530","24.955","453"
"271","374495","20220802231000","159","3","新北市","新店區","121.535","24.955","207"
"829","374496","20220802231000","938","0","新北市","新店區","121.535","24.960","1082"
"314","374498","20220802231000","493","0","新北市","新店區","121.520","24.970","219"
"1349","374500","20220802231000","2264","0","新北市","新店區","121.515","24.975","1621"
"1471","374512","20220802231000","2258","0","新北市","樹林區","121.420","24.990","1944"
"3013","374513","20220802231000","3416","0","新北市","中和區","121.510","24.980","3933"
"1291","374514","20220802231000","1444","0","新北市","土城區","121.460","24.975","1671"
"453","374515","20220802231000","549","0","新北市","新店區","121.520","24.980","605"
"1203","374516","20220802231000","1852","0","新北市","新店區","121.520","24.985","1219"
"171","374517","20220802231000","133","2","桃園市","大溪區","121.310","24.895","165"
"17","374520","20220802231000","22","0","桃園市","大溪區","121.330","24.895","17"
"17","374524","20220802231000","27","0","桃園市","大溪區","121.320","24.905","24"
"155","374544","20220802231000","45","3","桃園市","大溪區","121.305","24.925","117"
"943","374548","20220802231000","1006","0","桃園市","中壢區","121.240","24.940","973"
"406","374549","20220802231000","149","3","桃園市","中壢區","121.245","24.940","275"
"175","374550","20220802231000","150","1","桃園市","中壢區","121.235","24.945","182"
"786","374551","20220802231000","691","1","桃園市","中壢區","121.240","24.945","826"
"333","374552","20220802231000","460","0","桃園市","中壢區","121.240","24.980","354"
"656","374554","20220802231000","636","1","桃園市","中壢區","121.240","24.930","693"
"416","374555","20220802231000","554","0","桃園市","中壢區","121.245","24.930","359"
"822","374556","20220802231000","1044","0","桃園市","中壢區","121.235","24.930","880"
"2420","374558","20220802231000","1995","2","桃園市","中壢區","121.250","24.930","2412"
"361","374560","20220802231000","338","1","桃園市","平鎮區","121.205","24.930","372"
"1082","374561","20220802231000","970","1","桃園市","平鎮區","121.200","24.935","1122"
"175","374562","20220802231000","204","0","桃園市","平鎮區","121.205","24.935","154"
"862","374563","20220802231000","1112","0","桃園市","平鎮區","121.205","24.940","896"
"1976","374564","20220802231000","2498","0","桃園市","平鎮區","121.210","24.955","2015"
"1968","374565","20220802231000","1779","1","桃園市","平鎮區","121.205","24.955","1953"
"596","374566","20220802231000","719","0","桃園市","平鎮區","121.240","24.910","642"
"208","374575","20220802231000","111","3","桃園市","平鎮區","121.195","24.945","160"
"2335","374577","20220802231000","2663","0","桃園市","平鎮區","121.200","24.950","2364"
"1586","374578","20220802231000","1862","0","桃園市","平鎮區","121.200","24.955","1655"
"1350","374579","20220802231000","1256","1","桃園市","平鎮區","121.215","24.950","1307"
"662","374580","20220802231000","421","3","新北市","樹林區","121.365","24.950","465"
"399","374582","20220802231000","477","0","新北市","樹林區","121.375","24.950","480"
"463","374587","20220802231000","611","0","新竹縣","新豐鄉","120.980","24.910","640"
"80","374593","20220802231000","32","3","新竹縣","新豐鄉","120.985","24.915","59"
"444","374594","20220802231000","449","0","新竹縣","新豐鄉","120.970","24.920","513"
"1764","374598","20220802231000","1780","0","桃園市","中壢區","121.245","24.970","1860"
"744","374599","20220802231000","700","1","桃園市","中壢區","121.240","24.975","786"
"1689","374600","20220802231000","1453","1","桃園市","中壢區","121.250","24.980","1714"
"836","374601","20220802231000","696","2","桃園市","中壢區","121.250","24.975","825"
"1896","374602","20220802231000","2104","0","桃園市","中壢區","121.260","24.975","1870"
"710","374603","20220802231000","973","0","桃園市","中壢區","121.210","24.960","641"
"1062","374604","20220802231000","1034","1","新北市","中和區","121.490","24.990","1180"
"204","374605","20220802231000","347","0","新北市","土城區","121.445","24.990","236"
"228","374606","20220802231000","274","0","新北市","新店區","121.545","24.960","329"
"2001","374607","20220802231000","2461","0","新北市","新店區","121.535","24.965","2088"
"3412","374608","20220802231000","3161","1","新北市","新店區","121.535","24.970","3455"
"1904","374609","20220802231000","1361","2","新北市","鶯歌區","121.350","24.955","1895"
"1835","374610","20220802231000","1613","1","新北市","鶯歌區","121.345","24.950","1853"
"330","374612","20220802231000","213","3","桃園市","龜山區","121.335","24.980","339"
"2518","374613","20220802231000","2204","1","新北市","鶯歌區","121.335","24.975","2618"
"1424","374614","20220802231000","1570","0","新北市","鶯歌區","121.340","24.940","1478"
"76","374617","20220802231000","279","0","新北市","鶯歌區","121.335","24.945","64"
"556","374618","20220802231000","497","1","新北市","鶯歌區","121.340","24.945","562"
"202","374620","20220802231000","235","0","新北市","鶯歌區","121.330","24.950","167"
"3157","374622","20220802231000","3110","1","新北市","鶯歌區","121.345","24.955","3195"
"88","374623","20220802231000","61","2","新北市","鶯歌區","121.365","24.955","83"
"299","374626","20220802231000","162","3","新北市","鶯歌區","121.370","24.960","291"
"264","374630","20220802231000","176","3","新北市","鶯歌區","121.375","24.965","234"
"174","374631","20220802231000","157","1","新北市","樹林區","121.380","24.965","281"
"65","374641","20220802231000","62","1","新北市","鶯歌區","121.355","24.975","72"
"2501","374648","20220802231000","1916","2","桃園市","中壢區","121.250","24.935","2675"
"175","374649","20220802231000","57","3","新竹縣","新豐鄉","120.980","24.895","125"
"790","374653","20220802231000","550","2","桃園市","八德區","121.300","24.955","789"
"1942","374654","20220802231000","2227","0","桃園市","中壢區","121.225","24.965","1914"
"102","374656","20220802231000","83","2","桃園市","大溪區","121.250","24.895","85"
"300","374659","20220802231000","306","0","桃園市","大溪區","121.265","24.895","336"
"329","374662","20220802231000","525","0","桃園市","大溪區","121.265","24.900","316"
"956","374664","20220802231000","1091","0","桃園市","大溪區","121.260","24.905","896"
"2780","374674","20220802231000","3758","0","新北市","新店區","121.535","24.985","3573"
"120","374675","20220802231000","151","0","新北市","新店區","121.540","24.985","121"
"241","374676","20220802231000","1516","0","新北市","新店區","121.505","24.945","128"
"705","374679","20220802231000","550","2","新北市","新店區","121.500","24.955","802"
"383","374680","20220802231000","524","0","新北市","新店區","121.505","24.955","457"
"35","374683","20220802231000","40","0","新北市","新店區","121.500","24.960","49"
"2402","374685","20220802231000","4194","0","新北市","新店區","121.510","24.960","3129"
"302","374692","20220802231000","722","0","新北市","中和區","121.490","24.980","317"
"1206","374694","20220802231000","1122","1","新北市","中和區","121.490","24.985","1344"
"304","374695","20220802231000","339","0","新北市","中和區","121.495","24.985","369"
"17","374714","20220802231000","21","0","新北市","坪林區","121.735","24.950","22"
"100","374733","20220802231000","136","0","新北市","坪林區","121.700","24.960","141"
"107","374748","20220802231000","101","1","新北市","坪林區","121.725","24.960","126"
"41","374749","20220802231000","34","2","新北市","坪林區","121.705","24.965","43"
"148","374755","20220802231000","161","0","新北市","坪林區","121.705","24.935","162"
"50","374759","20220802231000","119","0","新北市","坪林區","121.710","24.940","53"
"175","374760","20220802231000","163","1","新北市","坪林區","121.720","24.940","195"
"38","374766","20220802231000","42","0","新北市","坪林區","121.700","24.950","31"
"11","374772","20220802231000","24","0","新北市","坪林區","121.710","24.890","18"
"30","374784","20220802231000","27","1","新北市","坪林區","121.700","24.905","39"
"34","374792","20220802231000","29","1","新北市","坪林區","121.700","24.915","28"
"38","374801","20220802231000","28","2","新北市","坪林區","121.700","24.920","33"
"121","374804","20220802231000","143","0","新北市","坪林區","121.695","24.925","170"
"242","374823","20220802231000","183","2","新北市","坪林區","121.715","24.925","197"
"21","374907","20220802231000","20","1","新北市","坪林區","121.785","24.955","40"
"31","374921","20220802231000","35","0","新北市","坪林區","121.730","24.965","32"
"19","374929","20220802231000","16","1","新北市","坪林區","121.770","24.965","16"
"11","374980","20220802231000","13","0","新北市","坪林區","121.730","24.895","19"
"15","375116","20220802231000","38","0","新北市","坪林區","121.680","24.915","15"
"84","375126","20220802231000","74","1","新北市","坪林區","121.680","24.930","88"
"54","375135","20220802231000","59","0","新北市","石碇區","121.665","24.940","58"
"826","375152","20220802231000","1025","0","新北市","新店區","121.535","24.980","1036"
"397","375153","20220802231000","616","0","新北市","新店區","121.495","24.945","512"
"557","375154","20220802231000","659","0","新北市","新店區","121.495","24.950","802"
"1811","375155","20220802231000","4687","0","新北市","新店區","121.545","24.970","2248"
"438","375159","20220802231000","361","2","新北市","新店區","121.535","24.940","414"
"402","375160","20220802231000","268","3","新北市","新店區","121.540","24.940","431"
"2376","375167","20220802231000","2428","0","桃園市","八德區","121.295","24.960","2564"
"336","375168","20220802231000","398","0","桃園市","中壢區","121.205","24.965","470"
"14","375172","20220802231000","24","0","桃園市","中壢區","121.190","24.975","24"
"50","375176","20220802231000","72","0","桃園市","中壢區","121.210","24.975","33"
"2130","375180","20220802231000","2704","0","桃園市","中壢區","121.255","24.975","2200"
"1363","375181","20220802231000","1318","1","桃園市","平鎮區","121.220","24.950","1361"
"1584","375182","20220802231000","1491","1","桃園市","中壢區","121.225","24.945","1647"
"3788","375183","20220802231000","3015","2","桃園市","中壢區","121.230","24.955","3754"
"451","375185","20220802231000","691","0","桃園市","中壢區","121.220","24.985","468"
"2513","375190","20220802231000","2693","0","桃園市","八德區","121.300","24.960","2647"
"1290","375191","20220802231000","1457","0","新竹縣","湖口鄉","121.050","24.905","1713"
"654","375194","20220802231000","713","0","新竹縣","湖口鄉","121.055","24.910","775"
"452","375195","20220802231000","413","1","新竹縣","湖口鄉","121.050","24.915","518"
"999","375199","20220802231000","1791","0","桃園市","楊梅區","121.060","24.920","1230"
"236","375200","20220802231000","222","1","新竹縣","湖口鄉","121.055","24.925","241"
"1826","375202","20220802231000","2087","0","桃園市","八德區","121.295","24.965","1826"
"2018","375203","20220802231000","1539","2","桃園市","中壢區","121.225","24.955","1881"
"1704","375204","20220802231000","1605","1","桃園市","中壢區","121.225","24.960","1703"
"1642","375206","20220802231000","2078","0","桃園市","中壢區","121.260","24.965","1589"
"1301","375207","20220802231000","1284","1","桃園市","八德區","121.300","24.970","1350"
"3045","375208","20220802231000","2448","2","桃園市","桃園區","121.305","24.975","3104"
"1170","375209","20220802231000","1356","0","桃園市","八德區","121.300","24.975","1200"
"85","375211","20220802231000","22","3","桃園市","八德區","121.315","24.940","49"
"517","375215","20220802231000","481","1","桃園市","八德區","121.300","24.925","584"
"1242","375216","20220802231000","938","2","新北市","土城區","121.450","24.990","1510"
"1380","375217","20220802231000","2145","0","新北市","土城區","121.440","24.975","1477"
"1481","375218","20220802231000","1860","0","新北市","土城區","121.465","24.975","2027"
"1901","375220","20220802231000","1819","1","新北市","新店區","121.540","24.970","1676"
"233","375229","20220802231000","345","0","新北市","新店區","121.475","24.940","302"
"93","375230","20220802231000","673","0","新北市","新店區","121.480","24.940","75"
"201","375239","20220802231000","360","0","新北市","新店區","121.485","24.950","270"
"984","375244","20220802231000","1507","0","新北市","新店區","121.510","24.970","1139"
"1181","375246","20220802231000","1514","0","新北市","新店區","121.515","24.970","1269"
"1479","375247","20220802231000","1991","0","桃園市","中壢區","121.210","24.965","1461"
"1367","375250","20220802231000","1433","0","桃園市","中壢區","121.235","24.970","1413"
"565","375252","20220802231000","546","1","桃園市","中壢區","121.235","24.975","574"
"197","375253","20220802231000","490","0","桃園市","中壢區","121.235","24.980","228"
"90","375255","20220802231000","186","0","桃園市","中壢區","121.235","24.985","79"
"1076","375256","20220802231000","1212","0","桃園市","中壢區","121.230","24.990","1099"
"2440","375258","20220802231000","1955","2","桃園市","八德區","121.295","24.945","2538"
"459","375259","20220802231000","536","0","桃園市","八德區","121.295","24.950","479"
"1095","375260","20220802231000","858","2","桃園市","八德區","121.275","24.965","1135"
"519","375261","20220802231000","638","0","桃園市","八德區","121.280","24.970","516"
"1036","375264","20220802231000","1537","0","桃園市","中壢區","121.195","24.960","1082"
"135","375265","20220802231000","235","0","桃園市","中壢區","121.200","24.960","88"
"1928","375266","20220802231000","3487","0","桃園市","平鎮區","121.190","24.965","2024"
"438","375269","20220802231000","740","0","桃園市","平鎮區","121.190","24.970","500"
"2895","375271","20220802231000","1825","3","桃園市","中壢區","121.205","24.960","2859"
"2356","375272","20220802231000","2089","1","桃園市","中壢區","121.260","24.950","2534"
"2951","375273","20220802231000","1974","2","桃園市","中壢區","121.260","24.955","2764"
"743","375274","20220802231000","598","2","桃園市","八德區","121.290","24.960","724"
"705","375275","20220802231000","1238","0","桃園市","八德區","121.265","24.970","750"
"166","375276","20220802231000","370","0","桃園市","八德區","121.275","24.970","188"
"469","375278","20220802231000","436","1","桃園市","八德區","121.270","24.970","509"
"1184","375279","20220802231000","1079","1","桃園市","八德區","121.275","24.975","1198"
"1174","375281","20220802231000","1108","1","桃園市","八德區","121.295","24.925","1226"
"264","375296","20220802231000","270","0","新竹縣","新豐鄉","121.005","24.925","369"
"303","375299","20220802231000","376","0","新竹縣","新豐鄉","121.020","24.925","313"
"134","375303","20220802231000","134","1","新竹縣","新豐鄉","120.965","24.895","182"
"235","375308","20220802231000","229","1","新竹縣","新豐鄉","120.970","24.900","276"
"1020","375316","20220802231000","1558","0","新北市","土城區","121.420","24.960","1251"
"466","375317","20220802231000","804","0","新北市","土城區","121.410","24.955","614"
"975","375318","20220802231000","970","1","新北市","土城區","121.415","24.955","1247"
"316","375319","20220802231000","260","2","新北市","新店區","121.515","24.980","254"
"135","375320","20220802231000","95","2","新北市","新店區","121.515","24.945","192"
"232","375321","20220802231000","517","0","新北市","新店區","121.520","24.945","373"
"47","375323","20220802231000","60","0","新北市","新店區","121.520","24.950","53"
"47","375324","20220802231000","21","3","新北市","新店區","121.525","24.950","70"
"284","375325","20220802231000","470","0","新北市","新店區","121.515","24.955","404"
"1213","375326","20220802231000","717","3","新北市","新店區","121.520","24.955","1575"
"191","375330","20220802231000","177","1","新北市","新店區","121.530","24.960","215"
"633","375332","20220802231000","711","0","新北市","新店區","121.525","24.965","659"
"47","375333","20220802231000","803","0","新北市","新店區","121.520","24.965","19"
"2206","375335","20220802231000","3211","0","新北市","新店區","121.540","24.975","2499"
"714","375346","20220802231000","866","0","新北市","新店區","121.505","24.920","734"
"485","375357","20220802231000","628","0","新北市","新店區","121.510","24.925","639"
"35","375361","20220802231000","19","3","新北市","新店區","121.530","24.925","31"
"3470","375369","20220802231000","4579","0","新北市","新店區","121.540","24.980","4354"
"903","375370","20220802231000","1399","0","新北市","新店區","121.530","24.950","1132"
"1656","375371","20220802231000","1557","1","新北市","新店區","121.550","24.955","1698"
"177","375372","20220802231000","418","0","新北市","新店區","121.555","24.955","170"
"514","375374","20220802231000","657","0","新北市","新店區","121.555","24.965","666"
"50","375384","20220802231000","81","0","新北市","新店區","121.500","24.920","62"
"99","375390","20220802231000","90","1","新北市","新店區","121.505","24.930","130"
"31","375394","20220802231000","42","0","新北市","新店區","121.510","24.935","42"
"538","375399","20220802231000","615","0","新北市","新店區","121.505","24.940","650"
"1381","375400","20220802231000","1179","1","桃園市","八德區","121.320","24.960","1383"
"2101","375401","20220802231000","1765","1","桃園市","八德區","121.325","24.970","1983"
"832","375402","20220802231000","758","1","桃園市","八德區","121.300","24.930","845"
"498","375403","20220802231000","684","0","桃園市","八德區","121.305","24.930","615"
"229","375404","20220802231000","178","2","桃園市","八德區","121.300","24.935","196"
"456","375405","20220802231000","509","0","桃園市","八德區","121.305","24.935","459"
"183","375407","20220802231000","296","0","桃園市","八德區","121.300","24.940","184"
"682","375408","20220802231000","585","1","桃園市","八德區","121.305","24.940","698"
"921","375410","20220802231000","819","1","桃園市","八德區","121.255","24.920","792"
"16","375411","20220802231000","96","0","桃園市","八德區","121.260","24.920","16"
"336","375417","20220802231000","364","0","桃園市","八德區","121.260","24.925","339"
"1343","375419","20220802231000","1092","2","桃園市","八德區","121.270","24.975","1231"
"2249","375420","20220802231000","3711","0","桃園市","中壢區","121.240","24.955","2387"
"896","375421","20220802231000","2230","0","桃園市","中壢區","121.240","24.960","943"
"960","375422","20220802231000","1004","0","桃園市","中壢區","121.245","24.960","862"
"2429","375427","20220802231000","1667","2","桃園市","中壢區","121.255","24.960","2362"
"72","375435","20220802231000","142","0","新竹縣","新豐鄉","121.005","24.930","130"
"15","375443","20220802231000","12","2","新竹縣","新豐鄉","121.015","24.935","17"
"174","375452","20220802231000","214","0","新竹縣","新豐鄉","121.000","24.905","228"
"328","375460","20220802231000","451","0","新竹縣","新豐鄉","121.010","24.910","440"
"348","375465","20220802231000","567","0","新竹縣","新豐鄉","121.025","24.915","522"
"338","375468","20220802231000","324","1","新竹縣","新豐鄉","121.035","24.930","459"
"1066","375480","20220802231000","1428","0","新竹縣","新豐鄉","120.985","24.900","1399"
"1500","375481","20220802231000","908","3","新竹縣","新豐鄉","120.990","24.900","1236"
"450","375484","20220802231000","2005","0","桃園市","中壢區","121.235","24.950","434"
"2018","375485","20220802231000","2442","0","新北市","土城區","121.445","24.970","2733"
"759","375486","20220802231000","760","0","新北市","土城區","121.445","24.975","1091"
"2433","375487","20220802231000","2915","0","新北市","新店區","121.530","24.970","2772"
"2071","375488","20220802231000","1994","1","新北市","新店區","121.525","24.975","2243"
"730","375489","20220802231000","840","0","新北市","新店區","121.530","24.975","1005"
"355","375490","20220802231000","167","3","新北市","新店區","121.525","24.980","265"
"1818","375492","20220802231000","2050","0","新北市","土城區","121.435","24.970","2307"
"2025","375493","20220802231000","3418","0","新北市","新店區","121.545","24.965","2547"
"4124","375495","20220802231000","5875","0","新北市","新店區","121.535","24.975","3911"
"406","375515","20220802231000","479","0","新北市","新店區","121.555","24.930","446"
"61","375517","20220802231000","45","2","新北市","新店區","121.565","24.930","62"
"754","375521","20220802231000","551","2","新北市","新店區","121.550","24.935","686"
"615","375529","20220802231000","1143","0","新北市","新店區","121.530","24.965","891"
"770","375530","20220802231000","2254","0","新北市","新店區","121.475","24.955","875"
"886","375534","20220802231000","1279","0","新北市","中和區","121.485","24.965","1096"
"1510","375536","20220802231000","1304","1","桃園市","中壢區","121.245","24.935","1639"
"1425","375537","20220802231000","1389","1","桃園市","中壢區","121.260","24.970","1500"
"602","375539","20220802231000","874","0","桃園市","中壢區","121.255","24.935","511"
"576","375540","20220802231000","577","0","桃園市","中壢區","121.260","24.935","451"
"1237","375541","20220802231000","2030","0","桃園市","中壢區","121.250","24.940","1191"
"514","375542","20220802231000","490","1","桃園市","中壢區","121.260","24.940","541"
"1654","375543","20220802231000","1689","0","桃園市","中壢區","121.240","24.950","1692"
"485","375544","20220802231000","485","1","桃園市","中壢區","121.245","24.950","527"
"1112","375548","20220802231000","826","2","桃園市","觀音區","121.150","24.965","1127"
"303","375551","20220802231000","338","0","桃園市","觀音區","121.140","24.975","342"
"147","375559","20220802231000","138","1","桃園市","觀音區","121.135","24.985","130"
"1105","375569","20220802231000","1032","1","桃園市","觀音區","121.165","24.990","1115"
"396","375572","20220802231000","447","0","桃園市","八德區","121.320","24.945","439"
"228","375574","20220802231000","342","0","桃園市","八德區","121.315","24.950","225"
"786","375577","20220802231000","1309","0","桃園市","八德區","121.315","24.955","865"
"1284","375578","20220802231000","1472","0","桃園市","八德區","121.295","24.970","1375"
"601","375581","20220802231000","397","3","桃園市","蘆竹區","121.270","24.990","495"
"69","375593","20220802231000","73","0","新北市","石碇區","121.675","24.970","94"
"25","375644","20220802231000","28","0","新北市","石碇區","121.635","24.950","23"
"33","375652","20220802231000","45","0","新北市","石碇區","121.635","24.955","47"
"36","375653","20220802231000","41","0","新北市","石碇區","121.640","24.955","52"
"87","375655","20220802231000","105","0","新北市","石碇區","121.650","24.955","104"
"77","375667","20220802231000","99","0","新北市","石碇區","121.630","24.965","92"
"14","375811","20220802231000","15","0","新北市","石碇區","121.645","24.930","17"
"11","375836","20220802231000","14","0","新北市","石碇區","121.660","24.950","19"
"30","375839","20220802231000","31","0","新北市","石碇區","121.670","24.980","47"
"39","375840","20220802231000","14","3","新北市","石碇區","121.675","24.980","44"
"65","375891","20220802231000","66","0","新北市","石碇區","121.660","24.975","77"
"104","375897","20220802231000","29","3","新北市","石碇區","121.665","24.980","171"
"46","375941","20220802231000","34","2","新北市","貢寮區","121.885","24.985","47"
"241","375959","20220802231000","154","3","新北市","土城區","121.445","24.960","195"
"611","375963","20220802231000","764","0","新北市","土城區","121.435","24.975","762"
"1016","375967","20220802231000","1254","0","新北市","土城區","121.440","24.970","1365"
"313","375969","20220802231000","406","0","新北市","土城區","121.455","24.970","400"
"226","375970","20220802231000","300","0","新北市","新店區","121.550","24.960","324"
"487","375971","20220802231000","692","0","新北市","新店區","121.550","24.965","660"
"38","375972","20220802231000","34","1","新北市","新店區","121.580","24.910","36"
"265","375990","20220802231000","241","1","新北市","新店區","121.570","24.930","227"
"39","375994","20220802231000","48","0","新北市","新店區","121.590","24.930","61"
"13","376009","20220802231000","10","2","新北市","新店區","121.590","24.940","15"
"83","376023","20220802231000","80","1","新北市","新店區","121.580","24.950","84"
"63","376024","20220802231000","39","3","新北市","新店區","121.585","24.950","61"
"23","376033","20220802231000","21","1","新北市","新店區","121.605","24.955","21"
"167","376045","20220802231000","288","0","新北市","新店區","121.500","24.935","247"
"121","376049","20220802231000","66","3","新北市","新店區","121.500","24.940","77"
"1816","376051","20220802231000","2335","0","新北市","新店區","121.490","24.945","2180"
"242","376052","20220802231000","403","0","新北市","新店區","121.490","24.950","367"
"487","376060","20220802231000","599","0","新北市","新店區","121.545","24.955","665"
"874","376063","20220802231000","1231","0","新北市","新店區","121.560","24.955","1173"
"1201","376064","20220802231000","1281","0","新北市","新店區","121.565","24.955","1456"
"56","376065","20220802231000","54","1","新北市","新店區","121.570","24.955","70"
"25","376068","20220802231000","93","0","新北市","新店區","121.560","24.960","27"
"11","376072","20220802231000","92","0","新北市","新店區","121.580","24.960","11"
"32","376099","20220802231000","276","0","新北市","新店區","121.555","24.905","32"
"435","376101","20220802231000","507","0","新北市","新店區","121.545","24.910","479"
"753","376106","20220802231000","625","2","桃園市","觀音區","121.155","24.975","810"
"339","376109","20220802231000","297","1","桃園市","觀音區","121.150","24.980","333"
"335","376115","20220802231000","323","1","桃園市","觀音區","121.135","24.990","310"
"2410","376118","20220802231000","4278","0","新北市","新店區","121.515","24.985","2928"
"413","376123","20220802231000","669","0","新北市","土城區","121.445","24.950","560"
"170","376130","20220802231000","127","2","新北市","土城區","121.440","24.965","254"
"210","376131","20220802231000","304","0","新北市","土城區","121.430","24.970","265"
"596","376132","20220802231000","778","0","新北市","土城區","121.435","24.965","847"
"246","376133","20220802231000","315","0","新北市","板橋區","121.430","24.975","311"
"1750","376134","20220802231000","3065","0","臺北市","文山區","121.545","24.985","1491"
"209","376135","20220802231000","440","0","新北市","新店區","121.510","24.950","308"
"1054","376136","20220802231000","1167","0","新北市","新店區","121.515","24.960","1281"
"277","376137","20220802231000","2007","0","新北市","新店區","121.515","24.965","196"
"1662","376141","20220802231000","2014","0","桃園市","八德區","121.320","24.965","1818"
"406","376145","20220802231000","450","0","新竹縣","湖口鄉","121.060","24.895","581"
"494","376148","20220802231000","1676","0","新北市","土城區","121.455","24.980","338"
"547","376149","20220802231000","1321","0","新北市","土城區","121.450","24.980","476"
"317","376150","20220802231000","1123","0","新北市","新店區","121.540","24.955","263"
"320","376151","20220802231000","899","0","桃園市","中壢區","121.255","24.940","294"
"1238","376153","20220802231000","1376","0","桃園市","中壢區","121.250","24.965","1302"
"2126","376154","20220802231000","2987","0","桃園市","中壢區","121.255","24.965","2141"
"1923","376155","20220802231000","3242","0","桃園市","中壢區","121.250","24.970","2054"
"75","376156","20220802231000","91","0","桃園市","八德區","121.320","24.955","77"
"268","376157","20220802231000","341","0","桃園市","八德區","121.325","24.955","205"
"881","376160","20220802231000","698","2","桃園市","八德區","121.325","24.965","915"
"3947","376161","20220802231000","3945","1","桃園市","桃園區","121.280","24.990","3987"
"124","376176","20220802231000","180","0","新北市","樹林區","121.405","24.990","152"
"21","376177","20220802231000","37","0","新北市","樹林區","121.410","24.990","21"
"951","376178","20220802231000","665","2","桃園市","平鎮區","121.205","24.895","964"
"253","376179","20220802231000","305","0","桃園市","平鎮區","121.195","24.895","259"
"1059","376180","20220802231000","1240","0","桃園市","平鎮區","121.200","24.895","989"
"695","376181","20220802231000","599","1","桃園市","平鎮區","121.195","24.900","776"
"480","376183","20220802231000","298","3","桃園市","平鎮區","121.205","24.900","526"
"300","376184","20220802231000","306","0","桃園市","平鎮區","121.195","24.905","277"
"305","376185","20220802231000","374","0","桃園市","平鎮區","121.200","24.905","326"
"198","376189","20220802231000","171","1","桃園市","平鎮區","121.215","24.900","190"
"497","376192","20220802231000","634","0","桃園市","平鎮區","121.215","24.905","632"
"1940","376194","20220802231000","1990","0","桃園市","桃園區","121.315","24.985","2066"
"1230","376195","20220802231000","1228","1","桃園市","中壢區","121.245","24.945","1293"
"744","376196","20220802231000","619","2","桃園市","中壢區","121.250","24.945","778"
"290","376199","20220802231000","193","3","新北市","石碇區","121.660","24.990","288"
"87","376200","20220802231000","52","3","新北市","石碇區","121.685","24.960","99"
"41","376205","20220802231000","58","0","新北市","石碇區","121.680","24.970","46"
"132","376222","20220802231000","258","0","新北市","石碇區","121.690","24.980","127"
"231","376245","20220802231000","604","0","新北市","鶯歌區","121.340","24.960","248"
"223","376246","20220802231000","242","0","新北市","鶯歌區","121.340","24.965","223"
"161","376248","20220802231000","138","1","新北市","鶯歌區","121.340","24.970","173"
"417","376251","20220802231000","494","0","新北市","鶯歌區","121.345","24.975","427"
"190","376258","20220802231000","130","2","新北市","鶯歌區","121.320","24.935","180"
"735","376259","20220802231000","752","0","新北市","鶯歌區","121.325","24.935","749"
"343","376260","20220802231000","433","0","新北市","鶯歌區","121.330","24.935","351"
"404","376263","20220802231000","333","2","新北市","鶯歌區","121.330","24.940","336"
"259","376265","20220802231000","242","1","新北市","鶯歌區","121.335","24.930","268"
"627","376268","20220802231000","539","1","新北市","鶯歌區","121.345","24.935","609"
"2382","376269","20220802231000","2326","1","新北市","鶯歌區","121.355","24.955","2519"
"832","376270","20220802231000","899","0","新北市","鶯歌區","121.360","24.955","857"
"462","376273","20220802231000","563","0","新北市","鶯歌區","121.355","24.940","642"
"316","376274","20220802231000","433","0","新北市","鶯歌區","121.350","24.945","352"
"497","376277","20220802231000","449","1","新北市","鶯歌區","121.350","24.950","472"
"1170","376280","20220802231000","1526","0","新北市","樹林區","121.395","24.970","1606"
"648","376281","20220802231000","564","1","桃園市","楊梅區","121.185","24.915","774"
"706","376282","20220802231000","721","0","桃園市","楊梅區","121.180","24.920","763"
"620","376283","20220802231000","517","1","桃園市","楊梅區","121.185","24.920","665"
"471","376284","20220802231000","396","1","桃園市","中壢區","121.215","24.960","451"
"1228","376285","20220802231000","2295","0","桃園市","中壢區","121.215","24.965","1294"
"183","376287","20220802231000","20","3","桃園市","中壢區","121.175","24.975","142"
"273","376293","20220802231000","266","1","桃園市","中壢區","121.190","24.980","202"
"46","376295","20220802231000","50","0","桃園市","中壢區","121.175","24.980","44"
"1191","376297","20220802231000","1053","1","桃園市","中壢區","121.185","24.980","1220"
"291","376300","20220802231000","307","0","桃園市","中壢區","121.175","24.985","310"
"167","376301","20220802231000","142","1","桃園市","中壢區","121.180","24.985","194"
"2219","376307","20220802231000","1550","2","桃園市","八德區","121.260","24.930","2277"
"1476","376308","20220802231000","1486","0","桃園市","平鎮區","121.220","24.945","1468"
"1383","376309","20220802231000","1556","0","桃園市","楊梅區","121.150","24.905","1483"
"416","376311","20220802231000","408","1","桃園市","平鎮區","121.220","24.920","434"
"558","376312","20220802231000","638","0","桃園市","平鎮區","121.220","24.925","580"
"1310","376313","20220802231000","906","2","桃園市","平鎮區","121.205","24.915","1286"
"817","376315","20220802231000","822","0","新北市","樹林區","121.390","24.960","815"
"45","376320","20220802231000","44","1","新北市","樹林區","121.395","24.965","32"
"10","376321","20220802231000","64","0","新北市","樹林區","121.400","24.965","10"
"104","376325","20220802231000","124","0","新北市","樹林區","121.405","24.970","148"
"4311","376326","20220802231000","4945","0","新北市","樹林區","121.380","24.945","4629"
"651","376327","20220802231000","630","1","新北市","樹林區","121.385","24.945","670"
"3404","376330","20220802231000","2405","2","新北市","樹林區","121.380","24.950","2861"
"609","376331","20220802231000","729","0","新北市","樹林區","121.385","24.950","605"
"1706","376333","20220802231000","1627","1","新北市","樹林區","121.395","24.950","1620"
"552","376335","20220802231000","677","0","新北市","板橋區","121.435","24.990","530"
"4604","376337","20220802231000","5239","0","新北市","土城區","121.450","24.985","5421"
"870","376338","20220802231000","567","3","桃園市","中壢區","121.245","24.985","672"
"904","376341","20220802231000","898","1","桃園市","中壢區","121.240","24.990","962"
"359","376344","20220802231000","567","0","桃園市","中壢區","121.255","24.990","438"
"1569","376345","20220802231000","1473","1","桃園市","中壢區","121.255","24.980","1665"
"624","376347","20220802231000","783","0","桃園市","中壢區","121.260","24.945","629"
"424","376348","20220802231000","550","0","桃園市","中壢區","121.255","24.950","392"
"1505","376349","20220802231000","1187","2","桃園市","中壢區","121.165","24.960","1570"
"432","376350","20220802231000","436","0","桃園市","中壢區","121.170","24.960","482"
"705","376351","20220802231000","761","0","桃園市","新屋區","121.155","24.960","768"
"62","376352","20220802231000","16","3","桃園市","中壢區","121.155","24.965","57"
"120","376353","20220802231000","526","0","桃園市","中壢區","121.160","24.965","97"
"455","376358","20220802231000","274","3","桃園市","中壢區","121.160","24.970","347"
"1815","376361","20220802231000","1506","2","桃園市","中壢區","121.175","24.970","1798"
"1041","376370","20220802231000","1284","0","新北市","樹林區","121.420","24.980","1383"
"1961","376373","20220802231000","1501","2","新北市","樹林區","121.420","24.975","1674"
"2188","376375","20220802231000","2305","0","新北市","板橋區","121.425","24.985","2902"
"2287","376380","20220802231000","3365","0","新北市","板橋區","121.430","24.985","2954"
"1114","376381","20220802231000","1052","1","桃園市","平鎮區","121.250","24.925","1131"
"19","376385","20220802231000","55","0","桃園市","龜山區","121.350","24.985","17"
"549","376391","20220802231000","729","0","桃園市","龜山區","121.360","24.990","516"
"51","376392","20220802231000","33","3","桃園市","龜山區","121.365","24.990","48"
"96","376393","20220802231000","80","2","桃園市","龜山區","121.370","24.990","82"
"120","376400","20220802231000","326","0","桃園市","楊梅區","121.105","24.910","158"
"327","376403","20220802231000","306","1","桃園市","楊梅區","121.120","24.910","312"
"247","376407","20220802231000","280","0","桃園市","楊梅區","121.100","24.915","319"
"1240","376412","20220802231000","983","2","桃園市","楊梅區","121.125","24.915","1552"
"248","376419","20220802231000","172","2","新竹縣","湖口鄉","121.105","24.895","200"
"28","376422","20220802231000","124","0","桃園市","楊梅區","121.085","24.900","18"
"946","376427","20220802231000","758","2","桃園市","楊梅區","121.060","24.905","1005"
"515","376431","20220802231000","323","3","桃園市","楊梅區","121.080","24.905","463"
"381","376440","20220802231000","288","2","桃園市","楊梅區","121.080","24.910","336"
"460","376443","20220802231000","461","0","桃園市","楊梅區","121.095","24.910","497"
"723","376447","20220802231000","719","1","桃園市","楊梅區","121.075","24.915","602"
"397","376456","20220802231000","546","0","桃園市","楊梅區","121.125","24.940","520"
"419","376457","20220802231000","196","3","桃園市","楊梅區","121.130","24.940","453"
"183","376471","20220802231000","254","0","新北市","深坑區","121.620","24.980","181"
"398","376485","20220802231000","910","0","新北市","樹林區","121.415","24.985","601"
"1848","376486","20220802231000","1795","1","新北市","樹林區","121.425","24.990","1964"
"878","376487","20220802231000","1192","0","桃園市","平鎮區","121.200","24.945","948"
"3976","376488","20220802231000","3596","1","桃園市","平鎮區","121.205","24.945","3994"
"1442","376490","20220802231000","2104","0","桃園市","平鎮區","121.210","24.950","1544"
"1228","376491","20220802231000","1410","0","桃園市","平鎮區","121.210","24.900","1236"
"2055","376492","20220802231000","1964","1","桃園市","平鎮區","121.210","24.905","2004"
"13","376500","20220802231000","14","0","新北市","土城區","121.445","24.940","18"
"456","376508","20220802231000","245","3","新北市","土城區","121.410","24.950","303"
"218","376509","20220802231000","271","0","新北市","土城區","121.415","24.950","274"
"2810","376510","20220802231000","2683","1","桃園市","中壢區","121.230","24.945","2835"
"2370","376511","20220802231000","2839","0","桃園市","中壢區","121.235","24.955","2315"
"10","376512","20220802231000","12","0","桃園市","中壢區","121.220","24.970","18"
"426","376514","20220802231000","540","0","桃園市","中壢區","121.220","24.975","451"
"841","376517","20220802231000","525","3","桃園市","中壢區","121.215","24.980","908"
"48","376518","20220802231000","170","0","桃園市","中壢區","121.220","24.980","37"
"3273","376521","20220802231000","3032","1","桃園市","中壢區","121.220","24.960","3120"
"259","376522","20220802231000","298","0","新竹縣","新豐鄉","121.000","24.895","353"
"249","376524","20220802231000","108","3","新竹縣","新豐鄉","121.010","24.895","194"
"813","376531","20220802231000","904","0","桃園市","平鎮區","121.255","24.925","948"
"483","376532","20220802231000","622","0","新北市","樹林區","121.415","24.975","712"
"283","376533","20220802231000","569","0","新北市","樹林區","121.400","24.970","350"
"1903","376539","20220802231000","2311","0","新北市","樹林區","121.420","24.985","2733"
"2960","376540","20220802231000","2805","1","新北市","土城區","121.460","24.980","3642"
"1322","376541","20220802231000","2021","0","新北市","土城區","121.460","24.985","1705"
"2099","376542","20220802231000","3226","0","新北市","板橋區","121.430","24.990","2671"
"27","376544","20220802231000","26","1","新北市","平溪區","121.725","24.975","25"
"4732","376577","20220802231000","4934","0","新北市","板橋區","121.460","24.990","5207"
"495","376578","20220802231000","1132","0","新北市","土城區","121.465","24.980","492"
"394","376584","20220802231000","616","0","新北市","土城區","121.425","24.960","451"
"338","376586","20220802231000","381","0","新北市","土城區","121.435","24.960","414"
"661","376587","20220802231000","1296","0","新北市","土城區","121.430","24.965","849"
"3339","376588","20220802231000","2390","2","桃園市","八德區","121.305","24.965","3334"
"1866","376589","20220802231000","875","3","桃園市","桃園區","121.295","24.975","1591"
"1021","376592","20220802231000","873","1","桃園市","中壢區","121.230","24.940","1060"
"1776","376594","20220802231000","1490","1","桃園市","平鎮區","121.245","24.915","1835"
"2272","376595","20220802231000","1756","2","桃園市","八德區","121.295","24.955","2145"
"433","376607","20220802231000","444","0","新竹縣","新豐鄉","120.985","24.920","503"
"1034","376614","20220802231000","1188","0","新竹縣","新豐鄉","120.990","24.930","1366"
"850","376622","20220802231000","978","0","桃園市","中壢區","121.230","24.970","889"
"882","376623","20220802231000","817","1","桃園市","中壢區","121.225","24.975","881"
"1228","376624","20220802231000","1484","0","桃園市","中壢區","121.230","24.975","1248"
"616","376627","20220802231000","636","0","桃園市","中壢區","121.230","24.980","576"
"176","376628","20220802231000","60","3","新竹縣","湖口鄉","121.035","24.900","146"
"217","376629","20220802231000","125","3","新竹縣","湖口鄉","121.040","24.900","153"
"901","376633","20220802231000","893","1","新竹縣","湖口鄉","121.040","24.895","1142"
"803","376636","20220802231000","630","2","新竹縣","湖口鄉","121.040","24.915","996"
"73","376641","20220802231000","245","0","新竹縣","湖口鄉","121.040","24.925","65"
"225","376651","20220802231000","197","1","新竹縣","湖口鄉","121.045","24.935","316"
"1301","376653","20220802231000","1410","0","桃園市","中壢區","121.235","24.965","1379"
"76","376655","20220802231000","25","3","桃園市","中壢區","121.240","24.970","71"
"267","376656","20220802231000","809","0","桃園市","中壢區","121.255","24.930","221"
"603","376658","20220802231000","639","0","新竹縣","湖口鄉","121.065","24.895","693"
"372","376665","20220802231000","350","1","新北市","鶯歌區","121.355","24.950","380"
"707","376666","20220802231000","881","0","新北市","鶯歌區","121.335","24.955","711"
"2119","376667","20220802231000","2097","1","新北市","鶯歌區","121.330","24.960","2222"
"118","376668","20220802231000","260","0","新北市","鶯歌區","121.335","24.960","96"
"11","376669","20220802231000","110","0","新北市","鶯歌區","121.335","24.950","11"
"395","376670","20220802231000","322","2","新北市","鶯歌區","121.340","24.950","453"
"1304","376674","20220802231000","1238","1","新北市","鶯歌區","121.330","24.965","1365"
"2557","376675","20220802231000","2202","1","新北市","樹林區","121.425","24.980","2359"
"135","376679","20220802231000","88","3","新北市","樹林區","121.405","24.955","120"
"608","376680","20220802231000","559","1","新北市","樹林區","121.405","24.960","550"
"346","376682","20220802231000","415","0","新北市","樹林區","121.410","24.970","425"
"232","376685","20220802231000","260","0","新北市","樹林區","121.400","24.975","280"
"345","376686","20220802231000","309","1","新北市","樹林區","121.405","24.975","432"
"1006","376687","20220802231000","1462","0","新北市","樹林區","121.410","24.975","1284"
"47","376690","20220802231000","86","0","新北市","樹林區","121.400","24.980","59"
"1356","376699","20220802231000","1732","0","新北市","樹林區","121.410","24.980","1628"
"671","376700","20220802231000","870","0","新北市","樹林區","121.415","24.990","834"
"1547","376701","20220802231000","1484","1","新北市","新店區","121.500","24.945","1782"
"62","376703","20220802231000","63","0","新北市","新店區","121.565","24.905","54"
"428","376717","20220802231000","421","1","新北市","新店區","121.550","24.920","459"
"2534","376725","20220802231000","2130","1","新北市","新店區","121.540","24.960","3556"
"20","376752","20220802231000","15","2","新北市","新店區","121.535","24.905","17"
"27","376759","20220802231000","25","1","新北市","新店區","121.535","24.910","33"
"29","376761","20220802231000","23","2","新北市","新店區","121.520","24.915","32"
"77","376764","20220802231000","57","2","新北市","新店區","121.535","24.915","72"
"42","376766","20220802231000","45","0","新北市","新店區","121.545","24.915","44"
"2232","376768","20220802231000","3817","0","新北市","土城區","121.445","24.985","2957"
"1115","376769","20220802231000","966","1","新北市","土城區","121.450","24.975","1096"
"523","376770","20220802231000","725","0","新北市","土城區","121.455","24.975","611"
"1348","376772","20220802231000","1784","0","新北市","土城區","121.415","24.960","1774"
"189","376774","20220802231000","1159","0","新北市","土城區","121.420","24.965","151"
"406","376775","20220802231000","624","0","新北市","土城區","121.425","24.965","481"
"178","376777","20220802231000","274","0","新北市","土城區","121.425","24.970","253"
"158","376787","20220802231000","117","2","新北市","土城區","121.470","24.960","111"
"94","376788","20220802231000","101","0","新北市","土城區","121.455","24.965","103"
"35","376791","20220802231000","33","1","新北市","土城區","121.470","24.965","37"
"784","376796","20220802231000","1152","0","新北市","土城區","121.460","24.970","935"
"4220","376798","20220802231000","5012","0","新北市","新店區","121.540","24.965","5436"
"22","376801","20220802231000","14","3","桃園市","大溪區","121.305","24.895","21"
"55","376808","20220802231000","195","0","桃園市","八德區","121.280","24.930","47"
"1557","376809","20220802231000","1604","0","桃園市","八德區","121.285","24.930","1620"
"528","376810","20220802231000","591","0","桃園市","八德區","121.280","24.935","496"
"724","376813","20220802231000","754","0","桃園市","八德區","121.270","24.930","757"
"54","376815","20220802231000","60","0","桃園市","八德區","121.270","24.935","55"
"1670","376823","20220802231000","1251","2","桃園市","八德區","121.280","24.925","1692"
"1713","376824","20220802231000","1466","1","桃園市","八德區","121.285","24.925","1755"
"1873","376825","20220802231000","2621","0","桃園市","中壢區","121.220","24.955","1985"
"2267","376826","20220802231000","2301","0","桃園市","中壢區","121.230","24.965","2278"
"1703","376828","20220802231000","1365","2","桃園市","八德區","121.275","24.980","1768"
"460","376829","20220802231000","644","0","桃園市","八德區","121.280","24.980","513"
"1285","376831","20220802231000","1842","0","新竹縣","湖口鄉","121.050","24.900","1470"
"2650","376832","20220802231000","3618","0","新竹縣","湖口鄉","121.045","24.900","3346"
"152","376834","20220802231000","94","3","新竹縣","湖口鄉","121.030","24.900","129"
"182","376835","20220802231000","100","3","新竹縣","湖口鄉","121.025","24.905","135"
"524","376845","20220802231000","948","0","桃園市","平鎮區","121.230","24.930","566"
"2499","376847","20220802231000","1670","2","桃園市","中壢區","121.230","24.935","2500"
"1070","376848","20220802231000","1009","1","桃園市","中壢區","121.225","24.940","1102"
"1985","376849","20220802231000","1826","1","桃園市","中壢區","121.245","24.975","1956"
"2144","376850","20220802231000","2270","0","桃園市","中壢區","121.245","24.980","2185"
"855","376851","20220802231000","797","1","桃園市","中壢區","121.250","24.985","906"
"131","376852","20220802231000","134","0","桃園市","中壢區","121.240","24.985","126"
"1347","376853","20220802231000","1197","1","桃園市","八德區","121.295","24.935","1327"
"270","376854","20220802231000","279","0","桃園市","八德區","121.295","24.940","267"
"1366","376855","20220802231000","1348","1","桃園市","八德區","121.295","24.930","1326"
"681","376856","20220802231000","920","0","桃園市","龜山區","121.335","24.985","617"
"2363","376857","20220802231000","2873","0","桃園市","龜山區","121.335","24.990","2360"
"420","376860","20220802231000","789","0","桃園市","龜山區","121.345","24.980","468"
"34","376865","20220802231000","143","0","桃園市","龜山區","121.360","24.985","23"
"2349","376866","20220802231000","2390","0","桃園市","平鎮區","121.220","24.940","2478"
"355","376871","20220802231000","305","1","桃園市","楊梅區","121.185","24.905","323"
"251","376875","20220802231000","224","1","桃園市","平鎮區","121.200","24.910","224"
"1433","376878","20220802231000","835","3","桃園市","平鎮區","121.200","24.915","1483"
"203","376881","20220802231000","253","0","桃園市","平鎮區","121.200","24.920","223"
"378","376882","20220802231000","891","0","桃園市","楊梅區","121.180","24.945","498"
"1103","376886","20220802231000","938","1","桃園市","平鎮區","121.185","24.955","1114"
"748","376887","20220802231000","740","1","桃園市","中壢區","121.175","24.960","787"
"755","376889","20220802231000","783","0","桃園市","平鎮區","121.185","24.960","802"
"458","376892","20220802231000","652","0","桃園市","中壢區","121.185","24.970","451"
"267","376894","20220802231000","252","1","桃園市","平鎮區","121.190","24.930","268"
"184","376895","20220802231000","15","3","桃園市","楊梅區","121.185","24.935","128"
"561","376899","20220802231000","268","3","桃園市","平鎮區","121.190","24.940","410"
"613","376900","20220802231000","529","1","桃園市","平鎮區","121.195","24.940","666"
"296","376915","20220802231000","286","1","桃園市","大溪區","121.310","24.930","330"
"975","376925","20220802231000","763","2","桃園市","大溪區","121.275","24.895","949"
"1512","376927","20220802231000","1382","1","桃園市","大溪區","121.280","24.895","1539"
"799","376929","20220802231000","752","1","桃園市","大溪區","121.285","24.905","837"
"631","376930","20220802231000","658","0","桃園市","大溪區","121.280","24.900","650"
"740","376931","20220802231000","523","2","桃園市","大溪區","121.280","24.905","665"
"1400","376932","20220802231000","1244","1","桃園市","龜山區","121.325","24.990","1416"
"523","376933","20220802231000","531","0","桃園市","桃園區","121.325","24.980","556"
"1605","376934","20220802231000","1579","1","桃園市","龜山區","121.330","24.980","1564"
"1745","376936","20220802231000","1347","2","桃園市","桃園區","121.320","24.985","1740"
"2416","376937","20220802231000","2327","1","桃園市","龜山區","121.325","24.985","2358"
"720","376938","20220802231000","1193","0","桃園市","龜山區","121.330","24.985","745"
"351","376940","20220802231000","321","1","桃園市","新屋區","121.055","24.975","373"
"180","376956","20220802231000","168","1","桃園市","新屋區","121.125","24.955","189"
"398","376971","20220802231000","376","1","桃園市","新屋區","121.135","24.970","390"
"83","376972","20220802231000","98","0","桃園市","觀音區","121.140","24.970","84"
"648","376974","20220802231000","815","0","桃園市","龜山區","121.330","24.990","704"
"2462","376975","20220802231000","3481","0","桃園市","桃園區","121.310","24.990","2267"
"2172","376976","20220802231000","1994","1","桃園市","楊梅區","121.170","24.910","2286"
"681","376978","20220802231000","637","1","桃園市","楊梅區","121.175","24.915","751"
"1017","376979","20220802231000","1329","0","桃園市","楊梅區","121.170","24.920","1120"
"510","376984","20220802231000","475","1","桃園市","楊梅區","121.110","24.925","576"
"700","376995","20220802231000","867","0","桃園市","楊梅區","121.125","24.930","761"
"115","376998","20220802231000","127","0","桃園市","楊梅區","121.115","24.940","146"
"290","377001","20220802231000","295","0","桃園市","楊梅區","121.175","24.900","304"
"889","377002","20220802231000","1079","0","桃園市","楊梅區","121.180","24.900","922"
"2947","377003","20220802231000","2890","1","桃園市","楊梅區","121.175","24.905","2965"
"139","377004","20220802231000","89","3","桃園市","楊梅區","121.180","24.905","127"
"106","377007","20220802231000","104","1","桃園市","楊梅區","121.095","24.930","136"
"739","377008","20220802231000","466","3","桃園市","楊梅區","121.100","24.930","886"
"1135","377010","20220802231000","784","2","桃園市","楊梅區","121.090","24.935","1361"
"420","377027","20220802231000","402","1","桃園市","新屋區","121.090","24.955","462"
"1005","377030","20220802231000","620","3","桃園市","楊梅區","121.160","24.900","814"
"1182","377031","20220802231000","1181","1","桃園市","楊梅區","121.155","24.900","1275"
"597","377033","20220802231000","743","0","桃園市","楊梅區","121.085","24.935","650"
"357","377034","20220802231000","417","0","桃園市","楊梅區","121.075","24.940","269"
"882","377039","20220802231000","695","2","桃園市","桃園區","121.285","24.990","937"
"885","377041","20220802231000","641","2","桃園市","桃園區","121.295","24.980","888"
"2549","377042","20220802231000","3445","0","桃園市","桃園區","121.300","24.990","2518"
"358","377043","20220802231000","319","1","桃園市","桃園區","121.300","24.980","369"
"3083","377045","20220802231000","2718","1","桃園市","桃園區","121.300","24.985","3113"
"807","377046","20220802231000","963","0","桃園市","楊梅區","121.175","24.910","912"
"2067","377047","20220802231000","1621","2","桃園市","八德區","121.300","24.965","2158"
"1321","377051","20220802231000","1061","2","桃園市","八德區","121.305","24.955","1377"
"490","377052","20220802231000","374","2","桃園市","八德區","121.310","24.955","470"
"69","377054","20220802231000","344","0","桃園市","八德區","121.300","24.945","69"
"412","377056","20220802231000","480","0","桃園市","八德區","121.275","24.940","493"
"913","377058","20220802231000","1181","0","桃園市","八德區","121.285","24.940","908"
"378","377059","20220802231000","212","3","桃園市","八德區","121.280","24.945","311"
"446","377061","20220802231000","441","1","桃園市","八德區","121.290","24.950","425"
"248","377068","20220802231000","132","3","桃園市","八德區","121.290","24.955","182"
"384","377069","20220802231000","272","2","桃園市","八德區","121.280","24.960","380"
"871","377070","20220802231000","660","2","桃園市","八德區","121.285","24.960","890"
"3806","377071","20220802231000","3766","1","桃園市","桃園區","121.290","24.985","3762"
"3995","377072","20220802231000","3178","2","桃園市","中壢區","121.220","24.965","4026"
"917","377073","20220802231000","1072","0","桃園市","中壢區","121.215","24.955","902"
"381","377077","20220802231000","383","0","桃園市","中壢區","121.205","24.980","418"
"707","377084","20220802231000","433","3","桃園市","中壢區","121.205","24.990","593"
"2140","377086","20220802231000","1631","2","桃園市","中壢區","121.255","24.970","1810"
"1758","377088","20220802231000","2014","0","桃園市","楊梅區","121.155","24.910","1880"
"869","377089","20220802231000","697","2","桃園市","楊梅區","121.160","24.910","878"
"1741","377092","20220802231000","1746","0","桃園市","平鎮區","121.205","24.910","1806"
"1749","377093","20220802231000","1996","0","桃園市","平鎮區","121.205","24.920","1725"
"171","377099","20220802231000","155","1","桃園市","新屋區","121.010","24.960","180"
"555","377106","20220802231000","607","0","桃園市","新屋區","121.120","24.970","573"
"304","377111","20220802231000","217","2","桃園市","新屋區","121.130","24.975","330"
"1133","377117","20220802231000","1103","1","桃園市","新屋區","121.110","24.980","1116"
"658","377122","20220802231000","549","1","桃園市","新屋區","121.110","24.985","642"
"465","377125","20220802231000","483","0","桃園市","新屋區","121.125","24.985","478"
"435","377128","20220802231000","476","0","桃園市","新屋區","121.125","24.990","440"
"618","377135","20220802231000","698","0","桃園市","新屋區","121.100","24.990","671"
"36","377136","20220802231000","29","2","桃園市","新屋區","121.105","24.990","30"
"124","377148","20220802231000","51","3","桃園市","新屋區","121.095","24.960","92"
"292","377155","20220802231000","313","0","桃園市","新屋區","121.070","24.970","296"
"138","377159","20220802231000","144","0","桃園市","新屋區","121.020","24.970","152"
"282","377173","20220802231000","253","1","桃園市","新屋區","121.015","24.985","296"
"233","377175","20220802231000","221","1","桃園市","新屋區","120.990","24.940","218"
"178","377179","20220802231000","104","3","桃園市","新屋區","121.000","24.945","166"
"277","377183","20220802231000","288","0","桃園市","新屋區","121.010","24.950","273"
"589","377187","20220802231000","566","1","桃園市","新屋區","121.080","24.975","606"
"353","377195","20220802231000","329","1","桃園市","新屋區","121.075","24.990","377"
"222","377204","20220802231000","290","0","桃園市","新屋區","121.140","24.960","221"
"547","377205","20220802231000","710","0","桃園市","新屋區","121.145","24.960","547"
"454","377209","20220802231000","371","2","桃園市","新屋區","121.160","24.960","391"
"76","377211","20220802231000","39","3","桃園市","觀音區","121.145","24.970","50"
"513","377249","20220802231000","598","0","桃園市","平鎮區","121.210","24.895","445"
"811","377259","20220802231000","748","1","桃園市","桃園區","121.285","24.980","823"
"1459","377261","20220802231000","1036","2","桃園市","楊梅區","121.145","24.915","1488"
"570","377263","20220802231000","437","2","桃園市","楊梅區","121.145","24.910","607"
"62","377264","20220802231000","339","0","桃園市","楊梅區","121.130","24.915","55"
"600","377268","20220802231000","546","1","桃園市","楊梅區","121.130","24.920","691"
"567","377270","20220802231000","678","0","桃園市","楊梅區","121.140","24.920","684"
"3480","377280","20220802231000","2891","2","桃園市","楊梅區","121.145","24.900","3502"
"633","377285","20220802231000","548","1","桃園市","楊梅區","121.170","24.900","721"
"876","377288","20220802231000","807","1","桃園市","楊梅區","121.185","24.925","912"
"658","377289","20220802231000","807","0","桃園市","平鎮區","121.190","24.925","669"
"632","377292","20220802231000","546","1","桃園市","平鎮區","121.195","24.925","655"
"292","377295","20220802231000","694","0","桃園市","平鎮區","121.210","24.935","266"
"2117","377296","20220802231000","1730","2","桃園市","桃園區","121.295","24.990","2081"
"2748","377297","20220802231000","2892","0","桃園市","桃園區","121.285","24.985","2860"
"919","377303","20220802231000","685","2","桃園市","新屋區","121.120","24.950","870"
"228","377308","20220802231000","315","0","桃園市","新屋區","121.100","24.960","281"
"649","377310","20220802231000","372","3","桃園市","新屋區","121.110","24.960","559"
"624","377311","20220802231000","631","0","桃園市","新屋區","121.095","24.965","621"
"738","377322","20220802231000","698","1","桃園市","新屋區","121.045","24.960","744"
"262","377333","20220802231000","181","2","桃園市","新屋區","121.045","24.970","240"
"1575","377335","20220802231000","1602","0","桃園市","桃園區","121.320","24.990","1613"
"1918","377337","20220802231000","1885","1","桃園市","平鎮區","121.250","24.920","1921"
"950","377339","20220802231000","901","1","桃園市","平鎮區","121.240","24.925","880"
"1367","377340","20220802231000","1408","0","桃園市","桃園區","121.305","24.985","1324"
"1221","377342","20220802231000","1111","1","桃園市","桃園區","121.325","24.975","1240"
"2667","377344","20220802231000","2255","1","桃園市","桃園區","121.320","24.975","2678"
"918","377345","20220802231000","523","3","新北市","鶯歌區","121.330","24.975","871"
"592","377346","20220802231000","798","0","桃園市","桃園區","121.320","24.980","526"
"1640","377347","20220802231000","1196","2","桃園市","中壢區","121.230","24.960","1594"
"1089","377348","20220802231000","1822","0","桃園市","中壢區","121.235","24.960","1165"
"540","377349","20220802231000","1012","0","桃園市","中壢區","121.230","24.950","576"
"1636","377350","20220802231000","1426","1","桃園市","中壢區","121.225","24.950","1615"
"488","377361","20220802231000","520","0","桃園市","新屋區","121.030","24.950","482"
"458","377372","20220802231000","551","0","桃園市","新屋區","121.090","24.980","441"
"1090","377380","20220802231000","1230","0","桃園市","新屋區","121.110","24.970","1193"
"146","377381","20220802231000","87","3","桃園市","新屋區","121.110","24.975","112"
"2392","377384","20220802231000","2534","0","桃園市","新屋區","121.105","24.975","2380"
"110","377428","20220802231000","101","1","桃園市","新屋區","121.040","24.980","117"
"925","377433","20220802231000","974","0","桃園市","新屋區","121.035","24.985","933"
"407","377434","20220802231000","390","1","桃園市","新屋區","121.040","24.985","443"
"1294","377446","20220802231000","1161","1","桃園市","桃園區","121.315","24.990","1251"
"2331","377447","20220802231000","1550","3","桃園市","桃園區","121.270","24.980","2385"
"3361","377449","20220802231000","2583","2","桃園市","桃園區","121.275","24.990","3586"
"1145","377450","20220802231000","1398","0","桃園市","桃園區","121.265","24.975","1240"
"2133","377452","20220802231000","2146","0","桃園市","桃園區","121.265","24.980","2164"
"42","377454","20220802231000","38","1","桃園市","桃園區","121.265","24.985","46"
"2164","377455","20220802231000","2532","0","桃園市","桃園區","121.290","24.990","2281"
"449","377456","20220802231000","484","0","桃園市","平鎮區","121.245","24.905","451"
"31","377457","20220802231000","110","0","桃園市","平鎮區","121.250","24.905","38"
"282","377459","20220802231000","293","0","桃園市","平鎮區","121.250","24.915","368"
"818","377460","20220802231000","691","1","桃園市","平鎮區","121.215","24.935","832"
"1797","377461","20220802231000","1809","0","桃園市","平鎮區","121.215","24.940","1837"
"2034","377462","20220802231000","1690","2","桃園市","平鎮區","121.215","24.945","2130"
"2672","377463","20220802231000","2445","1","桃園市","桃園區","121.310","24.980","2770"
"1242","377464","20220802231000","1507","0","桃園市","桃園區","121.310","24.985","1239"
"2120","377468","20220802231000","1828","1","桃園市","桃園區","121.305","24.980","2265"
"155","377469","20220802231000","121","2","桃園市","楊梅區","121.175","24.950","147"
"1750","377470","20220802231000","1662","1","桃園市","楊梅區","121.170","24.955","1828"
"336","377473","20220802231000","256","2","桃園市","楊梅區","121.115","24.900","378"
"229","377476","20220802231000","350","0","桃園市","楊梅區","121.125","24.910","214"
"592","377481","20220802231000","479","2","桃園市","楊梅區","121.150","24.940","630"
"186","377483","20220802231000","278","0","桃園市","楊梅區","121.150","24.920","286"
"1082","377484","20220802231000","1253","0","桃園市","楊梅區","121.155","24.920","1158"
"758","377488","20220802231000","658","1","桃園市","楊梅區","121.150","24.925","922"
"75","377489","20220802231000","108","0","桃園市","楊梅區","121.155","24.925","71"
"52","377490","20220802231000","22","3","桃園市","楊梅區","121.160","24.925","39"
"660","377491","20220802231000","597","1","桃園市","楊梅區","121.165","24.925","734"
"332","377493","20220802231000","430","0","桃園市","楊梅區","121.145","24.930","402"
"483","377497","20220802231000","427","1","桃園市","楊梅區","121.160","24.930","573"
"196","377498","20220802231000","313","0","桃園市","楊梅區","121.165","24.930","177"
"550","377499","20220802231000","365","3","桃園市","楊梅區","121.170","24.930","650"
"289","377501","20220802231000","407","0","桃園市","楊梅區","121.140","24.930","406"
"1942","377508","20220802231000","1799","1","桃園市","平鎮區","121.210","24.940","2001"
"2108","377509","20220802231000","1890","1","桃園市","平鎮區","121.210","24.945","2236"
"721","377513","20220802231000","592","2","桃園市","平鎮區","121.210","24.930","747"
"1207","377519","20220802231000","979","2","桃園市","平鎮區","121.230","24.900","1282"
"298","377522","20220802231000","322","0","桃園市","平鎮區","121.245","24.900","302"
"979","377529","20220802231000","1250","0","桃園市","平鎮區","121.225","24.910","995"
"774","377530","20220802231000","454","3","桃園市","平鎮區","121.230","24.910","666"
"1813","377532","20220802231000","1514","1","桃園市","桃園區","121.305","24.990","1827"
"1041","377533","20220802231000","1194","0","新北市","鶯歌區","121.330","24.970","1144"
"422","377534","20220802231000","561","0","新北市","鶯歌區","121.335","24.965","422"
"973","377535","20220802231000","626","3","桃園市","桃園區","121.320","24.970","972"
"2228","377538","20220802231000","2323","0","桃園市","桃園區","121.315","24.980","2383"
"1289","377539","20220802231000","657","3","桃園市","楊梅區","121.175","24.925","1010"
"286","377542","20220802231000","208","2","桃園市","楊梅區","121.180","24.925","334"
"262","377546","20220802231000","191","2","桃園市","楊梅區","121.180","24.930","294"
"727","377547","20220802231000","758","0","桃園市","楊梅區","121.160","24.935","912"
"82","377551","20220802231000","83","0","桃園市","楊梅區","121.180","24.935","91"
"66","377559","20220802231000","72","0","桃園市","楊梅區","121.150","24.945","64"
"40","377561","20220802231000","18","3","桃園市","楊梅區","121.160","24.945","31"
"973","377564","20220802231000","375","3","桃園市","楊梅區","121.175","24.945","721"
"604","377565","20220802231000","567","1","桃園市","新屋區","121.150","24.950","626"
"377","377566","20220802231000","309","2","桃園市","楊梅區","121.155","24.950","398"
"39","377568","20220802231000","21","3","桃園市","楊梅區","121.170","24.950","39"
"715","377570","20220802231000","882","0","桃園市","蘆竹區","121.265","24.990","736"
"133","377571","20220802231000","412","0","桃園市","龜山區","121.340","24.980","115"
"18","377572","20220802231000","48","0","桃園市","龜山區","121.340","24.985","18"
"1818","377573","20220802231000","2803","0","桃園市","龜山區","121.345","24.985","1934"
"824","377574","20220802231000","983","0","桃園市","龜山區","121.340","24.990","829"
"442","377575","20220802231000","497","0","桃園市","龜山區","121.345","24.990","494"
"14","377742","20220802231000","17","0","新北市","雙溪區","121.820","24.965","17"
"17","377753","20220802231000","10","3","新北市","雙溪區","121.810","24.970","16"
"17","377756","20220802231000","13","2","新北市","雙溪區","121.825","24.970","17"
"16","377787","20220802231000","20","0","新北市","雙溪區","121.845","24.980","17"
"1477","377821","20220802231000","1315","1","桃園市","楊梅區","121.145","24.905","1561"
"1642","377823","20220802231000","1654","0","桃園市","楊梅區","121.165","24.910","1713"
"55","377824","20220802231000","83","0","桃園市","楊梅區","121.165","24.915","32"
"519","377826","20220802231000","255","3","桃園市","大溪區","121.280","24.910","429"
"1246","377827","20220802231000","1035","2","桃園市","大溪區","121.285","24.910","1160"
"1336","377831","20220802231000","1171","1","桃園市","大溪區","121.280","24.915","1341"
"325","377833","20220802231000","350","0","桃園市","大溪區","121.290","24.915","331"
"825","377835","20220802231000","801","1","桃園市","大溪區","121.280","24.920","836"
"755","377837","20220802231000","1023","0","桃園市","大溪區","121.290","24.920","791"
"737","377839","20220802231000","677","1","桃園市","大溪區","121.275","24.900","765"
"861","377841","20220802231000","598","2","桃園市","大溪區","121.275","24.905","919"
"2948","377843","20220802231000","3000","0","桃園市","楊梅區","121.180","24.910","3035"
"1296","377844","20220802231000","961","2","桃園市","楊梅區","121.180","24.915","1421"
"284","377845","20220802231000","315","0","桃園市","平鎮區","121.225","24.925","317"
"555","377847","20220802231000","754","0","桃園市","平鎮區","121.220","24.935","583"
"3275","377848","20220802231000","2768","1","桃園市","平鎮區","121.225","24.930","3288"
"813","377849","20220802231000","763","1","桃園市","平鎮區","121.220","24.930","835"
"530","377851","20220802231000","433","2","桃園市","平鎮區","121.230","24.925","572"
"532","377852","20220802231000","618","0","桃園市","中壢區","121.245","24.925","611"
"1748","377853","20220802231000","1309","2","桃園市","楊梅區","121.150","24.910","1747"
"1046","377854","20220802231000","839","2","桃園市","楊梅區","121.150","24.915","1136"
"96","377858","20220802231000","120","0","桃園市","楊梅區","121.130","24.905","144"
"698","377859","20220802231000","758","0","桃園市","楊梅區","121.135","24.905","748"
"84","377862","20220802231000","148","0","桃園市","楊梅區","121.135","24.910","98"
"291","377866","20220802231000","126","3","桃園市","楊梅區","121.070","24.930","364"
"419","377868","20220802231000","443","0","桃園市","楊梅區","121.065","24.935","436"
"326","377877","20220802231000","252","2","桃園市","楊梅區","121.100","24.920","455"
"197","377879","20220802231000","429","0","桃園市","楊梅區","121.070","24.925","149"
"457","377895","20220802231000","1167","0","桃園市","楊梅區","121.085","24.930","546"
"197","377896","20220802231000","266","0","桃園市","楊梅區","121.160","24.950","212"
"3341","377898","20220802231000","2586","2","桃園市","楊梅區","121.160","24.955","3331"
"290","377901","20220802231000","172","3","桃園市","楊梅區","121.120","24.895","264"
"222","377906","20220802231000","68","3","桃園市","楊梅區","121.125","24.900","148"
"291","377909","20220802231000","220","2","桃園市","平鎮區","121.210","24.910","316"
"2993","377914","20220802231000","1938","3","桃園市","平鎮區","121.210","24.920","2670"
"255","377919","20220802231000","328","0","桃園市","平鎮區","121.195","24.930","268"
"898","377920","20220802231000","1046","0","桃園市","平鎮區","121.200","24.940","883"
"197","377924","20220802231000","633","0","桃園市","八德區","121.290","24.945","196"
"1866","377925","20220802231000","1500","2","桃園市","八德區","121.290","24.930","1871"
"1585","377933","20220802231000","1202","2","桃園市","八德區","121.275","24.960","1480"
"1528","377940","20220802231000","2071","0","臺北市","文山區","121.555","24.985","1711"
"984","377941","20220802231000","814","2","臺北市","文山區","121.560","24.985","821"
"939","377942","20220802231000","1736","0","臺北市","文山區","121.565","24.980","1498"
"44","377946","20220802231000","46","0","新北市","新店區","121.575","24.965","50"
"102","377947","20220802231000","129","0","臺北市","文山區","121.580","24.965","111"
"416","377948","20220802231000","350","1","臺北市","文山區","121.560","24.970","361"
"258","377953","20220802231000","250","1","臺北市","文山區","121.560","24.975","274"
"97","377955","20220802231000","178","0","臺北市","文山區","121.570","24.975","76"
"158","377957","20220802231000","1335","0","臺北市","文山區","121.570","24.980","98"
"2362","377958","20220802231000","2783","0","臺北市","文山區","121.565","24.985","2214"
"148","377962","20220802231000","181","0","臺北市","文山區","121.610","24.965","228"
"147","377964","20220802231000","33","3","臺北市","文山區","121.590","24.965","126"
"178","377978","20220802231000","141","2","臺北市","文山區","121.580","24.975","82"
"407","377979","20220802231000","564","0","臺北市","文山區","121.585","24.975","394"
"137","377980","20220802231000","113","2","臺北市","文山區","121.590","24.975","92"
"1239","377982","20220802231000","1877","0","臺北市","文山區","121.575","24.980","1245"
"476","377989","20220802231000","799","0","臺北市","文山區","121.585","24.985","941"
"503","377990","20220802231000","1212","0","臺北市","文山區","121.590","24.985","1213"
"847","377994","20220802231000","28","3","臺北市","文山區","121.590","24.990","24"
"87","377995","20220802231000","36","3","臺北市","文山區","121.595","24.990","53"
"2844","377997","20220802231000","3132","0","臺北市","文山區","121.560","24.990","3253"
"496","377998","20220802231000","1852","0","臺北市","文山區","121.575","24.985","450"
"916","377999","20220802231000","1202","0","臺北市","文山區","121.580","24.985","828"
"2365","378000","20220802231000","2407","0","臺北市","文山區","121.575","24.990","2312"
"987","378001","20220802231000","981","1","臺北市","文山區","121.580","24.990","987"
"1385","378002","20220802231000","1763","0","臺北市","文山區","121.550","24.985","1213"
"1613","378003","20220802231000","2602","0","臺北市","文山區","121.565","24.990","1363"
"1906","378004","20220802231000","2896","0","臺北市","文山區","121.570","24.990","2551"
"1918","378005","20220802231000","2163","0","臺北市","文山區","121.555","24.980","1704"
"2668","378006","20220802231000","2648","1","臺北市","文山區","121.560","24.980","2892"
"318","378007","20220802231000","494","0","臺北市","文山區","121.555","24.975","401"
"3034","378008","20220802231000","3085","0","臺北市","文山區","121.570","24.985","2828"
"2637","378009","20220802231000","2924","0","臺北市","文山區","121.545","24.990","2164"
"3107","378010","20220802231000","3677","0","臺北市","文山區","121.540","24.990","3201"
"241","378011","20220802231000","692","0","臺北市","文山區","121.550","24.990","395"
"682","378012","20220802231000","697","0","臺北市","文山區","121.555","24.990","598"
"17","378561","20220802231000","15","1","新北市","貢寮區","121.990","24.995","25"
"52","379975","20220802231000","30","3","新北市","貢寮區","122.005","25.015","52"
"2712","382513","20220802231000","2497","1","新北市","新莊區","121.450","25.035","1942"
"678","382514","20220802231000","955","0","新北市","新莊區","121.415","25.020","878"
"2699","382515","20220802231000","2578","1","新北市","板橋區","121.430","24.995","2922"
"630","382517","20220802231000","679","0","新北市","新莊區","121.435","25.005","836"
"398","382519","20220802231000","622","0","新北市","板橋區","121.440","25.010","536"
"1605","382521","20220802231000","2346","0","新北市","新莊區","121.430","25.020","1768"
"2080","382522","20220802231000","2246","0","新北市","新莊區","121.430","25.015","2374"
"18","382523","20220802231000","372","0","新北市","新莊區","121.420","25.020","29"
"2309","382525","20220802231000","2793","0","新北市","新莊區","121.410","25.025","2628"
"128","382526","20220802231000","132","0","新北市","新莊區","121.400","25.030","146"
"2549","382528","20220802231000","4199","0","新北市","板橋區","121.470","25.015","3479"
"3120","382530","20220802231000","3572","0","新北市","板橋區","121.465","25.025","3243"
"4963","382531","20220802231000","6224","0","新北市","板橋區","121.460","25.025","6043"
"2704","382532","20220802231000","3006","0","新北市","中和區","121.480","24.995","2851"
"1725","382534","20220802231000","3014","0","新北市","板橋區","121.445","25.000","1932"
"2616","382536","20220802231000","4129","0","新北市","中和區","121.520","24.995","3242"
"2448","382537","20220802231000","3473","0","新北市","板橋區","121.455","25.025","2426"
"1070","382538","20220802231000","1415","0","臺北市","文山區","121.530","24.995","1652"
"1150","382539","20220802231000","1353","0","新北市","汐止區","121.620","25.045","1038"
"620","382546","20220802231000","786","0","新北市","樹林區","121.410","25.010","641"
"2617","382547","20220802231000","3400","0","新北市","新莊區","121.425","25.015","2786"
"1954","382548","20220802231000","2568","0","新北市","中和區","121.495","24.995","2328"
"598","382549","20220802231000","726","0","臺北市","萬華區","121.490","25.015","674"
"99","382550","20220802231000","75","2","新北市","三重區","121.480","25.050","129"
"2080","382552","20220802231000","2570","0","新北市","中和區","121.480","25.000","2645"
"1461","382553","20220802231000","2220","0","新北市","中和區","121.475","25.005","1500"
"5399","382554","20220802231000","5562","0","新北市","中和區","121.470","25.005","6921"
"3672","382555","20220802231000","6895","0","新北市","中和區","121.500","24.995","4710"
"3359","382556","20220802231000","2912","1","新北市","中和區","121.495","25.005","3327"
"2099","382557","20220802231000","3662","0","新北市","中和區","121.500","25.005","2441"
"976","382558","20220802231000","2473","0","新北市","三重區","121.490","25.055","1802"
"711","382559","20220802231000","568","2","新北市","三重區","121.475","25.045","830"
"1495","382560","20220802231000","1978","0","新北市","板橋區","121.445","25.005","1788"
"457","382561","20220802231000","676","0","新北市","板橋區","121.445","25.010","582"
"378","382562","20220802231000","663","0","新北市","板橋區","121.450","25.005","472"
"1144","382563","20220802231000","1125","1","新北市","板橋區","121.450","25.020","1061"
"2709","382564","20220802231000","3195","0","新北市","中和區","121.505","25.005","2956"
"2446","382565","20220802231000","2795","0","新北市","三重區","121.485","25.055","2680"
"2807","382567","20220802231000","2828","0","新北市","三重區","121.495","25.055","3174"
"1659","382568","20220802231000","1688","0","新北市","三重區","121.500","25.045","1625"
"958","382571","20220802231000","1059","0","新北市","中和區","121.490","25.005","1252"
"1113","382572","20220802231000","974","1","新北市","中和區","121.490","25.000","1373"
"1034","382574","20220802231000","878","1","新北市","中和區","121.485","25.010","1277"
"2832","382575","20220802231000","3112","0","新北市","中和區","121.485","24.995","3675"
"2143","382576","20220802231000","3201","0","新北市","中和區","121.490","24.995","2493"
"3896","382577","20220802231000","5207","0","新北市","中和區","121.505","24.995","4658"
"148","382579","20220802231000","204","0","新北市","板橋區","121.460","25.030","94"
"3375","382580","20220802231000","4018","0","新北市","板橋區","121.455","25.015","3679"
"506","382582","20220802231000","888","0","新北市","板橋區","121.450","25.025","407"
"461","382583","20220802231000","491","0","新北市","泰山區","121.420","25.045","447"
"838","382584","20220802231000","1624","0","新北市","泰山區","121.425","25.045","865"
"169","382589","20220802231000","119","2","新北市","三重區","121.485","25.045","372"
"1003","382592","20220802231000","910","1","新北市","三重區","121.485","25.050","1498"
"2436","382593","20220802231000","2602","0","新北市","三重區","121.490","25.050","3233"
"585","382594","20220802231000","609","0","桃園市","龜山區","121.410","25.020","728"
"2489","382595","20220802231000","2295","1","新北市","新莊區","121.460","25.050","2208"
"1613","382596","20220802231000","1548","1","新北市","新莊區","121.465","25.050","1483"
"401","382597","20220802231000","850","0","新北市","新莊區","121.460","25.055","483"
"1350","382598","20220802231000","1473","0","新北市","新莊區","121.465","25.055","1086"
"1373","382600","20220802231000","1328","1","新北市","三重區","121.470","25.045","1043"
"808","382601","20220802231000","707","1","新北市","三重區","121.470","25.050","811"
"34","382602","20220802231000","23","2","新北市","三重區","121.470","25.055","25"
"2414","382603","20220802231000","2278","1","新北市","中和區","121.480","25.010","2812"
"3645","382604","20220802231000","3548","1","新北市","板橋區","121.475","25.010","3914"
"2607","382605","20220802231000","2772","0","新北市","中和區","121.465","24.995","2509"
"3143","382606","20220802231000","2923","1","新北市","新莊區","121.450","25.040","2770"
"3926","382607","20220802231000","3572","1","新北市","新莊區","121.445","25.040","4355"
"3218","382608","20220802231000","4527","0","新北市","新莊區","121.425","25.020","3967"
"430","382609","20220802231000","2275","0","新北市","新莊區","121.455","25.045","419"
"2275","382610","20220802231000","2661","0","新北市","板橋區","121.465","25.005","2718"
"2866","382611","20220802231000","2909","0","新北市","板橋區","121.460","25.005","3513"
"99","382614","20220802231000","269","0","新北市","深坑區","121.630","25.010","100"
"204","382615","20220802231000","259","0","新北市","深坑區","121.620","25.010","227"
"164","382618","20220802231000","369","0","新北市","深坑區","121.630","25.015","128"
"308","382623","20220802231000","539","0","新北市","深坑區","121.605","25.000","294"
"1772","382624","20220802231000","2083","0","新北市","新莊區","121.435","25.015","2022"
"99","382625","20220802231000","580","0","新北市","板橋區","121.450","25.000","67"
"494","382626","20220802231000","584","0","新北市","中和區","121.470","24.995","677"
"140","382627","20220802231000","124","1","新北市","中和區","121.480","24.990","141"
"644","382628","20220802231000","2031","0","新北市","中和區","121.475","25.000","539"
"456","382629","20220802231000","764","0","新北市","中和區","121.505","25.000","287"
"2621","382630","20220802231000","3553","0","新北市","永和區","121.525","25.005","3615"
"1205","382634","20220802231000","1243","0","新北市","樹林區","121.420","24.995","1593"
"877","382637","20220802231000","651","2","新北市","樹林區","121.420","25.000","854"
"471","382638","20220802231000","520","0","新北市","新莊區","121.440","25.030","471"
"2263","382639","20220802231000","2382","0","新北市","新莊區","121.420","25.025","2835"
"3094","382640","20220802231000","3225","0","新北市","新莊區","121.455","25.050","3414"
"3518","382641","20220802231000","3624","0","新北市","中和區","121.470","25.000","4308"
"6219","382642","20220802231000","4818","2","新北市","板橋區","121.455","25.005","7276"
"930","382643","20220802231000","280","3","新北市","板橋區","121.445","25.020","1010"
"768","382644","20220802231000","978","0","新北市","板橋區","121.440","25.000","1083"
"4735","382645","20220802231000","8405","0","新北市","永和區","121.520","25.010","5598"
"1366","382646","20220802231000","1196","1","新北市","樹林區","121.415","25.000","1175"
"1060","382647","20220802231000","899","1","新北市","樹林區","121.415","25.005","1093"
"2519","382648","20220802231000","3152","0","新北市","土城區","121.455","24.995","2567"
"19","382660","20220802231000","22","0","新北市","平溪區","121.710","25.020","24"
"2214","382667","20220802231000","1796","2","新北市","新莊區","121.460","25.040","1342"
"3995","382668","20220802231000","4259","0","新北市","新莊區","121.460","25.045","4035"
"966","382671","20220802231000","1152","0","新北市","板橋區","121.445","25.015","1098"
"5455","382673","20220802231000","4540","2","新北市","板橋區","121.450","24.995","5400"
"1581","382674","20220802231000","1783","0","新北市","板橋區","121.455","25.000","1864"
"5038","382675","20220802231000","4046","2","新北市","永和區","121.520","25.015","5688"
"2551","382676","20220802231000","4656","0","新北市","永和區","121.515","25.015","2914"
"2036","382677","20220802231000","3275","0","新北市","新莊區","121.445","25.030","2642"
"3964","382678","20220802231000","2861","2","新北市","新莊區","121.455","25.035","3055"
"31","382679","20220802231000","823","0","新北市","板橋區","121.460","25.035","32"
"595","382680","20220802231000","602","0","新北市","新莊區","121.465","25.040","741"
"906","382683","20220802231000","647","2","桃園市","中壢區","121.215","25.000","994"
"538","382686","20220802231000","291","3","桃園市","觀音區","121.125","25.030","464"
"2920","382699","20220802231000","4014","0","新北市","板橋區","121.485","25.020","3625"
"4280","382700","20220802231000","4924","0","新北市","板橋區","121.460","25.010","5650"
"3418","382701","20220802231000","2468","2","新北市","板橋區","121.460","24.995","3763"
"1215","382702","20220802231000","1303","0","新北市","樹林區","121.420","25.015","1598"
"635","382703","20220802231000","544","1","新北市","新莊區","121.435","25.010","747"
"585","382706","20220802231000","982","0","新北市","新莊區","121.440","25.020","1038"
"225","382710","20220802231000","299","0","新北市","新莊區","121.445","25.025","314"
"3719","382711","20220802231000","3807","0","新北市","永和區","121.505","25.010","4717"
"2845","382712","20220802231000","3639","0","新北市","板橋區","121.475","25.020","3435"
"2484","382713","20220802231000","2433","1","新北市","新莊區","121.430","25.025","3023"
"100","382714","20220802231000","25","3","新北市","新莊區","121.435","25.025","56"
"1280","382715","20220802231000","1908","0","新北市","新莊區","121.425","25.025","1596"
"1439","382716","20220802231000","1491","0","臺北市","萬華區","121.500","25.015","1462"
"1801","382717","20220802231000","1934","0","新北市","新莊區","121.450","25.030","2650"
"274","382724","20220802231000","334","0","桃園市","中壢區","121.180","25.005","295"
"885","382730","20220802231000","599","2","桃園市","中壢區","121.190","25.010","942"
"718","382732","20220802231000","399","3","桃園市","中壢區","121.185","25.015","752"
"616","382735","20220802231000","618","0","桃園市","大園區","121.180","25.025","663"
"1090","382741","20220802231000","1095","0","桃園市","觀音區","121.160","24.995","1131"
"401","382743","20220802231000","463","0","桃園市","觀音區","121.155","25.000","456"
"844","382759","20220802231000","872","0","桃園市","觀音區","121.160","25.020","956"
"332","382780","20220802231000","367","0","桃園市","觀音區","121.105","25.040","375"
"195","382785","20220802231000","197","0","桃園市","觀音區","121.130","25.020","208"
"201","382813","20220802231000","269","0","桃園市","觀音區","121.110","25.050","219"
"2024","382814","20220802231000","1319","3","桃園市","觀音區","121.115","25.050","1773"
"1281","382815","20220802231000","899","2","桃園市","觀音區","121.120","25.050","1394"
"379","382816","20220802231000","252","3","桃園市","觀音區","121.125","25.050","404"
"211","382820","20220802231000","132","3","桃園市","觀音區","121.120","25.055","207"
"815","382821","20220802231000","953","0","桃園市","觀音區","121.125","25.055","828"
"744","382830","20220802231000","709","1","桃園市","觀音區","121.080","25.035","733"
"436","382842","20220802231000","285","3","桃園市","觀音區","121.095","25.050","412"
"525","382853","20220802231000","659","0","桃園市","觀音區","121.145","25.040","473"
"2056","382855","20220802231000","2758","0","桃園市","觀音區","121.140","25.045","2124"
"678","382857","20220802231000","679","0","桃園市","觀音區","121.130","25.050","684"
"192","382858","20220802231000","210","0","桃園市","觀音區","121.135","25.050","178"
"407","382868","20220802231000","270","3","桃園市","觀音區","121.115","25.000","471"
"1405","382888","20220802231000","1107","2","桃園市","蘆竹區","121.270","25.010","1521"
"168","382890","20220802231000","93","3","桃園市","蘆竹區","121.265","25.015","152"
"1208","382891","20220802231000","1130","1","桃園市","蘆竹區","121.240","25.025","1169"
"1336","382893","20220802231000","899","2","桃園市","蘆竹區","121.250","25.025","1454"
"388","382894","20220802231000","592","0","桃園市","大園區","121.235","25.025","422"
"2113","382896","20220802231000","996","3","桃園市","蘆竹區","121.245","25.025","1634"
"416","382898","20220802231000","328","2","桃園市","蘆竹區","121.240","25.030","475"
"161","382911","20220802231000","153","1","新北市","石碇區","121.670","25.010","166"
"71","382935","20220802231000","83","0","新北市","石碇區","121.670","25.030","74"
"101","382953","20220802231000","94","1","新北市","石碇區","121.690","25.005","125"
"56","382971","20220802231000","46","2","新北市","石碇區","121.700","25.015","56"
"91","382976","20220802231000","84","1","新北市","石碇區","121.660","24.995","124"
"45","382980","20220802231000","52","0","新北市","石碇區","121.650","25.000","67"
"23","382991","20220802231000","32","0","新北市","貢寮區","121.885","24.995","31"
"24","382996","20220802231000","10","3","新北市","貢寮區","121.885","25.000","22"
"14","383019","20220802231000","41","0","新北市","貢寮區","122.000","25.005","23"
"73","383024","20220802231000","43","3","新北市","貢寮區","121.990","25.010","84"
"67","383035","20220802231000","56","1","新北市","貢寮區","121.985","25.020","76"
"2105","383037","20220802231000","3954","0","新北市","永和區","121.520","25.000","2283"
"4449","383038","20220802231000","4603","0","新北市","板橋區","121.475","25.025","4837"
"486","383039","20220802231000","917","0","新北市","新莊區","121.410","25.030","575"
"739","383040","20220802231000","668","1","新北市","新莊區","121.415","25.030","713"
"65","383045","20220802231000","66","0","新北市","新莊區","121.405","25.040","70"
"2982","383046","20220802231000","4417","0","新北市","新莊區","121.455","25.055","3666"
"770","383047","20220802231000","1552","0","新北市","新莊區","121.435","25.030","1033"
"1141","383048","20220802231000","1293","0","新北市","新莊區","121.425","25.030","1621"
"396","383049","20220802231000","1342","0","新北市","新莊區","121.430","25.030","418"
"547","383050","20220802231000","914","0","新北市","新莊區","121.430","25.035","550"
"4114","383054","20220802231000","6149","0","新北市","新莊區","121.445","25.050","4371"
"4903","383055","20220802231000","4451","1","新北市","新莊區","121.450","25.045","4405"
"2062","383056","20220802231000","1520","2","桃園市","蘆竹區","121.290","25.050","1784"
"1645","383057","20220802231000","1348","2","桃園市","蘆竹區","121.280","25.055","1573"
"512","383058","20220802231000","580","0","桃園市","蘆竹區","121.285","25.045","568"
"1518","383059","20220802231000","1047","2","桃園市","蘆竹區","121.285","25.050","1678"
"1065","383060","20220802231000","1286","0","桃園市","蘆竹區","121.285","25.055","972"
"508","383094","20220802231000","616","0","桃園市","觀音區","121.050","25.025","495"
"411","383096","20220802231000","656","0","桃園市","觀音區","121.080","25.030","435"
"795","383099","20220802231000","732","1","桃園市","觀音區","121.085","25.035","783"
"1273","383113","20220802231000","877","2","桃園市","觀音區","121.120","25.025","1313"
"380","383117","20220802231000","478","0","桃園市","觀音區","121.115","25.025","411"
"2026","383118","20220802231000","1207","3","新北市","樹林區","121.410","25.015","1538"
"1217","383121","20220802231000","1976","0","新北市","泰山區","121.440","25.045","1356"
"51","383122","20220802231000","399","0","新北市","泰山區","121.430","25.050","49"
"665","383124","20220802231000","645","1","新北市","泰山區","121.440","25.050","1003"
"274","383125","20220802231000","731","0","新北市","泰山區","121.435","25.055","184"
"1130","383126","20220802231000","1196","0","新北市","泰山區","121.425","25.050","1346"
"727","383127","20220802231000","772","0","新北市","新莊區","121.440","25.055","1026"
"1324","383128","20220802231000","2221","0","新北市","新莊區","121.445","25.055","1383"
"4027","383129","20220802231000","4477","0","新北市","新莊區","121.450","25.055","4148"
"5280","383130","20220802231000","6364","0","新北市","新莊區","121.450","25.050","4393"
"821","383131","20220802231000","1315","0","新北市","新莊區","121.455","25.040","1200"
"307","383132","20220802231000","47","3","新北市","板橋區","121.435","24.995","245"
"1179","383134","20220802231000","1396","0","新北市","板橋區","121.445","24.995","1473"
"4335","383141","20220802231000","5055","0","新北市","永和區","121.515","25.005","4238"
"4036","383142","20220802231000","4742","0","新北市","板橋區","121.470","25.025","4289"
"3785","383143","20220802231000","4162","0","新北市","板橋區","121.475","25.030","4565"
"2248","383144","20220802231000","2660","0","新北市","新莊區","121.445","25.045","2546"
"217","383152","20220802231000","148","2","新北市","泰山區","121.400","25.055","227"
"2940","383156","20220802231000","3130","0","新北市","汐止區","121.625","25.040","2809"
"48","383165","20220802231000","46","1","新北市","雙溪區","121.865","25.045","49"
"110","383202","20220802231000","97","1","新北市","雙溪區","121.800","25.015","105"
"382","383204","20220802231000","528","0","新北市","中和區","121.490","25.010","552"
"446","383205","20220802231000","642","0","新北市","樹林區","121.430","25.000","505"
"2437","383207","20220802231000","3307","0","新北市","永和區","121.515","24.995","2984"
"2363","383208","20220802231000","2661","0","桃園市","桃園區","121.315","25.005","2312"
"930","383209","20220802231000","1134","0","桃園市","桃園區","121.315","25.010","938"
"407","383210","20220802231000","496","0","臺北市","萬華區","121.495","25.010","521"
"1265","383211","20220802231000","2138","0","新北市","永和區","121.500","25.010","1468"
"3710","383212","20220802231000","4128","0","新北市","永和區","121.510","25.015","4191"
"675","383214","20220802231000","713","0","新北市","汐止區","121.625","25.050","557"
"636","383218","20220802231000","658","0","桃園市","蘆竹區","121.290","25.055","694"
"1085","383219","20220802231000","990","1","桃園市","蘆竹區","121.295","25.050","1166"
"1592","383220","20220802231000","2311","0","桃園市","蘆竹區","121.300","25.050","1672"
"1881","383222","20220802231000","1902","0","桃園市","蘆竹區","121.300","25.055","2063"
"69","383225","20220802231000","19","3","桃園市","蘆竹區","121.315","25.055","46"
"170","383229","20220802231000","136","2","新北市","石碇區","121.645","25.005","173"
"24","383234","20220802231000","31","0","新北市","石碇區","121.700","24.995","20"
"65","383253","20220802231000","71","0","新北市","石碇區","121.665","25.010","70"
"211","383254","20220802231000","174","2","新北市","石碇區","121.645","25.010","166"
"80","383261","20220802231000","91","0","新北市","石碇區","121.655","25.015","88"
"477","383272","20220802231000","435","1","桃園市","觀音區","121.100","25.005","461"
"669","383277","20220802231000","656","1","桃園市","觀音區","121.095","25.020","691"
"304","383281","20220802231000","310","0","桃園市","觀音區","121.095","25.025","332"
"1882","383283","20220802231000","2309","0","桃園市","桃園區","121.285","24.995","1787"
"396","383284","20220802231000","446","0","桃園市","桃園區","121.290","24.995","321"
"648","383285","20220802231000","479","2","桃園市","桃園區","121.285","25.000","709"
"4421","383286","20220802231000","4141","1","桃園市","蘆竹區","121.290","25.045","4329"
"256","383287","20220802231000","180","2","桃園市","桃園區","121.280","25.030","241"
"631","383290","20220802231000","723","0","桃園市","蘆竹區","121.280","25.035","682"
"1442","383291","20220802231000","1543","0","桃園市","蘆竹區","121.285","25.035","1439"
"2923","383294","20220802231000","2001","2","桃園市","蘆竹區","121.285","25.040","2856"
"3166","383295","20220802231000","4778","0","桃園市","蘆竹區","121.290","25.040","3133"
"47","383299","20220802231000","173","0","桃園市","蘆竹區","121.255","25.025","29"
"274","383301","20220802231000","333","0","桃園市","蘆竹區","121.250","25.035","294"
"224","383311","20220802231000","223","1","桃園市","蘆竹區","121.240","25.040","254"
"253","383313","20220802231000","156","3","桃園市","蘆竹區","121.255","25.040","210"
"29","383315","20220802231000","114","0","桃園市","蘆竹區","121.250","25.045","25"
"539","383318","20220802231000","699","0","桃園市","蘆竹區","121.265","25.025","556"
"680","383325","20220802231000","658","1","桃園市","蘆竹區","121.275","25.030","736"
"27","383357","20220802231000","69","0","新北市","雙溪區","121.880","25.020","38"
"13","383364","20220802231000","44","0","新北市","雙溪區","121.870","25.030","10"
"2488","383376","20220802231000","3253","0","新北市","中和區","121.485","25.000","2403"
"1858","383377","20220802231000","3039","0","新北市","中和區","121.485","25.005","2393"
"2712","383378","20220802231000","5113","0","新北市","中和區","121.500","25.000","2962"
"2353","383379","20220802231000","3368","0","新北市","板橋區","121.465","25.010","2893"
"3090","383380","20220802231000","3334","0","新北市","板橋區","121.470","25.010","3661"
"1320","383384","20220802231000","1046","2","新北市","汐止區","121.635","25.040","1367"
"158","383424","20220802231000","247","0","桃園市","蘆竹區","121.255","25.050","160"
"602","383426","20220802231000","492","2","桃園市","蘆竹區","121.265","25.050","630"
"68","383430","20220802231000","50","2","桃園市","蘆竹區","121.250","25.055","52"
"415","383435","20220802231000","382","1","桃園市","蘆竹區","121.275","25.055","434"
"535","383437","20220802231000","475","1","桃園市","大園區","121.160","25.030","511"
"497","383449","20220802231000","457","1","桃園市","觀音區","121.155","25.050","491"
"1492","383456","20220802231000","1297","1","桃園市","觀音區","121.140","25.010","1563"
"835","383457","20220802231000","726","1","桃園市","觀音區","121.145","25.010","728"
"490","383463","20220802231000","482","1","桃園市","觀音區","121.130","25.005","515"
"192","383469","20220802231000","207","0","桃園市","觀音區","121.060","25.025","187"
"309","383475","20220802231000","354","0","桃園市","觀音區","121.065","25.025","322"
"95","383483","20220802231000","113","0","桃園市","觀音區","121.060","25.035","89"
"128","383485","20220802231000","199","0","桃園市","觀音區","121.070","25.035","123"
"100","383489","20220802231000","96","1","桃園市","觀音區","121.070","25.040","98"
"1231","383492","20220802231000","1400","0","新北市","三重區","121.475","25.050","1467"
"3992","383493","20220802231000","5283","0","新北市","中和區","121.510","24.995","4204"
"4169","383494","20220802231000","5685","0","新北市","中和區","121.510","25.000","4781"
"2849","383495","20220802231000","2932","0","新北市","板橋區","121.455","25.010","3089"
"3723","383496","20220802231000","4254","0","新北市","板橋區","121.455","25.020","4481"
"2155","383500","20220802231000","3073","0","新北市","樹林區","121.425","24.995","2531"
"495","383502","20220802231000","667","0","新北市","樹林區","121.405","25.005","368"
"170","383503","20220802231000","475","0","新北市","樹林區","121.410","25.005","115"
"1888","383507","20220802231000","2281","0","新北市","永和區","121.505","25.015","2755"
"127","383513","20220802231000","138","0","桃園市","中壢區","121.245","24.995","110"
"1316","383515","20220802231000","1005","2","桃園市","中壢區","121.225","25.000","1291"
"15","383518","20220802231000","206","0","桃園市","中壢區","121.240","25.000","16"
"444","383519","20220802231000","399","1","桃園市","中壢區","121.245","25.000","451"
"636","383520","20220802231000","451","2","桃園市","中壢區","121.250","25.000","628"
"353","383521","20220802231000","230","3","桃園市","中壢區","121.230","25.005","374"
"598","383524","20220802231000","448","2","桃園市","中壢區","121.245","25.005","591"
"371","383526","20220802231000","551","0","桃園市","大園區","121.245","25.010","440"
"1202","383529","20220802231000","1024","1","桃園市","中壢區","121.175","24.995","1421"
"732","383553","20220802231000","742","0","桃園市","中壢區","121.220","25.005","753"
"40","383554","20220802231000","247","0","桃園市","中壢區","121.215","25.010","146"
"20","383556","20220802231000","110","0","桃園市","中壢區","121.215","25.015","21"
"886","383557","20220802231000","667","2","桃園市","中壢區","121.220","25.015","892"
"1774","383559","20220802231000","2237","0","新北市","板橋區","121.480","25.030","1866"
"201","383560","20220802231000","210","0","新北市","樹林區","121.420","25.005","299"
"1766","383562","20220802231000","1750","1","新北市","新莊區","121.430","25.005","2326"
"1070","383563","20220802231000","1505","0","新北市","樹林區","121.425","25.010","1022"
"253","383564","20220802231000","1349","0","新北市","樹林區","121.425","25.000","288"
"3437","383565","20220802231000","3750","0","新北市","永和區","121.515","25.000","4119"
"2864","383566","20220802231000","3717","0","新北市","永和區","121.520","25.005","3138"
"1854","383567","20220802231000","1629","1","新北市","中和區","121.480","25.005","2499"
"500","383568","20220802231000","566","0","新北市","泰山區","121.415","25.050","491"
"2002","383572","20220802231000","2396","0","新北市","泰山區","121.430","25.055","2091"
"2127","383573","20220802231000","2096","1","新北市","板橋區","121.460","25.000","2831"
"3387","383574","20220802231000","3568","0","新北市","中和區","121.495","25.000","4443"
"2647","383575","20220802231000","3103","0","新北市","板橋區","121.465","25.030","2457"
"3556","383576","20220802231000","4594","0","新北市","板橋區","121.470","25.030","4640"
"28","383582","20220802231000","912","0","新北市","深坑區","121.620","25.005","22"
"178","383589","20220802231000","241","0","新北市","深坑區","121.615","25.000","188"
"445","383590","20220802231000","955","0","新北市","深坑區","121.620","25.000","476"
"1492","383591","20220802231000","1325","1","新北市","深坑區","121.625","25.000","1500"
"517","383599","20220802231000","354","2","新北市","深坑區","121.635","25.005","530"
"1730","383600","20220802231000","1274","2","新北市","深坑區","121.615","25.005","1593"
"3874","383602","20220802231000","4683","0","新北市","板橋區","121.480","25.025","4578"
"4057","383603","20220802231000","5203","0","新北市","新莊區","121.445","25.035","3545"
"412","383604","20220802231000","804","0","新北市","永和區","121.530","25.000","348"
"2570","383605","20220802231000","3852","0","新北市","板橋區","121.480","25.020","2821"
"3548","383606","20220802231000","4295","0","新北市","板橋區","121.480","25.015","4567"
"1920","383607","20220802231000","1831","1","桃園市","桃園區","121.310","25.010","1950"
"3832","383608","20220802231000","2989","2","桃園市","桃園區","121.310","25.015","3764"
"2798","383609","20220802231000","4721","0","新北市","永和區","121.510","25.010","3452"
"3404","383610","20220802231000","4295","0","新北市","永和區","121.515","25.010","4261"
"2179","383611","20220802231000","2757","0","新北市","板橋區","121.460","25.015","2908"
"2392","383612","20220802231000","3942","0","新北市","板橋區","121.465","25.000","2648"
"2038","383614","20220802231000","1328","3","桃園市","桃園區","121.300","25.010","2012"
"3614","383615","20220802231000","2937","2","桃園市","桃園區","121.315","24.995","3453"
"183","383616","20220802231000","239","0","新北市","深坑區","121.605","25.005","278"
"123","383618","20220802231000","121","1","新北市","深坑區","121.600","25.010","108"
"1776","383631","20220802231000","1992","0","新北市","深坑區","121.600","25.005","1936"
"1654","383632","20220802231000","2652","0","新北市","中和區","121.485","25.015","2319"
"2472","383633","20220802231000","3101","0","新北市","板橋區","121.475","25.015","3074"
"3563","383634","20220802231000","4992","0","新北市","板橋區","121.450","25.015","4135"
"2350","383635","20220802231000","3148","0","新北市","永和區","121.510","25.005","2538"
"2445","383636","20220802231000","3131","0","新北市","板橋區","121.450","25.010","2618"
"809","383637","20220802231000","1039","0","新北市","樹林區","121.405","25.015","838"
"368","383638","20220802231000","283","2","新北市","樹林區","121.420","25.010","360"
"1222","383639","20220802231000","1216","1","新北市","樹林區","121.415","25.015","1274"
"44","383641","20220802231000","36","2","新北市","平溪區","121.765","25.035","48"
"172","383658","20220802231000","193","0","新北市","平溪區","121.775","25.040","253"
"119","383678","20220802231000","114","1","新北市","平溪區","121.740","25.025","120"
"109","383679","20220802231000","111","0","新北市","平溪區","121.745","25.025","117"
"40","383682","20220802231000","21","3","新北市","平溪區","121.745","25.030","38"
"17","383718","20220802231000","13","2","新北市","平溪區","121.780","25.025","21"
"11","383746","20220802231000","11","1","新北市","平溪區","121.765","25.020","12"
"37","383787","20220802231000","33","1","新北市","平溪區","121.750","25.005","36"
"69","383811","20220802231000","227","0","新北市","平溪區","121.715","25.020","76"
"1369","383828","20220802231000","2599","0","新北市","中和區","121.475","24.995","1252"
"4000","383829","20220802231000","5906","0","新北市","板橋區","121.470","25.020","4685"
"281","383830","20220802231000","325","0","新北市","板橋區","121.440","25.005","399"
"1400","383831","20220802231000","1079","2","新北市","新莊區","121.440","25.015","1217"
"1713","383833","20220802231000","2856","0","新北市","永和區","121.515","25.020","1595"
"164","383834","20220802231000","162","1","新北市","汐止區","121.645","25.030","144"
"355","383848","20220802231000","330","1","新北市","汐止區","121.645","25.040","295"
"52","383859","20220802231000","62","0","新北市","汐止區","121.670","25.045","49"
"41","383862","20220802231000","123","0","新北市","汐止區","121.660","25.050","52"
"602","383865","20220802231000","717","0","新北市","永和區","121.530","25.005","719"
"938","383866","20220802231000","850","1","新北市","新莊區","121.465","25.045","722"
"1817","383867","20220802231000","2651","0","新北市","新莊區","121.415","25.025","1804"
"2153","383868","20220802231000","3070","0","新北市","中和區","121.525","24.995","2051"
"865","383871","20220802231000","1563","0","桃園市","中壢區","121.200","25.010","861"
"739","383880","20220802231000","629","1","桃園市","中壢區","121.200","25.020","725"
"121","383883","20220802231000","164","0","新北市","深坑區","121.635","25.010","115"
"3082","383889","20220802231000","2486","2","新北市","板橋區","121.465","25.015","3670"
"53","383890","20220802231000","315","0","新北市","板橋區","121.475","25.035","49"
"936","383891","20220802231000","1021","0","新北市","板橋區","121.480","25.035","1331"
"4138","383893","20220802231000","5523","0","新北市","板橋區","121.465","25.020","5425"
"2744","383894","20220802231000","2998","0","新北市","板橋區","121.460","25.020","3256"
"2404","383895","20220802231000","2970","0","新北市","永和區","121.525","25.010","3189"
"4812","383896","20220802231000","5940","0","新北市","永和區","121.525","25.000","5557"
"463","383897","20220802231000","584","0","桃園市","龜山區","121.365","25.030","446"
"716","383900","20220802231000","666","1","桃園市","龜山區","121.360","25.040","700"
"585","383902","20220802231000","650","0","桃園市","龜山區","121.360","25.045","675"
"1883","383903","20220802231000","1268","2","桃園市","龜山區","121.360","25.050","1783"
"1122","383904","20220802231000","1916","0","桃園市","龜山區","121.365","25.050","1191"
"1509","383905","20220802231000","1715","0","桃園市","龜山區","121.360","25.055","1575"
"3359","383906","20220802231000","2921","1","桃園市","龜山區","121.365","25.055","3633"
"2873","383907","20220802231000","1020","3","桃園市","龜山區","121.375","25.035","2592"
"385","383908","20220802231000","319","2","桃園市","龜山區","121.370","25.040","379"
"291","383909","20220802231000","216","2","桃園市","龜山區","121.375","25.040","352"
"102","383910","20220802231000","118","0","桃園市","龜山區","121.365","25.045","106"
"658","383911","20220802231000","604","1","桃園市","龜山區","121.370","25.045","666"
"107","383912","20220802231000","174","0","桃園市","龜山區","121.375","25.045","118"
"824","383913","20220802231000","993","0","桃園市","龜山區","121.370","25.050","798"
"727","383914","20220802231000","409","3","桃園市","龜山區","121.375","25.050","641"
"1609","383915","20220802231000","1484","1","桃園市","龜山區","121.370","25.055","1654"
"1894","383916","20220802231000","1857","1","桃園市","龜山區","121.375","25.055","1995"
"459","383919","20220802231000","667","0","桃園市","龜山區","121.360","25.000","485"
"372","383920","20220802231000","307","2","桃園市","龜山區","121.365","25.000","370"
"860","383922","20220802231000","886","0","桃園市","龜山區","121.340","25.000","856"
"468","383924","20220802231000","477","0","桃園市","龜山區","121.340","25.005","485"
"1092","383928","20220802231000","1049","1","桃園市","龜山區","121.365","25.005","1027"
"493","383930","20220802231000","280","3","桃園市","龜山區","121.355","25.010","434"
"190","383939","20220802231000","317","0","桃園市","龜山區","121.360","25.020","206"
"583","383940","20220802231000","608","0","桃園市","龜山區","121.365","25.015","624"
"158","383941","20220802231000","222","0","桃園市","龜山區","121.370","25.020","160"
"105","383945","20220802231000","119","0","桃園市","龜山區","121.365","25.020","103"
"1543","383958","20220802231000","1228","2","桃園市","龜山區","121.335","24.995","1440"
"1424","383959","20220802231000","1072","2","桃園市","龜山區","121.345","25.005","1159"
"775","383962","20220802231000","837","0","桃園市","龜山區","121.345","25.010","811"
"553","383966","20220802231000","511","1","桃園市","龜山區","121.345","25.015","563"
"274","383978","20220802231000","319","0","桃園市","龜山區","121.350","25.020","264"
"46","383987","20220802231000","40","1","桃園市","龜山區","121.345","25.030","52"
"105","383989","20220802231000","100","1","桃園市","龜山區","121.355","25.030","123"
"52","383991","20220802231000","81","0","桃園市","龜山區","121.380","25.020","59"
"153","383995","20220802231000","522","0","桃園市","龜山區","121.385","25.025","189"
"24","383996","20220802231000","460","0","桃園市","龜山區","121.390","25.025","39"
"18","383997","20220802231000","17","1","桃園市","龜山區","121.395","25.025","18"
"719","384001","20220802231000","1712","0","桃園市","龜山區","121.390","25.030","837"
"316","384003","20220802231000","312","1","桃園市","龜山區","121.385","25.035","395"
"947","384004","20220802231000","1350","0","桃園市","龜山區","121.390","25.035","921"
"43","384008","20220802231000","26","3","桃園市","龜山區","121.385","25.040","58"
"1138","384009","20220802231000","1401","0","桃園市","龜山區","121.390","25.040","1181"
"1435","384015","20220802231000","866","3","桃園市","龜山區","121.380","25.050","1655"
"11","384017","20220802231000","14","0","桃園市","龜山區","121.390","25.050","11"
"287","384019","20220802231000","534","0","桃園市","龜山區","121.380","25.055","260"
"6801","384021","20220802231000","7352","0","臺北市","中山區","121.525","25.050","6780"
"6214","384022","20220802231000","6327","0","臺北市","中山區","121.530","25.055","6236"
"451","384040","20220802231000","468","0","桃園市","大園區","121.185","25.045","458"
"569","384041","20220802231000","375","3","桃園市","大園區","121.190","25.045","437"
"11","384045","20220802231000","45","0","桃園市","大園區","121.180","25.055","11"
"196","384058","20220802231000","186","1","桃園市","龜山區","121.355","24.995","187"
"242","384060","20220802231000","212","1","桃園市","龜山區","121.355","25.000","416"
"2910","384064","20220802231000","2866","1","新北市","永和區","121.510","25.020","2079"
"2566","384065","20220802231000","2980","0","臺北市","中正區","121.515","25.025","2677"
"1837","384066","20220802231000","3731","0","臺北市","中正區","121.525","25.020","1683"
"575","384067","20220802231000","620","0","臺北市","中正區","121.515","25.040","547"
"4584","384068","20220802231000","4776","0","臺北市","中正區","121.515","25.045","4836"
"4983","384069","20220802231000","4573","1","臺北市","中山區","121.535","25.055","5058"
"1756","384070","20220802231000","1814","0","臺北市","文山區","121.560","25.005","1536"
"734","384071","20220802231000","852","0","臺北市","大安區","121.560","25.010","824"
"372","384072","20220802231000","1188","0","桃園市","桃園區","121.310","24.995","369"
"3676","384073","20220802231000","3672","1","臺北市","中山區","121.535","25.045","3599"
"1756","384074","20220802231000","2464","0","臺北市","中山區","121.535","25.050","1724"
"3167","384075","20220802231000","2679","1","臺北市","中正區","121.515","25.030","2992"
"4408","384076","20220802231000","6137","0","臺北市","信義區","121.565","25.025","4677"
"1775","384077","20220802231000","2229","0","臺北市","信義區","121.575","25.045","1790"
"455","384078","20220802231000","564","0","臺北市","信義區","121.585","25.035","453"
"1089","384079","20220802231000","1495","0","臺北市","信義區","121.565","25.020","1040"
"14","384080","20220802231000","15","0","桃園市","桃園區","121.285","25.010","14"
"979","384081","20220802231000","1331","0","桃園市","桃園區","121.290","25.010","957"
"949","384082","20220802231000","1362","0","桃園市","桃園區","121.285","25.015","892"
"1055","384083","20220802231000","884","1","桃園市","桃園區","121.290","25.015","1126"
"3579","384084","20220802231000","3969","0","臺北市","中正區","121.525","25.045","3612"
"4335","384085","20220802231000","3369","2","臺北市","中正區","121.530","25.045","4184"
"1839","384086","20220802231000","2697","0","臺北市","中正區","121.530","25.010","1652"
"4956","384087","20220802231000","5296","0","臺北市","中山區","121.525","25.055","5058"
"2649","384088","20220802231000","2845","0","臺北市","中山區","121.540","25.045","2703"
"3213","384089","20220802231000","3792","0","臺北市","大安區","121.540","25.040","3288"
"3188","384090","20220802231000","3357","0","臺北市","中正區","121.520","25.030","3240"
"1019","384091","20220802231000","1023","0","臺北市","中正區","121.520","25.035","1395"
"2525","384092","20220802231000","2411","1","臺北市","中正區","121.520","25.040","2526"
"6436","384093","20220802231000","7191","0","臺北市","中正區","121.525","25.040","6254"
"385","384094","20220802231000","838","0","臺北市","中正區","121.525","25.015","367"
"1669","384100","20220802231000","1007","3","桃園市","中壢區","121.200","25.000","1692"
"25","384101","20220802231000","212","0","桃園市","中壢區","121.205","25.000","226"
"738","384103","20220802231000","423","3","桃園市","中壢區","121.200","25.005","762"
"775","384104","20220802231000","1080","0","新北市","泰山區","121.420","25.030","1050"
"318","384106","20220802231000","387","0","新北市","泰山區","121.425","25.035","449"
"1503","384109","20220802231000","2583","0","新北市","泰山區","121.420","25.040","1947"
"1004","384111","20220802231000","1246","0","新北市","泰山區","121.425","25.040","1164"
"1205","384112","20220802231000","1497","0","新北市","泰山區","121.430","25.040","1660"
"266","384113","20220802231000","137","3","桃園市","龜山區","121.330","24.995","197"
"132","384129","20220802231000","88","3","桃園市","龜山區","121.375","25.010","102"
"429","384131","20220802231000","409","1","桃園市","龜山區","121.385","25.010","460"
"179","384132","20220802231000","137","2","桃園市","龜山區","121.390","25.010","198"
"802","384140","20220802231000","1060","0","桃園市","龜山區","121.395","25.020","1128"
"506","384141","20220802231000","531","0","桃園市","龜山區","121.400","25.020","470"
"1411","384142","20220802231000","1298","1","桃園市","龜山區","121.340","24.995","1389"
"1783","384145","20220802231000","2077","0","桃園市","龜山區","121.345","25.000","2063"
"5494","384146","20220802231000","6103","0","臺北市","中山區","121.520","25.055","5496"
"1172","384147","20220802231000","1487","0","桃園市","桃園區","121.305","25.025","1210"
"70","384149","20220802231000","62","1","桃園市","新屋區","121.030","25.000","67"
"135","384152","20220802231000","163","0","桃園市","新屋區","121.030","25.005","142"
"178","384164","20220802231000","128","2","桃園市","新屋區","121.060","24.995","148"
"211","384167","20220802231000","248","0","桃園市","新屋區","121.060","25.000","270"
"640","384185","20220802231000","687","0","桃園市","新屋區","121.075","25.005","642"
"21","384188","20220802231000","84","0","桃園市","桃園區","121.325","25.000","13"
"210","384189","20220802231000","106","3","桃園市","桃園區","121.320","25.005","148"
"845","384190","20220802231000","716","1","桃園市","桃園區","121.325","25.005","887"
"2273","384194","20220802231000","3955","0","臺北市","中正區","121.510","25.025","3555"
"27","384227","20220802231000","34","0","新北市","貢寮區","121.955","25.005","22"
"35","384234","20220802231000","28","2","新北市","貢寮區","121.950","25.010","38"
"415","384241","20220802231000","276","3","新北市","貢寮區","121.945","25.015","380"
"43","384254","20220802231000","44","0","新北市","貢寮區","121.970","25.025","71"
"47","384264","20220802231000","39","2","新北市","貢寮區","121.890","25.020","48"
"304","384267","20220802231000","302","1","新北市","貢寮區","121.905","25.020","313"
"24","384270","20220802231000","30","0","新北市","貢寮區","121.900","25.025","26"
"154","384299","20220802231000","118","2","新北市","貢寮區","121.920","25.010","136"
"23","384306","20220802231000","31","0","新北市","貢寮區","121.930","25.015","107"
"27","384338","20220802231000","24","1","新北市","貢寮區","121.905","25.010","33"
"375","384342","20220802231000","241","3","新北市","貢寮區","121.945","25.020","431"
"92","384349","20220802231000","72","2","新北市","貢寮區","121.930","25.030","115"
"34","384353","20220802231000","14","3","新北市","貢寮區","121.930","25.035","25"
"2115","384355","20220802231000","1946","1","桃園市","龜山區","121.400","25.015","2235"
"2594","384356","20220802231000","3016","0","桃園市","龜山區","121.405","25.020","2853"
"228","384362","20220802231000","201","1","桃園市","新屋區","121.045","25.005","213"
"356","384367","20220802231000","362","0","桃園市","桃園區","121.320","24.995","356"
"1512","384368","20220802231000","1341","1","桃園市","桃園區","121.325","24.995","1630"
"1997","384371","20220802231000","1632","2","桃園市","桃園區","121.295","25.000","1950"
"533","384372","20220802231000","410","2","桃園市","桃園區","121.280","25.005","592"
"303","384373","20220802231000","134","3","桃園市","桃園區","121.285","25.005","221"
"862","384374","20220802231000","1555","0","桃園市","桃園區","121.280","25.010","941"
"1714","384375","20220802231000","2750","0","桃園市","桃園區","121.300","25.000","1780"
"1445","384376","20220802231000","1429","1","桃園市","桃園區","121.305","25.000","1496"
"1134","384377","20220802231000","928","2","桃園市","桃園區","121.310","25.025","1188"
"515","384378","20220802231000","374","2","桃園市","桃園區","121.310","25.020","506"
"815","384379","20220802231000","520","3","桃園市","桃園區","121.315","25.025","889"
"1209","384382","20220802231000","1228","0","桃園市","桃園區","121.300","25.025","1240"
"1110","384383","20220802231000","936","1","桃園市","桃園區","121.305","25.020","1073"
"28","384386","20220802231000","13","3","桃園市","桃園區","121.300","25.030","23"
"87","384387","20220802231000","45","3","桃園市","桃園區","121.295","24.995","58"
"2687","384388","20220802231000","3570","0","臺北市","中山區","121.530","25.050","2626"
"4118","384389","20220802231000","4193","0","桃園市","桃園區","121.295","25.025","4252"
"33","384391","20220802231000","15","3","桃園市","蘆竹區","121.295","25.035","32"
"2999","384392","20220802231000","2841","1","桃園市","蘆竹區","121.295","25.040","3140"
"2601","384393","20220802231000","2558","1","桃園市","桃園區","121.300","25.015","2440"
"5299","384394","20220802231000","4288","2","桃園市","桃園區","121.295","25.015","5403"
"3113","384395","20220802231000","2629","1","桃園市","桃園區","121.320","25.010","3129"
"1871","384398","20220802231000","1129","3","桃園市","桃園區","121.310","25.000","1889"
"765","384399","20220802231000","837","0","桃園市","桃園區","121.315","25.000","779"
"436","384400","20220802231000","414","1","桃園市","桃園區","121.320","25.000","448"
"899","384401","20220802231000","808","1","桃園市","桃園區","121.310","25.005","919"
"341","384402","20220802231000","325","1","臺北市","南港區","121.590","25.035","350"
"380","384403","20220802231000","353","1","臺北市","大安區","121.550","25.015","460"
"3551","384404","20220802231000","4459","0","臺北市","大安區","121.555","25.020","3621"
"5239","384405","20220802231000","5293","0","臺北市","大安區","121.550","25.020","5096"
"2056","384408","20220802231000","2232","0","桃園市","桃園區","121.305","25.010","2220"
"2309","384409","20220802231000","3656","0","臺北市","中正區","121.530","25.015","1834"
"3438","384410","20220802231000","3526","0","臺北市","中正區","121.525","25.035","3517"
"1795","384411","20220802231000","2265","0","臺北市","中山區","121.540","25.050","1640"
"1454","384412","20220802231000","1682","0","桃園市","桃園區","121.290","25.020","1421"
"3980","384413","20220802231000","4900","0","臺北市","信義區","121.560","25.045","3847"
"107","384415","20220802231000","246","0","桃園市","桃園區","121.300","24.995","85"
"1884","384416","20220802231000","2183","0","桃園市","桃園區","121.290","25.025","1876"
"834","384417","20220802231000","679","2","桃園市","桃園區","121.290","25.005","884"
"2242","384418","20220802231000","1944","1","桃園市","桃園區","121.295","25.005","2229"
"1350","384419","20220802231000","1858","0","桃園市","桃園區","121.295","25.010","1300"
"3175","384420","20220802231000","3675","0","臺北市","大同區","121.510","25.055","3197"
"1363","384421","20220802231000","1703","0","臺北市","中正區","121.520","25.020","1977"
"5308","384422","20220802231000","4608","1","臺北市","信義區","121.570","25.025","5112"
"1578","384424","20220802231000","1488","1","臺北市","信義區","121.570","25.030","1542"
"1177","384425","20220802231000","1647","0","臺北市","信義區","121.575","25.030","1239"
"3085","384426","20220802231000","3364","0","臺北市","大同區","121.515","25.050","3091"
"4164","384427","20220802231000","3758","1","臺北市","中山區","121.520","25.050","4332"
"2517","384428","20220802231000","2851","0","臺北市","大同區","121.515","25.055","2476"
"2509","384429","20220802231000","2230","1","桃園市","桃園區","121.305","24.995","2610"
"2956","384430","20220802231000","2896","1","桃園市","桃園區","121.300","25.005","2976"
"971","384431","20220802231000","881","1","臺北市","大同區","121.505","25.050","606"
"2043","384432","20220802231000","2198","0","臺北市","大同區","121.510","25.050","1807"
"474","384433","20220802231000","1352","0","臺北市","大安區","121.555","25.040","637"
"6011","384434","20220802231000","6426","0","臺北市","大安區","121.555","25.030","6062"
"3219","384435","20220802231000","3839","0","臺北市","大安區","121.530","25.025","4003"
"966","384436","20220802231000","2409","0","臺北市","大安區","121.525","25.030","910"
"5666","384437","20220802231000","5759","0","臺北市","大安區","121.525","25.025","4351"
"2677","384438","20220802231000","2753","0","臺北市","大安區","121.545","25.035","2676"
"5631","384439","20220802231000","6920","0","臺北市","大安區","121.545","25.030","5572"
"3880","384440","20220802231000","4293","0","臺北市","大安區","121.555","25.035","3807"
"3050","384441","20220802231000","5061","0","臺北市","大安區","121.550","25.025","3246"
"5824","384442","20220802231000","5695","1","臺北市","中正區","121.530","25.035","5865"
"2808","384443","20220802231000","2587","1","臺北市","中正區","121.510","25.045","2795"
"358","384446","20220802231000","304","1","桃園市","蘆竹區","121.270","25.015","389"
"544","384447","20220802231000","495","1","桃園市","蘆竹區","121.260","25.025","532"
"1468","384448","20220802231000","1261","1","桃園市","蘆竹區","121.265","25.020","1537"
"415","384449","20220802231000","431","0","桃園市","蘆竹區","121.270","25.020","348"
"12","384450","20220802231000","14","0","桃園市","蘆竹區","121.270","25.025","13"
"23","384454","20220802231000","25","0","桃園市","蘆竹區","121.255","25.000","22"
"47","384461","20220802231000","87","0","桃園市","蘆竹區","121.260","25.010","39"
"50","384463","20220802231000","151","0","桃園市","蘆竹區","121.250","25.015","34"
"480","384466","20220802231000","502","0","桃園市","蘆竹區","121.250","25.020","506"
"2303","384467","20220802231000","1422","3","桃園市","蘆竹區","121.255","25.020","2055"
"3134","384468","20220802231000","2478","2","桃園市","蘆竹區","121.260","25.020","3142"
"3606","384469","20220802231000","3563","1","桃園市","蘆竹區","121.295","25.055","3214"
"380","384473","20220802231000","340","1","桃園市","桃園區","121.305","25.030","437"
"168","384480","20220802231000","217","0","桃園市","龜山區","121.305","25.035","141"
"921","384489","20220802231000","703","2","桃園市","蘆竹區","121.295","25.045","990"
"758","384497","20220802231000","1384","0","桃園市","龜山區","121.305","25.045","503"
"183","384499","20220802231000","395","0","桃園市","龜山區","121.315","25.045","180"
"12","384502","20220802231000","19","0","桃園市","龜山區","121.330","25.045","21"
"228","384507","20220802231000","154","2","桃園市","龜山區","121.320","25.050","224"
"209","384514","20220802231000","204","1","桃園市","龜山區","121.335","25.055","272"
"286","384517","20220802231000","562","0","桃園市","龜山區","121.340","25.035","425"
"254","384521","20220802231000","268","0","桃園市","龜山區","121.345","25.040","279"
"252","384522","20220802231000","212","1","桃園市","龜山區","121.350","25.040","268"
"17","384523","20220802231000","25","0","桃園市","龜山區","121.355","25.040","19"
"318","384525","20220802231000","597","0","桃園市","龜山區","121.350","25.045","356"
"385","384526","20220802231000","562","0","桃園市","龜山區","121.355","25.045","406"
"19","384527","20220802231000","49","0","桃園市","龜山區","121.345","25.050","17"
"542","384528","20220802231000","695","0","桃園市","龜山區","121.350","25.050","547"
"337","384532","20220802231000","247","2","桃園市","龜山區","121.350","25.055","369"
"1579","384533","20220802231000","2368","0","臺北市","信義區","121.570","25.035","1842"
"2446","384534","20220802231000","3257","0","臺北市","信義區","121.575","25.035","2540"
"34","384549","20220802231000","60","0","臺北市","南港區","121.630","25.030","42"
"1146","384552","20220802231000","971","1","臺北市","南港區","121.620","25.035","1123"
"124","384554","20220802231000","85","2","新北市","汐止區","121.630","25.035","122"
"1305","384555","20220802231000","1108","1","臺北市","南港區","121.620","25.040","1268"
"3685","384556","20220802231000","5058","0","臺北市","信義區","121.575","25.040","3675"
"3762","384557","20220802231000","4702","0","臺北市","南港區","121.585","25.045","3676"
"92","384572","20220802231000","60","3","新北市","雙溪區","121.825","25.025","89"
"650","384614","20220802231000","793","0","新北市","雙溪區","121.865","25.035","659"
"31","384624","20220802231000","34","0","新北市","雙溪區","121.830","25.000","33"
"29","384641","20220802231000","39","0","新北市","雙溪區","121.805","25.015","29"
"135","384662","20220802231000","116","1","新北市","雙溪區","121.840","25.035","139"
"305","384679","20220802231000","279","1","新北市","雙溪區","121.865","25.040","324"
"49","384696","20220802231000","26","3","新北市","雙溪區","121.845","24.995","40"
"446","384710","20220802231000","358","2","桃園市","桃園區","121.275","25.020","458"
"410","384711","20220802231000","387","1","桃園市","桃園區","121.280","25.020","389"
"13","384715","20220802231000","313","0","臺北市","信義區","121.560","25.025","21"
"316","384716","20220802231000","670","0","臺北市","信義區","121.565","25.030","337"
"7740","384717","20220802231000","8551","0","臺北市","信義區","121.560","25.030","7782"
"2945","384718","20220802231000","3782","0","臺北市","中正區","121.520","25.025","2650"
"772","384719","20220802231000","1429","0","桃園市","大園區","121.210","25.005","1537"
"922","384720","20220802231000","774","1","桃園市","大園區","121.210","25.010","1134"
"1658","384721","20220802231000","1143","2","桃園市","大園區","121.210","25.015","1723"
"966","384722","20220802231000","593","3","桃園市","大園區","121.210","25.020","981"
"217","384723","20220802231000","202","1","桃園市","大園區","121.220","25.020","178"
"669","384726","20220802231000","638","1","桃園市","大園區","121.220","25.025","700"
"539","384729","20220802231000","499","1","桃園市","大園區","121.215","25.025","579"
"558","384731","20220802231000","661","0","桃園市","大園區","121.205","25.035","637"
"505","384739","20220802231000","431","1","桃園市","大園區","121.205","25.050","511"
"69","384743","20220802231000","70","0","桃園市","大園區","121.210","25.055","59"
"3102","384744","20220802231000","4058","0","臺北市","信義區","121.580","25.040","3071"
"842","384745","20220802231000","1158","0","臺北市","中正區","121.510","25.030","724"
"2341","384746","20220802231000","2267","1","臺北市","中正區","121.520","25.045","2295"
"2885","384747","20220802231000","3613","0","臺北市","中正區","121.505","25.030","2992"
"1735","384748","20220802231000","1415","2","臺北市","中正區","121.510","25.035","1751"
"125","384749","20220802231000","283","0","臺北市","中正區","121.515","25.035","129"
"1639","384750","20220802231000","1906","0","臺北市","中正區","121.510","25.040","1773"
"2025","384751","20220802231000","1820","1","桃園市","桃園區","121.305","25.015","2044"
"2182","384752","20220802231000","2195","0","桃園市","桃園區","121.300","25.020","2123"
"3973","384754","20220802231000","3317","1","桃園市","桃園區","121.295","25.020","4014"
"3957","384756","20220802231000","4357","0","桃園市","桃園區","121.315","25.015","3988"
"852","384757","20220802231000","2089","0","桃園市","桃園區","121.315","25.020","809"
"2244","384759","20220802231000","2224","1","桃園市","桃園區","121.305","25.005","2126"
"3947","384760","20220802231000","4376","0","臺北市","信義區","121.570","25.045","3965"
"698","384761","20220802231000","684","1","臺北市","信義區","121.575","25.015","726"
"708","384763","20220802231000","857","0","臺北市","信義區","121.575","25.020","700"
"691","384770","20220802231000","523","2","桃園市","大園區","121.225","25.015","691"
"702","384775","20220802231000","704","0","桃園市","大園區","121.230","25.020","712"
"60","384776","20220802231000","45","2","桃園市","大園區","121.235","25.020","57"
"369","384777","20220802231000","563","0","桃園市","大園區","121.240","25.020","430"
"176","384783","20220802231000","156","1","桃園市","大園區","121.230","25.025","170"
"138","384787","20220802231000","107","2","桃園市","大園區","121.220","25.035","126"
"509","384788","20220802231000","581","0","桃園市","大園區","121.225","25.035","570"
"395","384790","20220802231000","390","1","桃園市","大園區","121.165","25.050","403"
"648","384794","20220802231000","659","0","桃園市","大園區","121.160","25.055","699"
"366","384798","20220802231000","278","2","桃園市","大園區","121.175","25.055","314"
"456","384806","20220802231000","505","0","桃園市","大園區","121.175","25.030","469"
"306","384811","20220802231000","179","3","桃園市","大園區","121.180","25.035","322"
"271","384818","20220802231000","246","1","桃園市","大園區","121.215","25.035","258"
"424","384824","20220802231000","544","0","桃園市","大園區","121.215","25.045","458"
"146","384830","20220802231000","160","0","桃園市","大園區","121.215","25.055","133"
"607","384831","20220802231000","760","0","桃園市","大園區","121.220","25.055","654"
"3677","384843","20220802231000","4893","0","臺北市","松山區","121.550","25.045","3679"
"2258","384844","20220802231000","2852","0","臺北市","信義區","121.565","25.045","2299"
"79","384845","20220802231000","74","1","臺北市","南港區","121.595","25.035","83"
"2378","384846","20220802231000","2952","0","臺北市","大安區","121.535","25.020","2408"
"629","384847","20220802231000","631","0","臺北市","大安區","121.535","25.030","587"
"1417","384848","20220802231000","1094","2","臺北市","文山區","121.575","25.000","1394"
"45","384849","20220802231000","58","0","臺北市","文山區","121.590","25.000","54"
"180","384853","20220802231000","197","0","臺北市","文山區","121.585","25.005","141"
"443","384856","20220802231000","375","1","臺北市","文山區","121.570","25.010","465"
"95","384857","20220802231000","171","0","臺北市","文山區","121.575","25.010","92"
"24","384858","20220802231000","23","1","臺北市","文山區","121.580","25.010","19"
"73","384862","20220802231000","43","3","臺北市","文山區","121.590","25.010","42"
"1344","384864","20220802231000","782","3","臺北市","大安區","121.540","25.010","902"
"3620","384865","20220802231000","3876","0","臺北市","文山區","121.540","25.005","4032"
"1801","384868","20220802231000","1667","1","臺北市","萬華區","121.490","25.035","1440"
"2801","384871","20220802231000","2827","0","臺北市","文山區","121.560","25.000","2492"
"1660","384874","20220802231000","1655","1","臺北市","萬華區","121.495","25.015","1383"
"67","384876","20220802231000","63","1","臺北市","信義區","121.565","25.015","46"
"3438","384878","20220802231000","3512","0","臺北市","大安區","121.550","25.035","3471"
"3363","384879","20220802231000","3495","0","臺北市","中正區","121.530","25.040","3334"
"9812","384880","20220802231000","8587","1","臺北市","大安區","121.550","25.030","9531"
"3920","384881","20220802231000","5136","0","臺北市","信義區","121.555","25.025","3834"
"914","384882","20220802231000","911","1","臺北市","文山區","121.550","24.995","1485"
"2568","384883","20220802231000","3353","0","臺北市","文山區","121.550","25.000","3601"
"4128","384884","20220802231000","4789","0","臺北市","萬華區","121.500","25.020","3972"
"3861","384885","20220802231000","4422","0","臺北市","大安區","121.530","25.020","4001"
"4201","384886","20220802231000","3956","1","臺北市","大安區","121.540","25.035","4025"
"509","384888","20220802231000","497","1","臺北市","文山區","121.565","25.000","465"
"356","384889","20220802231000","475","0","臺北市","文山區","121.565","25.005","401"
"1029","384890","20220802231000","1158","0","臺北市","文山區","121.570","25.005","1108"
"51","384893","20220802231000","56","0","臺北市","文山區","121.585","24.995","44"
"402","384895","20220802231000","336","1","臺北市","文山區","121.580","25.000","381"
"455","384897","20220802231000","361","2","新北市","深坑區","121.600","25.000","222"
"3987","384898","20220802231000","5014","0","臺北市","文山區","121.540","24.995","3684"
"252","384899","20220802231000","219","1","臺北市","文山區","121.570","24.995","268"
"1783","384900","20220802231000","1746","1","臺北市","文山區","121.570","25.000","1690"
"4959","384901","20220802231000","5549","0","臺北市","文山區","121.540","25.000","4849"
"1021","384903","20220802231000","1784","0","臺北市","萬華區","121.505","25.020","1310"
"1705","384904","20220802231000","1566","1","臺北市","文山區","121.555","24.995","1299"
"2043","384905","20220802231000","1395","2","臺北市","文山區","121.560","24.995","1622"
"1616","384906","20220802231000","2404","0","臺北市","文山區","121.555","25.000","1734"
"1871","384907","20220802231000","2108","0","臺北市","文山區","121.550","25.005","2176"
"732","384908","20220802231000","500","2","臺北市","大安區","121.550","25.010","558"
"1539","384909","20220802231000","1931","0","臺北市","大安區","121.540","25.015","1332"
"832","384911","20220802231000","2082","0","臺北市","中正區","121.535","25.010","801"
"440","384913","20220802231000","982","0","臺北市","大安區","121.545","25.010","466"
"3029","384914","20220802231000","3631","0","臺北市","大安區","121.535","25.015","2867"
"554","384916","20220802231000","1080","0","臺北市","大安區","121.545","25.015","420"
"4830","384917","20220802231000","5434","0","臺北市","大安區","121.550","25.040","5205"
"1704","384918","20220802231000","1262","2","臺北市","文山區","121.535","24.995","658"
"3102","384919","20220802231000","2864","1","臺北市","松山區","121.545","25.045","3032"
"3538","384920","20220802231000","3642","0","臺北市","萬華區","121.500","25.040","3587"
"951","384922","20220802231000","913","1","臺北市","萬華區","121.490","25.030","793"
"6445","384923","20220802231000","6485","0","臺北市","萬華區","121.505","25.045","6471"
"2007","384924","20220802231000","2432","0","臺北市","南港區","121.585","25.050","2050"
"1122","384925","20220802231000","1637","0","臺北市","南港區","121.590","25.050","1152"
"1917","384926","20220802231000","2071","0","臺北市","南港區","121.590","25.040","1856"
"493","384927","20220802231000","667","0","臺北市","南港區","121.590","25.045","590"
"1589","384929","20220802231000","1700","0","臺北市","南港區","121.595","25.040","1712"
"437","384931","20220802231000","753","0","臺北市","南港區","121.595","25.045","420"
"55","384932","20220802231000","69","0","臺北市","南港區","121.600","25.045","60"
"1471","384933","20220802231000","1230","1","臺北市","南港區","121.595","25.050","1434"
"3418","384935","20220802231000","4545","0","臺北市","萬華區","121.495","25.030","3615"
"2164","384936","20220802231000","1532","2","臺北市","萬華區","121.490","25.025","1766"
"391","384937","20220802231000","98","3","臺北市","文山區","121.555","25.010","464"
"126","384938","20220802231000","151","0","臺北市","信義區","121.565","25.010","121"
"2421","384940","20220802231000","3020","0","臺北市","大安區","121.560","25.015","2328"
"3956","384941","20220802231000","3321","1","臺北市","松山區","121.550","25.050","3829"
"240","384942","20220802231000","330","0","臺北市","大安區","121.540","25.020","335"
"94","384943","20220802231000","2006","0","臺北市","大安區","121.540","25.025","117"
"7464","384944","20220802231000","7327","1","臺北市","松山區","121.555","25.050","7175"
"2104","384945","20220802231000","1855","1","臺北市","萬華區","121.495","25.035","2034"
"429","384946","20220802231000","422","1","臺北市","萬華區","121.495","25.040","431"
"3964","384948","20220802231000","3414","1","臺北市","松山區","121.560","25.050","3776"
"3370","384949","20220802231000","4745","0","臺北市","松山區","121.565","25.050","3429"
"1936","384950","20220802231000","1487","2","臺北市","萬華區","121.490","25.020","1589"
"1030","384951","20220802231000","586","3","臺北市","萬華區","121.500","25.030","809"
"4081","384952","20220802231000","4415","0","臺北市","萬華區","121.505","25.040","3897"
"4132","384955","20220802231000","4877","0","臺北市","大安區","121.535","25.040","3974"
"3753","384956","20220802231000","2874","2","臺北市","松山區","121.555","25.045","4207"
"2620","384957","20220802231000","2411","1","臺北市","松山區","121.575","25.050","2704"
"5021","384958","20220802231000","5179","0","臺北市","南港區","121.580","25.050","4882"
"222","384960","20220802231000","298","0","臺北市","信義區","121.580","25.030","213"
"2265","384961","20220802231000","3548","0","臺北市","信義區","121.580","25.035","2201"
"1631","384962","20220802231000","4689","0","臺北市","信義區","121.580","25.045","1687"
"3107","384963","20220802231000","4079","0","臺北市","萬華區","121.500","25.035","2028"
"3845","384964","20220802231000","5024","0","臺北市","松山區","121.545","25.050","4164"
"2054","384965","20220802231000","1928","1","臺北市","萬華區","121.495","25.020","2281"
"2184","384966","20220802231000","2523","0","臺北市","萬華區","121.500","25.025","2478"
"587","384968","20220802231000","465","2","臺北市","信義區","121.570","25.015","630"
"173","384969","20220802231000","1837","0","臺北市","信義區","121.570","25.020","244"
"1443","384970","20220802231000","2809","0","臺北市","信義區","121.560","25.040","1441"
"3653","384971","20220802231000","4405","0","臺北市","大安區","121.535","25.035","3625"
"2117","384972","20220802231000","2142","0","臺北市","文山區","121.545","24.995","1912"
"1827","384973","20220802231000","1663","1","臺北市","大安區","121.555","25.015","1731"
"3038","384974","20220802231000","3475","0","臺北市","大安區","121.540","25.030","3117"
"257","384975","20220802231000","210","2","臺北市","文山區","121.545","25.005","238"
"544","384976","20220802231000","749","0","臺北市","文山區","121.535","25.000","875"
"482","384977","20220802231000","916","0","臺北市","文山區","121.535","25.005","594"
"3761","384978","20220802231000","4576","0","臺北市","萬華區","121.505","25.025","3822"
"1522","384983","20220802231000","1299","1","臺北市","南港區","121.610","25.050","1217"
"21","384984","20220802231000","93","0","臺北市","南港區","121.615","25.050","22"
"1048","384986","20220802231000","846","2","臺北市","南港區","121.615","25.040","999"
"1418","384987","20220802231000","2351","0","臺北市","南港區","121.615","25.045","1062"
"22","384992","20220802231000","20","1","臺北市","南港區","121.595","25.015","18"
"42","384996","20220802231000","41","1","臺北市","南港區","121.600","25.020","52"
"80","384997","20220802231000","96","0","臺北市","南港區","121.605","25.020","86"
"63","385006","20220802231000","61","1","臺北市","南港區","121.620","25.025","60"
"1122","385010","20220802231000","720","3","臺北市","南港區","121.610","25.030","1154"
"20","385015","20220802231000","645","0","臺北市","南港區","121.615","25.035","21"
"3965","385016","20220802231000","3689","1","臺北市","大安區","121.535","25.025","3673"
"2454","385018","20220802231000","3363","0","臺北市","大安區","121.545","25.020","2494"
"2864","385019","20220802231000","2966","0","臺北市","信義區","121.565","25.040","3019"
"3483","385020","20220802231000","3572","0","臺北市","信義區","121.570","25.040","3557"
"1734","385021","20220802231000","3506","0","臺北市","信義區","121.560","25.035","1968"
"2536","385022","20220802231000","1828","2","臺北市","信義區","121.565","25.035","2194"
"362","385023","20220802231000","320","1","臺北市","文山區","121.555","25.005","349"
"1777","385025","20220802231000","2299","0","臺北市","文山區","121.545","25.000","2533"
"3989","385026","20220802231000","3983","1","臺北市","萬華區","121.505","25.035","3899"
"1488","385027","20220802231000","1546","0","臺北市","萬華區","121.495","25.025","1614"
"5790","385028","20220802231000","6300","0","臺北市","大安區","121.545","25.040","5613"
"1857","385029","20220802231000","1973","0","臺北市","信義區","121.560","25.020","1749"
"18","385031","20220802231000","13","2","臺北市","信義區","121.585","25.030","24"
"3214","385033","20220802231000","3779","0","臺北市","信義區","121.585","25.040","3203"
"4124","385034","20220802231000","4046","1","臺北市","大安區","121.530","25.030","4349"
"3511","385035","20220802231000","3532","0","臺北市","大安區","121.545","25.025","3767"
"66","387378","20220802231000","47","2","新北市","貢寮區","121.920","25.075","86"
"270","391023","20220802231000","289","0","桃園市","大園區","121.240","25.115","287"
"227","392790","20220802231000","213","1","新北市","林口區","121.360","25.135","230"
"1097","392791","20220802231000","634","3","基隆市","中正區(海)","121.745","25.135","998"
"78","392792","20220802231000","87","0","新北市","瑞芳區","121.805","25.135","84"
"822","393254","20220802231000","830","0","基隆市","中正區(海)","121.750","25.140","1096"
"3232","394037","20220802231000","4036","0","基隆市","七堵區","121.700","25.085","3290"
"100","394044","20220802231000","64","3","基隆市","七堵區","121.715","25.105","92"
"20","394049","20220802231000","17","1","基隆市","安樂區","121.710","25.120","14"
"664","394050","20220802231000","685","0","基隆市","中正區","121.760","25.140","707"
"783","394051","20220802231000","895","0","基隆市","中正區","121.755","25.135","866"
"1671","394053","20220802231000","1441","1","基隆市","安樂區","121.720","25.125","1769"
"860","394054","20220802231000","1261","0","基隆市","中山區","121.730","25.145","915"
"1275","394055","20220802231000","1904","0","新北市","三重區","121.475","25.065","1529"
"3378","394056","20220802231000","1355","3","新北市","三重區","121.490","25.070","2657"
"4246","394057","20220802231000","4372","0","新北市","汐止區","121.635","25.065","4533"
"2423","394058","20220802231000","2588","0","新北市","汐止區","121.660","25.065","2633"
"27","394059","20220802231000","25","1","新北市","汐止區","121.665","25.050","25"
"1358","394060","20220802231000","1181","1","新北市","汐止區","121.670","25.055","1252"
"1079","394062","20220802231000","1558","0","新北市","汐止區","121.665","25.055","1266"
"1215","394064","20220802231000","3135","0","新北市","汐止區","121.660","25.060","1682"
"947","394066","20220802231000","788","2","基隆市","七堵區","121.695","25.080","970"
"982","394068","20220802231000","1075","0","基隆市","七堵區","121.720","25.100","1047"
"1194","394069","20220802231000","1665","0","基隆市","中正區","121.750","25.135","1134"
"290","394070","20220802231000","264","1","基隆市","中正區","121.755","25.140","213"
"479","394072","20220802231000","543","0","基隆市","中正區","121.770","25.145","490"
"904","394074","20220802231000","1073","0","基隆市","暖暖區","121.730","25.095","910"
"342","394075","20220802231000","351","0","基隆市","暖暖區","121.735","25.105","381"
"454","394076","20220802231000","581","0","基隆市","暖暖區","121.735","25.110","435"
"517","394077","20220802231000","500","1","基隆市","暖暖區","121.740","25.100","562"
"636","394078","20220802231000","724","0","基隆市","中山區","121.735","25.135","669"
"323","394082","20220802231000","226","2","基隆市","安樂區","121.705","25.140","292"
"38","394085","20220802231000","17","3","基隆市","安樂區","121.700","25.145","24"
"1879","394090","20220802231000","1645","1","基隆市","安樂區","121.715","25.125","1941"
"2349","394091","20220802231000","2356","0","基隆市","仁愛區","121.740","25.125","2358"
"998","394092","20220802231000","1134","0","臺北市","大同區","121.510","25.070","1244"
"3660","394093","20220802231000","3837","0","新北市","三重區","121.500","25.055","4781"
"4229","394094","20220802231000","5546","0","新北市","三重區","121.500","25.065","5281"
"390","394095","20220802231000","555","0","基隆市","中山區","121.740","25.135","421"
"2855","394096","20220802231000","3513","0","基隆市","信義區","121.755","25.130","3048"
"972","394097","20220802231000","1180","0","基隆市","仁愛區","121.735","25.125","1005"
"417","394098","20220802231000","431","0","基隆市","安樂區","121.725","25.140","446"
"310","394099","20220802231000","1241","0","基隆市","安樂區","121.730","25.130","293"
"2313","394102","20220802231000","3150","0","新北市","五股區","121.450","25.105","3088"
"1020","394106","20220802231000","1084","0","新北市","五股區","121.440","25.090","1320"
"1246","394108","20220802231000","1185","1","新北市","五股區","121.440","25.095","1251"
"169","394109","20220802231000","262","0","新北市","五股區","121.430","25.100","237"
"123","394115","20220802231000","348","0","新北市","五股區","121.445","25.075","117"
"926","394118","20220802231000","1132","0","新北市","五股區","121.460","25.075","1178"
"1989","394121","20220802231000","1477","2","新北市","五股區","121.455","25.080","1812"
"110","394125","20220802231000","133","0","新北市","五股區","121.430","25.085","88"
"1165","394126","20220802231000","2085","0","新北市","五股區","121.435","25.085","1607"
"21","394127","20220802231000","25","0","新北市","五股區","121.420","25.090","33"
"1709","394129","20220802231000","3101","0","新北市","五股區","121.430","25.070","2273"
"1600","394130","20220802231000","1774","0","新北市","五股區","121.435","25.070","2140"
"388","394135","20220802231000","327","1","新北市","五股區","121.425","25.070","314"
"72","394136","20220802231000","27","3","新北市","林口區","121.405","25.075","64"
"73","394138","20220802231000","29","3","新北市","五股區","121.405","25.080","58"
"393","394139","20220802231000","530","0","新北市","新莊區","121.450","25.060","446"
"960","394141","20220802231000","974","0","新北市","新莊區","121.455","25.060","935"
"221","394142","20220802231000","295","0","新北市","五股區","121.450","25.070","219"
"621","394144","20220802231000","531","1","新北市","五股區","121.455","25.070","584"
"1075","394146","20220802231000","1316","0","新北市","五股區","121.465","25.070","1373"
"745","394147","20220802231000","603","2","新北市","五股區","121.465","25.075","654"
"98","394149","20220802231000","123","0","新北市","五股區","121.435","25.105","118"
"95","394150","20220802231000","117","0","新北市","五股區","121.420","25.110","130"
"23","394155","20220802231000","15","3","新北市","五股區","121.420","25.115","23"
"42","394166","20220802231000","30","2","新北市","五股區","121.425","25.120","19"
"60","394170","20220802231000","100","0","新北市","五股區","121.420","25.125","110"
"1106","394174","20220802231000","1109","0","基隆市","信義區","121.765","25.125","1208"
"1049","394175","20220802231000","954","1","基隆市","信義區","121.760","25.130","1090"
"650","394176","20220802231000","686","0","基隆市","中正區","121.760","25.135","691"
"438","394178","20220802231000","342","2","基隆市","七堵區","121.700","25.070","392"
"518","394179","20220802231000","532","0","基隆市","七堵區","121.695","25.075","593"
"1041","394181","20220802231000","1307","0","基隆市","七堵區","121.715","25.095","1144"
"837","394182","20220802231000","799","1","基隆市","七堵區","121.720","25.095","711"
"940","394185","20220802231000","894","1","基隆市","中山區","121.720","25.140","968"
"2562","394186","20220802231000","2795","0","基隆市","中山區","121.725","25.145","2644"
"980","394187","20220802231000","1135","0","新北市","五股區","121.435","25.090","1299"
"475","394188","20220802231000","729","0","新北市","五股區","121.440","25.080","667"
"585","394189","20220802231000","1227","0","新北市","五股區","121.440","25.085","745"
"79","394191","20220802231000","43","3","新北市","五股區","121.415","25.085","70"
"80","394193","20220802231000","100","0","新北市","五股區","121.415","25.090","107"
"91","394196","20220802231000","65","2","新北市","五股區","121.410","25.100","85"
"137","394202","20220802231000","203","0","新北市","五股區","121.405","25.110","188"
"24","394207","20220802231000","70","0","新北市","五股區","121.410","25.110","27"
"12","394208","20220802231000","19","0","新北市","八里區","121.400","25.115","17"
"195","394211","20220802231000","279","0","新北市","五股區","121.425","25.095","228"
"159","394214","20220802231000","746","0","新北市","泰山區","121.435","25.065","128"
"118","394216","20220802231000","136","0","新北市","五股區","121.415","25.075","124"
"92","394218","20220802231000","118","0","新北市","五股區","121.425","25.075","130"
"779","394220","20220802231000","762","1","新北市","五股區","121.435","25.075","934"
"32","394223","20220802231000","40","0","新北市","五股區","121.420","25.080","41"
"1073","394226","20220802231000","1131","0","新北市","五股區","121.435","25.080","1055"
"1405","394227","20220802231000","1225","1","新北市","五股區","121.445","25.090","1586"
"883","394229","20220802231000","885","0","新北市","五股區","121.445","25.095","1108"
"95","394230","20220802231000","404","0","新北市","五股區","121.450","25.095","75"
"663","394234","20220802231000","1440","0","新北市","五股區","121.450","25.100","813"
"4022","394235","20220802231000","5221","0","新北市","三重區","121.495","25.070","5059"
"2739","394236","20220802231000","3347","0","新北市","三重區","121.500","25.070","3548"
"3949","394237","20220802231000","5372","0","新北市","三重區","121.490","25.065","4778"
"3969","394238","20220802231000","2520","3","基隆市","中正區","121.785","25.135","4002"
"3146","394242","20220802231000","3405","0","基隆市","安樂區","121.720","25.120","3204"
"1051","394243","20220802231000","1937","0","新北市","三重區","121.505","25.060","1534"
"3090","394244","20220802231000","4936","0","新北市","三重區","121.480","25.060","4110"
"2209","394247","20220802231000","2330","0","新北市","三重區","121.485","25.070","2424"
"1330","394248","20220802231000","719","3","基隆市","中正區","121.790","25.135","1241"
"1132","394252","20220802231000","1220","0","基隆市","信義區","121.765","25.130","1193"
"89","394254","20220802231000","470","0","基隆市","信義區","121.770","25.135","83"
"1463","394258","20220802231000","1697","0","基隆市","信義區","121.770","25.130","1535"
"1003","394259","20220802231000","1209","0","基隆市","信義區","121.775","25.130","991"
"114","394262","20220802231000","83","2","基隆市","信義區","121.790","25.115","112"
"134","394265","20220802231000","65","3","基隆市","信義區","121.790","25.120","105"
"695","394266","20220802231000","497","2","基隆市","信義區","121.785","25.125","620"
"1778","394270","20220802231000","2376","0","基隆市","信義區","121.775","25.135","1938"
"721","394272","20220802231000","720","1","基隆市","安樂區","121.725","25.135","684"
"1389","394273","20220802231000","1750","0","基隆市","安樂區","121.715","25.140","1512"
"1997","394275","20220802231000","2505","0","基隆市","中山區","121.735","25.130","2091"
"442","394276","20220802231000","933","0","基隆市","安樂區","121.725","25.125","385"
"1460","394277","20220802231000","1493","0","基隆市","安樂區","121.725","25.130","1563"
"249","394278","20220802231000","357","0","基隆市","中山區","121.720","25.145","245"
"1591","394280","20220802231000","1927","0","基隆市","仁愛區","121.740","25.130","1676"
"970","394281","20220802231000","1002","0","基隆市","安樂區","121.730","25.135","1007"
"2589","394282","20220802231000","2966","0","新北市","三重區","121.490","25.075","3193"
"3865","394283","20220802231000","5493","0","新北市","三重區","121.490","25.060","4722"
"2047","394284","20220802231000","3069","0","新北市","三重區","121.495","25.060","2472"
"680","394285","20220802231000","622","1","基隆市","中山區","121.740","25.145","688"
"1875","394288","20220802231000","2104","0","基隆市","安樂區","121.710","25.140","1785"
"1518","394290","20220802231000","1306","1","基隆市","安樂區","121.710","25.150","1455"
"796","394291","20220802231000","574","2","基隆市","中山區","121.715","25.145","850"
"113","394292","20220802231000","398","0","新北市","三重區","121.485","25.065","114"
"604","394293","20220802231000","1037","0","臺北市","大同區","121.510","25.075","804"
"4052","394294","20220802231000","4786","0","新北市","三重區","121.500","25.060","4943"
"1706","394295","20220802231000","1325","2","新北市","三重區","121.475","25.055","1632"
"233","394297","20220802231000","225","1","新北市","五股區","121.460","25.070","350"
"926","394298","20220802231000","482","3","新北市","三重區","121.470","25.060","397"
"565","394299","20220802231000","1027","0","新北市","三重區","121.470","25.065","825"
"720","394301","20220802231000","678","1","新北市","三重區","121.505","25.075","768"
"1903","394302","20220802231000","2839","0","新北市","三重區","121.485","25.080","2466"
"281","394303","20220802231000","317","0","基隆市","中山區","121.740","25.140","271"
"864","394304","20220802231000","981","0","新北市","三重區","121.470","25.070","1149"
"275","394305","20220802231000","321","0","基隆市","信義區","121.780","25.135","252"
"681","394306","20220802231000","1638","0","基隆市","信義區","121.780","25.130","754"
"1295","394307","20220802231000","1134","1","基隆市","信義區","121.780","25.140","1217"
"616","394308","20220802231000","716","0","基隆市","中正區","121.785","25.140","553"
"382","394312","20220802231000","179","3","基隆市","信義區","121.775","25.125","310"
"1003","394313","20220802231000","1224","0","基隆市","信義區","121.780","25.125","1018"
"107","394317","20220802231000","116","0","新北市","瑞芳區","121.760","25.110","115"
"63","394320","20220802231000","48","2","基隆市","信義區","121.765","25.115","38"
"439","394321","20220802231000","354","2","基隆市","信義區","121.765","25.120","387"
"1650","394324","20220802231000","1303","2","基隆市","信義區","121.760","25.125","1453"
"1708","394325","20220802231000","2061","0","新北市","三重區","121.490","25.085","1607"
"1213","394326","20220802231000","666","3","新北市","三重區","121.490","25.090","928"
"422","394327","20220802231000","84","3","新北市","三重區","121.495","25.090","400"
"1385","394329","20220802231000","1438","0","新北市","三重區","121.475","25.070","1849"
"2221","394330","20220802231000","3347","0","新北市","三重區","121.480","25.070","2736"
"1603","394332","20220802231000","1299","2","新北市","泰山區","121.430","25.065","2268"
"823","394333","20220802231000","993","0","新北市","泰山區","121.440","25.060","1040"
"432","394335","20220802231000","406","1","基隆市","中山區","121.735","25.140","448"
"88","394336","20220802231000","1169","0","基隆市","中山區","121.730","25.140","102"
"228","394337","20220802231000","564","0","基隆市","暖暖區","121.735","25.100","162"
"26","394358","20220802231000","48","0","基隆市","暖暖區","121.755","25.075","28"
"45","394364","20220802231000","42","1","基隆市","暖暖區","121.745","25.085","54"
"777","394398","20220802231000","677","1","基隆市","暖暖區","121.740","25.090","761"
"32","394401","20220802231000","230","0","基隆市","暖暖區","121.735","25.095","32"
"26","394402","20220802231000","631","0","基隆市","暖暖區","121.740","25.095","29"
"3972","394404","20220802231000","4261","0","基隆市","暖暖區","121.755","25.095","4235"
"86","394405","20220802231000","817","0","基隆市","暖暖區","121.750","25.090","61"
"671","394407","20220802231000","406","3","基隆市","暖暖區","121.750","25.095","545"
"1725","394413","20220802231000","1620","1","基隆市","暖暖區","121.740","25.105","1659"
"268","394418","20220802231000","289","0","基隆市","暖暖區","121.730","25.100","263"
"1068","394422","20220802231000","1149","0","基隆市","安樂區","121.705","25.145","1095"
"2116","394423","20220802231000","1339","3","基隆市","安樂區","121.710","25.145","1948"
"2670","394426","20220802231000","3579","0","新北市","三重區","121.490","25.080","2895"
"1346","394427","20220802231000","2048","0","新北市","三重區","121.485","25.075","1525"
"3997","394428","20220802231000","4215","0","新北市","三重區","121.480","25.075","4163"
"46","394429","20220802231000","241","0","基隆市","中山區","121.735","25.145","36"
"4564","394430","20220802231000","5606","0","新北市","三重區","121.495","25.065","5638"
"2821","394435","20220802231000","2739","1","基隆市","仁愛區","121.745","25.125","2794"
"721","394436","20220802231000","934","0","基隆市","仁愛區","121.745","25.120","763"
"2798","394438","20220802231000","3142","0","新北市","三重區","121.485","25.060","2744"
"1567","394441","20220802231000","1513","1","基隆市","暖暖區","121.750","25.100","1673"
"796","394442","20220802231000","866","0","基隆市","安樂區","121.730","25.115","856"
"3683","394444","20220802231000","2913","2","基隆市","安樂區","121.725","25.120","3286"
"603","394447","20220802231000","1091","0","新北市","三重區","121.495","25.075","895"
"2337","394450","20220802231000","2713","0","新北市","三重區","121.495","25.085","2704"
"4135","394451","20220802231000","4651","0","新北市","三重區","121.480","25.065","4875"
"281","394458","20220802231000","301","0","基隆市","暖暖區","121.730","25.110","336"
"592","394461","20220802231000","470","2","基隆市","七堵區","121.700","25.075","667"
"194","394464","20220802231000","201","0","基隆市","七堵區","121.705","25.085","191"
"956","394466","20220802231000","929","1","基隆市","七堵區","121.705","25.090","897"
"211","394467","20220802231000","229","0","基隆市","七堵區","121.700","25.095","229"
"825","394470","20220802231000","804","1","基隆市","七堵區","121.665","25.090","781"
"31","394480","20220802231000","27","1","基隆市","七堵區","121.670","25.100","38"
"609","394492","20220802231000","408","2","基隆市","七堵區","121.670","25.105","557"
"49","394500","20220802231000","51","0","基隆市","七堵區","121.660","25.115","48"
"86","394518","20220802231000","82","1","基隆市","七堵區","121.660","25.130","81"
"116","394538","20220802231000","324","0","基隆市","七堵區","121.695","25.085","88"
"1104","394546","20220802231000","1368","0","基隆市","七堵區","121.685","25.075","1285"
"477","394547","20220802231000","389","2","基隆市","七堵區","121.690","25.075","559"
"1035","394550","20220802231000","843","2","基隆市","七堵區","121.690","25.085","1080"
"3158","394551","20220802231000","3741","0","基隆市","中正區","121.745","25.130","3031"
"169","394552","20220802231000","447","0","基隆市","仁愛區","121.740","25.120","144"
"1885","394553","20220802231000","1651","1","基隆市","信義區","121.750","25.130","1934"
"312","394554","20220802231000","635","0","基隆市","仁愛區","121.750","25.125","253"
"517","394555","20220802231000","813","0","基隆市","中正區","121.765","25.140","544"
"360","394556","20220802231000","216","3","基隆市","中正區","121.795","25.125","327"
"256","394559","20220802231000","162","3","基隆市","中正區","121.795","25.130","257"
"1494","394564","20220802231000","1605","0","基隆市","中正區","121.790","25.140","1529"
"1368","394565","20220802231000","1180","1","基隆市","中正區","121.795","25.140","1279"
"1746","394567","20220802231000","1536","1","基隆市","中正區","121.760","25.145","1693"
"1145","394570","20220802231000","941","2","基隆市","安樂區","121.715","25.120","1111"
"1291","394576","20220802231000","1578","0","基隆市","安樂區","121.715","25.130","1336"
"75","394582","20220802231000","63","1","基隆市","仁愛區","121.740","25.110","87"
"117","394583","20220802231000","97","2","基隆市","仁愛區","121.745","25.110","115"
"466","394586","20220802231000","498","0","基隆市","仁愛區","121.745","25.115","465"
"105","394587","20220802231000","90","1","基隆市","仁愛區","121.750","25.115","100"
"631","394590","20220802231000","219","3","基隆市","七堵區","121.710","25.100","506"
"2889","394592","20220802231000","2441","1","基隆市","七堵區","121.715","25.100","3033"
"517","394607","20220802231000","85","3","基隆市","七堵區","121.710","25.085","325"
"1656","394611","20220802231000","2055","0","基隆市","七堵區","121.710","25.090","1684"
"194","394613","20220802231000","303","0","基隆市","七堵區","121.720","25.090","233"
"34","394617","20220802231000","27","2","基隆市","七堵區","121.680","25.100","34"
"87","394625","20220802231000","76","1","基隆市","七堵區","121.695","25.105","80"
"50","394632","20220802231000","43","1","基隆市","七堵區","121.690","25.115","44"
"64","394634","20220802231000","61","1","基隆市","七堵區","121.700","25.115","63"
"16","394645","20220802231000","11","2","基隆市","安樂區","121.700","25.130","20"
"35","394660","20220802231000","89","0","基隆市","七堵區","121.680","25.120","43"
"44","394663","20220802231000","21","3","基隆市","七堵區","121.680","25.125","42"
"166","394685","20220802231000","194","0","新北市","蘆洲區","121.485","25.090","225"
"810","394686","20220802231000","794","1","新北市","汐止區","121.630","25.060","804"
"2038","394687","20220802231000","1359","2","新北市","汐止區","121.620","25.065","2935"
"1911","394688","20220802231000","2369","0","新北市","汐止區","121.625","25.065","2269"
"20","394694","20220802231000","20","1","新北市","八里區","121.415","25.145","19"
"657","394705","20220802231000","1226","0","新北市","八里區","121.450","25.140","822"
"40","394716","20220802231000","43","0","新北市","八里區","121.415","25.130","51"
"173","394724","20220802231000","130","2","新北市","八里區","121.410","25.145","137"
"48","394725","20220802231000","259","0","新北市","八里區","121.405","25.150","39"
"396","394726","20220802231000","449","0","新北市","八里區","121.410","25.150","430"
"72","394731","20220802231000","107","0","新北市","八里區","121.405","25.125","82"
"1366","394740","20220802231000","1501","0","新北市","蘆洲區","121.465","25.090","1745"
"3079","394741","20220802231000","3225","0","新北市","蘆洲區","121.460","25.085","3441"
"1643","394742","20220802231000","2079","0","新北市","蘆洲區","121.465","25.085","1770"
"1860","394743","20220802231000","2227","0","新北市","蘆洲區","121.460","25.090","2051"
"592","394744","20220802231000","1648","0","新北市","蘆洲區","121.460","25.095","760"
"387","394745","20220802231000","683","0","新北市","蘆洲區","121.475","25.075","313"
"1416","394746","20220802231000","1300","1","新北市","蘆洲區","121.475","25.090","1230"
"1577","394747","20220802231000","1645","0","新北市","蘆洲區","121.470","25.095","2089"
"70","394748","20220802231000","309","0","新北市","蘆洲區","121.475","25.095","46"
"893","394749","20220802231000","352","3","新北市","蘆洲區","121.470","25.100","761"
"992","394750","20220802231000","1834","0","新北市","新莊區","121.460","25.060","631"
"2136","394751","20220802231000","2447","0","新北市","新莊區","121.465","25.060","1974"
"1146","394752","20220802231000","1142","1","新北市","五股區","121.465","25.065","1491"
"392","394787","20220802231000","502","0","新北市","瑞芳區","121.770","25.100","365"
"24","394788","20220802231000","30","0","新北市","瑞芳區","121.775","25.100","23"
"91","394798","20220802231000","55","3","新北市","瑞芳區","121.825","25.085","75"
"475","394810","20220802231000","481","0","新北市","瑞芳區","121.820","25.120","486"
"1281","394819","20220802231000","1297","0","新北市","五股區","121.430","25.090","1366"
"2282","394821","20220802231000","2054","1","新北市","八里區","121.395","25.145","2485"
"52","394822","20220802231000","28","3","新北市","八里區","121.390","25.150","49"
"1899","394824","20220802231000","1470","2","新北市","八里區","121.400","25.150","1959"
"42","394829","20220802231000","46","0","新北市","八里區","121.400","25.100","53"
"81","394833","20220802231000","96","0","新北市","八里區","121.390","25.110","67"
"249","394843","20220802231000","373","0","新北市","林口區","121.375","25.120","246"
"441","394854","20220802231000","495","0","新北市","八里區","121.385","25.130","471"
"1983","394858","20220802231000","1619","2","新北市","瑞芳區","121.805","25.105","1303"
"16","394863","20220802231000","47","0","新北市","瑞芳區","121.795","25.085","23"
"85","394867","20220802231000","92","0","新北市","瑞芳區","121.795","25.090","91"
"572","394873","20220802231000","420","2","新北市","瑞芳區","121.785","25.095","596"
"107","394878","20220802231000","77","2","新北市","瑞芳區","121.790","25.100","87"
"533","394885","20220802231000","453","1","新北市","瑞芳區","121.790","25.110","577"
"77","394894","20220802231000","65","1","新北市","瑞芳區","121.825","25.090","79"
"295","394924","20220802231000","219","2","新北市","瑞芳區","121.760","25.100","313"
"15","394926","20220802231000","22","0","新北市","瑞芳區","121.760","25.105","24"
"48","394932","20220802231000","37","2","新北市","瑞芳區","121.775","25.110","54"
"100","394934","20220802231000","29","3","新北市","瑞芳區","121.770","25.115","71"
"390","394937","20220802231000","400","0","新北市","瑞芳區","121.845","25.110","390"
"102","394943","20220802231000","90","1","新北市","瑞芳區","121.830","25.095","100"
"295","394949","20220802231000","341","0","新北市","瑞芳區","121.840","25.095","319"
"241","394954","20220802231000","234","1","新北市","瑞芳區","121.850","25.105","225"
"270","394965","20220802231000","240","1","新北市","瑞芳區","121.815","25.105","286"
"82","394966","20220802231000","120","0","新北市","五股區","121.455","25.115","106"
"686","394972","20220802231000","494","2","新北市","八里區","121.450","25.125","677"
"1106","394973","20220802231000","1124","0","新北市","八里區","121.455","25.125","1248"
"674","394979","20220802231000","847","0","新北市","八里區","121.450","25.130","1085"
"496","394985","20220802231000","437","1","新北市","八里區","121.450","25.135","491"
"3069","394986","20220802231000","2344","2","新北市","汐止區","121.640","25.065","2784"
"308","394991","20220802231000","344","0","桃園市","觀音區","121.120","25.060","324"
"323","394992","20220802231000","415","0","桃園市","觀音區","121.125","25.060","348"
"21","394993","20220802231000","125","0","桃園市","觀音區","121.130","25.060","20"
"347","394996","20220802231000","336","1","桃園市","觀音區","121.110","25.065","394"
"506","395000","20220802231000","526","0","桃園市","觀音區","121.130","25.065","562"
"191","395008","20220802231000","195","0","桃園市","觀音區","121.135","25.060","178"
"1125","395014","20220802231000","1208","0","桃園市","蘆竹區","121.285","25.070","1100"
"204","395019","20220802231000","472","0","桃園市","蘆竹區","121.285","25.075","184"
"367","395023","20220802231000","441","0","桃園市","蘆竹區","121.285","25.080","444"
"549","395029","20220802231000","709","0","桃園市","蘆竹區","121.255","25.110","581"
"157","395030","20220802231000","210","0","桃園市","蘆竹區","121.260","25.110","153"
"221","395031","20220802231000","299","0","桃園市","蘆竹區","121.265","25.110","207"
"395","395032","20220802231000","301","2","桃園市","蘆竹區","121.270","25.110","371"
"197","395038","20220802231000","207","0","桃園市","蘆竹區","121.255","25.115","185"
"1159","395042","20220802231000","1910","0","桃園市","蘆竹區","121.295","25.060","1083"
"1143","395043","20220802231000","1109","1","桃園市","蘆竹區","121.300","25.060","1224"
"39","395046","20220802231000","20","3","桃園市","蘆竹區","121.315","25.060","31"
"12","395052","20220802231000","13","0","桃園市","蘆竹區","121.305","25.065","12"
"257","395057","20220802231000","244","1","新北市","瑞芳區","121.860","25.125","275"
"119","395083","20220802231000","248","0","新北市","雙溪區","121.875","25.090","214"
"47","395098","20220802231000","21","3","新北市","貢寮區","121.915","25.095","49"
"80","395109","20220802231000","91","0","新北市","貢寮區","121.920","25.105","94"
"321","395119","20220802231000","348","0","新北市","貢寮區","121.925","25.055","399"
"260","395121","20220802231000","259","1","新北市","貢寮區","121.925","25.060","272"
"60","395125","20220802231000","45","2","新北市","貢寮區","121.925","25.065","67"
"268","395129","20220802231000","431","0","新北市","新莊區","121.455","25.065","250"
"1316","395130","20220802231000","998","2","新北市","五股區","121.445","25.065","837"
"338","395131","20220802231000","575","0","新北市","泰山區","121.435","25.060","478"
"256","395132","20220802231000","395","0","新北市","汐止區","121.645","25.060","287"
"2456","395133","20220802231000","2710","0","新北市","汐止區","121.665","25.065","3373"
"226","395134","20220802231000","219","1","桃園市","蘆竹區","121.270","25.060","214"
"36","395135","20220802231000","606","0","桃園市","蘆竹區","121.275","25.060","425"
"783","395137","20220802231000","663","1","桃園市","蘆竹區","121.265","25.065","833"
"726","395141","20220802231000","815","0","桃園市","蘆竹區","121.270","25.070","757"
"3138","395143","20220802231000","4107","0","新北市","蘆洲區","121.470","25.090","3113"
"31","395145","20220802231000","42","0","新北市","瑞芳區","121.835","25.110","30"
"12","395147","20220802231000","13","0","新北市","瑞芳區","121.830","25.115","20"
"228","395149","20220802231000","163","2","新北市","瑞芳區","121.840","25.115","231"
"28","395156","20220802231000","150","0","新北市","瑞芳區","121.830","25.125","207"
"57","395157","20220802231000","14","3","新北市","瑞芳區","121.835","25.125","53"
"166","395163","20220802231000","447","0","新北市","瑞芳區","121.815","25.130","151"
"1405","395173","20220802231000","1560","0","新北市","瑞芳區","121.810","25.105","1791"
"1880","395174","20220802231000","2389","0","新北市","泰山區","121.445","25.060","2574"
"859","395175","20220802231000","659","2","新北市","五股區","121.450","25.065","879"
"1404","395176","20220802231000","1674","0","新北市","新莊區","121.460","25.065","1409"
"49","395186","20220802231000","41","1","新北市","萬里區","121.605","25.145","51"
"2404","395203","20220802231000","2712","0","新北市","蘆洲區","121.470","25.085","2577"
"94","395204","20220802231000","210","0","新北市","蘆洲區","121.465","25.095","86"
"22","395205","20220802231000","20","1","新北市","蘆洲區","121.465","25.100","28"
"2733","395206","20220802231000","2279","1","新北市","汐止區","121.630","25.065","2846"
"2373","395207","20220802231000","2311","1","新北市","汐止區","121.630","25.070","2495"
"1585","395208","20220802231000","2032","0","新北市","汐止區","121.645","25.065","1473"
"34","395223","20220802231000","25","2","新北市","瑞芳區","121.820","25.060","34"
"86","395239","20220802231000","47","3","新北市","瑞芳區","121.840","25.105","115"
"170","395245","20220802231000","172","0","新北市","瑞芳區","121.855","25.105","171"
"110","395253","20220802231000","79","2","新北市","瑞芳區","121.915","25.120","121"
"234","395254","20220802231000","271","0","新北市","瑞芳區","121.915","25.125","234"
"304","395256","20220802231000","231","2","新北市","瑞芳區","121.795","25.110","370"
"23","395257","20220802231000","632","0","新北市","瑞芳區","121.800","25.110","18"
"113","395269","20220802231000","109","1","新北市","泰山區","121.385","25.065","110"
"464","395270","20220802231000","290","3","桃園市","龜山區","121.390","25.060","555"
"227","395273","20220802231000","140","3","新北市","泰山區","121.390","25.065","232"
"1643","395280","20220802231000","1653","0","新北市","淡水區","121.465","25.135","1442"
"12","395284","20220802231000","17","0","新北市","雙溪區","121.855","25.050","14"
"257","395287","20220802231000","246","1","新北市","雙溪區","121.850","25.055","279"
"3307","395319","20220802231000","4139","0","新北市","三重區","121.495","25.080","3869"
"1567","395320","20220802231000","2427","0","新北市","三重區","121.475","25.060","1959"
"538","395322","20220802231000","825","0","新北市","五股區","121.455","25.105","750"
"37","395323","20220802231000","51","0","新北市","五股區","121.450","25.110","49"
"29","395324","20220802231000","95","0","新北市","五股區","121.455","25.110","59"
"133","395329","20220802231000","774","0","新北市","五股區","121.445","25.105","208"
"45","395331","20220802231000","84","0","新北市","五股區","121.445","25.110","52"
"26","395344","20220802231000","109","0","新北市","八里區","121.375","25.140","23"
"270","395346","20220802231000","382","0","新北市","八里區","121.385","25.140","306"
"117","395349","20220802231000","74","3","新北市","瑞芳區","121.800","25.100","111"
"661","395350","20220802231000","702","0","新北市","瑞芳區","121.800","25.105","687"
"504","395351","20220802231000","518","0","新北市","瑞芳區","121.820","25.105","524"
"340","395356","20220802231000","647","0","新北市","汐止區","121.670","25.065","507"
"1023","395357","20220802231000","1471","0","新北市","汐止區","121.670","25.070","1092"
"823","395361","20220802231000","727","1","桃園市","蘆竹區","121.285","25.060","803"
"1070","395362","20220802231000","654","3","桃園市","蘆竹區","121.290","25.060","1166"
"35","395363","20220802231000","94","0","桃園市","蘆竹區","121.320","25.060","45"
"291","395367","20220802231000","240","2","桃園市","觀音區","121.140","25.065","279"
"696","395388","20220802231000","506","2","桃園市","蘆竹區","121.265","25.085","703"
"96","395395","20220802231000","141","0","桃園市","蘆竹區","121.265","25.095","105"
"304","395397","20220802231000","169","3","桃園市","蘆竹區","121.275","25.095","293"
"767","395400","20220802231000","566","2","桃園市","蘆竹區","121.260","25.100","801"
"18","395417","20220802231000","18","1","桃園市","蘆竹區","121.330","25.065","23"
"176","395420","20220802231000","102","3","桃園市","蘆竹區","121.325","25.065","180"
"71","395423","20220802231000","43","3","桃園市","蘆竹區","121.340","25.070","72"
"224","395424","20220802231000","184","2","桃園市","蘆竹區","121.345","25.065","221"
"16","395433","20220802231000","157","0","桃園市","蘆竹區","121.315","25.075","18"
"16","395434","20220802231000","63","0","桃園市","蘆竹區","121.320","25.075","15"
"42","395436","20220802231000","31","2","桃園市","蘆竹區","121.330","25.075","44"
"175","395447","20220802231000","214","0","桃園市","蘆竹區","121.300","25.080","178"
"228","395448","20220802231000","216","1","桃園市","蘆竹區","121.305","25.080","241"
"64","395464","20220802231000","60","1","桃園市","蘆竹區","121.325","25.090","68"
"1164","395471","20220802231000","1003","1","桃園市","蘆竹區","121.280","25.085","1184"
"858","395473","20220802231000","702","2","桃園市","蘆竹區","121.290","25.085","930"
"18","395480","20220802231000","15","2","桃園市","蘆竹區","121.295","25.095","13"
"2444","395483","20220802231000","3213","0","新北市","蘆洲區","121.470","25.080","3002"
"4030","395484","20220802231000","4909","0","新北市","蘆洲區","121.465","25.080","5039"
"4956","395485","20220802231000","6750","0","新北市","三重區","121.485","25.085","5231"
"2315","395486","20220802231000","2833","0","新北市","蘆洲區","121.455","25.090","2899"
"1821","395487","20220802231000","2273","0","新北市","蘆洲區","121.475","25.080","1943"
"1479","395488","20220802231000","1497","0","新北市","汐止區","121.665","25.075","1136"
"892","395489","20220802231000","1144","0","新北市","汐止區","121.650","25.060","991"
"4013","395490","20220802231000","2818","2","新北市","汐止區","121.655","25.060","4434"
"30","395491","20220802231000","22","2","新北市","汐止區","121.625","25.070","27"
"439","395492","20220802231000","420","1","新北市","汐止區","121.625","25.075","373"
"1627","395493","20220802231000","1603","1","新北市","汐止區","121.630","25.080","1832"
"403","395495","20220802231000","447","0","新北市","汐止區","121.650","25.080","365"
"1301","395499","20220802231000","1321","0","新北市","汐止區","121.645","25.090","1244"
"100","395501","20220802231000","54","3","新北市","汐止區","121.655","25.090","32"
"188","395508","20220802231000","445","0","新北市","汐止區","121.650","25.055","208"
"1854","395509","20220802231000","2671","0","新北市","汐止區","121.655","25.055","2789"
"753","395512","20220802231000","1250","0","新北市","汐止區","121.655","25.065","962"
"39","395526","20220802231000","33","1","新北市","汐止區","121.715","25.055","37"
"187","395530","20220802231000","147","2","新北市","汐止區","121.700","25.060","187"
"890","395539","20220802231000","1164","0","新北市","汐止區","121.635","25.055","1197"
"1922","395541","20220802231000","2241","0","新北市","汐止區","121.635","25.060","2332"
"2186","395542","20220802231000","1932","1","新北市","汐止區","121.640","25.060","2559"
"2320","395544","20220802231000","2664","0","新北市","林口區","121.375","25.070","2680"
"1200","395546","20220802231000","955","2","新北市","林口區","121.400","25.075","1313"
"688","395548","20220802231000","451","3","新北市","林口區","121.400","25.080","624"
"110","395549","20220802231000","142","0","新北市","林口區","121.400","25.085","112"
"234","395550","20220802231000","234","1","新北市","林口區","121.405","25.085","270"
"33","395553","20220802231000","18","3","新北市","林口區","121.405","25.095","29"
"89","395555","20220802231000","226","0","新北市","林口區","121.405","25.100","82"
"68","395557","20220802231000","254","0","新北市","林口區","121.400","25.065","90"
"2604","395558","20220802231000","2092","2","新北市","林口區","121.390","25.075","2762"
"1161","395559","20220802231000","1321","0","新北市","林口區","121.395","25.075","1204"
"72","395560","20220802231000","38","3","新北市","林口區","121.385","25.090","36"
"874","395561","20220802231000","726","2","新北市","林口區","121.390","25.090","916"
"588","395565","20220802231000","706","0","新北市","林口區","121.385","25.100","631"
"123","395570","20220802231000","91","2","新北市","林口區","121.385","25.110","122"
"6166","395571","20220802231000","3805","3","新北市","林口區","121.375","25.075","5760"
"1024","395572","20220802231000","1136","0","新北市","林口區","121.380","25.075","1120"
"1587","395574","20220802231000","1757","0","新北市","林口區","121.370","25.080","1691"
"2020","395575","20220802231000","1187","3","新北市","林口區","121.375","25.080","1789"
"1968","395576","20220802231000","980","3","新北市","林口區","121.380","25.080","1766"
"838","395579","20220802231000","657","2","新北市","林口區","121.370","25.085","881"
"2109","395580","20220802231000","2638","0","新北市","林口區","121.375","25.085","2293"
"29","395587","20220802231000","46","0","新北市","林口區","121.365","25.110","41"
"35","395603","20220802231000","37","0","新北市","林口區","121.390","25.080","30"
"458","395604","20220802231000","387","1","新北市","林口區","121.385","25.085","474"
"816","395606","20220802231000","798","1","新北市","汐止區","121.655","25.070","537"
"2639","395607","20220802231000","2279","1","新北市","汐止區","121.660","25.070","2523"
"45","395616","20220802231000","34","2","桃園市","大園區","121.260","25.065","43"
"549","395617","20220802231000","608","0","新北市","汐止區","121.635","25.070","592"
"2844","395618","20220802231000","2142","2","新北市","汐止區","121.640","25.070","2838"
"455","395619","20220802231000","735","0","新北市","汐止區","121.640","25.075","681"
"2260","395622","20220802231000","2204","1","新北市","汐止區","121.640","25.080","2371"
"396","395623","20220802231000","455","0","新北市","汐止區","121.635","25.085","417"
"816","395625","20220802231000","690","1","新北市","汐止區","121.635","25.075","661"
"228","395628","20220802231000","210","1","新北市","汐止區","121.640","25.100","246"
"109","395641","20220802231000","79","2","新北市","汐止區","121.620","25.115","111"
"59","395643","20220802231000","56","1","新北市","汐止區","121.630","25.115","71"
"41","395653","20220802231000","46","0","新北市","汐止區","121.605","25.125","35"
"677","395667","20220802231000","474","2","新北市","汐止區","121.615","25.135","479"
"1818","395672","20220802231000","1756","1","新北市","淡水區","121.460","25.130","1389"
"2733","395673","20220802231000","4109","0","新北市","淡水區","121.460","25.135","2916"
"2277","395675","20220802231000","2987","0","新北市","淡水區","121.460","25.140","2216"
"1065","395676","20220802231000","804","2","新北市","淡水區","121.465","25.140","1004"
"970","395691","20220802231000","1086","0","新北市","汐止區","121.675","25.065","1369"
"1039","395692","20220802231000","1596","0","新北市","汐止區","121.665","25.080","1497"
"476","395698","20220802231000","694","0","新北市","汐止區","121.670","25.075","282"
"713","395699","20220802231000","879","0","新北市","汐止區","121.675","25.075","729"
"385","395701","20220802231000","331","1","新北市","汐止區","121.610","25.105","357"
"186","395703","20220802231000","170","1","新北市","汐止區","121.605","25.110","201"
"1229","395715","20220802231000","2095","0","新北市","泰山區","121.430","25.060","1562"
"95","395716","20220802231000","813","0","新北市","泰山區","121.425","25.060","66"
"1071","395717","20220802231000","1760","0","新北市","泰山區","121.425","25.065","801"
"2308","395718","20220802231000","3095","0","新北市","蘆洲區","121.480","25.090","3109"
"350","395719","20220802231000","538","0","新北市","蘆洲區","121.480","25.095","541"
"56","395724","20220802231000","33","3","桃園市","蘆竹區","121.300","25.100","50"
"172","395727","20220802231000","251","0","新北市","林口區","121.290","25.105","223"
"340","395732","20220802231000","265","2","新北市","林口區","121.315","25.105","260"
"28","395735","20220802231000","49","0","新北市","林口區","121.295","25.110","31"
"64","395748","20220802231000","96","0","新北市","林口區","121.295","25.115","73"
"130","395749","20220802231000","108","2","新北市","林口區","121.300","25.115","126"
"72","395752","20220802231000","68","1","新北市","林口區","121.295","25.120","87"
"2830","395755","20220802231000","3250","0","新北市","林口區","121.385","25.080","3002"
"1212","395756","20220802231000","747","3","新北市","林口區","121.380","25.085","944"
"538","395757","20220802231000","675","0","新北市","林口區","121.375","25.090","605"
"3662","395768","20220802231000","4077","0","新北市","林口區","121.365","25.065","3745"
"3041","395769","20220802231000","2885","1","新北市","汐止區","121.665","25.070","3263"
"30","395773","20220802231000","30","1","新北市","汐止區","121.675","25.070","29"
"358","395774","20220802231000","497","0","新北市","汐止區","121.680","25.070","485"
"118","395775","20220802231000","183","0","新北市","汐止區","121.685","25.070","178"
"383","395777","20220802231000","676","0","新北市","汐止區","121.675","25.080","400"
"625","395784","20220802231000","545","1","新北市","汐止區","121.645","25.080","515"
"50","395791","20220802231000","136","0","新北市","汐止區","121.640","25.095","62"
"270","395805","20220802231000","586","0","新北市","林口區","121.390","25.070","291"
"893","395806","20220802231000","530","3","新北市","林口區","121.385","25.075","851"
"148","395809","20220802231000","134","1","新北市","林口區","121.345","25.085","158"
"16","395828","20220802231000","10","3","新北市","林口區","121.315","25.100","15"
"23","395833","20220802231000","43","0","新北市","林口區","121.340","25.100","22"
"55","395837","20220802231000","29","3","新北市","林口區","121.330","25.105","39"
"3651","395840","20220802231000","2792","2","桃園市","龜山區","121.375","25.065","3023"
"1914","395843","20220802231000","997","3","新北市","林口區","121.360","25.065","1570"
"268","395844","20220802231000","175","3","新北市","林口區","121.350","25.070","284"
"1530","395846","20220802231000","1386","1","新北市","林口區","121.360","25.070","1590"
"5004","395847","20220802231000","3878","2","新北市","林口區","121.370","25.070","4623"
"66","395848","20220802231000","47","2","新北市","林口區","121.345","25.075","64"
"1352","395850","20220802231000","1096","2","新北市","林口區","121.355","25.075","1419"
"2654","395853","20220802231000","1354","3","新北市","林口區","121.370","25.075","2362"
"1127","395854","20220802231000","1507","0","新北市","林口區","121.350","25.080","1168"
"361","395858","20220802231000","310","1","新北市","林口區","121.345","25.100","369"
"51","395862","20220802231000","77","0","新北市","林口區","121.340","25.105","63"
"74","395869","20220802231000","63","1","新北市","林口區","121.340","25.110","93"
"122","395881","20220802231000","104","1","新北市","林口區","121.320","25.115","114"
"10","395883","20220802231000","17","0","新北市","林口區","121.330","25.115","14"
"101","395900","20220802231000","72","2","新北市","林口區","121.345","25.125","104"
"4955","395909","20220802231000","6657","0","新北市","蘆洲區","121.480","25.080","6509"
"209","395910","20220802231000","355","0","新北市","蘆洲區","121.455","25.085","195"
"3040","395911","20220802231000","2732","1","新北市","林口區","121.365","25.070","3191"
"49","395949","20220802231000","42","1","新北市","平溪區","121.790","25.070","52"
"665","395961","20220802231000","777","0","新北市","汐止區","121.630","25.055","851"
"677","395962","20220802231000","722","0","新北市","汐止區","121.625","25.060","756"
"833","395965","20220802231000","1382","0","新北市","蘆洲區","121.470","25.075","1057"
"2758","395966","20220802231000","2496","1","桃園市","龜山區","121.370","25.060","2547"
"1306","395968","20220802231000","993","2","桃園市","龜山區","121.380","25.060","1370"
"614","395969","20220802231000","409","3","桃園市","龜山區","121.375","25.060","652"
"5088","395972","20220802231000","5784","0","臺北市","中山區","121.530","25.060","4930"
"815","395973","20220802231000","939","0","桃園市","大園區","121.245","25.105","892"
"24","395977","20220802231000","16","3","桃園市","大園區","121.250","25.110","11"
"517","395980","20220802231000","603","0","桃園市","大園區","121.180","25.065","506"
"843","395981","20220802231000","1032","0","桃園市","大園區","121.190","25.060","902"
"440","395982","20220802231000","434","1","桃園市","大園區","121.195","25.060","346"
"259","395983","20220802231000","343","0","桃園市","大園區","121.185","25.065","275"
"755","395984","20220802231000","699","1","桃園市","大園區","121.190","25.065","788"
"507","395990","20220802231000","626","0","桃園市","大園區","121.250","25.095","523"
"28","395991","20220802231000","19","2","桃園市","大園區","121.255","25.095","24"
"74","395992","20220802231000","128","0","桃園市","大園區","121.235","25.100","74"
"952","395998","20220802231000","1247","0","桃園市","大園區","121.260","25.070","1063"
"1094","395999","20220802231000","955","1","桃園市","大園區","121.255","25.075","1015"
"2546","396009","20220802231000","2647","0","臺北市","中山區","121.530","25.070","2470"
"2849","396012","20220802231000","3902","0","臺北市","中山區","121.530","25.065","2650"
"3986","396013","20220802231000","4594","0","臺北市","中山區","121.540","25.060","3970"
"406","396014","20220802231000","419","0","臺北市","中山區","121.555","25.075","441"
"1948","396015","20220802231000","2074","0","臺北市","中山區","121.550","25.080","1126"
"2586","396016","20220802231000","1938","2","臺北市","中山區","121.555","25.080","2590"
"1471","396018","20220802231000","1411","1","臺北市","中山區","121.525","25.080","1542"
"199","396020","20220802231000","313","0","臺北市","中山區","121.535","25.080","274"
"1382","396021","20220802231000","1437","0","臺北市","中山區","121.540","25.080","1483"
"115","396022","20220802231000","311","0","臺北市","中山區","121.535","25.085","117"
"3040","396025","20220802231000","3412","0","新北市","蘆洲區","121.480","25.085","3388"
"883","396033","20220802231000","1465","0","新北市","泰山區","121.420","25.065","1006"
"498","396035","20220802231000","268","3","新北市","泰山區","121.440","25.065","497"
"44","396038","20220802231000","87","0","新北市","泰山區","121.410","25.070","63"
"117","396040","20220802231000","102","1","新北市","淡水區","121.460","25.145","112"
"2308","396044","20220802231000","2680","0","臺北市","大同區","121.510","25.065","2275"
"1634","396045","20220802231000","1839","0","臺北市","大同區","121.515","25.075","1653"
"3429","396046","20220802231000","2999","1","臺北市","大同區","121.510","25.060","3062"
"4083","396047","20220802231000","4031","1","臺北市","松山區","121.545","25.060","3978"
"5251","396048","20220802231000","6343","0","臺北市","中山區","121.525","25.060","5303"
"2306","396049","20220802231000","2786","0","新北市","蘆洲區","121.460","25.080","2339"
"2508","396050","20220802231000","3045","0","新北市","蘆洲區","121.475","25.085","3290"
"490","396053","20220802231000","489","1","新北市","貢寮區","121.920","25.050","487"
"132","396054","20220802231000","87","3","新北市","貢寮區","121.925","25.050","135"
"34","396057","20220802231000","32","1","新北市","貢寮區","121.900","25.050","39"
"43","396059","20220802231000","34","2","新北市","貢寮區","121.890","25.055","50"
"97","396074","20220802231000","67","2","新北市","貢寮區","121.900","25.065","81"
"624","396088","20220802231000","388","3","新北市","瑞芳區","121.805","25.110","845"
"183","396089","20220802231000","99","3","新北市","瑞芳區","121.810","25.110","166"
"1327","396099","20220802231000","1635","0","桃園市","龜山區","121.385","25.060","1144"
"1730","396100","20220802231000","2241","0","臺北市","中山區","121.540","25.055","1799"
"1900","396101","20220802231000","2221","0","臺北市","松山區","121.540","25.070","1714"
"982","396102","20220802231000","1258","0","臺北市","中山區","121.535","25.070","980"
"604","396103","20220802231000","374","3","臺北市","內湖區","121.615","25.075","620"
"4212","396104","20220802231000","4326","0","臺北市","內湖區","121.610","25.070","4132"
"3429","396105","20220802231000","3432","0","臺北市","北投區","121.500","25.140","3323"
"1749","396106","20220802231000","2425","0","臺北市","北投區","121.505","25.140","1725"
"365","396112","20220802231000","393","0","臺北市","北投區","121.485","25.115","289"
"60","396118","20220802231000","70","0","臺北市","北投區","121.485","25.120","91"
"1658","396121","20220802231000","1783","0","臺北市","北投區","121.500","25.120","1659"
"3517","396123","20220802231000","2214","3","臺北市","北投區","121.500","25.125","3420"
"3544","396124","20220802231000","3447","1","臺北市","北投區","121.510","25.115","3444"
"2829","396126","20220802231000","3412","0","臺北市","中山區","121.535","25.065","2835"
"1836","396127","20220802231000","2261","0","臺北市","中山區","121.550","25.085","1915"
"646","396128","20220802231000","1017","0","臺北市","中山區","121.555","25.085","669"
"2099","396130","20220802231000","2492","0","新北市","三重區","121.505","25.065","2084"
"2087","396131","20220802231000","2851","0","臺北市","中山區","121.525","25.070","1959"
"2536","396132","20220802231000","2152","1","新北市","三重區","121.505","25.070","2002"
"471","396133","20220802231000","183","3","桃園市","蘆竹區","121.280","25.065","347"
"1299","396134","20220802231000","1023","2","桃園市","蘆竹區","121.285","25.065","1327"
"577","396135","20220802231000","390","2","桃園市","蘆竹區","121.290","25.065","615"
"461","396136","20220802231000","358","2","桃園市","蘆竹區","121.275","25.070","447"
"585","396144","20220802231000","712","0","桃園市","龜山區","121.355","25.060","551"
"2517","396145","20220802231000","2980","0","桃園市","龜山區","121.365","25.060","2473"
"169","396146","20220802231000","141","1","桃園市","蘆竹區","121.340","25.065","157"
"340","396149","20220802231000","351","0","新北市","林口區","121.355","25.065","417"
"178","396150","20220802231000","141","2","桃園市","龜山區","121.355","25.055","193"
"849","396151","20220802231000","893","0","新北市","林口區","121.370","25.065","921"
"4510","396157","20220802231000","4897","0","臺北市","內湖區","121.620","25.070","4161"
"4127","396158","20220802231000","4129","0","臺北市","內湖區","121.595","25.080","4080"
"350","396159","20220802231000","620","0","臺北市","內湖區","121.600","25.080","390"
"40","396164","20220802231000","69","0","臺北市","北投區","121.505","25.150","54"
"771","396165","20220802231000","420","3","臺北市","北投區","121.505","25.125","703"
"1439","396166","20220802231000","929","3","臺北市","北投區","121.510","25.125","1402"
"1366","396168","20220802231000","1439","0","臺北市","北投區","121.505","25.130","1786"
"21","396169","20220802231000","58","0","臺北市","北投區","121.510","25.130","13"
"198","396170","20220802231000","412","0","臺北市","北投區","121.515","25.130","364"
"33","396172","20220802231000","64","0","臺北市","北投區","121.510","25.105","106"
"270","396173","20220802231000","300","0","臺北市","北投區","121.505","25.110","260"
"1033","396175","20220802231000","1201","0","臺北市","南港區","121.595","25.055","1034"
"772","396176","20220802231000","941","0","臺北市","南港區","121.600","25.050","758"
"1021","396177","20220802231000","1236","0","臺北市","南港區","121.590","25.055","953"
"3259","396178","20220802231000","3381","0","臺北市","內湖區","121.595","25.060","3061"
"464","396179","20220802231000","659","0","臺北市","內湖區","121.600","25.060","565"
"49","396189","20220802231000","39","2","新北市","雙溪區","121.880","25.060","59"
"20","396205","20220802231000","10","3","新北市","雙溪區","121.845","25.060","12"
"25","396219","20220802231000","21","1","新北市","雙溪區","121.850","25.075","25"
"3009","396233","20220802231000","2740","1","桃園市","龜山區","121.360","25.060","3162"
"529","396237","20220802231000","623","0","臺北市","士林區","121.545","25.100","570"
"763","396238","20220802231000","809","0","臺北市","士林區","121.550","25.100","699"
"92","396243","20220802231000","122","0","臺北市","士林區","121.560","25.105","85"
"1721","396246","20220802231000","1560","1","臺北市","士林區","121.535","25.105","1609"
"102","396247","20220802231000","203","0","臺北市","士林區","121.545","25.110","92"
"1034","396248","20220802231000","1061","0","臺北市","士林區","121.535","25.110","956"
"43","396249","20220802231000","85","0","臺北市","士林區","121.550","25.115","66"
"16","396253","20220802231000","19","0","臺北市","士林區","121.570","25.135","22"
"141","396255","20220802231000","106","2","臺北市","士林區","121.560","25.140","145"
"35","396258","20220802231000","77","0","臺北市","士林區","121.555","25.145","50"
"68","396259","20220802231000","137","0","臺北市","士林區","121.560","25.145","95"
"224","396260","20220802231000","210","1","臺北市","士林區","121.565","25.145","219"
"138","396262","20220802231000","176","0","臺北市","士林區","121.555","25.150","195"
"86","396263","20220802231000","85","1","臺北市","士林區","121.560","25.150","94"
"2688","396266","20220802231000","2724","0","臺北市","士林區","121.510","25.085","2382"
"3361","396267","20220802231000","4623","0","臺北市","北投區","121.520","25.110","3315"
"1855","396268","20220802231000","1814","1","臺北市","北投區","121.520","25.115","1884"
"1308","396269","20220802231000","1499","0","臺北市","北投區","121.520","25.105","1302"
"1678","396270","20220802231000","2303","0","臺北市","士林區","121.525","25.100","1659"
"40","396271","20220802231000","37","1","臺北市","士林區","121.545","25.130","45"
"795","396273","20220802231000","2104","0","臺北市","士林區","121.540","25.135","828"
"193","396274","20220802231000","263","0","臺北市","士林區","121.545","25.135","175"
"1131","396276","20220802231000","2059","0","臺北市","士林區","121.545","25.140","1118"
"14","396277","20220802231000","12","1","臺北市","士林區","121.550","25.140","14"
"214","396278","20220802231000","136","3","臺北市","士林區","121.550","25.145","201"
"1626","396280","20220802231000","1537","1","臺北市","士林區","121.530","25.100","1381"
"926","396281","20220802231000","1266","0","臺北市","士林區","121.535","25.100","775"
"912","396282","20220802231000","851","1","臺北市","士林區","121.530","25.085","929"
"30","396283","20220802231000","26","1","臺北市","士林區","121.530","25.090","27"
"1386","396285","20220802231000","1516","0","臺北市","士林區","121.530","25.095","1248"
"599","396286","20220802231000","594","1","臺北市","士林區","121.535","25.095","489"
"2181","396289","20220802231000","2363","0","臺北市","士林區","121.520","25.080","2170"
"2051","396290","20220802231000","1993","1","臺北市","士林區","121.525","25.085","2150"
"408","396294","20220802231000","508","0","臺北市","士林區","121.565","25.105","386"
"2553","396296","20220802231000","2755","0","臺北市","內湖區","121.575","25.075","2623"
"1214","396297","20220802231000","1144","1","臺北市","內湖區","121.575","25.085","1190"
"1490","396299","20220802231000","1416","1","臺北市","北投區","121.495","25.145","1382"
"4256","396301","20220802231000","4519","0","臺北市","士林區","121.525","25.115","4125"
"1302","396302","20220802231000","1247","1","臺北市","內湖區","121.575","25.055","1332"
"686","396303","20220802231000","633","1","臺北市","內湖區","121.575","25.060","779"
"407","396304","20220802231000","495","0","臺北市","內湖區","121.585","25.055","423"
"927","396305","20220802231000","1127","0","臺北市","內湖區","121.580","25.065","856"
"477","396306","20220802231000","428","1","臺北市","內湖區","121.575","25.065","477"
"887","396307","20220802231000","955","0","臺北市","內湖區","121.575","25.070","887"
"799","396308","20220802231000","872","0","臺北市","內湖區","121.585","25.065","817"
"384","396309","20220802231000","564","0","臺北市","中山區","121.570","25.075","384"
"1322","396310","20220802231000","1328","0","臺北市","內湖區","121.580","25.070","1280"
"153","396311","20220802231000","103","2","臺北市","內湖區","121.585","25.080","164"
"3409","396312","20220802231000","3383","1","臺北市","內湖區","121.590","25.080","3345"
"801","396313","20220802231000","935","0","臺北市","內湖區","121.585","25.085","759"
"696","396314","20220802231000","727","0","臺北市","內湖區","121.595","25.065","765"
"1212","396315","20220802231000","1433","0","臺北市","內湖區","121.600","25.065","1128"
"1255","396316","20220802231000","2291","0","臺北市","內湖區","121.595","25.070","1347"
"1074","396317","20220802231000","1217","0","臺北市","內湖區","121.600","25.070","1036"
"259","396318","20220802231000","161","3","桃園市","大園區","121.200","25.060","218"
"286","396320","20220802231000","222","2","桃園市","大園區","121.200","25.065","278"
"293","396322","20220802231000","256","1","桃園市","大園區","121.200","25.070","335"
"97","396333","20220802231000","229","0","桃園市","大園區","121.230","25.095","86"
"136","396335","20220802231000","105","2","桃園市","大園區","121.210","25.100","153"
"263","396349","20220802231000","251","1","桃園市","大園區","121.230","25.110","283"
"1934","396355","20220802231000","1970","0","臺北市","北投區","121.505","25.120","1831"
"2803","396356","20220802231000","3016","0","臺北市","北投區","121.510","25.120","2744"
"434","396357","20220802231000","421","1","臺北市","北投區","121.510","25.135","417"
"595","396358","20220802231000","433","2","臺北市","北投區","121.515","25.135","646"
"193","396360","20220802231000","217","0","臺北市","北投區","121.510","25.140","312"
"250","396361","20220802231000","656","0","臺北市","北投區","121.515","25.140","243"
"129","396363","20220802231000","205","0","臺北市","北投區","121.525","25.145","133"
"978","396366","20220802231000","1140","0","臺北市","北投區","121.485","25.135","965"
"1725","396368","20220802231000","1737","0","臺北市","北投區","121.485","25.140","2093"
"3118","396370","20220802231000","3167","0","臺北市","士林區","121.525","25.105","2913"
"3628","396371","20220802231000","4117","0","臺北市","士林區","121.530","25.105","3866"
"2881","396372","20220802231000","3179","0","臺北市","北投區","121.515","25.110","3289"
"2053","396373","20220802231000","2601","0","臺北市","士林區","121.520","25.100","2048"
"1552","396376","20220802231000","2623","0","臺北市","士林區","121.530","25.125","1659"
"493","396377","20220802231000","775","0","臺北市","北投區","121.525","25.130","492"
"992","396378","20220802231000","1019","0","臺北市","北投區","121.530","25.130","1003"
"35","396380","20220802231000","33","1","臺北市","士林區","121.530","25.135","36"
"2712","396382","20220802231000","3099","0","臺北市","北投區","121.515","25.115","2716"
"617","396383","20220802231000","1277","0","臺北市","北投區","121.515","25.120","634"
"1828","396384","20220802231000","2009","0","臺北市","北投區","121.520","25.120","1867"
"3991","396385","20220802231000","3924","1","臺北市","北投區","121.525","25.120","3767"
"582","396395","20220802231000","564","1","臺北市","松山區","121.545","25.070","500"
"605","396397","20220802231000","302","3","臺北市","中山區","121.540","25.065","942"
"928","396398","20220802231000","783","1","臺北市","中山區","121.535","25.075","883"
"790","396399","20220802231000","508","3","臺北市","松山區","121.550","25.075","798"
"3674","396400","20220802231000","4297","0","臺北市","中山區","121.545","25.080","3751"
"791","396401","20220802231000","1008","0","臺北市","中山區","121.545","25.085","958"
"1543","396404","20220802231000","1415","1","臺北市","北投區","121.495","25.140","1504"
"902","396405","20220802231000","2381","0","臺北市","北投區","121.515","25.105","938"
"5314","396406","20220802231000","6272","0","臺北市","中山區","121.525","25.065","5175"
"3855","396407","20220802231000","4744","0","臺北市","士林區","121.535","25.115","3694"
"1551","396408","20220802231000","2204","0","臺北市","士林區","121.525","25.090","1523"
"773","396409","20220802231000","830","0","臺北市","士林區","121.560","25.115","1052"
"445","396410","20220802231000","514","0","臺北市","士林區","121.560","25.120","429"
"142","396412","20220802231000","186","0","臺北市","士林區","121.560","25.125","169"
"203","396416","20220802231000","263","0","臺北市","士林區","121.560","25.135","174"
"4619","396417","20220802231000","5490","0","臺北市","士林區","121.520","25.085","4354"
"2737","396418","20220802231000","3476","0","臺北市","內湖區","121.580","25.080","2782"
"1154","396419","20220802231000","1214","0","臺北市","內湖區","121.580","25.085","1163"
"323","396422","20220802231000","465","0","桃園市","大園區","121.240","25.065","353"
"28","396424","20220802231000","38","0","桃園市","大園區","121.250","25.065","23"
"33","396433","20220802231000","221","0","桃園市","大園區","121.255","25.070","44"
"297","396435","20220802231000","337","0","桃園市","大園區","121.185","25.070","299"
"403","396436","20220802231000","392","1","桃園市","大園區","121.190","25.070","400"
"984","396438","20220802231000","735","2","桃園市","大園區","121.175","25.075","945"
"369","396439","20220802231000","506","0","桃園市","大園區","121.180","25.075","402"
"528","396440","20220802231000","498","1","桃園市","大園區","121.185","25.075","530"
"115","396443","20220802231000","141","0","桃園市","大園區","121.180","25.080","123"
"286","396447","20220802231000","263","1","桃園市","大園區","121.185","25.085","304"
"437","396462","20220802231000","304","2","桃園市","大園區","121.160","25.075","413"
"293","396471","20220802231000","239","2","桃園市","大園區","121.165","25.060","281"
"340","396472","20220802231000","267","2","桃園市","大園區","121.170","25.060","325"
"715","396473","20220802231000","917","0","桃園市","大園區","121.175","25.060","966"
"661","396496","20220802231000","635","1","桃園市","大園區","121.210","25.060","664"
"154","396505","20220802231000","95","3","桃園市","大園區","121.220","25.070","131"
"2187","396517","20220802231000","1178","3","桃園市","大園區","121.230","25.075","1905"
"242","396518","20220802231000","199","2","桃園市","大園區","121.235","25.075","284"
"615","396524","20220802231000","528","1","桃園市","大園區","121.235","25.080","579"
"386","396531","20220802231000","380","1","桃園市","大園區","121.240","25.085","408"
"152","396532","20220802231000","91","3","桃園市","大園區","121.245","25.085","208"
"559","396533","20220802231000","600","0","桃園市","大園區","121.250","25.085","587"
"988","396537","20220802231000","389","3","桃園市","大園區","121.245","25.090","1072"
"501","396541","20220802231000","436","1","桃園市","大園區","121.240","25.100","465"
"1291","396542","20220802231000","1492","0","桃園市","大園區","121.195","25.065","1341"
"1858","396543","20220802231000","1872","0","桃園市","大園區","121.195","25.070","1907"
"134","396549","20220802231000","280","0","桃園市","大園區","121.235","25.065","126"
"270","396555","20220802231000","372","0","桃園市","大園區","121.200","25.085","287"
"311","396560","20220802231000","253","2","桃園市","大園區","121.225","25.090","275"
"3324","396561","20220802231000","3910","0","臺北市","士林區","121.520","25.095","3276"
"1044","396562","20220802231000","1177","0","臺北市","南港區","121.600","25.055","1131"
"3387","396563","20220802231000","3863","0","臺北市","南港區","121.605","25.055","3408"
"48","396564","20220802231000","49","0","臺北市","內湖區","121.615","25.080","43"
"1685","396567","20220802231000","2329","0","臺北市","內湖區","121.615","25.070","1812"
"2370","396568","20220802231000","3123","0","臺北市","內湖區","121.590","25.065","3299"
"81","396569","20220802231000","91","0","臺北市","內湖區","121.585","25.070","92"
"2161","396570","20220802231000","1551","2","臺北市","內湖區","121.590","25.070","2324"
"334","396571","20220802231000","522","0","臺北市","北投區","121.500","25.145","384"
"964","396572","20220802231000","976","0","臺北市","內湖區","121.620","25.075","914"
"320","396574","20220802231000","241","2","新北市","汐止區","121.625","25.080","320"
"98","396576","20220802231000","100","0","臺北市","內湖區","121.625","25.085","98"
"10","396581","20220802231000","10","1","臺北市","內湖區","121.625","25.095","10"
"17","396587","20220802231000","38","0","臺北市","內湖區","121.610","25.100","20"
"1444","396590","20220802231000","1268","1","臺北市","內湖區","121.610","25.065","1368"
"514","396592","20220802231000","615","0","臺北市","內湖區","121.605","25.085","589"
"1216","396594","20220802231000","1489","0","臺北市","內湖區","121.600","25.090","1212"
"28","396599","20220802231000","18","3","臺北市","內湖區","121.605","25.095","32"
"3023","396603","20220802231000","3266","0","臺北市","北投區","121.500","25.130","2961"
"808","396604","20220802231000","935","0","新北市","汐止區","121.620","25.055","798"
"3325","396605","20220802231000","3934","0","臺北市","士林區","121.505","25.085","3098"
"1250","396606","20220802231000","1648","0","臺北市","士林區","121.515","25.085","1072"
"1146","396607","20220802231000","1157","0","臺北市","內湖區","121.590","25.085","1408"
"2329","396608","20220802231000","2240","1","臺北市","內湖區","121.595","25.085","2394"
"2587","396609","20220802231000","2255","1","臺北市","內湖區","121.575","25.080","2533"
"1333","396611","20220802231000","1828","0","臺北市","北投區","121.470","25.125","1952"
"211","396612","20220802231000","328","0","臺北市","北投區","121.475","25.125","196"
"1762","396615","20220802231000","1960","0","臺北市","北投區","121.465","25.130","1624"
"1010","396616","20220802231000","982","1","臺北市","北投區","121.470","25.130","865"
"135","396617","20220802231000","192","0","臺北市","北投區","121.475","25.130","123"
"1048","396619","20220802231000","1793","0","臺北市","北投區","121.470","25.135","1062"
"62","396620","20220802231000","50","2","臺北市","北投區","121.475","25.135","64"
"19","396621","20220802231000","22","0","臺北市","北投區","121.475","25.140","24"
"191","396622","20220802231000","208","0","臺北市","南港區","121.610","25.055","216"
"886","396623","20220802231000","705","2","臺北市","內湖區","121.605","25.065","1013"
"4221","396624","20220802231000","5157","0","臺北市","中山區","121.520","25.060","4253"
"198","396625","20220802231000","367","0","臺北市","中山區","121.530","25.075","233"
"450","396626","20220802231000","585","0","臺北市","內湖區","121.570","25.065","408"
"1034","396628","20220802231000","1192","0","臺北市","松山區","121.550","25.070","999"
"177","396629","20220802231000","221","0","臺北市","松山區","121.555","25.070","141"
"210","396630","20220802231000","178","1","臺北市","松山區","121.560","25.070","163"
"11","396632","20220802231000","25","0","臺北市","中山區","121.565","25.075","11"
"194","396633","20220802231000","2198","0","臺北市","松山區","121.555","25.055","269"
"2503","396634","20220802231000","5150","0","臺北市","松山區","121.570","25.055","2700"
"2183","396635","20220802231000","2117","1","臺北市","士林區","121.530","25.115","2147"
"39","396636","20220802231000","350","0","臺北市","士林區","121.495","25.095","46"
"1726","396637","20220802231000","1774","0","臺北市","士林區","121.500","25.095","1593"
"342","396639","20220802231000","314","1","臺北市","士林區","121.490","25.100","348"
"108","396643","20220802231000","117","0","臺北市","士林區","121.480","25.110","114"
"307","396644","20220802231000","338","0","臺北市","士林區","121.495","25.110","304"
"2810","396647","20220802231000","3524","0","臺北市","松山區","121.550","25.060","2705"
"3365","396648","20220802231000","3956","0","臺北市","松山區","121.555","25.060","3246"
"487","396649","20220802231000","481","1","臺北市","松山區","121.560","25.065","358"
"1763","396650","20220802231000","1998","0","臺北市","松山區","121.555","25.065","1672"
"1271","396651","20220802231000","1215","1","臺北市","中山區","121.545","25.075","1247"
"59","396655","20220802231000","185","0","臺北市","內湖區","121.605","25.080","59"
"2902","396656","20220802231000","2163","2","臺北市","內湖區","121.600","25.085","2816"
"4110","396657","20220802231000","3365","2","臺北市","松山區","121.550","25.065","4152"
"1519","396658","20220802231000","1627","0","臺北市","松山區","121.545","25.065","1379"
"3453","396659","20220802231000","4313","0","臺北市","松山區","121.565","25.055","3311"
"4236","396660","20220802231000","4284","0","臺北市","松山區","121.560","25.060","3853"
"287","396661","20220802231000","1371","0","臺北市","內湖區","121.570","25.060","283"
"2639","396662","20220802231000","2766","0","臺北市","松山區","121.565","25.060","2565"
"262","396663","20220802231000","257","1","臺北市","中山區","121.560","25.075","230"
"113","396665","20220802231000","94","2","臺北市","松山區","121.570","25.070","100"
"2695","396666","20220802231000","3065","0","臺北市","中山區","121.560","25.080","2875"
"3974","396667","20220802231000","5302","0","臺北市","松山區","121.550","25.055","3996"
"452","396669","20220802231000","613","0","臺北市","士林區","121.535","25.125","441"
"137","396672","20220802231000","185","0","臺北市","士林區","121.535","25.135","160"
"4408","396674","20220802231000","3646","2","臺北市","士林區","121.530","25.120","4262"
"5421","396675","20220802231000","5566","0","臺北市","士林區","121.530","25.110","5362"
"2340","396676","20220802231000","4677","0","臺北市","松山區","121.545","25.055","2371"
"4130","396677","20220802231000","3678","1","臺北市","松山區","121.560","25.055","3801"
"3179","396678","20220802231000","3598","0","臺北市","內湖區","121.580","25.075","3067"
"1057","396680","20220802231000","1261","0","臺北市","內湖區","121.590","25.060","1073"
"3625","396683","20220802231000","3507","1","臺北市","內湖區","121.590","25.090","3511"
"107","396684","20220802231000","20","3","臺北市","內湖區","121.595","25.090","139"
"51","396688","20220802231000","158","0","臺北市","內湖區","121.590","25.100","78"
"109","396690","20220802231000","191","0","臺北市","內湖區","121.580","25.105","143"
"121","396693","20220802231000","104","1","臺北市","內湖區","121.595","25.105","108"
"2242","396701","20220802231000","3482","0","臺北市","北投區","121.495","25.135","2188"
"267","396703","20220802231000","205","2","臺北市","北投區","121.505","25.100","256"
"261","396707","20220802231000","274","0","臺北市","北投區","121.500","25.110","194"
"77","396710","20220802231000","91","0","臺北市","北投區","121.530","25.140","59"
"71","396716","20220802231000","124","0","臺北市","北投區","121.535","25.150","98"
"407","396719","20220802231000","511","0","臺北市","士林區","121.555","25.115","365"
"191","396722","20220802231000","237","0","臺北市","士林區","121.550","25.125","188"
"2350","396727","20220802231000","2572","0","臺北市","士林區","121.510","25.080","2255"
"202","396731","20220802231000","283","0","臺北市","士林區","121.480","25.105","189"
"547","396732","20220802231000","419","2","臺北市","士林區","121.485","25.105","483"
"214","396735","20220802231000","717","0","臺北市","北投區","121.470","25.110","199"
"120","396737","20220802231000","129","0","臺北市","士林區","121.485","25.110","124"
"74","396739","20220802231000","56","2","臺北市","士林區","121.460","25.110","149"
"4210","396740","20220802231000","3957","1","臺北市","大同區","121.515","25.060","4085"
"2404","396741","20220802231000","2907","0","臺北市","中山區","121.520","25.065","2336"
"1058","396742","20220802231000","1477","0","臺北市","內湖區","121.615","25.065","969"
"3080","396743","20220802231000","2808","1","臺北市","內湖區","121.605","25.070","2989"
"549","396744","20220802231000","439","2","臺北市","內湖區","121.605","25.075","518"
"2920","396745","20220802231000","3163","0","臺北市","內湖區","121.610","25.075","2702"
"938","396746","20220802231000","733","2","臺北市","內湖區","121.585","25.090","944"
"1605","396754","20220802231000","1502","1","臺北市","南港區","121.610","25.060","1535"
"858","396755","20220802231000","884","0","臺北市","南港區","121.620","25.060","771"
"2125","396756","20220802231000","2454","0","臺北市","南港區","121.615","25.060","2011"
"3497","396758","20220802231000","3545","0","臺北市","南港區","121.615","25.055","3453"
"2050","396759","20220802231000","1736","1","臺北市","北投區","121.505","25.145","1965"
"439","396762","20220802231000","672","0","臺北市","北投區","121.465","25.115","397"
"3717","396765","20220802231000","2769","2","臺北市","北投區","121.465","25.120","3216"
"868","396766","20220802231000","974","0","臺北市","北投區","121.470","25.120","779"
"2481","396767","20220802231000","2621","0","臺北市","士林區","121.525","25.095","2450"
"2255","396768","20220802231000","1750","2","臺北市","士林區","121.505","25.090","2157"
"2004","396769","20220802231000","1378","2","臺北市","士林區","121.510","25.090","1957"
"747","396771","20220802231000","892","0","新北市","三重區","121.500","25.075","743"
"3612","396773","20220802231000","4061","0","臺北市","內湖區","121.585","25.075","3602"
"1577","396774","20220802231000","1640","0","臺北市","內湖區","121.590","25.075","1453"
"1136","396775","20220802231000","1144","0","臺北市","內湖區","121.595","25.075","1092"
"866","396776","20220802231000","1160","0","臺北市","內湖區","121.600","25.075","912"
"3890","396777","20220802231000","4900","0","臺北市","中山區","121.535","25.060","3742"
"2167","396778","20220802231000","2627","0","臺北市","大同區","121.515","25.070","2165"
"1975","396779","20220802231000","2409","0","臺北市","大同區","121.515","25.065","1870"
"3158","396781","20220802231000","3673","0","臺北市","北投區","121.510","25.110","3166"
"1776","396785","20220802231000","2263","0","臺北市","北投區","121.490","25.145","1784"
"2562","396788","20220802231000","2878","0","臺北市","北投區","121.505","25.115","2619"
"543","396789","20220802231000","590","0","臺北市","北投區","121.515","25.100","563"
"1974","396790","20220802231000","2903","0","臺北市","士林區","121.525","25.110","2301"
"1509","396791","20220802231000","1473","1","臺北市","中山區","121.520","25.070","1415"
"2043","396792","20220802231000","1913","1","臺北市","大同區","121.520","25.075","2077"
"19","396793","20220802231000","579","0","臺北市","士林區","121.515","25.080","26"
"488","396794","20220802231000","629","0","臺北市","內湖區","121.605","25.060","497"
"2306","396798","20220802231000","2240","1","臺北市","內湖區","121.585","25.060","2218"
"3883","396799","20220802231000","3903","0","臺北市","北投區","121.505","25.135","3779"
"58","396802","20220802231000","49","1","臺北市","士林區","121.575","25.120","68"
"23","396803","20220802231000","30","0","臺北市","士林區","121.570","25.125","31"
"247","396804","20220802231000","197","2","臺北市","士林區","121.575","25.125","215"
"28","396806","20220802231000","30","0","臺北市","士林區","121.570","25.130","28"
"189","396807","20220802231000","314","0","臺北市","士林區","121.575","25.130","178"
"32","396809","20220802231000","25","2","臺北市","士林區","121.575","25.135","32"
"60","396812","20220802231000","58","1","臺北市","士林區","121.580","25.140","62"
"603","396819","20220802231000","646","0","臺北市","士林區","121.515","25.090","575"
"5260","396820","20220802231000","4568","1","臺北市","士林區","121.520","25.090","5234"
"1341","396821","20220802231000","1288","1","臺北市","士林區","121.515","25.095","1300"
"2920","396822","20220802231000","2390","2","臺北市","北投區","121.500","25.135","2842"
"1492","396823","20220802231000","1295","1","臺北市","士林區","121.525","25.075","1465"
"1127","396824","20220802231000","1651","0","臺北市","士林區","121.540","25.110","1089"
"568","396826","20220802231000","499","1","臺北市","士林區","121.545","25.115","541"
"318","396828","20220802231000","228","2","臺北市","士林區","121.540","25.125","350"
"850","396831","20220802231000","849","1","臺北市","士林區","121.505","25.095","798"
"1137","396832","20220802231000","454","3","臺北市","士林區","121.540","25.095","931"
"590","396833","20220802231000","645","0","臺北市","士林區","121.545","25.105","606"
"286","396834","20220802231000","327","0","臺北市","士林區","121.540","25.105","298"
"138","396839","20220802231000","135","1","臺北市","士林區","121.560","25.110","101"
"56","396841","20220802231000","45","2","臺北市","士林區","121.570","25.110","44"
"126","396848","20220802231000","131","0","臺北市","士林區","121.580","25.115","86"
"36","396852","20220802231000","61","0","臺北市","士林區","121.580","25.120","53"
"59","396853","20220802231000","105","0","臺北市","士林區","121.585","25.120","79"
"356","396856","20220802231000","205","3","新北市","汐止區","121.600","25.120","366"
"1623","396878","20220802231000","2147","0","臺北市","內湖區","121.580","25.055","1572"
"2509","396879","20220802231000","2522","0","臺北市","內湖區","121.580","25.060","2497"
"768","396880","20220802231000","1257","0","臺北市","內湖區","121.565","25.090","764"
"3059","396884","20220802231000","3584","0","臺北市","內湖區","121.565","25.080","3070"
"1347","396885","20220802231000","1443","0","臺北市","內湖區","121.560","25.085","1375"
"3414","396886","20220802231000","3340","1","臺北市","內湖區","121.565","25.085","3333"
"886","396888","20220802231000","791","1","臺北市","內湖區","121.560","25.090","893"
"1770","396890","20220802231000","1806","0","臺北市","內湖區","121.570","25.080","1822"
"2402","396891","20220802231000","2331","1","臺北市","內湖區","121.570","25.085","2332"
"3056","396892","20220802231000","3594","0","臺北市","松山區","121.570","25.050","2750"
"1245","396893","20220802231000","1314","0","臺北市","松山區","121.565","25.065","1101"
"336","398951","20220802231000","185","3","新北市","八里區","121.390","25.165","306"
"68","398956","20220802231000","57","1","基隆市","安樂區","121.710","25.165","84"
"64","399938","20220802231000","81","0","基隆市","安樂區","121.710","25.175","86"
"14","402902","20220802231000","25","0","新北市","萬里區","121.680","25.200","25"
"504","403910","20220802231000","381","2","新北市","萬里區","121.700","25.210","412"
"138","406949","20220802231000","101","2","新北市","金山區","121.635","25.240","166"
"42","409009","20220802231000","44","0","新北市","金山區","121.635","25.255","40"
"76","409527","20220802231000","102","0","新北市","三芝區","121.475","25.260","91"
"397","413221","20220802231000","546","0","新北市","石門區","121.565","25.290","438"
"84","413767","20220802231000","80","1","新北市","石門區","121.580","25.295","109"
"250","414894","20220802231000","90","3","基隆市","中正區","121.765","25.145","196"
"380","414895","20220802231000","435","0","基隆市","中正區","121.770","25.155","406"
"469","414896","20220802231000","545","0","基隆市","中正區","121.765","25.155","566"
"164","414897","20220802231000","66","3","基隆市","中正區","121.765","25.160","117"
"77","414900","20220802231000","566","0","基隆市","中正區","121.780","25.145","88"
"451","414901","20220802231000","868","0","基隆市","中正區","121.775","25.150","479"
"158","414906","20220802231000","169","0","基隆市","安樂區","121.695","25.150","161"
"501","414907","20220802231000","462","1","基隆市","安樂區","121.700","25.150","510"
"1086","414909","20220802231000","1046","1","基隆市","安樂區","121.695","25.155","1167"
"377","414910","20220802231000","388","0","基隆市","安樂區","121.700","25.155","397"
"384","414912","20220802231000","196","3","基隆市","安樂區","121.695","25.160","344"
"39","414913","20220802231000","194","0","基隆市","安樂區","121.700","25.160","30"
"213","414921","20220802231000","242","0","基隆市","中山區","121.750","25.145","242"
"1336","414923","20220802231000","1439","0","基隆市","中山區","121.720","25.150","1344"
"231","414929","20220802231000","221","1","基隆市","中山區","121.745","25.150","326"
"582","414936","20220802231000","1098","0","新北市","三芝區","121.495","25.250","660"
"296","414948","20220802231000","257","1","新北市","三芝區","121.490","25.270","246"
"780","414949","20220802231000","719","1","基隆市","中山區","121.740","25.150","801"
"181","414951","20220802231000","200","0","基隆市","中山區","121.740","25.155","230"
"535","414985","20220802231000","325","3","新北市","三芝區","121.510","25.215","427"
"75","415028","20220802231000","72","1","新北市","三芝區","121.530","25.230","75"
"1916","415040","20220802231000","1939","0","新北市","三芝區","121.505","25.255","2016"
"491","415041","20220802231000","528","0","新北市","三芝區","121.505","25.260","540"
"2535","415044","20220802231000","2364","1","新北市","三芝區","121.500","25.255","2341"
"11","415049","20220802231000","32","0","新北市","三芝區","121.540","25.190","14"
"257","415063","20220802231000","130","3","新北市","三芝區","121.505","25.205","250"
"1715","415070","20220802231000","1939","0","基隆市","中正區","121.770","25.150","1812"
"17","415072","20220802231000","24","0","基隆市","中山區","121.730","25.150","18"
"102","415078","20220802231000","145","0","新北市","三芝區","121.465","25.240","167"
"219","415083","20220802231000","271","0","新北市","三芝區","121.455","25.245","263"
"130","415087","20220802231000","114","1","新北市","三芝區","121.475","25.245","128"
"120","415093","20220802231000","145","0","新北市","三芝區","121.465","25.250","116"
"273","415100","20220802231000","279","0","新北市","三芝區","121.475","25.250","274"
"81","415103","20220802231000","66","2","新北市","三芝區","121.505","25.265","96"
"1397","415124","20220802231000","674","3","新北市","三芝區","121.535","25.245","1382"
"108","415149","20220802231000","105","1","新北市","三芝區","121.520","25.225","119"
"229","415181","20220802231000","221","1","新北市","三芝區","121.500","25.210","278"
"319","415188","20220802231000","443","0","新北市","三芝區","121.510","25.255","296"
"127","415196","20220802231000","110","1","新北市","三芝區","121.495","25.235","151"
"22","415202","20220802231000","14","3","新北市","三芝區","121.490","25.245","18"
"65","415205","20220802231000","449","0","新北市","三芝區","121.495","25.245","61"
"285","415211","20220802231000","330","0","基隆市","中山區","121.735","25.150","305"
"366","415212","20220802231000","136","3","基隆市","中山區","121.730","25.155","341"
"343","415214","20220802231000","423","0","基隆市","中正區","121.785","25.145","357"
"222","415224","20220802231000","357","0","新北市","八里區","121.415","25.155","245"
"1491","415226","20220802231000","1482","1","新北市","八里區","121.415","25.160","1498"
"655","415229","20220802231000","717","0","新北市","八里區","121.420","25.160","655"
"88","415237","20220802231000","78","1","新北市","八里區","121.440","25.155","104"
"352","415239","20220802231000","323","1","新北市","八里區","121.430","25.155","320"
"166","415242","20220802231000","198","0","新北市","八里區","121.430","25.160","175"
"237","415250","20220802231000","251","0","新北市","八里區","121.395","25.160","294"
"254","415252","20220802231000","224","1","新北市","八里區","121.405","25.155","227"
"405","415257","20220802231000","328","2","新北市","萬里區","121.675","25.180","372"
"10","415259","20220802231000","54","0","新北市","萬里區","121.685","25.180","10"
"328","415264","20220802231000","359","0","新北市","萬里區","121.640","25.210","331"
"54","415271","20220802231000","47","1","新北市","萬里區","121.645","25.150","52"
"121","415286","20220802231000","98","2","新北市","萬里區","121.665","25.160","114"
"60","415301","20220802231000","55","1","新北市","萬里區","121.625","25.150","63"
"21","415332","20220802231000","10","3","新北市","萬里區","121.615","25.190","24"
"134","415357","20220802231000","45","3","新北市","萬里區","121.620","25.200","114"
"267","415363","20220802231000","268","0","新北市","萬里區","121.650","25.200","299"
"1096","415369","20220802231000","1041","1","新北市","萬里區","121.690","25.175","1101"
"700","415372","20220802231000","662","1","新北市","萬里區","121.690","25.180","685"
"2353","415375","20220802231000","2658","0","新北市","淡水區","121.440","25.175","2538"
"280","415378","20220802231000","510","0","新北市","淡水區","121.450","25.160","446"
"1109","415379","20220802231000","1251","0","新北市","淡水區","121.455","25.160","1454"
"687","415380","20220802231000","793","0","新北市","淡水區","121.460","25.160","589"
"678","415383","20220802231000","643","1","新北市","淡水區","121.450","25.165","827"
"51","415391","20220802231000","43","1","新北市","淡水區","121.430","25.205","46"
"41","415394","20220802231000","88","0","新北市","淡水區","121.445","25.205","35"
"211","415395","20220802231000","299","0","新北市","淡水區","121.450","25.205","258"
"136","415396","20220802231000","142","0","新北市","淡水區","121.455","25.205","198"
"37","415398","20220802231000","25","2","新北市","淡水區","121.440","25.210","19"
"193","415408","20220802231000","280","0","新北市","淡水區","121.460","25.215","219"
"54","415409","20220802231000","60","0","新北市","淡水區","121.465","25.215","64"
"272","415412","20220802231000","321","0","新北市","淡水區","121.450","25.220","387"
"10","415437","20220802231000","19","0","新北市","石門區","121.580","25.245","10"
"81","415462","20220802231000","24","3","新北市","石門區","121.530","25.285","88"
"90","415465","20220802231000","114","0","新北市","石門區","121.535","25.290","83"
"406","415468","20220802231000","400","1","新北市","石門區","121.540","25.290","445"
"172","415521","20220802231000","185","0","新北市","石門區","121.550","25.285","161"
"120","415532","20220802231000","162","0","新北市","石門區","121.515","25.275","154"
"11","415541","20220802231000","15","0","新北市","石門區","121.515","25.285","13"
"246","415546","20220802231000","93","3","新北市","石門區","121.570","25.255","232"
"135","415568","20220802231000","184","0","新北市","石門區","121.550","25.255","117"
"63","415594","20220802231000","77","0","新北市","石門區","121.595","25.270","66"
"24","415595","20220802231000","27","0","新北市","石門區","121.590","25.275","31"
"62","415599","20220802231000","64","0","新北市","石門區","121.590","25.285","58"
"24","415623","20220802231000","20","2","新北市","石門區","121.600","25.280","28"
"110","415625","20220802231000","107","1","新北市","石門區","121.610","25.280","118"
"36","415630","20220802231000","39","0","新北市","萬里區","121.685","25.165","38"
"21","415649","20220802231000","13","3","新北市","萬里區","121.655","25.200","22"
"687","415654","20220802231000","676","1","新北市","萬里區","121.690","25.200","728"
"44","415655","20220802231000","52","0","新北市","萬里區","121.655","25.205","57"
"82","415656","20220802231000","79","1","新北市","萬里區","121.660","25.205","94"
"209","415657","20220802231000","151","2","新北市","萬里區","121.690","25.205","202"
"31","415664","20220802231000","20","3","新北市","淡水區","121.465","25.175","24"
"90","415674","20220802231000","96","0","新北市","淡水區","121.520","25.175","127"
"60","415676","20220802231000","77","0","新北市","淡水區","121.480","25.180","59"
"166","415677","20220802231000","129","2","新北市","淡水區","121.485","25.180","167"
"100","415685","20220802231000","101","0","新北市","淡水區","121.470","25.185","139"
"58","415687","20220802231000","99","0","新北市","淡水區","121.480","25.185","43"
"335","415688","20220802231000","589","0","新北市","淡水區","121.485","25.185","479"
"152","415696","20220802231000","157","0","新北市","淡水區","121.475","25.190","124"
"159","415697","20220802231000","118","2","新北市","淡水區","121.490","25.190","241"
"15","415699","20220802231000","13","1","新北市","淡水區","121.500","25.190","16"
"835","415701","20220802231000","1392","0","新北市","淡水區","121.440","25.180","593"
"206","415706","20220802231000","282","0","新北市","淡水區","121.485","25.165","185"
"85","415713","20220802231000","80","1","新北市","淡水區","121.485","25.170","75"
"148","415717","20220802231000","131","1","新北市","淡水區","121.485","25.175","138"
"109","415718","20220802231000","392","0","新北市","淡水區","121.415","25.180","84"
"115","415720","20220802231000","56","3","新北市","淡水區","121.410","25.185","100"
"1654","415722","20220802231000","1513","1","新北市","淡水區","121.420","25.185","1742"
"1088","415723","20220802231000","1296","0","新北市","淡水區","121.425","25.185","1110"
"1045","415724","20220802231000","1381","0","新北市","淡水區","121.430","25.185","1082"
"489","415730","20220802231000","410","1","新北市","淡水區","121.430","25.190","766"
"51","415731","20220802231000","19","3","新北市","淡水區","121.420","25.195","39"
"905","415732","20220802231000","753","2","新北市","淡水區","121.425","25.195","900"
"596","415734","20220802231000","615","0","新北市","淡水區","121.420","25.175","636"
"194","415735","20220802231000","117","3","新北市","淡水區","121.425","25.175","175"
"59","415738","20220802231000","42","2","新北市","淡水區","121.475","25.210","61"
"37","415743","20220802231000","22","3","新北市","淡水區","121.475","25.215","27"
"61","415744","20220802231000","42","2","新北市","淡水區","121.480","25.215","65"
"112","415745","20220802231000","241","0","新北市","淡水區","121.485","25.215","169"
"10","415749","20220802231000","70","0","新北市","淡水區","121.475","25.220","10"
"37","415753","20220802231000","134","0","新北市","淡水區","121.445","25.225","41"
"141","415754","20220802231000","248","0","新北市","淡水區","121.450","25.225","164"
"147","415755","20220802231000","191","0","新北市","淡水區","121.455","25.225","156"
"34","415761","20220802231000","63","0","新北市","淡水區","121.445","25.230","27"
"112","415762","20220802231000","134","0","新北市","淡水區","121.450","25.230","184"
"114","415775","20220802231000","102","1","新北市","萬里區","121.635","25.165","121"
"127","415799","20220802231000","61","3","新北市","萬里區","121.650","25.175","129"
"241","415830","20220802231000","244","0","新北市","萬里區","121.685","25.190","254"
"169","415832","20220802231000","118","2","新北市","萬里區","121.680","25.195","182"
"159","415838","20220802231000","221","0","新北市","淡水區","121.430","25.175","239"
"1031","415839","20220802231000","1810","0","新北市","淡水區","121.435","25.175","1398"
"1624","415840","20220802231000","2403","0","新北市","淡水區","121.435","25.180","2033"
"347","415841","20220802231000","428","0","新北市","淡水區","121.435","25.170","500"
"15","415849","20220802231000","13","1","新北市","淡水區","121.485","25.230","18"
"196","415852","20220802231000","176","1","新北市","三芝區","121.480","25.235","190"
"2017","415853","20220802231000","3074","0","新北市","淡水區","121.445","25.175","2698"
"2004","415854","20220802231000","5063","0","新北市","淡水區","121.450","25.175","2210"
"2192","415857","20220802231000","2238","0","新北市","淡水區","121.460","25.155","2063"
"805","415860","20220802231000","1061","0","新北市","淡水區","121.455","25.155","1296"
"316","415861","20220802231000","929","0","新北市","淡水區","121.465","25.160","289"
"22","415863","20220802231000","67","0","新北市","淡水區","121.470","25.155","13"
"132","415870","20220802231000","93","2","新北市","金山區","121.615","25.240","119"
"55","415905","20220802231000","51","1","新北市","金山區","121.590","25.235","57"
"1611","415910","20220802231000","2713","0","新北市","淡水區","121.445","25.180","2062"
"1815","415911","20220802231000","2891","0","新北市","淡水區","121.450","25.180","2089"
"49","415912","20220802231000","190","0","新北市","淡水區","121.455","25.180","31"
"1052","415916","20220802231000","1807","0","新北市","淡水區","121.445","25.185","1103"
"1147","415921","20220802231000","1722","0","新北市","淡水區","121.455","25.175","1354"
"2100","415922","20220802231000","2832","0","新北市","淡水區","121.440","25.170","2632"
"179","415924","20220802231000","145","2","新北市","淡水區","121.485","25.155","156"
"298","415927","20220802231000","478","0","新北市","淡水區","121.485","25.160","439"
"191","415931","20220802231000","344","0","新北市","淡水區","121.470","25.165","266"
"472","415932","20220802231000","541","0","新北市","淡水區","121.440","25.190","478"
"1190","415933","20220802231000","1727","0","新北市","淡水區","121.445","25.190","1830"
"35","415936","20220802231000","87","0","新北市","淡水區","121.460","25.190","53"
"619","415942","20220802231000","892","0","新北市","淡水區","121.450","25.200","748"
"182","415944","20220802231000","269","0","新北市","淡水區","121.460","25.200","220"
"785","415946","20220802231000","922","0","新北市","淡水區","121.420","25.180","798"
"1684","415947","20220802231000","2250","0","新北市","淡水區","121.450","25.170","1945"
"667","415948","20220802231000","1252","0","新北市","淡水區","121.455","25.170","885"
"351","415951","20220802231000","306","1","新北市","淡水區","121.455","25.235","325"
"972","415961","20220802231000","1119","0","新北市","淡水區","121.435","25.185","1175"
"263","415962","20220802231000","381","0","新北市","淡水區","121.440","25.185","384"
"1831","415963","20220802231000","1933","0","新北市","淡水區","121.435","25.190","2443"
"1064","415964","20220802231000","817","2","新北市","淡水區","121.430","25.195","1069"
"679","415968","20220802231000","499","2","新北市","淡水區","121.430","25.200","618"
"1148","415969","20220802231000","1474","0","新北市","淡水區","121.435","25.200","1388"
"266","415971","20220802231000","299","0","新北市","淡水區","121.425","25.205","398"
"50","415972","20220802231000","45","1","新北市","淡水區","121.435","25.205","56"
"147","415975","20220802231000","532","0","新北市","淡水區","121.445","25.170","117"
"25","415977","20220802231000","49","0","新北市","淡水區","121.485","25.190","46"
"41","415979","20220802231000","122","0","新北市","淡水區","121.470","25.195","34"
"125","415984","20220802231000","203","0","新北市","淡水區","121.470","25.200","167"
"108","415986","20220802231000","115","0","新北市","淡水區","121.480","25.200","108"
"1194","416009","20220802231000","1322","0","新北市","金山區","121.640","25.220","1334"
"21","416022","20220802231000","26","0","新北市","金山區","121.625","25.270","36"
"302","416030","20220802231000","290","1","新北市","金山區","121.640","25.225","303"
"240","416031","20220802231000","226","1","新北市","金山區","121.645","25.225","209"
"216","416033","20220802231000","202","1","新北市","金山區","121.645","25.230","234"
"71","416038","20220802231000","112","0","臺北市","北投區","121.500","25.155","74"
"311","416050","20220802231000","305","1","新北市","金山區","121.630","25.225","318"
"393","416051","20220802231000","404","0","新北市","金山區","121.635","25.225","462"
"143","416060","20220802231000","180","0","新北市","金山區","121.615","25.245","162"
"41","416062","20220802231000","26","3","新北市","金山區","121.605","25.245","61"
"25","416063","20220802231000","23","1","新北市","金山區","121.610","25.245","23"
"20","416067","20220802231000","19","1","新北市","金山區","121.610","25.250","20"
"119","416122","20220802231000","105","1","新北市","金山區","121.595","25.200","174"
"261","416123","20220802231000","169","3","新北市","金山區","121.600","25.200","279"
"133","416146","20220802231000","90","2","新北市","金山區","121.600","25.215","116"
"527","416155","20220802231000","690","0","新北市","金山區","121.630","25.220","530"
"1189","416156","20220802231000","771","3","新北市","金山區","121.635","25.220","1149"
"32","416160","20220802231000","45","0","臺北市","士林區","121.555","25.155","27"
"20","416182","20220802231000","30","0","臺北市","士林區","121.570","25.190","19"
"72","416192","20220802231000","57","2","臺北市","北投區","121.530","25.155","68"
"2043","416202","20220802231000","2847","0","新北市","淡水區","121.445","25.165","2392"
"185","416204","20220802231000","164","1","臺北市","北投區","121.540","25.155","178"
"147","416205","20220802231000","174","0","臺北市","北投區","121.545","25.150","146"
"11","416209","20220802231000","36","0","臺北市","北投區","121.545","25.155","11"
"16","416212","20220802231000","10","3","臺北市","北投區","121.540","25.160","16"
"46","416213","20220802231000","31","2","臺北市","北投區","121.545","25.160","42"
"289","416221","20220802231000","111","3","臺北市","北投區","121.540","25.165","222"
"104","416225","20220802231000","38","3","臺北市","北投區","121.560","25.165","276"
"37","416236","20220802231000","36","1","臺北市","北投區","121.535","25.175","41"
"74","416246","20220802231000","76","0","臺北市","北投區","121.545","25.180","113"
"75","416251","20220802231000","122","0","臺北市","北投區","121.535","25.185","106"
"50","416275","20220802231000","124","0","臺北市","北投區","121.490","25.155","55"
"11","617429","20220802231000","180","0","金門縣","金城鎮","118.305","24.400","14"
"1276","617430","20220802231000","1061","2","金門縣","金城鎮","118.310","24.400","1222"
"391","617700","20220802231000","428","0","金門縣","金城鎮","118.305","24.405","398"
"298","617704","20220802231000","271","1","金門縣","金城鎮","118.325","24.405","271"
"18","617966","20220802231000","19","0","金門縣","烈嶼鄉","118.225","24.405","33"
"59","617974","20220802231000","61","0","金門縣","金城鎮","118.290","24.405","56"
"82","617990","20220802231000","64","2","金門縣","金湖鎮","118.430","24.410","107"
"71","618255","20220802231000","98","0","金門縣","金城鎮","118.285","24.410","67"
"107","618257","20220802231000","344","0","金門縣","金城鎮","118.295","24.410","100"
"168","618258","20220802231000","191","0","金門縣","金城鎮","118.300","24.410","177"
"36","618259","20220802231000","32","1","金門縣","金城鎮","118.305","24.410","40"
"49","618260","20220802231000","65","0","金門縣","金城鎮","118.310","24.410","50"
"189","618263","20220802231000","205","0","金門縣","金城鎮","118.325","24.410","194"
"813","618264","20220802231000","635","2","金門縣","金城鎮","118.330","24.410","803"
"213","618266","20220802231000","197","1","金門縣","金城鎮","118.335","24.410","205"
"368","618273","20220802231000","357","1","金門縣","金湖鎮","118.435","24.415","364"
"626","618274","20220802231000","569","1","金門縣","金湖鎮","118.440","24.415","632"
"47","618530","20220802231000","340","0","金門縣","烈嶼鄉","118.230","24.415","76"
"191","618532","20220802231000","568","0","金門縣","烈嶼鄉","118.240","24.415","289"
"159","618541","20220802231000","146","1","金門縣","金城鎮","118.290","24.415","175"
"508","618545","20220802231000","671","0","金門縣","金城鎮","118.310","24.415","526"
"684","618547","20220802231000","785","0","金門縣","金城鎮","118.315","24.415","660"
"269","618552","20220802231000","181","2","金門縣","金寧鄉","118.340","24.415","300"
"151","618560","20220802231000","183","0","金門縣","金湖鎮","118.440","24.420","169"
"241","618813","20220802231000","468","0","金門縣","烈嶼鄉","118.220","24.420","456"
"37","618818","20220802231000","21","3","金門縣","烈嶼鄉","118.245","24.420","49"
"20","618832","20220802231000","1001","0","金門縣","金城鎮","118.310","24.420","29"
"127","618833","20220802231000","112","1","金門縣","金城鎮","118.315","24.420","116"
"54","618834","20220802231000","82","0","金門縣","金城鎮","118.320","24.420","46"
"36","618835","20220802231000","38","0","金門縣","金城鎮","118.325","24.420","33"
"137","618836","20220802231000","194","0","金門縣","金寧鄉","118.330","24.420","128"
"34","618838","20220802231000","11","3","金門縣","金寧鄉","118.340","24.420","35"
"225","618851","20220802231000","329","0","金門縣","金湖鎮","118.440","24.425","262"
"498","619113","20220802231000","1251","0","金門縣","烈嶼鄉","118.245","24.425","1224"
"355","619116","20220802231000","226","3","金門縣","烈嶼鄉","118.260","24.425","344"
"36","619117","20220802231000","27","2","金門縣","烈嶼鄉","118.265","24.425","32"
"1499","619127","20220802231000","1283","1","金門縣","金城鎮","118.320","24.425","1490"
"198","619131","20220802231000","135","2","金門縣","金寧鄉","118.340","24.425","189"
"142","619133","20220802231000","176","0","金門縣","金寧鄉","118.350","24.425","143"
"239","619146","20220802231000","230","1","金門縣","金湖鎮","118.430","24.425","206"
"129","619151","20220802231000","126","1","金門縣","金湖鎮","118.455","24.430","125"
"66","619406","20220802231000","62","1","金門縣","烈嶼鄉","118.230","24.430","66"
"46","619420","20220802231000","1316","0","金門縣","金城鎮","118.310","24.430","58"
"742","619421","20220802231000","1312","0","金門縣","金城鎮","118.315","24.430","750"
"973","619422","20220802231000","1131","0","金門縣","金城鎮","118.320","24.430","977"
"116","619424","20220802231000","169","0","金門縣","金寧鄉","118.330","24.430","101"
"281","619426","20220802231000","285","0","金門縣","金寧鄉","118.340","24.430","291"
"77","619430","20220802231000","55","2","金門縣","金寧鄉","118.360","24.430","124"
"384","619440","20220802231000","964","0","金門縣","金湖鎮","118.410","24.430","422"
"374","619442","20220802231000","556","0","金門縣","金湖鎮","118.420","24.430","423"
"339","619709","20220802231000","368","0","金門縣","烈嶼鄉","118.255","24.435","346"
"33","619710","20220802231000","26","2","金門縣","烈嶼鄉","118.260","24.435","31"
"618","619718","20220802231000","609","1","金門縣","金城鎮","118.310","24.435","609"
"2381","619719","20220802231000","2844","0","金門縣","金城鎮","118.315","24.435","2299"
"35","619721","20220802231000","1005","0","金門縣","金城鎮","118.325","24.435","29"
"270","619722","20220802231000","388","0","金門縣","金寧鄉","118.330","24.435","272"
"58","619729","20220802231000","44","2","金門縣","金湖鎮","118.365","24.435","65"
"139","619731","20220802231000","102","2","金門縣","金湖鎮","118.375","24.435","145"
"121","619734","20220802231000","177","0","金門縣","金湖鎮","118.390","24.435","128"
"248","619736","20220802231000","331","0","金門縣","金湖鎮","118.400","24.435","249"
"1438","619737","20220802231000","1583","0","金門縣","金湖鎮","118.405","24.435","1399"
"52","619739","20220802231000","102","0","金門縣","金湖鎮","118.415","24.435","49"
"114","619747","20220802231000","116","0","金門縣","金湖鎮","118.455","24.435","117"
"186","620001","20220802231000","181","1","金門縣","烈嶼鄉","118.250","24.440","329"
"627","620010","20220802231000","394","3","金門縣","金城鎮","118.310","24.440","633"
"4060","620011","20220802231000","2374","3","金門縣","金城鎮","118.315","24.440","4096"
"718","620012","20220802231000","511","2","金門縣","金寧鄉","118.320","24.440","697"
"77","620013","20220802231000","96","0","金門縣","金城鎮","118.325","24.440","75"
"26","620015","20220802231000","414","0","金門縣","金寧鄉","118.335","24.440","29"
"114","620024","20220802231000","76","3","金門縣","金湖鎮","118.380","24.440","105"
"748","620025","20220802231000","816","0","金門縣","金湖鎮","118.385","24.440","781"
"63","620027","20220802231000","43","2","金門縣","金湖鎮","118.395","24.440","81"
"84","620029","20220802231000","200","0","金門縣","金湖鎮","118.405","24.440","79"
"816","620031","20220802231000","3406","0","金門縣","金湖鎮","118.415","24.440","877"
"1073","620032","20220802231000","1246","0","金門縣","金湖鎮","118.420","24.440","1063"
"291","620037","20220802231000","130","3","金門縣","金湖鎮","118.445","24.440","265"
"477","620293","20220802231000","382","2","金門縣","烈嶼鄉","118.240","24.440","449"
"897","620304","20220802231000","900","0","金門縣","金寧鄉","118.310","24.445","889"
"147","620306","20220802231000","203","0","金門縣","金寧鄉","118.320","24.445","152"
"35","620312","20220802231000","441","0","金門縣","金寧鄉","118.350","24.445","33"
"18","620317","20220802231000","284","0","金門縣","金湖鎮","118.375","24.445","34"
"337","620318","20220802231000","265","2","金門縣","金湖鎮","118.380","24.445","328"
"37","620319","20220802231000","31","1","金門縣","金湖鎮","118.385","24.445","36"
"32","620323","20220802231000","21","3","金門縣","金湖鎮","118.405","24.445","50"
"68","620326","20220802231000","21","3","金門縣","金湖鎮","118.420","24.445","62"
"23","620327","20220802231000","354","0","金門縣","金湖鎮","118.425","24.445","30"
"16","620335","20220802231000","15","1","金門縣","金湖鎮","118.465","24.445","17"
"133","620336","20220802231000","136","0","金門縣","金湖鎮","118.470","24.445","129"
"142","620593","20220802231000","154","0","金門縣","烈嶼鄉","118.250","24.445","135"
"31","620594","20220802231000","94","0","金門縣","烈嶼鄉","118.255","24.445","71"
"106","620595","20220802231000","54","3","金門縣","烈嶼鄉","118.260","24.445","285"
"254","620604","20220802231000","362","0","金門縣","金寧鄉","118.305","24.450","222"
"683","620605","20220802231000","448","3","金門縣","金寧鄉","118.310","24.450","743"
"197","620607","20220802231000","478","0","金門縣","金寧鄉","118.320","24.450","177"
"433","620608","20220802231000","351","2","金門縣","金寧鄉","118.325","24.450","471"
"1677","620609","20220802231000","1616","1","金門縣","金寧鄉","118.330","24.450","1660"
"649","620610","20220802231000","586","1","金門縣","金寧鄉","118.335","24.450","690"
"409","620611","20220802231000","505","0","金門縣","金寧鄉","118.340","24.450","396"
"25","620613","20220802231000","56","0","金門縣","金寧鄉","118.350","24.450","47"
"40","620618","20220802231000","59","0","金門縣","金湖鎮","118.375","24.450","73"
"49","620624","20220802231000","45","1","金門縣","金湖鎮","118.405","24.450","56"
"58","620625","20220802231000","55","1","金門縣","金湖鎮","118.410","24.450","87"
"518","620912","20220802231000","299","3","金門縣","金寧鄉","118.335","24.455","538"
"319","620919","20220802231000","268","1","金門縣","金湖鎮","118.370","24.455","350"
"378","620920","20220802231000","356","1","金門縣","金湖鎮","118.375","24.455","390"
"524","620921","20220802231000","370","2","金門縣","金湖鎮","118.380","24.455","509"
"106","620922","20220802231000","49","3","金門縣","金湖鎮","118.385","24.455","135"
"46","620927","20220802231000","26","3","金門縣","金湖鎮","118.410","24.455","64"
"48","620928","20220802231000","44","1","金門縣","金湖鎮","118.415","24.455","63"
"53","620930","20220802231000","29","3","金門縣","金湖鎮","118.425","24.455","54"
"333","621210","20220802231000","615","0","金門縣","金寧鄉","118.305","24.455","302"
"33","621214","20220802231000","662","0","金門縣","金寧鄉","118.325","24.455","27"
"243","621221","20220802231000","273","0","金門縣","金寧鄉","118.360","24.460","238"
"12","621226","20220802231000","15","0","金門縣","金沙鎮","118.385","24.460","16"
"84","621230","20220802231000","115","0","金門縣","金沙鎮","118.405","24.460","111"
"184","621231","20220802231000","491","0","金門縣","金湖鎮","118.410","24.460","877"
"42","621233","20220802231000","29","2","金門縣","金湖鎮","118.420","24.460","40"
"11","621239","20220802231000","31","0","金門縣","金沙鎮","118.450","24.460","18"
"624","621509","20220802231000","889","0","金門縣","金寧鄉","118.315","24.460","598"
"153","621510","20220802231000","214","0","金門縣","金寧鄉","118.320","24.460","161"
"153","621511","20220802231000","161","0","金門縣","金寧鄉","118.325","24.460","160"
"17","621529","20220802231000","20","0","金門縣","金沙鎮","118.415","24.465","23"
"16","621530","20220802231000","10","3","金門縣","金湖鎮","118.420","24.465","16"
"42","621533","20220802231000","95","0","金門縣","金沙鎮","118.435","24.465","92"
"78","621534","20220802231000","70","1","金門縣","金沙鎮","118.440","24.465","80"
"98","621810","20220802231000","259","0","金門縣","金沙鎮","118.390","24.465","148"
"883","621816","20220802231000","752","1","金門縣","金沙鎮","118.420","24.470","914"
"355","621823","20220802231000","274","2","金門縣","金沙鎮","118.455","24.470","400"
"457","622079","20220802231000","536","0","金門縣","金寧鄉","118.315","24.470","422"
"38","622096","20220802231000","484","0","金門縣","金沙鎮","118.400","24.470","59"
"14","622101","20220802231000","11","2","金門縣","金沙鎮","118.425","24.475","14"
"29","622102","20220802231000","62","0","金門縣","金沙鎮","118.430","24.475","48"
"340","622377","20220802231000","168","3","金門縣","金沙鎮","118.390","24.475","339"
"153","622643","20220802231000","414","0","金門縣","金寧鄉","118.305","24.480","166"
"78","622644","20220802231000","86","0","金門縣","金寧鄉","118.310","24.480","66"
"38","622657","20220802231000","286","0","金門縣","金沙鎮","118.390","24.480","45"
"196","622658","20220802231000","130","3","金門縣","金沙鎮","118.395","24.480","184"
"13","622921","20220802231000","17","0","金門縣","金寧鄉","118.300","24.485","17"
"1193","622937","20220802231000","918","2","金門縣","金沙鎮","118.415","24.485","1205"
"145","622938","20220802231000","111","2","金門縣","金沙鎮","118.420","24.485","147"
"46","622941","20220802231000","44","1","金門縣","金沙鎮","118.435","24.485","38"
"192","622942","20220802231000","105","3","金門縣","金沙鎮","118.440","24.485","185"
"292","623206","20220802231000","462","0","金門縣","金沙鎮","118.410","24.490","403"
"612","623207","20220802231000","558","1","金門縣","金沙鎮","118.415","24.490","582"
"30","623208","20220802231000","11","3","金門縣","金沙鎮","118.420","24.490","31"
"96","623210","20220802231000","94","1","金門縣","金沙鎮","118.430","24.490","92"
"314","623474","20220802231000","931","0","金門縣","金沙鎮","118.415","24.495","555"
"25","623478","20220802231000","406","0","金門縣","金沙鎮","118.435","24.495","385"
"82","623734","20220802231000","105","0","金門縣","金沙鎮","118.400","24.500","117"
"52","623738","20220802231000","38","2","金門縣","金沙鎮","118.420","24.500","53"
"91","623993","20220802231000","234","0","金門縣","金沙鎮","118.405","24.505","191"
"19","623999","20220802231000","18","1","金門縣","金沙鎮","118.435","24.505","22"
"82","624000","20220802231000","251","0","金門縣","金沙鎮","118.440","24.505","174"
"247","624511","20220802231000","218","1","金門縣","金沙鎮","118.405","24.515","241"
"171","624771","20220802231000","216","0","金門縣","金沙鎮","118.415","24.515","178"
"16","653042","20220802231000","11","2","連江縣","莒光鄉","119.975","25.955","16"
"363","653049","20220802231000","407","0","連江縣","莒光鄉","119.975","25.960","409"
"19","653081","20220802231000","14","2","連江縣","莒光鄉","119.930","25.970","12"
"212","653082","20220802231000","251","0","連江縣","莒光鄉","119.935","25.970","202"
"141","653097","20220802231000","248","0","連江縣","莒光鄉","119.930","25.975","170"
"42","653099","20220802231000","24","3","連江縣","莒光鄉","119.940","25.975","27"
"460","653173","20220802231000","362","2","連江縣","南竿鄉","119.925","26.140","475"
"67","653187","20220802231000","77","0","連江縣","南竿鄉","119.930","26.145","61"
"156","653198","20220802231000","133","1","連江縣","南竿鄉","119.915","26.145","195"
"46","653200","20220802231000","70","0","連江縣","南竿鄉","119.925","26.145","63"
"308","653203","20220802231000","434","0","連江縣","南竿鄉","119.940","26.145","351"
"67","653217","20220802231000","54","2","連江縣","南竿鄉","119.925","26.150","56"
"360","653219","20220802231000","432","0","連江縣","南竿鄉","119.935","26.150","401"
"38","653221","20220802231000","54","0","連江縣","南竿鄉","119.945","26.150","62"
"239","653231","20220802231000","266","0","連江縣","南竿鄉","119.920","26.155","209"
"512","653235","20220802231000","461","1","連江縣","南竿鄉","119.940","26.155","596"
"845","653238","20220802231000","842","1","連江縣","南竿鄉","119.955","26.155","951"
"131","653248","20220802231000","108","2","連江縣","南竿鄉","119.920","26.160","161"
"830","653255","20220802231000","798","1","連江縣","南竿鄉","119.955","26.160","989"
"17","653257","20220802231000","10","3","連江縣","南竿鄉","119.965","26.160","15"
"486","653272","20220802231000","570","0","連江縣","南竿鄉","119.950","26.165","417"
"90","653282","20220802231000","144","0","連江縣","南竿鄉","119.925","26.170","104"
"170","653344","20220802231000","149","1","連江縣","北竿鄉","119.970","26.205","166"
"136","653365","20220802231000","164","0","連江縣","北竿鄉","119.975","26.215","172"
"37","653380","20220802231000","36","1","連江縣","北竿鄉","119.990","26.220","28"
"53","653382","20220802231000","29","3","連江縣","北竿鄉","120.000","26.220","36"
"33","653393","20220802231000","20","3","連江縣","北竿鄉","119.980","26.225","25"
"875","653396","20220802231000","1040","0","連江縣","北竿鄉","119.995","26.225","1060"
"403","653397","20220802231000","311","2","連江縣","北竿鄉","120.000","26.225","466"
"21","653410","20220802231000","10","3","連江縣","北竿鄉","119.995","26.230","18"
"128","653411","20220802231000","91","2","連江縣","北竿鄉","120.000","26.230","142"
"19","653425","20220802231000","11","3","連江縣","北竿鄉","120.000","26.235","20"
"33","653580","20220802231000","44","0","連江縣","東引鄉","120.485","26.360","29"
"79","653590","20220802231000","42","3","連江縣","東引鄉","120.490","26.360","68"
"327","653592","20220802231000","602","0","連江縣","東引鄉","120.500","26.360","331"
"755","653602","20220802231000","749","1","連江縣","東引鄉","120.490","26.365","842"
"118","653603","20220802231000","41","3","連江縣","東引鄉","120.495","26.365","117"
"47","653606","20220802231000","14","3","連江縣","東引鄉","120.510","26.365","57"
"169","653623","20220802231000","86","3","連江縣","東引鄉","120.480","26.375","116"
