"POPULATION","G_ID","time","avg","idx","City","Town","x","y","prePop"
"101","6258","20221102075000","146","0","屏東縣","恆春鎮","120.745","21.945","104"
"15","6267","20221102075000","126","0","屏東縣","恆春鎮","120.790","21.945","10"
"25","9415","20221102075000","72","0","屏東縣","恆春鎮","120.715","21.970","133"
"67","9416","20221102075000","50","2","屏東縣","恆春鎮","120.845","21.970","88"
"144","15716","20221102075000","213","0","臺東縣","蘭嶼鄉","121.535","22.025","150"
"15","15719","20221102075000","285","0","臺東縣","蘭嶼鄉","121.550","22.025","13"
"28","18068","20221102075000","40","0","屏東縣","車城鄉","120.695","22.045","29"
"111","20191","20221102075000","562","0","臺東縣","蘭嶼鄉","121.570","22.065","61"
"11","40369","20221102075000","65","0","屏東縣","枋山鄉","120.660","22.245","12"
"68","46865","20221102075000","67","1","臺東縣","大武鄉","120.890","22.305","103"
"53","49782","20221102075000","150","0","屏東縣","琉球鄉","120.355","22.330","64"
"418","52213","20221102075000","311","2","屏東縣","琉球鄉","120.380","22.355","555"
"59","57589","20221102075000","22","3","屏東縣","春日鄉","120.660","22.365","60"
"61","57606","20221102075000","52","1","屏東縣","春日鄉","120.665","22.365","71"
"97","57748","20221102075000","100","0","屏東縣","春日鄉","120.750","22.405","126"
"238","57758","20221102075000","190","2","屏東縣","春日鄉","120.625","22.365","213"
"14","57868","20221102075000","204","0","屏東縣","車城鄉","120.730","22.055","17"
"12","57911","20221102075000","12","1","屏東縣","車城鄉","120.775","22.070","10"
"123","57949","20221102075000","71","3","屏東縣","車城鄉","120.715","22.050","119"
"13","57951","20221102075000","117","0","屏東縣","車城鄉","120.710","22.055","13"
"394","57952","20221102075000","215","3","屏東縣","枋寮鄉","120.595","22.375","317"
"144","57962","20221102075000","365","0","屏東縣","枋寮鄉","120.595","22.385","127"
"451","57963","20221102075000","345","2","屏東縣","枋寮鄉","120.600","22.385","425"
"11","57992","20221102075000","20","0","屏東縣","滿州鄉","120.890","22.090","15"
"17","58022","20221102075000","15","1","屏東縣","滿州鄉","120.895","22.100","53"
"14","58112","20221102075000","19","0","屏東縣","滿州鄉","120.805","22.015","21"
"117","58150","20221102075000","113","1","屏東縣","滿州鄉","120.875","22.115","117"
"14","58179","20221102075000","20","0","屏東縣","滿州鄉","120.880","22.135","44"
"72","58209","20221102075000","94","0","屏東縣","滿州鄉","120.840","21.985","101"
"47","58243","20221102075000","47","1","屏東縣","滿州鄉","120.840","22.015","62"
"173","58245","20221102075000","191","0","屏東縣","滿州鄉","120.835","22.020","236"
"41","58246","20221102075000","17","3","屏東縣","滿州鄉","120.840","22.020","20"
"105","58248","20221102075000","71","2","屏東縣","滿州鄉","120.830","22.025","101"
"269","58265","20221102075000","259","1","屏東縣","滿州鄉","120.830","21.995","356"
"50","58303","20221102075000","19","3","屏東縣","滿州鄉","120.850","22.020","41"
"49","58452","20221102075000","44","1","屏東縣","滿州鄉","120.830","22.075","70"
"24","58493","20221102075000","25","0","屏東縣","滿州鄉","120.830","22.095","47"
"26","58500","20221102075000","29","0","屏東縣","滿州鄉","120.840","22.100","21"
"232","58514","20221102075000","94","3","屏東縣","枋山鄉","120.665","22.240","144"
"151","58522","20221102075000","200","0","屏東縣","枋山鄉","120.650","22.260","193"
"58","58529","20221102075000","221","0","屏東縣","枋山鄉","120.690","22.190","49"
"36","58531","20221102075000","123","0","屏東縣","枋山鄉","120.690","22.195","48"
"21","58544","20221102075000","12","3","屏東縣","佳冬鄉","120.525","22.410","12"
"491","58554","20221102075000","526","0","屏東縣","恆春鎮","120.740","22.030","633"
"27","58568","20221102075000","223","0","屏東縣","恆春鎮","120.735","22.040","28"
"98","58585","20221102075000","56","3","屏東縣","恆春鎮","120.720","22.045","121"
"20","58609","20221102075000","418","0","屏東縣","恆春鎮","120.750","21.955","16"
"39","58614","20221102075000","430","0","屏東縣","恆春鎮","120.755","21.960","30"
"26","58615","20221102075000","10","3","屏東縣","恆春鎮","120.760","21.960","25"
"408","58618","20221102075000","532","0","屏東縣","恆春鎮","120.755","21.965","581"
"526","58656","20221102075000","220","3","屏東縣","恆春鎮","120.730","22.010","422"
"301","58663","20221102075000","321","0","屏東縣","恆春鎮","120.745","22.005","279"
"263","58680","20221102075000","184","2","屏東縣","恆春鎮","120.730","21.995","186"
"157","58691","20221102075000","181","0","屏東縣","恆春鎮","120.725","21.925","258"
"19","58698","20221102075000","15","2","屏東縣","恆春鎮","120.715","21.935","35"
"57","58707","20221102075000","29","3","屏東縣","恆春鎮","120.715","21.945","50"
"111","58723","20221102075000","168","0","屏東縣","恆春鎮","120.720","21.960","61"
"969","58725","20221102075000","1169","0","屏東縣","恆春鎮","120.740","22.010","1076"
"28","58785","20221102075000","90","0","屏東縣","恆春鎮","120.720","22.040","16"
"105","58793","20221102075000","50","3","屏東縣","恆春鎮","120.695","22.020","118"
"16","58796","20221102075000","12","2","屏東縣","恆春鎮","120.710","22.020","15"
"71","58818","20221102075000","100","0","屏東縣","恆春鎮","120.850","21.905","204"
"30","58819","20221102075000","16","3","屏東縣","恆春鎮","120.855","21.905","36"
"53","58824","20221102075000","46","1","屏東縣","恆春鎮","120.850","21.910","59"
"143","58829","20221102075000","168","0","屏東縣","恆春鎮","120.850","21.915","174"
"40","58837","20221102075000","40","1","屏東縣","恆春鎮","120.830","21.925","48"
"112","58849","20221102075000","92","2","屏東縣","恆春鎮","120.825","21.935","124"
"22","58893","20221102075000","203","0","屏東縣","車城鄉","120.715","22.070","20"
"140","58924","20221102075000","81","3","屏東縣","獅子鄉","120.730","22.195","167"
"19","58958","20221102075000","115","0","屏東縣","獅子鄉","120.750","22.205","20"
"133","58971","20221102075000","105","2","屏東縣","獅子鄉","120.725","22.210","118"
"35","58997","20221102075000","21","3","屏東縣","獅子鄉","120.785","22.215","46"
"67","59115","20221102075000","458","0","屏東縣","琉球鄉","120.380","22.350","79"
"31","59117","20221102075000","292","0","屏東縣","琉球鄉","120.365","22.325","34"
"418","59120","20221102075000","269","3","屏東縣","琉球鄉","120.370","22.335","407"
"142","59149","20221102075000","103","2","屏東縣","獅子鄉","120.660","22.275","103"
"56","59469","20221102075000","51","1","屏東縣","獅子鄉","120.650","22.315","53"
"188","60023","20221102075000","144","2","屏東縣","獅子鄉","120.700","22.165","154"
"15","60065","20221102075000","78","0","屏東縣","獅子鄉","120.800","22.230","16"
"20","60076","20221102075000","18","1","屏東縣","獅子鄉","120.805","22.235","14"
"1073","60172","20221102075000","1329","0","屏東縣","琉球鄉","120.370","22.340","1449"
"32","60174","20221102075000","63","0","屏東縣","琉球鄉","120.375","22.345","21"
"69","60189","20221102075000","62","1","屏東縣","車城鄉","120.700","22.040","73"
"63","60193","20221102075000","64","0","屏東縣","車城鄉","120.700","22.050","68"
"23","60196","20221102075000","30","0","屏東縣","琉球鄉","120.365","22.340","36"
"136","60198","20221102075000","162","0","屏東縣","琉球鄉","120.370","22.350","227"
"381","60206","20221102075000","248","3","屏東縣","車城鄉","120.715","22.065","538"
"25","60213","20221102075000","138","0","屏東縣","車城鄉","120.720","22.090","21"
"129","60234","20221102075000","44","3","屏東縣","車城鄉","120.715","22.115","171"
"808","60246","20221102075000","592","2","屏東縣","琉球鄉","120.385","22.350","1077"
"103","60260","20221102075000","83","2","屏東縣","車城鄉","120.740","22.085","146"
"173","60283","20221102075000","202","0","屏東縣","車城鄉","120.750","22.095","243"
"32","60314","20221102075000","158","0","屏東縣","枋寮鄉","120.555","22.390","25"
"43","60322","20221102075000","388","0","屏東縣","車城鄉","120.715","22.075","45"
"195","60328","20221102075000","126","3","屏東縣","車城鄉","120.730","22.075","197"
"323","60350","20221102075000","220","2","屏東縣","枋寮鄉","120.590","22.405","267"
"46","60369","20221102075000","241","0","屏東縣","枋寮鄉","120.620","22.405","42"
"268","60374","20221102075000","168","3","屏東縣","枋寮鄉","120.590","22.370","206"
"200","60377","20221102075000","239","0","屏東縣","枋寮鄉","120.580","22.375","268"
"649","60401","20221102075000","663","0","屏東縣","枋寮鄉","120.575","22.405","790"
"440","60404","20221102075000","380","1","屏東縣","佳冬鄉","120.565","22.410","552"
"1018","60421","20221102075000","1091","0","屏東縣","枋寮鄉","120.600","22.360","1260"
"471","60428","20221102075000","246","3","屏東縣","枋寮鄉","120.600","22.365","394"
"73","60441","20221102075000","88","0","屏東縣","枋山鄉","120.645","22.295","93"
"142","60442","20221102075000","111","2","屏東縣","獅子鄉","120.640","22.310","149"
"168","60446","20221102075000","177","0","屏東縣","枋山鄉","120.630","22.320","279"
"80","60449","20221102075000","73","1","屏東縣","枋山鄉","120.615","22.330","105"
"308","60455","20221102075000","184","3","屏東縣","枋山鄉","120.620","22.335","403"
"321","60456","20221102075000","122","3","屏東縣","枋山鄉","120.625","22.335","271"
"1015","60532","20221102075000","886","1","屏東縣","恆春鎮","120.740","22.000","1337"
"457","60533","20221102075000","425","1","屏東縣","恆春鎮","120.740","22.005","747"
"126","60535","20221102075000","203","0","屏東縣","恆春鎮","120.815","21.935","149"
"162","60537","20221102075000","84","3","屏東縣","恆春鎮","120.805","21.940","114"
"17","60539","20221102075000","225","0","屏東縣","恆春鎮","120.795","21.945","13"
"266","60540","20221102075000","474","0","屏東縣","恆春鎮","120.800","21.945","459"
"241","60541","20221102075000","393","0","屏東縣","恆春鎮","120.805","21.945","349"
"52","60543","20221102075000","90","0","屏東縣","恆春鎮","120.780","21.950","71"
"149","60544","20221102075000","96","3","屏東縣","恆春鎮","120.785","21.950","174"
"119","60568","20221102075000","135","0","屏東縣","恆春鎮","120.810","21.955","158"
"83","60589","20221102075000","65","2","屏東縣","恆春鎮","120.815","21.965","144"
"35","60623","20221102075000","295","0","屏東縣","恆春鎮","120.735","21.950","37"
"66","60646","20221102075000","48","2","屏東縣","恆春鎮","120.720","21.975","56"
"82","60651","20221102075000","64","2","屏東縣","恆春鎮","120.715","21.985","83"
"139","60656","20221102075000","134","1","屏東縣","恆春鎮","120.705","21.995","293"
"90","60671","20221102075000","946","0","屏東縣","恆春鎮","120.740","21.995","114"
"76","60672","20221102075000","297","0","屏東縣","恆春鎮","120.745","21.995","63"
"577","60680","20221102075000","643","0","屏東縣","恆春鎮","120.745","22.000","805"
"71","60694","20221102075000","66","1","屏東縣","恆春鎮","120.765","22.000","51"
"42","60732","20221102075000","59","0","屏東縣","牡丹鄉","120.815","22.075","41"
"76","60771","20221102075000","147","0","屏東縣","滿州鄉","120.890","22.140","149"
"52","60778","20221102075000","32","3","屏東縣","牡丹鄉","120.880","22.155","51"
"20","60784","20221102075000","27","0","屏東縣","牡丹鄉","120.880","22.160","24"
"129","60791","20221102075000","176","0","屏東縣","牡丹鄉","120.890","22.165","160"
"43","60821","20221102075000","56","0","屏東縣","牡丹鄉","120.880","22.185","63"
"10","60825","20221102075000","20","0","屏東縣","牡丹鄉","120.880","22.190","26"
"146","60827","20221102075000","62","3","屏東縣","牡丹鄉","120.885","22.190","78"
"31","60884","20221102075000","22","2","屏東縣","牡丹鄉","120.850","22.185","27"
"23","60907","20221102075000","69","0","屏東縣","牡丹鄉","120.855","22.200","66"
"25","60936","20221102075000","22","1","屏東縣","牡丹鄉","120.815","22.150","22"
"78","60994","20221102075000","55","2","屏東縣","牡丹鄉","120.835","22.175","83"
"75","61141","20221102075000","55","2","屏東縣","牡丹鄉","120.770","22.125","77"
"212","61160","20221102075000","205","1","屏東縣","牡丹鄉","120.780","22.130","229"
"17","61331","20221102075000","94","0","屏東縣","牡丹鄉","120.840","22.115","25"
"152","61332","20221102075000","165","0","屏東縣","牡丹鄉","120.845","22.115","160"
"26","61377","20221102075000","14","3","屏東縣","牡丹鄉","120.885","22.140","25"
"148","61441","20221102075000","76","3","臺東縣","大武鄉","120.880","22.325","154"
"47","61469","20221102075000","189","0","臺東縣","大武鄉","120.905","22.360","42"
"30","61471","20221102075000","105","0","臺東縣","大武鄉","120.900","22.365","24"
"38","61472","20221102075000","290","0","臺東縣","大武鄉","120.905","22.365","46"
"91","61501","20221102075000","248","0","臺東縣","大武鄉","120.910","22.380","90"
"73","61562","20221102075000","335","0","臺東縣","大武鄉","120.885","22.340","61"
"128","61604","20221102075000","187","0","臺東縣","蘭嶼鄉","121.525","22.080","172"
"98","61605","20221102075000","174","0","臺東縣","蘭嶼鄉","121.530","22.080","134"
"32","61620","20221102075000","78","0","臺東縣","蘭嶼鄉","121.590","22.005","41"
"137","61703","20221102075000","254","0","臺東縣","蘭嶼鄉","121.510","22.055","254"
"91","61734","20221102075000","217","0","臺東縣","蘭嶼鄉","121.555","22.025","107"
"23","61738","20221102075000","33","0","臺東縣","蘭嶼鄉","121.535","22.030","25"
"18","61830","20221102075000","88","0","臺東縣","達仁鄉","120.885","22.285","10"
"21","61933","20221102075000","139","0","臺東縣","達仁鄉","120.885","22.295","19"
"39","62017","20221102075000","36","1","臺東縣","達仁鄉","120.855","22.320","41"
"12","62278","20221102075000","11","1","臺東縣","大武鄉","120.880","22.375","13"
"14","62301","20221102075000","39","0","臺東縣","達仁鄉","120.860","22.380","10"
"63","62355","20221102075000","31","3","臺東縣","達仁鄉","120.855","22.390","53"
"44","62479","20221102075000","26","3","臺東縣","達仁鄉","120.855","22.275","48"
"107","62493","20221102075000","42","3","臺東縣","達仁鄉","120.875","22.290","105"
"78","63917","20221102075000","33","3","臺東縣","大武鄉","120.930","22.415","64"
"56","65292","20221102075000","213","0","屏東縣","東港鎮","120.480","22.430","59"
"13","72794","20221102075000","40","0","高雄市","小港區","120.360","22.510","22"
"35","72795","20221102075000","19","3","臺東縣","太麻里鄉","120.960","22.510","11"
"168","80997","20221102075000","155","1","屏東縣","新埤鄉","120.560","22.475","208"
"491","81045","20221102075000","497","0","屏東縣","新埤鄉","120.545","22.465","626"
"263","81049","20221102075000","131","3","屏東縣","新埤鄉","120.565","22.465","187"
"21","81063","20221102075000","22","0","屏東縣","新埤鄉","120.610","22.450","19"
"155","81079","20221102075000","153","1","屏東縣","新埤鄉","120.610","22.460","195"
"589","81134","20221102075000","514","1","屏東縣","新埤鄉","120.580","22.505","513"
"204","81174","20221102075000","203","1","屏東縣","新埤鄉","120.615","22.470","245"
"57","81486","20221102075000","52","1","屏東縣","春日鄉","120.630","22.425","63"
"176","81488","20221102075000","138","2","屏東縣","春日鄉","120.640","22.425","224"
"566","81506","20221102075000","414","2","屏東縣","新園鄉","120.435","22.500","711"
"89","81517","20221102075000","92","0","屏東縣","新園鄉","120.440","22.510","148"
"342","81529","20221102075000","372","0","屏東縣","萬巒鄉","120.610","22.590","301"
"839","81547","20221102075000","1355","0","屏東縣","林邊鄉","120.515","22.435","875"
"517","81552","20221102075000","380","2","屏東縣","林邊鄉","120.520","22.430","687"
"26","81557","20221102075000","18","2","屏東縣","林邊鄉","120.490","22.430","36"
"66","81560","20221102075000","30","3","屏東縣","東港鎮","120.495","22.460","54"
"198","81569","20221102075000","233","0","屏東縣","東港鎮","120.455","22.460","282"
"16","81573","20221102075000","24","0","屏東縣","東港鎮","120.465","22.440","32"
"81","81584","20221102075000","76","1","屏東縣","東港鎮","120.455","22.450","91"
"45","81816","20221102075000","39","1","屏東縣","來義鄉","120.680","22.525","41"
"44","81919","20221102075000","47","0","屏東縣","來義鄉","120.640","22.435","61"
"66","82042","20221102075000","56","1","屏東縣","來義鄉","120.635","22.525","76"
"23","82186","20221102075000","18","2","屏東縣","來義鄉","120.665","22.560","26"
"33","82194","20221102075000","350","0","屏東縣","佳冬鄉","120.550","22.415","29"
"1037","82204","20221102075000","877","1","屏東縣","佳冬鄉","120.545","22.415","1265"
"677","82217","20221102075000","511","2","屏東縣","竹田鄉","120.515","22.575","621"
"13","82225","20221102075000","85","0","屏東縣","東港鎮","120.450","22.455","13"
"387","82239","20221102075000","131","3","屏東縣","東港鎮","120.495","22.455","377"
"41","82241","20221102075000","514","0","屏東縣","東港鎮","120.490","22.455","47"
"790","82243","20221102075000","816","0","屏東縣","東港鎮","120.445","22.465","767"
"184","82245","20221102075000","575","0","屏東縣","東港鎮","120.445","22.460","155"
"745","82256","20221102075000","743","1","屏東縣","東港鎮","120.455","22.470","968"
"72","82257","20221102075000","114","0","屏東縣","東港鎮","120.460","22.470","61"
"1333","82262","20221102075000","747","3","屏東縣","東港鎮","120.460","22.475","1709"
"225","82266","20221102075000","484","0","屏東縣","東港鎮","120.465","22.480","186"
"147","82270","20221102075000","394","0","屏東縣","東港鎮","120.475","22.485","111"
"45","82283","20221102075000","61","0","屏東縣","泰武鄉","120.625","22.590","63"
"100","82284","20221102075000","98","1","屏東縣","泰武鄉","120.635","22.590","126"
"353","82290","20221102075000","253","2","屏東縣","林邊鄉","120.520","22.435","305"
"428","82303","20221102075000","296","2","屏東縣","新園鄉","120.460","22.540","358"
"737","82306","20221102075000","805","0","屏東縣","新園鄉","120.460","22.545","863"
"89","82311","20221102075000","518","0","屏東縣","東港鎮","120.450","22.470","78"
"10","82316","20221102075000","11","0","屏東縣","竹田鄉","120.540","22.570","10"
"407","82324","20221102075000","536","0","屏東縣","竹田鄉","120.540","22.585","535"
"74","82325","20221102075000","98","0","屏東縣","竹田鄉","120.545","22.585","102"
"512","82333","20221102075000","535","0","屏東縣","新園鄉","120.455","22.525","682"
"276","82340","20221102075000","242","1","屏東縣","新園鄉","120.465","22.530","356"
"296","82347","20221102075000","198","2","屏東縣","新園鄉","120.440","22.475","272"
"79","82367","20221102075000","51","3","屏東縣","萬丹鄉","120.465","22.595","58"
"437","82441","20221102075000","236","3","屏東縣","泰武鄉","120.650","22.570","396"
"21","82445","20221102075000","119","0","屏東縣","泰武鄉","120.635","22.580","15"
"55","82467","20221102075000","57","0","屏東縣","泰武鄉","120.660","22.570","53"
"81","82513","20221102075000","39","3","屏東縣","泰武鄉","120.665","22.585","54"
"18","82568","20221102075000","24","0","屏東縣","萬丹鄉","120.490","22.575","24"
"485","82569","20221102075000","254","3","屏東縣","新園鄉","120.450","22.475","443"
"449","82576","20221102075000","314","2","屏東縣","新園鄉","120.445","22.515","437"
"127","82591","20221102075000","109","1","屏東縣","新園鄉","120.450","22.525","108"
"52","82614","20221102075000","291","0","屏東縣","佳冬鄉","120.515","22.415","26"
"21","82630","20221102075000","312","0","屏東縣","佳冬鄉","120.560","22.430","20"
"221","82634","20221102075000","454","0","屏東縣","佳冬鄉","120.560","22.435","195"
"76","82638","20221102075000","69","1","屏東縣","佳冬鄉","120.535","22.425","113"
"276","82649","20221102075000","605","0","屏東縣","佳冬鄉","120.555","22.420","240"
"154","82700","20221102075000","161","0","屏東縣","來義鄉","120.635","22.515","201"
"58","82715","20221102075000","36","3","屏東縣","來義鄉","120.660","22.525","65"
"10","82720","20221102075000","120","0","屏東縣","南州鄉","120.500","22.480","10"
"108","82722","20221102075000","80","2","屏東縣","南州鄉","120.490","22.485","119"
"416","82723","20221102075000","174","3","屏東縣","南州鄉","120.495","22.485","398"
"55","82736","20221102075000","187","0","屏東縣","南州鄉","120.530","22.465","56"
"19","82738","20221102075000","11","3","屏東縣","南州鄉","120.525","22.470","15"
"59","82740","20221102075000","207","0","屏東縣","南州鄉","120.535","22.470","49"
"603","82742","20221102075000","585","1","屏東縣","南州鄉","120.520","22.475","743"
"277","82751","20221102075000","192","2","屏東縣","南州鄉","120.540","22.485","219"
"72","82754","20221102075000","42","3","屏東縣","南州鄉","120.535","22.490","48"
"42","82763","20221102075000","27","3","屏東縣","崁頂鄉","120.520","22.495","34"
"145","82767","20221102075000","65","3","屏東縣","內埔鄉","120.560","22.585","108"
"17","82779","20221102075000","154","0","屏東縣","萬丹鄉","120.495","22.550","13"
"425","82796","20221102075000","459","0","屏東縣","新園鄉","120.460","22.505","534"
"113","82807","20221102075000","284","0","屏東縣","崁頂鄉","120.505","22.540","93"
"48","82821","20221102075000","285","0","屏東縣","崁頂鄉","120.490","22.510","26"
"31","82835","20221102075000","155","0","屏東縣","崁頂鄉","120.520","22.530","28"
"575","82839","20221102075000","660","0","屏東縣","南州鄉","120.510","22.495","760"
"68","82881","20221102075000","236","0","屏東縣","佳冬鄉","120.560","22.445","51"
"161","82883","20221102075000","73","3","屏東縣","佳冬鄉","120.560","22.450","157"
"229","82893","20221102075000","263","0","屏東縣","萬丹鄉","120.495","22.545","306"
"50","82901","20221102075000","44","1","屏東縣","崁頂鄉","120.510","22.510","58"
"95","82906","20221102075000","511","0","屏東縣","崁頂鄉","120.515","22.515","85"
"87","82941","20221102075000","38","3","屏東縣","崁頂鄉","120.490","22.500","76"
"47","82951","20221102075000","30","3","屏東縣","內埔鄉","120.570","22.590","17"
"818","82954","20221102075000","456","3","屏東縣","新園鄉","120.460","22.495","702"
"100","82963","20221102075000","111","0","屏東縣","新園鄉","120.475","22.550","132"
"296","82970","20221102075000","399","0","屏東縣","新園鄉","120.455","22.545","372"
"96","82987","20221102075000","426","0","屏東縣","新園鄉","120.460","22.490","85"
"106","82992","20221102075000","471","0","屏東縣","新園鄉","120.445","22.500","71"
"12","82996","20221102075000","13","0","屏東縣","新園鄉","120.445","22.475","14"
"325","82997","20221102075000","189","3","屏東縣","新園鄉","120.440","22.480","285"
"140","82998","20221102075000","141","0","屏東縣","新園鄉","120.445","22.480","179"
"13","83002","20221102075000","43","0","屏東縣","新園鄉","120.440","22.485","12"
"110","83015","20221102075000","133","0","屏東縣","新埤鄉","120.550","22.505","139"
"673","83024","20221102075000","515","2","屏東縣","潮州鎮","120.530","22.545","665"
"1222","83025","20221102075000","1041","1","屏東縣","潮州鎮","120.535","22.545","1519"
"46","83041","20221102075000","37","2","屏東縣","潮州鎮","120.590","22.540","45"
"199","83047","20221102075000","169","1","屏東縣","潮州鎮","120.555","22.550","168"
"385","83049","20221102075000","263","2","屏東縣","潮州鎮","120.565","22.550","406"
"385","83055","20221102075000","466","0","屏東縣","萬丹鄉","120.470","22.560","501"
"44","83064","20221102075000","211","0","屏東縣","萬巒鄉","120.600","22.590","55"
"246","83080","20221102075000","524","0","屏東縣","東港鎮","120.450","22.465","232"
"468","83093","20221102075000","250","3","屏東縣","萬巒鄉","120.595","22.565","409"
"53","83095","20221102075000","254","0","屏東縣","萬巒鄉","120.605","22.565","55"
"169","83096","20221102075000","98","3","屏東縣","萬巒鄉","120.600","22.570","167"
"16","83099","20221102075000","24","0","屏東縣","萬巒鄉","120.595","22.570","29"
"310","83142","20221102075000","187","3","屏東縣","新埤鄉","120.625","22.525","303"
"67","83161","20221102075000","385","0","屏東縣","萬巒鄉","120.620","22.545","51"
"330","83162","20221102075000","477","0","屏東縣","泰武鄉","120.625","22.545","476"
"10","83177","20221102075000","124","0","屏東縣","萬巒鄉","120.580","22.590","11"
"555","83201","20221102075000","495","1","屏東縣","萬巒鄉","120.570","22.570","689"
"268","83206","20221102075000","333","0","屏東縣","萬巒鄉","120.565","22.575","314"
"204","83210","20221102075000","166","2","屏東縣","內埔鄉","120.565","22.580","171"
"15","83216","20221102075000","15","1","屏東縣","萬丹鄉","120.485","22.555","12"
"110","83231","20221102075000","38","3","屏東縣","東港鎮","120.460","22.460","66"
"718","83232","20221102075000","632","1","屏東縣","東港鎮","120.465","22.460","950"
"890","83234","20221102075000","881","1","屏東縣","東港鎮","120.455","22.465","1003"
"147","83235","20221102075000","79","3","屏東縣","東港鎮","120.460","22.465","136"
"204","83236","20221102075000","866","0","屏東縣","東港鎮","120.465","22.465","169"
"19","83237","20221102075000","11","3","屏東縣","東港鎮","120.470","22.465","19"
"554","83241","20221102075000","783","0","屏東縣","東港鎮","120.440","22.460","725"
"149","83257","20221102075000","1033","0","屏東縣","竹田鄉","120.525","22.575","150"
"247","83258","20221102075000","189","2","屏東縣","潮州鎮","120.530","22.525","329"
"323","83261","20221102075000","238","2","屏東縣","潮州鎮","120.540","22.525","268"
"234","83267","20221102075000","164","2","屏東縣","潮州鎮","120.535","22.535","262"
"311","83269","20221102075000","204","3","屏東縣","潮州鎮","120.535","22.540","294"
"140","83271","20221102075000","175","0","屏東縣","枋寮鄉","120.580","22.410","153"
"216","83278","20221102075000","149","2","屏東縣","枋寮鄉","120.580","22.415","208"
"39","83323","20221102075000","62","0","屏東縣","枋寮鄉","120.620","22.425","39"
"117","83342","20221102075000","93","2","屏東縣","枋寮鄉","120.595","22.435","136"
"27","83378","20221102075000","202","0","屏東縣","萬丹鄉","120.460","22.575","25"
"93","83380","20221102075000","41","3","屏東縣","萬丹鄉","120.470","22.575","71"
"325","83383","20221102075000","250","2","屏東縣","竹田鄉","120.535","22.595","288"
"15","83404","20221102075000","14","1","屏東縣","林邊鄉","120.505","22.435","31"
"203","83430","20221102075000","159","2","屏東縣","萬丹鄉","120.485","22.580","166"
"514","83431","20221102075000","388","2","屏東縣","萬丹鄉","120.490","22.580","475"
"49","83433","20221102075000","52","0","屏東縣","萬丹鄉","120.480","22.565","49"
"460","83435","20221102075000","779","0","屏東縣","竹田鄉","120.490","22.565","619"
"292","83437","20221102075000","181","3","屏東縣","萬丹鄉","120.480","22.570","231"
"27","83438","20221102075000","28","0","屏東縣","萬丹鄉","120.490","22.550","30"
"21","83439","20221102075000","37","0","屏東縣","萬丹鄉","120.490","22.555","35"
"621","83442","20221102075000","758","0","屏東縣","潮州鎮","120.545","22.545","827"
"416","83443","20221102075000","263","3","屏東縣","潮州鎮","120.550","22.545","380"
"876","83448","20221102075000","695","2","屏東縣","潮州鎮","120.550","22.555","887"
"448","83455","20221102075000","503","0","屏東縣","潮州鎮","120.560","22.515","519"
"108","83457","20221102075000","163","0","屏東縣","潮州鎮","120.570","22.515","146"
"484","83473","20221102075000","745","0","屏東縣","潮州鎮","120.530","22.560","692"
"256","83483","20221102075000","330","0","屏東縣","萬丹鄉","120.465","22.565","366"
"772","83504","20221102075000","1104","0","屏東縣","潮州鎮","120.540","22.555","772"
"38","83508","20221102075000","220","0","屏東縣","潮州鎮","120.550","22.560","47"
"13","83516","20221102075000","247","0","屏東縣","潮州鎮","120.540","22.545","11"
"16","83518","20221102075000","17","0","屏東縣","潮州鎮","120.545","22.550","21"
"357","83525","20221102075000","412","0","屏東縣","潮州鎮","120.530","22.540","468"
"183","83540","20221102075000","115","3","屏東縣","潮州鎮","120.580","22.555","180"
"1115","83567","20221102075000","858","2","屏東縣","萬丹鄉","120.490","22.590","1402"
"21","83574","20221102075000","14","3","屏東縣","潮州鎮","120.550","22.535","18"
"316","83576","20221102075000","248","2","屏東縣","潮州鎮","120.550","22.540","300"
"930","83577","20221102075000","584","3","屏東縣","潮州鎮","120.535","22.550","768"
"75","83578","20221102075000","841","0","屏東縣","潮州鎮","120.535","22.555","69"
"188","83582","20221102075000","79","3","屏東縣","萬丹鄉","120.500","22.595","165"
"415","83585","20221102075000","448","0","屏東縣","萬丹鄉","120.485","22.585","513"
"264","83586","20221102075000","481","0","屏東縣","萬丹鄉","120.490","22.585","184"
"53","83599","20221102075000","312","0","屏東縣","南州鄉","120.505","22.490","47"
"667","83623","20221102075000","530","2","屏東縣","南州鄉","120.510","22.490","950"
"249","83624","20221102075000","165","3","屏東縣","潮州鎮","120.530","22.510","201"
"234","83625","20221102075000","170","2","屏東縣","潮州鎮","120.535","22.510","219"
"392","83646","20221102075000","243","3","屏東縣","潮州鎮","120.530","22.550","369"
"1092","83648","20221102075000","808","2","高雄市","鳳山區","120.325","22.595","943"
"296","83650","20221102075000","447","0","高雄市","前鎮區","120.320","22.595","397"
"1227","83651","20221102075000","1354","0","高雄市","小港區","120.360","22.565","1137"
"164","83652","20221102075000","133","2","高雄市","小港區(海)","120.335","22.550","191"
"24","83653","20221102075000","253","0","高雄市","小港區","120.335","22.555","26"
"320","83655","20221102075000","311","1","高雄市","小港區","120.340","22.560","277"
"62","83657","20221102075000","88","0","高雄市","小港區","120.370","22.530","49"
"301","83658","20221102075000","488","0","高雄市","小港區","120.365","22.535","339"
"29","83660","20221102075000","468","0","高雄市","小港區","120.370","22.540","30"
"152","83661","20221102075000","93","3","高雄市","小港區","120.375","22.540","149"
"650","83662","20221102075000","388","3","高雄市","小港區","120.370","22.545","655"
"239","83666","20221102075000","135","3","高雄市","小港區","120.375","22.545","203"
"17","83669","20221102075000","201","0","高雄市","小港區","120.375","22.550","17"
"303","83670","20221102075000","74","3","高雄市","小港區","120.370","22.555","258"
"57","83671","20221102075000","722","0","高雄市","小港區","120.365","22.560","52"
"608","83673","20221102075000","665","0","高雄市","小港區","120.375","22.560","568"
"424","83674","20221102075000","960","0","高雄市","小港區","120.365","22.565","410"
"271","83675","20221102075000","444","0","高雄市","小港區","120.370","22.565","242"
"125","83677","20221102075000","1450","0","高雄市","小港區","120.355","22.570","100"
"613","83684","20221102075000","720","0","高雄市","大寮區","120.380","22.590","705"
"33","83692","20221102075000","493","0","高雄市","大寮區","120.385","22.590","29"
"638","83694","20221102075000","415","3","高雄市","大寮區","120.395","22.590","630"
"54","83701","20221102075000","277","0","高雄市","大寮區","120.420","22.585","44"
"37","83702","20221102075000","520","0","高雄市","大寮區","120.410","22.590","24"
"158","83703","20221102075000","102","3","高雄市","大寮區","120.415","22.590","142"
"1530","83704","20221102075000","1167","2","高雄市","大寮區","120.420","22.590","1426"
"493","83705","20221102075000","444","1","高雄市","大寮區","120.410","22.595","464"
"429","83706","20221102075000","299","2","高雄市","大寮區","120.415","22.595","400"
"20","83712","20221102075000","56","0","高雄市","前鎮區","120.310","22.580","27"
"67","83713","20221102075000","817","0","高雄市","小港區","120.345","22.565","54"
"43","83752","20221102075000","17","3","臺東縣","大武鄉","120.930","22.425","28"
"12","83764","20221102075000","14","0","臺東縣","大武鄉","120.935","22.435","15"
"67","83802","20221102075000","49","2","臺東縣","大武鄉","120.925","22.415","68"
"20","83805","20221102075000","691","0","高雄市","小港區","120.345","22.525","22"
"219","83815","20221102075000","159","2","高雄市","林園區","120.405","22.495","202"
"141","83819","20221102075000","197","0","高雄市","林園區","120.400","22.500","133"
"18","83820","20221102075000","368","0","高雄市","林園區","120.410","22.495","15"
"365","83822","20221102075000","245","2","高雄市","林園區","120.390","22.505","316"
"148","83828","20221102075000","105","2","高雄市","林園區","120.415","22.485","153"
"447","83831","20221102075000","481","0","高雄市","前鎮區","120.315","22.580","368"
"1416","83836","20221102075000","1117","2","高雄市","大寮區","120.405","22.545","1432"
"56","83838","20221102075000","461","0","高雄市","前鎮區","120.300","22.590","51"
"23","83839","20221102075000","202","0","高雄市","前鎮區","120.300","22.585","30"
"237","83840","20221102075000","156","3","高雄市","前鎮區","120.295","22.590","251"
"125","83842","20221102075000","359","0","高雄市","前鎮區","120.305","22.590","88"
"162","83843","20221102075000","100","3","高雄市","前鎮區","120.290","22.595","158"
"335","83844","20221102075000","288","1","高雄市","前鎮區","120.295","22.595","402"
"267","83845","20221102075000","228","1","高雄市","前鎮區","120.310","22.585","207"
"152","83862","20221102075000","150","1","臺東縣","達仁鄉","120.905","22.475","188"
"136","84086","20221102075000","122","1","臺東縣","達仁鄉","120.885","22.455","161"
"212","84511","20221102075000","234","0","臺東縣","金峰鄉","120.960","22.595","248"
"201","85294","20221102075000","210","0","臺東縣","太麻里鄉","120.960","22.530","268"
"546","85296","20221102075000","427","2","高雄市","林園區","120.410","22.480","545"
"30","85297","20221102075000","21","2","高雄市","林園區","120.395","22.490","31"
"525","85301","20221102075000","413","2","高雄市","林園區","120.360","22.505","533"
"361","85302","20221102075000","305","1","高雄市","林園區","120.365","22.505","432"
"398","85305","20221102075000","998","0","高雄市","小港區","120.335","22.560","325"
"387","85307","20221102075000","307","2","高雄市","鳳山區","120.345","22.585","347"
"471","85308","20221102075000","348","2","高雄市","鳳山區","120.355","22.590","468"
"706","85309","20221102075000","476","2","高雄市","鳳山區","120.360","22.590","511"
"77","85310","20221102075000","387","0","高雄市","鳳山區","120.365","22.590","67"
"1248","85311","20221102075000","1291","0","高雄市","鳳山區","120.355","22.595","1560"
"680","85315","20221102075000","518","2","高雄市","鳳山區","120.360","22.595","772"
"360","85322","20221102075000","583","0","高雄市","小港區","120.350","22.560","342"
"404","85323","20221102075000","898","0","高雄市","小港區","120.355","22.560","391"
"1594","85325","20221102075000","1301","2","高雄市","鳳山區","120.360","22.585","1385"
"109","85327","20221102075000","411","0","高雄市","小港區","120.370","22.570","91"
"115","85328","20221102075000","146","0","高雄市","小港區","120.355","22.565","102"
"350","85329","20221102075000","214","3","高雄市","小港區","120.375","22.570","294"
"40","85331","20221102075000","345","0","高雄市","小港區","120.370","22.575","33"
"703","85332","20221102075000","625","1","高雄市","小港區","120.375","22.575","700"
"371","85337","20221102075000","434","0","高雄市","小港區","120.355","22.540","336"
"312","85340","20221102075000","368","0","高雄市","小港區","120.350","22.540","282"
"1020","85343","20221102075000","706","2","高雄市","小港區","120.360","22.540","955"
"178","85345","20221102075000","140","2","高雄市","小港區","120.340","22.545","157"
"809","85347","20221102075000","584","2","高雄市","小港區","120.350","22.545","898"
"260","85353","20221102075000","198","2","高雄市","小港區","120.350","22.550","254"
"280","85354","20221102075000","220","2","高雄市","小港區","120.355","22.550","241"
"878","85355","20221102075000","792","1","高雄市","小港區","120.360","22.550","914"
"66","85356","20221102075000","115","0","高雄市","小港區","120.345","22.555","69"
"910","85359","20221102075000","793","1","高雄市","小港區","120.355","22.555","829"
"705","85360","20221102075000","532","2","高雄市","小港區","120.345","22.560","696"
"106","85367","20221102075000","113","0","高雄市","小港區","120.345","22.530","94"
"160","85368","20221102075000","118","2","高雄市","小港區","120.350","22.530","113"
"592","85370","20221102075000","602","0","高雄市","小港區","120.355","22.530","592"
"697","85371","20221102075000","598","1","高雄市","小港區","120.360","22.530","726"
"303","85372","20221102075000","469","0","高雄市","小港區","120.335","22.535","316"
"287","85374","20221102075000","195","2","高雄市","小港區","120.345","22.535","259"
"86","85377","20221102075000","114","0","高雄市","小港區(海)","120.330","22.540","84"
"142","85382","20221102075000","293","0","高雄市","小港區","120.320","22.545","135"
"645","85384","20221102075000","1154","0","高雄市","前鎮區","120.325","22.570","990"
"634","85385","20221102075000","873","0","高雄市","前鎮區","120.325","22.575","870"
"601","85386","20221102075000","1281","0","高雄市","前鎮區","120.315","22.590","465"
"548","85387","20221102075000","363","3","高雄市","前鎮區","120.305","22.595","722"
"532","85389","20221102075000","952","0","高雄市","前鎮區","120.310","22.595","692"
"93","85391","20221102075000","603","0","高雄市","前鎮區","120.315","22.575","620"
"357","85392","20221102075000","389","0","高雄市","前鎮區","120.320","22.575","471"
"940","85393","20221102075000","1470","0","高雄市","前鎮區","120.325","22.580","883"
"939","85396","20221102075000","630","2","高雄市","前鎮區","120.330","22.585","1254"
"440","85398","20221102075000","633","0","高雄市","鳳山區","120.340","22.585","452"
"149","85400","20221102075000","164","0","臺東縣","太麻里鄉","120.940","22.460","198"
"55","85417","20221102075000","37","2","臺東縣","太麻里鄉","120.950","22.480","36"
"34","85451","20221102075000","54","0","臺東縣","太麻里鄉","120.955","22.510","51"
"115","85475","20221102075000","100","1","臺東縣","太麻里鄉","120.935","22.520","160"
"577","85487","20221102075000","727","0","高雄市","鳳山區","120.325","22.585","767"
"745","85489","20221102075000","549","2","高雄市","鳳山區","120.350","22.590","928"
"102","85490","20221102075000","935","0","高雄市","鳳山區","120.345","22.595","88"
"505","85491","20221102075000","693","0","高雄市","鳳山區","120.330","22.590","475"
"2565","85492","20221102075000","1822","2","高雄市","鳳山區","120.325","22.590","2335"
"879","85493","20221102075000","935","0","高雄市","前鎮區","120.320","22.585","1248"
"857","85496","20221102075000","1132","0","高雄市","前鎮區","120.330","22.580","1038"
"544","85517","20221102075000","715","0","高雄市","大寮區","120.410","22.560","693"
"390","85519","20221102075000","277","2","高雄市","大寮區","120.420","22.560","366"
"810","85533","20221102075000","578","2","高雄市","大寮區","120.405","22.580","655"
"981","85535","20221102075000","886","1","高雄市","鳳山區","120.335","22.595","1015"
"105","85536","20221102075000","369","0","高雄市","小港區","120.360","22.570","123"
"677","85537","20221102075000","535","2","高雄市","林園區","120.385","22.490","626"
"450","85543","20221102075000","399","1","高雄市","鳳山區","120.330","22.595","424"
"214","85544","20221102075000","212","1","高雄市","小港區","120.355","22.515","223"
"185","85546","20221102075000","184","1","高雄市","小港區","120.360","22.525","192"
"281","85559","20221102075000","351","0","臺東縣","太麻里鄉","120.965","22.530","372"
"15","85568","20221102075000","11","2","臺東縣","太麻里鄉","120.965","22.535","15"
"32","85590","20221102075000","25","2","臺東縣","太麻里鄉","120.965","22.545","22"
"46","85591","20221102075000","37","2","臺東縣","太麻里鄉","120.970","22.545","28"
"242","85656","20221102075000","131","3","臺東縣","太麻里鄉","120.990","22.575","327"
"72","85660","20221102075000","83","0","臺東縣","太麻里鄉","120.990","22.580","36"
"850","85678","20221102075000","579","2","高雄市","鳳山區","120.350","22.595","718"
"303","85680","20221102075000","375","0","高雄市","鳳山區","120.340","22.595","275"
"522","85681","20221102075000","423","2","高雄市","林園區","120.375","22.500","503"
"946","85683","20221102075000","881","1","高雄市","林園區","120.385","22.500","1037"
"113","85684","20221102075000","427","0","高雄市","林園區","120.395","22.485","106"
"216","85685","20221102075000","185","1","高雄市","林園區","120.375","22.505","181"
"288","85689","20221102075000","1036","0","高雄市","前鎮區","120.310","22.590","265"
"643","85700","20221102075000","824","0","高雄市","小港區","120.340","22.565","906"
"16","85702","20221102075000","15","1","高雄市","小港區","120.375","22.530","16"
"338","85708","20221102075000","267","2","高雄市","小港區","120.380","22.545","294"
"13","85713","20221102075000","88","0","高雄市","小港區","120.390","22.545","54"
"372","85719","20221102075000","380","0","高雄市","小港區","120.385","22.555","313"
"348","85721","20221102075000","538","0","高雄市","小港區","120.390","22.560","532"
"110","85723","20221102075000","150","0","高雄市","小港區","120.380","22.555","131"
"338","85724","20221102075000","185","3","高雄市","小港區","120.380","22.560","296"
"243","85725","20221102075000","89","3","高雄市","小港區","120.385","22.560","209"
"118","85726","20221102075000","165","0","高雄市","小港區","120.380","22.565","143"
"501","85728","20221102075000","300","3","高雄市","大寮區","120.400","22.590","421"
"434","85729","20221102075000","394","1","高雄市","大寮區","120.390","22.595","325"
"121","85731","20221102075000","99","2","高雄市","大寮區","120.415","22.535","111"
"150","85751","20221102075000","100","3","高雄市","大寮區","120.425","22.555","114"
"275","85754","20221102075000","195","2","高雄市","大寮區","120.425","22.560","279"
"1082","85755","20221102075000","1051","1","高雄市","前鎮區","120.315","22.585","1415"
"422","85756","20221102075000","228","3","高雄市","前鎮區","120.305","22.585","311"
"433","85758","20221102075000","778","0","高雄市","小港區","120.345","22.570","429"
"73","85759","20221102075000","1150","0","高雄市","小港區","120.350","22.570","61"
"60","85764","20221102075000","313","0","高雄市","小港區","120.350","22.575","44"
"254","85768","20221102075000","251","1","高雄市","小港區","120.350","22.580","211"
"438","85770","20221102075000","851","0","高雄市","鳳山區","120.350","22.585","553"
"1529","85771","20221102075000","1779","0","高雄市","鳳山區","120.355","22.585","1781"
"1706","85772","20221102075000","1646","1","高雄市","小港區","120.350","22.565","1503"
"25","85776","20221102075000","46","0","高雄市","小港區","120.325","22.565","23"
"579","85777","20221102075000","653","0","高雄市","小港區","120.330","22.565","785"
"477","85778","20221102075000","577","0","高雄市","前鎮區","120.330","22.570","680"
"1142","85779","20221102075000","1204","0","高雄市","小港區","120.335","22.570","1053"
"270","85780","20221102075000","224","2","高雄市","小港區","120.335","22.565","307"
"376","85790","20221102075000","436","0","高雄市","鳳山區","120.340","22.590","460"
"550","85791","20221102075000","269","3","高雄市","鳳山區","120.345","22.590","342"
"989","85793","20221102075000","1050","0","高雄市","鳳山區","120.335","22.590","1217"
"664","85794","20221102075000","325","3","高雄市","前鎮區","120.335","22.585","455"
"73","85806","20221102075000","149","0","高雄市","小港區(海)","120.330","22.550","96"
"235","85816","20221102075000","158","2","高雄市","小港區(海)","120.315","22.550","229"
"165","85817","20221102075000","144","1","高雄市","旗津區","120.310","22.555","151"
"46","85821","20221102075000","63","0","高雄市","旗津區(海)","120.300","22.575","37"
"12","85823","20221102075000","45","0","高雄市","前鎮區(海)","120.295","22.585","31"
"124","85826","20221102075000","335","0","高雄市","旗津區(海)","120.295","22.580","166"
"197","85827","20221102075000","168","1","高雄市","旗津區","120.290","22.585","292"
"41","85829","20221102075000","106","0","高雄市","大寮區","120.430","22.560","40"
"13","85834","20221102075000","63","0","高雄市","大寮區","120.430","22.565","15"
"186","85835","20221102075000","126","2","高雄市","大寮區","120.435","22.565","169"
"235","85837","20221102075000","153","3","高雄市","大寮區","120.420","22.570","187"
"629","85839","20221102075000","499","2","高雄市","大寮區","120.430","22.570","566"
"57","85845","20221102075000","76","0","高雄市","大寮區","120.435","22.580","33"
"138","85858","20221102075000","147","0","高雄市","大寮區","120.410","22.575","118"
"323","85859","20221102075000","258","2","高雄市","大寮區","120.415","22.575","362"
"211","85864","20221102075000","226","0","高雄市","大寮區","120.420","22.580","190"
"579","85865","20221102075000","451","2","高雄市","大寮區","120.425","22.580","571"
"52","85866","20221102075000","672","0","高雄市","大寮區","120.430","22.580","60"
"139","85867","20221102075000","106","2","高雄市","大寮區","120.425","22.585","152"
"157","85869","20221102075000","129","2","高雄市","大寮區","120.435","22.585","114"
"19","85872","20221102075000","270","0","高雄市","大寮區","120.425","22.590","14"
"618","85873","20221102075000","628","0","高雄市","大寮區","120.430","22.590","651"
"25","85880","20221102075000","318","0","高雄市","大寮區","120.400","22.595","22"
"554","85881","20221102075000","449","2","高雄市","大寮區","120.405","22.595","584"
"259","85887","20221102075000","343","0","高雄市","前鎮區","120.320","22.570","236"
"114","85888","20221102075000","105","1","高雄市","前鎮區(海)","120.305","22.575","145"
"235","85894","20221102075000","443","0","高雄市","小港區","120.365","22.585","190"
"983","85896","20221102075000","805","2","高雄市","前鎮區","120.320","22.590","880"
"306","85897","20221102075000","318","0","高雄市","林園區","120.395","22.505","293"
"1557","85898","20221102075000","1155","2","高雄市","林園區","120.395","22.510","1637"
"246","85910","20221102075000","211","1","高雄市","林園區","120.405","22.500","242"
"374","85911","20221102075000","326","1","高雄市","林園區","120.410","22.500","377"
"384","85915","20221102075000","382","1","高雄市","林園區","120.405","22.505","358"
"190","85916","20221102075000","129","2","高雄市","林園區","120.410","22.505","166"
"247","85920","20221102075000","214","1","高雄市","林園區","120.405","22.510","247"
"475","85929","20221102075000","322","2","高雄市","林園區","120.405","22.520","471"
"123","85937","20221102075000","188","0","高雄市","林園區","120.395","22.525","97"
"24","85945","20221102075000","243","0","高雄市","前鎮區","120.300","22.595","19"
"751","85946","20221102075000","635","1","高雄市","前鎮區","120.325","22.600","903"
"139","85948","20221102075000","403","0","高雄市","林園區","120.390","22.510","103"
"211","85950","20221102075000","149","2","高雄市","林園區","120.400","22.480","193"
"310","85953","20221102075000","98","3","高雄市","旗津區","120.310","22.560","204"
"69","85954","20221102075000","76","0","高雄市","旗津區","120.305","22.565","100"
"287","85955","20221102075000","342","0","高雄市","旗津區","120.300","22.570","375"
"62","85960","20221102075000","257","0","高雄市","林園區","120.395","22.530","54"
"219","85961","20221102075000","236","0","高雄市","林園區","120.400","22.530","215"
"19","85963","20221102075000","18","1","高雄市","林園區","120.385","22.505","18"
"95","85971","20221102075000","249","0","高雄市","旗津區","120.280","22.595","60"
"221","85972","20221102075000","218","1","高雄市","旗津區","120.285","22.585","297"
"183","85975","20221102075000","160","1","高雄市","旗津區","120.285","22.590","216"
"502","85978","20221102075000","409","2","高雄市","林園區","120.390","22.500","480"
"60","85982","20221102075000","694","0","高雄市","林園區","120.380","22.500","61"
"86","85983","20221102075000","780","0","高雄市","林園區","120.395","22.500","76"
"77","85988","20221102075000","117","0","高雄市","林園區","120.395","22.535","72"
"328","85989","20221102075000","214","3","高雄市","林園區","120.400","22.535","314"
"104","88407","20221102075000","150","0","高雄市","鼓山區","120.260","22.625","86"
"13","90458","20221102075000","17","0","臺東縣","綠島鄉","121.470","22.645","30"
"94","93129","20221102075000","119","0","臺東縣","綠島鄉","121.485","22.680","156"
"812","94971","20221102075000","353","3","高雄市","左營區","120.275","22.700","655"
"40","97490","20221102075000","575","0","屏東縣","屏東市","120.480","22.650","38"
"309","97491","20221102075000","268","1","屏東縣","屏東市","120.485","22.650","305"
"280","97497","20221102075000","344","0","屏東縣","屏東市","120.485","22.645","290"
"19","97500","20221102075000","33","0","屏東縣","屏東市","120.500","22.660","22"
"433","97501","20221102075000","325","2","屏東縣","屏東市","120.500","22.665","371"
"39","97502","20221102075000","326","0","屏東縣","九如鄉","120.490","22.730","38"
"821","97503","20221102075000","709","1","屏東縣","九如鄉","120.490","22.735","1120"
"597","97504","20221102075000","353","3","屏東縣","九如鄉","120.490","22.710","563"
"39","97506","20221102075000","50","0","屏東縣","九如鄉","120.490","22.715","39"
"50","97516","20221102075000","286","0","屏東縣","九如鄉","120.500","22.735","40"
"400","97519","20221102075000","305","2","屏東縣","屏東市","120.475","22.655","384"
"252","97520","20221102075000","169","2","屏東縣","屏東市","120.480","22.655","257"
"66","97527","20221102075000","48","2","屏東縣","屏東市","120.450","22.635","60"
"60","97528","20221102075000","91","0","屏東縣","屏東市","120.455","22.635","54"
"64","97529","20221102075000","59","1","屏東縣","屏東市","120.460","22.635","66"
"55","97534","20221102075000","58","0","屏東縣","屏東市","120.455","22.640","55"
"29","97542","20221102075000","31","0","屏東縣","屏東市","120.495","22.625","31"
"611","97544","20221102075000","436","2","屏東縣","屏東市","120.505","22.625","546"
"1457","97550","20221102075000","1540","0","屏東縣","長治鄉","120.510","22.680","1622"
"642","97552","20221102075000","503","2","屏東縣","屏東市","120.485","22.670","639"
"92","97565","20221102075000","69","2","屏東縣","內埔鄉","120.570","22.650","86"
"29","97566","20221102075000","141","0","屏東縣","內埔鄉","120.575","22.650","25"
"43","97567","20221102075000","54","0","屏東縣","內埔鄉","120.560","22.655","51"
"339","97588","20221102075000","244","2","屏東縣","屏東市","120.505","22.690","320"
"926","97589","20221102075000","1474","0","屏東縣","屏東市","120.495","22.685","1217"
"22","97597","20221102075000","227","0","屏東縣","屏東市","120.510","22.700","13"
"81","97598","20221102075000","94","0","屏東縣","屏東市","120.495","22.705","78"
"187","97600","20221102075000","62","3","屏東縣","屏東市","120.505","22.705","161"
"1047","97606","20221102075000","911","1","屏東縣","屏東市","120.475","22.660","988"
"154","97607","20221102075000","338","0","屏東縣","屏東市","120.480","22.660","136"
"1694","97613","20221102075000","1225","2","屏東縣","屏東市","120.475","22.690","1686"
"126","97614","20221102075000","146","0","屏東縣","屏東市","120.470","22.690","116"
"51","97625","20221102075000","45","1","屏東縣","屏東市","120.485","22.700","64"
"352","97627","20221102075000","231","3","屏東縣","屏東市","120.480","22.670","344"
"369","97628","20221102075000","369","1","屏東縣","屏東市","120.495","22.670","400"
"352","97638","20221102075000","387","0","屏東縣","竹田鄉","120.525","22.605","489"
"855","97642","20221102075000","663","2","屏東縣","屏東市","120.495","22.665","758"
"433","97643","20221102075000","431","1","屏東縣","屏東市","120.480","22.640","409"
"362","97654","20221102075000","316","1","屏東縣","鹽埔鄉","120.605","22.725","456"
"36","97655","20221102075000","34","1","屏東縣","屏東市","120.500","22.650","21"
"36","97656","20221102075000","42","0","屏東縣","屏東市","120.505","22.650","44"
"449","97657","20221102075000","305","2","屏東縣","屏東市","120.480","22.675","435"
"1498","97658","20221102075000","1105","2","屏東縣","屏東市","120.490","22.655","1570"
"351","97660","20221102075000","381","0","屏東縣","屏東市","120.490","22.660","497"
"95","97661","20221102075000","79","2","屏東縣","屏東市","120.495","22.660","85"
"230","97663","20221102075000","129","3","屏東縣","屏東市","120.460","22.665","204"
"70","97701","20221102075000","681","0","屏東縣","鹽埔鄉","120.540","22.730","69"
"49","97715","20221102075000","291","0","屏東縣","鹽埔鄉","120.555","22.735","42"
"43","97722","20221102075000","231","0","屏東縣","鹽埔鄉","120.520","22.735","109"
"10","97743","20221102075000","22","0","屏東縣","長治鄉","120.525","22.690","10"
"77","97744","20221102075000","283","0","屏東縣","長治鄉","120.530","22.690","79"
"45","97746","20221102075000","33","2","屏東縣","長治鄉","120.530","22.695","35"
"427","97754","20221102075000","431","0","屏東縣","屏東市","120.490","22.675","364"
"359","97761","20221102075000","1057","0","屏東縣","屏東市","120.470","22.655","367"
"33","97765","20221102075000","32","1","屏東縣","屏東市","120.510","22.645","23"
"878","97771","20221102075000","1194","0","屏東縣","屏東市","120.495","22.680","1126"
"1415","97772","20221102075000","751","3","屏東縣","屏東市","120.495","22.675","1341"
"176","97773","20221102075000","338","0","屏東縣","屏東市","120.500","22.685","182"
"1725","97774","20221102075000","1428","2","屏東縣","屏東市","120.505","22.685","1681"
"723","97775","20221102075000","695","1","屏東縣","屏東市","120.510","22.685","929"
"573","97777","20221102075000","635","0","屏東縣","屏東市","120.500","22.675","712"
"213","97783","20221102075000","91","3","屏東縣","內埔鄉","120.600","22.650","210"
"579","97786","20221102075000","823","0","屏東縣","內埔鄉","120.615","22.650","564"
"149","97791","20221102075000","626","0","屏東縣","內埔鄉","120.600","22.660","127"
"362","97800","20221102075000","209","3","屏東縣","麟洛鄉","120.535","22.650","333"
"295","97814","20221102075000","193","3","屏東縣","麟洛鄉","120.550","22.660","293"
"86","97818","20221102075000","83","1","屏東縣","麟洛鄉","120.535","22.665","76"
"58","97823","20221102075000","34","3","屏東縣","麟洛鄉","120.515","22.640","40"
"321","97842","20221102075000","227","2","屏東縣","麟洛鄉","120.520","22.645","279"
"13","97844","20221102075000","10","2","屏東縣","屏東市","120.515","22.650","15"
"32","97849","20221102075000","623","0","屏東縣","麟洛鄉","120.525","22.650","35"
"83","97851","20221102075000","482","0","屏東縣","麟洛鄉","120.520","22.655","79"
"68","97914","20221102075000","300","0","屏東縣","萬丹鄉","120.460","22.595","74"
"743","97916","20221102075000","667","1","屏東縣","屏東市","120.490","22.680","695"
"820","97917","20221102075000","782","1","屏東縣","屏東市","120.490","22.685","871"
"1017","97918","20221102075000","891","1","屏東縣","屏東市","120.490","22.690","1234"
"512","97919","20221102075000","701","0","屏東縣","屏東市","120.505","22.670","659"
"1061","97920","20221102075000","1386","0","屏東縣","長治鄉","120.510","22.670","1411"
"182","97925","20221102075000","408","0","屏東縣","長治鄉","120.545","22.690","169"
"412","97947","20221102075000","351","1","屏東縣","屏東市","120.475","22.680","465"
"143","97948","20221102075000","299","0","屏東縣","屏東市","120.480","22.680","117"
"331","97953","20221102075000","428","0","屏東縣","屏東市","120.465","22.685","314"
"229","97954","20221102075000","207","1","屏東縣","屏東市","120.470","22.685","243"
"217","97955","20221102075000","389","0","屏東縣","屏東市","120.475","22.685","184"
"1362","97964","20221102075000","1234","1","屏東縣","屏東市","120.510","22.655","1341"
"384","97965","20221102075000","605","0","屏東縣","屏東市","120.505","22.660","473"
"299","97967","20221102075000","731","0","屏東縣","屏東市","120.515","22.660","290"
"593","97969","20221102075000","877","0","屏東縣","屏東市","120.505","22.665","810"
"38","97974","20221102075000","1269","0","屏東縣","屏東市","120.505","22.675","39"
"360","97978","20221102075000","346","1","屏東縣","屏東市","120.475","22.670","359"
"17","97984","20221102075000","419","0","屏東縣","萬丹鄉","120.485","22.610","11"
"407","97985","20221102075000","205","3","屏東縣","萬丹鄉","120.490","22.610","381"
"43","97991","20221102075000","211","0","屏東縣","萬丹鄉","120.490","22.620","43"
"24","98035","20221102075000","76","0","屏東縣","泰武鄉","120.700","22.610","30"
"32","98173","20221102075000","110","0","屏東縣","泰武鄉","120.640","22.625","32"
"169","98233","20221102075000","475","0","屏東縣","萬丹鄉","120.470","22.620","155"
"260","98245","20221102075000","111","3","屏東縣","萬丹鄉","120.470","22.610","240"
"27","98249","20221102075000","156","0","屏東縣","內埔鄉","120.600","22.675","32"
"182","98252","20221102075000","85","3","屏東縣","內埔鄉","120.585","22.640","176"
"56","98255","20221102075000","676","0","屏東縣","內埔鄉","120.590","22.645","56"
"12","98264","20221102075000","213","0","屏東縣","瑪家鄉","120.645","22.695","11"
"208","98266","20221102075000","141","2","屏東縣","瑪家鄉","120.650","22.700","248"
"230","98270","20221102075000","280","0","屏東縣","內埔鄉","120.645","22.705","296"
"972","98276","20221102075000","648","3","屏東縣","內埔鄉","120.565","22.635","967"
"206","98277","20221102075000","154","2","屏東縣","內埔鄉","120.545","22.640","198"
"604","98281","20221102075000","690","0","屏東縣","麟洛鄉","120.540","22.645","772"
"264","98298","20221102075000","484","0","屏東縣","內埔鄉","120.555","22.600","347"
"740","98309","20221102075000","743","0","屏東縣","內埔鄉","120.595","22.630","979"
"493","98311","20221102075000","239","3","屏東縣","內埔鄉","120.590","22.635","482"
"98","98316","20221102075000","573","0","屏東縣","內埔鄉","120.600","22.640","74"
"11","98321","20221102075000","135","0","屏東縣","內埔鄉","120.605","22.645","11"
"14","98322","20221102075000","235","0","屏東縣","內埔鄉","120.610","22.645","10"
"108","98328","20221102075000","90","2","屏東縣","瑪家鄉","120.630","22.650","141"
"14","98341","20221102075000","311","0","屏東縣","內埔鄉","120.580","22.620","12"
"34","98346","20221102075000","22","3","屏東縣","內埔鄉","120.545","22.630","24"
"14","98347","20221102075000","11","2","屏東縣","內埔鄉","120.550","22.630","14"
"61","98348","20221102075000","330","0","屏東縣","內埔鄉","120.540","22.635","52"
"13","98355","20221102075000","18","0","屏東縣","內埔鄉","120.635","22.685","17"
"256","98362","20221102075000","185","2","屏東縣","內埔鄉","120.640","22.695","324"
"84","98378","20221102075000","357","0","屏東縣","長治鄉","120.550","22.680","84"
"35","98380","20221102075000","26","2","屏東縣","長治鄉","120.540","22.685","53"
"255","98392","20221102075000","563","0","屏東縣","長治鄉","120.550","22.695","249"
"93","98396","20221102075000","46","3","屏東縣","長治鄉","120.535","22.705","92"
"29","98403","20221102075000","20","2","屏東縣","長治鄉","120.525","22.710","27"
"493","98405","20221102075000","762","0","屏東縣","長治鄉","120.535","22.710","485"
"10","98406","20221102075000","188","0","屏東縣","長治鄉","120.540","22.710","10"
"279","98407","20221102075000","168","3","屏東縣","長治鄉","120.545","22.710","286"
"93","98408","20221102075000","410","0","屏東縣","長治鄉","120.525","22.715","77"
"29","98410","20221102075000","192","0","屏東縣","長治鄉","120.535","22.715","33"
"92","98418","20221102075000","336","0","屏東縣","萬丹鄉","120.470","22.615","75"
"81","98422","20221102075000","150","0","屏東縣","萬丹鄉","120.520","22.595","78"
"197","98443","20221102075000","184","1","屏東縣","屏東市","120.495","22.640","182"
"302","98446","20221102075000","325","0","屏東縣","屏東市","120.490","22.645","327"
"359","98453","20221102075000","225","3","屏東縣","屏東市","120.485","22.625","351"
"478","98457","20221102075000","466","1","屏東縣","屏東市","120.480","22.635","490"
"57","98458","20221102075000","57","1","屏東縣","屏東市","120.485","22.635","65"
"319","98459","20221102075000","261","2","屏東縣","屏東市","120.490","22.635","287"
"25","98460","20221102075000","340","0","屏東縣","屏東市","120.485","22.640","16"
"97","98462","20221102075000","519","0","屏東縣","內埔鄉","120.565","22.610","47"
"49","98463","20221102075000","30","3","屏東縣","內埔鄉","120.570","22.610","28"
"692","98464","20221102075000","816","0","屏東縣","內埔鄉","120.570","22.615","870"
"416","98467","20221102075000","626","0","屏東縣","內埔鄉","120.560","22.605","533"
"43","98471","20221102075000","533","0","屏東縣","內埔鄉","120.560","22.600","34"
"170","98472","20221102075000","319","0","屏東縣","內埔鄉","120.565","22.600","255"
"54","98486","20221102075000","213","0","屏東縣","內埔鄉","120.595","22.675","48"
"851","98496","20221102075000","877","0","屏東縣","屏東市","120.485","22.685","800"
"961","98497","20221102075000","493","3","屏東縣","屏東市","120.480","22.690","953"
"662","98498","20221102075000","669","0","屏東縣","屏東市","120.485","22.690","610"
"567","98502","20221102075000","703","0","屏東縣","內埔鄉","120.545","22.625","748"
"11","98511","20221102075000","15","0","屏東縣","內埔鄉","120.570","22.640","13"
"605","98532","20221102075000","644","0","屏東縣","內埔鄉","120.560","22.620","778"
"802","98533","20221102075000","475","3","屏東縣","內埔鄉","120.565","22.620","573"
"11","98542","20221102075000","14","0","屏東縣","內埔鄉","120.615","22.685","11"
"31","98544","20221102075000","252","0","屏東縣","內埔鄉","120.600","22.690","20"
"299","98558","20221102075000","324","0","屏東縣","內埔鄉","120.610","22.700","334"
"12","98563","20221102075000","11","1","屏東縣","內埔鄉","120.600","22.665","24"
"55","98566","20221102075000","18","3","屏東縣","內埔鄉","120.600","22.670","52"
"477","98589","20221102075000","395","2","屏東縣","屏東市","120.505","22.695","423"
"353","98591","20221102075000","390","0","屏東縣","屏東市","120.445","22.640","388"
"323","98594","20221102075000","337","0","屏東縣","屏東市","120.460","22.640","326"
"47","98596","20221102075000","258","0","屏東縣","屏東市","120.445","22.645","37"
"310","98598","20221102075000","310","1","屏東縣","屏東市","120.455","22.645","338"
"340","98607","20221102075000","250","2","屏東縣","屏東市","120.465","22.650","262"
"39","98616","20221102075000","32","2","屏東縣","屏東市","120.445","22.660","27"
"205","98633","20221102075000","316","0","屏東縣","三地門鄉","120.640","22.715","241"
"336","98636","20221102075000","369","0","屏東縣","三地門鄉","120.655","22.715","395"
"133","98648","20221102075000","87","3","屏東縣","三地門鄉","120.670","22.720","122"
"25","98661","20221102075000","26","0","屏東縣","三地門鄉","120.640","22.735","25"
"303","98723","20221102075000","268","1","屏東縣","屏東市","120.495","22.690","280"
"572","98724","20221102075000","393","2","屏東縣","屏東市","120.500","22.690","572"
"876","98725","20221102075000","729","2","屏東縣","屏東市","120.480","22.665","823"
"580","98726","20221102075000","398","2","屏東縣","屏東市","120.495","22.695","560"
"337","98729","20221102075000","268","2","屏東縣","屏東市","120.500","22.695","319"
"1140","98734","20221102075000","559","3","屏東縣","屏東市","120.490","22.670","1096"
"96","98776","20221102075000","61","3","屏東縣","萬巒鄉","120.625","22.630","86"
"87","98782","20221102075000","51","3","屏東縣","萬巒鄉","120.625","22.640","87"
"62","98803","20221102075000","59","1","屏東縣","萬巒鄉","120.615","22.605","58"
"577","98804","20221102075000","332","3","屏東縣","萬巒鄉","120.620","22.605","558"
"60","98822","20221102075000","50","2","屏東縣","長治鄉","120.535","22.670","66"
"1224","98826","20221102075000","768","3","屏東縣","長治鄉","120.525","22.675","1167"
"218","98837","20221102075000","198","1","屏東縣","長治鄉","120.515","22.685","210"
"32","98842","20221102075000","903","0","屏東縣","長治鄉","120.510","22.665","27"
"414","98843","20221102075000","405","1","屏東縣","長治鄉","120.515","22.665","448"
"29","98844","20221102075000","39","0","屏東縣","長治鄉","120.520","22.665","20"
"501","98968","20221102075000","209","3","屏東縣","瑪家鄉","120.670","22.675","404"
"41","99003","20221102075000","35","1","屏東縣","瑪家鄉","120.655","22.705","36"
"11","99033","20221102075000","13","0","屏東縣","瑪家鄉","120.690","22.680","11"
"69","99078","20221102075000","106","0","屏東縣","瑪家鄉","120.640","22.685","87"
"16","99093","20221102075000","13","2","屏東縣","麟洛鄉","120.525","22.630","13"
"439","99099","20221102075000","275","3","屏東縣","竹田鄉","120.535","22.640","390"
"225","99110","20221102075000","241","0","屏東縣","竹田鄉","120.520","22.615","278"
"14","99116","20221102075000","344","0","屏東縣","竹田鄉","120.525","22.620","10"
"110","99293","20221102075000","478","0","屏東縣","萬丹鄉","120.465","22.605","71"
"363","99294","20221102075000","179","3","屏東縣","萬丹鄉","120.470","22.605","323"
"73","99299","20221102075000","586","0","屏東縣","萬丹鄉","120.495","22.595","53"
"480","99310","20221102075000","439","1","屏東縣","長治鄉","120.520","22.680","436"
"42","99313","20221102075000","81","0","屏東縣","長治鄉","120.525","22.685","30"
"25","99317","20221102075000","388","0","屏東縣","長治鄉","120.565","22.670","39"
"821","99340","20221102075000","373","3","屏東縣","長治鄉","120.590","22.695","785"
"360","99352","20221102075000","416","0","屏東縣","長治鄉","120.575","22.705","345"
"186","99358","20221102075000","107","3","屏東縣","長治鄉","120.580","22.710","180"
"39","99371","20221102075000","32","2","屏東縣","鹽埔鄉","120.580","22.720","35"
"220","99390","20221102075000","142","3","屏東縣","長治鄉","120.570","22.700","208"
"46","99607","20221102075000","29","3","屏東縣","高樹鄉","120.630","22.735","31"
"132","99617","20221102075000","51","3","屏東縣","萬丹鄉","120.450","22.620","113"
"39","99627","20221102075000","310","0","屏東縣","萬丹鄉","120.465","22.625","32"
"23","99670","20221102075000","148","0","屏東縣","九如鄉","120.485","22.735","32"
"888","99671","20221102075000","1332","0","屏東縣","屏東市","120.490","22.665","1274"
"18","99677","20221102075000","21","0","屏東縣","屏東市","120.485","22.705","21"
"15","99680","20221102075000","118","0","屏東縣","九如鄉","120.480","22.710","18"
"577","99690","20221102075000","256","3","屏東縣","九如鄉","120.520","22.710","551"
"15","99705","20221102075000","107","0","屏東縣","九如鄉","120.505","22.725","25"
"199","99716","20221102075000","238","0","臺東縣","綠島鄉","121.470","22.670","213"
"194","99719","20221102075000","257","0","臺東縣","綠島鄉","121.470","22.675","305"
"40","99732","20221102075000","52","0","臺東縣","綠島鄉","121.500","22.645","48"
"16","99739","20221102075000","31","0","臺東縣","綠島鄉","121.505","22.655","106"
"101","99759","20221102075000","142","0","臺東縣","綠島鄉","121.490","22.675","198"
"26","99760","20221102075000","29","0","臺東縣","綠島鄉","121.495","22.675","24"
"32","99762","20221102075000","54","0","臺東縣","綠島鄉","121.505","22.675","65"
"31","99767","20221102075000","51","0","臺東縣","綠島鄉","121.475","22.650","56"
"65","99769","20221102075000","108","0","臺東縣","綠島鄉","121.485","22.650","86"
"123","99774","20221102075000","203","0","臺東縣","綠島鄉","121.475","22.660","193"
"83","99777","20221102075000","130","0","臺東縣","綠島鄉","121.470","22.665","127"
"337","99779","20221102075000","503","0","臺東縣","綠島鄉","121.465","22.670","551"
"426","99780","20221102075000","376","1","高雄市","楠梓區","120.295","22.715","525"
"211","99782","20221102075000","420","0","高雄市","楠梓區","120.305","22.710","279"
"915","99783","20221102075000","642","2","高雄市","楠梓區","120.300","22.715","758"
"920","99784","20221102075000","741","2","高雄市","楠梓區","120.305","22.715","882"
"142","99785","20221102075000","456","0","高雄市","楠梓區","120.310","22.715","99"
"440","99787","20221102075000","581","0","高雄市","前金區","120.290","22.625","548"
"899","99788","20221102075000","1022","0","高雄市","前金區","120.300","22.620","1201"
"534","99792","20221102075000","460","1","臺東縣","臺東市","121.050","22.705","468"
"314","99796","20221102075000","366","0","臺東縣","臺東市","121.040","22.705","400"
"660","99800","20221102075000","566","1","臺東縣","臺東市","121.045","22.710","858"
"25","99817","20221102075000","272","0","臺東縣","臺東市","121.060","22.710","25"
"656","99819","20221102075000","787","0","臺東縣","臺東市","121.070","22.710","775"
"128","99837","20221102075000","81","3","臺東縣","臺東市","121.070","22.720","116"
"59","99854","20221102075000","103","0","臺東縣","臺東市","121.085","22.730","53"
"70","99856","20221102075000","53","2","高雄市","大寮區","120.415","22.620","54"
"118","99859","20221102075000","69","3","高雄市","大寮區","120.430","22.620","109"
"313","99862","20221102075000","330","0","高雄市","大寮區","120.425","22.625","348"
"1917","99875","20221102075000","1596","2","高雄市","鳥松區","120.335","22.655","1661"
"477","99876","20221102075000","926","0","高雄市","前鎮區","120.315","22.595","640"
"1294","99877","20221102075000","1040","2","高雄市","三民區","120.320","22.670","1263"
"305","99885","20221102075000","272","1","臺東縣","臺東市","121.055","22.725","265"
"616","99892","20221102075000","761","0","高雄市","前鎮區","120.305","22.605","764"
"1226","99893","20221102075000","940","2","高雄市","前鎮區","120.315","22.615","1352"
"1278","99894","20221102075000","1084","1","高雄市","前鎮區","120.305","22.600","1307"
"954","99895","20221102075000","1451","0","高雄市","前鎮區","120.330","22.610","1245"
"1048","99898","20221102075000","1252","0","高雄市","仁武區","120.335","22.705","1167"
"723","99899","20221102075000","574","2","高雄市","仁武區","120.330","22.710","680"
"632","99900","20221102075000","371","3","高雄市","仁武區","120.335","22.710","632"
"27","99901","20221102075000","29","0","高雄市","仁武區","120.330","22.715","33"
"383","99902","20221102075000","609","0","高雄市","楠梓區","120.330","22.720","473"
"12","99903","20221102075000","15","0","高雄市","三民區","120.290","22.640","15"
"34","99905","20221102075000","835","0","高雄市","仁武區","120.355","22.680","30"
"299","99906","20221102075000","1390","0","高雄市","仁武區","120.355","22.685","228"
"595","99908","20221102075000","567","1","高雄市","仁武區","120.345","22.685","539"
"203","99912","20221102075000","183","1","高雄市","仁武區","120.365","22.690","225"
"48","99913","20221102075000","23","3","高雄市","仁武區","120.370","22.690","33"
"131","99914","20221102075000","133","0","高雄市","仁武區","120.375","22.690","191"
"185","99919","20221102075000","107","3","高雄市","仁武區","120.375","22.695","128"
"592","99924","20221102075000","585","1","高雄市","仁武區","120.365","22.700","679"
"218","99927","20221102075000","205","1","高雄市","仁武區","120.380","22.700","257"
"286","99930","20221102075000","256","1","高雄市","仁武區","120.395","22.700","324"
"1546","99933","20221102075000","2024","0","高雄市","鹽埕區","120.285","22.630","1980"
"1192","99935","20221102075000","1839","0","高雄市","楠梓區","120.325","22.725","1492"
"59","99936","20221102075000","251","0","高雄市","楠梓區","120.315","22.735","53"
"900","99937","20221102075000","700","2","高雄市","楠梓區","120.320","22.730","777"
"1252","99940","20221102075000","1215","1","高雄市","楠梓區","120.300","22.710","1432"
"1593","99941","20221102075000","1620","0","高雄市","三民區","120.320","22.650","1713"
"1806","99942","20221102075000","2441","0","高雄市","前金區","120.295","22.630","2289"
"685","99943","20221102075000","946","0","高雄市","三民區","120.290","22.645","861"
"64","99944","20221102075000","1000","0","高雄市","鳳山區","120.375","22.635","69"
"1950","99945","20221102075000","1438","2","高雄市","鳳山區","120.365","22.625","2081"
"522","99946","20221102075000","692","0","高雄市","鳳山區","120.370","22.625","858"
"32","99951","20221102075000","216","0","高雄市","大樹區","120.420","22.695","30"
"17","99964","20221102075000","15","1","高雄市","大樹區","120.410","22.690","12"
"11","99968","20221102075000","11","1","高雄市","大樹區","120.405","22.690","11"
"158","99973","20221102075000","97","3","高雄市","大樹區","120.400","22.700","138"
"205","99976","20221102075000","297","0","高雄市","大社區","120.340","22.725","270"
"211","99979","20221102075000","343","0","高雄市","大社區","120.345","22.725","192"
"141","99983","20221102075000","1120","0","高雄市","左營區","120.300","22.685","129"
"24","99984","20221102075000","561","0","高雄市","左營區","120.305","22.690","20"
"1978","99985","20221102075000","2062","0","高雄市","左營區","120.310","22.685","2023"
"1344","99987","20221102075000","754","3","高雄市","左營區","120.315","22.690","1419"
"1149","99989","20221102075000","1146","1","高雄市","新興區","120.305","22.630","1391"
"129","99990","20221102075000","201","0","高雄市","大寮區","120.385","22.615","96"
"733","99993","20221102075000","844","0","高雄市","大寮區","120.380","22.620","712"
"436","99994","20221102075000","243","3","高雄市","大寮區","120.385","22.620","459"
"62","99999","20221102075000","33","3","高雄市","大寮區","120.375","22.600","38"
"1086","100002","20221102075000","1863","0","高雄市","三民區","120.295","22.635","1364"
"741","100003","20221102075000","898","0","高雄市","前金區","120.300","22.625","963"
"1274","100004","20221102075000","1601","0","高雄市","新興區","120.300","22.630","1406"
"541","100005","20221102075000","1303","0","高雄市","大寮區","120.385","22.600","536"
"762","100007","20221102075000","672","1","高雄市","大寮區","120.385","22.610","701"
"326","100010","20221102075000","782","0","高雄市","苓雅區","120.330","22.625","303"
"2713","100011","20221102075000","2787","0","高雄市","鳳山區","120.360","22.635","3150"
"328","100012","20221102075000","803","0","高雄市","鳳山區","120.365","22.630","395"
"421","100013","20221102075000","295","2","高雄市","鳳山區","120.375","22.640","344"
"421","100014","20221102075000","1294","0","高雄市","鳳山區","120.350","22.615","395"
"2647","100015","20221102075000","2069","2","高雄市","楠梓區","120.300","22.725","2500"
"1295","100016","20221102075000","973","2","高雄市","橋頭區","120.300","22.730","1261"
"838","100017","20221102075000","1541","0","高雄市","橋頭區","120.305","22.730","710"
"726","100019","20221102075000","1301","0","高雄市","鳳山區","120.345","22.615","630"
"801","100021","20221102075000","267","3","高雄市","楠梓區","120.285","22.725","723"
"55","100022","20221102075000","1242","0","高雄市","楠梓區","120.290","22.725","60"
"600","100023","20221102075000","811","0","高雄市","橋頭區","120.295","22.730","724"
"203","100025","20221102075000","256","0","高雄市","楠梓區","120.285","22.730","298"
"10","100026","20221102075000","11","0","高雄市","楠梓區","120.290","22.730","14"
"855","100028","20221102075000","1366","0","高雄市","楠梓區","120.290","22.715","1051"
"975","100029","20221102075000","1258","0","高雄市","楠梓區","120.290","22.720","1279"
"648","100032","20221102075000","1195","0","高雄市","苓雅區","120.300","22.610","818"
"1348","100033","20221102075000","1224","1","高雄市","苓雅區","120.335","22.625","1148"
"1964","100034","20221102075000","2514","0","高雄市","前鎮區","120.310","22.615","2243"
"452","100038","20221102075000","440","1","高雄市","大寮區","120.405","22.640","540"
"342","100039","20221102075000","232","2","高雄市","大寮區","120.410","22.640","326"
"3026","100044","20221102075000","2424","2","高雄市","三民區","120.325","22.650","3120"
"671","100045","20221102075000","740","0","高雄市","三民區","120.320","22.655","860"
"815","100047","20221102075000","1417","0","高雄市","鳳山區","120.380","22.630","857"
"3549","100048","20221102075000","3845","0","高雄市","苓雅區","120.320","22.620","4342"
"2438","100049","20221102075000","2677","0","高雄市","新興區","120.310","22.630","2318"
"192","100050","20221102075000","806","0","高雄市","三民區","120.315","22.650","201"
"366","100052","20221102075000","796","0","高雄市","三民區","120.315","22.655","529"
"2038","100053","20221102075000","1241","3","高雄市","三民區","120.330","22.640","2130"
"1199","100054","20221102075000","886","2","高雄市","三民區","120.315","22.640","1493"
"284","100057","20221102075000","511","0","高雄市","前鎮區","120.285","22.605","392"
"159","100058","20221102075000","225","0","高雄市","前鎮區","120.290","22.605","163"
"532","100059","20221102075000","459","1","高雄市","前鎮區","120.300","22.605","688"
"66","100071","20221102075000","60","1","臺東縣","太麻里鄉","121.025","22.670","92"
"100","100074","20221102075000","138","0","臺東縣","太麻里鄉","121.040","22.670","136"
"80","100530","20221102075000","126","0","臺東縣","金峰鄉","120.950","22.640","95"
"68","100729","20221102075000","79","0","臺東縣","金峰鄉","121.000","22.635","107"
"869","100742","20221102075000","756","1","高雄市","鳳山區","120.360","22.625","692"
"1098","100743","20221102075000","1235","0","高雄市","三民區","120.305","22.640","1091"
"98","100744","20221102075000","956","0","高雄市","楠梓區","120.295","22.725","80"
"2534","100745","20221102075000","2000","2","高雄市","楠梓區","120.300","22.720","2378"
"111","100746","20221102075000","88","2","高雄市","鳳山區","120.365","22.605","81"
"874","100747","20221102075000","1123","0","高雄市","鳳山區","120.360","22.610","1201"
"449","100753","20221102075000","488","0","高雄市","鳳山區","120.355","22.605","616"
"216","100755","20221102075000","169","2","高雄市","鳳山區","120.365","22.615","256"
"23","100759","20221102075000","151","0","高雄市","左營區","120.295","22.695","16"
"483","100760","20221102075000","148","3","高雄市","左營區","120.295","22.700","230"
"1830","100762","20221102075000","1529","1","高雄市","三民區","120.315","22.645","1779"
"2166","100764","20221102075000","2315","0","高雄市","三民區","120.310","22.640","2450"
"1278","100765","20221102075000","1598","0","高雄市","前金區","120.290","22.630","1722"
"1453","100766","20221102075000","1071","2","高雄市","三民區","120.295","22.645","1807"
"111","100767","20221102075000","158","0","高雄市","仁武區","120.340","22.705","111"
"185","100768","20221102075000","1020","0","高雄市","仁武區","120.345","22.705","143"
"387","100771","20221102075000","279","2","高雄市","仁武區","120.340","22.715","304"
"1144","100773","20221102075000","1025","1","高雄市","仁武區","120.350","22.690","1156"
"262","100775","20221102075000","461","0","高雄市","仁武區","120.350","22.695","308"
"51","100777","20221102075000","828","0","高雄市","仁武區","120.355","22.700","42"
"64","100778","20221102075000","41","3","高雄市","仁武區","120.350","22.705","52"
"270","100779","20221102075000","282","0","高雄市","仁武區","120.355","22.705","374"
"300","100781","20221102075000","342","0","高雄市","仁武區","120.350","22.710","366"
"141","100783","20221102075000","148","0","高雄市","仁武區","120.345","22.715","148"
"1020","100786","20221102075000","1527","0","高雄市","前鎮區","120.335","22.605","1062"
"1981","100787","20221102075000","2377","0","高雄市","前鎮區","120.330","22.600","1599"
"1827","100788","20221102075000","1861","0","高雄市","三民區","120.335","22.650","2094"
"892","100789","20221102075000","1138","0","高雄市","三民區","120.325","22.655","1175"
"32","100790","20221102075000","26","2","臺東縣","太麻里鄉","120.975","22.600","23"
"487","100808","20221102075000","631","0","臺東縣","太麻里鄉","121.005","22.610","591"
"2564","100829","20221102075000","2473","1","高雄市","苓雅區","120.340","22.630","2759"
"1248","100830","20221102075000","1795","0","高雄市","鳳山區","120.345","22.630","1617"
"1065","100831","20221102075000","2068","0","高雄市","鳳山區","120.365","22.640","1096"
"1832","100832","20221102075000","1742","1","高雄市","苓雅區","120.325","22.615","2158"
"1718","100833","20221102075000","1455","1","高雄市","左營區","120.305","22.660","1741"
"2715","100834","20221102075000","2624","1","高雄市","左營區","120.310","22.660","2706"
"2802","100835","20221102075000","2519","1","高雄市","左營區","120.305","22.665","2729"
"1406","100836","20221102075000","2011","0","高雄市","左營區","120.310","22.665","1753"
"1645","100837","20221102075000","2004","0","高雄市","左營區","120.300","22.670","1841"
"1040","100838","20221102075000","818","2","高雄市","左營區","120.305","22.670","1119"
"2393","100839","20221102075000","2219","1","高雄市","左營區","120.300","22.680","2436"
"1373","100842","20221102075000","1574","0","高雄市","新興區","120.305","22.635","1692"
"36","100844","20221102075000","34","1","高雄市","大寮區","120.385","22.635","34"
"2120","100848","20221102075000","1602","2","高雄市","大寮區","120.395","22.640","2110"
"1797","100851","20221102075000","2097","0","高雄市","三民區","120.325","22.675","2253"
"1828","100852","20221102075000","1613","1","高雄市","三民區","120.325","22.660","1889"
"2248","100853","20221102075000","1571","2","高雄市","三民區","120.330","22.660","2054"
"1071","100854","20221102075000","2501","0","高雄市","三民區","120.325","22.665","1333"
"34","100855","20221102075000","722","0","高雄市","鳥松區","120.335","22.665","43"
"231","100856","20221102075000","1565","0","高雄市","三民區","120.330","22.665","298"
"591","100858","20221102075000","605","0","高雄市","三民區","120.330","22.670","660"
"2308","100860","20221102075000","2334","0","高雄市","三民區","120.335","22.645","2436"
"298","100861","20221102075000","258","1","高雄市","前鎮區","120.310","22.605","263"
"1813","100862","20221102075000","2629","0","高雄市","前鎮區","120.310","22.610","1959"
"606","100863","20221102075000","862","0","高雄市","前鎮區","120.315","22.610","580"
"25","100864","20221102075000","344","0","高雄市","左營區","120.290","22.700","11"
"1384","100865","20221102075000","1087","2","高雄市","左營區","120.285","22.680","1306"
"1186","100866","20221102075000","688","3","高雄市","左營區","120.290","22.680","1126"
"818","100867","20221102075000","1011","0","高雄市","鳳山區","120.350","22.640","977"
"1968","100868","20221102075000","1349","2","高雄市","鳳山區","120.350","22.630","1802"
"667","100869","20221102075000","2120","0","高雄市","鳳山區","120.350","22.645","642"
"1100","100870","20221102075000","1759","0","高雄市","鳳山區","120.350","22.635","1204"
"1772","100871","20221102075000","1899","0","高雄市","苓雅區","120.335","22.620","1918"
"1176","100872","20221102075000","1908","0","高雄市","鳳山區","120.340","22.600","1055"
"2062","100873","20221102075000","1507","2","高雄市","三民區","120.320","22.645","2274"
"1612","100874","20221102075000","1470","1","高雄市","三民區","120.325","22.645","1575"
"1618","100875","20221102075000","1332","2","高雄市","三民區","120.290","22.635","2078"
"1494","100877","20221102075000","1610","0","高雄市","三民區","120.325","22.670","1438"
"995","100878","20221102075000","1666","0","高雄市","三民區","120.315","22.660","991"
"1573","100879","20221102075000","1582","0","高雄市","三民區","120.320","22.660","1465"
"2155","100880","20221102075000","3076","0","高雄市","三民區","120.315","22.665","1910"
"248","100881","20221102075000","2560","0","高雄市","三民區","120.320","22.665","204"
"1103","100883","20221102075000","804","2","高雄市","前鎮區","120.305","22.610","1162"
"180","100888","20221102075000","1031","0","高雄市","大寮區","120.390","22.625","181"
"2699","100890","20221102075000","2393","1","高雄市","三民區","120.335","22.640","2946"
"1966","100891","20221102075000","2727","0","高雄市","鳳山區","120.345","22.635","2545"
"367","100909","20221102075000","480","0","臺東縣","臺東市","121.055","22.705","535"
"181","100915","20221102075000","176","1","臺東縣","太麻里鄉","121.010","22.625","226"
"94","100925","20221102075000","57","3","臺東縣","太麻里鄉","121.015","22.640","57"
"435","100938","20221102075000","409","1","臺東縣","臺東市","121.100","22.725","443"
"177","100946","20221102075000","397","0","高雄市","鳥松區","120.350","22.665","164"
"1208","100947","20221102075000","851","2","高雄市","鳥松區","120.355","22.665","1046"
"321","100948","20221102075000","284","1","高雄市","鳥松區","120.360","22.665","307"
"123","100954","20221102075000","164","0","高雄市","仁武區","120.370","22.680","127"
"31","100961","20221102075000","14","3","高雄市","鳥松區","120.380","22.685","25"
"380","100966","20221102075000","288","2","高雄市","鳥松區","120.395","22.665","402"
"36","100969","20221102075000","60","0","高雄市","鳥松區","120.390","22.675","42"
"1361","100974","20221102075000","1609","0","高雄市","三民區","120.340","22.645","1374"
"858","100975","20221102075000","524","3","高雄市","鳥松區","120.345","22.655","886"
"393","100977","20221102075000","608","0","高雄市","鳥松區","120.340","22.655","485"
"434","100978","20221102075000","389","1","高雄市","鳥松區","120.340","22.660","557"
"318","100982","20221102075000","343","0","高雄市","鳥松區","120.390","22.660","281"
"33","100983","20221102075000","271","0","高雄市","鳥松區","120.395","22.660","40"
"94","100986","20221102075000","1238","0","高雄市","鳳山區","120.360","22.640","93"
"92","100987","20221102075000","1264","0","高雄市","鳥松區","120.355","22.645","78"
"444","100988","20221102075000","181","3","高雄市","鳳山區","120.360","22.645","400"
"473","100989","20221102075000","230","3","高雄市","鳥松區","120.365","22.645","531"
"1264","100992","20221102075000","1642","0","高雄市","鳥松區","120.355","22.650","1226"
"514","100995","20221102075000","571","0","高雄市","鳥松區","120.370","22.650","520"
"114","100997","20221102075000","162","0","高雄市","鳥松區","120.355","22.655","116"
"1298","100998","20221102075000","1021","2","高雄市","鳥松區","120.360","22.655","1335"
"896","101004","20221102075000","706","2","高雄市","鳥松區","120.360","22.660","804"
"669","101009","20221102075000","563","1","高雄市","鳥松區","120.370","22.665","528"
"152","101010","20221102075000","163","0","高雄市","鳥松區","120.340","22.665","187"
"71","101012","20221102075000","28","3","高雄市","仁武區","120.345","22.670","71"
"14","101013","20221102075000","17","0","高雄市","鳥松區","120.365","22.670","14"
"378","101014","20221102075000","308","2","高雄市","鳥松區","120.370","22.670","376"
"354","101017","20221102075000","252","2","高雄市","鳥松區","120.380","22.655","353"
"180","101018","20221102075000","117","3","高雄市","鳥松區","120.385","22.655","175"
"255","101019","20221102075000","201","2","高雄市","鳥松區","120.370","22.660","241"
"232","101021","20221102075000","394","0","高雄市","鳥松區","120.380","22.660","210"
"753","101029","20221102075000","796","0","高雄市","鳳山區","120.355","22.625","1005"
"2477","101030","20221102075000","2309","1","高雄市","鳳山區","120.355","22.635","2938"
"16","101034","20221102075000","17","0","高雄市","鳳山區","120.380","22.625","17"
"1215","101035","20221102075000","1075","1","高雄市","楠梓區","120.325","22.705","1198"
"40","101038","20221102075000","40","1","高雄市","仁武區","120.330","22.695","30"
"288","101039","20221102075000","422","0","高雄市","仁武區","120.325","22.700","338"
"525","101043","20221102075000","1130","0","高雄市","前鎮區","120.315","22.605","449"
"1474","101044","20221102075000","2726","0","高雄市","三民區","120.335","22.635","1825"
"191","101045","20221102075000","1046","0","高雄市","三民區","120.345","22.640","210"
"165","101046","20221102075000","1261","0","高雄市","仁武區","120.345","22.675","135"
"352","101047","20221102075000","554","0","高雄市","仁武區","120.350","22.675","498"
"265","101048","20221102075000","912","0","高雄市","仁武區","120.340","22.680","182"
"614","101049","20221102075000","448","2","高雄市","仁武區","120.345","22.680","523"
"1511","101052","20221102075000","1408","1","高雄市","仁武區","120.325","22.685","1382"
"842","101053","20221102075000","610","2","高雄市","仁武區","120.325","22.690","736"
"687","101055","20221102075000","457","3","高雄市","仁武區","120.325","22.695","752"
"724","101056","20221102075000","330","3","高雄市","仁武區","120.320","22.695","780"
"759","101058","20221102075000","640","1","高雄市","仁武區","120.330","22.700","775"
"337","101059","20221102075000","1002","0","高雄市","鳳山區","120.365","22.635","340"
"984","101061","20221102075000","1183","0","高雄市","苓雅區","120.295","22.615","1193"
"1477","101062","20221102075000","1493","0","高雄市","苓雅區","120.320","22.625","1209"
"1835","101063","20221102075000","1456","2","高雄市","鳳山區","120.375","22.625","1681"
"61","101064","20221102075000","862","0","高雄市","鳳山區","120.375","22.620","53"
"63","101068","20221102075000","49","2","高雄市","鳳山區","120.365","22.620","43"
"491","101069","20221102075000","406","2","高雄市","鳳山區","120.370","22.620","466"
"1630","101074","20221102075000","2140","0","高雄市","左營區","120.290","22.675","1536"
"49","101076","20221102075000","130","0","高雄市","梓官區","120.250","22.730","58"
"685","101077","20221102075000","639","1","高雄市","梓官區","120.255","22.730","717"
"702","101086","20221102075000","510","2","高雄市","楠梓區","120.275","22.725","573"
"24","101090","20221102075000","546","0","高雄市","楠梓區","120.280","22.725","20"
"564","101092","20221102075000","728","0","高雄市","楠梓區","120.280","22.730","789"
"1631","101094","20221102075000","1322","2","高雄市","楠梓區","120.320","22.725","1537"
"1293","101095","20221102075000","845","3","高雄市","楠梓區","120.285","22.710","1158"
"1229","101100","20221102075000","1566","0","高雄市","苓雅區","120.315","22.625","1601"
"1212","101101","20221102075000","1229","0","高雄市","鹽埕區","120.280","22.625","1302"
"2044","101102","20221102075000","1377","2","高雄市","苓雅區","120.325","22.620","2711"
"449","101103","20221102075000","339","2","高雄市","左營區","120.310","22.670","448"
"1390","101104","20221102075000","820","3","高雄市","左營區","120.315","22.670","1333"
"1854","101105","20221102075000","1609","1","高雄市","左營區","120.300","22.675","1711"
"415","101106","20221102075000","340","2","高雄市","左營區","120.295","22.680","512"
"2085","101107","20221102075000","1969","1","高雄市","左營區","120.305","22.675","1968"
"420","101109","20221102075000","1092","0","高雄市","鳳山區","120.340","22.610","378"
"1584","101110","20221102075000","1710","0","高雄市","鳳山區","120.335","22.615","1646"
"108","101111","20221102075000","755","0","高雄市","鳳山區","120.340","22.615","90"
"616","101113","20221102075000","2434","0","高雄市","鳳山區","120.340","22.605","703"
"1062","101114","20221102075000","650","3","高雄市","鼓山區","120.280","22.655","1044"
"1434","101115","20221102075000","1686","0","高雄市","鼓山區","120.280","22.660","1516"
"1398","101116","20221102075000","1086","2","高雄市","鼓山區","120.285","22.650","1191"
"780","101117","20221102075000","1417","0","高雄市","鼓山區","120.290","22.650","649"
"1399","101119","20221102075000","1922","0","高雄市","鼓山區","120.290","22.655","1735"
"68","101120","20221102075000","900","0","高雄市","鼓山區","120.285","22.660","77"
"1006","101121","20221102075000","1580","0","高雄市","鼓山區","120.290","22.660","974"
"730","101122","20221102075000","563","2","高雄市","鼓山區","120.290","22.665","709"
"640","101123","20221102075000","1274","0","高雄市","鼓山區","120.285","22.665","561"
"1418","101124","20221102075000","977","2","高雄市","鼓山區","120.280","22.645","1342"
"1103","101125","20221102075000","888","2","高雄市","鼓山區","120.270","22.625","1117"
"1621","101126","20221102075000","2126","0","高雄市","鼓山區","120.280","22.630","1526"
"51","101127","20221102075000","70","0","高雄市","鼓山區","120.275","22.625","47"
"52","101128","20221102075000","104","0","高雄市","鼓山區","120.270","22.635","62"
"32","101129","20221102075000","39","0","高雄市","鼓山區","120.275","22.635","30"
"1211","101132","20221102075000","1732","0","高雄市","三民區","120.320","22.640","1596"
"995","101133","20221102075000","1404","0","高雄市","鳥松區","120.340","22.650","1122"
"2406","101134","20221102075000","2434","0","高雄市","三民區","120.340","22.640","2276"
"1833","101135","20221102075000","2616","0","高雄市","三民區","120.345","22.645","1717"
"195","101137","20221102075000","288","0","高雄市","梓官區","120.260","22.725","249"
"427","101139","20221102075000","258","3","高雄市","梓官區","120.255","22.725","440"
"32","101449","20221102075000","35","0","臺東縣","卑南鄉","120.990","22.690","42"
"37","101488","20221102075000","341","0","臺東縣","卑南鄉","121.020","22.695","22"
"19","101568","20221102075000","158","0","臺東縣","卑南鄉","121.030","22.700","10"
"1484","101748","20221102075000","1859","0","高雄市","苓雅區","120.300","22.615","1555"
"1471","101749","20221102075000","1545","0","高雄市","苓雅區","120.325","22.630","1380"
"554","101750","20221102075000","976","0","高雄市","鳳山區","120.340","22.620","693"
"456","101751","20221102075000","681","0","高雄市","鳳山區","120.370","22.630","351"
"1299","101752","20221102075000","1480","0","高雄市","鳳山區","120.355","22.630","1680"
"452","101753","20221102075000","805","0","高雄市","鳳山區","120.360","22.630","459"
"83","101754","20221102075000","215","0","高雄市","鳳山區","120.330","22.615","71"
"85","101757","20221102075000","1078","0","高雄市","苓雅區","120.325","22.635","73"
"79","101758","20221102075000","184","0","高雄市","仁武區","120.350","22.680","65"
"318","101759","20221102075000","306","1","高雄市","鳥松區","120.355","22.670","309"
"204","101760","20221102075000","1510","0","高雄市","仁武區","120.355","22.675","173"
"13","101761","20221102075000","10","2","高雄市","仁武區","120.340","22.690","10"
"13","101763","20221102075000","11","1","高雄市","仁武區","120.335","22.695","13"
"93","101765","20221102075000","71","2","高雄市","仁武區","120.345","22.695","77"
"331","101766","20221102075000","280","1","高雄市","仁武區","120.340","22.700","351"
"1153","101767","20221102075000","992","1","高雄市","仁武區","120.345","22.700","1088"
"359","101768","20221102075000","747","0","高雄市","仁武區","120.350","22.700","264"
"27","101777","20221102075000","25","1","高雄市","仁武區","120.375","22.710","30"
"27","101778","20221102075000","77","0","高雄市","仁武區","120.380","22.710","33"
"53","101783","20221102075000","66","0","高雄市","仁武區","120.380","22.715","76"
"66","101785","20221102075000","100","0","高雄市","仁武區","120.390","22.715","95"
"46","101790","20221102075000","63","0","高雄市","仁武區","120.390","22.720","72"
"548","101808","20221102075000","371","2","高雄市","三民區","120.335","22.670","424"
"134","101809","20221102075000","600","0","高雄市","仁武區","120.335","22.680","109"
"1555","101810","20221102075000","1247","2","高雄市","仁武區","120.335","22.685","1439"
"85","101815","20221102075000","680","0","高雄市","仁武區","120.330","22.680","71"
"96","101817","20221102075000","1255","0","高雄市","仁武區","120.330","22.690","68"
"159","101818","20221102075000","515","0","高雄市","仁武區","120.335","22.690","119"
"33","101819","20221102075000","840","0","高雄市","仁武區","120.330","22.675","30"
"230","101820","20221102075000","620","0","高雄市","仁武區","120.335","22.675","194"
"645","101822","20221102075000","718","0","高雄市","前鎮區","120.320","22.605","838"
"451","101823","20221102075000","508","0","高雄市","前鎮區","120.325","22.605","358"
"237","101824","20221102075000","1177","0","高雄市","前鎮區","120.325","22.610","159"
"2266","101825","20221102075000","2711","0","高雄市","前鎮區","120.320","22.610","2548"
"206","101826","20221102075000","251","0","高雄市","左營區","120.290","22.685","241"
"1044","101827","20221102075000","591","3","高雄市","左營區","120.275","22.690","928"
"261","101829","20221102075000","150","3","高雄市","左營區","120.285","22.690","222"
"478","101832","20221102075000","325","2","高雄市","左營區","120.285","22.695","424"
"500","101833","20221102075000","441","1","高雄市","左營區","120.290","22.695","415"
"154","101835","20221102075000","319","0","高雄市","左營區","120.285","22.700","213"
"131","101836","20221102075000","103","2","高雄市","左營區","120.280","22.705","121"
"216","101837","20221102075000","183","1","高雄市","楠梓區","120.285","22.705","231"
"1681","101838","20221102075000","2259","0","高雄市","左營區","120.290","22.670","1618"
"2230","101839","20221102075000","2126","1","高雄市","苓雅區","120.335","22.630","2388"
"1047","101840","20221102075000","1730","0","高雄市","三民區","120.340","22.635","949"
"926","101842","20221102075000","1165","0","高雄市","鳳山區","120.345","22.625","1206"
"421","101843","20221102075000","655","0","高雄市","鼓山區","120.275","22.660","548"
"14","101848","20221102075000","25","0","高雄市","鼓山區","120.275","22.670","13"
"86","101852","20221102075000","443","0","臺東縣","太麻里鄉","121.000","22.600","53"
"38","101859","20221102075000","376","0","臺東縣","太麻里鄉","121.010","22.605","27"
"105","101862","20221102075000","87","2","臺東縣","太麻里鄉","121.045","22.675","70"
"347","101876","20221102075000","325","1","臺東縣","太麻里鄉","121.030","22.685","474"
"14","101884","20221102075000","13","1","臺東縣","太麻里鄉","120.995","22.690","14"
"263","101895","20221102075000","154","3","臺東縣","太麻里鄉","121.050","22.690","238"
"10","101899","20221102075000","101","0","臺東縣","卑南鄉","121.010","22.695","18"
"113","101900","20221102075000","128","0","臺東縣","卑南鄉","121.015","22.695","146"
"105","101930","20221102075000","52","3","臺東縣","太麻里鄉","121.020","22.650","61"
"21","101962","20221102075000","133","0","臺東縣","太麻里鄉","121.030","22.660","13"
"1352","101964","20221102075000","1107","2","高雄市","苓雅區","120.320","22.635","1403"
"418","101965","20221102075000","1079","0","高雄市","三民區","120.315","22.635","371"
"1498","101966","20221102075000","2079","0","高雄市","苓雅區","120.330","22.630","1750"
"157","101967","20221102075000","260","0","高雄市","鳳山區","120.350","22.605","218"
"1363","101970","20221102075000","1391","0","高雄市","鳳山區","120.350","22.600","1641"
"600","101972","20221102075000","1470","0","高雄市","鳳山區","120.335","22.610","763"
"2645","101973","20221102075000","1850","2","高雄市","苓雅區","120.330","22.635","2863"
"91","101976","20221102075000","57","3","高雄市","大寮區","120.425","22.600","84"
"82","101977","20221102075000","101","0","高雄市","大寮區","120.430","22.600","53"
"52","101981","20221102075000","312","0","高雄市","前金區","120.290","22.620","45"
"1926","101982","20221102075000","1831","1","高雄市","苓雅區","120.340","22.625","1959"
"569","101983","20221102075000","488","1","高雄市","苓雅區","120.330","22.620","496"
"102","101984","20221102075000","2218","0","高雄市","鼓山區","120.280","22.650","97"
"492","101985","20221102075000","1187","0","高雄市","三民區","120.285","22.640","631"
"787","101988","20221102075000","727","1","高雄市","楠梓區","120.285","22.715","1092"
"1832","101989","20221102075000","2061","0","高雄市","苓雅區","120.305","22.620","2373"
"20","101990","20221102075000","29","0","高雄市","苓雅區","120.320","22.615","11"
"127","101991","20221102075000","1466","0","高雄市","苓雅區","120.320","22.630","157"
"1819","101992","20221102075000","2076","0","高雄市","前金區","120.295","22.620","2402"
"1278","101993","20221102075000","1033","2","高雄市","苓雅區","120.325","22.625","1580"
"1659","101995","20221102075000","1359","2","高雄市","鼓山區","120.275","22.620","1478"
"189","101996","20221102075000","167","1","高雄市","鹽埕區","120.280","22.620","160"
"40","101997","20221102075000","719","0","高雄市","左營區","120.295","22.705","22"
"3135","101998","20221102075000","2383","2","高雄市","左營區","120.310","22.675","3118"
"651","101999","20221102075000","757","0","高雄市","左營區","120.315","22.675","618"
"1088","102000","20221102075000","844","2","高雄市","左營區","120.320","22.675","1111"
"229","102001","20221102075000","1024","0","高雄市","左營區","120.305","22.685","189"
"974","102002","20221102075000","645","3","高雄市","左營區","120.310","22.680","831"
"3043","102003","20221102075000","2173","2","高雄市","左營區","120.320","22.680","3337"
"49","102005","20221102075000","135","0","高雄市","大寮區","120.395","22.600","52"
"537","102006","20221102075000","506","1","高雄市","大寮區","120.390","22.600","543"
"437","102007","20221102075000","350","2","高雄市","大寮區","120.390","22.605","462"
"1068","102008","20221102075000","842","2","高雄市","大寮區","120.395","22.605","988"
"616","102010","20221102075000","591","1","高雄市","大寮區","120.400","22.610","593"
"102","102013","20221102075000","613","0","高雄市","大寮區","120.405","22.615","99"
"546","102015","20221102075000","699","0","高雄市","鳳山區","120.355","22.640","732"
"706","102017","20221102075000","656","1","高雄市","鼓山區","120.280","22.635","945"
"1111","102018","20221102075000","939","1","高雄市","鳳山區","120.370","22.635","1324"
"822","102019","20221102075000","1123","0","高雄市","鼓山區","120.295","22.665","716"
"2275","102020","20221102075000","3329","0","高雄市","鼓山區","120.300","22.665","2915"
"47","102021","20221102075000","57","0","高雄市","鼓山區","120.265","22.625","37"
"423","102022","20221102075000","648","0","高雄市","鼓山區","120.265","22.630","360"
"60","102024","20221102075000","171","0","高雄市","鼓山區","120.260","22.635","42"
"187","102030","20221102075000","191","0","高雄市","鼓山區","120.255","22.645","206"
"55","102031","20221102075000","62","0","高雄市","鼓山區","120.260","22.645","46"
"752","102045","20221102075000","760","0","高雄市","鼓山區","120.275","22.650","743"
"489","102046","20221102075000","450","1","高雄市","苓雅區","120.310","22.620","622"
"2606","102047","20221102075000","2636","0","高雄市","左營區","120.295","22.670","2219"
"23","102048","20221102075000","337","0","高雄市","鼓山區","120.285","22.670","17"
"81","102049","20221102075000","870","0","高雄市","鼓山區","120.280","22.640","64"
"16","102052","20221102075000","256","0","高雄市","大樹區","120.430","22.675","16"
"43","102067","20221102075000","12","3","高雄市","大樹區","120.430","22.700","39"
"360","102078","20221102075000","390","0","高雄市","大樹區","120.410","22.675","358"
"170","102079","20221102075000","198","0","高雄市","大樹區","120.405","22.680","172"
"88","102090","20221102075000","33","3","高雄市","大樹區","120.395","22.690","53"
"841","102093","20221102075000","813","1","高雄市","大樹區","120.430","22.690","881"
"412","102098","20221102075000","345","1","高雄市","大樹區","120.435","22.695","409"
"444","102111","20221102075000","534","0","高雄市","大樹區","120.410","22.660","415"
"704","102113","20221102075000","493","2","高雄市","大樹區","120.410","22.665","707"
"301","102120","20221102075000","288","1","高雄市","大樹區","120.445","22.725","275"
"396","102123","20221102075000","296","2","高雄市","大樹區","120.445","22.730","395"
"252","102126","20221102075000","180","2","高雄市","大樹區","120.445","22.735","224"
"174","102132","20221102075000","217","0","高雄市","大樹區","120.425","22.665","166"
"170","102141","20221102075000","98","3","高雄市","大樹區","120.425","22.675","143"
"1393","102143","20221102075000","1703","0","高雄市","左營區","120.295","22.690","1628"
"755","102144","20221102075000","920","0","高雄市","鳳山區","120.360","22.620","974"
"1289","102146","20221102075000","1664","0","高雄市","鳳山區","120.355","22.620","1375"
"470","102147","20221102075000","419","1","高雄市","鳳山區","120.335","22.600","475"
"3837","102148","20221102075000","2775","2","高雄市","新興區","120.315","22.630","3748"
"1090","102149","20221102075000","1192","0","高雄市","苓雅區","120.305","22.615","1428"
"1401","102150","20221102075000","1421","0","高雄市","鳳山區","120.345","22.605","1272"
"2076","102151","20221102075000","1782","1","高雄市","前鎮區","120.330","22.605","2141"
"1737","102152","20221102075000","1441","2","高雄市","鳥松區","120.345","22.650","1792"
"1872","102153","20221102075000","2118","0","高雄市","三民區","120.330","22.650","1774"
"573","102154","20221102075000","1193","0","高雄市","三民區","120.330","22.655","582"
"58","102157","20221102075000","496","0","高雄市","仁武區","120.360","22.675","54"
"141","102159","20221102075000","132","1","高雄市","仁武區","120.365","22.680","123"
"481","102160","20221102075000","636","0","高雄市","仁武區","120.360","22.685","655"
"25","102165","20221102075000","158","0","高雄市","仁武區","120.365","22.685","18"
"333","102172","20221102075000","403","0","高雄市","大寮區","120.425","22.605","332"
"104","102173","20221102075000","723","0","高雄市","大寮區","120.430","22.605","92"
"782","102181","20221102075000","579","2","高雄市","大寮區","120.410","22.615","741"
"70","102185","20221102075000","46","3","高雄市","大寮區","120.430","22.615","69"
"313","102186","20221102075000","263","1","高雄市","大寮區","120.420","22.640","338"
"254","102190","20221102075000","351","0","高雄市","大寮區","120.415","22.640","304"
"496","102200","20221102075000","328","3","高雄市","鼓山區","120.270","22.620","507"
"427","102203","20221102075000","552","0","高雄市","大寮區","120.385","22.640","547"
"626","102206","20221102075000","483","2","高雄市","鳥松區","120.385","22.645","630"
"432","102213","20221102075000","206","3","高雄市","鳥松區","120.390","22.650","394"
"595","102215","20221102075000","507","1","高雄市","鳥松區","120.390","22.655","576"
"15","102216","20221102075000","224","0","高雄市","鳥松區","120.395","22.655","13"
"380","102217","20221102075000","170","3","高雄市","鳥松區","120.400","22.655","387"
"424","102227","20221102075000","445","0","高雄市","鼓山區","120.285","22.655","497"
"791","102228","20221102075000","1304","0","高雄市","三民區","120.295","22.650","1054"
"1427","102229","20221102075000","1275","1","高雄市","鼓山區","120.295","22.655","1241"
"1964","102230","20221102075000","1808","1","高雄市","鼓山區","120.300","22.655","1794"
"1187","102231","20221102075000","1921","0","高雄市","鼓山區","120.305","22.655","1363"
"832","102232","20221102075000","560","2","高雄市","左營區","120.310","22.655","743"
"3039","102233","20221102075000","3379","0","高雄市","鼓山區","120.295","22.660","3180"
"116","102235","20221102075000","410","0","高雄市","楠梓區","120.315","22.715","76"
"988","102236","20221102075000","1064","0","高雄市","楠梓區","120.315","22.720","1101"
"330","102237","20221102075000","1637","0","高雄市","楠梓區","120.295","22.710","424"
"2389","102238","20221102075000","2545","0","高雄市","苓雅區","120.315","22.620","2760"
"37","102239","20221102075000","49","0","高雄市","旗津區","120.265","22.615","47"
"445","102241","20221102075000","433","1","高雄市","大寮區","120.410","22.620","524"
"365","102243","20221102075000","301","2","高雄市","大寮區","120.410","22.625","383"
"200","102244","20221102075000","181","1","高雄市","大寮區","120.405","22.630","177"
"130","102246","20221102075000","113","1","高雄市","大樹區","120.425","22.715","131"
"51","102251","20221102075000","29","3","高雄市","大樹區","120.425","22.720","32"
"330","102254","20221102075000","1377","0","高雄市","大樹區","120.405","22.725","298"
"93","102259","20221102075000","64","2","高雄市","大樹區","120.430","22.725","84"
"143","102260","20221102075000","1358","0","高雄市","仁武區","120.400","22.730","83"
"19","102261","20221102075000","299","0","高雄市","大樹區","120.405","22.730","21"
"45","102267","20221102075000","48","0","高雄市","大樹區","120.410","22.735","46"
"482","102273","20221102075000","475","1","高雄市","大樹區","120.415","22.655","457"
"337","102274","20221102075000","250","2","高雄市","大樹區","120.420","22.655","320"
"75","102276","20221102075000","544","0","高雄市","大樹區","120.420","22.660","64"
"168","102278","20221102075000","105","3","高雄市","大樹區","120.410","22.645","153"
"46","102279","20221102075000","47","0","高雄市","大樹區","120.415","22.645","52"
"546","102280","20221102075000","1011","0","高雄市","大樹區","120.420","22.645","459"
"284","102282","20221102075000","318","0","高雄市","大樹區","120.425","22.650","285"
"623","102285","20221102075000","634","0","高雄市","大樹區","120.425","22.655","646"
"134","102292","20221102075000","220","0","高雄市","大寮區","120.405","22.605","106"
"55","102296","20221102075000","84","0","高雄市","前鎮區(海)","120.285","22.610","62"
"1008","102302","20221102075000","931","1","高雄市","大寮區","120.390","22.635","962"
"432","102303","20221102075000","498","0","高雄市","大寮區","120.395","22.635","409"
"114","102304","20221102075000","114","1","高雄市","大寮區","120.400","22.635","108"
"221","102305","20221102075000","111","3","高雄市","大寮區","120.400","22.640","215"
"1260","102306","20221102075000","1710","0","高雄市","三民區","120.305","22.645","1621"
"1230","102307","20221102075000","1518","0","高雄市","三民區","120.305","22.650","1504"
"2081","102308","20221102075000","1895","1","高雄市","鳳山區","120.345","22.620","1949"
"582","102309","20221102075000","366","3","高雄市","鳳山區","120.350","22.620","775"
"358","102310","20221102075000","1255","0","高雄市","鳳山區","120.350","22.625","311"
"163","102311","20221102075000","101","3","高雄市","旗津區","120.275","22.605","145"
"645","102312","20221102075000","224","3","高雄市","旗津區(海)","120.275","22.610","365"
"460","102313","20221102075000","574","0","高雄市","旗津區","120.275","22.600","535"
"558","102314","20221102075000","467","1","高雄市","旗津區","120.270","22.610","627"
"81","102316","20221102075000","111","0","高雄市","大社區","120.365","22.715","106"
"286","102319","20221102075000","288","0","高雄市","大社區","120.350","22.720","295"
"111","102326","20221102075000","74","3","高雄市","大社區","120.340","22.730","88"
"525","102327","20221102075000","1328","0","高雄市","大社區","120.350","22.735","487"
"1468","102328","20221102075000","1562","0","高雄市","大社區","120.345","22.730","1682"
"695","102329","20221102075000","957","0","高雄市","大社區","120.350","22.730","612"
"572","102330","20221102075000","510","1","高雄市","大社區","120.355","22.730","552"
"111","102333","20221102075000","81","2","高雄市","大社區","120.370","22.730","87"
"76","102335","20221102075000","74","1","高雄市","大社區","120.375","22.730","74"
"72","102340","20221102075000","466","0","高雄市","大社區","120.360","22.720","82"
"1065","102341","20221102075000","1012","1","高雄市","大社區","120.350","22.725","1034"
"492","102342","20221102075000","433","1","高雄市","大社區","120.355","22.725","500"
"78","102343","20221102075000","33","3","高雄市","大社區","120.360","22.725","35"
"180","102344","20221102075000","160","1","高雄市","左營區","120.295","22.675","152"
"166","102345","20221102075000","495","0","高雄市","左營區","120.300","22.690","203"
"12","102346","20221102075000","12","1","高雄市","左營區","120.260","22.670","12"
"81","102347","20221102075000","154","0","高雄市","左營區","120.265","22.675","149"
"219","102349","20221102075000","117","3","高雄市","左營區","120.275","22.675","224"
"363","102350","20221102075000","179","3","高雄市","左營區","120.280","22.675","420"
"420","102353","20221102075000","358","1","高雄市","左營區","120.275","22.680","315"
"499","102354","20221102075000","1202","0","高雄市","左營區","120.280","22.680","490"
"702","102356","20221102075000","359","3","高雄市","左營區","120.265","22.680","602"
"163","102357","20221102075000","194","0","高雄市","左營區","120.270","22.680","236"
"415","102358","20221102075000","445","0","高雄市","左營區","120.280","22.685","403"
"350","102360","20221102075000","147","3","高雄市","左營區","120.265","22.685","156"
"813","102361","20221102075000","636","2","高雄市","左營區","120.275","22.685","829"
"79","102364","20221102075000","182","0","高雄市","左營區","120.295","22.685","61"
"2054","102365","20221102075000","2086","0","高雄市","新興區","120.310","22.625","2105"
"1025","102366","20221102075000","1068","0","高雄市","新興區","120.305","22.625","1369"
"2634","102370","20221102075000","2301","1","高雄市","仁武區","120.325","22.680","2521"
"2217","102371","20221102075000","2246","0","高雄市","左營區","120.305","22.680","2239"
"1095","102372","20221102075000","2289","0","高雄市","左營區","120.315","22.680","1176"
"953","102373","20221102075000","827","1","高雄市","左營區","120.315","22.685","877"
"640","102374","20221102075000","810","0","高雄市","仁武區","120.330","22.685","687"
"265","102375","20221102075000","432","0","高雄市","左營區","120.310","22.690","245"
"1512","102376","20221102075000","1811","0","高雄市","左營區","120.320","22.685","1541"
"3340","102377","20221102075000","4541","0","高雄市","三民區","120.310","22.645","4332"
"397","102378","20221102075000","962","0","高雄市","三民區","120.310","22.650","300"
"1637","102380","20221102075000","1468","1","高雄市","三民區","120.325","22.640","1878"
"658","102381","20221102075000","852","0","高雄市","三民區","120.295","22.640","881"
"1242","102382","20221102075000","1487","0","高雄市","三民區","120.300","22.650","1551"
"1784","102383","20221102075000","1377","2","高雄市","新興區","120.300","22.635","1808"
"410","102384","20221102075000","1081","0","高雄市","三民區","120.285","22.635","457"
"1470","102385","20221102075000","1263","1","高雄市","三民區","120.330","22.645","1388"
"15","102386","20221102075000","33","0","高雄市","楠梓區","120.330","22.725","23"
"35","102387","20221102075000","43","0","高雄市","楠梓區","120.330","22.730","33"
"1697","102388","20221102075000","1523","1","高雄市","楠梓區","120.335","22.730","1688"
"2598","102389","20221102075000","1891","2","高雄市","楠梓區","120.325","22.730","2518"
"938","102390","20221102075000","1264","0","高雄市","楠梓區","120.285","22.720","1228"
"473","102391","20221102075000","545","0","高雄市","楠梓區","120.290","22.705","414"
"288","102393","20221102075000","118","3","高雄市","楠梓區","120.305","22.700","327"
"245","102408","20221102075000","205","1","高雄市","鼓山區(海)","120.295","22.600","378"
"1303","102417","20221102075000","1641","0","高雄市","三民區","120.300","22.645","1629"
"85","102419","20221102075000","124","0","高雄市","新興區","120.310","22.635","69"
"1581","102420","20221102075000","1560","1","高雄市","三民區","120.300","22.640","1516"
"534","102421","20221102075000","720","0","高雄市","鳳山區","120.345","22.600","623"
"2592","102422","20221102075000","2888","0","高雄市","鳳山區","120.345","22.610","2438"
"328","102423","20221102075000","282","1","高雄市","鳳山區","120.355","22.610","218"
"1768","102424","20221102075000","1556","1","高雄市","鹽埕區","120.285","22.625","1698"
"2059","102425","20221102075000","1227","3","高雄市","鹽埕區","120.285","22.620","2042"
"559","102426","20221102075000","592","0","高雄市","楠梓區","120.305","22.720","643"
"923","102427","20221102075000","1193","0","高雄市","楠梓區","120.310","22.720","1118"
"2208","102428","20221102075000","1482","2","高雄市","楠梓區","120.305","22.725","2099"
"1324","102429","20221102075000","936","2","高雄市","楠梓區","120.310","22.725","1167"
"435","102430","20221102075000","1261","0","高雄市","楠梓區","120.315","22.725","525"
"1068","102431","20221102075000","1366","0","高雄市","楠梓區","120.315","22.730","1462"
"13","102432","20221102075000","230","0","高雄市","楠梓區","120.265","22.705","14"
"27","102441","20221102075000","213","0","高雄市","楠梓區","120.280","22.715","30"
"194","102442","20221102075000","847","0","高雄市","楠梓區","120.280","22.720","218"
"863","102444","20221102075000","673","2","高雄市","楠梓區","120.320","22.715","868"
"445","102445","20221102075000","461","0","高雄市","楠梓區","120.325","22.720","571"
"100","102447","20221102075000","1313","0","高雄市","楠梓區","120.320","22.720","85"
"144","102448","20221102075000","147","0","高雄市","旗津區","120.270","22.605","145"
"128","102466","20221102075000","103","2","高雄市","大樹區","120.415","22.705","122"
"44","102478","20221102075000","247","0","高雄市","大樹區","120.440","22.710","35"
"301","102482","20221102075000","294","1","高雄市","大樹區","120.445","22.715","323"
"166","111108","20221102075000","658","0","屏東縣","九如鄉","120.480","22.750","154"
"12","111132","20221102075000","28","0","屏東縣","九如鄉","120.480","22.740","18"
"25","111134","20221102075000","26","0","屏東縣","九如鄉","120.490","22.740","38"
"31","111142","20221102075000","171","0","屏東縣","九如鄉","120.500","22.740","27"
"53","111145","20221102075000","180","0","屏東縣","九如鄉","120.500","22.745","59"
"40","111157","20221102075000","355","0","屏東縣","九如鄉","120.500","22.760","31"
"351","111163","20221102075000","124","3","屏東縣","九如鄉","120.495","22.745","268"
"26","111167","20221102075000","252","0","屏東縣","九如鄉","120.490","22.755","20"
"15","111171","20221102075000","156","0","屏東縣","九如鄉","120.495","22.760","13"
"463","111186","20221102075000","176","3","屏東縣","高樹鄉","120.570","22.795","399"
"208","111215","20221102075000","76","3","屏東縣","鹽埔鄉","120.545","22.760","227"
"45","111217","20221102075000","180","0","屏東縣","鹽埔鄉","120.555","22.760","48"
"639","111270","20221102075000","306","3","屏東縣","鹽埔鄉","120.550","22.735","591"
"30","111271","20221102075000","23","2","屏東縣","鹽埔鄉","120.560","22.735","27"
"46","111273","20221102075000","297","0","屏東縣","鹽埔鄉","120.555","22.740","42"
"548","111282","20221102075000","202","3","屏東縣","鹽埔鄉","120.560","22.740","562"
"494","111309","20221102075000","272","3","屏東縣","鹽埔鄉","120.515","22.740","639"
"49","111315","20221102075000","181","0","屏東縣","鹽埔鄉","120.580","22.740","43"
"48","111337","20221102075000","331","0","屏東縣","鹽埔鄉","120.580","22.755","49"
"346","111360","20221102075000","862","0","屏東縣","鹽埔鄉","120.575","22.755","306"
"141","111374","20221102075000","105","2","屏東縣","里港鄉","120.480","22.770","111"
"526","111380","20221102075000","391","2","屏東縣","里港鄉","120.480","22.775","477"
"32","111398","20221102075000","134","0","屏東縣","里港鄉","120.490","22.820","35"
"23","111418","20221102075000","165","0","屏東縣","里港鄉","120.490","22.775","24"
"1115","111419","20221102075000","896","2","屏東縣","里港鄉","120.495","22.775","1530"
"186","111451","20221102075000","155","2","屏東縣","里港鄉","120.535","22.775","171"
"75","111459","20221102075000","412","0","屏東縣","里港鄉","120.520","22.785","78"
"306","111491","20221102075000","161","3","屏東縣","里港鄉","120.500","22.780","244"
"179","111507","20221102075000","329","0","屏東縣","高樹鄉","120.615","22.815","136"
"16","111605","20221102075000","56","0","屏東縣","三地門鄉","120.700","22.790","16"
"106","111907","20221102075000","115","0","屏東縣","三地門鄉","120.635","22.745","146"
"13","112026","20221102075000","46","0","屏東縣","霧台鄉","120.740","22.740","19"
"30","112635","20221102075000","368","0","屏東縣","里港鄉","120.490","22.805","37"
"656","112659","20221102075000","388","3","屏東縣","里港鄉","120.505","22.815","652"
"15","112661","20221102075000","15","1","屏東縣","里港鄉","120.525","22.815","17"
"37","112669","20221102075000","110","0","屏東縣","里港鄉","120.505","22.820","42"
"241","112687","20221102075000","172","2","屏東縣","里港鄉","120.535","22.825","256"
"136","112714","20221102075000","82","3","屏東縣","里港鄉","120.485","22.765","133"
"932","112719","20221102075000","817","1","屏東縣","里港鄉","120.495","22.780","1174"
"15","112920","20221102075000","78","0","屏東縣","霧台鄉","120.725","22.740","15"
"127","112942","20221102075000","125","1","屏東縣","高樹鄉","120.595","22.775","187"
"13","112982","20221102075000","13","1","屏東縣","高樹鄉","120.615","22.760","20"
"22","112995","20221102075000","15","2","屏東縣","高樹鄉","120.615","22.770","23"
"209","112999","20221102075000","147","2","屏東縣","高樹鄉","120.635","22.770","187"
"22","113004","20221102075000","30","0","屏東縣","高樹鄉","120.630","22.740","47"
"203","113006","20221102075000","158","2","屏東縣","高樹鄉","120.620","22.740","191"
"58","113023","20221102075000","30","3","屏東縣","高樹鄉","120.625","22.830","71"
"114","113048","20221102075000","384","0","屏東縣","高樹鄉","120.560","22.785","114"
"42","113075","20221102075000","113","0","屏東縣","高樹鄉","120.590","22.825","48"
"392","113097","20221102075000","275","2","屏東縣","高樹鄉","120.610","22.785","353"
"23","113103","20221102075000","23","1","屏東縣","高樹鄉","120.610","22.790","26"
"148","113129","20221102075000","66","3","屏東縣","高樹鄉","120.595","22.810","129"
"62","113131","20221102075000","40","3","屏東縣","高樹鄉","120.595","22.815","47"
"1272","113133","20221102075000","1106","1","屏東縣","高樹鄉","120.600","22.825","1476"
"1346","113137","20221102075000","2340","0","臺東縣","臺東市","121.155","22.750","1600"
"75","113138","20221102075000","667","0","臺東縣","臺東市","121.135","22.760","49"
"125","113139","20221102075000","69","3","臺東縣","臺東市","121.160","22.760","50"
"1438","113141","20221102075000","1228","1","臺東縣","臺東市","121.155","22.755","1827"
"895","113159","20221102075000","518","3","高雄市","永安區","120.225","22.820","823"
"885","113177","20221102075000","527","3","高雄市","永安區","120.250","22.810","863"
"80","113178","20221102075000","565","0","高雄市","岡山區","120.255","22.810","87"
"135","113182","20221102075000","120","1","高雄市","永安區","120.250","22.815","139"
"283","113185","20221102075000","191","2","高雄市","永安區","120.240","22.815","218"
"44","113196","20221102075000","34","2","高雄市","永安區","120.205","22.840","32"
"447","113206","20221102075000","676","0","臺東縣","臺東市","121.130","22.765","590"
"598","113207","20221102075000","1231","0","臺東縣","臺東市","121.120","22.770","771"
"59","113208","20221102075000","468","0","臺東縣","臺東市","121.125","22.770","25"
"518","113213","20221102075000","400","2","臺東縣","臺東市","121.125","22.780","519"
"1067","113214","20221102075000","1269","0","臺東縣","臺東市","121.120","22.785","1244"
"19","113215","20221102075000","301","0","臺東縣","臺東市","121.125","22.785","19"
"299","113216","20221102075000","158","3","臺東縣","臺東市","121.130","22.770","221"
"1082","113217","20221102075000","932","1","臺東縣","臺東市","121.135","22.770","1453"
"70","113218","20221102075000","119","0","臺東縣","臺東市","121.125","22.775","64"
"442","113219","20221102075000","629","0","臺東縣","臺東市","121.130","22.775","598"
"580","113236","20221102075000","752","0","臺東縣","臺東市","121.115","22.785","722"
"425","113239","20221102075000","266","3","臺東縣","臺東市","121.110","22.790","320"
"104","113251","20221102075000","82","2","臺東縣","臺東市","121.155","22.760","73"
"299","113258","20221102075000","217","2","臺東縣","臺東市","121.175","22.780","282"
"114","113260","20221102075000","62","3","臺東縣","臺東市","121.185","22.790","86"
"353","113263","20221102075000","519","0","臺東縣","臺東市","121.190","22.795","447"
"130","113266","20221102075000","96","2","臺東縣","臺東市","121.195","22.800","92"
"17","113269","20221102075000","28","0","臺東縣","臺東市","121.190","22.810","26"
"83","113273","20221102075000","136","0","臺東縣","臺東市","121.195","22.815","128"
"212","113295","20221102075000","245","0","臺東縣","臺東市","121.175","22.785","300"
"180","113299","20221102075000","118","3","臺東縣","臺東市","121.175","22.790","123"
"154","113310","20221102075000","112","2","臺東縣","臺東市","121.150","22.765","121"
"688","113311","20221102075000","785","0","臺東縣","臺東市","121.155","22.765","881"
"175","113314","20221102075000","1097","0","高雄市","岡山區","120.285","22.780","147"
"33","113315","20221102075000","30","1","高雄市","岡山區","120.290","22.780","35"
"83","113317","20221102075000","70","1","高雄市","岡山區","120.290","22.785","72"
"1540","113318","20221102075000","1265","2","高雄市","岡山區","120.280","22.800","1553"
"239","113327","20221102075000","318","0","臺東縣","臺東市","121.065","22.740","293"
"209","113345","20221102075000","256","0","臺東縣","臺東市","121.055","22.760","235"
"272","113347","20221102075000","195","2","臺東縣","臺東市","121.060","22.760","179"
"94","113353","20221102075000","567","0","臺東縣","臺東市","121.140","22.765","74"
"1172","113354","20221102075000","1728","0","臺東縣","臺東市","121.145","22.765","1474"
"509","113355","20221102075000","437","1","臺東縣","臺東市","121.140","22.770","377"
"1151","113356","20221102075000","1317","0","臺東縣","臺東市","121.145","22.770","1476"
"773","113364","20221102075000","1126","0","臺東縣","臺東市","121.145","22.745","1092"
"1076","113366","20221102075000","1618","0","臺東縣","臺東市","121.140","22.750","861"
"479","113367","20221102075000","741","0","臺東縣","臺東市","121.145","22.750","641"
"261","113369","20221102075000","942","0","臺東縣","臺東市","121.145","22.755","343"
"16","113372","20221102075000","71","0","臺東縣","臺東市","121.160","22.755","16"
"151","113378","20221102075000","180","0","臺東縣","臺東市","121.125","22.790","202"
"320","113380","20221102075000","427","0","臺東縣","臺東市","121.130","22.790","478"
"549","113381","20221102075000","1121","0","臺東縣","臺東市","121.125","22.795","707"
"275","113386","20221102075000","298","0","臺東縣","臺東市","121.125","22.805","313"
"90","113389","20221102075000","51","3","臺東縣","臺東市","121.120","22.810","82"
"769","113416","20221102075000","876","0","臺東縣","臺東市","121.105","22.750","999"
"262","113423","20221102075000","216","2","臺東縣","臺東市","121.105","22.755","332"
"447","113425","20221102075000","412","1","臺東縣","臺東市","121.075","22.760","378"
"392","113434","20221102075000","484","0","臺東縣","臺東市","121.060","22.735","500"
"51","113448","20221102075000","82","0","屏東縣","里港鄉","120.530","22.830","80"
"107","113450","20221102075000","79","2","高雄市","美濃區","120.540","22.830","116"
"247","113466","20221102075000","213","1","高雄市","美濃區","120.530","22.840","231"
"24","113487","20221102075000","21","1","高雄市","大樹區","120.445","22.740","22"
"61","113496","20221102075000","43","2","高雄市","大樹區","120.445","22.745","46"
"553","113505","20221102075000","753","0","高雄市","大樹區","120.445","22.750","620"
"197","113506","20221102075000","115","3","高雄市","大樹區","120.450","22.750","152"
"60","113513","20221102075000","49","2","高雄市","岡山區","120.270","22.775","56"
"286","113514","20221102075000","322","0","高雄市","楠梓區","120.280","22.735","363"
"14","113561","20221102075000","207","0","臺東縣","卑南鄉","121.060","22.775","13"
"359","113564","20221102075000","151","3","臺東縣","卑南鄉","121.075","22.775","305"
"410","113740","20221102075000","332","2","臺東縣","卑南鄉","121.080","22.775","327"
"335","113741","20221102075000","300","1","臺東縣","卑南鄉","121.085","22.775","289"
"445","113742","20221102075000","347","2","臺東縣","卑南鄉","121.090","22.775","406"
"364","113750","20221102075000","228","3","臺東縣","卑南鄉","121.080","22.785","343"
"47","113762","20221102075000","134","0","臺東縣","卑南鄉","121.095","22.790","24"
"258","113792","20221102075000","331","0","臺東縣","卑南鄉","121.100","22.825","384"
"202","113799","20221102075000","123","3","臺東縣","卑南鄉","121.090","22.830","205"
"15","113840","20221102075000","181","0","臺東縣","卑南鄉","121.105","22.795","11"
"364","113843","20221102075000","464","0","臺東縣","卑南鄉","121.090","22.800","446"
"207","113882","20221102075000","151","2","臺東縣","卑南鄉","121.090","22.820","164"
"22","113896","20221102075000","30","0","高雄市","路竹區","120.270","22.840","18"
"510","113902","20221102075000","340","3","高雄市","橋頭區","120.290","22.745","539"
"90","113905","20221102075000","90","1","高雄市","橋頭區","120.295","22.755","92"
"523","113906","20221102075000","591","0","高雄市","楠梓區","120.325","22.755","728"
"209","113911","20221102075000","111","3","高雄市","橋頭區","120.320","22.765","149"
"868","113923","20221102075000","762","1","高雄市","橋頭區","120.305","22.770","860"
"383","113933","20221102075000","309","2","高雄市","橋頭區","120.290","22.760","425"
"687","113934","20221102075000","569","2","高雄市","岡山區","120.280","22.765","642"
"73","113947","20221102075000","65","1","高雄市","路竹區","120.275","22.840","70"
"76","113948","20221102075000","64","1","高雄市","路竹區","120.280","22.840","51"
"487","113950","20221102075000","325","2","高雄市","路竹區","120.275","22.820","524"
"335","113959","20221102075000","270","2","高雄市","路竹區","120.275","22.825","295"
"705","113962","20221102075000","579","2","高雄市","路竹區","120.265","22.830","755"
"266","113965","20221102075000","12","3","高雄市","路竹區","120.265","22.840","228"
"561","113969","20221102075000","606","0","高雄市","路竹區","120.240","22.835","688"
"1306","113971","20221102075000","991","2","高雄市","路竹區","120.250","22.835","1253"
"472","113978","20221102075000","473","0","高雄市","路竹區","120.245","22.845","524"
"450","113982","20221102075000","417","1","高雄市","路竹區","120.260","22.840","399"
"35","113984","20221102075000","187","0","高雄市","彌陀區","120.245","22.785","25"
"342","113985","20221102075000","321","1","高雄市","彌陀區","120.245","22.790","313"
"46","113992","20221102075000","35","2","高雄市","橋頭區","120.300","22.765","44"
"44","113994","20221102075000","669","0","高雄市","橋頭區","120.320","22.735","18"
"408","113997","20221102075000","443","0","高雄市","橋頭區","120.315","22.745","510"
"323","114001","20221102075000","594","0","高雄市","橋頭區","120.315","22.760","430"
"236","114004","20221102075000","373","0","高雄市","橋頭區","120.310","22.760","316"
"1170","114006","20221102075000","1407","0","高雄市","橋頭區","120.310","22.765","1491"
"476","114050","20221102075000","346","2","高雄市","橋頭區","120.300","22.740","437"
"623","114055","20221102075000","454","2","高雄市","橋頭區","120.295","22.735","552"
"261","114057","20221102075000","391","0","高雄市","橋頭區","120.295","22.740","262"
"76","114059","20221102075000","518","0","高雄市","橋頭區","120.290","22.765","51"
"523","114062","20221102075000","293","3","高雄市","橋頭區","120.270","22.735","518"
"32","114068","20221102075000","302","0","高雄市","橋頭區","120.280","22.745","17"
"394","114075","20221102075000","355","1","高雄市","永安區","120.240","22.820","535"
"271","114077","20221102075000","195","2","高雄市","永安區","120.250","22.820","229"
"169","114094","20221102075000","174","0","高雄市","永安區","120.210","22.810","235"
"70","114108","20221102075000","60","1","高雄市","永安區","120.205","22.825","57"
"15","114112","20221102075000","283","0","高雄市","路竹區","120.260","22.835","11"
"1732","114116","20221102075000","2378","0","臺東縣","臺東市","121.150","22.755","2326"
"2342","114117","20221102075000","1869","2","臺東縣","臺東市","121.145","22.760","2329"
"622","114118","20221102075000","815","0","臺東縣","臺東市","121.150","22.760","761"
"298","114125","20221102075000","378","0","臺東縣","臺東市","121.115","22.750","381"
"1196","114128","20221102075000","1209","0","臺東縣","臺東市","121.135","22.755","1558"
"714","114129","20221102075000","831","0","臺東縣","臺東市","121.140","22.760","887"
"213","114130","20221102075000","1429","0","臺東縣","臺東市","121.150","22.750","224"
"454","114135","20221102075000","325","2","臺東縣","臺東市","121.100","22.740","383"
"840","114143","20221102075000","899","0","高雄市","燕巢區","120.360","22.765","712"
"1554","114144","20221102075000","1281","2","高雄市","燕巢區","120.365","22.765","1620"
"504","114154","20221102075000","836","0","高雄市","燕巢區","120.360","22.770","520"
"640","114155","20221102075000","436","2","高雄市","岡山區","120.315","22.775","628"
"29","114158","20221102075000","18","3","高雄市","燕巢區","120.330","22.775","20"
"646","114160","20221102075000","572","1","高雄市","燕巢區","120.340","22.775","646"
"248","114174","20221102075000","265","0","高雄市","燕巢區","120.360","22.775","256"
"98","114194","20221102075000","59","3","高雄市","燕巢區","120.400","22.810","102"
"180","114204","20221102075000","181","0","高雄市","燕巢區","120.340","22.755","168"
"157","114206","20221102075000","251","0","高雄市","燕巢區","120.350","22.755","138"
"399","114207","20221102075000","353","1","高雄市","燕巢區","120.355","22.755","384"
"106","114210","20221102075000","142","0","高雄市","燕巢區","120.335","22.760","92"
"234","114212","20221102075000","247","0","高雄市","燕巢區","120.345","22.760","248"
"14","114214","20221102075000","134","0","高雄市","燕巢區","120.355","22.760","12"
"70","114226","20221102075000","89","0","高雄市","田寮區","120.420","22.820","106"
"41","114268","20221102075000","30","2","高雄市","岡山區","120.270","22.795","34"
"781","114271","20221102075000","835","0","高雄市","岡山區","120.285","22.795","1123"
"866","114274","20221102075000","631","2","高雄市","岡山區","120.280","22.780","730"
"611","114276","20221102075000","451","2","高雄市","梓官區","120.265","22.750","557"
"666","114278","20221102075000","494","2","高雄市","梓官區","120.260","22.745","693"
"731","114288","20221102075000","576","2","高雄市","梓官區","120.265","22.760","704"
"1382","114295","20221102075000","1024","2","高雄市","梓官區","120.270","22.760","1396"
"365","114297","20221102075000","289","2","高雄市","梓官區","120.245","22.740","402"
"187","114302","20221102075000","150","2","高雄市","梓官區","120.245","22.750","171"
"354","114304","20221102075000","276","2","高雄市","梓官區","120.250","22.735","363"
"591","114307","20221102075000","767","0","高雄市","橋頭區","120.310","22.750","567"
"131","114308","20221102075000","51","3","高雄市","橋頭區","120.315","22.755","98"
"856","114309","20221102075000","1282","0","高雄市","橋頭區","120.310","22.755","783"
"670","114311","20221102075000","576","1","高雄市","橋頭區","120.305","22.735","597"
"40","114315","20221102075000","237","0","高雄市","橋頭區","120.305","22.740","36"
"574","114318","20221102075000","481","1","高雄市","橋頭區","120.310","22.745","554"
"595","114322","20221102075000","412","2","高雄市","橋頭區","120.300","22.755","473"
"61","114344","20221102075000","54","1","高雄市","旗山區","120.440","22.785","54"
"293","114363","20221102075000","251","1","高雄市","旗山區","120.460","22.795","272"
"168","114393","20221102075000","57","3","高雄市","旗山區","120.455","22.815","150"
"136","114395","20221102075000","90","3","高雄市","旗山區","120.465","22.815","110"
"440","114407","20221102075000","647","0","高雄市","旗山區","120.465","22.840","521"
"62","114408","20221102075000","76","0","高雄市","旗山區","120.450","22.845","67"
"39","114416","20221102075000","442","0","高雄市","梓官區","120.270","22.765","38"
"40","114421","20221102075000","943","0","高雄市","梓官區","120.260","22.740","46"
"395","114422","20221102075000","285","2","高雄市","橋頭區","120.265","22.740","337"
"14","114424","20221102075000","274","0","臺東縣","卑南鄉","121.160","22.790","14"
"82","114448","20221102075000","72","1","臺東縣","卑南鄉","121.180","22.805","71"
"94","114462","20221102075000","69","2","臺東縣","卑南鄉","121.150","22.820","83"
"96","114473","20221102075000","89","1","臺東縣","卑南鄉","121.150","22.830","85"
"348","114575","20221102075000","95","3","臺東縣","卑南鄉","121.055","22.745","146"
"177","114700","20221102075000","237","0","臺東縣","臺東市","121.045","22.760","287"
"136","114840","20221102075000","168","0","臺東縣","卑南鄉","121.070","22.795","118"
"422","114846","20221102075000","408","1","臺東縣","卑南鄉","121.065","22.800","429"
"451","114971","20221102075000","601","0","臺東縣","臺東市","121.125","22.740","556"
"23","114972","20221102075000","440","0","臺東縣","臺東市","121.130","22.740","17"
"1078","114977","20221102075000","910","1","臺東縣","臺東市","121.135","22.740","906"
"740","114979","20221102075000","1015","0","臺東縣","臺東市","121.120","22.735","1027"
"12","114990","20221102075000","13","0","高雄市","岡山區","120.345","22.820","12"
"1387","115004","20221102075000","1147","2","高雄市","岡山區","120.285","22.790","1215"
"23","115005","20221102075000","17","2","高雄市","岡山區","120.290","22.790","29"
"53","115006","20221102075000","211","0","高雄市","岡山區","120.295","22.785","41"
"23","115293","20221102075000","14","3","高雄市","田寮區","120.370","22.825","17"
"205","115298","20221102075000","190","1","高雄市","田寮區","120.360","22.830","271"
"85","115300","20221102075000","114","0","高雄市","田寮區","120.370","22.830","126"
"117","115304","20221102075000","99","1","高雄市","田寮區","120.355","22.835","106"
"122","115311","20221102075000","113","1","高雄市","田寮區","120.395","22.835","131"
"176","115312","20221102075000","160","1","高雄市","田寮區","120.345","22.840","157"
"50","115319","20221102075000","51","0","高雄市","田寮區","120.345","22.845","58"
"87","115367","20221102075000","780","0","高雄市","燕巢區","120.355","22.790","94"
"310","115368","20221102075000","248","2","高雄市","燕巢區","120.360","22.790","313"
"78","115373","20221102075000","78","1","高雄市","燕巢區","120.360","22.780","68"
"266","115374","20221102075000","197","2","高雄市","燕巢區","120.325","22.785","248"
"262","115375","20221102075000","290","0","高雄市","燕巢區","120.330","22.785","337"
"332","115377","20221102075000","253","2","高雄市","燕巢區","120.340","22.785","306"
"339","115380","20221102075000","365","0","高雄市","燕巢區","120.355","22.785","305"
"431","115382","20221102075000","317","2","高雄市","燕巢區","120.340","22.790","411"
"308","115384","20221102075000","205","3","高雄市","燕巢區","120.350","22.790","277"
"17","115394","20221102075000","15","1","高雄市","燕巢區","120.355","22.810","15"
"30","115398","20221102075000","26","1","高雄市","燕巢區","120.375","22.810","39"
"91","115401","20221102075000","87","1","高雄市","燕巢區","120.390","22.810","86"
"84","115402","20221102075000","56","3","高雄市","燕巢區","120.355","22.815","79"
"187","115429","20221102075000","171","1","高雄市","燕巢區","120.365","22.790","166"
"439","115436","20221102075000","391","1","高雄市","燕巢區","120.365","22.795","406"
"118","115437","20221102075000","111","1","高雄市","燕巢區","120.370","22.795","117"
"20","115438","20221102075000","30","0","高雄市","燕巢區","120.375","22.795","32"
"568","115447","20221102075000","811","0","高雄市","燕巢區","120.375","22.760","631"
"749","115450","20221102075000","748","1","高雄市","燕巢區","120.375","22.765","1038"
"60","115453","20221102075000","208","0","高雄市","燕巢區","120.390","22.765","73"
"16","115456","20221102075000","19","0","高雄市","燕巢區","120.415","22.765","16"
"14","115458","20221102075000","73","0","高雄市","燕巢區","120.385","22.770","13"
"62","115463","20221102075000","44","2","高雄市","燕巢區","120.410","22.770","56"
"360","115472","20221102075000","260","2","高雄市","燕巢區","120.385","22.775","323"
"138","115473","20221102075000","134","1","高雄市","燕巢區","120.390","22.775","149"
"87","115475","20221102075000","77","1","高雄市","燕巢區","120.400","22.775","77"
"26","115478","20221102075000","21","2","高雄市","燕巢區","120.415","22.775","24"
"88","115482","20221102075000","95","0","高雄市","燕巢區","120.385","22.780","83"
"175","115486","20221102075000","140","2","高雄市","燕巢區","120.405","22.780","176"
"125","115500","20221102075000","106","1","高雄市","燕巢區","120.420","22.780","125"
"398","115501","20221102075000","149","3","高雄市","燕巢區","120.425","22.780","373"
"10","115506","20221102075000","128","0","高雄市","燕巢區","120.405","22.785","19"
"19","115507","20221102075000","29","0","高雄市","燕巢區","120.410","22.785","17"
"117","115513","20221102075000","93","2","高雄市","燕巢區","120.405","22.790","120"
"181","115519","20221102075000","95","3","高雄市","燕巢區","120.410","22.795","169"
"305","115523","20221102075000","216","2","高雄市","岡山區","120.315","22.785","227"
"544","115524","20221102075000","534","1","高雄市","燕巢區","120.320","22.785","653"
"33","115528","20221102075000","229","0","高雄市","燕巢區","120.330","22.790","30"
"355","115537","20221102075000","542","0","高雄市","燕巢區","120.335","22.800","348"
"500","115543","20221102075000","696","0","高雄市","燕巢區","120.355","22.795","789"
"159","115544","20221102075000","118","2","高雄市","燕巢區","120.360","22.795","144"
"550","115546","20221102075000","411","2","高雄市","燕巢區","120.355","22.800","410"
"828","115555","20221102075000","1794","0","高雄市","楠梓區","120.325","22.735","744"
"1294","115556","20221102075000","732","3","高雄市","楠梓區","120.330","22.735","1420"
"925","115557","20221102075000","1351","0","高雄市","楠梓區","120.335","22.735","876"
"919","115559","20221102075000","882","1","高雄市","楠梓區","120.330","22.740","918"
"967","115560","20221102075000","946","1","高雄市","楠梓區","120.335","22.740","917"
"56","115562","20221102075000","554","0","高雄市","楠梓區","120.330","22.745","35"
"27","115563","20221102075000","333","0","高雄市","橋頭區","120.325","22.750","22"
"963","115564","20221102075000","655","2","高雄市","楠梓區","120.330","22.750","943"
"98","115565","20221102075000","63","3","高雄市","岡山區","120.305","22.780","112"
"201","115567","20221102075000","157","2","高雄市","岡山區","120.315","22.825","185"
"325","115568","20221102075000","333","0","高雄市","岡山區","120.325","22.825","340"
"234","115576","20221102075000","519","0","高雄市","岡山區","120.315","22.815","245"
"487","115577","20221102075000","455","1","高雄市","岡山區","120.320","22.815","572"
"83","115580","20221102075000","91","0","高雄市","岡山區","120.325","22.820","93"
"91","115598","20221102075000","1603","0","高雄市","岡山區","120.295","22.795","81"
"226","115599","20221102075000","245","0","高雄市","岡山區","120.290","22.800","215"
"672","115600","20221102075000","561","1","高雄市","岡山區","120.295","22.800","626"
"11","115611","20221102075000","11","1","臺東縣","臺東市","121.105","22.765","11"
"619","115616","20221102075000","795","0","臺東縣","臺東市","121.105","22.770","833"
"496","115617","20221102075000","331","2","臺東縣","臺東市","121.110","22.770","343"
"60","115618","20221102075000","579","0","臺東縣","臺東市","121.115","22.770","43"
"207","115631","20221102075000","94","3","高雄市","大樹區","120.420","22.765","182"
"11","115632","20221102075000","12","0","高雄市","大樹區","120.425","22.765","26"
"130","115636","20221102075000","157","0","高雄市","大樹區","120.445","22.765","118"
"16","115639","20221102075000","18","0","高雄市","大樹區","120.425","22.770","18"
"248","115644","20221102075000","225","1","高雄市","大樹區","120.450","22.770","292"
"151","115647","20221102075000","79","3","高雄市","旗山區","120.430","22.775","128"
"530","115648","20221102075000","329","3","高雄市","岡山區","120.300","22.815","548"
"1190","115657","20221102075000","965","2","高雄市","岡山區","120.300","22.820","1199"
"446","115660","20221102075000","455","0","高雄市","岡山區","120.315","22.820","564"
"184","115663","20221102075000","115","3","高雄市","岡山區","120.295","22.830","155"
"266","115664","20221102075000","194","2","高雄市","岡山區","120.290","22.795","233"
"852","115665","20221102075000","759","1","高雄市","岡山區","120.285","22.800","785"
"20","115670","20221102075000","45","0","高雄市","岡山區","120.310","22.805","12"
"198","115676","20221102075000","170","1","高雄市","岡山區","120.320","22.810","95"
"199","115684","20221102075000","301","0","高雄市","岡山區","120.305","22.775","235"
"22","115686","20221102075000","34","0","高雄市","岡山區","120.310","22.775","28"
"32","115687","20221102075000","517","0","高雄市","岡山區","120.300","22.780","29"
"38","115690","20221102075000","861","0","高雄市","岡山區","120.300","22.785","29"
"59","115691","20221102075000","1144","0","高雄市","岡山區","120.290","22.805","50"
"138","115692","20221102075000","267","0","高雄市","岡山區","120.295","22.805","154"
"111","115694","20221102075000","756","0","高雄市","岡山區","120.295","22.790","82"
"131","115706","20221102075000","113","1","高雄市","彌陀區","120.240","22.755","147"
"122","115708","20221102075000","119","1","高雄市","梓官區","120.250","22.755","121"
"148","115709","20221102075000","85","3","高雄市","彌陀區","120.235","22.760","149"
"142","115713","20221102075000","134","1","高雄市","彌陀區","120.240","22.765","140"
"377","115714","20221102075000","447","0","高雄市","彌陀區","120.250","22.780","383"
"447","115717","20221102075000","503","0","臺東縣","臺東市","121.140","22.740","581"
"365","115718","20221102075000","234","3","臺東縣","臺東市","121.130","22.745","269"
"1504","115719","20221102075000","1781","0","臺東縣","臺東市","121.135","22.745","1872"
"55","115720","20221102075000","568","0","臺東縣","臺東市","121.140","22.745","35"
"399","115721","20221102075000","539","0","臺東縣","臺東市","121.130","22.750","495"
"846","115722","20221102075000","600","2","臺東縣","臺東市","121.135","22.750","649"
"330","115724","20221102075000","285","1","臺東縣","臺東市","121.120","22.750","413"
"316","115727","20221102075000","321","0","臺東縣","臺東市","121.130","22.755","369"
"349","115728","20221102075000","554","0","臺東縣","臺東市","121.120","22.760","452"
"151","115732","20221102075000","99","3","臺東縣","臺東市","121.090","22.760","124"
"298","115739","20221102075000","319","0","臺東縣","臺東市","121.095","22.765","343"
"567","115745","20221102075000","736","0","臺東縣","臺東市","121.095","22.770","763"
"194","115749","20221102075000","165","1","高雄市","阿蓮區","120.335","22.835","199"
"1197","115782","20221102075000","837","2","高雄市","岡山區","120.300","22.795","1267"
"1097","115783","20221102075000","1004","1","高雄市","岡山區","120.305","22.795","1066"
"44","115784","20221102075000","45","0","高雄市","岡山區","120.310","22.795","39"
"707","115787","20221102075000","611","1","高雄市","岡山區","120.270","22.780","813"
"113","115788","20221102075000","506","0","高雄市","岡山區","120.270","22.785","96"
"258","115791","20221102075000","789","0","高雄市","岡山區","120.285","22.785","234"
"425","115793","20221102075000","433","0","高雄市","彌陀區","120.250","22.785","429"
"757","115795","20221102075000","753","1","高雄市","彌陀區","120.235","22.795","974"
"110","115804","20221102075000","115","0","高雄市","彌陀區","120.245","22.775","125"
"130","115805","20221102075000","88","2","高雄市","彌陀區","120.245","22.765","122"
"158","115808","20221102075000","144","1","高雄市","彌陀區","120.245","22.770","149"
"39","115810","20221102075000","272","0","高雄市","彌陀區","120.255","22.770","35"
"1328","115819","20221102075000","886","2","高雄市","岡山區","120.305","22.785","1198"
"439","115820","20221102075000","1552","0","高雄市","岡山區","120.300","22.790","452"
"930","115821","20221102075000","856","1","高雄市","岡山區","120.305","22.790","870"
"756","115833","20221102075000","385","3","高雄市","岡山區","120.265","22.815","749"
"475","115834","20221102075000","442","1","高雄市","岡山區","120.270","22.815","465"
"385","115836","20221102075000","318","2","高雄市","岡山區","120.255","22.820","386"
"254","115841","20221102075000","278","0","高雄市","岡山區","120.265","22.820","293"
"360","115844","20221102075000","184","3","高雄市","岡山區","120.300","22.830","270"
"608","115849","20221102075000","844","0","高雄市","阿蓮區","120.305","22.835","788"
"54","115851","20221102075000","168","0","高雄市","岡山區","120.280","22.810","45"
"404","115852","20221102075000","282","2","高雄市","岡山區","120.285","22.810","388"
"369","115855","20221102075000","323","1","高雄市","岡山區","120.285","22.815","381"
"63","115856","20221102075000","415","0","高雄市","岡山區","120.290","22.815","66"
"471","115872","20221102075000","356","2","高雄市","彌陀區","120.250","22.775","472"
"25","115876","20221102075000","27","0","高雄市","大社區","120.345","22.735","26"
"25","115878","20221102075000","429","0","高雄市","大社區","120.360","22.740","25"
"105","115879","20221102075000","139","0","高雄市","大社區","120.365","22.740","145"
"290","115883","20221102075000","299","0","高雄市","大社區","120.345","22.740","288"
"876","115886","20221102075000","755","1","高雄市","楠梓區","120.335","22.745","814"
"591","115889","20221102075000","857","0","高雄市","大社區","120.350","22.745","564"
"196","115892","20221102075000","467","0","高雄市","燕巢區","120.340","22.750","191"
"25","115895","20221102075000","22","1","高雄市","大社區","120.355","22.750","34"
"387","115897","20221102075000","264","2","高雄市","大社區","120.365","22.750","357"
"32","115911","20221102075000","51","0","高雄市","大社區","120.395","22.745","41"
"12","115922","20221102075000","33","0","高雄市","大社區","120.405","22.750","11"
"19","115927","20221102075000","78","0","高雄市","大社區","120.390","22.755","21"
"170","115941","20221102075000","134","2","高雄市","大社區","120.370","22.735","203"
"246","115943","20221102075000","345","0","高雄市","大社區","120.380","22.735","336"
"23","115944","20221102075000","18","2","高雄市","大社區","120.380","22.740","15"
"537","115946","20221102075000","532","1","高雄市","岡山區","120.275","22.775","536"
"711","115949","20221102075000","580","2","高雄市","岡山區","120.310","22.790","714"
"801","115953","20221102075000","796","1","高雄市","岡山區","120.300","22.800","762"
"69","115954","20221102075000","544","0","高雄市","岡山區","120.305","22.800","59"
"157","115966","20221102075000","56","3","高雄市","旗山區","120.425","22.815","88"
"18","115972","20221102075000","13","2","高雄市","旗山區","120.435","22.825","20"
"98","124145","20221102075000","378","0","屏東縣","高樹鄉","120.610","22.850","90"
"91","124161","20221102075000","235","0","屏東縣","高樹鄉","120.630","22.865","85"
"118","124176","20221102075000","62","3","屏東縣","高樹鄉","120.640","22.880","147"
"23","124193","20221102075000","34","0","臺南市","仁德區","120.245","22.935","38"
"563","124197","20221102075000","664","0","臺南市","仁德區","120.250","22.940","676"
"82","124211","20221102075000","70","1","臺南市","關廟區","120.330","22.910","65"
"387","124220","20221102075000","423","0","臺南市","關廟區","120.345","22.915","427"
"93","124243","20221102075000","157","0","高雄市","茄萣區","120.205","22.855","85"
"310","124253","20221102075000","333","0","臺南市","仁德區","120.215","22.910","402"
"324","124255","20221102075000","207","3","高雄市","湖內區","120.225","22.905","315"
"141","124262","20221102075000","448","0","臺南市","南區","120.185","22.920","11"
"19","124268","20221102075000","222","0","臺南市","歸仁區","120.280","22.915","19"
"343","124271","20221102075000","451","0","臺南市","歸仁區","120.270","22.920","365"
"476","124275","20221102075000","887","0","臺南市","歸仁區","120.285","22.920","519"
"261","124278","20221102075000","164","3","臺南市","歸仁區","120.280","22.925","300"
"77","124281","20221102075000","195","0","臺南市","歸仁區","120.270","22.930","77"
"42","124291","20221102075000","116","0","臺南市","南區","120.175","22.940","32"
"503","124293","20221102075000","661","0","臺南市","仁德區","120.245","22.925","519"
"19","124295","20221102075000","16","1","臺南市","仁德區","120.240","22.930","11"
"659","124314","20221102075000","1250","0","臺南市","仁德區","120.260","22.945","436"
"747","124322","20221102075000","1081","0","臺南市","歸仁區","120.270","22.905","814"
"637","124323","20221102075000","656","0","臺南市","仁德區","120.255","22.910","669"
"466","124338","20221102075000","400","1","臺南市","仁德區","120.250","22.910","518"
"64","124352","20221102075000","68","0","臺南市","關廟區","120.325","22.950","62"
"50","124363","20221102075000","215","0","臺南市","關廟區","120.335","22.930","444"
"43","124371","20221102075000","218","0","臺南市","關廟區","120.335","22.940","43"
"1176","124386","20221102075000","1077","1","臺南市","仁德區","120.255","22.950","1176"
"25","124391","20221102075000","25","1","臺南市","仁德區","120.225","22.930","25"
"18","124397","20221102075000","17","1","臺南市","仁德區","120.230","22.935","17"
"31","124404","20221102075000","58","0","臺南市","仁德區","120.230","22.940","10"
"185","124408","20221102075000","396","0","臺南市","仁德區","120.230","22.945","182"
"220","124415","20221102075000","215","1","臺南市","仁德區","120.260","22.950","172"
"97","124431","20221102075000","162","0","臺南市","歸仁區","120.295","22.925","85"
"351","124453","20221102075000","311","1","臺南市","歸仁區","120.300","22.940","360"
"885","124469","20221102075000","550","3","臺南市","南區","120.180","22.930","882"
"45","124472","20221102075000","172","0","臺南市","南區","120.180","22.935","45"
"190","124474","20221102075000","221","0","臺南市","南區","120.190","22.935","22"
"354","124477","20221102075000","1012","0","臺南市","南區","120.180","22.925","354"
"37","124481","20221102075000","20","3","臺南市","歸仁區","120.275","22.905","33"
"62","124491","20221102075000","347","0","臺南市","歸仁區","120.275","22.910","65"
"159","124494","20221102075000","230","0","臺南市","歸仁區","120.285","22.910","196"
"160","124504","20221102075000","517","0","臺南市","歸仁區","120.275","22.915","160"
"608","124526","20221102075000","727","0","臺南市","歸仁區","120.275","22.950","763"
"23","124527","20221102075000","215","0","臺南市","歸仁區","120.280","22.950","23"
"63","124538","20221102075000","128","0","臺南市","仁德區","120.220","22.920","88"
"247","124546","20221102075000","310","0","臺南市","南區","120.215","22.950","333"
"63","124548","20221102075000","77","0","臺南市","仁德區","120.220","22.945","54"
"224","124549","20221102075000","247","0","臺南市","仁德區","120.220","22.950","225"
"82","124550","20221102075000","696","0","高雄市","湖內區","120.230","22.915","82"
"561","124551","20221102075000","507","1","臺南市","仁德區","120.235","22.915","412"
"721","124552","20221102075000","827","0","臺南市","仁德區","120.225","22.920","734"
"424","124553","20221102075000","671","0","臺南市","仁德區","120.230","22.920","401"
"46","124555","20221102075000","644","0","臺南市","仁德區","120.240","22.920","46"
"337","124557","20221102075000","404","0","臺南市","仁德區","120.250","22.920","414"
"467","124559","20221102075000","712","0","臺南市","仁德區","120.225","22.925","556"
"55","124563","20221102075000","664","0","臺南市","仁德區","120.230","22.930","23"
"311","124565","20221102075000","351","0","臺南市","仁德區","120.220","22.915","393"
"1083","124569","20221102075000","951","1","臺南市","仁德區","120.215","22.915","952"
"10","124571","20221102075000","63","0","臺南市","仁德區","120.200","22.920","10"
"852","124585","20221102075000","594","2","臺南市","南區","120.180","22.945","691"
"394","124591","20221102075000","455","0","臺南市","南區","120.185","22.950","500"
"22","124593","20221102075000","24","0","臺南市","南區","120.195","22.950","36"
"34","124601","20221102075000","37","0","高雄市","茂林區","120.685","22.905","40"
"995","124642","20221102075000","1171","0","高雄市","茄萣區","120.185","22.895","1326"
"241","124661","20221102075000","225","1","高雄市","美濃區","120.525","22.850","286"
"107","124668","20221102075000","103","1","高雄市","美濃區","120.535","22.850","143"
"251","124671","20221102075000","316","0","高雄市","美濃區","120.550","22.850","254"
"239","124678","20221102075000","329","0","高雄市","美濃區","120.535","22.860","317"
"160","124706","20221102075000","133","2","高雄市","美濃區","120.580","22.920","191"
"10","124745","20221102075000","13","0","高雄市","美濃區","120.585","22.940","10"
"843","124774","20221102075000","942","0","高雄市","美濃區","120.545","22.900","1057"
"291","124778","20221102075000","149","3","高雄市","美濃區","120.555","22.905","228"
"190","124780","20221102075000","219","0","高雄市","美濃區","120.545","22.910","280"
"270","124803","20221102075000","177","3","高雄市","美濃區","120.535","22.865","262"
"424","124809","20221102075000","287","2","高雄市","美濃區","120.535","22.875","367"
"192","124812","20221102075000","168","1","高雄市","美濃區","120.535","22.880","237"
"262","124818","20221102075000","174","3","高雄市","美濃區","120.555","22.885","225"
"189","124831","20221102075000","316","0","高雄市","內門區","120.460","22.925","258"
"98","124869","20221102075000","77","2","高雄市","內門區","120.470","22.910","93"
"50","124870","20221102075000","43","1","高雄市","內門區","120.475","22.910","71"
"12","124897","20221102075000","170","0","高雄市","內門區","120.465","22.930","12"
"184","124903","20221102075000","206","0","高雄市","內門區","120.465","22.940","244"
"67","124908","20221102075000","192","0","高雄市","內門區","120.460","22.920","45"
"12","124948","20221102075000","16","0","臺南市","龍崎區","120.360","22.940","32"
"42","124962","20221102075000","34","2","臺南市","龍崎區","120.380","22.950","30"
"16","124976","20221102075000","19","0","臺南市","龍崎區","120.395","22.930","16"
"79","124995","20221102075000","67","1","臺南市","龍崎區","120.365","22.915","112"
"238","125006","20221102075000","306","0","臺南市","龍崎區","120.350","22.930","291"
"374","125045","20221102075000","396","0","臺南市","龍崎區","120.425","22.940","398"
"10","125051","20221102075000","16","0","臺南市","龍崎區","120.400","22.950","12"
"13","125061","20221102075000","13","1","臺南市","龍崎區","120.420","22.945","13"
"110","125099","20221102075000","240","0","臺東縣","卑南鄉","121.090","22.865","91"
"254","125138","20221102075000","307","0","臺東縣","卑南鄉","121.125","22.870","231"
"11","125172","20221102075000","71","0","臺東縣","卑南鄉","121.190","22.850","11"
"332","125177","20221102075000","402","0","高雄市","湖內區","120.235","22.900","417"
"187","125178","20221102075000","210","0","臺南市","仁德區","120.235","22.905","136"
"865","125179","20221102075000","507","3","高雄市","湖內區","120.230","22.910","829"
"500","125186","20221102075000","375","2","高雄市","路竹區","120.275","22.870","462"
"291","125192","20221102075000","439","0","高雄市","路竹區","120.265","22.885","346"
"321","125206","20221102075000","325","0","高雄市","路竹區","120.270","22.870","379"
"683","125207","20221102075000","643","1","高雄市","路竹區","120.255","22.875","670"
"290","125215","20221102075000","144","3","高雄市","茄萣區","120.180","22.910","276"
"461","125229","20221102075000","500","0","高雄市","路竹區","120.290","22.865","569"
"344","125232","20221102075000","346","0","高雄市","路竹區","120.245","22.860","345"
"1129","125234","20221102075000","920","2","高雄市","路竹區","120.255","22.860","1128"
"189","125242","20221102075000","125","3","高雄市","路竹區","120.250","22.855","165"
"35","125244","20221102075000","42","0","高雄市","路竹區","120.260","22.865","43"
"412","125249","20221102075000","448","0","高雄市","路竹區","120.235","22.860","378"
"62","125257","20221102075000","480","0","高雄市","路竹區","120.260","22.860","54"
"59","125258","20221102075000","49","2","高雄市","路竹區","120.255","22.865","52"
"418","125263","20221102075000","363","1","高雄市","路竹區","120.225","22.855","378"
"158","125284","20221102075000","80","3","高雄市","旗山區","120.515","22.855","126"
"377","125285","20221102075000","322","1","高雄市","旗山區","120.490","22.860","457"
"29","125295","20221102075000","70","0","高雄市","旗山區","120.490","22.880","15"
"385","125296","20221102075000","202","3","高雄市","旗山區","120.495","22.880","438"
"455","125297","20221102075000","501","0","高雄市","旗山區","120.500","22.880","456"
"725","125340","20221102075000","1149","0","高雄市","旗山區","120.480","22.895","716"
"69","125343","20221102075000","160","0","高雄市","旗山區","120.480","22.900","73"
"536","125346","20221102075000","543","0","高雄市","旗山區","120.475","22.905","571"
"31","125349","20221102075000","495","0","高雄市","旗山區","120.485","22.905","23"
"80","125360","20221102075000","473","0","高雄市","湖內區","120.250","22.880","80"
"235","125361","20221102075000","624","0","高雄市","湖內區","120.245","22.885","288"
"40","125366","20221102075000","263","0","高雄市","湖內區","120.240","22.890","50"
"568","125367","20221102075000","397","2","高雄市","湖內區","120.245","22.890","494"
"75","125374","20221102075000","63","1","高雄市","旗山區","120.445","22.885","71"
"32","125393","20221102075000","57","0","高雄市","內門區","120.420","22.910","48"
"27","125438","20221102075000","22","2","高雄市","茂林區","120.650","22.880","28"
"111","125487","20221102075000","98","1","高雄市","六龜區","120.620","22.890","104"
"113","125491","20221102075000","118","0","高雄市","六龜區","120.625","22.895","165"
"118","125506","20221102075000","151","0","高雄市","六龜區","120.635","22.910","215"
"13","125528","20221102075000","15","0","高雄市","六龜區","120.615","22.880","23"
"22","125541","20221102075000","29","0","高雄市","六龜區","120.615","22.885","30"
"121","125543","20221102075000","136","0","高雄市","六龜區","120.625","22.885","148"
"118","125591","20221102075000","79","2","高雄市","六龜區","120.645","22.925","114"
"637","125608","20221102075000","557","1","高雄市","路竹區","120.265","22.865","640"
"230","125613","20221102075000","201","1","高雄市","路竹區","120.265","22.850","206"
"93","125614","20221102075000","111","0","高雄市","路竹區","120.260","22.855","77"
"18","125615","20221102075000","572","0","高雄市","路竹區","120.265","22.855","21"
"294","125624","20221102075000","305","0","高雄市","路竹區","120.290","22.875","401"
"152","125626","20221102075000","92","3","高雄市","路竹區","120.295","22.875","145"
"351","125629","20221102075000","311","1","高雄市","路竹區","120.285","22.880","281"
"309","125646","20221102075000","368","0","臺南市","關廟區","120.345","22.905","240"
"352","125659","20221102075000","220","3","高雄市","阿蓮區","120.290","22.895","331"
"263","125660","20221102075000","256","1","高雄市","阿蓮區","120.295","22.895","269"
"409","125667","20221102075000","574","0","臺南市","歸仁區","120.280","22.905","510"
"15","125673","20221102075000","12","2","高雄市","阿蓮區","120.330","22.875","15"
"14","125675","20221102075000","109","0","高雄市","湖內區","120.195","22.910","19"
"351","125676","20221102075000","112","3","高雄市","湖內區","120.200","22.910","316"
"39","125737","20221102075000","311","0","高雄市","田寮區","120.370","22.865","35"
"69","125772","20221102075000","67","1","高雄市","田寮區","120.400","22.890","74"
"23","125779","20221102075000","38","0","高雄市","田寮區","120.400","22.895","33"
"27","125825","20221102075000","25","1","臺東縣","東河鄉","121.270","22.930","39"
"64","125838","20221102075000","44","2","臺東縣","東河鄉","121.275","22.940","62"
"131","125849","20221102075000","96","2","臺東縣","鹿野鄉","121.150","22.930","153"
"975","125884","20221102075000","1222","0","高雄市","旗山區","120.480","22.880","1016"
"450","125896","20221102075000","545","0","高雄市","美濃區","120.540","22.900","534"
"32","125917","20221102075000","35","0","高雄市","美濃區","120.535","22.900","25"
"148","125941","20221102075000","172","0","高雄市","美濃區","120.565","22.865","162"
"13","125950","20221102075000","12","1","高雄市","美濃區","120.570","22.870","13"
"45","125951","20221102075000","31","2","高雄市","美濃區","120.575","22.870","43"
"65","125952","20221102075000","82","0","高雄市","美濃區","120.580","22.870","83"
"364","125955","20221102075000","282","2","高雄市","美濃區","120.565","22.875","293"
"122","125966","20221102075000","100","2","高雄市","美濃區","120.545","22.880","128"
"74","125970","20221102075000","68","1","高雄市","美濃區","120.535","22.885","71"
"272","125981","20221102075000","286","0","高雄市","美濃區","120.515","22.875","329"
"188","125989","20221102075000","152","2","高雄市","旗山區","120.505","22.890","181"
"380","125997","20221102075000","287","2","高雄市","美濃區","120.520","22.895","330"
"191","126001","20221102075000","191","1","高雄市","美濃區","120.520","22.900","233"
"340","126010","20221102075000","360","0","高雄市","美濃區","120.560","22.915","411"
"174","126024","20221102075000","119","2","高雄市","美濃區","120.580","22.925","142"
"252","126043","20221102075000","219","1","高雄市","美濃區","120.550","22.865","247"
"274","126059","20221102075000","275","0","高雄市","美濃區","120.575","22.880","322"
"79","126076","20221102075000","80","0","高雄市","美濃區","120.570","22.895","72"
"812","126092","20221102075000","1011","0","高雄市","旗山區","120.480","22.885","823"
"229","126096","20221102075000","464","0","高雄市","路竹區","120.265","22.870","207"
"490","126107","20221102075000","534","0","高雄市","路竹區","120.270","22.865","479"
"315","126119","20221102075000","220","2","高雄市","旗山區","120.490","22.920","297"
"243","126120","20221102075000","359","0","高雄市","旗山區","120.495","22.920","301"
"409","126140","20221102075000","240","3","高雄市","路竹區","120.280","22.850","352"
"43","126141","20221102075000","354","0","高雄市","路竹區","120.270","22.855","34"
"1357","126142","20221102075000","1161","1","高雄市","路竹區","120.265","22.860","1342"
"32","126160","20221102075000","21","3","臺東縣","卑南鄉","121.105","22.850","37"
"72","126178","20221102075000","525","0","臺東縣","卑南鄉","121.105","22.860","49"
"13","126183","20221102075000","63","0","臺東縣","卑南鄉","121.100","22.865","11"
"83","126219","20221102075000","355","0","高雄市","茄萣區","120.185","22.890","76"
"325","126227","20221102075000","327","0","高雄市","湖內區","120.235","22.895","412"
"229","126236","20221102075000","122","3","高雄市","湖內區","120.225","22.880","176"
"446","126244","20221102075000","414","1","高雄市","湖內區","120.225","22.895","513"
"435","126247","20221102075000","302","2","高雄市","湖內區","120.240","22.870","429"
"215","126249","20221102075000","142","3","高雄市","湖內區","120.235","22.875","183"
"219","126256","20221102075000","183","1","高雄市","湖內區","120.240","22.885","204"
"585","126258","20221102075000","647","0","高雄市","湖內區","120.250","22.875","643"
"211","126273","20221102075000","158","2","高雄市","美濃區","120.545","22.895","169"
"196","126301","20221102075000","217","0","臺東縣","鹿野鄉","121.085","22.900","232"
"200","126303","20221102075000","254","0","臺東縣","延平鄉","121.075","22.905","282"
"10","126313","20221102075000","29","0","臺東縣","延平鄉","121.090","22.915","23"
"38","126423","20221102075000","28","2","臺東縣","延平鄉","121.100","22.910","34"
"97","127499","20221102075000","162","0","臺東縣","延平鄉","121.150","22.900","142"
"16","127566","20221102075000","17","0","臺東縣","鹿野鄉","121.120","22.920","22"
"22","127569","20221102075000","190","0","臺東縣","鹿野鄉","121.120","22.925","17"
"11","127570","20221102075000","14","0","臺東縣","鹿野鄉","121.125","22.925","12"
"267","127581","20221102075000","146","3","臺東縣","鹿野鄉","121.120","22.930","237"
"115","127584","20221102075000","106","1","臺東縣","鹿野鄉","121.135","22.930","109"
"68","127600","20221102075000","49","2","臺東縣","鹿野鄉","121.135","22.945","65"
"124","127605","20221102075000","109","1","高雄市","田寮區","120.395","22.850","172"
"56","127613","20221102075000","41","2","高雄市","田寮區","120.380","22.875","68"
"208","127617","20221102075000","250","0","高雄市","田寮區","120.385","22.880","236"
"62","127622","20221102075000","43","2","高雄市","田寮區","120.390","22.885","59"
"121","127652","20221102075000","106","1","高雄市","田寮區","120.360","22.880","145"
"116","127664","20221102075000","83","2","高雄市","田寮區","120.370","22.890","117"
"54","127666","20221102075000","71","0","高雄市","田寮區","120.360","22.895","74"
"15","127698","20221102075000","44","0","高雄市","田寮區","120.425","22.885","28"
"341","127704","20221102075000","305","1","高雄市","茄萣區","120.180","22.900","317"
"58","127705","20221102075000","389","0","高雄市","茄萣區","120.185","22.900","52"
"208","127717","20221102075000","149","2","臺東縣","鹿野鄉","121.100","22.895","238"
"86","127724","20221102075000","41","3","臺東縣","鹿野鄉","121.135","22.895","64"
"263","127733","20221102075000","292","0","臺東縣","鹿野鄉","121.135","22.910","260"
"80","127737","20221102075000","104","0","臺東縣","鹿野鄉","121.135","22.920","103"
"193","127754","20221102075000","220","0","臺東縣","鹿野鄉","121.120","22.905","253"
"910","127765","20221102075000","1218","0","臺南市","仁德區","120.220","22.910","1138"
"62","127770","20221102075000","181","0","高雄市","湖內區","120.215","22.905","62"
"75","127835","20221102075000","60","2","臺東縣","東河鄉","121.235","22.940","74"
"129","127852","20221102075000","186","0","臺東縣","東河鄉","121.250","22.895","168"
"129","127889","20221102075000","84","3","臺東縣","東河鄉","121.255","22.915","115"
"38","127890","20221102075000","18","3","臺東縣","東河鄉","121.260","22.915","35"
"15","127912","20221102075000","189","0","臺東縣","東河鄉","121.265","22.925","28"
"230","127933","20221102075000","159","2","臺東縣","東河鄉","121.190","22.860","189"
"57","127935","20221102075000","51","1","臺東縣","東河鄉","121.200","22.860","57"
"562","127958","20221102075000","785","0","臺東縣","東河鄉","121.225","22.870","712"
"149","127984","20221102075000","15","3","臺東縣","東河鄉","121.225","22.880","114"
"12","127985","20221102075000","15","0","臺東縣","東河鄉","121.230","22.880","12"
"145","127998","20221102075000","99","2","臺東縣","東河鄉","121.235","22.880","146"
"42","128028","20221102075000","53","0","臺東縣","東河鄉","121.245","22.890","54"
"32","128038","20221102075000","53","0","臺東縣","東河鄉","121.235","22.895","41"
"273","128060","20221102075000","319","0","高雄市","阿蓮區","120.345","22.860","337"
"68","128066","20221102075000","498","0","高雄市","阿蓮區","120.320","22.850","71"
"163","128071","20221102075000","87","3","高雄市","阿蓮區","120.320","22.855","151"
"446","128073","20221102075000","162","3","高雄市","阿蓮區","120.330","22.855","361"
"1252","128075","20221102075000","890","2","高雄市","阿蓮區","120.325","22.875","1191"
"1398","128076","20221102075000","1008","2","高雄市","阿蓮區","120.325","22.880","1352"
"23","128078","20221102075000","282","0","高雄市","路竹區","120.305","22.860","17"
"254","128090","20221102075000","194","2","高雄市","阿蓮區","120.310","22.870","259"
"153","128091","20221102075000","114","2","高雄市","阿蓮區","120.315","22.870","121"
"89","128097","20221102075000","76","1","高雄市","阿蓮區","120.315","22.880","89"
"39","128418","20221102075000","55","0","高雄市","茂林區","120.715","22.910","68"
"71","128722","20221102075000","75","0","高雄市","茂林區","120.665","22.885","92"
"52","128723","20221102075000","34","3","高雄市","茂林區","120.670","22.885","68"
"25","128748","20221102075000","239","0","高雄市","旗山區","120.480","22.890","18"
"23","128751","20221102075000","10","3","高雄市","旗山區","120.475","22.850","18"
"357","128754","20221102075000","404","0","高雄市","路竹區","120.300","22.880","424"
"194","128758","20221102075000","120","3","高雄市","阿蓮區","120.305","22.890","152"
"29","128759","20221102075000","205","0","高雄市","阿蓮區","120.310","22.890","17"
"274","128764","20221102075000","223","2","高雄市","阿蓮區","120.330","22.880","277"
"47","128765","20221102075000","661","0","高雄市","阿蓮區","120.335","22.880","57"
"170","128766","20221102075000","158","1","高雄市","阿蓮區","120.340","22.880","153"
"241","128769","20221102075000","178","2","高雄市","阿蓮區","120.330","22.885","217"
"234","128776","20221102075000","193","2","高雄市","阿蓮區","120.320","22.890","237"
"297","128782","20221102075000","158","3","高雄市","阿蓮區","120.335","22.870","289"
"397","128789","20221102075000","288","2","高雄市","田寮區","120.355","22.870","376"
"534","128797","20221102075000","412","2","高雄市","茄萣區","120.185","22.905","643"
"321","128798","20221102075000","190","3","高雄市","茄萣區","120.190","22.905","299"
"120","128803","20221102075000","129","0","高雄市","茄萣區","120.195","22.855","85"
"82","128807","20221102075000","118","0","高雄市","茄萣區","120.195","22.860","73"
"211","128823","20221102075000","220","0","高雄市","茄萣區","120.190","22.870","275"
"313","128824","20221102075000","268","1","高雄市","茄萣區","120.195","22.870","385"
"230","128825","20221102075000","219","1","高雄市","茄萣區","120.200","22.870","221"
"34","128829","20221102075000","12","3","高雄市","茄萣區","120.190","22.875","18"
"430","128830","20221102075000","333","2","高雄市","茄萣區","120.195","22.875","371"
"446","128833","20221102075000","381","1","高雄市","茄萣區","120.210","22.875","382"
"163","128847","20221102075000","193","0","高雄市","茄萣區","120.190","22.910","200"
"463","128850","20221102075000","563","0","高雄市","茄萣區","120.185","22.910","450"
"276","128866","20221102075000","230","2","高雄市","旗山區","120.475","22.870","271"
"105","128884","20221102075000","93","1","高雄市","旗山區","120.455","22.880","93"
"12","128887","20221102075000","15","0","高雄市","旗山區","120.470","22.880","13"
"500","128898","20221102075000","548","0","高雄市","旗山區","120.470","22.855","684"
"270","128911","20221102075000","334","0","高雄市","旗山區","120.500","22.925","308"
"183","128916","20221102075000","177","1","高雄市","旗山區","120.500","22.930","241"
"133","128946","20221102075000","138","0","高雄市","杉林區","120.525","22.930","189"
"989","134975","20221102075000","501","3","臺南市","安南區","120.210","23.035","857"
"584","134976","20221102075000","441","2","臺南市","安南區","120.210","23.040","519"
"1211","134977","20221102075000","1110","1","臺南市","安南區","120.215","23.040","1282"
"1014","134978","20221102075000","1004","1","臺南市","安南區","120.215","23.030","1332"
"400","134979","20221102075000","430","0","臺南市","安南區","120.215","23.035","531"
"435","134985","20221102075000","359","2","臺南市","安南區","120.195","23.025","389"
"304","134991","20221102075000","322","0","臺南市","關廟區","120.300","22.995","387"
"113","134995","20221102075000","45","3","臺南市","關廟區","120.320","22.995","97"
"52","134999","20221102075000","202","0","臺南市","關廟區","120.305","23.000","52"
"97","135010","20221102075000","194","0","臺南市","關廟區","120.320","23.005","97"
"428","135015","20221102075000","204","3","臺南市","關廟區","120.305","23.010","382"
"657","135022","20221102075000","766","0","臺南市","關廟區","120.325","22.965","781"
"25","135028","20221102075000","210","0","臺南市","關廟區","120.360","22.965","25"
"269","135056","20221102075000","171","3","臺南市","關廟區","120.330","22.965","218"
"58","135059","20221102075000","402","0","臺南市","關廟區","120.325","22.975","58"
"437","135061","20221102075000","2651","0","臺南市","中西區","120.210","22.985","363"
"257","135062","20221102075000","1804","0","臺南市","永康區","120.235","23.005","257"
"1400","135063","20221102075000","1254","1","臺南市","東區","120.230","22.980","1185"
"354","135064","20221102075000","222","3","臺南市","安南區","120.125","23.040","331"
"441","135074","20221102075000","381","1","臺南市","南區","120.175","22.965","417"
"15","135075","20221102075000","14","1","臺南市","南區","120.180","22.965","16"
"1252","135079","20221102075000","1403","0","臺南市","南區","120.185","22.970","1218"
"609","135080","20221102075000","739","0","臺南市","南區","120.175","22.975","636"
"282","135081","20221102075000","439","0","臺南市","南區","120.180","22.975","332"
"1040","135083","20221102075000","874","1","臺南市","南區","120.185","22.980","1073"
"1478","135084","20221102075000","1013","2","臺南市","北區","120.210","23.020","1426"
"86","135085","20221102075000","1841","0","臺南市","南區","120.200","22.980","65"
"18","135086","20221102075000","84","0","臺南市","南區","120.205","22.970","12"
"262","135087","20221102075000","216","2","臺南市","南區","120.195","22.970","250"
"693","135088","20221102075000","970","0","臺南市","南區","120.190","22.960","878"
"28","135461","20221102075000","31","0","臺東縣","海端鄉","121.130","23.000","37"
"216","135797","20221102075000","123","3","臺東縣","關山鎮","121.145","23.020","155"
"1522","135951","20221102075000","1644","0","臺南市","永康區","120.230","23.010","1907"
"4637","135952","20221102075000","4252","1","臺南市","永康區","120.225","23.020","4994"
"1312","135953","20221102075000","1048","2","臺南市","永康區","120.220","23.025","1239"
"395","135954","20221102075000","510","0","臺南市","永康區","120.225","23.025","506"
"1157","135956","20221102075000","1241","0","臺南市","永康區","120.235","23.025","1322"
"485","135957","20221102075000","522","0","臺南市","永康區","120.225","23.030","625"
"231","135958","20221102075000","163","2","臺南市","永康區","120.230","23.030","174"
"57","135959","20221102075000","1039","0","臺南市","永康區","120.255","22.995","24"
"718","135960","20221102075000","931","0","臺南市","永康區","120.255","23.000","898"
"127","135961","20221102075000","1132","0","臺南市","永康區","120.260","23.000","127"
"362","135963","20221102075000","398","0","臺南市","永康區","120.260","23.005","298"
"1460","135966","20221102075000","1316","1","臺南市","安南區","120.205","23.030","1620"
"702","135967","20221102075000","619","1","臺南市","安南區","120.210","23.030","648"
"297","135969","20221102075000","312","0","臺南市","安南區","120.220","23.040","414"
"1382","135971","20221102075000","1561","0","臺南市","中西區","120.190","23.005","1834"
"127","135972","20221102075000","551","0","臺南市","永康區","120.250","23.005","123"
"545","135976","20221102075000","408","2","臺南市","歸仁區","120.300","22.965","545"
"476","135980","20221102075000","415","1","臺南市","南區","120.195","22.980","620"
"1113","135981","20221102075000","898","2","臺南市","南區","120.190","22.970","1085"
"528","135982","20221102075000","1187","0","臺南市","中西區","120.190","23.000","641"
"1640","135983","20221102075000","1061","3","臺南市","中西區","120.195","23.000","1656"
"2394","135984","20221102075000","1948","2","臺南市","中西區","120.175","23.005","2229"
"233","135985","20221102075000","230","1","臺南市","中西區","120.180","23.000","224"
"558","135986","20221102075000","511","1","臺南市","安南區","120.165","23.005","659"
"82","135989","20221102075000","815","0","臺南市","永康區","120.255","23.035","82"
"726","135990","20221102075000","877","0","臺南市","永康區","120.260","23.030","869"
"1404","135991","20221102075000","1621","0","臺南市","永康區","120.260","23.035","1581"
"398","135992","20221102075000","296","2","臺南市","永康區","120.255","23.040","320"
"2368","135993","20221102075000","2658","0","臺南市","永康區","120.230","23.015","2749"
"955","135994","20221102075000","1116","0","臺南市","永康區","120.230","23.020","1207"
"549","135995","20221102075000","325","3","臺南市","安南區","120.205","23.035","430"
"843","135997","20221102075000","823","1","臺南市","永康區","120.220","23.020","844"
"753","135998","20221102075000","603","2","臺南市","北區","120.195","23.010","895"
"693","135999","20221102075000","1018","0","臺南市","北區","120.205","23.010","720"
"1599","136000","20221102075000","1842","0","臺南市","北區","120.195","23.015","1949"
"632","136001","20221102075000","699","0","臺南市","北區","120.200","23.015","752"
"379","136002","20221102075000","343","1","臺南市","北區","120.195","23.005","514"
"1124","136005","20221102075000","995","1","臺南市","南區","120.190","22.985","1267"
"35","136006","20221102075000","161","0","臺南市","南區","120.210","22.975","26"
"607","136008","20221102075000","425","2","臺南市","北區","120.185","23.010","563"
"596","136009","20221102075000","741","0","臺南市","北區","120.190","23.010","551"
"167","136012","20221102075000","868","0","臺南市","永康區","120.270","23.010","167"
"1284","136013","20221102075000","1299","0","臺南市","中西區","120.195","22.990","1633"
"1012","136014","20221102075000","872","1","臺南市","仁德區","120.255","22.975","961"
"116","136018","20221102075000","166","0","臺南市","仁德區","120.255","22.980","93"
"589","136020","20221102075000","352","3","臺南市","北區","120.200","23.010","524"
"301","136021","20221102075000","643","0","臺南市","北區","120.200","23.020","306"
"836","136022","20221102075000","920","0","臺南市","北區","120.205","23.015","786"
"1883","136023","20221102075000","1111","3","臺南市","北區","120.210","23.015","1880"
"245","136025","20221102075000","172","2","臺南市","北區","120.205","23.020","220"
"631","136030","20221102075000","498","2","臺南市","永康區","120.275","23.030","569"
"1551","136034","20221102075000","1241","2","臺南市","永康區","120.235","23.020","1487"
"247","136035","20221102075000","438","0","臺南市","永康區","120.240","23.020","385"
"495","136036","20221102075000","646","0","臺南市","永康區","120.245","23.020","474"
"356","136037","20221102075000","2308","0","臺南市","永康區","120.250","23.020","124"
"945","136042","20221102075000","907","1","臺南市","永康區","120.250","23.025","700"
"691","136043","20221102075000","384","3","臺南市","關廟區","120.330","22.955","620"
"465","136044","20221102075000","321","2","臺南市","關廟區","120.330","22.960","453"
"40","136047","20221102075000","109","0","臺南市","關廟區","120.340","22.970","40"
"646","136049","20221102075000","574","1","臺南市","關廟區","120.335","22.960","498"
"323","136054","20221102075000","233","2","臺南市","關廟區","120.345","22.965","448"
"36","136056","20221102075000","35","1","臺南市","關廟區","120.355","22.965","34"
"2121","136059","20221102075000","1239","3","臺南市","北區","120.205","23.005","1969"
"576","136061","20221102075000","847","0","臺南市","南區","120.200","22.970","718"
"462","136062","20221102075000","531","0","臺南市","中西區","120.205","22.990","583"
"153","136063","20221102075000","1109","0","臺南市","中西區","120.200","22.985","214"
"540","136064","20221102075000","1486","0","臺南市","中西區","120.200","22.990","603"
"731","136065","20221102075000","734","0","臺南市","中西區","120.200","22.995","899"
"435","136067","20221102075000","426","1","臺南市","永康區","120.270","22.995","429"
"71","136070","20221102075000","963","0","臺南市","永康區","120.265","23.005","71"
"1693","136071","20221102075000","1700","0","臺南市","永康區","120.255","23.030","1594"
"191","136072","20221102075000","394","0","臺南市","關廟區","120.335","22.955","191"
"487","136080","20221102075000","321","3","臺南市","關廟區","120.325","22.955","446"
"401","136081","20221102075000","537","0","臺南市","關廟區","120.315","22.960","497"
"1099","136083","20221102075000","530","3","臺南市","關廟區","120.325","22.960","951"
"201","136085","20221102075000","125","3","臺南市","東區","120.220","22.990","230"
"2946","136087","20221102075000","2374","2","臺南市","東區","120.225","22.985","2456"
"1069","136088","20221102075000","1096","0","臺南市","東區","120.230","22.990","1339"
"1947","136089","20221102075000","1746","1","臺南市","東區","120.230","22.995","1700"
"637","136090","20221102075000","644","0","臺南市","東區","120.235","22.995","883"
"1261","136091","20221102075000","863","2","臺南市","北區","120.220","23.000","1162"
"628","136093","20221102075000","431","2","臺南市","中西區","120.180","23.005","616"
"1764","136094","20221102075000","1833","0","臺南市","中西區","120.185","23.005","1860"
"2260","136095","20221102075000","1469","3","臺南市","北區","120.225","23.005","1976"
"345","136096","20221102075000","368","0","臺南市","北區","120.225","23.000","496"
"139","136100","20221102075000","87","3","臺南市","仁德區","120.235","22.950","113"
"183","136101","20221102075000","170","1","臺南市","仁德區","120.235","22.955","145"
"994","136102","20221102075000","952","1","臺南市","仁德區","120.230","22.955","1073"
"306","136104","20221102075000","186","3","臺南市","仁德區","120.240","22.955","247"
"1829","136105","20221102075000","1385","2","臺南市","仁德區","120.255","22.955","1679"
"274","136109","20221102075000","304","0","臺南市","仁德區","120.250","22.955","281"
"41","136111","20221102075000","30","2","臺南市","仁德區","120.265","22.955","35"
"98","136113","20221102075000","696","0","臺南市","仁德區","120.265","22.960","98"
"940","136115","20221102075000","664","2","臺南市","北區","120.220","23.010","761"
"299","136118","20221102075000","1207","0","臺南市","中西區","120.210","22.995","335"
"465","136119","20221102075000","1062","0","臺南市","中西區","120.210","22.990","623"
"823","136120","20221102075000","1546","0","臺南市","北區","120.205","23.000","1085"
"1631","136122","20221102075000","1307","2","臺南市","東區","120.225","22.965","1710"
"922","136123","20221102075000","793","1","臺南市","東區","120.220","22.970","1118"
"119","136124","20221102075000","828","0","臺南市","東區","120.225","22.970","119"
"1293","136125","20221102075000","1790","0","臺南市","東區","120.225","22.990","1143"
"552","136126","20221102075000","673","0","臺南市","東區","120.235","22.990","668"
"1120","136128","20221102075000","890","2","臺南市","東區","120.245","22.990","1125"
"245","136131","20221102075000","315","0","臺南市","歸仁區","120.275","22.960","263"
"536","136132","20221102075000","336","3","臺南市","歸仁區","120.280","22.960","450"
"48","136145","20221102075000","609","0","臺南市","南區","120.205","22.980","31"
"661","136146","20221102075000","1246","0","臺南市","南區","120.210","22.980","790"
"618","136147","20221102075000","490","2","臺南市","安平區","120.165","22.990","581"
"15","136148","20221102075000","74","0","臺南市","永康區","120.245","22.995","15"
"779","136149","20221102075000","602","2","臺南市","永康區","120.245","23.005","783"
"1455","136151","20221102075000","1026","2","臺南市","永康區","120.245","23.010","1237"
"128","136152","20221102075000","931","0","臺南市","永康區","120.250","23.010","128"
"132","136155","20221102075000","62","3","臺南市","關廟區","120.320","22.970","202"
"166","136163","20221102075000","87","3","臺南市","關廟區","120.310","22.980","117"
"1452","136181","20221102075000","1245","1","臺南市","北區","120.200","23.000","1869"
"58","136182","20221102075000","84","0","臺南市","南區","120.195","22.985","50"
"497","136184","20221102075000","284","3","臺南市","仁德區","120.225","22.960","421"
"226","136185","20221102075000","272","0","臺南市","東區","120.230","22.960","310"
"42","136186","20221102075000","54","0","臺南市","歸仁區","120.275","22.995","42"
"323","136188","20221102075000","362","0","臺南市","歸仁區","120.275","23.000","374"
"224","136195","20221102075000","246","0","臺南市","歸仁區","120.290","22.995","310"
"69","136196","20221102075000","327","0","臺南市","歸仁區","120.295","22.995","69"
"1508","136199","20221102075000","1253","2","臺南市","北區","120.210","23.005","1932"
"1325","136200","20221102075000","956","2","臺南市","東區","120.215","22.995","1670"
"563","136229","20221102075000","424","2","臺南市","安南區","120.195","23.030","493"
"705","136230","20221102075000","844","0","臺南市","安南區","120.195","23.035","891"
"491","136231","20221102075000","404","2","臺南市","南區","120.190","22.965","433"
"13","136248","20221102075000","18","0","臺南市","左鎮區","120.405","22.995","13"
"52","136271","20221102075000","58","0","臺南市","左鎮區","120.420","23.010","56"
"37","136316","20221102075000","75","0","臺南市","左鎮區","120.395","23.010","34"
"37","136343","20221102075000","24","3","臺南市","左鎮區","120.385","23.035","44"
"3304","136422","20221102075000","3309","0","臺南市","東區","120.235","22.985","3042"
"897","136423","20221102075000","715","2","臺南市","東區","120.215","22.990","1162"
"444","136430","20221102075000","519","0","臺南市","歸仁區","120.285","22.980","507"
"268","136438","20221102075000","147","3","臺南市","歸仁區","120.280","22.990","201"
"392","136444","20221102075000","390","1","臺南市","歸仁區","120.295","22.975","407"
"597","136452","20221102075000","395","3","臺南市","歸仁區","120.285","22.960","531"
"817","136453","20221102075000","372","3","臺南市","歸仁區","120.280","22.965","645"
"79","136454","20221102075000","49","3","臺南市","歸仁區","120.285","22.965","79"
"586","136455","20221102075000","616","0","臺南市","歸仁區","120.285","22.970","672"
"37","136457","20221102075000","597","0","臺南市","仁德區","120.270","22.970","37"
"760","136458","20221102075000","944","0","臺南市","歸仁區","120.275","22.970","938"
"333","136459","20221102075000","312","1","臺南市","歸仁區","120.280","22.970","350"
"465","136460","20221102075000","313","2","臺南市","南區","120.200","22.975","365"
"707","136461","20221102075000","380","3","臺南市","南區","120.195","22.960","660"
"1735","136462","20221102075000","1685","1","臺南市","南區","120.190","22.980","1978"
"280","136475","20221102075000","306","0","臺南市","安南區","120.130","23.015","370"
"120","136483","20221102075000","64","3","臺南市","安南區","120.135","23.020","88"
"693","136490","20221102075000","526","2","臺南市","安南區","120.185","23.025","829"
"408","136495","20221102075000","416","0","臺南市","東區","120.235","22.980","409"
"286","136496","20221102075000","233","2","臺南市","永康區","120.255","23.010","249"
"948","136497","20221102075000","1036","0","臺南市","永康區","120.255","23.015","836"
"468","136498","20221102075000","588","0","臺南市","永康區","120.260","23.015","383"
"40","136501","20221102075000","308","0","臺南市","永康區","120.280","23.010","40"
"108","136503","20221102075000","502","0","臺南市","永康區","120.270","23.015","108"
"1142","136507","20221102075000","803","2","臺南市","永康區","120.275","23.020","1085"
"98","136508","20221102075000","650","0","臺南市","永康區","120.280","23.020","19"
"110","136509","20221102075000","1532","0","臺南市","安平區","120.175","22.995","89"
"321","136512","20221102075000","247","2","臺南市","安南區","120.160","23.005","247"
"865","136513","20221102075000","618","2","臺南市","安平區","120.190","22.990","871"
"281","136515","20221102075000","420","0","臺南市","永康區","120.220","23.030","341"
"416","136516","20221102075000","452","0","臺南市","東區","120.245","22.980","507"
"532","136517","20221102075000","679","0","臺南市","仁德區","120.250","22.980","643"
"2766","136518","20221102075000","1849","2","臺南市","東區","120.215","22.980","2585"
"1729","136520","20221102075000","2051","0","臺南市","東區","120.245","22.985","1716"
"936","136521","20221102075000","849","1","臺南市","仁德區","120.250","22.985","1066"
"587","136523","20221102075000","726","0","臺南市","安平區","120.160","22.990","753"
"403","136525","20221102075000","441","0","臺南市","安平區","120.160","22.995","528"
"728","136532","20221102075000","796","0","臺南市","安平區","120.165","22.985","925"
"1001","136533","20221102075000","579","3","臺南市","安平區","120.170","22.985","972"
"656","136534","20221102075000","711","0","臺南市","安平區","120.175","22.985","636"
"1349","136535","20221102075000","858","3","臺南市","安平區","120.170","22.990","1254"
"962","136536","20221102075000","830","1","臺南市","安平區","120.175","22.990","942"
"256","136539","20221102075000","332","0","臺南市","安平區","120.150","22.995","353"
"212","136541","20221102075000","234","0","臺南市","安平區","120.145","23.000","320"
"37","136542","20221102075000","148","0","臺南市","安平區","120.150","23.000","32"
"312","136543","20221102075000","264","1","臺南市","安平區","120.155","23.000","393"
"183","136544","20221102075000","190","0","臺南市","安平區","120.160","23.000","230"
"819","136545","20221102075000","1476","0","臺南市","東區","120.240","22.980","896"
"599","136546","20221102075000","471","2","臺南市","東區","120.225","22.995","543"
"1238","136547","20221102075000","1298","0","臺南市","東區","120.235","22.965","1308"
"866","136548","20221102075000","853","1","臺南市","東區","120.220","22.975","890"
"482","136549","20221102075000","550","0","臺南市","歸仁區","120.300","22.960","488"
"88","136550","20221102075000","87","1","臺南市","歸仁區","120.305","22.960","88"
"703","136553","20221102075000","560","2","臺南市","歸仁區","120.285","23.005","597"
"154","136560","20221102075000","1523","0","臺南市","南區","120.195","22.975","149"
"308","136561","20221102075000","1764","0","臺南市","永康區","120.240","23.015","295"
"784","136562","20221102075000","625","2","臺南市","永康區","120.245","23.015","703"
"670","136563","20221102075000","804","0","臺南市","永康區","120.250","23.015","593"
"1689","136564","20221102075000","924","3","臺南市","永康區","120.230","23.005","1438"
"1495","136565","20221102075000","2399","0","臺南市","永康區","120.235","23.000","1816"
"1398","136566","20221102075000","1659","0","臺南市","北區","120.230","23.000","1020"
"666","136567","20221102075000","1092","0","臺南市","永康區","120.270","23.005","703"
"1097","136568","20221102075000","977","1","臺南市","永康區","120.265","23.010","916"
"192","136570","20221102075000","1177","0","臺南市","永康區","120.265","23.020","192"
"30","136572","20221102075000","451","0","臺南市","永康區","120.260","22.995","30"
"688","136573","20221102075000","679","1","臺南市","永康區","120.265","23.000","620"
"527","136574","20221102075000","458","1","臺南市","安南區","120.200","23.025","451"
"1222","136575","20221102075000","660","3","臺南市","安南區","120.205","23.025","1029"
"1018","136576","20221102075000","751","2","臺南市","安南區","120.210","23.025","1003"
"2384","136577","20221102075000","2086","1","臺南市","北區","120.225","23.010","2555"
"1449","136578","20221102075000","1340","1","臺南市","北區","120.215","23.010","1428"
"1341","136579","20221102075000","814","3","臺南市","北區","120.215","23.015","1345"
"215","136580","20221102075000","379","0","臺南市","南化區","120.495","23.030","155"
"63","136584","20221102075000","16","3","臺南市","南化區","120.500","23.035","47"
"52","136586","20221102075000","25","3","臺南市","南化區","120.465","23.040","30"
"39","136602","20221102075000","24","3","臺南市","南化區","120.465","23.010","37"
"860","136671","20221102075000","907","0","臺南市","中西區","120.170","23.000","1190"
"183","136672","20221102075000","1631","0","臺南市","中西區","120.175","23.000","179"
"316","136674","20221102075000","659","0","臺南市","中西區","120.185","23.000","401"
"1287","136675","20221102075000","1691","0","臺南市","安平區","120.165","22.995","1745"
"475","136676","20221102075000","442","1","臺南市","安平區","120.170","22.995","487"
"1730","136677","20221102075000","1401","2","臺南市","安平區","120.185","22.990","1693"
"268","136678","20221102075000","278","0","臺南市","安平區","120.180","22.995","268"
"931","136679","20221102075000","1262","0","臺南市","安平區","120.185","22.995","1118"
"527","136680","20221102075000","844","0","臺南市","安平區","120.180","22.985","573"
"2039","136681","20221102075000","1356","3","臺南市","安平區","120.180","22.990","1905"
"35","136684","20221102075000","520","0","臺南市","安南區","120.190","23.040","23"
"258","136690","20221102075000","316","0","臺南市","南區","120.215","22.955","287"
"432","136695","20221102075000","361","1","臺南市","南區","120.210","22.965","414"
"901","136696","20221102075000","838","1","臺南市","南區","120.215","22.965","765"
"834","136697","20221102075000","1796","0","臺南市","南區","120.185","22.965","946"
"497","136701","20221102075000","483","1","臺南市","南區","120.170","22.955","621"
"207","136709","20221102075000","114","3","臺南市","南區","120.165","22.965","246"
"681","136712","20221102075000","496","2","臺南市","仁德區","120.220","22.955","548"
"442","136717","20221102075000","295","2","臺南市","仁德區","120.255","22.965","362"
"218","136718","20221102075000","275","0","臺南市","仁德區","120.260","22.965","234"
"47","136720","20221102075000","345","0","臺南市","仁德區","120.270","22.965","47"
"286","136721","20221102075000","1237","0","臺南市","仁德區","120.255","22.970","286"
"662","136722","20221102075000","425","3","臺南市","仁德區","120.260","22.970","569"
"1848","136727","20221102075000","1694","1","臺南市","北區","120.220","23.005","2432"
"1330","136728","20221102075000","1433","0","臺南市","北區","120.200","23.005","1738"
"545","136732","20221102075000","410","2","臺南市","仁德區","120.260","22.985","523"
"1085","136738","20221102075000","710","3","臺南市","仁德區","120.260","22.990","1035"
"30","136741","20221102075000","70","0","臺南市","仁德區","120.265","22.995","24"
"458","136752","20221102075000","182","3","臺南市","安南區","120.185","23.035","392"
"640","136755","20221102075000","580","1","臺南市","安南區","120.185","23.040","525"
"2811","136756","20221102075000","2429","1","臺南市","中西區","120.205","22.995","2925"
"442","136758","20221102075000","643","0","臺南市","永康區","120.250","23.000","526"
"319","136763","20221102075000","361","0","臺南市","安南區","120.200","23.040","398"
"968","136764","20221102075000","2491","0","臺南市","安南區","120.190","23.025","1034"
"124","136765","20221102075000","144","0","臺南市","安南區","120.140","23.000","180"
"2382","136786","20221102075000","2497","0","臺南市","北區","120.210","23.000","2709"
"851","136787","20221102075000","550","3","臺南市","中西區","120.195","22.995","1007"
"1289","136788","20221102075000","838","3","臺南市","中西區","120.205","22.985","1110"
"998","136789","20221102075000","1472","0","臺南市","東區","120.225","22.980","1262"
"4784","136790","20221102075000","3637","2","臺南市","東區","120.220","22.985","5276"
"587","136791","20221102075000","574","1","臺南市","永康區","120.225","23.015","558"
"121","136792","20221102075000","1091","0","臺南市","永康區","120.240","23.005","121"
"215","136793","20221102075000","1150","0","臺南市","永康區","120.240","23.000","12"
"792","136794","20221102075000","1629","0","臺南市","永康區","120.235","23.010","920"
"970","136795","20221102075000","759","2","臺南市","永康區","120.245","23.000","1234"
"1709","136799","20221102075000","1909","0","臺南市","新化區","120.300","23.035","1908"
"757","136800","20221102075000","1191","0","臺南市","東區","120.215","22.975","924"
"678","136801","20221102075000","657","1","臺南市","東區","120.230","22.985","872"
"2005","136802","20221102075000","1722","1","臺南市","東區","120.230","22.975","2086"
"147","136803","20221102075000","338","0","臺南市","東區","120.225","22.975","147"
"332","136804","20221102075000","324","1","臺南市","東區","120.230","22.970","445"
"830","136805","20221102075000","1120","0","臺南市","東區","120.230","22.965","1166"
"619","136806","20221102075000","504","2","臺南市","南區","120.185","22.975","558"
"775","136808","20221102075000","967","0","臺南市","南區","120.210","22.970","979"
"491","136809","20221102075000","596","0","臺南市","東區","120.215","22.970","665"
"384","136812","20221102075000","305","2","臺南市","仁德區","120.245","22.955","353"
"152","136813","20221102075000","165","0","臺南市","仁德區","120.240","22.960","199"
"281","136814","20221102075000","134","3","臺南市","仁德區","120.245","22.960","241"
"268","136816","20221102075000","612","0","臺南市","仁德區","120.255","22.960","213"
"318","136817","20221102075000","383","0","臺南市","仁德區","120.240","22.965","400"
"40","136820","20221102075000","51","0","臺南市","仁德區","120.240","22.970","40"
"808","136821","20221102075000","501","3","臺南市","仁德區","120.245","22.970","775"
"626","136822","20221102075000","1015","0","臺南市","仁德區","120.250","22.970","741"
"937","136823","20221102075000","531","3","臺南市","仁德區","120.240","22.975","983"
"785","136824","20221102075000","1059","0","臺南市","仁德區","120.245","22.975","997"
"406","136825","20221102075000","505","0","臺南市","仁德區","120.250","22.975","519"
"2146","136826","20221102075000","2446","0","臺南市","北區","120.215","23.005","2674"
"51","136851","20221102075000","195","0","高雄市","內門區","120.445","22.975","35"
"165","136939","20221102075000","38","3","高雄市","內門區","120.435","22.955","105"
"64","136953","20221102075000","58","1","高雄市","內門區","120.465","23.000","60"
"85","136958","20221102075000","184","0","高雄市","內門區","120.470","22.960","121"
"105","136970","20221102075000","65","3","高雄市","內門區","120.465","22.975","86"
"43","136996","20221102075000","50","0","高雄市","內門區","120.495","22.955","40"
"63","137008","20221102075000","114","0","高雄市","內門區","120.490","22.970","84"
"94","137020","20221102075000","82","1","高雄市","內門區","120.510","22.980","103"
"189","137023","20221102075000","246","0","高雄市","內門區","120.500","22.985","243"
"29","137048","20221102075000","83","0","高雄市","六龜區","120.660","23.005","16"
"74","137056","20221102075000","118","0","高雄市","六龜區","120.665","23.010","66"
"22","137071","20221102075000","75","0","臺南市","龍崎區","120.350","22.955","22"
"19","137124","20221102075000","17","1","臺南市","龍崎區","120.385","23.005","25"
"109","137130","20221102075000","79","2","臺南市","關廟區","120.370","22.960","94"
"313","137196","20221102075000","762","0","臺南市","安南區","120.190","23.020","278"
"28","137197","20221102075000","42","0","臺南市","南區","120.195","22.965","26"
"85","137201","20221102075000","197","0","臺南市","歸仁區","120.295","22.960","85"
"428","137202","20221102075000","621","0","臺南市","永康區","120.255","23.005","323"
"162","137251","20221102075000","227","0","高雄市","內門區","120.485","23.015","177"
"35","137259","20221102075000","24","2","高雄市","內門區","120.480","22.965","33"
"178","137275","20221102075000","95","3","高雄市","內門區","120.510","23.015","96"
"111","137311","20221102075000","79","2","高雄市","六龜區","120.650","22.975","146"
"513","137325","20221102075000","797","0","高雄市","六龜區","120.660","22.985","606"
"157","137409","20221102075000","99","3","高雄市","六龜區","120.640","22.990","138"
"159","137466","20221102075000","176","0","高雄市","六龜區","120.660","23.035","163"
"831","137491","20221102075000","834","0","高雄市","六龜區","120.635","22.995","882"
"184","137494","20221102075000","167","1","臺南市","安平區","120.165","23.000","209"
"309","137502","20221102075000","235","2","臺南市","安平區","120.150","22.990","239"
"590","137506","20221102075000","405","2","臺南市","永康區","120.260","23.020","508"
"350","137507","20221102075000","432","0","臺南市","永康區","120.250","23.030","473"
"163","137585","20221102075000","83","3","臺東縣","鹿野鄉","121.140","22.975","156"
"130","137592","20221102075000","145","0","臺東縣","鹿野鄉","121.140","22.985","161"
"90","137600","20221102075000","68","2","臺東縣","鹿野鄉","121.155","22.950","69"
"280","137609","20221102075000","342","0","臺東縣","鹿野鄉","121.155","22.955","348"
"297","137617","20221102075000","478","0","高雄市","旗山區","120.510","22.955","413"
"54","137618","20221102075000","102","0","高雄市","旗山區","120.515","22.955","94"
"277","137627","20221102075000","293","0","高雄市","旗山區","120.515","22.970","234"
"1004","137638","20221102075000","2247","0","臺南市","歸仁區","120.290","22.965","794"
"69","137642","20221102075000","261","0","臺南市","永康區","120.275","23.035","61"
"68","137643","20221102075000","502","0","臺南市","永康區","120.280","23.035","68"
"22","137645","20221102075000","19","1","臺南市","永康區","120.275","23.040","21"
"600","137648","20221102075000","367","3","臺南市","新化區","120.305","23.030","615"
"758","137649","20221102075000","574","2","臺南市","永康區","120.240","23.010","692"
"1350","137650","20221102075000","1071","2","臺南市","永康區","120.215","23.020","1292"
"706","137651","20221102075000","384","3","臺南市","北區","120.220","23.015","678"
"13","138036","20221102075000","66","0","臺東縣","成功鎮","121.315","22.990","14"
"104","138047","20221102075000","53","3","臺東縣","成功鎮","121.320","23.005","118"
"66","138061","20221102075000","46","2","臺東縣","成功鎮","121.325","23.020","62"
"178","138079","20221102075000","206","0","臺東縣","成功鎮","121.335","23.030","221"
"441","138095","20221102075000","140","3","臺東縣","關山鎮","121.170","23.040","551"
"120","138110","20221102075000","77","3","臺東縣","關山鎮","121.145","23.005","118"
"123","138197","20221102075000","129","0","臺東縣","關山鎮","121.175","23.015","134"
"40","138230","20221102075000","70","0","臺東縣","關山鎮","121.185","23.025","77"
"97","138241","20221102075000","45","3","臺東縣","鹿野鄉","121.130","22.955","72"
"169","138251","20221102075000","200","0","臺東縣","鹿野鄉","121.120","22.970","220"
"152","138278","20221102075000","117","2","臺東縣","鹿野鄉","121.150","22.980","179"
"160","138324","20221102075000","766","0","臺南市","新化區","120.300","23.020","160"
"532","138325","20221102075000","235","3","臺南市","新化區","120.305","23.020","555"
"338","138337","20221102075000","358","0","臺南市","安南區","120.125","23.035","374"
"181","138363","20221102075000","125","2","臺南市","安南區","120.140","23.030","142"
"633","138367","20221102075000","573","1","臺南市","安南區","120.160","23.030","725"
"308","138369","20221102075000","322","0","臺南市","安南區","120.135","23.035","361"
"188","138375","20221102075000","176","1","臺南市","安南區","120.140","23.040","260"
"613","138376","20221102075000","832","0","臺南市","安南區","120.145","23.040","703"
"471","138377","20221102075000","510","0","臺南市","安南區","120.150","23.040","577"
"419","138378","20221102075000","351","1","臺南市","安南區","120.155","23.040","531"
"51","138379","20221102075000","33","3","臺南市","安南區","120.160","23.040","62"
"33","138760","20221102075000","28","1","高雄市","桃源區","120.715","23.035","34"
"2441","138833","20221102075000","1668","2","臺南市","永康區","120.260","23.025","2115"
"22","138836","20221102075000","350","0","臺南市","永康區","120.265","23.030","22"
"797","138838","20221102075000","631","2","臺南市","永康區","120.265","23.035","684"
"175","138839","20221102075000","408","0","臺南市","永康區","120.265","23.040","175"
"13","138840","20221102075000","12","1","臺南市","新化區","120.285","23.035","11"
"85","138842","20221102075000","85","1","臺南市","永康區","120.280","23.040","91"
"68","138843","20221102075000","479","0","臺南市","新化區","120.300","23.040","68"
"38","138851","20221102075000","15","3","臺南市","新化區","120.375","23.010","59"
"25","138856","20221102075000","12","3","臺南市","新化區","120.365","23.010","37"
"196","138868","20221102075000","935","0","臺南市","新化區","120.305","23.040","19"
"127","138909","20221102075000","270","0","臺南市","新化區","120.325","23.025","127"
"220","138910","20221102075000","31","3","臺南市","新化區","120.330","23.025","166"
"14","138911","20221102075000","104","0","臺南市","新化區","120.335","23.025","14"
"379","138917","20221102075000","2199","0","臺南市","新化區","120.310","23.035","19"
"2025","138922","20221102075000","1541","2","臺南市","東區","120.220","22.980","2622"
"1520","138923","20221102075000","1082","2","臺南市","東區","120.235","22.970","1662"
"984","138926","20221102075000","1176","0","臺南市","永康區","120.230","23.035","1192"
"1773","138928","20221102075000","1247","2","臺南市","永康區","120.235","23.040","1670"
"1235","138932","20221102075000","1186","1","臺南市","永康區","120.240","23.035","1532"
"363","138933","20221102075000","481","0","臺南市","永康區","120.245","23.035","282"
"828","138935","20221102075000","713","1","臺南市","永康區","120.240","23.040","989"
"3320","138936","20221102075000","2033","3","臺南市","永康區","120.245","23.040","3293"
"137","138937","20221102075000","168","0","臺南市","永康區","120.250","23.040","194"
"35","138942","20221102075000","223","0","臺東縣","東河鄉","121.285","23.000","36"
"121","138962","20221102075000","113","1","臺東縣","東河鄉","121.280","23.020","138"
"23","138979","20221102075000","75","0","臺東縣","東河鄉","121.285","23.030","12"
"10","138995","20221102075000","11","0","臺東縣","東河鄉","121.290","23.040","15"
"21","139027","20221102075000","62","0","臺東縣","東河鄉","121.240","22.965","14"
"55","139039","20221102075000","13","3","臺東縣","東河鄉","121.280","22.955","53"
"58","139060","20221102075000","333","0","臺東縣","東河鄉","121.300","22.970","66"
"42","139073","20221102075000","32","2","臺東縣","東河鄉","121.300","22.985","41"
"39","139131","20221102075000","21","3","臺東縣","東河鄉","121.260","22.980","35"
"40","139146","20221102075000","32","2","臺東縣","東河鄉","121.265","22.985","30"
"204","139164","20221102075000","114","3","臺東縣","東河鄉","121.280","22.990","208"
"357","139299","20221102075000","104","3","臺南市","新化區","120.330","23.015","330"
"41","139305","20221102075000","402","0","臺南市","新化區","120.310","23.020","41"
"20","139307","20221102075000","203","0","臺南市","新化區","120.330","23.020","20"
"105","139318","20221102075000","145","0","臺南市","新化區","120.355","23.020","105"
"16","139335","20221102075000","117","0","臺南市","新化區","120.335","23.035","16"
"70","139336","20221102075000","34","3","臺南市","新化區","120.340","23.035","75"
"1836","139358","20221102075000","1256","2","臺南市","東區","120.220","22.995","1819"
"125","139360","20221102075000","317","0","臺南市","東區","120.215","23.000","76"
"708","139362","20221102075000","569","2","臺南市","東區","120.235","22.960","783"
"288","139635","20221102075000","345","0","高雄市","杉林區","120.540","22.970","345"
"147","139644","20221102075000","126","1","高雄市","杉林區","120.550","22.975","134"
"121","139672","20221102075000","115","1","高雄市","杉林區","120.565","22.985","124"
"10","139688","20221102075000","11","0","高雄市","杉林區","120.575","23.000","10"
"380","139718","20221102075000","369","1","高雄市","杉林區","120.540","22.965","477"
"37","139735","20221102075000","45","0","高雄市","杉林區","120.550","23.020","42"
"15","139762","20221102075000","13","1","高雄市","杉林區","120.535","23.035","17"
"46","139796","20221102075000","71","0","高雄市","杉林區","120.550","23.000","65"
"129","139852","20221102075000","172","0","高雄市","杉林區","120.585","22.995","111"
"116","139897","20221102075000","171","0","高雄市","杉林區","120.565","23.015","134"
"55","139960","20221102075000","51","1","高雄市","杉林區","120.550","23.040","65"
"10","143776","20221102075000","68","0","臺東縣","成功鎮","121.385","23.100","10"
"274","144971","20221102075000","248","1","臺南市","新市區","120.330","23.105","313"
"209","144982","20221102075000","861","0","臺南市","善化區","120.295","23.125","209"
"449","144986","20221102075000","320","2","臺南市","善化區","120.310","23.110","449"
"2987","144989","20221102075000","2641","1","臺南市","善化區","120.305","23.115","2263"
"441","144992","20221102075000","522","0","臺南市","善化區","120.320","23.115","477"
"506","144998","20221102075000","329","3","臺南市","善化區","120.310","23.125","288"
"1965","144999","20221102075000","1399","2","臺南市","善化區","120.315","23.125","1952"
"4251","145002","20221102075000","1896","3","臺南市","新市區","120.300","23.105","3582"
"3775","145007","20221102075000","2425","3","臺南市","善化區","120.295","23.115","3201"
"674","145022","20221102075000","520","2","臺南市","安定區","120.235","23.110","668"
"187","145025","20221102075000","267","0","臺南市","安定區","120.235","23.115","187"
"282","145026","20221102075000","907","0","臺南市","安定區","120.240","23.115","282"
"205","145031","20221102075000","142","2","臺南市","安定區","120.255","23.115","199"
"177","145032","20221102075000","269","0","臺南市","安定區","120.235","23.120","54"
"668","145050","20221102075000","629","1","臺南市","七股區","120.160","23.115","763"
"111","145054","20221102075000","87","2","臺南市","安南區","120.135","23.045","112"
"249","145055","20221102075000","239","1","臺南市","安南區","120.155","23.045","261"
"409","145067","20221102075000","1970","0","臺南市","安南區","120.195","23.045","338"
"14","145080","20221102075000","97","0","臺東縣","池上鄉","121.220","23.090","14"
"33","145103","20221102075000","23","2","臺東縣","池上鄉","121.220","23.100","36"
"61","145114","20221102075000","30","3","臺東縣","池上鄉","121.225","23.105","45"
"46","145631","20221102075000","47","0","臺東縣","海端鄉","121.145","23.045","71"
"274","145817","20221102075000","414","0","臺東縣","海端鄉","121.175","23.095","321"
"467","146199","20221102075000","526","0","臺南市","西港區","120.205","23.115","652"
"1598","146201","20221102075000","1386","1","臺南市","西港區","120.200","23.120","2026"
"209","146215","20221102075000","586","0","臺南市","西港區","120.180","23.115","195"
"34","146227","20221102075000","552","0","臺南市","安南區","120.215","23.045","29"
"1139","146231","20221102075000","562","3","臺南市","安南區","120.215","23.050","951"
"1193","146234","20221102075000","1252","0","臺南市","安南區","120.220","23.045","1619"
"371","146235","20221102075000","487","0","臺南市","安南區","120.225","23.045","554"
"205","146238","20221102075000","743","0","臺南市","安南區","120.235","23.050","960"
"157","146239","20221102075000","160","0","臺南市","永康區","120.240","23.050","213"
"218","146241","20221102075000","111","3","臺南市","安南區","120.235","23.055","160"
"1413","146244","20221102075000","1013","2","臺南市","安南區","120.230","23.060","1307"
"80","146245","20221102075000","71","1","臺南市","安南區","120.235","23.060","100"
"582","146251","20221102075000","706","0","臺南市","西港區","120.210","23.115","862"
"50","146265","20221102075000","59","0","臺南市","大內區","120.390","23.110","87"
"259","146341","20221102075000","223","1","臺南市","安南區","120.110","23.080","306"
"401","146347","20221102075000","830","0","臺南市","安南區","120.205","23.045","449"
"319","146348","20221102075000","469","0","臺南市","安南區","120.210","23.045","416"
"70","146361","20221102075000","72","0","臺南市","大內區","120.395","23.120","91"
"70","146366","20221102075000","55","2","臺南市","大內區","120.420","23.120","72"
"382","146385","20221102075000","321","1","臺南市","安南區","120.220","23.055","540"
"756","146387","20221102075000","936","0","臺南市","安南區","120.215","23.060","1029"
"418","146388","20221102075000","461","0","臺南市","安南區","120.220","23.060","556"
"1302","146390","20221102075000","1859","0","臺南市","安南區","120.225","23.065","1580"
"69","146400","20221102075000","51","2","臺南市","七股區","120.160","23.100","73"
"20","146423","20221102075000","29","0","臺南市","七股區","120.100","23.120","32"
"2071","146430","20221102075000","2006","1","臺南市","新市區","120.290","23.070","1979"
"2163","146432","20221102075000","1255","3","臺南市","新市區","120.290","23.080","1380"
"3286","146433","20221102075000","2791","1","臺南市","新市區","120.295","23.080","2865"
"74","146437","20221102075000","528","0","臺南市","新市區","120.290","23.055","74"
"828","146444","20221102075000","513","3","臺南市","新市區","120.300","23.060","736"
"649","146450","20221102075000","309","3","臺南市","新市區","120.295","23.065","547"
"1461","146460","20221102075000","917","3","臺南市","新市區","120.295","23.075","1223"
"610","146461","20221102075000","307","3","臺南市","新市區","120.300","23.075","501"
"416","146468","20221102075000","465","0","臺南市","新市區","120.300","23.085","430"
"451","146478","20221102075000","303","2","臺南市","新市區","120.325","23.070","404"
"62","146482","20221102075000","50","2","臺南市","新市區","120.320","23.075","60"
"1112","146495","20221102075000","1377","0","臺南市","新市區","120.280","23.060","1241"
"232","146505","20221102075000","133","3","臺南市","新市區","120.280","23.075","133"
"2832","146506","20221102075000","2680","1","臺南市","新市區","120.285","23.075","2595"
"73","146509","20221102075000","67","1","臺南市","新市區","120.285","23.080","107"
"1409","146513","20221102075000","909","3","臺南市","新市區","120.280","23.090","1261"
"209","146522","20221102075000","346","0","臺南市","新市區","120.255","23.090","209"
"31","146523","20221102075000","22","2","臺南市","新市區","120.260","23.090","18"
"657","146525","20221102075000","605","1","臺南市","新市區","120.270","23.090","650"
"1538","146526","20221102075000","1250","2","臺南市","新市區","120.275","23.090","1698"
"306","146529","20221102075000","262","1","臺南市","新市區","120.255","23.095","369"
"36","146532","20221102075000","39","0","臺南市","新市區","120.270","23.095","36"
"1710","146533","20221102075000","1471","1","臺南市","新市區","120.275","23.095","472"
"1044","146535","20221102075000","615","3","臺南市","新市區","120.250","23.100","1027"
"63","146536","20221102075000","102","0","臺南市","新市區","120.260","23.100","63"
"735","146537","20221102075000","717","1","臺南市","新市區","120.260","23.095","637"
"570","146541","20221102075000","555","1","臺南市","新市區","120.280","23.095","570"
"33","146542","20221102075000","120","0","臺南市","新市區","120.285","23.100","33"
"2461","146545","20221102075000","1913","2","臺南市","新市區","120.255","23.100","2032"
"46","146546","20221102075000","47","0","臺南市","善化區","120.260","23.105","36"
"26","146547","20221102075000","22","1","臺南市","新市區","120.265","23.100","27"
"465","146549","20221102075000","283","3","臺南市","新市區","120.275","23.100","462"
"473","146550","20221102075000","551","0","臺南市","新市區","120.280","23.100","436"
"992","146552","20221102075000","715","2","臺南市","新市區","120.265","23.105","929"
"1483","146554","20221102075000","1604","0","臺南市","新市區","120.275","23.105","1537"
"218","146562","20221102075000","289","0","臺南市","七股區","120.145","23.105","259"
"862","146587","20221102075000","436","3","臺南市","安定區","120.225","23.080","1231"
"1090","146590","20221102075000","510","3","臺南市","安定區","120.230","23.100","724"
"672","146602","20221102075000","607","1","臺南市","西港區","120.210","23.125","871"
"358","146614","20221102075000","226","3","臺南市","安南區","120.155","23.055","426"
"305","146615","20221102075000","132","3","臺南市","安南區","120.165","23.060","189"
"456","146616","20221102075000","479","0","臺南市","安南區","120.175","23.060","617"
"977","146621","20221102075000","905","1","臺南市","安南區","120.175","23.070","1211"
"476","146661","20221102075000","403","1","臺南市","安南區","120.130","23.070","560"
"18","146695","20221102075000","279","0","臺南市","安南區","120.095","23.060","15"
"284","146704","20221102075000","76","3","臺南市","山上區","120.355","23.085","368"
"191","146707","20221102075000","122","3","臺南市","山上區","120.345","23.090","133"
"250","146712","20221102075000","319","0","臺南市","山上區","120.355","23.095","165"
"159","146713","20221102075000","143","1","臺南市","山上區","120.360","23.095","168"
"281","146727","20221102075000","360","0","臺南市","山上區","120.340","23.110","320"
"79","146773","20221102075000","76","1","臺南市","山上區","120.405","23.105","96"
"191","146783","20221102075000","86","3","臺南市","山上區","120.365","23.075","101"
"17","146822","20221102075000","114","0","臺南市","左鎮區","120.365","23.065","61"
"85","146848","20221102075000","116","0","臺南市","左鎮區","120.400","23.055","96"
"212","146850","20221102075000","208","1","臺南市","左鎮區","120.410","23.055","255"
"143","146853","20221102075000","170","0","臺南市","左鎮區","120.390","23.060","183"
"162","146890","20221102075000","227","0","臺南市","安南區","120.160","23.065","201"
"453","146891","20221102075000","267","3","臺南市","安南區","120.160","23.070","352"
"348","146892","20221102075000","433","0","臺南市","安南區","120.165","23.070","480"
"184","146896","20221102075000","173","1","臺南市","安南區","120.200","23.075","251"
"57","146931","20221102075000","915","0","臺南市","安南區","120.130","23.060","56"
"76","146932","20221102075000","570","0","臺南市","安南區","120.135","23.060","62"
"26","146947","20221102075000","217","0","臺南市","安南區","120.115","23.055","15"
"616","146954","20221102075000","564","1","臺南市","安南區","120.125","23.060","689"
"524","146957","20221102075000","454","1","臺南市","安南區","120.125","23.065","646"
"866","146965","20221102075000","637","2","臺南市","山上區","120.355","23.105","914"
"42","146969","20221102075000","104","0","臺南市","山上區","120.370","23.080","175"
"54","146971","20221102075000","94","0","臺南市","山上區","120.380","23.080","67"
"31","146979","20221102075000","285","0","臺南市","安定區","120.235","23.100","31"
"1714","146988","20221102075000","1582","1","臺南市","永康區","120.255","23.045","1936"
"119","146992","20221102075000","76","3","臺南市","永康區","120.260","23.050","136"
"104","147017","20221102075000","120","0","臺南市","安南區","120.145","23.075","133"
"566","147019","20221102075000","551","1","臺南市","安南區","120.135","23.080","678"
"159","147031","20221102075000","154","1","臺南市","安定區","120.220","23.105","168"
"295","147043","20221102075000","476","0","臺南市","安定區","120.260","23.110","235"
"56","147044","20221102075000","38","2","臺南市","安定區","120.260","23.115","42"
"720","147045","20221102075000","741","0","臺南市","安定區","120.255","23.120","877"
"7056","147046","20221102075000","5764","2","臺南市","安定區","120.260","23.120","5927"
"22","147047","20221102075000","35","0","臺南市","安定區","120.265","23.120","22"
"37","147048","20221102075000","158","0","臺南市","安定區","120.250","23.125","37"
"536","147051","20221102075000","661","0","臺南市","安定區","120.240","23.095","536"
"808","147056","20221102075000","1212","0","臺南市","安定區","120.235","23.085","808"
"510","147068","20221102075000","1306","0","臺南市","安定區","120.235","23.095","510"
"110","147073","20221102075000","124","0","臺南市","安南區","120.180","23.045","128"
"1456","147074","20221102075000","1564","0","臺南市","安南區","120.185","23.045","1839"
"517","147075","20221102075000","596","0","臺南市","安南區","120.180","23.050","603"
"84","147083","20221102075000","195","0","臺南市","南化區","120.450","23.050","77"
"255","147121","20221102075000","222","1","臺南市","南化區","120.485","23.080","343"
"167","147153","20221102075000","187","0","臺南市","南化區","120.475","23.065","225"
"304","147170","20221102075000","247","2","臺南市","南化區","120.475","23.045","373"
"91","147181","20221102075000","102","0","臺南市","南化區","120.515","23.045","90"
"65","147248","20221102075000","60","1","臺南市","南化區","120.515","23.075","78"
"27","147252","20221102075000","30","0","臺南市","南化區","120.535","23.075","29"
"137","147257","20221102075000","81","3","臺南市","南化區","120.510","23.080","116"
"26","147271","20221102075000","37","0","臺南市","南化區","120.525","23.085","26"
"380","147381","20221102075000","270","2","臺南市","安南區","120.165","23.050","336"
"124","147382","20221102075000","386","0","臺南市","安南區","120.170","23.050","90"
"88","147391","20221102075000","35","3","臺東縣","池上鄉","121.205","23.100","57"
"225","147393","20221102075000","159","2","臺東縣","池上鄉","121.200","23.105","289"
"14","147394","20221102075000","10","2","臺東縣","池上鄉","121.205","23.105","21"
"95","147398","20221102075000","97","0","臺東縣","池上鄉","121.200","23.110","156"
"137","147404","20221102075000","107","2","臺東縣","池上鄉","121.200","23.115","96"
"310","147422","20221102075000","415","0","臺東縣","池上鄉","121.220","23.115","382"
"133","147425","20221102075000","68","3","臺東縣","池上鄉","121.210","23.120","82"
"337","147426","20221102075000","404","0","臺東縣","池上鄉","121.215","23.120","457"
"175","147427","20221102075000","949","0","臺東縣","池上鄉","121.220","23.120","194"
"22","147429","20221102075000","468","0","臺南市","安南區","120.120","23.075","15"
"122","147438","20221102075000","904","0","臺南市","安南區","120.205","23.050","89"
"927","147448","20221102075000","1066","0","臺南市","安南區","120.195","23.070","1233"
"571","147449","20221102075000","356","3","臺南市","安定區","120.200","23.070","577"
"1151","147457","20221102075000","868","2","臺南市","新市區","120.280","23.105","1061"
"2906","147458","20221102075000","1891","3","臺南市","善化區","120.265","23.110","2447"
"1162","147459","20221102075000","1149","1","臺南市","善化區","120.270","23.110","1133"
"1691","147460","20221102075000","1165","2","臺南市","善化區","120.275","23.110","1531"
"47","147461","20221102075000","29","3","臺南市","善化區","120.280","23.110","43"
"2007","147464","20221102075000","1388","2","臺南市","善化區","120.270","23.115","1931"
"2352","147465","20221102075000","2174","1","臺南市","善化區","120.275","23.115","2409"
"19","147466","20221102075000","25","0","臺南市","善化區","120.280","23.115","15"
"119","147467","20221102075000","116","1","臺南市","善化區","120.285","23.115","66"
"1043","147468","20221102075000","555","3","臺南市","善化區","120.270","23.120","753"
"19","147469","20221102075000","75","0","臺南市","善化區","120.275","23.120","19"
"1120","147475","20221102075000","798","2","臺南市","安南區","120.190","23.045","1470"
"70","147479","20221102075000","280","0","臺南市","安定區","120.215","23.075","60"
"525","147503","20221102075000","517","1","臺南市","大內區","120.370","23.115","675"
"133","147511","20221102075000","197","0","臺南市","安定區","120.205","23.080","133"
"118","147522","20221102075000","688","0","臺南市","安定區","120.210","23.090","166"
"41","147528","20221102075000","640","0","臺南市","安定區","120.215","23.095","77"
"984","147531","20221102075000","474","3","臺南市","安定區","120.210","23.095","764"
"1279","147539","20221102075000","521","3","臺南市","新市區","120.290","23.085","1617"
"1269","147540","20221102075000","713","3","臺南市","新市區","120.285","23.090","1063"
"1851","147548","20221102075000","1904","0","臺南市","新市區","120.290","23.100","1834"
"527","147550","20221102075000","370","2","臺南市","新市區","120.285","23.105","273"
"17","147563","20221102075000","24","0","臺南市","新市區","120.255","23.070","27"
"117","147564","20221102075000","187","0","臺南市","新市區","120.260","23.070","117"
"1086","147567","20221102075000","900","2","臺南市","新市區","120.250","23.075","1086"
"213","147570","20221102075000","216","0","臺南市","新市區","120.265","23.075","197"
"385","147571","20221102075000","298","2","臺南市","新市區","120.255","23.080","406"
"207","147576","20221102075000","154","2","臺南市","新市區","120.305","23.090","135"
"320","147580","20221102075000","509","0","臺南市","新市區","120.300","23.100","320"
"285","147587","20221102075000","277","1","臺南市","新市區","120.310","23.100","333"
"472","147594","20221102075000","481","0","臺南市","新市區","120.320","23.085","475"
"995","147598","20221102075000","729","2","臺南市","新市區","120.315","23.090","1040"
"136","147603","20221102075000","434","0","臺南市","新市區","120.320","23.095","136"
"45","147613","20221102075000","219","0","臺南市","安南區","120.165","23.045","28"
"491","147619","20221102075000","317","3","臺南市","安南區","120.170","23.045","392"
"248","147620","20221102075000","239","1","臺南市","安南區","120.175","23.045","336"
"652","147621","20221102075000","870","0","臺南市","安南區","120.175","23.050","802"
"97","147622","20221102075000","353","0","臺南市","安南區","120.175","23.055","78"
"104","147627","20221102075000","80","2","臺南市","七股區","120.120","23.095","124"
"83","147686","20221102075000","147","0","臺南市","七股區","120.075","23.125","100"
"67","147743","20221102075000","50","2","臺南市","七股區","120.050","23.080","78"
"83","147812","20221102075000","126","0","臺南市","七股區","120.090","23.095","102"
"595","147816","20221102075000","537","1","臺南市","七股區","120.110","23.095","738"
"56","147889","20221102075000","69","0","臺東縣","池上鄉","121.220","23.080","59"
"195","147906","20221102075000","125","3","臺東縣","池上鄉","121.230","23.120","174"
"182","147984","20221102075000","128","2","高雄市","甲仙區","120.585","23.080","134"
"208","147985","20221102075000","108","3","高雄市","甲仙區","120.590","23.080","189"
"36","147999","20221102075000","47","0","高雄市","甲仙區","120.610","23.110","45"
"16","148032","20221102075000","15","1","高雄市","甲仙區","120.630","23.115","16"
"145","148097","20221102075000","197","0","高雄市","六龜區","120.670","23.065","195"
"160","148126","20221102075000","83","3","高雄市","六龜區","120.675","23.080","117"
"524","148173","20221102075000","418","2","臺南市","安南區","120.205","23.060","687"
"761","148177","20221102075000","357","3","臺南市","安南區","120.220","23.070","654"
"368","148178","20221102075000","271","2","臺南市","安南區","120.225","23.070","301"
"151","148201","20221102075000","136","1","高雄市","六龜區","120.690","23.095","143"
"94","148224","20221102075000","159","0","高雄市","六龜區","120.690","23.105","150"
"107","148238","20221102075000","235","0","高雄市","六龜區","120.700","23.110","164"
"14","148255","20221102075000","19","0","高雄市","桃源區","120.710","23.115","12"
"99","148271","20221102075000","106","0","高雄市","六龜區","120.720","23.115","78"
"64","148275","20221102075000","50","2","高雄市","桃源區","120.745","23.115","48"
"35","148342","20221102075000","37","0","高雄市","六龜區","120.715","23.065","51"
"63","148372","20221102075000","65","0","臺南市","新化區","120.330","23.055","78"
"81","148373","20221102075000","90","0","臺南市","新化區","120.335","23.055","85"
"90","148376","20221102075000","60","3","臺南市","新化區","120.335","23.060","60"
"109","148377","20221102075000","102","1","臺南市","新化區","120.340","23.060","116"
"15","148378","20221102075000","17","0","臺南市","新化區","120.345","23.060","13"
"405","148380","20221102075000","434","0","臺南市","新化區","120.345","23.065","470"
"283","148386","20221102075000","223","2","臺南市","新化區","120.355","23.070","205"
"83","148418","20221102075000","92","0","臺東縣","池上鄉","121.235","23.120","125"
"64","148429","20221102075000","93","0","臺南市","玉井區","120.425","23.070","53"
"29","148453","20221102075000","73","0","臺南市","玉井區","120.430","23.085","31"
"26","148472","20221102075000","13","3","臺南市","玉井區","120.440","23.095","26"
"34","148477","20221102075000","37","0","臺南市","玉井區","120.450","23.090","39"
"136","148526","20221102075000","76","3","臺南市","玉井區","120.480","23.110","100"
"12","148531","20221102075000","12","1","臺南市","玉井區","120.505","23.110","14"
"1464","148561","20221102075000","1667","0","臺南市","玉井區","120.460","23.120","1854"
"451","148562","20221102075000","558","0","臺南市","玉井區","120.465","23.120","572"
"763","148578","20221102075000","730","1","臺南市","永康區","120.265","23.045","600"
"72","148580","20221102075000","637","0","臺南市","永康區","120.275","23.045","72"
"206","148582","20221102075000","339","0","臺南市","永康區","120.265","23.050","219"
"648","148583","20221102075000","344","3","臺南市","永康區","120.270","23.050","604"
"153","148584","20221102075000","122","2","臺南市","永康區","120.275","23.050","31"
"116","148586","20221102075000","259","0","臺南市","永康區","120.270","23.055","116"
"72","148590","20221102075000","412","0","臺南市","永康區","120.245","23.050","73"
"38","148592","20221102075000","97","0","臺南市","永康區","120.250","23.050","16"
"349","148594","20221102075000","196","3","臺南市","永康區","120.260","23.055","397"
"483","148600","20221102075000","460","1","臺南市","永康區","120.265","23.055","463"
"25","148632","20221102075000","23","1","臺東縣","成功鎮","121.355","23.120","43"
"412","148641","20221102075000","292","2","臺東縣","成功鎮","121.400","23.120","574"
"28","148653","20221102075000","19","2","臺東縣","成功鎮","121.355","23.105","27"
"121","148657","20221102075000","770","0","臺東縣","成功鎮","121.375","23.105","104"
"65","148690","20221102075000","57","1","臺東縣","成功鎮","121.340","23.045","93"
"30","148696","20221102075000","35","0","臺東縣","成功鎮","121.340","23.050","29"
"187","148718","20221102075000","114","3","臺東縣","成功鎮","121.345","23.065","199"
"155","148763","20221102075000","72","3","臺東縣","成功鎮","121.355","23.090","190"
"25","148769","20221102075000","15","3","臺東縣","成功鎮","121.345","23.095","28"
"29","148782","20221102075000","173","0","臺東縣","成功鎮","121.370","23.100","24"
"998","148784","20221102075000","549","3","臺東縣","成功鎮","121.380","23.100","933"
"389","148795","20221102075000","422","0","臺東縣","關山鎮","121.175","23.070","485"
"177","148817","20221102075000","99","3","臺東縣","關山鎮","121.175","23.080","110"
"22","148847","20221102075000","283","0","臺東縣","關山鎮","121.165","23.045","13"
"80","148852","20221102075000","1365","0","臺東縣","關山鎮","121.165","23.050","71"
"317","148873","20221102075000","418","0","臺東縣","關山鎮","121.165","23.055","463"
"482","148879","20221102075000","310","3","臺東縣","關山鎮","121.155","23.045","399"
"340","148883","20221102075000","514","0","高雄市","甲仙區","120.590","23.085","495"
"65","148899","20221102075000","63","1","高雄市","甲仙區","120.590","23.100","56"
"66","148910","20221102075000","53","2","高雄市","甲仙區","120.550","23.055","66"
"88","148925","20221102075000","98","0","高雄市","甲仙區","120.570","23.065","84"
"171","148938","20221102075000","125","2","高雄市","甲仙區","120.575","23.070","236"
"71","148960","20221102075000","70","1","高雄市","甲仙區","120.560","23.050","72"
"57","148978","20221102075000","363","0","臺南市","新化區","120.290","23.045","16"
"170","148986","20221102075000","104","3","臺南市","新化區","120.295","23.055","170"
"546","148988","20221102075000","211","3","臺南市","安南區","120.145","23.045","421"
"30","149026","20221102075000","28","1","高雄市","桃源區","120.720","23.050","28"
"21","149092","20221102075000","18","1","高雄市","桃源區","120.735","23.060","21"
"30","149159","20221102075000","24","2","高雄市","桃源區","120.755","23.070","30"
"282","149576","20221102075000","168","3","臺南市","新化區","120.295","23.045","270"
"129","149577","20221102075000","663","0","臺南市","新化區","120.300","23.045","129"
"114","149589","20221102075000","314","0","臺南市","永康區","120.235","23.045","101"
"2596","149590","20221102075000","1903","2","臺南市","永康區","120.240","23.045","3369"
"16","149592","20221102075000","21","0","臺南市","永康區","120.245","23.045","17"
"425","149593","20221102075000","288","2","臺南市","永康區","120.250","23.045","463"
"31","149614","20221102075000","38","0","臺南市","玉井區","120.460","23.100","51"
"111","149651","20221102075000","163","0","臺南市","玉井區","120.480","23.105","141"
"239","149654","20221102075000","1309","0","臺東縣","成功鎮","121.380","23.105","212"
"75","149658","20221102075000","47","3","臺東縣","東河鄉","121.285","23.045","79"
"70","149682","20221102075000","46","3","臺東縣","東河鄉","121.295","23.055","92"
"16","149761","20221102075000","14","1","臺東縣","東河鄉","121.295","23.080","18"
"13","149846","20221102075000","65","0","臺南市","新化區","120.370","23.045","13"
"54","149865","20221102075000","82","0","臺南市","新化區","120.310","23.045","50"
"319","149866","20221102075000","106","3","臺南市","新化區","120.315","23.045","311"
"45","149869","20221102075000","402","0","臺南市","新化區","120.315","23.050","45"
"117","149873","20221102075000","123","0","臺南市","新化區","120.325","23.055","172"
"24","149908","20221102075000","27","0","高雄市","甲仙區","120.600","23.085","31"
"754","149946","20221102075000","502","3","臺南市","善化區","120.270","23.125","715"
"629","149948","20221102075000","777","0","臺南市","大內區","120.355","23.120","709"
"151","154962","20221102075000","181","0","澎湖縣","七美鄉","119.415","23.195","204"
"1432","154965","20221102075000","672","3","臺南市","善化區","120.325","23.140","1016"
"243","154980","20221102075000","338","0","臺南市","善化區","120.325","23.135","405"
"1935","154984","20221102075000","1770","1","臺南市","善化區","120.300","23.130","2334"
"598","154985","20221102075000","499","1","臺南市","善化區","120.305","23.130","375"
"1144","154986","20221102075000","687","3","臺南市","善化區","120.310","23.130","811"
"39","154996","20221102075000","58","0","澎湖縣","七美鄉","119.435","23.200","93"
"31","155085","20221102075000","11","3","臺南市","西港區","120.230","23.135","25"
"211","155092","20221102075000","867","0","臺南市","麻豆區","120.220","23.190","211"
"600","155098","20221102075000","684","0","臺南市","麻豆區","120.245","23.190","330"
"215","155107","20221102075000","158","2","臺南市","佳里區","120.180","23.145","355"
"429","155111","20221102075000","547","0","臺南市","佳里區","120.175","23.150","581"
"247","155114","20221102075000","846","0","臺南市","佳里區","120.175","23.155","184"
"116","155129","20221102075000","699","0","臺南市","佳里區","120.195","23.190","137"
"65","155501","20221102075000","50","2","臺東縣","海端鄉","121.025","23.185","89"
"59","155650","20221102075000","61","0","臺東縣","海端鄉","121.180","23.130","77"
"50","155658","20221102075000","35","2","臺東縣","海端鄉","121.205","23.150","52"
"93","155664","20221102075000","86","1","臺東縣","海端鄉","121.190","23.155","87"
"43","155779","20221102075000","65","0","臺東縣","海端鄉","121.125","23.130","71"
"122","155786","20221102075000","36","3","臺東縣","海端鄉","121.160","23.130","73"
"13","155909","20221102075000","14","0","臺東縣","海端鄉","121.085","23.140","21"
"25","156049","20221102075000","70","0","臺東縣","海端鄉","121.030","23.165","34"
"52","156052","20221102075000","65","0","臺東縣","海端鄉","121.045","23.165","72"
"29","156083","20221102075000","52","0","臺東縣","海端鄉","121.045","23.170","26"
"85","156227","20221102075000","339","0","臺南市","西港區","120.180","23.130","87"
"367","156281","20221102075000","300","2","臺南市","佳里區","120.180","23.165","466"
"28","156284","20221102075000","279","0","臺南市","佳里區","120.180","23.170","27"
"53","156292","20221102075000","38","2","臺南市","佳里區","120.155","23.170","51"
"510","156302","20221102075000","644","0","臺南市","麻豆區","120.215","23.175","689"
"998","156306","20221102075000","678","2","臺南市","佳里區","120.160","23.160","811"
"1327","156309","20221102075000","1559","0","臺南市","佳里區","120.175","23.160","1672"
"3587","156314","20221102075000","3940","0","臺南市","佳里區","120.175","23.165","3855"
"223","156333","20221102075000","201","1","臺南市","七股區","120.140","23.140","298"
"394","156339","20221102075000","271","2","臺南市","七股區","120.150","23.150","334"
"202","156348","20221102075000","161","2","花蓮縣","富里鄉","121.255","23.180","192"
"279","156361","20221102075000","238","1","花蓮縣","富里鄉","121.275","23.190","285"
"61","156391","20221102075000","546","0","臺南市","西港區","120.220","23.140","76"
"508","156401","20221102075000","584","0","臺南市","麻豆區","120.240","23.155","664"
"48","156402","20221102075000","14","3","臺南市","麻豆區","120.240","23.160","31"
"102","156413","20221102075000","777","0","臺南市","麻豆區","120.275","23.190","102"
"427","156420","20221102075000","209","3","臺南市","麻豆區","120.270","23.195","323"
"262","156423","20221102075000","72","3","臺南市","麻豆區","120.285","23.195","169"
"130","156427","20221102075000","730","0","臺南市","麻豆區","120.230","23.180","130"
"172","156446","20221102075000","222","0","臺南市","大內區","120.415","23.150","221"
"24","156474","20221102075000","22","1","臺南市","大內區","120.410","23.165","19"
"11","156651","20221102075000","15","0","花蓮縣","富里鄉","121.280","23.130","11"
"626","156721","20221102075000","415","3","臺南市","善化區","120.270","23.145","651"
"215","156727","20221102075000","1223","0","臺南市","善化區","120.275","23.130","215"
"23","156730","20221102075000","23","1","臺南市","大內區","120.405","23.130","28"
"20","156736","20221102075000","22","0","臺南市","大內區","120.435","23.130","14"
"12","156743","20221102075000","44","0","臺南市","大內區","120.430","23.135","48"
"49","156744","20221102075000","90","0","臺南市","玉井區","120.435","23.135","73"
"2039","156753","20221102075000","735","3","臺南市","善化區","120.285","23.135","1227"
"148","156765","20221102075000","735","0","臺南市","善化區","120.290","23.135","75"
"116","156769","20221102075000","219","0","臺南市","善化區","120.315","23.155","116"
"1061","156781","20221102075000","702","3","臺南市","善化區","120.285","23.150","930"
"61","156784","20221102075000","298","0","臺南市","善化區","120.275","23.155","61"
"659","156792","20221102075000","666","0","臺南市","七股區","120.135","23.140","845"
"157","156851","20221102075000","297","0","臺南市","佳里區","120.155","23.180","245"
"522","156856","20221102075000","348","3","臺南市","佳里區","120.155","23.140","416"
"450","156864","20221102075000","523","0","臺南市","佳里區","120.185","23.145","558"
"195","156865","20221102075000","676","0","臺南市","佳里區","120.180","23.150","133"
"1247","156869","20221102075000","1296","0","臺南市","佳里區","120.180","23.155","1544"
"54","156870","20221102075000","152","0","臺南市","佳里區","120.185","23.155","58"
"578","156873","20221102075000","682","0","臺南市","佳里區","120.155","23.175","712"
"581","156909","20221102075000","348","3","臺南市","麻豆區","120.240","23.190","390"
"62","156922","20221102075000","366","0","臺南市","麻豆區","120.210","23.200","62"
"269","156941","20221102075000","350","0","臺南市","佳里區","120.190","23.190","368"
"600","156942","20221102075000","363","3","臺南市","佳里區","120.185","23.185","725"
"622","156974","20221102075000","792","0","臺南市","七股區","120.090","23.185","840"
"1059","156977","20221102075000","329","3","臺南市","西港區","120.200","23.140","760"
"1319","157009","20221102075000","1297","1","臺南市","麻豆區","120.240","23.185","1656"
"731","157010","20221102075000","1051","0","臺南市","麻豆區","120.250","23.185","741"
"216","157011","20221102075000","507","0","臺南市","麻豆區","120.255","23.185","19"
"49","157047","20221102075000","33","2","臺南市","六甲區","120.415","23.205","18"
"110","157077","20221102075000","74","2","臺南市","楠西區","120.505","23.140","101"
"477","157130","20221102075000","326","2","臺南市","將軍區","120.160","23.190","378"
"132","157174","20221102075000","524","0","臺南市","官田區","120.315","23.195","69"
"1136","157183","20221102075000","597","3","臺南市","安定區","120.245","23.130","1068"
"318","157184","20221102075000","462","0","臺南市","安定區","120.250","23.130","318"
"216","157198","20221102075000","203","1","花蓮縣","富里鄉","121.265","23.155","212"
"91","157258","20221102075000","182","0","臺南市","官田區","120.320","23.200","91"
"323","157259","20221102075000","389","0","臺南市","官田區","120.325","23.200","358"
"159","157263","20221102075000","187","0","臺南市","官田區","120.320","23.205","208"
"98","157312","20221102075000","228","0","臺南市","官田區","120.380","23.185","98"
"40","157333","20221102075000","211","0","臺南市","官田區","120.365","23.195","40"
"297","157334","20221102075000","239","2","臺南市","官田區","120.370","23.195","286"
"22","157335","20221102075000","108","0","臺南市","官田區","120.375","23.195","34"
"172","157360","20221102075000","647","0","臺南市","官田區","120.335","23.180","16"
"25","157361","20221102075000","548","0","臺南市","官田區","120.340","23.180","25"
"302","157382","20221102075000","89","3","臺南市","官田區","120.320","23.170","252"
"17","157394","20221102075000","184","0","臺南市","官田區","120.310","23.175","17"
"29","157399","20221102075000","179","0","臺南市","官田區","120.295","23.185","29"
"73","157419","20221102075000","382","0","臺南市","官田區","120.350","23.160","73"
"52","157422","20221102075000","47","1","臺南市","官田區","120.330","23.165","87"
"96","157424","20221102075000","425","0","臺南市","官田區","120.340","23.165","96"
"10","157437","20221102075000","42","0","臺南市","官田區","120.350","23.180","10"
"46","157463","20221102075000","28","3","臺南市","官田區","120.365","23.180","46"
"78","157477","20221102075000","311","0","臺南市","官田區","120.305","23.195","78"
"221","157478","20221102075000","676","0","臺南市","官田區","120.315","23.190","221"
"24","157597","20221102075000","35","0","臺南市","南化區","120.595","23.165","56"
"64","157624","20221102075000","49","2","臺南市","南化區","120.600","23.175","52"
"74","157646","20221102075000","82","0","臺南市","南化區","120.570","23.185","57"
"58","157733","20221102075000","373","0","臺南市","麻豆區","120.230","23.145","58"
"1483","157737","20221102075000","2173","0","臺南市","麻豆區","120.245","23.180","2201"
"138","157740","20221102075000","122","1","臺南市","麻豆區","120.240","23.195","222"
"837","157752","20221102075000","510","3","臺南市","麻豆區","120.260","23.185","566"
"213","157756","20221102075000","321","0","臺南市","麻豆區","120.265","23.190","313"
"191","157759","20221102075000","192","0","臺南市","麻豆區","120.255","23.190","231"
"53","157773","20221102075000","42","2","臺東縣","池上鄉","121.210","23.125","52"
"92","157789","20221102075000","86","1","臺東縣","池上鄉","121.200","23.140","94"
"60","157809","20221102075000","91","0","臺南市","善化區","120.275","23.145","60"
"322","157818","20221102075000","232","2","花蓮縣","卓溪鄉","121.225","23.160","285"
"130","157895","20221102075000","113","1","花蓮縣","富里鄉","121.250","23.200","123"
"479","157913","20221102075000","754","0","臺南市","善化區","120.295","23.135","515"
"71","157915","20221102075000","126","0","臺南市","善化區","120.305","23.135","99"
"743","157919","20221102075000","593","2","臺南市","善化區","120.305","23.140","964"
"1063","157924","20221102075000","444","3","臺南市","善化區","120.290","23.145","622"
"20","157933","20221102075000","13","3","臺南市","善化區","120.285","23.160","29"
"302","157961","20221102075000","544","0","臺南市","善化區","120.285","23.130","63"
"136","157991","20221102075000","89","3","花蓮縣","富里鄉","121.235","23.135","106"
"55","157998","20221102075000","69","0","花蓮縣","富里鄉","121.240","23.140","43"
"316","158028","20221102075000","239","2","花蓮縣","富里鄉","121.250","23.170","312"
"473","158030","20221102075000","411","1","花蓮縣","富里鄉","121.250","23.175","479"
"80","158032","20221102075000","55","2","花蓮縣","富里鄉","121.250","23.180","81"
"756","158045","20221102075000","493","3","臺南市","將軍區","120.140","23.205","937"
"1026","158058","20221102075000","1311","0","臺南市","將軍區","120.160","23.200","1307"
"213","158065","20221102075000","305","0","臺南市","七股區","120.135","23.130","288"
"333","158072","20221102075000","348","0","臺南市","七股區","120.110","23.145","417"
"19","158092","20221102075000","33","0","臺南市","七股區","120.130","23.185","29"
"40","158097","20221102075000","19","3","臺南市","七股區","120.145","23.180","27"
"368","158106","20221102075000","302","2","臺南市","佳里區","120.190","23.165","436"
"51","158107","20221102075000","508","0","臺南市","佳里區","120.195","23.165","49"
"309","158122","20221102075000","438","0","臺南市","佳里區","120.180","23.180","417"
"273","158126","20221102075000","411","0","臺南市","佳里區","120.175","23.185","375"
"44","158128","20221102075000","27","3","臺東縣","池上鄉","121.185","23.130","36"
"244","158181","20221102075000","260","0","臺南市","麻豆區","120.265","23.180","272"
"736","158192","20221102075000","684","1","臺南市","麻豆區","120.245","23.185","882"
"22","158195","20221102075000","160","0","臺南市","麻豆區","120.240","23.180","22"
"18","158363","20221102075000","23","0","高雄市","桃源區","120.790","23.185","15"
"92","158397","20221102075000","88","1","臺東縣","池上鄉","121.235","23.130","66"
"452","158398","20221102075000","364","2","臺南市","玉井區","120.470","23.130","572"
"46","158400","20221102075000","232","0","臺南市","玉井區","120.480","23.130","30"
"199","158410","20221102075000","187","1","臺南市","玉井區","120.440","23.135","237"
"61","158502","20221102075000","64","0","臺南市","楠西區","120.515","23.200","92"
"27","158508","20221102075000","29","0","臺南市","楠西區","120.545","23.205","32"
"731","158533","20221102075000","513","2","臺南市","楠西區","120.485","23.175","917"
"28","158546","20221102075000","277","0","臺南市","楠西區","120.485","23.170","23"
"40","158547","20221102075000","285","0","臺南市","楠西區","120.480","23.175","32"
"32","158550","20221102075000","219","0","臺南市","楠西區","120.480","23.185","35"
"45","158572","20221102075000","46","0","臺南市","楠西區","120.505","23.160","61"
"25","158634","20221102075000","26","0","臺南市","楠西區","120.560","23.180","28"
"17","158638","20221102075000","48","0","臺南市","楠西區","120.525","23.185","12"
"178","158670","20221102075000","86","3","臺南市","楠西區","120.465","23.190","178"
"122","158687","20221102075000","76","3","臺南市","楠西區","120.490","23.200","83"
"24","158849","20221102075000","206","0","臺東縣","成功鎮","121.400","23.155","28"
"91","158905","20221102075000","77","1","臺東縣","成功鎮","121.400","23.170","96"
"77","158933","20221102075000","109","0","臺東縣","成功鎮","121.395","23.180","128"
"101","159028","20221102075000","115","0","高雄市","甲仙區","120.635","23.150","118"
"16","159158","20221102075000","17","0","高雄市","三民區","120.660","23.200","17"
"23","159274","20221102075000","22","1","高雄市","桃源區","120.800","23.210","23"
"25","159434","20221102075000","53","0","高雄市","桃源區","120.755","23.145","31"
"165","159527","20221102075000","174","0","高雄市","桃源區","120.765","23.160","190"
"79","159574","20221102075000","92","0","高雄市","桃源區","120.770","23.165","78"
"13","159705","20221102075000","28","0","高雄市","桃源區","120.730","23.135","10"
"53","159707","20221102075000","37","2","高雄市","桃源區","120.740","23.135","47"
"194","159838","20221102075000","165","1","臺南市","官田區","120.350","23.150","238"
"181","159846","20221102075000","150","2","臺南市","大內區","120.365","23.155","268"
"262","159859","20221102075000","309","0","臺南市","大內區","120.380","23.145","383"
"52","159883","20221102075000","37","2","臺南市","大內區","120.370","23.160","65"
"362","159912","20221102075000","202","3","臺南市","麻豆區","120.225","23.175","138"
"640","159913","20221102075000","805","0","臺南市","麻豆區","120.220","23.180","657"
"656","159928","20221102075000","653","1","臺南市","麻豆區","120.255","23.180","749"
"318","159936","20221102075000","386","0","臺南市","善化區","120.315","23.145","72"
"425","159943","20221102075000","474","0","臺南市","善化區","120.300","23.150","649"
"98","159947","20221102075000","210","0","臺南市","善化區","120.265","23.130","17"
"624","159950","20221102075000","197","3","臺南市","善化區","120.260","23.135","376"
"115","161053","20221102075000","106","1","澎湖縣","七美鄉","119.430","23.215","140"
"112","162017","20221102075000","46","3","臺東縣","長濱鄉","121.415","23.235","101"
"211","164970","20221102075000","318","0","澎湖縣","七美鄉","119.425","23.205","309"
"28","164978","20221102075000","105","0","澎湖縣","望安鄉","119.670","23.245","52"
"434","165017","20221102075000","481","0","臺南市","學甲區","120.195","23.215","697"
"408","165030","20221102075000","494","0","臺南市","學甲區","120.195","23.230","523"
"33","165342","20221102075000","93","0","臺東縣","海端鄉","120.985","23.250","40"
"12","165457","20221102075000","44","0","臺東縣","海端鄉","120.990","23.270","47"
"49","165593","20221102075000","547","0","臺南市","下營區","120.240","23.220","49"
"55","165611","20221102075000","217","0","臺南市","下營區","120.240","23.235","55"
"1387","165635","20221102075000","1601","0","臺南市","下營區","120.265","23.240","1435"
"735","165652","20221102075000","650","1","臺南市","下營區","120.270","23.245","773"
"314","165697","20221102075000","211","2","花蓮縣","富里鄉","121.275","23.215","280"
"368","165713","20221102075000","312","1","臺南市","下營區","120.270","23.210","417"
"58","165716","20221102075000","30","3","花蓮縣","富里鄉","121.340","23.280","26"
"154","165718","20221102075000","138","1","花蓮縣","玉里鎮","121.345","23.285","176"
"197","165736","20221102075000","116","3","花蓮縣","玉里鎮","121.285","23.280","169"
"235","165743","20221102075000","119","3","花蓮縣","玉里鎮","121.280","23.285","202"
"115","165775","20221102075000","146","0","花蓮縣","富里鄉","121.290","23.240","129"
"47","165778","20221102075000","49","0","花蓮縣","富里鄉","121.305","23.240","41"
"155","165815","20221102075000","106","2","花蓮縣","富里鄉","121.295","23.255","119"
"57","165844","20221102075000","325","0","臺南市","新營區","120.265","23.270","57"
"328","165847","20221102075000","267","2","臺南市","新營區","120.275","23.275","244"
"28","165852","20221102075000","53","0","臺南市","六甲區","120.345","23.230","50"
"30","165853","20221102075000","178","0","臺南市","六甲區","120.335","23.235","30"
"926","165855","20221102075000","728","2","臺南市","北門區","120.135","23.240","1050"
"110","165858","20221102075000","166","0","臺南市","北門區","120.130","23.250","123"
"105","165860","20221102075000","612","0","臺南市","六甲區","120.350","23.225","105"
"302","165925","20221102075000","296","1","臺南市","六甲區","120.345","23.235","312"
"135","165938","20221102075000","94","2","臺南市","六甲區","120.340","23.250","158"
"20","165969","20221102075000","25","0","臺南市","六甲區","120.400","23.220","30"
"60","165999","20221102075000","400","0","臺南市","柳營區","120.315","23.275","60"
"83","166011","20221102075000","258","0","臺南市","柳營區","120.315","23.265","83"
"65","166028","20221102075000","298","0","臺南市","柳營區","120.295","23.275","65"
"12","166033","20221102075000","39","0","臺南市","柳營區","120.310","23.260","46"
"486","166037","20221102075000","213","3","臺南市","柳營區","120.305","23.280","439"
"205","166056","20221102075000","399","0","臺南市","柳營區","120.360","23.280","205"
"59","166064","20221102075000","197","0","臺南市","柳營區","120.380","23.285","59"
"390","166071","20221102075000","423","0","臺南市","六甲區","120.340","23.225","316"
"10","166073","20221102075000","11","0","臺南市","六甲區","120.310","23.245","10"
"52","166077","20221102075000","33","3","臺南市","六甲區","120.315","23.250","43"
"376","166081","20221102075000","336","1","臺南市","六甲區","120.310","23.255","406"
"73","166097","20221102075000","40","3","臺南市","北門區","120.110","23.260","71"
"111","166128","20221102075000","117","0","臺南市","北門區","120.140","23.265","132"
"160","166144","20221102075000","165","0","臺南市","學甲區","120.180","23.285","134"
"87","166153","20221102075000","331","0","臺南市","將軍區","120.165","23.220","78"
"53","166181","20221102075000","476","0","臺南市","北門區","120.095","23.230","41"
"955","166188","20221102075000","1073","0","臺南市","北門區","120.115","23.235","1075"
"191","166204","20221102075000","222","0","臺南市","下營區","120.275","23.215","191"
"30","166206","20221102075000","472","0","臺南市","下營區","120.270","23.220","30"
"665","166224","20221102075000","712","0","臺南市","北門區","120.135","23.280","823"
"680","166238","20221102075000","783","0","臺南市","北門區","120.125","23.270","907"
"64","166250","20221102075000","47","2","花蓮縣","富里鄉","121.315","23.220","73"
"236","166256","20221102075000","158","2","花蓮縣","富里鄉","121.275","23.225","248"
"168","166326","20221102075000","151","1","花蓮縣","富里鄉","121.305","23.255","189"
"150","166340","20221102075000","77","3","花蓮縣","富里鄉","121.305","23.265","155"
"81","166344","20221102075000","81","1","花蓮縣","富里鄉","121.300","23.270","100"
"20","166349","20221102075000","323","0","臺南市","官田區","120.320","23.210","20"
"32","166350","20221102075000","291","0","臺南市","官田區","120.325","23.210","32"
"303","166354","20221102075000","264","1","臺南市","官田區","120.320","23.215","372"
"106","166356","20221102075000","466","0","臺南市","官田區","120.330","23.215","106"
"23","166363","20221102075000","177","0","臺南市","官田區","120.340","23.220","23"
"191","166377","20221102075000","847","0","臺南市","官田區","120.310","23.215","15"
"298","166389","20221102075000","237","2","臺南市","官田區","120.360","23.210","401"
"242","166391","20221102075000","168","2","臺南市","官田區","120.370","23.210","384"
"224","166424","20221102075000","291","0","臺南市","北門區","120.145","23.285","255"
"348","166429","20221102075000","210","3","臺南市","將軍區","120.160","23.220","316"
"103","166442","20221102075000","429","0","臺南市","下營區","120.260","23.230","103"
"79","166445","20221102075000","188","0","臺南市","六甲區","120.355","23.220","79"
"1408","166446","20221102075000","1877","0","臺南市","六甲區","120.355","23.230","1720"
"184","166455","20221102075000","104","3","臺南市","六甲區","120.370","23.230","172"
"15","166458","20221102075000","215","0","臺南市","六甲區","120.365","23.235","15"
"161","166495","20221102075000","136","1","臺南市","北門區","120.125","23.240","131"
"704","166562","20221102075000","452","3","臺南市","麻豆區","120.220","23.220","578"
"40","166785","20221102075000","35","1","花蓮縣","富里鄉","121.265","23.215","47"
"545","167284","20221102075000","343","3","臺南市","下營區","120.290","23.245","433"
"12","167323","20221102075000","14","0","花蓮縣","富里鄉","121.360","23.265","14"
"55","167340","20221102075000","42","2","花蓮縣","富里鄉","121.315","23.275","65"
"29","167482","20221102075000","125","0","臺南市","東山區","120.470","23.260","31"
"68","167491","20221102075000","60","1","臺南市","東山區","120.515","23.260","59"
"44","167497","20221102075000","141","0","臺南市","東山區","120.480","23.265","37"
"62","167501","20221102075000","184","0","臺南市","東山區","120.500","23.265","54"
"18","167514","20221102075000","80","0","臺南市","東山區","120.395","23.265","23"
"62","167565","20221102075000","152","0","臺南市","東山區","120.445","23.265","57"
"305","167568","20221102075000","192","3","臺南市","東山區","120.445","23.270","328"
"120","167588","20221102075000","117","1","臺南市","東山區","120.445","23.290","120"
"64","167626","20221102075000","365","0","臺南市","東山區","120.405","23.285","125"
"47","167655","20221102075000","32","2","臺南市","東山區","120.465","23.280","57"
"23","167656","20221102075000","151","0","臺南市","東山區","120.470","23.280","25"
"18","167674","20221102075000","49","0","臺南市","東山區","120.500","23.285","20"
"106","167688","20221102075000","29","3","臺南市","東山區","120.515","23.290","73"
"158","167707","20221102075000","204","0","臺南市","將軍區","120.085","23.215","241"
"195","167714","20221102075000","182","1","臺南市","將軍區","120.120","23.220","235"
"607","167786","20221102075000","491","2","臺南市","鹽水區","120.205","23.260","748"
"56","167813","20221102075000","35","3","臺東縣","長濱鄉","121.410","23.215","54"
"94","167824","20221102075000","80","1","臺東縣","長濱鄉","121.415","23.225","101"
"37","167894","20221102075000","209","0","臺東縣","長濱鄉","121.415","23.250","29"
"16","167910","20221102075000","19","0","臺東縣","長濱鄉","121.385","23.260","27"
"20","167952","20221102075000","29","0","臺南市","學甲區","120.185","23.230","26"
"850","167953","20221102075000","900","0","臺南市","學甲區","120.185","23.235","1009"
"1735","167958","20221102075000","843","3","臺南市","學甲區","120.185","23.225","1423"
"84","167982","20221102075000","236","0","臺南市","學甲區","120.195","23.240","75"
"1428","167993","20221102075000","1828","0","臺南市","學甲區","120.180","23.235","1777"
"42","167995","20221102075000","351","0","臺南市","六甲區","120.345","23.220","42"
"44","167997","20221102075000","167","0","臺南市","六甲區","120.320","23.230","44"
"36","168014","20221102075000","177","0","臺南市","六甲區","120.315","23.245","36"
"187","168093","20221102075000","197","0","高雄市","三民區","120.670","23.235","145"
"66","168132","20221102075000","89","0","高雄市","三民區","120.695","23.235","100"
"67","168149","20221102075000","59","1","高雄市","三民區","120.695","23.240","90"
"59","168296","20221102075000","54","1","高雄市","三民區","120.680","23.265","53"
"15","168304","20221102075000","16","0","高雄市","三民區","120.720","23.265","10"
"308","168347","20221102075000","277","1","高雄市","三民區","120.700","23.275","259"
"133","168351","20221102075000","148","0","高雄市","三民區","120.720","23.275","225"
"10","168370","20221102075000","10","1","高雄市","三民區","120.685","23.280","13"
"621","168445","20221102075000","620","1","臺南市","鹽水區","120.235","23.285","676"
"17","168451","20221102075000","92","0","臺南市","柳營區","120.345","23.270","17"
"48","168459","20221102075000","294","0","臺南市","柳營區","120.335","23.285","48"
"1035","168462","20221102075000","1475","0","臺南市","柳營區","120.325","23.290","885"
"116","168468","20221102075000","159","0","臺南市","柳營區","120.405","23.235","139"
"143","168484","20221102075000","128","1","臺南市","柳營區","120.420","23.245","179"
"100","168515","20221102075000","532","0","臺南市","柳營區","120.380","23.265","13"
"343","168538","20221102075000","1168","0","臺南市","柳營區","120.315","23.280","71"
"67","168539","20221102075000","684","0","臺南市","柳營區","120.320","23.280","67"
"342","168541","20221102075000","203","3","臺南市","柳營區","120.330","23.280","354"
"98","168545","20221102075000","53","3","臺南市","柳營區","120.380","23.240","186"
"132","168560","20221102075000","423","0","臺南市","柳營區","120.375","23.250","132"
"69","168591","20221102075000","201","0","臺南市","柳營區","120.365","23.265","69"
"145","168619","20221102075000","187","0","臺南市","楠西區","120.495","23.215","180"
"71","168624","20221102075000","46","3","臺南市","楠西區","120.520","23.215","68"
"75","168647","20221102075000","149","0","臺南市","楠西區","120.500","23.225","75"
"32","168692","20221102075000","22","2","臺南市","鹽水區","120.245","23.275","26"
"23","168719","20221102075000","22","1","臺東縣","成功鎮","121.400","23.210","23"
"15","168755","20221102075000","119","0","臺東縣","長濱鄉","121.425","23.275","11"
"18","168771","20221102075000","235","0","臺南市","新營區","120.280","23.285","18"
"53","168825","20221102075000","54","0","高雄市","桃源區","120.805","23.220","75"
"63","168996","20221102075000","69","0","高雄市","桃源區","120.815","23.240","81"
"61","169242","20221102075000","92","0","高雄市","桃源區","120.825","23.265","75"
"12","169313","20221102075000","10","2","高雄市","桃源區","120.845","23.275","12"
"119","169490","20221102075000","99","2","臺南市","學甲區","120.195","23.275","124"
"255","169506","20221102075000","353","0","臺南市","學甲區","120.205","23.280","358"
"522","169527","20221102075000","563","0","臺南市","學甲區","120.160","23.245","646"
"26","169530","20221102075000","17","3","臺南市","學甲區","120.150","23.250","26"
"350","169555","20221102075000","385","0","臺南市","鹽水區","120.255","23.250","581"
"45","169556","20221102075000","100","0","臺南市","鹽水區","120.250","23.255","45"
"163","169567","20221102075000","292","0","臺南市","將軍區","120.135","23.225","201"
"29","169664","20221102075000","19","3","嘉義縣","大埔鄉","120.625","23.245","26"
"42","169729","20221102075000","38","1","嘉義縣","大埔鄉","120.590","23.270","38"
"25","169739","20221102075000","35","0","嘉義縣","大埔鄉","120.585","23.275","42"
"33","169788","20221102075000","37","0","嘉義縣","大埔鄉","120.545","23.230","45"
"40","169812","20221102075000","29","2","臺南市","東山區","120.520","23.240","48"
"24","169834","20221102075000","38","0","嘉義縣","大埔鄉","120.565","23.245","40"
"23","169837","20221102075000","19","2","嘉義縣","大埔鄉","120.580","23.245","14"
"56","169842","20221102075000","32","3","嘉義縣","大埔鄉","120.535","23.250","49"
"269","174966","20221102075000","379","0","澎湖縣","望安鄉","119.505","23.360","353"
"18","174989","20221102075000","69","0","臺南市","白河區","120.460","23.350","11"
"60","175007","20221102075000","134","0","臺南市","東山區","120.500","23.295","44"
"78","175048","20221102075000","41","3","臺南市","白河區","120.480","23.320","82"
"24","175054","20221102075000","58","0","臺南市","白河區","120.510","23.320","30"
"494","175059","20221102075000","323","3","臺南市","白河區","120.485","23.325","457"
"92","175081","20221102075000","72","2","臺南市","白河區","120.495","23.335","77"
"151","175083","20221102075000","156","0","臺南市","白河區","120.505","23.335","202"
"49","175092","20221102075000","69","0","臺南市","白河區","120.505","23.340","83"
"1575","175108","20221102075000","1252","2","臺南市","新營區","120.310","23.305","1394"
"144","175181","20221102075000","126","1","花蓮縣","玉里鎮","121.335","23.320","150"
"1352","175206","20221102075000","1374","0","花蓮縣","玉里鎮","121.310","23.335","1399"
"170","175209","20221102075000","145","1","花蓮縣","玉里鎮","121.310","23.340","152"
"71","175217","20221102075000","70","1","花蓮縣","玉里鎮","121.300","23.300","72"
"314","175262","20221102075000","331","0","花蓮縣","玉里鎮","121.300","23.320","310"
"178","175264","20221102075000","180","0","花蓮縣","玉里鎮","121.310","23.320","181"
"31","175284","20221102075000","18","3","花蓮縣","玉里鎮","121.275","23.290","26"
"33","175299","20221102075000","57","0","花蓮縣","玉里鎮","121.290","23.295","28"
"228","175318","20221102075000","712","0","臺南市","白河區","120.410","23.345","187"
"37","175319","20221102075000","405","0","臺南市","白河區","120.405","23.350","36"
"124","175320","20221102075000","625","0","臺南市","白河區","120.410","23.350","136"
"53","175328","20221102075000","35","3","臺南市","白河區","120.460","23.365","40"
"185","175348","20221102075000","304","0","臺南市","白河區","120.440","23.345","167"
"427","175355","20221102075000","107","3","臺南市","新營區","120.330","23.320","270"
"53","175356","20221102075000","811","0","臺南市","新營區","120.335","23.320","53"
"26","175359","20221102075000","18","2","臺南市","新營區","120.350","23.320","37"
"1114","175362","20221102075000","889","2","臺南市","新營區","120.315","23.325","1075"
"134","175369","20221102075000","157","0","臺南市","新營區","120.325","23.310","134"
"50","175372","20221102075000","86","0","臺南市","新營區","120.325","23.305","20"
"52","175397","20221102075000","56","0","臺南市","後壁區","120.310","23.370","52"
"394","175398","20221102075000","384","1","臺南市","後壁區","120.315","23.370","536"
"96","175414","20221102075000","533","0","臺南市","後壁區","120.330","23.340","96"
"117","175425","20221102075000","265","0","臺南市","後壁區","120.375","23.330","117"
"84","175446","20221102075000","309","0","臺南市","新營區","120.320","23.320","10"
"392","175467","20221102075000","503","0","臺南市","北門區","120.170","23.300","457"
"180","175484","20221102075000","257","0","臺南市","後壁區","120.330","23.355","207"
"430","175489","20221102075000","607","0","臺南市","新營區","120.270","23.295","482"
"57","175494","20221102075000","406","0","臺南市","新營區","120.280","23.300","57"
"47","175496","20221102075000","273","0","臺南市","新營區","120.280","23.290","47"
"553","175497","20221102075000","891","0","臺南市","後壁區","120.360","23.370","644"
"2480","175499","20221102075000","2351","1","臺南市","後壁區","120.370","23.370","2736"
"1447","175523","20221102075000","1242","1","臺南市","後壁區","120.395","23.370","1765"
"1296","175546","20221102075000","976","2","臺南市","新營區","120.310","23.300","1232"
"2261","175547","20221102075000","1607","2","臺南市","新營區","120.315","23.310","1775"
"1686","175548","20221102075000","2212","0","臺南市","新營區","120.315","23.315","1707"
"188","175564","20221102075000","339","0","臺南市","後壁區","120.355","23.365","206"
"294","175571","20221102075000","1791","0","臺南市","新營區","120.305","23.310","294"
"89","175572","20221102075000","85","1","臺南市","新營區","120.305","23.315","89"
"47","175573","20221102075000","41","1","臺南市","新營區","120.295","23.305","47"
"154","175574","20221102075000","716","0","臺南市","新營區","120.300","23.305","154"
"1258","175576","20221102075000","893","2","臺南市","新營區","120.300","23.310","1582"
"214","175585","20221102075000","135","3","臺南市","北門區","120.110","23.300","25"
"143","175647","20221102075000","361","0","臺南市","新營區","120.295","23.295","143"
"19","175648","20221102075000","27","0","臺南市","新營區","120.290","23.300","12"
"34","175651","20221102075000","27","2","臺南市","柳營區","120.300","23.295","34"
"110","175653","20221102075000","59","3","臺南市","柳營區","120.310","23.295","124"
"131","175658","20221102075000","117","1","臺南市","新營區","120.285","23.310","131"
"38","175712","20221102075000","187","0","臺南市","白河區","120.430","23.330","44"
"24","175737","20221102075000","353","0","臺南市","白河區","120.430","23.355","24"
"23","175874","20221102075000","26","0","花蓮縣","卓溪鄉","121.270","23.305","37"
"63","176357","20221102075000","171","0","花蓮縣","玉里鎮","121.300","23.345","62"
"406","176756","20221102075000","340","1","臺南市","新營區","120.325","23.315","424"
"337","176757","20221102075000","301","1","臺南市","新營區","120.330","23.315","362"
"164","176758","20221102075000","129","2","臺南市","新營區","120.325","23.320","164"
"43","176764","20221102075000","42","1","花蓮縣","玉里鎮","121.330","23.300","54"
"20","176769","20221102075000","20","1","臺南市","後壁區","120.340","23.325","20"
"19","176782","20221102075000","37","0","臺南市","後壁區","120.310","23.335","19"
"257","176798","20221102075000","272","0","臺南市","後壁區","120.350","23.335","272"
"815","176811","20221102075000","858","0","臺南市","新營區","120.305","23.300","913"
"1173","176812","20221102075000","942","2","臺南市","新營區","120.315","23.305","1135"
"20","176814","20221102075000","16","2","臺南市","東山區","120.385","23.310","21"
"46","176830","20221102075000","123","0","臺南市","東山區","120.390","23.330","32"
"741","176863","20221102075000","757","0","臺南市","東山區","120.405","23.320","946"
"177","176885","20221102075000","189","0","臺南市","東山區","120.405","23.325","219"
"169","176921","20221102075000","320","0","臺南市","東山區","120.390","23.295","171"
"443","176933","20221102075000","451","0","臺南市","東山區","120.415","23.300","644"
"22","176942","20221102075000","195","0","臺南市","東山區","120.345","23.300","22"
"34","176986","20221102075000","554","0","臺南市","白河區","120.395","23.340","34"
"701","177006","20221102075000","922","0","臺南市","鹽水區","120.270","23.325","604"
"590","177007","20221102075000","638","0","嘉義縣","義竹鄉","120.255","23.330","627"
"569","177010","20221102075000","425","2","臺南市","鹽水區","120.270","23.330","495"
"30","177169","20221102075000","41","0","花蓮縣","玉里鎮","121.370","23.350","18"
"1863","177425","20221102075000","1001","3","臺南市","新營區","120.315","23.300","1839"
"302","177432","20221102075000","372","0","臺南市","鹽水區","120.280","23.330","344"
"543","177436","20221102075000","413","2","臺南市","鹽水區","120.290","23.335","456"
"915","177466","20221102075000","886","1","臺南市","鹽水區","120.270","23.310","1058"
"461","177467","20221102075000","624","0","臺南市","新營區","120.275","23.310","603"
"787","177475","20221102075000","540","2","臺南市","鹽水區","120.265","23.325","799"
"245","177480","20221102075000","103","3","臺南市","白河區","120.480","23.325","132"
"14","177568","20221102075000","20","0","臺南市","白河區","120.445","23.320","14"
"306","177580","20221102075000","1325","0","臺南市","白河區","120.415","23.350","265"
"252","177585","20221102075000","344","0","臺南市","柳營區","120.340","23.290","252"
"453","177586","20221102075000","211","3","臺南市","柳營區","120.325","23.295","457"
"265","177599","20221102075000","728","0","臺南市","柳營區","120.365","23.295","26"
"83","177602","20221102075000","48","3","臺南市","鹽水區","120.270","23.320","56"
"347","177603","20221102075000","262","2","花蓮縣","玉里鎮","121.320","23.320","334"
"592","177605","20221102075000","340","3","花蓮縣","玉里鎮","121.310","23.325","579"
"256","177606","20221102075000","156","3","花蓮縣","玉里鎮","121.315","23.325","246"
"338","177609","20221102075000","335","1","花蓮縣","玉里鎮","121.310","23.330","301"
"2133","177610","20221102075000","2107","1","花蓮縣","玉里鎮","121.315","23.330","2182"
"979","177613","20221102075000","975","1","花蓮縣","玉里鎮","121.315","23.340","964"
"228","177617","20221102075000","145","3","花蓮縣","玉里鎮","121.320","23.345","256"
"385","177619","20221102075000","355","1","花蓮縣","玉里鎮","121.320","23.330","385"
"294","177624","20221102075000","191","3","花蓮縣","玉里鎮","121.320","23.350","302"
"270","177632","20221102075000","226","1","花蓮縣","卓溪鄉","121.320","23.355","280"
"17","177682","20221102075000","17","1","臺東縣","長濱鄉","121.440","23.325","23"
"140","177742","20221102075000","50","3","臺東縣","長濱鄉","121.425","23.290","150"
"23","177750","20221102075000","26","0","臺東縣","長濱鄉","121.420","23.295","23"
"395","177808","20221102075000","605","0","臺東縣","長濱鄉","121.455","23.315","418"
"231","177813","20221102075000","166","2","臺東縣","長濱鄉","121.460","23.320","209"
"127","177815","20221102075000","86","2","臺東縣","長濱鄉","121.445","23.325","149"
"248","177826","20221102075000","137","3","臺東縣","長濱鄉","121.465","23.335","204"
"897","178630","20221102075000","634","2","臺南市","鹽水區","120.265","23.320","978"
"160","178643","20221102075000","228","0","臺南市","新營區","120.305","23.320","223"
"120","178644","20221102075000","100","2","臺南市","新營區","120.310","23.320","21"
"29","178697","20221102075000","33","0","嘉義縣","中埔鄉","120.510","23.345","44"
"22","178710","20221102075000","14","3","嘉義縣","中埔鄉","120.520","23.350","23"
"497","178722","20221102075000","117","3","嘉義縣","中埔鄉","120.540","23.355","422"
"51","178756","20221102075000","47","1","嘉義縣","中埔鄉","120.495","23.370","69"
"210","178768","20221102075000","240","0","臺南市","鹽水區","120.260","23.295","301"
"197","178886","20221102075000","140","2","嘉義縣","布袋鎮","120.140","23.335","236"
"801","178930","20221102075000","196","3","嘉義縣","布袋鎮","120.160","23.320","684"
"747","178938","20221102075000","1021","0","嘉義縣","布袋鎮","120.165","23.325","945"
"84","178970","20221102075000","57","2","嘉義縣","大埔鄉","120.625","23.300","80"
"24","178978","20221102075000","27","0","嘉義縣","大埔鄉","120.605","23.305","32"
"58","179106","20221102075000","60","0","嘉義縣","大埔鄉","120.590","23.295","71"
"368","179113","20221102075000","468","0","嘉義縣","大埔鄉","120.595","23.295","495"
"117","179189","20221102075000","139","0","嘉義縣","大埔鄉","120.570","23.330","99"
"46","179210","20221102075000","25","3","嘉義縣","大埔鄉","120.555","23.340","43"
"43","179249","20221102075000","21","3","嘉義縣","大埔鄉","120.585","23.360","28"
"55","179312","20221102075000","45","2","嘉義縣","番路鄉","120.605","23.355","49"
"228","179320","20221102075000","115","3","嘉義縣","番路鄉","120.590","23.360","252"
"1176","179352","20221102075000","1338","0","嘉義縣","義竹鄉","120.250","23.340","1418"
"548","179448","20221102075000","669","0","嘉義縣","義竹鄉","120.240","23.335","684"
"99","179461","20221102075000","78","2","嘉義縣","義竹鄉","120.245","23.335","73"
"653","179521","20221102075000","433","3","嘉義縣","義竹鄉","120.195","23.305","838"
"20","179523","20221102075000","11","3","嘉義縣","義竹鄉","120.205","23.305","12"
"47","179646","20221102075000","26","3","嘉義縣","阿里山鄉","120.680","23.335","44"
"61","179666","20221102075000","37","3","嘉義縣","阿里山鄉","120.680","23.340","80"
"72","179747","20221102075000","74","0","嘉義縣","阿里山鄉","120.665","23.300","77"
"79","179773","20221102075000","84","0","嘉義縣","阿里山鄉","120.695","23.305","73"
"34","179780","20221102075000","36","0","嘉義縣","阿里山鄉","120.665","23.310","26"
"861","179845","20221102075000","672","2","嘉義縣","義竹鄉","120.225","23.320","970"
"1016","179874","20221102075000","643","3","嘉義縣","義竹鄉","120.190","23.335","1030"
"543","179880","20221102075000","562","0","嘉義縣","義竹鄉","120.230","23.360","587"
"151","179883","20221102075000","83","3","嘉義縣","義竹鄉","120.245","23.360","118"
"687","179922","20221102075000","718","0","嘉義縣","義竹鄉","120.220","23.360","801"
"130","179933","20221102075000","105","2","嘉義縣","義竹鄉","120.210","23.300","174"
"662","179945","20221102075000","553","1","嘉義縣","義竹鄉","120.270","23.360","754"
"167","180132","20221102075000","232","0","澎湖縣","望安鄉","119.520","23.365","169"
"113","180802","20221102075000","277","0","嘉義縣","布袋鎮","120.140","23.375","213"
"102","180804","20221102075000","62","3","臺東縣","長濱鄉","121.475","23.380","107"
"92","181221","20221102075000","143","0","澎湖縣","望安鄉","119.495","23.380","140"
"174","185223","20221102075000","181","0","嘉義縣","東石鄉","120.135","23.450","240"
"732","185452","20221102075000","992","0","嘉義市","東區","120.455","23.450","912"
"1220","185456","20221102075000","1063","1","嘉義縣","水上鄉","120.430","23.450","1157"
"32","185475","20221102075000","100","0","澎湖縣","望安鄉","119.320","23.395","50"
"17","185483","20221102075000","26","0","花蓮縣","玉里鎮","121.350","23.440","20"
"71","185491","20221102075000","74","0","花蓮縣","瑞穗鄉","121.350","23.450","117"
"128","185499","20221102075000","645","0","臺南市","白河區","120.405","23.395","102"
"10","185543","20221102075000","13","0","花蓮縣","玉里鎮","121.390","23.380","10"
"289","185546","20221102075000","228","2","花蓮縣","玉里鎮","121.355","23.385","297"
"11","185565","20221102075000","18","0","花蓮縣","玉里鎮","121.395","23.390","11"
"61","185576","20221102075000","28","3","花蓮縣","玉里鎮","121.355","23.395","39"
"54","185590","20221102075000","51","1","花蓮縣","玉里鎮","121.365","23.405","67"
"104","185598","20221102075000","301","0","臺南市","白河區","120.415","23.380","107"
"270","185635","20221102075000","393","0","臺南市","後壁區","120.380","23.390","241"
"681","185683","20221102075000","792","0","臺南市","後壁區","120.340","23.380","575"
"224","185698","20221102075000","118","3","臺南市","白河區","120.480","23.385","220"
"119","186808","20221102075000","109","1","花蓮縣","卓溪鄉","121.315","23.435","109"
"225","186812","20221102075000","220","1","花蓮縣","卓溪鄉","121.335","23.435","254"
"69","186826","20221102075000","52","2","花蓮縣","卓溪鄉","121.340","23.440","80"
"16","186875","20221102075000","25","0","臺南市","後壁區","120.335","23.380","33"
"42","186914","20221102075000","35","2","臺南市","白河區","120.445","23.380","68"
"48","186915","20221102075000","434","0","臺南市","白河區","120.450","23.380","53"
"121","186921","20221102075000","206","0","臺南市","白河區","120.435","23.390","106"
"28","187008","20221102075000","22","2","臺東縣","長濱鄉","121.480","23.395","28"
"168","187061","20221102075000","148","1","花蓮縣","玉里鎮","121.320","23.395","160"
"168","187086","20221102075000","140","2","花蓮縣","玉里鎮","121.340","23.415","154"
"143","187099","20221102075000","77","3","花蓮縣","玉里鎮","121.345","23.425","157"
"140","187105","20221102075000","131","1","花蓮縣","玉里鎮","121.345","23.430","139"
"137","187173","20221102075000","109","2","花蓮縣","玉里鎮","121.395","23.450","132"
"264","187253","20221102075000","276","0","花蓮縣","玉里鎮","121.375","23.425","275"
"158","187296","20221102075000","442","0","臺南市","白河區","120.440","23.400","151"
"188","187322","20221102075000","158","1","花蓮縣","玉里鎮","121.330","23.375","183"
"254","187339","20221102075000","163","3","花蓮縣","玉里鎮","121.325","23.390","251"
"16","187385","20221102075000","18","0","臺東縣","長濱鄉","121.465","23.405","17"
"39","187398","20221102075000","42","0","臺東縣","長濱鄉","121.470","23.410","42"
"16","187401","20221102075000","102","0","臺東縣","長濱鄉","121.485","23.410","10"
"48","188051","20221102075000","500","0","嘉義縣","中埔鄉","120.520","23.430","43"
"255","188063","20221102075000","254","1","嘉義縣","中埔鄉","120.560","23.435","349"
"507","188064","20221102075000","1026","0","嘉義縣","中埔鄉","120.520","23.420","680"
"333","188069","20221102075000","243","2","嘉義縣","中埔鄉","120.520","23.425","426"
"120","188090","20221102075000","86","2","嘉義縣","中埔鄉","120.510","23.400","76"
"23","188129","20221102075000","329","0","嘉義縣","中埔鄉","120.460","23.445","23"
"314","188131","20221102075000","221","2","嘉義縣","中埔鄉","120.460","23.450","296"
"435","188132","20221102075000","367","1","嘉義縣","中埔鄉","120.470","23.450","379"
"450","188133","20221102075000","735","0","嘉義縣","中埔鄉","120.475","23.450","564"
"1067","188134","20221102075000","1442","0","嘉義縣","中埔鄉","120.465","23.450","1398"
"385","188136","20221102075000","187","3","嘉義縣","中埔鄉","120.485","23.450","274"
"978","188141","20221102075000","1229","0","嘉義縣","中埔鄉","120.450","23.435","1330"
"448","188144","20221102075000","383","1","嘉義縣","中埔鄉","120.455","23.445","347"
"348","188147","20221102075000","444","0","嘉義縣","中埔鄉","120.480","23.440","439"
"19","188154","20221102075000","133","0","嘉義縣","中埔鄉","120.490","23.445","15"
"465","188193","20221102075000","444","1","嘉義縣","中埔鄉","120.520","23.385","631"
"170","188241","20221102075000","113","3","嘉義縣","中埔鄉","120.580","23.425","176"
"165","188261","20221102075000","122","2","嘉義縣","中埔鄉","120.540","23.390","195"
"20","188280","20221102075000","73","0","嘉義縣","中埔鄉","120.575","23.380","17"
"68","188314","20221102075000","41","3","嘉義縣","中埔鄉","120.590","23.395","78"
"422","188331","20221102075000","389","1","嘉義縣","中埔鄉","120.555","23.405","495"
"36","188335","20221102075000","11","3","嘉義縣","中埔鄉","120.575","23.405","31"
"79","188368","20221102075000","630","0","嘉義縣","中埔鄉","120.540","23.440","74"
"345","188369","20221102075000","198","3","嘉義縣","中埔鄉","120.545","23.440","314"
"244","188382","20221102075000","207","1","嘉義縣","中埔鄉","120.565","23.445","205"
"641","188390","20221102075000","399","3","嘉義縣","中埔鄉","120.530","23.440","613"
"251","188417","20221102075000","301","0","嘉義縣","中埔鄉","120.510","23.435","333"
"593","188421","20221102075000","376","3","嘉義縣","中埔鄉","120.510","23.440","525"
"561","188422","20221102075000","708","0","嘉義縣","中埔鄉","120.495","23.445","730"
"310","188442","20221102075000","379","0","嘉義縣","中埔鄉","120.515","23.410","424"
"184","188445","20221102075000","219","0","嘉義縣","中埔鄉","120.530","23.410","226"
"250","188457","20221102075000","361","0","嘉義縣","中埔鄉","120.505","23.425","300"
"25","188462","20221102075000","22","1","嘉義縣","中埔鄉","120.505","23.375","17"
"133","188463","20221102075000","94","2","嘉義縣","中埔鄉","120.510","23.375","123"
"253","188469","20221102075000","322","0","嘉義縣","鹿草鄉","120.315","23.390","367"
"385","188493","20221102075000","434","0","嘉義縣","鹿草鄉","120.320","23.420","489"
"389","188498","20221102075000","181","3","嘉義縣","鹿草鄉","120.320","23.425","471"
"919","188503","20221102075000","1064","0","嘉義縣","鹿草鄉","120.315","23.410","1176"
"15","188507","20221102075000","129","0","嘉義縣","太保市","120.335","23.430","15"
"51","188516","20221102075000","189","0","嘉義縣","太保市","120.340","23.440","48"
"45","188554","20221102075000","369","0","嘉義縣","鹿草鄉","120.340","23.400","42"
"214","188555","20221102075000","178","2","嘉義縣","鹿草鄉","120.290","23.375","168"
"62","188574","20221102075000","343","0","嘉義縣","朴子市","120.245","23.415","71"
"84","188579","20221102075000","392","0","嘉義縣","水上鄉","120.355","23.410","119"
"188","188626","20221102075000","104","3","嘉義縣","鹿草鄉","120.345","23.405","158"
"260","188631","20221102075000","169","3","嘉義縣","鹿草鄉","120.330","23.410","228"
"13","188646","20221102075000","156","0","嘉義縣","朴子市","120.290","23.445","14"
"231","188650","20221102075000","110","3","嘉義縣","朴子市","120.280","23.450","213"
"648","188654","20221102075000","741","0","嘉義縣","布袋鎮","120.170","23.375","817"
"133","188666","20221102075000","175","0","嘉義縣","布袋鎮","120.220","23.390","178"
"212","188716","20221102075000","162","2","嘉義縣","阿里山鄉","120.715","23.390","218"
"133","188874","20221102075000","796","0","嘉義縣","太保市","120.345","23.450","119"
"59","188885","20221102075000","330","0","嘉義縣","太保市","120.320","23.445","38"
"71","188892","20221102075000","353","0","嘉義縣","太保市","120.340","23.450","55"
"55","188897","20221102075000","82","0","嘉義縣","朴子市","120.235","23.440","46"
"11","188921","20221102075000","15","0","嘉義縣","朴子市","120.240","23.450","10"
"168","188949","20221102075000","112","3","嘉義縣","朴子市","120.255","23.410","147"
"500","188956","20221102075000","373","2","嘉義縣","朴子市","120.260","23.420","661"
"69","188966","20221102075000","92","0","嘉義縣","東石鄉","120.145","23.455","87"
"601","188983","20221102075000","263","3","嘉義縣","布袋鎮","120.190","23.375","470"
"44","189028","20221102075000","247","0","嘉義縣","太保市","120.295","23.440","50"
"250","189044","20221102075000","149","3","嘉義縣","東石鄉","120.170","23.430","214"
"135","189051","20221102075000","120","1","嘉義縣","東石鄉","120.180","23.440","201"
"43","189105","20221102075000","125","0","嘉義縣","東石鄉","120.185","23.450","49"
"41","189112","20221102075000","250","0","嘉義縣","東石鄉","120.200","23.455","36"
"634","189144","20221102075000","414","3","嘉義縣","布袋鎮","120.165","23.375","529"
"64","189152","20221102075000","349","0","嘉義縣","東石鄉","120.205","23.425","54"
"18","189184","20221102075000","158","0","嘉義縣","水上鄉","120.410","23.430","15"
"22","189187","20221102075000","215","0","嘉義縣","水上鄉","120.415","23.430","14"
"451","189189","20221102075000","468","0","嘉義縣","水上鄉","120.415","23.435","541"
"263","189192","20221102075000","221","1","嘉義縣","水上鄉","120.420","23.440","241"
"509","189195","20221102075000","583","0","嘉義縣","布袋鎮","120.180","23.375","633"
"146","189210","20221102075000","215","0","嘉義縣","布袋鎮","120.200","23.400","188"
"23","189224","20221102075000","145","0","嘉義縣","水上鄉","120.435","23.430","19"
"114","189225","20221102075000","122","0","嘉義縣","水上鄉","120.420","23.430","155"
"675","189233","20221102075000","467","2","嘉義縣","水上鄉","120.425","23.440","683"
"47","189242","20221102075000","163","0","嘉義縣","水上鄉","120.370","23.415","30"
"253","189246","20221102075000","296","0","嘉義縣","水上鄉","120.370","23.420","275"
"73","189248","20221102075000","262","0","嘉義縣","水上鄉","120.360","23.425","70"
"224","189268","20221102075000","288","0","嘉義縣","水上鄉","120.495","23.400","324"
"42","189286","20221102075000","126","0","嘉義縣","水上鄉","120.450","23.415","93"
"35","189288","20221102075000","253","0","嘉義縣","水上鄉","120.460","23.415","38"
"249","189292","20221102075000","74","3","嘉義縣","水上鄉","120.450","23.420","331"
"44","189296","20221102075000","67","0","嘉義縣","水上鄉","120.410","23.445","46"
"591","189322","20221102075000","600","0","嘉義縣","水上鄉","120.370","23.440","668"
"96","189337","20221102075000","538","0","嘉義縣","水上鄉","120.360","23.445","81"
"209","189343","20221102075000","195","1","嘉義縣","水上鄉","120.425","23.445","196"
"689","189344","20221102075000","697","0","嘉義縣","水上鄉","120.430","23.445","899"
"272","189349","20221102075000","68","3","嘉義縣","水上鄉","120.435","23.415","241"
"386","189350","20221102075000","382","1","嘉義縣","水上鄉","120.430","23.420","533"
"598","189351","20221102075000","585","1","嘉義縣","水上鄉","120.435","23.420","825"
"130","189364","20221102075000","68","3","嘉義縣","布袋鎮","120.150","23.375","109"
"280","189365","20221102075000","263","1","嘉義縣","布袋鎮","120.155","23.375","370"
"187","189369","20221102075000","108","3","嘉義縣","布袋鎮","120.150","23.380","178"
"371","189370","20221102075000","283","2","嘉義縣","布袋鎮","120.155","23.380","347"
"89","189382","20221102075000","839","0","嘉義縣","水上鄉","120.470","23.435","56"
"211","189385","20221102075000","294","0","嘉義縣","水上鄉","120.385","23.405","265"
"67","189387","20221102075000","82","0","嘉義縣","水上鄉","120.390","23.410","71"
"415","189388","20221102075000","202","3","嘉義縣","水上鄉","120.385","23.415","286"
"312","189389","20221102075000","521","0","嘉義縣","水上鄉","120.385","23.420","432"
"15","189392","20221102075000","12","2","嘉義縣","水上鄉","120.405","23.450","16"
"553","189393","20221102075000","432","2","嘉義縣","水上鄉","120.435","23.445","553"
"170","189396","20221102075000","353","0","嘉義縣","水上鄉","120.400","23.425","193"
"109","189397","20221102075000","454","0","嘉義縣","水上鄉","120.395","23.430","78"
"1003","189399","20221102075000","1140","0","嘉義縣","水上鄉","120.400","23.430","1100"
"158","189411","20221102075000","227","0","嘉義縣","水上鄉","120.390","23.425","191"
"60","189413","20221102075000","777","0","嘉義縣","水上鄉","120.395","23.435","58"
"458","189416","20221102075000","566","0","嘉義縣","水上鄉","120.400","23.435","568"
"380","189439","20221102075000","386","0","嘉義縣","水上鄉","120.420","23.420","511"
"32","189459","20221102075000","54","0","嘉義縣","水上鄉","120.385","23.425","56"
"253","189461","20221102075000","315","0","嘉義縣","水上鄉","120.380","23.430","315"
"227","189463","20221102075000","395","0","嘉義縣","水上鄉","120.390","23.430","247"
"675","189474","20221102075000","724","0","嘉義縣","鹿草鄉","120.295","23.380","789"
"120","189491","20221102075000","130","0","嘉義縣","鹿草鄉","120.270","23.395","160"
"351","189518","20221102075000","223","3","嘉義縣","鹿草鄉","120.305","23.415","255"
"38","189555","20221102075000","250","0","嘉義縣","鹿草鄉","120.285","23.435","38"
"74","189575","20221102075000","296","0","嘉義縣","朴子市","120.245","23.430","59"
"508","189579","20221102075000","467","1","嘉義縣","朴子市","120.245","23.435","735"
"49","189583","20221102075000","207","0","嘉義縣","朴子市","120.250","23.440","36"
"1005","189591","20221102075000","1426","0","嘉義縣","東石鄉","120.180","23.420","1325"
"275","189607","20221102075000","286","0","嘉義縣","番路鄉","120.660","23.420","306"
"169","189608","20221102075000","118","2","嘉義縣","番路鄉","120.650","23.425","201"
"33","189630","20221102075000","44","0","嘉義縣","番路鄉","120.640","23.440","33"
"119","189633","20221102075000","137","0","嘉義縣","番路鄉","120.655","23.440","193"
"33","189645","20221102075000","31","1","嘉義縣","番路鄉","120.645","23.440","34"
"276","189663","20221102075000","209","2","嘉義縣","番路鄉","120.670","23.445","216"
"157","189673","20221102075000","115","2","嘉義縣","番路鄉","120.645","23.400","146"
"62","189685","20221102075000","32","3","嘉義縣","番路鄉","120.650","23.405","32"
"48","189703","20221102075000","33","2","嘉義縣","番路鄉","120.640","23.415","52"
"90","189705","20221102075000","46","3","嘉義縣","番路鄉","120.605","23.420","65"
"37","189724","20221102075000","32","1","嘉義縣","番路鄉","120.610","23.430","49"
"35","189740","20221102075000","21","3","嘉義縣","番路鄉","120.610","23.445","46"
"85","189756","20221102075000","86","0","嘉義縣","番路鄉","120.620","23.375","83"
"113","189823","20221102075000","136","0","嘉義縣","番路鄉","120.600","23.435","152"
"171","189837","20221102075000","143","1","嘉義縣","番路鄉","120.580","23.450","207"
"219","189852","20221102075000","208","1","嘉義縣","布袋鎮","120.170","23.385","273"
"105","189978","20221102075000","106","0","嘉義縣","阿里山鄉","120.665","23.380","159"
"14","189981","20221102075000","14","1","嘉義縣","阿里山鄉","120.680","23.380","14"
"149","190321","20221102075000","148","1","嘉義縣","阿里山鄉","120.750","23.440","143"
"70","190374","20221102075000","51","2","嘉義縣","阿里山鄉","120.755","23.450","65"
"145","190402","20221102075000","155","0","嘉義縣","義竹鄉","120.245","23.385","178"
"300","190407","20221102075000","263","1","嘉義縣","義竹鄉","120.240","23.375","345"
"76","192504","20221102075000","94","0","澎湖縣","馬公市","119.515","23.485","114"
"180","192620","20221102075000","229","0","嘉義縣","東石鄉","120.165","23.490","257"
"125","192621","20221102075000","84","2","花蓮縣","豐濱鄉","121.510","23.490","139"
"38","194053","20221102075000","104","0","澎湖縣","馬公市","119.515","23.510","16"
"249","194584","20221102075000","261","0","澎湖縣","馬公市","119.595","23.520","318"
"282","194849","20221102075000","289","0","澎湖縣","馬公市","119.580","23.525","354"
"117","194852","20221102075000","92","2","澎湖縣","馬公市","119.595","23.525","131"
"1199","194945","20221102075000","876","2","嘉義市","東區","120.455","23.495","1199"
"405","194952","20221102075000","195","3","嘉義市","東區","120.485","23.460","387"
"138","194954","20221102075000","77","3","嘉義市","東區","120.495","23.460","99"
"162","194959","20221102075000","105","3","嘉義市","東區","120.485","23.470","135"
"12","194963","20221102075000","127","0","嘉義市","東區","120.490","23.475","12"
"577","194965","20221102075000","1065","0","嘉義市","西區","120.435","23.460","736"
"738","194966","20221102075000","1430","0","嘉義市","西區","120.440","23.460","669"
"492","194967","20221102075000","307","3","嘉義市","西區","120.445","23.460","504"
"34","194968","20221102075000","65","0","嘉義市","西區","120.440","23.475","37"
"756","194969","20221102075000","432","3","嘉義市","西區","120.440","23.490","798"
"904","194970","20221102075000","1411","0","嘉義市","東區","120.460","23.480","956"
"1450","194971","20221102075000","1266","1","嘉義市","東區","120.450","23.480","1437"
"1269","194972","20221102075000","752","3","嘉義市","東區","120.450","23.490","1324"
"405","194973","20221102075000","2273","0","嘉義市","東區","120.450","23.495","426"
"1053","194974","20221102075000","1048","1","嘉義市","西區","120.415","23.485","1308"
"595","194975","20221102075000","902","0","嘉義市","西區","120.405","23.490","743"
"1037","194980","20221102075000","2045","0","嘉義市","西區","120.425","23.475","980"
"486","194981","20221102075000","651","0","嘉義市","西區","120.430","23.470","597"
"63","194985","20221102075000","1703","0","嘉義市","東區","120.470","23.490","51"
"385","194986","20221102075000","372","1","嘉義市","東區","120.470","23.495","374"
"431","194988","20221102075000","329","2","嘉義市","東區","120.480","23.495","362"
"830","194993","20221102075000","952","0","嘉義市","東區","120.450","23.500","820"
"48","194994","20221102075000","731","0","嘉義市","東區","120.450","23.505","59"
"669","194995","20221102075000","529","2","嘉義市","東區","120.455","23.505","662"
"248","194996","20221102075000","271","0","嘉義市","東區","120.445","23.510","246"
"566","195001","20221102075000","1352","0","嘉義市","東區","120.485","23.485","509"
"410","195002","20221102075000","347","1","嘉義市","東區","120.490","23.480","388"
"759","195003","20221102075000","1339","0","嘉義市","東區","120.455","23.490","748"
"2640","195004","20221102075000","2427","1","嘉義市","東區","120.455","23.480","2680"
"761","195006","20221102075000","375","3","嘉義市","西區","120.420","23.480","630"
"621","195007","20221102075000","868","0","嘉義市","西區","120.430","23.480","795"
"525","195008","20221102075000","392","2","嘉義市","西區","120.420","23.490","455"
"96","195009","20221102075000","2130","0","嘉義市","西區","120.430","23.465","93"
"1164","195011","20221102075000","794","2","嘉義市","西區","120.425","23.485","1153"
"787","195012","20221102075000","1582","0","嘉義市","西區","120.435","23.480","753"
"1399","195013","20221102075000","1768","0","嘉義市","西區","120.430","23.485","1384"
"37","195015","20221102075000","40","0","嘉義市","西區","120.395","23.490","23"
"189","195016","20221102075000","192","0","嘉義市","西區","120.400","23.490","223"
"18","195017","20221102075000","30","0","嘉義市","西區","120.390","23.495","15"
"1658","195022","20221102075000","1178","2","嘉義市","西區","120.440","23.480","1649"
"468","195024","20221102075000","307","3","嘉義市","西區","120.430","23.495","574"
"64","195025","20221102075000","1527","0","嘉義市","西區","120.425","23.490","39"
"1969","195033","20221102075000","1157","3","嘉義市","東區","120.450","23.475","2068"
"1542","195036","20221102075000","786","3","嘉義市","東區","120.450","23.460","1573"
"1983","195037","20221102075000","1632","2","嘉義市","東區","120.455","23.455","2216"
"96","195038","20221102075000","1593","0","嘉義市","西區","120.435","23.470","77"
"214","195039","20221102075000","176","2","嘉義市","西區","120.430","23.455","217"
"17","195040","20221102075000","420","0","嘉義市","西區","120.430","23.460","24"
"88","195041","20221102075000","1042","0","嘉義市","西區","120.440","23.485","71"
"179","195042","20221102075000","181","0","嘉義市","西區","120.395","23.465","205"
"279","195047","20221102075000","228","2","嘉義市","西區","120.405","23.470","241"
"394","195049","20221102075000","348","1","嘉義市","西區","120.405","23.475","400"
"61","195053","20221102075000","862","0","嘉義市","西區","120.445","23.500","44"
"1391","195054","20221102075000","1311","1","嘉義市","東區","120.465","23.490","1376"
"30","195055","20221102075000","12","3","嘉義市","東區","120.465","23.495","29"
"896","195056","20221102075000","580","3","嘉義市","東區","120.460","23.470","740"
"2548","195057","20221102075000","1462","3","嘉義市","東區","120.470","23.480","2506"
"209","195058","20221102075000","1698","0","嘉義市","東區","120.465","23.475","162"
"2214","195060","20221102075000","1826","2","嘉義市","西區","120.435","23.475","2168"
"1443","195061","20221102075000","816","3","嘉義市","西區","120.440","23.465","1496"
"18","195062","20221102075000","444","0","嘉義市","西區","120.450","23.465","15"
"1230","195064","20221102075000","1787","0","嘉義市","西區","120.440","23.470","1218"
"77","195065","20221102075000","50","3","嘉義市","東區","120.455","23.485","105"
"53","195066","20221102075000","798","0","嘉義市","東區","120.450","23.485","52"
"640","195069","20221102075000","497","2","嘉義市","西區","120.415","23.475","559"
"1290","195073","20221102075000","2797","0","嘉義市","西區","120.440","23.455","1233"
"2886","195075","20221102075000","2538","1","嘉義市","西區","120.445","23.475","2844"
"1812","195076","20221102075000","1792","1","嘉義市","東區","120.465","23.465","1690"
"1078","195083","20221102075000","584","3","嘉義市","東區","120.445","23.515","869"
"575","195084","20221102075000","1200","0","嘉義市","東區","120.465","23.480","601"
"769","195086","20221102075000","941","0","嘉義市","東區","120.480","23.465","901"
"1985","195090","20221102075000","1117","3","嘉義市","東區","120.475","23.475","2015"
"61","195093","20221102075000","976","0","嘉義市","東區","120.470","23.485","51"
"724","195094","20221102075000","430","3","嘉義市","東區","120.475","23.485","714"
"40","195098","20221102075000","48","0","嘉義市","東區","120.500","23.475","56"
"24","195100","20221102075000","509","0","嘉義市","東區","120.485","23.480","22"
"564","195103","20221102075000","400","2","嘉義市","東區","120.500","23.480","549"
"444","195108","20221102075000","306","2","嘉義市","東區","120.490","23.485","435"
"29","195109","20221102075000","30","0","嘉義市","東區","120.495","23.485","37"
"70","195113","20221102075000","1038","0","嘉義市","東區","120.470","23.475","69"
"801","195114","20221102075000","508","3","嘉義市","東區","120.455","23.500","713"
"102","195115","20221102075000","63","3","嘉義市","東區","120.475","23.490","124"
"668","195118","20221102075000","522","2","嘉義市","東區","120.480","23.490","671"
"1442","195120","20221102075000","2629","0","嘉義市","東區","120.455","23.475","1313"
"1034","195121","20221102075000","1450","0","嘉義市","西區","120.430","23.490","1256"
"69","195122","20221102075000","754","0","嘉義市","西區","120.435","23.485","61"
"98","195123","20221102075000","785","0","嘉義市","西區","120.435","23.490","94"
"696","195124","20221102075000","965","0","嘉義市","西區","120.450","23.470","1101"
"725","195127","20221102075000","387","3","嘉義市","東區","120.470","23.470","770"
"32","195128","20221102075000","624","0","嘉義市","東區","120.475","23.480","35"
"688","195129","20221102075000","653","1","嘉義市","東區","120.465","23.485","618"
"33","195131","20221102075000","46","0","嘉義市","東區","120.480","23.480","25"
"814","195133","20221102075000","814","1","嘉義市","東區","120.460","23.490","719"
"45","195139","20221102075000","397","0","嘉義市","西區","120.405","23.480","39"
"316","195147","20221102075000","233","2","嘉義市","西區","120.415","23.465","322"
"73","195148","20221102075000","1462","0","嘉義市","西區","120.420","23.465","67"
"705","195150","20221102075000","562","2","嘉義市","西區","120.415","23.470","664"
"237","195151","20221102075000","219","1","嘉義市","西區","120.420","23.470","213"
"1016","195154","20221102075000","565","3","嘉義市","西區","120.440","23.495","982"
"83","195158","20221102075000","78","1","嘉義市","東區","120.430","23.505","63"
"278","195159","20221102075000","158","3","嘉義市","西區","120.435","23.505","276"
"648","195160","20221102075000","780","0","嘉義市","西區","120.445","23.485","735"
"1558","195161","20221102075000","1024","3","嘉義市","東區","120.460","23.465","1510"
"588","195162","20221102075000","1390","0","嘉義市","西區","120.445","23.470","592"
"27","195164","20221102075000","77","0","嘉義市","西區","120.425","23.465","32"
"48","195165","20221102075000","80","0","嘉義市","西區","120.425","23.480","34"
"1413","195166","20221102075000","1047","2","嘉義市","西區","120.445","23.480","1447"
"561","195167","20221102075000","674","0","嘉義市","東區","120.460","23.455","716"
"299","195169","20221102075000","217","2","嘉義市","東區","120.465","23.460","252"
"1166","195170","20221102075000","1498","0","嘉義市","東區","120.455","23.465","1164"
"637","195171","20221102075000","531","1","嘉義市","東區","120.455","23.470","600"
"257","195183","20221102075000","330","0","澎湖縣","馬公市","119.590","23.515","359"
"290","195202","20221102075000","200","2","澎湖縣","馬公市","119.605","23.525","306"
"160","195219","20221102075000","214","0","花蓮縣","瑞穗鄉","121.375","23.495","175"
"30","195220","20221102075000","75","0","花蓮縣","瑞穗鄉","121.375","23.500","24"
"324","195222","20221102075000","398","0","花蓮縣","瑞穗鄉","121.375","23.505","340"
"230","195231","20221102075000","196","1","花蓮縣","瑞穗鄉","121.390","23.490","205"
"1173","195232","20221102075000","1185","0","花蓮縣","瑞穗鄉","121.380","23.495","1147"
"64","195268","20221102075000","63","1","花蓮縣","瑞穗鄉","121.355","23.465","67"
"72","195289","20221102075000","70","1","花蓮縣","瑞穗鄉","121.360","23.475","62"
"300","195291","20221102075000","293","1","花蓮縣","瑞穗鄉","121.370","23.475","414"
"55","195336","20221102075000","28","3","花蓮縣","瑞穗鄉","121.390","23.520","72"
"60","195430","20221102075000","48","2","花蓮縣","瑞穗鄉","121.445","23.490","61"
"205","196332","20221102075000","186","1","花蓮縣","瑞穗鄉","121.375","23.515","223"
"52","196345","20221102075000","48","1","花蓮縣","瑞穗鄉","121.360","23.480","60"
"217","196360","20221102075000","229","0","花蓮縣","瑞穗鄉","121.355","23.490","284"
"278","196364","20221102075000","252","1","花蓮縣","瑞穗鄉","121.375","23.490","271"
"65","196368","20221102075000","51","2","花蓮縣","瑞穗鄉","121.360","23.495","60"
"134","196453","20221102075000","141","0","花蓮縣","卓溪鄉","121.325","23.490","128"
"318","196567","20221102075000","185","3","花蓮縣","豐濱鄉","121.505","23.470","325"
"87","196575","20221102075000","31","3","花蓮縣","豐濱鄉","121.505","23.475","78"
"54","196592","20221102075000","47","1","花蓮縣","豐濱鄉","121.510","23.480","82"
"67","196639","20221102075000","44","3","花蓮縣","豐濱鄉","121.500","23.455","74"
"191","196667","20221102075000","126","3","花蓮縣","玉里鎮","121.405","23.465","167"
"135","196709","20221102075000","54","3","花蓮縣","玉里鎮","121.395","23.455","112"
"840","196774","20221102075000","605","2","嘉義縣","中埔鄉","120.465","23.455","762"
"925","196781","20221102075000","1575","0","嘉義縣","民雄鄉","120.430","23.520","1214"
"348","196789","20221102075000","352","0","嘉義縣","民雄鄉","120.440","23.515","335"
"287","196793","20221102075000","215","2","嘉義縣","六腳鄉","120.290","23.520","352"
"605","196815","20221102075000","588","1","嘉義縣","六腳鄉","120.250","23.510","722"
"34","196825","20221102075000","26","2","嘉義縣","六腳鄉","120.225","23.485","33"
"172","196836","20221102075000","76","3","嘉義縣","六腳鄉","120.285","23.500","121"
"205","196856","20221102075000","148","2","雲林縣","水林鄉","120.225","23.505","235"
"73","196879","20221102075000","357","0","嘉義縣","六腳鄉","120.245","23.485","61"
"335","196886","20221102075000","231","2","嘉義縣","民雄鄉","120.415","23.525","450"
"71","196888","20221102075000","17","3","嘉義縣","民雄鄉","120.425","23.525","49"
"58","196895","20221102075000","187","0","嘉義縣","太保市","120.310","23.460","56"
"596","196913","20221102075000","560","1","嘉義縣","新港鄉","120.375","23.515","572"
"294","196921","20221102075000","1500","0","嘉義縣","新港鄉","120.380","23.525","298"
"319","196935","20221102075000","281","1","嘉義縣","六腳鄉","120.280","23.505","346"
"463","196963","20221102075000","464","0","嘉義縣","六腳鄉","120.310","23.500","455"
"825","197018","20221102075000","761","1","嘉義縣","太保市","120.335","23.490","1020"
"589","197019","20221102075000","331","3","嘉義縣","太保市","120.340","23.495","526"
"836","197036","20221102075000","2275","0","嘉義縣","太保市","120.365","23.500","1060"
"128","197041","20221102075000","248","0","嘉義縣","太保市","120.360","23.510","97"
"980","197046","20221102075000","515","3","嘉義縣","太保市","120.370","23.500","660"
"16","197053","20221102075000","10","3","嘉義縣","六腳鄉","120.265","23.525","15"
"322","197055","20221102075000","271","1","嘉義縣","六腳鄉","120.275","23.525","452"
"160","197536","20221102075000","160","1","南投縣","信義鄉","120.870","23.470","190"
"57","197634","20221102075000","48","1","南投縣","信義鄉","120.825","23.510","60"
"416","197682","20221102075000","855","0","嘉義縣","民雄鄉","120.440","23.520","552"
"1037","197684","20221102075000","1604","0","嘉義縣","民雄鄉","120.440","23.525","1429"
"1032","197685","20221102075000","1615","0","嘉義縣","民雄鄉","120.445","23.525","1216"
"16","197686","20221102075000","82","0","嘉義縣","民雄鄉","120.450","23.525","13"
"86","197696","20221102075000","58","2","嘉義縣","民雄鄉","120.425","23.510","72"
"28","197703","20221102075000","353","0","嘉義縣","民雄鄉","120.465","23.505","23"
"375","197710","20221102075000","402","0","嘉義縣","民雄鄉","120.475","23.515","523"
"42","197714","20221102075000","61","0","嘉義縣","民雄鄉","120.480","23.520","38"
"152","197719","20221102075000","94","3","雲林縣","水林鄉","120.205","23.530","148"
"28","197727","20221102075000","226","0","嘉義縣","太保市","120.380","23.490","25"
"291","197729","20221102075000","210","2","嘉義縣","太保市","120.370","23.495","307"
"10","197740","20221102075000","166","0","嘉義縣","太保市","120.380","23.475","12"
"158","197749","20221102075000","91","3","嘉義縣","太保市","120.385","23.480","181"
"1972","197755","20221102075000","1415","2","嘉義縣","朴子市","120.285","23.465","2041"
"203","197756","20221102075000","170","1","嘉義縣","朴子市","120.290","23.465","192"
"47","197762","20221102075000","30","3","嘉義縣","太保市","120.290","23.470","48"
"58","197764","20221102075000","204","0","嘉義縣","太保市","120.290","23.475","41"
"282","197766","20221102075000","116","3","嘉義縣","朴子市","120.240","23.470","277"
"31","197770","20221102075000","71","0","嘉義縣","新港鄉","120.310","23.515","27"
"35","197781","20221102075000","129","0","嘉義縣","新港鄉","120.330","23.520","36"
"48","197788","20221102075000","432","0","嘉義縣","朴子市","120.285","23.455","48"
"349","197794","20221102075000","1126","0","嘉義縣","朴子市","120.285","23.460","310"
"50","197795","20221102075000","319","0","嘉義縣","朴子市","120.290","23.460","40"
"777","197796","20221102075000","590","2","嘉義縣","朴子市","120.265","23.465","683"
"60","197797","20221102075000","400","0","嘉義縣","朴子市","120.255","23.455","54"
"72","197799","20221102075000","27","3","嘉義縣","朴子市","120.265","23.455","65"
"881","197800","20221102075000","265","3","嘉義縣","朴子市","120.250","23.460","808"
"77","197802","20221102075000","62","2","嘉義縣","朴子市","120.260","23.460","67"
"408","197804","20221102075000","192","3","嘉義縣","朴子市","120.255","23.465","381"
"262","197820","20221102075000","288","0","嘉義縣","新港鄉","120.365","23.515","239"
"108","197822","20221102075000","277","0","嘉義縣","新港鄉","120.350","23.520","87"
"80","197827","20221102075000","434","0","嘉義縣","新港鄉","120.355","23.520","69"
"49","197830","20221102075000","182","0","嘉義縣","新港鄉","120.330","23.510","44"
"57","197862","20221102075000","40","2","嘉義縣","阿里山鄉","120.790","23.505","64"
"166","197867","20221102075000","250","0","嘉義縣","阿里山鄉","120.810","23.515","230"
"142","197868","20221102075000","92","3","嘉義縣","阿里山鄉","120.815","23.515","125"
"452","197899","20221102075000","384","1","嘉義縣","太保市","120.335","23.475","578"
"306","197906","20221102075000","384","0","嘉義縣","太保市","120.345","23.480","427"
"47","197913","20221102075000","167","0","嘉義縣","太保市","120.300","23.465","48"
"11","197924","20221102075000","175","0","嘉義縣","太保市","120.300","23.470","12"
"47","197940","20221102075000","54","0","南投縣","信義鄉","120.890","23.490","68"
"95","198035","20221102075000","94","1","雲林縣","水林鄉","120.230","23.515","89"
"693","198046","20221102075000","419","3","雲林縣","水林鄉","120.230","23.520","570"
"1946","198052","20221102075000","1345","2","嘉義縣","朴子市","120.245","23.470","2391"
"76","198053","20221102075000","735","0","嘉義縣","六腳鄉","120.250","23.470","62"
"158","198057","20221102075000","1221","0","嘉義縣","朴子市","120.245","23.465","156"
"129","198066","20221102075000","1092","0","嘉義縣","朴子市","120.240","23.465","120"
"656","198068","20221102075000","252","3","嘉義縣","朴子市","120.225","23.460","600"
"201","198071","20221102075000","825","0","嘉義縣","朴子市","120.235","23.465","172"
"359","198076","20221102075000","300","1","嘉義縣","朴子市","120.270","23.480","310"
"81","198087","20221102075000","187","0","嘉義縣","太保市","120.355","23.465","64"
"1475","198089","20221102075000","2766","0","嘉義縣","太保市","120.380","23.500","1743"
"1097","198129","20221102075000","638","3","嘉義縣","太保市","120.325","23.455","1372"
"79","198135","20221102075000","242","0","嘉義縣","太保市","120.335","23.460","55"
"76","198141","20221102075000","563","0","嘉義縣","太保市","120.295","23.455","64"
"134","198144","20221102075000","917","0","嘉義縣","太保市","120.295","23.460","100"
"186","198164","20221102075000","150","2","嘉義縣","東石鄉","120.170","23.480","214"
"12","198175","20221102075000","13","0","嘉義縣","東石鄉","120.195","23.465","10"
"17","198190","20221102075000","30","0","嘉義縣","東石鄉","120.145","23.465","28"
"48","198208","20221102075000","53","0","嘉義縣","梅山鄉","120.710","23.520","66"
"235","198214","20221102075000","155","3","嘉義縣","梅山鄉","120.710","23.525","207"
"581","198237","20221102075000","630","0","嘉義縣","東石鄉","120.170","23.465","734"
"352","198282","20221102075000","444","0","嘉義縣","東石鄉","120.185","23.490","439"
"18","198283","20221102075000","36","0","嘉義縣","東石鄉","120.185","23.495","17"
"717","198309","20221102075000","779","0","嘉義縣","東石鄉","120.150","23.460","807"
"352","198354","20221102075000","197","3","嘉義縣","東石鄉","120.155","23.500","282"
"138","198358","20221102075000","178","0","嘉義縣","東石鄉","120.175","23.500","176"
"73","198378","20221102075000","66","1","嘉義縣","東石鄉","120.160","23.510","82"
"230","198419","20221102075000","203","1","嘉義縣","梅山鄉","120.660","23.525","264"
"56","198450","20221102075000","57","0","嘉義縣","民雄鄉","120.450","23.520","45"
"425","198452","20221102075000","204","3","嘉義縣","民雄鄉","120.460","23.520","321"
"31","198455","20221102075000","35","0","嘉義縣","民雄鄉","120.455","23.525","26"
"344","198456","20221102075000","509","0","嘉義縣","民雄鄉","120.460","23.525","470"
"165","198457","20221102075000","106","3","嘉義縣","民雄鄉","120.450","23.530","134"
"760","198458","20221102075000","464","3","嘉義縣","民雄鄉","120.455","23.530","643"
"411","198459","20221102075000","432","0","嘉義縣","民雄鄉","120.460","23.530","538"
"125","198474","20221102075000","118","1","嘉義縣","民雄鄉","120.475","23.525","164"
"31","198490","20221102075000","119","0","嘉義縣","新港鄉","120.390","23.515","28"
"58","198491","20221102075000","59","0","嘉義縣","民雄鄉","120.400","23.515","40"
"527","198495","20221102075000","528","0","嘉義縣","民雄鄉","120.410","23.520","663"
"46","198501","20221102075000","72","0","嘉義縣","民雄鄉","120.415","23.520","36"
"1657","198503","20221102075000","1367","2","嘉義縣","民雄鄉","120.430","23.530","1548"
"351","198542","20221102075000","159","3","嘉義縣","六腳鄉","120.300","23.505","319"
"27","198546","20221102075000","27","1","嘉義縣","六腳鄉","120.300","23.515","45"
"18","198646","20221102075000","115","0","嘉義縣","水上鄉","120.375","23.460","13"
"175","198651","20221102075000","127","2","雲林縣","水林鄉","120.210","23.515","161"
"284","198686","20221102075000","398","0","嘉義縣","水上鄉","120.410","23.455","392"
"299","198687","20221102075000","163","3","嘉義縣","水上鄉","120.415","23.455","286"
"643","198691","20221102075000","266","3","嘉義市","西區","120.415","23.460","620"
"53","198693","20221102075000","93","0","嘉義縣","水上鄉","120.420","23.460","49"
"1255","198697","20221102075000","1062","1","嘉義縣","六腳鄉","120.295","23.490","1667"
"417","198713","20221102075000","285","2","雲林縣","口湖鄉","120.185","23.525","421"
"676","198720","20221102075000","758","0","嘉義縣","水上鄉","120.400","23.455","866"
"199","198726","20221102075000","1135","0","嘉義縣","朴子市","120.245","23.460","168"
"13","198735","20221102075000","13","1","嘉義縣","六腳鄉","120.260","23.530","22"
"21","198765","20221102075000","21","1","嘉義縣","竹崎鄉","120.580","23.520","25"
"224","198769","20221102075000","278","0","嘉義縣","番路鄉","120.555","23.465","363"
"519","198770","20221102075000","635","0","嘉義縣","番路鄉","120.560","23.465","777"
"222","198785","20221102075000","229","0","嘉義縣","番路鄉","120.505","23.455","293"
"124","198844","20221102075000","115","1","嘉義縣","番路鄉","120.620","23.480","157"
"25","198849","20221102075000","17","2","嘉義縣","番路鄉","120.625","23.485","19"
"94","198869","20221102075000","76","2","嘉義縣","番路鄉","120.540","23.460","110"
"278","198871","20221102075000","188","2","嘉義縣","番路鄉","120.550","23.460","238"
"153","198874","20221102075000","147","1","嘉義縣","番路鄉","120.540","23.465","152"
"38","198875","20221102075000","45","0","嘉義縣","番路鄉","120.535","23.470","23"
"164","198880","20221102075000","106","3","嘉義縣","番路鄉","120.600","23.455","163"
"138","198884","20221102075000","171","0","嘉義縣","番路鄉","120.595","23.460","188"
"63","198885","20221102075000","32","3","嘉義縣","番路鄉","120.600","23.460","50"
"12","198891","20221102075000","127","0","嘉義縣","番路鄉","120.530","23.475","16"
"711","198892","20221102075000","753","0","嘉義縣","番路鄉","120.535","23.475","947"
"156","198893","20221102075000","113","2","嘉義縣","番路鄉","120.510","23.480","165"
"21","198896","20221102075000","50","0","嘉義縣","番路鄉","120.525","23.480","42"
"358","198913","20221102075000","247","2","嘉義縣","竹崎鄉","120.685","23.460","363"
"132","198918","20221102075000","132","1","嘉義縣","竹崎鄉","120.695","23.475","188"
"28","198922","20221102075000","36","0","嘉義縣","竹崎鄉","120.700","23.480","17"
"44","198923","20221102075000","19","3","嘉義縣","竹崎鄉","120.705","23.480","17"
"19","198932","20221102075000","29","0","嘉義縣","竹崎鄉","120.705","23.485","14"
"84","198946","20221102075000","139","0","嘉義縣","竹崎鄉","120.695","23.500","119"
"127","198952","20221102075000","167","0","嘉義縣","竹崎鄉","120.695","23.505","178"
"15","198964","20221102075000","30","0","嘉義縣","竹崎鄉","120.660","23.505","20"
"264","198983","20221102075000","138","3","嘉義縣","竹崎鄉","120.635","23.520","44"
"60","199039","20221102075000","45","2","嘉義縣","竹崎鄉","120.650","23.470","60"
"122","199063","20221102075000","118","1","嘉義縣","竹崎鄉","120.680","23.480","111"
"264","199106","20221102075000","415","0","嘉義縣","竹崎鄉","120.570","23.485","334"
"341","199108","20221102075000","293","1","嘉義縣","竹崎鄉","120.555","23.485","412"
"66","199120","20221102075000","33","3","嘉義縣","竹崎鄉","120.540","23.515","47"
"968","199122","20221102075000","1255","0","嘉義縣","竹崎鄉","120.550","23.515","1274"
"324","199146","20221102075000","345","0","嘉義縣","竹崎鄉","120.570","23.500","403"
"58","199161","20221102075000","465","0","嘉義縣","竹崎鄉","120.550","23.530","51"
"63","199213","20221102075000","34","3","嘉義縣","竹崎鄉","120.590","23.465","68"
"197","199237","20221102075000","135","2","嘉義縣","竹崎鄉","120.605","23.470","255"
"63","199241","20221102075000","50","2","嘉義縣","竹崎鄉","120.585","23.475","58"
"231","199248","20221102075000","141","3","嘉義縣","竹崎鄉","120.575","23.480","152"
"505","199280","20221102075000","405","2","嘉義縣","竹崎鄉","120.505","23.485","487"
"644","199288","20221102075000","703","0","嘉義縣","竹崎鄉","120.500","23.490","816"
"664","199291","20221102075000","489","2","嘉義縣","竹崎鄉","120.520","23.490","582"
"403","199297","20221102075000","495","0","嘉義縣","竹崎鄉","120.495","23.495","530"
"370","199306","20221102075000","206","3","嘉義縣","竹崎鄉","120.500","23.500","281"
"168","199313","20221102075000","229","0","嘉義縣","竹崎鄉","120.505","23.525","221"
"270","199322","20221102075000","246","1","嘉義縣","竹崎鄉","120.515","23.530","318"
"245","199330","20221102075000","284","0","嘉義縣","竹崎鄉","120.495","23.510","306"
"211","199332","20221102075000","94","3","嘉義縣","竹崎鄉","120.495","23.515","138"
"571","199353","20221102075000","612","0","嘉義縣","竹崎鄉","120.570","23.505","851"
"122","199358","20221102075000","112","1","嘉義縣","竹崎鄉","120.610","23.510","206"
"163","199367","20221102075000","125","2","嘉義縣","竹崎鄉","120.605","23.515","176"
"159","199379","20221102075000","55","3","嘉義縣","竹崎鄉","120.610","23.520","61"
"31","199459","20221102075000","41","0","嘉義縣","阿里山鄉","120.950","23.465","34"
"38","199523","20221102075000","26","2","嘉義縣","阿里山鄉","120.795","23.490","52"
"14","199541","20221102075000","13","1","嘉義縣","阿里山鄉","120.800","23.500","14"
"28","199544","20221102075000","13","3","嘉義縣","阿里山鄉","120.795","23.505","28"
"132","199552","20221102075000","87","3","嘉義縣","阿里山鄉","120.815","23.505","116"
"446","199555","20221102075000","553","0","嘉義縣","阿里山鄉","120.805","23.510","608"
"175","199603","20221102075000","157","1","嘉義縣","阿里山鄉","120.730","23.530","209"
"73","199642","20221102075000","90","0","嘉義縣","阿里山鄉","120.755","23.490","86"
"27","199653","20221102075000","29","0","嘉義縣","阿里山鄉","120.745","23.495","39"
"136","199699","20221102075000","47","3","嘉義縣","阿里山鄉","120.740","23.515","106"
"77","199719","20221102075000","75","1","嘉義縣","阿里山鄉","120.720","23.455","93"
"48","199725","20221102075000","52","0","嘉義縣","阿里山鄉","120.700","23.460","55"
"217","199742","20221102075000","165","2","嘉義縣","阿里山鄉","120.730","23.465","234"
"126","199744","20221102075000","91","2","嘉義縣","竹崎鄉","120.695","23.470","229"
"310","199745","20221102075000","341","0","嘉義縣","阿里山鄉","120.700","23.470","416"
"92","199748","20221102075000","93","0","嘉義縣","阿里山鄉","120.715","23.470","77"
"97","199760","20221102075000","95","1","嘉義縣","阿里山鄉","120.715","23.480","127"
"49","199769","20221102075000","57","0","嘉義縣","阿里山鄉","120.720","23.485","105"
"140","199777","20221102075000","122","1","嘉義縣","阿里山鄉","120.750","23.455","150"
"31","199798","20221102075000","27","1","嘉義縣","阿里山鄉","120.775","23.460","29"
"328","199875","20221102075000","159","3","嘉義縣","竹崎鄉","120.595","23.485","305"
"176","199886","20221102075000","93","3","嘉義縣","竹崎鄉","120.595","23.495","164"
"158","199900","20221102075000","265","0","嘉義縣","竹崎鄉","120.540","23.495","120"
"540","199903","20221102075000","643","0","嘉義縣","竹崎鄉","120.540","23.500","660"
"86","199909","20221102075000","65","2","嘉義縣","竹崎鄉","120.595","23.525","115"
"134","199920","20221102075000","116","1","嘉義縣","竹崎鄉","120.510","23.490","153"
"465","199938","20221102075000","523","0","嘉義縣","竹崎鄉","120.525","23.515","673"
"293","200367","20221102075000","372","0","澎湖縣","馬公市","119.550","23.535","446"
"16","201149","20221102075000","60","0","澎湖縣","馬公市","119.570","23.550","76"
"148","201150","20221102075000","241","0","澎湖縣","馬公市","119.575","23.550","246"
"145","201400","20221102075000","239","0","澎湖縣","馬公市","119.570","23.555","473"
"456","202108","20221102075000","518","0","澎湖縣","西嶼鄉","119.485","23.565","539"
"616","202121","20221102075000","662","0","澎湖縣","馬公市","119.565","23.565","824"
"239","202367","20221102075000","361","0","澎湖縣","馬公市","119.565","23.570","309"
"37","202600","20221102075000","52","0","澎湖縣","西嶼鄉","119.500","23.575","35"
"555","202858","20221102075000","752","0","澎湖縣","馬公市","119.575","23.580","467"
"90","203106","20221102075000","119","0","澎湖縣","馬公市","119.570","23.585","136"
"521","203108","20221102075000","384","2","澎湖縣","馬公市","119.580","23.585","432"
"91","203109","20221102075000","92","0","澎湖縣","馬公市","119.585","23.585","102"
"34","203877","20221102075000","13","3","澎湖縣","湖西鄉","119.640","23.600","23"
"28","203940","20221102075000","38","0","澎湖縣","馬公市","119.570","23.560","18"
"665","203941","20221102075000","896","0","澎湖縣","馬公市","119.570","23.565","865"
"1316","203942","20221102075000","2121","0","澎湖縣","馬公市","119.570","23.570","1339"
"391","203945","20221102075000","381","1","澎湖縣","湖西鄉","119.615","23.570","273"
"42","203947","20221102075000","292","0","澎湖縣","湖西鄉","119.625","23.570","29"
"309","203951","20221102075000","229","2","澎湖縣","馬公市","119.600","23.555","345"
"27","203964","20221102075000","162","0","澎湖縣","湖西鄉","119.620","23.600","13"
"361","203989","20221102075000","214","3","澎湖縣","西嶼鄉","119.480","23.565","314"
"231","203992","20221102075000","220","1","澎湖縣","湖西鄉","119.615","23.595","292"
"56","203994","20221102075000","64","0","澎湖縣","湖西鄉","119.665","23.585","98"
"33","204001","20221102075000","19","3","澎湖縣","馬公市","119.590","23.550","54"
"1199","204013","20221102075000","1167","1","澎湖縣","馬公市","119.600","23.570","1441"
"110","204018","20221102075000","456","0","澎湖縣","馬公市","119.580","23.560","61"
"1804","204021","20221102075000","745","3","澎湖縣","馬公市","119.585","23.565","2290"
"1218","204022","20221102075000","510","3","澎湖縣","馬公市","119.590","23.565","1432"
"350","204025","20221102075000","337","1","澎湖縣","湖西鄉","119.630","23.565","468"
"179","204033","20221102075000","193","0","澎湖縣","湖西鄉","119.655","23.565","264"
"243","204042","20221102075000","242","1","澎湖縣","馬公市","119.545","23.540","197"
"182","204045","20221102075000","611","0","澎湖縣","湖西鄉","119.670","23.570","216"
"276","204049","20221102075000","362","0","澎湖縣","馬公市","119.575","23.570","363"
"886","204050","20221102075000","728","2","澎湖縣","馬公市","119.580","23.570","1124"
"1986","204052","20221102075000","2517","0","澎湖縣","馬公市","119.575","23.575","2319"
"92","204053","20221102075000","651","0","澎湖縣","馬公市","119.580","23.575","59"
"581","204054","20221102075000","474","2","澎湖縣","馬公市","119.580","23.580","705"
"527","204067","20221102075000","275","3","澎湖縣","馬公市","119.615","23.555","332"
"72","204074","20221102075000","77","0","澎湖縣","湖西鄉","119.620","23.565","92"
"360","204075","20221102075000","273","2","澎湖縣","湖西鄉","119.650","23.570","436"
"461","204080","20221102075000","508","0","澎湖縣","湖西鄉","119.650","23.580","635"
"126","204087","20221102075000","155","0","澎湖縣","西嶼鄉","119.505","23.585","175"
"273","204092","20221102075000","396","0","澎湖縣","西嶼鄉","119.510","23.600","324"
"257","204107","20221102075000","224","1","澎湖縣","馬公市","119.560","23.560","234"
"302","204108","20221102075000","511","0","澎湖縣","馬公市","119.565","23.560","437"
"33","204109","20221102075000","17","3","澎湖縣","馬公市","119.595","23.550","52"
"57","204111","20221102075000","308","0","澎湖縣","馬公市","119.595","23.555","28"
"357","204113","20221102075000","194","3","澎湖縣","馬公市","119.605","23.535","242"
"48","204120","20221102075000","245","0","澎湖縣","馬公市","119.610","23.545","46"
"16","204123","20221102075000","17","0","澎湖縣","馬公市","119.615","23.550","13"
"64","204124","20221102075000","203","0","澎湖縣","馬公市","119.620","23.550","35"
"106","204136","20221102075000","133","0","澎湖縣","湖西鄉","119.640","23.580","42"
"235","204137","20221102075000","276","0","澎湖縣","湖西鄉","119.645","23.580","349"
"306","204161","20221102075000","116","3","澎湖縣","湖西鄉","119.640","23.555","400"
"22","204162","20221102075000","384","0","澎湖縣","湖西鄉","119.630","23.560","51"
"24","204163","20221102075000","214","0","澎湖縣","湖西鄉","119.635","23.560","24"
"13","204174","20221102075000","389","0","澎湖縣","湖西鄉","119.615","23.590","13"
"145","204179","20221102075000","28","3","澎湖縣","湖西鄉","119.680","23.555","73"
"347","204185","20221102075000","302","1","澎湖縣","湖西鄉","119.670","23.565","462"
"1735","204189","20221102075000","1184","2","澎湖縣","馬公市","119.575","23.565","1549"
"536","204192","20221102075000","272","3","澎湖縣","馬公市","119.585","23.560","716"
"47","204194","20221102075000","376","0","澎湖縣","馬公市","119.595","23.560","24"
"1896","204195","20221102075000","1013","3","澎湖縣","馬公市","119.600","23.560","2432"
"269","204313","20221102075000","216","2","花蓮縣","瑞穗鄉","121.375","23.575","261"
"122","204317","20221102075000","138","0","花蓮縣","瑞穗鄉","121.370","23.580","180"
"148","204319","20221102075000","121","2","花蓮縣","瑞穗鄉","121.380","23.580","153"
"31","204320","20221102075000","35","0","花蓮縣","萬榮鄉","121.355","23.585","45"
"120","204355","20221102075000","114","1","花蓮縣","瑞穗鄉","121.385","23.570","136"
"81","204381","20221102075000","61","2","花蓮縣","瑞穗鄉","121.385","23.580","66"
"35","204384","20221102075000","45","0","花蓮縣","瑞穗鄉","121.400","23.580","59"
"153","204421","20221102075000","128","1","花蓮縣","光復鄉","121.390","23.605","146"
"50","204446","20221102075000","38","2","花蓮縣","光復鄉","121.385","23.605","53"
"186","204758","20221102075000","179","1","花蓮縣","瑞穗鄉","121.375","23.540","197"
"28","205305","20221102075000","24","1","花蓮縣","豐濱鄉","121.525","23.575","24"
"123","205386","20221102075000","70","3","花蓮縣","豐濱鄉","121.525","23.595","125"
"228","205403","20221102075000","176","2","花蓮縣","豐濱鄉","121.520","23.600","251"
"75","205422","20221102075000","49","3","花蓮縣","豐濱鄉","121.530","23.605","84"
"42","205447","20221102075000","57","0","花蓮縣","光復鄉","121.420","23.605","39"
"526","205461","20221102075000","391","2","雲林縣","元長鄉","120.350","23.600","488"
"38","205475","20221102075000","49","0","嘉義縣","民雄鄉","120.400","23.555","34"
"417","205481","20221102075000","504","0","嘉義縣","民雄鄉","120.400","23.560","423"
"13","205482","20221102075000","151","0","嘉義縣","溪口鄉","120.405","23.560","13"
"979","205486","20221102075000","761","2","嘉義縣","民雄鄉","120.420","23.550","921"
"25","205488","20221102075000","41","0","嘉義縣","民雄鄉","120.425","23.555","23"
"600","205494","20221102075000","351","3","嘉義縣","民雄鄉","120.380","23.545","579"
"17","205501","20221102075000","335","0","嘉義縣","民雄鄉","120.445","23.560","13"
"409","205502","20221102075000","293","2","嘉義縣","民雄鄉","120.450","23.560","373"
"46","205523","20221102075000","52","0","嘉義縣","民雄鄉","120.450","23.570","47"
"569","205531","20221102075000","504","1","嘉義縣","民雄鄉","120.435","23.565","526"
"75","205537","20221102075000","199","0","嘉義縣","民雄鄉","120.435","23.535","61"
"191","205548","20221102075000","153","2","嘉義縣","六腳鄉","120.295","23.540","168"
"311","205557","20221102075000","265","1","嘉義縣","六腳鄉","120.300","23.550","304"
"160","205571","20221102075000","229","0","雲林縣","水林鄉","120.245","23.605","204"
"114","205579","20221102075000","35","3","雲林縣","水林鄉","120.220","23.595","116"
"16","205586","20221102075000","201","0","雲林縣","水林鄉","120.235","23.605","10"
"69","205593","20221102075000","353","0","嘉義縣","新港鄉","120.345","23.570","62"
"96","205600","20221102075000","429","0","嘉義縣","新港鄉","120.345","23.550","73"
"302","205605","20221102075000","180","3","嘉義縣","新港鄉","120.330","23.560","315"
"193","205606","20221102075000","84","3","嘉義縣","新港鄉","120.335","23.560","120"
"37","205615","20221102075000","383","0","嘉義縣","新港鄉","120.340","23.575","24"
"429","205623","20221102075000","324","2","雲林縣","元長鄉","120.335","23.610","376"
"82","205641","20221102075000","106","0","嘉義縣","新港鄉","120.350","23.590","116"
"24","205649","20221102075000","250","0","嘉義縣","新港鄉","120.315","23.550","22"
"149","205670","20221102075000","44","3","雲林縣","口湖鄉","120.170","23.605","127"
"296","206056","20221102075000","297","0","南投縣","信義鄉","120.925","23.560","350"
"509","206426","20221102075000","518","0","南投縣","信義鄉","120.895","23.595","579"
"13","206748","20221102075000","12","1","雲林縣","北港鎮","120.285","23.555","13"
"1037","206759","20221102075000","982","1","嘉義縣","溪口鄉","120.400","23.605","1325"
"645","206766","20221102075000","881","0","嘉義縣","民雄鄉","120.430","23.550","839"
"1437","206767","20221102075000","1195","2","嘉義縣","民雄鄉","120.430","23.555","1347"
"761","206768","20221102075000","629","2","嘉義縣","民雄鄉","120.435","23.555","729"
"426","206781","20221102075000","287","2","雲林縣","北港鎮","120.325","23.585","452"
"65","206786","20221102075000","735","0","雲林縣","北港鎮","120.295","23.575","63"
"287","206789","20221102075000","300","0","雲林縣","北港鎮","120.300","23.580","263"
"722","206790","20221102075000","751","0","雲林縣","北港鎮","120.305","23.580","804"
"59","206794","20221102075000","34","3","雲林縣","北港鎮","120.310","23.585","59"
"144","206797","20221102075000","850","0","雲林縣","北港鎮","120.310","23.590","140"
"222","206815","20221102075000","158","2","嘉義縣","大林鎮","120.465","23.600","257"
"538","206822","20221102075000","273","3","嘉義縣","大林鎮","120.470","23.605","481"
"83","206825","20221102075000","431","0","嘉義縣","大林鎮","120.485","23.605","60"
"265","206830","20221102075000","239","1","嘉義縣","民雄鄉","120.445","23.545","230"
"27","206834","20221102075000","23","1","嘉義縣","民雄鄉","120.440","23.550","30"
"141","206837","20221102075000","132","1","嘉義縣","民雄鄉","120.455","23.550","197"
"301","206858","20221102075000","348","0","嘉義縣","民雄鄉","120.480","23.535","404"
"232","206869","20221102075000","144","3","嘉義縣","民雄鄉","120.500","23.540","337"
"25","206879","20221102075000","30","0","嘉義縣","民雄鄉","120.415","23.560","16"
"31","206882","20221102075000","24","2","嘉義縣","民雄鄉","120.410","23.565","36"
"22","206903","20221102075000","72","0","雲林縣","水林鄉","120.235","23.580","13"
"492","206905","20221102075000","186","3","雲林縣","水林鄉","120.230","23.585","554"
"15","206936","20221102075000","71","0","雲林縣","水林鄉","120.265","23.605","19"
"1082","206940","20221102075000","1156","0","雲林縣","北港鎮","120.300","23.565","1342"
"434","206943","20221102075000","276","3","雲林縣","北港鎮","120.310","23.575","399"
"476","206964","20221102075000","299","3","嘉義縣","新港鄉","120.360","23.590","540"
"48","206982","20221102075000","361","0","嘉義縣","新港鄉","120.370","23.555","46"
"86","206991","20221102075000","534","0","嘉義縣","新港鄉","120.350","23.555","598"
"744","206992","20221102075000","353","3","嘉義縣","新港鄉","120.355","23.555","645"
"85","206994","20221102075000","898","0","嘉義縣","新港鄉","120.350","23.560","63"
"783","206997","20221102075000","470","3","嘉義縣","新港鄉","120.320","23.565","717"
"30","207025","20221102075000","256","0","嘉義縣","新港鄉","120.335","23.540","29"
"175","207038","20221102075000","643","0","嘉義縣","新港鄉","120.345","23.555","1222"
"108","207039","20221102075000","26","3","嘉義縣","新港鄉","120.345","23.560","60"
"19","207040","20221102075000","121","0","嘉義縣","新港鄉","120.345","23.535","17"
"44","207051","20221102075000","259","0","嘉義縣","新港鄉","120.375","23.560","29"
"50","207166","20221102075000","41","2","南投縣","信義鄉","120.915","23.545","51"
"120","207170","20221102075000","105","1","南投縣","信義鄉","120.870","23.550","114"
"156","207172","20221102075000","115","2","南投縣","信義鄉","120.880","23.550","149"
"34","207177","20221102075000","76","0","南投縣","信義鄉","120.905","23.550","34"
"216","207208","20221102075000","202","1","南投縣","信義鄉","120.905","23.565","249"
"24","207242","20221102075000","249","0","南投縣","信義鄉","120.890","23.590","33"
"1120","207256","20221102075000","1109","1","雲林縣","北港鎮","120.305","23.565","1057"
"187","207266","20221102075000","166","1","嘉義縣","新港鄉","120.310","23.565","198"
"2034","207275","20221102075000","1364","2","雲林縣","北港鎮","120.290","23.575","2080"
"64","207299","20221102075000","59","1","嘉義縣","梅山鄉","120.600","23.560","69"
"163","207304","20221102075000","95","3","嘉義縣","梅山鄉","120.595","23.565","142"
"197","207305","20221102075000","225","0","嘉義縣","梅山鄉","120.605","23.565","247"
"101","207326","20221102075000","99","1","嘉義縣","梅山鄉","120.625","23.550","119"
"281","207338","20221102075000","314","0","嘉義縣","梅山鄉","120.580","23.545","416"
"693","207352","20221102075000","919","0","嘉義縣","梅山鄉","120.555","23.585","940"
"540","207353","20221102075000","656","0","嘉義縣","梅山鄉","120.560","23.585","730"
"508","207356","20221102075000","314","3","嘉義縣","梅山鄉","120.550","23.590","386"
"352","207360","20221102075000","377","0","嘉義縣","大林鎮","120.450","23.605","519"
"74","207367","20221102075000","762","0","嘉義縣","大林鎮","120.525","23.595","59"
"215","207373","20221102075000","458","0","嘉義縣","大林鎮","120.500","23.605","178"
"127","207387","20221102075000","599","0","雲林縣","北港鎮","120.275","23.600","90"
"277","207403","20221102075000","223","2","雲林縣","北港鎮","120.325","23.595","294"
"485","207414","20221102075000","390","2","雲林縣","北港鎮","120.280","23.560","398"
"18","207432","20221102075000","193","0","雲林縣","口湖鄉","120.180","23.605","18"
"346","207435","20221102075000","273","2","雲林縣","古坑鄉","120.540","23.595","462"
"32","207462","20221102075000","99","0","雲林縣","古坑鄉","120.595","23.600","34"
"201","207463","20221102075000","115","3","雲林縣","古坑鄉","120.600","23.600","230"
"158","207465","20221102075000","93","3","雲林縣","古坑鄉","120.610","23.600","146"
"76","207467","20221102075000","24","3","雲林縣","古坑鄉","120.620","23.600","63"
"59","207494","20221102075000","53","1","雲林縣","古坑鄉","120.640","23.605","84"
"17","207498","20221102075000","92","0","雲林縣","古坑鄉","120.570","23.605","20"
"159","207505","20221102075000","194","0","嘉義縣","大林鎮","120.470","23.580","214"
"219","207507","20221102075000","373","0","嘉義縣","大林鎮","120.465","23.585","289"
"92","207511","20221102075000","45","3","嘉義縣","大林鎮","120.505","23.560","124"
"294","207522","20221102075000","250","1","嘉義縣","大林鎮","120.490","23.570","292"
"288","207523","20221102075000","376","0","嘉義縣","大林鎮","120.495","23.570","359"
"20","207536","20221102075000","115","0","嘉義縣","大林鎮","120.505","23.575","25"
"42","207556","20221102075000","487","0","嘉義縣","大林鎮","120.500","23.580","40"
"24","207558","20221102075000","250","0","嘉義縣","大林鎮","120.510","23.580","27"
"329","207564","20221102075000","209","3","嘉義縣","大林鎮","120.495","23.585","317"
"27","207576","20221102075000","188","0","嘉義縣","大林鎮","120.475","23.590","22"
"240","207578","20221102075000","263","0","嘉義縣","大林鎮","120.465","23.595","217"
"522","207585","20221102075000","452","1","嘉義縣","大林鎮","120.505","23.590","472"
"10","207587","20221102075000","280","0","嘉義縣","大林鎮","120.515","23.590","10"
"60","207592","20221102075000","442","0","嘉義縣","大林鎮","120.505","23.595","56"
"69","207596","20221102075000","29","3","嘉義縣","大林鎮","120.505","23.600","64"
"386","207602","20221102075000","449","0","嘉義縣","大林鎮","120.455","23.595","411"
"525","207604","20221102075000","850","0","嘉義縣","大林鎮","120.455","23.600","431"
"1150","207605","20221102075000","1186","0","嘉義縣","大林鎮","120.460","23.600","1066"
"139","207606","20221102075000","107","2","嘉義縣","大林鎮","120.460","23.605","114"
"262","207613","20221102075000","234","1","嘉義縣","大林鎮","120.445","23.610","309"
"22","207617","20221102075000","408","0","嘉義縣","大林鎮","120.445","23.595","19"
"1062","207626","20221102075000","1152","0","嘉義縣","大林鎮","120.455","23.605","1228"
"230","207628","20221102075000","1471","0","雲林縣","水林鄉","120.240","23.570","223"
"18","207629","20221102075000","11","3","雲林縣","水林鄉","120.245","23.570","13"
"106","207634","20221102075000","462","0","雲林縣","水林鄉","120.250","23.575","91"
"25","207650","20221102075000","10","3","雲林縣","水林鄉","120.265","23.535","16"
"281","207670","20221102075000","158","3","嘉義縣","溪口鄉","120.395","23.600","193"
"126","207674","20221102075000","80","3","嘉義縣","梅山鄉","120.575","23.560","100"
"168","207675","20221102075000","187","0","嘉義縣","梅山鄉","120.580","23.560","207"
"579","207684","20221102075000","806","0","嘉義縣","梅山鄉","120.565","23.575","747"
"75","207691","20221102075000","76","0","嘉義縣","梅山鄉","120.580","23.580","58"
"117","207701","20221102075000","47","3","嘉義縣","梅山鄉","120.600","23.565","92"
"37","207703","20221102075000","77","0","嘉義縣","梅山鄉","120.580","23.570","33"
"334","207707","20221102075000","118","3","嘉義縣","梅山鄉","120.595","23.570","439"
"125","207721","20221102075000","78","3","嘉義縣","梅山鄉","120.600","23.575","115"
"338","207727","20221102075000","432","0","嘉義縣","梅山鄉","120.555","23.545","412"
"38","207736","20221102075000","48","0","嘉義縣","梅山鄉","120.545","23.555","57"
"49","207753","20221102075000","48","1","嘉義縣","梅山鄉","120.715","23.535","72"
"82","207756","20221102075000","101","0","嘉義縣","梅山鄉","120.730","23.535","100"
"286","207761","20221102075000","218","2","嘉義縣","梅山鄉","120.710","23.540","302"
"230","207793","20221102075000","122","3","嘉義縣","梅山鄉","120.740","23.555","184"
"148","207860","20221102075000","151","0","雲林縣","古坑鄉","120.695","23.580","147"
"151","207910","20221102075000","102","2","雲林縣","古坑鄉","120.690","23.595","145"
"52","207945","20221102075000","43","2","雲林縣","古坑鄉","120.710","23.605","50"
"16","207962","20221102075000","12","2","雲林縣","古坑鄉","120.575","23.595","18"
"29","207964","20221102075000","23","2","雲林縣","古坑鄉","120.585","23.595","36"
"329","207970","20221102075000","128","3","雲林縣","古坑鄉","120.590","23.585","363"
"186","207983","20221102075000","109","3","雲林縣","古坑鄉","120.595","23.595","177"
"89","207985","20221102075000","49","3","雲林縣","古坑鄉","120.585","23.600","104"
"346","207988","20221102075000","328","1","雲林縣","口湖鄉","120.165","23.535","378"
"947","208006","20221102075000","694","2","雲林縣","口湖鄉","120.185","23.585","852"
"119","208021","20221102075000","69","3","嘉義縣","梅山鄉","120.625","23.570","81"
"192","208025","20221102075000","147","2","嘉義縣","梅山鄉","120.625","23.575","238"
"111","208030","20221102075000","225","0","嘉義縣","新港鄉","120.310","23.570","134"
"26","208049","20221102075000","302","0","雲林縣","口湖鄉","120.160","23.560","31"
"56","208080","20221102075000","196","0","雲林縣","口湖鄉","120.150","23.580","50"
"111","208091","20221102075000","18","3","雲林縣","口湖鄉","120.140","23.585","148"
"435","208131","20221102075000","261","3","嘉義縣","民雄鄉","120.410","23.570","359"
"614","208146","20221102075000","374","3","雲林縣","大埤鄉","120.370","23.610","519"
"590","208152","20221102075000","588","1","嘉義縣","梅山鄉","120.560","23.580","732"
"219","208158","20221102075000","151","2","嘉義縣","梅山鄉","120.560","23.565","176"
"163","208165","20221102075000","199","0","嘉義縣","梅山鄉","120.555","23.575","239"
"87","208171","20221102075000","140","0","嘉義縣","梅山鄉","120.680","23.535","95"
"205","208176","20221102075000","188","1","嘉義縣","梅山鄉","120.665","23.540","181"
"180","208180","20221102075000","101","3","嘉義縣","梅山鄉","120.685","23.540","127"
"266","208200","20221102075000","282","0","嘉義縣","梅山鄉","120.665","23.550","357"
"93","208203","20221102075000","41","3","嘉義縣","梅山鄉","120.680","23.550","58"
"151","208265","20221102075000","125","2","嘉義縣","梅山鄉","120.530","23.580","182"
"14","208273","20221102075000","84","0","嘉義縣","梅山鄉","120.535","23.590","14"
"106","208303","20221102075000","111","0","嘉義縣","梅山鄉","120.535","23.550","117"
"96","208323","20221102075000","411","0","嘉義縣","民雄鄉","120.465","23.555","76"
"1957","208324","20221102075000","1886","1","嘉義縣","民雄鄉","120.470","23.555","2354"
"179","208325","20221102075000","119","3","嘉義縣","民雄鄉","120.475","23.555","144"
"18","208326","20221102075000","16","1","嘉義縣","民雄鄉","120.480","23.555","14"
"876","208328","20221102075000","929","0","嘉義縣","民雄鄉","120.470","23.560","1216"
"438","208329","20221102075000","575","0","嘉義縣","民雄鄉","120.475","23.560","571"
"116","208332","20221102075000","182","0","嘉義縣","民雄鄉","120.475","23.565","141"
"679","208347","20221102075000","353","3","嘉義縣","民雄鄉","120.400","23.535","589"
"63","208352","20221102075000","483","0","嘉義縣","民雄鄉","120.460","23.535","46"
"335","208357","20221102075000","250","2","嘉義縣","民雄鄉","120.460","23.545","326"
"1302","208359","20221102075000","1155","1","嘉義縣","民雄鄉","120.425","23.560","1314"
"14","208360","20221102075000","26","0","嘉義縣","民雄鄉","120.430","23.560","18"
"27","208363","20221102075000","311","0","嘉義縣","民雄鄉","120.425","23.570","25"
"415","208380","20221102075000","137","3","嘉義縣","民雄鄉","120.390","23.545","396"
"610","208390","20221102075000","384","3","嘉義縣","民雄鄉","120.420","23.540","540"
"238","208392","20221102075000","174","2","嘉義縣","民雄鄉","120.430","23.540","182"
"257","208407","20221102075000","145","3","雲林縣","口湖鄉","120.175","23.570","292"
"458","208415","20221102075000","278","3","雲林縣","口湖鄉","120.190","23.575","484"
"503","208452","20221102075000","494","1","嘉義縣","溪口鄉","120.430","23.585","607"
"53","208454","20221102075000","311","0","嘉義縣","溪口鄉","120.440","23.585","34"
"408","208468","20221102075000","428","0","嘉義縣","溪口鄉","120.385","23.595","509"
"192","208486","20221102075000","171","1","嘉義縣","溪口鄉","120.390","23.605","236"
"574","208497","20221102075000","503","1","嘉義縣","六腳鄉","120.300","23.560","927"
"385","208503","20221102075000","517","0","嘉義縣","六腳鄉","120.290","23.535","479"
"50","208508","20221102075000","434","0","雲林縣","口湖鄉","120.180","23.585","55"
"417","208528","20221102075000","232","3","雲林縣","口湖鄉","120.140","23.550","456"
"67","208546","20221102075000","322","0","雲林縣","口湖鄉","120.150","23.565","71"
"15","208554","20221102075000","163","0","雲林縣","水林鄉","120.270","23.565","12"
"1171","208568","20221102075000","830","2","雲林縣","口湖鄉","120.190","23.545","1098"
"199","208573","20221102075000","306","0","雲林縣","北港鎮","120.285","23.610","136"
"1210","208589","20221102075000","1520","0","雲林縣","北港鎮","120.300","23.570","1232"
"696","208590","20221102075000","799","0","雲林縣","北港鎮","120.300","23.575","739"
"72","208617","20221102075000","392","0","雲林縣","水林鄉","120.220","23.560","44"
"57","208629","20221102075000","241","0","雲林縣","水林鄉","120.205","23.575","56"
"21","208633","20221102075000","17","2","雲林縣","水林鄉","120.225","23.535","25"
"390","208638","20221102075000","293","2","雲林縣","水林鄉","120.230","23.540","397"
"104","208647","20221102075000","363","0","雲林縣","水林鄉","120.250","23.550","90"
"146","208695","20221102075000","89","3","嘉義縣","竹崎鄉","120.555","23.540","118"
"185","208704","20221102075000","79","3","嘉義縣","竹崎鄉","120.560","23.540","160"
"88","208793","20221102075000","79","1","嘉義縣","阿里山鄉","120.750","23.570","68"
"39","208821","20221102075000","30","2","嘉義縣","阿里山鄉","120.750","23.580","41"
"30","208866","20221102075000","25","2","嘉義縣","阿里山鄉","120.750","23.590","27"
"60","209129","20221102075000","84","0","澎湖縣","湖西鄉","119.625","23.605","73"
"54","209899","20221102075000","80","0","澎湖縣","白沙鄉","119.570","23.615","114"
"41","209905","20221102075000","201","0","澎湖縣","白沙鄉","119.605","23.615","45"
"81","210790","20221102075000","39","3","花蓮縣","豐濱鄉","121.535","23.635","99"
"78","210927","20221102075000","129","0","澎湖縣","西嶼鄉","119.530","23.635","103"
"201","210940","20221102075000","241","0","澎湖縣","白沙鄉","119.600","23.635","252"
"14","211725","20221102075000","10","2","澎湖縣","白沙鄉","119.630","23.650","15"
"229","212241","20221102075000","221","1","澎湖縣","白沙鄉","119.655","23.660","288"
"573","212745","20221102075000","421","2","澎湖縣","白沙鄉","119.595","23.665","713"
"25","213442","20221102075000","25","1","澎湖縣","白沙鄉","119.555","23.660","26"
"42","213444","20221102075000","164","0","澎湖縣","白沙鄉","119.590","23.655","34"
"12","213447","20221102075000","23","0","澎湖縣","白沙鄉","119.600","23.650","22"
"317","213454","20221102075000","99","3","澎湖縣","白沙鄉","119.560","23.660","244"
"119","213465","20221102075000","144","0","澎湖縣","白沙鄉","119.595","23.650","162"
"103","213491","20221102075000","121","0","澎湖縣","西嶼鄉","119.510","23.615","140"
"123","213509","20221102075000","193","0","澎湖縣","西嶼鄉","119.515","23.630","160"
"81","213516","20221102075000","101","0","澎湖縣","西嶼鄉","119.515","23.650","99"
"423","213554","20221102075000","359","1","花蓮縣","光復鄉","121.430","23.675","389"
"136","213627","20221102075000","136","1","花蓮縣","光復鄉","121.420","23.660","120"
"352","213652","20221102075000","360","0","花蓮縣","光復鄉","121.420","23.670","315"
"84","213675","20221102075000","84","1","花蓮縣","光復鄉","121.415","23.680","81"
"121","213820","20221102075000","56","3","花蓮縣","光復鄉","121.430","23.635","100"
"21","213864","20221102075000","135","0","雲林縣","四湖鄉","120.185","23.650","21"
"26","214415","20221102075000","20","2","花蓮縣","豐濱鄉","121.545","23.670","34"
"59","214424","20221102075000","54","1","花蓮縣","豐濱鄉","121.530","23.680","64"
"47","214495","20221102075000","46","1","花蓮縣","豐濱鄉","121.485","23.640","67"
"221","214521","20221102075000","29","3","雲林縣","四湖鄉","120.185","23.660","193"
"47","214544","20221102075000","182","0","雲林縣","四湖鄉","120.275","23.650","50"
"102","214550","20221102075000","238","0","雲林縣","元長鄉","120.275","23.660","102"
"315","214565","20221102075000","187","3","雲林縣","四湖鄉","120.200","23.640","288"
"84","214566","20221102075000","95","0","雲林縣","四湖鄉","120.205","23.640","87"
"155","214578","20221102075000","377","0","雲林縣","四湖鄉","120.220","23.615","136"
"60","214580","20221102075000","190","0","雲林縣","四湖鄉","120.170","23.640","42"
"228","214640","20221102075000","142","3","花蓮縣","光復鄉","121.450","23.655","226"
"178","214665","20221102075000","199","0","花蓮縣","光復鄉","121.405","23.625","169"
"159","214678","20221102075000","123","2","花蓮縣","光復鄉","121.415","23.645","161"
"20","214691","20221102075000","30","0","花蓮縣","光復鄉","121.415","23.655","24"
"13","214697","20221102075000","10","2","花蓮縣","光復鄉","121.410","23.660","16"
"298","214701","20221102075000","210","2","花蓮縣","光復鄉","121.430","23.665","319"
"447","214703","20221102075000","420","1","花蓮縣","光復鄉","121.425","23.670","392"
"668","214705","20221102075000","554","2","花蓮縣","光復鄉","121.420","23.665","702"
"160","214706","20221102075000","130","2","花蓮縣","光復鄉","121.425","23.665","146"
"414","214707","20221102075000","345","2","花蓮縣","光復鄉","121.450","23.660","434"
"400","214728","20221102075000","172","3","雲林縣","元長鄉","120.315","23.675","425"
"12","214731","20221102075000","111","0","雲林縣","元長鄉","120.310","23.680","22"
"51","214762","20221102075000","26","3","雲林縣","元長鄉","120.285","23.640","36"
"342","214797","20221102075000","371","0","雲林縣","元長鄉","120.375","23.645","309"
"237","214824","20221102075000","93","3","雲林縣","東勢鄉","120.260","23.665","213"
"48","214826","20221102075000","204","0","雲林縣","東勢鄉","120.250","23.670","39"
"22","214842","20221102075000","189","0","雲林縣","四湖鄉","120.150","23.625","19"
"10","214846","20221102075000","108","0","雲林縣","口湖鄉","120.155","23.630","11"
"450","214854","20221102075000","304","2","雲林縣","斗南鎮","120.440","23.685","462"
"758","214857","20221102075000","535","2","雲林縣","斗南鎮","120.485","23.685","727"
"177","214861","20221102075000","77","3","雲林縣","斗南鎮","120.490","23.640","160"
"367","214868","20221102075000","267","2","雲林縣","斗南鎮","120.430","23.670","354"
"337","214876","20221102075000","216","3","雲林縣","斗南鎮","120.445","23.675","330"
"1488","214886","20221102075000","1132","2","雲林縣","斗南鎮","120.475","23.665","1507"
"23","214887","20221102075000","236","0","雲林縣","大埤鄉","120.455","23.670","20"
"334","214890","20221102075000","297","1","雲林縣","斗南鎮","120.470","23.670","349"
"2044","214891","20221102075000","1819","1","雲林縣","斗南鎮","120.475","23.670","1977"
"562","214896","20221102075000","570","0","雲林縣","斗南鎮","120.470","23.675","578"
"47","214922","20221102075000","84","0","南投縣","鹿谷鄉","120.790","23.670","72"
"98","214931","20221102075000","98","1","南投縣","鹿谷鄉","120.790","23.675","109"
"359","214932","20221102075000","213","3","南投縣","鹿谷鄉","120.800","23.670","361"
"184","214936","20221102075000","148","2","南投縣","鹿谷鄉","120.795","23.675","191"
"205","214940","20221102075000","161","2","南投縣","鹿谷鄉","120.795","23.680","233"
"359","214967","20221102075000","478","0","雲林縣","斗南鎮","120.485","23.640","332"
"288","214975","20221102075000","278","1","雲林縣","斗南鎮","120.480","23.665","284"
"982","214978","20221102075000","214","3","雲林縣","斗南鎮","120.485","23.670","390"
"115","215001","20221102075000","360","0","雲林縣","土庫鎮","120.390","23.665","97"
"781","215006","20221102075000","647","2","雲林縣","土庫鎮","120.380","23.675","804"
"1240","215009","20221102075000","850","2","雲林縣","土庫鎮","120.390","23.680","1234"
"31","215011","20221102075000","79","0","雲林縣","土庫鎮","120.385","23.685","24"
"197","215012","20221102075000","242","0","雲林縣","土庫鎮","120.390","23.685","219"
"206","215013","20221102075000","163","2","雲林縣","土庫鎮","120.365","23.660","172"
"244","215017","20221102075000","215","1","雲林縣","土庫鎮","120.370","23.665","242"
"193","215022","20221102075000","158","2","雲林縣","土庫鎮","120.375","23.670","181"
"338","215044","20221102075000","259","2","雲林縣","元長鄉","120.335","23.615","335"
"381","215049","20221102075000","388","0","雲林縣","元長鄉","120.335","23.620","406"
"21","215053","20221102075000","160","0","雲林縣","元長鄉","120.280","23.655","17"
"54","215072","20221102075000","54","1","雲林縣","元長鄉","120.350","23.615","46"
"313","215075","20221102075000","277","1","雲林縣","元長鄉","120.340","23.635","323"
"94","215100","20221102075000","239","0","雲林縣","元長鄉","120.330","23.660","83"
"774","215115","20221102075000","288","3","雲林縣","口湖鄉","120.165","23.615","732"
"204","215539","20221102075000","168","2","南投縣","信義鄉","120.865","23.625","192"
"102","215550","20221102075000","70","2","南投縣","信義鄉","120.895","23.630","111"
"165","215558","20221102075000","135","2","南投縣","信義鄉","120.880","23.635","171"
"242","215647","20221102075000","195","2","南投縣","信義鄉","120.860","23.665","229"
"46","215656","20221102075000","48","0","南投縣","信義鄉","120.855","23.670","41"
"95","216356","20221102075000","253","0","雲林縣","北港鎮","120.295","23.615","90"
"37","216361","20221102075000","29","2","雲林縣","斗南鎮","120.485","23.675","34"
"71","216367","20221102075000","70","1","雲林縣","斗南鎮","120.500","23.680","63"
"32","216370","20221102075000","311","0","雲林縣","斗南鎮","120.480","23.650","22"
"84","216372","20221102075000","84","1","雲林縣","斗南鎮","120.490","23.650","76"
"476","216377","20221102075000","441","1","雲林縣","斗南鎮","120.475","23.660","483"
"16","216386","20221102075000","10","3","雲林縣","元長鄉","120.335","23.630","23"
"180","216394","20221102075000","144","2","雲林縣","元長鄉","120.355","23.620","185"
"875","216409","20221102075000","697","2","雲林縣","元長鄉","120.360","23.640","863"
"119","216416","20221102075000","52","3","雲林縣","水林鄉","120.250","23.615","113"
"846","216421","20221102075000","525","3","雲林縣","斗南鎮","120.480","23.675","857"
"73","216424","20221102075000","48","3","雲林縣","斗南鎮","120.480","23.670","91"
"16","216438","20221102075000","18","0","雲林縣","斗六市","120.525","23.670","14"
"168","216439","20221102075000","98","3","雲林縣","斗六市","120.530","23.670","169"
"25","216451","20221102075000","25","1","雲林縣","斗六市","120.625","23.685","24"
"59","216459","20221102075000","272","0","雲林縣","土庫鎮","120.345","23.665","70"
"167","216478","20221102075000","72","3","雲林縣","水林鄉","120.260","23.620","135"
"87","216482","20221102075000","144","0","雲林縣","水林鄉","120.265","23.625","90"
"762","216488","20221102075000","485","3","雲林縣","斗南鎮","120.470","23.680","705"
"758","216489","20221102075000","561","2","雲林縣","斗南鎮","120.475","23.680","650"
"1231","216490","20221102075000","1041","1","雲林縣","斗南鎮","120.480","23.680","1211"
"89","216498","20221102075000","218","0","雲林縣","斗南鎮","120.515","23.645","74"
"343","216500","20221102075000","183","3","雲林縣","斗南鎮","120.505","23.650","366"
"162","216517","20221102075000","371","0","雲林縣","古坑鄉","120.540","23.660","123"
"54","216519","20221102075000","278","0","雲林縣","斗六市","120.525","23.665","47"
"109","216526","20221102075000","186","0","雲林縣","斗南鎮","120.465","23.685","93"
"11","216534","20221102075000","168","0","雲林縣","斗南鎮","120.535","23.650","14"
"59","216543","20221102075000","256","0","雲林縣","斗南鎮","120.505","23.665","71"
"10","216544","20221102075000","94","0","雲林縣","斗南鎮","120.495","23.670","10"
"218","216579","20221102075000","130","3","雲林縣","土庫鎮","120.345","23.660","248"
"218","216583","20221102075000","1026","0","雲林縣","土庫鎮","120.390","23.675","191"
"117","216589","20221102075000","371","0","雲林縣","土庫鎮","120.355","23.685","104"
"90","216595","20221102075000","283","0","雲林縣","大埤鄉","120.465","23.635","76"
"24","216597","20221102075000","177","0","雲林縣","大埤鄉","120.465","23.640","28"
"67","216607","20221102075000","259","0","雲林縣","大埤鄉","120.450","23.650","83"
"277","216617","20221102075000","181","3","南投縣","信義鄉","120.810","23.665","184"
"176","216682","20221102075000","112","3","南投縣","信義鄉","120.865","23.640","174"
"44","216694","20221102075000","50","0","南投縣","信義鄉","120.875","23.660","50"
"31","216718","20221102075000","179","0","雲林縣","古坑鄉","120.565","23.625","20"
"92","216737","20221102075000","759","0","雲林縣","古坑鄉","120.565","23.640","80"
"30","216744","20221102075000","194","0","雲林縣","古坑鄉","120.575","23.645","20"
"99","216754","20221102075000","345","0","雲林縣","古坑鄉","120.550","23.610","82"
"20","216766","20221102075000","134","0","雲林縣","古坑鄉","120.540","23.620","22"
"19","216791","20221102075000","29","0","雲林縣","古坑鄉","120.605","23.670","11"
"36","216800","20221102075000","173","0","雲林縣","古坑鄉","120.590","23.685","24"
"463","216807","20221102075000","423","1","雲林縣","古坑鄉","120.565","23.645","447"
"27","216821","20221102075000","26","1","雲林縣","古坑鄉","120.605","23.655","35"
"235","216832","20221102075000","247","0","雲林縣","古坑鄉","120.575","23.675","241"
"127","216841","20221102075000","593","0","雲林縣","古坑鄉","120.570","23.685","152"
"267","216889","20221102075000","190","2","雲林縣","古坑鄉","120.600","23.685","265"
"24","216891","20221102075000","219","0","雲林縣","古坑鄉","120.610","23.685","19"
"20","216893","20221102075000","17","1","雲林縣","古坑鄉","120.620","23.685","16"
"609","216901","20221102075000","263","3","雲林縣","古坑鄉","120.635","23.615","708"
"72","216906","20221102075000","57","2","雲林縣","古坑鄉","120.640","23.620","58"
"46","216928","20221102075000","390","0","雲林縣","古坑鄉","120.560","23.670","46"
"25","216932","20221102075000","24","1","雲林縣","古坑鄉","120.570","23.610","26"
"59","216938","20221102075000","50","1","雲林縣","古坑鄉","120.575","23.615","48"
"398","216939","20221102075000","213","3","雲林縣","古坑鄉","120.580","23.615","317"
"105","216944","20221102075000","492","0","雲林縣","古坑鄉","120.560","23.620","100"
"48","216948","20221102075000","32","3","雲林縣","古坑鄉","120.580","23.620","51"
"433","216990","20221102075000","549","0","嘉義縣","大林鎮","120.470","23.620","649"
"17","217001","20221102075000","56","0","嘉義縣","大林鎮","120.495","23.620","19"
"23","217013","20221102075000","164","0","嘉義縣","大林鎮","120.500","23.625","22"
"49","217022","20221102075000","22","3","嘉義縣","大林鎮","120.490","23.615","65"
"16","217030","20221102075000","178","0","嘉義縣","大林鎮","120.420","23.615","11"
"87","217035","20221102075000","649","0","嘉義縣","大林鎮","120.435","23.620","143"
"62","217057","20221102075000","276","0","雲林縣","大埤鄉","120.395","23.625","53"
"60","217065","20221102075000","179","0","雲林縣","大埤鄉","120.380","23.620","46"
"40","217073","20221102075000","178","0","雲林縣","大埤鄉","120.425","23.665","41"
"36","217076","20221102075000","20","3","雲林縣","大埤鄉","120.415","23.665","33"
"77","217087","20221102075000","293","0","雲林縣","大埤鄉","120.470","23.655","63"
"111","217105","20221102075000","409","0","雲林縣","古坑鄉","120.555","23.625","76"
"152","217110","20221102075000","198","0","雲林縣","古坑鄉","120.555","23.630","158"
"22","217112","20221102075000","128","0","雲林縣","古坑鄉","120.550","23.640","28"
"42","217135","20221102075000","11","3","雲林縣","土庫鎮","120.395","23.680","43"
"15","217149","20221102075000","24","0","雲林縣","古坑鄉","120.710","23.610","49"
"29","217196","20221102075000","18","3","雲林縣","古坑鄉","120.590","23.650","38"
"48","217209","20221102075000","245","0","雲林縣","古坑鄉","120.575","23.665","45"
"890","217221","20221102075000","358","3","雲林縣","古坑鄉","120.560","23.650","883"
"106","217222","20221102075000","119","0","雲林縣","古坑鄉","120.560","23.655","100"
"14","217230","20221102075000","74","0","雲林縣","古坑鄉","120.515","23.625","16"
"224","217236","20221102075000","209","1","雲林縣","古坑鄉","120.525","23.630","232"
"44","217239","20221102075000","59","0","雲林縣","古坑鄉","120.520","23.635","49"
"75","217259","20221102075000","49","3","雲林縣","大埤鄉","120.420","23.625","55"
"31","217266","20221102075000","359","0","雲林縣","大埤鄉","120.420","23.635","37"
"511","217403","20221102075000","358","2","嘉義縣","溪口鄉","120.410","23.615","627"
"379","217423","20221102075000","89","3","雲林縣","大埤鄉","120.410","23.640","332"
"198","217432","20221102075000","852","0","雲林縣","大埤鄉","120.430","23.645","206"
"46","217442","20221102075000","163","0","雲林縣","大埤鄉","120.415","23.660","46"
"404","217449","20221102075000","107","3","雲林縣","東勢鄉","120.300","23.680","431"
"73","217458","20221102075000","286","0","雲林縣","東勢鄉","120.265","23.675","82"
"163","217463","20221102075000","426","0","雲林縣","東勢鄉","120.255","23.685","190"
"108","217467","20221102075000","685","0","雲林縣","東勢鄉","120.255","23.675","95"
"81","217492","20221102075000","183","0","雲林縣","四湖鄉","120.155","23.650","100"
"41","217497","20221102075000","163","0","雲林縣","四湖鄉","120.155","23.655","32"
"177","217526","20221102075000","103","3","雲林縣","元長鄉","120.320","23.615","164"
"17","217532","20221102075000","350","0","雲林縣","元長鄉","120.320","23.625","21"
"146","217546","20221102075000","62","3","雲林縣","四湖鄉","120.190","23.620","145"
"17","217550","20221102075000","96","0","雲林縣","四湖鄉","120.185","23.625","31"
"231","217561","20221102075000","618","0","雲林縣","四湖鄉","120.230","23.635","213"
"271","217585","20221102075000","237","1","雲林縣","斗六市","120.525","23.675","286"
"216","217589","20221102075000","149","2","雲林縣","斗六市","120.520","23.680","226"
"109","217593","20221102075000","598","0","雲林縣","斗六市","120.510","23.685","93"
"70","217594","20221102075000","217","0","雲林縣","斗六市","120.515","23.685","55"
"409","217597","20221102075000","182","3","雲林縣","斗南鎮","120.470","23.630","361"
"31","217604","20221102075000","24","2","雲林縣","斗南鎮","120.480","23.640","40"
"219","217605","20221102075000","37","3","雲林縣","四湖鄉","120.140","23.620","247"
"154","217610","20221102075000","62","3","雲林縣","四湖鄉","120.150","23.630","142"
"1122","217637","20221102075000","650","3","雲林縣","口湖鄉","120.160","23.610","1151"
"22","217641","20221102075000","202","0","雲林縣","元長鄉","120.310","23.615","19"
"80","217646","20221102075000","422","0","雲林縣","元長鄉","120.305","23.625","84"
"398","217654","20221102075000","127","3","雲林縣","元長鄉","120.325","23.655","409"
"66","217663","20221102075000","205","0","雲林縣","元長鄉","120.315","23.640","53"
"455","217673","20221102075000","1553","0","雲林縣","元長鄉","120.315","23.650","421"
"77","217674","20221102075000","87","0","雲林縣","元長鄉","120.300","23.655","70"
"171","217701","20221102075000","140","2","雲林縣","斗六市","120.560","23.675","162"
"10","217703","20221102075000","37","0","雲林縣","斗六市","120.555","23.680","10"
"497","217705","20221102075000","299","3","雲林縣","古坑鄉","120.565","23.680","490"
"12","217707","20221102075000","217","0","雲林縣","斗六市","120.550","23.685","14"
"127","217708","20221102075000","99","2","雲林縣","斗六市","120.555","23.685","120"
"189","217711","20221102075000","757","0","雲林縣","斗六市","120.540","23.675","160"
"17","217712","20221102075000","119","0","雲林縣","斗六市","120.545","23.675","18"
"810","217716","20221102075000","595","2","雲林縣","斗六市","120.545","23.680","838"
"571","217718","20221102075000","521","1","雲林縣","斗六市","120.540","23.685","541"
"51","217728","20221102075000","412","0","雲林縣","大埤鄉","120.450","23.665","49"
"251","217747","20221102075000","158","3","雲林縣","四湖鄉","120.220","23.635","254"
"110","217753","20221102075000","428","0","雲林縣","四湖鄉","120.225","23.645","104"
"112","217774","20221102075000","463","0","雲林縣","四湖鄉","120.175","23.680","100"
"10","217781","20221102075000","137","0","雲林縣","口湖鄉","120.200","23.615","12"
"293","217799","20221102075000","140","3","雲林縣","四湖鄉","120.215","23.635","338"
"1182","217801","20221102075000","642","3","雲林縣","四湖鄉","120.225","23.635","1377"
"64","217817","20221102075000","125","0","雲林縣","虎尾鎮","120.405","23.680","61"
"33","217819","20221102075000","139","0","雲林縣","虎尾鎮","120.415","23.680","31"
"549","217821","20221102075000","424","2","雲林縣","虎尾鎮","120.410","23.685","598"
"129","217830","20221102075000","88","2","南投縣","竹山鎮","120.660","23.670","146"
"192","217842","20221102075000","725","0","雲林縣","大埤鄉","120.450","23.630","165"
"33","217845","20221102075000","267","0","雲林縣","大埤鄉","120.465","23.630","21"
"61","217877","20221102075000","179","0","雲林縣","大埤鄉","120.395","23.650","43"
"10","217883","20221102075000","152","0","雲林縣","大埤鄉","120.400","23.655","13"
"45","217899","20221102075000","134","0","南投縣","竹山鎮","120.670","23.670","27"
"201","218047","20221102075000","162","2","南投縣","竹山鎮","120.795","23.630","206"
"10","218070","20221102075000","13","0","南投縣","竹山鎮","120.795","23.635","15"
"285","218092","20221102075000","180","3","南投縣","竹山鎮","120.790","23.640","303"
"248","218153","20221102075000","308","0","南投縣","竹山鎮","120.765","23.655","371"
"80","218168","20221102075000","88","0","南投縣","竹山鎮","120.745","23.660","81"
"458","218218","20221102075000","690","0","南投縣","竹山鎮","120.760","23.675","430"
"76","218283","20221102075000","96","0","南投縣","竹山鎮","120.655","23.645","67"
"146","218348","20221102075000","117","2","南投縣","竹山鎮","120.665","23.650","135"
"117","218364","20221102075000","98","1","南投縣","竹山鎮","120.665","23.660","131"
"160","218380","20221102075000","273","0","雲林縣","台西鄉","120.210","23.675","158"
"37","218386","20221102075000","164","0","雲林縣","台西鄉","120.225","23.680","33"
"53","218399","20221102075000","227","0","雲林縣","台西鄉","120.180","23.680","45"
"69","218413","20221102075000","180","0","雲林縣","台西鄉","120.210","23.665","82"
"56","219194","20221102075000","36","3","花蓮縣","豐濱鄉","121.555","23.695","52"
"185","222539","20221102075000","296","0","澎湖縣","白沙鄉","119.610","23.750","285"
"806","223474","20221102075000","540","2","花蓮縣","鳳林鎮","121.445","23.745","848"
"85","223481","20221102075000","53","3","花蓮縣","鳳林鎮","121.445","23.750","99"
"94","223503","20221102075000","125","0","花蓮縣","光復鄉","121.410","23.685","132"
"313","223610","20221102075000","294","1","雲林縣","二崙鄉","120.420","23.755","305"
"28","223616","20221102075000","43","0","雲林縣","二崙鄉","120.425","23.755","24"
"124","223971","20221102075000","87","2","花蓮縣","鳳林鎮","121.455","23.745","128"
"203","223986","20221102075000","176","1","花蓮縣","鳳林鎮","121.465","23.755","214"
"262","224005","20221102075000","224","1","花蓮縣","鳳林鎮","121.505","23.710","295"
"61","224077","20221102075000","47","2","花蓮縣","鳳林鎮","121.500","23.760","70"
"43","224149","20221102075000","43","1","花蓮縣","鳳林鎮","121.410","23.700","33"
"328","224179","20221102075000","452","0","花蓮縣","鳳林鎮","121.420","23.710","326"
"21","224210","20221102075000","21","1","花蓮縣","萬榮鄉","121.395","23.715","22"
"50","224212","20221102075000","70","0","花蓮縣","萬榮鄉","121.405","23.715","51"
"506","224231","20221102075000","320","3","花蓮縣","鳳林鎮","121.450","23.750","527"
"309","224245","20221102075000","250","2","花蓮縣","鳳林鎮","121.440","23.725","268"
"763","224262","20221102075000","925","0","花蓮縣","鳳林鎮","121.450","23.745","732"
"31","224270","20221102075000","360","0","雲林縣","土庫鎮","120.365","23.705","34"
"79","224272","20221102075000","230","0","雲林縣","土庫鎮","120.365","23.710","69"
"19","224301","20221102075000","68","0","雲林縣","二崙鄉","120.410","23.750","15"
"177","224441","20221102075000","95","3","花蓮縣","萬榮鄉","121.400","23.705","209"
"243","224591","20221102075000","212","1","花蓮縣","鳳林鎮","121.450","23.760","259"
"38","224688","20221102075000","39","0","花蓮縣","豐濱鄉","121.560","23.730","43"
"25","224707","20221102075000","123","0","雲林縣","二崙鄉","120.395","23.750","24"
"21","224725","20221102075000","55","0","雲林縣","元長鄉","120.330","23.690","32"
"275","224731","20221102075000","250","1","雲林縣","斗六市","120.565","23.730","274"
"879","224732","20221102075000","674","2","雲林縣","斗六市","120.555","23.735","897"
"15","224733","20221102075000","15","1","雲林縣","斗六市","120.560","23.735","13"
"423","224734","20221102075000","264","3","雲林縣","斗六市","120.565","23.735","438"
"288","224735","20221102075000","289","0","雲林縣","斗六市","120.550","23.740","329"
"69","224737","20221102075000","58","1","雲林縣","斗六市","120.560","23.740","52"
"231","224742","20221102075000","245","0","雲林縣","斗六市","120.560","23.745","221"
"44","224761","20221102075000","383","0","雲林縣","褒忠鄉","120.280","23.705","40"
"380","224763","20221102075000","197","3","雲林縣","東勢鄉","120.270","23.710","356"
"355","224805","20221102075000","175","3","雲林縣","東勢鄉","120.255","23.735","419"
"216","224806","20221102075000","178","2","雲林縣","斗南鎮","120.485","23.690","208"
"212","224834","20221102075000","177","1","南投縣","鹿谷鄉","120.795","23.690","153"
"24","224863","20221102075000","119","0","南投縣","鹿谷鄉","120.780","23.720","28"
"185","224872","20221102075000","149","2","南投縣","鹿谷鄉","120.745","23.760","196"
"111","224873","20221102075000","95","1","南投縣","鹿谷鄉","120.725","23.765","110"
"300","224875","20221102075000","334","0","南投縣","鹿谷鄉","120.735","23.765","292"
"329","224896","20221102075000","279","1","南投縣","鹿谷鄉","120.780","23.705","348"
"24","224917","20221102075000","129","0","雲林縣","土庫鎮","120.365","23.730","23"
"388","224920","20221102075000","291","2","雲林縣","土庫鎮","120.385","23.690","337"
"604","224923","20221102075000","284","3","雲林縣","土庫鎮","120.390","23.695","540"
"40","224936","20221102075000","260","0","南投縣","鹿谷鄉","120.770","23.730","27"
"304","224950","20221102075000","281","1","南投縣","鹿谷鄉","120.760","23.740","370"
"428","224951","20221102075000","370","1","南投縣","鹿谷鄉","120.765","23.740","416"
"195","224973","20221102075000","763","0","南投縣","鹿谷鄉","120.775","23.750","180"
"334","225062","20221102075000","346","0","南投縣","鹿谷鄉","120.755","23.725","357"
"17","225085","20221102075000","14","2","南投縣","鹿谷鄉","120.740","23.730","15"
"88","225138","20221102075000","84","1","南投縣","鹿谷鄉","120.820","23.720","60"
"406","225159","20221102075000","405","1","南投縣","鹿谷鄉","120.790","23.730","365"
"291","225192","20221102075000","308","0","南投縣","鹿谷鄉","120.755","23.745","270"
"697","225195","20221102075000","503","2","南投縣","鹿谷鄉","120.755","23.750","723"
"139","225196","20221102075000","137","1","南投縣","鹿谷鄉","120.745","23.755","155"
"985","225206","20221102075000","829","1","雲林縣","麥寮鄉","120.185","23.760","935"
"195","225208","20221102075000","215","0","雲林縣","麥寮鄉","120.175","23.765","203"
"671","225215","20221102075000","675","0","雲林縣","斗六市","120.575","23.725","669"
"242","225247","20221102075000","175","2","南投縣","信義鄉","120.850","23.695","231"
"33","225259","20221102075000","142","0","南投縣","信義鄉","120.850","23.700","29"
"255","225307","20221102075000","150","3","南投縣","信義鄉","120.850","23.685","243"
"138","225309","20221102075000","113","2","南投縣","信義鄉","120.850","23.690","142"
"345","225972","20221102075000","248","2","雲林縣","斗南鎮","120.500","23.690","341"
"70","225977","20221102075000","678","0","雲林縣","斗南鎮","120.480","23.700","64"
"39","225978","20221102075000","301","0","雲林縣","斗南鎮","120.485","23.700","32"
"277","225980","20221102075000","366","0","雲林縣","斗南鎮","120.495","23.700","291"
"54","225991","20221102075000","250","0","雲林縣","斗六市","120.500","23.710","59"
"269","226020","20221102075000","154","3","南投縣","水里鄉","120.855","23.730","254"
"2712","226032","20221102075000","913","3","雲林縣","斗六市","120.535","23.700","2604"
"1103","226033","20221102075000","558","3","雲林縣","斗六市","120.540","23.705","1153"
"1012","226034","20221102075000","859","1","雲林縣","斗六市","120.555","23.710","952"
"1335","226037","20221102075000","1259","1","雲林縣","斗六市","120.555","23.715","1324"
"2201","226039","20221102075000","1448","3","雲林縣","斗六市","120.525","23.695","2295"
"2046","226040","20221102075000","859","3","雲林縣","斗六市","120.530","23.695","2035"
"2972","226042","20221102075000","1389","3","雲林縣","斗六市","120.535","23.705","2933"
"175","226047","20221102075000","76","3","雲林縣","斗六市","120.560","23.725","159"
"736","226050","20221102075000","419","3","雲林縣","斗六市","120.530","23.730","741"
"83","226056","20221102075000","365","0","雲林縣","斗六市","120.530","23.735","86"
"27","226057","20221102075000","41","0","雲林縣","斗六市","120.535","23.735","35"
"176","226058","20221102075000","171","1","雲林縣","斗六市","120.540","23.735","178"
"465","226062","20221102075000","305","3","雲林縣","斗六市","120.540","23.740","449"
"30","226065","20221102075000","26","1","雲林縣","斗六市","120.505","23.690","31"
"240","226075","20221102075000","254","0","雲林縣","斗六市","120.510","23.705","251"
"1854","226079","20221102075000","699","3","雲林縣","斗六市","120.525","23.690","1863"
"432","226080","20221102075000","754","0","雲林縣","斗六市","120.530","23.690","412"
"1123","226081","20221102075000","558","3","雲林縣","斗六市","120.535","23.690","1121"
"1078","226083","20221102075000","670","3","雲林縣","斗六市","120.595","23.710","1000"
"18","226086","20221102075000","67","0","雲林縣","斗六市","120.590","23.715","14"
"582","226091","20221102075000","532","1","雲林縣","斗六市","120.595","23.715","574"
"32","226098","20221102075000","33","0","雲林縣","斗六市","120.625","23.695","40"
"242","226124","20221102075000","183","2","雲林縣","斗六市","120.600","23.715","235"
"13","226125","20221102075000","19","0","雲林縣","斗六市","120.610","23.715","17"
"26","226131","20221102075000","36","0","雲林縣","斗六市","120.605","23.715","14"
"3147","226137","20221102075000","1589","3","雲林縣","斗六市","120.540","23.700","3127"
"156","226143","20221102075000","158","0","雲林縣","斗六市","120.505","23.715","161"
"1053","226146","20221102075000","418","3","雲林縣","斗六市","120.525","23.715","1089"
"693","226149","20221102075000","573","2","雲林縣","斗六市","120.505","23.720","669"
"114","226151","20221102075000","122","0","雲林縣","斗六市","120.515","23.720","118"
"1293","226153","20221102075000","625","3","雲林縣","斗六市","120.525","23.720","1311"
"1363","226159","20221102075000","918","2","雲林縣","斗六市","120.520","23.725","1299"
"172","226168","20221102075000","888","0","雲林縣","土庫鎮","120.355","23.705","177"
"31","226173","20221102075000","355","0","雲林縣","斗南鎮","120.475","23.690","26"
"291","226174","20221102075000","259","1","雲林縣","斗南鎮","120.480","23.690","285"
"310","226175","20221102075000","311","0","雲林縣","斗南鎮","120.465","23.695","323"
"18","226182","20221102075000","142","0","雲林縣","崙背鄉","120.345","23.755","10"
"61","226190","20221102075000","363","0","雲林縣","崙背鄉","120.305","23.755","58"
"352","226206","20221102075000","127","3","雲林縣","土庫鎮","120.345","23.695","315"
"53","226232","20221102075000","364","0","南投縣","水里鄉","120.845","23.745","52"
"412","226259","20221102075000","316","2","雲林縣","虎尾鎮","120.445","23.705","431"
"51","226261","20221102075000","333","0","雲林縣","虎尾鎮","120.455","23.705","41"
"1029","226263","20221102075000","1035","0","雲林縣","虎尾鎮","120.450","23.710","1209"
"532","226265","20221102075000","343","3","雲林縣","虎尾鎮","120.445","23.710","519"
"346","226266","20221102075000","280","2","雲林縣","虎尾鎮","120.450","23.715","320"
"312","226267","20221102075000","204","3","雲林縣","虎尾鎮","120.415","23.715","327"
"633","226268","20221102075000","367","3","雲林縣","虎尾鎮","120.420","23.715","626"
"203","226277","20221102075000","273","0","雲林縣","虎尾鎮","120.420","23.725","224"
"955","226286","20221102075000","844","1","雲林縣","虎尾鎮","120.425","23.735","941"
"478","226287","20221102075000","390","2","雲林縣","虎尾鎮","120.415","23.740","487"
"510","226291","20221102075000","451","1","雲林縣","斗六市","120.575","23.715","534"
"367","226293","20221102075000","429","0","雲林縣","斗六市","120.580","23.720","372"
"802","226294","20221102075000","839","0","雲林縣","斗六市","120.585","23.720","879"
"726","226298","20221102075000","782","0","雲林縣","斗六市","120.585","23.725","751"
"22","226299","20221102075000","167","0","雲林縣","斗六市","120.590","23.725","28"
"343","226302","20221102075000","269","2","雲林縣","斗六市","120.590","23.730","351"
"90","226669","20221102075000","447","0","雲林縣","崙背鄉","120.380","23.750","85"
"43","226674","20221102075000","120","0","雲林縣","崙背鄉","120.385","23.755","30"
"375","226678","20221102075000","174","3","雲林縣","崙背鄉","120.375","23.760","409"
"872","226684","20221102075000","293","3","雲林縣","斗六市","120.560","23.695","907"
"296","226686","20221102075000","101","3","雲林縣","斗六市","120.555","23.700","280"
"815","226687","20221102075000","185","3","雲林縣","斗六市","120.560","23.700","831"
"699","226689","20221102075000","237","3","雲林縣","斗六市","120.560","23.705","705"
"452","226695","20221102075000","523","0","雲林縣","斗六市","120.575","23.700","482"
"62","226701","20221102075000","258","0","雲林縣","斗六市","120.605","23.700","73"
"19","226707","20221102075000","18","1","雲林縣","斗六市","120.600","23.705","20"
"1154","226714","20221102075000","615","3","雲林縣","虎尾鎮","120.430","23.715","1128"
"306","226715","20221102075000","458","0","雲林縣","虎尾鎮","120.440","23.715","312"
"37","226718","20221102075000","64","0","雲林縣","斗六市","120.570","23.690","39"
"110","226726","20221102075000","62","3","雲林縣","古坑鄉","120.605","23.695","120"
"253","226731","20221102075000","211","1","雲林縣","虎尾鎮","120.400","23.715","247"
"46","226733","20221102075000","344","0","雲林縣","虎尾鎮","120.410","23.715","38"
"56","226737","20221102075000","393","0","雲林縣","虎尾鎮","120.445","23.715","56"
"130","226738","20221102075000","93","2","雲林縣","虎尾鎮","120.445","23.720","128"
"637","226739","20221102075000","458","2","雲林縣","虎尾鎮","120.450","23.720","649"
"519","226749","20221102075000","297","3","雲林縣","東勢鄉","120.250","23.715","508"
"47","226761","20221102075000","395","0","雲林縣","莿桐鄉","120.500","23.750","43"
"606","226763","20221102075000","269","3","雲林縣","莿桐鄉","120.510","23.750","691"
"106","226767","20221102075000","946","0","雲林縣","莿桐鄉","120.500","23.760","118"
"37","226768","20221102075000","367","0","雲林縣","莿桐鄉","120.505","23.760","44"
"33","226770","20221102075000","23","2","雲林縣","莿桐鄉","120.500","23.765","30"
"23","226788","20221102075000","228","0","雲林縣","虎尾鎮","120.405","23.700","24"
"391","226802","20221102075000","256","3","雲林縣","虎尾鎮","120.460","23.710","363"
"56","226804","20221102075000","62","0","雲林縣","虎尾鎮","120.470","23.710","67"
"744","226807","20221102075000","589","2","雲林縣","虎尾鎮","120.470","23.715","636"
"244","226810","20221102075000","138","3","雲林縣","虎尾鎮","120.460","23.715","211"
"39","226820","20221102075000","166","0","雲林縣","東勢鄉","120.245","23.690","41"
"42","226824","20221102075000","89","0","雲林縣","斗六市","120.600","23.725","34"
"213","226828","20221102075000","225","0","雲林縣","林內鄉","120.595","23.735","228"
"96","226841","20221102075000","672","0","雲林縣","林內鄉","120.595","23.750","86"
"34","226857","20221102075000","234","0","雲林縣","林內鄉","120.635","23.755","23"
"1386","226870","20221102075000","852","3","雲林縣","林內鄉","120.610","23.755","1422"
"37","226877","20221102075000","285","0","雲林縣","林內鄉","120.615","23.765","27"
"97","226880","20221102075000","449","0","雲林縣","林內鄉","120.620","23.765","82"
"39","226886","20221102075000","351","0","雲林縣","林內鄉","120.615","23.760","41"
"11","226903","20221102075000","61","0","雲林縣","林內鄉","120.620","23.745","14"
"23","226920","20221102075000","65","0","雲林縣","林內鄉","120.625","23.720","13"
"161","226924","20221102075000","137","1","雲林縣","林內鄉","120.610","23.725","163"
"94","226957","20221102075000","259","0","雲林縣","林內鄉","120.590","23.760","69"
"3320","226964","20221102075000","1947","3","雲林縣","斗六市","120.555","23.705","3293"
"1341","226965","20221102075000","910","2","雲林縣","斗六市","120.530","23.715","1316"
"543","226966","20221102075000","399","2","雲林縣","斗六市","120.535","23.710","557"
"1794","226967","20221102075000","1241","2","雲林縣","斗六市","120.535","23.715","1535"
"76","227221","20221102075000","36","3","雲林縣","斗六市","120.545","23.720","68"
"351","227224","20221102075000","202","3","雲林縣","斗六市","120.540","23.725","364"
"52","227240","20221102075000","157","0","雲林縣","東勢鄉","120.270","23.705","59"
"37","227244","20221102075000","191","0","雲林縣","東勢鄉","120.285","23.690","36"
"40","227262","20221102075000","243","0","雲林縣","東勢鄉","120.250","23.705","36"
"142","227268","20221102075000","77","3","雲林縣","西螺鎮","120.460","23.760","145"
"1548","227273","20221102075000","921","3","雲林縣","斗六市","120.545","23.715","1535"
"91","227274","20221102075000","87","1","雲林縣","斗六市","120.565","23.710","104"
"901","227276","20221102075000","771","1","雲林縣","斗六市","120.565","23.715","854"
"194","227279","20221102075000","189","1","雲林縣","斗六市","120.560","23.715","187"
"585","227280","20221102075000","524","1","雲林縣","斗六市","120.565","23.720","599"
"66","227287","20221102075000","364","0","雲林縣","土庫鎮","120.345","23.705","58"
"217","227301","20221102075000","124","3","雲林縣","斗六市","120.520","23.695","213"
"19","227302","20221102075000","38","0","雲林縣","斗六市","120.520","23.700","19"
"288","227303","20221102075000","341","0","雲林縣","斗六市","120.525","23.700","266"
"10","227305","20221102075000","97","0","雲林縣","斗六市","120.525","23.705","10"
"39","227306","20221102075000","1280","0","雲林縣","斗六市","120.530","23.705","39"
"29","227309","20221102075000","62","0","雲林縣","斗六市","120.525","23.710","28"
"33","227320","20221102075000","110","0","雲林縣","斗六市","120.565","23.695","42"
"1068","227328","20221102075000","1363","0","雲林縣","斗六市","120.540","23.710","1038"
"1046","227329","20221102075000","766","2","雲林縣","斗六市","120.540","23.715","996"
"798","227330","20221102075000","797","1","雲林縣","斗六市","120.550","23.715","765"
"20","227339","20221102075000","248","0","雲林縣","斗六市","120.565","23.750","21"
"2466","227348","20221102075000","2324","1","雲林縣","斗六市","120.545","23.710","2452"
"776","227349","20221102075000","879","0","雲林縣","斗六市","120.540","23.690","821"
"342","227350","20221102075000","998","0","雲林縣","斗六市","120.550","23.710","332"
"84","227351","20221102075000","134","0","雲林縣","崙背鄉","120.360","23.755","85"
"102","227355","20221102075000","284","0","雲林縣","崙背鄉","120.370","23.755","92"
"960","227359","20221102075000","878","1","雲林縣","崙背鄉","120.350","23.760","1006"
"194","227365","20221102075000","149","2","雲林縣","崙背鄉","120.330","23.750","195"
"61","227373","20221102075000","232","0","雲林縣","崙背鄉","120.315","23.755","48"
"41","227383","20221102075000","154","0","雲林縣","崙背鄉","120.335","23.760","31"
"187","227395","20221102075000","192","0","雲林縣","西螺鎮","120.435","23.755","196"
"153","227444","20221102075000","573","0","雲林縣","台西鄉","120.200","23.715","147"
"87","227446","20221102075000","52","3","雲林縣","台西鄉","120.210","23.715","95"
"213","227476","20221102075000","1278","0","雲林縣","台西鄉","120.200","23.700","255"
"361","227502","20221102075000","863","0","南投縣","竹山鎮","120.695","23.760","324"
"350","227503","20221102075000","461","0","南投縣","竹山鎮","120.685","23.765","356"
"34","227504","20221102075000","81","0","南投縣","竹山鎮","120.690","23.765","39"
"235","227505","20221102075000","235","1","南投縣","竹山鎮","120.695","23.765","253"
"31","227537","20221102075000","95","0","南投縣","竹山鎮","120.725","23.755","22"
"16","227540","20221102075000","57","0","南投縣","竹山鎮","120.710","23.760","14"
"174","227544","20221102075000","150","1","雲林縣","莿桐鄉","120.525","23.735","156"
"54","227559","20221102075000","399","0","雲林縣","莿桐鄉","120.505","23.730","56"
"36","227564","20221102075000","280","0","雲林縣","莿桐鄉","120.515","23.735","32"
"66","227570","20221102075000","380","0","雲林縣","莿桐鄉","120.515","23.740","55"
"17","227577","20221102075000","120","0","雲林縣","莿桐鄉","120.490","23.760","18"
"24","227580","20221102075000","37","0","雲林縣","虎尾鎮","120.435","23.715","24"
"427","227581","20221102075000","332","2","雲林縣","虎尾鎮","120.435","23.720","449"
"222","227585","20221102075000","119","3","雲林縣","虎尾鎮","120.435","23.735","247"
"442","227588","20221102075000","277","3","雲林縣","虎尾鎮","120.435","23.690","439"
"371","227593","20221102075000","371","1","雲林縣","虎尾鎮","120.435","23.695","388"
"72","227603","20221102075000","382","0","雲林縣","土庫鎮","120.375","23.705","63"
"313","227604","20221102075000","144","3","雲林縣","虎尾鎮","120.380","23.705","314"
"487","227632","20221102075000","263","3","雲林縣","褒忠鄉","120.340","23.735","556"
"105","227636","20221102075000","553","0","南投縣","竹山鎮","120.680","23.750","80"
"544","227637","20221102075000","504","1","南投縣","竹山鎮","120.675","23.755","565"
"2219","227638","20221102075000","1938","1","南投縣","竹山鎮","120.680","23.755","2292"
"52","227639","20221102075000","73","0","南投縣","竹山鎮","120.685","23.755","45"
"45","227640","20221102075000","585","0","雲林縣","虎尾鎮","120.420","23.700","57"
"282","227642","20221102075000","226","2","雲林縣","虎尾鎮","120.420","23.705","285"
"482","227645","20221102075000","507","0","雲林縣","虎尾鎮","120.420","23.710","477"
"2521","227647","20221102075000","2024","2","雲林縣","虎尾鎮","120.435","23.710","2404"
"233","227655","20221102075000","209","1","雲林縣","褒忠鄉","120.310","23.720","225"
"220","227684","20221102075000","233","0","雲林縣","虎尾鎮","120.405","23.725","214"
"300","227697","20221102075000","96","3","雲林縣","虎尾鎮","120.395","23.735","281"
"198","227698","20221102075000","189","1","雲林縣","虎尾鎮","120.400","23.735","223"
"403","227706","20221102075000","277","2","雲林縣","虎尾鎮","120.405","23.740","408"
"1275","227716","20221102075000","1053","2","雲林縣","虎尾鎮","120.430","23.705","1291"
"689","227717","20221102075000","521","2","雲林縣","虎尾鎮","120.435","23.705","689"
"197","227722","20221102075000","139","2","雲林縣","崙背鄉","120.345","23.750","229"
"169","227728","20221102075000","690","0","雲林縣","崙背鄉","120.350","23.750","171"
"34","227730","20221102075000","351","0","雲林縣","崙背鄉","120.350","23.755","30"
"89","227733","20221102075000","74","2","雲林縣","虎尾鎮","120.400","23.710","93"
"538","227738","20221102075000","486","1","雲林縣","虎尾鎮","120.430","23.710","557"
"41","227741","20221102075000","225","0","雲林縣","斗南鎮","120.485","23.720","41"
"10","227744","20221102075000","13","0","雲林縣","虎尾鎮","120.485","23.725","10"
"535","227745","20221102075000","273","3","雲林縣","虎尾鎮","120.490","23.725","602"
"284","227748","20221102075000","132","3","雲林縣","虎尾鎮","120.480","23.730","268"
"1089","227763","20221102075000","589","3","雲林縣","虎尾鎮","120.440","23.710","1095"
"45","227766","20221102075000","558","0","雲林縣","虎尾鎮","120.390","23.705","40"
"410","227798","20221102075000","584","0","南投縣","竹山鎮","120.710","23.765","400"
"519","227807","20221102075000","551","0","南投縣","竹山鎮","120.700","23.765","486"
"118","227808","20221102075000","152","0","南投縣","竹山鎮","120.705","23.765","114"
"338","227840","20221102075000","433","0","南投縣","竹山鎮","120.685","23.760","353"
"98","227842","20221102075000","596","0","南投縣","竹山鎮","120.675","23.760","100"
"215","227852","20221102075000","139","3","南投縣","竹山鎮","120.650","23.705","227"
"23","227871","20221102075000","84","0","南投縣","竹山鎮","120.655","23.720","14"
"434","227882","20221102075000","338","2","雲林縣","虎尾鎮","120.430","23.700","435"
"111","227894","20221102075000","597","0","雲林縣","虎尾鎮","120.460","23.725","122"
"36","227907","20221102075000","206","0","雲林縣","虎尾鎮","120.465","23.740","33"
"1428","227921","20221102075000","1760","0","雲林縣","褒忠鄉","120.315","23.695","1377"
"116","227938","20221102075000","78","2","南投縣","竹山鎮","120.715","23.695","94"
"41","227947","20221102075000","26","3","南投縣","竹山鎮","120.715","23.705","27"
"17","227979","20221102075000","39","0","南投縣","竹山鎮","120.700","23.705","15"
"80","228012","20221102075000","283","0","雲林縣","褒忠鄉","120.285","23.700","75"
"1289","228016","20221102075000","662","3","雲林縣","褒忠鄉","120.315","23.710","1108"
"220","228047","20221102075000","129","3","南投縣","竹山鎮","120.665","23.755","198"
"509","228051","20221102075000","474","1","南投縣","竹山鎮","120.665","23.760","530"
"700","228091","20221102075000","330","3","雲林縣","台西鄉","120.215","23.740","728"
"237","228138","20221102075000","252","0","雲林縣","崙背鄉","120.295","23.760","234"
"20","228142","20221102075000","264","0","雲林縣","虎尾鎮","120.440","23.720","23"
"758","228151","20221102075000","221","3","雲林縣","麥寮鄉","120.260","23.750","755"
"812","228157","20221102075000","387","3","雲林縣","麥寮鄉","120.255","23.760","790"
"1891","228161","20221102075000","1373","2","雲林縣","斗六市","120.545","23.705","1919"
"626","228162","20221102075000","370","3","雲林縣","斗六市","120.550","23.705","584"
"139","228194","20221102075000","155","0","南投縣","竹山鎮","120.705","23.745","149"
"41","228199","20221102075000","23","3","南投縣","竹山鎮","120.700","23.750","43"
"454","228200","20221102075000","340","2","南投縣","竹山鎮","120.690","23.755","448"
"60","228205","20221102075000","53","1","南投縣","竹山鎮","120.680","23.745","51"
"201","228207","20221102075000","196","1","南投縣","竹山鎮","120.675","23.750","200"
"124","228209","20221102075000","520","0","雲林縣","台西鄉","120.210","23.720","95"
"1361","228228","20221102075000","739","3","雲林縣","台西鄉","120.220","23.720","1285"
"30","228231","20221102075000","18","3","雲林縣","台西鄉","120.215","23.700","34"
"79","228245","20221102075000","330","0","雲林縣","台西鄉","120.190","23.700","110"
"49","228266","20221102075000","157","0","雲林縣","麥寮鄉","120.260","23.745","58"
"431","228271","20221102075000","426","1","雲林縣","麥寮鄉","120.250","23.750","433"
"310","228272","20221102075000","1573","0","雲林縣","麥寮鄉","120.255","23.750","335"
"544","228274","20221102075000","254","3","雲林縣","麥寮鄉","120.265","23.750","566"
"62","228278","20221102075000","471","0","雲林縣","莿桐鄉","120.480","23.745","57"
"1389","228283","20221102075000","983","2","雲林縣","西螺鎮","120.465","23.755","1367"
"214","228312","20221102075000","807","0","雲林縣","麥寮鄉","120.240","23.750","165"
"201","228321","20221102075000","159","2","雲林縣","台西鄉","120.220","23.750","210"
"394","228335","20221102075000","288","2","雲林縣","虎尾鎮","120.420","23.690","364"
"338","228337","20221102075000","292","1","雲林縣","虎尾鎮","120.425","23.695","332"
"3134","228338","20221102075000","2210","2","雲林縣","虎尾鎮","120.425","23.700","3089"
"32","228340","20221102075000","625","0","雲林縣","虎尾鎮","120.425","23.710","24"
"21","228375","20221102075000","78","0","南投縣","竹山鎮","120.665","23.725","18"
"26","228395","20221102075000","90","0","南投縣","竹山鎮","120.690","23.725","27"
"218","228399","20221102075000","99","3","南投縣","竹山鎮","120.710","23.725","171"
"28","228402","20221102075000","152","0","南投縣","竹山鎮","120.690","23.730","24"
"125","228415","20221102075000","785","0","南投縣","竹山鎮","120.680","23.760","108"
"291","228711","20221102075000","322","0","雲林縣","麥寮鄉","120.170","23.770","326"
"248","230307","20221102075000","373","0","雲林縣","麥寮鄉","120.180","23.795","308"
"25","232186","20221102075000","17","2","花蓮縣","壽豐鄉","121.585","23.825","26"
"111","233034","20221102075000","78","2","花蓮縣","壽豐鄉","121.565","23.780","118"
"80","233104","20221102075000","42","3","花蓮縣","壽豐鄉","121.460","23.810","76"
"297","233119","20221102075000","205","2","花蓮縣","壽豐鄉","121.475","23.815","283"
"164","233140","20221102075000","149","1","花蓮縣","壽豐鄉","121.480","23.825","233"
"434","233238","20221102075000","489","0","花蓮縣","壽豐鄉","121.515","23.840","463"
"10","233277","20221102075000","16","0","花蓮縣","壽豐鄉","121.590","23.840","34"
"57","233282","20221102075000","106","0","雲林縣","二崙鄉","120.420","23.815","42"
"15","234003","20221102075000","13","1","花蓮縣","鳳林鎮","121.475","23.795","17"
"211","234014","20221102075000","159","2","花蓮縣","鳳林鎮","121.455","23.800","163"
"134","234015","20221102075000","100","2","花蓮縣","鳳林鎮","121.460","23.800","151"
"18","234031","20221102075000","16","1","花蓮縣","鳳林鎮","121.465","23.805","15"
"342","234042","20221102075000","238","2","花蓮縣","萬榮鄉","121.445","23.810","312"
"1031","234074","20221102075000","1181","0","雲林縣","二崙鄉","120.415","23.770","1002"
"24","234106","20221102075000","159","0","雲林縣","二崙鄉","120.410","23.815","13"
"67","234119","20221102075000","13","3","雲林縣","二崙鄉","120.415","23.795","58"
"68","234120","20221102075000","326","0","雲林縣","二崙鄉","120.420","23.795","52"
"616","234127","20221102075000","322","3","雲林縣","二崙鄉","120.385","23.795","546"
"410","234130","20221102075000","242","3","雲林縣","二崙鄉","120.380","23.800","407"
"314","234162","20221102075000","215","2","雲林縣","二崙鄉","120.395","23.820","472"
"229","234274","20221102075000","136","3","花蓮縣","鳳林鎮","121.460","23.780","219"
"100","234277","20221102075000","66","3","花蓮縣","鳳林鎮","121.460","23.785","79"
"54","234283","20221102075000","389","0","雲林縣","二崙鄉","120.410","23.805","64"
"18","234324","20221102075000","128","0","雲林縣","二崙鄉","120.395","23.765","19"
"43","234338","20221102075000","382","0","雲林縣","二崙鄉","120.365","23.805","33"
"161","234386","20221102075000","568","0","雲林縣","二崙鄉","120.395","23.790","167"
"1044","234401","20221102075000","479","3","雲林縣","西螺鎮","120.470","23.795","1011"
"247","234404","20221102075000","243","1","雲林縣","西螺鎮","120.470","23.800","242"
"339","234406","20221102075000","180","3","雲林縣","西螺鎮","120.480","23.800","310"
"1336","234413","20221102075000","529","3","雲林縣","西螺鎮","120.450","23.785","1356"
"404","234424","20221102075000","279","2","雲林縣","麥寮鄉","120.270","23.770","385"
"721","234432","20221102075000","370","3","雲林縣","麥寮鄉","120.265","23.780","641"
"155","234453","20221102075000","23","3","雲林縣","麥寮鄉","120.235","23.790","162"
"96","234454","20221102075000","438","0","雲林縣","麥寮鄉","120.240","23.790","75"
"2018","234481","20221102075000","1482","2","南投縣","水里鄉","120.855","23.815","2009"
"223","234482","20221102075000","127","3","南投縣","水里鄉","120.860","23.815","227"
"17","234513","20221102075000","240","0","雲林縣","西螺鎮","120.485","23.785","19"
"330","234539","20221102075000","198","3","雲林縣","西螺鎮","120.450","23.775","337"
"840","234540","20221102075000","270","3","雲林縣","西螺鎮","120.445","23.780","841"
"31","234570","20221102075000","27","1","南投縣","鹿谷鄉","120.740","23.775","30"
"307","234591","20221102075000","218","2","南投縣","水里鄉","120.845","23.820","324"
"187","234630","20221102075000","171","1","南投縣","水里鄉","120.930","23.795","196"
"85","234678","20221102075000","614","0","南投縣","水里鄉","120.850","23.815","82"
"190","234703","20221102075000","187","1","南投縣","水里鄉","120.845","23.775","206"
"426","234721","20221102075000","328","2","彰化縣","溪州鄉","120.515","23.815","438"
"191","234765","20221102075000","103","3","南投縣","鹿谷鄉","120.785","23.790","184"
"17","234802","20221102075000","112","0","南投縣","鹿谷鄉","120.785","23.805","13"
"52","234826","20221102075000","40","2","南投縣","鹿谷鄉","120.785","23.765","55"
"61","234843","20221102075000","39","3","南投縣","鹿谷鄉","120.775","23.775","57"
"148","234859","20221102075000","75","3","南投縣","鹿谷鄉","120.775","23.785","152"
"248","234881","20221102075000","245","1","雲林縣","麥寮鄉","120.195","23.775","247"
"135","234888","20221102075000","169","0","雲林縣","麥寮鄉","120.180","23.785","147"
"112","234892","20221102075000","250","0","雲林縣","麥寮鄉","120.200","23.785","158"
"737","234900","20221102075000","638","1","雲林縣","麥寮鄉","120.205","23.790","831"
"1758","234906","20221102075000","777","3","雲林縣","麥寮鄉","120.260","23.790","1629"
"2380","234915","20221102075000","2085","1","雲林縣","麥寮鄉","120.220","23.795","2503"
"837","234934","20221102075000","375","3","雲林縣","麥寮鄉","120.230","23.795","905"
"1399","234937","20221102075000","682","3","雲林縣","麥寮鄉","120.245","23.795","1441"
"25","234945","20221102075000","30","0","雲林縣","麥寮鄉","120.190","23.800","32"
"217","234949","20221102075000","132","3","雲林縣","麥寮鄉","120.210","23.800","194"
"1745","234952","20221102075000","1721","1","雲林縣","麥寮鄉","120.225","23.800","1709"
"372","234961","20221102075000","201","3","雲林縣","麥寮鄉","120.270","23.800","355"
"195","234965","20221102075000","181","1","雲林縣","麥寮鄉","120.195","23.805","211"
"362","234967","20221102075000","343","1","雲林縣","麥寮鄉","120.205","23.805","345"
"672","234997","20221102075000","706","0","雲林縣","麥寮鄉","120.215","23.815","668"
"14","235080","20221102075000","102","0","南投縣","信義鄉","120.940","23.820","14"
"16","235214","20221102075000","20","0","南投縣","信義鄉","120.980","23.785","15"
"76","235228","20221102075000","217","0","雲林縣","崙背鄉","120.350","23.775","61"
"246","235235","20221102075000","104","3","雲林縣","崙背鄉","120.345","23.785","248"
"18","235239","20221102075000","276","0","雲林縣","崙背鄉","120.350","23.790","18"
"716","235274","20221102075000","646","1","南投縣","水里鄉","120.850","23.810","753"
"336","235297","20221102075000","277","2","彰化縣","溪州鄉","120.505","23.815","369"
"864","235309","20221102075000","755","1","彰化縣","溪州鄉","120.540","23.830","826"
"526","235350","20221102075000","403","2","彰化縣","溪州鄉","120.490","23.830","551"
"213","235352","20221102075000","200","1","彰化縣","溪州鄉","120.475","23.835","229"
"383","235362","20221102075000","308","2","彰化縣","溪州鄉","120.480","23.845","402"
"150","235370","20221102075000","188","0","彰化縣","溪州鄉","120.500","23.840","165"
"572","235385","20221102075000","304","3","雲林縣","崙背鄉","120.325","23.780","574"
"358","235405","20221102075000","191","3","南投縣","水里鄉","120.865","23.795","325"
"506","235409","20221102075000","546","0","南投縣","水里鄉","120.860","23.800","503"
"39","235459","20221102075000","339","0","南投縣","水里鄉","120.825","23.810","44"
"11","235490","20221102075000","116","0","南投縣","水里鄉","120.865","23.835","14"
"86","235505","20221102075000","50","3","南投縣","水里鄉","120.870","23.845","100"
"31","235509","20221102075000","325","0","南投縣","名間鄉","120.635","23.835","36"
"16","235515","20221102075000","415","0","南投縣","名間鄉","120.705","23.820","15"
"248","235521","20221102075000","210","1","南投縣","名間鄉","120.715","23.830","218"
"1153","235523","20221102075000","1068","1","南投縣","名間鄉","120.705","23.835","1212"
"164","235527","20221102075000","114","2","南投縣","名間鄉","120.725","23.835","164"
"28","235539","20221102075000","157","0","南投縣","名間鄉","120.665","23.820","21"
"404","235555","20221102075000","337","1","南投縣","集集鎮","120.795","23.825","388"
"78","235556","20221102075000","341","0","南投縣","集集鎮","120.795","23.830","72"
"46","235703","20221102075000","49","0","南投縣","信義鄉","120.915","23.785","44"
"222","235812","20221102075000","188","1","南投縣","信義鄉","120.940","23.795","200"
"23","236275","20221102075000","205","0","南投縣","名間鄉","120.660","23.835","22"
"44","236286","20221102075000","240","0","南投縣","名間鄉","120.655","23.845","46"
"75","236299","20221102075000","78","0","南投縣","名間鄉","120.695","23.810","92"
"111","236318","20221102075000","80","2","彰化縣","二水鄉","120.635","23.830","106"
"465","236322","20221102075000","375","2","南投縣","名間鄉","120.630","23.840","452"
"50","236329","20221102075000","205","0","彰化縣","溪州鄉","120.515","23.830","41"
"139","236334","20221102075000","91","3","彰化縣","溪州鄉","120.520","23.835","138"
"10","236347","20221102075000","38","0","彰化縣","溪州鄉","120.510","23.845","10"
"195","236374","20221102075000","162","2","彰化縣","溪州鄉","120.580","23.820","199"
"292","236389","20221102075000","265","1","彰化縣","溪州鄉","120.470","23.830","287"
"287","236394","20221102075000","314","0","南投縣","名間鄉","120.695","23.835","263"
"26","236405","20221102075000","575","0","南投縣","名間鄉","120.700","23.835","22"
"79","236406","20221102075000","35","3","彰化縣","二水鄉","120.650","23.810","76"
"26","236410","20221102075000","179","0","南投縣","名間鄉","120.645","23.820","20"
"180","236415","20221102075000","104","3","南投縣","名間鄉","120.655","23.830","202"
"649","236419","20221102075000","189","3","彰化縣","大城鄉","120.345","23.845","627"
"285","236421","20221102075000","201","2","彰化縣","大城鄉","120.300","23.840","280"
"381","236449","20221102075000","252","3","彰化縣","溪州鄉","120.565","23.815","367"
"289","236455","20221102075000","225","2","彰化縣","溪州鄉","120.560","23.830","268"
"43","236462","20221102075000","298","0","雲林縣","莿桐鄉","120.540","23.765","39"
"26","236463","20221102075000","242","0","雲林縣","莿桐鄉","120.530","23.770","41"
"16","236470","20221102075000","172","0","南投縣","名間鄉","120.630","23.845","15"
"123","236472","20221102075000","115","1","南投縣","名間鄉","120.640","23.845","149"
"363","236479","20221102075000","239","3","南投縣","名間鄉","120.690","23.845","358"
"323","236481","20221102075000","291","1","南投縣","名間鄉","120.700","23.845","366"
"89","236492","20221102075000","465","0","雲林縣","林內鄉","120.610","23.770","91"
"236","236494","20221102075000","157","3","雲林縣","林內鄉","120.610","23.775","243"
"107","236509","20221102075000","394","0","雲林縣","林內鄉","120.625","23.775","100"
"65","236557","20221102075000","303","0","南投縣","集集鎮","120.800","23.825","61"
"14","236563","20221102075000","157","0","南投縣","集集鎮","120.765","23.820","16"
"33","236573","20221102075000","96","0","南投縣","集集鎮","120.770","23.845","30"
"168","236578","20221102075000","259","0","南投縣","集集鎮","120.815","23.825","146"
"251","236593","20221102075000","982","0","南投縣","集集鎮","120.785","23.825","217"
"252","236635","20221102075000","211","1","彰化縣","大城鄉","120.350","23.835","272"
"365","236679","20221102075000","239","3","彰化縣","大城鄉","120.275","23.845","382"
"247","236695","20221102075000","184","2","南投縣","信義鄉","120.905","23.770","253"
"32","236721","20221102075000","373","0","彰化縣","二水鄉","120.615","23.810","26"
"1232","236741","20221102075000","276","3","雲林縣","莿桐鄉","120.500","23.780","1223"
"242","236758","20221102075000","128","3","彰化縣","二水鄉","120.630","23.830","246"
"209","236765","20221102075000","469","0","彰化縣","二水鄉","120.610","23.815","191"
"596","236771","20221102075000","311","3","彰化縣","二水鄉","120.635","23.795","590"
"19","236772","20221102075000","33","0","彰化縣","二水鄉","120.640","23.795","19"
"2589","236781","20221102075000","1263","3","雲林縣","西螺鎮","120.440","23.780","2651"
"329","236785","20221102075000","246","2","雲林縣","西螺鎮","120.430","23.790","330"
"640","236786","20221102075000","125","3","雲林縣","西螺鎮","120.435","23.790","654"
"20","236796","20221102075000","160","0","彰化縣","二水鄉","120.640","23.805","14"
"28","236801","20221102075000","302","0","彰化縣","二水鄉","120.605","23.825","28"
"245","236814","20221102075000","971","0","彰化縣","二水鄉","120.620","23.810","209"
"240","237024","20221102075000","346","0","雲林縣","莿桐鄉","120.515","23.775","225"
"450","237025","20221102075000","277","3","雲林縣","莿桐鄉","120.520","23.775","477"
"1222","237039","20221102075000","387","3","雲林縣","西螺鎮","120.435","23.800","1193"
"1169","237048","20221102075000","350","3","雲林縣","西螺鎮","120.440","23.810","1124"
"484","237053","20221102075000","291","3","雲林縣","西螺鎮","120.465","23.795","495"
"626","237054","20221102075000","1149","0","雲林縣","西螺鎮","120.465","23.800","600"
"1483","237062","20221102075000","845","3","雲林縣","西螺鎮","120.475","23.785","1480"
"268","237066","20221102075000","98","3","雲林縣","西螺鎮","120.475","23.765","287"
"46","237068","20221102075000","446","0","雲林縣","西螺鎮","120.460","23.795","42"
"820","237069","20221102075000","1016","0","雲林縣","西螺鎮","120.460","23.800","818"
"1662","237075","20221102075000","595","3","雲林縣","西螺鎮","120.440","23.800","1685"
"364","237076","20221102075000","223","3","雲林縣","西螺鎮","120.455","23.790","354"
"139","237078","20221102075000","2105","0","雲林縣","西螺鎮","120.455","23.800","110"
"14","237081","20221102075000","108","0","彰化縣","二水鄉","120.635","23.810","10"
"13","237089","20221102075000","13","1","彰化縣","二水鄉","120.640","23.800","12"
"28","237103","20221102075000","255","0","彰化縣","二水鄉","120.630","23.800","19"
"58","237115","20221102075000","44","2","彰化縣","二水鄉","120.655","23.800","66"
"536","237141","20221102075000","300","3","雲林縣","崙背鄉","120.325","23.795","488"
"170","237147","20221102075000","125","2","雲林縣","崙背鄉","120.340","23.800","168"
"95","237182","20221102075000","102","0","雲林縣","崙背鄉","120.310","23.790","83"
"156","237186","20221102075000","149","1","雲林縣","崙背鄉","120.305","23.795","146"
"48","237187","20221102075000","42","1","雲林縣","崙背鄉","120.310","23.795","62"
"958","237189","20221102075000","330","3","雲林縣","麥寮鄉","120.295","23.800","981"
"79","237228","20221102075000","53","2","彰化縣","田中鎮","120.605","23.845","79"
"20","237236","20221102075000","32","0","彰化縣","溪州鄉","120.455","23.825","17"
"25","237241","20221102075000","213","0","彰化縣","竹塘鄉","120.445","23.835","22"
"77","237255","20221102075000","487","0","雲林縣","莿桐鄉","120.565","23.775","77"
"65","237256","20221102075000","182","0","雲林縣","莿桐鄉","120.570","23.775","67"
"316","237302","20221102075000","165","3","雲林縣","莿桐鄉","120.550","23.765","321"
"14","237358","20221102075000","171","0","南投縣","竹山鎮","120.680","23.770","13"
"95","237361","20221102075000","210","0","南投縣","竹山鎮","120.680","23.775","88"
"37","237386","20221102075000","199","0","南投縣","竹山鎮","120.650","23.770","32"
"317","237414","20221102075000","212","2","南投縣","竹山鎮","120.730","23.815","295"
"225","237424","20221102075000","242","0","南投縣","竹山鎮","120.715","23.765","237"
"76","237434","20221102075000","524","0","南投縣","竹山鎮","120.705","23.780","63"
"209","237436","20221102075000","180","1","南投縣","竹山鎮","120.715","23.780","219"
"33","237453","20221102075000","298","0","南投縣","竹山鎮","120.695","23.770","29"
"18","237489","20221102075000","166","0","彰化縣","竹塘鄉","120.400","23.845","12"
"80","237498","20221102075000","459","0","雲林縣","麥寮鄉","120.240","23.770","63"
"181","237499","20221102075000","87","3","雲林縣","麥寮鄉","120.245","23.770","195"
"31","237516","20221102075000","230","0","雲林縣","崙背鄉","120.355","23.765","26"
"141","237531","20221102075000","82","3","南投縣","竹山鎮","120.750","23.815","143"
"708","237559","20221102075000","504","2","南投縣","竹山鎮","120.715","23.800","665"
"130","237593","20221102075000","146","0","南投縣","魚池鄉","120.895","23.835","117"
"163","237595","20221102075000","209","0","南投縣","魚池鄉","120.905","23.835","189"
"354","237603","20221102075000","348","1","南投縣","竹山鎮","120.715","23.805","363"
"248","237607","20221102075000","142","3","南投縣","竹山鎮","120.730","23.810","255"
"398","237611","20221102075000","280","2","南投縣","竹山鎮","120.725","23.810","340"
"254","237614","20221102075000","341","0","南投縣","竹山鎮","120.720","23.815","282"
"11","237638","20221102075000","11","1","南投縣","魚池鄉","120.915","23.845","11"
"105","237670","20221102075000","87","2","南投縣","魚池鄉","120.885","23.820","104"
"498","237685","20221102075000","345","2","雲林縣","麥寮鄉","120.290","23.765","432"
"249","237741","20221102075000","77","3","南投縣","集集鎮","120.760","23.830","279"
"29","237775","20221102075000","124","0","南投縣","集集鎮","120.750","23.840","33"
"61","237785","20221102075000","215","0","南投縣","集集鎮","120.745","23.830","60"
"38","237788","20221102075000","23","3","南投縣","集集鎮","120.740","23.835","40"
"49","237801","20221102075000","212","0","南投縣","集集鎮","120.780","23.825","56"
"262","237819","20221102075000","131","3","雲林縣","莿桐鄉","120.505","23.765","245"
"1323","237833","20221102075000","522","3","雲林縣","西螺鎮","120.480","23.770","1345"
"89","237848","20221102075000","302","0","雲林縣","麥寮鄉","120.290","23.795","69"
"1692","237860","20221102075000","1273","2","雲林縣","麥寮鄉","120.275","23.795","1675"
"527","237864","20221102075000","287","3","雲林縣","麥寮鄉","120.280","23.795","515"
"19","237872","20221102075000","106","0","彰化縣","田中鎮","120.560","23.845","20"
"186","237874","20221102075000","141","2","彰化縣","田中鎮","120.570","23.845","155"
"137","237878","20221102075000","84","3","彰化縣","田中鎮","120.580","23.840","84"
"332","237881","20221102075000","305","1","彰化縣","田中鎮","120.595","23.840","297"
"28","237884","20221102075000","392","0","彰化縣","田中鎮","120.595","23.845","36"
"256","237895","20221102075000","148","3","彰化縣","田中鎮","120.595","23.830","225"
"127","237900","20221102075000","347","0","雲林縣","莿桐鄉","120.535","23.775","100"
"54","240440","20221102075000","59","0","花蓮縣","壽豐鄉","121.605","23.885","55"
"184","242904","20221102075000","146","2","花蓮縣","秀林鄉","121.500","23.920","186"
"127","242957","20221102075000","115","1","花蓮縣","壽豐鄉","121.530","23.865","253"
"154","242963","20221102075000","160","0","花蓮縣","壽豐鄉","121.525","23.870","180"
"922","242988","20221102075000","788","1","花蓮縣","壽豐鄉","121.510","23.870","944"
"781","243010","20221102075000","596","2","花蓮縣","壽豐鄉","121.520","23.890","842"
"22","243014","20221102075000","67","0","花蓮縣","壽豐鄉","121.540","23.890","28"
"454","243023","20221102075000","494","0","花蓮縣","壽豐鄉","121.555","23.895","987"
"693","243053","20221102075000","657","1","花蓮縣","壽豐鄉","121.535","23.895","715"
"365","243054","20221102075000","354","1","花蓮縣","壽豐鄉","121.540","23.895","373"
"407","243055","20221102075000","349","1","花蓮縣","壽豐鄉","121.545","23.895","609"
"304","243057","20221102075000","290","1","花蓮縣","壽豐鄉","121.530","23.895","314"
"557","243065","20221102075000","528","1","花蓮縣","壽豐鄉","121.530","23.900","598"
"928","243069","20221102075000","860","1","花蓮縣","壽豐鄉","121.550","23.900","44"
"1011","243073","20221102075000","986","1","花蓮縣","壽豐鄉","121.530","23.905","1062"
"167","243089","20221102075000","121","2","花蓮縣","壽豐鄉","121.520","23.915","187"
"78","243103","20221102075000","50","3","花蓮縣","壽豐鄉","121.550","23.920","65"
"61","243143","20221102075000","50","2","花蓮縣","壽豐鄉","121.555","23.865","49"
"85","243149","20221102075000","83","1","花蓮縣","壽豐鄉","121.555","23.870","88"
"71","243164","20221102075000","66","1","花蓮縣","壽豐鄉","121.585","23.880","100"
"11","243184","20221102075000","51","0","花蓮縣","壽豐鄉","121.595","23.905","11"
"44","243230","20221102075000","101","0","花蓮縣","壽豐鄉","121.520","23.845","70"
"482","243249","20221102075000","454","1","花蓮縣","壽豐鄉","121.495","23.850","476"
"414","243255","20221102075000","409","1","花蓮縣","壽豐鄉","121.490","23.855","406"
"88","243262","20221102075000","88","1","花蓮縣","壽豐鄉","121.485","23.855","96"
"151","243315","20221102075000","76","3","花蓮縣","壽豐鄉","121.600","23.870","134"
"48","243324","20221102075000","28","3","花蓮縣","壽豐鄉","121.590","23.885","57"
"13","243336","20221102075000","21","0","花蓮縣","壽豐鄉","121.600","23.900","12"
"105","243338","20221102075000","238","0","花蓮縣","壽豐鄉","121.600","23.905","327"
"53","243339","20221102075000","40","2","花蓮縣","壽豐鄉","121.605","23.905","53"
"807","243392","20221102075000","741","1","彰化縣","二林鎮","120.360","23.895","774"
"1246","243393","20221102075000","898","2","彰化縣","二林鎮","120.370","23.900","1233"
"387","243406","20221102075000","289","2","彰化縣","二林鎮","120.390","23.865","366"
"103","243422","20221102075000","127","0","彰化縣","二林鎮","120.415","23.910","108"
"376","243424","20221102075000","354","1","彰化縣","二林鎮","120.425","23.910","390"
"383","243439","20221102075000","335","1","彰化縣","二林鎮","120.360","23.865","387"
"391","243447","20221102075000","283","2","彰化縣","二林鎮","120.360","23.880","396"
"414","243770","20221102075000","468","0","彰化縣","二林鎮","120.365","23.890","393"
"559","243772","20221102075000","721","0","彰化縣","二林鎮","120.370","23.895","539"
"666","243777","20221102075000","453","2","彰化縣","二林鎮","120.425","23.895","649"
"319","243783","20221102075000","372","0","彰化縣","二林鎮","120.365","23.900","299"
"406","243796","20221102075000","378","1","彰化縣","二林鎮","120.440","23.875","415"
"125","243827","20221102075000","90","2","南投縣","水里鄉","120.865","23.905","114"
"381","243861","20221102075000","107","3","彰化縣","大城鄉","120.325","23.860","392"
"1447","243867","20221102075000","1272","1","彰化縣","大城鄉","120.320","23.850","1381"
"223","243900","20221102075000","712","0","彰化縣","埤頭鄉","120.470","23.915","243"
"284","243909","20221102075000","153","3","彰化縣","埤頭鄉","120.460","23.925","293"
"79","243970","20221102075000","46","3","南投縣","中寮鄉","120.800","23.905","95"
"18","244008","20221102075000","135","0","南投縣","中寮鄉","120.805","23.925","16"
"338","244044","20221102075000","131","3","南投縣","中寮鄉","120.750","23.895","325"
"86","244051","20221102075000","60","2","南投縣","中寮鄉","120.765","23.900","101"
"15","244098","20221102075000","97","0","南投縣","中寮鄉","120.790","23.860","12"
"10","244101","20221102075000","55","0","南投縣","中寮鄉","120.805","23.860","10"
"659","244122","20221102075000","442","2","彰化縣","埤頭鄉","120.480","23.890","672"
"319","244129","20221102075000","254","2","彰化縣","埤頭鄉","120.460","23.860","333"
"43","244142","20221102075000","411","0","彰化縣","埤頭鄉","120.460","23.880","37"
"1524","244150","20221102075000","1127","2","彰化縣","埤頭鄉","120.465","23.890","1406"
"69","244159","20221102075000","322","0","南投縣","中寮鄉","120.760","23.880","63"
"201","244163","20221102075000","522","0","南投縣","中寮鄉","120.775","23.885","209"
"318","244211","20221102075000","244","2","南投縣","中寮鄉","120.735","23.895","316"
"101","244235","20221102075000","66","3","南投縣","中寮鄉","120.770","23.920","95"
"74","244247","20221102075000","262","0","南投縣","中寮鄉","120.830","23.860","60"
"119","244274","20221102075000","97","2","南投縣","中寮鄉","120.800","23.880","115"
"16","244321","20221102075000","23","0","南投縣","中寮鄉","120.845","23.900","16"
"34","244326","20221102075000","575","0","南投縣","中寮鄉","120.710","23.895","26"
"60","244341","20221102075000","56","1","彰化縣","員林鎮","120.580","23.925","63"
"12","244360","20221102075000","42","0","南投縣","中寮鄉","120.795","23.905","12"
"16","244380","20221102075000","19","0","南投縣","中寮鄉","120.720","23.915","17"
"176","244392","20221102075000","114","3","南投縣","中寮鄉","120.725","23.925","193"
"1011","244397","20221102075000","1020","0","彰化縣","二林鎮","120.375","23.895","993"
"1124","244398","20221102075000","908","2","彰化縣","二林鎮","120.380","23.895","1110"
"266","244411","20221102075000","189","2","南投縣","南投市","120.695","23.915","260"
"319","244414","20221102075000","532","0","南投縣","南投市","120.695","23.920","319"
"500","244415","20221102075000","408","2","南投縣","南投市","120.700","23.920","500"
"19","244420","20221102075000","93","0","南投縣","南投市","120.640","23.925","23"
"2149","244422","20221102075000","1986","1","南投縣","南投市","120.690","23.905","2051"
"624","244426","20221102075000","626","0","彰化縣","永靖鄉","120.545","23.920","617"
"186","244429","20221102075000","303","0","彰化縣","永靖鄉","120.570","23.925","195"
"44","244451","20221102075000","59","0","南投縣","水里鄉","120.870","23.880","47"
"559","244465","20221102075000","488","1","彰化縣","溪州鄉","120.500","23.855","563"
"126","244468","20221102075000","145","0","彰化縣","溪州鄉","120.505","23.860","123"
"184","244477","20221102075000","130","2","南投縣","南投市","120.635","23.905","155"
"136","244478","20221102075000","378","0","南投縣","南投市","120.640","23.905","104"
"17","244480","20221102075000","16","1","南投縣","南投市","120.635","23.910","19"
"101","244488","20221102075000","45","3","彰化縣","社頭鄉","120.635","23.920","85"
"250","244490","20221102075000","236","1","南投縣","南投市","120.650","23.920","204"
"418","244492","20221102075000","516","0","彰化縣","永靖鄉","120.535","23.920","365"
"293","244498","20221102075000","313","0","彰化縣","永靖鄉","120.515","23.915","288"
"384","244499","20221102075000","301","2","彰化縣","永靖鄉","120.520","23.915","369"
"359","244512","20221102075000","434","0","彰化縣","永靖鄉","120.560","23.920","360"
"78","244516","20221102075000","328","0","彰化縣","永靖鄉","120.535","23.925","84"
"1375","244517","20221102075000","1749","0","彰化縣","永靖鄉","120.540","23.925","1369"
"240","244520","20221102075000","175","2","彰化縣","永靖鄉","120.560","23.910","251"
"30","244530","20221102075000","252","0","彰化縣","永靖鄉","120.545","23.910","22"
"118","244534","20221102075000","96","2","彰化縣","田尾鄉","120.530","23.910","114"
"37","244537","20221102075000","585","0","彰化縣","永靖鄉","120.550","23.920","38"
"24","244540","20221102075000","450","0","彰化縣","永靖鄉","120.550","23.925","24"
"57","244544","20221102075000","450","0","彰化縣","永靖鄉","120.505","23.920","53"
"565","244566","20221102075000","96","3","彰化縣","大城鄉","120.285","23.865","608"
"256","244576","20221102075000","45","3","彰化縣","大城鄉","120.290","23.870","248"
"678","244605","20221102075000","520","2","彰化縣","芳苑鄉","120.345","23.910","640"
"11","244609","20221102075000","413","0","彰化縣","芳苑鄉","120.350","23.915","14"
"315","244612","20221102075000","306","1","彰化縣","芳苑鄉","120.350","23.920","301"
"19","244615","20221102075000","25","0","彰化縣","芳苑鄉","120.355","23.925","20"
"274","244624","20221102075000","111","3","彰化縣","芳苑鄉","120.315","23.895","279"
"63","244639","20221102075000","62","1","彰化縣","芳苑鄉","120.305","23.905","62"
"1445","244674","20221102075000","1201","2","南投縣","南投市","120.695","23.900","1438"
"134","244675","20221102075000","141","0","南投縣","南投市","120.685","23.925","138"
"90","244677","20221102075000","111","0","南投縣","南投市","120.695","23.925","62"
"227","244693","20221102075000","362","0","南投縣","南投市","120.680","23.895","254"
"12","244694","20221102075000","13","0","南投縣","南投市","120.685","23.895","13"
"1993","244695","20221102075000","1819","1","南投縣","南投市","120.685","23.900","1994"
"260","244696","20221102075000","262","0","南投縣","南投市","120.690","23.900","268"
"138","244697","20221102075000","109","2","彰化縣","溪州鄉","120.480","23.850","125"
"31","244698","20221102075000","404","0","彰化縣","溪州鄉","120.485","23.850","39"
"625","244700","20221102075000","578","1","彰化縣","溪州鄉","120.495","23.850","623"
"859","244706","20221102075000","938","0","南投縣","南投市","120.680","23.910","800"
"318","244716","20221102075000","298","1","南投縣","南投市","120.675","23.900","307"
"211","244717","20221102075000","196","1","南投縣","南投市","120.680","23.905","207"
"1485","244720","20221102075000","1170","2","南投縣","南投市","120.675","23.905","1496"
"16","244738","20221102075000","35","0","南投縣","埔里鎮","120.990","23.925","21"
"166","244739","20221102075000","122","2","南投縣","埔里鎮","120.995","23.925","154"
"90","244741","20221102075000","102","0","南投縣","仁愛鄉","121.010","23.925","90"
"501","244742","20221102075000","578","0","彰化縣","溪州鄉","120.495","23.855","463"
"123","244772","20221102075000","51","3","南投縣","水里鄉","120.865","23.855","81"
"243","244790","20221102075000","123","3","南投縣","名間鄉","120.675","23.870","174"
"223","244793","20221102075000","243","0","彰化縣","田中鎮","120.625","23.855","239"
"127","244800","20221102075000","70","3","南投縣","名間鄉","120.630","23.855","129"
"158","244806","20221102075000","96","3","南投縣","名間鄉","120.635","23.860","176"
"637","244815","20221102075000","529","2","南投縣","名間鄉","120.705","23.875","717"
"147","244846","20221102075000","85","3","南投縣","名間鄉","120.635","23.880","155"
"477","244854","20221102075000","269","3","南投縣","南投市","120.690","23.910","469"
"678","244855","20221102075000","593","1","南投縣","南投市","120.690","23.915","687"
"246","244860","20221102075000","309","0","南投縣","南投市","120.655","23.915","226"
"837","244865","20221102075000","756","1","南投縣","南投市","120.665","23.920","887"
"575","244867","20221102075000","586","0","南投縣","南投市","120.675","23.920","549"
"616","244868","20221102075000","650","0","南投縣","南投市","120.680","23.920","597"
"830","244869","20221102075000","656","2","南投縣","南投市","120.670","23.925","771"
"600","244870","20221102075000","559","1","南投縣","南投市","120.675","23.925","622"
"1215","244872","20221102075000","979","2","南投縣","南投市","120.685","23.910","1231"
"1994","244873","20221102075000","1962","1","南投縣","南投市","120.685","23.905","1989"
"191","244874","20221102075000","178","1","南投縣","南投市","120.705","23.900","194"
"211","244875","20221102075000","361","0","南投縣","南投市","120.710","23.900","327"
"114","244880","20221102075000","84","2","南投縣","南投市","120.695","23.905","108"
"454","244881","20221102075000","376","2","南投縣","南投市","120.700","23.905","489"
"374","244890","20221102075000","440","0","南投縣","南投市","120.705","23.915","399"
"829","244893","20221102075000","701","1","彰化縣","溪州鄉","120.495","23.865","779"
"722","244909","20221102075000","614","1","彰化縣","埤頭鄉","120.460","23.890","785"
"748","244910","20221102075000","622","2","彰化縣","埤頭鄉","120.455","23.895","735"
"89","244911","20221102075000","489","0","彰化縣","埤頭鄉","120.460","23.895","75"
"379","244918","20221102075000","353","1","彰化縣","埤頭鄉","120.495","23.885","439"
"847","244922","20221102075000","601","2","彰化縣","埤頭鄉","120.495","23.890","836"
"173","244924","20221102075000","155","1","彰化縣","埤頭鄉","120.480","23.895","178"
"352","244925","20221102075000","326","1","彰化縣","埤頭鄉","120.485","23.895","381"
"649","244953","20221102075000","548","1","彰化縣","北斗鎮","120.515","23.875","637"
"34","244955","20221102075000","263","0","彰化縣","北斗鎮","120.515","23.865","45"
"21","244956","20221102075000","345","0","彰化縣","北斗鎮","120.520","23.865","22"
"392","244958","20221102075000","737","0","彰化縣","北斗鎮","120.520","23.870","365"
"586","244960","20221102075000","400","2","彰化縣","埤頭鄉","120.460","23.850","611"
"31","244961","20221102075000","219","0","彰化縣","埤頭鄉","120.465","23.850","45"
"207","244972","20221102075000","209","0","南投縣","名間鄉","120.650","23.870","175"
"909","244974","20221102075000","572","3","南投縣","名間鄉","120.655","23.870","842"
"376","244987","20221102075000","379","0","南投縣","名間鄉","120.670","23.850","398"
"307","244993","20221102075000","290","1","南投縣","名間鄉","120.675","23.855","309"
"653","245005","20221102075000","598","1","南投縣","名間鄉","120.695","23.865","629"
"258","245007","20221102075000","251","1","南投縣","名間鄉","120.685","23.870","222"
"337","245016","20221102075000","212","3","南投縣","名間鄉","120.685","23.880","341"
"68","245017","20221102075000","354","0","南投縣","名間鄉","120.690","23.880","54"
"142","245037","20221102075000","122","1","南投縣","名間鄉","120.705","23.865","137"
"287","245042","20221102075000","253","1","彰化縣","溪州鄉","120.525","23.850","285"
"281","245076","20221102075000","34","3","彰化縣","大城鄉","120.295","23.885","302"
"14","245099","20221102075000","161","0","彰化縣","大城鄉","120.300","23.890","11"
"10","245133","20221102075000","169","0","彰化縣","大城鄉","120.330","23.865","10"
"70","245150","20221102075000","208","0","彰化縣","大城鄉","120.295","23.855","64"
"176","245157","20221102075000","186","0","彰化縣","北斗鎮","120.530","23.855","156"
"1100","245161","20221102075000","1085","1","彰化縣","北斗鎮","120.530","23.870","1103"
"234","245165","20221102075000","201","1","彰化縣","北斗鎮","120.545","23.870","206"
"479","245169","20221102075000","357","2","彰化縣","芳苑鄉","120.320","23.920","460"
"104","245184","20221102075000","58","3","南投縣","名間鄉","120.625","23.850","88"
"150","245191","20221102075000","129","1","南投縣","名間鄉","120.690","23.850","145"
"27","245192","20221102075000","225","0","南投縣","名間鄉","120.695","23.850","25"
"1050","245211","20221102075000","289","3","彰化縣","大城鄉","120.290","23.860","1032"
"154","245214","20221102075000","77","3","彰化縣","大城鄉","120.300","23.865","145"
"144","245216","20221102075000","53","3","彰化縣","大城鄉","120.300","23.870","133"
"540","245296","20221102075000","217","3","南投縣","南投市","120.635","23.895","534"
"11","245302","20221102075000","41","0","南投縣","南投市","120.655","23.900","11"
"710","245305","20221102075000","733","0","南投縣","南投市","120.660","23.925","652"
"30","245311","20221102075000","25","2","南投縣","南投市","120.670","23.905","34"
"18","245312","20221102075000","172","0","南投縣","南投市","120.665","23.910","15"
"295","245314","20221102075000","1067","0","南投縣","南投市","120.675","23.910","277"
"805","245316","20221102075000","1161","0","南投縣","南投市","120.680","23.915","811"
"2099","245320","20221102075000","1587","2","彰化縣","北斗鎮","120.520","23.880","2142"
"520","245325","20221102075000","435","1","彰化縣","北斗鎮","120.530","23.875","531"
"266","245329","20221102075000","198","2","彰化縣","北斗鎮","120.535","23.880","262"
"64","245332","20221102075000","626","0","彰化縣","北斗鎮","120.525","23.870","45"
"551","245335","20221102075000","137","3","彰化縣","大城鄉","120.310","23.875","550"
"351","245353","20221102075000","180","3","彰化縣","大城鄉","120.315","23.870","339"
"270","245376","20221102075000","210","2","彰化縣","北斗鎮","120.510","23.880","256"
"44","245379","20221102075000","251","0","彰化縣","田尾鄉","120.515","23.890","39"
"249","245489","20221102075000","256","0","南投縣","仁愛鄉","120.990","23.905","253"
"41","245503","20221102075000","34","2","南投縣","仁愛鄉","121.005","23.910","40"
"27","245515","20221102075000","16","3","南投縣","埔里鎮","121.010","23.920","18"
"19","245723","20221102075000","24","0","南投縣","仁愛鄉","121.025","23.910","23"
"265","245728","20221102075000","283","0","南投縣","仁愛鄉","121.050","23.910","293"
"53","245748","20221102075000","89","0","南投縣","仁愛鄉","121.030","23.920","36"
"10","246363","20221102075000","423","0","彰化縣","北斗鎮","120.525","23.880","11"
"197","246370","20221102075000","226","0","彰化縣","北斗鎮","120.555","23.855","207"
"829","246377","20221102075000","690","2","彰化縣","北斗鎮","120.550","23.865","854"
"314","246388","20221102075000","235","2","彰化縣","埤頭鄉","120.455","23.850","302"
"490","246394","20221102075000","245","3","彰化縣","二林鎮","120.410","23.920","486"
"19","246402","20221102075000","398","0","彰化縣","二林鎮","120.365","23.895","22"
"539","246404","20221102075000","438","2","彰化縣","二林鎮","120.405","23.895","557"
"154","246436","20221102075000","221","0","彰化縣","芳苑鄉","120.380","23.925","137"
"573","246446","20221102075000","406","2","彰化縣","芳苑鄉","120.330","23.895","543"
"212","246468","20221102075000","147","2","彰化縣","芳苑鄉","120.330","23.915","220"
"197","246471","20221102075000","122","3","彰化縣","芳苑鄉","120.335","23.920","190"
"1126","246472","20221102075000","1053","1","彰化縣","北斗鎮","120.525","23.875","1131"
"221","246476","20221102075000","166","2","彰化縣","北斗鎮","120.560","23.850","213"
"64","246477","20221102075000","64","1","彰化縣","北斗鎮","120.540","23.855","76"
"99","246480","20221102075000","87","1","彰化縣","北斗鎮","120.550","23.855","113"
"387","246488","20221102075000","260","2","彰化縣","北斗鎮","120.535","23.870","369"
"75","246493","20221102075000","94","0","彰化縣","二林鎮","120.395","23.890","86"
"36","246499","20221102075000","287","0","彰化縣","大城鄉","120.315","23.850","36"
"183","246518","20221102075000","228","0","南投縣","南投市","120.670","23.890","199"
"517","246522","20221102075000","501","1","南投縣","南投市","120.690","23.890","518"
"986","246530","20221102075000","921","1","彰化縣","社頭鄉","120.605","23.915","1027"
"659","246531","20221102075000","340","3","彰化縣","田中鎮","120.585","23.875","655"
"70","246534","20221102075000","177","0","彰化縣","田中鎮","120.575","23.865","47"
"372","246537","20221102075000","305","2","彰化縣","田中鎮","120.575","23.875","437"
"102","246545","20221102075000","101","1","彰化縣","田尾鄉","120.510","23.905","98"
"479","246547","20221102075000","313","3","彰化縣","竹塘鄉","120.415","23.850","440"
"322","246558","20221102075000","415","0","彰化縣","田尾鄉","120.535","23.905","342"
"1771","246566","20221102075000","814","3","彰化縣","社頭鄉","120.580","23.895","1783"
"1346","246568","20221102075000","503","3","彰化縣","社頭鄉","120.580","23.900","1349"
"2191","246569","20221102075000","1118","3","彰化縣","社頭鄉","120.580","23.905","2207"
"41","246573","20221102075000","234","0","彰化縣","田尾鄉","120.525","23.885","43"
"163","246579","20221102075000","154","1","彰化縣","田尾鄉","120.535","23.890","152"
"581","246581","20221102075000","487","1","彰化縣","田尾鄉","120.535","23.895","625"
"707","246583","20221102075000","599","1","彰化縣","田尾鄉","120.530","23.900","745"
"16","246608","20221102075000","51","0","彰化縣","社頭鄉","120.620","23.925","11"
"1404","246615","20221102075000","1264","1","彰化縣","竹塘鄉","120.430","23.855","1340"
"559","246618","20221102075000","547","1","彰化縣","竹塘鄉","120.420","23.875","548"
"222","246630","20221102075000","169","2","彰化縣","竹塘鄉","120.375","23.850","206"
"2638","246654","20221102075000","777","3","彰化縣","社頭鄉","120.585","23.900","2682"
"1350","246659","20221102075000","448","3","彰化縣","社頭鄉","120.585","23.890","1336"
"350","246669","20221102075000","203","3","彰化縣","竹塘鄉","120.445","23.860","354"
"19","246687","20221102075000","21","0","南投縣","魚池鄉","120.905","23.850","40"
"545","246711","20221102075000","363","3","南投縣","魚池鄉","120.910","23.860","563"
"252","246720","20221102075000","181","2","南投縣","魚池鄉","120.900","23.865","273"
"177","246722","20221102075000","226","0","南投縣","魚池鄉","120.910","23.865","208"
"295","246735","20221102075000","204","2","南投縣","魚池鄉","120.925","23.870","320"
"303","246739","20221102075000","255","1","南投縣","魚池鄉","120.935","23.895","323"
"505","246741","20221102075000","394","2","南投縣","魚池鄉","120.935","23.900","503"
"525","246742","20221102075000","368","2","南投縣","魚池鄉","120.940","23.900","460"
"338","246747","20221102075000","260","2","彰化縣","芳苑鄉","120.350","23.900","329"
"260","246748","20221102075000","208","2","彰化縣","二林鎮","120.355","23.900","288"
"152","246749","20221102075000","146","1","彰化縣","芳苑鄉","120.360","23.900","171"
"58","246750","20221102075000","37","3","彰化縣","芳苑鄉","120.345","23.905","50"
"248","246758","20221102075000","192","2","彰化縣","芳苑鄉","120.355","23.920","230"
"254","246770","20221102075000","225","1","彰化縣","芳苑鄉","120.335","23.890","250"
"17","246777","20221102075000","25","0","南投縣","魚池鄉","120.925","23.875","15"
"274","246788","20221102075000","192","2","南投縣","魚池鄉","120.925","23.885","250"
"207","246822","20221102075000","108","3","南投縣","魚池鄉","120.905","23.880","219"
"20","246823","20221102075000","14","2","南投縣","魚池鄉","120.875","23.885","17"
"15","246824","20221102075000","91","0","南投縣","魚池鄉","120.880","23.885","20"
"32","246826","20221102075000","63","0","南投縣","魚池鄉","120.890","23.885","38"
"88","246832","20221102075000","17","3","南投縣","魚池鄉","120.880","23.890","20"
"16","246857","20221102075000","16","1","南投縣","魚池鄉","120.890","23.905","16"
"28","246858","20221102075000","29","0","南投縣","魚池鄉","120.895","23.905","29"
"25","246870","20221102075000","21","1","南投縣","魚池鄉","120.890","23.910","23"
"96","246893","20221102075000","108","0","南投縣","魚池鄉","120.955","23.900","91"
"216","246906","20221102075000","203","1","南投縣","魚池鄉","120.955","23.910","203"
"135","246920","20221102075000","123","1","南投縣","魚池鄉","120.965","23.915","138"
"80","246922","20221102075000","102","0","南投縣","魚池鄉","120.965","23.920","71"
"20","246930","20221102075000","20","1","南投縣","魚池鄉","120.950","23.865","17"
"143","246935","20221102075000","85","3","南投縣","魚池鄉","120.945","23.870","82"
"24","246941","20221102075000","33","0","南投縣","魚池鄉","120.950","23.875","105"
"27","246955","20221102075000","307","0","南投縣","魚池鄉","120.905","23.905","33"
"347","246964","20221102075000","328","1","南投縣","魚池鄉","120.920","23.910","372"
"103","246970","20221102075000","32","3","南投縣","魚池鄉","120.920","23.915","38"
"247","246989","20221102075000","243","1","南投縣","魚池鄉","120.925","23.910","248"
"176","247005","20221102075000","134","2","南投縣","魚池鄉","120.945","23.925","189"
"621","247013","20221102075000","523","1","南投縣","魚池鄉","120.930","23.850","689"
"17","247024","20221102075000","46","0","南投縣","魚池鄉","120.935","23.855","20"
"387","247088","20221102075000","387","1","南投縣","魚池鄉","120.965","23.890","433"
"39","247100","20221102075000","323","0","南投縣","魚池鄉","120.940","23.895","32"
"17","247101","20221102075000","18","0","南投縣","魚池鄉","120.945","23.895","16"
"65","247117","20221102075000","36","3","彰化縣","竹塘鄉","120.400","23.860","65"
"194","247119","20221102075000","139","2","彰化縣","竹塘鄉","120.410","23.860","162"
"22","247152","20221102075000","17","2","彰化縣","田中鎮","120.570","23.870","39"
"900","247156","20221102075000","757","1","彰化縣","社頭鄉","120.595","23.900","837"
"32","247158","20221102075000","188","0","彰化縣","田尾鄉","120.550","23.890","33"
"130","247160","20221102075000","85","3","彰化縣","田尾鄉","120.555","23.895","87"
"11","247163","20221102075000","262","0","彰化縣","田尾鄉","120.560","23.900","12"
"566","247166","20221102075000","537","1","彰化縣","田尾鄉","120.525","23.905","543"
"40","247170","20221102075000","14","3","彰化縣","田尾鄉","120.520","23.890","35"
"673","247187","20221102075000","784","0","彰化縣","田尾鄉","120.500","23.920","778"
"64","247189","20221102075000","561","0","彰化縣","溪湖鎮","120.475","23.925","72"
"2544","247194","20221102075000","524","3","彰化縣","社頭鄉","120.585","23.895","2469"
"221","247207","20221102075000","218","1","彰化縣","社頭鄉","120.605","23.895","227"
"29","247218","20221102075000","176","0","彰化縣","田尾鄉","120.540","23.885","30"
"343","247222","20221102075000","684","0","彰化縣","田中鎮","120.585","23.865","342"
"307","247224","20221102075000","310","0","彰化縣","田中鎮","120.585","23.850","312"
"30","247227","20221102075000","583","0","彰化縣","田中鎮","120.600","23.855","34"
"1156","247235","20221102075000","981","1","彰化縣","田中鎮","120.590","23.855","1171"
"61","247238","20221102075000","66","0","彰化縣","田尾鄉","120.530","23.895","55"
"231","247244","20221102075000","173","2","彰化縣","北斗鎮","120.545","23.880","260"
"31","247248","20221102075000","44","0","彰化縣","田尾鄉","120.550","23.885","25"
"308","247250","20221102075000","250","2","彰化縣","田尾鄉","120.560","23.890","333"
"125","247251","20221102075000","107","1","彰化縣","田尾鄉","120.565","23.890","116"
"33","247253","20221102075000","301","0","彰化縣","田尾鄉","120.535","23.900","23"
"58","247259","20221102075000","697","0","彰化縣","田尾鄉","120.550","23.900","66"
"517","247268","20221102075000","451","1","彰化縣","社頭鄉","120.585","23.920","492"
"65","247277","20221102075000","61","1","彰化縣","社頭鄉","120.615","23.885","57"
"420","247283","20221102075000","343","2","彰化縣","社頭鄉","120.610","23.890","452"
"16","247286","20221102075000","13","2","彰化縣","社頭鄉","120.570","23.910","16"
"24","247288","20221102075000","46","0","彰化縣","永靖鄉","120.575","23.915","27"
"39","247290","20221102075000","31","2","彰化縣","永靖鄉","120.575","23.920","52"
"24","247291","20221102075000","283","0","彰化縣","社頭鄉","120.595","23.920","20"
"23","247293","20221102075000","258","0","彰化縣","社頭鄉","120.605","23.920","18"
"696","247305","20221102075000","679","1","彰化縣","北斗鎮","120.570","23.850","629"
"273","247308","20221102075000","238","1","彰化縣","田中鎮","120.575","23.855","297"
"980","247312","20221102075000","1002","0","彰化縣","田中鎮","120.605","23.855","1132"
"497","247316","20221102075000","1022","0","彰化縣","田中鎮","120.580","23.860","506"
"414","247328","20221102075000","350","1","彰化縣","社頭鄉","120.575","23.900","409"
"299","247336","20221102075000","274","1","彰化縣","社頭鄉","120.610","23.905","276"
"33","247347","20221102075000","19","3","彰化縣","社頭鄉","120.630","23.905","27"
"484","247352","20221102075000","472","1","彰化縣","田中鎮","120.560","23.865","441"
"119","247353","20221102075000","145","0","彰化縣","田中鎮","120.565","23.865","119"
"496","247359","20221102075000","354","2","彰化縣","田中鎮","120.590","23.865","525"
"494","247361","20221102075000","502","0","彰化縣","田中鎮","120.585","23.870","483"
"478","247365","20221102075000","459","1","彰化縣","田中鎮","120.585","23.860","448"
"248","247366","20221102075000","195","2","彰化縣","田中鎮","120.570","23.875","232"
"11","247367","20221102075000","216","0","彰化縣","田中鎮","120.560","23.880","11"
"279","247377","20221102075000","235","1","彰化縣","田中鎮","120.605","23.870","257"
"129","247383","20221102075000","121","1","彰化縣","田中鎮","120.605","23.875","133"
"249","247399","20221102075000","206","2","彰化縣","田中鎮","120.595","23.855","228"
"56","247400","20221102075000","235","0","彰化縣","田中鎮","120.590","23.860","79"
"583","247403","20221102075000","252","3","彰化縣","社頭鄉","120.590","23.900","611"
"936","247409","20221102075000","241","3","彰化縣","社頭鄉","120.585","23.885","926"
"25","247637","20221102075000","32","0","花蓮縣","壽豐鄉","121.610","23.920","35"
"147","252412","20221102075000","144","1","花蓮縣","花蓮市","121.640","23.995","192"
"51","252926","20221102075000","34","3","臺中市","霧峰區","120.705","24.010","48"
"159","253141","20221102075000","130","2","花蓮縣","秀林鄉","121.505","23.945","156"
"200","253374","20221102075000","211","0","花蓮縣","秀林鄉","121.555","24.005","224"
"301","253376","20221102075000","271","1","花蓮縣","新城鄉","121.615","24.005","307"
"188","253382","20221102075000","224","0","花蓮縣","吉安鄉","121.580","23.925","207"
"321","253393","20221102075000","270","1","花蓮縣","吉安鄉","121.585","23.930","327"
"265","253400","20221102075000","144","3","花蓮縣","吉安鄉","121.580","23.935","264"
"734","253410","20221102075000","624","1","花蓮縣","吉安鄉","121.595","23.940","772"
"401","253413","20221102075000","520","0","花蓮縣","吉安鄉","121.575","23.945","391"
"1245","253414","20221102075000","924","2","花蓮縣","吉安鄉","121.585","23.975","1266"
"174","253433","20221102075000","204","0","花蓮縣","吉安鄉","121.550","23.945","210"
"146","253436","20221102075000","119","2","花蓮縣","吉安鄉","121.525","23.945","162"
"1207","253452","20221102075000","999","2","花蓮縣","吉安鄉","121.590","23.950","1184"
"618","253454","20221102075000","590","1","花蓮縣","吉安鄉","121.590","23.955","610"
"393","253457","20221102075000","370","1","花蓮縣","吉安鄉","121.590","23.945","406"
"429","253463","20221102075000","368","1","花蓮縣","吉安鄉","121.600","23.945","477"
"917","253470","20221102075000","1397","0","花蓮縣","吉安鄉","121.590","23.965","873"
"881","253471","20221102075000","554","3","花蓮縣","吉安鄉","121.590","23.970","854"
"2601","253472","20221102075000","2286","1","花蓮縣","花蓮市","121.590","23.975","2536"
"1066","253475","20221102075000","981","1","花蓮縣","吉安鄉","121.590","23.980","1008"
"595","253477","20221102075000","580","1","花蓮縣","吉安鄉","121.585","23.985","622"
"308","253478","20221102075000","246","2","花蓮縣","吉安鄉","121.585","23.980","302"
"985","253479","20221102075000","819","2","花蓮縣","花蓮市","121.600","23.985","967"
"388","253480","20221102075000","383","1","花蓮縣","吉安鄉","121.580","23.985","394"
"585","253481","20221102075000","546","1","花蓮縣","吉安鄉","121.585","23.990","607"
"2139","253482","20221102075000","1710","2","花蓮縣","花蓮市","121.595","23.990","2119"
"1686","253484","20221102075000","1111","3","花蓮縣","吉安鄉","121.580","23.970","1659"
"507","253485","20221102075000","573","0","花蓮縣","吉安鄉","121.585","23.970","599"
"76","253506","20221102075000","153","0","花蓮縣","吉安鄉","121.570","23.965","83"
"504","253507","20221102075000","316","3","花蓮縣","吉安鄉","121.575","23.965","456"
"454","253508","20221102075000","360","2","花蓮縣","吉安鄉","121.565","23.970","479"
"31","253517","20221102075000","123","0","花蓮縣","吉安鄉","121.560","23.975","36"
"1080","253520","20221102075000","1006","1","花蓮縣","吉安鄉","121.580","23.975","1062"
"576","253542","20221102075000","470","2","花蓮縣","吉安鄉","121.555","23.990","570"
"108","253545","20221102075000","124","0","花蓮縣","吉安鄉","121.570","23.990","84"
"54","253550","20221102075000","10","3","花蓮縣","吉安鄉","121.555","23.995","45"
"375","253552","20221102075000","285","2","花蓮縣","吉安鄉","121.570","23.975","365"
"776","253554","20221102075000","412","3","花蓮縣","吉安鄉","121.565","23.980","790"
"906","253555","20221102075000","980","0","花蓮縣","吉安鄉","121.570","23.980","877"
"418","253556","20221102075000","384","1","花蓮縣","吉安鄉","121.575","23.980","391"
"28","253557","20221102075000","36","0","花蓮縣","吉安鄉","121.555","23.985","29"
"468","253559","20221102075000","320","2","花蓮縣","吉安鄉","121.565","23.985","477"
"292","253561","20221102075000","208","2","花蓮縣","吉安鄉","121.605","23.955","328"
"619","253562","20221102075000","432","2","花蓮縣","吉安鄉","121.595","23.960","607"
"420","253563","20221102075000","375","1","花蓮縣","吉安鄉","121.600","23.960","397"
"1470","253565","20221102075000","1612","0","花蓮縣","吉安鄉","121.595","23.965","1480"
"433","253569","20221102075000","500","0","花蓮縣","吉安鄉","121.575","23.985","430"
"358","253575","20221102075000","269","2","花蓮縣","吉安鄉","121.570","23.940","385"
"531","253584","20221102075000","578","0","花蓮縣","吉安鄉","121.560","23.950","558"
"785","253594","20221102075000","706","1","花蓮縣","吉安鄉","121.550","23.965","741"
"773","253596","20221102075000","680","1","花蓮縣","吉安鄉","121.560","23.965","761"
"1091","253597","20221102075000","571","3","花蓮縣","吉安鄉","121.565","23.965","1078"
"402","253603","20221102075000","286","2","花蓮縣","吉安鄉","121.560","23.970","382"
"340","253608","20221102075000","249","2","花蓮縣","吉安鄉","121.580","23.955","334"
"774","253609","20221102075000","779","0","花蓮縣","吉安鄉","121.570","23.960","743"
"391","253611","20221102075000","432","0","花蓮縣","吉安鄉","121.580","23.960","455"
"350","253627","20221102075000","312","1","花蓮縣","吉安鄉","121.535","23.930","478"
"632","253648","20221102075000","597","1","花蓮縣","花蓮市","121.625","23.985","686"
"1112","253649","20221102075000","1397","0","花蓮縣","花蓮市","121.620","24.005","1136"
"67","253650","20221102075000","58","1","彰化縣","二林鎮","120.420","23.955","63"
"73","253656","20221102075000","73","1","彰化縣","二林鎮","120.415","23.965","81"
"106","253670","20221102075000","300","0","彰化縣","二林鎮","120.440","23.930","105"
"1567","253672","20221102075000","1621","0","彰化縣","員林鎮","120.580","23.955","1624"
"615","253673","20221102075000","535","1","彰化縣","員林鎮","120.585","23.955","708"
"413","253675","20221102075000","768","0","彰化縣","員林鎮","120.565","23.950","441"
"343","253677","20221102075000","371","0","彰化縣","埔心鄉","120.560","23.940","397"
"810","253681","20221102075000","766","1","彰化縣","員林鎮","120.565","23.945","799"
"138","253686","20221102075000","88","3","彰化縣","員林鎮","120.610","23.980","166"
"1842","253688","20221102075000","1817","1","彰化縣","員林鎮","120.570","23.960","1904"
"2923","253689","20221102075000","3119","0","彰化縣","員林鎮","120.570","23.955","2942"
"178","253764","20221102075000","163","1","花蓮縣","秀林鄉","121.505","23.960","188"
"155","253789","20221102075000","91","3","花蓮縣","秀林鄉","121.495","23.965","156"
"1490","254233","20221102075000","2001","0","花蓮縣","花蓮市","121.605","23.975","1555"
"2760","254234","20221102075000","2525","1","花蓮縣","花蓮市","121.600","23.975","2786"
"1504","254236","20221102075000","1553","0","花蓮縣","花蓮市","121.625","23.990","1592"
"1027","254237","20221102075000","1146","0","花蓮縣","花蓮市","121.630","23.985","1010"
"1276","254238","20221102075000","1242","1","花蓮縣","花蓮市","121.630","23.990","1337"
"2242","254240","20221102075000","2184","1","花蓮縣","花蓮市","121.635","23.995","2174"
"43","254242","20221102075000","43","1","南投縣","國姓鄉","120.880","23.970","82"
"21","254247","20221102075000","262","0","南投縣","國姓鄉","120.875","23.975","25"
"277","254260","20221102075000","216","2","南投縣","國姓鄉","120.870","23.985","281"
"82","254328","20221102075000","46","3","南投縣","國姓鄉","120.830","23.945","89"
"77","254335","20221102075000","36","3","南投縣","國姓鄉","120.865","23.945","61"
"10","254346","20221102075000","73","0","南投縣","國姓鄉","120.865","23.950","10"
"33","254349","20221102075000","36","0","南投縣","中寮鄉","120.830","23.955","49"
"37","254374","20221102075000","25","2","南投縣","國姓鄉","120.860","23.960","44"
"75","254379","20221102075000","24","3","南投縣","中寮鄉","120.835","23.965","78"
"220","254397","20221102075000","148","2","南投縣","國姓鄉","120.865","23.975","219"
"904","254400","20221102075000","600","3","南投縣","埔里鎮","120.970","23.955","917"
"116","254401","20221102075000","427","0","南投縣","埔里鎮","120.990","23.945","104"
"1412","254411","20221102075000","2177","0","南投縣","埔里鎮","120.975","23.955","1360"
"2197","254415","20221102075000","1567","2","南投縣","埔里鎮","120.975","23.960","2156"
"171","254447","20221102075000","155","1","南投縣","埔里鎮","120.925","23.940","163"
"44","254450","20221102075000","39","1","南投縣","埔里鎮","120.940","23.940","34"
"431","254465","20221102075000","363","1","南投縣","埔里鎮","120.915","23.950","435"
"674","254467","20221102075000","652","1","南投縣","埔里鎮","120.925","23.950","683"
"343","254470","20221102075000","275","2","南投縣","埔里鎮","120.940","23.950","337"
"191","254481","20221102075000","150","2","南投縣","埔里鎮","120.915","23.955","213"
"48","254504","20221102075000","380","0","南投縣","埔里鎮","120.970","23.945","47"
"43","254506","20221102075000","287","0","南投縣","埔里鎮","120.980","23.945","38"
"725","254510","20221102075000","402","3","南投縣","埔里鎮","120.965","23.950","687"
"471","254512","20221102075000","465","1","南投縣","埔里鎮","120.975","23.950","505"
"2096","254517","20221102075000","1843","1","南投縣","埔里鎮","120.970","23.970","2048"
"291","254519","20221102075000","188","3","南投縣","埔里鎮","120.975","23.975","287"
"30","254520","20221102075000","98","0","南投縣","埔里鎮","120.970","23.980","22"
"226","254538","20221102075000","136","3","南投縣","中寮鄉","120.790","23.945","234"
"14","254548","20221102075000","13","1","南投縣","中寮鄉","120.790","23.955","13"
"582","254550","20221102075000","1426","0","南投縣","埔里鎮","120.970","23.965","593"
"253","254560","20221102075000","264","0","南投縣","埔里鎮","120.945","23.960","263"
"24","254571","20221102075000","200","0","南投縣","埔里鎮","120.930","23.970","18"
"376","254589","20221102075000","365","1","南投縣","埔里鎮","120.955","24.005","397"
"902","254592","20221102075000","849","1","南投縣","埔里鎮","120.965","23.955","901"
"27","254599","20221102075000","30","0","南投縣","埔里鎮","120.915","23.990","25"
"719","254621","20221102075000","491","2","南投縣","埔里鎮","120.960","23.960","734"
"158","254622","20221102075000","128","2","南投縣","埔里鎮","120.965","23.960","125"
"54","254624","20221102075000","1067","0","南投縣","埔里鎮","120.955","23.965","64"
"77","254627","20221102075000","687","0","南投縣","埔里鎮","120.960","23.970","64"
"639","254629","20221102075000","599","1","南投縣","埔里鎮","120.955","23.975","673"
"693","254633","20221102075000","735","0","南投縣","埔里鎮","120.980","23.980","724"
"37","254641","20221102075000","217","0","南投縣","埔里鎮","120.955","23.955","35"
"399","254658","20221102075000","346","1","南投縣","埔里鎮","120.980","23.990","418"
"24","254675","20221102075000","186","0","南投縣","埔里鎮","120.960","24.000","28"
"27","254680","20221102075000","29","0","南投縣","埔里鎮","120.985","24.000","33"
"337","254705","20221102075000","316","1","南投縣","埔里鎮","120.970","24.005","342"
"174","254706","20221102075000","171","1","南投縣","埔里鎮","120.975","24.005","192"
"692","254712","20221102075000","722","0","花蓮縣","花蓮市","121.610","23.970","719"
"1507","254713","20221102075000","1117","2","花蓮縣","花蓮市","121.600","23.965","1411"
"717","254714","20221102075000","674","1","花蓮縣","花蓮市","121.610","23.985","736"
"1429","254716","20221102075000","1520","0","花蓮縣","花蓮市","121.605","23.980","1478"
"1299","254717","20221102075000","1091","1","花蓮縣","花蓮市","121.600","23.980","1260"
"839","254719","20221102075000","1053","0","花蓮縣","花蓮市","121.605","23.985","764"
"28","254721","20221102075000","97","0","花蓮縣","花蓮市","121.600","23.970","26"
"1512","254723","20221102075000","1985","0","花蓮縣","花蓮市","121.605","23.970","1527"
"43","254728","20221102075000","88","0","花蓮縣","花蓮市","121.615","23.985","34"
"1272","254729","20221102075000","1467","0","花蓮縣","花蓮市","121.620","24.000","1244"
"1595","254730","20221102075000","1580","1","花蓮縣","花蓮市","121.625","23.995","1563"
"952","254732","20221102075000","783","2","花蓮縣","花蓮市","121.615","23.975","1010"
"719","254733","20221102075000","735","0","花蓮縣","花蓮市","121.615","23.980","757"
"1849","254735","20221102075000","1503","2","花蓮縣","吉安鄉","121.590","23.985","1815"
"157","254742","20221102075000","437","0","花蓮縣","花蓮市","121.610","24.005","161"
"52","254743","20221102075000","173","0","花蓮縣","吉安鄉","121.580","23.990","48"
"838","254745","20221102075000","643","2","花蓮縣","吉安鄉","121.590","23.990","867"
"827","254746","20221102075000","738","1","花蓮縣","花蓮市","121.585","23.995","827"
"719","254747","20221102075000","898","0","花蓮縣","花蓮市","121.590","23.995","734"
"1427","254748","20221102075000","1594","0","花蓮縣","花蓮市","121.595","23.995","1509"
"398","254754","20221102075000","417","0","花蓮縣","花蓮市","121.590","24.005","396"
"1279","254756","20221102075000","1411","0","花蓮縣","花蓮市","121.595","23.970","1262"
"793","254757","20221102075000","572","2","花蓮縣","花蓮市","121.595","23.975","728"
"167","254766","20221102075000","2333","0","彰化縣","員林鎮","120.570","23.970","2523"
"483","254767","20221102075000","501","0","彰化縣","員林鎮","120.575","23.970","527"
"569","254769","20221102075000","699","0","花蓮縣","花蓮市","121.610","23.975","596"
"1874","254770","20221102075000","1525","2","花蓮縣","花蓮市","121.610","23.980","1988"
"774","254771","20221102075000","718","1","花蓮縣","花蓮市","121.615","24.000","767"
"15","254772","20221102075000","33","0","花蓮縣","花蓮市","121.560","24.000","16"
"237","254777","20221102075000","177","2","花蓮縣","花蓮市","121.575","24.005","220"
"2316","254779","20221102075000","2182","1","花蓮縣","花蓮市","121.600","23.990","2394"
"686","254780","20221102075000","773","0","花蓮縣","花蓮市","121.610","23.990","710"
"2142","254781","20221102075000","2587","0","花蓮縣","花蓮市","121.605","23.990","2508"
"478","254782","20221102075000","503","0","花蓮縣","花蓮市","121.605","23.995","563"
"2574","254783","20221102075000","2524","1","花蓮縣","吉安鄉","121.575","23.990","2531"
"1778","254784","20221102075000","1739","1","花蓮縣","吉安鄉","121.565","23.995","1767"
"365","254785","20221102075000","322","1","花蓮縣","花蓮市","121.570","23.995","368"
"743","254786","20221102075000","685","1","花蓮縣","花蓮市","121.575","23.995","768"
"906","254789","20221102075000","1086","0","花蓮縣","吉安鄉","121.595","23.985","972"
"2222","254790","20221102075000","1773","2","花蓮縣","花蓮市","121.600","23.995","2181"
"16","254798","20221102075000","64","0","南投縣","中寮鄉","120.745","23.935","16"
"15","254887","20221102075000","108","0","南投縣","中寮鄉","120.780","23.945","18"
"252","254901","20221102075000","221","1","南投縣","中寮鄉","120.765","23.940","276"
"237","254913","20221102075000","199","1","彰化縣","員林鎮","120.550","23.975","197"
"52","254920","20221102075000","482","0","彰化縣","員林鎮","120.580","23.935","39"
"265","254925","20221102075000","236","1","彰化縣","員林鎮","120.580","23.945","243"
"86","254926","20221102075000","385","0","彰化縣","員林鎮","120.575","23.945","81"
"1010","254940","20221102075000","917","1","花蓮縣","花蓮市","121.620","23.985","1045"
"717","254941","20221102075000","658","1","花蓮縣","花蓮市","121.615","23.990","694"
"446","254942","20221102075000","471","0","花蓮縣","花蓮市","121.620","23.990","527"
"32","254950","20221102075000","88","0","花蓮縣","花蓮市","121.645","24.005","99"
"582","254952","20221102075000","528","1","彰化縣","埔心鄉","120.520","23.965","701"
"31","254964","20221102075000","91","0","彰化縣","芳苑鄉","120.325","23.940","33"
"335","254974","20221102075000","209","3","彰化縣","芳苑鄉","120.330","23.940","363"
"1834","255019","20221102075000","1371","2","彰化縣","員林鎮","120.565","23.965","1686"
"231","255021","20221102075000","654","0","彰化縣","員林鎮","120.600","23.965","254"
"237","255024","20221102075000","201","1","彰化縣","員林鎮","120.610","23.970","216"
"398","255030","20221102075000","335","1","彰化縣","埔心鄉","120.530","23.940","361"
"26","255038","20221102075000","547","0","彰化縣","埔鹽鄉","120.480","23.990","19"
"254","255039","20221102075000","178","2","彰化縣","埔鹽鄉","120.500","23.975","270"
"173","255044","20221102075000","203","0","南投縣","南投市","120.700","23.930","164"
"289","255046","20221102075000","221","2","南投縣","南投市","120.635","23.935","268"
"213","255053","20221102075000","145","2","南投縣","南投市","120.635","23.945","200"
"694","255063","20221102075000","740","0","彰化縣","永靖鄉","120.555","23.935","671"
"41","255064","20221102075000","348","0","彰化縣","永靖鄉","120.560","23.930","43"
"573","255065","20221102075000","484","1","彰化縣","員林鎮","120.555","23.960","564"
"314","255068","20221102075000","164","3","彰化縣","員林鎮","120.560","23.965","336"
"412","255069","20221102075000","351","1","彰化縣","員林鎮","120.555","23.970","432"
"920","255073","20221102075000","1307","0","南投縣","南投市","120.690","23.945","911"
"1327","255074","20221102075000","1124","1","南投縣","南投市","120.690","23.950","1279"
"43","255075","20221102075000","221","0","南投縣","南投市","120.685","23.950","36"
"35","255078","20221102075000","311","0","南投縣","南投市","120.675","23.945","41"
"56","255079","20221102075000","523","0","南投縣","南投市","120.680","23.945","63"
"214","255081","20221102075000","148","2","南投縣","草屯鎮","120.675","23.950","193"
"462","255088","20221102075000","492","0","南投縣","南投市","120.660","23.935","464"
"360","255092","20221102075000","510","0","南投縣","南投市","120.665","23.940","330"
"15","255093","20221102075000","22","0","南投縣","南投市","120.645","23.945","17"
"295","255094","20221102075000","163","3","南投縣","南投市","120.650","23.945","343"
"14","255100","20221102075000","132","0","南投縣","南投市","120.655","23.950","15"
"280","255107","20221102075000","312","0","南投縣","南投市","120.650","23.955","273"
"331","255130","20221102075000","225","2","彰化縣","芳苑鄉","120.315","23.930","355"
"19","255153","20221102075000","164","0","彰化縣","芳苑鄉","120.380","23.940","18"
"707","255158","20221102075000","504","2","彰化縣","芳苑鄉","120.380","23.955","708"
"160","255176","20221102075000","436","0","彰化縣","埔心鄉","120.555","23.940","166"
"1296","255177","20221102075000","1284","1","彰化縣","埔心鄉","120.540","23.950","1322"
"43","255178","20221102075000","581","0","彰化縣","埔心鄉","120.545","23.950","23"
"74","255179","20221102075000","68","1","彰化縣","埔心鄉","120.540","23.955","75"
"308","255199","20221102075000","246","2","彰化縣","二林鎮","120.420","23.950","317"
"348","255210","20221102075000","387","0","彰化縣","永靖鄉","120.550","23.930","335"
"340","255220","20221102075000","350","0","彰化縣","大村鄉","120.585","23.990","345"
"859","255222","20221102075000","919","0","彰化縣","大村鄉","120.580","23.995","854"
"13","255223","20221102075000","26","0","彰化縣","大村鄉","120.585","23.995","18"
"80","255227","20221102075000","82","0","彰化縣","大村鄉","120.590","23.995","96"
"175","255229","20221102075000","256","0","彰化縣","大村鄉","120.600","23.995","174"
"28","255230","20221102075000","43","0","彰化縣","大村鄉","120.605","23.995","31"
"396","255232","20221102075000","404","0","彰化縣","大村鄉","120.595","24.000","397"
"522","255234","20221102075000","527","0","彰化縣","大村鄉","120.570","23.975","488"
"585","255238","20221102075000","465","2","彰化縣","大村鄉","120.535","24.000","576"
"21","255239","20221102075000","177","0","彰化縣","大村鄉","120.540","24.000","16"
"12","255251","20221102075000","238","0","彰化縣","埔心鄉","120.515","23.970","12"
"59","255257","20221102075000","66","0","彰化縣","埔心鄉","120.540","23.965","68"
"386","255261","20221102075000","277","2","彰化縣","埔心鄉","120.555","23.950","402"
"189","255262","20221102075000","220","0","彰化縣","埔心鄉","120.550","23.955","189"
"77","255263","20221102075000","319","0","彰化縣","埔心鄉","120.555","23.955","68"
"13","255264","20221102075000","315","0","彰化縣","埔心鄉","120.545","23.960","12"
"926","255265","20221102075000","66","3","彰化縣","埔心鄉","120.560","23.945","853"
"396","255266","20221102075000","222","3","彰化縣","埔心鄉","120.550","23.945","400"
"399","255267","20221102075000","369","1","彰化縣","埔心鄉","120.555","23.945","407"
"119","255273","20221102075000","97","2","彰化縣","埔心鄉","120.515","23.940","121"
"206","255276","20221102075000","174","1","彰化縣","埔心鄉","120.525","23.950","200"
"1191","255277","20221102075000","792","3","彰化縣","埔心鄉","120.525","23.945","1243"
"308","255284","20221102075000","285","1","彰化縣","埔心鄉","120.520","23.945","298"
"623","255287","20221102075000","372","3","彰化縣","埔心鄉","120.515","23.950","582"
"195","255292","20221102075000","358","0","南投縣","埔里鎮","120.935","23.995","167"
"103","255303","20221102075000","96","1","南投縣","埔里鎮","120.945","24.000","102"
"265","255308","20221102075000","177","2","南投縣","埔里鎮","120.940","24.005","252"
"133","255309","20221102075000","297","0","南投縣","埔里鎮","120.945","24.005","147"
"579","255312","20221102075000","432","2","彰化縣","溪湖鎮","120.495","23.965","579"
"80","255322","20221102075000","471","0","彰化縣","溪湖鎮","120.510","23.970","92"
"1160","255326","20221102075000","662","3","彰化縣","大村鄉","120.545","23.995","1170"
"337","255337","20221102075000","335","1","彰化縣","大村鄉","120.555","24.000","370"
"717","255339","20221102075000","543","2","彰化縣","大村鄉","120.550","24.005","681"
"13","255342","20221102075000","10","2","彰化縣","大村鄉","120.565","23.995","15"
"22","255345","20221102075000","385","0","彰化縣","大村鄉","120.580","24.000","21"
"133","255351","20221102075000","101","2","彰化縣","大村鄉","120.585","24.000","146"
"373","255359","20221102075000","327","1","彰化縣","大村鄉","120.550","23.980","414"
"1532","255361","20221102075000","1283","1","彰化縣","大村鄉","120.565","23.980","1602"
"390","255365","20221102075000","392","0","彰化縣","大村鄉","120.540","23.975","387"
"70","255366","20221102075000","80","0","彰化縣","大村鄉","120.520","23.980","62"
"21","255371","20221102075000","108","0","彰化縣","芳苑鄉","120.355","23.935","13"
"269","255379","20221102075000","112","3","彰化縣","芳苑鄉","120.365","23.940","258"
"47","255396","20221102075000","256","0","彰化縣","芳苑鄉","120.350","23.975","67"
"560","255400","20221102075000","233","3","彰化縣","芳苑鄉","120.345","23.980","550"
"45","255443","20221102075000","206","0","彰化縣","芳苑鄉","120.390","23.980","38"
"156","255448","20221102075000","99","3","彰化縣","芳苑鄉","120.385","23.985","138"
"1724","255463","20221102075000","1510","1","南投縣","埔里鎮","120.975","23.970","1713"
"68","255464","20221102075000","299","0","彰化縣","埔心鄉","120.560","23.950","52"
"13","255465","20221102075000","110","0","彰化縣","埔心鄉","120.560","23.955","23"
"317","255466","20221102075000","291","1","南投縣","南投市","120.695","23.940","309"
"599","255472","20221102075000","595","1","南投縣","南投市","120.695","23.945","625"
"44","255475","20221102075000","33","2","南投縣","南投市","120.700","23.950","39"
"677","255480","20221102075000","866","0","南投縣","南投市","120.695","23.950","671"
"315","255482","20221102075000","234","2","南投縣","南投市","120.690","23.955","299"
"53","255490","20221102075000","198","0","南投縣","南投市","120.690","23.930","47"
"1267","255491","20221102075000","828","3","南投縣","南投市","120.695","23.930","1306"
"266","255494","20221102075000","579","0","南投縣","南投市","120.690","23.935","292"
"770","255496","20221102075000","525","2","南投縣","南投市","120.700","23.935","731"
"34","255498","20221102075000","459","0","南投縣","南投市","120.710","23.935","35"
"174","255525","20221102075000","751","0","彰化縣","芳苑鄉","120.335","23.960","179"
"139","255535","20221102075000","86","3","彰化縣","芳苑鄉","120.360","23.970","130"
"145","255545","20221102075000","114","2","彰化縣","二林鎮","120.385","23.945","140"
"136","255549","20221102075000","153","0","彰化縣","芳苑鄉","120.385","23.955","145"
"151","255550","20221102075000","106","2","彰化縣","芳苑鄉","120.390","23.955","132"
"172","255551","20221102075000","139","2","彰化縣","芳苑鄉","120.395","23.955","196"
"159","255559","20221102075000","105","3","彰化縣","芳苑鄉","120.385","23.970","151"
"67","255593","20221102075000","65","1","南投縣","國姓鄉","120.855","23.995","79"
"317","255626","20221102075000","223","2","南投縣","國姓鄉","120.840","24.005","292"
"71","255633","20221102075000","334","0","南投縣","國姓鄉","120.815","24.000","73"
"10","255636","20221102075000","91","0","南投縣","國姓鄉","120.815","24.005","12"
"28","255646","20221102075000","395","0","南投縣","埔里鎮","120.955","23.995","22"
"435","255647","20221102075000","240","3","南投縣","埔里鎮","120.960","23.965","421"
"14","255663","20221102075000","169","0","南投縣","埔里鎮","121.000","23.955","15"
"219","255680","20221102075000","202","1","南投縣","埔里鎮","121.000","23.965","195"
"779","255708","20221102075000","882","0","南投縣","埔里鎮","120.995","23.975","767"
"232","255724","20221102075000","164","2","南投縣","埔里鎮","121.005","23.980","240"
"81","255748","20221102075000","163","0","南投縣","埔里鎮","121.020","23.990","71"
"28","255778","20221102075000","116","0","南投縣","仁愛鄉","121.040","24.000","16"
"50","255784","20221102075000","59","0","南投縣","埔里鎮","121.055","24.000","26"
"883","255785","20221102075000","1036","0","南投縣","埔里鎮","120.965","23.965","863"
"32","255786","20221102075000","50","0","南投縣","埔里鎮","120.965","23.970","34"
"340","255794","20221102075000","234","2","南投縣","埔里鎮","120.990","23.930","363"
"850","255798","20221102075000","593","2","彰化縣","埔鹽鄉","120.485","24.005","779"
"490","255803","20221102075000","380","2","彰化縣","埔鹽鄉","120.475","23.995","498"
"864","255804","20221102075000","595","2","彰化縣","埔鹽鄉","120.480","23.995","886"
"263","255810","20221102075000","161","3","彰化縣","埔鹽鄉","120.455","24.010","267"
"18","255814","20221102075000","439","0","彰化縣","埔鹽鄉","120.430","23.980","21"
"276","255817","20221102075000","234","1","彰化縣","埔鹽鄉","120.445","23.960","290"
"343","255822","20221102075000","156","3","彰化縣","埔鹽鄉","120.440","23.975","338"
"705","255835","20221102075000","644","1","彰化縣","埔鹽鄉","120.465","24.000","642"
"225","255836","20221102075000","155","2","彰化縣","埔鹽鄉","120.460","24.005","261"
"669","255841","20221102075000","455","2","彰化縣","花壇鄉","120.575","24.005","613"
"266","255861","20221102075000","115","3","彰化縣","埔鹽鄉","120.450","23.985","266"
"54","255868","20221102075000","341","0","彰化縣","埔鹽鄉","120.445","23.985","54"
"295","255875","20221102075000","213","2","彰化縣","埔鹽鄉","120.465","23.970","266"
"281","255894","20221102075000","209","2","彰化縣","埔鹽鄉","120.490","23.990","256"
"15","255901","20221102075000","230","0","彰化縣","埔鹽鄉","120.490","23.975","18"
"47","255903","20221102075000","438","0","彰化縣","埔鹽鄉","120.480","23.980","45"
"695","255912","20221102075000","489","2","彰化縣","大村鄉","120.530","23.990","690"
"511","255913","20221102075000","481","1","彰化縣","大村鄉","120.535","23.990","553"
"984","255917","20221102075000","945","1","彰化縣","大村鄉","120.555","23.990","967"
"241","255920","20221102075000","618","0","彰化縣","大村鄉","120.575","23.985","240"
"386","255921","20221102075000","356","1","彰化縣","大村鄉","120.580","23.985","395"
"483","255923","20221102075000","504","0","彰化縣","大村鄉","120.590","23.985","462"
"83","255924","20221102075000","76","1","彰化縣","大村鄉","120.595","23.985","93"
"144","255941","20221102075000","143","1","彰化縣","大村鄉","120.540","23.980","150"
"628","255950","20221102075000","390","3","彰化縣","大村鄉","120.510","23.985","550"
"235","255953","20221102075000","194","2","彰化縣","大村鄉","120.520","23.985","336"
"163","255956","20221102075000","1246","0","彰化縣","大村鄉","120.560","23.990","143"
"60","255962","20221102075000","52","1","彰化縣","埔鹽鄉","120.430","23.995","62"
"429","255975","20221102075000","224","3","彰化縣","埔鹽鄉","120.420","23.990","444"
"82","255987","20221102075000","473","0","彰化縣","埔鹽鄉","120.450","24.005","79"
"383","256002","20221102075000","635","0","南投縣","埔里鎮","120.945","23.965","338"
"86","256004","20221102075000","1042","0","南投縣","埔里鎮","120.945","23.970","79"
"72","256025","20221102075000","58","2","南投縣","埔里鎮","120.890","23.955","71"
"1028","256042","20221102075000","1107","0","南投縣","埔里鎮","120.945","23.975","987"
"613","256043","20221102075000","460","2","南投縣","埔里鎮","120.925","23.980","506"
"57","256061","20221102075000","67","0","彰化縣","員林鎮","120.605","23.950","49"
"1191","256062","20221102075000","723","3","彰化縣","員林鎮","120.605","23.955","1170"
"54","256063","20221102075000","455","0","南投縣","南投市","120.670","23.930","50"
"49","256065","20221102075000","321","0","南投縣","南投市","120.675","23.935","49"
"645","256085","20221102075000","439","2","南投縣","南投市","120.660","23.930","650"
"339","256086","20221102075000","356","0","南投縣","南投市","120.665","23.930","321"
"611","256089","20221102075000","462","2","南投縣","南投市","120.670","23.940","590"
"293","256091","20221102075000","263","1","彰化縣","員林鎮","120.570","23.965","308"
"1083","256092","20221102075000","1515","0","彰化縣","員林鎮","120.575","23.965","1043"
"2149","256094","20221102075000","1928","1","彰化縣","員林鎮","120.580","23.960","2088"
"12","256095","20221102075000","18","0","彰化縣","員林鎮","120.585","23.960","21"
"1933","256096","20221102075000","1295","2","彰化縣","員林鎮","120.580","23.965","1943"
"97","256144","20221102075000","123","0","南投縣","仁愛鄉","121.080","23.995","124"
"163","256164","20221102075000","132","2","南投縣","仁愛鄉","121.085","24.000","170"
"383","256187","20221102075000","262","2","南投縣","仁愛鄉","121.100","23.990","439"
"66","256354","20221102075000","51","2","南投縣","仁愛鄉","121.075","23.930","73"
"174","256404","20221102075000","116","3","南投縣","仁愛鄉","121.075","23.950","177"
"28","256598","20221102075000","17","3","南投縣","仁愛鄉","121.120","23.950","22"
"163","256716","20221102075000","75","3","南投縣","仁愛鄉","121.130","23.960","174"
"131","256953","20221102075000","1532","0","彰化縣","員林鎮","120.575","23.950","117"
"50","256962","20221102075000","42","1","彰化縣","員林鎮","120.615","23.950","51"
"48","256968","20221102075000","178","0","彰化縣","員林鎮","120.625","23.955","35"
"23","256971","20221102075000","221","0","彰化縣","員林鎮","120.550","23.965","22"
"193","256976","20221102075000","187","1","彰化縣","員林鎮","120.605","23.945","189"
"68","256977","20221102075000","58","1","彰化縣","員林鎮","120.610","23.945","54"
"194","256978","20221102075000","267","0","彰化縣","員林鎮","120.615","23.945","205"
"1397","256982","20221102075000","1358","1","彰化縣","員林鎮","120.565","23.955","1360"
"2040","256983","20221102075000","1854","1","彰化縣","員林鎮","120.565","23.960","2011"
"513","256986","20221102075000","297","3","彰化縣","員林鎮","120.595","23.975","513"
"530","256988","20221102075000","416","2","彰化縣","大村鄉","120.590","23.980","540"
"1555","256995","20221102075000","1238","2","彰化縣","員林鎮","120.575","23.955","1570"
"63","256996","20221102075000","73","0","彰化縣","員林鎮","120.595","23.935","71"
"89","256997","20221102075000","457","0","彰化縣","員林鎮","120.605","23.935","94"
"76","257007","20221102075000","63","2","彰化縣","員林鎮","120.620","23.940","52"
"323","257021","20221102075000","271","1","彰化縣","二林鎮","120.415","23.955","298"
"117","257028","20221102075000","84","2","彰化縣","二林鎮","120.430","23.955","126"
"511","257055","20221102075000","380","2","彰化縣","二林鎮","120.400","23.930","497"
"125","257083","20221102075000","618","0","南投縣","草屯鎮","120.670","23.950","110"
"12","257086","20221102075000","304","0","南投縣","草屯鎮","120.680","23.955","12"
"289","257088","20221102075000","1271","0","南投縣","草屯鎮","120.680","23.960","276"
"111","257089","20221102075000","860","0","南投縣","草屯鎮","120.680","23.965","111"
"51","257092","20221102075000","559","0","彰化縣","員林鎮","120.570","23.945","45"
"503","257094","20221102075000","472","1","彰化縣","員林鎮","120.590","23.950","544"
"244","257095","20221102075000","199","2","彰化縣","員林鎮","120.595","23.950","250"
"1104","257097","20221102075000","992","1","彰化縣","員林鎮","120.570","23.950","1064"
"101","257100","20221102075000","525","0","彰化縣","員林鎮","120.585","23.970","89"
"597","257103","20221102075000","334","3","彰化縣","二林鎮","120.455","23.930","584"
"211","257115","20221102075000","141","2","彰化縣","二林鎮","120.445","23.945","210"
"930","257118","20221102075000","702","2","彰化縣","二林鎮","120.440","23.950","930"
"666","257124","20221102075000","674","0","彰化縣","員林鎮","120.590","23.940","657"
"200","257135","20221102075000","214","0","彰化縣","埔心鄉","120.510","23.940","223"
"11","257145","20221102075000","327","0","彰化縣","溪湖鎮","120.485","23.940","14"
"25","257149","20221102075000","232","0","彰化縣","溪湖鎮","120.480","23.955","24"
"236","257152","20221102075000","1137","0","南投縣","草屯鎮","120.685","23.975","244"
"672","257154","20221102075000","571","1","南投縣","草屯鎮","120.725","23.980","597"
"55","257160","20221102075000","65","0","南投縣","草屯鎮","120.720","23.990","57"
"110","257162","20221102075000","127","0","南投縣","草屯鎮","120.730","23.990","121"
"671","257166","20221102075000","362","3","南投縣","草屯鎮","120.680","23.970","597"
"1422","257168","20221102075000","1860","0","南投縣","草屯鎮","120.680","23.980","1399"
"14","257171","20221102075000","391","0","南投縣","草屯鎮","120.655","24.000","17"
"422","257173","20221102075000","409","1","南投縣","草屯鎮","120.665","24.000","431"
"77","257176","20221102075000","388","0","南投縣","草屯鎮","120.650","24.005","88"
"270","257181","20221102075000","282","0","南投縣","草屯鎮","120.725","23.995","295"
"343","257193","20221102075000","268","2","南投縣","草屯鎮","120.730","24.000","338"
"571","257213","20221102075000","488","1","彰化縣","溪湖鎮","120.450","23.955","579"
"558","257215","20221102075000","474","1","彰化縣","溪湖鎮","120.460","23.955","599"
"13","257222","20221102075000","12","1","南投縣","草屯鎮","120.750","23.975","13"
"361","257229","20221102075000","249","2","南投縣","草屯鎮","120.750","23.980","382"
"325","257235","20221102075000","343","0","南投縣","草屯鎮","120.750","23.985","347"
"48","257245","20221102075000","41","1","南投縣","草屯鎮","120.720","23.955","55"
"106","257251","20221102075000","109","0","南投縣","中寮鄉","120.750","23.955","101"
"29","257266","20221102075000","28","1","南投縣","草屯鎮","120.740","23.965","34"
"176","257267","20221102075000","134","2","南投縣","草屯鎮","120.745","23.965","166"
"120","257273","20221102075000","89","2","南投縣","草屯鎮","120.705","23.960","116"
"731","257282","20221102075000","658","1","南投縣","草屯鎮","120.705","23.975","746"
"758","257285","20221102075000","590","2","南投縣","草屯鎮","120.695","23.980","760"
"1244","257286","20221102075000","1372","0","南投縣","草屯鎮","120.700","23.980","1319"
"780","257289","20221102075000","736","1","南投縣","草屯鎮","120.715","23.980","743"
"898","257294","20221102075000","683","2","南投縣","南投市","120.685","23.955","873"
"85","257295","20221102075000","603","0","南投縣","草屯鎮","120.685","23.960","79"
"1830","257299","20221102075000","1369","2","南投縣","草屯鎮","120.690","23.965","1874"
"21","257300","20221102075000","19","1","南投縣","草屯鎮","120.695","23.965","28"
"134","257307","20221102075000","144","0","南投縣","草屯鎮","120.775","23.985","162"
"59","257320","20221102075000","78","0","南投縣","草屯鎮","120.765","23.995","50"
"443","257342","20221102075000","444","0","南投縣","草屯鎮","120.700","23.985","413"
"17","257346","20221102075000","35","0","南投縣","草屯鎮","120.705","23.990","30"
"168","257348","20221102075000","204","0","南投縣","草屯鎮","120.715","23.990","145"
"211","257349","20221102075000","995","0","南投縣","草屯鎮","120.690","23.995","218"
"160","257351","20221102075000","156","1","南投縣","草屯鎮","120.700","23.995","171"
"516","257354","20221102075000","485","1","南投縣","草屯鎮","120.715","23.995","507"
"492","257356","20221102075000","361","2","南投縣","草屯鎮","120.695","23.995","479"
"725","257362","20221102075000","655","1","南投縣","草屯鎮","120.695","24.000","748"
"235","257365","20221102075000","203","1","南投縣","草屯鎮","120.710","24.000","262"
"75","257366","20221102075000","129","0","南投縣","草屯鎮","120.670","23.960","63"
"375","257368","20221102075000","229","3","南投縣","草屯鎮","120.675","23.965","368"
"254","257369","20221102075000","169","3","南投縣","草屯鎮","120.670","23.970","246"
"525","257370","20221102075000","369","2","南投縣","草屯鎮","120.670","23.975","523"
"305","257373","20221102075000","250","2","南投縣","草屯鎮","120.675","23.980","339"
"851","257376","20221102075000","1133","0","南投縣","草屯鎮","120.680","23.985","897"
"327","257377","20221102075000","240","2","南投縣","草屯鎮","120.670","23.990","337"
"36","257381","20221102075000","205","0","南投縣","草屯鎮","120.670","23.995","25"
"262","257386","20221102075000","141","3","南投縣","草屯鎮","120.685","23.990","277"
"447","257387","20221102075000","376","1","南投縣","草屯鎮","120.680","23.995","462"
"56","257389","20221102075000","342","0","南投縣","草屯鎮","120.680","24.000","47"
"483","257396","20221102075000","405","1","南投縣","草屯鎮","120.680","24.005","540"
"108","257400","20221102075000","721","0","南投縣","草屯鎮","120.685","23.985","83"
"1387","257401","20221102075000","1094","2","南投縣","草屯鎮","120.685","23.980","1321"
"88","257403","20221102075000","187","0","南投縣","草屯鎮","120.640","23.995","80"
"353","257407","20221102075000","414","0","南投縣","草屯鎮","120.660","23.995","388"
"42","257410","20221102075000","237","0","南投縣","草屯鎮","120.650","23.995","46"
"160","257415","20221102075000","123","2","南投縣","草屯鎮","120.655","23.965","173"
"626","257418","20221102075000","545","1","南投縣","草屯鎮","120.650","23.970","670"
"462","257422","20221102075000","315","2","南投縣","草屯鎮","120.650","23.975","586"
"283","257424","20221102075000","211","2","南投縣","草屯鎮","120.660","23.975","291"
"86","257426","20221102075000","304","0","南投縣","草屯鎮","120.650","23.980","69"
"154","257429","20221102075000","712","0","南投縣","草屯鎮","120.665","23.950","154"
"85","257438","20221102075000","345","0","南投縣","草屯鎮","120.660","23.960","70"
"160","257439","20221102075000","172","0","南投縣","草屯鎮","120.665","23.960","149"
"224","257496","20221102075000","210","1","南投縣","草屯鎮","120.795","23.985","230"
"209","257505","20221102075000","191","1","南投縣","草屯鎮","120.795","23.990","204"
"275","257522","20221102075000","148","3","南投縣","草屯鎮","120.800","24.000","285"
"56","257550","20221102075000","256","0","彰化縣","福興鄉","120.410","24.005","67"
"104","257580","20221102075000","88","1","彰化縣","芳苑鄉","120.400","23.995","130"
"508","257591","20221102075000","393","2","彰化縣","芳苑鄉","120.365","24.000","509"
"257","257595","20221102075000","203","2","彰化縣","芳苑鄉","120.385","24.000","258"
"378","257609","20221102075000","310","2","彰化縣","芳苑鄉","120.370","24.005","366"
"299","257631","20221102075000","154","3","彰化縣","芳苑鄉","120.340","23.965","313"
"81","257632","20221102075000","616","0","彰化縣","芳苑鄉","120.345","23.965","71"
"21","257638","20221102075000","23","0","彰化縣","芳苑鄉","120.325","23.970","29"
"233","257669","20221102075000","1013","0","彰化縣","秀水鄉","120.510","23.995","247"
"520","257680","20221102075000","395","2","彰化縣","秀水鄉","120.520","24.000","539"
"411","257685","20221102075000","310","2","彰化縣","福興鄉","120.490","24.010","453"
"1529","257686","20221102075000","1224","2","彰化縣","福興鄉","120.495","24.010","1452"
"24","257694","20221102075000","16","3","彰化縣","芬園鄉","120.605","24.005","25"
"370","257699","20221102075000","205","3","彰化縣","溪湖鎮","120.490","23.950","394"
"616","257700","20221102075000","546","1","彰化縣","溪湖鎮","120.495","23.950","627"
"1028","257703","20221102075000","620","3","彰化縣","溪湖鎮","120.475","23.960","1036"
"318","257704","20221102075000","247","2","彰化縣","溪湖鎮","120.465","23.965","329"
"2104","257708","20221102075000","1682","2","彰化縣","溪湖鎮","120.480","23.960","2011"
"435","257713","20221102075000","333","2","彰化縣","溪湖鎮","120.485","23.935","423"
"15","257720","20221102075000","17","0","彰化縣","溪湖鎮","120.500","23.940","21"
"39","257725","20221102075000","245","0","彰化縣","溪湖鎮","120.505","23.950","40"
"12","257726","20221102075000","219","0","彰化縣","溪湖鎮","120.510","23.950","11"
"65","257727","20221102075000","412","0","彰化縣","溪湖鎮","120.490","23.955","85"
"39","257728","20221102075000","90","0","彰化縣","溪湖鎮","120.495","23.955","43"
"410","257729","20221102075000","516","0","彰化縣","溪湖鎮","120.485","23.960","425"
"498","257733","20221102075000","388","2","彰化縣","溪湖鎮","120.490","23.965","554"
"287","257734","20221102075000","430","0","彰化縣","溪湖鎮","120.485","23.970","415"
"306","257750","20221102075000","258","1","彰化縣","芬園鄉","120.625","23.965","303"
"198","257766","20221102075000","257","0","彰化縣","溪湖鎮","120.475","23.950","214"
"549","257767","20221102075000","726","0","彰化縣","溪湖鎮","120.475","23.955","521"
"258","257778","20221102075000","192","2","彰化縣","溪湖鎮","120.475","23.970","239"
"812","257781","20221102075000","709","1","彰化縣","溪湖鎮","120.470","23.980","802"
"189","257784","20221102075000","160","1","南投縣","草屯鎮","120.670","23.980","173"
"105","257785","20221102075000","481","0","南投縣","草屯鎮","120.650","23.985","90"
"307","257788","20221102075000","391","0","南投縣","草屯鎮","120.665","23.985","287"
"276","257792","20221102075000","317","0","南投縣","草屯鎮","120.665","23.990","315"
"27","257795","20221102075000","425","0","彰化縣","社頭鄉","120.605","23.930","33"
"118","257797","20221102075000","178","0","彰化縣","社頭鄉","120.615","23.930","150"
"79","257798","20221102075000","58","2","彰化縣","社頭鄉","120.620","23.930","98"
"394","257802","20221102075000","277","2","彰化縣","芬園鄉","120.630","23.995","409"
"1509","257810","20221102075000","1082","2","彰化縣","芬園鄉","120.630","24.010","1509"
"27","257812","20221102075000","216","0","彰化縣","芬園鄉","120.640","24.010","25"
"58","257813","20221102075000","30","3","彰化縣","芬園鄉","120.645","24.010","49"
"317","257817","20221102075000","216","2","彰化縣","埔鹽鄉","120.425","23.995","342"
"22","257823","20221102075000","193","0","彰化縣","埔鹽鄉","120.430","24.005","22"
"159","257824","20221102075000","156","1","彰化縣","福興鄉","120.420","24.010","246"
"16","257825","20221102075000","11","2","彰化縣","福興鄉","120.425","24.010","18"
"243","257827","20221102075000","870","0","彰化縣","秀水鄉","120.515","24.010","173"
"253","257834","20221102075000","172","2","彰化縣","芬園鄉","120.620","23.980","248"
"248","257851","20221102075000","133","3","彰化縣","芬園鄉","120.610","23.995","242"
"76","257857","20221102075000","65","1","彰化縣","芬園鄉","120.625","24.000","76"
"18","257867","20221102075000","202","0","彰化縣","芬園鄉","120.645","23.965","21"
"444","257871","20221102075000","302","2","彰化縣","芬園鄉","120.640","23.975","442"
"21","257882","20221102075000","305","0","彰化縣","花壇鄉","120.550","24.010","20"
"23","257884","20221102075000","41","0","彰化縣","花壇鄉","120.570","24.010","32"
"567","257886","20221102075000","509","1","彰化縣","社頭鄉","120.575","23.930","566"
"316","257898","20221102075000","346","0","南投縣","草屯鎮","120.730","23.975","350"
"245","257902","20221102075000","204","2","南投縣","草屯鎮","120.735","23.980","261"
"567","257907","20221102075000","1208","0","彰化縣","溪湖鎮","120.480","23.965","591"
"23","257908","20221102075000","359","0","彰化縣","溪湖鎮","120.480","23.970","19"
"1290","263412","20221102075000","1317","0","臺中市","霧峰區","120.690","24.045","1272"
"358","263414","20221102075000","224","3","臺中市","霧峰區","120.685","24.050","339"
"156","263420","20221102075000","143","1","臺中市","霧峰區","120.705","24.045","162"
"21","263428","20221102075000","25","0","臺中市","霧峰區","120.705","24.055","21"
"563","263432","20221102075000","626","0","臺中市","霧峰區","120.705","24.060","574"
"30","263433","20221102075000","363","0","臺中市","霧峰區","120.710","24.060","33"
"41","263450","20221102075000","301","0","臺中市","霧峰區","120.700","24.020","45"
"333","263482","20221102075000","350","0","臺中市","霧峰區","120.700","24.030","334"
"428","263484","20221102075000","383","1","臺中市","霧峰區","120.695","24.035","426"
"333","263486","20221102075000","393","0","臺中市","霧峰區","120.710","24.070","335"
"359","263487","20221102075000","246","2","臺中市","霧峰區","120.715","24.070","384"
"87","263488","20221102075000","65","2","臺中市","霧峰區","120.720","24.070","87"
"506","263490","20221102075000","489","1","臺中市","霧峰區","120.705","24.075","491"
"359","263491","20221102075000","326","1","臺中市","霧峰區","120.710","24.075","324"
"1736","263492","20221102075000","1629","1","臺中市","霧峰區","120.715","24.075","1763"
"13","263493","20221102075000","338","0","臺中市","霧峰區","120.720","24.075","13"
"575","263495","20221102075000","475","2","臺中市","霧峰區","120.710","24.080","606"
"22","263497","20221102075000","19","1","臺中市","大里區","120.720","24.080","22"
"18","263499","20221102075000","57","0","臺中市","霧峰區","120.665","24.060","20"
"14","263518","20221102075000","75","0","臺中市","霧峰區","120.730","24.040","14"
"1115","263528","20221102075000","1087","1","臺中市","霧峰區","120.695","24.040","1129"
"51","263539","20221102075000","81","0","臺中市","霧峰區","120.695","24.045","54"
"105","263553","20221102075000","58","3","臺中市","霧峰區","120.725","24.030","105"
"265","263569","20221102075000","142","3","臺中市","霧峰區","120.725","24.035","228"
"16","263573","20221102075000","108","0","臺中市","霧峰區","120.750","24.035","16"
"656","263579","20221102075000","670","0","臺中市","大里區","120.695","24.080","646"
"2501","263581","20221102075000","2016","2","臺中市","大里區","120.695","24.085","2501"
"265","263583","20221102075000","297","0","臺中市","大里區","120.690","24.085","251"
"103","263584","20221102075000","98","1","臺中市","大里區","120.700","24.080","107"
"1144","263585","20221102075000","1198","0","臺中市","大里區","120.700","24.085","1231"
"15","263586","20221102075000","333","0","臺中市","大里區","120.705","24.085","12"
"1126","263587","20221102075000","1095","1","臺中市","大里區","120.705","24.090","1179"
"396","263588","20221102075000","407","0","臺中市","大里區","120.715","24.095","402"
"39","263708","20221102075000","27","2","臺中市","太平區","120.755","24.085","33"
"27","263716","20221102075000","116","0","臺中市","太平區","120.745","24.090","28"
"268","263736","20221102075000","254","1","臺中市","霧峰區","120.700","24.050","283"
"782","263737","20221102075000","619","2","臺中市","霧峰區","120.695","24.055","780"
"91","263738","20221102075000","98","0","臺中市","霧峰區","120.700","24.055","96"
"48","263741","20221102075000","464","0","臺中市","霧峰區","120.680","24.060","51"
"987","263743","20221102075000","902","1","臺中市","霧峰區","120.680","24.065","991"
"15","263745","20221102075000","24","0","臺中市","霧峰區","120.690","24.065","11"
"551","263746","20221102075000","435","2","臺中市","霧峰區","120.680","24.070","569"
"85","263747","20221102075000","722","0","臺中市","霧峰區","120.700","24.070","68"
"140","263753","20221102075000","109","2","臺中市","新社區","120.885","24.095","116"
"533","263758","20221102075000","458","1","臺中市","大里區","120.685","24.075","586"
"523","263759","20221102075000","315","3","臺中市","大里區","120.690","24.075","524"
"258","263764","20221102075000","424","0","臺中市","大里區","120.680","24.085","298"
"272","263766","20221102075000","275","0","臺中市","太平區","120.730","24.095","285"
"428","263776","20221102075000","418","1","臺中市","霧峰區","120.705","24.065","457"
"233","263778","20221102075000","191","2","臺中市","霧峰區","120.715","24.065","215"
"26","263794","20221102075000","112","0","臺中市","霧峰區","120.745","24.045","30"
"95","263828","20221102075000","185","0","臺中市","霧峰區","120.745","24.060","111"
"49","263842","20221102075000","43","1","臺中市","霧峰區","120.760","24.065","39"
"95","263846","20221102075000","48","3","臺中市","霧峰區","120.735","24.070","89"
"391","263863","20221102075000","341","1","臺中市","霧峰區","120.695","24.015","365"
"828","263864","20221102075000","739","1","臺中市","霧峰區","120.685","24.020","827"
"458","263875","20221102075000","312","2","臺中市","烏日區","120.655","24.055","438"
"452","263876","20221102075000","400","1","臺中市","烏日區","120.660","24.055","458"
"324","263878","20221102075000","253","2","臺中市","烏日區","120.655","24.045","328"
"302","263884","20221102075000","264","1","臺中市","烏日區","120.650","24.050","298"
"446","263885","20221102075000","545","0","臺中市","烏日區","120.635","24.070","446"
"1473","263888","20221102075000","1416","1","臺中市","烏日區","120.635","24.080","1460"
"485","263891","20221102075000","469","1","臺中市","烏日區","120.625","24.090","548"
"1538","263900","20221102075000","1482","1","臺中市","烏日區","120.640","24.075","1561"
"820","263902","20221102075000","700","1","臺中市","烏日區","120.650","24.075","808"
"35","263907","20221102075000","1053","0","臺中市","烏日區","120.645","24.085","40"
"235","263933","20221102075000","217","1","臺中市","烏日區","120.635","24.050","232"
"3135","263942","20221102075000","2200","2","臺中市","大里區","120.680","24.095","3067"
"287","263943","20221102075000","238","2","臺中市","大里區","120.665","24.095","272"
"1405","263945","20221102075000","1098","2","臺中市","大里區","120.690","24.090","1315"
"1212","263946","20221102075000","1093","1","臺中市","大里區","120.695","24.095","1214"
"441","263948","20221102075000","408","1","臺中市","大里區","120.705","24.095","429"
"271","263949","20221102075000","307","0","臺中市","大里區","120.710","24.095","258"
"352","263950","20221102075000","391","0","臺中市","大里區","120.715","24.090","349"
"638","263951","20221102075000","629","1","臺中市","大里區","120.720","24.095","606"
"1078","263954","20221102075000","1136","0","臺中市","大里區","120.700","24.095","1075"
"597","263960","20221102075000","436","2","臺中市","大里區","120.735","24.090","609"
"726","263962","20221102075000","773","0","臺中市","大里區","120.720","24.090","695"
"520","263964","20221102075000","500","1","臺中市","大里區","120.730","24.090","514"
"903","263969","20221102075000","1183","0","臺中市","大里區","120.710","24.085","905"
"284","263970","20221102075000","546","0","臺中市","大里區","120.715","24.085","281"
"153","263971","20221102075000","161","0","臺中市","大里區","120.720","24.085","158"
"32","263975","20221102075000","55","0","臺中市","大里區","120.710","24.090","28"
"104","263977","20221102075000","91","1","臺中市","大里區","120.665","24.085","109"
"24","263979","20221102075000","337","0","臺中市","大里區","120.675","24.085","19"
"164","263989","20221102075000","207","0","臺中市","大里區","120.685","24.095","209"
"316","263990","20221102075000","387","0","臺中市","大里區","120.690","24.095","308"
"116","263991","20221102075000","262","0","臺中市","霧峰區","120.695","24.065","103"
"2405","263992","20221102075000","2530","0","臺中市","霧峰區","120.700","24.065","2378"
"644","263995","20221102075000","403","3","臺中市","霧峰區","120.665","24.065","624"
"163","263999","20221102075000","752","0","臺中市","霧峰區","120.665","24.070","153"
"20","264007","20221102075000","646","0","臺中市","霧峰區","120.655","24.085","31"
"27","264008","20221102075000","435","0","臺中市","霧峰區","120.650","24.085","18"
"258","264016","20221102075000","199","2","臺中市","霧峰區","120.690","24.040","260"
"29","264018","20221102075000","543","0","臺中市","霧峰區","120.685","24.045","39"
"19","264024","20221102075000","429","0","臺中市","霧峰區","120.665","24.040","11"
"187","264029","20221102075000","130","2","臺中市","霧峰區","120.660","24.050","162"
"916","264031","20221102075000","663","2","臺中市","大里區","120.700","24.090","908"
"82","264037","20221102075000","58","2","臺中市","霧峰區","120.670","24.025","77"
"19","264042","20221102075000","259","0","臺中市","霧峰區","120.670","24.030","17"
"182","264047","20221102075000","206","0","花蓮縣","秀林鄉","121.580","24.020","179"
"210","264094","20221102075000","191","1","花蓮縣","秀林鄉","121.595","24.050","218"
"707","264107","20221102075000","888","0","花蓮縣","秀林鄉","121.600","24.055","693"
"388","264435","20221102075000","345","1","花蓮縣","新城鄉","121.610","24.080","384"
"296","264642","20221102075000","260","1","花蓮縣","新城鄉","121.595","24.015","308"
"284","264655","20221102075000","238","1","花蓮縣","新城鄉","121.590","24.035","285"
"250","264661","20221102075000","189","2","花蓮縣","新城鄉","121.595","24.040","241"
"978","264663","20221102075000","637","3","花蓮縣","新城鄉","121.605","24.030","962"
"391","264665","20221102075000","389","1","花蓮縣","新城鄉","121.605","24.035","389"
"418","264667","20221102075000","368","1","花蓮縣","新城鄉","121.600","24.035","410"
"1854","264676","20221102075000","1441","2","臺中市","烏日區","120.645","24.060","1807"
"67","264678","20221102075000","504","0","臺中市","烏日區","120.655","24.060","58"
"359","264683","20221102075000","439","0","臺中市","烏日區","120.640","24.065","356"
"307","264700","20221102075000","183","3","臺中市","烏日區","120.620","24.090","254"
"436","264703","20221102075000","314","2","臺中市","霧峰區","120.675","24.040","444"
"279","264707","20221102075000","186","3","臺中市","霧峰區","120.680","24.045","311"
"463","264712","20221102075000","393","1","臺中市","霧峰區","120.675","24.050","467"
"976","264717","20221102075000","1111","0","臺中市","烏日區","120.645","24.090","906"
"382","264719","20221102075000","372","1","臺中市","烏日區","120.635","24.095","397"
"33","264720","20221102075000","18","3","臺中市","烏日區","120.640","24.095","18"
"47","264722","20221102075000","205","0","臺中市","烏日區","120.645","24.095","42"
"447","264725","20221102075000","432","1","臺中市","烏日區","120.655","24.095","438"
"125","264726","20221102075000","110","1","臺中市","大里區","120.660","24.095","114"
"893","264728","20221102075000","867","1","花蓮縣","花蓮市","121.625","24.010","875"
"498","264732","20221102075000","433","1","花蓮縣","花蓮市","121.630","24.015","481"
"253","264737","20221102075000","301","0","花蓮縣","花蓮市","121.635","24.025","278"
"10","264856","20221102075000","15","0","花蓮縣","秀林鄉","121.410","24.020","10"
"100","265344","20221102075000","59","3","南投縣","國姓鄉","120.830","24.030","102"
"18","265374","20221102075000","14","2","南投縣","國姓鄉","120.800","24.045","13"
"64","265406","20221102075000","39","3","南投縣","國姓鄉","120.825","24.070","66"
"23","265430","20221102075000","22","1","南投縣","國姓鄉","120.880","24.050","27"
"142","265436","20221102075000","108","2","南投縣","國姓鄉","120.910","24.050","143"
"129","265440","20221102075000","118","1","南投縣","國姓鄉","120.930","24.050","129"
"515","265442","20221102075000","293","3","南投縣","國姓鄉","120.880","24.055","488"
"233","265449","20221102075000","202","1","南投縣","國姓鄉","120.915","24.055","220"
"11","265465","20221102075000","13","0","南投縣","國姓鄉","120.930","24.060","11"
"96","265467","20221102075000","87","1","南投縣","國姓鄉","120.940","24.060","93"
"16","265498","20221102075000","17","0","南投縣","國姓鄉","120.930","24.075","21"
"57","265569","20221102075000","409","0","南投縣","國姓鄉","120.850","24.040","41"
"24","265593","20221102075000","154","0","南投縣","埔里鎮","120.910","24.025","16"
"10","265615","20221102075000","234","0","南投縣","埔里鎮","120.920","24.040","16"
"338","265622","20221102075000","246","2","南投縣","國姓鄉","120.930","24.045","338"
"36","265627","20221102075000","31","1","南投縣","埔里鎮","120.950","24.010","31"
"98","265628","20221102075000","310","0","南投縣","埔里鎮","120.945","24.015","82"
"13","265631","20221102075000","17","0","南投縣","埔里鎮","120.940","24.020","12"
"239","265633","20221102075000","185","2","南投縣","埔里鎮","120.950","24.020","234"
"94","265651","20221102075000","86","1","南投縣","埔里鎮","120.950","24.035","92"
"49","265706","20221102075000","97","0","花蓮縣","花蓮市","121.590","24.010","47"
"1075","265708","20221102075000","1063","1","花蓮縣","新城鄉","121.610","24.015","1068"
"139","265711","20221102075000","147","0","花蓮縣","新城鄉","121.605","24.020","136"
"708","265716","20221102075000","591","1","花蓮縣","新城鄉","121.605","24.025","779"
"145","265719","20221102075000","132","1","花蓮縣","新城鄉","121.620","24.025","148"
"153","265723","20221102075000","203","0","花蓮縣","新城鄉","121.615","24.030","146"
"38","265734","20221102075000","42","0","花蓮縣","新城鄉","121.625","24.035","55"
"476","265739","20221102075000","456","1","花蓮縣","新城鄉","121.605","24.040","433"
"369","265742","20221102075000","258","2","花蓮縣","新城鄉","121.610","24.045","335"
"73","265753","20221102075000","47","3","花蓮縣","新城鄉","121.615","24.060","62"
"245","265754","20221102075000","276","0","花蓮縣","新城鄉","121.610","24.065","264"
"715","265773","20221102075000","516","2","彰化縣","彰化市","120.570","24.085","720"
"649","265774","20221102075000","651","0","彰化縣","彰化市","120.575","24.090","666"
"284","265780","20221102075000","256","1","彰化縣","彰化市","120.620","24.045","278"
"339","265784","20221102075000","307","1","彰化縣","彰化市","120.620","24.060","309"
"1297","265794","20221102075000","1583","0","彰化縣","彰化市","120.535","24.090","1283"
"927","265797","20221102075000","717","2","彰化縣","彰化市","120.545","24.075","964"
"1036","265798","20221102075000","518","3","彰化縣","彰化市","120.555","24.070","1019"
"2140","265800","20221102075000","1343","3","彰化縣","彰化市","120.545","24.085","2092"
"415","265801","20221102075000","341","2","彰化縣","彰化市","120.555","24.090","411"
"1459","265802","20221102075000","1188","2","彰化縣","彰化市","120.555","24.080","1294"
"237","265803","20221102075000","1041","0","彰化縣","彰化市","120.560","24.080","254"
"1392","265804","20221102075000","1261","1","彰化縣","彰化市","120.555","24.085","1441"
"44","265805","20221102075000","100","0","彰化縣","彰化市","120.560","24.085","41"
"622","265806","20221102075000","796","0","彰化縣","彰化市","120.535","24.080","649"
"2586","265807","20221102075000","1683","3","彰化縣","彰化市","120.540","24.085","2620"
"2266","265808","20221102075000","1426","3","彰化縣","彰化市","120.545","24.090","2258"
"534","265810","20221102075000","286","3","彰化縣","彰化市","120.550","24.075","542"
"3506","265812","20221102075000","1549","3","彰化縣","彰化市","120.530","24.080","3615"
"56","265817","20221102075000","258","0","彰化縣","鹿港鎮","120.480","24.090","54"
"1062","265820","20221102075000","563","3","彰化縣","彰化市","120.535","24.070","1056"
"1427","265821","20221102075000","935","3","彰化縣","彰化市","120.530","24.065","1497"
"2421","265822","20221102075000","1541","3","彰化縣","彰化市","120.530","24.070","2346"
"658","265823","20221102075000","749","0","彰化縣","鹿港鎮","120.445","24.055","656"
"19","265824","20221102075000","314","0","彰化縣","鹿港鎮","120.445","24.060","15"
"19","265825","20221102075000","36","0","彰化縣","鹿港鎮","120.450","24.060","18"
"512","265826","20221102075000","551","0","彰化縣","鹿港鎮","120.445","24.065","500"
"31","265839","20221102075000","16","3","彰化縣","彰化市","120.580","24.075","15"
"327","265841","20221102075000","1523","0","彰化縣","彰化市","120.535","24.075","311"
"748","265848","20221102075000","636","1","彰化縣","鹿港鎮","120.460","24.080","753"
"431","265863","20221102075000","394","1","彰化縣","鹿港鎮","120.435","24.050","414"
"990","265864","20221102075000","1255","0","彰化縣","彰化市","120.550","24.085","988"
"39","265898","20221102075000","479","0","南投縣","國姓鄉","120.860","24.060","110"
"238","265927","20221102075000","194","2","南投縣","國姓鄉","120.845","24.025","251"
"80","265948","20221102075000","310","0","南投縣","國姓鄉","120.860","24.040","54"
"532","265956","20221102075000","313","3","南投縣","國姓鄉","120.855","24.045","548"
"360","265973","20221102075000","300","2","南投縣","國姓鄉","120.820","24.020","343"
"3214","266081","20221102075000","2929","1","彰化縣","彰化市","120.535","24.065","3236"
"2116","266082","20221102075000","727","3","彰化縣","和美鎮","120.510","24.090","2073"
"284","266091","20221102075000","238","1","彰化縣","埔鹽鄉","120.455","24.015","302"
"1978","266093","20221102075000","1097","3","彰化縣","彰化市","120.540","24.070","1924"
"29","266099","20221102075000","572","0","彰化縣","花壇鄉","120.545","24.015","22"
"501","266100","20221102075000","361","2","彰化縣","花壇鄉","120.545","24.020","471"
"73","266107","20221102075000","72","1","彰化縣","花壇鄉","120.545","24.030","80"
"16","266111","20221102075000","61","0","彰化縣","花壇鄉","120.550","24.035","11"
"397","266122","20221102075000","346","1","彰化縣","埔鹽鄉","120.445","24.020","399"
"650","266124","20221102075000","182","3","彰化縣","彰化市","120.520","24.055","672"
"636","266127","20221102075000","697","0","彰化縣","彰化市","120.565","24.090","604"
"1121","266128","20221102075000","662","3","彰化縣","彰化市","120.555","24.095","1081"
"332","266129","20221102075000","226","2","彰化縣","彰化市","120.560","24.095","334"
"864","266131","20221102075000","787","1","彰化縣","彰化市","120.595","24.070","847"
"120","266132","20221102075000","148","0","彰化縣","彰化市","120.595","24.075","100"
"224","266134","20221102075000","159","2","彰化縣","彰化市","120.605","24.075","234"
"679","266136","20221102075000","551","2","彰化縣","彰化市","120.600","24.080","667"
"608","266138","20221102075000","361","3","彰化縣","彰化市","120.595","24.085","608"
"63","266153","20221102075000","65","0","彰化縣","彰化市","120.605","24.045","56"
"238","266154","20221102075000","144","3","彰化縣","彰化市","120.585","24.050","240"
"64","266155","20221102075000","98","0","彰化縣","彰化市","120.590","24.050","72"
"59","266157","20221102075000","46","2","彰化縣","彰化市","120.600","24.050","54"
"384","266166","20221102075000","253","3","彰化縣","彰化市","120.615","24.055","376"
"454","266168","20221102075000","433","1","彰化縣","彰化市","120.580","24.080","458"
"690","266169","20221102075000","644","1","彰化縣","彰化市","120.575","24.085","709"
"1219","266170","20221102075000","941","2","彰化縣","彰化市","120.580","24.085","1254"
"219","266171","20221102075000","216","1","彰化縣","彰化市","120.560","24.075","212"
"902","266172","20221102075000","1007","0","彰化縣","彰化市","120.550","24.080","909"
"1394","266176","20221102075000","387","3","彰化縣","和美鎮","120.495","24.085","1438"
"51","266180","20221102075000","55","0","彰化縣","和美鎮","120.495","24.090","42"
"832","266182","20221102075000","2339","0","彰化縣","彰化市","120.535","24.085","803"
"731","266183","20221102075000","753","0","彰化縣","和美鎮","120.525","24.095","715"
"92","266185","20221102075000","129","0","彰化縣","和美鎮","120.535","24.095","86"
"47","266190","20221102075000","61","0","彰化縣","秀水鄉","120.505","24.065","42"
"1541","266191","20221102075000","405","3","彰化縣","彰化市","120.510","24.065","1632"
"1271","266192","20221102075000","1007","2","彰化縣","彰化市","120.515","24.065","1301"
"784","266194","20221102075000","195","3","彰化縣","彰化市","120.510","24.070","780"
"334","266196","20221102075000","271","2","彰化縣","花壇鄉","120.570","24.055","348"
"19","266205","20221102075000","193","0","彰化縣","彰化市","120.570","24.065","17"
"2674","266210","20221102075000","829","3","彰化縣","彰化市","120.540","24.075","2688"
"2986","266211","20221102075000","2174","2","彰化縣","彰化市","120.540","24.080","3151"
"1977","266214","20221102075000","452","3","彰化縣","彰化市","120.525","24.080","1944"
"1124","266216","20221102075000","861","2","彰化縣","彰化市","120.530","24.085","1156"
"1486","266222","20221102075000","1365","1","彰化縣","彰化市","120.600","24.090","1467"
"426","266224","20221102075000","339","2","彰化縣","彰化市","120.585","24.090","410"
"190","266228","20221102075000","146","2","彰化縣","彰化市","120.580","24.095","196"
"20","266232","20221102075000","24","0","彰化縣","彰化市","120.600","24.095","24"
"543","266233","20221102075000","193","3","彰化縣","秀水鄉","120.500","24.075","524"
"42","266234","20221102075000","494","0","彰化縣","彰化市","120.505","24.075","36"
"741","266237","20221102075000","339","3","彰化縣","彰化市","120.520","24.075","758"
"364","266238","20221102075000","157","3","彰化縣","彰化市","120.510","24.080","365"
"112","266239","20221102075000","399","0","彰化縣","和美鎮","120.515","24.080","152"
"44","266240","20221102075000","203","0","彰化縣","彰化市","120.520","24.080","42"
"626","266241","20221102075000","264","3","彰化縣","彰化市","120.515","24.085","601"
"305","266243","20221102075000","195","3","彰化縣","彰化市","120.525","24.085","322"
"376","266244","20221102075000","683","0","彰化縣","彰化市","120.545","24.095","405"
"54","266245","20221102075000","584","0","彰化縣","彰化市","120.545","24.080","48"
"240","266246","20221102075000","199","2","彰化縣","彰化市","120.565","24.085","250"
"1682","266247","20221102075000","1553","1","彰化縣","彰化市","120.560","24.090","1663"
"464","266248","20221102075000","464","1","彰化縣","彰化市","120.570","24.090","503"
"884","266249","20221102075000","682","2","彰化縣","和美鎮","120.530","24.090","881"
"325","266250","20221102075000","320","1","彰化縣","彰化市","120.555","24.065","319"
"2604","266251","20221102075000","3492","0","彰化縣","彰化市","120.545","24.070","2632"
"870","266252","20221102075000","425","3","彰化縣","彰化市","120.550","24.070","894"
"21","266255","20221102075000","21","1","彰化縣","彰化市","120.600","24.060","14"
"14","266262","20221102075000","201","0","彰化縣","彰化市","120.610","24.065","10"
"357","266263","20221102075000","337","1","彰化縣","彰化市","120.600","24.070","367"
"33","266264","20221102075000","33","1","彰化縣","彰化市","120.605","24.070","34"
"242","266265","20221102075000","198","2","彰化縣","彰化市","120.610","24.070","250"
"134","266266","20221102075000","1357","0","彰化縣","彰化市","120.540","24.090","111"
"553","266267","20221102075000","409","2","彰化縣","和美鎮","120.520","24.090","558"
"48","266274","20221102075000","445","0","彰化縣","和美鎮","120.505","24.085","68"
"23","266309","20221102075000","41","0","南投縣","仁愛鄉","120.970","24.045","39"
"295","266333","20221102075000","252","1","南投縣","仁愛鄉","120.970","24.060","280"
"180","266406","20221102075000","170","1","南投縣","仁愛鄉","121.095","24.010","110"
"123","266517","20221102075000","120","1","南投縣","仁愛鄉","121.210","24.075","130"
"47","266589","20221102075000","49","0","南投縣","仁愛鄉","121.210","24.090","51"
"21","266666","20221102075000","314","0","南投縣","仁愛鄉","121.130","24.020","23"
"408","266696","20221102075000","330","2","南投縣","仁愛鄉","121.150","24.040","388"
"11","266697","20221102075000","19","0","南投縣","仁愛鄉","121.155","24.040","11"
"511","266700","20221102075000","362","2","南投縣","仁愛鄉","121.125","24.045","577"
"274","266706","20221102075000","153","3","南投縣","仁愛鄉","121.155","24.045","222"
"31","266715","20221102075000","32","0","南投縣","仁愛鄉","121.155","24.050","37"
"42","266733","20221102075000","53","0","南投縣","仁愛鄉","121.160","24.055","50"
"293","266768","20221102075000","322","0","南投縣","仁愛鄉","121.165","24.070","282"
"34","267165","20221102075000","29","1","南投縣","仁愛鄉","121.025","24.090","33"
"13","267167","20221102075000","13","1","南投縣","仁愛鄉","121.035","24.090","24"
"79","267268","20221102075000","233","0","南投縣","仁愛鄉","121.175","24.010","84"
"35","267286","20221102075000","288","0","南投縣","仁愛鄉","121.140","24.025","26"
"17","267290","20221102075000","60","0","南投縣","仁愛鄉","121.160","24.025","10"
"685","267410","20221102075000","590","1","南投縣","仁愛鄉","121.180","24.035","647"
"85","267555","20221102075000","59","2","南投縣","仁愛鄉","121.190","24.060","91"
"236","267605","20221102075000","287","0","南投縣","仁愛鄉","121.210","24.070","262"
"156","267630","20221102075000","142","1","彰化縣","花壇鄉","120.530","24.050","188"
"567","267631","20221102075000","527","1","彰化縣","彰化市","120.530","24.055","626"
"1652","267632","20221102075000","1367","2","彰化縣","彰化市","120.530","24.060","1646"
"74","267633","20221102075000","1668","0","彰化縣","彰化市","120.535","24.060","70"
"1840","267634","20221102075000","1772","1","彰化縣","彰化市","120.550","24.090","1801"
"687","267636","20221102075000","549","2","彰化縣","彰化市","120.550","24.095","648"
"144","267637","20221102075000","103","2","彰化縣","彰化市","120.590","24.065","143"
"444","267640","20221102075000","305","2","彰化縣","彰化市","120.585","24.080","468"
"636","267641","20221102075000","551","1","彰化縣","彰化市","120.590","24.080","576"
"809","267646","20221102075000","483","3","彰化縣","彰化市","120.520","24.065","790"
"1731","267649","20221102075000","1586","1","彰化縣","彰化市","120.525","24.070","1810"
"59","267650","20221102075000","101","0","彰化縣","彰化市","120.525","24.075","54"
"547","267652","20221102075000","425","2","彰化縣","彰化市","120.555","24.050","509"
"744","267654","20221102075000","518","2","彰化縣","彰化市","120.535","24.055","722"
"296","267655","20221102075000","245","2","彰化縣","彰化市","120.540","24.055","442"
"283","267656","20221102075000","205","2","彰化縣","彰化市","120.545","24.055","275"
"228","267661","20221102075000","269","0","彰化縣","彰化市","120.540","24.060","206"
"305","267662","20221102075000","360","0","彰化縣","彰化市","120.545","24.060","329"
"74","267664","20221102075000","82","0","彰化縣","彰化市","120.555","24.060","67"
"3664","267665","20221102075000","2711","2","彰化縣","彰化市","120.540","24.065","3577"
"695","267666","20221102075000","708","0","彰化縣","彰化市","120.545","24.065","712"
"461","267667","20221102075000","487","0","彰化縣","彰化市","120.550","24.065","434"
"2655","267669","20221102075000","1249","3","彰化縣","彰化市","120.515","24.055","2605"
"3880","267670","20221102075000","1826","3","彰化縣","彰化市","120.515","24.060","3788"
"20","267676","20221102075000","237","0","彰化縣","福興鄉","120.470","24.030","23"
"146","267682","20221102075000","81","3","彰化縣","福興鄉","120.470","24.035","153"
"598","267689","20221102075000","408","2","彰化縣","福興鄉","120.480","24.040","575"
"354","267697","20221102075000","164","3","彰化縣","福興鄉","120.455","24.035","345"
"711","267705","20221102075000","661","1","彰化縣","福興鄉","120.465","24.045","648"
"12","267711","20221102075000","242","0","彰化縣","福興鄉","120.460","24.020","12"
"245","267717","20221102075000","143","3","彰化縣","秀水鄉","120.510","24.015","262"
"35","267718","20221102075000","27","2","彰化縣","秀水鄉","120.500","24.020","31"
"26","267726","20221102075000","104","0","彰化縣","鹿港鎮","120.480","24.085","25"
"1516","267729","20221102075000","642","3","彰化縣","鹿港鎮","120.485","24.090","1222"
"2126","267732","20221102075000","1646","2","彰化縣","鹿港鎮","120.435","24.055","2205"
"1944","267736","20221102075000","598","3","彰化縣","鹿港鎮","120.465","24.090","1774"
"58","267739","20221102075000","307","0","彰化縣","鹿港鎮","120.470","24.095","104"
"1413","267795","20221102075000","818","3","彰化縣","福興鄉","120.490","24.015","1391"
"337","267808","20221102075000","292","1","彰化縣","福興鄉","120.440","24.030","339"
"401","267810","20221102075000","334","2","彰化縣","福興鄉","120.435","24.035","464"
"459","267824","20221102075000","426","1","彰化縣","福興鄉","120.390","24.015","472"
"592","267834","20221102075000","664","0","彰化縣","福興鄉","120.410","24.020","570"
"69","267844","20221102075000","771","0","彰化縣","秀水鄉","120.495","24.025","63"
"730","267873","20221102075000","545","2","彰化縣","福興鄉","120.400","24.045","748"
"685","267898","20221102075000","398","3","彰化縣","福興鄉","120.430","24.040","691"
"838","267900","20221102075000","630","2","彰化縣","福興鄉","120.430","24.045","841"
"22","267904","20221102075000","297","0","彰化縣","福興鄉","120.430","24.050","21"
"213","267908","20221102075000","125","3","彰化縣","福興鄉","120.430","24.020","225"
"31","267913","20221102075000","18","3","彰化縣","福興鄉","120.425","24.030","29"
"50","267926","20221102075000","38","2","彰化縣","福興鄉","120.405","24.030","58"
"300","267928","20221102075000","231","2","彰化縣","福興鄉","120.415","24.030","313"
"61","267935","20221102075000","57","1","彰化縣","秀水鄉","120.500","24.060","51"
"259","267946","20221102075000","219","1","彰化縣","秀水鄉","120.490","24.050","234"
"159","267947","20221102075000","53","3","彰化縣","秀水鄉","120.495","24.050","161"
"68","267949","20221102075000","540","0","彰化縣","秀水鄉","120.500","24.050","80"
"21","267955","20221102075000","231","0","彰化縣","秀水鄉","120.495","24.060","24"
"102","267957","20221102075000","788","0","彰化縣","秀水鄉","120.500","24.030","91"
"272","267959","20221102075000","870","0","彰化縣","秀水鄉","120.495","24.035","261"
"81","267960","20221102075000","760","0","彰化縣","秀水鄉","120.500","24.035","75"
"329","267964","20221102075000","100","3","彰化縣","秀水鄉","120.520","24.025","348"
"29","267966","20221102075000","510","0","彰化縣","秀水鄉","120.520","24.030","29"
"488","267972","20221102075000","423","1","彰化縣","鹿港鎮","120.435","24.065","479"
"569","267973","20221102075000","547","1","彰化縣","鹿港鎮","120.440","24.065","561"
"347","267975","20221102075000","374","0","彰化縣","鹿港鎮","120.435","24.070","344"
"26","267978","20221102075000","331","0","彰化縣","鹿港鎮","120.425","24.075","24"
"1504","267984","20221102075000","1437","1","彰化縣","鹿港鎮","120.410","24.080","1490"
"206","267987","20221102075000","178","1","彰化縣","鹿港鎮","120.425","24.080","197"
"22","267991","20221102075000","294","0","彰化縣","鹿港鎮","120.445","24.080","15"
"576","267999","20221102075000","454","2","彰化縣","鹿港鎮","120.415","24.080","576"
"519","268001","20221102075000","493","1","彰化縣","鹿港鎮","120.425","24.085","506"
"1004","268005","20221102075000","543","3","彰化縣","鹿港鎮","120.445","24.085","939"
"701","268020","20221102075000","416","3","彰化縣","鹿港鎮","120.475","24.065","656"
"16","268028","20221102075000","289","0","彰化縣","鹿港鎮","120.485","24.080","32"
"1231","268031","20221102075000","479","3","彰化縣","鹿港鎮","120.485","24.085","1128"
"1259","268032","20221102075000","1053","1","彰化縣","鹿港鎮","120.430","24.060","1187"
"373","268034","20221102075000","612","0","彰化縣","彰化市","120.525","24.060","348"
"883","268035","20221102075000","988","0","彰化縣","彰化市","120.525","24.065","875"
"117","268044","20221102075000","474","0","彰化縣","鹿港鎮","120.450","24.095","152"
"111","268053","20221102075000","26","3","彰化縣","鹿港鎮","120.470","24.075","107"
"259","268057","20221102075000","1036","0","彰化縣","鹿港鎮","120.475","24.080","246"
"308","268061","20221102075000","457","0","彰化縣","鹿港鎮","120.430","24.055","322"
"26","268068","20221102075000","145","0","彰化縣","芬園鄉","120.625","24.025","25"
"14","268070","20221102075000","19","0","彰化縣","花壇鄉","120.600","24.015","14"
"30","268073","20221102075000","27","1","彰化縣","芬園鄉","120.615","24.015","30"
"61","268074","20221102075000","68","0","彰化縣","芬園鄉","120.620","24.015","66"
"31","268077","20221102075000","433","0","彰化縣","福興鄉","120.480","24.045","30"
"1132","268085","20221102075000","1009","1","彰化縣","鹿港鎮","120.470","24.055","1173"
"140","268089","20221102075000","150","0","彰化縣","鹿港鎮","120.460","24.060","159"
"175","268108","20221102075000","177","0","彰化縣","鹿港鎮","120.385","24.060","192"
"302","268109","20221102075000","194","3","彰化縣","鹿港鎮","120.390","24.060","303"
"382","268110","20221102075000","361","1","彰化縣","鹿港鎮","120.395","24.060","374"
"21","268126","20221102075000","15","2","彰化縣","鹿港鎮","120.390","24.065","17"
"527","268128","20221102075000","253","3","彰化縣","鹿港鎮","120.400","24.065","512"
"185","268129","20221102075000","176","1","彰化縣","鹿港鎮","120.405","24.065","183"
"481","268130","20221102075000","386","2","彰化縣","鹿港鎮","120.410","24.065","463"
"572","268134","20221102075000","479","1","彰化縣","鹿港鎮","120.430","24.065","592"
"105","268144","20221102075000","116","0","彰化縣","鹿港鎮","120.395","24.070","110"
"302","268157","20221102075000","277","1","彰化縣","鹿港鎮","120.390","24.075","292"
"45","268158","20221102075000","150","0","彰化縣","鹿港鎮","120.395","24.075","47"
"191","268161","20221102075000","175","1","彰化縣","鹿港鎮","120.410","24.075","185"
"43","268162","20221102075000","65","0","彰化縣","鹿港鎮","120.415","24.075","42"
"831","268170","20221102075000","741","1","彰化縣","鹿港鎮","120.395","24.080","838"
"1484","268172","20221102075000","1564","0","彰化縣","鹿港鎮","120.440","24.055","1516"
"120","268173","20221102075000","1075","0","彰化縣","鹿港鎮","120.440","24.060","114"
"2049","268175","20221102075000","1954","1","彰化縣","福興鄉","120.440","24.045","2111"
"37","268203","20221102075000","22","3","彰化縣","芬園鄉","120.595","24.035","39"
"219","268205","20221102075000","172","2","彰化縣","芬園鄉","120.605","24.035","215"
"505","268224","20221102075000","415","2","彰化縣","芬園鄉","120.650","24.020","487"
"168","268226","20221102075000","289","0","彰化縣","芬園鄉","120.635","24.025","151"
"369","268233","20221102075000","371","0","彰化縣","福興鄉","120.440","24.035","343"
"761","268245","20221102075000","335","3","彰化縣","秀水鄉","120.490","24.070","741"
"388","268249","20221102075000","219","3","彰化縣","秀水鄉","120.505","24.030","362"
"180","268253","20221102075000","777","0","彰化縣","秀水鄉","120.505","24.040","182"
"46","268258","20221102075000","361","0","彰化縣","秀水鄉","120.515","24.020","52"
"19","268261","20221102075000","411","0","彰化縣","福興鄉","120.450","24.030","18"
"631","268262","20221102075000","382","3","彰化縣","福興鄉","120.455","24.030","585"
"814","268271","20221102075000","684","1","彰化縣","福興鄉","120.420","24.035","767"
"49","268274","20221102075000","374","0","彰化縣","福興鄉","120.425","24.035","46"
"815","268277","20221102075000","710","1","彰化縣","芬園鄉","120.660","24.015","850"
"85","268289","20221102075000","532","0","彰化縣","芬園鄉","120.625","24.020","60"
"80","268296","20221102075000","540","0","彰化縣","福興鄉","120.470","24.020","67"
"1008","268297","20221102075000","294","3","彰化縣","秀水鄉","120.505","24.035","1051"
"25","268301","20221102075000","285","0","彰化縣","秀水鄉","120.495","24.040","24"
"32","268303","20221102075000","365","0","彰化縣","秀水鄉","120.500","24.040","29"
"748","268308","20221102075000","326","3","彰化縣","秀水鄉","120.510","24.045","743"
"665","268316","20221102075000","551","2","彰化縣","花壇鄉","120.530","24.020","658"
"10","268321","20221102075000","356","0","彰化縣","花壇鄉","120.530","24.040","10"
"52","268322","20221102075000","300","0","彰化縣","花壇鄉","120.520","24.045","45"
"43","268324","20221102075000","638","0","彰化縣","花壇鄉","120.530","24.045","40"
"231","268327","20221102075000","201","1","彰化縣","花壇鄉","120.535","24.030","233"
"577","268328","20221102075000","500","1","彰化縣","花壇鄉","120.535","24.035","553"
"49","268329","20221102075000","243","0","彰化縣","花壇鄉","120.535","24.040","51"
"53","268331","20221102075000","492","0","彰化縣","花壇鄉","120.545","24.040","63"
"435","268333","20221102075000","291","2","彰化縣","花壇鄉","120.540","24.040","432"
"372","268335","20221102075000","336","1","彰化縣","花壇鄉","120.555","24.020","384"
"88","268336","20221102075000","692","0","彰化縣","花壇鄉","120.540","24.025","87"
"457","268338","20221102075000","349","2","彰化縣","花壇鄉","120.550","24.025","425"
"165","268339","20221102075000","132","2","彰化縣","花壇鄉","120.555","24.025","175"
"150","268347","20221102075000","117","2","彰化縣","花壇鄉","120.565","24.020","161"
"37","268352","20221102075000","36","1","彰化縣","花壇鄉","120.575","24.030","35"
"182","268356","20221102075000","176","1","彰化縣","花壇鄉","120.575","24.035","160"
"55","268370","20221102075000","120","0","彰化縣","花壇鄉","120.560","24.015","54"
"103","268371","20221102075000","96","1","彰化縣","花壇鄉","120.570","24.020","91"
"20","268375","20221102075000","27","0","彰化縣","花壇鄉","120.595","24.020","29"
"175","268381","20221102075000","695","0","彰化縣","花壇鄉","120.545","24.045","143"
"47","268391","20221102075000","20","3","彰化縣","花壇鄉","120.540","24.020","43"
"1790","268393","20221102075000","1447","2","彰化縣","花壇鄉","120.535","24.025","1811"
"24","268399","20221102075000","242","0","彰化縣","福興鄉","120.480","24.020","29"
"17","269403","20221102075000","18","0","彰化縣","鹿港鎮","120.395","24.105","20"
"752","274405","20221102075000","1074","0","臺中市","太平區","120.720","24.135","782"
"1942","274408","20221102075000","1612","2","臺中市","太平區","120.720","24.115","1951"
"102","274410","20221102075000","70","2","臺中市","太平區","120.755","24.120","93"
"174","274476","20221102075000","176","0","臺中市","太平區","120.810","24.140","161"
"4748","274515","20221102075000","2191","3","臺中市","南屯區","120.645","24.135","4712"
"2758","274516","20221102075000","2902","0","臺中市","南屯區","120.650","24.140","2764"
"2276","274517","20221102075000","1808","2","臺中市","南屯區","120.650","24.150","2289"
"843","274518","20221102075000","917","0","臺中市","西屯區","120.650","24.155","836"
"34","274519","20221102075000","418","0","臺中市","南屯區","120.650","24.135","36"
"1505","274520","20221102075000","1191","2","臺中市","南屯區","120.650","24.130","1504"
"599","274521","20221102075000","442","2","臺中市","南屯區","120.610","24.150","602"
"2129","274522","20221102075000","1834","1","臺中市","南屯區","120.615","24.150","2191"
"14","274523","20221102075000","16","0","臺中市","南屯區","120.620","24.150","11"
"1420","274524","20221102075000","979","2","臺中市","南屯區","120.605","24.155","1354"
"435","274525","20221102075000","399","1","臺中市","南屯區","120.610","24.155","495"
"63","274528","20221102075000","59","1","臺中市","南屯區","120.590","24.160","78"
"215","274530","20221102075000","202","1","臺中市","南屯區","120.600","24.160","218"
"858","274531","20221102075000","884","0","臺中市","南屯區","120.605","24.160","824"
"360","274534","20221102075000","217","3","臺中市","南屯區","120.590","24.165","371"
"1729","274535","20221102075000","1762","0","臺中市","北區","120.690","24.155","1757"
"2148","274536","20221102075000","2235","0","臺中市","北屯區","120.695","24.165","2166"
"1883","274537","20221102075000","1650","1","臺中市","北屯區","120.700","24.160","1820"
"2062","274538","20221102075000","1601","2","臺中市","北區","120.690","24.160","2167"
"1538","274539","20221102075000","2170","0","臺中市","北區","120.680","24.150","1538"
"3190","274540","20221102075000","1662","3","臺中市","北區","120.685","24.150","3176"
"1026","274541","20221102075000","1660","0","臺中市","南區","120.660","24.125","1054"
"2187","274543","20221102075000","1988","1","臺中市","南區","120.675","24.125","2100"
"59","274544","20221102075000","71","0","臺中市","北屯區","120.665","24.185","56"
"927","274545","20221102075000","559","3","臺中市","北屯區","120.725","24.170","881"
"792","274546","20221102075000","1502","0","臺中市","北屯區","120.720","24.175","776"
"1466","274547","20221102075000","1288","1","臺中市","北屯區","120.725","24.175","1506"
"2053","274549","20221102075000","1685","2","臺中市","北屯區","120.725","24.180","2015"
"523","274551","20221102075000","414","2","臺中市","北屯區","120.735","24.180","516"
"1129","274554","20221102075000","1878","0","臺中市","西區","120.675","24.140","1041"
"1227","274556","20221102075000","1262","0","臺中市","大里區","120.675","24.105","1216"
"607","274558","20221102075000","663","0","臺中市","大里區","120.675","24.115","597"
"1820","274559","20221102075000","1992","0","臺中市","西屯區","120.615","24.175","1913"
"1233","274560","20221102075000","931","2","臺中市","西屯區","120.630","24.175","1266"
"2670","274561","20221102075000","2725","0","臺中市","西屯區","120.615","24.180","2624"
"1421","274562","20221102075000","1687","0","臺中市","西屯區","120.625","24.180","1470"
"1034","274564","20221102075000","907","1","臺中市","西屯區","120.630","24.180","1014"
"2812","274566","20221102075000","2680","1","臺中市","西屯區","120.640","24.175","2827"
"1640","274567","20221102075000","1568","1","臺中市","西屯區","120.635","24.175","1658"
"1727","274568","20221102075000","1000","3","臺中市","西屯區","120.635","24.180","1774"
"130","274569","20221102075000","1297","0","臺中市","西屯區","120.630","24.185","117"
"113","274571","20221102075000","739","0","臺中市","北屯區","120.715","24.175","101"
"1087","274572","20221102075000","1016","1","臺中市","北屯區","120.715","24.180","1070"
"314","274575","20221102075000","683","0","臺中市","北屯區","120.715","24.185","343"
"92","274577","20221102075000","61","3","臺中市","北屯區","120.730","24.185","72"
"651","274578","20221102075000","402","3","臺中市","北屯區","120.720","24.185","672"
"1478","274581","20221102075000","2108","0","臺中市","北區","120.665","24.165","1451"
"1748","274582","20221102075000","2008","0","臺中市","北區","120.670","24.165","1664"
"683","274583","20221102075000","371","3","臺中市","南區","120.670","24.125","703"
"1717","274585","20221102075000","1533","1","臺中市","西屯區","120.610","24.185","1749"
"1174","274586","20221102075000","1094","1","臺中市","西屯區","120.600","24.180","1221"
"1709","274587","20221102075000","1478","1","臺中市","西屯區","120.605","24.180","1683"
"229","274591","20221102075000","1735","0","臺中市","龍井區","120.530","24.180","196"
"662","274593","20221102075000","1548","0","臺中市","烏日區","120.635","24.100","640"
"1996","274595","20221102075000","2435","0","臺中市","烏日區","120.635","24.105","2046"
"1150","274596","20221102075000","1266","0","臺中市","烏日區","120.640","24.105","1179"
"112","274603","20221102075000","587","0","臺中市","大肚區","120.530","24.160","91"
"3235","274608","20221102075000","2151","3","臺中市","西區","120.670","24.135","3235"
"640","274609","20221102075000","1615","0","臺中市","西區","120.655","24.150","611"
"2980","274610","20221102075000","2728","1","臺中市","西區","120.655","24.135","2903"
"2051","274611","20221102075000","2628","0","臺中市","西區","120.655","24.145","2049"
"2001","274612","20221102075000","2098","0","臺中市","西區","120.670","24.130","2005"
"247","274615","20221102075000","289","0","臺中市","太平區","120.735","24.135","260"
"41","274616","20221102075000","24","3","臺中市","太平區","120.740","24.140","47"
"2037","274620","20221102075000","1669","2","臺中市","北區","120.685","24.160","2015"
"2108","274621","20221102075000","1545","2","臺中市","北區","120.675","24.150","2079"
"1799","274623","20221102075000","972","3","臺中市","北區","120.690","24.150","1843"
"1645","274624","20221102075000","1254","2","臺中市","南區","120.680","24.120","1695"
"2749","274625","20221102075000","2479","1","臺中市","大里區","120.685","24.120","2726"
"922","274626","20221102075000","812","1","臺中市","南區","120.660","24.120","964"
"1726","274627","20221102075000","974","3","臺中市","南區","120.675","24.120","1774"
"1520","274628","20221102075000","1916","0","臺中市","東區","120.695","24.130","1426"
"1666","274629","20221102075000","2258","0","臺中市","西屯區","120.620","24.185","1643"
"1057","274630","20221102075000","706","2","臺中市","西屯區","120.615","24.185","1061"
"677","274631","20221102075000","1303","0","臺中市","西屯區","120.620","24.190","711"
"4059","274632","20221102075000","3726","1","臺中市","西屯區","120.605","24.185","3993"
"1587","274634","20221102075000","1614","0","臺中市","西屯區","120.600","24.185","1533"
"811","274636","20221102075000","512","3","臺中市","東區","120.705","24.130","797"
"175","274637","20221102075000","695","0","臺中市","東區","120.705","24.135","180"
"2891","274639","20221102075000","2050","2","臺中市","東區","120.695","24.145","2855"
"93","274640","20221102075000","198","0","臺中市","東區","120.700","24.145","110"
"1614","274641","20221102075000","1283","2","臺中市","東區","120.695","24.125","1642"
"2838","274642","20221102075000","2042","2","臺中市","大里區","120.680","24.110","2787"
"204","274644","20221102075000","202","1","臺中市","大里區","120.665","24.100","231"
"55","274646","20221102075000","736","0","臺中市","大里區","120.665","24.105","52"
"436","274647","20221102075000","303","2","臺中市","大里區","120.670","24.105","428"
"67","274648","20221102075000","1094","0","臺中市","大里區","120.665","24.110","41"
"1240","274649","20221102075000","1041","1","臺中市","大里區","120.670","24.110","1249"
"589","274650","20221102075000","572","1","臺中市","大里區","120.700","24.105","565"
"198","274683","20221102075000","211","0","臺中市","太平區","120.765","24.110","205"
"60","274707","20221102075000","67","0","臺中市","太平區","120.795","24.115","57"
"324","274737","20221102075000","415","0","臺中市","太平區","120.720","24.140","328"
"979","274738","20221102075000","643","3","臺中市","太平區","120.725","24.135","940"
"1202","274739","20221102075000","775","3","臺中市","大里區","120.695","24.120","1181"
"185","274741","20221102075000","145","2","臺中市","東區","120.700","24.130","181"
"148","274742","20221102075000","129","1","臺中市","東區","120.700","24.135","148"
"1790","274744","20221102075000","2003","0","臺中市","大里區","120.685","24.105","1773"
"18","274758","20221102075000","17","1","臺中市","新社區","120.825","24.145","17"
"183","274781","20221102075000","89","3","臺中市","新社區","120.825","24.165","184"
"107","274785","20221102075000","82","2","臺中市","新社區","120.835","24.170","131"
"934","274786","20221102075000","587","3","臺中市","西屯區","120.610","24.180","913"
"46","274787","20221102075000","587","0","臺中市","南區","120.680","24.125","37"
"1425","274788","20221102075000","915","3","臺中市","東區","120.685","24.135","1445"
"3863","274789","20221102075000","2550","3","臺中市","北區","120.685","24.145","3886"
"3883","274790","20221102075000","3648","1","臺中市","北屯區","120.670","24.175","4078"
"888","274792","20221102075000","829","1","臺中市","東區","120.695","24.135","908"
"65","274805","20221102075000","59","1","臺中市","新社區","120.825","24.155","61"
"331","274823","20221102075000","276","1","臺中市","新社區","120.800","24.180","350"
"134","274835","20221102075000","1471","0","臺中市","大肚區","120.540","24.150","140"
"350","274842","20221102075000","309","1","臺中市","大肚區","120.540","24.170","305"
"26","274852","20221102075000","26","1","臺中市","大肚區","120.525","24.175","18"
"66","274869","20221102075000","501","0","臺中市","大肚區","120.545","24.135","64"
"15","274873","20221102075000","254","0","臺中市","大肚區","120.550","24.140","15"
"194","274874","20221102075000","193","1","臺中市","大肚區","120.555","24.140","176"
"2146","274883","20221102075000","1895","1","臺中市","北區","120.670","24.155","2122"
"690","274884","20221102075000","567","2","臺中市","西屯區","120.655","24.175","713"
"130","274885","20221102075000","584","0","臺中市","西屯區","120.660","24.175","134"
"1863","274889","20221102075000","1434","2","臺中市","大肚區","120.580","24.110","1807"
"54","274891","20221102075000","409","0","臺中市","大肚區","120.570","24.115","48"
"193","274895","20221102075000","168","1","臺中市","大肚區","120.545","24.145","153"
"183","274897","20221102075000","1446","0","臺中市","大肚區","120.550","24.150","163"
"1243","274905","20221102075000","908","2","臺中市","南區","120.650","24.115","1259"
"241","274907","20221102075000","723","0","臺中市","南區","120.650","24.120","259"
"1195","274908","20221102075000","1189","1","臺中市","南區","120.655","24.120","1178"
"1099","274910","20221102075000","1000","1","臺中市","南區","120.645","24.110","1130"
"1564","274911","20221102075000","1670","0","臺中市","南區","120.650","24.110","1560"
"1393","274912","20221102075000","1378","1","臺中市","南區","120.655","24.110","1324"
"755","274913","20221102075000","1275","0","臺中市","南區","120.670","24.115","752"
"548","274917","20221102075000","476","1","臺中市","龍井區","120.575","24.180","530"
"1369","274918","20221102075000","1009","2","臺中市","龍井區","120.580","24.180","1357"
"411","274921","20221102075000","376","1","臺中市","龍井區","120.580","24.185","398"
"210","274926","20221102075000","221","0","臺中市","新社區","120.815","24.180","227"
"20","274937","20221102075000","19","1","臺中市","新社區","120.880","24.105","22"
"92","274950","20221102075000","87","1","南投縣","國姓鄉","120.855","24.120","90"
"17","274969","20221102075000","23","0","臺中市","新社區","120.840","24.130","26"
"85","274972","20221102075000","61","2","臺中市","新社區","120.855","24.130","81"
"53","274982","20221102075000","45","1","臺中市","新社區","120.855","24.135","57"
"10","274997","20221102075000","61","0","臺中市","和平區","120.885","24.140","10"
"15","275019","20221102075000","65","0","臺中市","新社區","120.875","24.155","15"
"401","275027","20221102075000","135","3","臺中市","新社區","120.885","24.160","409"
"1656","275034","20221102075000","1935","0","臺中市","北區","120.675","24.165","1614"
"4611","275035","20221102075000","3426","2","臺中市","北區","120.680","24.165","4458"
"1425","275036","20221102075000","1783","0","臺中市","北區","120.675","24.170","1376"
"945","275037","20221102075000","1086","0","臺中市","南區","120.655","24.115","987"
"1237","275038","20221102075000","2660","0","臺中市","南區","120.660","24.115","1396"
"2873","275039","20221102075000","2163","2","臺中市","南區","120.665","24.120","2772"
"2473","275040","20221102075000","1889","2","臺中市","南區","120.670","24.120","2434"
"141","275041","20221102075000","737","0","臺中市","太平區","120.715","24.115","126"
"1147","275042","20221102075000","1049","1","臺中市","太平區","120.720","24.120","1144"
"3030","275043","20221102075000","3540","0","臺中市","西屯區","120.645","24.175","2955"
"2787","275044","20221102075000","3420","0","臺中市","西屯區","120.650","24.175","2819"
"526","275045","20221102075000","423","2","臺中市","西屯區","120.640","24.185","525"
"194","275048","20221102075000","142","2","臺中市","西屯區","120.625","24.155","216"
"883","275049","20221102075000","823","1","臺中市","西屯區","120.625","24.160","844"
"242","275052","20221102075000","1725","0","臺中市","龍井區","120.585","24.180","248"
"2821","275053","20221102075000","2871","0","臺中市","西屯區","120.590","24.185","2696"
"700","275054","20221102075000","790","0","臺中市","龍井區","120.585","24.185","671"
"1020","275055","20221102075000","1863","0","臺中市","龍井區","120.590","24.180","1056"
"602","275056","20221102075000","387","3","臺中市","西屯區","120.595","24.190","579"
"600","275061","20221102075000","797","0","臺中市","東區","120.710","24.145","638"
"1368","275062","20221102075000","1226","1","臺中市","東區","120.710","24.140","1326"
"264","275064","20221102075000","342","0","臺中市","大里區","120.695","24.100","303"
"366","275065","20221102075000","456","0","臺中市","大里區","120.700","24.100","355"
"1475","275066","20221102075000","1242","1","臺中市","大里區","120.685","24.110","1524"
"683","275067","20221102075000","408","3","臺中市","大里區","120.690","24.110","707"
"66","275069","20221102075000","549","0","臺中市","太平區","120.730","24.100","666"
"610","275075","20221102075000","672","0","臺中市","太平區","120.730","24.105","588"
"610","275076","20221102075000","366","3","臺中市","太平區","120.735","24.120","618"
"16","275081","20221102075000","13","2","臺中市","太平區","120.745","24.125","12"
"567","275082","20221102075000","344","3","臺中市","太平區","120.740","24.130","547"
"2352","275083","20221102075000","2133","1","臺中市","北區","120.680","24.155","2350"
"277","275084","20221102075000","263","1","臺中市","太平區","120.750","24.125","289"
"51","275090","20221102075000","36","2","臺中市","太平區","120.755","24.135","43"
"704","275099","20221102075000","476","2","臺中市","太平區","120.735","24.110","750"
"1203","275110","20221102075000","980","2","臺中市","西區","120.665","24.130","1208"
"1407","275111","20221102075000","1537","0","臺中市","東區","120.690","24.125","1394"
"1339","275114","20221102075000","858","3","臺中市","西區","120.665","24.135","1276"
"1628","275115","20221102075000","1907","0","臺中市","西區","120.670","24.140","1577"
"1256","275116","20221102075000","814","3","臺中市","南區","120.655","24.130","1218"
"1369","275118","20221102075000","1435","0","臺中市","北區","120.695","24.155","1242"
"2067","275119","20221102075000","1786","1","臺中市","北區","120.695","24.160","1983"
"6547","275120","20221102075000","3795","3","臺中市","西區","120.660","24.135","6426"
"1128","275121","20221102075000","1034","1","臺中市","東區","120.685","24.130","1154"
"2078","275122","20221102075000","1251","3","臺中市","南區","120.675","24.130","2017"
"2234","275123","20221102075000","1663","2","臺中市","南屯區","120.635","24.145","2150"
"4457","275124","20221102075000","2631","3","臺中市","南屯區","120.640","24.145","4518"
"2594","275125","20221102075000","1956","2","臺中市","西區","120.670","24.145","2679"
"3037","275126","20221102075000","2923","1","臺中市","北區","120.665","24.160","3037"
"964","275128","20221102075000","1736","0","臺中市","北區","120.675","24.160","943"
"1387","275129","20221102075000","1629","0","臺中市","北區","120.675","24.145","1425"
"1808","275130","20221102075000","1468","2","臺中市","北屯區","120.700","24.185","1811"
"737","275133","20221102075000","247","3","臺中市","北屯區","120.660","24.185","763"
"2012","275134","20221102075000","1365","2","臺中市","北屯區","120.660","24.180","1976"
"348","275137","20221102075000","258","2","臺中市","龍井區","120.565","24.175","334"
"3746","275141","20221102075000","3895","0","臺中市","南屯區","120.655","24.140","3800"
"225","275142","20221102075000","886","0","臺中市","西區","120.665","24.140","190"
"845","275143","20221102075000","713","1","臺中市","西屯區","120.625","24.185","894"
"2356","275144","20221102075000","1976","1","臺中市","西屯區","120.655","24.160","2379"
"1234","275145","20221102075000","1061","1","臺中市","西屯區","120.650","24.165","1226"
"4415","275146","20221102075000","3474","2","臺中市","西屯區","120.655","24.165","4323"
"50","275147","20221102075000","505","0","臺中市","烏日區","120.600","24.120","41"
"66","275154","20221102075000","531","0","臺中市","烏日區","120.605","24.125","73"
"44","275159","20221102075000","98","0","臺中市","南屯區","120.600","24.130","25"
"67","275166","20221102075000","63","1","臺中市","烏日區","120.590","24.110","70"
"2576","275167","20221102075000","1872","2","臺中市","烏日區","120.595","24.110","2543"
"1717","275174","20221102075000","1439","1","臺中市","烏日區","120.615","24.105","1674"
"1109","275175","20221102075000","1335","0","臺中市","烏日區","120.615","24.110","1314"
"289","275177","20221102075000","1178","0","臺中市","烏日區","120.625","24.110","274"
"15","275178","20221102075000","171","0","臺中市","烏日區","120.615","24.115","21"
"1068","275179","20221102075000","2060","0","臺中市","北區","120.685","24.165","1077"
"356","275181","20221102075000","1642","0","臺中市","北屯區","120.725","24.160","287"
"459","275185","20221102075000","413","1","臺中市","北屯區","120.725","24.165","450"
"1645","275187","20221102075000","1323","2","臺中市","北屯區","120.735","24.165","1646"
"54","275188","20221102075000","58","0","臺中市","北屯區","120.740","24.165","70"
"417","275189","20221102075000","368","1","臺中市","北屯區","120.730","24.170","406"
"414","275192","20221102075000","673","0","臺中市","北屯區","120.735","24.175","419"
"514","275193","20221102075000","459","1","臺中市","北屯區","120.740","24.175","492"
"2162","275194","20221102075000","2329","0","臺中市","北區","120.670","24.170","2195"
"828","275195","20221102075000","845","0","臺中市","北屯區","120.690","24.170","787"
"1298","275196","20221102075000","681","3","臺中市","北屯區","120.675","24.175","1289"
"5068","275197","20221102075000","3854","2","臺中市","北屯區","120.680","24.175","5032"
"3383","275198","20221102075000","3066","1","臺中市","北屯區","120.685","24.175","3403"
"4687","275199","20221102075000","3794","2","臺中市","南屯區","120.635","24.150","4681"
"1557","275200","20221102075000","1071","2","臺中市","南屯區","120.640","24.150","1525"
"1959","275201","20221102075000","2268","0","臺中市","南屯區","120.635","24.155","1923"
"1993","275202","20221102075000","1284","3","臺中市","北屯區","120.685","24.190","2008"
"24","275203","20221102075000","143","0","臺中市","南屯區","120.620","24.115","20"
"1759","275204","20221102075000","1119","3","臺中市","南屯區","120.625","24.115","1752"
"269","275206","20221102075000","308","0","臺中市","南屯區","120.625","24.120","281"
"2483","275207","20221102075000","2665","0","臺中市","西屯區","120.650","24.180","2564"
"2514","275208","20221102075000","1763","2","臺中市","西屯區","120.635","24.185","2401"
"4185","275209","20221102075000","3857","1","臺中市","西屯區","120.645","24.180","4206"
"2125","275210","20221102075000","2001","1","臺中市","西屯區","120.640","24.180","2189"
"727","275211","20221102075000","412","3","臺中市","西屯區","120.655","24.185","763"
"1169","275212","20221102075000","767","3","臺中市","西屯區","120.660","24.165","1179"
"2565","275213","20221102075000","2227","1","臺中市","西屯區","120.650","24.160","2596"
"294","275214","20221102075000","429","0","臺中市","西屯區","120.665","24.170","411"
"502","275215","20221102075000","442","1","臺中市","大里區","120.710","24.110","506"
"464","275217","20221102075000","816","0","臺中市","太平區","120.710","24.115","429"
"213","275219","20221102075000","226","0","臺中市","太平區","120.710","24.120","191"
"890","275221","20221102075000","813","1","臺中市","太平區","120.705","24.125","943"
"504","275222","20221102075000","510","0","臺中市","太平區","120.710","24.125","529"
"1322","275223","20221102075000","1383","0","臺中市","太平區","120.715","24.125","1327"
"1423","275227","20221102075000","1168","2","臺中市","北屯區","120.670","24.180","1406"
"847","275228","20221102075000","533","3","臺中市","北屯區","120.665","24.180","843"
"83","275229","20221102075000","774","0","臺中市","北屯區","120.700","24.165","100"
"1774","275230","20221102075000","2327","0","臺中市","北屯區","120.700","24.170","1698"
"1303","275231","20221102075000","681","3","臺中市","北屯區","120.705","24.165","1232"
"1631","275232","20221102075000","1177","2","臺中市","北屯區","120.675","24.180","1624"
"863","275233","20221102075000","435","3","臺中市","北屯區","120.675","24.185","874"
"2838","275234","20221102075000","1637","3","臺中市","北屯區","120.680","24.180","2800"
"2098","275235","20221102075000","1631","2","臺中市","北屯區","120.670","24.185","2054"
"846","275237","20221102075000","418","3","臺中市","北屯區","120.675","24.190","844"
"52","275238","20221102075000","634","0","臺中市","北屯區","120.680","24.185","53"
"3287","275239","20221102075000","3231","1","臺中市","北區","120.680","24.160","3292"
"1996","275240","20221102075000","2522","0","臺中市","南區","120.660","24.110","2013"
"2094","275241","20221102075000","2267","0","臺中市","南區","120.665","24.115","2362"
"1872","275242","20221102075000","2001","0","臺中市","南區","120.665","24.125","1826"
"1218","275243","20221102075000","1316","0","臺中市","南區","120.655","24.125","1191"
"2043","275245","20221102075000","1576","2","臺中市","南屯區","120.645","24.145","2093"
"2568","275246","20221102075000","2902","0","臺中市","西區","120.650","24.145","2556"
"101","275247","20221102075000","195","0","臺中市","南屯區","120.600","24.140","110"
"541","275249","20221102075000","432","2","臺中市","南屯區","120.610","24.140","531"
"300","275250","20221102075000","200","3","臺中市","南屯區","120.615","24.140","301"
"1250","275251","20221102075000","731","3","臺中市","南屯區","120.600","24.145","1235"
"2545","275252","20221102075000","1660","3","臺中市","南屯區","120.605","24.145","2478"
"1062","275253","20221102075000","650","3","臺中市","南屯區","120.610","24.145","1006"
"1178","275254","20221102075000","1147","1","臺中市","南屯區","120.615","24.145","1174"
"852","275255","20221102075000","852","1","臺中市","南屯區","120.620","24.145","904"
"90","275256","20221102075000","75","2","臺中市","南屯區","120.595","24.150","78"
"582","275257","20221102075000","338","3","臺中市","南屯區","120.600","24.150","570"
"13","275258","20221102075000","10","2","臺中市","南屯區","120.605","24.150","13"
"11","275261","20221102075000","11","1","臺中市","南屯區","120.590","24.155","12"
"2224","275267","20221102075000","2428","0","臺中市","北屯區","120.690","24.185","2232"
"14","275268","20221102075000","21","0","臺中市","北屯區","120.690","24.190","19"
"423","275270","20221102075000","421","1","臺中市","大肚區","120.555","24.130","435"
"605","275272","20221102075000","520","1","臺中市","大肚區","120.555","24.135","604"
"1133","275278","20221102075000","785","2","臺中市","南屯區","120.620","24.140","1130"
"508","275280","20221102075000","357","2","臺中市","南屯區","120.625","24.145","505"
"818","275281","20221102075000","407","3","臺中市","南屯區","120.630","24.145","755"
"446","275284","20221102075000","354","2","臺中市","南屯區","120.610","24.130","436"
"670","275286","20221102075000","350","3","臺中市","南屯區","120.600","24.135","672"
"26","275288","20221102075000","396","0","臺中市","南屯區","120.610","24.135","26"
"225","275291","20221102075000","253","0","臺中市","南屯區","120.595","24.135","200"
"1148","275293","20221102075000","1060","1","臺中市","南屯區","120.605","24.135","1132"
"2520","275294","20221102075000","2036","2","臺中市","南屯區","120.615","24.135","2525"
"40","275297","20221102075000","27","2","臺中市","南屯區","120.590","24.140","37"
"38","275298","20221102075000","58","0","臺中市","南屯區","120.595","24.140","27"
"857","275302","20221102075000","566","3","臺中市","南屯區","120.590","24.145","831"
"33","275303","20221102075000","169","0","臺中市","南屯區","120.595","24.145","36"
"317","275307","20221102075000","237","2","臺中市","南屯區","120.590","24.150","335"
"149","275309","20221102075000","164","0","臺中市","南屯區","120.630","24.115","149"
"84","275311","20221102075000","360","0","臺中市","南屯區","120.630","24.120","90"
"436","275312","20221102075000","395","1","臺中市","南屯區","120.635","24.120","426"
"157","275314","20221102075000","52","3","臺中市","南屯區","120.625","24.135","160"
"3291","275315","20221102075000","2167","3","臺中市","南屯區","120.630","24.135","3340"
"1631","275316","20221102075000","785","3","臺中市","南屯區","120.630","24.140","1609"
"3452","275317","20221102075000","2030","3","臺中市","南屯區","120.635","24.140","3499"
"2051","275318","20221102075000","921","3","臺中市","南屯區","120.645","24.150","1997"
"2016","275319","20221102075000","1065","3","臺中市","南屯區","120.640","24.140","1986"
"2513","275320","20221102075000","2209","1","臺中市","南屯區","120.645","24.140","2495"
"492","275322","20221102075000","274","3","臺中市","南屯區","120.635","24.125","456"
"763","275325","20221102075000","401","3","臺中市","南屯區","120.635","24.130","742"
"2064","275326","20221102075000","1382","2","臺中市","南屯區","120.645","24.130","2177"
"1816","275328","20221102075000","693","3","臺中市","南屯區","120.640","24.135","1780"
"183","275329","20221102075000","493","0","臺中市","南屯區","120.640","24.130","185"
"247","275330","20221102075000","193","2","臺中市","南屯區","120.620","24.125","253"
"799","275332","20221102075000","431","3","臺中市","南屯區","120.630","24.125","779"
"151","275333","20221102075000","102","2","臺中市","南屯區","120.620","24.130","160"
"306","275336","20221102075000","146","3","臺中市","南屯區","120.640","24.125","303"
"606","275337","20221102075000","479","2","臺中市","南屯區","120.620","24.135","529"
"1837","275340","20221102075000","2026","0","臺中市","太平區","120.700","24.150","1767"
"1195","275341","20221102075000","952","2","臺中市","北區","120.700","24.155","1116"
"2389","275343","20221102075000","1842","2","臺中市","北屯區","120.685","24.180","2428"
"1060","275344","20221102075000","979","1","臺中市","北屯區","120.690","24.180","1059"
"379","275350","20221102075000","558","0","臺中市","北屯區","120.745","24.160","339"
"198","275354","20221102075000","187","1","臺中市","太平區","120.770","24.160","195"
"111","275362","20221102075000","82","2","臺中市","北屯區","120.745","24.170","86"
"264","275365","20221102075000","209","2","臺中市","北屯區","120.760","24.170","304"
"24","275378","20221102075000","13","3","臺中市","北屯區","120.765","24.175","32"
"22","275380","20221102075000","216","0","臺中市","北屯區","120.775","24.175","16"
"104","275382","20221102075000","70","2","臺中市","北屯區","120.785","24.175","116"
"116","275386","20221102075000","123","0","臺中市","北屯區","120.750","24.180","118"
"897","275391","20221102075000","1172","0","臺中市","北屯區","120.710","24.160","923"
"304","275392","20221102075000","363","0","臺中市","北屯區","120.715","24.160","328"
"398","275393","20221102075000","400","0","臺中市","北屯區","120.710","24.165","408"
"984","275394","20221102075000","1026","0","臺中市","北屯區","120.715","24.165","1036"
"565","275395","20221102075000","674","0","臺中市","北屯區","120.720","24.165","553"
"1591","275396","20221102075000","1699","0","臺中市","北屯區","120.710","24.170","1616"
"345","275397","20221102075000","386","0","臺中市","北屯區","120.715","24.170","345"
"953","275398","20221102075000","1083","0","臺中市","北屯區","120.720","24.170","896"
"81","275399","20221102075000","75","1","臺中市","大肚區","120.570","24.150","86"
"145","275400","20221102075000","191","0","臺中市","大肚區","120.570","24.155","141"
"1218","275403","20221102075000","1142","1","臺中市","大肚區","120.570","24.160","1199"
"47","275420","20221102075000","36","2","臺中市","大肚區","120.535","24.150","41"
"2241","275421","20221102075000","2193","1","臺中市","西區","120.655","24.155","2236"
"2313","275422","20221102075000","1726","2","臺中市","西區","120.660","24.155","2162"
"775","275423","20221102075000","680","1","臺中市","西區","120.660","24.160","774"
"139","275424","20221102075000","175","0","臺中市","大里區","120.675","24.100","121"
"393","275425","20221102075000","504","0","臺中市","大里區","120.680","24.100","388"
"421","275426","20221102075000","306","2","臺中市","大里區","120.680","24.105","480"
"2069","275427","20221102075000","1232","3","臺中市","西區","120.680","24.135","2093"
"878","275428","20221102075000","1042","0","臺中市","中區","120.680","24.145","869"
"3082","275429","20221102075000","1352","3","臺中市","中區","120.680","24.140","3223"
"2202","275430","20221102075000","1447","3","臺中市","北屯區","120.680","24.170","2215"
"356","275431","20221102075000","876","0","臺中市","北屯區","120.685","24.170","339"
"653","275432","20221102075000","949","0","臺中市","北屯區","120.690","24.165","614"
"1143","275433","20221102075000","1242","0","臺中市","北屯區","120.695","24.170","1138"
"2687","275434","20221102075000","2763","0","臺中市","北屯區","120.695","24.175","2736"
"2670","275435","20221102075000","2333","1","臺中市","北屯區","120.690","24.175","2565"
"1575","275436","20221102075000","1263","2","臺中市","南屯區","120.630","24.150","1573"
"1132","275437","20221102075000","661","3","臺中市","南屯區","120.630","24.155","1109"
"525","275439","20221102075000","1039","0","臺中市","北屯區","120.710","24.175","525"
"384","275440","20221102075000","399","0","臺中市","北屯區","120.695","24.185","328"
"859","275442","20221102075000","1036","0","臺中市","北屯區","120.710","24.180","839"
"313","275443","20221102075000","675","0","臺中市","北屯區","120.705","24.180","304"
"957","275445","20221102075000","889","1","臺中市","北屯區","120.705","24.185","958"
"1703","275457","20221102075000","1556","1","臺中市","北區","120.670","24.160","1903"
"3382","275458","20221102075000","2599","2","臺中市","北區","120.685","24.155","3390"
"1318","275459","20221102075000","907","2","臺中市","北屯區","120.700","24.175","1362"
"681","275461","20221102075000","435","3","臺中市","大里區","120.710","24.100","669"
"1164","275462","20221102075000","1072","1","臺中市","大里區","120.715","24.100","1155"
"1602","275463","20221102075000","1961","0","臺中市","大里區","120.690","24.105","1536"
"465","275464","20221102075000","938","0","臺中市","大里區","120.695","24.105","430"
"677","275466","20221102075000","924","0","臺中市","大里區","120.685","24.100","715"
"3043","275467","20221102075000","2489","2","臺中市","大里區","120.680","24.115","3019"
"24","275468","20221102075000","481","0","臺中市","大里區","120.685","24.115","22"
"1104","275469","20221102075000","1130","0","臺中市","南屯區","120.635","24.135","1088"
"43","275471","20221102075000","914","0","臺中市","大里區","120.695","24.110","34"
"1869","275477","20221102075000","1146","3","臺中市","太平區","120.715","24.155","1849"
"1239","275478","20221102075000","681","3","臺中市","北屯區","120.705","24.170","1217"
"400","275479","20221102075000","329","2","臺中市","北屯區","120.740","24.180","372"
"101","275480","20221102075000","263","0","臺中市","北屯區","120.745","24.180","90"
"17","275487","20221102075000","115","0","臺中市","北屯區","120.745","24.185","12"
"37","275492","20221102075000","39","0","臺中市","北屯區","120.770","24.185","42"
"11","275495","20221102075000","35","0","臺中市","北屯區","120.780","24.185","15"
"48","275502","20221102075000","82","0","臺中市","北屯區","120.765","24.185","56"
"1358","275504","20221102075000","1741","0","臺中市","北屯區","120.695","24.180","1364"
"1689","275505","20221102075000","1504","1","臺中市","西屯區","120.665","24.175","1674"
"724","275506","20221102075000","562","2","臺中市","西屯區","120.640","24.155","719"
"1837","275507","20221102075000","2516","0","臺中市","西屯區","120.645","24.155","1871"
"1077","275508","20221102075000","2474","0","臺中市","西屯區","120.640","24.160","1057"
"1562","275509","20221102075000","1225","2","臺中市","西屯區","120.645","24.160","1591"
"299","275510","20221102075000","780","0","臺中市","西屯區","120.640","24.165","285"
"2024","275511","20221102075000","2032","0","臺中市","西屯區","120.645","24.165","2001"
"1290","275512","20221102075000","1223","1","臺中市","西屯區","120.650","24.170","1326"
"767","275513","20221102075000","524","2","臺中市","太平區","120.720","24.145","769"
"513","275515","20221102075000","516","0","臺中市","太平區","120.715","24.145","544"
"1575","275517","20221102075000","1469","1","臺中市","大里區","120.690","24.115","1625"
"612","275518","20221102075000","493","2","臺中市","大里區","120.690","24.120","601"
"772","275519","20221102075000","301","3","臺中市","東區","120.700","24.125","709"
"30","275662","20221102075000","26","1","臺中市","和平區","120.955","24.160","17"
"24","275685","20221102075000","65","0","臺中市","和平區","120.950","24.165","22"
"158","275829","20221102075000","124","2","臺中市","和平區","120.990","24.185","187"
"210","276007","20221102075000","170","2","臺中市","和平區","120.925","24.180","213"
"154","276027","20221102075000","821","0","臺中市","北屯區","120.700","24.180","147"
"1553","276028","20221102075000","1822","0","臺中市","南區","120.680","24.130","1606"
"1401","276029","20221102075000","2159","0","臺中市","西屯區","120.620","24.180","1370"
"2892","276033","20221102075000","2346","2","臺中市","西屯區","120.650","24.185","2867"
"838","276037","20221102075000","619","2","臺中市","西屯區","120.635","24.160","871"
"1193","276039","20221102075000","1030","1","臺中市","西屯區","120.635","24.165","1210"
"483","276040","20221102075000","327","2","臺中市","西屯區","120.630","24.170","511"
"75","276041","20221102075000","610","0","臺中市","西屯區","120.635","24.170","470"
"1763","276043","20221102075000","1561","1","臺中市","太平區","120.715","24.140","1788"
"95","276044","20221102075000","796","0","臺中市","太平區","120.720","24.155","73"
"2207","276045","20221102075000","2343","0","臺中市","西區","120.660","24.140","2205"
"1764","276046","20221102075000","1881","0","臺中市","西區","120.660","24.145","1749"
"1080","276048","20221102075000","1219","0","臺中市","南區","120.660","24.130","1080"
"66","276451","20221102075000","228","0","花蓮縣","秀林鄉","121.285","24.140","96"
"244","276521","20221102075000","247","0","花蓮縣","秀林鄉","121.635","24.140","220"
"13","276664","20221102075000","103","0","花蓮縣","秀林鄉","121.625","24.150","12"
"154","276735","20221102075000","73","3","花蓮縣","秀林鄉","121.625","24.155","148"
"68","276803","20221102075000","64","1","花蓮縣","秀林鄉","121.620","24.160","72"
"18","276945","20221102075000","116","0","花蓮縣","秀林鄉","121.300","24.175","43"
"61","277000","20221102075000","76","0","花蓮縣","秀林鄉","121.570","24.175","75"
"251","277116","20221102075000","201","2","花蓮縣","秀林鄉","121.495","24.180","347"
"602","277183","20221102075000","432","2","花蓮縣","秀林鄉","121.655","24.125","634"
"109","277187","20221102075000","70","3","花蓮縣","秀林鄉","121.645","24.135","106"
"211","277214","20221102075000","231","0","花蓮縣","秀林鄉","121.650","24.155","214"
"167","277223","20221102075000","140","1","花蓮縣","秀林鄉","121.655","24.160","157"
"161","277237","20221102075000","100","3","花蓮縣","秀林鄉","121.655","24.170","136"
"2040","277409","20221102075000","3201","0","臺中市","西屯區","120.645","24.170","2002"
"526","277410","20221102075000","381","2","臺中市","太平區","120.730","24.155","533"
"176","277411","20221102075000","689","0","臺中市","太平區","120.735","24.155","161"
"20","277415","20221102075000","206","0","臺中市","大肚區","120.550","24.120","21"
"1030","277420","20221102075000","972","1","臺中市","大肚區","120.570","24.120","1034"
"79","277421","20221102075000","754","0","臺中市","大肚區","120.575","24.120","60"
"445","277423","20221102075000","389","1","臺中市","大肚區","120.570","24.125","462"
"50","277425","20221102075000","458","0","臺中市","大肚區","120.580","24.125","42"
"17","277426","20221102075000","298","0","臺中市","大肚區","120.570","24.130","20"
"241","277434","20221102075000","249","0","臺中市","大肚區","120.585","24.135","275"
"1996","277437","20221102075000","2064","0","臺中市","大里區","120.705","24.105","1928"
"413","277439","20221102075000","430","0","臺中市","大里區","120.705","24.110","434"
"21","277440","20221102075000","379","0","臺中市","太平區","120.705","24.150","23"
"379","277441","20221102075000","713","0","臺中市","太平區","120.710","24.150","367"
"430","277442","20221102075000","319","2","臺中市","烏日區","120.625","24.100","448"
"940","277443","20221102075000","883","1","臺中市","烏日區","120.630","24.100","927"
"1688","277444","20221102075000","1219","2","臺中市","烏日區","120.620","24.105","1684"
"656","277445","20221102075000","500","2","臺中市","烏日區","120.625","24.105","665"
"275","277450","20221102075000","173","3","臺中市","西屯區","120.595","24.165","274"
"420","277451","20221102075000","375","1","臺中市","西屯區","120.600","24.165","389"
"378","277452","20221102075000","395","0","臺中市","西屯區","120.605","24.165","384"
"596","277453","20221102075000","599","0","臺中市","西屯區","120.610","24.165","626"
"20","277456","20221102075000","219","0","臺中市","西屯區","120.585","24.170","14"
"1107","277457","20221102075000","1145","0","臺中市","西屯區","120.590","24.170","1067"
"243","277458","20221102075000","144","3","臺中市","西屯區","120.595","24.170","233"
"13","277459","20221102075000","13","1","臺中市","西屯區","120.600","24.170","13"
"150","277460","20221102075000","179","0","臺中市","西屯區","120.605","24.170","146"
"724","277461","20221102075000","860","0","臺中市","西屯區","120.610","24.170","671"
"209","277462","20221102075000","276","0","臺中市","西屯區","120.615","24.170","185"
"910","277463","20221102075000","731","2","臺中市","西屯區","120.620","24.170","924"
"250","277467","20221102075000","273","0","臺中市","西屯區","120.605","24.175","252"
"944","277468","20221102075000","671","2","臺中市","西屯區","120.595","24.175","928"
"611","277471","20221102075000","278","3","臺中市","西屯區","120.620","24.175","401"
"1215","277473","20221102075000","1711","0","臺中市","西屯區","120.595","24.180","1308"
"614","277474","20221102075000","345","3","臺中市","西屯區","120.595","24.185","615"
"1008","277475","20221102075000","771","2","臺中市","西屯區","120.600","24.175","1045"
"1942","277477","20221102075000","1957","0","臺中市","太平區","120.720","24.130","1926"
"31","277478","20221102075000","439","0","臺中市","太平區","120.710","24.130","35"
"96","277480","20221102075000","1227","0","臺中市","太平區","120.715","24.135","91"
"874","277481","20221102075000","1597","0","臺中市","太平區","120.730","24.150","941"
"33","277483","20221102075000","223","0","臺中市","大肚區","120.575","24.170","35"
"544","277484","20221102075000","943","0","臺中市","大肚區","120.580","24.170","547"
"1645","277487","20221102075000","1575","1","臺中市","大肚區","120.545","24.155","1658"
"55","277488","20221102075000","549","0","臺中市","大肚區","120.540","24.160","75"
"662","277489","20221102075000","592","1","臺中市","大肚區","120.545","24.160","642"
"383","277492","20221102075000","288","2","臺中市","大肚區","120.535","24.165","353"
"625","277493","20221102075000","1085","0","臺中市","大里區","120.690","24.100","657"
"419","277496","20221102075000","373","1","臺中市","太平區","120.735","24.105","409"
"996","277503","20221102075000","841","1","臺中市","太平區","120.730","24.140","980"
"1310","277504","20221102075000","1181","1","臺中市","太平區","120.735","24.140","1331"
"21","277507","20221102075000","26","0","臺中市","太平區","120.730","24.145","16"
"541","277508","20221102075000","1303","0","臺中市","太平區","120.735","24.145","560"
"1364","277520","20221102075000","1223","1","臺中市","太平區","120.740","24.155","1413"
"199","277531","20221102075000","994","0","臺中市","太平區","120.730","24.125","170"
"87","277532","20221102075000","203","0","臺中市","太平區","120.725","24.130","90"
"1508","277533","20221102075000","1445","1","臺中市","東區","120.690","24.130","1494"
"1351","277534","20221102075000","1254","1","臺中市","東區","120.690","24.140","1390"
"2961","277535","20221102075000","1736","3","臺中市","中區","120.685","24.140","2858"
"12","277537","20221102075000","190","0","臺中市","太平區","120.735","24.130","12"
"732","277538","20221102075000","1112","0","臺中市","太平區","120.720","24.100","726"
"129","277540","20221102075000","772","0","臺中市","太平區","120.720","24.105","99"
"904","277541","20221102075000","913","0","臺中市","太平區","120.725","24.140","914"
"416","277542","20221102075000","438","0","臺中市","太平區","120.730","24.135","444"
"999","277544","20221102075000","970","1","臺中市","龍井區","120.540","24.175","971"
"639","277557","20221102075000","454","2","臺中市","大肚區","120.560","24.125","690"
"102","277558","20221102075000","631","0","臺中市","大肚區","120.565","24.125","106"
"669","277564","20221102075000","649","1","臺中市","龍井區","120.575","24.175","659"
"361","277565","20221102075000","683","0","臺中市","龍井區","120.580","24.175","366"
"855","277566","20221102075000","636","2","臺中市","太平區","120.725","24.145","817"
"726","277567","20221102075000","663","1","臺中市","太平區","120.720","24.125","706"
"26","277587","20221102075000","22","1","臺中市","東勢區","120.855","24.175","25"
"77","277597","20221102075000","75","1","臺中市","東勢區","120.840","24.185","65"
"50","277611","20221102075000","20","3","臺中市","東勢區","120.865","24.185","51"
"627","277614","20221102075000","800","0","臺中市","太平區","120.710","24.135","613"
"1531","277615","20221102075000","1352","1","臺中市","東區","120.705","24.140","1449"
"1290","277617","20221102075000","1169","1","臺中市","東區","120.695","24.150","1328"
"171","277618","20221102075000","1517","0","臺中市","太平區","120.705","24.155","142"
"797","277619","20221102075000","801","0","臺中市","太平區","120.705","24.160","829"
"1751","277620","20221102075000","839","3","臺中市","太平區","120.710","24.155","1764"
"1749","277621","20221102075000","1450","2","臺中市","東區","120.690","24.135","1750"
"618","277622","20221102075000","584","1","臺中市","東區","120.690","24.145","613"
"2380","277623","20221102075000","1766","2","臺中市","東區","120.700","24.140","2434"
"2189","277624","20221102075000","1902","1","臺中市","北區","120.675","24.155","2183"
"1619","277625","20221102075000","1532","1","臺中市","西區","120.660","24.150","1614"
"2239","277626","20221102075000","1894","1","臺中市","西區","120.665","24.155","2278"
"29","277630","20221102075000","351","0","臺中市","龍井區","120.550","24.185","26"
"175","277637","20221102075000","193","0","臺中市","烏日區","120.650","24.105","177"
"828","277638","20221102075000","821","1","臺中市","烏日區","120.655","24.105","818"
"3285","277639","20221102075000","2794","1","臺中市","西屯區","120.640","24.170","3274"
"1446","277640","20221102075000","1816","0","臺中市","西屯區","120.655","24.170","1342"
"4567","277641","20221102075000","4022","1","臺中市","西屯區","120.660","24.170","4466"
"1565","277642","20221102075000","1772","0","臺中市","太平區","120.720","24.150","1567"
"289","277643","20221102075000","213","2","臺中市","太平區","120.725","24.150","292"
"1230","277644","20221102075000","1349","0","臺中市","太平區","120.725","24.155","1275"
"1135","277646","20221102075000","557","3","臺中市","烏日區","120.605","24.105","1127"
"388","277647","20221102075000","305","2","臺中市","烏日區","120.610","24.105","395"
"185","277648","20221102075000","150","2","臺中市","烏日區","120.600","24.110","199"
"1506","277649","20221102075000","2006","0","臺中市","烏日區","120.605","24.110","1438"
"42","277650","20221102075000","29","2","臺中市","烏日區","120.610","24.110","49"
"414","277652","20221102075000","355","1","臺中市","烏日區","120.605","24.115","458"
"469","277653","20221102075000","357","2","臺中市","烏日區","120.610","24.115","488"
"191","277655","20221102075000","135","2","臺中市","烏日區","120.595","24.120","215"
"387","277656","20221102075000","1281","0","臺中市","烏日區","120.635","24.110","380"
"1152","277657","20221102075000","1000","1","臺中市","烏日區","120.640","24.110","1112"
"2243","277661","20221102075000","1439","3","臺中市","西區","120.665","24.150","2102"
"238","277662","20221102075000","394","0","臺中市","西區","120.670","24.150","229"
"1786","277663","20221102075000","2681","0","臺中市","西區","120.675","24.135","1744"
"1596","277664","20221102075000","1663","0","臺中市","西區","120.665","24.145","1620"
"225","277681","20221102075000","187","2","花蓮縣","秀林鄉","121.630","24.115","199"
"90","277712","20221102075000","72","2","花蓮縣","秀林鄉","121.630","24.125","99"
"226","277713","20221102075000","205","1","花蓮縣","秀林鄉","121.635","24.125","243"
"199","277756","20221102075000","204","0","花蓮縣","新城鄉","121.615","24.100","206"
"147","277759","20221102075000","165","0","花蓮縣","新城鄉","121.620","24.105","164"
"270","277766","20221102075000","355","0","花蓮縣","新城鄉","121.640","24.115","269"
"42","277799","20221102075000","64","0","花蓮縣","新城鄉","121.650","24.125","44"
"187","277805","20221102075000","201","0","花蓮縣","新城鄉","121.645","24.130","177"
"20","277807","20221102075000","37","0","彰化縣","彰化市","120.545","24.100","21"
"991","277812","20221102075000","943","1","彰化縣","和美鎮","120.495","24.115","1027"
"366","277817","20221102075000","254","2","彰化縣","彰化市","120.560","24.105","350"
"529","277821","20221102075000","173","3","彰化縣","和美鎮","120.505","24.140","564"
"1095","277830","20221102075000","1165","0","彰化縣","和美鎮","120.500","24.105","1067"
"2289","277831","20221102075000","2054","1","彰化縣","和美鎮","120.495","24.110","2246"
"1464","277832","20221102075000","1564","0","彰化縣","和美鎮","120.500","24.110","1489"
"65","277834","20221102075000","925","0","彰化縣","伸港鄉","120.480","24.140","90"
"154","277848","20221102075000","92","3","南投縣","國姓鄉","120.895","24.110","126"
"29","277865","20221102075000","23","2","南投縣","國姓鄉","120.850","24.105","25"
"90","277866","20221102075000","64","2","南投縣","國姓鄉","120.855","24.105","115"
"614","277889","20221102075000","468","2","彰化縣","和美鎮","120.490","24.110","601"
"220","277890","20221102075000","239","0","彰化縣","和美鎮","120.490","24.115","240"
"216","277892","20221102075000","256","0","彰化縣","和美鎮","120.515","24.125","217"
"32","277895","20221102075000","40","0","彰化縣","和美鎮","120.520","24.130","39"
"555","277898","20221102075000","364","3","彰化縣","和美鎮","120.515","24.135","564"
"407","277902","20221102075000","349","1","彰化縣","和美鎮","120.500","24.130","416"
"27","277906","20221102075000","26","1","彰化縣","和美鎮","120.505","24.135","22"
"72","277907","20221102075000","59","2","彰化縣","和美鎮","120.510","24.135","81"
"1420","277912","20221102075000","1164","2","彰化縣","和美鎮","120.490","24.120","1393"
"594","277913","20221102075000","544","1","彰化縣","和美鎮","120.495","24.120","635"
"115","277919","20221102075000","339","0","彰化縣","伸港鄉","120.510","24.160","111"
"161","277922","20221102075000","114","2","彰化縣","伸港鄉","120.510","24.165","154"
"168","277925","20221102075000","882","0","彰化縣","伸港鄉","120.505","24.170","156"
"244","277926","20221102075000","156","3","彰化縣","伸港鄉","120.510","24.170","267"
"344","277931","20221102075000","133","3","彰化縣","伸港鄉","120.505","24.180","328"
"1348","277935","20221102075000","611","3","彰化縣","彰化市","120.575","24.100","1155"
"25","277953","20221102075000","572","0","彰化縣","和美鎮","120.530","24.110","49"
"56","277967","20221102075000","691","0","彰化縣","和美鎮","120.545","24.110","56"
"10","277968","20221102075000","27","0","彰化縣","和美鎮","120.540","24.115","19"
"29","277971","20221102075000","40","0","彰化縣","和美鎮","120.530","24.100","24"
"1394","277975","20221102075000","1063","2","彰化縣","和美鎮","120.525","24.115","1253"
"20","277978","20221102075000","21","0","彰化縣","和美鎮","120.485","24.135","16"
"127","277979","20221102075000","166","0","彰化縣","和美鎮","120.485","24.140","118"
"512","277980","20221102075000","2164","0","彰化縣","伸港鄉","120.485","24.145","611"
"282","277982","20221102075000","615","0","彰化縣","伸港鄉","120.490","24.150","232"
"318","277984","20221102075000","151","3","彰化縣","伸港鄉","120.470","24.145","279"
"83","277985","20221102075000","349","0","彰化縣","伸港鄉","120.475","24.145","78"
"186","277994","20221102075000","667","0","彰化縣","伸港鄉","120.500","24.140","160"
"154","277998","20221102075000","231","0","彰化縣","伸港鄉","120.480","24.155","117"
"729","278002","20221102075000","698","1","彰化縣","和美鎮","120.490","24.105","706"
"55","278003","20221102075000","97","0","彰化縣","和美鎮","120.490","24.125","44"
"496","278011","20221102075000","417","1","彰化縣","和美鎮","120.515","24.105","514"
"154","278018","20221102075000","571","0","彰化縣","和美鎮","120.510","24.150","155"
"78","278026","20221102075000","614","0","彰化縣","線西鄉","120.455","24.145","78"
"430","278032","20221102075000","232","3","彰化縣","伸港鄉","120.450","24.155","394"
"1175","278037","20221102075000","1123","1","彰化縣","和美鎮","120.500","24.115","1187"
"1111","278047","20221102075000","516","3","彰化縣","和美鎮","120.490","24.130","1070"
"1116","278050","20221102075000","574","3","彰化縣","和美鎮","120.490","24.100","1167"
"1978","278052","20221102075000","732","3","彰化縣","和美鎮","120.515","24.100","1945"
"950","278053","20221102075000","615","3","彰化縣","和美鎮","120.520","24.100","978"
"147","278058","20221102075000","96","3","彰化縣","和美鎮","120.485","24.100","147"
"505","278060","20221102075000","460","1","彰化縣","和美鎮","120.485","24.110","490"
"90","278065","20221102075000","156","0","彰化縣","伸港鄉","120.475","24.155","117"
"63","278066","20221102075000","19","3","彰化縣","伸港鄉","120.470","24.160","80"
"21","278084","20221102075000","28","0","彰化縣","伸港鄉","120.485","24.180","22"
"914","278099","20221102075000","959","0","彰化縣","和美鎮","120.530","24.105","928"
"532","278100","20221102075000","456","1","彰化縣","和美鎮","120.515","24.120","551"
"196","278175","20221102075000","199","0","南投縣","仁愛鄉","121.190","24.145","320"
"296","278457","20221102075000","318","0","南投縣","仁愛鄉","121.205","24.110","286"
"63","278506","20221102075000","223","0","南投縣","仁愛鄉","121.270","24.140","129"
"45","278518","20221102075000","99","0","南投縣","仁愛鄉","121.285","24.160","50"
"118","278973","20221102075000","105","1","南投縣","仁愛鄉","121.185","24.120","124"
"244","279090","20221102075000","306","0","南投縣","仁愛鄉","121.170","24.155","325"
"52","279213","20221102075000","79","0","南投縣","仁愛鄉","121.200","24.180","50"
"130","279218","20221102075000","201","0","南投縣","仁愛鄉","121.225","24.180","184"
"350","279255","20221102075000","1782","0","彰化縣","伸港鄉","120.485","24.160","314"
"276","279258","20221102075000","687","0","彰化縣","伸港鄉","120.495","24.160","281"
"45","279282","20221102075000","50","0","彰化縣","線西鄉","120.420","24.130","48"
"52","279286","20221102075000","376","0","彰化縣","和美鎮","120.480","24.105","45"
"29","279292","20221102075000","374","0","彰化縣","鹿港鎮","120.460","24.105","24"
"17","279293","20221102075000","413","0","彰化縣","鹿港鎮","120.465","24.105","17"
"1340","279295","20221102075000","327","3","彰化縣","鹿港鎮","120.465","24.110","1312"
"764","279296","20221102075000","181","3","彰化縣","鹿港鎮","120.460","24.115","775"
"2002","279303","20221102075000","1257","3","彰化縣","線西鄉","120.465","24.130","1996"
"68","279311","20221102075000","487","0","彰化縣","線西鄉","120.435","24.140","67"
"1267","279350","20221102075000","402","3","彰化縣","鹿港鎮","120.450","24.115","1302"
"516","279359","20221102075000","157","3","彰化縣","鹿港鎮","120.455","24.120","537"
"45","279366","20221102075000","29","3","彰化縣","線西鄉","120.460","24.130","58"
"783","279368","20221102075000","721","1","彰化縣","線西鄉","120.430","24.130","762"
"983","279371","20221102075000","545","3","彰化縣","線西鄉","120.425","24.135","1230"
"19","279375","20221102075000","305","0","彰化縣","線西鄉","120.470","24.135","30"
"248","279379","20221102075000","99","3","彰化縣","線西鄉","120.440","24.150","267"
"424","279387","20221102075000","313","2","彰化縣","線西鄉","120.445","24.150","528"
"471","279389","20221102075000","328","2","彰化縣","線西鄉","120.480","24.115","478"
"255","279392","20221102075000","220","1","彰化縣","和美鎮","120.485","24.120","248"
"365","279396","20221102075000","388","0","彰化縣","線西鄉","120.480","24.125","394"
"609","279398","20221102075000","478","2","彰化縣","線西鄉","120.470","24.130","587"
"14","285400","20221102075000","13","1","臺中市","清水區","120.555","24.270","13"
"298","285401","20221102075000","285","1","臺中市","清水區","120.560","24.270","336"
"1897","285403","20221102075000","1962","0","臺中市","清水區","120.550","24.275","2011"
"695","285405","20221102075000","677","1","臺中市","清水區","120.540","24.275","660"
"113","285406","20221102075000","703","0","臺中市","北屯區","120.665","24.195","109"
"1074","285409","20221102075000","696","3","臺中市","北屯區","120.680","24.195","991"
"829","285410","20221102075000","590","2","臺中市","北屯區","120.665","24.200","884"
"705","285412","20221102075000","666","1","臺中市","北屯區","120.675","24.200","708"
"751","285413","20221102075000","525","2","臺中市","北屯區","120.680","24.200","751"
"753","285414","20221102075000","698","1","臺中市","北屯區","120.685","24.200","735"
"43","285415","20221102075000","30","2","臺中市","北屯區","120.665","24.190","39"
"1425","285416","20221102075000","790","3","臺中市","北屯區","120.670","24.190","1385"
"25","285418","20221102075000","667","0","臺中市","沙鹿區","120.560","24.240","27"
"1787","285419","20221102075000","2326","0","臺中市","沙鹿區","120.565","24.240","1745"
"48","285422","20221102075000","54","0","臺中市","沙鹿區","120.565","24.245","47"
"291","285423","20221102075000","497","0","臺中市","沙鹿區","120.570","24.245","303"
"347","285425","20221102075000","370","0","臺中市","沙鹿區","120.560","24.250","353"
"432","285428","20221102075000","393","1","臺中市","沙鹿區","120.565","24.255","436"
"1324","285431","20221102075000","724","3","臺中市","清水區","120.575","24.275","1369"
"1374","285434","20221102075000","1268","1","臺中市","潭子區","120.715","24.205","1536"
"793","285437","20221102075000","417","3","臺中市","潭子區","120.700","24.200","759"
"500","285439","20221102075000","487","1","臺中市","潭子區","120.700","24.205","517"
"534","285440","20221102075000","492","1","臺中市","潭子區","120.700","24.210","512"
"110","285441","20221102075000","1550","0","臺中市","潭子區","120.705","24.210","1434"
"692","285442","20221102075000","1385","0","臺中市","潭子區","120.700","24.215","660"
"90","285443","20221102075000","174","0","臺中市","潭子區","120.710","24.195","80"
"58","285444","20221102075000","58","1","臺中市","潭子區","120.705","24.200","63"
"53","285445","20221102075000","509","0","臺中市","潭子區","120.710","24.200","47"
"1401","285446","20221102075000","1460","0","臺中市","潭子區","120.705","24.205","1338"
"2500","285447","20221102075000","2007","2","臺中市","潭子區","120.710","24.205","2530"
"822","285453","20221102075000","639","2","臺中市","潭子區","120.720","24.195","814"
"800","285454","20221102075000","758","1","臺中市","潭子區","120.725","24.195","832"
"655","285459","20221102075000","541","2","臺中市","潭子區","120.725","24.200","652"
"1352","285460","20221102075000","1293","1","臺中市","潭子區","120.730","24.200","1306"
"98","285468","20221102075000","83","1","臺中市","潭子區","120.745","24.210","94"
"3542","285469","20221102075000","3007","1","臺中市","北屯區","120.705","24.190","3597"
"63","285470","20221102075000","60","1","臺中市","北屯區","120.705","24.195","57"
"149","285471","20221102075000","185","0","臺中市","西屯區","120.645","24.190","146"
"505","285472","20221102075000","331","3","臺中市","大雅區","120.615","24.235","473"
"659","285473","20221102075000","441","2","臺中市","沙鹿區","120.610","24.240","654"
"212","285474","20221102075000","808","0","臺中市","沙鹿區","120.615","24.240","176"
"16","285488","20221102075000","84","0","臺中市","沙鹿區","120.575","24.240","15"
"301","285500","20221102075000","306","0","臺中市","沙鹿區","120.560","24.225","270"
"906","285503","20221102075000","1045","0","臺中市","沙鹿區","120.565","24.225","901"
"88","285504","20221102075000","413","0","臺中市","神岡區","120.655","24.250","83"
"44","285507","20221102075000","54","0","臺中市","神岡區","120.660","24.255","51"
"19","285509","20221102075000","352","0","臺中市","神岡區","120.675","24.260","16"
"754","285515","20221102075000","649","1","臺中市","神岡區","120.680","24.265","736"
"64","285519","20221102075000","636","0","臺中市","神岡區","120.655","24.275","70"
"645","285522","20221102075000","1788","0","臺中市","豐原區","120.705","24.240","649"
"918","285523","20221102075000","810","1","臺中市","豐原區","120.700","24.245","910"
"639","285524","20221102075000","1147","0","臺中市","豐原區","120.705","24.245","625"
"398","285525","20221102075000","286","2","臺中市","龍井區","120.560","24.190","407"
"475","285526","20221102075000","371","2","臺中市","龍井區","120.535","24.195","556"
"45","285527","20221102075000","45","1","臺中市","龍井區","120.540","24.195","62"
"482","285528","20221102075000","416","1","臺中市","龍井區","120.545","24.195","502"
"499","285531","20221102075000","489","1","臺中市","龍井區","120.560","24.195","490"
"651","285533","20221102075000","631","1","臺中市","龍井區","120.545","24.200","629"
"276","285536","20221102075000","240","1","臺中市","龍井區","120.560","24.200","273"
"678","285538","20221102075000","712","0","臺中市","潭子區","120.705","24.215","653"
"88","285539","20221102075000","73","2","臺中市","潭子區","120.700","24.220","86"
"1701","285540","20221102075000","1715","0","臺中市","潭子區","120.705","24.220","1720"
"2424","285541","20221102075000","2330","1","臺中市","潭子區","120.705","24.225","2406"
"373","285542","20221102075000","418","0","臺中市","龍井區","120.590","24.190","385"
"700","285544","20221102075000","512","2","臺中市","西屯區","120.605","24.190","719"
"1065","285547","20221102075000","784","2","臺中市","神岡區","120.690","24.265","1091"
"271","285549","20221102075000","144","3","臺中市","神岡區","120.685","24.270","270"
"239","285551","20221102075000","131","3","臺中市","神岡區","120.675","24.275","223"
"399","285553","20221102075000","394","1","臺中市","神岡區","120.685","24.275","400"
"495","285559","20221102075000","191","3","臺中市","神岡區","120.690","24.275","480"
"662","285561","20221102075000","677","0","臺中市","神岡區","120.680","24.240","652"
"572","285565","20221102075000","446","2","臺中市","神岡區","120.680","24.245","610"
"34","285567","20221102075000","637","0","臺中市","神岡區","120.675","24.250","32"
"1476","285568","20221102075000","1387","1","臺中市","神岡區","120.685","24.245","1469"
"51","285569","20221102075000","53","0","臺中市","神岡區","120.680","24.250","53"
"43","285570","20221102075000","325","0","臺中市","神岡區","120.685","24.250","38"
"76","285571","20221102075000","106","0","臺中市","神岡區","120.690","24.250","88"
"315","285573","20221102075000","258","2","臺中市","神岡區","120.685","24.255","312"
"149","285574","20221102075000","135","1","臺中市","神岡區","120.690","24.255","163"
"1889","285581","20221102075000","1575","1","臺中市","沙鹿區","120.555","24.230","1877"
"1541","285582","20221102075000","1505","1","臺中市","沙鹿區","120.555","24.235","1531"
"353","285584","20221102075000","367","0","臺中市","沙鹿區","120.580","24.250","381"
"690","285593","20221102075000","842","0","臺中市","沙鹿區","120.600","24.255","797"
"372","285599","20221102075000","278","2","臺中市","沙鹿區","120.600","24.260","335"
"440","285602","20221102075000","287","3","臺中市","沙鹿區","120.585","24.265","444"
"387","285607","20221102075000","253","3","臺中市","大雅區","120.655","24.210","381"
"286","285613","20221102075000","505","0","臺中市","大雅區","120.665","24.220","297"
"47","285618","20221102075000","353","0","臺中市","新社區","120.805","24.250","48"
"527","285621","20221102075000","322","3","臺中市","新社區","120.805","24.255","506"
"183","285626","20221102075000","141","2","臺中市","梧棲區","120.515","24.260","155"
"312","285627","20221102075000","236","2","臺中市","梧棲區","120.520","24.260","254"
"95","285630","20221102075000","326","0","臺中市","梧棲區","120.515","24.270","118"
"1098","285634","20221102075000","1275","0","臺中市","梧棲區","120.535","24.255","1090"
"655","285635","20221102075000","555","1","臺中市","梧棲區","120.550","24.255","657"
"449","285637","20221102075000","684","0","臺中市","梧棲區","120.560","24.255","429"
"1165","285638","20221102075000","885","2","臺中市","梧棲區","120.540","24.260","1038"
"482","285642","20221102075000","538","0","臺中市","梧棲區","120.555","24.240","485"
"2084","285644","20221102075000","1410","2","臺中市","梧棲區","120.545","24.245","2075"
"692","285646","20221102075000","1414","0","臺中市","神岡區","120.695","24.245","711"
"652","285648","20221102075000","581","1","臺中市","神岡區","120.695","24.255","658"
"270","285657","20221102075000","252","1","臺中市","梧棲區(海)","120.490","24.255","304"
"13","285659","20221102075000","58","0","臺中市","梧棲區(海)","120.500","24.255","16"
"346","285667","20221102075000","292","1","臺中市","梧棲區(海)","120.500","24.265","379"
"114","285671","20221102075000","118","0","臺中市","梧棲區(海)","120.500","24.270","125"
"65","285677","20221102075000","75","0","臺中市","梧棲區(海)","120.505","24.275","88"
"17","285681","20221102075000","129","0","臺中市","梧棲區","120.525","24.260","10"
"96","285682","20221102075000","114","0","臺中市","梧棲區","120.530","24.260","91"
"320","285683","20221102075000","313","1","臺中市","北屯區","120.790","24.205","288"
"355","285685","20221102075000","216","3","臺中市","新社區","120.805","24.190","337"
"132","285695","20221102075000","114","1","臺中市","新社區","120.815","24.200","120"
"159","285697","20221102075000","203","0","臺中市","新社區","120.805","24.205","207"
"183","285701","20221102075000","120","3","臺中市","新社區","120.805","24.210","170"
"27","285707","20221102075000","267","0","臺中市","新社區","120.800","24.220","17"
"49","285713","20221102075000","115","0","臺中市","新社區","120.795","24.235","62"
"41","285717","20221102075000","310","0","臺中市","新社區","120.795","24.230","40"
"62","285720","20221102075000","127","0","臺中市","新社區","120.780","24.230","38"
"68","285727","20221102075000","391","0","臺中市","新社區","120.785","24.235","58"
"1086","285738","20221102075000","827","2","臺中市","神岡區","120.700","24.250","1012"
"783","285742","20221102075000","486","3","臺中市","神岡區","120.645","24.250","780"
"222","285745","20221102075000","165","2","臺中市","神岡區","120.645","24.255","161"
"243","285747","20221102075000","239","1","臺中市","神岡區","120.635","24.260","209"
"484","285750","20221102075000","1126","0","臺中市","豐原區","120.710","24.245","463"
"1265","285752","20221102075000","717","3","臺中市","豐原區","120.720","24.260","1290"
"2028","285754","20221102075000","2573","0","臺中市","豐原區","120.720","24.265","1999"
"322","285758","20221102075000","297","1","臺中市","豐原區","120.715","24.275","327"
"901","285759","20221102075000","390","3","臺中市","豐原區","120.720","24.275","903"
"456","285761","20221102075000","470","0","臺中市","豐原區","120.720","24.280","478"
"985","285764","20221102075000","1054","0","臺中市","梧棲區","120.545","24.240","861"
"1433","285765","20221102075000","1551","0","臺中市","梧棲區","120.540","24.245","1429"
"484","285766","20221102075000","460","1","臺中市","梧棲區","120.520","24.255","458"
"840","285767","20221102075000","987","0","臺中市","梧棲區","120.525","24.255","775"
"222","285773","20221102075000","187","1","臺中市","新社區","120.810","24.225","225"
"663","285777","20221102075000","491","2","臺中市","新社區","120.805","24.230","657"
"2622","285782","20221102075000","1513","3","臺中市","豐原區","120.725","24.255","2480"
"776","285783","20221102075000","879","0","臺中市","豐原區","120.705","24.250","769"
"597","285785","20221102075000","509","1","臺中市","豐原區","120.720","24.240","593"
"1360","285787","20221102075000","1410","0","臺中市","豐原區","120.715","24.235","1339"
"1936","285788","20221102075000","1501","2","臺中市","豐原區","120.720","24.235","1841"
"629","285789","20221102075000","602","1","臺中市","豐原區","120.725","24.235","619"
"2988","285791","20221102075000","1637","3","臺中市","豐原區","120.715","24.245","3086"
"86","285792","20221102075000","100","0","臺中市","豐原區","120.710","24.240","80"
"51","285793","20221102075000","66","0","臺中市","豐原區","120.725","24.250","51"
"406","285796","20221102075000","270","3","臺中市","豐原區","120.740","24.240","459"
"617","285799","20221102075000","993","0","臺中市","豐原區","120.730","24.245","647"
"723","285800","20221102075000","468","3","臺中市","豐原區","120.735","24.245","706"
"180","285803","20221102075000","502","0","臺中市","豐原區","120.730","24.250","155"
"821","285804","20221102075000","547","3","臺中市","豐原區","120.735","24.250","872"
"870","285805","20221102075000","757","1","臺中市","豐原區","120.740","24.250","903"
"24","285806","20221102075000","625","0","臺中市","龍井區","120.525","24.210","24"
"347","285812","20221102075000","458","0","臺中市","龍井區","120.515","24.215","350"
"659","285819","20221102075000","505","2","臺中市","龍井區","120.510","24.220","600"
"780","285821","20221102075000","452","3","臺中市","龍井區","120.520","24.220","773"
"2225","285822","20221102075000","1073","3","臺中市","龍井區","120.525","24.220","2210"
"231","285849","20221102075000","860","0","臺中市","新社區","120.805","24.240","220"
"219","285852","20221102075000","124","3","臺中市","新社區","120.820","24.205","219"
"27","285859","20221102075000","217","0","臺中市","新社區","120.795","24.210","30"
"587","285862","20221102075000","241","3","臺中市","新社區","120.780","24.215","587"
"308","285867","20221102075000","263","1","臺中市","新社區","120.775","24.220","321"
"130","285871","20221102075000","96","2","臺中市","新社區","120.775","24.225","154"
"178","285886","20221102075000","95","3","臺中市","梧棲區","120.515","24.225","177"
"163","285894","20221102075000","218","0","臺中市","清水區","120.635","24.265","196"
"998","285910","20221102075000","1000","0","臺中市","梧棲區","120.535","24.250","926"
"18","285912","20221102075000","335","0","臺中市","梧棲區","120.545","24.250","17"
"352","285914","20221102075000","368","0","臺中市","梧棲區","120.540","24.255","387"
"310","285916","20221102075000","279","1","臺中市","豐原區","120.700","24.230","347"
"642","285918","20221102075000","694","0","臺中市","豐原區","120.705","24.235","590"
"402","285919","20221102075000","352","1","臺中市","豐原區","120.700","24.235","404"
"405","285920","20221102075000","415","0","臺中市","豐原區","120.700","24.240","421"
"59","285921","20221102075000","40","2","臺中市","豐原區","120.760","24.235","58"
"26","285923","20221102075000","38","0","臺中市","豐原區","120.755","24.240","24"
"21","285925","20221102075000","23","0","臺中市","豐原區","120.765","24.240","19"
"56","285927","20221102075000","80","0","臺中市","豐原區","120.750","24.245","53"
"62","285933","20221102075000","342","0","臺中市","豐原區","120.745","24.250","53"
"148","285937","20221102075000","81","3","臺中市","豐原區","120.765","24.250","135"
"10","285943","20221102075000","13","0","臺中市","豐原區","120.765","24.255","10"
"214","285948","20221102075000","132","3","臺中市","石岡區","120.770","24.260","202"
"46","285949","20221102075000","50","0","臺中市","豐原區","120.760","24.265","43"
"59","285953","20221102075000","106","0","臺中市","石岡區","120.765","24.270","230"
"1094","285954","20221102075000","696","3","臺中市","豐原區","120.730","24.255","1117"
"571","285955","20221102075000","530","1","臺中市","豐原區","120.735","24.255","582"
"1679","285956","20221102075000","1173","2","臺中市","豐原區","120.745","24.255","1678"
"77","285957","20221102075000","367","0","臺中市","豐原區","120.740","24.260","66"
"482","285958","20221102075000","273","3","臺中市","豐原區","120.745","24.260","477"
"30","285959","20221102075000","362","0","臺中市","豐原區","120.750","24.260","39"
"200","285960","20221102075000","234","0","臺中市","豐原區","120.755","24.265","215"
"2312","285962","20221102075000","2231","1","臺中市","豐原區","120.725","24.240","2234"
"1437","285963","20221102075000","1465","0","臺中市","豐原區","120.730","24.240","1304"
"82","285964","20221102075000","240","0","臺中市","龍井區","120.580","24.190","86"
"37","285965","20221102075000","52","0","臺中市","龍井區","120.585","24.190","46"
"21","285980","20221102075000","405","0","臺中市","沙鹿區","120.570","24.225","24"
"1719","285981","20221102075000","1742","0","臺中市","沙鹿區","120.570","24.230","1841"
"405","285983","20221102075000","956","0","臺中市","沙鹿區","120.565","24.215","386"
"1829","285984","20221102075000","1823","1","臺中市","沙鹿區","120.555","24.220","1737"
"213","285985","20221102075000","190","1","臺中市","沙鹿區","120.560","24.220","220"
"64","285990","20221102075000","313","0","臺中市","沙鹿區","120.575","24.200","68"
"2058","285991","20221102075000","1333","3","臺中市","沙鹿區","120.580","24.200","2054"
"378","285994","20221102075000","349","1","臺中市","沙鹿區","120.570","24.205","352"
"496","285999","20221102075000","506","0","臺中市","沙鹿區","120.575","24.210","471"
"193","286001","20221102075000","181","1","臺中市","沙鹿區","120.560","24.235","184"
"593","286002","20221102075000","539","1","臺中市","豐原區","120.710","24.250","568"
"3247","286003","20221102075000","2566","2","臺中市","豐原區","120.715","24.250","3200"
"527","286005","20221102075000","544","0","臺中市","豐原區","120.725","24.225","510"
"302","286006","20221102075000","259","1","臺中市","豐原區","120.730","24.225","288"
"493","286008","20221102075000","436","1","臺中市","豐原區","120.725","24.230","513"
"191","286010","20221102075000","197","0","臺中市","豐原區","120.735","24.230","180"
"426","286012","20221102075000","438","0","臺中市","豐原區","120.730","24.230","467"
"1151","286014","20221102075000","1060","1","臺中市","北屯區","120.660","24.190","1130"
"126","286015","20221102075000","139","0","臺中市","龍井區","120.500","24.230","135"
"1817","286023","20221102075000","598","3","臺中市","龍井區","120.520","24.205","1845"
"825","286024","20221102075000","168","3","臺中市","龍井區","120.525","24.205","801"
"1274","286027","20221102075000","478","3","臺中市","龍井區","120.505","24.210","1183"
"113","286031","20221102075000","74","3","臺中市","龍井區","120.545","24.205","119"
"1049","286036","20221102075000","1124","0","臺中市","龍井區","120.550","24.210","1033"
"365","286039","20221102075000","296","2","臺中市","龍井區","120.545","24.215","380"
"362","286043","20221102075000","192","3","臺中市","東勢區","120.830","24.235","361"
"677","286047","20221102075000","505","2","臺中市","東勢區","120.830","24.240","616"
"888","286051","20221102075000","1047","0","臺中市","東勢區","120.830","24.245","937"
"260","286052","20221102075000","160","3","臺中市","東勢區","120.835","24.245","257"
"33","286053","20221102075000","434","0","臺中市","東勢區","120.840","24.245","36"
"868","286054","20221102075000","711","2","臺中市","東勢區","120.825","24.255","863"
"91","286060","20221102075000","74","2","臺中市","東勢區","120.845","24.275","115"
"136","286071","20221102075000","127","1","臺中市","清水區","120.580","24.270","156"
"1530","286072","20221102075000","1253","2","臺中市","北屯區","120.685","24.185","1511"
"53","286075","20221102075000","283","0","臺中市","北屯區","120.690","24.195","46"
"1783","286078","20221102075000","1343","2","臺中市","豐原區","120.720","24.250","1794"
"2541","286079","20221102075000","2660","0","臺中市","梧棲區","120.535","24.260","2588"
"468","286081","20221102075000","510","0","臺中市","梧棲區","120.530","24.265","434"
"816","286084","20221102075000","982","0","臺中市","梧棲區","120.530","24.270","878"
"28","286088","20221102075000","508","0","臺中市","沙鹿區","120.565","24.200","23"
"291","286090","20221102075000","207","2","臺中市","沙鹿區","120.560","24.205","292"
"17","286091","20221102075000","513","0","臺中市","沙鹿區","120.565","24.205","13"
"47","286092","20221102075000","468","0","臺中市","沙鹿區","120.555","24.210","53"
"20","286093","20221102075000","209","0","臺中市","沙鹿區","120.560","24.210","11"
"97","286094","20221102075000","181","0","臺中市","沙鹿區","120.565","24.210","185"
"198","286095","20221102075000","175","1","臺中市","沙鹿區","120.555","24.215","165"
"170","286097","20221102075000","141","2","臺中市","沙鹿區","120.605","24.240","147"
"351","286098","20221102075000","289","2","臺中市","沙鹿區","120.605","24.245","343"
"1089","286099","20221102075000","1006","1","臺中市","沙鹿區","120.610","24.245","1036"
"777","286100","20221102075000","379","3","臺中市","沙鹿區","120.600","24.250","796"
"218","286105","20221102075000","309","0","臺中市","北屯區","120.685","24.195","222"
"333","286108","20221102075000","279","1","臺中市","北屯區","120.750","24.190","350"
"157","286113","20221102075000","136","1","臺中市","北屯區","120.750","24.195","148"
"34","286118","20221102075000","27","2","臺中市","北屯區","120.745","24.200","31"
"16","286121","20221102075000","30","0","臺中市","北屯區","120.760","24.200","17"
"1680","286135","20221102075000","825","3","臺中市","北屯區","120.680","24.190","1658"
"604","286137","20221102075000","567","1","臺中市","清水區","120.545","24.265","616"
"638","286140","20221102075000","643","0","臺中市","清水區","120.545","24.270","611"
"351","286141","20221102075000","388","0","臺中市","清水區","120.550","24.270","359"
"1189","286147","20221102075000","1935","0","臺中市","潭子區","120.710","24.215","1161"
"15","286149","20221102075000","313","0","臺中市","潭子區","120.710","24.220","22"
"17","286151","20221102075000","20","0","臺中市","潭子區","120.715","24.225","22"
"56","286153","20221102075000","412","0","臺中市","豐原區","120.720","24.230","31"
"356","286156","20221102075000","391","0","臺中市","潭子區","120.680","24.225","362"
"997","286159","20221102075000","655","3","臺中市","潭子區","120.685","24.230","1016"
"1768","286161","20221102075000","1320","2","臺中市","潭子區","120.690","24.225","1820"
"330","286162","20221102075000","345","0","臺中市","潭子區","120.695","24.225","304"
"495","286167","20221102075000","551","0","臺中市","梧棲區","120.525","24.225","489"
"49","286169","20221102075000","606","0","臺中市","梧棲區","120.510","24.230","49"
"35","286172","20221102075000","31","1","臺中市","梧棲區","120.525","24.230","34"
"193","286173","20221102075000","215","0","臺中市","梧棲區","120.505","24.235","197"
"17","286175","20221102075000","31","0","臺中市","梧棲區","120.515","24.235","13"
"1680","286177","20221102075000","1922","0","臺中市","梧棲區","120.525","24.235","1677"
"18","286179","20221102075000","18","1","臺中市","梧棲區","120.505","24.240","12"
"425","286180","20221102075000","499","0","臺中市","梧棲區","120.510","24.240","426"
"163","286181","20221102075000","153","1","臺中市","梧棲區","120.515","24.240","148"
"411","286183","20221102075000","521","0","臺中市","梧棲區","120.525","24.240","391"
"191","286186","20221102075000","126","3","臺中市","梧棲區","120.510","24.245","176"
"377","286187","20221102075000","411","0","臺中市","梧棲區","120.515","24.245","343"
"821","286190","20221102075000","1080","0","臺中市","梧棲區","120.530","24.245","815"
"227","286195","20221102075000","219","1","臺中市","梧棲區","120.525","24.250","239"
"14","286196","20221102075000","42","0","臺中市","梧棲區","120.530","24.250","14"
"469","286199","20221102075000","293","3","臺中市","沙鹿區","120.580","24.220","463"
"1658","286203","20221102075000","1676","0","臺中市","沙鹿區","120.575","24.225","1576"
"635","286204","20221102075000","830","0","臺中市","沙鹿區","120.580","24.225","658"
"532","286205","20221102075000","640","0","臺中市","沙鹿區","120.585","24.225","524"
"584","286208","20221102075000","495","1","臺中市","沙鹿區","120.575","24.230","516"
"371","286209","20221102075000","572","0","臺中市","沙鹿區","120.580","24.230","350"
"18","286210","20221102075000","14","2","臺中市","沙鹿區","120.585","24.230","24"
"86","286215","20221102075000","732","0","臺中市","沙鹿區","120.550","24.225","95"
"28","286221","20221102075000","21","2","臺中市","北屯區","120.770","24.195","33"
"27","286224","20221102075000","288","0","臺中市","北屯區","120.780","24.195","29"
"875","286244","20221102075000","1561","0","臺中市","大雅區","120.650","24.225","869"
"217","286246","20221102075000","223","0","臺中市","大雅區","120.605","24.225","204"
"249","286248","20221102075000","208","1","臺中市","大雅區","120.615","24.225","266"
"437","286260","20221102075000","372","1","臺中市","大雅區","120.620","24.235","419"
"1617","286262","20221102075000","1234","2","臺中市","大雅區","120.645","24.215","1521"
"400","286263","20221102075000","283","2","臺中市","大雅區","120.645","24.220","408"
"773","286264","20221102075000","651","1","臺中市","大雅區","120.645","24.225","786"
"762","286266","20221102075000","607","2","臺中市","大雅區","120.635","24.205","733"
"74","286267","20221102075000","351","0","臺中市","大雅區","120.640","24.205","54"
"3361","286269","20221102075000","2285","2","臺中市","大雅區","120.615","24.210","3442"
"1573","286270","20221102075000","972","3","臺中市","大雅區","120.620","24.210","1369"
"1018","286272","20221102075000","816","2","臺中市","大雅區","120.630","24.210","1040"
"315","286273","20221102075000","267","1","臺中市","大雅區","120.635","24.210","335"
"1048","286276","20221102075000","1169","0","臺中市","大雅區","120.605","24.215","985"
"644","286279","20221102075000","1077","0","臺中市","大雅區","120.620","24.215","629"
"13","286280","20221102075000","80","0","臺中市","大雅區","120.625","24.215","12"
"786","286281","20221102075000","547","2","臺中市","大雅區","120.635","24.215","795"
"87","286282","20221102075000","58","3","臺中市","大雅區","120.600","24.220","82"
"150","286284","20221102075000","133","1","臺中市","大雅區","120.610","24.220","119"
"512","286285","20221102075000","252","3","臺中市","大雅區","120.615","24.220","510"
"728","286287","20221102075000","425","3","臺中市","大雅區","120.640","24.220","719"
"219","286288","20221102075000","177","2","臺中市","大雅區","120.630","24.215","233"
"60","286289","20221102075000","87","0","臺中市","大雅區","120.625","24.220","48"
"768","286292","20221102075000","671","1","臺中市","大雅區","120.625","24.225","790"
"1240","286293","20221102075000","1339","0","臺中市","大雅區","120.630","24.225","1143"
"932","286296","20221102075000","647","2","臺中市","大雅區","120.620","24.230","918"
"291","286300","20221102075000","171","3","臺中市","大雅區","120.625","24.230","280"
"419","286302","20221102075000","383","1","臺中市","潭子區","120.670","24.205","429"
"80","286305","20221102075000","83","0","臺中市","大雅區","120.670","24.215","69"
"463","286306","20221102075000","380","2","臺中市","大雅區","120.675","24.215","538"
"704","286307","20221102075000","847","0","臺中市","大雅區","120.670","24.220","708"
"558","286318","20221102075000","326","3","臺中市","東勢區","120.835","24.220","513"
"40","286321","20221102075000","370","0","臺中市","東勢區","120.825","24.270","49"
"275","286323","20221102075000","170","3","臺中市","東勢區","120.820","24.275","276"
"340","286344","20221102075000","297","1","臺中市","東勢區","120.850","24.260","309"
"356","286375","20221102075000","224","3","臺中市","沙鹿區","120.590","24.230","367"
"564","286377","20221102075000","725","0","臺中市","沙鹿區","120.565","24.235","563"
"2604","286384","20221102075000","2905","0","臺中市","沙鹿區","120.570","24.240","2631"
"760","286386","20221102075000","843","0","臺中市","東勢區","120.830","24.255","739"
"27","286388","20221102075000","650","0","臺中市","東勢區","120.825","24.250","25"
"257","286389","20221102075000","350","0","臺中市","梧棲區","120.530","24.230","241"
"673","286392","20221102075000","774","0","臺中市","梧棲區","120.545","24.230","687"
"1041","286398","20221102075000","915","1","臺中市","豐原區","120.715","24.255","973"
"112","286399","20221102075000","996","0","臺中市","豐原區","120.720","24.255","93"
"1879","286400","20221102075000","665","3","臺中市","豐原區","120.735","24.270","1840"
"87","286406","20221102075000","375","0","臺中市","豐原區","120.745","24.275","82"
"561","286408","20221102075000","314","3","臺中市","豐原區","120.755","24.275","526"
"755","286413","20221102075000","668","1","臺中市","東勢區","120.760","24.280","752"
"414","286418","20221102075000","216","3","臺中市","豐原區","120.725","24.275","429"
"796","286422","20221102075000","263","3","臺中市","豐原區","120.735","24.280","809"
"153","286436","20221102075000","131","1","臺中市","豐原區","120.760","24.230","145"
"151","286446","20221102075000","126","1","臺中市","豐原區","120.740","24.235","149"
"147","286447","20221102075000","112","2","臺中市","豐原區","120.745","24.235","171"
"130","286461","20221102075000","1399","0","臺中市","龍井區","120.520","24.195","145"
"1381","286465","20221102075000","336","3","臺中市","龍井區","120.500","24.200","1308"
"631","286475","20221102075000","253","3","臺中市","龍井區","120.510","24.200","639"
"66","286482","20221102075000","406","0","臺中市","龍井區","120.515","24.205","69"
"18","286485","20221102075000","250","0","臺中市","石岡區","120.770","24.280","21"
"1279","286486","20221102075000","851","3","臺中市","石岡區","120.775","24.275","1268"
"95","286489","20221102075000","352","0","臺中市","石岡區","120.795","24.270","85"
"113","286497","20221102075000","55","3","臺中市","石岡區","120.775","24.255","97"
"25","286500","20221102075000","13","3","臺中市","石岡區","120.775","24.260","17"
"192","286511","20221102075000","109","3","臺中市","新社區","120.795","24.245","172"
"41","286517","20221102075000","217","0","臺中市","石岡區","120.785","24.260","38"
"632","286522","20221102075000","524","2","臺中市","潭子區","120.695","24.230","626"
"43","286525","20221102075000","479","0","臺中市","神岡區","120.695","24.235","48"
"581","286526","20221102075000","383","3","臺中市","神岡區","120.690","24.240","583"
"70","286528","20221102075000","461","0","臺中市","豐原區","120.740","24.265","67"
"3014","286530","20221102075000","2998","1","臺中市","清水區","120.570","24.265","2980"
"398","286531","20221102075000","352","1","臺中市","清水區","120.570","24.270","426"
"602","286535","20221102075000","432","2","臺中市","清水區","120.630","24.275","616"
"103","286541","20221102075000","120","0","臺中市","清水區","120.565","24.275","110"
"721","286544","20221102075000","396","3","臺中市","西屯區","120.640","24.190","762"
"16","286545","20221102075000","11","2","臺中市","西屯區","120.635","24.195","15"
"549","286547","20221102075000","546","1","臺中市","西屯區","120.645","24.195","536"
"1280","286549","20221102075000","732","3","臺中市","西屯區","120.645","24.200","1185"
"105","286550","20221102075000","663","0","臺中市","西屯區","120.650","24.200","94"
"30","286551","20221102075000","75","0","臺中市","西屯區","120.650","24.205","32"
"42","286554","20221102075000","480","0","臺中市","神岡區","120.670","24.255","45"
"1341","286555","20221102075000","905","2","臺中市","神岡區","120.675","24.255","1369"
"2127","286556","20221102075000","767","3","臺中市","神岡區","120.665","24.260","2096"
"22","286557","20221102075000","18","2","臺中市","神岡區","120.650","24.260","49"
"16","286558","20221102075000","135","0","臺中市","神岡區","120.655","24.265","10"
"348","286561","20221102075000","236","2","臺中市","神岡區","120.665","24.270","365"
"267","286563","20221102075000","110","3","臺中市","神岡區","120.665","24.275","267"
"255","286566","20221102075000","239","1","臺中市","神岡區","120.645","24.265","235"
"109","286569","20221102075000","175","0","臺中市","神岡區","120.650","24.270","106"
"668","286570","20221102075000","406","3","臺中市","神岡區","120.655","24.270","661"
"36","286572","20221102075000","475","0","臺中市","神岡區","120.650","24.275","47"
"705","286574","20221102075000","612","1","臺中市","神岡區","120.660","24.275","716"
"246","286598","20221102075000","117","3","臺中市","和平區","120.895","24.230","245"
"65","286652","20221102075000","41","3","臺中市","和平區","120.905","24.240","66"
"163","286658","20221102075000","136","1","臺中市","和平區","120.935","24.240","176"
"18","286685","20221102075000","10","3","臺中市","和平區","120.975","24.245","14"
"103","286690","20221102075000","94","1","臺中市","和平區","120.900","24.250","111"
"64","286794","20221102075000","54","1","臺中市","和平區","121.015","24.195","54"
"308","286822","20221102075000","131","3","臺中市","和平區","121.005","24.200","264"
"339","286823","20221102075000","262","2","臺中市","和平區","121.010","24.200","348"
"201","286853","20221102075000","209","0","臺中市","和平區","121.015","24.205","187"
"24","286950","20221102075000","14","3","臺中市","和平區","120.965","24.225","27"
"17","286996","20221102075000","29","0","臺中市","和平區","121.065","24.230","26"
"77","287119","20221102075000","97","0","臺中市","和平區","121.010","24.255","127"
"34","287173","20221102075000","27","2","臺中市","和平區","121.015","24.270","35"
"29","287561","20221102075000","96","0","臺中市","和平區","121.095","24.235","26"
"169","287678","20221102075000","177","0","臺中市","和平區","121.245","24.245","201"
"29","287696","20221102075000","24","2","臺中市","和平區","121.100","24.250","38"
"215","287725","20221102075000","140","3","臺中市","和平區","121.245","24.250","179"
"191","287726","20221102075000","155","2","臺中市","和平區","121.250","24.250","195"
"54","287756","20221102075000","36","3","臺中市","和平區","121.165","24.255","54"
"19","287766","20221102075000","28","0","臺中市","和平區","121.215","24.255","21"
"168","287770","20221102075000","149","1","臺中市","和平區","121.235","24.255","176"
"341","287774","20221102075000","217","3","臺中市","和平區","121.255","24.255","316"
"161","287776","20221102075000","144","1","臺中市","和平區","121.265","24.255","127"
"18","287809","20221102075000","21","0","臺中市","和平區","121.190","24.260","16"
"448","287823","20221102075000","383","1","臺中市","和平區","121.260","24.260","448"
"42","288103","20221102075000","32","2","臺中市","和平區","120.890","24.275","49"
"19","288133","20221102075000","16","1","臺中市","和平區","120.945","24.280","17"
"36","288159","20221102075000","21","3","臺中市","和平區","121.025","24.280","31"
"525","288160","20221102075000","564","0","臺中市","清水區","120.555","24.260","498"
"35","288161","20221102075000","540","0","臺中市","清水區","120.560","24.260","32"
"781","288163","20221102075000","789","0","臺中市","清水區","120.550","24.265","811"
"513","288166","20221102075000","1282","0","臺中市","清水區","120.565","24.265","494"
"1027","288169","20221102075000","835","2","臺中市","清水區","120.560","24.275","1057"
"248","288179","20221102075000","285","0","臺中市","清水區","120.605","24.275","246"
"204","288182","20221102075000","238","0","臺中市","清水區","120.600","24.275","194"
"88","288184","20221102075000","77","1","臺中市","清水區","120.610","24.275","101"
"320","288192","20221102075000","230","2","臺中市","潭子區","120.725","24.215","298"
"335","288194","20221102075000","297","1","臺中市","潭子區","120.735","24.215","341"
"479","288198","20221102075000","474","1","臺中市","潭子區","120.720","24.220","537"
"1280","288207","20221102075000","1114","1","臺中市","潭子區","120.680","24.205","1288"
"705","288209","20221102075000","740","0","臺中市","北屯區","120.690","24.205","803"
"165","288212","20221102075000","116","2","臺中市","潭子區","120.690","24.210","198"
"881","288215","20221102075000","787","1","臺中市","潭子區","120.685","24.215","898"
"1434","288216","20221102075000","1455","0","臺中市","潭子區","120.690","24.215","1412"
"310","288219","20221102075000","308","1","臺中市","潭子區","120.690","24.220","332"
"1889","288223","20221102075000","1779","1","臺中市","潭子區","120.710","24.230","1814"
"360","288224","20221102075000","332","1","臺中市","豐原區","120.715","24.230","372"
"1326","288225","20221102075000","936","2","臺中市","潭子區","120.705","24.230","1323"
"2803","288228","20221102075000","1549","3","臺中市","神岡區","120.660","24.260","2874"
"936","288232","20221102075000","991","0","臺中市","神岡區","120.700","24.265","965"
"1162","288240","20221102075000","1160","1","臺中市","神岡區","120.710","24.255","1216"
"775","288242","20221102075000","540","2","臺中市","神岡區","120.705","24.260","745"
"129","288243","20221102075000","1020","0","臺中市","神岡區","120.710","24.260","103"
"862","288247","20221102075000","804","1","臺中市","神岡區","120.705","24.275","871"
"832","288250","20221102075000","673","2","臺中市","神岡區","120.710","24.275","842"
"96","288252","20221102075000","111","0","臺中市","西屯區","120.605","24.195","94"
"256","288253","20221102075000","194","2","臺中市","西屯區","120.610","24.195","230"
"49","288259","20221102075000","52","0","臺中市","西屯區","120.600","24.200","51"
"171","288260","20221102075000","150","1","臺中市","西屯區","120.605","24.200","164"
"60","288261","20221102075000","96","0","臺中市","西屯區","120.610","24.200","58"
"953","288262","20221102075000","1113","0","臺中市","西屯區","120.615","24.200","954"
"64","288264","20221102075000","398","0","臺中市","西屯區","120.625","24.200","55"
"668","288265","20221102075000","567","1","臺中市","西屯區","120.630","24.200","646"
"114","288267","20221102075000","102","1","臺中市","西屯區","120.595","24.205","131"
"920","288268","20221102075000","522","3","臺中市","西屯區","120.600","24.205","847"
"525","288269","20221102075000","761","0","臺中市","西屯區","120.605","24.205","484"
"385","288270","20221102075000","258","2","臺中市","西屯區","120.610","24.205","454"
"1063","288271","20221102075000","1022","1","臺中市","西屯區","120.615","24.205","1007"
"1484","288272","20221102075000","1366","1","臺中市","西屯區","120.620","24.205","1463"
"13","288275","20221102075000","36","0","臺中市","西屯區","120.600","24.210","18"
"178","288276","20221102075000","168","1","臺中市","西屯區","120.605","24.210","187"
"2390","288277","20221102075000","2191","1","臺中市","西屯區","120.610","24.210","2479"
"3089","288279","20221102075000","3106","0","臺中市","西屯區","120.610","24.190","3036"
"247","288281","20221102075000","152","3","臺中市","西屯區","120.625","24.190","245"
"114","288284","20221102075000","35","3","臺中市","西屯區","120.595","24.195","141"
"261","288287","20221102075000","165","3","臺中市","西屯區","120.655","24.190","276"
"1151","288289","20221102075000","708","3","臺中市","西屯區","120.655","24.195","1125"
"906","288290","20221102075000","909","0","臺中市","西屯區","120.660","24.195","932"
"988","288291","20221102075000","629","3","臺中市","西屯區","120.655","24.200","945"
"375","288294","20221102075000","374","1","臺中市","西屯區","120.660","24.205","385"
"478","288298","20221102075000","387","2","臺中市","東勢區","120.850","24.240","476"
"231","288299","20221102075000","144","3","臺中市","東勢區","120.845","24.245","226"
"360","288302","20221102075000","478","0","臺中市","東勢區","120.825","24.260","339"
"994","288304","20221102075000","823","2","臺中市","東勢區","120.825","24.265","982"
"22","288312","20221102075000","142","0","臺中市","東勢區","120.835","24.230","25"
"36","288317","20221102075000","330","0","臺中市","東勢區","120.840","24.235","40"
"84","288339","20221102075000","37","3","臺中市","東勢區","120.875","24.215","103"
"11","288351","20221102075000","74","0","臺中市","東勢區","120.895","24.220","11"
"10","288365","20221102075000","122","0","臺中市","東勢區","120.880","24.230","10"
"967","288395","20221102075000","669","2","臺中市","沙鹿區","120.560","24.230","988"
"724","288396","20221102075000","905","0","臺中市","潭子區","120.710","24.235","780"
"173","288397","20221102075000","1276","0","臺中市","豐原區","120.715","24.240","162"
"714","288401","20221102075000","908","0","臺中市","清水區","120.570","24.260","689"
"17","288402","20221102075000","108","0","臺中市","清水區","120.575","24.270","20"
"1698","288403","20221102075000","1979","0","臺中市","清水區","120.580","24.275","1647"
"223","288407","20221102075000","988","0","臺中市","潭子區","120.700","24.190","195"
"225","288459","20221102075000","208","1","花蓮縣","秀林鄉","121.715","24.245","257"
"54","288610","20221102075000","38","2","花蓮縣","秀林鄉","121.740","24.260","59"
"33","288819","20221102075000","67","0","花蓮縣","秀林鄉","121.485","24.190","34"
"30","288993","20221102075000","37","0","花蓮縣","秀林鄉","121.480","24.205","31"
"14","289039","20221102075000","16","0","花蓮縣","秀林鄉","121.450","24.210","13"
"1268","289851","20221102075000","1444","0","臺中市","大雅區","120.650","24.220","1194"
"165","289852","20221102075000","959","0","臺中市","大雅區","120.655","24.220","142"
"458","289853","20221102075000","371","2","臺中市","大雅區","120.660","24.220","451"
"3476","289854","20221102075000","2491","2","臺中市","大雅區","120.655","24.225","3465"
"1180","289860","20221102075000","1077","1","臺中市","大雅區","120.635","24.235","1130"
"1285","289863","20221102075000","1055","2","臺中市","大雅區","120.630","24.240","1267"
"309","289868","20221102075000","244","2","臺中市","大雅區","120.635","24.245","279"
"1577","289875","20221102075000","1161","2","臺中市","大雅區","120.645","24.230","1648"
"886","289879","20221102075000","663","2","臺中市","大雅區","120.655","24.230","872"
"622","289882","20221102075000","495","2","臺中市","大雅區","120.655","24.235","608"
"427","289884","20221102075000","181","3","臺中市","大雅區","120.645","24.240","433"
"1659","289886","20221102075000","691","3","臺中市","大雅區","120.655","24.240","1619"
"391","289893","20221102075000","365","1","臺中市","豐原區","120.735","24.260","353"
"1171","289895","20221102075000","504","3","臺中市","豐原區","120.750","24.265","1132"
"137","289907","20221102075000","112","2","臺中市","新社區","120.815","24.240","150"
"46","289909","20221102075000","503","0","臺中市","豐原區","120.720","24.245","47"
"1478","289910","20221102075000","1210","2","臺中市","豐原區","120.725","24.245","1480"
"471","289912","20221102075000","407","1","臺中市","大雅區","120.670","24.225","454"
"520","289916","20221102075000","1046","0","臺中市","大雅區","120.650","24.230","520"
"24","289918","20221102075000","426","0","臺中市","大雅區","120.645","24.210","29"
"1494","289919","20221102075000","1479","1","臺中市","大雅區","120.650","24.210","1456"
"427","289920","20221102075000","537","0","臺中市","大雅區","120.650","24.215","443"
"108","289921","20221102075000","1021","0","臺中市","大雅區","120.660","24.230","96"
"391","289922","20221102075000","449","0","臺中市","大雅區","120.665","24.230","370"
"1579","289923","20221102075000","1417","1","臺中市","大雅區","120.670","24.230","1599"
"273","289927","20221102075000","566","0","臺中市","大雅區","120.675","24.240","257"
"1272","289928","20221102075000","857","2","臺中市","東勢區","120.830","24.250","1266"
"580","289929","20221102075000","491","1","臺中市","東勢區","120.835","24.250","550"
"427","289937","20221102075000","473","0","臺中市","石岡區","120.785","24.275","477"
"986","289944","20221102075000","509","3","臺中市","石岡區","120.815","24.260","1017"
"75","289946","20221102075000","221","0","臺中市","石岡區","120.805","24.265","71"
"31","289955","20221102075000","236","0","臺中市","石岡區","120.795","24.275","28"
"559","289964","20221102075000","459","2","臺中市","龍井區","120.480","24.210","652"
"747","289976","20221102075000","346","3","臺中市","龍井區","120.485","24.220","687"
"483","289982","20221102075000","481","1","臺中市","龍井區","120.490","24.225","474"
"1019","289983","20221102075000","703","2","臺中市","龍井區","120.495","24.225","1049"
"51","289992","20221102075000","145","0","臺中市","龍井區","120.490","24.230","64"
"76","289993","20221102075000","349","0","臺中市","龍井區","120.495","24.230","73"
"576","289996","20221102075000","709","0","臺中市","沙鹿區","120.580","24.210","558"
"86","289999","20221102075000","930","0","臺中市","沙鹿區","120.575","24.215","93"
"567","290000","20221102075000","532","1","臺中市","沙鹿區","120.580","24.215","534"
"304","290001","20221102075000","257","1","臺中市","沙鹿區","120.585","24.215","287"
"920","290004","20221102075000","877","1","臺中市","沙鹿區","120.570","24.220","875"
"389","290005","20221102075000","308","2","臺中市","沙鹿區","120.575","24.220","371"
"39","290008","20221102075000","30","2","臺中市","東勢區","120.840","24.190","42"
"91","290010","20221102075000","78","1","臺中市","東勢區","120.835","24.195","121"
"356","290015","20221102075000","219","3","臺中市","東勢區","120.840","24.200","344"
"214","290025","20221102075000","167","2","臺中市","東勢區","120.840","24.210","216"
"15","290037","20221102075000","309","0","臺中市","東勢區","120.850","24.195","19"
"748","290046","20221102075000","738","1","臺中市","龍井區","120.545","24.190","733"
"141","290051","20221102075000","140","1","臺中市","潭子區","120.695","24.195","138"
"1767","290052","20221102075000","1654","1","臺中市","潭子區","120.700","24.195","1715"
"10","290107","20221102075000","36","0","南投縣","仁愛鄉","121.305","24.205","12"
"33","290171","20221102075000","14","3","南投縣","仁愛鄉","121.290","24.225","15"
"101","290182","20221102075000","98","1","南投縣","仁愛鄉","121.260","24.230","79"
"125","290292","20221102075000","112","1","南投縣","仁愛鄉","121.220","24.190","158"
"133","290293","20221102075000","95","2","南投縣","仁愛鄉","121.225","24.190","195"
"34","296900","20221102075000","82","0","宜蘭縣","南澳鄉","121.750","24.320","59"
"238","296924","20221102075000","169","2","宜蘭縣","南澳鄉","121.745","24.330","255"
"13","296946","20221102075000","15","0","宜蘭縣","南澳鄉","121.770","24.335","18"
"501","297399","20221102075000","378","2","臺中市","清水區","120.580","24.280","525"
"1037","297407","20221102075000","1154","0","臺中市","外埔區","120.620","24.335","1030"
"297","297413","20221102075000","180","3","臺中市","神岡區","120.650","24.280","294"
"602","297416","20221102075000","373","3","臺中市","神岡區","120.640","24.285","581"
"77","297422","20221102075000","53","2","臺中市","神岡區","120.640","24.290","74"
"377","297424","20221102075000","261","2","臺中市","神岡區","120.650","24.290","369"
"102","297433","20221102075000","1406","0","臺中市","大甲區","120.620","24.345","93"
"283","297434","20221102075000","269","1","臺中市","梧棲區(海)","120.510","24.280","416"
"133","297444","20221102075000","99","2","臺中市","清水區","120.620","24.285","162"
"73","297446","20221102075000","95","0","臺中市","大甲區","120.640","24.345","69"
"1072","297450","20221102075000","1062","1","臺中市","大甲區","120.630","24.355","1094"
"693","297453","20221102075000","708","0","臺中市","大甲區","120.645","24.355","669"
"273","297457","20221102075000","84","3","臺中市","大甲區","120.650","24.360","281"
"56","297458","20221102075000","478","0","臺中市","大甲區","120.640","24.365","50"
"152","297462","20221102075000","196","0","臺中市","東勢區","120.795","24.295","151"
"148","297485","20221102075000","101","2","臺中市","東勢區","120.785","24.310","140"
"254","297494","20221102075000","204","2","臺中市","東勢區","120.780","24.315","252"
"128","297510","20221102075000","152","0","臺中市","東勢區","120.870","24.280","221"
"11","297529","20221102075000","10","1","臺中市","東勢區","120.885","24.290","11"
"85","297533","20221102075000","91","0","臺中市","清水區","120.560","24.310","87"
"17","297539","20221102075000","199","0","臺中市","清水區","120.555","24.305","11"
"36","297540","20221102075000","138","0","臺中市","清水區","120.550","24.310","32"
"424","297546","20221102075000","396","1","臺中市","清水區","120.560","24.320","411"
"19","297575","20221102075000","13","2","臺中市","清水區","120.540","24.300","12"
"215","297586","20221102075000","276","0","臺中市","清水區","120.545","24.305","237"
"155","297618","20221102075000","168","0","臺中市","后里區","120.665","24.305","153"
"499","297627","20221102075000","422","1","臺中市","后里區","120.680","24.310","485"
"739","297639","20221102075000","581","2","臺中市","后里區","120.725","24.285","723"
"66","297641","20221102075000","63","1","臺中市","后里區","120.735","24.285","62"
"275","297645","20221102075000","301","0","臺中市","后里區","120.725","24.290","266"
"850","297646","20221102075000","513","3","臺中市","后里區","120.730","24.290","831"
"223","297647","20221102075000","120","3","臺中市","后里區","120.735","24.290","217"
"250","297648","20221102075000","107","3","臺中市","后里區","120.740","24.290","231"
"304","297654","20221102075000","726","0","臺中市","后里區","120.730","24.295","313"
"38","297656","20221102075000","30","2","臺中市","后里區","120.740","24.295","44"
"200","297659","20221102075000","192","1","臺中市","后里區","120.755","24.295","176"
"12","297662","20221102075000","23","0","臺中市","后里區","120.725","24.300","16"
"37","297664","20221102075000","70","0","臺中市","后里區","120.735","24.300","49"
"12","297665","20221102075000","65","0","臺中市","后里區","120.740","24.300","13"
"907","297671","20221102075000","753","2","臺中市","后里區","120.725","24.305","870"
"67","297672","20221102075000","13","3","臺中市","后里區","120.735","24.305","58"
"526","297689","20221102075000","485","1","臺中市","大安區","120.585","24.365","527"
"1659","297697","20221102075000","1668","0","臺中市","大甲區","120.630","24.350","1653"
"15","297698","20221102075000","74","0","臺中市","大甲區","120.620","24.350","15"
"11","297701","20221102075000","16","0","苗栗縣","苑裡鎮","120.700","24.365","11"
"1563","297704","20221102075000","964","3","臺中市","大甲區","120.625","24.350","1568"
"1526","297705","20221102075000","1675","0","臺中市","大甲區","120.620","24.355","1562"
"1501","297706","20221102075000","1463","1","臺中市","大甲區","120.615","24.345","1543"
"828","297725","20221102075000","790","1","臺中市","大甲區","120.635","24.370","810"
"282","297760","20221102075000","239","1","臺中市","清水區","120.605","24.305","298"
"723","297763","20221102075000","751","0","臺中市","清水區","120.605","24.310","725"
"163","297775","20221102075000","1079","0","臺中市","后里區","120.710","24.305","166"
"368","297776","20221102075000","218","3","臺中市","后里區","120.700","24.310","331"
"325","297778","20221102075000","245","2","臺中市","后里區","120.735","24.310","300"
"43","297782","20221102075000","54","0","臺中市","后里區","120.755","24.310","42"
"239","297783","20221102075000","277","0","臺中市","后里區","120.740","24.315","236"
"199","297795","20221102075000","193","1","臺中市","后里區","120.735","24.325","183"
"519","297801","20221102075000","498","1","臺中市","后里區","120.740","24.330","504"
"498","297811","20221102075000","318","3","臺中市","后里區","120.725","24.340","486"
"291","297831","20221102075000","309","0","臺中市","外埔區","120.700","24.345","277"
"579","297868","20221102075000","566","1","臺中市","外埔區","120.645","24.320","587"
"495","297883","20221102075000","406","2","臺中市","外埔區","120.670","24.320","483"
"203","297885","20221102075000","177","1","臺中市","外埔區","120.680","24.320","202"
"631","297886","20221102075000","584","1","臺中市","外埔區","120.665","24.325","656"
"700","297921","20221102075000","477","2","臺中市","外埔區","120.650","24.330","685"
"1637","297922","20221102075000","1691","0","臺中市","外埔區","120.655","24.330","1671"
"2158","297926","20221102075000","2268","0","臺中市","外埔區","120.635","24.340","2154"
"260","297928","20221102075000","268","0","臺中市","外埔區","120.645","24.340","266"
"704","297941","20221102075000","586","2","臺中市","外埔區","120.625","24.320","754"
"449","297947","20221102075000","354","2","臺中市","外埔區","120.630","24.325","503"
"41","297954","20221102075000","45","0","臺中市","外埔區","120.635","24.330","46"
"263","297957","20221102075000","250","1","臺中市","外埔區","120.630","24.335","257"
"254","297959","20221102075000","218","1","臺中市","外埔區","120.685","24.325","238"
"27","297961","20221102075000","62","0","臺中市","外埔區","120.675","24.330","33"
"295","297967","20221102075000","288","1","臺中市","后里區","120.710","24.330","317"
"86","297988","20221102075000","421","0","臺中市","外埔區","120.665","24.340","85"
"347","297992","20221102075000","247","2","臺中市","外埔區","120.685","24.340","327"
"690","297995","20221102075000","800","0","臺中市","大安區","120.585","24.345","698"
"19","298020","20221102075000","23","0","臺中市","大安區","120.570","24.340","17"
"59","298024","20221102075000","76","0","臺中市","大安區","120.570","24.345","63"
"291","298036","20221102075000","244","1","臺中市","大安區","120.590","24.335","267"
"313","298040","20221102075000","400","0","臺中市","大安區","120.590","24.340","321"
"52","298043","20221102075000","563","0","臺中市","大安區","120.605","24.365","57"
"1375","298045","20221102075000","1419","0","臺中市","后里區","120.720","24.310","1348"
"670","298047","20221102075000","936","0","臺中市","后里區","120.720","24.320","633"
"120","298050","20221102075000","713","0","臺中市","后里區","120.725","24.315","128"
"403","298051","20221102075000","353","1","臺中市","后里區","120.730","24.315","371"
"3222","298052","20221102075000","2422","2","臺中市","后里區","120.725","24.320","3283"
"325","298053","20221102075000","438","0","臺中市","后里區","120.730","24.320","287"
"91","298054","20221102075000","131","0","臺中市","后里區","120.735","24.320","109"
"188","298056","20221102075000","221","0","臺中市","后里區","120.725","24.325","179"
"125","298059","20221102075000","598","0","臺中市","后里區","120.710","24.310","114"
"95","298060","20221102075000","159","0","臺中市","后里區","120.715","24.310","109"
"432","298062","20221102075000","232","3","臺中市","后里區","120.710","24.315","426"
"112","298066","20221102075000","86","2","臺中市","后里區","120.705","24.320","103"
"51","298069","20221102075000","157","0","臺中市","外埔區","120.695","24.325","76"
"199","298070","20221102075000","202","0","臺中市","后里區","120.700","24.325","211"
"30","298074","20221102075000","26","1","臺中市","后里區","120.705","24.325","25"
"544","298075","20221102075000","660","0","臺中市","后里區","120.710","24.325","590"
"346","298078","20221102075000","336","1","臺中市","后里區","120.705","24.330","315"
"36","298081","20221102075000","191","0","臺中市","后里區","120.745","24.325","32"
"130","298082","20221102075000","101","2","臺中市","后里區","120.750","24.325","125"
"101","298092","20221102075000","111","0","臺中市","后里區","120.680","24.315","118"
"45","298093","20221102075000","27","3","臺中市","后里區","120.685","24.315","56"
"608","298094","20221102075000","543","1","臺中市","后里區","120.690","24.315","610"
"585","298095","20221102075000","453","2","臺中市","后里區","120.695","24.315","615"
"153","298096","20221102075000","100","3","臺中市","外埔區","120.685","24.320","175"
"56","298098","20221102075000","449","0","臺中市","大安區","120.600","24.345","39"
"25","298100","20221102075000","421","0","臺中市","大安區","120.600","24.350","34"
"132","298108","20221102075000","111","1","臺中市","大甲區","120.680","24.365","144"
"270","298116","20221102075000","265","1","臺中市","大甲區","120.675","24.370","263"
"669","298125","20221102075000","789","0","臺中市","大甲區","120.625","24.340","640"
"435","298126","20221102075000","490","0","臺中市","大甲區","120.630","24.340","396"
"144","298128","20221102075000","140","1","臺中市","大甲區","120.620","24.340","158"
"2621","298129","20221102075000","2640","0","臺中市","大甲區","120.625","24.345","2702"
"250","298135","20221102075000","236","1","臺中市","后里區","120.715","24.295","248"
"1537","298141","20221102075000","1562","0","臺中市","后里區","120.715","24.305","1493"
"319","298142","20221102075000","405","0","臺中市","后里區","120.720","24.305","297"
"84","298151","20221102075000","489","0","臺中市","清水區","120.610","24.290","77"
"164","298155","20221102075000","120","2","臺中市","清水區","120.610","24.295","168"
"1267","298159","20221102075000","1153","1","臺中市","大甲區","120.615","24.350","1198"
"424","298177","20221102075000","415","1","臺中市","大甲區","120.605","24.325","438"
"214","298178","20221102075000","288","0","臺中市","大甲區","120.595","24.330","207"
"1239","298182","20221102075000","1005","2","臺中市","后里區","120.725","24.310","1185"
"87","298183","20221102075000","181","0","臺中市","后里區","120.730","24.305","99"
"312","298184","20221102075000","508","0","臺中市","后里區","120.730","24.310","347"
"46","298185","20221102075000","29","3","臺中市","后里區","120.735","24.315","54"
"200","298202","20221102075000","163","2","臺中市","后里區","120.700","24.285","206"
"23","298208","20221102075000","314","0","臺中市","后里區","120.675","24.290","19"
"410","298213","20221102075000","366","1","臺中市","后里區","120.700","24.290","421"
"24","298360","20221102075000","41","0","臺中市","和平區","121.280","24.305","19"
"395","298427","20221102075000","376","1","臺中市","和平區","121.295","24.315","429"
"76","298504","20221102075000","63","2","臺中市","和平區","121.310","24.325","97"
"176","298630","20221102075000","145","2","臺中市","和平區","121.310","24.335","177"
"101","298631","20221102075000","108","0","臺中市","和平區","121.315","24.335","105"
"93","298723","20221102075000","106","0","臺中市","和平區","121.310","24.345","142"
"112","298770","20221102075000","132","0","臺中市","和平區","121.310","24.350","141"
"93","298818","20221102075000","84","1","臺中市","和平區","121.315","24.355","73"
"44","298866","20221102075000","36","2","臺中市","和平區","121.315","24.360","26"
"17","298968","20221102075000","12","2","臺中市","和平區","121.340","24.370","17"
"31","299078","20221102075000","15","3","臺中市","和平區","121.265","24.285","15"
"16","299174","20221102075000","13","2","臺中市","和平區","121.275","24.295","14"
"73","299584","20221102075000","84","0","臺中市","和平區","120.905","24.290","74"
"13","299585","20221102075000","13","1","臺中市","和平區","120.910","24.290","20"
"59","299602","20221102075000","58","1","臺中市","和平區","120.930","24.295","58"
"55","299659","20221102075000","50","1","臺中市","和平區","120.940","24.300","65"
"11","299678","20221102075000","10","1","臺中市","和平區","120.925","24.305","13"
"71","299703","20221102075000","73","0","臺中市","和平區","120.940","24.310","81"
"42","299761","20221102075000","30","2","臺中市","和平區","120.930","24.325","42"
"101","299779","20221102075000","88","1","臺中市","和平區","120.925","24.325","93"
"196","299781","20221102075000","167","1","臺中市","和平區","120.935","24.325","205"
"23","299796","20221102075000","15","3","臺中市","和平區","120.920","24.330","12"
"682","299822","20221102075000","784","0","臺中市","清水區","120.565","24.290","667"
"24","299823","20221102075000","364","0","臺中市","清水區","120.560","24.295","21"
"82","299826","20221102075000","98","0","臺中市","清水區","120.600","24.280","161"
"37","299828","20221102075000","20","3","臺中市","清水區","120.610","24.280","51"
"391","299830","20221102075000","385","1","臺中市","清水區","120.600","24.285","394"
"482","299831","20221102075000","524","0","臺中市","清水區","120.575","24.285","477"
"548","299835","20221102075000","491","1","臺中市","清水區","120.575","24.300","546"
"80","299845","20221102075000","75","1","臺中市","東勢區","120.790","24.285","94"
"320","299852","20221102075000","217","2","臺中市","東勢區","120.795","24.285","269"
"15","299869","20221102075000","169","0","臺中市","東勢區","120.810","24.300","11"
"428","299873","20221102075000","317","2","臺中市","清水區","120.555","24.280","415"
"150","299884","20221102075000","999","0","臺中市","清水區","120.540","24.285","132"
"31","299886","20221102075000","649","0","臺中市","清水區","120.525","24.290","32"
"40","299888","20221102075000","14","3","臺中市","清水區","120.535","24.290","35"
"101","299892","20221102075000","74","2","臺中市","清水區","120.520","24.295","107"
"720","299901","20221102075000","543","2","臺中市","清水區","120.630","24.290","703"
"129","299913","20221102075000","117","1","臺中市","清水區","120.630","24.300","127"
"60","299923","20221102075000","109","0","臺中市","清水區","120.580","24.290","57"
"604","299926","20221102075000","532","1","臺中市","清水區","120.590","24.295","607"
"135","300263","20221102075000","121","1","花蓮縣","秀林鄉","121.755","24.300","139"
"327","300401","20221102075000","216","3","花蓮縣","秀林鄉","121.750","24.310","332"
"81","300404","20221102075000","66","2","花蓮縣","秀林鄉","121.765","24.310","103"
"26","300405","20221102075000","13","3","花蓮縣","秀林鄉","121.765","24.305","27"
"45","300877","20221102075000","94","0","苗栗縣","三義鄉","120.740","24.365","52"
"102","300918","20221102075000","77","2","苗栗縣","三義鄉","120.750","24.345","95"
"72","300926","20221102075000","164","0","苗栗縣","三義鄉","120.745","24.350","57"
"88","300932","20221102075000","394","0","苗栗縣","三義鄉","120.735","24.355","90"
"145","300935","20221102075000","74","3","苗栗縣","三義鄉","120.750","24.355","159"
"88","300949","20221102075000","56","3","苗栗縣","三義鄉","120.780","24.360","70"
"10","300965","20221102075000","41","0","苗栗縣","三義鄉","120.795","24.370","10"
"205","300971","20221102075000","153","2","苗栗縣","卓蘭鎮","120.835","24.300","200"
"10","300972","20221102075000","14","0","苗栗縣","卓蘭鎮","120.830","24.305","10"
"34","300982","20221102075000","25","2","苗栗縣","卓蘭鎮","120.845","24.310","33"
"27","301006","20221102075000","174","0","臺中市","東勢區","120.805","24.280","25"
"11","301007","20221102075000","209","0","臺中市","東勢區","120.810","24.280","13"
"19","301011","20221102075000","15","2","苗栗縣","苑裡鎮","120.720","24.360","19"
"21","301013","20221102075000","11","3","苗栗縣","苑裡鎮","120.715","24.365","15"
"570","301021","20221102075000","489","1","苗栗縣","卓蘭鎮","120.830","24.310","580"
"324","301030","20221102075000","248","2","苗栗縣","卓蘭鎮","120.845","24.320","332"
"18","301060","20221102075000","226","0","苗栗縣","卓蘭鎮","120.810","24.330","18"
"265","301079","20221102075000","201","2","苗栗縣","卓蘭鎮","120.785","24.330","287"
"146","301082","20221102075000","145","1","苗栗縣","卓蘭鎮","120.825","24.330","160"
"66","301093","20221102075000","65","1","苗栗縣","卓蘭鎮","120.805","24.335","76"
"72","301097","20221102075000","40","3","苗栗縣","卓蘭鎮","120.825","24.335","71"
"10","301176","20221102075000","25","0","臺中市","和平區","121.040","24.295","16"
"79","301582","20221102075000","65","2","苗栗縣","泰安鄉","120.965","24.360","84"
"171","301609","20221102075000","81","3","苗栗縣","泰安鄉","120.960","24.370","150"
"13","301626","20221102075000","114","0","苗栗縣","卓蘭鎮","120.845","24.295","14"
"96","301629","20221102075000","101","0","苗栗縣","卓蘭鎮","120.860","24.295","94"
"12","301632","20221102075000","12","1","苗栗縣","卓蘭鎮","120.875","24.295","16"
"106","301639","20221102075000","83","2","苗栗縣","卓蘭鎮","120.840","24.300","127"
"68","301640","20221102075000","81","0","苗栗縣","卓蘭鎮","120.845","24.300","75"
"52","301669","20221102075000","45","1","苗栗縣","卓蘭鎮","120.880","24.315","59"
"158","301723","20221102075000","158","1","苗栗縣","卓蘭鎮","120.850","24.340","174"
"183","301727","20221102075000","98","3","苗栗縣","卓蘭鎮","120.870","24.340","183"
"100","301752","20221102075000","110","0","苗栗縣","卓蘭鎮","120.825","24.305","112"
"720","301756","20221102075000","578","2","苗栗縣","卓蘭鎮","120.820","24.315","685"
"966","301757","20221102075000","782","2","苗栗縣","卓蘭鎮","120.825","24.315","942"
"11","301775","20221102075000","73","0","苗栗縣","卓蘭鎮","120.855","24.355","11"
"59","301787","20221102075000","33","3","苗栗縣","大湖鄉","120.870","24.360","54"
"18","301810","20221102075000","121","0","苗栗縣","大湖鄉","120.825","24.345","16"
"12","301816","20221102075000","10","2","苗栗縣","大湖鄉","120.800","24.350","11"
"76","301882","20221102075000","86","0","苗栗縣","大湖鄉","120.875","24.365","82"
"12","307940","20221102075000","14","0","宜蘭縣","南澳鄉","121.790","24.400","26"
"11","307967","20221102075000","11","1","宜蘭縣","南澳鄉","121.790","24.415","16"
"18","308048","20221102075000","23","0","宜蘭縣","南澳鄉","121.765","24.440","19"
"62","308051","20221102075000","44","2","宜蘭縣","南澳鄉","121.780","24.440","52"
"19","308125","20221102075000","35","0","宜蘭縣","南澳鄉","121.775","24.450","21"
"175","308964","20221102075000","152","1","宜蘭縣","南澳鄉","121.750","24.425","182"
"13","309060","20221102075000","30","0","宜蘭縣","南澳鄉","121.750","24.435","18"
"55","309298","20221102075000","97","0","宜蘭縣","大同鄉","121.355","24.395","69"
"393","309501","20221102075000","299","2","宜蘭縣","大同鄉","121.380","24.435","381"
"91","309740","20221102075000","71","2","宜蘭縣","蘇澳鎮","121.805","24.445","86"
"178","309750","20221102075000","177","1","宜蘭縣","蘇澳鎮","121.790","24.455","153"
"304","309853","20221102075000","315","0","臺中市","大甲區","120.640","24.410","420"
"68","309860","20221102075000","722","0","臺中市","大甲區","120.630","24.415","64"
"354","309867","20221102075000","369","0","臺中市","大甲區","120.635","24.390","389"
"62","309881","20221102075000","733","0","臺中市","大甲區","120.635","24.410","70"
"593","309883","20221102075000","584","1","臺中市","大甲區","120.640","24.415","595"
"21","309891","20221102075000","329","0","臺中市","大安區","120.600","24.370","16"
"422","309899","20221102075000","395","1","臺中市","大安區","120.605","24.385","431"
"291","309910","20221102075000","275","1","臺中市","大安區","120.600","24.395","282"
"45","309925","20221102075000","601","0","臺中市","大甲區","120.670","24.380","31"
"26","309935","20221102075000","31","0","臺中市","大甲區","120.665","24.390","19"
"25","309937","20221102075000","1027","0","臺中市","大甲區","120.660","24.395","33"
"954","309939","20221102075000","1008","0","苗栗縣","苑裡鎮","120.665","24.400","975"
"544","309942","20221102075000","456","1","臺中市","大甲區","120.645","24.400","671"
"1667","309947","20221102075000","1891","0","臺中市","大甲區","120.650","24.405","1733"
"1463","309948","20221102075000","1459","1","臺中市","大甲區","120.655","24.405","1449"
"153","309960","20221102075000","177","0","臺中市","大安區","120.595","24.385","155"
"35","309972","20221102075000","271","0","臺中市","大安區","120.585","24.375","37"
"342","309973","20221102075000","350","0","臺中市","大安區","120.590","24.375","359"
"32","309975","20221102075000","38","0","臺中市","大安區","120.585","24.380","34"
"42","309977","20221102075000","48","0","臺中市","大安區","120.610","24.375","43"
"476","309986","20221102075000","423","1","臺中市","大甲區","120.660","24.370","499"
"1494","310004","20221102075000","1918","0","臺中市","大甲區","120.655","24.380","1449"
"32","310009","20221102075000","1002","0","臺中市","大甲區","120.650","24.390","35"
"404","310033","20221102075000","313","2","臺中市","大甲區","120.615","24.415","426"
"17","310149","20221102075000","15","1","臺中市","和平區","121.305","24.380","38"
"38","310150","20221102075000","29","2","臺中市","和平區","121.310","24.380","30"
"30","310180","20221102075000","42","0","臺中市","和平區","121.300","24.385","44"
"31","310235","20221102075000","27","1","臺中市","和平區","121.305","24.395","26"
"28","310390","20221102075000","36","0","苗栗縣","三義鄉","120.780","24.385","37"
"280","310395","20221102075000","257","1","苗栗縣","三義鄉","120.750","24.395","253"
"466","310396","20221102075000","448","1","苗栗縣","三義鄉","120.755","24.395","483"
"1693","310412","20221102075000","1524","1","苗栗縣","三義鄉","120.760","24.405","1663"
"567","310415","20221102075000","540","1","苗栗縣","三義鄉","120.765","24.410","597"
"910","310419","20221102075000","1047","0","苗栗縣","三義鄉","120.770","24.415","947"
"396","310423","20221102075000","411","0","苗栗縣","三義鄉","120.745","24.370","410"
"29","310429","20221102075000","28","1","苗栗縣","三義鄉","120.770","24.370","30"
"29","310433","20221102075000","274","0","苗栗縣","三義鄉","120.750","24.375","26"
"198","310441","20221102075000","220","0","苗栗縣","三義鄉","120.750","24.380","177"
"391","310450","20221102075000","310","2","苗栗縣","三義鄉","120.755","24.385","405"
"24","310451","20221102075000","155","0","苗栗縣","三義鄉","120.760","24.385","24"
"206","310456","20221102075000","210","0","苗栗縣","三義鄉","120.755","24.390","204"
"249","310458","20221102075000","57","3","苗栗縣","三義鄉","120.760","24.390","171"
"18","310469","20221102075000","24","0","苗栗縣","三義鄉","120.780","24.375","16"
"590","310489","20221102075000","544","1","苗栗縣","三義鄉","120.775","24.420","579"
"262","310506","20221102075000","222","1","苗栗縣","三義鄉","120.770","24.435","303"
"25","310521","20221102075000","26","0","苗栗縣","三義鄉","120.805","24.385","27"
"33","310527","20221102075000","26","2","苗栗縣","三義鄉","120.795","24.390","33"
"27","310542","20221102075000","21","2","苗栗縣","三義鄉","120.775","24.405","78"
"207","310551","20221102075000","219","0","苗栗縣","三義鄉","120.790","24.410","227"
"16","310552","20221102075000","16","1","苗栗縣","三義鄉","120.795","24.410","14"
"179","310580","20221102075000","136","2","苗栗縣","公館鄉","120.860","24.460","182"
"18","310595","20221102075000","27","0","苗栗縣","苑裡鎮","120.660","24.430","13"
"584","310596","20221102075000","526","1","苗栗縣","苑裡鎮","120.665","24.430","607"
"20","310601","20221102075000","225","0","苗栗縣","苑裡鎮","120.710","24.375","26"
"68","310623","20221102075000","61","1","苗栗縣","苑裡鎮","120.695","24.400","93"
"17","310630","20221102075000","11","3","苗栗縣","苑裡鎮","120.670","24.445","17"
"471","310636","20221102075000","409","1","苗栗縣","苑裡鎮","120.660","24.440","426"
"37","310637","20221102075000","42","0","苗栗縣","苑裡鎮","120.655","24.445","32"
"26","310639","20221102075000","25","1","苗栗縣","苑裡鎮","120.665","24.445","20"
"15","310640","20221102075000","14","1","苗栗縣","通霄鎮","120.660","24.450","19"
"629","310644","20221102075000","589","1","苗栗縣","苑裡鎮","120.655","24.450","587"
"23","310647","20221102075000","53","0","苗栗縣","通霄鎮","120.660","24.455","36"
"13","310648","20221102075000","11","1","苗栗縣","苑裡鎮","120.650","24.460","13"
"11","310656","20221102075000","186","0","苗栗縣","三義鄉","120.745","24.395","11"
"21","310670","20221102075000","82","0","苗栗縣","苑裡鎮","120.715","24.410","13"
"91","310685","20221102075000","57","3","苗栗縣","苑裡鎮","120.710","24.420","76"
"32","310688","20221102075000","30","1","苗栗縣","苑裡鎮","120.660","24.435","28"
"275","310695","20221102075000","232","1","苗栗縣","苑裡鎮","120.670","24.405","297"
"230","310698","20221102075000","184","2","苗栗縣","苑裡鎮","120.690","24.410","220"
"129","310699","20221102075000","66","3","苗栗縣","苑裡鎮","120.690","24.415","106"
"30","310721","20221102075000","414","0","苗栗縣","苑裡鎮","120.645","24.435","32"
"119","310722","20221102075000","98","2","苗栗縣","苑裡鎮","120.650","24.435","100"
"414","310727","20221102075000","335","2","苗栗縣","苑裡鎮","120.635","24.445","407"
"16","310728","20221102075000","15","1","苗栗縣","苑裡鎮","120.655","24.410","13"
"468","310730","20221102075000","372","2","苗栗縣","苑裡鎮","120.655","24.415","413"
"435","310737","20221102075000","411","1","苗栗縣","苑裡鎮","120.650","24.425","404"
"260","310752","20221102075000","229","1","苗栗縣","苑裡鎮","120.700","24.435","270"
"29","310755","20221102075000","37","0","苗栗縣","苑裡鎮","120.680","24.440","31"
"285","310758","20221102075000","228","2","苗栗縣","苑裡鎮","120.700","24.385","301"
"196","310763","20221102075000","219","0","苗栗縣","苑裡鎮","120.695","24.395","191"
"26","310766","20221102075000","14","3","苗栗縣","苑裡鎮","120.685","24.405","36"
"990","310776","20221102075000","855","1","苗栗縣","大湖鄉","120.870","24.425","1020"
"36","310779","20221102075000","34","1","苗栗縣","大湖鄉","120.885","24.425","34"
"308","310796","20221102075000","269","1","苗栗縣","大湖鄉","120.865","24.400","305"
"44","310800","20221102075000","36","2","苗栗縣","大湖鄉","120.855","24.405","43"
"15","310825","20221102075000","164","0","苗栗縣","大湖鄉","120.900","24.410","11"
"230","310860","20221102075000","107","3","苗栗縣","大湖鄉","120.870","24.405","277"
"12","310881","20221102075000","225","0","苗栗縣","大湖鄉","120.860","24.420","11"
"537","310894","20221102075000","707","0","苗栗縣","苑裡鎮","120.655","24.440","544"
"960","310905","20221102075000","1026","0","苗栗縣","苑裡鎮","120.680","24.385","958"
"110","310911","20221102075000","105","1","苗栗縣","苑裡鎮","120.660","24.410","125"
"249","310914","20221102075000","116","3","苗栗縣","苑裡鎮","120.660","24.415","296"
"68","310926","20221102075000","31","3","苗栗縣","苑裡鎮","120.720","24.395","62"
"18","310927","20221102075000","102","0","苗栗縣","苑裡鎮","120.725","24.395","12"
"13","310930","20221102075000","11","1","苗栗縣","苑裡鎮","120.715","24.400","12"
"34","310938","20221102075000","36","0","苗栗縣","苑裡鎮","120.705","24.410","38"
"18","310941","20221102075000","55","0","苗栗縣","苑裡鎮","120.675","24.400","21"
"13","310942","20221102075000","17","0","苗栗縣","苑裡鎮","120.680","24.400","10"
"28","310943","20221102075000","376","0","苗栗縣","苑裡鎮","120.675","24.405","25"
"10","310949","20221102075000","180","0","苗栗縣","苑裡鎮","120.670","24.415","10"
"15","310953","20221102075000","14","1","苗栗縣","苑裡鎮","120.670","24.425","17"
"31","310959","20221102075000","15","3","苗栗縣","苑裡鎮","120.680","24.410","20"
"181","310964","20221102075000","1074","0","苗栗縣","苑裡鎮","120.685","24.415","159"
"196","310996","20221102075000","146","2","苗栗縣","銅鑼鄉","120.810","24.465","191"
"16","310999","20221102075000","30","0","苗栗縣","銅鑼鄉","120.755","24.445","10"
"50","311009","20221102075000","44","1","苗栗縣","銅鑼鄉","120.765","24.460","58"
"655","311014","20221102075000","462","2","苗栗縣","銅鑼鄉","120.760","24.460","650"
"82","311016","20221102075000","54","3","苗栗縣","銅鑼鄉","120.770","24.465","86"
"100","311031","20221102075000","52","3","苗栗縣","銅鑼鄉","120.810","24.405","89"
"122","311073","20221102075000","64","3","苗栗縣","銅鑼鄉","120.835","24.420","128"
"16","311089","20221102075000","10","3","苗栗縣","銅鑼鄉","120.765","24.435","16"
"251","311108","20221102075000","236","1","苗栗縣","銅鑼鄉","120.780","24.450","249"
"413","311118","20221102075000","377","1","苗栗縣","銅鑼鄉","120.780","24.465","404"
"1837","311279","20221102075000","1898","0","苗栗縣","苑裡鎮","120.650","24.440","1883"
"337","311283","20221102075000","336","1","苗栗縣","苑裡鎮","120.650","24.450","319"
"73","311310","20221102075000","61","1","苗栗縣","泰安鄉","120.925","24.390","89"
"25","311446","20221102075000","17","2","苗栗縣","泰安鄉","120.980","24.445","27"
"117","311474","20221102075000","88","2","苗栗縣","泰安鄉","120.935","24.420","154"
"18","311478","20221102075000","149","0","苗栗縣","泰安鄉","120.925","24.420","32"
"11","311666","20221102075000","96","0","苗栗縣","泰安鄉","120.980","24.390","11"
"13","312076","20221102075000","17","0","苗栗縣","泰安鄉","121.015","24.425","14"
"16","312522","20221102075000","89","0","苗栗縣","泰安鄉","120.925","24.440","15"
"111","312590","20221102075000","106","1","苗栗縣","通霄鎮","120.735","24.410","137"
"221","312624","20221102075000","179","2","苗栗縣","通霄鎮","120.680","24.455","237"
"58","312636","20221102075000","66","0","苗栗縣","通霄鎮","120.690","24.465","50"
"15","312656","20221102075000","11","2","苗栗縣","通霄鎮","120.745","24.440","34"
"131","312664","20221102075000","75","3","苗栗縣","通霄鎮","120.725","24.450","118"
"38","312668","20221102075000","96","0","苗栗縣","通霄鎮","120.720","24.425","49"
"57","312670","20221102075000","193","0","苗栗縣","通霄鎮","120.720","24.430","53"
"239","312677","20221102075000","164","2","苗栗縣","通霄鎮","120.715","24.440","236"
"190","312691","20221102075000","219","0","苗栗縣","通霄鎮","120.700","24.455","174"
"41","312717","20221102075000","25","3","苗栗縣","通霄鎮","120.730","24.460","36"
"67","312744","20221102075000","87","0","苗栗縣","大湖鄉","120.865","24.430","69"
"27","312752","20221102075000","223","0","苗栗縣","大湖鄉","120.865","24.435","29"
"122","312778","20221102075000","74","3","苗栗縣","大湖鄉","120.905","24.445","111"
"261","312784","20221102075000","195","2","苗栗縣","大湖鄉","120.875","24.455","286"
"45","312785","20221102075000","938","0","苗栗縣","大湖鄉","120.865","24.420","46"
"251","312798","20221102075000","227","1","苗栗縣","大湖鄉","120.900","24.375","209"
"12","312821","20221102075000","220","0","苗栗縣","大湖鄉","120.835","24.370","12"
"405","312833","20221102075000","281","2","苗栗縣","三義鄉","120.820","24.380","404"
"181","312851","20221102075000","106","3","苗栗縣","大湖鄉","120.865","24.375","157"
"44","312863","20221102075000","165","0","苗栗縣","大湖鄉","120.850","24.385","37"
"22","317431","20221102075000","56","0","宜蘭縣","蘇澳鎮","121.845","24.520","34"
"428","319889","20221102075000","369","1","宜蘭縣","南澳鄉","121.800","24.465","444"
"450","319890","20221102075000","494","0","宜蘭縣","蘇澳鎮","121.805","24.465","465"
"37","319894","20221102075000","47","0","宜蘭縣","南澳鄉","121.810","24.470","68"
"149","320020","20221102075000","152","0","宜蘭縣","蘇澳鎮","121.830","24.515","196"
"16","320043","20221102075000","33","0","宜蘭縣","南澳鄉","121.830","24.530","20"
"35","320054","20221102075000","45","0","宜蘭縣","南澳鄉","121.835","24.535","30"
"221","320197","20221102075000","166","2","宜蘭縣","南澳鄉","121.790","24.470","217"
"131","320807","20221102075000","79","3","宜蘭縣","大同鄉","121.430","24.485","122"
"128","320829","20221102075000","166","0","宜蘭縣","大同鄉","121.430","24.490","170"
"13","321164","20221102075000","32","0","宜蘭縣","南澳鄉","121.535","24.495","25"
"25","321192","20221102075000","108","0","宜蘭縣","大同鄉","121.530","24.500","101"
"10","321421","20221102075000","10","1","宜蘭縣","大同鄉","121.505","24.545","20"
"61","321699","20221102075000","89","0","宜蘭縣","大同鄉","121.450","24.530","90"
"122","321823","20221102075000","203","0","宜蘭縣","蘇澳鎮","121.840","24.485","332"
"38","321846","20221102075000","21","3","宜蘭縣","蘇澳鎮","121.835","24.510","50"
"178","321850","20221102075000","127","2","宜蘭縣","蘇澳鎮","121.835","24.520","177"
"107","321880","20221102075000","79","2","宜蘭縣","蘇澳鎮","121.820","24.460","135"
"17","321882","20221102075000","21","0","宜蘭縣","蘇澳鎮","121.820","24.465","20"
"41","321898","20221102075000","48","0","宜蘭縣","蘇澳鎮","121.825","24.485","72"
"18","322586","20221102075000","23","0","新竹縣","五峰鄉","121.090","24.500","43"
"27","322590","20221102075000","27","1","新竹縣","五峰鄉","121.075","24.505","29"
"12","322608","20221102075000","26","0","新竹縣","五峰鄉","121.110","24.510","12"
"10","322609","20221102075000","20","0","新竹縣","五峰鄉","121.115","24.510","10"
"95","322716","20221102075000","86","1","新竹縣","五峰鄉","121.110","24.525","91"
"49","322717","20221102075000","52","0","新竹縣","五峰鄉","121.115","24.525","38"
"25","322744","20221102075000","29","0","新竹縣","五峰鄉","121.125","24.530","46"
"57","322792","20221102075000","72","0","新竹縣","五峰鄉","121.125","24.540","72"
"34","322897","20221102075000","22","3","新竹縣","五峰鄉","121.130","24.560","30"
"51","322913","20221102075000","330","0","苗栗縣","公館鄉","120.820","24.495","48"
"23","322918","20221102075000","176","0","苗栗縣","公館鄉","120.815","24.510","18"
"135","322920","20221102075000","219","0","苗栗縣","公館鄉","120.815","24.515","145"
"465","322921","20221102075000","286","3","苗栗縣","銅鑼鄉","120.810","24.515","462"
"204","322933","20221102075000","194","1","苗栗縣","公館鄉","120.835","24.510","215"
"308","322941","20221102075000","318","0","苗栗縣","公館鄉","120.835","24.530","318"
"47","322992","20221102075000","86","0","苗栗縣","公館鄉","120.890","24.540","53"
"124","323065","20221102075000","121","1","苗栗縣","公館鄉","120.835","24.500","132"
"15","323076","20221102075000","12","2","苗栗縣","公館鄉","120.835","24.540","15"
"138","323078","20221102075000","128","1","苗栗縣","公館鄉","120.835","24.545","159"
"921","323086","20221102075000","709","2","苗栗縣","公館鄉","120.825","24.510","911"
"61","323090","20221102075000","711","0","苗栗縣","公館鄉","120.820","24.515","50"
"219","323092","20221102075000","354","0","苗栗縣","公館鄉","120.825","24.520","214"
"58","323094","20221102075000","291","0","苗栗縣","公館鄉","120.825","24.465","53"
"142","323105","20221102075000","173","0","苗栗縣","公館鄉","120.835","24.465","136"
"57","323120","20221102075000","40","2","苗栗縣","公館鄉","120.855","24.475","52"
"360","323126","20221102075000","307","1","苗栗縣","公館鄉","120.825","24.475","418"
"319","323131","20221102075000","308","1","苗栗縣","公館鄉","120.820","24.480","317"
"31","323137","20221102075000","424","0","苗栗縣","公館鄉","120.830","24.485","28"
"492","323139","20221102075000","598","0","苗栗縣","公館鄉","120.825","24.500","483"
"631","323140","20221102075000","649","0","苗栗縣","公館鄉","120.825","24.505","607"
"1155","323143","20221102075000","1221","0","苗栗縣","公館鄉","120.820","24.500","1067"
"34","323150","20221102075000","246","0","苗栗縣","公館鄉","120.830","24.530","31"
"13","323152","20221102075000","166","0","苗栗縣","公館鄉","120.830","24.535","11"
"744","323159","20221102075000","517","2","苗栗縣","公館鄉","120.825","24.530","738"
"264","323161","20221102075000","155","3","苗栗縣","苗栗市","120.835","24.555","247"
"808","323164","20221102075000","1054","0","苗栗縣","苗栗市","120.820","24.560","827"
"190","323174","20221102075000","158","2","苗栗縣","通霄鎮","120.700","24.550","181"
"253","323187","20221102075000","229","1","苗栗縣","通霄鎮","120.695","24.475","290"
"21","323189","20221102075000","357","0","苗栗縣","通霄鎮","120.685","24.480","17"
"73","323210","20221102075000","50","2","苗栗縣","通霄鎮","120.730","24.490","67"
"12","323218","20221102075000","49","0","苗栗縣","通霄鎮","120.740","24.495","19"
"20","323221","20221102075000","16","2","苗栗縣","通霄鎮","120.750","24.485","18"
"15","323223","20221102075000","13","1","苗栗縣","通霄鎮","120.760","24.485","14"
"112","323237","20221102075000","107","1","苗栗縣","通霄鎮","120.720","24.505","111"
"11","323239","20221102075000","30","0","苗栗縣","通霄鎮","120.730","24.505","12"
"75","323242","20221102075000","59","2","苗栗縣","通霄鎮","120.740","24.505","60"
"315","323248","20221102075000","267","1","苗栗縣","通霄鎮","120.730","24.510","187"
"20","323299","20221102075000","16","2","苗栗縣","南庄鄉","120.960","24.520","32"
"16","323333","20221102075000","82","0","苗栗縣","南庄鄉","120.965","24.535","11"
"13","323356","20221102075000","117","0","苗栗縣","南庄鄉","120.970","24.545","13"
"2167","323391","20221102075000","2168","0","苗栗縣","苗栗市","120.825","24.555","2187"
"18","323392","20221102075000","23","0","苗栗縣","苗栗市","120.820","24.540","19"
"1051","323394","20221102075000","683","3","苗栗縣","苗栗市","120.825","24.545","1024"
"79","323395","20221102075000","1782","0","苗栗縣","苗栗市","120.815","24.550","72"
"69","323396","20221102075000","96","0","苗栗縣","苗栗市","120.820","24.550","47"
"1889","323397","20221102075000","1712","1","苗栗縣","苗栗市","120.815","24.555","1887"
"567","323400","20221102075000","459","2","苗栗縣","苗栗市","120.820","24.555","570"
"593","323402","20221102075000","558","1","苗栗縣","苗栗市","120.830","24.555","605"
"451","323403","20221102075000","379","1","苗栗縣","苗栗市","120.825","24.565","438"
"13","323405","20221102075000","46","0","苗栗縣","苗栗市","120.790","24.525","15"
"207","323411","20221102075000","223","0","苗栗縣","苗栗市","120.785","24.535","201"
"77","323412","20221102075000","67","1","苗栗縣","苗栗市","120.790","24.535","79"
"256","323414","20221102075000","113","3","苗栗縣","苗栗市","120.800","24.535","243"
"36","323530","20221102075000","44","0","苗栗縣","南庄鄉","121.025","24.535","74"
"37","323545","20221102075000","31","1","苗栗縣","南庄鄉","121.030","24.540","38"
"75","323601","20221102075000","57","2","苗栗縣","頭屋鄉","120.855","24.555","71"
"20","323631","20221102075000","40","0","苗栗縣","頭屋鄉","120.870","24.560","17"
"211","323661","20221102075000","169","2","苗栗縣","銅鑼鄉","120.775","24.495","231"
"21","323663","20221102075000","24","0","苗栗縣","西湖鄉","120.770","24.500","21"
"237","323674","20221102075000","202","1","苗栗縣","銅鑼鄉","120.790","24.470","232"
"422","323678","20221102075000","308","2","苗栗縣","銅鑼鄉","120.790","24.475","415"
"66","323679","20221102075000","75","0","苗栗縣","銅鑼鄉","120.795","24.475","65"
"446","323682","20221102075000","375","1","苗栗縣","銅鑼鄉","120.785","24.480","405"
"612","323683","20221102075000","550","1","苗栗縣","銅鑼鄉","120.790","24.480","621"
"393","323685","20221102075000","452","0","苗栗縣","銅鑼鄉","120.785","24.485","393"
"1034","323686","20221102075000","1167","0","苗栗縣","銅鑼鄉","120.785","24.490","949"
"111","323691","20221102075000","93","1","苗栗縣","通霄鎮","120.725","24.520","121"
"23","323727","20221102075000","111","0","苗栗縣","通霄鎮","120.675","24.485","13"
"1260","323728","20221102075000","936","2","苗栗縣","苗栗市","120.810","24.545","1226"
"74","323734","20221102075000","42","3","苗栗縣","西湖鄉","120.790","24.550","73"
"167","323738","20221102075000","135","2","苗栗縣","苗栗市","120.795","24.555","153"
"359","323740","20221102075000","329","1","苗栗縣","苗栗市","120.805","24.555","381"
"268","323743","20221102075000","249","1","苗栗縣","苗栗市","120.800","24.560","228"
"252","323744","20221102075000","401","0","苗栗縣","苗栗市","120.805","24.560","256"
"544","323747","20221102075000","430","2","苗栗縣","苗栗市","120.815","24.530","527"
"1398","323751","20221102075000","1584","0","苗栗縣","苗栗市","120.815","24.540","1314"
"271","323752","20221102075000","176","3","苗栗縣","苗栗市","120.805","24.545","256"
"22","323753","20221102075000","45","0","苗栗縣","苗栗市","120.805","24.550","29"
"45","323763","20221102075000","227","0","苗栗縣","西湖鄉","120.730","24.555","45"
"133","323770","20221102075000","140","0","苗栗縣","西湖鄉","120.745","24.555","122"
"91","323782","20221102075000","68","2","苗栗縣","西湖鄉","120.765","24.520","94"
"149","323800","20221102075000","159","0","苗栗縣","西湖鄉","120.785","24.525","165"
"54","323808","20221102075000","43","2","苗栗縣","西湖鄉","120.745","24.525","74"
"97","323810","20221102075000","196","0","苗栗縣","西湖鄉","120.740","24.530","217"
"50","323815","20221102075000","30","3","苗栗縣","西湖鄉","120.750","24.535","30"
"124","323828","20221102075000","119","1","苗栗縣","通霄鎮","120.680","24.500","148"
"221","323830","20221102075000","227","0","苗栗縣","通霄鎮","120.690","24.500","256"
"18","323838","20221102075000","29","0","苗栗縣","通霄鎮","120.690","24.510","13"
"190","323845","20221102075000","203","0","苗栗縣","通霄鎮","120.695","24.515","202"
"90","323854","20221102075000","69","2","苗栗縣","通霄鎮","120.695","24.530","87"
"153","323864","20221102075000","37","3","苗栗縣","通霄鎮","120.675","24.490","140"
"1743","323865","20221102075000","1444","2","苗栗縣","通霄鎮","120.680","24.490","1693"
"1098","323876","20221102075000","1011","1","苗栗縣","銅鑼鄉","120.800","24.490","1076"
"644","323879","20221102075000","548","1","苗栗縣","銅鑼鄉","120.800","24.495","592"
"208","323881","20221102075000","199","1","苗栗縣","銅鑼鄉","120.810","24.495","229"
"19","323884","20221102075000","164","0","苗栗縣","銅鑼鄉","120.805","24.500","14"
"14","323893","20221102075000","194","0","苗栗縣","銅鑼鄉","120.805","24.510","14"
"54","323896","20221102075000","72","0","苗栗縣","銅鑼鄉","120.810","24.520","66"
"358","323898","20221102075000","268","2","苗栗縣","銅鑼鄉","120.760","24.465","347"
"100","323899","20221102075000","145","0","苗栗縣","銅鑼鄉","120.765","24.465","91"
"152","323913","20221102075000","178","0","苗栗縣","銅鑼鄉","120.790","24.485","156"
"305","323918","20221102075000","268","1","苗栗縣","銅鑼鄉","120.790","24.505","336"
"108","323920","20221102075000","57","3","苗栗縣","銅鑼鄉","120.785","24.510","109"
"437","323923","20221102075000","486","0","苗栗縣","西湖鄉","120.785","24.515","433"
"51","323948","20221102075000","49","1","苗栗縣","泰安鄉","120.950","24.465","84"
"79","323952","20221102075000","113","0","苗栗縣","泰安鄉","120.970","24.465","79"
"125","323970","20221102075000","99","2","苗栗縣","泰安鄉","120.945","24.470","153"
"80","323976","20221102075000","58","2","苗栗縣","泰安鄉","120.975","24.470","73"
"21","324112","20221102075000","16","2","苗栗縣","獅潭鄉","120.910","24.505","18"
"11","324115","20221102075000","41","0","苗栗縣","獅潭鄉","120.925","24.505","11"
"42","324130","20221102075000","29","2","苗栗縣","獅潭鄉","120.910","24.510","42"
"314","324200","20221102075000","198","3","苗栗縣","獅潭鄉","120.920","24.540","324"
"67","324206","20221102075000","50","2","苗栗縣","獅潭鄉","120.950","24.540","75"
"106","324257","20221102075000","74","2","苗栗縣","獅潭鄉","120.935","24.555","102"
"44","324281","20221102075000","45","0","苗栗縣","獅潭鄉","120.910","24.465","48"
"37","324285","20221102075000","165","0","苗栗縣","獅潭鄉","120.880","24.470","39"
"24","324297","20221102075000","20","2","苗栗縣","獅潭鄉","120.915","24.475","22"
"67","324301","20221102075000","57","1","苗栗縣","獅潭鄉","120.900","24.485","74"
"48","324306","20221102075000","33","2","苗栗縣","獅潭鄉","120.900","24.490","52"
"62","324349","20221102075000","64","0","苗栗縣","泰安鄉","120.945","24.485","48"
"28","324615","20221102075000","46","0","苗栗縣","泰安鄉","121.070","24.495","32"
"10","324700","20221102075000","14","0","苗栗縣","通霄鎮","120.700","24.505","10"
"17","324701","20221102075000","13","2","苗栗縣","通霄鎮","120.705","24.505","14"
"92","324706","20221102075000","76","2","苗栗縣","通霄鎮","120.715","24.510","146"
"52","324721","20221102075000","70","0","苗栗縣","西湖鄉","120.780","24.550","60"
"90","324736","20221102075000","57","3","苗栗縣","西湖鄉","120.755","24.495","80"
"10","324754","20221102075000","11","0","苗栗縣","西湖鄉","120.775","24.530","10"
"85","324766","20221102075000","44","3","苗栗縣","西湖鄉","120.785","24.540","66"
"30","324767","20221102075000","33","0","苗栗縣","西湖鄉","120.755","24.545","37"
"50","324782","20221102075000","47","1","苗栗縣","通霄鎮","120.680","24.465","68"
"425","324784","20221102075000","417","1","苗栗縣","通霄鎮","120.665","24.470","377"
"75","324791","20221102075000","820","0","苗栗縣","通霄鎮","120.675","24.475","71"
"311","324812","20221102075000","290","1","苗栗縣","通霄鎮","120.710","24.555","286"
"14","324828","20221102075000","15","0","苗栗縣","通霄鎮","120.700","24.500","14"
"20","324833","20221102075000","211","0","苗栗縣","通霄鎮","120.710","24.505","27"
"44","324850","20221102075000","95","0","苗栗縣","通霄鎮","120.715","24.480","43"
"39","324851","20221102075000","38","1","苗栗縣","通霄鎮","120.720","24.480","41"
"186","324858","20221102075000","149","2","苗栗縣","通霄鎮","120.720","24.465","201"
"91","324872","20221102075000","70","2","苗栗縣","通霄鎮","120.685","24.485","109"
"41","324877","20221102075000","672","0","苗栗縣","通霄鎮","120.690","24.495","47"
"34","324879","20221102075000","268","0","苗栗縣","通霄鎮","120.695","24.500","32"
"107","328071","20221102075000","125","0","宜蘭縣","蘇澳鎮","121.860","24.600","123"
"75","328073","20221102075000","161","0","宜蘭縣","蘇澳鎮","121.870","24.600","149"
"364","328074","20221102075000","458","0","宜蘭縣","蘇澳鎮","121.880","24.600","585"
"26","328390","20221102075000","52","0","宜蘭縣","蘇澳鎮","121.880","24.605","75"
"250","331880","20221102075000","235","1","宜蘭縣","冬山鄉","121.750","24.645","251"
"1554","332115","20221102075000","1262","2","宜蘭縣","蘇澳鎮","121.865","24.580","1547"
"272","332120","20221102075000","221","2","宜蘭縣","冬山鄉","121.815","24.630","290"
"845","332122","20221102075000","825","1","宜蘭縣","冬山鄉","121.810","24.630","810"
"539","332124","20221102075000","293","3","宜蘭縣","冬山鄉","121.820","24.630","555"
"232","332146","20221102075000","246","0","宜蘭縣","冬山鄉","121.710","24.635","250"
"561","332186","20221102075000","455","2","宜蘭縣","冬山鄉","121.770","24.630","536"
"278","332216","20221102075000","508","0","宜蘭縣","冬山鄉","121.785","24.625","261"
"159","332233","20221102075000","213","0","宜蘭縣","冬山鄉","121.730","24.650","179"
"268","332244","20221102075000","236","1","宜蘭縣","冬山鄉","121.805","24.625","270"
"26","332340","20221102075000","48","0","宜蘭縣","大同鄉","121.495","24.570","40"
"74","332362","20221102075000","61","2","宜蘭縣","大同鄉","121.480","24.575","65"
"33","332385","20221102075000","91","0","宜蘭縣","大同鄉","121.495","24.580","47"
"13","332698","20221102075000","22","0","宜蘭縣","大同鄉","121.685","24.610","15"
"135","332699","20221102075000","105","2","宜蘭縣","大同鄉","121.690","24.610","139"
"17","332745","20221102075000","66","0","宜蘭縣","大同鄉","121.685","24.625","15"
"16","332848","20221102075000","26","0","宜蘭縣","大同鄉","121.635","24.615","18"
"10","332886","20221102075000","13","0","宜蘭縣","大同鄉","121.590","24.630","13"
"51","332889","20221102075000","72","0","宜蘭縣","大同鄉","121.605","24.630","36"
"16","332899","20221102075000","10","3","宜蘭縣","三星鄉","121.605","24.635","16"
"69","332902","20221102075000","93","0","宜蘭縣","大同鄉","121.560","24.640","87"
"113","333040","20221102075000","139","0","宜蘭縣","大同鄉","121.530","24.595","97"
"32","333196","20221102075000","40","0","宜蘭縣","大同鄉","121.525","24.610","25"
"80","333282","20221102075000","97","0","宜蘭縣","大同鄉","121.525","24.630","108"
"11","333448","20221102075000","184","0","宜蘭縣","蘇澳鎮","121.865","24.575","10"
"306","333450","20221102075000","393","0","宜蘭縣","蘇澳鎮","121.870","24.580","284"
"510","333451","20221102075000","596","0","宜蘭縣","蘇澳鎮","121.875","24.580","490"
"1071","333457","20221102075000","782","2","宜蘭縣","蘇澳鎮","121.855","24.595","1040"
"107","333458","20221102075000","142","0","宜蘭縣","蘇澳鎮","121.875","24.600","140"
"21","333460","20221102075000","17","2","宜蘭縣","蘇澳鎮","121.860","24.605","27"
"65","333462","20221102075000","44","2","宜蘭縣","蘇澳鎮","121.870","24.605","65"
"14","333463","20221102075000","38","0","宜蘭縣","蘇澳鎮","121.875","24.605","14"
"521","333474","20221102075000","438","1","宜蘭縣","蘇澳鎮","121.835","24.590","478"
"856","333478","20221102075000","913","0","宜蘭縣","蘇澳鎮","121.835","24.595","859"
"228","333479","20221102075000","366","0","宜蘭縣","蘇澳鎮","121.840","24.595","224"
"207","333488","20221102075000","166","2","宜蘭縣","蘇澳鎮","121.835","24.605","184"
"97","333492","20221102075000","42","3","宜蘭縣","蘇澳鎮","121.830","24.610","84"
"735","333495","20221102075000","654","1","宜蘭縣","蘇澳鎮","121.830","24.615","794"
"959","333504","20221102075000","871","1","宜蘭縣","五結鄉","121.835","24.650","951"
"312","333511","20221102075000","252","2","宜蘭縣","冬山鄉","121.795","24.640","332"
"40","333515","20221102075000","43","0","宜蘭縣","冬山鄉","121.780","24.650","34"
"224","333516","20221102075000","124","3","宜蘭縣","冬山鄉","121.785","24.650","248"
"696","333519","20221102075000","636","1","宜蘭縣","蘇澳鎮","121.835","24.620","694"
"1373","333520","20221102075000","1175","1","宜蘭縣","蘇澳鎮","121.840","24.620","1336"
"106","333521","20221102075000","98","1","宜蘭縣","蘇澳鎮","121.845","24.620","104"
"398","333522","20221102075000","370","1","宜蘭縣","蘇澳鎮","121.835","24.625","404"
"50","333545","20221102075000","90","0","宜蘭縣","蘇澳鎮","121.845","24.565","46"
"126","333557","20221102075000","118","1","宜蘭縣","蘇澳鎮","121.840","24.575","133"
"58","333558","20221102075000","36","3","宜蘭縣","蘇澳鎮","121.845","24.575","47"
"190","333564","20221102075000","262","0","宜蘭縣","蘇澳鎮","121.855","24.605","173"
"84","333566","20221102075000","81","1","宜蘭縣","蘇澳鎮","121.850","24.610","77"
"539","333569","20221102075000","496","1","宜蘭縣","蘇澳鎮","121.850","24.615","545"
"415","333653","20221102075000","391","1","宜蘭縣","三星鄉","121.615","24.650","431"
"499","333661","20221102075000","471","1","宜蘭縣","冬山鄉","121.805","24.640","463"
"11","333693","20221102075000","11","1","宜蘭縣","蘇澳鎮","121.865","24.570","11"
"122","333695","20221102075000","99","2","宜蘭縣","蘇澳鎮","121.850","24.575","126"
"55","333704","20221102075000","36","3","宜蘭縣","蘇澳鎮","121.845","24.580","44"
"31","333737","20221102075000","32","0","宜蘭縣","蘇澳鎮","121.815","24.610","21"
"249","333739","20221102075000","225","1","宜蘭縣","蘇澳鎮","121.815","24.615","212"
"728","333742","20221102075000","544","2","宜蘭縣","蘇澳鎮","121.815","24.620","746"
"908","333751","20221102075000","782","1","宜蘭縣","冬山鄉","121.765","24.650","845"
"195","333753","20221102075000","310","0","宜蘭縣","冬山鄉","121.795","24.630","197"
"561","333754","20221102075000","596","0","宜蘭縣","冬山鄉","121.800","24.630","574"
"18","333764","20221102075000","33","0","宜蘭縣","冬山鄉","121.725","24.625","27"
"32","333769","20221102075000","33","0","宜蘭縣","冬山鄉","121.750","24.625","51"
"29","333770","20221102075000","25","1","宜蘭縣","冬山鄉","121.760","24.625","39"
"16","333774","20221102075000","52","0","宜蘭縣","冬山鄉","121.740","24.630","10"
"284","333781","20221102075000","223","2","宜蘭縣","冬山鄉","121.750","24.635","264"
"163","333789","20221102075000","144","1","宜蘭縣","冬山鄉","121.765","24.640","189"
"57","333791","20221102075000","83","0","宜蘭縣","冬山鄉","121.760","24.645","70"
"979","333802","20221102075000","885","1","宜蘭縣","冬山鄉","121.790","24.635","1079"
"1328","333804","20221102075000","1096","2","宜蘭縣","冬山鄉","121.795","24.635","1338"
"1041","333809","20221102075000","558","3","宜蘭縣","蘇澳鎮","121.835","24.640","1037"
"108","333810","20221102075000","133","0","宜蘭縣","蘇澳鎮","121.840","24.640","112"
"1007","333814","20221102075000","836","2","宜蘭縣","蘇澳鎮","121.830","24.630","947"
"571","333818","20221102075000","442","2","宜蘭縣","蘇澳鎮","121.830","24.640","538"
"553","333821","20221102075000","507","1","宜蘭縣","蘇澳鎮","121.830","24.645","528"
"17","333893","20221102075000","10","3","新竹縣","北埔鄉","121.065","24.645","23"
"67","333899","20221102075000","52","2","新竹縣","竹東鎮","121.095","24.645","62"
"116","334213","20221102075000","74","3","新竹縣","尖石鄉","121.340","24.650","142"
"58","334309","20221102075000","63","0","新竹縣","尖石鄉","121.310","24.570","104"
"86","334366","20221102075000","52","3","新竹縣","尖石鄉","121.305","24.580","70"
"29","334372","20221102075000","34","0","新竹縣","尖石鄉","121.335","24.580","50"
"28","334487","20221102075000","31","0","新竹縣","尖石鄉","121.290","24.605","26"
"153","334532","20221102075000","197","0","新竹縣","尖石鄉","121.295","24.610","179"
"67","334547","20221102075000","69","0","新竹縣","尖石鄉","121.285","24.615","77"
"49","334623","20221102075000","30","3","新竹縣","尖石鄉","121.275","24.640","43"
"13","334678","20221102075000","13","1","新竹縣","峨眉鄉","121.015","24.645","14"
"49","334698","20221102075000","40","2","新竹縣","峨眉鄉","121.025","24.655","57"
"15","334723","20221102075000","71","0","宜蘭縣","蘇澳鎮","121.840","24.590","14"
"105","334725","20221102075000","106","0","宜蘭縣","蘇澳鎮","121.850","24.590","109"
"795","334726","20221102075000","906","0","宜蘭縣","蘇澳鎮","121.845","24.595","758"
"35","334737","20221102075000","31","1","新竹縣","五峰鄉","121.090","24.605","27"
"49","334763","20221102075000","22","3","新竹縣","五峰鄉","121.105","24.615","44"
"142","334783","20221102075000","154","0","新竹縣","五峰鄉","121.120","24.630","144"
"375","334790","20221102075000","326","1","新竹縣","五峰鄉","121.100","24.640","354"
"26","334829","20221102075000","28","0","新竹縣","五峰鄉","121.090","24.565","23"
"93","334868","20221102075000","56","3","新竹縣","五峰鄉","121.105","24.580","95"
"18","334869","20221102075000","19","0","新竹縣","五峰鄉","121.110","24.580","24"
"83","334891","20221102075000","64","2","新竹縣","五峰鄉","121.115","24.590","84"
"73","335109","20221102075000","55","2","新竹縣","五峰鄉","121.110","24.620","59"
"45","335134","20221102075000","21","3","新竹縣","五峰鄉","121.145","24.625","14"
"81","335187","20221102075000","63","2","新竹縣","五峰鄉","121.150","24.645","72"
"102","335195","20221102075000","75","2","新竹縣","竹東鎮","121.125","24.650","84"
"45","335200","20221102075000","44","1","新竹縣","五峰鄉","121.150","24.650","40"
"147","335230","20221102075000","89","3","新竹縣","五峰鄉","121.180","24.655","92"
"126","335366","20221102075000","135","0","桃園市","復興區","121.400","24.640","150"
"28","335480","20221102075000","22","2","苗栗縣","三灣鄉","120.960","24.610","33"
"115","335520","20221102075000","86","2","苗栗縣","三灣鄉","120.925","24.640","137"
"274","335553","20221102075000","224","2","苗栗縣","三灣鄉","121.005","24.645","267"
"117","335569","20221102075000","858","0","苗栗縣","三灣鄉","120.955","24.650","129"
"79","335581","20221102075000","42","3","苗栗縣","三灣鄉","120.945","24.655","75"
"123","335594","20221102075000","84","2","苗栗縣","三灣鄉","120.975","24.645","119"
"154","335619","20221102075000","115","2","苗栗縣","三灣鄉","120.905","24.625","164"
"239","335630","20221102075000","222","1","苗栗縣","後龍鎮","120.770","24.615","277"
"92","335632","20221102075000","61","3","苗栗縣","後龍鎮","120.765","24.620","93"
"869","335635","20221102075000","892","0","苗栗縣","後龍鎮","120.780","24.620","901"
"40","335639","20221102075000","773","0","苗栗縣","後龍鎮","120.780","24.625","29"
"339","335647","20221102075000","448","0","苗栗縣","苗栗市","120.830","24.560","352"
"434","335648","20221102075000","273","3","苗栗縣","苗栗市","120.835","24.560","426"
"642","335652","20221102075000","566","1","苗栗縣","苗栗市","120.825","24.585","638"
"361","335655","20221102075000","308","1","苗栗縣","苗栗市","120.815","24.595","314"
"460","335657","20221102075000","312","2","苗栗縣","苗栗市","120.825","24.595","441"
"664","335658","20221102075000","350","3","苗栗縣","苗栗市","120.825","24.575","719"
"482","335660","20221102075000","1166","0","苗栗縣","苗栗市","120.825","24.580","456"
"224","335662","20221102075000","201","1","苗栗縣","苗栗市","120.810","24.560","215"
"1699","335663","20221102075000","2434","0","苗栗縣","苗栗市","120.815","24.560","1632"
"151","335666","20221102075000","308","0","苗栗縣","通霄鎮","120.715","24.560","167"
"57","335669","20221102075000","57","1","苗栗縣","通霄鎮","120.715","24.565","54"
"11","335671","20221102075000","144","0","苗栗縣","通霄鎮","120.710","24.570","11"
"126","335675","20221102075000","131","0","苗栗縣","通霄鎮","120.710","24.565","137"
"132","335689","20221102075000","118","1","苗栗縣","南庄鄉","121.005","24.615","113"
"132","335701","20221102075000","83","3","苗栗縣","南庄鄉","121.010","24.635","148"
"2251","335706","20221102075000","2096","1","苗栗縣","苗栗市","120.820","24.565","2247"
"103","335707","20221102075000","975","0","苗栗縣","苗栗市","120.820","24.570","68"
"658","335708","20221102075000","572","1","苗栗縣","苗栗市","120.820","24.575","633"
"346","335717","20221102075000","371","0","苗栗縣","後龍鎮","120.775","24.650","375"
"24","335748","20221102075000","235","0","苗栗縣","南庄鄉","120.985","24.635","29"
"777","335753","20221102075000","566","2","苗栗縣","苗栗市","120.830","24.575","806"
"221","335754","20221102075000","128","3","苗栗縣","苗栗市","120.830","24.580","207"
"66","335762","20221102075000","1709","0","苗栗縣","苗栗市","120.830","24.570","59"
"911","335763","20221102075000","714","2","苗栗縣","苗栗市","120.835","24.570","919"
"33","335766","20221102075000","150","0","苗栗縣","苗栗市","120.840","24.575","31"
"24","335767","20221102075000","288","0","苗栗縣","苗栗市","120.835","24.580","18"
"28","335776","20221102075000","236","0","苗栗縣","頭屋鄉","120.845","24.595","24"
"53","335787","20221102075000","40","2","苗栗縣","頭屋鄉","120.860","24.570","44"
"29","335795","20221102075000","158","0","苗栗縣","頭屋鄉","120.855","24.580","24"
"166","335796","20221102075000","126","2","苗栗縣","頭屋鄉","120.860","24.580","170"
"26","335799","20221102075000","275","0","苗栗縣","頭屋鄉","120.875","24.580","19"
"61","335801","20221102075000","318","0","苗栗縣","頭屋鄉","120.850","24.570","60"
"146","335804","20221102075000","386","0","苗栗縣","頭屋鄉","120.850","24.575","123"
"107","335805","20221102075000","301","0","苗栗縣","頭屋鄉","120.855","24.575","82"
"141","335817","20221102075000","107","2","苗栗縣","後龍鎮","120.730","24.590","132"
"144","335832","20221102075000","144","1","苗栗縣","後龍鎮","120.735","24.605","160"
"10","335884","20221102075000","27","0","苗栗縣","南庄鄉","121.000","24.570","10"
"12","335931","20221102075000","131","0","苗栗縣","南庄鄉","121.015","24.595","16"
"503","335948","20221102075000","375","2","苗栗縣","南庄鄉","120.955","24.640","523"
"443","335954","20221102075000","324","2","苗栗縣","南庄鄉","121.000","24.600","408"
"421","335959","20221102075000","405","1","苗栗縣","南庄鄉","121.000","24.605","411"
"38","336014","20221102075000","25","3","苗栗縣","南庄鄉","121.035","24.585","24"
"15","336050","20221102075000","90","0","苗栗縣","南庄鄉","121.040","24.600","15"
"313","336097","20221102075000","166","3","苗栗縣","南庄鄉","121.035","24.620","287"
"39","336103","20221102075000","40","0","苗栗縣","南庄鄉","121.020","24.620","45"
"50","336149","20221102075000","163","0","苗栗縣","頭屋鄉","120.890","24.585","49"
"226","336180","20221102075000","164","2","苗栗縣","頭屋鄉","120.885","24.600","241"
"25","336185","20221102075000","392","0","苗栗縣","頭屋鄉","120.845","24.560","24"
"17","336218","20221102075000","27","0","苗栗縣","頭屋鄉","120.895","24.570","45"
"20","336244","20221102075000","288","0","苗栗縣","頭份鎮","120.880","24.645","31"
"182","336248","20221102075000","188","0","苗栗縣","頭份鎮","120.880","24.650","196"
"472","336249","20221102075000","385","2","苗栗縣","頭份鎮","120.885","24.650","447"
"12","336255","20221102075000","13","0","苗栗縣","頭份鎮","120.895","24.650","17"
"734","336266","20221102075000","867","0","苗栗縣","後龍鎮","120.785","24.610","761"
"32","336275","20221102075000","20","3","苗栗縣","後龍鎮","120.825","24.615","24"
"473","336278","20221102075000","427","1","苗栗縣","後龍鎮","120.810","24.620","487"
"213","336282","20221102075000","229","0","苗栗縣","造橋鄉","120.815","24.625","209"
"1718","336283","20221102075000","1341","2","苗栗縣","苗栗市","120.810","24.565","1643"
"1236","336284","20221102075000","1071","1","苗栗縣","苗栗市","120.815","24.565","1225"
"173","336285","20221102075000","171","1","苗栗縣","苗栗市","120.805","24.570","159"
"16","336287","20221102075000","418","0","苗栗縣","苗栗市","120.815","24.570","13"
"39","336288","20221102075000","58","0","苗栗縣","苗栗市","120.810","24.575","45"
"553","336292","20221102075000","441","2","苗栗縣","苗栗市","120.810","24.585","521"
"302","336295","20221102075000","283","1","苗栗縣","苗栗市","120.810","24.590","339"
"21","336298","20221102075000","336","0","苗栗縣","苗栗市","120.810","24.595","21"
"12","336306","20221102075000","11","1","苗栗縣","苗栗市","120.790","24.570","12"
"13","336321","20221102075000","16","0","苗栗縣","苗栗市","120.785","24.585","13"
"20","336323","20221102075000","40","0","苗栗縣","苗栗市","120.795","24.585","17"
"455","336331","20221102075000","851","0","苗栗縣","苗栗市","120.825","24.570","441"
"97","336352","20221102075000","464","0","苗栗縣","後龍鎮","120.805","24.645","85"
"180","336359","20221102075000","97","3","苗栗縣","後龍鎮","120.805","24.650","182"
"1944","336369","20221102075000","1560","2","苗栗縣","後龍鎮","120.790","24.610","1938"
"65","336376","20221102075000","351","0","苗栗縣","後龍鎮","120.810","24.610","62"
"245","336382","20221102075000","228","1","苗栗縣","後龍鎮","120.800","24.625","236"
"215","336386","20221102075000","111","3","苗栗縣","後龍鎮","120.800","24.630","159"
"24","336390","20221102075000","208","0","苗栗縣","後龍鎮","120.800","24.635","23"
"208","336395","20221102075000","215","0","苗栗縣","後龍鎮","120.825","24.605","220"
"193","336400","20221102075000","205","0","苗栗縣","後龍鎮","120.825","24.610","186"
"44","336426","20221102075000","323","0","苗栗縣","造橋鄉","120.890","24.620","41"
"161","336440","20221102075000","105","3","苗栗縣","造橋鄉","120.925","24.600","194"
"65","336466","20221102075000","48","2","苗栗縣","造橋鄉","120.910","24.620","79"
"77","336470","20221102075000","194","0","苗栗縣","造橋鄉","120.865","24.605","51"
"243","336492","20221102075000","162","3","苗栗縣","造橋鄉","120.855","24.620","342"
"26","336501","20221102075000","222","0","苗栗縣","造橋鄉","120.865","24.630","19"
"80","336504","20221102075000","61","2","苗栗縣","造橋鄉","120.860","24.645","88"
"531","336511","20221102075000","235","3","苗栗縣","造橋鄉","120.860","24.655","546"
"150","336512","20221102075000","124","2","苗栗縣","造橋鄉","120.865","24.655","121"
"180","336520","20221102075000","104","3","苗栗縣","造橋鄉","120.850","24.645","175"
"237","336523","20221102075000","185","2","苗栗縣","造橋鄉","120.845","24.650","236"
"78","336531","20221102075000","98","0","苗栗縣","造橋鄉","120.855","24.655","66"
"165","336542","20221102075000","182","0","苗栗縣","造橋鄉","120.840","24.610","152"
"19","336543","20221102075000","15","2","苗栗縣","造橋鄉","120.845","24.610","16"
"78","336546","20221102075000","59","2","苗栗縣","造橋鄉","120.840","24.615","78"
"20","336549","20221102075000","13","3","苗栗縣","造橋鄉","120.830","24.620","19"
"143","336556","20221102075000","149","0","苗栗縣","造橋鄉","120.840","24.625","155"
"177","336559","20221102075000","120","2","苗栗縣","造橋鄉","120.855","24.625","189"
"157","336569","20221102075000","78","3","苗栗縣","造橋鄉","120.860","24.640","131"
"233","336572","20221102075000","238","0","苗栗縣","造橋鄉","120.875","24.640","221"
"196","336573","20221102075000","145","2","苗栗縣","造橋鄉","120.865","24.645","205"
"171","336574","20221102075000","138","2","苗栗縣","造橋鄉","120.870","24.645","168"
"109","336587","20221102075000","54","3","苗栗縣","造橋鄉","120.820","24.630","116"
"16","336597","20221102075000","126","0","苗栗縣","造橋鄉","120.825","24.640","15"
"46","336604","20221102075000","22","3","苗栗縣","造橋鄉","120.840","24.645","45"
"21","336605","20221102075000","99","0","苗栗縣","造橋鄉","120.830","24.650","11"
"188","336610","20221102075000","103","3","苗栗縣","造橋鄉","120.840","24.655","196"
"36","336662","20221102075000","248","0","苗栗縣","獅潭鄉","120.940","24.590","30"
"127","336672","20221102075000","777","0","苗栗縣","頭份鎮","120.890","24.625","108"
"154","336679","20221102075000","172","0","苗栗縣","頭份鎮","120.885","24.635","157"
"153","336689","20221102075000","97","3","苗栗縣","頭份鎮","120.885","24.645","152"
"30","336694","20221102075000","26","1","苗栗縣","頭份鎮","120.905","24.650","25"
"23","336696","20221102075000","153","0","苗栗縣","後龍鎮","120.815","24.635","12"
"300","336716","20221102075000","262","1","苗栗縣","後龍鎮","120.765","24.590","347"
"118","336717","20221102075000","78","3","苗栗縣","後龍鎮","120.750","24.595","107"
"132","336734","20221102075000","113","1","苗栗縣","後龍鎮","120.760","24.635","113"
"43","336737","20221102075000","40","1","苗栗縣","後龍鎮","120.775","24.635","54"
"144","336741","20221102075000","108","2","苗栗縣","後龍鎮","120.770","24.640","157"
"542","336749","20221102075000","459","1","苗栗縣","後龍鎮","120.825","24.600","539"
"442","336751","20221102075000","359","2","苗栗縣","後龍鎮","120.815","24.605","434"
"49","336767","20221102075000","359","0","苗栗縣","後龍鎮","120.790","24.590","145"
"48","336777","20221102075000","504","0","苗栗縣","後龍鎮","120.780","24.600","38"
"299","336816","20221102075000","460","0","苗栗縣","西湖鄉","120.755","24.560","309"
"331","336818","20221102075000","278","1","苗栗縣","西湖鄉","120.755","24.565","374"
"26","336840","20221102075000","71","0","苗栗縣","苗栗市","120.825","24.560","29"
"63","336841","20221102075000","762","0","苗栗縣","後龍鎮","120.790","24.615","55"
"339","336849","20221102075000","321","1","苗栗縣","後龍鎮","120.735","24.570","308"
"52","336867","20221102075000","68","0","苗栗縣","後龍鎮","120.725","24.590","69"
"1004","345384","20221102075000","822","2","宜蘭縣","員山鄉","121.730","24.730","949"
"530","345386","20221102075000","401","2","宜蘭縣","冬山鄉","121.750","24.655","561"
"934","345394","20221102075000","846","1","宜蘭縣","員山鄉","121.725","24.740","971"
"784","345398","20221102075000","621","2","宜蘭縣","員山鄉","121.725","24.745","729"
"163","345405","20221102075000","170","0","宜蘭縣","員山鄉","121.705","24.730","218"
"230","345413","20221102075000","125","3","宜蘭縣","員山鄉","121.715","24.735","211"
"341","345414","20221102075000","394","0","宜蘭縣","員山鄉","121.720","24.735","338"
"52","345418","20221102075000","467","0","宜蘭縣","宜蘭市","121.760","24.755","52"
"1332","345419","20221102075000","1646","0","宜蘭縣","宜蘭市","121.755","24.755","1448"
"231","345420","20221102075000","247","0","宜蘭縣","員山鄉","121.730","24.710","255"
"606","345431","20221102075000","500","2","宜蘭縣","宜蘭市","121.740","24.725","604"
"83","345442","20221102075000","60","2","宜蘭縣","員山鄉","121.630","24.690","93"
"28","345460","20221102075000","26","1","宜蘭縣","員山鄉","121.645","24.700","17"
"96","345472","20221102075000","84","1","宜蘭縣","員山鄉","121.645","24.705","93"
"81","345493","20221102075000","70","1","宜蘭縣","員山鄉","121.665","24.710","70"
"37","345545","20221102075000","65","0","宜蘭縣","員山鄉","121.680","24.715","44"
"378","345546","20221102075000","337","1","宜蘭縣","員山鄉","121.685","24.715","410"
"409","345550","20221102075000","335","2","宜蘭縣","員山鄉","121.685","24.720","426"
"913","345564","20221102075000","716","2","宜蘭縣","冬山鄉","121.705","24.655","1069"
"444","345567","20221102075000","398","1","宜蘭縣","冬山鄉","121.745","24.670","417"
"26","345571","20221102075000","256","0","宜蘭縣","羅東鎮","121.750","24.685","32"
"25","345574","20221102075000","20","2","宜蘭縣","冬山鄉","121.730","24.660","17"
"370","345575","20221102075000","303","2","宜蘭縣","冬山鄉","121.735","24.660","357"
"467","345579","20221102075000","418","1","宜蘭縣","冬山鄉","121.745","24.665","464"
"592","345580","20221102075000","342","3","宜蘭縣","冬山鄉","121.750","24.670","612"
"334","345593","20221102075000","265","2","宜蘭縣","冬山鄉","121.735","24.680","383"
"234","345596","20221102075000","218","1","宜蘭縣","冬山鄉","121.730","24.685","225"
"440","345600","20221102075000","225","3","宜蘭縣","冬山鄉","121.740","24.690","469"
"82","345608","20221102075000","168","0","宜蘭縣","壯圍鄉","121.780","24.725","86"
"586","345621","20221102075000","385","3","宜蘭縣","宜蘭市","121.755","24.765","559"
"387","345623","20221102075000","456","0","宜蘭縣","三星鄉","121.685","24.700","434"
"213","345646","20221102075000","190","1","宜蘭縣","五結鄉","121.775","24.700","216"
"52","345649","20221102075000","200","0","宜蘭縣","五結鄉","121.790","24.700","53"
"302","345652","20221102075000","254","1","宜蘭縣","五結鄉","121.785","24.705","308"
"227","345678","20221102075000","251","0","宜蘭縣","三星鄉","121.675","24.685","222"
"279","345685","20221102075000","434","0","宜蘭縣","三星鄉","121.670","24.690","258"
"25","345695","20221102075000","137","0","宜蘭縣","三星鄉","121.685","24.695","23"
"250","345711","20221102075000","193","2","宜蘭縣","三星鄉","121.630","24.665","284"
"954","345715","20221102075000","964","0","宜蘭縣","宜蘭市","121.755","24.760","942"
"429","345716","20221102075000","338","2","宜蘭縣","三星鄉","121.655","24.670","407"
"1410","345720","20221102075000","1247","1","宜蘭縣","三星鄉","121.650","24.665","1369"
"641","345726","20221102075000","845","0","宜蘭縣","壯圍鄉","121.815","24.760","631"
"175","345731","20221102075000","210","0","宜蘭縣","大同鄉","121.600","24.675","187"
"165","345738","20221102075000","150","1","宜蘭縣","大同鄉","121.610","24.680","151"
"101","345857","20221102075000","86","1","宜蘭縣","大同鄉","121.580","24.655","91"
"122","345897","20221102075000","102","1","宜蘭縣","大同鄉","121.590","24.665","131"
"12","345918","20221102075000","25","0","宜蘭縣","大同鄉","121.590","24.670","19"
"306","345998","20221102075000","344","0","宜蘭縣","宜蘭市","121.745","24.760","338"
"378","346004","20221102075000","413","0","宜蘭縣","壯圍鄉","121.820","24.725","357"
"538","346010","20221102075000","437","2","宜蘭縣","員山鄉","121.685","24.730","446"
"417","346029","20221102075000","262","3","宜蘭縣","員山鄉","121.705","24.710","408"
"137","346033","20221102075000","164","0","宜蘭縣","員山鄉","121.725","24.710","155"
"1110","346041","20221102075000","824","2","宜蘭縣","員山鄉","121.720","24.725","916"
"13","346057","20221102075000","101","0","宜蘭縣","員山鄉","121.700","24.755","141"
"17","346150","20221102075000","15","1","宜蘭縣","員山鄉","121.670","24.745","15"
"260","346153","20221102075000","196","2","宜蘭縣","員山鄉","121.685","24.745","225"
"33","346184","20221102075000","57","0","宜蘭縣","員山鄉","121.640","24.755","65"
"165","346231","20221102075000","142","1","宜蘭縣","冬山鄉","121.790","24.655","168"
"404","346234","20221102075000","370","1","宜蘭縣","冬山鄉","121.805","24.655","410"
"730","346247","20221102075000","754","0","宜蘭縣","羅東鎮","121.775","24.685","728"
"237","346248","20221102075000","232","1","宜蘭縣","五結鄉","121.775","24.690","235"
"863","346251","20221102075000","602","2","宜蘭縣","五結鄉","121.770","24.695","806"
"395","346252","20221102075000","320","2","宜蘭縣","五結鄉","121.775","24.695","365"
"2883","346254","20221102075000","3212","0","宜蘭縣","羅東鎮","121.770","24.680","2991"
"37","346256","20221102075000","22","3","宜蘭縣","員山鄉","121.720","24.760","26"
"2763","346259","20221102075000","2386","1","宜蘭縣","五結鄉","121.770","24.705","2793"
"100","346261","20221102075000","605","0","宜蘭縣","五結鄉","121.785","24.685","98"
"2005","346263","20221102075000","1808","1","宜蘭縣","五結鄉","121.795","24.685","1956"
"926","346264","20221102075000","846","1","宜蘭縣","五結鄉","121.800","24.685","963"
"1492","346266","20221102075000","1346","1","宜蘭縣","五結鄉","121.795","24.690","1565"
"643","346267","20221102075000","594","1","宜蘭縣","五結鄉","121.795","24.695","645"
"890","346274","20221102075000","1120","0","宜蘭縣","五結鄉","121.820","24.665","920"
"21","346275","20221102075000","10","3","宜蘭縣","五結鄉","121.825","24.665","13"
"516","346280","20221102075000","488","1","宜蘭縣","五結鄉","121.810","24.675","514"
"94","346281","20221102075000","105","0","宜蘭縣","五結鄉","121.815","24.675","92"
"282","346284","20221102075000","375","0","宜蘭縣","五結鄉","121.815","24.680","326"
"205","346286","20221102075000","158","2","宜蘭縣","五結鄉","121.800","24.680","204"
"40","346292","20221102075000","348","0","宜蘭縣","壯圍鄉","121.795","24.760","41"
"10","346343","20221102075000","20","0","宜蘭縣","三星鄉","121.700","24.695","10"
"20","346357","20221102075000","14","2","宜蘭縣","壯圍鄉","121.815","24.740","20"
"218","346360","20221102075000","255","0","宜蘭縣","壯圍鄉","121.815","24.745","215"
"33","346378","20221102075000","24","2","宜蘭縣","壯圍鄉","121.805","24.765","33"
"2263","346379","20221102075000","2230","1","宜蘭縣","宜蘭市","121.750","24.750","2254"
"332","346389","20221102075000","290","1","宜蘭縣","五結鄉","121.810","24.700","403"
"142","346394","20221102075000","195","0","宜蘭縣","五結鄉","121.830","24.675","133"
"316","346399","20221102075000","549","0","宜蘭縣","五結鄉","121.825","24.680","344"
"41","346400","20221102075000","70","0","宜蘭縣","五結鄉","121.830","24.680","34"
"16","346401","20221102075000","19","0","宜蘭縣","五結鄉","121.835","24.680","19"
"41","346403","20221102075000","53","0","宜蘭縣","五結鄉","121.825","24.685","31"
"21","346410","20221102075000","12","3","宜蘭縣","五結鄉","121.835","24.655","27"
"311","346413","20221102075000","286","1","宜蘭縣","五結鄉","121.835","24.660","295"
"211","346416","20221102075000","179","1","宜蘭縣","五結鄉","121.835","24.665","206"
"728","346420","20221102075000","854","0","宜蘭縣","五結鄉","121.795","24.680","754"
"679","346421","20221102075000","531","2","宜蘭縣","五結鄉","121.800","24.675","695"
"707","346423","20221102075000","446","3","宜蘭縣","五結鄉","121.785","24.680","763"
"547","346429","20221102075000","357","3","宜蘭縣","冬山鄉","121.775","24.660","536"
"161","346430","20221102075000","289","0","宜蘭縣","冬山鄉","121.770","24.665","29"
"265","346431","20221102075000","440","0","宜蘭縣","宜蘭市","121.745","24.755","255"
"345","346436","20221102075000","508","0","宜蘭縣","宜蘭市","121.750","24.740","338"
"1064","346437","20221102075000","948","1","宜蘭縣","宜蘭市","121.750","24.760","1046"
"227","346442","20221102075000","247","0","宜蘭縣","冬山鄉","121.780","24.660","200"
"446","346443","20221102075000","321","2","宜蘭縣","冬山鄉","121.785","24.660","423"
"172","346456","20221102075000","163","1","宜蘭縣","宜蘭市","121.770","24.720","144"
"862","346457","20221102075000","726","1","宜蘭縣","宜蘭市","121.760","24.720","856"
"179","346458","20221102075000","160","1","宜蘭縣","宜蘭市","121.765","24.720","206"
"156","346461","20221102075000","190","0","宜蘭縣","五結鄉","121.820","24.695","180"
"158","346470","20221102075000","108","2","宜蘭縣","五結鄉","121.810","24.705","151"
"500","346472","20221102075000","456","1","宜蘭縣","五結鄉","121.820","24.705","489"
"267","346534","20221102075000","224","1","宜蘭縣","三星鄉","121.680","24.665","269"
"224","346538","20221102075000","250","0","宜蘭縣","三星鄉","121.680","24.670","239"
"382","346540","20221102075000","411","0","宜蘭縣","宜蘭市","121.740","24.760","363"
"344","346545","20221102075000","711","0","宜蘭縣","員山鄉","121.710","24.750","270"
"292","346553","20221102075000","208","2","宜蘭縣","員山鄉","121.715","24.760","327"
"619","346555","20221102075000","515","2","宜蘭縣","羅東鎮","121.765","24.690","624"
"603","346556","20221102075000","621","0","宜蘭縣","五結鄉","121.770","24.690","575"
"210","346558","20221102075000","181","1","宜蘭縣","壯圍鄉","121.800","24.730","223"
"1593","346566","20221102075000","1358","1","宜蘭縣","壯圍鄉","121.785","24.745","1572"
"312","346572","20221102075000","349","0","宜蘭縣","三星鄉","121.690","24.680","288"
"378","346599","20221102075000","394","0","宜蘭縣","三星鄉","121.700","24.665","364"
"459","346607","20221102075000","410","1","宜蘭縣","三星鄉","121.710","24.670","451"
"583","346608","20221102075000","492","1","宜蘭縣","三星鄉","121.715","24.670","566"
"320","346611","20221102075000","227","2","宜蘭縣","冬山鄉","121.730","24.670","300"
"17","346623","20221102075000","12","2","宜蘭縣","三星鄉","121.615","24.660","14"
"507","346626","20221102075000","636","0","宜蘭縣","員山鄉","121.725","24.765","512"
"1223","346628","20221102075000","3324","0","宜蘭縣","羅東鎮","121.770","24.675","1300"
"2525","346629","20221102075000","2957","0","宜蘭縣","羅東鎮","121.760","24.680","2431"
"2502","346630","20221102075000","2515","0","宜蘭縣","羅東鎮","121.760","24.675","2460"
"587","346634","20221102075000","496","1","宜蘭縣","宜蘭市","121.775","24.735","556"
"886","346635","20221102075000","701","2","宜蘭縣","宜蘭市","121.765","24.740","805"
"1392","346642","20221102075000","1580","0","宜蘭縣","宜蘭市","121.770","24.750","1317"
"17","346652","20221102075000","66","0","宜蘭縣","壯圍鄉","121.805","24.720","15"
"1961","346668","20221102075000","1481","2","宜蘭縣","宜蘭市","121.750","24.755","2100"
"626","346672","20221102075000","729","0","宜蘭縣","冬山鄉","121.770","24.655","647"
"923","346673","20221102075000","780","1","宜蘭縣","冬山鄉","121.755","24.660","929"
"372","346674","20221102075000","330","1","宜蘭縣","冬山鄉","121.760","24.660","351"
"537","346675","20221102075000","392","2","宜蘭縣","冬山鄉","121.765","24.660","540"
"1477","346678","20221102075000","1087","2","宜蘭縣","羅東鎮","121.780","24.675","1425"
"465","346684","20221102075000","523","0","宜蘭縣","宜蘭市","121.770","24.725","490"
"462","346685","20221102075000","361","2","宜蘭縣","宜蘭市","121.765","24.725","435"
"2417","346692","20221102075000","2289","1","宜蘭縣","宜蘭市","121.755","24.745","2504"
"378","346698","20221102075000","284","2","宜蘭縣","三星鄉","121.725","24.690","399"
"608","346702","20221102075000","560","1","宜蘭縣","三星鄉","121.730","24.695","635"
"494","346710","20221102075000","481","1","宜蘭縣","羅東鎮","121.755","24.670","486"
"809","346712","20221102075000","936","0","宜蘭縣","羅東鎮","121.765","24.670","871"
"671","346713","20221102075000","535","2","宜蘭縣","五結鄉","121.800","24.690","683"
"1010","346714","20221102075000","832","2","宜蘭縣","五結鄉","121.800","24.695","949"
"467","346718","20221102075000","598","0","宜蘭縣","五結鄉","121.790","24.705","481"
"175","346731","20221102075000","248","0","宜蘭縣","三星鄉","121.745","24.700","180"
"2385","346739","20221102075000","2232","1","新竹縣","竹東鎮","121.100","24.720","2260"
"789","346747","20221102075000","871","0","新竹縣","竹東鎮","121.035","24.760","757"
"2570","346754","20221102075000","1872","2","新竹縣","竹東鎮","121.090","24.745","2614"
"1012","346790","20221102075000","984","1","新竹市","香山區","120.955","24.750","1062"
"74","346791","20221102075000","113","0","新竹市","香山區","120.940","24.755","79"
"242","346792","20221102075000","244","0","新竹市","香山區","120.945","24.755","234"
"1220","346793","20221102075000","1373","0","新竹市","香山區","120.950","24.755","1202"
"141","346794","20221102075000","118","1","新竹市","香山區","120.920","24.720","137"
"514","346797","20221102075000","502","1","新竹市","香山區","120.915","24.730","567"
"235","346804","20221102075000","194","2","新竹市","香山區","120.915","24.735","218"
"881","346806","20221102075000","1043","0","新竹市","香山區","120.915","24.740","729"
"1021","346812","20221102075000","724","2","新竹市","香山區","120.910","24.745","1015"
"190","346817","20221102075000","280","0","新竹市","香山區","120.880","24.735","173"
"317","346825","20221102075000","378","0","新竹市","香山區","120.895","24.740","362"
"17","346835","20221102075000","101","0","新竹市","香山區","120.925","24.715","15"
"30","346841","20221102075000","101","0","新竹市","香山區","120.930","24.725","29"
"214","346860","20221102075000","117","3","新竹縣","關西鎮","121.210","24.760","173"
"69","346867","20221102075000","63","1","新竹縣","關西鎮","121.215","24.765","76"
"105","346868","20221102075000","70","3","新竹縣","關西鎮","121.220","24.765","118"
"100","346896","20221102075000","62","3","新竹縣","關西鎮","121.240","24.765","89"
"206","346907","20221102075000","126","3","新竹縣","關西鎮","121.230","24.770","195"
"2532","346918","20221102075000","2617","0","新竹市","東區","121.020","24.760","2460"
"213","346919","20221102075000","153","2","新竹市","東區","121.025","24.760","183"
"1109","346920","20221102075000","1527","0","新竹市","東區","121.020","24.765","1152"
"1632","346921","20221102075000","1776","0","新竹市","東區","121.025","24.765","1670"
"13773","346922","20221102075000","9074","3","新竹市","東區","121.015","24.770","12530"
"2222","346923","20221102075000","3292","0","新竹市","東區","121.020","24.770","2147"
"773","346924","20221102075000","706","1","新竹市","東區","121.025","24.770","720"
"31","346936","20221102075000","408","0","新竹縣","橫山鄉","121.100","24.710","29"
"521","346937","20221102075000","559","0","新竹縣","竹東鎮","121.100","24.715","475"
"355","346949","20221102075000","362","0","新竹縣","橫山鄉","121.180","24.705","349"
"220","346961","20221102075000","171","2","新竹縣","橫山鄉","121.165","24.710","174"
"251","346964","20221102075000","202","2","新竹縣","橫山鄉","121.150","24.715","241"
"13","346967","20221102075000","34","0","新竹縣","橫山鄉","121.165","24.715","11"
"756","347497","20221102075000","931","0","新竹市","東區","120.975","24.765","765"
"630","347498","20221102075000","416","3","新竹市","東區","120.980","24.765","625"
"327","347499","20221102075000","267","2","新竹市","東區","120.970","24.770","327"
"1581","347500","20221102075000","1493","1","新竹市","東區","120.975","24.770","1585"
"433","347505","20221102075000","320","2","新竹市","東區","120.965","24.765","457"
"794","347506","20221102075000","863","0","新竹市","東區","120.970","24.765","810"
"922","347508","20221102075000","945","0","新竹縣","竹東鎮","121.085","24.735","903"
"264","347515","20221102075000","421","0","新竹縣","竹東鎮","121.075","24.725","253"
"527","347520","20221102075000","521","1","新竹縣","竹東鎮","121.090","24.730","440"
"1142","347521","20221102075000","1036","1","新竹縣","竹東鎮","121.085","24.740","1167"
"878","347522","20221102075000","782","1","新竹縣","竹東鎮","121.100","24.745","829"
"468","347533","20221102075000","437","1","新竹縣","芎林鄉","121.125","24.725","463"
"348","347538","20221102075000","354","0","新竹縣","芎林鄉","121.120","24.735","374"
"278","347547","20221102075000","267","1","新竹縣","芎林鄉","121.135","24.745","281"
"15","347573","20221102075000","71","0","新竹縣","關西鎮","121.185","24.755","15"
"102","347621","20221102075000","72","2","新竹縣","關西鎮","121.195","24.750","90"
"137","347640","20221102075000","130","1","新竹縣","關西鎮","121.180","24.745","75"
"12","347650","20221102075000","32","0","新竹縣","關西鎮","121.170","24.755","12"
"131","347665","20221102075000","76","3","新竹縣","關西鎮","121.170","24.765","127"
"174","347670","20221102075000","156","1","新竹縣","關西鎮","121.170","24.770","168"
"3261","347702","20221102075000","3086","1","新竹縣","竹東鎮","121.090","24.740","3312"
"222","347705","20221102075000","240","0","新竹縣","竹東鎮","121.100","24.695","226"
"1464","347714","20221102075000","1754","0","新竹縣","竹東鎮","121.050","24.770","1557"
"159","347720","20221102075000","113","2","新竹縣","寶山鄉","121.030","24.735","164"
"54","347723","20221102075000","223","0","新竹縣","寶山鄉","121.020","24.740","52"
"378","347740","20221102075000","328","1","新竹縣","寶山鄉","121.030","24.750","411"
"129","347774","20221102075000","88","2","新竹縣","寶山鄉","121.050","24.730","116"
"140","347788","20221102075000","79","3","新竹縣","寶山鄉","121.040","24.745","121"
"110","347794","20221102075000","93","1","新竹縣","寶山鄉","121.045","24.745","110"
"225","347805","20221102075000","225","1","新竹縣","寶山鄉","120.960","24.725","253"
"100","347806","20221102075000","97","1","新竹縣","寶山鄉","120.965","24.725","113"
"225","347809","20221102075000","256","0","新竹縣","寶山鄉","120.980","24.725","227"
"63","347818","20221102075000","78","0","新竹縣","寶山鄉","120.970","24.735","52"
"62","347821","20221102075000","45","2","新竹縣","寶山鄉","120.985","24.735","58"
"237","347823","20221102075000","219","1","新竹縣","寶山鄉","120.970","24.740","214"
"165","347832","20221102075000","139","1","新竹縣","寶山鄉","120.980","24.745","167"
"246","347835","20221102075000","280","0","新竹縣","寶山鄉","120.980","24.755","303"
"74","347842","20221102075000","77","0","新竹縣","寶山鄉","121.000","24.715","87"
"103","347845","20221102075000","82","2","新竹縣","寶山鄉","121.015","24.715","107"
"926","347878","20221102075000","816","1","新竹縣","寶山鄉","120.940","24.725","903"
"176","347889","20221102075000","157","1","新竹縣","寶山鄉","120.960","24.745","200"
"1151","347925","20221102075000","1003","1","新竹縣","北埔鄉","121.055","24.695","1090"
"167","347926","20221102075000","165","1","新竹縣","北埔鄉","121.045","24.700","184"
"271","347927","20221102075000","166","3","新竹縣","北埔鄉","121.050","24.700","261"
"21","347931","20221102075000","21","1","新竹縣","北埔鄉","121.050","24.705","17"
"129","347934","20221102075000","85","3","新竹縣","北埔鄉","121.045","24.715","104"
"292","347949","20221102075000","220","2","新竹縣","北埔鄉","121.065","24.675","255"
"402","347958","20221102075000","337","1","新竹縣","橫山鄉","121.130","24.725","402"
"404","347976","20221102075000","360","1","新竹縣","橫山鄉","121.140","24.720","398"
"11","347986","20221102075000","20","0","新竹縣","橫山鄉","121.130","24.700","11"
"150","347995","20221102075000","155","0","新竹縣","橫山鄉","121.115","24.710","144"
"440","348000","20221102075000","324","2","新竹縣","橫山鄉","121.110","24.715","471"
"142","348001","20221102075000","117","2","新竹縣","橫山鄉","121.115","24.715","122"
"21","348003","20221102075000","68","0","新竹縣","橫山鄉","121.125","24.715","21"
"32","348006","20221102075000","166","0","新竹縣","橫山鄉","121.115","24.720","36"
"415","348007","20221102075000","599","0","新竹縣","橫山鄉","121.120","24.720","421"
"16","348008","20221102075000","39","0","新竹縣","橫山鄉","121.125","24.720","15"
"396","348022","20221102075000","261","3","新竹縣","橫山鄉","121.160","24.740","335"
"134","348032","20221102075000","74","3","新竹縣","橫山鄉","121.165","24.745","128"
"78","348040","20221102075000","52","3","新竹縣","橫山鄉","121.105","24.680","67"
"47","348074","20221102075000","43","1","新竹縣","橫山鄉","121.165","24.730","60"
"10","348083","20221102075000","21","0","新竹縣","橫山鄉","121.180","24.735","10"
"11","348089","20221102075000","11","1","新竹縣","關西鎮","121.185","24.740","11"
"307","348136","20221102075000","138","3","新竹縣","橫山鄉","121.140","24.700","237"
"1220","348137","20221102075000","1143","1","新竹縣","竹東鎮","121.095","24.735","1251"
"1622","348138","20221102075000","1559","1","新竹縣","竹東鎮","121.100","24.735","1567"
"47","348144","20221102075000","30","3","新竹縣","芎林鄉","121.110","24.770","43"
"802","348163","20221102075000","727","1","新竹縣","芎林鄉","121.085","24.765","1014"
"50","348164","20221102075000","26","3","新竹縣","芎林鄉","121.085","24.770","28"
"511","348165","20221102075000","452","1","新竹縣","芎林鄉","121.095","24.760","498"
"105","348190","20221102075000","62","3","新竹縣","芎林鄉","121.125","24.755","98"
"10","348191","20221102075000","11","0","新竹縣","芎林鄉","121.130","24.755","12"
"511","348207","20221102075000","483","1","新竹縣","寶山鄉","120.985","24.750","597"
"397","348212","20221102075000","438","0","新竹縣","寶山鄉","120.995","24.755","368"
"1372","348213","20221102075000","1065","2","新竹縣","寶山鄉","120.985","24.760","1393"
"747","348217","20221102075000","750","0","新竹縣","寶山鄉","120.990","24.765","756"
"258","348225","20221102075000","223","1","新竹縣","尖石鄉","121.200","24.705","245"
"33","348257","20221102075000","24","2","新竹縣","尖石鄉","121.235","24.720","32"
"68","348272","20221102075000","43","3","新竹縣","尖石鄉","121.225","24.730","72"
"69","348276","20221102075000","40","3","新竹縣","尖石鄉","121.245","24.730","58"
"64","348320","20221102075000","20","3","新竹縣","尖石鄉","121.260","24.705","57"
"73","348345","20221102075000","88","0","新竹縣","尖石鄉","121.270","24.715","79"
"111","348353","20221102075000","105","1","新竹縣","尖石鄉","121.250","24.720","132"
"65","348419","20221102075000","74","0","新竹縣","尖石鄉","121.265","24.745","82"
"40","348468","20221102075000","47","0","新竹縣","尖石鄉","121.195","24.670","47"
"33","348470","20221102075000","42","0","新竹縣","尖石鄉","121.205","24.670","45"
"76","348506","20221102075000","55","2","新竹縣","尖石鄉","121.350","24.660","97"
"55","348549","20221102075000","51","1","新竹縣","尖石鄉","121.310","24.685","47"
"168","348577","20221102075000","137","2","新竹縣","尖石鄉","121.280","24.665","188"
"16","348608","20221102075000","16","1","新竹縣","尖石鄉","121.185","24.685","14"
"19","348708","20221102075000","12","3","新竹縣","尖石鄉","121.235","24.680","31"
"147","348711","20221102075000","93","3","新竹縣","尖石鄉","121.250","24.680","146"
"88","348720","20221102075000","124","0","新竹縣","尖石鄉","121.220","24.685","67"
"453","348785","20221102075000","211","3","新竹縣","尖石鄉","121.220","24.705","401"
"68","348819","20221102075000","36","3","新竹縣","峨眉鄉","121.035","24.695","66"
"44","348820","20221102075000","141","0","新竹縣","北埔鄉","121.040","24.695","33"
"84","348822","20221102075000","70","2","新竹縣","峨眉鄉","121.035","24.700","68"
"74","348831","20221102075000","66","1","新竹縣","峨眉鄉","120.985","24.685","80"
"59","348834","20221102075000","41","2","新竹縣","峨眉鄉","120.970","24.690","62"
"18","348835","20221102075000","10","3","新竹縣","峨眉鄉","120.975","24.690","10"
"91","348838","20221102075000","93","0","新竹縣","峨眉鄉","120.990","24.690","97"
"66","348845","20221102075000","60","1","新竹縣","峨眉鄉","120.985","24.700","62"
"47","348851","20221102075000","34","2","新竹縣","峨眉鄉","120.990","24.705","55"
"377","348861","20221102075000","305","2","新竹縣","峨眉鄉","121.025","24.685","382"
"100","348863","20221102075000","220","0","新竹縣","峨眉鄉","121.020","24.690","251"
"32","348870","20221102075000","126","0","新竹縣","北埔鄉","121.055","24.685","133"
"139","348889","20221102075000","109","2","新竹縣","北埔鄉","121.090","24.690","153"
"86","348892","20221102075000","44","3","新竹縣","北埔鄉","121.070","24.695","85"
"496","348909","20221102075000","463","1","新竹縣","北埔鄉","121.060","24.700","463"
"80","348910","20221102075000","50","3","新竹縣","北埔鄉","121.065","24.700","57"
"62","348944","20221102075000","25","3","新竹縣","寶山鄉","121.000","24.720","54"
"147","348947","20221102075000","137","1","新竹縣","寶山鄉","121.000","24.725","165"
"17","348952","20221102075000","57","0","新竹縣","寶山鄉","121.005","24.730","16"
"334","348957","20221102075000","221","3","新竹縣","寶山鄉","120.990","24.740","303"
"60","348958","20221102075000","59","1","新竹縣","寶山鄉","120.995","24.740","65"
"83","348969","20221102075000","52","3","新竹縣","寶山鄉","121.005","24.745","53"
"850","348971","20221102075000","1128","0","新竹縣","寶山鄉","121.005","24.750","872"
"794","348978","20221102075000","861","0","新竹縣","寶山鄉","121.020","24.755","822"
"414","348983","20221102075000","528","0","新竹縣","寶山鄉","121.000","24.765","452"
"1930","348986","20221102075000","2872","0","新竹縣","寶山鄉","121.015","24.765","1706"
"1524","348987","20221102075000","1571","0","新竹縣","寶山鄉","121.000","24.770","1429"
"673","348988","20221102075000","284","3","新竹縣","寶山鄉","121.005","24.770","556"
"239","348989","20221102075000","603","0","新竹縣","寶山鄉","121.010","24.770","229"
"65","348993","20221102075000","55","1","新竹縣","峨眉鄉","120.990","24.665","60"
"25","349000","20221102075000","20","2","新竹縣","峨眉鄉","120.995","24.670","27"
"90","349005","20221102075000","42","3","新竹縣","峨眉鄉","120.985","24.675","73"
"86","349012","20221102075000","68","2","新竹縣","峨眉鄉","120.990","24.680","103"
"129","349031","20221102075000","110","1","新竹縣","峨眉鄉","121.000","24.700","125"
"894","349060","20221102075000","877","1","新竹縣","竹東鎮","121.060","24.750","882"
"262","349062","20221102075000","250","1","新竹縣","竹東鎮","121.070","24.750","248"
"606","349066","20221102075000","853","0","新竹縣","竹東鎮","121.070","24.755","651"
"1725","349070","20221102075000","1383","2","新竹縣","竹東鎮","121.065","24.760","1707"
"4599","349073","20221102075000","4471","1","新竹縣","竹東鎮","121.060","24.765","4550"
"49","349074","20221102075000","120","0","新竹縣","竹東鎮","121.065","24.765","46"
"124","349079","20221102075000","97","2","新竹縣","竹東鎮","121.120","24.660","138"
"87","349087","20221102075000","259","0","新竹縣","竹東鎮","121.090","24.720","71"
"1599","349088","20221102075000","1426","1","新竹縣","竹東鎮","121.095","24.720","1646"
"2085","349089","20221102075000","2120","0","新竹縣","竹東鎮","121.090","24.725","2011"
"573","349090","20221102075000","519","1","新竹縣","竹東鎮","121.095","24.725","589"
"1777","349092","20221102075000","1175","3","新竹縣","竹東鎮","121.095","24.730","1813"
"363","349094","20221102075000","403","0","新竹縣","竹東鎮","121.105","24.730","380"
"355","349096","20221102075000","366","0","新竹縣","竹東鎮","121.055","24.755","375"
"209","349099","20221102075000","236","0","新竹縣","竹東鎮","121.045","24.765","183"
"767","349103","20221102075000","565","2","新竹縣","竹東鎮","121.060","24.770","745"
"553","349105","20221102075000","387","2","新竹縣","竹東鎮","121.080","24.735","516"
"19","349109","20221102075000","75","0","新竹縣","竹東鎮","121.080","24.740","17"
"93","349110","20221102075000","54","3","新竹縣","竹東鎮","121.075","24.745","83"
"827","349113","20221102075000","931","0","新竹縣","竹東鎮","121.080","24.745","874"
"1481","349114","20221102075000","1156","2","新竹縣","竹東鎮","121.085","24.745","1627"
"309","349115","20221102075000","271","1","新竹縣","竹東鎮","121.080","24.750","316"
"648","349118","20221102075000","677","0","宜蘭縣","宜蘭市","121.780","24.750","695"
"905","349120","20221102075000","743","2","宜蘭縣","宜蘭市","121.765","24.755","845"
"475","349124","20221102075000","547","0","宜蘭縣","宜蘭市","121.765","24.760","456"
"403","349125","20221102075000","481","0","宜蘭縣","宜蘭市","121.770","24.760","440"
"125","349130","20221102075000","177","0","宜蘭縣","宜蘭市","121.760","24.725","136"
"529","349131","20221102075000","409","2","宜蘭縣","宜蘭市","121.755","24.730","558"
"51","349132","20221102075000","45","1","宜蘭縣","宜蘭市","121.760","24.730","49"
"627","349136","20221102075000","622","1","宜蘭縣","宜蘭市","121.755","24.740","655"
"433","349139","20221102075000","457","0","宜蘭縣","宜蘭市","121.735","24.755","476"
"1111","349140","20221102075000","1354","0","宜蘭縣","宜蘭市","121.740","24.755","1129"
"21","349143","20221102075000","32","0","宜蘭縣","羅東鎮","121.755","24.680","20"
"2296","349144","20221102075000","1956","1","宜蘭縣","羅東鎮","121.775","24.680","2152"
"1645","349145","20221102075000","1623","1","宜蘭縣","羅東鎮","121.775","24.675","1600"
"838","349146","20221102075000","769","1","宜蘭縣","羅東鎮","121.750","24.675","894"
"861","349147","20221102075000","831","1","宜蘭縣","羅東鎮","121.770","24.685","855"
"340","349149","20221102075000","182","3","宜蘭縣","羅東鎮","121.750","24.680","337"
"294","349158","20221102075000","94","3","新竹市","香山區","120.930","24.745","367"
"152","349160","20221102075000","94","3","新竹市","香山區","120.925","24.750","117"
"452","349162","20221102075000","404","1","新竹市","香山區","120.915","24.760","510"
"854","349166","20221102075000","737","1","新竹市","香山區","120.915","24.765","876"
"107","349176","20221102075000","106","1","新竹市","香山區","120.955","24.760","91"
"192","349177","20221102075000","210","0","新竹市","東區","120.960","24.760","164"
"1128","349183","20221102075000","1047","1","新竹市","香山區","120.955","24.770","1107"
"63","349184","20221102075000","340","0","新竹市","香山區","120.960","24.770","43"
"155","349196","20221102075000","228","0","新竹市","香山區","120.920","24.760","155"
"94","349198","20221102075000","52","3","新竹市","香山區","120.930","24.760","81"
"71","349203","20221102075000","82","0","宜蘭縣","宜蘭市","121.765","24.745","50"
"1302","349204","20221102075000","1435","0","宜蘭縣","宜蘭市","121.760","24.750","1394"
"993","349205","20221102075000","731","2","宜蘭縣","宜蘭市","121.765","24.750","881"
"1521","349206","20221102075000","1960","0","宜蘭縣","羅東鎮","121.775","24.670","1581"
"1085","349207","20221102075000","1117","0","宜蘭縣","羅東鎮","121.755","24.675","1059"
"96","349208","20221102075000","216","0","宜蘭縣","羅東鎮","121.755","24.690","119"
"87","349210","20221102075000","102","0","宜蘭縣","羅東鎮","121.755","24.695","62"
"655","349211","20221102075000","538","2","宜蘭縣","羅東鎮","121.760","24.695","670"
"884","349214","20221102075000","1567","0","宜蘭縣","羅東鎮","121.770","24.670","774"
"521","349216","20221102075000","665","0","宜蘭縣","羅東鎮","121.800","24.665","571"
"1119","349222","20221102075000","541","3","宜蘭縣","羅東鎮","121.795","24.675","1086"
"652","349224","20221102075000","597","1","宜蘭縣","羅東鎮","121.785","24.675","668"
"2889","349225","20221102075000","2426","1","宜蘭縣","羅東鎮","121.780","24.680","2983"
"1486","349227","20221102075000","1382","1","宜蘭縣","宜蘭市","121.750","24.745","1426"
"872","349228","20221102075000","948","0","宜蘭縣","員山鄉","121.735","24.745","883"
"2270","349229","20221102075000","2121","1","宜蘭縣","宜蘭市","121.740","24.745","2201"
"1766","349230","20221102075000","1202","2","宜蘭縣","宜蘭市","121.745","24.745","1748"
"484","349231","20221102075000","385","2","宜蘭縣","宜蘭市","121.730","24.750","468"
"1249","349232","20221102075000","1382","0","宜蘭縣","宜蘭市","121.735","24.750","1227"
"1399","349234","20221102075000","1139","2","宜蘭縣","羅東鎮","121.765","24.675","1333"
"794","349235","20221102075000","820","0","宜蘭縣","宜蘭市","121.760","24.760","752"
"813","349236","20221102075000","684","1","宜蘭縣","宜蘭市","121.750","24.765","882"
"496","349237","20221102075000","477","1","宜蘭縣","宜蘭市","121.745","24.750","527"
"487","349238","20221102075000","410","1","宜蘭縣","宜蘭市","121.760","24.765","541"
"720","349240","20221102075000","722","0","宜蘭縣","羅東鎮","121.755","24.685","704"
"21","349296","20221102075000","25","0","桃園市","復興區","121.350","24.760","19"
"40","349422","20221102075000","68","0","桃園市","復興區","121.390","24.660","45"
"30","349482","20221102075000","26","1","桃園市","復興區","121.385","24.680","27"
"139","349502","20221102075000","134","1","桃園市","復興區","121.395","24.685","151"
"133","349582","20221102075000","133","1","桃園市","復興區","121.410","24.705","159"
"18","349642","20221102075000","11","3","桃園市","復興區","121.365","24.695","15"
"11","349676","20221102075000","13","0","桃園市","復興區","121.350","24.705","10"
"57","349762","20221102075000","55","1","桃園市","復興區","121.345","24.725","46"
"24","349865","20221102075000","21","1","桃園市","復興區","121.365","24.740","23"
"255","349883","20221102075000","174","2","新竹市","香山區","120.940","24.760","245"
"147","349889","20221102075000","163","0","新竹市","香山區","120.935","24.770","148"
"249","349896","20221102075000","230","1","新竹市","香山區","120.905","24.750","244"
"567","349897","20221102075000","306","3","新竹市","香山區","120.910","24.750","540"
"1677","349904","20221102075000","1436","1","新竹縣","竹東鎮","121.030","24.770","1598"
"65","349937","20221102075000","47","2","桃園市","復興區","121.365","24.675","66"
"14","349983","20221102075000","134","0","苗栗縣","三灣鄉","120.965","24.665","19"
"39","349985","20221102075000","203","0","苗栗縣","三灣鄉","120.975","24.665","44"
"11","350003","20221102075000","212","0","苗栗縣","三灣鄉","120.950","24.670","10"
"193","350012","20221102075000","104","3","苗栗縣","頭份鎮","120.955","24.680","211"
"45","350014","20221102075000","254","0","苗栗縣","頭份鎮","120.965","24.680","30"
"38","350017","20221102075000","283","0","苗栗縣","頭份鎮","120.960","24.685","38"
"57","350018","20221102075000","185","0","苗栗縣","頭份鎮","120.965","24.685","62"
"139","350019","20221102075000","105","2","苗栗縣","竹南鎮","120.880","24.680","135"
"2865","350021","20221102075000","2352","2","苗栗縣","竹南鎮","120.885","24.685","2811"
"24","350023","20221102075000","17","2","苗栗縣","頭份鎮","120.925","24.690","20"
"1076","350024","20221102075000","714","3","苗栗縣","頭份鎮","120.930","24.690","1093"
"243","350031","20221102075000","212","1","苗栗縣","頭份鎮","120.920","24.665","242"
"40","350036","20221102075000","351","0","苗栗縣","頭份鎮","120.920","24.670","39"
"613","350042","20221102075000","470","2","苗栗縣","頭份鎮","120.925","24.675","644"
"36","350052","20221102075000","169","0","苗栗縣","後龍鎮","120.820","24.660","38"
"383","350068","20221102075000","315","2","苗栗縣","頭份鎮","120.910","24.690","401"
"915","350073","20221102075000","597","3","苗栗縣","竹南鎮","120.885","24.695","774"
"727","350075","20221102075000","463","3","苗栗縣","頭份鎮","120.890","24.695","706"
"1639","350077","20221102075000","1098","2","苗栗縣","頭份鎮","120.910","24.695","1561"
"783","350078","20221102075000","669","1","苗栗縣","頭份鎮","120.910","24.700","824"
"517","350080","20221102075000","400","2","苗栗縣","頭份鎮","120.940","24.680","527"
"273","350082","20221102075000","225","2","苗栗縣","頭份鎮","120.950","24.680","251"
"472","350085","20221102075000","431","1","苗栗縣","頭份鎮","120.925","24.685","495"
"718","350087","20221102075000","669","1","苗栗縣","頭份鎮","120.935","24.685","711"
"1477","350090","20221102075000","1011","2","苗栗縣","頭份鎮","120.895","24.690","1489"
"1153","350091","20221102075000","1674","0","苗栗縣","頭份鎮","120.905","24.690","1207"
"510","350092","20221102075000","797","0","苗栗縣","頭份鎮","120.905","24.685","499"
"99","350095","20221102075000","282","0","苗栗縣","頭份鎮","120.945","24.690","98"
"16","350102","20221102075000","148","0","苗栗縣","頭份鎮","120.935","24.700","12"
"34","350103","20221102075000","279","0","苗栗縣","頭份鎮","120.940","24.695","24"
"121","350109","20221102075000","118","1","苗栗縣","頭份鎮","120.940","24.700","122"
"123","350110","20221102075000","164","0","苗栗縣","頭份鎮","120.945","24.700","126"
"380","350112","20221102075000","474","0","苗栗縣","頭份鎮","120.930","24.705","381"
"564","350117","20221102075000","590","0","苗栗縣","頭份鎮","120.935","24.710","634"
"761","350118","20221102075000","644","1","苗栗縣","頭份鎮","120.885","24.665","705"
"41","350124","20221102075000","325","0","苗栗縣","頭份鎮","120.885","24.675","45"
"326","350127","20221102075000","381","0","苗栗縣","頭份鎮","120.905","24.700","355"
"815","350128","20221102075000","1132","0","苗栗縣","頭份鎮","120.900","24.695","830"
"1022","350129","20221102075000","829","2","苗栗縣","頭份鎮","120.905","24.695","1027"
"159","350131","20221102075000","411","0","苗栗縣","頭份鎮","120.915","24.690","135"
"1225","350132","20221102075000","1386","0","苗栗縣","頭份鎮","120.915","24.695","1198"
"20","350142","20221102075000","25","0","苗栗縣","頭份鎮","120.915","24.665","12"
"48","350146","20221102075000","389","0","苗栗縣","頭份鎮","120.915","24.670","56"
"821","350150","20221102075000","642","2","苗栗縣","竹南鎮","120.860","24.695","801"
"640","350151","20221102075000","445","2","苗栗縣","竹南鎮","120.865","24.695","653"
"222","350154","20221102075000","595","0","苗栗縣","竹南鎮","120.870","24.695","215"
"97","350155","20221102075000","455","0","苗栗縣","竹南鎮","120.880","24.695","79"
"276","350156","20221102075000","296","0","苗栗縣","竹南鎮","120.865","24.680","300"
"567","350157","20221102075000","538","1","苗栗縣","竹南鎮","120.910","24.710","593"
"978","350159","20221102075000","743","2","苗栗縣","竹南鎮","120.920","24.705","935"
"497","350160","20221102075000","842","0","苗栗縣","頭份鎮","120.925","24.705","527"
"318","350161","20221102075000","241","2","苗栗縣","竹南鎮","120.915","24.705","269"
"2154","350162","20221102075000","1981","1","苗栗縣","竹南鎮","120.915","24.710","2090"
"502","350163","20221102075000","396","2","苗栗縣","竹南鎮","120.920","24.710","450"
"491","350165","20221102075000","317","3","苗栗縣","竹南鎮","120.930","24.710","398"
"601","350166","20221102075000","745","0","苗栗縣","竹南鎮","120.915","24.715","575"
"220","350167","20221102075000","249","0","苗栗縣","竹南鎮","120.920","24.715","213"
"1683","350169","20221102075000","1611","1","苗栗縣","頭份鎮","120.910","24.685","1647"
"1978","350170","20221102075000","2102","0","苗栗縣","頭份鎮","120.895","24.700","1966"
"1455","350172","20221102075000","1040","2","苗栗縣","頭份鎮","120.905","24.680","1487"
"541","350173","20221102075000","438","2","苗栗縣","竹南鎮","120.875","24.700","529"
"719","350174","20221102075000","544","2","苗栗縣","竹南鎮","120.870","24.700","734"
"443","350176","20221102075000","371","1","苗栗縣","頭份鎮","120.920","24.690","369"
"134","350177","20221102075000","106","2","苗栗縣","頭份鎮","120.880","24.660","127"
"697","350179","20221102075000","795","0","苗栗縣","頭份鎮","120.900","24.700","690"
"22","350180","20221102075000","28","0","苗栗縣","竹南鎮","120.910","24.705","22"
"552","350182","20221102075000","567","0","苗栗縣","頭份鎮","120.920","24.700","536"
"766","350183","20221102075000","1077","0","苗栗縣","頭份鎮","120.895","24.695","766"
"378","350203","20221102075000","231","3","苗栗縣","竹南鎮","120.860","24.685","381"
"33","350206","20221102075000","229","0","苗栗縣","竹南鎮","120.865","24.700","24"
"89","350208","20221102075000","340","0","苗栗縣","竹南鎮","120.875","24.705","88"
"974","350209","20221102075000","1240","0","苗栗縣","竹南鎮","120.880","24.700","979"
"1232","350210","20221102075000","785","3","苗栗縣","頭份鎮","120.885","24.700","1271"
"520","350211","20221102075000","290","3","苗栗縣","竹南鎮","120.880","24.705","516"
"163","350214","20221102075000","128","2","苗栗縣","竹南鎮","120.865","24.705","134"
"30","350220","20221102075000","411","0","苗栗縣","竹南鎮","120.880","24.710","26"
"280","350224","20221102075000","261","1","苗栗縣","竹南鎮","120.870","24.715","267"
"325","350225","20221102075000","451","0","苗栗縣","竹南鎮","120.875","24.715","325"
"61","350226","20221102075000","45","2","苗栗縣","竹南鎮","120.880","24.715","81"
"106","350229","20221102075000","98","1","苗栗縣","竹南鎮","120.865","24.720","96"
"130","350236","20221102075000","111","1","苗栗縣","竹南鎮","120.870","24.725","130"
"235","350240","20221102075000","149","3","苗栗縣","竹南鎮","120.890","24.725","215"
"56","350247","20221102075000","65","0","苗栗縣","竹南鎮","120.880","24.685","49"
"1894","350248","20221102075000","1688","1","苗栗縣","竹南鎮","120.880","24.690","1915"
"1439","350250","20221102075000","1735","0","苗栗縣","竹南鎮","120.890","24.690","1568"
"2429","350251","20221102075000","3125","0","苗栗縣","竹南鎮","120.875","24.685","2303"
"497","350258","20221102075000","296","3","苗栗縣","竹南鎮","120.855","24.675","486"
"25","350259","20221102075000","37","0","苗栗縣","竹南鎮","120.860","24.675","21"
"36","350264","20221102075000","253","0","苗栗縣","竹南鎮","120.850","24.680","34"
"20","350275","20221102075000","241","0","苗栗縣","竹南鎮","120.850","24.670","21"
"886","350277","20221102075000","746","1","苗栗縣","竹南鎮","120.860","24.670","860"
"157","350278","20221102075000","144","1","苗栗縣","竹南鎮","120.845","24.675","158"
"74","350279","20221102075000","61","2","苗栗縣","造橋鄉","120.855","24.660","70"
"104","350285","20221102075000","229","0","苗栗縣","頭份鎮","120.900","24.685","114"
"449","350286","20221102075000","444","1","苗栗縣","頭份鎮","120.895","24.675","501"
"717","350288","20221102075000","735","0","苗栗縣","頭份鎮","120.890","24.680","705"
"900","350290","20221102075000","908","0","苗栗縣","頭份鎮","120.900","24.680","902"
"109","350291","20221102075000","367","0","苗栗縣","頭份鎮","120.945","24.685","118"
"176","350303","20221102075000","129","2","苗栗縣","頭份鎮","120.960","24.700","187"
"94","350311","20221102075000","61","3","苗栗縣","頭份鎮","120.965","24.705","118"
"277","350314","20221102075000","1470","0","苗栗縣","竹南鎮","120.870","24.690","250"
"550","350316","20221102075000","521","1","苗栗縣","竹南鎮","120.855","24.690","546"
"1010","350319","20221102075000","1146","0","苗栗縣","竹南鎮","120.865","24.685","1017"
"1017","350320","20221102075000","1093","0","苗栗縣","竹南鎮","120.875","24.695","993"
"160","350321","20221102075000","1140","0","苗栗縣","竹南鎮","120.875","24.690","145"
"761","350326","20221102075000","726","1","苗栗縣","竹南鎮","120.910","24.720","662"
"37","350330","20221102075000","256","0","苗栗縣","竹南鎮","120.905","24.725","29"
"51","350331","20221102075000","478","0","苗栗縣","竹南鎮","120.910","24.725","53"
"1125","350334","20221102075000","538","3","苗栗縣","竹南鎮","120.905","24.730","825"
"13","350336","20221102075000","59","0","新竹市","香山區","120.900","24.735","11"
"112","350338","20221102075000","405","0","新竹市","香山區","120.905","24.740","116"
"650","350340","20221102075000","658","0","苗栗縣","竹南鎮","120.875","24.660","651"
"423","350347","20221102075000","784","0","苗栗縣","竹南鎮","120.865","24.675","431"
"54","350349","20221102075000","310","0","苗栗縣","竹南鎮","120.875","24.675","40"
"714","350350","20221102075000","762","0","苗栗縣","竹南鎮","120.880","24.675","777"
"554","350351","20221102075000","295","3","苗栗縣","竹南鎮","120.870","24.680","537"
"299","350352","20221102075000","372","0","苗栗縣","竹南鎮","120.875","24.680","305"
"2016","350353","20221102075000","2091","0","苗栗縣","竹南鎮","120.870","24.685","2098"
"144","350357","20221102075000","467","0","苗栗縣","竹南鎮","120.890","24.705","117"
"429","350358","20221102075000","390","1","苗栗縣","竹南鎮","120.895","24.705","400"
"726","350359","20221102075000","540","2","苗栗縣","竹南鎮","120.900","24.705","773"
"341","350363","20221102075000","485","0","苗栗縣","竹南鎮","120.900","24.710","341"
"266","350364","20221102075000","148","3","苗栗縣","竹南鎮","120.905","24.710","244"
"193","350365","20221102075000","188","1","苗栗縣","竹南鎮","120.895","24.715","206"
"583","350367","20221102075000","442","2","苗栗縣","竹南鎮","120.905","24.715","580"
"12","350368","20221102075000","27","0","苗栗縣","竹南鎮","120.910","24.715","14"
"114","350369","20221102075000","154","0","苗栗縣","竹南鎮","120.895","24.720","120"
"95","356638","20221102075000","116","0","宜蘭縣","頭城鎮","121.940","24.840","116"
"863","360378","20221102075000","610","2","宜蘭縣","礁溪鄉","121.765","24.825","786"
"1217","360379","20221102075000","1691","0","宜蘭縣","礁溪鄉","121.770","24.825","1453"
"538","360380","20221102075000","563","0","宜蘭縣","礁溪鄉","121.775","24.825","672"
"462","360392","20221102075000","357","2","宜蘭縣","礁溪鄉","121.810","24.815","431"
"132","360394","20221102075000","115","1","宜蘭縣","礁溪鄉","121.795","24.815","163"
"29","360410","20221102075000","112","0","宜蘭縣","礁溪鄉","121.720","24.815","31"
"96","360417","20221102075000","112","0","宜蘭縣","礁溪鄉","121.720","24.820","93"
"116","360419","20221102075000","87","2","宜蘭縣","礁溪鄉","121.730","24.820","114"
"28","360427","20221102075000","380","0","宜蘭縣","礁溪鄉","121.725","24.820","41"
"423","360433","20221102075000","318","2","宜蘭縣","礁溪鄉","121.755","24.820","407"
"52","360437","20221102075000","158","0","宜蘭縣","礁溪鄉","121.740","24.825","115"
"1775","360439","20221102075000","1616","1","宜蘭縣","宜蘭市","121.755","24.770","1744"
"396","360442","20221102075000","260","3","宜蘭縣","宜蘭市","121.745","24.775","375"
"758","360449","20221102075000","666","1","宜蘭縣","壯圍鄉","121.785","24.775","795"
"24","360451","20221102075000","10","3","宜蘭縣","壯圍鄉","121.780","24.780","15"
"287","360457","20221102075000","205","2","宜蘭縣","壯圍鄉","121.795","24.790","244"
"150","360471","20221102075000","249","0","宜蘭縣","頭城鎮","121.820","24.855","133"
"52","360474","20221102075000","77","0","宜蘭縣","頭城鎮","121.835","24.885","90"
"73","360476","20221102075000","89","0","宜蘭縣","頭城鎮","121.845","24.885","102"
"474","360478","20221102075000","592","0","宜蘭縣","頭城鎮","121.830","24.855","490"
"691","360482","20221102075000","991","0","宜蘭縣","頭城鎮","121.820","24.860","684"
"300","360484","20221102075000","216","2","宜蘭縣","頭城鎮","121.815","24.860","259"
"661","360485","20221102075000","557","1","宜蘭縣","頭城鎮","121.820","24.865","681"
"248","360486","20221102075000","258","0","宜蘭縣","頭城鎮","121.810","24.865","257"
"148","360502","20221102075000","161","0","宜蘭縣","頭城鎮","121.815","24.850","184"
"586","360507","20221102075000","675","0","宜蘭縣","頭城鎮","121.825","24.865","528"
"32","360516","20221102075000","105","0","宜蘭縣","頭城鎮","121.830","24.865","32"
"183","360520","20221102075000","164","1","宜蘭縣","頭城鎮","121.835","24.870","185"
"15","360521","20221102075000","49","0","宜蘭縣","頭城鎮","121.840","24.870","14"
"159","360524","20221102075000","127","2","宜蘭縣","頭城鎮","121.840","24.875","157"
"33","360537","20221102075000","25","2","新北市","三峽區","121.345","24.845","47"
"86","360552","20221102075000","98","0","新北市","三峽區","121.360","24.855","80"
"19","360554","20221102075000","15","2","新北市","三峽區","121.370","24.855","24"
"25","360559","20221102075000","26","0","新北市","三峽區","121.365","24.860","24"
"65","360569","20221102075000","43","3","新北市","三峽區","121.355","24.870","48"
"48","360573","20221102075000","34","2","新北市","三峽區","121.375","24.870","42"
"50","360625","20221102075000","37","2","宜蘭縣","頭城鎮","121.820","24.825","52"
"132","360631","20221102075000","142","0","宜蘭縣","頭城鎮","121.790","24.845","162"
"213","360639","20221102075000","227","0","宜蘭縣","頭城鎮","121.795","24.855","222"
"443","360641","20221102075000","396","1","宜蘭縣","頭城鎮","121.805","24.855","451"
"244","360684","20221102075000","163","2","宜蘭縣","礁溪鄉","121.765","24.800","207"
"238","360687","20221102075000","261","0","宜蘭縣","礁溪鄉","121.760","24.810","224"
"269","360689","20221102075000","248","1","宜蘭縣","礁溪鄉","121.755","24.815","275"
"83","360694","20221102075000","67","2","宜蘭縣","員山鄉","121.700","24.780","69"
"34","360702","20221102075000","41","0","宜蘭縣","礁溪鄉","121.680","24.785","34"
"185","360788","20221102075000","190","0","宜蘭縣","礁溪鄉","121.780","24.810","205"
"349","360803","20221102075000","348","1","宜蘭縣","壯圍鄉","121.810","24.800","362"
"474","360806","20221102075000","402","1","宜蘭縣","壯圍鄉","121.815","24.805","504"
"497","360817","20221102075000","449","1","宜蘭縣","礁溪鄉","121.780","24.785","521"
"497","360820","20221102075000","533","0","宜蘭縣","礁溪鄉","121.775","24.815","490"
"1101","360822","20221102075000","987","1","宜蘭縣","礁溪鄉","121.770","24.820","1119"
"176","360828","20221102075000","189","0","宜蘭縣","礁溪鄉","121.730","24.790","203"
"108","360848","20221102075000","88","2","宜蘭縣","礁溪鄉","121.710","24.810","119"
"546","360876","20221102075000","493","1","宜蘭縣","礁溪鄉","121.760","24.785","550"
"88","360877","20221102075000","73","2","宜蘭縣","礁溪鄉","121.750","24.790","86"
"451","360879","20221102075000","268","3","宜蘭縣","礁溪鄉","121.760","24.790","413"
"539","360881","20221102075000","450","1","宜蘭縣","礁溪鄉","121.765","24.815","559"
"488","360883","20221102075000","420","1","宜蘭縣","礁溪鄉","121.765","24.820","490"
"262","360888","20221102075000","245","1","宜蘭縣","礁溪鄉","121.755","24.825","373"
"381","360889","20221102075000","416","0","宜蘭縣","礁溪鄉","121.760","24.825","421"
"41","360898","20221102075000","55","0","宜蘭縣","礁溪鄉","121.745","24.830","82"
"230","360967","20221102075000","185","2","新北市","三峽區","121.410","24.870","262"
"102","360994","20221102075000","87","1","新北市","三峽區","121.415","24.885","103"
"23","361075","20221102075000","24","0","新北市","三峽區","121.445","24.830","45"
"10","361124","20221102075000","17","0","新北市","三峽區","121.430","24.845","18"
"18","361179","20221102075000","31","0","新北市","三峽區","121.435","24.860","26"
"13","361193","20221102075000","11","1","新北市","三峽區","121.430","24.865","12"
"27","361195","20221102075000","18","3","新北市","三峽區","121.440","24.865","38"
"34","361286","20221102075000","27","2","新北市","三峽區","121.380","24.880","46"
"38","361304","20221102075000","39","0","新北市","三峽區","121.375","24.885","63"
"16","361308","20221102075000","26","0","新北市","三峽區","121.400","24.885","10"
"607","361316","20221102075000","542","1","宜蘭縣","員山鄉","121.720","24.770","597"
"290","361349","20221102075000","321","0","宜蘭縣","員山鄉","121.715","24.775","249"
"325","361393","20221102075000","305","1","宜蘭縣","壯圍鄉","121.800","24.770","314"
"230","361412","20221102075000","215","1","宜蘭縣","宜蘭市","121.735","24.775","250"
"13","361413","20221102075000","20","0","宜蘭縣","宜蘭市","121.740","24.775","13"
"183","361414","20221102075000","172","1","宜蘭縣","宜蘭市","121.730","24.780","166"
"677","361441","20221102075000","692","0","宜蘭縣","頭城鎮","121.790","24.835","726"
"518","361479","20221102075000","425","2","宜蘭縣","頭城鎮","121.815","24.835","515"
"466","361482","20221102075000","301","3","宜蘭縣","頭城鎮","121.810","24.845","426"
"4138","361485","20221102075000","3730","1","新竹市","東區","120.985","24.800","3979"
"2715","361486","20221102075000","2555","1","新竹市","東區","120.985","24.810","2748"
"11","361496","20221102075000","11","1","桃園市","大溪區","121.325","24.880","21"
"123","361502","20221102075000","120","1","桃園市","大溪區","121.330","24.880","153"
"149","361509","20221102075000","112","2","桃園市","大溪區","121.325","24.885","152"
"48","361515","20221102075000","60","0","桃園市","大溪區","121.325","24.890","51"
"16","361517","20221102075000","40","0","桃園市","大溪區","121.335","24.890","13"
"411","361521","20221102075000","570","0","桃園市","大溪區","121.250","24.865","420"
"156","361525","20221102075000","195","0","桃園市","大溪區","121.255","24.870","147"
"489","361530","20221102075000","624","0","桃園市","大溪區","121.260","24.875","480"
"517","361536","20221102075000","368","2","桃園市","大溪區","121.260","24.880","521"
"189","361538","20221102075000","108","3","桃園市","大溪區","121.275","24.880","178"
"1207","361539","20221102075000","1302","0","桃園市","大溪區","121.250","24.880","1326"
"326","361545","20221102075000","225","2","桃園市","大溪區","121.275","24.885","303"
"162","361546","20221102075000","146","1","桃園市","大溪區","121.280","24.885","158"
"567","361547","20221102075000","435","2","桃園市","大溪區","121.275","24.890","537"
"1301","361550","20221102075000","1164","1","桃園市","大溪區","121.295","24.885","1326"
"87","361551","20221102075000","119","0","桃園市","大溪區","121.300","24.880","75"
"132","361552","20221102075000","271","0","桃園市","大溪區","121.290","24.880","117"
"71","361556","20221102075000","73","0","新竹縣","新埔鎮","121.080","24.835","71"
"337","361565","20221102075000","286","1","新竹縣","新埔鎮","121.080","24.840","338"
"66","361570","20221102075000","46","2","新竹縣","新埔鎮","121.130","24.860","68"
"127","361585","20221102075000","79","3","新竹縣","新埔鎮","121.135","24.875","113"
"879","361597","20221102075000","679","2","新竹縣","新豐鄉","120.995","24.885","822"
"1434","361600","20221102075000","1520","0","新竹縣","新豐鄉","121.010","24.885","1405"
"904","361602","20221102075000","749","2","新竹市","東區","120.975","24.805","947"
"2459","361603","20221102075000","2464","0","新竹市","東區","120.980","24.805","2536"
"1282","361604","20221102075000","1215","1","新竹市","東區","120.980","24.810","1489"
"1193","361605","20221102075000","1123","1","新竹市","東區","120.975","24.800","1081"
"12","361609","20221102075000","1141","0","新竹市","東區","120.985","24.785","13"
"7763","361610","20221102075000","6491","1","新竹市","東區","121.020","24.780","7995"
"3129","361611","20221102075000","2794","1","新竹市","東區","121.015","24.785","3060"
"155","361614","20221102075000","141","1","新竹縣","新埔鎮","121.105","24.845","145"
"58","361621","20221102075000","42","2","新竹縣","新埔鎮","121.120","24.850","61"
"56","361624","20221102075000","39","2","新竹縣","新埔鎮","121.105","24.855","48"
"33","361635","20221102075000","18","3","新竹縣","新埔鎮","121.105","24.865","32"
"99","361642","20221102075000","124","0","新竹縣","新埔鎮","121.115","24.875","134"
"574","361646","20221102075000","691","0","新竹縣","新埔鎮","121.070","24.825","598"
"897","361648","20221102075000","751","1","新竹縣","新埔鎮","121.080","24.825","893"
"398","361651","20221102075000","409","0","新竹縣","新埔鎮","121.070","24.830","434"
"103","361655","20221102075000","85","2","新竹縣","新埔鎮","121.135","24.845","97"
"403","361668","20221102075000","401","1","新竹縣","新豐鄉","120.980","24.870","539"
"1911","361683","20221102075000","1983","0","新竹縣","竹東鎮","121.030","24.775","1830"
"550","361685","20221102075000","774","0","新竹縣","湖口鄉","121.010","24.855","648"
"698","361687","20221102075000","778","0","新竹縣","湖口鄉","121.020","24.855","751"
"493","361688","20221102075000","440","1","新竹縣","湖口鄉","121.025","24.855","489"
"1814","361692","20221102075000","2170","0","新竹縣","湖口鄉","121.010","24.860","2041"
"31","361693","20221102075000","11","3","新竹縣","湖口鄉","121.015","24.860","26"
"2973","361694","20221102075000","2944","1","新竹縣","湖口鄉","120.995","24.865","2960"
"1779","361695","20221102075000","1468","2","新竹縣","湖口鄉","121.000","24.865","1702"
"46","361696","20221102075000","586","0","新竹縣","湖口鄉","121.005","24.865","39"
"428","361697","20221102075000","345","2","新竹縣","湖口鄉","121.010","24.865","449"
"2419","361698","20221102075000","2322","1","新竹縣","湖口鄉","121.000","24.870","2392"
"6803","361700","20221102075000","917","3","新竹縣","湖口鄉","121.010","24.870","7929"
"3601","361702","20221102075000","990","3","新竹縣","湖口鄉","121.010","24.875","15423"
"53","361703","20221102075000","823","0","新竹縣","竹北市","121.030","24.810","570"
"1630","361704","20221102075000","1647","0","新竹縣","竹北市","121.035","24.810","1223"
"425","361705","20221102075000","334","2","新竹縣","竹北市","121.030","24.815","450"
"572","361712","20221102075000","726","0","桃園市","大溪區","121.260","24.890","632"
"306","361715","20221102075000","304","1","新竹市","香山區","120.920","24.810","291"
"292","361721","20221102075000","232","2","新竹市","香山區","120.925","24.815","277"
"142","361725","20221102075000","116","2","新竹市","香山區","120.915","24.820","146"
"579","361727","20221102075000","551","1","新竹市","香山區","120.925","24.820","594"
"609","361733","20221102075000","397","3","新竹市","北區","120.925","24.825","653"
"1774","361736","20221102075000","2083","0","新竹市","香山區","120.930","24.790","1773"
"758","361738","20221102075000","545","2","新竹市","香山區","120.930","24.795","809"
"449","361744","20221102075000","407","1","新竹市","香山區","120.915","24.780","481"
"188","361752","20221102075000","255","0","新竹市","香山區","120.920","24.785","232"
"1074","361756","20221102075000","1079","0","新竹市","香山區","120.920","24.805","1029"
"781","361758","20221102075000","620","2","新竹市","香山區","120.935","24.805","810"
"723","361761","20221102075000","788","0","新竹市","香山區","120.940","24.805","784"
"2435","361763","20221102075000","2397","1","新竹市","香山區","120.945","24.795","2492"
"475","361765","20221102075000","747","0","新竹市","香山區","120.940","24.790","485"
"72","361766","20221102075000","896","0","新竹市","香山區","120.935","24.790","54"
"138","361767","20221102075000","232","0","新竹市","香山區","120.935","24.800","185"
"574","361768","20221102075000","591","0","新竹市","香山區","120.940","24.795","588"
"38","362002","20221102075000","34","1","新竹縣","關西鎮","121.260","24.775","38"
"322","362027","20221102075000","419","0","新竹縣","湖口鄉","121.030","24.880","271"
"765","362033","20221102075000","754","1","新竹縣","湖口鄉","121.025","24.885","740"
"1023","362036","20221102075000","998","1","新竹縣","竹北市","120.965","24.860","989"
"413","362039","20221102075000","369","1","新竹縣","竹北市","120.980","24.860","444"
"1656","362056","20221102075000","1645","1","新竹縣","竹北市","121.015","24.825","1633"
"1686","362057","20221102075000","2049","0","新竹縣","竹北市","121.010","24.830","1714"
"1412","362059","20221102075000","1290","1","新竹縣","竹北市","121.035","24.815","1397"
"3492","362063","20221102075000","3207","1","新竹縣","竹北市","121.030","24.820","3248"
"1495","362064","20221102075000","1520","0","新竹縣","竹北市","121.035","24.820","1446"
"1236","362066","20221102075000","1264","0","新竹縣","竹北市","121.020","24.825","1183"
"156","362067","20221102075000","778","0","新竹縣","竹北市","121.025","24.825","104"
"3808","362068","20221102075000","4045","0","新竹縣","竹北市","121.030","24.825","3752"
"1102","362069","20221102075000","1500","0","新竹縣","竹北市","121.035","24.825","1092"
"2126","362070","20221102075000","2018","1","新竹縣","竹北市","121.015","24.830","2207"
"890","362071","20221102075000","863","1","新竹縣","竹北市","121.020","24.830","884"
"1853","362072","20221102075000","993","3","新竹縣","竹北市","121.025","24.830","1859"
"1081","362073","20221102075000","1201","0","新竹縣","新埔鎮","121.030","24.830","1188"
"513","362076","20221102075000","485","1","新竹縣","竹北市","120.995","24.855","465"
"481","362077","20221102075000","488","0","新竹縣","竹北市","120.990","24.860","543"
"162","362079","20221102075000","99","3","新竹縣","竹北市","120.995","24.860","245"
"3615","362081","20221102075000","1960","3","新竹市","東區","120.995","24.800","3365"
"520","362082","20221102075000","655","0","新竹市","東區","121.000","24.805","553"
"525","362086","20221102075000","371","2","新竹市","東區","121.005","24.810","511"
"1188","362087","20221102075000","821","2","新竹市","東區","121.010","24.810","1139"
"977","362088","20221102075000","1013","0","新竹市","東區","120.995","24.815","998"
"2146","362092","20221102075000","2551","0","新竹市","東區","121.010","24.775","2240"
"1886","362093","20221102075000","1932","0","新竹市","東區","121.015","24.775","2004"
"2431","362094","20221102075000","2797","0","新竹市","東區","121.020","24.775","2737"
"4734","362095","20221102075000","4696","1","新竹市","東區","121.025","24.775","4721"
"3965","362096","20221102075000","3242","2","新竹市","東區","120.990","24.780","3865"
"1618","362097","20221102075000","1609","1","新竹市","東區","121.005","24.775","1567"
"1965","362098","20221102075000","1992","0","新竹市","東區","121.005","24.780","2187"
"1520","362099","20221102075000","1079","2","新竹市","東區","121.010","24.780","1659"
"2065","362100","20221102075000","2016","1","新竹市","東區","121.015","24.780","2099"
"4063","362101","20221102075000","2506","3","新竹市","東區","121.005","24.785","3079"
"822","362102","20221102075000","1266","0","新竹市","東區","121.010","24.785","827"
"392","362103","20221102075000","435","0","新竹市","北區","120.945","24.835","397"
"403","362104","20221102075000","457","0","新竹市","北區","120.950","24.835","462"
"869","362107","20221102075000","742","1","新竹縣","竹東鎮","121.045","24.785","875"
"206","362108","20221102075000","212","0","新竹縣","竹東鎮","121.050","24.785","181"
"1082","362117","20221102075000","1071","1","新竹縣","竹東鎮","121.035","24.790","1080"
"687","362122","20221102075000","792","0","新竹縣","竹東鎮","121.030","24.795","694"
"207","362128","20221102075000","202","1","新竹縣","竹北市","120.960","24.855","206"
"523","362141","20221102075000","482","1","新竹縣","竹北市","120.955","24.870","527"
"1810","362143","20221102075000","1651","1","新竹縣","竹北市","121.015","24.835","1797"
"14","362150","20221102075000","10","2","新竹縣","新豐鄉","120.955","24.885","10"
"226","362158","20221102075000","193","1","新竹縣","新豐鄉","120.975","24.890","236"
"2355","362159","20221102075000","2382","0","新竹市","東區","121.005","24.790","2487"
"5167","362160","20221102075000","3254","3","新竹市","東區","121.015","24.790","5070"
"13","362249","20221102075000","15","0","新北市","烏來區","121.525","24.830","15"
"46","362275","20221102075000","43","1","新北市","烏來區","121.525","24.835","41"
"137","362673","20221102075000","109","2","新北市","烏來區","121.550","24.875","132"
"46","362692","20221102075000","59","0","新北市","烏來區","121.545","24.880","64"
"93","362700","20221102075000","115","0","新北市","烏來區","121.550","24.885","123"
"119","362717","20221102075000","150","0","新北市","烏來區","121.555","24.845","136"
"67","362740","20221102075000","67","1","新北市","烏來區","121.560","24.860","65"
"261","362744","20221102075000","397","0","新北市","烏來區","121.550","24.865","244"
"57","362793","20221102075000","42","2","新北市","烏來區","121.510","24.775","73"
"1988","362984","20221102075000","1799","1","新竹市","東區","120.960","24.795","1914"
"6268","362985","20221102075000","5596","1","新竹市","東區","121.020","24.790","6221"
"1176","362988","20221102075000","1147","1","新竹市","東區","120.970","24.775","1257"
"2790","362990","20221102075000","2258","2","新竹市","東區","120.985","24.805","2901"
"1226","362992","20221102075000","1494","0","新竹市","北區","120.960","24.805","1199"
"428","362994","20221102075000","330","2","新竹縣","竹北市","120.945","24.850","392"
"856","362996","20221102075000","868","0","新竹縣","竹北市","120.945","24.855","872"
"1640","362998","20221102075000","1531","1","新竹縣","竹北市","120.995","24.840","1630"
"1416","362999","20221102075000","1557","0","新竹縣","竹北市","121.000","24.840","1381"
"86","363002","20221102075000","657","0","新竹縣","竹北市","121.035","24.800","440"
"1725","363004","20221102075000","914","3","新竹縣","竹北市","121.025","24.805","1234"
"1646","363005","20221102075000","1457","1","新竹縣","竹北市","121.030","24.805","1375"
"4551","363006","20221102075000","2820","3","新竹縣","竹北市","121.035","24.805","4182"
"3552","363007","20221102075000","3349","1","新竹縣","竹北市","121.025","24.810","3514"
"893","363013","20221102075000","756","1","新竹縣","竹北市","121.050","24.805","879"
"241","363016","20221102075000","372","0","新竹縣","竹北市","121.045","24.810","304"
"3002","363021","20221102075000","2726","1","新竹縣","竹北市","121.005","24.840","2931"
"1008","363023","20221102075000","794","2","新竹縣","竹北市","121.020","24.840","984"
"1247","363024","20221102075000","1179","1","新竹縣","竹北市","121.000","24.845","1266"
"1017","363025","20221102075000","549","3","新竹縣","竹北市","121.000","24.855","832"
"1106","363026","20221102075000","961","1","新竹縣","竹北市","121.010","24.845","1120"
"343","363027","20221102075000","498","0","新竹縣","新埔鎮","121.015","24.850","334"
"494","363028","20221102075000","492","1","新竹縣","竹北市","121.020","24.845","484"
"1411","363032","20221102075000","1041","2","新竹縣","芎林鄉","121.080","24.775","1385"
"12","363046","20221102075000","13","0","新竹縣","關西鎮","121.140","24.790","14"
"10","363048","20221102075000","16","0","新竹縣","關西鎮","121.150","24.790","10"
"105","363062","20221102075000","108","0","新竹縣","關西鎮","121.185","24.800","122"
"746","363073","20221102075000","958","0","新竹縣","關西鎮","121.200","24.810","864"
"82","363082","20221102075000","83","0","新竹縣","關西鎮","121.180","24.820","93"
"111","363084","20221102075000","139","0","新竹縣","關西鎮","121.175","24.825","131"
"1084","363085","20221102075000","1006","1","桃園市","龍潭區","121.180","24.825","1076"
"1110","363086","20221102075000","1115","0","新竹市","東區","120.975","24.795","1071"
"1401","363088","20221102075000","1259","1","新竹縣","寶山鄉","120.985","24.775","1375"
"469","363090","20221102075000","382","2","新竹市","東區","120.980","24.780","458"
"1397","363093","20221102075000","1552","0","新竹市","東區","120.980","24.785","1451"
"1554","363094","20221102075000","1262","2","新竹縣","新豐鄉","121.000","24.875","1534"
"824","363095","20221102075000","722","1","新竹縣","新豐鄉","120.995","24.880","761"
"435","363096","20221102075000","444","0","新竹縣","新豐鄉","121.000","24.880","375"
"569","363097","20221102075000","471","2","新竹縣","新豐鄉","121.005","24.880","588"
"2918","363098","20221102075000","1266","3","新竹縣","新豐鄉","120.990","24.870","1911"
"3714","363099","20221102075000","3568","1","新竹縣","新豐鄉","120.995","24.870","3657"
"1599","363100","20221102075000","1286","2","新竹縣","新豐鄉","120.985","24.865","1650"
"574","363101","20221102075000","498","1","新竹縣","新豐鄉","120.990","24.865","409"
"633","363103","20221102075000","488","2","新竹縣","新豐鄉","120.985","24.875","605"
"632","363109","20221102075000","623","1","新竹縣","關西鎮","121.145","24.805","619"
"126","363127","20221102075000","110","1","新竹縣","關西鎮","121.120","24.780","156"
"258","363143","20221102075000","193","2","新竹縣","關西鎮","121.130","24.790","236"
"89","363153","20221102075000","45","3","新竹縣","關西鎮","121.200","24.775","90"
"953","363158","20221102075000","844","1","新竹縣","關西鎮","121.175","24.785","1001"
"1060","363160","20221102075000","860","2","新竹縣","關西鎮","121.185","24.790","1066"
"507","363164","20221102075000","598","0","新竹縣","關西鎮","121.190","24.795","423"
"57","363187","20221102075000","74","0","新竹縣","關西鎮","121.195","24.785","138"
"186","363195","20221102075000","112","3","新竹縣","關西鎮","121.195","24.790","189"
"25","363197","20221102075000","14","3","新竹縣","關西鎮","121.205","24.790","15"
"52","363217","20221102075000","63","0","新竹縣","關西鎮","121.230","24.795","56"
"88","363223","20221102075000","87","1","新竹縣","關西鎮","121.235","24.800","99"
"12","363229","20221102075000","11","1","新竹縣","關西鎮","121.135","24.820","13"
"352","363233","20221102075000","368","0","新竹縣","關西鎮","121.115","24.825","354"
"266","363245","20221102075000","215","2","新竹縣","關西鎮","121.115","24.830","262"
"594","363256","20221102075000","503","1","新竹縣","關西鎮","121.165","24.830","589"
"73","363258","20221102075000","48","3","新竹縣","新埔鎮","121.125","24.835","73"
"216","363272","20221102075000","204","1","新竹縣","關西鎮","121.150","24.840","218"
"1007","363274","20221102075000","878","1","新竹縣","關西鎮","121.135","24.810","1026"
"701","363291","20221102075000","653","1","新竹縣","關西鎮","121.165","24.800","718"
"2425","363304","20221102075000","2208","1","新竹縣","關西鎮","121.175","24.790","2476"
"289","363306","20221102075000","283","1","新竹縣","關西鎮","121.175","24.795","291"
"103","363308","20221102075000","85","2","新竹縣","關西鎮","121.175","24.805","76"
"2469","363344","20221102075000","1788","2","桃園市","龍潭區","121.230","24.875","2427"
"620","363345","20221102075000","736","0","桃園市","龍潭區","121.230","24.880","732"
"1140","363346","20221102075000","1197","0","桃園市","龍潭區","121.225","24.855","1181"
"119","363347","20221102075000","99","2","桃園市","龍潭區","121.230","24.855","111"
"46","363355","20221102075000","32","2","桃園市","龍潭區","121.235","24.865","40"
"100","363358","20221102075000","279","0","桃園市","龍潭區","121.230","24.870","70"
"581","363359","20221102075000","586","0","桃園市","龍潭區","121.235","24.870","683"
"305","363362","20221102075000","547","0","桃園市","平鎮區","121.245","24.875","340"
"872","363365","20221102075000","819","1","桃園市","龍潭區","121.235","24.840","808"
"1213","363366","20221102075000","1236","0","桃園市","龍潭區","121.240","24.835","1204"
"289","363369","20221102075000","319","0","桃園市","龍潭區","121.240","24.845","311"
"399","363370","20221102075000","316","2","桃園市","龍潭區","121.245","24.850","442"
"784","363371","20221102075000","912","0","桃園市","龍潭區","121.250","24.850","910"
"722","363374","20221102075000","615","1","桃園市","龍潭區","121.250","24.855","769"
"305","363376","20221102075000","629","0","桃園市","龍潭區","121.255","24.860","339"
"294","363377","20221102075000","311","0","桃園市","龍潭區","121.180","24.870","294"
"823","363380","20221102075000","849","0","桃園市","龍潭區","121.195","24.870","782"
"508","363388","20221102075000","442","1","桃園市","龍潭區","121.185","24.880","498"
"2821","363392","20221102075000","1927","2","桃園市","龍潭區","121.185","24.885","2762"
"61","363394","20221102075000","70","0","桃園市","龍潭區","121.180","24.885","57"
"295","363396","20221102075000","346","0","桃園市","龍潭區","121.190","24.885","301"
"142","363397","20221102075000","151","0","桃園市","龍潭區","121.190","24.890","167"
"4266","363481","20221102075000","3889","1","新竹市","東區","120.975","24.810","4201"
"3502","363482","20221102075000","3286","1","新竹市","東區","120.970","24.800","3438"
"1387","363483","20221102075000","1398","0","新竹市","東區","120.970","24.810","1432"
"682","363484","20221102075000","645","1","新竹市","東區","120.970","24.785","664"
"1530","363485","20221102075000","1042","2","新竹市","東區","120.975","24.785","1531"
"4613","363486","20221102075000","4192","1","新竹市","東區","120.965","24.795","4576"
"892","363502","20221102075000","796","1","桃園市","龍潭區","121.185","24.840","807"
"651","363507","20221102075000","624","1","桃園市","龍潭區","121.185","24.845","632"
"47","363511","20221102075000","50","0","桃園市","龍潭區","121.180","24.850","51"
"111","363514","20221102075000","151","0","桃園市","龍潭區","121.195","24.850","125"
"273","363523","20221102075000","254","1","桃園市","龍潭區","121.190","24.860","294"
"442","363528","20221102075000","425","1","桃園市","龍潭區","121.245","24.835","420"
"293","363532","20221102075000","265","1","桃園市","龍潭區","121.245","24.840","295"
"72","363536","20221102075000","49","2","桃園市","龍潭區","121.245","24.845","51"
"105","363557","20221102075000","104","1","桃園市","龍潭區","121.240","24.830","124"
"551","363560","20221102075000","458","2","桃園市","龍潭區","121.230","24.835","556"
"43","363589","20221102075000","32","2","桃園市","龍潭區","121.160","24.870","56"
"847","363593","20221102075000","662","2","桃園市","龍潭區","121.210","24.840","845"
"471","363597","20221102075000","365","2","桃園市","龍潭區","121.200","24.855","516"
"731","363599","20221102075000","752","0","桃園市","龍潭區","121.210","24.855","745"
"1139","363602","20221102075000","767","2","桃園市","龍潭區","121.225","24.845","1078"
"259","363603","20221102075000","492","0","桃園市","龍潭區","121.230","24.845","267"
"34","363605","20221102075000","32","1","桃園市","龍潭區","121.225","24.850","41"
"1339","363611","20221102075000","1298","1","桃園市","龍潭區","121.220","24.850","1323"
"1609","363613","20221102075000","1389","1","桃園市","龍潭區","121.215","24.865","1629"
"696","363614","20221102075000","756","0","桃園市","龍潭區","121.220","24.865","700"
"702","363615","20221102075000","657","1","桃園市","龍潭區","121.210","24.870","672"
"961","363616","20221102075000","898","1","桃園市","龍潭區","121.215","24.870","937"
"512","363620","20221102075000","429","1","桃園市","龍潭區","121.220","24.860","477"
"427","363625","20221102075000","501","0","桃園市","龍潭區","121.205","24.865","491"
"142","363626","20221102075000","125","1","桃園市","龍潭區","121.200","24.870","129"
"1467","363627","20221102075000","851","3","桃園市","龍潭區","121.205","24.870","1405"
"3418","363628","20221102075000","2815","2","新竹縣","竹北市","121.020","24.835","3174"
"2091","363629","20221102075000","1721","2","新竹縣","竹北市","121.025","24.835","1993"
"963","363630","20221102075000","1091","0","新竹縣","竹北市","121.010","24.835","954"
"358","363633","20221102075000","309","1","新竹市","東區","120.960","24.780","348"
"615","363634","20221102075000","517","1","新竹市","東區","120.965","24.780","596"
"1297","363637","20221102075000","1205","1","新竹市","東區","120.965","24.785","1310"
"3832","363639","20221102075000","3457","1","新竹市","東區","120.965","24.790","3769"
"2251","363641","20221102075000","3073","0","新竹市","東區","121.020","24.785","2162"
"498","363642","20221102075000","358","2","新竹縣","竹東鎮","121.025","24.785","524"
"1175","363644","20221102075000","984","1","新竹縣","竹東鎮","121.035","24.775","1099"
"768","363646","20221102075000","522","2","新竹縣","竹東鎮","121.045","24.775","742"
"3061","363648","20221102075000","2682","1","新竹縣","竹東鎮","121.030","24.780","3184"
"171","363651","20221102075000","381","0","新竹縣","竹東鎮","121.045","24.780","196"
"971","363655","20221102075000","1100","0","桃園市","龍潭區","121.235","24.880","916"
"882","363658","20221102075000","814","1","桃園市","龍潭區","121.240","24.880","868"
"95","363661","20221102075000","76","2","桃園市","龍潭區","121.240","24.810","88"
"578","363663","20221102075000","612","0","桃園市","龍潭區","121.240","24.815","563"
"83","363664","20221102075000","46","3","桃園市","龍潭區","121.235","24.820","78"
"281","363667","20221102075000","262","1","桃園市","龍潭區","121.230","24.825","285"
"553","363668","20221102075000","502","1","桃園市","龍潭區","121.235","24.825","544"
"731","363676","20221102075000","641","1","桃園市","龍潭區","121.230","24.840","705"
"799","363677","20221102075000","1131","0","新竹縣","竹北市","121.005","24.845","806"
"1557","363682","20221102075000","1313","1","新竹縣","芎林鄉","121.080","24.780","1573"
"1147","363687","20221102075000","1089","1","新竹縣","芎林鄉","121.070","24.790","1116"
"814","363696","20221102075000","675","2","新竹縣","芎林鄉","121.060","24.795","802"
"736","363709","20221102075000","673","1","新竹縣","芎林鄉","121.090","24.775","823"
"51","363725","20221102075000","107","0","新竹縣","芎林鄉","121.100","24.780","83"
"227","363728","20221102075000","195","1","新竹縣","芎林鄉","121.100","24.785","230"
"1127","363737","20221102075000","963","1","新竹縣","竹北市","120.985","24.835","1069"
"489","363744","20221102075000","381","2","新竹縣","竹北市","120.975","24.840","552"
"648","363746","20221102075000","544","1","新竹縣","竹北市","120.955","24.840","651"
"396","363748","20221102075000","382","1","新竹縣","竹北市","120.965","24.840","407"
"37","363765","20221102075000","257","0","宜蘭縣","礁溪鄉","121.790","24.795","33"
"81","363769","20221102075000","138","0","宜蘭縣","礁溪鄉","121.780","24.800","58"
"204","363770","20221102075000","210","0","宜蘭縣","礁溪鄉","121.785","24.800","214"
"178","363777","20221102075000","192","0","宜蘭縣","礁溪鄉","121.790","24.810","183"
"847","363779","20221102075000","926","0","宜蘭縣","礁溪鄉","121.775","24.830","969"
"518","363783","20221102075000","485","1","宜蘭縣","礁溪鄉","121.780","24.835","555"
"355","363797","20221102075000","398","0","宜蘭縣","礁溪鄉","121.790","24.830","332"
"21","363798","20221102075000","35","0","宜蘭縣","礁溪鄉","121.785","24.835","16"
"1185","363803","20221102075000","796","2","桃園市","平鎮區","121.200","24.890","1159"
"1758","363805","20221102075000","1864","0","新竹市","北區","120.955","24.805","1689"
"501","363808","20221102075000","614","0","新竹市","北區","120.945","24.815","498"
"18","363811","20221102075000","88","0","新竹市","北區","120.955","24.785","21"
"2123","363814","20221102075000","1806","1","新竹市","北區","120.955","24.790","2064"
"669","363815","20221102075000","734","0","新竹市","香山區","120.950","24.795","663"
"1357","363816","20221102075000","1381","0","桃園市","大溪區","121.290","24.885","1348"
"2242","363817","20221102075000","2159","1","新竹縣","寶山鄉","120.990","24.775","2070"
"1671","363818","20221102075000","1334","2","新竹縣","寶山鄉","120.995","24.775","1774"
"3053","363819","20221102075000","2787","1","新竹縣","寶山鄉","121.000","24.775","3012"
"2286","363821","20221102075000","1748","2","新竹市","東區","120.995","24.780","2261"
"1109","363824","20221102075000","1142","0","新竹縣","竹北市","121.010","24.820","1103"
"2479","363825","20221102075000","2339","1","新竹縣","竹北市","121.015","24.820","2396"
"2522","363826","20221102075000","2010","2","新竹縣","竹北市","121.005","24.825","2523"
"3195","363827","20221102075000","2812","1","新竹縣","竹北市","121.010","24.825","3209"
"2078","363828","20221102075000","1824","1","新竹縣","竹北市","121.005","24.830","2002"
"637","363835","20221102075000","564","1","新竹縣","新埔鎮","121.050","24.835","680"
"615","363837","20221102075000","563","1","新竹縣","新埔鎮","121.045","24.840","582"
"22","363850","20221102075000","13","3","新竹縣","新埔鎮","121.035","24.840","16"
"1114","363852","20221102075000","1005","1","新竹縣","新埔鎮","121.025","24.845","1123"
"82","363855","20221102075000","261","0","新竹縣","新埔鎮","121.040","24.845","80"
"23","363864","20221102075000","21","1","桃園市","龍潭區","121.210","24.875","23"
"1296","363865","20221102075000","1159","1","桃園市","龍潭區","121.205","24.880","1257"
"339","363866","20221102075000","282","2","新竹縣","竹北市","120.980","24.840","305"
"605","363870","20221102075000","664","0","新竹縣","竹北市","120.975","24.850","597"
"304","363871","20221102075000","321","0","新竹縣","竹北市","120.980","24.850","328"
"124","363872","20221102075000","279","0","新竹縣","竹東鎮","121.055","24.775","103"
"722","363875","20221102075000","556","2","新竹縣","竹東鎮","121.055","24.780","757"
"450","363877","20221102075000","447","1","新竹縣","竹東鎮","121.055","24.785","403"
"59","363882","20221102075000","60","0","宜蘭縣","礁溪鄉","121.745","24.800","71"
"220","363884","20221102075000","199","1","宜蘭縣","礁溪鄉","121.755","24.800","219"
"1190","363890","20221102075000","710","3","宜蘭縣","礁溪鄉","121.740","24.780","1153"
"115","363899","20221102075000","105","1","宜蘭縣","礁溪鄉","121.740","24.790","123"
"537","363936","20221102075000","539","0","新竹市","香山區","120.950","24.775","529"
"446","363940","20221102075000","387","1","新竹市","香山區","120.950","24.780","456"
"282","363941","20221102075000","402","0","新竹市","香山區","120.935","24.795","266"
"464","363948","20221102075000","435","1","新竹市","香山區","120.925","24.800","472"
"2984","363957","20221102075000","1868","3","新竹縣","竹北市","120.995","24.835","2724"
"1050","363960","20221102075000","1285","0","新竹縣","竹北市","121.000","24.825","1057"
"541","363961","20221102075000","484","1","新竹縣","竹北市","120.990","24.830","557"
"1120","363963","20221102075000","865","2","新竹縣","竹北市","121.000","24.830","1003"
"2154","363964","20221102075000","1899","1","新竹縣","竹北市","121.000","24.835","1910"
"681","363965","20221102075000","632","1","新竹縣","竹北市","121.005","24.835","634"
"614","363968","20221102075000","572","1","新竹縣","竹北市","120.970","24.835","627"
"2990","363976","20221102075000","2800","1","桃園市","龍潭區","121.215","24.860","3059"
"1063","363977","20221102075000","758","2","桃園市","龍潭區","121.210","24.865","1030"
"290","363980","20221102075000","185","3","新竹縣","新埔鎮","121.110","24.815","288"
"555","363985","20221102075000","460","2","新竹縣","新埔鎮","121.090","24.825","603"
"225","363989","20221102075000","234","0","新竹縣","關西鎮","121.110","24.825","198"
"2463","363994","20221102075000","2122","1","新竹市","北區","120.970","24.820","2414"
"2157","363995","20221102075000","2701","0","新竹市","北區","120.955","24.810","2140"
"2766","363996","20221102075000","2530","1","新竹市","北區","120.960","24.810","2782"
"728","363997","20221102075000","782","0","宜蘭縣","頭城鎮","121.825","24.860","735"
"31","364010","20221102075000","38","0","桃園市","大溪區","121.295","24.835","40"
"16","364012","20221102075000","14","1","桃園市","大溪區","121.305","24.835","14"
"33","364013","20221102075000","48","0","桃園市","大溪區","121.280","24.840","26"
"10","364014","20221102075000","18","0","桃園市","大溪區","121.285","24.840","10"
"583","364024","20221102075000","531","1","桃園市","大溪區","121.285","24.850","663"
"14","364032","20221102075000","258","0","桃園市","大溪區","121.295","24.855","14"
"12","364043","20221102075000","18","0","桃園市","大溪區","121.305","24.860","13"
"230","364050","20221102075000","209","1","桃園市","大溪區","121.295","24.865","245"
"72","364052","20221102075000","77","0","桃園市","大溪區","121.305","24.865","79"
"284","364061","20221102075000","199","2","桃園市","大溪區","121.300","24.870","243"
"154","364068","20221102075000","166","0","桃園市","大溪區","121.300","24.875","160"
"45","364070","20221102075000","37","2","桃園市","大溪區","121.310","24.875","52"
"204","364110","20221102075000","245","0","桃園市","大溪區","121.270","24.840","200"
"609","364119","20221102075000","409","2","新竹縣","新豐鄉","121.005","24.885","647"
"684","364123","20221102075000","538","2","新竹縣","新豐鄉","121.005","24.890","664"
"396","364126","20221102075000","391","1","新竹縣","湖口鄉","121.020","24.890","387"
"26","364127","20221102075000","61","0","新竹縣","新豐鄉","120.995","24.875","26"
"350","364129","20221102075000","325","1","新竹縣","新豐鄉","120.990","24.880","339"
"206","364130","20221102075000","245","0","新竹縣","新豐鄉","120.990","24.885","202"
"1347","364132","20221102075000","1351","0","新竹縣","新豐鄉","120.990","24.890","1233"
"326","364139","20221102075000","315","1","新竹縣","湖口鄉","121.025","24.890","309"
"610","364141","20221102075000","618","0","新竹縣","湖口鄉","121.035","24.890","583"
"1050","364143","20221102075000","1056","0","新竹縣","湖口鄉","121.020","24.860","970"
"260","364146","20221102075000","264","0","新竹縣","湖口鄉","121.015","24.865","242"
"605","364147","20221102075000","351","3","新竹縣","湖口鄉","121.020","24.865","613"
"1534","364148","20221102075000","1337","1","新竹縣","湖口鄉","121.025","24.865","1521"
"602","364149","20221102075000","632","0","新竹縣","湖口鄉","121.030","24.865","538"
"707","364163","20221102075000","645","1","新竹縣","湖口鄉","121.035","24.875","740"
"1154","364164","20221102075000","1320","0","新竹縣","湖口鄉","121.040","24.875","1342"
"418","364168","20221102075000","494","0","新竹縣","湖口鄉","121.035","24.880","432"
"402","364171","20221102075000","442","0","新竹縣","湖口鄉","121.050","24.880","439"
"22","364179","20221102075000","37","0","新竹縣","湖口鄉","121.065","24.875","18"
"22","364180","20221102075000","20","1","新竹縣","湖口鄉","121.070","24.875","22"
"212","364189","20221102075000","211","1","新竹縣","湖口鄉","121.075","24.880","211"
"219","364194","20221102075000","166","2","新竹縣","湖口鄉","121.070","24.885","209"
"287","364195","20221102075000","222","2","新竹縣","湖口鄉","121.075","24.885","286"
"866","364201","20221102075000","850","1","新竹縣","湖口鄉","121.055","24.880","818"
"313","364202","20221102075000","294","1","新竹縣","湖口鄉","121.060","24.880","302"
"422","364205","20221102075000","445","0","新竹縣","湖口鄉","121.050","24.885","440"
"72","364211","20221102075000","73","0","新竹縣","湖口鄉","121.105","24.880","64"
"512","364216","20221102075000","490","1","新竹縣","湖口鄉","121.090","24.885","553"
"107","364222","20221102075000","125","0","新竹縣","湖口鄉","121.100","24.885","110"
"664","364228","20221102075000","744","0","新竹縣","湖口鄉","121.110","24.890","733"
"312","364231","20221102075000","197","3","新竹縣","湖口鄉","121.085","24.885","305"
"501","364236","20221102075000","383","2","新竹縣","湖口鄉","121.080","24.890","482"
"423","364238","20221102075000","475","0","新竹縣","湖口鄉","121.090","24.890","467"
"2883","364239","20221102075000","3011","0","新竹縣","湖口鄉","121.015","24.870","2877"
"492","364240","20221102075000","537","0","新竹縣","湖口鄉","121.015","24.875","462"
"1998","364242","20221102075000","1659","2","新竹縣","湖口鄉","121.025","24.875","2095"
"4449","364243","20221102075000","990","3","新竹縣","湖口鄉","121.010","24.880","916"
"2892","364244","20221102075000","2498","1","新竹市","北區","120.965","24.805","2999"
"10","364290","20221102075000","23","0","新北市","新店區","121.510","24.890","10"
"14","364291","20221102075000","15","0","新北市","新店區","121.515","24.890","13"
"344","364296","20221102075000","481","0","桃園市","大溪區","121.265","24.885","337"
"571","364314","20221102075000","341","3","桃園市","大溪區","121.280","24.870","541"
"25","364340","20221102075000","30","0","桃園市","大溪區","121.285","24.820","26"
"100","364352","20221102075000","110","0","桃園市","大溪區","121.310","24.825","111"
"13","364355","20221102075000","14","0","桃園市","大溪區","121.300","24.830","12"
"49","364359","20221102075000","52","0","桃園市","大溪區","121.305","24.830","68"
"11","364384","20221102075000","57","0","桃園市","大溪區","121.335","24.845","11"
"580","364405","20221102075000","464","2","桃園市","大溪區","121.300","24.890","580"
"565","364409","20221102075000","552","1","新竹縣","湖口鄉","121.045","24.890","567"
"167","364419","20221102075000","131","2","新竹縣","湖口鄉","121.040","24.860","207"
"952","364424","20221102075000","899","1","新竹縣","湖口鄉","121.035","24.865","1046"
"448","364429","20221102075000","276","3","新竹縣","湖口鄉","121.020","24.870","412"
"1092","364430","20221102075000","1510","0","新竹縣","湖口鄉","121.025","24.870","1082"
"1189","364431","20221102075000","1085","1","新竹縣","湖口鄉","121.030","24.870","1181"
"1332","364432","20221102075000","1570","0","新竹縣","湖口鄉","121.035","24.870","1371"
"900","364436","20221102075000","1009","0","新竹縣","湖口鄉","121.030","24.875","966"
"345","364453","20221102075000","321","1","新竹縣","新埔鎮","121.090","24.810","338"
"127","364470","20221102075000","80","3","新竹縣","新埔鎮","121.095","24.855","139"
"427","364480","20221102075000","542","0","新竹縣","新埔鎮","121.060","24.835","401"
"245","364482","20221102075000","175","2","新竹縣","新埔鎮","121.060","24.840","241"
"2204","364497","20221102075000","2246","0","新竹縣","新埔鎮","121.085","24.830","2319"
"32","364505","20221102075000","78","0","新竹縣","芎林鄉","121.085","24.790","128"
"101","364507","20221102075000","93","1","新竹縣","新埔鎮","121.085","24.795","95"
"230","364516","20221102075000","55","3","新竹縣","新埔鎮","121.080","24.810","133"
"187","364518","20221102075000","206","0","新竹縣","新埔鎮","121.080","24.815","185"
"528","364538","20221102075000","442","1","新竹縣","新埔鎮","121.120","24.840","540"
"600","364549","20221102075000","714","0","新竹縣","新埔鎮","121.060","24.820","601"
"59","364555","20221102075000","228","0","新竹縣","新埔鎮","121.060","24.825","46"
"883","364558","20221102075000","706","2","新竹縣","新埔鎮","121.040","24.830","815"
"2958","364561","20221102075000","2107","2","新竹縣","新埔鎮","121.030","24.835","2896"
"24","364571","20221102075000","41","0","新竹縣","新埔鎮","121.145","24.855","17"
"1372","364579","20221102075000","1145","1","新竹縣","新埔鎮","121.080","24.830","1268"
"370","364581","20221102075000","319","1","宜蘭縣","宜蘭市","121.760","24.770","346"
"400","364583","20221102075000","259","3","宜蘭縣","宜蘭市","121.770","24.770","417"
"126","364585","20221102075000","122","1","宜蘭縣","宜蘭市","121.765","24.770","109"
"175","364586","20221102075000","158","1","宜蘭縣","宜蘭市","121.760","24.775","186"
"403","364587","20221102075000","334","2","宜蘭縣","宜蘭市","121.760","24.780","373"
"56","364588","20221102075000","70","0","桃園市","平鎮區","121.185","24.890","64"
"381","364590","20221102075000","301","2","桃園市","大溪區","121.285","24.865","387"
"569","364594","20221102075000","444","2","桃園市","大溪區","121.285","24.875","555"
"1035","364597","20221102075000","1014","1","桃園市","大溪區","121.285","24.880","1022"
"781","364599","20221102075000","1067","0","桃園市","大溪區","121.295","24.880","774"
"1363","364601","20221102075000","1460","0","桃園市","大溪區","121.270","24.880","1368"
"11","364604","20221102075000","12","0","桃園市","楊梅區","121.175","24.885","13"
"231","364607","20221102075000","226","1","桃園市","楊梅區","121.180","24.890","219"
"337","364609","20221102075000","360","0","桃園市","龍潭區","121.235","24.875","330"
"471","364612","20221102075000","460","1","桃園市","龍潭區","121.220","24.870","535"
"824","364613","20221102075000","632","2","桃園市","龍潭區","121.225","24.870","802"
"463","364614","20221102075000","383","2","桃園市","龍潭區","121.205","24.885","504"
"24","364615","20221102075000","111","0","桃園市","龍潭區","121.205","24.890","21"
"1138","364616","20221102075000","1229","0","桃園市","龍潭區","121.210","24.885","1143"
"278","364618","20221102075000","270","1","新竹縣","竹北市","120.990","24.835","293"
"456","364620","20221102075000","450","1","新竹縣","竹北市","120.990","24.840","451"
"508","364623","20221102075000","545","0","新竹縣","竹北市","120.990","24.845","552"
"886","364629","20221102075000","1263","0","新竹縣","竹北市","121.045","24.795","913"
"1451","364631","20221102075000","1297","1","新竹縣","竹北市","121.040","24.800","1532"
"824","364632","20221102075000","543","3","新竹縣","竹北市","121.045","24.800","761"
"527","364633","20221102075000","611","0","新竹縣","竹北市","121.050","24.800","524"
"1906","364634","20221102075000","1810","1","新竹縣","竹北市","121.040","24.805","2056"
"630","364635","20221102075000","588","1","新竹縣","竹北市","121.045","24.805","667"
"2045","364637","20221102075000","1546","2","新竹縣","竹北市","121.020","24.810","2010"
"1649","364639","20221102075000","1776","0","新竹縣","竹北市","121.020","24.815","1532"
"1877","364640","20221102075000","2148","0","新竹縣","竹北市","121.025","24.815","1860"
"2177","364642","20221102075000","2870","0","新竹縣","竹北市","121.025","24.820","2062"
"1121","364648","20221102075000","914","2","新竹市","北區","120.925","24.840","1060"
"689","364657","20221102075000","717","0","桃園市","龍潭區","121.210","24.890","709"
"43","364662","20221102075000","35","2","桃園市","復興區","121.325","24.775","43"
"21","364692","20221102075000","16","2","桃園市","復興區","121.335","24.790","16"
"89","364720","20221102075000","123","0","桃園市","復興區","121.345","24.805","103"
"203","364731","20221102075000","159","2","桃園市","復興區","121.350","24.815","222"
"97","364735","20221102075000","96","1","桃園市","復興區","121.350","24.820","90"
"121","364741","20221102075000","98","2","桃園市","復興區","121.370","24.825","113"
"121","364767","20221102075000","151","0","桃園市","復興區","121.375","24.800","129"
"27","364824","20221102075000","32","0","桃園市","復興區","121.375","24.785","29"
"29","364825","20221102075000","21","2","桃園市","復興區","121.380","24.785","30"
"40","364828","20221102075000","22","3","桃園市","復興區","121.395","24.785","55"
"95","364934","20221102075000","91","1","桃園市","復興區","121.305","24.800","108"
"25","364969","20221102075000","40","0","桃園市","復興區","121.400","24.805","34"
"48","365017","20221102075000","30","3","桃園市","復興區","121.390","24.825","45"
"85","365042","20221102075000","58","2","桃園市","復興區","121.385","24.835","126"
"186","365054","20221102075000","246","0","桃園市","楊梅區","121.155","24.880","211"
"97","365058","20221102075000","91","1","桃園市","楊梅區","121.155","24.885","100"
"362","365063","20221102075000","438","0","桃園市","楊梅區","121.150","24.885","381"
"176","365065","20221102075000","177","0","桃園市","楊梅區","121.160","24.885","156"
"36","365067","20221102075000","139","0","桃園市","楊梅區","121.150","24.890","29"
"666","365068","20221102075000","725","0","桃園市","楊梅區","121.155","24.890","678"
"989","365070","20221102075000","634","3","桃園市","楊梅區","121.170","24.885","998"
"2553","365073","20221102075000","2755","0","新竹市","北區","120.955","24.795","2455"
"1831","365075","20221102075000","1439","2","新竹市","香山區","120.945","24.790","1827"
"628","365076","20221102075000","504","2","新竹市","香山區","120.950","24.790","627"
"801","365079","20221102075000","891","0","新竹市","香山區","120.925","24.790","804"
"1747","365080","20221102075000","2114","0","新竹市","香山區","120.925","24.795","1776"
"964","365083","20221102075000","907","1","新竹市","香山區","120.940","24.775","973"
"567","365086","20221102075000","426","2","新竹市","香山區","120.940","24.780","578"
"297","365089","20221102075000","217","2","新竹市","香山區","120.935","24.785","305"
"1982","365090","20221102075000","1236","3","新竹縣","竹北市","121.015","24.840","1943"
"4129","365091","20221102075000","4148","0","新竹縣","竹北市","121.010","24.840","4269"
"962","365092","20221102075000","835","1","桃園市","龍潭區","121.210","24.880","916"
"468","365093","20221102075000","386","2","桃園市","龍潭區","121.215","24.880","511"
"704","365094","20221102075000","627","1","桃園市","龍潭區","121.215","24.885","700"
"423","365099","20221102075000","549","0","桃園市","龍潭區","121.200","24.875","415"
"530","365102","20221102075000","523","1","桃園市","龍潭區","121.195","24.885","512"
"330","365105","20221102075000","271","2","桃園市","龍潭區","121.200","24.885","334"
"663","365121","20221102075000","674","0","桃園市","龍潭區","121.180","24.835","728"
"358","365122","20221102075000","476","0","桃園市","龍潭區","121.185","24.835","365"
"1060","365124","20221102075000","933","1","桃園市","龍潭區","121.195","24.835","994"
"701","365133","20221102075000","908","0","桃園市","龍潭區","121.200","24.850","740"
"589","365138","20221102075000","512","1","桃園市","龍潭區","121.210","24.810","612"
"114","365145","20221102075000","154","0","桃園市","龍潭區","121.205","24.820","131"
"240","365150","20221102075000","289","0","桃園市","龍潭區","121.205","24.825","278"
"124","365153","20221102075000","118","1","桃園市","龍潭區","121.220","24.825","125"
"1481","365158","20221102075000","1198","2","桃園市","龍潭區","121.205","24.835","1465"
"91","365159","20221102075000","46","3","桃園市","龍潭區","121.210","24.835","83"
"794","365161","20221102075000","711","1","桃園市","龍潭區","121.205","24.840","838"
"277","365169","20221102075000","295","0","桃園市","龍潭區","121.230","24.885","308"
"1116","365173","20221102075000","1269","0","新竹市","北區","120.965","24.815","1083"
"1009","365174","20221102075000","1010","0","新竹市","北區","120.960","24.820","972"
"1492","365175","20221102075000","1499","0","新竹市","北區","120.960","24.800","1450"
"2439","365176","20221102075000","2216","1","新竹市","東區","120.980","24.795","2312"
"1495","365177","20221102075000","1862","0","新竹市","東區","120.985","24.795","1445"
"10","365178","20221102075000","216","0","新竹市","東區","120.985","24.790","18"
"1960","365183","20221102075000","1438","2","新竹市","北區","120.975","24.820","2183"
"1318","365184","20221102075000","1211","1","新竹市","北區","120.975","24.825","1197"
"861","365185","20221102075000","583","2","新竹市","北區","120.980","24.825","873"
"1888","365210","20221102075000","2078","0","新竹市","東區","121.000","24.800","1983"
"1879","365211","20221102075000","2499","0","新竹市","東區","121.000","24.795","1920"
"1179","365212","20221102075000","977","2","新竹市","東區","121.025","24.780","1263"
"533","365213","20221102075000","596","0","桃園市","龍潭區","121.245","24.880","582"
"472","365219","20221102075000","627","0","桃園市","平鎮區","121.240","24.890","513"
"1257","365221","20221102075000","1106","1","新竹市","北區","120.930","24.835","1335"
"795","365222","20221102075000","773","1","新竹市","北區","120.935","24.835","809"
"3572","365223","20221102075000","2962","2","新竹市","北區","120.970","24.825","3535"
"3837","365224","20221102075000","3762","1","新竹市","東區","120.975","24.815","3716"
"3226","365225","20221102075000","3412","0","新竹市","東區","120.980","24.815","3394"
"1597","365226","20221102075000","950","3","新竹市","北區","120.965","24.825","1502"
"641","365227","20221102075000","467","2","新竹市","北區","120.965","24.830","650"
"150","365229","20221102075000","181","0","桃園市","楊梅區","121.140","24.885","142"
"194","365231","20221102075000","197","0","桃園市","楊梅區","121.135","24.885","198"
"589","365234","20221102075000","461","2","桃園市","楊梅區","121.135","24.890","560"
"251","365235","20221102075000","256","0","桃園市","楊梅區","121.140","24.890","274"
"569","365236","20221102075000","654","0","桃園市","楊梅區","121.145","24.890","580"
"825","365237","20221102075000","834","0","新竹市","北區","120.950","24.805","808"
"1234","365238","20221102075000","1077","1","新竹市","北區","120.940","24.840","1224"
"884","365240","20221102075000","851","1","新竹市","北區","120.930","24.840","899"
"853","365241","20221102075000","756","1","新竹市","北區","120.935","24.840","807"
"175","365243","20221102075000","177","0","新竹市","北區","120.925","24.845","214"
"751","365244","20221102075000","691","1","新竹市","北區","120.930","24.845","730"
"1484","365253","20221102075000","1513","0","新竹市","東區","120.965","24.800","1443"
"4833","365254","20221102075000","5592","0","新竹市","東區","121.005","24.795","4878"
"3580","365255","20221102075000","3221","1","新竹市","東區","121.010","24.795","3576"
"1421","365258","20221102075000","1580","0","新竹市","東區","121.015","24.795","1417"
"1117","365259","20221102075000","690","3","新竹市","東區","120.970","24.790","1107"
"982","365261","20221102075000","749","2","新竹市","北區","120.955","24.815","990"
"5127","365262","20221102075000","4681","1","新竹市","北區","120.960","24.815","5109"
"705","365264","20221102075000","815","0","新竹市","北區","120.955","24.825","729"
"3384","365265","20221102075000","3482","0","新竹市","東區","121.010","24.790","3350"
"606","365266","20221102075000","1029","0","新竹市","東區","120.970","24.795","557"
"1782","365267","20221102075000","1761","1","新竹市","東區","120.980","24.790","1613"
"2086","365268","20221102075000","1991","1","新竹市","東區","120.970","24.805","2042"
"652","365269","20221102075000","691","0","新竹市","北區","120.945","24.805","677"
"667","365270","20221102075000","995","0","新竹市","香山區","120.950","24.800","705"
"2099","365271","20221102075000","1887","1","新竹市","北區","120.955","24.800","2093"
"72","365292","20221102075000","90","0","桃園市","復興區","121.340","24.820","73"
"209","365304","20221102075000","175","1","桃園市","大溪區","121.330","24.835","171"
"89","365315","20221102075000","104","0","桃園市","復興區","121.350","24.835","90"
"1489","365322","20221102075000","1474","1","新竹市","東區","120.970","24.815","1514"
"3196","365323","20221102075000","2839","1","新竹市","北區","120.965","24.810","3228"
"3057","365324","20221102075000","2687","1","新竹市","東區","120.990","24.800","3209"
"68","365325","20221102075000","146","0","新竹市","東區","120.990","24.805","122"
"114","365326","20221102075000","98","1","新竹市","東區","120.995","24.805","84"
"1134","365327","20221102075000","1254","0","新竹市","東區","120.995","24.785","1206"
"823","365328","20221102075000","1071","0","新竹市","東區","121.000","24.780","801"
"250","365330","20221102075000","284","0","新竹市","東區","120.990","24.785","254"
"2277","365331","20221102075000","2212","1","新竹市","東區","121.000","24.790","2201"
"1364","365332","20221102075000","1426","0","新竹市","東區","121.000","24.785","1524"
"519","365334","20221102075000","610","0","新竹市","東區","120.990","24.795","528"
"2203","365335","20221102075000","2076","1","新竹市","東區","120.990","24.790","2160"
"1946","365336","20221102075000","2085","0","新竹市","東區","120.995","24.795","1962"
"2153","365337","20221102075000","2461","0","新竹市","東區","120.995","24.790","2406"
"756","365338","20221102075000","762","0","新竹市","北區","120.960","24.790","746"
"1395","365339","20221102075000","1274","1","新竹市","東區","120.980","24.800","1410"
"436","365340","20221102075000","528","0","新竹市","東區","120.990","24.810","482"
"1829","365341","20221102075000","1746","1","新竹市","東區","120.985","24.815","1843"
"984","365346","20221102075000","1064","0","新竹市","東區","120.995","24.820","989"
"10","365347","20221102075000","10","1","新竹市","東區","121.005","24.800","11"
"37","365352","20221102075000","249","0","新竹市","東區","121.015","24.805","31"
"283","365356","20221102075000","347","0","桃園市","楊梅區","121.130","24.885","274"
"115","365363","20221102075000","136","0","桃園市","楊梅區","121.125","24.890","129"
"201","365364","20221102075000","236","0","桃園市","楊梅區","121.130","24.890","187"
"28","367498","20221102075000","50","0","宜蘭縣","頭城鎮","121.880","24.910","93"
"31","369694","20221102075000","49","0","宜蘭縣","頭城鎮","121.895","24.940","24"
"21","369695","20221102075000","143","0","宜蘭縣","頭城鎮","121.900","24.940","21"
"485","373866","20221102075000","623","0","新北市","板橋區","121.435","24.985","478"
"2090","373867","20221102075000","3576","0","新北市","中和區","121.515","24.990","2045"
"20","373876","20221102075000","34","0","宜蘭縣","頭城鎮","121.850","24.895","31"
"203","373895","20221102075000","215","0","宜蘭縣","頭城鎮","121.890","24.940","211"
"64","373934","20221102075000","97","0","宜蘭縣","頭城鎮","121.900","24.945","77"
"16","373935","20221102075000","42","0","宜蘭縣","頭城鎮","121.900","24.950","17"
"33","373940","20221102075000","46","0","宜蘭縣","頭城鎮","121.915","24.950","30"
"190","373951","20221102075000","181","1","宜蘭縣","頭城鎮","121.920","24.960","149"
"61","373977","20221102075000","142","0","新北市","雙溪區","121.795","24.900","116"
"188","373991","20221102075000","214","0","宜蘭縣","頭城鎮","121.865","24.905","169"
"65","373993","20221102075000","61","1","宜蘭縣","頭城鎮","121.850","24.905","80"
"2219","374034","20221102075000","2883","0","新北市","中和區","121.525","24.990","2118"
"2558","374036","20221102075000","5021","0","新北市","土城區","121.465","24.985","2573"
"3085","374037","20221102075000","3310","0","新北市","土城區","121.470","24.990","3157"
"908","374042","20221102075000","949","0","新北市","土城區","121.470","24.975","851"
"997","374045","20221102075000","1898","0","新北市","新店區","121.545","24.980","978"
"870","374046","20221102075000","750","1","新北市","中和區","121.480","24.965","736"
"36","374051","20221102075000","30","2","新北市","中和區","121.490","24.970","35"
"36","374054","20221102075000","25","2","新北市","中和區","121.495","24.975","29"
"359","374055","20221102075000","350","1","新北市","中和區","121.495","24.980","355"
"1276","374056","20221102075000","1563","0","新北市","中和區","121.505","24.985","1235"
"614","374067","20221102075000","576","1","新北市","三峽區","121.380","24.925","646"
"1543","374070","20221102075000","1693","0","新北市","三峽區","121.370","24.930","1726"
"366","374083","20221102075000","254","2","新北市","三峽區","121.405","24.905","403"
"55","374086","20221102075000","36","3","新北市","三峽區","121.380","24.910","55"
"49","374097","20221102075000","40","2","新北市","三峽區","121.350","24.895","47"
"63","374103","20221102075000","58","1","新北市","三峽區","121.350","24.900","58"
"164","374104","20221102075000","180","0","新北市","三峽區","121.355","24.900","163"
"111","374106","20221102075000","127","0","新北市","三峽區","121.365","24.900","77"
"291","374107","20221102075000","213","2","新北市","三峽區","121.360","24.905","286"
"27","374108","20221102075000","316","0","新北市","三峽區","121.365","24.905","295"
"767","374109","20221102075000","857","0","新北市","三峽區","121.365","24.910","797"
"187","374111","20221102075000","178","1","新北市","三峽區","121.365","24.920","197"
"33","374139","20221102075000","32","1","新北市","三峽區","121.465","24.915","39"
"54","374147","20221102075000","37","2","新北市","三峽區","121.455","24.920","58"
"114","374167","20221102075000","86","2","新北市","三峽區","121.445","24.925","112"
"181","374179","20221102075000","132","2","新北市","三峽區","121.455","24.930","190"
"2593","374196","20221102075000","2764","0","新北市","新店區","121.550","24.970","2583"
"466","374198","20221102075000","787","0","新北市","新店區","121.550","24.975","467"
"658","374199","20221102075000","791","0","新北市","土城區","121.455","24.990","627"
"1299","374200","20221102075000","967","2","新北市","土城區","121.440","24.980","1283"
"367","374201","20221102075000","395","0","新北市","土城區","121.445","24.980","344"
"3481","374203","20221102075000","3347","1","新北市","中和區","121.495","24.990","3490"
"2027","374204","20221102075000","2127","0","新北市","中和區","121.510","24.985","2041"
"4207","374205","20221102075000","5007","0","新北市","新店區","121.545","24.975","4307"
"1282","374206","20221102075000","1369","0","新北市","新店區","121.550","24.980","1323"
"1757","374207","20221102075000","2404","0","新北市","中和區","121.505","24.980","1735"
"43","374212","20221102075000","31","2","新北市","中和區","121.485","24.980","40"
"343","374215","20221102075000","446","0","新北市","中和區","121.485","24.990","387"
"93","374216","20221102075000","99","0","新北市","中和區","121.500","24.970","102"
"156","374217","20221102075000","137","1","新北市","中和區","121.500","24.975","136"
"1039","374219","20221102075000","526","3","新北市","新店區","121.510","24.975","1070"
"121","374220","20221102075000","126","0","新北市","中和區","121.500","24.980","114"
"3557","374221","20221102075000","3907","0","新北市","樹林區","121.375","24.945","3755"
"1075","374222","20221102075000","946","1","新北市","三峽區","121.370","24.925","1105"
"931","374223","20221102075000","1491","0","新北市","三峽區","121.365","24.930","900"
"132","374240","20221102075000","94","2","新北市","三峽區","121.345","24.915","132"
"25","374252","20221102075000","159","0","新北市","三峽區","121.360","24.925","12"
"155","374255","20221102075000","122","2","新北市","三峽區","121.420","24.925","149"
"648","374266","20221102075000","443","2","新北市","中和區","121.500","24.985","664"
"274","374267","20221102075000","1510","0","新北市","中和區","121.500","24.990","238"
"5352","374268","20221102075000","5720","0","新北市","中和區","121.510","24.990","5524"
"2477","374272","20221102075000","2423","1","新北市","三峽區","121.370","24.935","2369"
"407","374277","20221102075000","392","1","新北市","三峽區","121.370","24.900","384"
"182","374283","20221102075000","185","0","新北市","三峽區","121.395","24.935","151"
"360","374286","20221102075000","386","0","新北市","三峽區","121.400","24.940","340"
"205","374288","20221102075000","300","0","新北市","三峽區","121.405","24.945","215"
"492","374295","20221102075000","392","2","新北市","三峽區","121.390","24.930","506"
"458","374297","20221102075000","356","2","新北市","三峽區","121.400","24.930","468"
"395","374300","20221102075000","285","2","新北市","三峽區","121.415","24.925","378"
"556","374302","20221102075000","474","1","新北市","三峽區","121.410","24.930","560"
"20","374321","20221102075000","19","1","新北市","三峽區","121.420","24.900","29"
"111","374335","20221102075000","58","3","新北市","三峽區","121.435","24.905","102"
"74","374343","20221102075000","84","0","新北市","三峽區","121.420","24.910","77"
"179","374363","20221102075000","96","3","新北市","三峽區","121.425","24.920","158"
"175","374371","20221102075000","140","2","新北市","三峽區","121.425","24.925","175"
"14","374390","20221102075000","295","0","新北市","三峽區","121.360","24.935","74"
"2429","374391","20221102075000","2525","0","新北市","三峽區","121.365","24.935","2598"
"1064","374393","20221102075000","995","1","新北市","三峽區","121.375","24.935","1005"
"498","374394","20221102075000","387","2","新北市","三峽區","121.380","24.935","522"
"1759","374396","20221102075000","1542","1","新北市","三峽區","121.380","24.940","1872"
"1919","374402","20221102075000","1601","1","新北市","三峽區","121.370","24.940","1804"
"1398","374403","20221102075000","2064","0","新北市","三峽區","121.375","24.940","1351"
"411","374405","20221102075000","289","2","新北市","三峽區","121.370","24.945","398"
"609","374408","20221102075000","478","2","新北市","三峽區","121.365","24.925","583"
"621","374412","20221102075000","634","0","新北市","三峽區","121.375","24.925","666"
"22","374414","20221102075000","22","1","新北市","三峽區","121.340","24.900","19"
"380","374418","20221102075000","369","1","新北市","三峽區","121.355","24.910","389"
"1508","374420","20221102075000","1615","0","新北市","三峽區","121.375","24.930","1488"
"403","374421","20221102075000","608","0","新北市","三峽區","121.385","24.930","374"
"2423","374422","20221102075000","3806","0","新北市","中和區","121.505","24.990","2439"
"534","374423","20221102075000","1986","0","新北市","土城區","121.455","24.985","514"
"1621","374424","20221102075000","1295","2","新北市","土城區","121.470","24.985","1560"
"274","374427","20221102075000","21","3","宜蘭縣","頭城鎮","121.870","24.910","283"
"25","374433","20221102075000","26","0","宜蘭縣","頭城鎮","121.880","24.920","19"
"36","374451","20221102075000","43","0","宜蘭縣","頭城鎮","121.885","24.935","33"
"2509","374458","20221102075000","3698","0","新北市","中和區","121.520","24.990","2408"
"3170","374459","20221102075000","2808","1","新北市","樹林區","121.415","24.980","2973"
"1458","374462","20221102075000","1555","0","新北市","樹林區","121.385","24.955","1660"
"139","374467","20221102075000","183","0","新北市","樹林區","121.385","24.970","163"
"107","374493","20221102075000","769","0","新北市","新店區","121.535","24.990","86"
"380","374494","20221102075000","267","2","新北市","新店區","121.530","24.955","355"
"1114","374496","20221102075000","1287","0","新北市","新店區","121.535","24.960","1312"
"134","374498","20221102075000","354","0","新北市","新店區","121.520","24.970","113"
"1664","374500","20221102075000","2416","0","新北市","新店區","121.515","24.975","1789"
"1465","374512","20221102075000","1867","0","新北市","樹林區","121.420","24.990","1559"
"3858","374513","20221102075000","2980","2","新北市","中和區","121.510","24.980","3838"
"1262","374514","20221102075000","1167","1","新北市","土城區","121.460","24.975","1264"
"425","374515","20221102075000","556","0","新北市","新店區","121.520","24.980","412"
"839","374516","20221102075000","1323","0","新北市","新店區","121.520","24.985","803"
"152","374517","20221102075000","130","1","桃園市","大溪區","121.310","24.895","160"
"37","374520","20221102075000","36","1","桃園市","大溪區","121.330","24.895","36"
"22","374524","20221102075000","21","1","桃園市","大溪區","121.320","24.905","19"
"18","374544","20221102075000","73","0","桃園市","大溪區","121.305","24.925","13"
"731","374548","20221102075000","608","2","桃園市","中壢區","121.240","24.940","729"
"187","374549","20221102075000","82","3","桃園市","中壢區","121.245","24.940","129"
"189","374550","20221102075000","176","1","桃園市","中壢區","121.235","24.945","197"
"716","374551","20221102075000","718","0","桃園市","中壢區","121.240","24.945","767"
"669","374552","20221102075000","720","0","桃園市","中壢區","121.240","24.980","661"
"537","374554","20221102075000","498","1","桃園市","中壢區","121.240","24.930","620"
"197","374555","20221102075000","306","0","桃園市","中壢區","121.245","24.930","166"
"658","374556","20221102075000","790","0","桃園市","中壢區","121.235","24.930","647"
"2190","374558","20221102075000","2119","1","桃園市","中壢區","121.250","24.930","2160"
"370","374560","20221102075000","397","0","桃園市","平鎮區","121.205","24.930","347"
"1275","374561","20221102075000","1228","1","桃園市","平鎮區","121.200","24.935","1247"
"124","374562","20221102075000","126","0","桃園市","平鎮區","121.205","24.935","103"
"908","374563","20221102075000","1160","0","桃園市","平鎮區","121.205","24.940","938"
"1656","374564","20221102075000","2156","0","桃園市","平鎮區","121.210","24.955","1564"
"1849","374565","20221102075000","1929","0","桃園市","平鎮區","121.205","24.955","1861"
"493","374566","20221102075000","631","0","桃園市","平鎮區","121.240","24.910","520"
"169","374575","20221102075000","81","3","桃園市","平鎮區","121.195","24.945","121"
"2117","374577","20221102075000","3198","0","桃園市","平鎮區","121.200","24.950","2154"
"1597","374578","20221102075000","1429","1","桃園市","平鎮區","121.200","24.955","1581"
"1496","374579","20221102075000","1519","0","桃園市","平鎮區","121.215","24.950","1500"
"581","374580","20221102075000","237","3","新北市","樹林區","121.365","24.950","428"
"592","374587","20221102075000","630","0","新竹縣","新豐鄉","120.980","24.910","618"
"134","374593","20221102075000","66","3","新竹縣","新豐鄉","120.985","24.915","100"
"453","374594","20221102075000","313","2","新竹縣","新豐鄉","120.970","24.920","404"
"1833","374598","20221102075000","2029","0","桃園市","中壢區","121.245","24.970","1855"
"1303","374599","20221102075000","1390","0","桃園市","中壢區","121.240","24.975","1358"
"1462","374600","20221102075000","964","3","桃園市","中壢區","121.250","24.980","1496"
"942","374601","20221102075000","977","0","桃園市","中壢區","121.250","24.975","1107"
"1779","374602","20221102075000","1760","1","桃園市","中壢區","121.260","24.975","1666"
"469","374603","20221102075000","686","0","桃園市","中壢區","121.210","24.960","449"
"1116","374604","20221102075000","1168","0","新北市","中和區","121.490","24.990","1163"
"188","374605","20221102075000","296","0","新北市","土城區","121.445","24.990","145"
"348","374606","20221102075000","351","0","新北市","新店區","121.545","24.960","348"
"1954","374607","20221102075000","2313","0","新北市","新店區","121.535","24.965","2023"
"2968","374608","20221102075000","2516","1","新北市","新店區","121.535","24.970","2844"
"1736","374609","20221102075000","1327","2","新北市","鶯歌區","121.350","24.955","1680"
"1749","374610","20221102075000","1652","1","新北市","鶯歌區","121.345","24.950","1621"
"340","374612","20221102075000","227","2","桃園市","龜山區","121.335","24.980","382"
"2309","374613","20221102075000","2046","1","新北市","鶯歌區","121.335","24.975","2298"
"1191","374614","20221102075000","1324","0","新北市","鶯歌區","121.340","24.940","1152"
"47","374617","20221102075000","213","0","新北市","鶯歌區","121.335","24.945","32"
"570","374618","20221102075000","628","0","新北市","鶯歌區","121.340","24.945","578"
"251","374620","20221102075000","214","1","新北市","鶯歌區","121.330","24.950","270"
"2948","374622","20221102075000","2446","2","新北市","鶯歌區","121.345","24.955","2901"
"172","374623","20221102075000","152","1","新北市","鶯歌區","121.365","24.955","162"
"425","374626","20221102075000","316","2","新北市","鶯歌區","121.370","24.960","528"
"375","374630","20221102075000","299","2","新北市","鶯歌區","121.375","24.965","380"
"436","374631","20221102075000","492","0","新北市","樹林區","121.380","24.965","444"
"86","374641","20221102075000","95","0","新北市","鶯歌區","121.355","24.975","86"
"2111","374648","20221102075000","1756","2","桃園市","中壢區","121.250","24.935","2074"
"1749","374654","20221102075000","1854","0","桃園市","中壢區","121.225","24.965","1671"
"191","374656","20221102075000","227","0","桃園市","大溪區","121.250","24.895","219"
"395","374659","20221102075000","452","0","桃園市","大溪區","121.265","24.895","399"
"256","374662","20221102075000","475","0","桃園市","大溪區","121.265","24.900","242"
"1115","374664","20221102075000","1192","0","桃園市","大溪區","121.260","24.905","1020"
"4608","374674","20221102075000","5179","0","新北市","新店區","121.535","24.985","4955"
"103","374675","20221102075000","162","0","新北市","新店區","121.540","24.985","125"
"82","374676","20221102075000","1142","0","新北市","新店區","121.505","24.945","67"
"909","374679","20221102075000","851","1","新北市","新店區","121.500","24.955","940"
"726","374680","20221102075000","554","2","新北市","新店區","121.505","24.955","627"
"65","374683","20221102075000","49","2","新北市","新店區","121.500","24.960","61"
"2832","374685","20221102075000","3342","0","新北市","新店區","121.510","24.960","2788"
"377","374692","20221102075000","535","0","新北市","中和區","121.490","24.980","399"
"976","374694","20221102075000","1042","0","新北市","中和區","121.490","24.985","1025"
"314","374695","20221102075000","307","1","新北市","中和區","121.495","24.985","316"
"15","374714","20221102075000","27","0","新北市","坪林區","121.735","24.950","27"
"123","374733","20221102075000","133","0","新北市","坪林區","121.700","24.960","148"
"108","374748","20221102075000","109","0","新北市","坪林區","121.725","24.960","112"
"141","374755","20221102075000","148","0","新北市","坪林區","121.705","24.935","134"
"76","374759","20221102075000","277","0","新北市","坪林區","121.710","24.940","77"
"393","374760","20221102075000","370","1","新北市","坪林區","121.720","24.940","450"
"100","374766","20221102075000","201","0","新北市","坪林區","121.700","24.950","131"
"11","374772","20221102075000","21","0","新北市","坪林區","121.710","24.890","11"
"36","374784","20221102075000","32","1","新北市","坪林區","121.700","24.905","48"
"162","374804","20221102075000","140","1","新北市","坪林區","121.695","24.925","158"
"207","374823","20221102075000","209","0","新北市","坪林區","121.715","24.925","204"
"23","374907","20221102075000","21","1","新北市","坪林區","121.785","24.955","21"
"29","374921","20221102075000","35","0","新北市","坪林區","121.730","24.965","28"
"14","374929","20221102075000","21","0","新北市","坪林區","121.770","24.965","18"
"10","374980","20221102075000","11","0","新北市","坪林區","121.730","24.895","14"
"70","375126","20221102075000","72","0","新北市","坪林區","121.680","24.930","92"
"74","375135","20221102075000","58","2","新北市","石碇區","121.665","24.940","73"
"993","375152","20221102075000","1231","0","新北市","新店區","121.535","24.980","1011"
"409","375153","20221102075000","474","0","新北市","新店區","121.495","24.945","382"
"629","375154","20221102075000","493","2","新北市","新店區","121.495","24.950","645"
"2299","375155","20221102075000","4070","0","新北市","新店區","121.545","24.970","2095"
"426","375159","20221102075000","359","1","新北市","新店區","121.535","24.940","411"
"435","375160","20221102075000","231","3","新北市","新店區","121.540","24.940","437"
"2211","375167","20221102075000","1979","1","桃園市","八德區","121.295","24.960","2344"
"390","375168","20221102075000","516","0","桃園市","中壢區","121.205","24.965","501"
"18","375176","20221102075000","56","0","桃園市","中壢區","121.210","24.975","23"
"2437","375180","20221102075000","3263","0","桃園市","中壢區","121.255","24.975","2448"
"1249","375181","20221102075000","1221","1","桃園市","平鎮區","121.220","24.950","1224"
"1474","375182","20221102075000","1178","2","桃園市","中壢區","121.225","24.945","1444"
"2970","375183","20221102075000","2716","1","桃園市","中壢區","121.230","24.955","2951"
"426","375185","20221102075000","480","0","桃園市","中壢區","121.220","24.985","451"
"2283","375190","20221102075000","2262","1","桃園市","八德區","121.300","24.960","2450"
"1599","375191","20221102075000","1450","1","新竹縣","湖口鄉","121.050","24.905","1591"
"568","375194","20221102075000","566","1","新竹縣","湖口鄉","121.055","24.910","542"
"417","375195","20221102075000","383","1","新竹縣","湖口鄉","121.050","24.915","385"
"1467","375199","20221102075000","1474","0","桃園市","楊梅區","121.060","24.920","1506"
"405","375200","20221102075000","339","1","新竹縣","湖口鄉","121.055","24.925","342"
"1412","375202","20221102075000","1669","0","桃園市","八德區","121.295","24.965","1345"
"1726","375203","20221102075000","1799","0","桃園市","中壢區","121.225","24.955","1781"
"1585","375204","20221102075000","1565","1","桃園市","中壢區","121.225","24.960","1539"
"1325","375206","20221102075000","1808","0","桃園市","中壢區","121.260","24.965","1304"
"1104","375207","20221102075000","938","1","桃園市","八德區","121.300","24.970","1077"
"2946","375208","20221102075000","2528","1","桃園市","桃園區","121.305","24.975","2925"
"1399","375209","20221102075000","1333","1","桃園市","八德區","121.300","24.975","1419"
"42","375211","20221102075000","29","2","桃園市","八德區","121.315","24.940","28"
"381","375215","20221102075000","349","1","桃園市","八德區","121.300","24.925","384"
"1803","375216","20221102075000","1028","3","新北市","土城區","121.450","24.990","1802"
"1474","375217","20221102075000","1843","0","新北市","土城區","121.440","24.975","1547"
"1901","375218","20221102075000","1815","1","新北市","土城區","121.465","24.975","1932"
"1593","375220","20221102075000","1541","1","新北市","新店區","121.540","24.970","1497"
"197","375229","20221102075000","231","0","新北市","新店區","121.475","24.940","202"
"44","375230","20221102075000","503","0","新北市","新店區","121.480","24.940","37"
"215","375239","20221102075000","278","0","新北市","新店區","121.485","24.950","231"
"1024","375244","20221102075000","1310","0","新北市","新店區","121.510","24.970","961"
"950","375246","20221102075000","1343","0","新北市","新店區","121.515","24.970","942"
"1305","375247","20221102075000","2012","0","桃園市","中壢區","121.210","24.965","1291"
"1860","375250","20221102075000","1495","2","桃園市","中壢區","121.235","24.970","1743"
"636","375252","20221102075000","623","1","桃園市","中壢區","121.235","24.975","664"
"385","375253","20221102075000","1283","0","桃園市","中壢區","121.235","24.980","415"
"79","375255","20221102075000","308","0","桃園市","中壢區","121.235","24.985","92"
"1354","375256","20221102075000","1353","1","桃園市","中壢區","121.230","24.990","1313"
"1779","375258","20221102075000","1497","1","桃園市","八德區","121.295","24.945","1769"
"398","375259","20221102075000","378","1","桃園市","八德區","121.295","24.950","363"
"1172","375260","20221102075000","799","2","桃園市","八德區","121.275","24.965","1186"
"561","375261","20221102075000","538","1","桃園市","八德區","121.280","24.970","588"
"1323","375264","20221102075000","1662","0","桃園市","中壢區","121.195","24.960","1306"
"79","375265","20221102075000","180","0","桃園市","中壢區","121.200","24.960","65"
"3387","375266","20221102075000","3278","1","桃園市","平鎮區","121.190","24.965","3439"
"924","375269","20221102075000","1013","0","桃園市","平鎮區","121.190","24.970","943"
"3315","375271","20221102075000","2408","2","桃園市","中壢區","121.205","24.960","3260"
"1853","375272","20221102075000","1746","1","桃園市","中壢區","121.260","24.950","1897"
"2218","375273","20221102075000","1567","2","桃園市","中壢區","121.260","24.955","2115"
"580","375274","20221102075000","560","1","桃園市","八德區","121.290","24.960","575"
"1010","375275","20221102075000","942","1","桃園市","八德區","121.265","24.970","1030"
"472","375276","20221102075000","647","0","桃園市","八德區","121.275","24.970","526"
"1126","375278","20221102075000","1201","0","桃園市","八德區","121.270","24.970","1154"
"1227","375279","20221102075000","1115","1","桃園市","八德區","121.275","24.975","1219"
"1045","375281","20221102075000","1251","0","桃園市","八德區","121.295","24.925","1055"
"267","375296","20221102075000","247","1","新竹縣","新豐鄉","121.005","24.925","298"
"228","375299","20221102075000","282","0","新竹縣","新豐鄉","121.020","24.925","223"
"210","375303","20221102075000","194","1","新竹縣","新豐鄉","120.965","24.895","212"
"247","375308","20221102075000","164","3","新竹縣","新豐鄉","120.970","24.900","235"
"1368","375316","20221102075000","1950","0","新北市","土城區","121.420","24.960","1388"
"478","375317","20221102075000","611","0","新北市","土城區","121.410","24.955","507"
"1097","375318","20221102075000","1101","0","新北市","土城區","121.415","24.955","1162"
"179","375319","20221102075000","187","0","新北市","新店區","121.515","24.980","196"
"178","375320","20221102075000","79","3","新北市","新店區","121.515","24.945","182"
"335","375321","20221102075000","406","0","新北市","新店區","121.520","24.945","319"
"59","375323","20221102075000","54","1","新北市","新店區","121.520","24.950","56"
"60","375324","20221102075000","31","3","新北市","新店區","121.525","24.950","62"
"333","375325","20221102075000","475","0","新北市","新店區","121.515","24.955","358"
"1586","375326","20221102075000","666","3","新北市","新店區","121.520","24.955","1494"
"272","375330","20221102075000","240","1","新北市","新店區","121.530","24.960","263"
"716","375332","20221102075000","848","0","新北市","新店區","121.525","24.965","708"
"13","375333","20221102075000","726","0","新北市","新店區","121.520","24.965","12"
"2040","375335","20221102075000","2576","0","新北市","新店區","121.540","24.975","1980"
"829","375346","20221102075000","830","0","新北市","新店區","121.505","24.920","809"
"533","375357","20221102075000","537","0","新北市","新店區","121.510","24.925","562"
"32","375361","20221102075000","25","2","新北市","新店區","121.530","24.925","31"
"3817","375369","20221102075000","4976","0","新北市","新店區","121.540","24.980","3981"
"877","375370","20221102075000","1096","0","新北市","新店區","121.530","24.950","847"
"1405","375371","20221102075000","1170","2","新北市","新店區","121.550","24.955","1417"
"116","375372","20221102075000","321","0","新北市","新店區","121.555","24.955","114"
"542","375374","20221102075000","485","1","新北市","新店區","121.555","24.965","541"
"36","375384","20221102075000","72","0","新北市","新店區","121.500","24.920","42"
"126","375390","20221102075000","82","3","新北市","新店區","121.505","24.930","128"
"17","375394","20221102075000","31","0","新北市","新店區","121.510","24.935","20"
"659","375399","20221102075000","461","2","新北市","新店區","121.505","24.940","543"
"1309","375400","20221102075000","1214","1","桃園市","八德區","121.320","24.960","1356"
"1439","375401","20221102075000","1223","1","桃園市","八德區","121.325","24.970","1333"
"748","375402","20221102075000","628","1","桃園市","八德區","121.300","24.930","788"
"750","375403","20221102075000","660","1","桃園市","八德區","121.305","24.930","757"
"143","375404","20221102075000","124","1","桃園市","八德區","121.300","24.935","137"
"503","375405","20221102075000","739","0","桃園市","八德區","121.305","24.935","520"
"154","375407","20221102075000","196","0","桃園市","八德區","121.300","24.940","144"
"509","375408","20221102075000","478","1","桃園市","八德區","121.305","24.940","531"
"870","375410","20221102075000","777","1","桃園市","八德區","121.255","24.920","859"
"12","375411","20221102075000","77","0","桃園市","八德區","121.260","24.920","12"
"405","375417","20221102075000","417","0","桃園市","八德區","121.260","24.925","445"
"1400","375419","20221102075000","977","2","桃園市","八德區","121.270","24.975","1310"
"3434","375420","20221102075000","3868","0","桃園市","中壢區","121.240","24.955","3493"
"1246","375421","20221102075000","2072","0","桃園市","中壢區","121.240","24.960","1274"
"1081","375422","20221102075000","1232","0","桃園市","中壢區","121.245","24.960","982"
"24","375423","20221102075000","39","0","桃園市","中壢區","121.245","24.965","25"
"35","375426","20221102075000","49","0","桃園市","中壢區","121.255","24.955","37"
"1644","375427","20221102075000","1271","2","桃園市","中壢區","121.255","24.960","1479"
"116","375435","20221102075000","163","0","新竹縣","新豐鄉","121.005","24.930","117"
"206","375452","20221102075000","176","1","新竹縣","新豐鄉","121.000","24.905","197"
"410","375460","20221102075000","414","0","新竹縣","新豐鄉","121.010","24.910","385"
"404","375465","20221102075000","315","2","新竹縣","新豐鄉","121.025","24.915","417"
"368","375468","20221102075000","255","2","新竹縣","新豐鄉","121.035","24.930","349"
"1427","375480","20221102075000","1381","1","新竹縣","新豐鄉","120.985","24.900","1452"
"761","375481","20221102075000","644","1","新竹縣","新豐鄉","120.990","24.900","703"
"376","375484","20221102075000","1342","0","桃園市","中壢區","121.235","24.950","344"
"2667","375485","20221102075000","2357","1","新北市","土城區","121.445","24.970","2701"
"1156","375486","20221102075000","1109","1","新北市","土城區","121.445","24.975","1194"
"2672","375487","20221102075000","2931","0","新北市","新店區","121.530","24.970","2750"
"1639","375488","20221102075000","1561","1","新北市","新店區","121.525","24.975","1615"
"1079","375489","20221102075000","1026","1","新北市","新店區","121.530","24.975","1118"
"150","375490","20221102075000","110","2","新北市","新店區","121.525","24.980","154"
"1843","375492","20221102075000","1568","1","新北市","土城區","121.435","24.970","1888"
"2596","375493","20221102075000","3414","0","新北市","新店區","121.545","24.965","2760"
"3645","375495","20221102075000","5367","0","新北市","新店區","121.535","24.975","3757"
"370","375515","20221102075000","356","1","新北市","新店區","121.555","24.930","387"
"58","375517","20221102075000","43","2","新北市","新店區","121.565","24.930","64"
"591","375521","20221102075000","538","1","新北市","新店區","121.550","24.935","582"
"861","375529","20221102075000","1075","0","新北市","新店區","121.530","24.965","917"
"615","375530","20221102075000","1583","0","新北市","新店區","121.475","24.955","580"
"867","375534","20221102075000","926","0","新北市","中和區","121.485","24.965","835"
"1172","375536","20221102075000","1144","1","桃園市","中壢區","121.245","24.935","1179"
"1532","375537","20221102075000","1446","1","桃園市","中壢區","121.260","24.970","1536"
"419","375539","20221102075000","613","0","桃園市","中壢區","121.255","24.935","355"
"740","375540","20221102075000","766","0","桃園市","中壢區","121.260","24.935","684"
"913","375541","20221102075000","1278","0","桃園市","中壢區","121.250","24.940","881"
"577","375542","20221102075000","562","1","桃園市","中壢區","121.260","24.940","589"
"1966","375543","20221102075000","1918","1","桃園市","中壢區","121.240","24.950","1959"
"397","375544","20221102075000","425","0","桃園市","中壢區","121.245","24.950","406"
"931","375548","20221102075000","696","2","桃園市","觀音區","121.150","24.965","885"
"352","375551","20221102075000","289","2","桃園市","觀音區","121.140","24.975","338"
"118","375559","20221102075000","159","0","桃園市","觀音區","121.135","24.985","158"
"876","375569","20221102075000","932","0","桃園市","觀音區","121.165","24.990","847"
"524","375572","20221102075000","635","0","桃園市","八德區","121.320","24.945","542"
"280","375574","20221102075000","371","0","桃園市","八德區","121.315","24.950","272"
"863","375577","20221102075000","1048","0","桃園市","八德區","121.315","24.955","847"
"912","375578","20221102075000","946","0","桃園市","八德區","121.295","24.970","911"
"292","375581","20221102075000","289","1","桃園市","蘆竹區","121.270","24.990","226"
"161","375593","20221102075000","231","0","新北市","石碇區","121.675","24.970","154"
"35","375644","20221102075000","23","3","新北市","石碇區","121.635","24.950","24"
"42","375652","20221102075000","40","1","新北市","石碇區","121.635","24.955","36"
"44","375653","20221102075000","31","2","新北市","石碇區","121.640","24.955","43"
"93","375655","20221102075000","100","0","新北市","石碇區","121.650","24.955","114"
"107","375667","20221102075000","116","0","新北市","石碇區","121.630","24.965","109"
"11","375811","20221102075000","13","0","新北市","石碇區","121.645","24.930","21"
"19","375836","20221102075000","15","2","新北市","石碇區","121.660","24.950","18"
"39","375839","20221102075000","52","0","新北市","石碇區","121.670","24.980","57"
"87","375840","20221102075000","21","3","新北市","石碇區","121.675","24.980","108"
"66","375891","20221102075000","44","3","新北市","石碇區","121.660","24.975","53"
"54","375897","20221102075000","81","0","新北市","石碇區","121.665","24.980","75"
"33","375941","20221102075000","28","1","新北市","貢寮區","121.885","24.985","26"
"10","375959","20221102075000","119","0","新北市","土城區","121.445","24.960","12"
"915","375963","20221102075000","927","0","新北市","土城區","121.435","24.975","962"
"1396","375967","20221102075000","1318","1","新北市","土城區","121.440","24.970","1369"
"423","375969","20221102075000","475","0","新北市","土城區","121.455","24.970","406"
"270","375970","20221102075000","219","2","新北市","新店區","121.550","24.960","263"
"577","375971","20221102075000","542","1","新北市","新店區","121.550","24.965","546"
"42","375972","20221102075000","43","0","新北市","新店區","121.580","24.910","48"
"60","375994","20221102075000","55","1","新北市","新店區","121.590","24.930","67"
"16","376005","20221102075000","13","2","新北市","新店區","121.570","24.940","17"
"99","376023","20221102075000","106","0","新北市","新店區","121.580","24.950","113"
"34","376024","20221102075000","47","0","新北市","新店區","121.585","24.950","45"
"16","376031","20221102075000","12","2","新北市","新店區","121.595","24.955","20"
"20","376033","20221102075000","23","0","新北市","新店區","121.605","24.955","22"
"23","376045","20221102075000","247","0","新北市","新店區","121.500","24.935","13"
"144","376049","20221102075000","62","3","新北市","新店區","121.500","24.940","42"
"1994","376051","20221102075000","1986","1","新北市","新店區","121.490","24.945","1969"
"349","376052","20221102075000","402","0","新北市","新店區","121.490","24.950","352"
"559","376060","20221102075000","564","0","新北市","新店區","121.545","24.955","633"
"944","376063","20221102075000","938","1","新北市","新店區","121.560","24.955","949"
"1148","376064","20221102075000","975","1","新北市","新店區","121.565","24.955","1124"
"56","376065","20221102075000","52","1","新北市","新店區","121.570","24.955","53"
"20","376099","20221102075000","262","0","新北市","新店區","121.555","24.905","18"
"411","376101","20221102075000","427","0","新北市","新店區","121.545","24.910","423"
"708","376106","20221102075000","595","1","桃園市","觀音區","121.155","24.975","674"
"317","376109","20221102075000","329","0","桃園市","觀音區","121.150","24.980","335"
"360","376115","20221102075000","251","2","桃園市","觀音區","121.135","24.990","295"
"2237","376118","20221102075000","3610","0","新北市","新店區","121.515","24.985","2300"
"498","376123","20221102075000","539","0","新北市","土城區","121.445","24.950","511"
"394","376130","20221102075000","319","2","新北市","土城區","121.440","24.965","361"
"347","376131","20221102075000","482","0","新北市","土城區","121.430","24.970","348"
"1176","376132","20221102075000","1257","0","新北市","土城區","121.435","24.965","1209"
"333","376133","20221102075000","463","0","新北市","板橋區","121.430","24.975","348"
"1887","376134","20221102075000","2516","0","臺北市","文山區","121.545","24.985","1783"
"414","376135","20221102075000","539","0","新北市","新店區","121.510","24.950","397"
"1186","376136","20221102075000","1235","0","新北市","新店區","121.515","24.960","1213"
"138","376137","20221102075000","1744","0","新北市","新店區","121.515","24.965","95"
"1807","376141","20221102075000","2084","0","桃園市","八德區","121.320","24.965","1925"
"687","376145","20221102075000","583","1","新竹縣","湖口鄉","121.060","24.895","654"
"234","376148","20221102075000","1123","0","新北市","土城區","121.455","24.980","161"
"361","376149","20221102075000","1139","0","新北市","土城區","121.450","24.980","335"
"96","376150","20221102075000","811","0","新北市","新店區","121.540","24.955","77"
"211","376151","20221102075000","563","0","桃園市","中壢區","121.255","24.940","194"
"1018","376153","20221102075000","1136","0","桃園市","中壢區","121.250","24.965","1017"
"1687","376154","20221102075000","1944","0","桃園市","中壢區","121.255","24.965","1708"
"2409","376155","20221102075000","4097","0","桃園市","中壢區","121.250","24.970","2446"
"86","376156","20221102075000","92","0","桃園市","八德區","121.320","24.955","72"
"172","376157","20221102075000","465","0","桃園市","八德區","121.325","24.955","219"
"832","376160","20221102075000","754","1","桃園市","八德區","121.325","24.965","807"
"3424","376161","20221102075000","3010","1","桃園市","桃園區","121.280","24.990","3405"
"133","376176","20221102075000","142","0","新北市","樹林區","121.405","24.990","111"
"10","376177","20221102075000","30","0","新北市","樹林區","121.410","24.990","10"
"854","376178","20221102075000","503","3","桃園市","平鎮區","121.205","24.895","842"
"379","376179","20221102075000","403","0","桃園市","平鎮區","121.195","24.895","332"
"1096","376180","20221102075000","1344","0","桃園市","平鎮區","121.200","24.895","1122"
"886","376181","20221102075000","705","2","桃園市","平鎮區","121.195","24.900","944"
"439","376183","20221102075000","200","3","桃園市","平鎮區","121.205","24.900","413"
"361","376184","20221102075000","351","1","桃園市","平鎮區","121.195","24.905","376"
"440","376185","20221102075000","548","0","桃園市","平鎮區","121.200","24.905","439"
"172","376189","20221102075000","136","2","桃園市","平鎮區","121.215","24.900","177"
"310","376192","20221102075000","406","0","桃園市","平鎮區","121.215","24.905","337"
"2108","376194","20221102075000","1857","1","桃園市","桃園區","121.315","24.985","2239"
"1058","376195","20221102075000","1004","1","桃園市","中壢區","121.245","24.945","1039"
"653","376196","20221102075000","630","1","桃園市","中壢區","121.250","24.945","634"
"279","376199","20221102075000","198","2","新北市","石碇區","121.660","24.990","276"
"80","376200","20221102075000","36","3","新北市","石碇區","121.685","24.960","82"
"43","376205","20221102075000","54","0","新北市","石碇區","121.680","24.970","46"
"243","376222","20221102075000","258","0","新北市","石碇區","121.690","24.980","250"
"204","376245","20221102075000","491","0","新北市","鶯歌區","121.340","24.960","230"
"244","376246","20221102075000","231","1","新北市","鶯歌區","121.340","24.965","219"
"264","376248","20221102075000","258","1","新北市","鶯歌區","121.340","24.970","247"
"467","376251","20221102075000","490","0","新北市","鶯歌區","121.345","24.975","490"
"317","376258","20221102075000","281","1","新北市","鶯歌區","121.320","24.935","307"
"870","376259","20221102075000","804","1","新北市","鶯歌區","121.325","24.935","903"
"430","376260","20221102075000","679","0","新北市","鶯歌區","121.330","24.935","401"
"497","376263","20221102075000","474","1","新北市","鶯歌區","121.330","24.940","466"
"263","376265","20221102075000","269","0","新北市","鶯歌區","121.335","24.930","270"
"644","376268","20221102075000","664","0","新北市","鶯歌區","121.345","24.935","600"
"2255","376269","20221102075000","2250","1","新北市","鶯歌區","121.355","24.955","2265"
"792","376270","20221102075000","703","1","新北市","鶯歌區","121.360","24.955","837"
"632","376273","20221102075000","685","0","新北市","鶯歌區","121.355","24.940","611"
"339","376274","20221102075000","336","1","新北市","鶯歌區","121.350","24.945","359"
"433","376277","20221102075000","441","0","新北市","鶯歌區","121.350","24.950","403"
"1977","376280","20221102075000","1760","1","新北市","樹林區","121.395","24.970","1744"
"1282","376281","20221102075000","1690","0","桃園市","楊梅區","121.185","24.915","1381"
"1012","376282","20221102075000","1033","0","桃園市","楊梅區","121.180","24.920","990"
"546","376283","20221102075000","362","3","桃園市","楊梅區","121.185","24.920","562"
"427","376284","20221102075000","487","0","桃園市","中壢區","121.215","24.960","462"
"1239","376285","20221102075000","1805","0","桃園市","中壢區","121.215","24.965","1234"
"269","376287","20221102075000","72","3","桃園市","中壢區","121.175","24.975","172"
"182","376293","20221102075000","217","0","桃園市","中壢區","121.190","24.980","151"
"34","376295","20221102075000","38","0","桃園市","中壢區","121.175","24.980","34"
"1331","376297","20221102075000","1396","0","桃園市","中壢區","121.185","24.980","1445"
"232","376300","20221102075000","217","1","桃園市","中壢區","121.175","24.985","242"
"193","376301","20221102075000","184","1","桃園市","中壢區","121.180","24.985","178"
"1304","376307","20221102075000","989","2","桃園市","八德區","121.260","24.930","1252"
"1220","376308","20221102075000","1356","0","桃園市","平鎮區","121.220","24.945","1228"
"1489","376309","20221102075000","1528","0","桃園市","楊梅區","121.150","24.905","1440"
"454","376311","20221102075000","448","1","桃園市","平鎮區","121.220","24.920","425"
"533","376312","20221102075000","545","0","桃園市","平鎮區","121.220","24.925","524"
"1070","376313","20221102075000","666","3","桃園市","平鎮區","121.205","24.915","1023"
"1149","376315","20221102075000","998","1","新北市","樹林區","121.390","24.960","1064"
"50","376320","20221102075000","58","0","新北市","樹林區","121.395","24.965","43"
"222","376325","20221102075000","227","0","新北市","樹林區","121.405","24.970","208"
"3596","376326","20221102075000","3879","0","新北市","樹林區","121.380","24.945","3468"
"700","376327","20221102075000","554","2","新北市","樹林區","121.385","24.945","704"
"2531","376330","20221102075000","1996","2","新北市","樹林區","121.380","24.950","2264"
"627","376331","20221102075000","626","1","新北市","樹林區","121.385","24.950","614"
"2682","376333","20221102075000","2168","2","新北市","樹林區","121.395","24.950","2781"
"528","376335","20221102075000","482","1","新北市","板橋區","121.435","24.990","458"
"4952","376337","20221102075000","4543","1","新北市","土城區","121.450","24.985","4777"
"1381","376338","20221102075000","887","3","桃園市","中壢區","121.245","24.985","1121"
"1595","376341","20221102075000","1991","0","桃園市","中壢區","121.240","24.990","1637"
"466","376344","20221102075000","558","0","桃園市","中壢區","121.255","24.990","504"
"1341","376345","20221102075000","1331","1","桃園市","中壢區","121.255","24.980","1351"
"470","376347","20221102075000","535","0","桃園市","中壢區","121.260","24.945","438"
"363","376348","20221102075000","340","1","桃園市","中壢區","121.255","24.950","348"
"1265","376349","20221102075000","778","3","桃園市","中壢區","121.165","24.960","1172"
"388","376350","20221102075000","324","1","桃園市","中壢區","121.170","24.960","437"
"762","376351","20221102075000","635","2","桃園市","新屋區","121.155","24.960","779"
"29","376352","20221102075000","25","1","桃園市","中壢區","121.155","24.965","27"
"116","376353","20221102075000","590","0","桃園市","中壢區","121.160","24.965","90"
"1822","376361","20221102075000","1718","1","桃園市","中壢區","121.175","24.970","1789"
"1213","376370","20221102075000","1282","0","新北市","樹林區","121.420","24.980","1235"
"1071","376373","20221102075000","960","1","新北市","樹林區","121.420","24.975","1104"
"2857","376375","20221102075000","2517","1","新北市","板橋區","121.425","24.985","2880"
"2339","376380","20221102075000","2518","0","新北市","板橋區","121.430","24.985","2309"
"922","376381","20221102075000","892","1","桃園市","平鎮區","121.250","24.925","905"
"32","376385","20221102075000","45","0","桃園市","龜山區","121.350","24.985","17"
"427","376391","20221102075000","531","0","桃園市","龜山區","121.360","24.990","435"
"34","376392","20221102075000","17","3","桃園市","龜山區","121.365","24.990","29"
"88","376393","20221102075000","73","2","桃園市","龜山區","121.370","24.990","112"
"90","376400","20221102075000","234","0","桃園市","楊梅區","121.105","24.910","80"
"193","376403","20221102075000","197","0","桃園市","楊梅區","121.120","24.910","191"
"192","376407","20221102075000","211","0","桃園市","楊梅區","121.100","24.915","208"
"1091","376412","20221102075000","834","2","桃園市","楊梅區","121.125","24.915","1147"
"41","376419","20221102075000","164","0","新竹縣","湖口鄉","121.105","24.895","29"
"15","376422","20221102075000","68","0","桃園市","楊梅區","121.085","24.900","11"
"808","376427","20221102075000","607","2","桃園市","楊梅區","121.060","24.905","736"
"395","376431","20221102075000","335","1","桃園市","楊梅區","121.080","24.905","351"
"510","376438","20221102075000","404","2","桃園市","楊梅區","121.070","24.910","482"
"263","376440","20221102075000","198","2","桃園市","楊梅區","121.080","24.910","244"
"437","376443","20221102075000","432","1","桃園市","楊梅區","121.095","24.910","394"
"392","376447","20221102075000","364","1","桃園市","楊梅區","121.075","24.915","391"
"523","376456","20221102075000","677","0","桃園市","楊梅區","121.125","24.940","514"
"548","376457","20221102075000","259","3","桃園市","楊梅區","121.130","24.940","500"
"134","376471","20221102075000","219","0","新北市","深坑區","121.620","24.980","139"
"519","376485","20221102075000","636","0","新北市","樹林區","121.415","24.985","495"
"2107","376486","20221102075000","1707","2","新北市","樹林區","121.425","24.990","1968"
"1019","376487","20221102075000","997","1","桃園市","平鎮區","121.200","24.945","1122"
"4294","376488","20221102075000","3408","2","桃園市","平鎮區","121.205","24.945","4083"
"1369","376490","20221102075000","1621","0","桃園市","平鎮區","121.210","24.950","1396"
"1175","376491","20221102075000","1279","0","桃園市","平鎮區","121.210","24.900","1141"
"1864","376492","20221102075000","1672","1","桃園市","平鎮區","121.210","24.905","1913"
"263","376508","20221102075000","241","1","新北市","土城區","121.410","24.950","133"
"253","376509","20221102075000","297","0","新北市","土城區","121.415","24.950","235"
"2788","376510","20221102075000","2590","1","桃園市","中壢區","121.230","24.945","2706"
"2055","376511","20221102075000","2357","0","桃園市","中壢區","121.235","24.955","2160"
"28","376512","20221102075000","18","3","桃園市","中壢區","121.220","24.970","28"
"568","376514","20221102075000","697","0","桃園市","中壢區","121.220","24.975","535"
"791","376517","20221102075000","621","2","桃園市","中壢區","121.215","24.980","798"
"20","376518","20221102075000","131","0","桃園市","中壢區","121.220","24.980","23"
"2549","376521","20221102075000","2702","0","桃園市","中壢區","121.220","24.960","2481"
"321","376522","20221102075000","273","1","新竹縣","新豐鄉","121.000","24.895","296"
"881","376531","20221102075000","683","2","桃園市","平鎮區","121.255","24.925","864"
"725","376532","20221102075000","748","0","新北市","樹林區","121.415","24.975","738"
"330","376533","20221102075000","458","0","新北市","樹林區","121.400","24.970","297"
"2424","376539","20221102075000","1821","2","新北市","樹林區","121.420","24.985","2323"
"3088","376540","20221102075000","2591","1","新北市","土城區","121.460","24.980","3059"
"1319","376541","20221102075000","1837","0","新北市","土城區","121.460","24.985","1336"
"2079","376542","20221102075000","2661","0","新北市","板橋區","121.430","24.990","2229"
"23","376544","20221102075000","26","0","新北市","平溪區","121.725","24.975","35"
"4677","376577","20221102075000","3928","1","新北市","板橋區","121.460","24.990","4653"
"482","376578","20221102075000","1029","0","新北市","土城區","121.465","24.980","478"
"403","376584","20221102075000","777","0","新北市","土城區","121.425","24.960","397"
"524","376586","20221102075000","629","0","新北市","土城區","121.435","24.960","544"
"855","376587","20221102075000","1367","0","新北市","土城區","121.430","24.965","877"
"2727","376588","20221102075000","2078","2","桃園市","八德區","121.305","24.965","2765"
"1386","376589","20221102075000","620","3","桃園市","桃園區","121.295","24.975","1237"
"919","376592","20221102075000","886","1","桃園市","中壢區","121.230","24.940","879"
"1268","376594","20221102075000","1029","2","桃園市","平鎮區","121.245","24.915","1269"
"2421","376595","20221102075000","1476","3","桃園市","八德區","121.295","24.955","1918"
"353","376607","20221102075000","399","0","新竹縣","新豐鄉","120.985","24.920","371"
"1152","376614","20221102075000","983","1","新竹縣","新豐鄉","120.990","24.930","1152"
"696","376622","20221102075000","601","1","桃園市","中壢區","121.230","24.970","652"
"706","376623","20221102075000","735","0","桃園市","中壢區","121.225","24.975","676"
"1141","376624","20221102075000","1015","1","桃園市","中壢區","121.230","24.975","1103"
"865","376627","20221102075000","1011","0","桃園市","中壢區","121.230","24.980","973"
"130","376629","20221102075000","118","1","新竹縣","湖口鄉","121.040","24.900","83"
"1210","376633","20221102075000","1060","1","新竹縣","湖口鄉","121.040","24.895","1210"
"736","376636","20221102075000","514","2","新竹縣","湖口鄉","121.040","24.915","728"
"42","376641","20221102075000","197","0","新竹縣","湖口鄉","121.040","24.925","35"
"232","376651","20221102075000","200","1","新竹縣","湖口鄉","121.045","24.935","237"
"1715","376653","20221102075000","1800","0","桃園市","中壢區","121.235","24.965","1708"
"70","376655","20221102075000","33","3","桃園市","中壢區","121.240","24.970","67"
"167","376656","20221102075000","667","0","桃園市","中壢區","121.255","24.930","173"
"558","376658","20221102075000","546","1","新竹縣","湖口鄉","121.065","24.895","569"
"464","376665","20221102075000","453","1","新北市","鶯歌區","121.355","24.950","406"
"675","376666","20221102075000","724","0","新北市","鶯歌區","121.335","24.955","670"
"2052","376667","20221102075000","2006","1","新北市","鶯歌區","121.330","24.960","2000"
"50","376668","20221102075000","182","0","新北市","鶯歌區","121.335","24.960","34"
"14","376669","20221102075000","122","0","新北市","鶯歌區","121.335","24.950","14"
"452","376670","20221102075000","406","1","新北市","鶯歌區","121.340","24.950","468"
"1236","376674","20221102075000","1045","1","新北市","鶯歌區","121.330","24.965","1244"
"1458","376675","20221102075000","1841","0","新北市","樹林區","121.425","24.980","1478"
"22","376679","20221102075000","113","0","新北市","樹林區","121.405","24.955","19"
"649","376680","20221102075000","561","1","新北市","樹林區","121.405","24.960","638"
"744","376682","20221102075000","611","2","新北市","樹林區","121.410","24.970","758"
"375","376685","20221102075000","346","1","新北市","樹林區","121.400","24.975","393"
"665","376686","20221102075000","390","3","新北市","樹林區","121.405","24.975","717"
"1147","376687","20221102075000","1289","0","新北市","樹林區","121.410","24.975","1155"
"82","376690","20221102075000","90","0","新北市","樹林區","121.400","24.980","84"
"1479","376699","20221102075000","1717","0","新北市","樹林區","121.410","24.980","1513"
"770","376700","20221102075000","886","0","新北市","樹林區","121.415","24.990","762"
"1407","376701","20221102075000","1090","2","新北市","新店區","121.500","24.945","1419"
"99","376703","20221102075000","93","1","新北市","新店區","121.565","24.905","96"
"452","376717","20221102075000","390","1","新北市","新店區","121.550","24.920","444"
"3395","376725","20221102075000","2496","2","新北市","新店區","121.540","24.960","3625"
"22","376752","20221102075000","17","2","新北市","新店區","121.535","24.905","20"
"26","376759","20221102075000","21","2","新北市","新店區","121.535","24.910","27"
"12","376764","20221102075000","62","0","新北市","新店區","121.535","24.915","14"
"52","376766","20221102075000","48","1","新北市","新店區","121.545","24.915","61"
"2275","376768","20221102075000","3069","0","新北市","土城區","121.445","24.985","2247"
"1334","376769","20221102075000","1370","0","新北市","土城區","121.450","24.975","1294"
"574","376770","20221102075000","733","0","新北市","土城區","121.455","24.975","541"
"2007","376772","20221102075000","2189","0","新北市","土城區","121.415","24.960","2124"
"119","376774","20221102075000","1298","0","新北市","土城區","121.420","24.965","234"
"409","376775","20221102075000","948","0","新北市","土城區","121.425","24.965","426"
"363","376777","20221102075000","473","0","新北市","土城區","121.425","24.970","391"
"127","376787","20221102075000","150","0","新北市","土城區","121.470","24.960","112"
"108","376788","20221102075000","96","1","新北市","土城區","121.455","24.965","121"
"870","376796","20221102075000","895","0","新北市","土城區","121.460","24.970","886"
"4709","376798","20221102075000","5005","0","新北市","新店區","121.540","24.965","4845"
"15","376801","20221102075000","14","1","桃園市","大溪區","121.305","24.895","18"
"32","376808","20221102075000","156","0","桃園市","八德區","121.280","24.930","22"
"1266","376809","20221102075000","1256","1","桃園市","八德區","121.285","24.930","1226"
"407","376810","20221102075000","419","0","桃園市","八德區","121.280","24.935","419"
"687","376813","20221102075000","588","1","桃園市","八德區","121.270","24.930","685"
"56","376815","20221102075000","50","1","桃園市","八德區","121.270","24.935","54"
"1258","376823","20221102075000","991","2","桃園市","八德區","121.280","24.925","1202"
"1672","376824","20221102075000","1284","2","桃園市","八德區","121.285","24.925","1632"
"1748","376825","20221102075000","1948","0","桃園市","中壢區","121.220","24.955","1798"
"1798","376826","20221102075000","1981","0","桃園市","中壢區","121.230","24.965","1798"
"1468","376828","20221102075000","1400","1","桃園市","八德區","121.275","24.980","1559"
"408","376829","20221102075000","438","0","桃園市","八德區","121.280","24.980","374"
"1340","376831","20221102075000","1541","0","新竹縣","湖口鄉","121.050","24.900","1318"
"2912","376832","20221102075000","2609","1","新竹縣","湖口鄉","121.045","24.900","2881"
"458","376845","20221102075000","691","0","桃園市","平鎮區","121.230","24.930","478"
"1863","376847","20221102075000","1180","3","桃園市","中壢區","121.230","24.935","1892"
"1018","376848","20221102075000","1032","0","桃園市","中壢區","121.225","24.940","996"
"1774","376849","20221102075000","1608","1","桃園市","中壢區","121.245","24.975","1757"
"2092","376850","20221102075000","2058","1","桃園市","中壢區","121.245","24.980","2149"
"715","376851","20221102075000","627","1","桃園市","中壢區","121.250","24.985","703"
"279","376852","20221102075000","362","0","桃園市","中壢區","121.240","24.985","327"
"1184","376853","20221102075000","1105","1","桃園市","八德區","121.295","24.935","1170"
"237","376854","20221102075000","235","1","桃園市","八德區","121.295","24.940","240"
"1073","376855","20221102075000","1173","0","桃園市","八德區","121.295","24.930","1018"
"473","376856","20221102075000","612","0","桃園市","龜山區","121.335","24.985","431"
"2323","376857","20221102075000","2627","0","桃園市","龜山區","121.335","24.990","2357"
"682","376860","20221102075000","820","0","桃園市","龜山區","121.345","24.980","699"
"17","376865","20221102075000","119","0","桃園市","龜山區","121.360","24.985","11"
"2448","376866","20221102075000","1642","2","桃園市","平鎮區","121.220","24.940","2218"
"289","376871","20221102075000","242","1","桃園市","楊梅區","121.185","24.905","272"
"186","376875","20221102075000","174","1","桃園市","平鎮區","121.200","24.910","191"
"1087","376878","20221102075000","698","3","桃園市","平鎮區","121.200","24.915","1072"
"144","376881","20221102075000","224","0","桃園市","平鎮區","121.200","24.920","160"
"1008","376882","20221102075000","1322","0","桃園市","楊梅區","121.180","24.945","1106"
"991","376886","20221102075000","955","1","桃園市","平鎮區","121.185","24.955","1002"
"898","376887","20221102075000","962","0","桃園市","中壢區","121.175","24.960","941"
"761","376889","20221102075000","816","0","桃園市","平鎮區","121.185","24.960","826"
"455","376892","20221102075000","513","0","桃園市","中壢區","121.185","24.970","438"
"407","376894","20221102075000","326","2","桃園市","平鎮區","121.190","24.930","335"
"164","376895","20221102075000","26","3","桃園市","楊梅區","121.185","24.935","83"
"56","376899","20221102075000","451","0","桃園市","平鎮區","121.190","24.940","46"
"1037","376900","20221102075000","1164","0","桃園市","平鎮區","121.195","24.940","1063"
"294","376915","20221102075000","285","1","桃園市","大溪區","121.310","24.930","402"
"810","376925","20221102075000","603","2","桃園市","大溪區","121.275","24.895","733"
"1228","376927","20221102075000","1069","1","桃園市","大溪區","121.280","24.895","1183"
"665","376929","20221102075000","610","1","桃園市","大溪區","121.285","24.905","668"
"509","376930","20221102075000","494","1","桃園市","大溪區","121.280","24.900","533"
"855","376931","20221102075000","533","3","桃園市","大溪區","121.280","24.905","670"
"1495","376932","20221102075000","1016","2","桃園市","龜山區","121.325","24.990","1318"
"787","376933","20221102075000","833","0","桃園市","桃園區","121.325","24.980","800"
"1743","376934","20221102075000","1791","0","桃園市","龜山區","121.330","24.980","1702"
"2037","376936","20221102075000","1719","1","桃園市","桃園區","121.320","24.985","2037"
"2835","376937","20221102075000","2384","1","桃園市","龜山區","121.325","24.985","2797"
"721","376938","20221102075000","1012","0","桃園市","龜山區","121.330","24.985","745"
"311","376940","20221102075000","247","2","桃園市","新屋區","121.055","24.975","282"
"208","376956","20221102075000","155","2","桃園市","新屋區","121.125","24.955","174"
"517","376971","20221102075000","382","2","桃園市","新屋區","121.135","24.970","541"
"95","376972","20221102075000","99","0","桃園市","觀音區","121.140","24.970","89"
"664","376974","20221102075000","680","0","桃園市","龜山區","121.330","24.990","647"
"1944","376975","20221102075000","3545","0","桃園市","桃園區","121.310","24.990","1893"
"1813","376976","20221102075000","1920","0","桃園市","楊梅區","121.170","24.910","1830"
"517","376978","20221102075000","633","0","桃園市","楊梅區","121.175","24.915","515"
"1133","376979","20221102075000","1338","0","桃園市","楊梅區","121.170","24.920","1207"
"507","376984","20221102075000","726","0","桃園市","楊梅區","121.110","24.925","493"
"646","376995","20221102075000","826","0","桃園市","楊梅區","121.125","24.930","613"
"156","376998","20221102075000","184","0","桃園市","楊梅區","121.115","24.940","162"
"226","377001","20221102075000","191","1","桃園市","楊梅區","121.175","24.900","205"
"940","377002","20221102075000","1074","0","桃園市","楊梅區","121.180","24.900","938"
"2183","377003","20221102075000","2176","1","桃園市","楊梅區","121.175","24.905","2277"
"94","377004","20221102075000","58","3","桃園市","楊梅區","121.180","24.905","80"
"116","377007","20221102075000","116","1","桃園市","楊梅區","121.095","24.930","95"
"638","377008","20221102075000","553","1","桃園市","楊梅區","121.100","24.930","645"
"937","377010","20221102075000","494","3","桃園市","楊梅區","121.090","24.935","931"
"447","377027","20221102075000","412","1","桃園市","新屋區","121.090","24.955","416"
"463","377030","20221102075000","427","1","桃園市","楊梅區","121.160","24.900","454"
"999","377031","20221102075000","855","1","桃園市","楊梅區","121.155","24.900","965"
"509","377033","20221102075000","600","0","桃園市","楊梅區","121.085","24.935","540"
"380","377034","20221102075000","400","0","桃園市","楊梅區","121.075","24.940","353"
"803","377039","20221102075000","785","1","桃園市","桃園區","121.285","24.990","769"
"768","377041","20221102075000","761","1","桃園市","桃園區","121.295","24.980","749"
"3324","377042","20221102075000","4180","0","桃園市","桃園區","121.300","24.990","3413"
"306","377043","20221102075000","208","2","桃園市","桃園區","121.300","24.980","271"
"2837","377045","20221102075000","2708","1","桃園市","桃園區","121.300","24.985","2719"
"582","377046","20221102075000","947","0","桃園市","楊梅區","121.175","24.910","604"
"1610","377047","20221102075000","1315","2","桃園市","八德區","121.300","24.965","1630"
"1156","377051","20221102075000","836","2","桃園市","八德區","121.305","24.955","1251"
"478","377052","20221102075000","432","1","桃園市","八德區","121.310","24.955","474"
"35","377054","20221102075000","222","0","桃園市","八德區","121.300","24.945","25"
"501","377056","20221102075000","419","1","桃園市","八德區","121.275","24.940","503"
"784","377058","20221102075000","974","0","桃園市","八德區","121.285","24.940","732"
"303","377059","20221102075000","176","3","桃園市","八德區","121.280","24.945","233"
"317","377061","20221102075000","361","0","桃園市","八德區","121.290","24.950","299"
"19","377068","20221102075000","89","0","桃園市","八德區","121.290","24.955","22"
"388","377069","20221102075000","329","1","桃園市","八德區","121.280","24.960","397"
"706","377070","20221102075000","623","1","桃園市","八德區","121.285","24.960","747"
"3022","377071","20221102075000","2865","1","桃園市","桃園區","121.290","24.985","2989"
"3609","377072","20221102075000","3104","1","桃園市","中壢區","121.220","24.965","3652"
"1017","377073","20221102075000","993","1","桃園市","中壢區","121.215","24.955","1064"
"427","377077","20221102075000","477","0","桃園市","中壢區","121.205","24.980","443"
"657","377084","20221102075000","388","3","桃園市","中壢區","121.205","24.990","558"
"1670","377086","20221102075000","1295","2","桃園市","中壢區","121.255","24.970","1582"
"1766","377088","20221102075000","1810","0","桃園市","楊梅區","121.155","24.910","1721"
"705","377089","20221102075000","589","1","桃園市","楊梅區","121.160","24.910","695"
"1357","377092","20221102075000","1279","1","桃園市","平鎮區","121.205","24.910","1360"
"1736","377093","20221102075000","1591","1","桃園市","平鎮區","121.205","24.920","1674"
"158","377099","20221102075000","145","1","桃園市","新屋區","121.010","24.960","193"
"626","377106","20221102075000","635","0","桃園市","新屋區","121.120","24.970","634"
"344","377111","20221102075000","199","3","桃園市","新屋區","121.130","24.975","372"
"1157","377117","20221102075000","1110","1","桃園市","新屋區","121.110","24.980","1066"
"561","377122","20221102075000","534","1","桃園市","新屋區","121.110","24.985","567"
"519","377125","20221102075000","479","1","桃園市","新屋區","121.125","24.985","520"
"402","377128","20221102075000","408","0","桃園市","新屋區","121.125","24.990","355"
"575","377135","20221102075000","652","0","桃園市","新屋區","121.100","24.990","616"
"33","377136","20221102075000","29","1","桃園市","新屋區","121.105","24.990","36"
"131","377148","20221102075000","69","3","桃園市","新屋區","121.095","24.960","94"
"294","377155","20221102075000","267","1","桃園市","新屋區","121.070","24.970","267"
"135","377159","20221102075000","137","0","桃園市","新屋區","121.020","24.970","122"
"283","377173","20221102075000","244","1","桃園市","新屋區","121.015","24.985","298"
"281","377175","20221102075000","265","1","桃園市","新屋區","120.990","24.940","265"
"165","377179","20221102075000","88","3","桃園市","新屋區","121.000","24.945","179"
"282","377183","20221102075000","254","1","桃園市","新屋區","121.010","24.950","269"
"538","377187","20221102075000","486","1","桃園市","新屋區","121.080","24.975","527"
"328","377195","20221102075000","287","1","桃園市","新屋區","121.075","24.990","332"
"266","377204","20221102075000","353","0","桃園市","新屋區","121.140","24.960","287"
"655","377205","20221102075000","775","0","桃園市","新屋區","121.145","24.960","621"
"357","377209","20221102075000","246","2","桃園市","新屋區","121.160","24.960","364"
"33","377211","20221102075000","37","0","桃園市","觀音區","121.145","24.970","28"
"18","377247","20221102075000","12","3","新北市","貢寮區","121.910","24.990","18"
"285","377249","20221102075000","474","0","桃園市","平鎮區","121.210","24.895","273"
"802","377259","20221102075000","868","0","桃園市","桃園區","121.285","24.980","763"
"1392","377261","20221102075000","1013","2","桃園市","楊梅區","121.145","24.915","1318"
"561","377263","20221102075000","362","3","桃園市","楊梅區","121.145","24.910","576"
"67","377264","20221102075000","309","0","桃園市","楊梅區","121.130","24.915","54"
"672","377268","20221102075000","692","0","桃園市","楊梅區","121.130","24.920","651"
"472","377270","20221102075000","550","0","桃園市","楊梅區","121.140","24.920","540"
"2639","377280","20221102075000","2596","1","桃園市","楊梅區","121.145","24.900","2673"
"590","377285","20221102075000","346","3","桃園市","楊梅區","121.170","24.900","599"
"923","377288","20221102075000","1009","0","桃園市","楊梅區","121.185","24.925","981"
"623","377289","20221102075000","597","1","桃園市","平鎮區","121.190","24.925","607"
"973","377292","20221102075000","875","1","桃園市","平鎮區","121.195","24.925","986"
"225","377295","20221102075000","396","0","桃園市","平鎮區","121.210","24.935","205"
"2018","377296","20221102075000","1748","1","桃園市","桃園區","121.295","24.990","1952"
"2552","377297","20221102075000","2658","0","桃園市","桃園區","121.285","24.985","2634"
"711","377303","20221102075000","547","2","桃園市","新屋區","121.120","24.950","642"
"282","377308","20221102075000","288","0","桃園市","新屋區","121.100","24.960","260"
"655","377310","20221102075000","370","3","桃園市","新屋區","121.110","24.960","553"
"720","377311","20221102075000","669","1","桃園市","新屋區","121.095","24.965","694"
"729","377322","20221102075000","609","1","桃園市","新屋區","121.045","24.960","733"
"219","377333","20221102075000","168","2","桃園市","新屋區","121.045","24.970","294"
"1892","377335","20221102075000","1904","0","桃園市","桃園區","121.320","24.990","1890"
"1573","377337","20221102075000","1487","1","桃園市","平鎮區","121.250","24.920","1571"
"641","377339","20221102075000","624","1","桃園市","平鎮區","121.240","24.925","596"
"1246","377340","20221102075000","1201","1","桃園市","桃園區","121.305","24.985","1203"
"1128","377342","20221102075000","1190","0","桃園市","桃園區","121.325","24.975","1131"
"2465","377344","20221102075000","2306","1","桃園市","桃園區","121.320","24.975","2486"
"1147","377345","20221102075000","728","3","新北市","鶯歌區","121.330","24.975","1128"
"529","377346","20221102075000","558","0","桃園市","桃園區","121.320","24.980","512"
"1192","377347","20221102075000","903","2","桃園市","中壢區","121.230","24.960","1126"
"1552","377348","20221102075000","1549","1","桃園市","中壢區","121.235","24.960","1502"
"472","377349","20221102075000","750","0","桃園市","中壢區","121.230","24.950","488"
"1593","377350","20221102075000","1474","1","桃園市","中壢區","121.225","24.950","1665"
"435","377361","20221102075000","398","1","桃園市","新屋區","121.030","24.950","375"
"355","377372","20221102075000","446","0","桃園市","新屋區","121.090","24.980","337"
"1169","377380","20221102075000","1236","0","桃園市","新屋區","121.110","24.970","1255"
"83","377381","20221102075000","99","0","桃園市","新屋區","121.110","24.975","51"
"2672","377384","20221102075000","2699","0","桃園市","新屋區","121.105","24.975","2656"
"143","377428","20221102075000","118","2","桃園市","新屋區","121.040","24.980","162"
"973","377433","20221102075000","958","1","桃園市","新屋區","121.035","24.985","969"
"476","377434","20221102075000","432","1","桃園市","新屋區","121.040","24.985","487"
"1338","377446","20221102075000","1253","1","桃園市","桃園區","121.315","24.990","1355"
"1800","377447","20221102075000","1315","2","桃園市","桃園區","121.270","24.980","1848"
"2735","377449","20221102075000","2508","1","桃園市","桃園區","121.275","24.990","2750"
"1827","377450","20221102075000","2262","0","桃園市","桃園區","121.265","24.975","1882"
"1828","377452","20221102075000","1772","1","桃園市","桃園區","121.265","24.980","1780"
"41","377454","20221102075000","33","2","桃園市","桃園區","121.265","24.985","25"
"2026","377455","20221102075000","1997","1","桃園市","桃園區","121.290","24.990","2014"
"215","377456","20221102075000","422","0","桃園市","平鎮區","121.245","24.905","221"
"37","377457","20221102075000","150","0","桃園市","平鎮區","121.250","24.905","35"
"172","377459","20221102075000","237","0","桃園市","平鎮區","121.250","24.915","167"
"1032","377460","20221102075000","1062","0","桃園市","平鎮區","121.215","24.935","1084"
"1619","377461","20221102075000","1827","0","桃園市","平鎮區","121.215","24.940","1689"
"2051","377462","20221102075000","1758","1","桃園市","平鎮區","121.215","24.945","2041"
"2643","377463","20221102075000","2222","1","桃園市","桃園區","121.310","24.980","2645"
"1318","377464","20221102075000","1531","0","桃園市","桃園區","121.310","24.985","1326"
"2321","377468","20221102075000","2386","0","桃園市","桃園區","121.305","24.980","2313"
"183","377469","20221102075000","149","2","桃園市","楊梅區","121.175","24.950","149"
"1357","377470","20221102075000","1115","2","桃園市","楊梅區","121.170","24.955","1330"
"302","377473","20221102075000","297","1","桃園市","楊梅區","121.115","24.900","309"
"111","377476","20221102075000","183","0","桃園市","楊梅區","121.125","24.910","104"
"538","377481","20221102075000","418","2","桃園市","楊梅區","121.150","24.940","532"
"181","377483","20221102075000","342","0","桃園市","楊梅區","121.150","24.920","189"
"840","377484","20221102075000","1016","0","桃園市","楊梅區","121.155","24.920","893"
"1010","377488","20221102075000","859","1","桃園市","楊梅區","121.150","24.925","1143"
"89","377489","20221102075000","130","0","桃園市","楊梅區","121.155","24.925","89"
"33","377490","20221102075000","18","3","桃園市","楊梅區","121.160","24.925","27"
"857","377491","20221102075000","936","0","桃園市","楊梅區","121.165","24.925","873"
"337","377493","20221102075000","395","0","桃園市","楊梅區","121.145","24.930","317"
"881","377497","20221102075000","860","1","桃園市","楊梅區","121.160","24.930","985"
"251","377498","20221102075000","478","0","桃園市","楊梅區","121.165","24.930","229"
"1054","377499","20221102075000","777","2","桃園市","楊梅區","121.170","24.930","1232"
"245","377501","20221102075000","343","0","桃園市","楊梅區","121.140","24.930","306"
"1702","377508","20221102075000","1710","0","桃園市","平鎮區","121.210","24.940","1703"
"1803","377509","20221102075000","1670","1","桃園市","平鎮區","121.210","24.945","1809"
"950","377513","20221102075000","864","1","桃園市","平鎮區","121.210","24.930","863"
"1576","377519","20221102075000","1042","3","桃園市","平鎮區","121.230","24.900","1650"
"286","377522","20221102075000","352","0","桃園市","平鎮區","121.245","24.900","289"
"1008","377529","20221102075000","1207","0","桃園市","平鎮區","121.225","24.910","968"
"752","377530","20221102075000","535","2","桃園市","平鎮區","121.230","24.910","690"
"2003","377532","20221102075000","1767","1","桃園市","桃園區","121.305","24.990","1988"
"1088","377533","20221102075000","965","1","新北市","鶯歌區","121.330","24.970","1152"
"471","377534","20221102075000","454","1","新北市","鶯歌區","121.335","24.965","444"
"874","377535","20221102075000","628","2","桃園市","桃園區","121.320","24.970","804"
"1875","377538","20221102075000","2048","0","桃園市","桃園區","121.315","24.980","1870"
"963","377539","20221102075000","670","2","桃園市","楊梅區","121.175","24.925","796"
"394","377542","20221102075000","311","2","桃園市","楊梅區","121.180","24.925","632"
"442","377546","20221102075000","300","2","桃園市","楊梅區","121.180","24.930","472"
"823","377547","20221102075000","694","1","桃園市","楊梅區","121.160","24.935","871"
"353","377551","20221102075000","277","2","桃園市","楊梅區","121.180","24.935","384"
"67","377559","20221102075000","78","0","桃園市","楊梅區","121.150","24.945","54"
"24","377561","20221102075000","12","3","桃園市","楊梅區","121.160","24.945","24"
"922","377564","20221102075000","421","3","桃園市","楊梅區","121.175","24.945","641"
"1147","377565","20221102075000","820","2","桃園市","新屋區","121.150","24.950","1170"
"323","377566","20221102075000","347","0","桃園市","楊梅區","121.155","24.950","360"
"726","377570","20221102075000","871","0","桃園市","蘆竹區","121.265","24.990","791"
"511","377571","20221102075000","333","3","桃園市","龜山區","121.340","24.980","571"
"94","377572","20221102075000","144","0","桃園市","龜山區","121.340","24.985","98"
"2585","377573","20221102075000","2626","0","桃園市","龜山區","121.345","24.985","2710"
"1082","377574","20221102075000","1264","0","桃園市","龜山區","121.340","24.990","1089"
"680","377575","20221102075000","596","1","桃園市","龜山區","121.345","24.990","711"
"13","377679","20221102075000","12","1","新北市","雙溪區","121.830","24.940","19"
"18","377756","20221102075000","15","2","新北市","雙溪區","121.825","24.970","17"
"14","377787","20221102075000","15","0","新北市","雙溪區","121.845","24.980","20"
"1694","377821","20221102075000","1843","0","桃園市","楊梅區","121.145","24.905","1759"
"1895","377823","20221102075000","1787","1","桃園市","楊梅區","121.165","24.910","1766"
"68","377824","20221102075000","133","0","桃園市","楊梅區","121.165","24.915","46"
"19","377826","20221102075000","241","0","桃園市","大溪區","121.280","24.910","17"
"970","377827","20221102075000","822","1","桃園市","大溪區","121.285","24.910","899"
"1154","377831","20221102075000","927","2","桃園市","大溪區","121.280","24.915","1124"
"271","377833","20221102075000","314","0","桃園市","大溪區","121.290","24.915","308"
"765","377835","20221102075000","890","0","桃園市","大溪區","121.280","24.920","792"
"729","377837","20221102075000","921","0","桃園市","大溪區","121.290","24.920","650"
"674","377839","20221102075000","566","1","桃園市","大溪區","121.275","24.900","657"
"876","377841","20221102075000","675","2","桃園市","大溪區","121.275","24.905","912"
"1997","377843","20221102075000","2011","0","桃園市","楊梅區","121.180","24.910","1930"
"1435","377844","20221102075000","1214","1","桃園市","楊梅區","121.180","24.915","1392"
"298","377845","20221102075000","267","1","桃園市","平鎮區","121.225","24.925","277"
"556","377847","20221102075000","619","0","桃園市","平鎮區","121.220","24.935","549"
"2661","377848","20221102075000","2041","2","桃園市","平鎮區","121.225","24.930","2644"
"750","377849","20221102075000","615","2","桃園市","平鎮區","121.220","24.930","718"
"429","377851","20221102075000","283","3","桃園市","平鎮區","121.230","24.925","410"
"529","377852","20221102075000","539","0","桃園市","中壢區","121.245","24.925","578"
"1530","377853","20221102075000","1338","1","桃園市","楊梅區","121.150","24.910","1580"
"1170","377854","20221102075000","867","2","桃園市","楊梅區","121.150","24.915","1006"
"110","377858","20221102075000","107","1","桃園市","楊梅區","121.130","24.905","115"
"765","377859","20221102075000","645","1","桃園市","楊梅區","121.135","24.905","716"
"106","377862","20221102075000","163","0","桃園市","楊梅區","121.135","24.910","114"
"383","377866","20221102075000","293","2","桃園市","楊梅區","121.070","24.930","419"
"427","377868","20221102075000","415","1","桃園市","楊梅區","121.065","24.935","446"
"292","377877","20221102075000","369","0","桃園市","楊梅區","121.100","24.920","283"
"88","377879","20221102075000","305","0","桃園市","楊梅區","121.070","24.925","81"
"324","377895","20221102075000","1148","0","桃園市","楊梅區","121.085","24.930","329"
"304","377896","20221102075000","356","0","桃園市","楊梅區","121.160","24.950","344"
"2883","377898","20221102075000","2476","1","桃園市","楊梅區","121.160","24.955","2977"
"643","377901","20221102075000","456","2","桃園市","楊梅區","121.120","24.895","512"
"171","377906","20221102075000","91","3","桃園市","楊梅區","121.125","24.900","110"
"308","377909","20221102075000","269","1","桃園市","平鎮區","121.210","24.910","325"
"2008","377914","20221102075000","1630","2","桃園市","平鎮區","121.210","24.920","2030"
"293","377919","20221102075000","333","0","桃園市","平鎮區","121.195","24.930","264"
"583","377920","20221102075000","673","0","桃園市","平鎮區","121.200","24.940","607"
"152","377924","20221102075000","514","0","桃園市","八德區","121.290","24.945","156"
"1464","377925","20221102075000","1117","2","桃園市","八德區","121.290","24.930","1437"
"971","377933","20221102075000","1071","0","桃園市","八德區","121.275","24.960","990"
"1869","377940","20221102075000","2057","0","臺北市","文山區","121.555","24.985","1925"
"833","377941","20221102075000","641","2","臺北市","文山區","121.560","24.985","800"
"1152","377942","20221102075000","1331","0","臺北市","文山區","121.565","24.980","1208"
"39","377946","20221102075000","47","0","新北市","新店區","121.575","24.965","44"
"105","377947","20221102075000","132","0","臺北市","文山區","121.580","24.965","106"
"1405","377948","20221102075000","1395","1","臺北市","文山區","121.560","24.970","1413"
"155","377953","20221102075000","194","0","臺北市","文山區","121.560","24.975","135"
"143","377955","20221102075000","184","0","臺北市","文山區","121.570","24.975","146"
"769","377957","20221102075000","1367","0","臺北市","文山區","121.570","24.980","762"
"2183","377958","20221102075000","2396","0","臺北市","文山區","121.565","24.985","2119"
"170","377962","20221102075000","159","1","臺北市","文山區","121.610","24.965","193"
"108","377964","20221102075000","33","3","臺北市","文山區","121.590","24.965","99"
"342","377978","20221102075000","225","3","臺北市","文山區","121.580","24.975","295"
"532","377979","20221102075000","558","0","臺北市","文山區","121.585","24.975","488"
"98","377980","20221102075000","120","0","臺北市","文山區","121.590","24.975","98"
"1338","377982","20221102075000","1504","0","臺北市","文山區","121.575","24.980","1328"
"539","377989","20221102075000","704","0","臺北市","文山區","121.585","24.985","549"
"419","377990","20221102075000","955","0","臺北市","文山區","121.590","24.985","393"
"761","377994","20221102075000","30","3","臺北市","文山區","121.590","24.990","751"
"211","377995","20221102075000","149","2","臺北市","文山區","121.595","24.990","201"
"3019","377997","20221102075000","3090","0","臺北市","文山區","121.560","24.990","3024"
"594","377998","20221102075000","1562","0","臺北市","文山區","121.575","24.985","596"
"1156","377999","20221102075000","1146","1","臺北市","文山區","121.580","24.985","1202"
"2528","378000","20221102075000","2209","1","臺北市","文山區","121.575","24.990","2509"
"1068","378001","20221102075000","955","1","臺北市","文山區","121.580","24.990","997"
"1746","378002","20221102075000","1954","0","臺北市","文山區","121.550","24.985","1714"
"1448","378003","20221102075000","2162","0","臺北市","文山區","121.565","24.990","1434"
"2059","378004","20221102075000","2847","0","臺北市","文山區","121.570","24.990","2157"
"2468","378005","20221102075000","2164","1","臺北市","文山區","121.555","24.980","2328"
"2560","378006","20221102075000","2694","0","臺北市","文山區","121.560","24.980","2619"
"499","378007","20221102075000","804","0","臺北市","文山區","121.555","24.975","470"
"3073","378008","20221102075000","3037","1","臺北市","文山區","121.570","24.985","3133"
"2464","378009","20221102075000","2669","0","臺北市","文山區","121.545","24.990","2404"
"3217","378010","20221102075000","3454","0","臺北市","文山區","121.540","24.990","3119"
"359","378011","20221102075000","607","0","臺北市","文山區","121.550","24.990","345"
"489","378012","20221102075000","566","0","臺北市","文山區","121.555","24.990","488"
"31","378561","20221102075000","25","2","新北市","貢寮區","121.990","24.995","49"
"51","379975","20221102075000","34","3","新北市","貢寮區","122.005","25.015","60"
"2738","382513","20221102075000","2250","2","新北市","新莊區","121.450","25.035","2538"
"904","382514","20221102075000","815","1","新北市","新莊區","121.415","25.020","878"
"2816","382515","20221102075000","2488","1","新北市","板橋區","121.430","24.995","2824"
"678","382517","20221102075000","833","0","新北市","新莊區","121.435","25.005","703"
"562","382519","20221102075000","762","0","新北市","板橋區","121.440","25.010","589"
"1585","382521","20221102075000","1722","0","新北市","新莊區","121.430","25.020","1471"
"1769","382522","20221102075000","1739","1","新北市","新莊區","121.430","25.015","1605"
"118","382523","20221102075000","481","0","新北市","新莊區","121.420","25.020","186"
"2376","382525","20221102075000","2234","1","新北市","新莊區","121.410","25.025","2289"
"149","382526","20221102075000","223","0","新北市","新莊區","121.400","25.030","125"
"3618","382528","20221102075000","4534","0","新北市","板橋區","121.470","25.015","3561"
"2677","382530","20221102075000","2924","0","新北市","板橋區","121.465","25.025","2609"
"5224","382531","20221102075000","5596","0","新北市","板橋區","121.460","25.025","5380"
"2744","382532","20221102075000","3028","0","新北市","中和區","121.480","24.995","2596"
"1644","382534","20221102075000","2494","0","新北市","板橋區","121.445","25.000","1539"
"2624","382536","20221102075000","3718","0","新北市","中和區","121.520","24.995","2563"
"2110","382537","20221102075000","2624","0","新北市","板橋區","121.455","25.025","2079"
"1037","382538","20221102075000","1432","0","臺北市","文山區","121.530","24.995","1249"
"874","382539","20221102075000","1276","0","新北市","汐止區","121.620","25.045","881"
"731","382546","20221102075000","726","1","新北市","樹林區","121.410","25.010","699"
"2316","382547","20221102075000","2990","0","新北市","新莊區","121.425","25.015","2304"
"1923","382548","20221102075000","1951","0","新北市","中和區","121.495","24.995","1962"
"889","382549","20221102075000","1003","0","臺北市","萬華區","121.490","25.015","941"
"212","382550","20221102075000","217","0","新北市","三重區","121.480","25.050","226"
"2514","382552","20221102075000","2304","1","新北市","中和區","121.480","25.000","2215"
"1397","382553","20221102075000","1879","0","新北市","中和區","121.475","25.005","1364"
"5559","382554","20221102075000","5032","1","新北市","中和區","121.470","25.005","6061"
"3977","382555","20221102075000","5901","0","新北市","中和區","121.500","24.995","3980"
"2864","382556","20221102075000","2176","2","新北市","中和區","121.495","25.005","2839"
"1924","382557","20221102075000","3625","0","新北市","中和區","121.500","25.005","1916"
"970","382558","20221102075000","1943","0","新北市","三重區","121.490","25.055","1050"
"859","382559","20221102075000","729","1","新北市","三重區","121.475","25.045","851"
"1564","382560","20221102075000","1845","0","新北市","板橋區","121.445","25.005","1550"
"551","382561","20221102075000","496","1","新北市","板橋區","121.445","25.010","500"
"703","382562","20221102075000","787","0","新北市","板橋區","121.450","25.005","755"
"844","382563","20221102075000","868","0","新北市","板橋區","121.450","25.020","721"
"2357","382564","20221102075000","2801","0","新北市","中和區","121.505","25.005","2212"
"1856","382565","20221102075000","2649","0","新北市","三重區","121.485","25.055","1883"
"2361","382567","20221102075000","2979","0","新北市","三重區","121.495","25.055","2510"
"1912","382568","20221102075000","1857","1","新北市","三重區","121.500","25.045","1861"
"1405","382571","20221102075000","1616","0","新北市","中和區","121.490","25.005","1506"
"1408","382572","20221102075000","1192","1","新北市","中和區","121.490","25.000","1359"
"1187","382574","20221102075000","1004","1","新北市","中和區","121.485","25.010","1202"
"3602","382575","20221102075000","3454","1","新北市","中和區","121.485","24.995","3547"
"2678","382576","20221102075000","3029","0","新北市","中和區","121.490","24.995","2525"
"4406","382577","20221102075000","4841","0","新北市","中和區","121.505","24.995","4383"
"301","382579","20221102075000","239","2","新北市","板橋區","121.460","25.030","293"
"2903","382580","20221102075000","3369","0","新北市","板橋區","121.455","25.015","2763"
"295","382582","20221102075000","637","0","新北市","板橋區","121.450","25.025","277"
"449","382583","20221102075000","538","0","新北市","泰山區","121.420","25.045","436"
"786","382584","20221102075000","1111","0","新北市","泰山區","121.425","25.045","753"
"449","382589","20221102075000","456","0","新北市","三重區","121.485","25.045","446"
"1161","382592","20221102075000","1021","1","新北市","三重區","121.485","25.050","1153"
"2187","382593","20221102075000","2562","0","新北市","三重區","121.490","25.050","2160"
"643","382594","20221102075000","543","1","桃園市","龜山區","121.410","25.020","649"
"1965","382595","20221102075000","2004","0","新北市","新莊區","121.460","25.050","1885"
"1921","382596","20221102075000","1612","1","新北市","新莊區","121.465","25.050","1798"
"397","382597","20221102075000","944","0","新北市","新莊區","121.460","25.055","405"
"1402","382598","20221102075000","1468","0","新北市","新莊區","121.465","25.055","1343"
"2122","382600","20221102075000","1599","2","新北市","三重區","121.470","25.045","1951"
"1057","382601","20221102075000","926","1","新北市","三重區","121.470","25.050","1029"
"88","382602","20221102075000","78","1","新北市","三重區","121.470","25.055","99"
"3003","382603","20221102075000","3030","0","新北市","中和區","121.480","25.010","3067"
"3970","382604","20221102075000","3228","2","新北市","板橋區","121.475","25.010","3936"
"1149","382605","20221102075000","2144","0","新北市","中和區","121.465","24.995","1649"
"2687","382606","20221102075000","2584","1","新北市","新莊區","121.450","25.040","2590"
"2915","382607","20221102075000","3254","0","新北市","新莊區","121.445","25.040","3050"
"3321","382608","20221102075000","4049","0","新北市","新莊區","121.425","25.020","3365"
"169","382609","20221102075000","1967","0","新北市","新莊區","121.455","25.045","174"
"2019","382610","20221102075000","2309","0","新北市","板橋區","121.465","25.005","1929"
"2878","382611","20221102075000","2960","0","新北市","板橋區","121.460","25.005","3022"
"92","382614","20221102075000","222","0","新北市","深坑區","121.630","25.010","90"
"264","382615","20221102075000","198","2","新北市","深坑區","121.620","25.010","267"
"33","382618","20221102075000","286","0","新北市","深坑區","121.630","25.015","46"
"346","382623","20221102075000","657","0","新北市","深坑區","121.605","25.000","360"
"1628","382624","20221102075000","1826","0","新北市","新莊區","121.435","25.015","1561"
"45","382625","20221102075000","352","0","新北市","板橋區","121.450","25.000","34"
"827","382626","20221102075000","902","0","新北市","中和區","121.470","24.995","868"
"99","382627","20221102075000","94","1","新北市","中和區","121.480","24.990","95"
"437","382628","20221102075000","1495","0","新北市","中和區","121.475","25.000","363"
"212","382629","20221102075000","1030","0","新北市","中和區","121.505","25.000","162"
"3010","382630","20221102075000","3504","0","新北市","永和區","121.525","25.005","2989"
"1571","382634","20221102075000","1522","1","新北市","樹林區","121.420","24.995","1582"
"1116","382637","20221102075000","950","1","新北市","樹林區","121.420","25.000","1321"
"754","382638","20221102075000","732","1","新北市","新莊區","121.440","25.030","725"
"2612","382639","20221102075000","2468","1","新北市","新莊區","121.420","25.025","2643"
"2289","382640","20221102075000","3141","0","新北市","新莊區","121.455","25.050","2492"
"2974","382641","20221102075000","2821","1","新北市","中和區","121.470","25.000","3239"
"6571","382642","20221102075000","3698","3","新北市","板橋區","121.455","25.005","6423"
"712","382643","20221102075000","428","3","新北市","板橋區","121.445","25.020","752"
"1021","382644","20221102075000","958","1","新北市","板橋區","121.440","25.000","1008"
"4917","382645","20221102075000","7769","0","新北市","永和區","121.520","25.010","4756"
"1231","382646","20221102075000","1103","1","新北市","樹林區","121.415","25.000","1192"
"1055","382647","20221102075000","870","2","新北市","樹林區","121.415","25.005","1045"
"2386","382648","20221102075000","3050","0","新北市","土城區","121.455","24.995","2349"
"27","382660","20221102075000","22","2","新北市","平溪區","121.710","25.020","23"
"2947","382667","20221102075000","2308","2","新北市","新莊區","121.460","25.040","2691"
"4003","382668","20221102075000","3715","1","新北市","新莊區","121.460","25.045","3956"
"773","382671","20221102075000","1093","0","新北市","板橋區","121.445","25.015","803"
"6534","382673","20221102075000","4755","2","新北市","板橋區","121.450","24.995","6328"
"2094","382674","20221102075000","2272","0","新北市","板橋區","121.455","25.000","2123"
"4915","382675","20221102075000","4092","2","新北市","永和區","121.520","25.015","5152"
"2753","382676","20221102075000","4284","0","新北市","永和區","121.515","25.015","2814"
"2170","382677","20221102075000","2888","0","新北市","新莊區","121.445","25.030","2132"
"4485","382678","20221102075000","3295","2","新北市","新莊區","121.455","25.035","4157"
"23","382679","20221102075000","787","0","新北市","板橋區","121.460","25.035","17"
"969","382680","20221102075000","1092","0","新北市","新莊區","121.465","25.040","975"
"955","382683","20221102075000","768","2","桃園市","中壢區","121.215","25.000","979"
"304","382686","20221102075000","324","0","桃園市","觀音區","121.125","25.030","288"
"3009","382699","20221102075000","3177","0","新北市","板橋區","121.485","25.020","2933"
"5794","382700","20221102075000","4920","1","新北市","板橋區","121.460","25.010","6126"
"3914","382701","20221102075000","2245","3","新北市","板橋區","121.460","24.995","3812"
"1290","382702","20221102075000","1100","1","新北市","樹林區","121.420","25.015","1264"
"586","382703","20221102075000","726","0","新北市","新莊區","121.435","25.010","571"
"974","382706","20221102075000","1241","0","新北市","新莊區","121.440","25.020","1140"
"270","382710","20221102075000","268","1","新北市","新莊區","121.445","25.025","253"
"3849","382711","20221102075000","3522","1","新北市","永和區","121.505","25.010","3784"
"3141","382712","20221102075000","3514","0","新北市","板橋區","121.475","25.020","3214"
"2556","382713","20221102075000","2261","1","新北市","新莊區","121.430","25.025","2451"
"1379","382715","20221102075000","1678","0","新北市","新莊區","121.425","25.025","1447"
"1492","382716","20221102075000","1416","1","臺北市","萬華區","121.500","25.015","1555"
"1953","382717","20221102075000","1850","1","新北市","新莊區","121.450","25.030","2134"
"247","382724","20221102075000","269","0","桃園市","中壢區","121.180","25.005","236"
"803","382730","20221102075000","468","3","桃園市","中壢區","121.190","25.010","842"
"590","382732","20221102075000","317","3","桃園市","中壢區","121.185","25.015","597"
"501","382735","20221102075000","469","1","桃園市","大園區","121.180","25.025","506"
"827","382741","20221102075000","919","0","桃園市","觀音區","121.160","24.995","823"
"459","382743","20221102075000","424","1","桃園市","觀音區","121.155","25.000","476"
"762","382759","20221102075000","702","1","桃園市","觀音區","121.160","25.020","736"
"792","382780","20221102075000","591","2","桃園市","觀音區","121.105","25.040","811"
"256","382785","20221102075000","253","1","桃園市","觀音區","121.130","25.020","278"
"419","382813","20221102075000","620","0","桃園市","觀音區","121.110","25.050","437"
"1595","382814","20221102075000","1516","1","桃園市","觀音區","121.115","25.050","1845"
"1247","382815","20221102075000","635","3","桃園市","觀音區","121.120","25.050","1133"
"334","382816","20221102075000","190","3","桃園市","觀音區","121.125","25.050","333"
"329","382820","20221102075000","214","3","桃園市","觀音區","121.120","25.055","352"
"727","382821","20221102075000","1077","0","桃園市","觀音區","121.125","25.055","704"
"783","382830","20221102075000","772","1","桃園市","觀音區","121.080","25.035","781"
"551","382842","20221102075000","442","2","桃園市","觀音區","121.095","25.050","617"
"298","382853","20221102075000","499","0","桃園市","觀音區","121.145","25.040","303"
"1800","382855","20221102075000","2375","0","桃園市","觀音區","121.140","25.045","1788"
"809","382857","20221102075000","834","0","桃園市","觀音區","121.130","25.050","794"
"269","382858","20221102075000","285","0","桃園市","觀音區","121.135","25.050","293"
"464","382868","20221102075000","214","3","桃園市","觀音區","121.115","25.000","477"
"1550","382888","20221102075000","1277","2","桃園市","蘆竹區","121.270","25.010","1540"
"208","382890","20221102075000","300","0","桃園市","蘆竹區","121.265","25.015","189"
"1146","382891","20221102075000","1295","0","桃園市","蘆竹區","121.240","25.025","1176"
"1380","382893","20221102075000","810","3","桃園市","蘆竹區","121.250","25.025","1195"
"366","382894","20221102075000","495","0","桃園市","大園區","121.235","25.025","368"
"1462","382896","20221102075000","864","3","桃園市","蘆竹區","121.245","25.025","1105"
"804","382898","20221102075000","477","3","桃園市","蘆竹區","121.240","25.030","532"
"118","382911","20221102075000","115","1","新北市","石碇區","121.670","25.010","111"
"75","382935","20221102075000","70","1","新北市","石碇區","121.670","25.030","90"
"93","382953","20221102075000","75","2","新北市","石碇區","121.690","25.005","103"
"58","382971","20221102075000","45","2","新北市","石碇區","121.700","25.015","76"
"104","382976","20221102075000","117","0","新北市","石碇區","121.660","24.995","111"
"62","382980","20221102075000","89","0","新北市","石碇區","121.650","25.000","98"
"15","382991","20221102075000","29","0","新北市","貢寮區","121.885","24.995","30"
"18","382996","20221102075000","11","3","新北市","貢寮區","121.885","25.000","16"
"15","383019","20221102075000","43","0","新北市","貢寮區","122.000","25.005","64"
"69","383024","20221102075000","44","3","新北市","貢寮區","121.990","25.010","81"
"58","383035","20221102075000","54","1","新北市","貢寮區","121.985","25.020","75"
"2054","383037","20221102075000","3565","0","新北市","永和區","121.520","25.000","2101"
"4230","383038","20221102075000","4054","1","新北市","板橋區","121.475","25.025","4207"
"421","383039","20221102075000","761","0","新北市","新莊區","121.410","25.030","394"
"683","383040","20221102075000","757","0","新北市","新莊區","121.415","25.030","651"
"101","383045","20221102075000","95","1","新北市","新莊區","121.405","25.040","103"
"2848","383046","20221102075000","3360","0","新北市","新莊區","121.455","25.055","2838"
"1081","383047","20221102075000","1376","0","新北市","新莊區","121.435","25.030","1156"
"1607","383048","20221102075000","1432","1","新北市","新莊區","121.425","25.030","1633"
"635","383049","20221102075000","1443","0","新北市","新莊區","121.430","25.030","726"
"1018","383050","20221102075000","1076","0","新北市","新莊區","121.430","25.035","1022"
"3981","383054","20221102075000","4512","0","新北市","新莊區","121.445","25.050","3908"
"3962","383055","20221102075000","3651","1","新北市","新莊區","121.450","25.045","3744"
"1769","383056","20221102075000","1494","1","桃園市","蘆竹區","121.290","25.050","1641"
"2197","383057","20221102075000","2241","0","桃園市","蘆竹區","121.280","25.055","2235"
"651","383058","20221102075000","588","1","桃園市","蘆竹區","121.285","25.045","676"
"1694","383059","20221102075000","1135","2","桃園市","蘆竹區","121.285","25.050","1605"
"1120","383060","20221102075000","1353","0","桃園市","蘆竹區","121.285","25.055","1163"
"1164","383094","20221102075000","1442","0","桃園市","觀音區","121.050","25.025","1172"
"332","383096","20221102075000","503","0","桃園市","觀音區","121.080","25.030","324"
"800","383099","20221102075000","717","1","桃園市","觀音區","121.085","25.035","741"
"1082","383113","20221102075000","886","2","桃園市","觀音區","121.120","25.025","1127"
"353","383117","20221102075000","343","1","桃園市","觀音區","121.115","25.025","362"
"1437","383118","20221102075000","1316","1","新北市","樹林區","121.410","25.015","1392"
"1467","383121","20221102075000","1620","0","新北市","泰山區","121.440","25.045","1474"
"26","383122","20221102075000","401","0","新北市","泰山區","121.430","25.050","31"
"635","383124","20221102075000","523","2","新北市","泰山區","121.440","25.050","634"
"109","383125","20221102075000","644","0","新北市","泰山區","121.435","25.055","92"
"1006","383126","20221102075000","996","1","新北市","泰山區","121.425","25.050","957"
"1312","383127","20221102075000","1560","0","新北市","新莊區","121.440","25.055","1431"
"1016","383128","20221102075000","2009","0","新北市","新莊區","121.445","25.055","1033"
"3920","383129","20221102075000","3988","0","新北市","新莊區","121.450","25.055","3846"
"3799","383130","20221102075000","4703","0","新北市","新莊區","121.450","25.050","3685"
"796","383131","20221102075000","1004","0","新北市","新莊區","121.455","25.040","799"
"267","383132","20221102075000","42","3","新北市","板橋區","121.435","24.995","212"
"1377","383134","20221102075000","1550","0","新北市","板橋區","121.445","24.995","1319"
"3434","383141","20221102075000","4281","0","新北市","永和區","121.515","25.005","3364"
"3794","383142","20221102075000","4209","0","新北市","板橋區","121.470","25.025","3826"
"3889","383143","20221102075000","4231","0","新北市","板橋區","121.475","25.030","3891"
"1773","383144","20221102075000","2387","0","新北市","新莊區","121.445","25.045","1891"
"670","383152","20221102075000","527","2","新北市","泰山區","121.400","25.055","873"
"2554","383156","20221102075000","2427","1","新北市","汐止區","121.625","25.040","2414"
"42","383165","20221102075000","37","1","新北市","雙溪區","121.865","25.045","35"
"10","383200","20221102075000","10","1","新北市","雙溪區","121.790","25.015","20"
"12","383202","20221102075000","112","0","新北市","雙溪區","121.800","25.015","12"
"15","383203","20221102075000","21","0","新北市","雙溪區","121.790","25.020","15"
"574","383204","20221102075000","703","0","新北市","中和區","121.490","25.010","567"
"390","383205","20221102075000","830","0","新北市","樹林區","121.430","25.000","420"
"2442","383207","20221102075000","2762","0","新北市","永和區","121.515","24.995","2400"
"2034","383208","20221102075000","1707","1","桃園市","桃園區","121.315","25.005","1973"
"636","383209","20221102075000","1032","0","桃園市","桃園區","121.315","25.010","601"
"553","383210","20221102075000","716","0","臺北市","萬華區","121.495","25.010","556"
"1087","383211","20221102075000","1723","0","新北市","永和區","121.500","25.010","1081"
"3510","383212","20221102075000","3359","1","新北市","永和區","121.510","25.015","3453"
"640","383214","20221102075000","677","0","新北市","汐止區","121.625","25.050","645"
"695","383218","20221102075000","613","1","桃園市","蘆竹區","121.290","25.055","686"
"755","383219","20221102075000","744","1","桃園市","蘆竹區","121.295","25.050","772"
"1213","383220","20221102075000","1770","0","桃園市","蘆竹區","121.300","25.050","1168"
"1521","383222","20221102075000","1445","1","桃園市","蘆竹區","121.300","25.055","1522"
"30","383225","20221102075000","19","3","桃園市","蘆竹區","121.315","25.055","18"
"204","383229","20221102075000","218","0","新北市","石碇區","121.645","25.005","292"
"13","383234","20221102075000","16","0","新北市","石碇區","121.700","24.995","10"
"92","383253","20221102075000","87","1","新北市","石碇區","121.665","25.010","87"
"375","383254","20221102075000","332","1","新北市","石碇區","121.645","25.010","425"
"73","383261","20221102075000","79","0","新北市","石碇區","121.655","25.015","71"
"463","383272","20221102075000","424","1","桃園市","觀音區","121.100","25.005","513"
"583","383277","20221102075000","542","1","桃園市","觀音區","121.095","25.020","562"
"315","383281","20221102075000","367","0","桃園市","觀音區","121.095","25.025","315"
"1646","383283","20221102075000","1801","0","桃園市","桃園區","121.285","24.995","1630"
"254","383284","20221102075000","339","0","桃園市","桃園區","121.290","24.995","219"
"951","383285","20221102075000","910","1","桃園市","桃園區","121.285","25.000","966"
"3622","383286","20221102075000","3382","1","桃園市","蘆竹區","121.290","25.045","3494"
"266","383287","20221102075000","196","2","桃園市","桃園區","121.280","25.030","292"
"622","383290","20221102075000","554","1","桃園市","蘆竹區","121.280","25.035","641"
"1214","383291","20221102075000","1641","0","桃園市","蘆竹區","121.285","25.035","1303"
"2202","383294","20221102075000","1620","2","桃園市","蘆竹區","121.285","25.040","2179"
"2277","383295","20221102075000","3376","0","桃園市","蘆竹區","121.290","25.040","2227"
"24","383299","20221102075000","172","0","桃園市","蘆竹區","121.255","25.025","13"
"298","383301","20221102075000","307","0","桃園市","蘆竹區","121.250","25.035","311"
"249","383311","20221102075000","341","0","桃園市","蘆竹區","121.240","25.040","326"
"199","383313","20221102075000","118","3","桃園市","蘆竹區","121.255","25.040","164"
"22","383315","20221102075000","134","0","桃園市","蘆竹區","121.250","25.045","26"
"619","383318","20221102075000","661","0","桃園市","蘆竹區","121.265","25.025","438"
"891","383325","20221102075000","622","2","桃園市","蘆竹區","121.275","25.030","844"
"33","383357","20221102075000","54","0","新北市","雙溪區","121.880","25.020","57"
"12","383364","20221102075000","51","0","新北市","雙溪區","121.870","25.030","12"
"2526","383376","20221102075000","3377","0","新北市","中和區","121.485","25.000","2401"
"2664","383377","20221102075000","3240","0","新北市","中和區","121.485","25.005","2593"
"2611","383378","20221102075000","4480","0","新北市","中和區","121.500","25.000","2499"
"2630","383379","20221102075000","3317","0","新北市","板橋區","121.465","25.010","2543"
"3335","383380","20221102075000","3151","1","新北市","板橋區","121.470","25.010","3362"
"994","383384","20221102075000","821","2","新北市","汐止區","121.635","25.040","934"
"225","383424","20221102075000","369","0","桃園市","蘆竹區","121.255","25.050","257"
"690","383426","20221102075000","487","2","桃園市","蘆竹區","121.265","25.050","631"
"440","383435","20221102075000","312","2","桃園市","蘆竹區","121.275","25.055","446"
"468","383437","20221102075000","413","1","桃園市","大園區","121.160","25.030","471"
"453","383449","20221102075000","477","0","桃園市","觀音區","121.155","25.050","455"
"1619","383456","20221102075000","1568","1","桃園市","觀音區","121.140","25.010","1642"
"558","383457","20221102075000","581","0","桃園市","觀音區","121.145","25.010","557"
"524","383463","20221102075000","443","1","桃園市","觀音區","121.130","25.005","525"
"240","383469","20221102075000","229","1","桃園市","觀音區","121.060","25.025","237"
"369","383475","20221102075000","387","0","桃園市","觀音區","121.065","25.025","339"
"16","383478","20221102075000","17","0","桃園市","觀音區","121.060","25.030","12"
"211","383483","20221102075000","334","0","桃園市","觀音區","121.060","25.035","259"
"146","383485","20221102075000","273","0","桃園市","觀音區","121.070","25.035","149"
"178","383489","20221102075000","221","0","桃園市","觀音區","121.070","25.040","168"
"1617","383492","20221102075000","1866","0","新北市","三重區","121.475","25.050","1596"
"3655","383493","20221102075000","3905","0","新北市","中和區","121.510","24.995","3493"
"4119","383494","20221102075000","5189","0","新北市","中和區","121.510","25.000","4223"
"3219","383495","20221102075000","3066","1","新北市","板橋區","121.455","25.010","3218"
"3889","383496","20221102075000","3696","1","新北市","板橋區","121.455","25.020","3792"
"2398","383500","20221102075000","2911","0","新北市","樹林區","121.425","24.995","2339"
"199","383502","20221102075000","436","0","新北市","樹林區","121.405","25.005","188"
"99","383503","20221102075000","421","0","新北市","樹林區","121.410","25.005","60"
"2369","383507","20221102075000","2428","0","新北市","永和區","121.505","25.015","2432"
"98","383513","20221102075000","144","0","桃園市","中壢區","121.245","24.995","90"
"1269","383515","20221102075000","1205","1","桃園市","中壢區","121.225","25.000","1291"
"609","383519","20221102075000","568","1","桃園市","中壢區","121.245","25.000","646"
"912","383520","20221102075000","1013","0","桃園市","中壢區","121.250","25.000","926"
"285","383521","20221102075000","205","2","桃園市","中壢區","121.230","25.005","279"
"488","383524","20221102075000","639","0","桃園市","中壢區","121.245","25.005","471"
"340","383526","20221102075000","458","0","桃園市","大園區","121.245","25.010","344"
"1142","383529","20221102075000","835","2","桃園市","中壢區","121.175","24.995","1115"
"603","383553","20221102075000","484","2","桃園市","中壢區","121.220","25.005","542"
"30","383554","20221102075000","178","0","桃園市","中壢區","121.215","25.010","29"
"880","383557","20221102075000","718","2","桃園市","中壢區","121.220","25.015","716"
"1529","383559","20221102075000","1558","0","新北市","板橋區","121.480","25.030","1445"
"375","383560","20221102075000","324","1","新北市","樹林區","121.420","25.005","392"
"2237","383562","20221102075000","2181","1","新北市","新莊區","121.430","25.005","2298"
"1058","383563","20221102075000","1120","0","新北市","樹林區","121.425","25.010","1088"
"283","383564","20221102075000","989","0","新北市","樹林區","121.425","25.000","306"
"3496","383565","20221102075000","3414","1","新北市","永和區","121.515","25.000","3555"
"3313","383566","20221102075000","3549","0","新北市","永和區","121.520","25.005","3344"
"2169","383567","20221102075000","1847","1","新北市","中和區","121.480","25.005","2240"
"1277","383568","20221102075000","1177","1","新北市","泰山區","121.415","25.050","1326"
"1420","383572","20221102075000","1920","0","新北市","泰山區","121.430","25.055","1454"
"2513","383573","20221102075000","2167","1","新北市","板橋區","121.460","25.000","2457"
"4293","383574","20221102075000","4193","1","新北市","中和區","121.495","25.000","4545"
"2077","383575","20221102075000","2737","0","新北市","板橋區","121.465","25.030","2023"
"4379","383576","20221102075000","4165","1","新北市","板橋區","121.470","25.030","4516"
"13","383582","20221102075000","673","0","新北市","深坑區","121.620","25.005","10"
"185","383589","20221102075000","185","1","新北市","深坑區","121.615","25.000","198"
"373","383590","20221102075000","699","0","新北市","深坑區","121.620","25.000","374"
"1194","383591","20221102075000","1066","1","新北市","深坑區","121.625","25.000","1170"
"482","383599","20221102075000","283","3","新北市","深坑區","121.635","25.005","471"
"1186","383600","20221102075000","1242","0","新北市","深坑區","121.615","25.005","1133"
"3778","383602","20221102075000","3941","0","新北市","板橋區","121.480","25.025","3774"
"4134","383603","20221102075000","4230","0","新北市","新莊區","121.445","25.035","3610"
"103","383604","20221102075000","623","0","新北市","永和區","121.530","25.000","216"
"2170","383605","20221102075000","3131","0","新北市","板橋區","121.480","25.020","2151"
"3991","383606","20221102075000","4053","0","新北市","板橋區","121.480","25.015","3999"
"1290","383607","20221102075000","1412","0","桃園市","桃園區","121.310","25.010","1353"
"3121","383608","20221102075000","2350","2","桃園市","桃園區","121.310","25.015","2951"
"2897","383609","20221102075000","4284","0","新北市","永和區","121.510","25.010","2798"
"3440","383610","20221102075000","3699","0","新北市","永和區","121.515","25.010","3405"
"2982","383611","20221102075000","3143","0","新北市","板橋區","121.460","25.015","3260"
"1752","383612","20221102075000","2857","0","新北市","板橋區","121.465","25.000","2172"
"1909","383614","20221102075000","1410","2","桃園市","桃園區","121.300","25.010","1921"
"3024","383615","20221102075000","2651","1","桃園市","桃園區","121.315","24.995","2918"
"278","383616","20221102075000","340","0","新北市","深坑區","121.605","25.005","287"
"260","383618","20221102075000","390","0","新北市","深坑區","121.600","25.010","290"
"1660","383631","20221102075000","2017","0","新北市","深坑區","121.600","25.005","1669"
"1905","383632","20221102075000","2066","0","新北市","中和區","121.485","25.015","1895"
"2527","383633","20221102075000","2631","0","新北市","板橋區","121.475","25.015","2438"
"3893","383634","20221102075000","4011","0","新北市","板橋區","121.450","25.015","3814"
"2269","383635","20221102075000","2761","0","新北市","永和區","121.510","25.005","2266"
"2364","383636","20221102075000","2352","1","新北市","板橋區","121.450","25.010","2400"
"766","383637","20221102075000","816","0","新北市","樹林區","121.405","25.015","812"
"509","383638","20221102075000","362","2","新北市","樹林區","121.420","25.010","545"
"1245","383639","20221102075000","1079","1","新北市","樹林區","121.415","25.015","1251"
"55","383641","20221102075000","45","2","新北市","平溪區","121.765","25.035","54"
"174","383658","20221102075000","178","0","新北市","平溪區","121.775","25.040","189"
"108","383678","20221102075000","70","3","新北市","平溪區","121.740","25.025","108"
"129","383679","20221102075000","96","2","新北市","平溪區","121.745","25.025","99"
"24","383682","20221102075000","19","2","新北市","平溪區","121.745","25.030","31"
"21","383718","20221102075000","21","1","新北市","平溪區","121.780","25.025","20"
"32","383787","20221102075000","29","1","新北市","平溪區","121.750","25.005","40"
"49","383811","20221102075000","239","0","新北市","平溪區","121.715","25.020","51"
"13","383820","20221102075000","11","1","新北市","平溪區","121.735","25.020","11"
"726","383828","20221102075000","1972","0","新北市","中和區","121.475","24.995","1007"
"4524","383829","20221102075000","6042","0","新北市","板橋區","121.470","25.020","4632"
"362","383830","20221102075000","432","0","新北市","板橋區","121.440","25.005","360"
"1262","383831","20221102075000","701","3","新北市","新莊區","121.440","25.015","1181"
"1306","383833","20221102075000","2275","0","新北市","永和區","121.515","25.020","1274"
"167","383834","20221102075000","160","1","新北市","汐止區","121.645","25.030","182"
"279","383848","20221102075000","281","0","新北市","汐止區","121.645","25.040","313"
"15","383859","20221102075000","36","0","新北市","汐止區","121.670","25.045","24"
"37","383862","20221102075000","87","0","新北市","汐止區","121.660","25.050","40"
"851","383865","20221102075000","1007","0","新北市","永和區","121.530","25.005","908"
"1136","383866","20221102075000","940","2","新北市","新莊區","121.465","25.045","1044"
"1647","383867","20221102075000","1807","0","新北市","新莊區","121.415","25.025","1629"
"1597","383868","20221102075000","2386","0","新北市","中和區","121.525","24.995","1486"
"883","383871","20221102075000","1239","0","桃園市","中壢區","121.200","25.010","912"
"603","383880","20221102075000","509","1","桃園市","中壢區","121.200","25.020","592"
"4993","383889","20221102075000","4244","1","新北市","板橋區","121.465","25.015","5484"
"30","383890","20221102075000","191","0","新北市","板橋區","121.475","25.035","23"
"1215","383891","20221102075000","1248","0","新北市","板橋區","121.480","25.035","1185"
"4847","383893","20221102075000","4892","0","新北市","板橋區","121.465","25.020","4981"
"2613","383894","20221102075000","2506","1","新北市","板橋區","121.460","25.020","2577"
"3532","383895","20221102075000","2835","2","新北市","永和區","121.525","25.010","3633"
"4430","383896","20221102075000","4570","0","新北市","永和區","121.525","25.000","4325"
"957","383897","20221102075000","1033","0","桃園市","龜山區","121.365","25.030","1025"
"988","383900","20221102075000","1193","0","桃園市","龜山區","121.360","25.040","1052"
"941","383902","20221102075000","986","0","桃園市","龜山區","121.360","25.045","937"
"1460","383903","20221102075000","1300","1","桃園市","龜山區","121.360","25.050","1449"
"1026","383904","20221102075000","1432","0","桃園市","龜山區","121.365","25.050","1022"
"1326","383905","20221102075000","1304","1","桃園市","龜山區","121.360","25.055","1247"
"2906","383906","20221102075000","2014","2","桃園市","龜山區","121.365","25.055","2874"
"1784","383907","20221102075000","1767","1","桃園市","龜山區","121.375","25.035","1764"
"569","383908","20221102075000","644","0","桃園市","龜山區","121.370","25.040","607"
"311","383909","20221102075000","435","0","桃園市","龜山區","121.375","25.040","304"
"101","383910","20221102075000","96","1","桃園市","龜山區","121.365","25.045","103"
"960","383911","20221102075000","1156","0","桃園市","龜山區","121.370","25.045","963"
"68","383912","20221102075000","239","0","桃園市","龜山區","121.375","25.045","89"
"1385","383913","20221102075000","1579","0","桃園市","龜山區","121.370","25.050","1445"
"1574","383914","20221102075000","1017","3","桃園市","龜山區","121.375","25.050","1559"
"1644","383915","20221102075000","1717","0","桃園市","龜山區","121.370","25.055","1642"
"1868","383916","20221102075000","1670","1","桃園市","龜山區","121.375","25.055","1928"
"546","383919","20221102075000","590","0","桃園市","龜山區","121.360","25.000","500"
"265","383920","20221102075000","327","0","桃園市","龜山區","121.365","25.000","258"
"798","383922","20221102075000","715","1","桃園市","龜山區","121.340","25.000","804"
"552","383924","20221102075000","400","2","桃園市","龜山區","121.340","25.005","545"
"1102","383928","20221102075000","999","1","桃園市","龜山區","121.365","25.005","1078"
"572","383930","20221102075000","353","3","桃園市","龜山區","121.355","25.010","555"
"366","383939","20221102075000","487","0","桃園市","龜山區","121.360","25.020","385"
"750","383940","20221102075000","722","1","桃園市","龜山區","121.365","25.015","778"
"149","383941","20221102075000","207","0","桃園市","龜山區","121.370","25.020","144"
"189","383945","20221102075000","162","1","桃園市","龜山區","121.365","25.020","185"
"25","383952","20221102075000","31","0","桃園市","龜山區","121.380","25.025","27"
"1856","383958","20221102075000","1578","1","桃園市","龜山區","121.335","24.995","1820"
"300","383959","20221102075000","731","0","桃園市","龜山區","121.345","25.005","274"
"728","383962","20221102075000","671","1","桃園市","龜山區","121.345","25.010","697"
"380","383966","20221102075000","350","1","桃園市","龜山區","121.345","25.015","373"
"373","383978","20221102075000","379","0","桃園市","龜山區","121.350","25.020","375"
"41","383987","20221102075000","34","2","桃園市","龜山區","121.345","25.030","41"
"169","383989","20221102075000","156","1","桃園市","龜山區","121.355","25.030","167"
"85","383991","20221102075000","105","0","桃園市","龜山區","121.380","25.020","108"
"411","383995","20221102075000","457","0","桃園市","龜山區","121.385","25.025","406"
"297","383996","20221102075000","302","0","桃園市","龜山區","121.390","25.025","312"
"2528","384001","20221102075000","2133","1","桃園市","龜山區","121.390","25.030","2611"
"442","384003","20221102075000","314","2","桃園市","龜山區","121.385","25.035","442"
"1769","384004","20221102075000","1296","2","桃園市","龜山區","121.390","25.035","1671"
"55","384008","20221102075000","35","3","桃園市","龜山區","121.385","25.040","68"
"1062","384009","20221102075000","1102","0","桃園市","龜山區","121.390","25.040","1063"
"1166","384015","20221102075000","1374","0","桃園市","龜山區","121.380","25.050","1172"
"18","384017","20221102075000","10","3","桃園市","龜山區","121.390","25.050","11"
"132","384019","20221102075000","490","0","桃園市","龜山區","121.380","25.055","109"
"6065","384021","20221102075000","6421","0","臺北市","中山區","121.525","25.050","5981"
"6555","384022","20221102075000","6188","1","臺北市","中山區","121.530","25.055","6653"
"487","384040","20221102075000","505","0","桃園市","大園區","121.185","25.045","519"
"416","384041","20221102075000","325","2","桃園市","大園區","121.190","25.045","379"
"145","384058","20221102075000","151","0","桃園市","龜山區","121.355","24.995","134"
"469","384060","20221102075000","294","3","桃園市","龜山區","121.355","25.000","454"
"3228","384064","20221102075000","2910","1","新北市","永和區","121.510","25.020","3066"
"2608","384065","20221102075000","2888","0","臺北市","中正區","121.515","25.025","2578"
"1809","384066","20221102075000","3323","0","臺北市","中正區","121.525","25.020","1729"
"1477","384067","20221102075000","1638","0","臺北市","中正區","121.515","25.040","1568"
"6834","384068","20221102075000","6981","0","臺北市","中正區","121.515","25.045","6628"
"6168","384069","20221102075000","5557","1","臺北市","中山區","121.535","25.055","6340"
"1763","384070","20221102075000","1777","0","臺北市","文山區","121.560","25.005","1790"
"745","384071","20221102075000","741","1","臺北市","大安區","121.560","25.010","632"
"261","384072","20221102075000","1177","0","桃園市","桃園區","121.310","24.995","250"
"4595","384073","20221102075000","4363","1","臺北市","中山區","121.535","25.045","4456"
"2056","384074","20221102075000","2831","0","臺北市","中山區","121.535","25.050","2042"
"3843","384075","20221102075000","3260","1","臺北市","中正區","121.515","25.030","3715"
"4457","384076","20221102075000","6034","0","臺北市","信義區","121.565","25.025","4332"
"1565","384077","20221102075000","1891","0","臺北市","信義區","121.575","25.045","1530"
"426","384078","20221102075000","488","0","臺北市","信義區","121.585","25.035","397"
"1016","384079","20221102075000","1234","0","臺北市","信義區","121.565","25.020","1040"
"1229","384081","20221102075000","846","2","桃園市","桃園區","121.290","25.010","1177"
"1180","384082","20221102075000","1952","0","桃園市","桃園區","121.285","25.015","1229"
"974","384083","20221102075000","970","1","桃園市","桃園區","121.290","25.015","987"
"4314","384084","20221102075000","4934","0","臺北市","中正區","121.525","25.045","4339"
"4291","384085","20221102075000","3385","2","臺北市","中正區","121.530","25.045","4345"
"1670","384086","20221102075000","2743","0","臺北市","中正區","121.530","25.010","1613"
"4418","384087","20221102075000","4788","0","臺北市","中山區","121.525","25.055","4584"
"2599","384088","20221102075000","2726","0","臺北市","中山區","121.540","25.045","2529"
"3367","384089","20221102075000","3945","0","臺北市","大安區","121.540","25.040","3414"
"4362","384090","20221102075000","4445","0","臺北市","中正區","121.520","25.030","4248"
"2170","384091","20221102075000","1836","1","臺北市","中正區","121.520","25.035","2055"
"4803","384092","20221102075000","4526","1","臺北市","中正區","121.520","25.040","4840"
"6960","384093","20221102075000","7148","0","臺北市","中正區","121.525","25.040","6904"
"342","384094","20221102075000","902","0","臺北市","中正區","121.525","25.015","322"
"1713","384100","20221102075000","1121","3","桃園市","中壢區","121.200","25.000","1786"
"21","384101","20221102075000","148","0","桃園市","中壢區","121.205","25.000","12"
"707","384103","20221102075000","468","3","桃園市","中壢區","121.200","25.005","728"
"1190","384104","20221102075000","1565","0","新北市","泰山區","121.420","25.030","1233"
"412","384106","20221102075000","371","1","新北市","泰山區","121.425","25.035","369"
"2389","384109","20221102075000","2353","1","新北市","泰山區","121.420","25.040","2391"
"1055","384111","20221102075000","1004","1","新北市","泰山區","121.425","25.040","958"
"2298","384112","20221102075000","2014","1","新北市","泰山區","121.430","25.040","2368"
"160","384113","20221102075000","89","3","桃園市","龜山區","121.330","24.995","160"
"180","384129","20221102075000","106","3","桃園市","龜山區","121.375","25.010","117"
"612","384131","20221102075000","586","1","桃園市","龜山區","121.385","25.010","618"
"269","384132","20221102075000","233","1","桃園市","龜山區","121.390","25.010","257"
"1109","384140","20221102075000","1067","1","桃園市","龜山區","121.395","25.020","1092"
"561","384141","20221102075000","592","0","桃園市","龜山區","121.400","25.020","533"
"1345","384142","20221102075000","1249","1","桃園市","龜山區","121.340","24.995","1402"
"2035","384145","20221102075000","2064","0","桃園市","龜山區","121.345","25.000","2168"
"5208","384146","20221102075000","6695","0","臺北市","中山區","121.520","25.055","5599"
"926","384147","20221102075000","844","1","桃園市","桃園區","121.305","25.025","900"
"77","384149","20221102075000","66","1","桃園市","新屋區","121.030","25.000","76"
"184","384152","20221102075000","204","0","桃園市","新屋區","121.030","25.005","178"
"104","384164","20221102075000","106","0","桃園市","新屋區","121.060","24.995","99"
"214","384167","20221102075000","180","1","桃園市","新屋區","121.060","25.000","183"
"478","384185","20221102075000","565","0","桃園市","新屋區","121.075","25.005","510"
"49","384188","20221102075000","254","0","桃園市","桃園區","121.325","25.000","44"
"131","384189","20221102075000","86","3","桃園市","桃園區","121.320","25.005","94"
"1000","384190","20221102075000","1040","0","桃園市","桃園區","121.325","25.005","972"
"2460","384194","20221102075000","3593","0","臺北市","中正區","121.510","25.025","2736"
"43","384227","20221102075000","27","3","新北市","貢寮區","121.955","25.005","29"
"28","384234","20221102075000","34","0","新北市","貢寮區","121.950","25.010","29"
"263","384241","20221102075000","249","1","新北市","貢寮區","121.945","25.015","287"
"76","384254","20221102075000","63","2","新北市","貢寮區","121.970","25.025","71"
"320","384267","20221102075000","326","0","新北市","貢寮區","121.905","25.020","302"
"21","384270","20221102075000","35","0","新北市","貢寮區","121.900","25.025","22"
"12","384288","20221102075000","10","2","新北市","貢寮區","121.930","25.000","10"
"152","384299","20221102075000","110","2","新北市","貢寮區","121.920","25.010","126"
"32","384306","20221102075000","44","0","新北市","貢寮區","121.930","25.015","32"
"18","384338","20221102075000","33","0","新北市","貢寮區","121.905","25.010","28"
"156","384342","20221102075000","278","0","新北市","貢寮區","121.945","25.020","185"
"81","384349","20221102075000","80","1","新北市","貢寮區","121.930","25.030","109"
"2218","384355","20221102075000","1784","2","桃園市","龜山區","121.400","25.015","2177"
"3021","384356","20221102075000","2801","1","桃園市","龜山區","121.405","25.020","2935"
"242","384362","20221102075000","202","1","桃園市","新屋區","121.045","25.005","235"
"261","384367","20221102075000","170","3","桃園市","桃園區","121.320","24.995","208"
"1759","384368","20221102075000","1950","0","桃園市","桃園區","121.325","24.995","1808"
"1583","384371","20221102075000","1793","0","桃園市","桃園區","121.295","25.000","1591"
"620","384372","20221102075000","543","1","桃園市","桃園區","121.280","25.005","550"
"329","384373","20221102075000","126","3","桃園市","桃園區","121.285","25.005","219"
"1584","384374","20221102075000","1718","0","桃園市","桃園區","121.280","25.010","1477"
"1487","384375","20221102075000","1826","0","桃園市","桃園區","121.300","25.000","1474"
"1287","384376","20221102075000","1318","0","桃園市","桃園區","121.305","25.000","1271"
"1054","384377","20221102075000","1034","1","桃園市","桃園區","121.310","25.025","1083"
"356","384378","20221102075000","294","2","桃園市","桃園區","121.310","25.020","346"
"766","384379","20221102075000","550","2","桃園市","桃園區","121.315","25.025","977"
"1626","384382","20221102075000","1895","0","桃園市","桃園區","121.300","25.025","1716"
"1078","384383","20221102075000","1023","1","桃園市","桃園區","121.305","25.020","1034"
"15","384386","20221102075000","13","1","桃園市","桃園區","121.300","25.030","14"
"65","384387","20221102075000","34","3","桃園市","桃園區","121.295","24.995","40"
"2584","384388","20221102075000","3412","0","臺北市","中山區","121.530","25.050","2510"
"3271","384389","20221102075000","3611","0","桃園市","桃園區","121.295","25.025","3305"
"126","384391","20221102075000","88","2","桃園市","蘆竹區","121.295","25.035","119"
"3595","384392","20221102075000","3716","0","桃園市","蘆竹區","121.295","25.040","3788"
"2051","384393","20221102075000","2271","0","桃園市","桃園區","121.300","25.015","1965"
"4157","384394","20221102075000","3483","1","桃園市","桃園區","121.295","25.015","4245"
"2627","384395","20221102075000","2449","1","桃園市","桃園區","121.320","25.010","2595"
"1856","384398","20221102075000","1143","3","桃園市","桃園區","121.310","25.000","1839"
"790","384399","20221102075000","789","1","桃園市","桃園區","121.315","25.000","788"
"474","384400","20221102075000","498","0","桃園市","桃園區","121.320","25.000","467"
"861","384401","20221102075000","813","1","桃園市","桃園區","121.310","25.005","896"
"335","384403","20221102075000","346","0","臺北市","大安區","121.550","25.015","367"
"2946","384404","20221102075000","4001","0","臺北市","大安區","121.555","25.020","3053"
"5720","384405","20221102075000","5803","0","臺北市","大安區","121.550","25.020","5611"
"1807","384408","20221102075000","1753","1","桃園市","桃園區","121.305","25.010","1793"
"3066","384409","20221102075000","3968","0","臺北市","中正區","121.530","25.015","2993"
"4994","384410","20221102075000","4510","1","臺北市","中正區","121.525","25.035","4894"
"1995","384411","20221102075000","2662","0","臺北市","中山區","121.540","25.050","1980"
"1020","384412","20221102075000","1074","0","桃園市","桃園區","121.290","25.020","978"
"3956","384413","20221102075000","4762","0","臺北市","信義區","121.560","25.045","3881"
"80","384415","20221102075000","179","0","桃園市","桃園區","121.300","24.995","63"
"1542","384416","20221102075000","1726","0","桃園市","桃園區","121.290","25.025","1550"
"1022","384417","20221102075000","1005","1","桃園市","桃園區","121.290","25.005","1086"
"1936","384418","20221102075000","1871","1","桃園市","桃園區","121.295","25.005","1842"
"940","384419","20221102075000","1287","0","桃園市","桃園區","121.295","25.010","888"
"2920","384420","20221102075000","3475","0","臺北市","大同區","121.510","25.055","2944"
"913","384421","20221102075000","1396","0","臺北市","中正區","121.520","25.020","1303"
"4868","384422","20221102075000","4226","1","臺北市","信義區","121.570","25.025","4907"
"1793","384424","20221102075000","1668","1","臺北市","信義區","121.570","25.030","1355"
"1177","384425","20221102075000","1753","0","臺北市","信義區","121.575","25.030","1184"
"3755","384426","20221102075000","3945","0","臺北市","大同區","121.515","25.050","3841"
"5220","384427","20221102075000","4902","1","臺北市","中山區","121.520","25.050","5430"
"2185","384428","20221102075000","2466","0","臺北市","大同區","121.515","25.055","2218"
"2689","384429","20221102075000","2508","1","桃園市","桃園區","121.305","24.995","2725"
"2358","384430","20221102075000","2142","1","桃園市","桃園區","121.300","25.005","2285"
"1589","384431","20221102075000","1150","2","臺北市","大同區","121.505","25.050","1472"
"2994","384432","20221102075000","3067","0","臺北市","大同區","121.510","25.050","3005"
"207","384433","20221102075000","1207","0","臺北市","大安區","121.555","25.040","229"
"5898","384434","20221102075000","6315","0","臺北市","大安區","121.555","25.030","5807"
"4093","384435","20221102075000","3502","1","臺北市","大安區","121.530","25.025","4335"
"1131","384436","20221102075000","2725","0","臺北市","大安區","121.525","25.030","1127"
"5442","384437","20221102075000","5694","0","臺北市","大安區","121.525","25.025","5100"
"2983","384438","20221102075000","2813","1","臺北市","大安區","121.545","25.035","2944"
"6294","384439","20221102075000","7692","0","臺北市","大安區","121.545","25.030","6176"
"3754","384440","20221102075000","4384","0","臺北市","大安區","121.555","25.035","3866"
"3259","384441","20221102075000","5066","0","臺北市","大安區","121.550","25.025","3285"
"6218","384442","20221102075000","5765","1","臺北市","中正區","121.530","25.035","5975"
"3153","384443","20221102075000","3086","1","臺北市","中正區","121.510","25.045","3272"
"597","384446","20221102075000","600","0","桃園市","蘆竹區","121.270","25.015","522"
"397","384447","20221102075000","354","1","桃園市","蘆竹區","121.260","25.025","415"
"1508","384448","20221102075000","1212","2","桃園市","蘆竹區","121.265","25.020","1476"
"243","384449","20221102075000","386","0","桃園市","蘆竹區","121.270","25.020","223"
"28","384450","20221102075000","15","3","桃園市","蘆竹區","121.270","25.025","16"
"16","384454","20221102075000","17","0","桃園市","蘆竹區","121.255","25.000","16"
"43","384461","20221102075000","113","0","桃園市","蘆竹區","121.260","25.010","36"
"34","384463","20221102075000","179","0","桃園市","蘆竹區","121.250","25.015","25"
"399","384466","20221102075000","434","0","桃園市","蘆竹區","121.250","25.020","396"
"1295","384467","20221102075000","1111","1","桃園市","蘆竹區","121.255","25.020","1225"
"2143","384468","20221102075000","2049","1","桃園市","蘆竹區","121.260","25.020","2203"
"2784","384469","20221102075000","2975","0","桃園市","蘆竹區","121.295","25.055","2696"
"684","384473","20221102075000","803","0","桃園市","桃園區","121.305","25.030","713"
"153","384480","20221102075000","295","0","桃園市","龜山區","121.305","25.035","145"
"552","384489","20221102075000","843","0","桃園市","蘆竹區","121.295","25.045","540"
"1119","384497","20221102075000","1387","0","桃園市","龜山區","121.305","25.045","1162"
"418","384499","20221102075000","626","0","桃園市","龜山區","121.315","25.045","506"
"31","384502","20221102075000","20","3","桃園市","龜山區","121.330","25.045","36"
"541","384507","20221102075000","459","1","桃園市","龜山區","121.320","25.050","593"
"1057","384514","20221102075000","1065","0","桃園市","龜山區","121.335","25.055","1166"
"570","384517","20221102075000","667","0","桃園市","龜山區","121.340","25.035","651"
"288","384521","20221102075000","233","2","桃園市","龜山區","121.345","25.040","273"
"266","384522","20221102075000","234","1","桃園市","龜山區","121.350","25.040","238"
"22","384523","20221102075000","22","1","桃園市","龜山區","121.355","25.040","23"
"725","384525","20221102075000","822","0","桃園市","龜山區","121.350","25.045","662"
"576","384526","20221102075000","501","1","桃園市","龜山區","121.355","25.045","565"
"687","384528","20221102075000","779","0","桃園市","龜山區","121.350","25.050","733"
"454","384532","20221102075000","359","2","桃園市","龜山區","121.350","25.055","420"
"1086","384533","20221102075000","2171","0","臺北市","信義區","121.570","25.035","1094"
"2320","384534","20221102075000","3247","0","臺北市","信義區","121.575","25.035","2377"
"20","384537","20221102075000","18","1","臺北市","南港區","121.625","25.020","18"
"122","384549","20221102075000","127","0","臺北市","南港區","121.630","25.030","121"
"974","384552","20221102075000","809","2","臺北市","南港區","121.620","25.035","954"
"90","384554","20221102075000","81","1","新北市","汐止區","121.630","25.035","89"
"1118","384555","20221102075000","951","1","臺北市","南港區","121.620","25.040","1131"
"3325","384556","20221102075000","4906","0","臺北市","信義區","121.575","25.040","3202"
"3845","384557","20221102075000","4568","0","臺北市","南港區","121.585","25.045","3886"
"93","384572","20221102075000","57","3","新北市","雙溪區","121.825","25.025","112"
"700","384614","20221102075000","906","0","新北市","雙溪區","121.865","25.035","750"
"31","384624","20221102075000","33","0","新北市","雙溪區","121.830","25.000","33"
"17","384641","20221102075000","31","0","新北市","雙溪區","121.805","25.015","16"
"107","384662","20221102075000","93","1","新北市","雙溪區","121.840","25.035","90"
"336","384679","20221102075000","250","2","新北市","雙溪區","121.865","25.040","330"
"42","384696","20221102075000","29","2","新北市","雙溪區","121.845","24.995","34"
"756","384710","20221102075000","705","1","桃園市","桃園區","121.275","25.020","649"
"524","384711","20221102075000","566","0","桃園市","桃園區","121.280","25.020","523"
"10","384715","20221102075000","305","0","臺北市","信義區","121.560","25.025","10"
"513","384716","20221102075000","761","0","臺北市","信義區","121.565","25.030","561"
"7827","384717","20221102075000","8202","0","臺北市","信義區","121.560","25.030","7667"
"2296","384718","20221102075000","3477","0","臺北市","中正區","121.520","25.025","2214"
"614","384719","20221102075000","959","0","桃園市","大園區","121.210","25.005","588"
"1350","384720","20221102075000","1240","1","桃園市","大園區","121.210","25.010","1426"
"1964","384721","20221102075000","1530","2","桃園市","大園區","121.210","25.015","2206"
"779","384722","20221102075000","796","0","桃園市","大園區","121.210","25.020","780"
"157","384723","20221102075000","168","0","桃園市","大園區","121.220","25.020","116"
"831","384726","20221102075000","1083","0","桃園市","大園區","121.220","25.025","892"
"467","384729","20221102075000","579","0","桃園市","大園區","121.215","25.025","460"
"580","384731","20221102075000","507","1","桃園市","大園區","121.205","25.035","565"
"450","384739","20221102075000","324","2","桃園市","大園區","121.205","25.050","433"
"76","384743","20221102075000","60","2","桃園市","大園區","121.210","25.055","67"
"3456","384744","20221102075000","3912","0","臺北市","信義區","121.580","25.040","3406"
"1087","384745","20221102075000","1451","0","臺北市","中正區","121.510","25.030","1127"
"4077","384746","20221102075000","3949","1","臺北市","中正區","121.520","25.045","4044"
"2726","384747","20221102075000","3253","0","臺北市","中正區","121.505","25.030","2612"
"3095","384748","20221102075000","2570","2","臺北市","中正區","121.510","25.035","2994"
"736","384749","20221102075000","680","1","臺北市","中正區","121.515","25.035","749"
"2849","384750","20221102075000","3125","0","臺北市","中正區","121.510","25.040","2789"
"1928","384751","20221102075000","1725","1","桃園市","桃園區","121.305","25.015","1933"
"1546","384752","20221102075000","1878","0","桃園市","桃園區","121.300","25.020","1606"
"3115","384754","20221102075000","2921","1","桃園市","桃園區","121.295","25.020","3007"
"2657","384756","20221102075000","2738","0","桃園市","桃園區","121.315","25.015","2490"
"519","384757","20221102075000","1958","0","桃園市","桃園區","121.315","25.020","505"
"1702","384759","20221102075000","2012","0","桃園市","桃園區","121.305","25.005","1577"
"3787","384760","20221102075000","4774","0","臺北市","信義區","121.570","25.045","3678"
"643","384761","20221102075000","603","1","臺北市","信義區","121.575","25.015","803"
"689","384763","20221102075000","804","0","臺北市","信義區","121.575","25.020","728"
"394","384770","20221102075000","452","0","桃園市","大園區","121.225","25.015","371"
"543","384775","20221102075000","793","0","桃園市","大園區","121.230","25.020","565"
"84","384776","20221102075000","45","3","桃園市","大園區","121.235","25.020","72"
"293","384777","20221102075000","506","0","桃園市","大園區","121.240","25.020","333"
"220","384783","20221102075000","255","0","桃園市","大園區","121.230","25.025","264"
"145","384787","20221102075000","87","3","桃園市","大園區","121.220","25.035","91"
"1168","384788","20221102075000","729","3","桃園市","大園區","121.225","25.035","736"
"520","384790","20221102075000","467","1","桃園市","大園區","121.165","25.050","543"
"592","384794","20221102075000","622","0","桃園市","大園區","121.160","25.055","632"
"264","384798","20221102075000","220","2","桃園市","大園區","121.175","25.055","251"
"402","384806","20221102075000","407","0","桃園市","大園區","121.175","25.030","415"
"321","384811","20221102075000","181","3","桃園市","大園區","121.180","25.035","328"
"325","384818","20221102075000","241","2","桃園市","大園區","121.215","25.035","358"
"739","384824","20221102075000","571","2","桃園市","大園區","121.215","25.045","557"
"152","384830","20221102075000","163","0","桃園市","大園區","121.215","25.055","155"
"708","384831","20221102075000","681","1","桃園市","大園區","121.220","25.055","640"
"3469","384843","20221102075000","4540","0","臺北市","松山區","121.550","25.045","3430"
"2322","384844","20221102075000","2807","0","臺北市","信義區","121.565","25.045","2263"
"79","384845","20221102075000","61","2","臺北市","南港區","121.595","25.035","96"
"2504","384846","20221102075000","2986","0","臺北市","大安區","121.535","25.020","2625"
"923","384847","20221102075000","1017","0","臺北市","大安區","121.535","25.030","962"
"1638","384848","20221102075000","1278","2","臺北市","文山區","121.575","25.000","1571"
"168","384849","20221102075000","96","3","臺北市","文山區","121.590","25.000","141"
"358","384853","20221102075000","368","0","臺北市","文山區","121.585","25.005","355"
"386","384856","20221102075000","306","2","臺北市","文山區","121.570","25.010","371"
"164","384857","20221102075000","180","0","臺北市","文山區","121.575","25.010","138"
"131","384858","20221102075000","120","1","臺北市","文山區","121.580","25.010","139"
"65","384862","20221102075000","50","2","臺北市","文山區","121.590","25.010","73"
"1791","384864","20221102075000","1000","3","臺北市","大安區","121.540","25.010","1702"
"3574","384865","20221102075000","3539","1","臺北市","文山區","121.540","25.005","3581"
"1534","384868","20221102075000","1520","1","臺北市","萬華區","121.490","25.035","1409"
"3699","384871","20221102075000","3270","1","臺北市","文山區","121.560","25.000","3607"
"1824","384874","20221102075000","1618","1","臺北市","萬華區","121.495","25.015","1770"
"105","384876","20221102075000","70","3","臺北市","信義區","121.565","25.015","92"
"3725","384878","20221102075000","3859","0","臺北市","大安區","121.550","25.035","3707"
"3481","384879","20221102075000","3391","1","臺北市","中正區","121.530","25.040","3394"
"10780","384880","20221102075000","8812","2","臺北市","大安區","121.550","25.030","10857"
"4086","384881","20221102075000","4664","0","臺北市","信義區","121.555","25.025","4085"
"1196","384882","20221102075000","880","2","臺北市","文山區","121.550","24.995","1284"
"3236","384883","20221102075000","3059","1","臺北市","文山區","121.550","25.000","3403"
"3496","384884","20221102075000","4110","0","臺北市","萬華區","121.500","25.020","3273"
"4660","384885","20221102075000","4408","1","臺北市","大安區","121.530","25.020","4240"
"5882","384886","20221102075000","4747","2","臺北市","大安區","121.540","25.035","5317"
"470","384888","20221102075000","401","1","臺北市","文山區","121.565","25.000","438"
"200","384889","20221102075000","423","0","臺北市","文山區","121.565","25.005","198"
"960","384890","20221102075000","1013","0","臺北市","文山區","121.570","25.005","893"
"53","384893","20221102075000","56","0","臺北市","文山區","121.585","24.995","51"
"462","384895","20221102075000","382","2","臺北市","文山區","121.580","25.000","438"
"12","384896","20221102075000","11","1","臺北市","文山區","121.585","25.000","14"
"637","384897","20221102075000","552","1","新北市","深坑區","121.600","25.000","566"
"3947","384898","20221102075000","4561","0","臺北市","文山區","121.540","24.995","3941"
"276","384899","20221102075000","270","1","臺北市","文山區","121.570","24.995","360"
"1668","384900","20221102075000","1483","1","臺北市","文山區","121.570","25.000","1617"
"5403","384901","20221102075000","5041","1","臺北市","文山區","121.540","25.000","5246"
"1481","384903","20221102075000","1920","0","臺北市","萬華區","121.505","25.020","1515"
"1466","384904","20221102075000","1309","1","臺北市","文山區","121.555","24.995","1392"
"1599","384905","20221102075000","1320","2","臺北市","文山區","121.560","24.995","1559"
"1389","384906","20221102075000","2206","0","臺北市","文山區","121.555","25.000","1605"
"1788","384907","20221102075000","1732","1","臺北市","文山區","121.550","25.005","1722"
"529","384908","20221102075000","408","2","臺北市","大安區","121.550","25.010","552"
"2091","384909","20221102075000","2289","0","臺北市","大安區","121.540","25.015","2155"
"1464","384911","20221102075000","2231","0","臺北市","中正區","121.535","25.010","1467"
"786","384913","20221102075000","1406","0","臺北市","大安區","121.545","25.010","772"
"3939","384914","20221102075000","3440","1","臺北市","大安區","121.535","25.015","3846"
"1232","384916","20221102075000","1334","0","臺北市","大安區","121.545","25.015","1208"
"4517","384917","20221102075000","5220","0","臺北市","大安區","121.550","25.040","4682"
"2710","384918","20221102075000","1305","3","臺北市","文山區","121.535","24.995","2470"
"3103","384919","20221102075000","2929","1","臺北市","松山區","121.545","25.045","3033"
"3337","384920","20221102075000","3421","0","臺北市","萬華區","121.500","25.040","3253"
"838","384922","20221102075000","943","0","臺北市","萬華區","121.490","25.030","777"
"5495","384923","20221102075000","5497","0","臺北市","萬華區","121.505","25.045","5482"
"1595","384924","20221102075000","2247","0","臺北市","南港區","121.585","25.050","1828"
"1232","384925","20221102075000","1729","0","臺北市","南港區","121.590","25.050","1237"
"1277","384926","20221102075000","1766","0","臺北市","南港區","121.590","25.040","1063"
"336","384927","20221102075000","593","0","臺北市","南港區","121.590","25.045","339"
"1213","384929","20221102075000","1401","0","臺北市","南港區","121.595","25.040","1194"
"387","384931","20221102075000","756","0","臺北市","南港區","121.595","25.045","373"
"132","384932","20221102075000","190","0","臺北市","南港區","121.600","25.045","149"
"2006","384933","20221102075000","1744","1","臺北市","南港區","121.595","25.050","2018"
"3587","384935","20221102075000","4229","0","臺北市","萬華區","121.495","25.030","3445"
"2625","384936","20221102075000","1828","2","臺北市","萬華區","121.490","25.025","2422"
"624","384937","20221102075000","501","2","臺北市","文山區","121.555","25.010","568"
"169","384938","20221102075000","188","0","臺北市","信義區","121.565","25.010","145"
"2074","384940","20221102075000","2691","0","臺北市","大安區","121.560","25.015","2060"
"4296","384941","20221102075000","3752","1","臺北市","松山區","121.550","25.050","4358"
"192","384942","20221102075000","390","0","臺北市","大安區","121.540","25.020","169"
"65","384943","20221102075000","2050","0","臺北市","大安區","121.540","25.025","61"
"7551","384944","20221102075000","7615","0","臺北市","松山區","121.555","25.050","7602"
"1984","384945","20221102075000","1620","2","臺北市","萬華區","121.495","25.035","1857"
"637","384946","20221102075000","690","0","臺北市","萬華區","121.495","25.040","673"
"949","384947","20221102075000","902","1","臺北市","文山區","121.565","24.995","941"
"3830","384948","20221102075000","3600","1","臺北市","松山區","121.560","25.050","3685"
"3175","384949","20221102075000","4740","0","臺北市","松山區","121.565","25.050","3117"
"1671","384950","20221102075000","1157","2","臺北市","萬華區","121.490","25.020","1582"
"1085","384951","20221102075000","982","1","臺北市","萬華區","121.500","25.030","1004"
"3820","384952","20221102075000","3926","0","臺北市","萬華區","121.505","25.040","3740"
"5050","384955","20221102075000","5366","0","臺北市","大安區","121.535","25.040","5170"
"3571","384956","20221102075000","2592","2","臺北市","松山區","121.555","25.045","3563"
"2537","384957","20221102075000","2203","1","臺北市","松山區","121.575","25.050","2521"
"5412","384958","20221102075000","5696","0","臺北市","南港區","121.580","25.050","5129"
"265","384960","20221102075000","389","0","臺北市","信義區","121.580","25.030","256"
"2374","384961","20221102075000","3458","0","臺北市","信義區","121.580","25.035","2203"
"1463","384962","20221102075000","4112","0","臺北市","信義區","121.580","25.045","1434"
"2905","384963","20221102075000","3841","0","臺北市","萬華區","121.500","25.035","2491"
"3174","384964","20221102075000","4982","0","臺北市","松山區","121.545","25.050","3174"
"1667","384965","20221102075000","1712","0","臺北市","萬華區","121.495","25.020","1668"
"2058","384966","20221102075000","2375","0","臺北市","萬華區","121.500","25.025","2053"
"409","384968","20221102075000","387","1","臺北市","信義區","121.570","25.015","525"
"116","384969","20221102075000","1532","0","臺北市","信義區","121.570","25.020","116"
"1979","384970","20221102075000","3383","0","臺北市","信義區","121.560","25.040","2088"
"4251","384971","20221102075000","5163","0","臺北市","大安區","121.535","25.035","4228"
"1872","384972","20221102075000","1853","1","臺北市","文山區","121.545","24.995","1846"
"1565","384973","20221102075000","1460","1","臺北市","大安區","121.555","25.015","1530"
"2838","384974","20221102075000","3563","0","臺北市","大安區","121.540","25.030","2861"
"181","384975","20221102075000","176","1","臺北市","文山區","121.545","25.005","165"
"605","384976","20221102075000","731","0","臺北市","文山區","121.535","25.000","725"
"434","384977","20221102075000","880","0","臺北市","文山區","121.535","25.005","433"
"3136","384978","20221102075000","4033","0","臺北市","萬華區","121.505","25.025","3118"
"1329","384983","20221102075000","1113","1","臺北市","南港區","121.610","25.050","1319"
"62","384984","20221102075000","150","0","臺北市","南港區","121.615","25.050","58"
"1258","384986","20221102075000","918","2","臺北市","南港區","121.615","25.040","1245"
"984","384987","20221102075000","2066","0","臺北市","南港區","121.615","25.045","1006"
"15","384991","20221102075000","10","3","臺北市","南港區","121.590","25.015","20"
"26","384992","20221102075000","22","1","臺北市","南港區","121.595","25.015","23"
"47","384996","20221102075000","47","1","臺北市","南港區","121.600","25.020","51"
"220","384997","20221102075000","298","0","臺北市","南港區","121.605","25.020","227"
"64","385006","20221102075000","61","1","臺北市","南港區","121.620","25.025","71"
"925","385010","20221102075000","683","2","臺北市","南港區","121.610","25.030","950"
"25","385015","20221102075000","539","0","臺北市","南港區","121.615","25.035","31"
"4237","385016","20221102075000","4170","1","臺北市","大安區","121.535","25.025","4289"
"3079","385018","20221102075000","3589","0","臺北市","大安區","121.545","25.020","3051"
"3440","385019","20221102075000","3702","0","臺北市","信義區","121.565","25.040","3462"
"3911","385020","20221102075000","3562","1","臺北市","信義區","121.570","25.040","3881"
"1625","385021","20221102075000","3301","0","臺北市","信義區","121.560","25.035","1510"
"2072","385022","20221102075000","2218","0","臺北市","信義區","121.565","25.035","2261"
"316","385023","20221102075000","278","1","臺北市","文山區","121.555","25.005","333"
"1798","385025","20221102075000","1824","0","臺北市","文山區","121.545","25.000","1770"
"4585","385026","20221102075000","4538","1","臺北市","萬華區","121.505","25.035","4505"
"1569","385027","20221102075000","1825","0","臺北市","萬華區","121.495","25.025","1543"
"5901","385028","20221102075000","6531","0","臺北市","大安區","121.545","25.040","5954"
"1911","385029","20221102075000","1833","1","臺北市","信義區","121.560","25.020","1901"
"22","385032","20221102075000","28","0","臺北市","信義區","121.590","25.030","32"
"3502","385033","20221102075000","3546","0","臺北市","信義區","121.585","25.040","3259"
"4062","385034","20221102075000","3992","1","臺北市","大安區","121.530","25.030","3970"
"3360","385035","20221102075000","3328","1","臺北市","大安區","121.545","25.025","3328"
"68","387378","20221102075000","45","3","新北市","貢寮區","121.920","25.075","67"
"328","391023","20221102075000","316","1","桃園市","大園區","121.240","25.115","384"
"207","392790","20221102075000","378","0","新北市","林口區","121.360","25.135","257"
"569","392791","20221102075000","732","0","基隆市","中正區(海)","121.745","25.135","566"
"84","392792","20221102075000","82","1","新北市","瑞芳區","121.805","25.135","82"
"845","393254","20221102075000","997","0","基隆市","中正區(海)","121.750","25.140","820"
"3068","394037","20221102075000","3385","0","基隆市","七堵區","121.700","25.085","2908"
"108","394044","20221102075000","69","3","基隆市","七堵區","121.715","25.105","106"
"27","394049","20221102075000","29","0","基隆市","安樂區","121.710","25.120","45"
"587","394050","20221102075000","634","0","基隆市","中正區","121.760","25.140","658"
"976","394051","20221102075000","1073","0","基隆市","中正區","121.755","25.135","1029"
"1612","394053","20221102075000","1329","2","基隆市","安樂區","121.720","25.125","1570"
"804","394054","20221102075000","723","1","基隆市","中山區","121.730","25.145","758"
"1334","394055","20221102075000","1429","0","新北市","三重區","121.475","25.065","1278"
"1886","394056","20221102075000","1515","2","新北市","三重區","121.490","25.070","1896"
"3585","394057","20221102075000","3391","1","新北市","汐止區","121.635","25.065","3685"
"2944","394058","20221102075000","2534","1","新北市","汐止區","121.660","25.065","3032"
"21","394059","20221102075000","23","0","新北市","汐止區","121.665","25.050","28"
"846","394060","20221102075000","698","2","新北市","汐止區","121.670","25.055","785"
"910","394062","20221102075000","1326","0","新北市","汐止區","121.665","25.055","903"
"1176","394064","20221102075000","3205","0","新北市","汐止區","121.660","25.060","1131"
"848","394066","20221102075000","586","2","基隆市","七堵區","121.695","25.080","818"
"1079","394068","20221102075000","1147","0","基隆市","七堵區","121.720","25.100","1006"
"870","394069","20221102075000","1326","0","基隆市","中正區","121.750","25.135","865"
"55","394070","20221102075000","313","0","基隆市","中正區","121.755","25.140","39"
"768","394072","20221102075000","778","0","基隆市","中正區","121.770","25.145","784"
"721","394074","20221102075000","802","0","基隆市","暖暖區","121.730","25.095","679"
"743","394075","20221102075000","777","0","基隆市","暖暖區","121.735","25.105","750"
"371","394076","20221102075000","510","0","基隆市","暖暖區","121.735","25.110","362"
"560","394077","20221102075000","417","2","基隆市","暖暖區","121.740","25.100","532"
"768","394078","20221102075000","905","0","基隆市","中山區","121.735","25.135","760"
"12","394082","20221102075000","370","0","基隆市","安樂區","121.705","25.140","12"
"48","394085","20221102075000","24","3","基隆市","安樂區","121.700","25.145","38"
"1466","394090","20221102075000","1394","1","基隆市","安樂區","121.715","25.125","1387"
"2335","394091","20221102075000","2464","0","基隆市","仁愛區","121.740","25.125","2280"
"987","394092","20221102075000","791","2","臺北市","大同區","121.510","25.070","954"
"3864","394093","20221102075000","3423","1","新北市","三重區","121.500","25.055","4061"
"4384","394094","20221102075000","4374","1","新北市","三重區","121.500","25.065","4609"
"635","394095","20221102075000","649","0","基隆市","中山區","121.740","25.135","607"
"3050","394096","20221102075000","3625","0","基隆市","信義區","121.755","25.130","3053"
"650","394097","20221102075000","963","0","基隆市","仁愛區","121.735","25.125","640"
"371","394098","20221102075000","371","1","基隆市","安樂區","121.725","25.140","354"
"127","394099","20221102075000","865","0","基隆市","安樂區","121.730","25.130","124"
"2494","394102","20221102075000","2772","0","新北市","五股區","121.450","25.105","2463"
"1145","394106","20221102075000","869","2","新北市","五股區","121.440","25.090","1169"
"873","394108","20221102075000","849","1","新北市","五股區","121.440","25.095","827"
"222","394109","20221102075000","225","0","新北市","五股區","121.430","25.100","228"
"58","394115","20221102075000","418","0","新北市","五股區","121.445","25.075","56"
"1023","394118","20221102075000","1368","0","新北市","五股區","121.460","25.075","1058"
"1244","394121","20221102075000","1030","2","新北市","五股區","121.455","25.080","1243"
"15","394125","20221102075000","140","0","新北市","五股區","121.430","25.085","15"
"1350","394126","20221102075000","1622","0","新北市","五股區","121.435","25.085","1415"
"59","394127","20221102075000","49","2","新北市","五股區","121.420","25.090","47"
"1803","394129","20221102075000","2131","0","新北市","五股區","121.430","25.070","1899"
"1838","394130","20221102075000","2096","0","新北市","五股區","121.435","25.070","1904"
"35","394136","20221102075000","36","0","新北市","林口區","121.405","25.075","24"
"81","394138","20221102075000","62","2","新北市","五股區","121.405","25.080","81"
"648","394139","20221102075000","1012","0","新北市","新莊區","121.450","25.060","717"
"1473","394141","20221102075000","1587","0","新北市","新莊區","121.455","25.060","1706"
"376","394142","20221102075000","476","0","新北市","五股區","121.450","25.070","408"
"1378","394144","20221102075000","1066","2","新北市","五股區","121.455","25.070","1878"
"1308","394146","20221102075000","1363","0","新北市","五股區","121.465","25.070","1331"
"56","394147","20221102075000","472","0","新北市","五股區","121.465","25.075","45"
"181","394149","20221102075000","204","0","新北市","五股區","121.435","25.105","187"
"150","394150","20221102075000","125","2","新北市","五股區","121.420","25.110","150"
"106","394155","20221102075000","110","0","新北市","五股區","121.420","25.115","124"
"32","394166","20221102075000","38","0","新北市","五股區","121.425","25.120","40"
"98","394170","20221102075000","128","0","新北市","五股區","121.420","25.125","111"
"1123","394174","20221102075000","1171","0","基隆市","信義區","121.765","25.125","1135"
"1029","394175","20221102075000","970","1","基隆市","信義區","121.760","25.130","1052"
"589","394176","20221102075000","546","1","基隆市","中正區","121.760","25.135","590"
"290","394178","20221102075000","232","2","基隆市","七堵區","121.700","25.070","274"
"797","394179","20221102075000","762","1","基隆市","七堵區","121.695","25.075","796"
"1359","394181","20221102075000","1521","0","基隆市","七堵區","121.715","25.095","1458"
"751","394182","20221102075000","759","0","基隆市","七堵區","121.720","25.095","711"
"877","394185","20221102075000","829","1","基隆市","中山區","121.720","25.140","855"
"2174","394186","20221102075000","2531","0","基隆市","中山區","121.725","25.145","2048"
"978","394187","20221102075000","820","1","新北市","五股區","121.435","25.090","952"
"899","394188","20221102075000","961","0","新北市","五股區","121.440","25.080","1004"
"690","394189","20221102075000","1165","0","新北市","五股區","121.440","25.085","657"
"143","394193","20221102075000","148","0","新北市","五股區","121.415","25.090","134"
"26","394196","20221102075000","82","0","新北市","五股區","121.410","25.100","23"
"156","394202","20221102075000","191","0","新北市","五股區","121.405","25.110","166"
"26","394207","20221102075000","69","0","新北市","五股區","121.410","25.110","20"
"25","394208","20221102075000","31","0","新北市","八里區","121.400","25.115","26"
"253","394211","20221102075000","299","0","新北市","五股區","121.425","25.095","238"
"155","394216","20221102075000","199","0","新北市","五股區","121.415","25.075","148"
"116","394218","20221102075000","134","0","新北市","五股區","121.425","25.075","133"
"758","394220","20221102075000","980","0","新北市","五股區","121.435","25.075","810"
"59","394223","20221102075000","76","0","新北市","五股區","121.420","25.080","76"
"946","394226","20221102075000","858","1","新北市","五股區","121.435","25.080","904"
"825","394227","20221102075000","1018","0","新北市","五股區","121.445","25.090","866"
"956","394229","20221102075000","824","1","新北市","五股區","121.445","25.095","940"
"50","394230","20221102075000","361","0","新北市","五股區","121.450","25.095","38"
"604","394234","20221102075000","1295","0","新北市","五股區","121.450","25.100","635"
"4436","394235","20221102075000","4373","1","新北市","三重區","121.495","25.070","4633"
"2945","394236","20221102075000","2872","1","新北市","三重區","121.500","25.070","2860"
"4444","394237","20221102075000","4718","0","新北市","三重區","121.490","25.065","4512"
"2524","394238","20221102075000","1854","2","基隆市","中正區","121.785","25.135","2432"
"1827","394242","20221102075000","2258","0","基隆市","安樂區","121.720","25.120","1703"
"1181","394243","20221102075000","1927","0","新北市","三重區","121.505","25.060","1196"
"3573","394244","20221102075000","4008","0","新北市","三重區","121.480","25.060","3740"
"2019","394247","20221102075000","2028","0","新北市","三重區","121.485","25.070","1973"
"1094","394248","20221102075000","609","3","基隆市","中正區","121.790","25.135","1036"
"1091","394252","20221102075000","871","2","基隆市","信義區","121.765","25.130","1083"
"54","394254","20221102075000","367","0","基隆市","信義區","121.770","25.135","59"
"1233","394258","20221102075000","1501","0","基隆市","信義區","121.770","25.130","1224"
"842","394259","20221102075000","823","1","基隆市","信義區","121.775","25.130","837"
"34","394262","20221102075000","68","0","基隆市","信義區","121.790","25.115","38"
"153","394265","20221102075000","121","2","基隆市","信義區","121.790","25.120","150"
"420","394266","20221102075000","365","1","基隆市","信義區","121.785","25.125","394"
"1626","394270","20221102075000","1808","0","基隆市","信義區","121.775","25.135","1643"
"671","394272","20221102075000","614","1","基隆市","安樂區","121.725","25.135","583"
"1628","394273","20221102075000","1663","0","基隆市","安樂區","121.715","25.140","1378"
"2042","394275","20221102075000","2205","0","基隆市","中山區","121.735","25.130","1997"
"296","394276","20221102075000","982","0","基隆市","安樂區","121.725","25.125","270"
"1269","394277","20221102075000","1322","0","基隆市","安樂區","121.725","25.130","1261"
"64","394278","20221102075000","191","0","基隆市","中山區","121.720","25.145","49"
"1781","394280","20221102075000","1852","0","基隆市","仁愛區","121.740","25.130","1832"
"891","394281","20221102075000","741","2","基隆市","安樂區","121.730","25.135","890"
"2980","394282","20221102075000","2897","1","新北市","三重區","121.490","25.075","2923"
"3785","394283","20221102075000","4207","0","新北市","三重區","121.490","25.060","3914"
"2104","394284","20221102075000","3045","0","新北市","三重區","121.495","25.060","2121"
"812","394285","20221102075000","784","1","基隆市","中山區","121.740","25.145","774"
"1378","394288","20221102075000","1455","0","基隆市","安樂區","121.710","25.140","1341"
"1168","394290","20221102075000","1022","1","基隆市","安樂區","121.710","25.150","1194"
"606","394291","20221102075000","446","2","基隆市","中山區","121.715","25.145","557"
"135","394292","20221102075000","477","0","新北市","三重區","121.485","25.065","118"
"657","394293","20221102075000","863","0","臺北市","大同區","121.510","25.075","658"
"3828","394294","20221102075000","4239","0","新北市","三重區","121.500","25.060","4047"
"1924","394295","20221102075000","1481","2","新北市","三重區","121.475","25.055","1855"
"377","394297","20221102075000","364","1","新北市","五股區","121.460","25.070","374"
"1942","394298","20221102075000","961","3","新北市","三重區","121.470","25.060","1659"
"964","394299","20221102075000","1449","0","新北市","三重區","121.470","25.065","1087"
"518","394301","20221102075000","671","0","新北市","三重區","121.505","25.075","680"
"1955","394302","20221102075000","2129","0","新北市","三重區","121.485","25.080","1979"
"223","394303","20221102075000","288","0","基隆市","中山區","121.740","25.140","241"
"1244","394304","20221102075000","1315","0","新北市","三重區","121.470","25.070","1325"
"261","394305","20221102075000","234","1","基隆市","信義區","121.780","25.135","233"
"649","394306","20221102075000","1245","0","基隆市","信義區","121.780","25.130","668"
"784","394307","20221102075000","790","0","基隆市","信義區","121.780","25.140","751"
"395","394308","20221102075000","523","0","基隆市","中正區","121.785","25.140","383"
"173","394312","20221102075000","118","2","基隆市","信義區","121.775","25.125","169"
"830","394313","20221102075000","897","0","基隆市","信義區","121.780","25.125","774"
"97","394317","20221102075000","94","1","新北市","瑞芳區","121.760","25.110","101"
"44","394320","20221102075000","53","0","基隆市","信義區","121.765","25.115","32"
"1056","394324","20221102075000","993","1","基隆市","信義區","121.760","25.125","1089"
"1593","394325","20221102075000","1811","0","新北市","三重區","121.490","25.085","1467"
"657","394326","20221102075000","618","1","新北市","三重區","121.490","25.090","633"
"1994","394329","20221102075000","1823","1","新北市","三重區","121.475","25.070","2181"
"2861","394330","20221102075000","2915","0","新北市","三重區","121.480","25.070","2993"
"2174","394332","20221102075000","1524","2","新北市","泰山區","121.430","25.065","2261"
"1134","394333","20221102075000","1559","0","新北市","泰山區","121.440","25.060","1231"
"523","394335","20221102075000","514","1","基隆市","中山區","121.735","25.140","510"
"65","394336","20221102075000","842","0","基隆市","中山區","121.730","25.140","50"
"124","394337","20221102075000","367","0","基隆市","暖暖區","121.735","25.100","86"
"43","394358","20221102075000","54","0","基隆市","暖暖區","121.755","25.075","29"
"44","394364","20221102075000","31","2","基隆市","暖暖區","121.745","25.085","37"
"506","394398","20221102075000","439","1","基隆市","暖暖區","121.740","25.090","532"
"34","394401","20221102075000","175","0","基隆市","暖暖區","121.735","25.095","16"
"19","394402","20221102075000","506","0","基隆市","暖暖區","121.740","25.095","12"
"3394","394404","20221102075000","3207","1","基隆市","暖暖區","121.755","25.095","3227"
"38","394405","20221102075000","555","0","基隆市","暖暖區","121.750","25.090","37"
"37","394407","20221102075000","272","0","基隆市","暖暖區","121.750","25.095","24"
"1621","394413","20221102075000","1517","1","基隆市","暖暖區","121.740","25.105","1559"
"365","394418","20221102075000","410","0","基隆市","暖暖區","121.730","25.100","396"
"1151","394422","20221102075000","1158","0","基隆市","安樂區","121.705","25.145","1169"
"1503","394423","20221102075000","1193","2","基隆市","安樂區","121.710","25.145","1509"
"2557","394426","20221102075000","2768","0","新北市","三重區","121.490","25.080","2369"
"1657","394427","20221102075000","2116","0","新北市","三重區","121.485","25.075","1650"
"3789","394428","20221102075000","3545","1","新北市","三重區","121.480","25.075","3755"
"17","394429","20221102075000","179","0","基隆市","中山區","121.735","25.145","22"
"4338","394430","20221102075000","5257","0","新北市","三重區","121.495","25.065","4579"
"2516","394435","20221102075000","2738","0","基隆市","仁愛區","121.745","25.125","2512"
"667","394436","20221102075000","787","0","基隆市","仁愛區","121.745","25.120","688"
"2873","394438","20221102075000","2860","1","新北市","三重區","121.485","25.060","2730"
"1363","394441","20221102075000","1380","0","基隆市","暖暖區","121.750","25.100","1314"
"1010","394442","20221102075000","1013","0","基隆市","安樂區","121.730","25.115","948"
"3779","394444","20221102075000","3176","1","基隆市","安樂區","121.725","25.120","3501"
"777","394447","20221102075000","1532","0","新北市","三重區","121.495","25.075","785"
"2070","394450","20221102075000","2385","0","新北市","三重區","121.495","25.085","2131"
"4573","394451","20221102075000","4406","1","新北市","三重區","121.480","25.065","4594"
"14","394457","20221102075000","14","1","基隆市","七堵區","121.720","25.110","14"
"428","394458","20221102075000","473","0","基隆市","暖暖區","121.730","25.110","522"
"489","394461","20221102075000","333","2","基隆市","七堵區","121.700","25.075","543"
"251","394464","20221102075000","257","0","基隆市","七堵區","121.705","25.085","246"
"951","394466","20221102075000","892","1","基隆市","七堵區","121.705","25.090","915"
"753","394467","20221102075000","613","2","基隆市","七堵區","121.700","25.095","562"
"617","394470","20221102075000","635","0","基隆市","七堵區","121.665","25.090","590"
"110","394480","20221102075000","95","1","基隆市","七堵區","121.670","25.100","119"
"336","394492","20221102075000","291","1","基隆市","七堵區","121.670","25.105","323"
"49","394500","20221102075000","47","1","基隆市","七堵區","121.660","25.115","42"
"57","394518","20221102075000","83","0","基隆市","七堵區","121.660","25.130","66"
"71","394538","20221102075000","270","0","基隆市","七堵區","121.695","25.085","69"
"1357","394546","20221102075000","1408","0","基隆市","七堵區","121.685","25.075","1347"
"541","394547","20221102075000","492","1","基隆市","七堵區","121.690","25.075","648"
"1535","394550","20221102075000","1279","2","基隆市","七堵區","121.690","25.085","1471"
"2673","394551","20221102075000","3550","0","基隆市","中正區","121.745","25.130","2565"
"92","394552","20221102075000","324","0","基隆市","仁愛區","121.740","25.120","69"
"1686","394553","20221102075000","1821","0","基隆市","信義區","121.750","25.130","1936"
"11","394554","20221102075000","501","0","基隆市","仁愛區","121.750","25.125","12"
"471","394555","20221102075000","694","0","基隆市","中正區","121.765","25.140","441"
"269","394556","20221102075000","154","3","基隆市","中正區","121.795","25.125","227"
"198","394559","20221102075000","138","2","基隆市","中正區","121.795","25.130","213"
"1317","394564","20221102075000","1264","1","基隆市","中正區","121.790","25.140","1227"
"1185","394565","20221102075000","1040","1","基隆市","中正區","121.795","25.140","1120"
"1934","394567","20221102075000","1693","1","基隆市","中正區","121.760","25.145","1911"
"755","394570","20221102075000","731","1","基隆市","安樂區","121.715","25.120","752"
"957","394576","20221102075000","892","1","基隆市","安樂區","121.715","25.130","975"
"134","394582","20221102075000","156","0","基隆市","仁愛區","121.740","25.110","164"
"170","394583","20221102075000","142","1","基隆市","仁愛區","121.745","25.110","165"
"373","394586","20221102075000","459","0","基隆市","仁愛區","121.745","25.115","375"
"23","394590","20221102075000","159","0","基隆市","七堵區","121.710","25.100","14"
"2696","394592","20221102075000","2547","1","基隆市","七堵區","121.715","25.100","2734"
"1410","394611","20221102075000","1593","0","基隆市","七堵區","121.710","25.090","1402"
"218","394613","20221102075000","281","0","基隆市","七堵區","121.720","25.090","231"
"125","394617","20221102075000","98","2","基隆市","七堵區","121.680","25.100","117"
"327","394625","20221102075000","153","3","基隆市","七堵區","121.695","25.105","162"
"100","394632","20221102075000","82","2","基隆市","七堵區","121.690","25.115","94"
"303","394634","20221102075000","224","2","基隆市","七堵區","121.700","25.115","305"
"65","394645","20221102075000","42","3","基隆市","安樂區","121.700","25.130","47"
"23","394660","20221102075000","74","0","基隆市","七堵區","121.680","25.120","22"
"31","394663","20221102075000","21","2","基隆市","七堵區","121.680","25.125","33"
"348","394685","20221102075000","368","0","新北市","蘆洲區","121.485","25.090","355"
"898","394686","20221102075000","830","1","新北市","汐止區","121.630","25.060","857"
"2405","394687","20221102075000","1582","3","新北市","汐止區","121.620","25.065","2441"
"1947","394688","20221102075000","2066","0","新北市","汐止區","121.625","25.065","1941"
"23","394694","20221102075000","23","1","新北市","八里區","121.415","25.145","25"
"667","394705","20221102075000","819","0","新北市","八里區","121.450","25.140","694"
"81","394716","20221102075000","90","0","新北市","八里區","121.415","25.130","100"
"152","394724","20221102075000","128","1","新北市","八里區","121.410","25.145","129"
"33","394725","20221102075000","221","0","新北市","八里區","121.405","25.150","25"
"459","394726","20221102075000","460","0","新北市","八里區","121.410","25.150","476"
"115","394731","20221102075000","159","0","新北市","八里區","121.405","25.125","120"
"1671","394740","20221102075000","1899","0","新北市","蘆洲區","121.465","25.090","1862"
"2604","394741","20221102075000","2644","0","新北市","蘆洲區","121.460","25.085","2500"
"1160","394742","20221102075000","1869","0","新北市","蘆洲區","121.465","25.085","1105"
"1095","394743","20221102075000","1850","0","新北市","蘆洲區","121.460","25.090","1065"
"510","394744","20221102075000","1529","0","新北市","蘆洲區","121.460","25.095","550"
"200","394745","20221102075000","513","0","新北市","蘆洲區","121.475","25.075","164"
"673","394746","20221102075000","980","0","新北市","蘆洲區","121.475","25.090","632"
"1454","394747","20221102075000","1436","1","新北市","蘆洲區","121.470","25.095","1633"
"27","394748","20221102075000","221","0","新北市","蘆洲區","121.475","25.095","23"
"615","394749","20221102075000","405","3","新北市","蘆洲區","121.470","25.100","512"
"1019","394750","20221102075000","1757","0","新北市","新莊區","121.460","25.060","828"
"2247","394751","20221102075000","2418","0","新北市","新莊區","121.465","25.060","2063"
"1343","394752","20221102075000","1495","0","新北市","五股區","121.465","25.065","1439"
"391","394787","20221102075000","504","0","新北市","瑞芳區","121.770","25.100","356"
"48","394788","20221102075000","51","0","新北市","瑞芳區","121.775","25.100","48"
"85","394798","20221102075000","38","3","新北市","瑞芳區","121.825","25.085","105"
"11","394807","20221102075000","10","1","新北市","瑞芳區","121.805","25.120","15"
"427","394810","20221102075000","380","1","新北市","瑞芳區","121.820","25.120","435"
"1229","394819","20221102075000","1056","1","新北市","五股區","121.430","25.090","1154"
"2323","394821","20221102075000","2038","1","新北市","八里區","121.395","25.145","2347"
"1776","394824","20221102075000","1395","2","新北市","八里區","121.400","25.150","1751"
"13","394825","20221102075000","16","0","新北市","八里區","121.395","25.085","13"
"61","394829","20221102075000","59","1","新北市","八里區","121.400","25.100","57"
"29","394833","20221102075000","115","0","新北市","八里區","121.390","25.110","93"
"297","394843","20221102075000","348","0","新北市","林口區","121.375","25.120","291"
"444","394854","20221102075000","405","1","新北市","八里區","121.385","25.130","432"
"1321","394858","20221102075000","1724","0","新北市","瑞芳區","121.805","25.105","1375"
"18","394863","20221102075000","34","0","新北市","瑞芳區","121.795","25.085","19"
"179","394867","20221102075000","152","1","新北市","瑞芳區","121.795","25.090","234"
"789","394873","20221102075000","616","2","新北市","瑞芳區","121.785","25.095","825"
"193","394878","20221102075000","225","0","新北市","瑞芳區","121.790","25.100","204"
"517","394885","20221102075000","448","1","新北市","瑞芳區","121.790","25.110","522"
"15","394888","20221102075000","19","0","新北市","瑞芳區","121.820","25.075","46"
"53","394894","20221102075000","52","1","新北市","瑞芳區","121.825","25.090","64"
"247","394924","20221102075000","192","2","新北市","瑞芳區","121.760","25.100","239"
"31","394926","20221102075000","31","1","新北市","瑞芳區","121.760","25.105","40"
"84","394932","20221102075000","65","2","新北市","瑞芳區","121.775","25.110","81"
"56","394934","20221102075000","42","2","新北市","瑞芳區","121.770","25.115","56"
"336","394937","20221102075000","419","0","新北市","瑞芳區","121.845","25.110","383"
"74","394943","20221102075000","85","0","新北市","瑞芳區","121.830","25.095","101"
"289","394949","20221102075000","266","1","新北市","瑞芳區","121.840","25.095","302"
"277","394954","20221102075000","285","0","新北市","瑞芳區","121.850","25.105","297"
"240","394965","20221102075000","293","0","新北市","瑞芳區","121.815","25.105","243"
"145","394966","20221102075000","194","0","新北市","五股區","121.455","25.115","109"
"423","394972","20221102075000","418","1","新北市","八里區","121.450","25.125","500"
"962","394973","20221102075000","1264","0","新北市","八里區","121.455","25.125","1069"
"711","394979","20221102075000","944","0","新北市","八里區","121.450","25.130","750"
"678","394985","20221102075000","717","0","新北市","八里區","121.450","25.135","757"
"1312","394986","20221102075000","1614","0","新北市","汐止區","121.640","25.065","1313"
"608","394991","20221102075000","627","0","桃園市","觀音區","121.120","25.060","686"
"683","394992","20221102075000","684","0","桃園市","觀音區","121.125","25.060","728"
"40","394993","20221102075000","246","0","桃園市","觀音區","121.130","25.060","22"
"885","394996","20221102075000","819","1","桃園市","觀音區","121.110","25.065","945"
"879","395000","20221102075000","767","1","桃園市","觀音區","121.130","25.065","863"
"313","395008","20221102075000","370","0","桃園市","觀音區","121.135","25.060","318"
"1395","395014","20221102075000","1777","0","桃園市","蘆竹區","121.285","25.070","1407"
"169","395019","20221102075000","461","0","桃園市","蘆竹區","121.285","25.075","154"
"528","395023","20221102075000","431","2","桃園市","蘆竹區","121.285","25.080","564"
"710","395029","20221102075000","696","1","桃園市","蘆竹區","121.255","25.110","736"
"288","395030","20221102075000","341","0","桃園市","蘆竹區","121.260","25.110","295"
"338","395031","20221102075000","362","0","桃園市","蘆竹區","121.265","25.110","385"
"400","395032","20221102075000","310","2","桃園市","蘆竹區","121.270","25.110","371"
"239","395038","20221102075000","209","1","桃園市","蘆竹區","121.255","25.115","235"
"799","395042","20221102075000","1351","0","桃園市","蘆竹區","121.295","25.060","781"
"932","395043","20221102075000","928","1","桃園市","蘆竹區","121.300","25.060","944"
"67","395046","20221102075000","28","3","桃園市","蘆竹區","121.315","25.060","38"
"27","395052","20221102075000","28","0","桃園市","蘆竹區","121.305","25.065","33"
"192","395057","20221102075000","217","0","新北市","瑞芳區","121.860","25.125","249"
"103","395083","20221102075000","238","0","新北市","雙溪區","121.875","25.090","229"
"49","395098","20221102075000","35","2","新北市","貢寮區","121.915","25.095","52"
"63","395109","20221102075000","118","0","新北市","貢寮區","121.920","25.105","72"
"361","395119","20221102075000","325","1","新北市","貢寮區","121.925","25.055","349"
"289","395121","20221102075000","236","2","新北市","貢寮區","121.925","25.060","353"
"58","395125","20221102075000","48","2","新北市","貢寮區","121.925","25.065","70"
"125","395129","20221102075000","417","0","新北市","新莊區","121.455","25.065","123"
"1143","395130","20221102075000","877","2","新北市","五股區","121.445","25.065","1044"
"483","395131","20221102075000","546","0","新北市","泰山區","121.435","25.060","500"
"237","395132","20221102075000","461","0","新北市","汐止區","121.645","25.060","228"
"2841","395133","20221102075000","2683","1","新北市","汐止區","121.665","25.065","3000"
"213","395134","20221102075000","243","0","桃園市","蘆竹區","121.270","25.060","243"
"493","395135","20221102075000","948","0","桃園市","蘆竹區","121.275","25.060","507"
"894","395137","20221102075000","911","0","桃園市","蘆竹區","121.265","25.065","886"
"856","395141","20221102075000","786","1","桃園市","蘆竹區","121.270","25.070","879"
"2602","395143","20221102075000","3176","0","新北市","蘆洲區","121.470","25.090","2535"
"14","395145","20221102075000","27","0","新北市","瑞芳區","121.835","25.110","24"
"15","395147","20221102075000","16","0","新北市","瑞芳區","121.830","25.115","16"
"191","395149","20221102075000","164","1","新北市","瑞芳區","121.840","25.115","231"
"13","395156","20221102075000","164","0","新北市","瑞芳區","121.830","25.125","20"
"18","395157","20221102075000","14","2","新北市","瑞芳區","121.835","25.125","44"
"175","395163","20221102075000","467","0","新北市","瑞芳區","121.815","25.130","178"
"1286","395173","20221102075000","1295","0","新北市","瑞芳區","121.810","25.105","1235"
"2210","395174","20221102075000","2499","0","新北市","泰山區","121.445","25.060","2327"
"1189","395175","20221102075000","945","2","新北市","五股區","121.450","25.065","1188"
"1334","395176","20221102075000","1499","0","新北市","新莊區","121.460","25.065","1367"
"41","395186","20221102075000","39","1","新北市","萬里區","121.605","25.145","47"
"2598","395203","20221102075000","2229","1","新北市","蘆洲區","121.470","25.085","2641"
"40","395204","20221102075000","224","0","新北市","蘆洲區","121.465","25.095","65"
"39","395205","20221102075000","61","0","新北市","蘆洲區","121.465","25.100","43"
"2449","395206","20221102075000","2558","0","新北市","汐止區","121.630","25.065","2556"
"2196","395207","20221102075000","1724","2","新北市","汐止區","121.630","25.070","2082"
"1497","395208","20221102075000","1660","0","新北市","汐止區","121.645","25.065","1405"
"51","395223","20221102075000","57","0","新北市","瑞芳區","121.820","25.060","81"
"45","395239","20221102075000","49","0","新北市","瑞芳區","121.840","25.105","59"
"164","395245","20221102075000","142","1","新北市","瑞芳區","121.855","25.105","189"
"102","395253","20221102075000","97","1","新北市","瑞芳區","121.915","25.120","89"
"227","395254","20221102075000","279","0","新北市","瑞芳區","121.915","25.125","261"
"304","395256","20221102075000","185","3","新北市","瑞芳區","121.795","25.110","309"
"19","395257","20221102075000","558","0","新北市","瑞芳區","121.800","25.110","15"
"489","395269","20221102075000","557","0","新北市","泰山區","121.385","25.065","559"
"1518","395270","20221102075000","1297","1","桃園市","龜山區","121.390","25.060","1879"
"291","395273","20221102075000","158","3","新北市","泰山區","121.390","25.065","280"
"1328","395280","20221102075000","1409","0","新北市","淡水區","121.465","25.135","1354"
"15","395284","20221102075000","17","0","新北市","雙溪區","121.855","25.050","46"
"237","395287","20221102075000","189","2","新北市","雙溪區","121.850","25.055","228"
"2980","395319","20221102075000","3369","0","新北市","三重區","121.495","25.080","3023"
"1500","395320","20221102075000","2297","0","新北市","三重區","121.475","25.060","1801"
"611","395322","20221102075000","802","0","新北市","五股區","121.455","25.105","628"
"45","395323","20221102075000","65","0","新北市","五股區","121.450","25.110","51"
"71","395324","20221102075000","102","0","新北市","五股區","121.455","25.110","85"
"226","395329","20221102075000","700","0","新北市","五股區","121.445","25.105","238"
"123","395331","20221102075000","218","0","新北市","五股區","121.445","25.110","102"
"18","395344","20221102075000","116","0","新北市","八里區","121.375","25.140","16"
"269","395346","20221102075000","355","0","新北市","八里區","121.385","25.140","253"
"82","395349","20221102075000","61","2","新北市","瑞芳區","121.800","25.100","85"
"593","395350","20221102075000","628","0","新北市","瑞芳區","121.800","25.105","576"
"379","395351","20221102075000","330","1","新北市","瑞芳區","121.820","25.105","364"
"360","395356","20221102075000","589","0","新北市","汐止區","121.670","25.065","345"
"1010","395357","20221102075000","1094","0","新北市","汐止區","121.670","25.070","941"
"1175","395361","20221102075000","1085","1","桃園市","蘆竹區","121.285","25.060","1135"
"1300","395362","20221102075000","719","3","桃園市","蘆竹區","121.290","25.060","1228"
"283","395363","20221102075000","265","1","桃園市","蘆竹區","121.320","25.060","288"
"480","395367","20221102075000","427","1","桃園市","觀音區","121.140","25.065","477"
"822","395388","20221102075000","603","2","桃園市","蘆竹區","121.265","25.085","823"
"145","395395","20221102075000","124","1","桃園市","蘆竹區","121.265","25.095","159"
"375","395397","20221102075000","283","2","桃園市","蘆竹區","121.275","25.095","422"
"1047","395400","20221102075000","860","2","桃園市","蘆竹區","121.260","25.100","1072"
"35","395417","20221102075000","24","2","桃園市","蘆竹區","121.330","25.065","35"
"160","395420","20221102075000","100","3","桃園市","蘆竹區","121.325","25.065","169"
"115","395423","20221102075000","77","2","桃園市","蘆竹區","121.340","25.070","140"
"749","395424","20221102075000","737","1","桃園市","蘆竹區","121.345","25.065","783"
"13","395433","20221102075000","118","0","桃園市","蘆竹區","121.315","25.075","11"
"86","395436","20221102075000","81","1","桃園市","蘆竹區","121.330","25.075","102"
"174","395447","20221102075000","203","0","桃園市","蘆竹區","121.300","25.080","178"
"207","395448","20221102075000","186","1","桃園市","蘆竹區","121.305","25.080","218"
"45","395464","20221102075000","63","0","桃園市","蘆竹區","121.325","25.090","43"
"1108","395471","20221102075000","1039","1","桃園市","蘆竹區","121.280","25.085","1114"
"808","395473","20221102075000","702","1","桃園市","蘆竹區","121.290","25.085","822"
"13","395480","20221102075000","13","1","桃園市","蘆竹區","121.295","25.095","17"
"2513","395483","20221102075000","2663","0","新北市","蘆洲區","121.470","25.080","2467"
"3567","395484","20221102075000","3975","0","新北市","蘆洲區","121.465","25.080","3555"
"4660","395485","20221102075000","5404","0","新北市","三重區","121.485","25.085","4642"
"2306","395486","20221102075000","2364","0","新北市","蘆洲區","121.455","25.090","2254"
"1389","395487","20221102075000","2228","0","新北市","蘆洲區","121.475","25.080","1581"
"1473","395488","20221102075000","1064","2","新北市","汐止區","121.665","25.075","1279"
"1825","395489","20221102075000","1687","1","新北市","汐止區","121.650","25.060","1623"
"3448","395490","20221102075000","2809","2","新北市","汐止區","121.655","25.060","3289"
"39","395491","20221102075000","29","2","新北市","汐止區","121.625","25.070","33"
"409","395492","20221102075000","356","1","新北市","汐止區","121.625","25.075","396"
"1321","395493","20221102075000","1206","1","新北市","汐止區","121.630","25.080","1244"
"370","395495","20221102075000","380","0","新北市","汐止區","121.650","25.080","354"
"1157","395499","20221102075000","1089","1","新北市","汐止區","121.645","25.090","1144"
"168","395501","20221102075000","83","3","新北市","汐止區","121.655","25.090","122"
"119","395508","20221102075000","306","0","新北市","汐止區","121.650","25.055","99"
"2314","395509","20221102075000","2481","0","新北市","汐止區","121.655","25.055","2299"
"776","395512","20221102075000","1072","0","新北市","汐止區","121.655","25.065","801"
"36","395526","20221102075000","35","1","新北市","汐止區","121.715","25.055","34"
"186","395530","20221102075000","126","2","新北市","汐止區","121.700","25.060","180"
"1600","395539","20221102075000","2057","0","新北市","汐止區","121.635","25.055","1503"
"1691","395541","20221102075000","1912","0","新北市","汐止區","121.635","25.060","2035"
"2508","395542","20221102075000","2047","2","新北市","汐止區","121.640","25.060","2427"
"2529","395544","20221102075000","2332","1","新北市","林口區","121.375","25.070","2633"
"1339","395546","20221102075000","966","2","新北市","林口區","121.400","25.075","1315"
"719","395548","20221102075000","640","1","新北市","林口區","121.400","25.080","692"
"150","395549","20221102075000","209","0","新北市","林口區","121.400","25.085","150"
"310","395550","20221102075000","319","0","新北市","林口區","121.405","25.085","289"
"65","395553","20221102075000","31","3","新北市","林口區","121.405","25.095","51"
"105","395555","20221102075000","208","0","新北市","林口區","121.405","25.100","109"
"156","395557","20221102075000","201","0","新北市","林口區","121.400","25.065","146"
"2282","395558","20221102075000","1929","1","新北市","林口區","121.390","25.075","2412"
"880","395559","20221102075000","1016","0","新北市","林口區","121.395","25.075","889"
"115","395560","20221102075000","80","2","新北市","林口區","121.385","25.090","94"
"902","395561","20221102075000","885","1","新北市","林口區","121.390","25.090","878"
"557","395565","20221102075000","548","1","新北市","林口區","121.385","25.100","575"
"153","395570","20221102075000","148","1","新北市","林口區","121.385","25.110","174"
"5008","395571","20221102075000","3214","3","新北市","林口區","121.375","25.075","4890"
"762","395572","20221102075000","1204","0","新北市","林口區","121.380","25.075","792"
"1449","395574","20221102075000","1705","0","新北市","林口區","121.370","25.080","1466"
"1340","395575","20221102075000","1070","2","新北市","林口區","121.375","25.080","1282"
"1366","395576","20221102075000","662","3","新北市","林口區","121.380","25.080","1208"
"789","395579","20221102075000","668","1","新北市","林口區","121.370","25.085","820"
"1858","395580","20221102075000","1749","1","新北市","林口區","121.375","25.085","1912"
"45","395587","20221102075000","43","1","新北市","林口區","121.365","25.110","56"
"18","395603","20221102075000","27","0","新北市","林口區","121.390","25.080","11"
"365","395604","20221102075000","339","1","新北市","林口區","121.385","25.085","346"
"918","395606","20221102075000","1048","0","新北市","汐止區","121.655","25.070","968"
"1411","395607","20221102075000","1583","0","新北市","汐止區","121.660","25.070","1480"
"56","395616","20221102075000","33","3","桃園市","大園區","121.260","25.065","56"
"488","395617","20221102075000","402","2","新北市","汐止區","121.635","25.070","498"
"2198","395618","20221102075000","1633","2","新北市","汐止區","121.640","25.070","2250"
"507","395619","20221102075000","725","0","新北市","汐止區","121.640","25.075","504"
"1759","395622","20221102075000","1523","1","新北市","汐止區","121.640","25.080","1783"
"327","395623","20221102075000","345","0","新北市","汐止區","121.635","25.085","315"
"396","395625","20221102075000","513","0","新北市","汐止區","121.635","25.075","341"
"179","395628","20221102075000","182","0","新北市","汐止區","121.640","25.100","186"
"112","395641","20221102075000","74","3","新北市","汐止區","121.620","25.115","113"
"46","395643","20221102075000","56","0","新北市","汐止區","121.630","25.115","41"
"28","395653","20221102075000","40","0","新北市","汐止區","121.605","25.125","57"
"485","395667","20221102075000","331","2","新北市","汐止區","121.615","25.135","562"
"1491","395672","20221102075000","1248","1","新北市","淡水區","121.460","25.130","1469"
"2560","395673","20221102075000","3530","0","新北市","淡水區","121.460","25.135","2569"
"2541","395675","20221102075000","3172","0","新北市","淡水區","121.460","25.140","2622"
"955","395676","20221102075000","904","1","新北市","淡水區","121.465","25.140","914"
"1136","395691","20221102075000","1034","1","新北市","汐止區","121.675","25.065","1187"
"1319","395692","20221102075000","1726","0","新北市","汐止區","121.665","25.080","1327"
"366","395698","20221102075000","493","0","新北市","汐止區","121.670","25.075","323"
"538","395699","20221102075000","1021","0","新北市","汐止區","121.675","25.075","594"
"321","395701","20221102075000","246","2","新北市","汐止區","121.610","25.105","320"
"117","395703","20221102075000","146","0","新北市","汐止區","121.605","25.110","124"
"1393","395715","20221102075000","1613","0","新北市","泰山區","121.430","25.060","1456"
"50","395716","20221102075000","746","0","新北市","泰山區","121.425","25.060","40"
"593","395717","20221102075000","1497","0","新北市","泰山區","121.425","25.065","461"
"2653","395718","20221102075000","2764","0","新北市","蘆洲區","121.480","25.090","2645"
"482","395719","20221102075000","763","0","新北市","蘆洲區","121.480","25.095","534"
"45","395724","20221102075000","36","2","桃園市","蘆竹區","121.300","25.100","48"
"210","395727","20221102075000","172","2","新北市","林口區","121.290","25.105","234"
"484","395732","20221102075000","345","2","新北市","林口區","121.315","25.105","420"
"84","395735","20221102075000","131","0","新北市","林口區","121.295","25.110","174"
"84","395748","20221102075000","99","0","新北市","林口區","121.295","25.115","99"
"180","395749","20221102075000","228","0","新北市","林口區","121.300","25.115","192"
"244","395752","20221102075000","233","1","新北市","林口區","121.295","25.120","285"
"2596","395755","20221102075000","2572","1","新北市","林口區","121.385","25.080","2631"
"745","395756","20221102075000","738","1","新北市","林口區","121.380","25.085","661"
"643","395757","20221102075000","591","1","新北市","林口區","121.375","25.090","674"
"3103","395768","20221102075000","3032","1","新北市","林口區","121.365","25.065","3077"
"2658","395769","20221102075000","2256","1","新北市","汐止區","121.665","25.070","2534"
"146","395773","20221102075000","108","2","新北市","汐止區","121.675","25.070","135"
"641","395774","20221102075000","740","0","新北市","汐止區","121.680","25.070","612"
"200","395775","20221102075000","303","0","新北市","汐止區","121.685","25.070","254"
"371","395777","20221102075000","632","0","新北市","汐止區","121.675","25.080","355"
"532","395784","20221102075000","390","2","新北市","汐止區","121.645","25.080","547"
"31","395791","20221102075000","112","0","新北市","汐止區","121.640","25.095","38"
"375","395805","20221102075000","504","0","新北市","林口區","121.390","25.070","376"
"797","395806","20221102075000","523","3","新北市","林口區","121.385","25.075","758"
"205","395809","20221102075000","147","2","新北市","林口區","121.345","25.085","208"
"46","395828","20221102075000","36","2","新北市","林口區","121.315","25.100","56"
"16","395833","20221102075000","41","0","新北市","林口區","121.340","25.100","17"
"44","395837","20221102075000","25","3","新北市","林口區","121.330","25.105","58"
"3055","395840","20221102075000","2329","2","桃園市","龜山區","121.375","25.065","2660"
"1674","395843","20221102075000","975","3","新北市","林口區","121.360","25.065","1298"
"240","395844","20221102075000","161","2","新北市","林口區","121.350","25.070","271"
"1583","395846","20221102075000","1233","2","新北市","林口區","121.360","25.070","1720"
"3794","395847","20221102075000","3137","2","新北市","林口區","121.370","25.070","3719"
"112","395848","20221102075000","94","1","新北市","林口區","121.345","25.075","95"
"1286","395850","20221102075000","1062","2","新北市","林口區","121.355","25.075","1090"
"1754","395853","20221102075000","1299","2","新北市","林口區","121.370","25.075","1603"
"1032","395854","20221102075000","914","1","新北市","林口區","121.350","25.080","993"
"370","395858","20221102075000","323","1","新北市","林口區","121.345","25.100","340"
"78","395862","20221102075000","94","0","新北市","林口區","121.340","25.105","113"
"119","395869","20221102075000","81","2","新北市","林口區","121.340","25.110","142"
"238","395881","20221102075000","202","1","新北市","林口區","121.320","25.115","238"
"15","395883","20221102075000","21","0","新北市","林口區","121.330","25.115","20"
"138","395900","20221102075000","103","2","新北市","林口區","121.345","25.125","241"
"5966","395909","20221102075000","6157","0","新北市","蘆洲區","121.480","25.080","5994"
"3933","395911","20221102075000","3814","1","新北市","林口區","121.365","25.070","4149"
"16","395919","20221102075000","13","2","新北市","平溪區","121.770","25.050","28"
"56","395949","20221102075000","45","2","新北市","平溪區","121.790","25.070","65"
"990","395961","20221102075000","1138","0","新北市","汐止區","121.630","25.055","1140"
"887","395962","20221102075000","949","0","新北市","汐止區","121.625","25.060","942"
"1177","395965","20221102075000","1477","0","新北市","蘆洲區","121.470","25.075","1308"
"4439","395966","20221102075000","3700","1","桃園市","龜山區","121.370","25.060","4305"
"1624","395968","20221102075000","1568","1","桃園市","龜山區","121.380","25.060","1662"
"1615","395969","20221102075000","1230","2","桃園市","龜山區","121.375","25.060","1793"
"5743","395972","20221102075000","6359","0","臺北市","中山區","121.530","25.060","5825"
"834","395973","20221102075000","1089","0","桃園市","大園區","121.245","25.105","870"
"11","395977","20221102075000","15","0","桃園市","大園區","121.250","25.110","13"
"738","395980","20221102075000","815","0","桃園市","大園區","121.180","25.065","736"
"839","395981","20221102075000","1059","0","桃園市","大園區","121.190","25.060","902"
"347","395982","20221102075000","339","1","桃園市","大園區","121.195","25.060","273"
"368","395983","20221102075000","419","0","桃園市","大園區","121.185","25.065","394"
"747","395984","20221102075000","869","0","桃園市","大園區","121.190","25.065","770"
"794","395990","20221102075000","852","0","桃園市","大園區","121.250","25.095","837"
"32","395991","20221102075000","40","0","桃園市","大園區","121.255","25.095","25"
"55","395992","20221102075000","78","0","桃園市","大園區","121.235","25.100","71"
"925","395998","20221102075000","1017","0","桃園市","大園區","121.260","25.070","895"
"856","395999","20221102075000","748","1","桃園市","大園區","121.255","25.075","744"
"2185","396009","20221102075000","2346","0","臺北市","中山區","121.530","25.070","2160"
"2800","396012","20221102075000","3538","0","臺北市","中山區","121.530","25.065","2775"
"3793","396013","20221102075000","4696","0","臺北市","中山區","121.540","25.060","3832"
"363","396014","20221102075000","390","0","臺北市","中山區","121.555","25.075","367"
"1453","396015","20221102075000","1893","0","臺北市","中山區","121.550","25.080","1407"
"2369","396016","20221102075000","1725","2","臺北市","中山區","121.555","25.080","2381"
"1795","396018","20221102075000","1710","1","臺北市","中山區","121.525","25.080","1775"
"291","396020","20221102075000","336","0","臺北市","中山區","121.535","25.080","268"
"1642","396021","20221102075000","1881","0","臺北市","中山區","121.540","25.080","1670"
"102","396022","20221102075000","267","0","臺北市","中山區","121.535","25.085","89"
"2455","396025","20221102075000","2478","0","新北市","蘆洲區","121.480","25.085","2373"
"1229","396033","20221102075000","1964","0","新北市","泰山區","121.420","25.065","1237"
"374","396035","20221102075000","272","2","新北市","泰山區","121.440","25.065","363"
"88","396038","20221102075000","132","0","新北市","泰山區","121.410","25.070","85"
"39","396040","20221102075000","248","0","新北市","淡水區","121.460","25.145","77"
"2181","396044","20221102075000","2556","0","臺北市","大同區","121.510","25.065","2230"
"1981","396045","20221102075000","2091","0","臺北市","大同區","121.515","25.075","2002"
"3281","396046","20221102075000","2833","1","臺北市","大同區","121.510","25.060","3215"
"3871","396047","20221102075000","3681","1","臺北市","松山區","121.545","25.060","3815"
"5267","396048","20221102075000","6300","0","臺北市","中山區","121.525","25.060","5237"
"1302","396049","20221102075000","2268","0","新北市","蘆洲區","121.460","25.080","1314"
"3151","396050","20221102075000","2901","1","新北市","蘆洲區","121.475","25.085","3098"
"415","396053","20221102075000","472","0","新北市","貢寮區","121.920","25.050","443"
"31","396057","20221102075000","26","1","新北市","貢寮區","121.900","25.050","30"
"41","396059","20221102075000","41","1","新北市","貢寮區","121.890","25.055","45"
"70","396074","20221102075000","63","1","新北市","貢寮區","121.900","25.065","70"
"578","396088","20221102075000","428","2","新北市","瑞芳區","121.805","25.110","597"
"134","396089","20221102075000","70","3","新北市","瑞芳區","121.810","25.110","120"
"1203","396099","20221102075000","1052","1","桃園市","龜山區","121.385","25.060","951"
"1499","396100","20221102075000","2189","0","臺北市","中山區","121.540","25.055","1455"
"1622","396101","20221102075000","2063","0","臺北市","松山區","121.540","25.070","1657"
"1046","396102","20221102075000","1435","0","臺北市","中山區","121.535","25.070","1007"
"507","396103","20221102075000","280","3","臺北市","內湖區","121.615","25.075","520"
"4220","396104","20221102075000","4140","1","臺北市","內湖區","121.610","25.070","3913"
"3275","396105","20221102075000","3161","1","臺北市","北投區","121.500","25.140","3379"
"1873","396106","20221102075000","2641","0","臺北市","北投區","121.505","25.140","1821"
"563","396112","20221102075000","397","2","臺北市","北投區","121.485","25.115","483"
"102","396118","20221102075000","174","0","臺北市","北投區","121.485","25.120","110"
"2229","396121","20221102075000","2275","0","臺北市","北投區","121.500","25.120","2111"
"3171","396123","20221102075000","2251","2","臺北市","北投區","121.500","25.125","3194"
"3205","396124","20221102075000","2965","1","臺北市","北投區","121.510","25.115","3186"
"2592","396126","20221102075000","3094","0","臺北市","中山區","121.535","25.065","2538"
"2284","396127","20221102075000","2356","0","臺北市","中山區","121.550","25.085","2260"
"910","396128","20221102075000","1006","0","臺北市","中山區","121.555","25.085","973"
"2072","396130","20221102075000","2335","0","新北市","三重區","121.505","25.065","2026"
"1936","396131","20221102075000","2677","0","臺北市","中山區","121.525","25.070","1898"
"2502","396132","20221102075000","2426","1","新北市","三重區","121.505","25.070","2393"
"589","396133","20221102075000","318","3","桃園市","蘆竹區","121.280","25.065","496"
"1956","396134","20221102075000","1603","2","桃園市","蘆竹區","121.285","25.065","2003"
"589","396135","20221102075000","386","3","桃園市","蘆竹區","121.290","25.065","574"
"630","396136","20221102075000","600","1","桃園市","蘆竹區","121.275","25.070","650"
"559","396144","20221102075000","670","0","桃園市","龜山區","121.355","25.060","490"
"2482","396145","20221102075000","3796","0","桃園市","龜山區","121.365","25.060","2949"
"319","396146","20221102075000","214","2","桃園市","蘆竹區","121.340","25.065","184"
"919","396149","20221102075000","909","1","新北市","林口區","121.355","25.065","984"
"318","396150","20221102075000","316","1","桃園市","龜山區","121.355","25.055","339"
"1209","396151","20221102075000","1510","0","新北市","林口區","121.370","25.065","1165"
"4046","396157","20221102075000","4146","0","臺北市","內湖區","121.620","25.070","3974"
"3406","396158","20221102075000","3601","0","臺北市","內湖區","121.595","25.080","3404"
"283","396159","20221102075000","547","0","臺北市","內湖區","121.600","25.080","281"
"33","396164","20221102075000","53","0","臺北市","北投區","121.505","25.150","36"
"639","396165","20221102075000","359","3","臺北市","北投區","121.505","25.125","616"
"1139","396166","20221102075000","722","3","臺北市","北投區","121.510","25.125","1125"
"1292","396168","20221102075000","1230","1","臺北市","北投區","121.505","25.130","1253"
"16","396169","20221102075000","48","0","臺北市","北投區","121.510","25.130","16"
"199","396170","20221102075000","326","0","臺北市","北投區","121.515","25.130","251"
"76","396172","20221102075000","72","1","臺北市","北投區","121.510","25.105","84"
"389","396173","20221102075000","456","0","臺北市","北投區","121.505","25.110","369"
"1195","396175","20221102075000","1339","0","臺北市","南港區","121.595","25.055","1210"
"1053","396176","20221102075000","1408","0","臺北市","南港區","121.600","25.050","1000"
"975","396177","20221102075000","1214","0","臺北市","南港區","121.590","25.055","912"
"3410","396178","20221102075000","3355","1","臺北市","內湖區","121.595","25.060","3536"
"527","396179","20221102075000","690","0","臺北市","內湖區","121.600","25.060","513"
"53","396189","20221102075000","35","3","新北市","雙溪區","121.880","25.060","49"
"11","396205","20221102075000","12","0","新北市","雙溪區","121.845","25.060","11"
"28","396219","20221102075000","19","2","新北市","雙溪區","121.850","25.075","27"
"2654","396233","20221102075000","2379","1","桃園市","龜山區","121.360","25.060","2528"
"1007","396237","20221102075000","889","1","臺北市","士林區","121.545","25.100","947"
"886","396238","20221102075000","808","1","臺北市","士林區","121.550","25.100","923"
"120","396243","20221102075000","114","1","臺北市","士林區","121.560","25.105","117"
"1769","396246","20221102075000","1652","1","臺北市","士林區","121.535","25.105","1704"
"50","396247","20221102075000","152","0","臺北市","士林區","121.545","25.110","50"
"888","396248","20221102075000","948","0","臺北市","士林區","121.535","25.110","920"
"43","396249","20221102075000","81","0","臺北市","士林區","121.550","25.115","60"
"18","396253","20221102075000","15","2","臺北市","士林區","121.570","25.135","18"
"84","396255","20221102075000","121","0","臺北市","士林區","121.560","25.140","135"
"43","396258","20221102075000","75","0","臺北市","士林區","121.555","25.145","43"
"115","396259","20221102075000","149","0","臺北市","士林區","121.560","25.145","120"
"171","396260","20221102075000","178","0","臺北市","士林區","121.565","25.145","173"
"128","396262","20221102075000","166","0","臺北市","士林區","121.555","25.150","127"
"80","396263","20221102075000","76","1","臺北市","士林區","121.560","25.150","70"
"2527","396266","20221102075000","2592","0","臺北市","士林區","121.510","25.085","2444"
"3269","396267","20221102075000","4297","0","臺北市","北投區","121.520","25.110","3247"
"2662","396268","20221102075000","2387","1","臺北市","北投區","121.520","25.115","2739"
"1496","396269","20221102075000","1485","1","臺北市","北投區","121.520","25.105","1330"
"1689","396270","20221102075000","2077","0","臺北市","士林區","121.525","25.100","1601"
"21","396271","20221102075000","29","0","臺北市","士林區","121.545","25.130","20"
"2148","396273","20221102075000","2168","0","臺北市","士林區","121.540","25.135","2074"
"394","396274","20221102075000","329","1","臺北市","士林區","121.545","25.135","355"
"2668","396276","20221102075000","2221","2","臺北市","士林區","121.545","25.140","2417"
"226","396278","20221102075000","178","2","臺北市","士林區","121.550","25.145","235"
"2297","396280","20221102075000","1312","3","臺北市","士林區","121.530","25.100","2306"
"1068","396281","20221102075000","1344","0","臺北市","士林區","121.535","25.100","1071"
"1586","396282","20221102075000","1230","2","臺北市","士林區","121.530","25.085","1490"
"68","396283","20221102075000","41","3","臺北市","士林區","121.530","25.090","66"
"1447","396285","20221102075000","1692","0","臺北市","士林區","121.530","25.095","1454"
"668","396286","20221102075000","684","0","臺北市","士林區","121.535","25.095","685"
"1903","396289","20221102075000","1939","0","臺北市","士林區","121.520","25.080","1763"
"2655","396290","20221102075000","2891","0","臺北市","士林區","121.525","25.085","2563"
"284","396294","20221102075000","381","0","臺北市","士林區","121.565","25.105","320"
"3129","396296","20221102075000","3072","1","臺北市","內湖區","121.575","25.075","3132"
"1173","396297","20221102075000","1126","1","臺北市","內湖區","121.575","25.085","1089"
"1128","396299","20221102075000","1105","1","臺北市","北投區","121.495","25.145","1119"
"4627","396301","20221102075000","4789","0","臺北市","士林區","121.525","25.115","4555"
"1257","396302","20221102075000","1446","0","臺北市","內湖區","121.575","25.055","1322"
"1047","396303","20221102075000","1200","0","臺北市","內湖區","121.575","25.060","1097"
"667","396304","20221102075000","660","1","臺北市","內湖區","121.585","25.055","656"
"1279","396305","20221102075000","1288","0","臺北市","內湖區","121.580","25.065","964"
"1207","396306","20221102075000","984","2","臺北市","內湖區","121.575","25.065","1098"
"1331","396307","20221102075000","1375","0","臺北市","內湖區","121.575","25.070","1359"
"994","396308","20221102075000","1006","0","臺北市","內湖區","121.585","25.065","856"
"907","396309","20221102075000","971","0","臺北市","中山區","121.570","25.075","952"
"1467","396310","20221102075000","1444","1","臺北市","內湖區","121.580","25.070","1473"
"109","396311","20221102075000","102","1","臺北市","內湖區","121.585","25.080","118"
"2688","396312","20221102075000","3469","0","臺北市","內湖區","121.590","25.080","2705"
"794","396313","20221102075000","840","0","臺北市","內湖區","121.585","25.085","788"
"619","396314","20221102075000","635","0","臺北市","內湖區","121.595","25.065","572"
"1025","396315","20221102075000","1257","0","臺北市","內湖區","121.600","25.065","1093"
"1869","396316","20221102075000","2981","0","臺北市","內湖區","121.595","25.070","1932"
"1216","396317","20221102075000","1179","1","臺北市","內湖區","121.600","25.070","1196"
"171","396318","20221102075000","140","2","桃園市","大園區","121.200","25.060","164"
"279","396320","20221102075000","268","1","桃園市","大園區","121.200","25.065","326"
"295","396322","20221102075000","270","1","桃園市","大園區","121.200","25.070","365"
"103","396333","20221102075000","183","0","桃園市","大園區","121.230","25.095","112"
"222","396335","20221102075000","158","2","桃園市","大園區","121.210","25.100","218"
"307","396349","20221102075000","197","3","桃園市","大園區","121.230","25.110","294"
"1490","396355","20221102075000","1789","0","臺北市","北投區","121.505","25.120","1464"
"2894","396356","20221102075000","2763","1","臺北市","北投區","121.510","25.120","2945"
"476","396357","20221102075000","403","1","臺北市","北投區","121.510","25.135","443"
"572","396358","20221102075000","379","3","臺北市","北投區","121.515","25.135","592"
"250","396360","20221102075000","210","1","臺北市","北投區","121.510","25.140","264"
"252","396361","20221102075000","564","0","臺北市","北投區","121.515","25.140","222"
"304","396363","20221102075000","329","0","臺北市","北投區","121.525","25.145","275"
"760","396366","20221102075000","999","0","臺北市","北投區","121.485","25.135","937"
"1717","396368","20221102075000","1384","2","臺北市","北投區","121.485","25.140","1573"
"3124","396370","20221102075000","3301","0","臺北市","士林區","121.525","25.105","3195"
"3876","396371","20221102075000","4197","0","臺北市","士林區","121.530","25.105","3764"
"3364","396372","20221102075000","3562","0","臺北市","北投區","121.515","25.110","3434"
"2390","396373","20221102075000","2579","0","臺北市","士林區","121.520","25.100","2364"
"1209","396376","20221102075000","2200","0","臺北市","士林區","121.530","25.125","1191"
"479","396377","20221102075000","585","0","臺北市","北投區","121.525","25.130","475"
"839","396378","20221102075000","831","1","臺北市","北投區","121.530","25.130","837"
"24","396380","20221102075000","27","0","臺北市","士林區","121.530","25.135","20"
"2863","396382","20221102075000","2997","0","臺北市","北投區","121.515","25.115","2796"
"706","396383","20221102075000","1169","0","臺北市","北投區","121.515","25.120","700"
"2296","396384","20221102075000","2575","0","臺北市","北投區","121.520","25.120","2302"
"3856","396385","20221102075000","3498","1","臺北市","北投區","121.525","25.120","3793"
"962","396395","20221102075000","1062","0","臺北市","松山區","121.545","25.070","936"
"486","396397","20221102075000","486","1","臺北市","中山區","121.540","25.065","556"
"993","396398","20221102075000","835","1","臺北市","中山區","121.535","25.075","984"
"750","396399","20221102075000","475","3","臺北市","松山區","121.550","25.075","747"
"5230","396400","20221102075000","5470","0","臺北市","中山區","121.545","25.080","5093"
"1201","396401","20221102075000","1059","1","臺北市","中山區","121.545","25.085","1181"
"1397","396404","20221102075000","1216","1","臺北市","北投區","121.495","25.140","1391"
"763","396405","20221102075000","1979","0","臺北市","北投區","121.515","25.105","772"
"5163","396406","20221102075000","5955","0","臺北市","中山區","121.525","25.065","5117"
"3866","396407","20221102075000","4088","0","臺北市","士林區","121.535","25.115","3746"
"1952","396408","20221102075000","2726","0","臺北市","士林區","121.525","25.090","2007"
"926","396409","20221102075000","824","1","臺北市","士林區","121.560","25.115","932"
"490","396410","20221102075000","506","0","臺北市","士林區","121.560","25.120","439"
"134","396412","20221102075000","130","1","臺北市","士林區","121.560","25.125","160"
"167","396416","20221102075000","246","0","臺北市","士林區","121.560","25.135","176"
"4177","396417","20221102075000","4791","0","臺北市","士林區","121.520","25.085","4120"
"2950","396418","20221102075000","3526","0","臺北市","內湖區","121.580","25.080","2872"
"1150","396419","20221102075000","1247","0","臺北市","內湖區","121.580","25.085","1186"
"381","396422","20221102075000","389","0","桃園市","大園區","121.240","25.065","384"
"40","396424","20221102075000","48","0","桃園市","大園區","121.250","25.065","48"
"21","396433","20221102075000","192","0","桃園市","大園區","121.255","25.070","21"
"459","396435","20221102075000","421","1","桃園市","大園區","121.185","25.070","539"
"467","396436","20221102075000","517","0","桃園市","大園區","121.190","25.070","517"
"1166","396438","20221102075000","962","2","桃園市","大園區","121.175","25.075","1145"
"519","396439","20221102075000","583","0","桃園市","大園區","121.180","25.075","546"
"791","396440","20221102075000","778","1","桃園市","大園區","121.185","25.075","649"
"131","396443","20221102075000","138","0","桃園市","大園區","121.180","25.080","186"
"281","396447","20221102075000","258","1","桃園市","大園區","121.185","25.085","390"
"427","396462","20221102075000","385","1","桃園市","大園區","121.160","25.075","438"
"374","396471","20221102075000","312","1","桃園市","大園區","121.165","25.060","438"
"319","396472","20221102075000","299","1","桃園市","大園區","121.170","25.060","311"
"945","396473","20221102075000","1009","0","桃園市","大園區","121.175","25.060","966"
"987","396496","20221102075000","1007","0","桃園市","大園區","121.210","25.060","1286"
"202","396505","20221102075000","256","0","桃園市","大園區","121.220","25.070","296"
"3513","396517","20221102075000","1971","3","桃園市","大園區","121.230","25.075","4124"
"642","396518","20221102075000","300","3","桃園市","大園區","121.235","25.075","519"
"1460","396524","20221102075000","950","3","桃園市","大園區","121.235","25.080","1393"
"533","396531","20221102075000","692","0","桃園市","大園區","121.240","25.085","670"
"400","396532","20221102075000","488","0","桃園市","大園區","121.245","25.085","579"
"814","396533","20221102075000","943","0","桃園市","大園區","121.250","25.085","843"
"952","396537","20221102075000","556","3","桃園市","大園區","121.245","25.090","956"
"477","396541","20221102075000","414","1","桃園市","大園區","121.240","25.100","460"
"1741","396542","20221102075000","1327","2","桃園市","大園區","121.195","25.065","1615"
"2006","396543","20221102075000","1780","1","桃園市","大園區","121.195","25.070","2111"
"111","396549","20221102075000","229","0","桃園市","大園區","121.235","25.065","111"
"211","396555","20221102075000","299","0","桃園市","大園區","121.200","25.085","224"
"247","396560","20221102075000","321","0","桃園市","大園區","121.225","25.090","304"
"4039","396561","20221102075000","4418","0","臺北市","士林區","121.520","25.095","4053"
"926","396562","20221102075000","1218","0","臺北市","南港區","121.600","25.055","879"
"3778","396563","20221102075000","4667","0","臺北市","南港區","121.605","25.055","3910"
"59","396564","20221102075000","84","0","臺北市","內湖區","121.615","25.080","51"
"1306","396567","20221102075000","1979","0","臺北市","內湖區","121.615","25.070","1338"
"2721","396568","20221102075000","3128","0","臺北市","內湖區","121.590","25.065","2776"
"152","396569","20221102075000","146","1","臺北市","內湖區","121.585","25.070","146"
"2077","396570","20221102075000","1632","2","臺北市","內湖區","121.590","25.070","2060"
"266","396571","20221102075000","418","0","臺北市","北投區","121.500","25.145","253"
"667","396572","20221102075000","724","0","臺北市","內湖區","121.620","25.075","680"
"163","396574","20221102075000","172","0","新北市","汐止區","121.625","25.080","188"
"83","396576","20221102075000","83","1","臺北市","內湖區","121.625","25.085","81"
"27","396587","20221102075000","41","0","臺北市","內湖區","121.610","25.100","26"
"1066","396590","20221102075000","1189","0","臺北市","內湖區","121.610","25.065","1084"
"622","396592","20221102075000","733","0","臺北市","內湖區","121.605","25.085","582"
"1009","396594","20221102075000","1281","0","臺北市","內湖區","121.600","25.090","967"
"2967","396603","20221102075000","3233","0","臺北市","北投區","121.500","25.130","2872"
"1511","396604","20221102075000","1449","1","新北市","汐止區","121.620","25.055","1443"
"3333","396605","20221102075000","3822","0","臺北市","士林區","121.505","25.085","3254"
"931","396606","20221102075000","1345","0","臺北市","士林區","121.515","25.085","968"
"824","396607","20221102075000","964","0","臺北市","內湖區","121.590","25.085","820"
"2176","396608","20221102075000","2114","1","臺北市","內湖區","121.595","25.085","2151"
"2985","396609","20221102075000","2519","1","臺北市","內湖區","121.575","25.080","3018"
"1554","396611","20221102075000","2208","0","臺北市","北投區","121.470","25.125","1586"
"308","396612","20221102075000","445","0","臺北市","北投區","121.475","25.125","325"
"1323","396615","20221102075000","1517","0","臺北市","北投區","121.465","25.130","1364"
"1101","396616","20221102075000","1014","1","臺北市","北投區","121.470","25.130","1104"
"129","396617","20221102075000","160","0","臺北市","北投區","121.475","25.130","119"
"1828","396619","20221102075000","1565","1","臺北市","北投區","121.470","25.135","1846"
"40","396620","20221102075000","31","2","臺北市","北投區","121.475","25.135","43"
"29","396621","20221102075000","29","1","臺北市","北投區","121.475","25.140","23"
"572","396622","20221102075000","512","1","臺北市","南港區","121.610","25.055","611"
"613","396623","20221102075000","1022","0","臺北市","內湖區","121.605","25.065","670"
"4769","396624","20221102075000","5284","0","臺北市","中山區","121.520","25.060","4765"
"500","396625","20221102075000","565","0","臺北市","中山區","121.530","25.075","472"
"400","396626","20221102075000","550","0","臺北市","內湖區","121.570","25.065","404"
"1348","396628","20221102075000","1421","0","臺北市","松山區","121.550","25.070","1265"
"128","396629","20221102075000","174","0","臺北市","松山區","121.555","25.070","115"
"433","396630","20221102075000","390","1","臺北市","松山區","121.560","25.070","462"
"26","396632","20221102075000","49","0","臺北市","中山區","121.565","25.075","18"
"101","396633","20221102075000","2224","0","臺北市","松山區","121.555","25.055","107"
"2524","396634","20221102075000","4825","0","臺北市","松山區","121.570","25.055","2433"
"2856","396635","20221102075000","2653","1","臺北市","士林區","121.530","25.115","2846"
"25","396636","20221102075000","322","0","臺北市","士林區","121.495","25.095","21"
"1942","396637","20221102075000","1944","0","臺北市","士林區","121.500","25.095","1905"
"242","396639","20221102075000","311","0","臺北市","士林區","121.490","25.100","224"
"97","396643","20221102075000","113","0","臺北市","士林區","121.480","25.110","96"
"312","396644","20221102075000","360","0","臺北市","士林區","121.495","25.110","321"
"3429","396647","20221102075000","4339","0","臺北市","松山區","121.550","25.060","3533"
"3658","396648","20221102075000","4038","0","臺北市","松山區","121.555","25.060","3534"
"837","396649","20221102075000","667","2","臺北市","松山區","121.560","25.065","1016"
"1627","396650","20221102075000","1937","0","臺北市","松山區","121.555","25.065","1507"
"1373","396651","20221102075000","1404","0","臺北市","中山區","121.545","25.075","1444"
"59","396655","20221102075000","157","0","臺北市","內湖區","121.605","25.080","57"
"2509","396656","20221102075000","1842","2","臺北市","內湖區","121.600","25.085","2586"
"4260","396657","20221102075000","3474","2","臺北市","松山區","121.550","25.065","4277"
"2230","396658","20221102075000","2442","0","臺北市","松山區","121.545","25.065","2199"
"3450","396659","20221102075000","4266","0","臺北市","松山區","121.565","25.055","3407"
"4248","396660","20221102075000","4322","0","臺北市","松山區","121.560","25.060","4339"
"349","396661","20221102075000","1329","0","臺北市","內湖區","121.570","25.060","354"
"2284","396662","20221102075000","2619","0","臺北市","松山區","121.565","25.060","2210"
"335","396663","20221102075000","329","1","臺北市","中山區","121.560","25.075","381"
"117","396665","20221102075000","121","0","臺北市","松山區","121.570","25.070","126"
"2815","396666","20221102075000","2825","0","臺北市","中山區","121.560","25.080","2884"
"4342","396667","20221102075000","6289","0","臺北市","松山區","121.550","25.055","4351"
"411","396669","20221102075000","539","0","臺北市","士林區","121.535","25.125","421"
"104","396672","20221102075000","130","0","臺北市","士林區","121.535","25.135","100"
"3888","396674","20221102075000","3096","2","臺北市","士林區","121.530","25.120","3886"
"5272","396675","20221102075000","5074","1","臺北市","士林區","121.530","25.110","5086"
"2644","396676","20221102075000","5082","0","臺北市","松山區","121.545","25.055","2641"
"3877","396677","20221102075000","3288","1","臺北市","松山區","121.560","25.055","3745"
"3231","396678","20221102075000","3375","0","臺北市","內湖區","121.580","25.075","3016"
"1099","396680","20221102075000","1394","0","臺北市","內湖區","121.590","25.060","1113"
"3028","396683","20221102075000","2754","1","臺北市","內湖區","121.590","25.090","2938"
"56","396684","20221102075000","21","3","臺北市","內湖區","121.595","25.090","69"
"61","396688","20221102075000","181","0","臺北市","內湖區","121.590","25.100","54"
"111","396690","20221102075000","152","0","臺北市","內湖區","121.580","25.105","135"
"91","396693","20221102075000","98","0","臺北市","內湖區","121.595","25.105","90"
"2628","396701","20221102075000","3640","0","臺北市","北投區","121.495","25.135","2682"
"295","396703","20221102075000","260","1","臺北市","北投區","121.505","25.100","272"
"317","396707","20221102075000","313","1","臺北市","北投區","121.500","25.110","333"
"78","396710","20221102075000","95","0","臺北市","北投區","121.530","25.140","82"
"90","396716","20221102075000","150","0","臺北市","北投區","121.535","25.150","107"
"389","396719","20221102075000","427","0","臺北市","士林區","121.555","25.115","366"
"256","396722","20221102075000","279","0","臺北市","士林區","121.550","25.125","225"
"2118","396727","20221102075000","2236","0","臺北市","士林區","121.510","25.080","2069"
"169","396731","20221102075000","260","0","臺北市","士林區","121.480","25.105","159"
"527","396732","20221102075000","443","1","臺北市","士林區","121.485","25.105","487"
"225","396735","20221102075000","588","0","臺北市","北投區","121.470","25.110","220"
"104","396737","20221102075000","123","0","臺北市","士林區","121.485","25.110","111"
"173","396739","20221102075000","177","0","臺北市","士林區","121.460","25.110","190"
"4245","396740","20221102075000","3706","1","臺北市","大同區","121.515","25.060","4206"
"3024","396741","20221102075000","3725","0","臺北市","中山區","121.520","25.065","3197"
"1299","396742","20221102075000","1566","0","臺北市","內湖區","121.615","25.065","1325"
"2989","396743","20221102075000","2643","1","臺北市","內湖區","121.605","25.070","2931"
"148","396744","20221102075000","382","0","臺北市","內湖區","121.605","25.075","152"
"2675","396745","20221102075000","2856","0","臺北市","內湖區","121.610","25.075","2674"
"756","396746","20221102075000","597","2","臺北市","內湖區","121.585","25.090","769"
"2156","396754","20221102075000","2050","1","臺北市","南港區","121.610","25.060","2199"
"1607","396755","20221102075000","1434","1","臺北市","南港區","121.620","25.060","1661"
"2337","396756","20221102075000","2644","0","臺北市","南港區","121.615","25.060","2320"
"3574","396758","20221102075000","3346","1","臺北市","南港區","121.615","25.055","3436"
"2031","396759","20221102075000","1642","2","臺北市","北投區","121.505","25.145","2044"
"418","396762","20221102075000","500","0","臺北市","北投區","121.465","25.115","424"
"3958","396765","20221102075000","3406","1","臺北市","北投區","121.465","25.120","3636"
"1195","396766","20221102075000","1106","1","臺北市","北投區","121.470","25.120","1165"
"2784","396767","20221102075000","2880","0","臺北市","士林區","121.525","25.095","2814"
"1864","396768","20221102075000","1588","1","臺北市","士林區","121.505","25.090","1840"
"1688","396769","20221102075000","1163","2","臺北市","士林區","121.510","25.090","1667"
"636","396771","20221102075000","806","0","新北市","三重區","121.500","25.075","684"
"3636","396773","20221102075000","3853","0","臺北市","內湖區","121.585","25.075","3455"
"1598","396774","20221102075000","1565","1","臺北市","內湖區","121.590","25.075","1575"
"885","396775","20221102075000","897","0","臺北市","內湖區","121.595","25.075","874"
"953","396776","20221102075000","976","0","臺北市","內湖區","121.600","25.075","1031"
"4153","396777","20221102075000","5154","0","臺北市","中山區","121.535","25.060","4225"
"3730","396778","20221102075000","3859","0","臺北市","大同區","121.515","25.070","3722"
"1973","396779","20221102075000","2651","0","臺北市","大同區","121.515","25.065","1928"
"2746","396781","20221102075000","3392","0","臺北市","北投區","121.510","25.110","2713"
"1985","396785","20221102075000","1971","1","臺北市","北投區","121.490","25.145","1931"
"2040","396788","20221102075000","2581","0","臺北市","北投區","121.505","25.115","2085"
"674","396789","20221102075000","691","0","臺北市","北投區","121.515","25.100","577"
"1975","396790","20221102075000","2466","0","臺北市","士林區","121.525","25.110","1954"
"1848","396791","20221102075000","1796","1","臺北市","中山區","121.520","25.070","1838"
"2241","396792","20221102075000","2211","1","臺北市","大同區","121.520","25.075","2280"
"15","396793","20221102075000","716","0","臺北市","士林區","121.515","25.080","10"
"779","396794","20221102075000","869","0","臺北市","內湖區","121.605","25.060","759"
"2223","396798","20221102075000","1990","1","臺北市","內湖區","121.585","25.060","2330"
"3094","396799","20221102075000","3488","0","臺北市","北投區","121.505","25.135","3101"
"29","396802","20221102075000","42","0","臺北市","士林區","121.575","25.120","39"
"16","396803","20221102075000","15","1","臺北市","士林區","121.570","25.125","16"
"224","396804","20221102075000","177","2","臺北市","士林區","121.575","25.125","267"
"24","396806","20221102075000","32","0","臺北市","士林區","121.570","25.130","23"
"148","396807","20221102075000","249","0","臺北市","士林區","121.575","25.130","156"
"18","396809","20221102075000","13","2","臺北市","士林區","121.575","25.135","20"
"35","396812","20221102075000","40","0","臺北市","士林區","121.580","25.140","40"
"807","396819","20221102075000","880","0","臺北市","士林區","121.515","25.090","775"
"4110","396820","20221102075000","4091","1","臺北市","士林區","121.520","25.090","4035"
"2397","396821","20221102075000","2634","0","臺北市","士林區","121.515","25.095","2451"
"2792","396822","20221102075000","2385","1","臺北市","北投區","121.500","25.135","2733"
"2219","396823","20221102075000","1797","2","臺北市","士林區","121.525","25.075","2162"
"876","396824","20221102075000","1232","0","臺北市","士林區","121.540","25.110","819"
"511","396826","20221102075000","454","1","臺北市","士林區","121.545","25.115","478"
"224","396828","20221102075000","200","1","臺北市","士林區","121.540","25.125","208"
"728","396831","20221102075000","687","1","臺北市","士林區","121.505","25.095","765"
"1418","396832","20221102075000","513","3","臺北市","士林區","121.540","25.095","1419"
"1031","396833","20221102075000","761","2","臺北市","士林區","121.545","25.105","1044"
"274","396834","20221102075000","365","0","臺北市","士林區","121.540","25.105","293"
"99","396839","20221102075000","95","1","臺北市","士林區","121.560","25.110","121"
"67","396841","20221102075000","53","2","臺北市","士林區","121.570","25.110","65"
"119","396848","20221102075000","100","1","臺北市","士林區","121.580","25.115","119"
"49","396852","20221102075000","73","0","臺北市","士林區","121.580","25.120","65"
"68","396853","20221102075000","99","0","臺北市","士林區","121.585","25.120","84"
"337","396856","20221102075000","207","3","新北市","汐止區","121.600","25.120","296"
"1842","396878","20221102075000","2215","0","臺北市","內湖區","121.580","25.055","1830"
"2852","396879","20221102075000","2839","1","臺北市","內湖區","121.580","25.060","2950"
"650","396880","20221102075000","1056","0","臺北市","內湖區","121.565","25.090","660"
"3816","396884","20221102075000","4129","0","臺北市","內湖區","121.565","25.080","3728"
"1339","396885","20221102075000","1333","1","臺北市","內湖區","121.560","25.085","1330"
"3240","396886","20221102075000","2986","1","臺北市","內湖區","121.565","25.085","3202"
"522","396888","20221102075000","628","0","臺北市","內湖區","121.560","25.090","503"
"2291","396890","20221102075000","2202","1","臺北市","內湖區","121.570","25.080","2198"
"2172","396891","20221102075000","1971","1","臺北市","內湖區","121.570","25.085","2114"
"2612","396892","20221102075000","3291","0","臺北市","松山區","121.570","25.050","2571"
"1207","396893","20221102075000","1362","0","臺北市","松山區","121.565","25.065","1213"
"567","398951","20221102075000","472","2","新北市","八里區","121.390","25.165","620"
"100","398956","20221102075000","148","0","基隆市","安樂區","121.710","25.165","163"
"56","399938","20221102075000","126","0","基隆市","安樂區","121.710","25.175","88"
"65","402902","20221102075000","86","0","新北市","萬里區","121.680","25.200","102"
"292","403910","20221102075000","294","0","新北市","萬里區","121.700","25.210","419"
"129","406949","20221102075000","126","1","新北市","金山區","121.635","25.240","141"
"53","409009","20221102075000","50","1","新北市","金山區","121.635","25.255","70"
"105","409527","20221102075000","126","0","新北市","三芝區","121.475","25.260","113"
"435","413221","20221102075000","512","0","新北市","石門區","121.565","25.290","467"
"31","413222","20221102075000","30","1","新北市","石門區","121.590","25.290","41"
"124","413767","20221102075000","116","1","新北市","石門區","121.580","25.295","141"
"367","414895","20221102075000","353","1","基隆市","中正區","121.770","25.155","383"
"523","414896","20221102075000","510","1","基隆市","中正區","121.765","25.155","544"
"99","414897","20221102075000","105","0","基隆市","中正區","121.765","25.160","104"
"409","414900","20221102075000","532","0","基隆市","中正區","121.780","25.145","400"
"825","414901","20221102075000","857","0","基隆市","中正區","121.775","25.150","869"
"100","414906","20221102075000","92","1","基隆市","安樂區","121.695","25.150","91"
"469","414907","20221102075000","440","1","基隆市","安樂區","121.700","25.150","479"
"905","414909","20221102075000","864","1","基隆市","安樂區","121.695","25.155","910"
"331","414910","20221102075000","266","2","基隆市","安樂區","121.700","25.155","289"
"247","414912","20221102075000","133","3","基隆市","安樂區","121.695","25.160","229"
"22","414913","20221102075000","159","0","基隆市","安樂區","121.700","25.160","18"
"238","414921","20221102075000","235","1","基隆市","中山區","121.750","25.145","235"
"958","414923","20221102075000","1017","0","基隆市","中山區","121.720","25.150","926"
"318","414929","20221102075000","318","1","基隆市","中山區","121.745","25.150","345"
"835","414936","20221102075000","828","1","新北市","三芝區","121.495","25.250","891"
"163","414948","20221102075000","203","0","新北市","三芝區","121.490","25.270","178"
"717","414949","20221102075000","576","2","基隆市","中山區","121.740","25.150","747"
"210","414951","20221102075000","265","0","基隆市","中山區","121.740","25.155","304"
"285","414985","20221102075000","296","0","新北市","三芝區","121.510","25.215","376"
"62","415028","20221102075000","65","0","新北市","三芝區","121.530","25.230","75"
"1722","415040","20221102075000","1771","0","新北市","三芝區","121.505","25.255","1675"
"466","415041","20221102075000","415","1","新北市","三芝區","121.505","25.260","515"
"2178","415044","20221102075000","2068","1","新北市","三芝區","121.500","25.255","2159"
"76","415063","20221102075000","145","0","新北市","三芝區","121.505","25.205","92"
"1810","415070","20221102075000","2071","0","基隆市","中正區","121.770","25.150","1634"
"174","415078","20221102075000","147","1","新北市","三芝區","121.465","25.240","142"
"342","415083","20221102075000","275","2","新北市","三芝區","121.455","25.245","355"
"101","415087","20221102075000","99","1","新北市","三芝區","121.475","25.245","109"
"151","415093","20221102075000","158","0","新北市","三芝區","121.465","25.250","154"
"310","415100","20221102075000","323","0","新北市","三芝區","121.475","25.250","307"
"62","415103","20221102075000","59","1","新北市","三芝區","121.505","25.265","66"
"1307","415124","20221102075000","559","3","新北市","三芝區","121.535","25.245","1338"
"116","415149","20221102075000","116","1","新北市","三芝區","121.520","25.225","110"
"15","415158","20221102075000","13","1","新北市","三芝區","121.525","25.185","25"
"244","415181","20221102075000","203","2","新北市","三芝區","121.500","25.210","272"
"134","415188","20221102075000","249","0","新北市","三芝區","121.510","25.255","143"
"131","415196","20221102075000","126","1","新北市","三芝區","121.495","25.235","141"
"23","415202","20221102075000","17","2","新北市","三芝區","121.490","25.245","23"
"449","415205","20221102075000","527","0","新北市","三芝區","121.495","25.245","425"
"417","415211","20221102075000","400","1","基隆市","中山區","121.735","25.150","420"
"186","415212","20221102075000","149","2","基隆市","中山區","121.730","25.155","180"
"345","415214","20221102075000","345","1","基隆市","中正區","121.785","25.145","371"
"225","415224","20221102075000","275","0","新北市","八里區","121.415","25.155","248"
"1510","415226","20221102075000","1218","2","新北市","八里區","121.415","25.160","1443"
"702","415229","20221102075000","710","0","新北市","八里區","121.420","25.160","692"
"103","415237","20221102075000","106","0","新北市","八里區","121.440","25.155","103"
"306","415239","20221102075000","424","0","新北市","八里區","121.430","25.155","341"
"153","415242","20221102075000","121","2","新北市","八里區","121.430","25.160","152"
"415","415250","20221102075000","376","1","新北市","八里區","121.395","25.160","440"
"237","415252","20221102075000","249","0","新北市","八里區","121.405","25.155","191"
"271","415257","20221102075000","280","0","新北市","萬里區","121.675","25.180","278"
"10","415259","20221102075000","36","0","新北市","萬里區","121.685","25.180","10"
"297","415264","20221102075000","306","0","新北市","萬里區","121.640","25.210","303"
"39","415271","20221102075000","43","0","新北市","萬里區","121.645","25.150","61"
"132","415286","20221102075000","117","1","新北市","萬里區","121.665","25.160","138"
"44","415301","20221102075000","45","0","新北市","萬里區","121.625","25.150","51"
"53","415357","20221102075000","54","0","新北市","萬里區","121.620","25.200","66"
"212","415363","20221102075000","257","0","新北市","萬里區","121.650","25.200","243"
"942","415369","20221102075000","868","1","新北市","萬里區","121.690","25.175","955"
"619","415372","20221102075000","624","0","新北市","萬里區","121.690","25.180","651"
"2345","415375","20221102075000","2058","1","新北市","淡水區","121.440","25.175","2173"
"381","415378","20221102075000","422","0","新北市","淡水區","121.450","25.160","360"
"1313","415379","20221102075000","1267","1","新北市","淡水區","121.455","25.160","1310"
"386","415380","20221102075000","501","0","新北市","淡水區","121.460","25.160","375"
"686","415383","20221102075000","624","1","新北市","淡水區","121.450","25.165","659"
"25","415391","20221102075000","23","1","新北市","淡水區","121.430","25.205","29"
"38","415394","20221102075000","93","0","新北市","淡水區","121.445","25.205","36"
"283","415395","20221102075000","322","0","新北市","淡水區","121.450","25.205","291"
"222","415396","20221102075000","230","0","新北市","淡水區","121.455","25.205","233"
"11","415398","20221102075000","49","0","新北市","淡水區","121.440","25.210","14"
"240","415408","20221102075000","308","0","新北市","淡水區","121.460","25.215","273"
"44","415409","20221102075000","60","0","新北市","淡水區","121.465","25.215","55"
"410","415412","20221102075000","404","1","新北市","淡水區","121.450","25.220","410"
"10","415428","20221102075000","11","0","新北市","石門區","121.580","25.240","12"
"17","415437","20221102075000","61","0","新北市","石門區","121.580","25.245","15"
"71","415462","20221102075000","68","1","新北市","石門區","121.530","25.285","80"
"136","415465","20221102075000","93","2","新北市","石門區","121.535","25.290","74"
"437","415468","20221102075000","375","1","新北市","石門區","121.540","25.290","405"
"116","415521","20221102075000","127","0","新北市","石門區","121.550","25.285","126"
"131","415532","20221102075000","172","0","新北市","石門區","121.515","25.275","180"
"15","415541","20221102075000","16","0","新北市","石門區","121.515","25.285","15"
"177","415546","20221102075000","119","2","新北市","石門區","121.570","25.255","223"
"111","415568","20221102075000","141","0","新北市","石門區","121.550","25.255","106"
"73","415594","20221102075000","79","0","新北市","石門區","121.595","25.270","79"
"34","415595","20221102075000","56","0","新北市","石門區","121.590","25.275","71"
"200","415599","20221102075000","164","2","新北市","石門區","121.590","25.285","223"
"24","415623","20221102075000","24","1","新北市","石門區","121.600","25.280","20"
"115","415625","20221102075000","95","2","新北市","石門區","121.610","25.280","123"
"55","415630","20221102075000","60","0","新北市","萬里區","121.685","25.165","64"
"80","415649","20221102075000","44","3","新北市","萬里區","121.655","25.200","98"
"686","415654","20221102075000","533","2","新北市","萬里區","121.690","25.200","642"
"78","415655","20221102075000","62","2","新北市","萬里區","121.655","25.205","80"
"179","415656","20221102075000","195","0","新北市","萬里區","121.660","25.205","203"
"302","415657","20221102075000","172","3","新北市","萬里區","121.690","25.205","231"
"64","415674","20221102075000","91","0","新北市","淡水區","121.520","25.175","63"
"49","415676","20221102075000","67","0","新北市","淡水區","121.480","25.180","46"
"133","415677","20221102075000","110","2","新北市","淡水區","121.485","25.180","124"
"146","415685","20221102075000","114","2","新北市","淡水區","121.470","25.185","136"
"43","415687","20221102075000","110","0","新北市","淡水區","121.480","25.185","34"
"492","415688","20221102075000","489","1","新北市","淡水區","121.485","25.185","464"
"131","415696","20221102075000","124","1","新北市","淡水區","121.475","25.190","131"
"182","415697","20221102075000","143","2","新北市","淡水區","121.490","25.190","206"
"21","415699","20221102075000","16","2","新北市","淡水區","121.500","25.190","18"
"478","415701","20221102075000","960","0","新北市","淡水區","121.440","25.180","385"
"192","415706","20221102075000","211","0","新北市","淡水區","121.485","25.165","175"
"65","415713","20221102075000","56","1","新北市","淡水區","121.485","25.170","62"
"98","415717","20221102075000","136","0","新北市","淡水區","121.485","25.175","124"
"32","415718","20221102075000","257","0","新北市","淡水區","121.415","25.180","25"
"144","415720","20221102075000","78","3","新北市","淡水區","121.410","25.185","95"
"1461","415722","20221102075000","1321","1","新北市","淡水區","121.420","25.185","1431"
"922","415723","20221102075000","983","0","新北市","淡水區","121.425","25.185","926"
"801","415724","20221102075000","1114","0","新北市","淡水區","121.430","25.185","766"
"648","415730","20221102075000","460","2","新北市","淡水區","121.430","25.190","648"
"25","415731","20221102075000","33","0","新北市","淡水區","121.420","25.195","32"
"782","415732","20221102075000","597","2","新北市","淡水區","121.425","25.195","776"
"594","415734","20221102075000","547","1","新北市","淡水區","121.420","25.175","563"
"101","415735","20221102075000","88","1","新北市","淡水區","121.425","25.175","104"
"43","415737","20221102075000","86","0","新北市","淡水區","121.430","25.180","82"
"38","415738","20221102075000","37","1","新北市","淡水區","121.475","25.210","37"
"28","415743","20221102075000","25","1","新北市","淡水區","121.475","25.215","28"
"41","415744","20221102075000","38","1","新北市","淡水區","121.480","25.215","32"
"131","415745","20221102075000","164","0","新北市","淡水區","121.485","25.215","127"
"29","415753","20221102075000","124","0","新北市","淡水區","121.445","25.225","35"
"191","415754","20221102075000","282","0","新北市","淡水區","121.450","25.225","186"
"144","415755","20221102075000","136","1","新北市","淡水區","121.455","25.225","140"
"19","415761","20221102075000","59","0","新北市","淡水區","121.445","25.230","21"
"163","415762","20221102075000","163","1","新北市","淡水區","121.450","25.230","174"
"92","415775","20221102075000","115","0","新北市","萬里區","121.635","25.165","116"
"69","415799","20221102075000","49","2","新北市","萬里區","121.650","25.175","85"
"179","415830","20221102075000","215","0","新北市","萬里區","121.685","25.190","208"
"153","415832","20221102075000","131","1","新北市","萬里區","121.680","25.195","155"
"221","415838","20221102075000","296","0","新北市","淡水區","121.430","25.175","278"
"1994","415839","20221102075000","2346","0","新北市","淡水區","121.435","25.175","2013"
"1598","415840","20221102075000","1884","0","新北市","淡水區","121.435","25.180","1663"
"517","415841","20221102075000","489","1","新北市","淡水區","121.435","25.170","574"
"11","415849","20221102075000","14","0","新北市","淡水區","121.485","25.230","12"
"157","415852","20221102075000","147","1","新北市","三芝區","121.480","25.235","148"
"3218","415853","20221102075000","3231","0","新北市","淡水區","121.445","25.175","3217"
"3286","415854","20221102075000","4492","0","新北市","淡水區","121.450","25.175","3293"
"1670","415857","20221102075000","2029","0","新北市","淡水區","121.460","25.155","1801"
"1245","415860","20221102075000","1322","0","新北市","淡水區","121.455","25.155","1243"
"170","415861","20221102075000","456","0","新北市","淡水區","121.465","25.160","145"
"14","415863","20221102075000","54","0","新北市","淡水區","121.470","25.155","14"
"116","415870","20221102075000","90","2","新北市","金山區","121.615","25.240","121"
"40","415905","20221102075000","40","1","新北市","金山區","121.590","25.235","46"
"1775","415910","20221102075000","2502","0","新北市","淡水區","121.445","25.180","1799"
"1872","415911","20221102075000","2247","0","新北市","淡水區","121.450","25.180","1755"
"74","415912","20221102075000","246","0","新北市","淡水區","121.455","25.180","53"
"870","415916","20221102075000","1358","0","新北市","淡水區","121.445","25.185","794"
"21","415918","20221102075000","17","2","新北市","淡水區","121.455","25.185","21"
"1555","415921","20221102075000","1839","0","新北市","淡水區","121.455","25.175","1559"
"2565","415922","20221102075000","2646","0","新北市","淡水區","121.440","25.170","2737"
"219","415924","20221102075000","180","2","新北市","淡水區","121.485","25.155","270"
"400","415927","20221102075000","364","1","新北市","淡水區","121.485","25.160","372"
"227","415931","20221102075000","206","1","新北市","淡水區","121.470","25.165","227"
"409","415932","20221102075000","344","1","新北市","淡水區","121.440","25.190","390"
"1654","415933","20221102075000","1866","0","新北市","淡水區","121.445","25.190","1713"
"228","415936","20221102075000","332","0","新北市","淡水區","121.460","25.190","331"
"1008","415942","20221102075000","949","1","新北市","淡水區","121.450","25.200","1084"
"300","415944","20221102075000","291","1","新北市","淡水區","121.460","25.200","305"
"664","415946","20221102075000","630","1","新北市","淡水區","121.420","25.180","667"
"2103","415947","20221102075000","2228","0","新北市","淡水區","121.450","25.170","2062"
"680","415948","20221102075000","785","0","新北市","淡水區","121.455","25.170","704"
"346","415951","20221102075000","345","1","新北市","淡水區","121.455","25.235","343"
"975","415961","20221102075000","852","1","新北市","淡水區","121.435","25.185","958"
"340","415962","20221102075000","413","0","新北市","淡水區","121.440","25.185","344"
"1998","415963","20221102075000","1761","1","新北市","淡水區","121.435","25.190","1960"
"671","415964","20221102075000","706","0","新北市","淡水區","121.430","25.195","680"
"472","415968","20221102075000","365","2","新北市","淡水區","121.430","25.200","445"
"1370","415969","20221102075000","1593","0","新北市","淡水區","121.435","25.200","1423"
"384","415971","20221102075000","297","2","新北市","淡水區","121.425","25.205","392"
"31","415972","20221102075000","26","1","新北市","淡水區","121.435","25.205","32"
"64","415975","20221102075000","447","0","新北市","淡水區","121.445","25.170","70"
"41","415977","20221102075000","37","1","新北市","淡水區","121.485","25.190","35"
"20","415979","20221102075000","88","0","新北市","淡水區","121.470","25.195","24"
"164","415984","20221102075000","156","1","新北市","淡水區","121.470","25.200","154"
"114","415986","20221102075000","94","2","新北市","淡水區","121.480","25.200","94"
"1225","416009","20221102075000","1254","0","新北市","金山區","121.640","25.220","1114"
"43","416022","20221102075000","28","3","新北市","金山區","121.625","25.270","49"
"249","416030","20221102075000","403","0","新北市","金山區","121.640","25.225","265"
"230","416031","20221102075000","263","0","新北市","金山區","121.645","25.225","224"
"190","416033","20221102075000","151","2","新北市","金山區","121.645","25.230","200"
"81","416038","20221102075000","90","0","臺北市","北投區","121.500","25.155","60"
"337","416050","20221102075000","264","2","新北市","金山區","121.630","25.225","326"
"288","416051","20221102075000","295","0","新北市","金山區","121.635","25.225","239"
"182","416060","20221102075000","158","1","新北市","金山區","121.615","25.245","195"
"50","416062","20221102075000","40","2","新北市","金山區","121.605","25.245","84"
"22","416063","20221102075000","23","0","新北市","金山區","121.610","25.245","24"
"17","416067","20221102075000","22","0","新北市","金山區","121.610","25.250","19"
"90","416122","20221102075000","110","0","新北市","金山區","121.595","25.200","130"
"228","416123","20221102075000","158","2","新北市","金山區","121.600","25.200","232"
"98","416146","20221102075000","74","2","新北市","金山區","121.600","25.215","103"
"558","416155","20221102075000","632","0","新北市","金山區","121.630","25.220","597"
"683","416156","20221102075000","647","1","新北市","金山區","121.635","25.220","699"
"48","416160","20221102075000","57","0","臺北市","士林區","121.555","25.155","39"
"18","416182","20221102075000","25","0","臺北市","士林區","121.570","25.190","13"
"39","416192","20221102075000","65","0","臺北市","北投區","121.530","25.155","63"
"2133","416202","20221102075000","2585","0","新北市","淡水區","121.445","25.165","2273"
"215","416204","20221102075000","171","2","臺北市","北投區","121.540","25.155","246"
"209","416205","20221102075000","205","1","臺北市","北投區","121.545","25.150","202"
"10","416209","20221102075000","46","0","臺北市","北投區","121.545","25.155","10"
"20","416212","20221102075000","15","2","臺北市","北投區","121.540","25.160","19"
"39","416213","20221102075000","29","2","臺北市","北投區","121.545","25.160","42"
"350","416221","20221102075000","111","3","臺北市","北投區","121.540","25.165","332"
"125","416225","20221102075000","54","3","臺北市","北投區","121.560","25.165","165"
"32","416236","20221102075000","36","0","臺北市","北投區","121.535","25.175","42"
"86","416246","20221102075000","78","1","臺北市","北投區","121.545","25.180","76"
"72","416251","20221102075000","115","0","臺北市","北投區","121.535","25.185","83"
"40","416275","20221102075000","114","0","臺北市","北投區","121.490","25.155","50"
"13","617429","20221102075000","211","0","金門縣","金城鎮","118.305","24.400","11"
"1230","617430","20221102075000","1005","2","金門縣","金城鎮","118.310","24.400","1343"
"390","617700","20221102075000","352","1","金門縣","金城鎮","118.305","24.405","386"
"319","617704","20221102075000","240","2","金門縣","金城鎮","118.325","24.405","342"
"22","617966","20221102075000","20","1","金門縣","烈嶼鄉","118.225","24.405","16"
"48","617974","20221102075000","60","0","金門縣","金城鎮","118.290","24.405","48"
"94","617990","20221102075000","109","0","金門縣","金湖鎮","118.430","24.410","108"
"98","617991","20221102075000","67","2","金門縣","金湖鎮","118.435","24.410","75"
"191","618255","20221102075000","171","1","金門縣","金城鎮","118.285","24.410","240"
"118","618257","20221102075000","328","0","金門縣","金城鎮","118.295","24.410","115"
"162","618258","20221102075000","169","0","金門縣","金城鎮","118.300","24.410","126"
"45","618259","20221102075000","34","2","金門縣","金城鎮","118.305","24.410","37"
"56","618260","20221102075000","56","1","金門縣","金城鎮","118.310","24.410","53"
"198","618263","20221102075000","174","1","金門縣","金城鎮","118.325","24.410","181"
"737","618264","20221102075000","565","2","金門縣","金城鎮","118.330","24.410","748"
"182","618266","20221102075000","166","1","金門縣","金城鎮","118.335","24.410","191"
"380","618273","20221102075000","315","2","金門縣","金湖鎮","118.435","24.415","388"
"420","618274","20221102075000","523","0","金門縣","金湖鎮","118.440","24.415","493"
"24","618530","20221102075000","301","0","金門縣","烈嶼鄉","118.230","24.415","71"
"311","618532","20221102075000","546","0","金門縣","烈嶼鄉","118.240","24.415","372"
"175","618541","20221102075000","223","0","金門縣","金城鎮","118.290","24.415","225"
"555","618545","20221102075000","640","0","金門縣","金城鎮","118.310","24.415","548"
"673","618547","20221102075000","728","0","金門縣","金城鎮","118.315","24.415","705"
"295","618552","20221102075000","160","3","金門縣","金寧鄉","118.340","24.415","276"
"174","618560","20221102075000","167","1","金門縣","金湖鎮","118.440","24.420","173"
"442","618813","20221102075000","431","1","金門縣","烈嶼鄉","118.220","24.420","539"
"50","618818","20221102075000","29","3","金門縣","烈嶼鄉","118.245","24.420","61"
"24","618832","20221102075000","955","0","金門縣","金城鎮","118.310","24.420","25"
"120","618833","20221102075000","101","1","金門縣","金城鎮","118.315","24.420","112"
"58","618834","20221102075000","74","0","金門縣","金城鎮","118.320","24.420","52"
"39","618835","20221102075000","34","1","金門縣","金城鎮","118.325","24.420","40"
"149","618836","20221102075000","177","0","金門縣","金寧鄉","118.330","24.420","166"
"25","618838","20221102075000","14","3","金門縣","金寧鄉","118.340","24.420","39"
"341","618851","20221102075000","291","1","金門縣","金湖鎮","118.440","24.425","328"
"1515","619113","20221102075000","1305","1","金門縣","烈嶼鄉","118.245","24.425","1673"
"372","619116","20221102075000","214","3","金門縣","烈嶼鄉","118.260","24.425","355"
"75","619117","20221102075000","75","1","金門縣","烈嶼鄉","118.265","24.425","103"
"12","619126","20221102075000","10","2","金門縣","金城鎮","118.315","24.425","10"
"1523","619127","20221102075000","1270","1","金門縣","金城鎮","118.320","24.425","1543"
"141","619133","20221102075000","154","0","金門縣","金寧鄉","118.350","24.425","133"
"300","619146","20221102075000","301","0","金門縣","金湖鎮","118.430","24.425","303"
"116","619151","20221102075000","103","1","金門縣","金湖鎮","118.455","24.430","109"
"38","619406","20221102075000","60","0","金門縣","烈嶼鄉","118.230","24.430","37"
"83","619420","20221102075000","1666","0","金門縣","金城鎮","118.310","24.430","78"
"891","619421","20221102075000","1474","0","金門縣","金城鎮","118.315","24.430","908"
"1205","619422","20221102075000","1291","0","金門縣","金城鎮","118.320","24.430","1222"
"118","619424","20221102075000","155","0","金門縣","金寧鄉","118.330","24.430","111"
"573","619426","20221102075000","522","1","金門縣","金寧鄉","118.340","24.430","594"
"108","619430","20221102075000","56","3","金門縣","金寧鄉","118.360","24.430","96"
"349","619440","20221102075000","859","0","金門縣","金湖鎮","118.410","24.430","341"
"396","619442","20221102075000","479","0","金門縣","金湖鎮","118.420","24.430","396"
"290","619709","20221102075000","361","0","金門縣","烈嶼鄉","118.255","24.435","247"
"26","619710","20221102075000","23","1","金門縣","烈嶼鄉","118.260","24.435","26"
"496","619718","20221102075000","523","0","金門縣","金城鎮","118.310","24.435","473"
"2797","619719","20221102075000","2927","0","金門縣","金城鎮","118.315","24.435","2797"
"23","619721","20221102075000","975","0","金門縣","金城鎮","118.325","24.435","31"
"121","619722","20221102075000","344","0","金門縣","金寧鄉","118.330","24.435","125"
"17","619726","20221102075000","34","0","金門縣","金寧鄉","118.350","24.435","19"
"55","619728","20221102075000","33","3","金門縣","金寧鄉","118.360","24.435","24"
"168","619729","20221102075000","130","2","金門縣","金湖鎮","118.365","24.435","166"
"164","619731","20221102075000","96","3","金門縣","金湖鎮","118.375","24.435","151"
"125","619734","20221102075000","155","0","金門縣","金湖鎮","118.390","24.435","130"
"694","619737","20221102075000","1499","0","金門縣","金湖鎮","118.405","24.435","613"
"47","619739","20221102075000","101","0","金門縣","金湖鎮","118.415","24.435","53"
"106","619747","20221102075000","105","1","金門縣","金湖鎮","118.455","24.435","105"
"562","620010","20221102075000","348","3","金門縣","金城鎮","118.310","24.440","603"
"3642","620011","20221102075000","2210","3","金門縣","金城鎮","118.315","24.440","3876"
"715","620012","20221102075000","497","2","金門縣","金寧鄉","118.320","24.440","764"
"80","620013","20221102075000","79","1","金門縣","金城鎮","118.325","24.440","75"
"31","620015","20221102075000","370","0","金門縣","金寧鄉","118.335","24.440","29"
"10","620020","20221102075000","101","0","金門縣","金寧鄉","118.360","24.440","10"
"137","620024","20221102075000","90","3","金門縣","金湖鎮","118.380","24.440","139"
"708","620025","20221102075000","783","0","金門縣","金湖鎮","118.385","24.440","706"
"120","620027","20221102075000","66","3","金門縣","金湖鎮","118.395","24.440","117"
"49","620029","20221102075000","160","0","金門縣","金湖鎮","118.405","24.440","52"
"1007","620031","20221102075000","3639","0","金門縣","金湖鎮","118.415","24.440","944"
"1389","620032","20221102075000","1661","0","金門縣","金湖鎮","118.420","24.440","1408"
"20","620040","20221102075000","118","0","金門縣","金湖鎮","118.460","24.440","16"
"41","620293","20221102075000","338","0","金門縣","烈嶼鄉","118.240","24.440","33"
"915","620304","20221102075000","782","1","金門縣","金寧鄉","118.310","24.445","933"
"194","620306","20221102075000","209","0","金門縣","金寧鄉","118.320","24.445","189"
"39","620312","20221102075000","451","0","金門縣","金寧鄉","118.350","24.445","45"
"48","620317","20221102075000","399","0","金門縣","金湖鎮","118.375","24.445","53"
"383","620318","20221102075000","260","2","金門縣","金湖鎮","118.380","24.445","362"
"40","620323","20221102075000","22","3","金門縣","金湖鎮","118.405","24.445","38"
"40","620326","20221102075000","38","1","金門縣","金湖鎮","118.420","24.445","78"
"18","620327","20221102075000","299","0","金門縣","金湖鎮","118.425","24.445","21"
"12","620335","20221102075000","12","1","金門縣","金湖鎮","118.465","24.445","14"
"91","620336","20221102075000","138","0","金門縣","金湖鎮","118.470","24.445","113"
"205","620593","20221102075000","136","3","金門縣","烈嶼鄉","118.250","24.445","152"
"84","620594","20221102075000","74","1","金門縣","烈嶼鄉","118.255","24.445","94"
"324","620595","20221102075000","47","3","金門縣","烈嶼鄉","118.260","24.445","422"
"283","620604","20221102075000","337","0","金門縣","金寧鄉","118.305","24.450","247"
"748","620605","20221102075000","396","3","金門縣","金寧鄉","118.310","24.450","750"
"217","620607","20221102075000","453","0","金門縣","金寧鄉","118.320","24.450","250"
"491","620608","20221102075000","347","2","金門縣","金寧鄉","118.325","24.450","525"
"1468","620609","20221102075000","1565","0","金門縣","金寧鄉","118.330","24.450","1498"
"654","620610","20221102075000","580","1","金門縣","金寧鄉","118.335","24.450","645"
"393","620611","20221102075000","481","0","金門縣","金寧鄉","118.340","24.450","394"
"65","620613","20221102075000","55","1","金門縣","金寧鄉","118.350","24.450","105"
"105","620618","20221102075000","71","2","金門縣","金湖鎮","118.375","24.450","93"
"72","620625","20221102075000","52","2","金門縣","金湖鎮","118.410","24.450","44"
"485","620912","20221102075000","271","3","金門縣","金寧鄉","118.335","24.455","488"
"414","620919","20221102075000","301","2","金門縣","金湖鎮","118.370","24.455","406"
"266","620920","20221102075000","321","0","金門縣","金湖鎮","118.375","24.455","394"
"373","620921","20221102075000","392","0","金門縣","金湖鎮","118.380","24.455","438"
"114","620922","20221102075000","59","3","金門縣","金湖鎮","118.385","24.455","109"
"42","620927","20221102075000","39","1","金門縣","金湖鎮","118.410","24.455","42"
"54","620928","20221102075000","47","1","金門縣","金湖鎮","118.415","24.455","51"
"41","620930","20221102075000","30","2","金門縣","金湖鎮","118.425","24.455","46"
"445","621210","20221102075000","582","0","金門縣","金寧鄉","118.305","24.455","449"
"21","621214","20221102075000","720","0","金門縣","金寧鄉","118.325","24.455","24"
"286","621221","20221102075000","242","1","金門縣","金寧鄉","118.360","24.460","290"
"25","621226","20221102075000","13","3","金門縣","金沙鎮","118.385","24.460","15"
"151","621230","20221102075000","152","0","金門縣","金沙鎮","118.405","24.460","146"
"99","621231","20221102075000","471","0","金門縣","金湖鎮","118.410","24.460","97"
"39","621233","20221102075000","22","3","金門縣","金湖鎮","118.420","24.460","33"
"26","621239","20221102075000","32","0","金門縣","金沙鎮","118.450","24.460","33"
"615","621509","20221102075000","749","0","金門縣","金寧鄉","118.315","24.460","606"
"178","621510","20221102075000","206","0","金門縣","金寧鄉","118.320","24.460","198"
"235","621511","20221102075000","156","3","金門縣","金寧鄉","118.325","24.460","246"
"14","621523","20221102075000","127","0","金門縣","金沙鎮","118.385","24.465","14"
"18","621529","20221102075000","18","1","金門縣","金沙鎮","118.415","24.465","12"
"18","621530","20221102075000","17","1","金門縣","金湖鎮","118.420","24.465","23"
"74","621533","20221102075000","94","0","金門縣","金沙鎮","118.435","24.465","98"
"196","621810","20221102075000","213","0","金門縣","金沙鎮","118.390","24.465","279"
"60","621816","20221102075000","778","0","金門縣","金沙鎮","118.420","24.470","56"
"303","621823","20221102075000","258","1","金門縣","金沙鎮","118.455","24.470","305"
"259","622075","20221102075000","11","3","金門縣","金寧鄉","118.295","24.470","250"
"607","622079","20221102075000","493","2","金門縣","金寧鄉","118.315","24.470","614"
"374","622096","20221102075000","435","0","金門縣","金沙鎮","118.400","24.470","396"
"98","622102","20221102075000","61","3","金門縣","金沙鎮","118.430","24.475","103"
"337","622377","20221102075000","181","3","金門縣","金沙鎮","118.390","24.475","366"
"224","622643","20221102075000","383","0","金門縣","金寧鄉","118.305","24.480","226"
"126","622644","20221102075000","66","3","金門縣","金寧鄉","118.310","24.480","117"
"22","622657","20221102075000","227","0","金門縣","金沙鎮","118.390","24.480","26"
"160","622658","20221102075000","116","2","金門縣","金沙鎮","118.395","24.480","166"
"14","622921","20221102075000","16","0","金門縣","金寧鄉","118.300","24.485","12"
"1169","622937","20221102075000","834","2","金門縣","金沙鎮","118.415","24.485","1159"
"141","622938","20221102075000","99","2","金門縣","金沙鎮","118.420","24.485","142"
"42","622941","20221102075000","38","1","金門縣","金沙鎮","118.435","24.485","43"
"168","622942","20221102075000","79","3","金門縣","金沙鎮","118.440","24.485","158"
"583","623206","20221102075000","477","2","金門縣","金沙鎮","118.410","24.490","693"
"705","623207","20221102075000","630","1","金門縣","金沙鎮","118.415","24.490","700"
"16","623208","20221102075000","12","2","金門縣","金沙鎮","118.420","24.490","16"
"91","623210","20221102075000","76","1","金門縣","金沙鎮","118.430","24.490","86"
"610","623474","20221102075000","823","0","金門縣","金沙鎮","118.415","24.495","727"
"17","623478","20221102075000","369","0","金門縣","金沙鎮","118.435","24.495","16"
"87","623734","20221102075000","67","2","金門縣","金沙鎮","118.400","24.500","75"
"46","623738","20221102075000","35","2","金門縣","金沙鎮","118.420","24.500","47"
"238","623993","20221102075000","215","1","金門縣","金沙鎮","118.405","24.505","275"
"16","623999","20221102075000","20","0","金門縣","金沙鎮","118.435","24.505","26"
"219","624000","20221102075000","255","0","金門縣","金沙鎮","118.440","24.505","277"
"234","624511","20221102075000","192","2","金門縣","金沙鎮","118.405","24.515","229"
"158","624771","20221102075000","194","0","金門縣","金沙鎮","118.415","24.515","161"
"229","653049","20221102075000","347","0","連江縣","莒光鄉","119.975","25.960","310"
"11","653081","20221102075000","13","0","連江縣","莒光鄉","119.930","25.970","15"
"157","653082","20221102075000","301","0","連江縣","莒光鄉","119.935","25.970","223"
"169","653097","20221102075000","159","1","連江縣","莒光鄉","119.930","25.975","108"
"34","653099","20221102075000","22","3","連江縣","莒光鄉","119.940","25.975","28"
"501","653173","20221102075000","293","3","連江縣","南竿鄉","119.925","26.140","454"
"58","653187","20221102075000","55","1","連江縣","南竿鄉","119.930","26.145","59"
"98","653198","20221102075000","101","0","連江縣","南竿鄉","119.915","26.145","124"
"48","653200","20221102075000","69","0","連江縣","南竿鄉","119.925","26.145","54"
"271","653203","20221102075000","425","0","連江縣","南竿鄉","119.940","26.145","259"
"33","653217","20221102075000","31","1","連江縣","南竿鄉","119.925","26.150","24"
"352","653219","20221102075000","379","0","連江縣","南竿鄉","119.935","26.150","327"
"54","653221","20221102075000","58","0","連江縣","南竿鄉","119.945","26.150","59"
"146","653231","20221102075000","294","0","連江縣","南竿鄉","119.920","26.155","121"
"526","653235","20221102075000","510","1","連江縣","南竿鄉","119.940","26.155","542"
"909","653238","20221102075000","998","0","連江縣","南竿鄉","119.955","26.155","977"
"233","653248","20221102075000","73","3","連江縣","南竿鄉","119.920","26.160","221"
"1020","653255","20221102075000","951","1","連江縣","南竿鄉","119.955","26.160","981"
"37","653257","20221102075000","25","2","連江縣","南竿鄉","119.965","26.160","36"
"514","653272","20221102075000","408","2","連江縣","南竿鄉","119.950","26.165","546"
"111","653282","20221102075000","125","0","連江縣","南竿鄉","119.925","26.170","108"
"270","653344","20221102075000","195","2","連江縣","北竿鄉","119.970","26.205","201"
"147","653365","20221102075000","201","0","連江縣","北竿鄉","119.975","26.215","204"
"88","653382","20221102075000","35","3","連江縣","北竿鄉","120.000","26.220","14"
"889","653396","20221102075000","957","0","連江縣","北竿鄉","119.995","26.225","910"
"562","653397","20221102075000","376","2","連江縣","北竿鄉","120.000","26.225","423"
"308","653411","20221102075000","81","3","連江縣","北竿鄉","120.000","26.230","124"
"15","653580","20221102075000","30","0","連江縣","東引鄉","120.485","26.360","30"
"62","653590","20221102075000","58","1","連江縣","東引鄉","120.490","26.360","60"
"259","653592","20221102075000","534","0","連江縣","東引鄉","120.500","26.360","271"
"661","653602","20221102075000","660","1","連江縣","東引鄉","120.490","26.365","694"
"97","653603","20221102075000","49","3","連江縣","東引鄉","120.495","26.365","89"
"128","653623","20221102075000","121","1","連江縣","東引鄉","120.480","26.375","88"
