"POPULATION","G_ID","time","avg","idx","City","Town","x","y","prePop"
"330","6258","20220927162000","260","2","屏東縣","恆春鎮","120.745","21.945","420"
"16","6267","20220927162000","147","0","屏東縣","恆春鎮","120.790","21.945","15"
"123","9415","20220927162000","66","3","屏東縣","恆春鎮","120.715","21.970","167"
"128","9416","20220927162000","85","3","屏東縣","恆春鎮","120.845","21.970","94"
"332","15716","20220927162000","207","3","臺東縣","蘭嶼鄉","121.535","22.025","379"
"189","18068","20220927162000","155","2","屏東縣","車城鄉","120.695","22.045","203"
"26","39868","20220927162000","14","3","屏東縣","牡丹鄉","120.895","22.240","15"
"17","40369","20220927162000","90","0","屏東縣","枋山鄉","120.660","22.245","212"
"81","46865","20220927162000","78","1","臺東縣","大武鄉","120.890","22.305","62"
"78","49782","20220927162000","158","0","屏東縣","琉球鄉","120.355","22.330","87"
"48","49783","20220927162000","188","0","屏東縣","琉球鄉","120.375","22.330","40"
"458","52213","20220927162000","324","2","屏東縣","琉球鄉","120.380","22.355","502"
"109","57589","20220927162000","31","3","屏東縣","春日鄉","120.660","22.365","74"
"69","57606","20220927162000","43","3","屏東縣","春日鄉","120.665","22.365","78"
"126","57748","20220927162000","122","1","屏東縣","春日鄉","120.750","22.405","123"
"284","57758","20220927162000","193","2","屏東縣","春日鄉","120.625","22.365","268"
"26","57868","20220927162000","179","0","屏東縣","車城鄉","120.730","22.055","33"
"173","57949","20220927162000","69","3","屏東縣","車城鄉","120.715","22.050","165"
"20","57951","20220927162000","112","0","屏東縣","車城鄉","120.710","22.055","22"
"482","57952","20220927162000","278","3","屏東縣","枋寮鄉","120.595","22.375","535"
"195","57962","20220927162000","367","0","屏東縣","枋寮鄉","120.595","22.385","217"
"465","57963","20220927162000","311","2","屏東縣","枋寮鄉","120.600","22.385","434"
"11","57992","20220927162000","13","0","屏東縣","滿州鄉","120.890","22.090","11"
"45","58022","20220927162000","21","3","屏東縣","滿州鄉","120.895","22.100","49"
"18","58112","20220927162000","15","2","屏東縣","滿州鄉","120.805","22.015","13"
"150","58150","20220927162000","98","3","屏東縣","滿州鄉","120.875","22.115","99"
"13","58179","20220927162000","13","1","屏東縣","滿州鄉","120.880","22.135","11"
"91","58209","20220927162000","75","2","屏東縣","滿州鄉","120.840","21.985","104"
"62","58243","20220927162000","66","0","屏東縣","滿州鄉","120.840","22.015","61"
"228","58245","20220927162000","203","1","屏東縣","滿州鄉","120.835","22.020","222"
"40","58246","20220927162000","12","3","屏東縣","滿州鄉","120.840","22.020","35"
"96","58248","20220927162000","83","1","屏東縣","滿州鄉","120.830","22.025","79"
"307","58265","20220927162000","275","1","屏東縣","滿州鄉","120.830","21.995","313"
"51","58303","20220927162000","22","3","屏東縣","滿州鄉","120.850","22.020","53"
"53","58452","20220927162000","41","2","屏東縣","滿州鄉","120.830","22.075","45"
"37","58493","20220927162000","20","3","屏東縣","滿州鄉","120.830","22.095","37"
"15","58500","20220927162000","28","0","屏東縣","滿州鄉","120.840","22.100","19"
"535","58514","20220927162000","218","3","屏東縣","枋山鄉","120.665","22.240","341"
"187","58522","20220927162000","337","0","屏東縣","枋山鄉","120.650","22.260","174"
"110","58529","20220927162000","245","0","屏東縣","枋山鄉","120.690","22.190","110"
"82","58531","20220927162000","194","0","屏東縣","枋山鄉","120.690","22.195","78"
"27","58544","20220927162000","11","3","屏東縣","佳冬鄉","120.525","22.410","28"
"615","58554","20220927162000","482","2","屏東縣","恆春鎮","120.740","22.030","625"
"20","58568","20220927162000","208","0","屏東縣","恆春鎮","120.735","22.040","26"
"117","58585","20220927162000","43","3","屏東縣","恆春鎮","120.720","22.045","92"
"105","58609","20220927162000","936","0","屏東縣","恆春鎮","120.750","21.955","87"
"138","58614","20220927162000","626","0","屏東縣","恆春鎮","120.755","21.960","124"
"392","58618","20220927162000","318","2","屏東縣","恆春鎮","120.755","21.965","470"
"445","58656","20220927162000","193","3","屏東縣","恆春鎮","120.730","22.010","444"
"11","58662","20220927162000","10","1","屏東縣","恆春鎮","120.725","22.020","14"
"322","58663","20220927162000","289","1","屏東縣","恆春鎮","120.745","22.005","288"
"214","58680","20220927162000","137","3","屏東縣","恆春鎮","120.730","21.995","264"
"69","58690","20220927162000","41","3","屏東縣","恆春鎮","120.740","21.920","44"
"456","58691","20220927162000","192","3","屏東縣","恆春鎮","120.725","21.925","383"
"13","58698","20220927162000","17","0","屏東縣","恆春鎮","120.715","21.935","21"
"52","58707","20220927162000","32","3","屏東縣","恆春鎮","120.715","21.945","44"
"485","58723","20220927162000","202","3","屏東縣","恆春鎮","120.720","21.960","396"
"748","58725","20220927162000","950","0","屏東縣","恆春鎮","120.740","22.010","821"
"13","58785","20220927162000","73","0","屏東縣","恆春鎮","120.720","22.040","24"
"146","58793","20220927162000","74","3","屏東縣","恆春鎮","120.695","22.020","146"
"10","58796","20220927162000","12","0","屏東縣","恆春鎮","120.710","22.020","10"
"124","58818","20220927162000","106","1","屏東縣","恆春鎮","120.850","21.905","126"
"97","58819","20220927162000","39","3","屏東縣","恆春鎮","120.855","21.905","72"
"45","58824","20220927162000","50","0","屏東縣","恆春鎮","120.850","21.910","63"
"235","58829","20220927162000","149","3","屏東縣","恆春鎮","120.850","21.915","198"
"68","58837","20220927162000","41","3","屏東縣","恆春鎮","120.830","21.925","62"
"139","58849","20220927162000","71","3","屏東縣","恆春鎮","120.825","21.935","120"
"47","58893","20220927162000","262","0","屏東縣","車城鄉","120.715","22.070","36"
"288","58924","20220927162000","85","3","屏東縣","獅子鄉","120.730","22.195","231"
"35","58958","20220927162000","163","0","屏東縣","獅子鄉","120.750","22.205","31"
"219","58971","20220927162000","141","3","屏東縣","獅子鄉","120.725","22.210","155"
"14","58992","20220927162000","30","0","屏東縣","獅子鄉","120.760","22.215","31"
"73","58997","20220927162000","49","2","屏東縣","獅子鄉","120.785","22.215","126"
"140","59115","20220927162000","415","0","屏東縣","琉球鄉","120.380","22.350","136"
"54","59117","20220927162000","290","0","屏東縣","琉球鄉","120.365","22.325","63"
"552","59120","20220927162000","265","3","屏東縣","琉球鄉","120.370","22.335","496"
"29","59128","20220927162000","38","0","屏東縣","獅子鄉","120.665","22.265","29"
"262","59149","20220927162000","127","3","屏東縣","獅子鄉","120.660","22.275","218"
"54","59469","20220927162000","49","1","屏東縣","獅子鄉","120.650","22.315","76"
"18","59727","20220927162000","140","0","屏東縣","獅子鄉","120.710","22.195","25"
"114","59772","20220927162000","102","1","屏東縣","獅子鄉","120.685","22.225","124"
"14","59960","20220927162000","30","0","屏東縣","獅子鄉","120.740","22.275","14"
"338","60023","20220927162000","134","3","屏東縣","獅子鄉","120.700","22.165","357"
"21","60048","20220927162000","102","0","屏東縣","獅子鄉","120.795","22.225","20"
"24","60065","20220927162000","139","0","屏東縣","獅子鄉","120.800","22.230","16"
"64","60076","20220927162000","50","2","屏東縣","獅子鄉","120.805","22.235","65"
"11","60088","20220927162000","20","0","屏東縣","獅子鄉","120.810","22.240","10"
"18","60119","20220927162000","16","1","屏東縣","獅子鄉","120.820","22.250","12"
"1242","60172","20220927162000","1339","0","屏東縣","琉球鄉","120.370","22.340","1320"
"33","60174","20220927162000","73","0","屏東縣","琉球鄉","120.375","22.345","42"
"247","60189","20220927162000","111","3","屏東縣","車城鄉","120.700","22.040","188"
"151","60193","20220927162000","168","0","屏東縣","車城鄉","120.700","22.050","174"
"51","60196","20220927162000","77","0","屏東縣","琉球鄉","120.365","22.340","68"
"15","60197","20220927162000","37","0","屏東縣","琉球鄉","120.365","22.345","19"
"168","60198","20220927162000","194","0","屏東縣","琉球鄉","120.370","22.350","169"
"379","60206","20220927162000","235","3","屏東縣","車城鄉","120.715","22.065","392"
"50","60213","20220927162000","174","0","屏東縣","車城鄉","120.720","22.090","46"
"230","60234","20220927162000","63","3","屏東縣","車城鄉","120.715","22.115","195"
"1061","60246","20220927162000","627","3","屏東縣","琉球鄉","120.385","22.350","1151"
"145","60260","20220927162000","110","2","屏東縣","車城鄉","120.740","22.085","134"
"183","60283","20220927162000","201","0","屏東縣","車城鄉","120.750","22.095","191"
"30","60314","20220927162000","156","0","屏東縣","枋寮鄉","120.555","22.390","25"
"62","60322","20220927162000","408","0","屏東縣","車城鄉","120.715","22.075","75"
"410","60328","20220927162000","116","3","屏東縣","車城鄉","120.730","22.075","300"
"510","60350","20220927162000","319","3","屏東縣","枋寮鄉","120.590","22.405","505"
"83","60369","20220927162000","284","0","屏東縣","枋寮鄉","120.620","22.405","89"
"349","60374","20220927162000","203","3","屏東縣","枋寮鄉","120.590","22.370","292"
"200","60377","20220927162000","242","0","屏東縣","枋寮鄉","120.580","22.375","245"
"750","60401","20220927162000","705","1","屏東縣","枋寮鄉","120.575","22.405","749"
"540","60404","20220927162000","543","0","屏東縣","佳冬鄉","120.565","22.410","660"
"1167","60421","20220927162000","1149","1","屏東縣","枋寮鄉","120.600","22.360","1214"
"525","60428","20220927162000","235","3","屏東縣","枋寮鄉","120.600","22.365","515"
"113","60441","20220927162000","232","0","屏東縣","枋山鄉","120.645","22.295","124"
"176","60442","20220927162000","182","0","屏東縣","獅子鄉","120.640","22.310","202"
"282","60446","20220927162000","239","1","屏東縣","枋山鄉","120.630","22.320","258"
"85","60449","20220927162000","84","1","屏東縣","枋山鄉","120.615","22.330","103"
"319","60455","20220927162000","273","1","屏東縣","枋山鄉","120.620","22.335","336"
"334","60456","20220927162000","171","3","屏東縣","枋山鄉","120.625","22.335","280"
"1112","60532","20220927162000","948","1","屏東縣","恆春鎮","120.740","22.000","1200"
"317","60533","20220927162000","299","1","屏東縣","恆春鎮","120.740","22.005","356"
"80","60535","20220927162000","178","0","屏東縣","恆春鎮","120.815","21.935","51"
"106","60537","20220927162000","71","2","屏東縣","恆春鎮","120.805","21.940","141"
"25","60539","20220927162000","146","0","屏東縣","恆春鎮","120.795","21.945","35"
"259","60540","20220927162000","422","0","屏東縣","恆春鎮","120.800","21.945","374"
"275","60541","20220927162000","294","0","屏東縣","恆春鎮","120.805","21.945","304"
"117","60543","20220927162000","152","0","屏東縣","恆春鎮","120.780","21.950","164"
"93","60544","20220927162000","87","1","屏東縣","恆春鎮","120.785","21.950","133"
"121","60568","20220927162000","140","0","屏東縣","恆春鎮","120.810","21.955","116"
"153","60589","20220927162000","127","2","屏東縣","恆春鎮","120.815","21.965","197"
"87","60623","20220927162000","268","0","屏東縣","恆春鎮","120.735","21.950","83"
"85","60646","20220927162000","60","2","屏東縣","恆春鎮","120.720","21.975","78"
"76","60651","20220927162000","79","0","屏東縣","恆春鎮","120.715","21.985","93"
"269","60656","20220927162000","140","3","屏東縣","恆春鎮","120.705","21.995","210"
"149","60671","20220927162000","685","0","屏東縣","恆春鎮","120.740","21.995","139"
"105","60672","20220927162000","282","0","屏東縣","恆春鎮","120.745","21.995","107"
"655","60680","20220927162000","600","1","屏東縣","恆春鎮","120.745","22.000","678"
"64","60694","20220927162000","69","0","屏東縣","恆春鎮","120.765","22.000","57"
"44","60732","20220927162000","57","0","屏東縣","牡丹鄉","120.815","22.075","47"
"227","60771","20220927162000","208","1","屏東縣","滿州鄉","120.890","22.140","209"
"130","60778","20220927162000","78","3","屏東縣","牡丹鄉","120.880","22.155","131"
"45","60784","20220927162000","57","0","屏東縣","牡丹鄉","120.880","22.160","48"
"169","60791","20220927162000","114","2","屏東縣","牡丹鄉","120.890","22.165","135"
"11","60793","20220927162000","12","0","屏東縣","牡丹鄉","120.870","22.170","15"
"41","60821","20220927162000","64","0","屏東縣","牡丹鄉","120.880","22.185","55"
"30","60825","20220927162000","21","2","屏東縣","牡丹鄉","120.880","22.190","37"
"89","60827","20220927162000","47","3","屏東縣","牡丹鄉","120.885","22.190","78"
"11","60836","20220927162000","30","0","屏東縣","牡丹鄉","120.890","22.200","15"
"40","60884","20220927162000","34","1","屏東縣","牡丹鄉","120.850","22.185","40"
"61","60907","20220927162000","102","0","屏東縣","牡丹鄉","120.855","22.200","46"
"25","60936","20220927162000","30","0","屏東縣","牡丹鄉","120.815","22.150","27"
"59","60994","20220927162000","49","2","屏東縣","牡丹鄉","120.835","22.175","61"
"71","61141","20220927162000","53","2","屏東縣","牡丹鄉","120.770","22.125","70"
"240","61160","20220927162000","230","1","屏東縣","牡丹鄉","120.780","22.130","224"
"17","61331","20220927162000","101","0","屏東縣","牡丹鄉","120.840","22.115","11"
"138","61332","20220927162000","160","0","屏東縣","牡丹鄉","120.845","22.115","141"
"12","61377","20220927162000","17","0","屏東縣","牡丹鄉","120.885","22.140","25"
"38","61398","20220927162000","28","2","屏東縣","牡丹鄉","120.875","22.150","21"
"221","61441","20220927162000","134","3","臺東縣","大武鄉","120.880","22.325","271"
"72","61469","20220927162000","266","0","臺東縣","大武鄉","120.905","22.360","50"
"416","61472","20220927162000","252","3","臺東縣","大武鄉","120.905","22.365","340"
"46","61501","20220927162000","259","0","臺東縣","大武鄉","120.910","22.380","56"
"160","61604","20220927162000","173","0","臺東縣","蘭嶼鄉","121.525","22.080","194"
"238","61605","20220927162000","227","1","臺東縣","蘭嶼鄉","121.530","22.080","320"
"159","61620","20220927162000","123","2","臺東縣","蘭嶼鄉","121.590","22.005","111"
"372","61703","20220927162000","363","1","臺東縣","蘭嶼鄉","121.510","22.055","420"
"250","61734","20220927162000","214","1","臺東縣","蘭嶼鄉","121.555","22.025","316"
"91","61738","20220927162000","47","3","臺東縣","蘭嶼鄉","121.535","22.030","73"
"25","61900","20220927162000","47","0","臺東縣","達仁鄉","120.820","22.290","24"
"36","62017","20220927162000","32","1","臺東縣","達仁鄉","120.855","22.320","31"
"13","62278","20220927162000","19","0","臺東縣","大武鄉","120.880","22.375","13"
"61","62355","20220927162000","32","3","臺東縣","達仁鄉","120.855","22.390","60"
"19","62465","20220927162000","22","0","臺東縣","達仁鄉","120.840","22.265","14"
"57","62479","20220927162000","48","1","臺東縣","達仁鄉","120.855","22.275","54"
"162","62493","20220927162000","46","3","臺東縣","達仁鄉","120.875","22.290","83"
"67","63917","20220927162000","58","1","臺東縣","大武鄉","120.930","22.415","120"
"70","65292","20220927162000","307","0","屏東縣","東港鎮","120.480","22.430","70"
"23","72794","20220927162000","56","0","高雄市","小港區","120.360","22.510","25"
"74","72795","20220927162000","77","0","臺東縣","太麻里鄉","120.960","22.510","84"
"186","80997","20220927162000","165","1","屏東縣","新埤鄉","120.560","22.475","181"
"509","81045","20220927162000","544","0","屏東縣","新埤鄉","120.545","22.465","560"
"299","81049","20220927162000","134","3","屏東縣","新埤鄉","120.565","22.465","320"
"28","81063","20220927162000","21","2","屏東縣","新埤鄉","120.610","22.450","25"
"202","81079","20220927162000","181","1","屏東縣","新埤鄉","120.610","22.460","203"
"577","81134","20220927162000","483","1","屏東縣","新埤鄉","120.580","22.505","601"
"213","81174","20220927162000","221","0","屏東縣","新埤鄉","120.615","22.470","222"
"44","81486","20220927162000","45","0","屏東縣","春日鄉","120.630","22.425","42"
"175","81488","20220927162000","125","2","屏東縣","春日鄉","120.640","22.425","171"
"573","81506","20220927162000","419","2","屏東縣","新園鄉","120.435","22.500","591"
"160","81517","20220927162000","131","2","屏東縣","新園鄉","120.440","22.510","174"
"335","81529","20220927162000","361","0","屏東縣","萬巒鄉","120.610","22.590","303"
"912","81547","20220927162000","1350","0","屏東縣","林邊鄉","120.515","22.435","919"
"53","81550","20220927162000","30","3","屏東縣","林邊鄉","120.510","22.430","53"
"512","81552","20220927162000","381","2","屏東縣","林邊鄉","120.520","22.430","580"
"30","81557","20220927162000","27","1","屏東縣","林邊鄉","120.490","22.430","26"
"58","81560","20220927162000","21","3","屏東縣","東港鎮","120.495","22.460","61"
"180","81569","20220927162000","191","0","屏東縣","東港鎮","120.455","22.460","200"
"22","81573","20220927162000","19","1","屏東縣","東港鎮","120.465","22.440","29"
"117","81584","20220927162000","77","3","屏東縣","東港鎮","120.455","22.450","105"
"43","81816","20220927162000","45","0","屏東縣","來義鄉","120.680","22.525","41"
"29","81919","20220927162000","37","0","屏東縣","來義鄉","120.640","22.435","40"
"90","82042","20220927162000","75","2","屏東縣","來義鄉","120.635","22.525","99"
"23","82186","20220927162000","14","3","屏東縣","來義鄉","120.665","22.560","26"
"44","82194","20220927162000","334","0","屏東縣","佳冬鄉","120.550","22.415","49"
"1169","82204","20220927162000","862","2","屏東縣","佳冬鄉","120.545","22.415","1209"
"589","82217","20220927162000","498","1","屏東縣","竹田鄉","120.515","22.575","593"
"14","82225","20220927162000","75","0","屏東縣","東港鎮","120.450","22.455","15"
"551","82239","20220927162000","126","3","屏東縣","東港鎮","120.495","22.455","526"
"62","82241","20220927162000","527","0","屏東縣","東港鎮","120.490","22.455","65"
"1323","82243","20220927162000","1072","2","屏東縣","東港鎮","120.445","22.465","1281"
"230","82245","20220927162000","591","0","屏東縣","東港鎮","120.445","22.460","208"
"908","82256","20220927162000","794","1","屏東縣","東港鎮","120.455","22.470","973"
"150","82257","20220927162000","152","0","屏東縣","東港鎮","120.460","22.470","121"
"1663","82262","20220927162000","847","3","屏東縣","東港鎮","120.460","22.475","1807"
"218","82266","20220927162000","429","0","屏東縣","東港鎮","120.465","22.480","253"
"160","82270","20220927162000","372","0","屏東縣","東港鎮","120.475","22.485","156"
"57","82283","20220927162000","68","0","屏東縣","泰武鄉","120.625","22.590","64"
"145","82284","20220927162000","110","2","屏東縣","泰武鄉","120.635","22.590","127"
"413","82290","20220927162000","246","3","屏東縣","林邊鄉","120.520","22.435","406"
"500","82303","20220927162000","299","3","屏東縣","新園鄉","120.460","22.540","469"
"850","82306","20220927162000","822","1","屏東縣","新園鄉","120.460","22.545","921"
"160","82311","20220927162000","561","0","屏東縣","東港鎮","120.450","22.470","149"
"479","82324","20220927162000","571","0","屏東縣","竹田鄉","120.540","22.585","518"
"59","82325","20220927162000","76","0","屏東縣","竹田鄉","120.545","22.585","66"
"491","82333","20220927162000","450","1","屏東縣","新園鄉","120.455","22.525","499"
"281","82340","20220927162000","247","1","屏東縣","新園鄉","120.465","22.530","243"
"307","82347","20220927162000","195","3","屏東縣","新園鄉","120.440","22.475","293"
"113","82367","20220927162000","56","3","屏東縣","萬丹鄉","120.465","22.595","121"
"542","82441","20220927162000","251","3","屏東縣","泰武鄉","120.650","22.570","466"
"13","82445","20220927162000","108","0","屏東縣","泰武鄉","120.635","22.580","15"
"40","82467","20220927162000","57","0","屏東縣","泰武鄉","120.660","22.570","45"
"105","82513","20220927162000","50","3","屏東縣","泰武鄉","120.665","22.585","76"
"24","82568","20220927162000","23","1","屏東縣","萬丹鄉","120.490","22.575","20"
"611","82569","20220927162000","277","3","屏東縣","新園鄉","120.450","22.475","590"
"650","82576","20220927162000","456","2","屏東縣","新園鄉","120.445","22.515","592"
"141","82591","20220927162000","107","2","屏東縣","新園鄉","120.450","22.525","142"
"47","82614","20220927162000","300","0","屏東縣","佳冬鄉","120.515","22.415","40"
"34","82630","20220927162000","351","0","屏東縣","佳冬鄉","120.560","22.430","30"
"288","82634","20220927162000","453","0","屏東縣","佳冬鄉","120.560","22.435","244"
"92","82638","20220927162000","89","1","屏東縣","佳冬鄉","120.535","22.425","104"
"432","82649","20220927162000","642","0","屏東縣","佳冬鄉","120.555","22.420","381"
"161","82700","20220927162000","156","1","屏東縣","來義鄉","120.635","22.515","158"
"49","82715","20220927162000","53","0","屏東縣","來義鄉","120.660","22.525","82"
"16","82720","20220927162000","99","0","屏東縣","南州鄉","120.500","22.480","16"
"57","82722","20220927162000","60","0","屏東縣","南州鄉","120.490","22.485","53"
"773","82723","20220927162000","297","3","屏東縣","南州鄉","120.495","22.485","759"
"84","82736","20220927162000","194","0","屏東縣","南州鄉","120.530","22.465","69"
"723","82742","20220927162000","609","1","屏東縣","南州鄉","120.520","22.475","683"
"454","82751","20220927162000","190","3","屏東縣","南州鄉","120.540","22.485","428"
"90","82754","20220927162000","57","3","屏東縣","南州鄉","120.535","22.490","73"
"87","82763","20220927162000","31","3","屏東縣","崁頂鄉","120.520","22.495","73"
"231","82767","20220927162000","69","3","屏東縣","內埔鄉","120.560","22.585","211"
"23","82779","20220927162000","136","0","屏東縣","萬丹鄉","120.495","22.550","24"
"429","82796","20220927162000","441","0","屏東縣","新園鄉","120.460","22.505","471"
"116","82807","20220927162000","277","0","屏東縣","崁頂鄉","120.505","22.540","117"
"45","82821","20220927162000","290","0","屏東縣","崁頂鄉","120.490","22.510","51"
"43","82835","20220927162000","178","0","屏東縣","崁頂鄉","120.520","22.530","34"
"625","82839","20220927162000","674","0","屏東縣","南州鄉","120.510","22.495","680"
"87","82881","20220927162000","297","0","屏東縣","佳冬鄉","120.560","22.445","105"
"179","82883","20220927162000","64","3","屏東縣","佳冬鄉","120.560","22.450","201"
"264","82893","20220927162000","265","0","屏東縣","萬丹鄉","120.495","22.545","273"
"63","82901","20220927162000","48","2","屏東縣","崁頂鄉","120.510","22.510","56"
"299","82906","20220927162000","529","0","屏東縣","崁頂鄉","120.515","22.515","326"
"109","82941","20220927162000","36","3","屏東縣","崁頂鄉","120.490","22.500","114"
"29","82951","20220927162000","36","0","屏東縣","內埔鄉","120.570","22.590","29"
"850","82954","20220927162000","419","3","屏東縣","新園鄉","120.460","22.495","801"
"108","82963","20220927162000","102","1","屏東縣","新園鄉","120.475","22.550","111"
"287","82970","20220927162000","338","0","屏東縣","新園鄉","120.455","22.545","306"
"138","82987","20220927162000","357","0","屏東縣","新園鄉","120.460","22.490","161"
"116","82992","20220927162000","487","0","屏東縣","新園鄉","120.445","22.500","117"
"30","82996","20220927162000","23","2","屏東縣","新園鄉","120.445","22.475","28"
"291","82997","20220927162000","170","3","屏東縣","新園鄉","120.440","22.480","275"
"138","82998","20220927162000","140","0","屏東縣","新園鄉","120.445","22.480","117"
"16","83002","20220927162000","39","0","屏東縣","新園鄉","120.440","22.485","14"
"112","83015","20220927162000","122","0","屏東縣","新埤鄉","120.550","22.505","128"
"543","83024","20220927162000","401","2","屏東縣","潮州鎮","120.530","22.545","497"
"1254","83025","20220927162000","1089","1","屏東縣","潮州鎮","120.535","22.545","1423"
"74","83041","20220927162000","62","1","屏東縣","潮州鎮","120.590","22.540","65"
"241","83047","20220927162000","177","2","屏東縣","潮州鎮","120.555","22.550","237"
"408","83049","20220927162000","274","2","屏東縣","潮州鎮","120.565","22.550","396"
"364","83055","20220927162000","381","0","屏東縣","萬丹鄉","120.470","22.560","388"
"64","83064","20220927162000","212","0","屏東縣","萬巒鄉","120.600","22.590","63"
"27","83074","20220927162000","40","0","屏東縣","東港鎮","120.480","22.455","19"
"358","83080","20220927162000","731","0","屏東縣","東港鎮","120.450","22.465","321"
"559","83093","20220927162000","297","3","屏東縣","萬巒鄉","120.595","22.565","536"
"65","83095","20220927162000","246","0","屏東縣","萬巒鄉","120.605","22.565","56"
"157","83096","20220927162000","83","3","屏東縣","萬巒鄉","120.600","22.570","176"
"20","83099","20220927162000","26","0","屏東縣","萬巒鄉","120.595","22.570","17"
"349","83142","20220927162000","169","3","屏東縣","新埤鄉","120.625","22.525","357"
"55","83161","20220927162000","348","0","屏東縣","萬巒鄉","120.620","22.545","59"
"346","83162","20220927162000","467","0","屏東縣","泰武鄉","120.625","22.545","346"
"26","83177","20220927162000","116","0","屏東縣","萬巒鄉","120.580","22.590","14"
"586","83201","20220927162000","496","1","屏東縣","萬巒鄉","120.570","22.570","582"
"294","83206","20220927162000","399","0","屏東縣","萬巒鄉","120.565","22.575","354"
"316","83210","20220927162000","176","3","屏東縣","內埔鄉","120.565","22.580","228"
"15","83216","20220927162000","13","1","屏東縣","萬丹鄉","120.485","22.555","13"
"26","83222","20220927162000","72","0","屏東縣","東港鎮","120.470","22.485","15"
"194","83231","20220927162000","60","3","屏東縣","東港鎮","120.460","22.460","166"
"753","83232","20220927162000","649","1","屏東縣","東港鎮","120.465","22.460","833"
"1258","83234","20220927162000","1102","1","屏東縣","東港鎮","120.455","22.465","1241"
"185","83235","20220927162000","59","3","屏東縣","東港鎮","120.460","22.465","179"
"328","83236","20220927162000","892","0","屏東縣","東港鎮","120.465","22.465","307"
"23","83237","20220927162000","10","3","屏東縣","東港鎮","120.470","22.465","22"
"642","83241","20220927162000","839","0","屏東縣","東港鎮","120.440","22.460","633"
"139","83257","20220927162000","887","0","屏東縣","竹田鄉","120.525","22.575","106"
"224","83258","20220927162000","240","0","屏東縣","潮州鎮","120.530","22.525","249"
"438","83261","20220927162000","269","3","屏東縣","潮州鎮","120.540","22.525","452"
"416","83267","20220927162000","270","3","屏東縣","潮州鎮","120.535","22.535","383"
"323","83269","20220927162000","208","3","屏東縣","潮州鎮","120.535","22.540","331"
"235","83271","20220927162000","263","0","屏東縣","枋寮鄉","120.580","22.410","296"
"373","83278","20220927162000","181","3","屏東縣","枋寮鄉","120.580","22.415","290"
"60","83323","20220927162000","63","0","屏東縣","枋寮鄉","120.620","22.425","48"
"166","83342","20220927162000","72","3","屏東縣","枋寮鄉","120.595","22.435","144"
"51","83378","20220927162000","194","0","屏東縣","萬丹鄉","120.460","22.575","44"
"106","83380","20220927162000","52","3","屏東縣","萬丹鄉","120.470","22.575","111"
"331","83383","20220927162000","211","3","屏東縣","竹田鄉","120.535","22.595","344"
"20","83404","20220927162000","14","2","屏東縣","林邊鄉","120.505","22.435","20"
"198","83414","20220927162000","69","3","屏東縣","林邊鄉","120.525","22.455","190"
"227","83430","20220927162000","153","2","屏東縣","萬丹鄉","120.485","22.580","251"
"613","83431","20220927162000","322","3","屏東縣","萬丹鄉","120.490","22.580","606"
"51","83433","20220927162000","57","0","屏東縣","萬丹鄉","120.480","22.565","46"
"445","83435","20220927162000","667","0","屏東縣","竹田鄉","120.490","22.565","470"
"335","83437","20220927162000","178","3","屏東縣","萬丹鄉","120.480","22.570","309"
"25","83438","20220927162000","22","1","屏東縣","萬丹鄉","120.490","22.550","32"
"20","83439","20220927162000","34","0","屏東縣","萬丹鄉","120.490","22.555","21"
"702","83442","20220927162000","783","0","屏東縣","潮州鎮","120.545","22.545","716"
"491","83443","20220927162000","262","3","屏東縣","潮州鎮","120.550","22.545","508"
"849","83448","20220927162000","652","2","屏東縣","潮州鎮","120.550","22.555","795"
"462","83455","20220927162000","477","0","屏東縣","潮州鎮","120.560","22.515","472"
"83","83457","20220927162000","139","0","屏東縣","潮州鎮","120.570","22.515","81"
"537","83473","20220927162000","625","0","屏東縣","潮州鎮","120.530","22.560","576"
"265","83483","20220927162000","336","0","屏東縣","萬丹鄉","120.465","22.565","311"
"657","83504","20220927162000","983","0","屏東縣","潮州鎮","120.540","22.555","694"
"45","83508","20220927162000","212","0","屏東縣","潮州鎮","120.550","22.560","40"
"13","83516","20220927162000","223","0","屏東縣","潮州鎮","120.540","22.545","12"
"38","83518","20220927162000","39","0","屏東縣","潮州鎮","120.545","22.550","47"
"337","83525","20220927162000","371","0","屏東縣","潮州鎮","120.530","22.540","350"
"241","83540","20220927162000","122","3","屏東縣","潮州鎮","120.580","22.555","234"
"1181","83567","20220927162000","910","2","屏東縣","萬丹鄉","120.490","22.590","1285"
"26","83574","20220927162000","43","0","屏東縣","潮州鎮","120.550","22.535","34"
"357","83576","20220927162000","290","2","屏東縣","潮州鎮","120.550","22.540","333"
"1023","83577","20220927162000","643","3","屏東縣","潮州鎮","120.535","22.550","994"
"97","83578","20220927162000","989","0","屏東縣","潮州鎮","120.535","22.555","123"
"230","83582","20220927162000","79","3","屏東縣","萬丹鄉","120.500","22.595","243"
"423","83585","20220927162000","445","0","屏東縣","萬丹鄉","120.485","22.585","472"
"365","83586","20220927162000","563","0","屏東縣","萬丹鄉","120.490","22.585","310"
"76","83599","20220927162000","326","0","屏東縣","南州鄉","120.505","22.490","73"
"754","83623","20220927162000","495","3","屏東縣","南州鄉","120.510","22.490","805"
"321","83624","20220927162000","193","3","屏東縣","潮州鎮","120.530","22.510","350"
"253","83625","20220927162000","170","2","屏東縣","潮州鎮","120.535","22.510","218"
"359","83646","20220927162000","230","3","屏東縣","潮州鎮","120.530","22.550","354"
"926","83648","20220927162000","546","3","高雄市","鳳山區","120.325","22.595","809"
"257","83650","20220927162000","367","0","高雄市","前鎮區","120.320","22.595","289"
"1244","83651","20220927162000","1498","0","高雄市","小港區","120.360","22.565","1216"
"355","83652","20220927162000","249","2","高雄市","小港區(海)","120.335","22.550","383"
"43","83653","20220927162000","387","0","高雄市","小港區","120.335","22.555","46"
"588","83655","20220927162000","384","3","高雄市","小港區","120.340","22.560","626"
"46","83657","20220927162000","135","0","高雄市","小港區","120.370","22.530","59"
"514","83658","20220927162000","864","0","高雄市","小港區","120.365","22.535","495"
"39","83660","20220927162000","511","0","高雄市","小港區","120.370","22.540","40"
"197","83661","20220927162000","92","3","高雄市","小港區","120.375","22.540","205"
"713","83662","20220927162000","526","2","高雄市","小港區","120.370","22.545","706"
"412","83666","20220927162000","193","3","高雄市","小港區","120.375","22.545","444"
"19","83669","20220927162000","255","0","高雄市","小港區","120.375","22.550","30"
"308","83670","20220927162000","120","3","高雄市","小港區","120.370","22.555","266"
"81","83671","20220927162000","725","0","高雄市","小港區","120.365","22.560","68"
"492","83673","20220927162000","585","0","高雄市","小港區","120.375","22.560","510"
"307","83674","20220927162000","835","0","高雄市","小港區","120.365","22.565","313"
"238","83675","20220927162000","468","0","高雄市","小港區","120.370","22.565","246"
"239","83677","20220927162000","1202","0","高雄市","小港區","120.355","22.570","316"
"651","83684","20220927162000","865","0","高雄市","大寮區","120.380","22.590","716"
"40","83692","20220927162000","428","0","高雄市","大寮區","120.385","22.590","40"
"640","83694","20220927162000","376","3","高雄市","大寮區","120.395","22.590","591"
"64","83701","20220927162000","377","0","高雄市","大寮區","120.420","22.585","81"
"64","83702","20220927162000","622","0","高雄市","大寮區","120.410","22.590","62"
"142","83703","20220927162000","90","3","高雄市","大寮區","120.415","22.590","146"
"1552","83704","20220927162000","1402","1","高雄市","大寮區","120.420","22.590","1625"
"481","83705","20220927162000","386","2","高雄市","大寮區","120.410","22.595","481"
"471","83706","20220927162000","323","2","高雄市","大寮區","120.415","22.595","462"
"30","83712","20220927162000","58","0","高雄市","前鎮區","120.310","22.580","26"
"92","83713","20220927162000","924","0","高雄市","小港區","120.345","22.565","81"
"111","83752","20220927162000","52","3","臺東縣","大武鄉","120.930","22.425","79"
"20","83764","20220927162000","51","0","臺東縣","大武鄉","120.935","22.435","12"
"57","83802","20220927162000","40","2","臺東縣","大武鄉","120.925","22.415","54"
"48","83805","20220927162000","750","0","高雄市","小港區","120.345","22.525","28"
"532","83815","20220927162000","365","2","高雄市","林園區","120.405","22.495","542"
"19","83817","20220927162000","155","0","高雄市","林園區","120.415","22.495","18"
"249","83819","20220927162000","270","0","高雄市","林園區","120.400","22.500","230"
"57","83820","20220927162000","489","0","高雄市","林園區","120.410","22.495","66"
"291","83822","20220927162000","205","2","高雄市","林園區","120.390","22.505","295"
"220","83828","20220927162000","157","2","高雄市","林園區","120.415","22.485","235"
"567","83831","20220927162000","536","1","高雄市","前鎮區","120.315","22.580","517"
"1277","83836","20220927162000","1024","2","高雄市","大寮區","120.405","22.545","1230"
"71","83838","20220927162000","597","0","高雄市","前鎮區","120.300","22.590","74"
"44","83839","20220927162000","248","0","高雄市","前鎮區","120.300","22.585","47"
"578","83840","20220927162000","371","3","高雄市","前鎮區","120.295","22.590","542"
"226","83842","20220927162000","850","0","高雄市","前鎮區","120.305","22.590","192"
"352","83843","20220927162000","249","2","高雄市","前鎮區","120.290","22.595","353"
"942","83844","20220927162000","719","2","高雄市","前鎮區","120.295","22.595","944"
"226","83845","20220927162000","156","2","高雄市","前鎮區","120.310","22.585","242"
"158","83862","20220927162000","134","1","臺東縣","達仁鄉","120.905","22.475","164"
"169","84086","20220927162000","136","2","臺東縣","達仁鄉","120.885","22.455","176"
"249","84511","20220927162000","231","1","臺東縣","金峰鄉","120.960","22.595","237"
"221","85294","20220927162000","219","1","臺東縣","太麻里鄉","120.960","22.530","217"
"587","85296","20220927162000","491","1","高雄市","林園區","120.410","22.480","571"
"46","85297","20220927162000","21","3","高雄市","林園區","120.395","22.490","61"
"465","85301","20220927162000","412","1","高雄市","林園區","120.360","22.505","433"
"361","85302","20220927162000","304","1","高雄市","林園區","120.365","22.505","350"
"405","85305","20220927162000","840","0","高雄市","小港區","120.335","22.560","391"
"367","85307","20220927162000","231","3","高雄市","鳳山區","120.345","22.585","392"
"449","85308","20220927162000","309","2","高雄市","鳳山區","120.355","22.590","467"
"707","85309","20220927162000","321","3","高雄市","鳳山區","120.360","22.590","667"
"91","85310","20220927162000","315","0","高雄市","鳳山區","120.365","22.590","80"
"886","85311","20220927162000","947","0","高雄市","鳳山區","120.355","22.595","947"
"544","85315","20220927162000","441","2","高雄市","鳳山區","120.360","22.595","458"
"332","85322","20220927162000","546","0","高雄市","小港區","120.350","22.560","302"
"351","85323","20220927162000","765","0","高雄市","小港區","120.355","22.560","358"
"1534","85325","20220927162000","976","3","高雄市","鳳山區","120.360","22.585","1406"
"106","85327","20220927162000","294","0","高雄市","小港區","120.370","22.570","112"
"113","85328","20220927162000","156","0","高雄市","小港區","120.355","22.565","124"
"292","85329","20220927162000","163","3","高雄市","小港區","120.375","22.570","286"
"34","85331","20220927162000","195","0","高雄市","小港區","120.370","22.575","38"
"507","85332","20220927162000","474","1","高雄市","小港區","120.375","22.575","494"
"396","85337","20220927162000","505","0","高雄市","小港區","120.355","22.540","366"
"511","85340","20220927162000","447","1","高雄市","小港區","120.350","22.540","513"
"1022","85343","20220927162000","731","2","高雄市","小港區","120.360","22.540","1101"
"461","85345","20220927162000","293","3","高雄市","小港區","120.340","22.545","512"
"809","85347","20220927162000","692","1","高雄市","小港區","120.350","22.545","682"
"349","85353","20220927162000","233","2","高雄市","小港區","120.350","22.550","371"
"274","85354","20220927162000","252","1","高雄市","小港區","120.355","22.550","273"
"884","85355","20220927162000","876","1","高雄市","小港區","120.360","22.550","886"
"130","85356","20220927162000","206","0","高雄市","小港區","120.345","22.555","114"
"976","85359","20220927162000","784","2","高雄市","小港區","120.355","22.555","921"
"720","85360","20220927162000","475","3","高雄市","小港區","120.345","22.560","683"
"90","85367","20220927162000","139","0","高雄市","小港區","120.345","22.530","118"
"294","85368","20220927162000","194","3","高雄市","小港區","120.350","22.530","298"
"671","85370","20220927162000","584","1","高雄市","小港區","120.355","22.530","639"
"867","85371","20220927162000","923","0","高雄市","小港區","120.360","22.530","915"
"526","85372","20220927162000","695","0","高雄市","小港區","120.335","22.535","479"
"382","85374","20220927162000","334","1","高雄市","小港區","120.345","22.535","395"
"191","85377","20220927162000","174","1","高雄市","小港區(海)","120.330","22.540","269"
"248","85382","20220927162000","492","0","高雄市","小港區","120.320","22.545","246"
"1062","85384","20220927162000","1638","0","高雄市","前鎮區","120.325","22.570","1100"
"961","85385","20220927162000","789","2","高雄市","前鎮區","120.325","22.575","929"
"718","85386","20220927162000","903","0","高雄市","前鎮區","120.315","22.590","676"
"544","85387","20220927162000","584","0","高雄市","前鎮區","120.305","22.595","477"
"543","85389","20220927162000","810","0","高雄市","前鎮區","120.310","22.595","587"
"1700","85391","20220927162000","1229","2","高雄市","前鎮區","120.315","22.575","1580"
"651","85392","20220927162000","663","0","高雄市","前鎮區","120.320","22.575","673"
"1090","85393","20220927162000","1260","0","高雄市","前鎮區","120.325","22.580","992"
"1147","85396","20220927162000","996","1","高雄市","前鎮區","120.330","22.585","1186"
"340","85398","20220927162000","573","0","高雄市","鳳山區","120.340","22.585","351"
"182","85400","20220927162000","197","0","臺東縣","太麻里鄉","120.940","22.460","199"
"38","85417","20220927162000","106","0","臺東縣","太麻里鄉","120.950","22.480","29"
"39","85451","20220927162000","40","0","臺東縣","太麻里鄉","120.955","22.510","33"
"124","85475","20220927162000","97","2","臺東縣","太麻里鄉","120.935","22.520","129"
"675","85487","20220927162000","748","0","高雄市","鳳山區","120.325","22.585","699"
"534","85489","20220927162000","444","2","高雄市","鳳山區","120.350","22.590","565"
"1150","85490","20220927162000","710","3","高雄市","鳳山區","120.345","22.595","998"
"402","85491","20220927162000","533","0","高雄市","鳳山區","120.330","22.590","434"
"2517","85492","20220927162000","1649","3","高雄市","鳳山區","120.325","22.590","2452"
"777","85493","20220927162000","793","0","高雄市","前鎮區","120.320","22.585","799"
"603","85496","20220927162000","950","0","高雄市","前鎮區","120.330","22.580","703"
"643","85517","20220927162000","800","0","高雄市","大寮區","120.410","22.560","675"
"431","85519","20220927162000","337","2","高雄市","大寮區","120.420","22.560","417"
"1141","85533","20220927162000","816","2","高雄市","大寮區","120.405","22.580","1136"
"783","85535","20220927162000","753","1","高雄市","鳳山區","120.335","22.595","771"
"98","85536","20220927162000","298","0","高雄市","小港區","120.360","22.570","119"
"662","85537","20220927162000","550","2","高雄市","林園區","120.385","22.490","618"
"438","85543","20220927162000","409","1","高雄市","鳳山區","120.330","22.595","429"
"204","85544","20220927162000","177","1","高雄市","小港區","120.355","22.515","203"
"354","85546","20220927162000","305","1","高雄市","小港區","120.360","22.525","359"
"324","85559","20220927162000","406","0","臺東縣","太麻里鄉","120.965","22.530","378"
"22","85568","20220927162000","19","1","臺東縣","太麻里鄉","120.965","22.535","73"
"15","85590","20220927162000","27","0","臺東縣","太麻里鄉","120.965","22.545","18"
"162","85591","20220927162000","53","3","臺東縣","太麻里鄉","120.970","22.545","172"
"29","85646","20220927162000","19","3","臺東縣","太麻里鄉","120.980","22.565","30"
"269","85656","20220927162000","213","2","臺東縣","太麻里鄉","120.990","22.575","277"
"140","85660","20220927162000","88","3","臺東縣","太麻里鄉","120.990","22.580","117"
"772","85678","20220927162000","467","3","高雄市","鳳山區","120.350","22.595","748"
"373","85680","20220927162000","412","0","高雄市","鳳山區","120.340","22.595","365"
"450","85681","20220927162000","398","1","高雄市","林園區","120.375","22.500","407"
"1003","85683","20220927162000","880","1","高雄市","林園區","120.385","22.500","960"
"135","85684","20220927162000","432","0","高雄市","林園區","120.395","22.485","132"
"152","85685","20220927162000","159","0","高雄市","林園區","120.375","22.505","151"
"392","85689","20220927162000","1680","0","高雄市","前鎮區","120.310","22.590","358"
"752","85700","20220927162000","829","0","高雄市","小港區","120.340","22.565","755"
"21","85702","20220927162000","14","3","高雄市","小港區","120.375","22.530","21"
"401","85708","20220927162000","328","2","高雄市","小港區","120.380","22.545","417"
"60","85713","20220927162000","117","0","高雄市","小港區","120.390","22.545","70"
"404","85719","20220927162000","324","2","高雄市","小港區","120.385","22.555","348"
"290","85721","20220927162000","399","0","高雄市","小港區","120.390","22.560","314"
"72","85723","20220927162000","122","0","高雄市","小港區","120.380","22.555","71"
"344","85724","20220927162000","165","3","高雄市","小港區","120.380","22.560","338"
"224","85725","20220927162000","79","3","高雄市","小港區","120.385","22.560","220"
"106","85726","20220927162000","172","0","高雄市","小港區","120.380","22.565","135"
"399","85728","20220927162000","243","3","高雄市","大寮區","120.400","22.590","405"
"638","85729","20220927162000","506","2","高雄市","大寮區","120.390","22.595","653"
"121","85731","20220927162000","102","1","高雄市","大寮區","120.415","22.535","122"
"149","85751","20220927162000","78","3","高雄市","大寮區","120.425","22.555","150"
"209","85754","20220927162000","161","2","高雄市","大寮區","120.425","22.560","169"
"2300","85755","20220927162000","1802","2","高雄市","前鎮區","120.315","22.585","2379"
"401","85756","20220927162000","191","3","高雄市","前鎮區","120.305","22.585","396"
"410","85758","20220927162000","732","0","高雄市","小港區","120.345","22.570","399"
"76","85759","20220927162000","1153","0","高雄市","小港區","120.350","22.570","221"
"47","85764","20220927162000","336","0","高雄市","小港區","120.350","22.575","258"
"187","85768","20220927162000","179","1","高雄市","小港區","120.350","22.580","166"
"410","85770","20220927162000","767","0","高雄市","鳳山區","120.350","22.585","394"
"1506","85771","20220927162000","1620","0","高雄市","鳳山區","120.355","22.585","1483"
"1535","85772","20220927162000","1444","1","高雄市","小港區","120.350","22.565","1451"
"39","85776","20220927162000","86","0","高雄市","小港區","120.325","22.565","44"
"666","85777","20220927162000","737","0","高雄市","小港區","120.330","22.565","703"
"608","85778","20220927162000","566","1","高雄市","前鎮區","120.330","22.570","583"
"1014","85779","20220927162000","777","2","高雄市","小港區","120.335","22.570","976"
"299","85780","20220927162000","209","2","高雄市","小港區","120.335","22.565","295"
"29","85783","20220927162000","279","0","高雄市","小港區","120.360","22.515","24"
"318","85790","20220927162000","328","0","高雄市","鳳山區","120.340","22.590","307"
"420","85791","20220927162000","257","3","高雄市","鳳山區","120.345","22.590","334"
"907","85793","20220927162000","933","0","高雄市","鳳山區","120.335","22.590","939"
"519","85794","20220927162000","251","3","高雄市","前鎮區","120.335","22.585","576"
"59","85806","20220927162000","158","0","高雄市","小港區(海)","120.330","22.550","104"
"262","85816","20220927162000","255","1","高雄市","小港區(海)","120.315","22.550","298"
"323","85817","20220927162000","214","3","高雄市","旗津區","120.310","22.555","335"
"35","85821","20220927162000","63","0","高雄市","旗津區(海)","120.300","22.575","34"
"47","85823","20220927162000","60","0","高雄市","前鎮區(海)","120.295","22.585","33"
"201","85826","20220927162000","370","0","高雄市","旗津區(海)","120.295","22.580","216"
"372","85827","20220927162000","217","3","高雄市","旗津區","120.290","22.585","349"
"22","85829","20220927162000","83","0","高雄市","大寮區","120.430","22.560","28"
"159","85835","20220927162000","99","3","高雄市","大寮區","120.435","22.565","152"
"354","85837","20220927162000","245","2","高雄市","大寮區","120.420","22.570","430"
"965","85839","20220927162000","812","1","高雄市","大寮區","120.430","22.570","977"
"277","85845","20220927162000","216","2","高雄市","大寮區","120.435","22.580","280"
"242","85858","20220927162000","234","1","高雄市","大寮區","120.410","22.575","218"
"371","85859","20220927162000","420","0","高雄市","大寮區","120.415","22.575","387"
"203","85864","20220927162000","235","0","高雄市","大寮區","120.420","22.580","185"
"1017","85865","20220927162000","903","1","高雄市","大寮區","120.425","22.580","1111"
"117","85866","20220927162000","1196","0","高雄市","大寮區","120.430","22.580","120"
"246","85867","20220927162000","265","0","高雄市","大寮區","120.425","22.585","275"
"330","85869","20220927162000","329","1","高雄市","大寮區","120.435","22.585","412"
"44","85872","20220927162000","612","0","高雄市","大寮區","120.425","22.590","52"
"733","85873","20220927162000","836","0","高雄市","大寮區","120.430","22.590","788"
"23","85880","20220927162000","274","0","高雄市","大寮區","120.400","22.595","30"
"577","85881","20220927162000","483","1","高雄市","大寮區","120.405","22.595","542"
"536","85887","20220927162000","509","1","高雄市","前鎮區","120.320","22.570","522"
"137","85888","20220927162000","187","0","高雄市","前鎮區(海)","120.305","22.575","144"
"268","85894","20220927162000","364","0","高雄市","小港區","120.365","22.585","265"
"1091","85896","20220927162000","688","3","高雄市","前鎮區","120.320","22.590","971"
"321","85897","20220927162000","346","0","高雄市","林園區","120.395","22.505","328"
"1586","85898","20220927162000","1258","2","高雄市","林園區","120.395","22.510","1612"
"233","85910","20220927162000","210","1","高雄市","林園區","120.405","22.500","223"
"452","85911","20220927162000","392","1","高雄市","林園區","120.410","22.500","448"
"538","85915","20220927162000","446","2","高雄市","林園區","120.405","22.505","512"
"209","85916","20220927162000","285","0","高雄市","林園區","120.410","22.505","203"
"238","85920","20220927162000","222","1","高雄市","林園區","120.405","22.510","263"
"549","85929","20220927162000","391","2","高雄市","林園區","120.405","22.520","561"
"267","85936","20220927162000","196","2","高雄市","林園區","120.390","22.525","292"
"98","85937","20220927162000","143","0","高雄市","林園區","120.395","22.525","98"
"19","85940","20220927162000","18","1","高雄市","林園區","120.410","22.525","25"
"60","85945","20220927162000","439","0","高雄市","前鎮區","120.300","22.595","43"
"722","85946","20220927162000","682","1","高雄市","前鎮區","120.325","22.600","769"
"114","85948","20220927162000","368","0","高雄市","林園區","120.390","22.510","133"
"194","85950","20220927162000","159","2","高雄市","林園區","120.400","22.480","206"
"514","85953","20220927162000","203","3","高雄市","旗津區","120.310","22.560","557"
"108","85954","20220927162000","90","2","高雄市","旗津區","120.305","22.565","81"
"248","85955","20220927162000","349","0","高雄市","旗津區","120.300","22.570","239"
"55","85960","20220927162000","201","0","高雄市","林園區","120.395","22.530","52"
"159","85961","20220927162000","200","0","高雄市","林園區","120.400","22.530","172"
"27","85963","20220927162000","22","2","高雄市","林園區","120.385","22.505","23"
"104","85971","20220927162000","244","0","高雄市","旗津區","120.280","22.595","85"
"325","85972","20220927162000","307","1","高雄市","旗津區","120.285","22.585","309"
"282","85975","20220927162000","228","2","高雄市","旗津區","120.285","22.590","284"
"533","85978","20220927162000","422","2","高雄市","林園區","120.390","22.500","563"
"71","85982","20220927162000","610","0","高雄市","林園區","120.380","22.500","69"
"100","85983","20220927162000","727","0","高雄市","林園區","120.395","22.500","96"
"41","85988","20220927162000","102","0","高雄市","林園區","120.395","22.535","47"
"313","85989","20220927162000","210","2","高雄市","林園區","120.400","22.535","310"
"335","88407","20220927162000","396","0","高雄市","鼓山區","120.260","22.625","324"
"44","90458","20220927162000","26","3","臺東縣","綠島鄉","121.470","22.645","49"
"261","93129","20220927162000","120","3","臺東縣","綠島鄉","121.485","22.680","267"
"601","94971","20220927162000","347","3","高雄市","左營區","120.275","22.700","310"
"38","97490","20220927162000","377","0","屏東縣","屏東市","120.480","22.650","30"
"231","97491","20220927162000","215","1","屏東縣","屏東市","120.485","22.650","230"
"193","97497","20220927162000","257","0","屏東縣","屏東市","120.485","22.645","165"
"14","97500","20220927162000","19","0","屏東縣","屏東市","120.500","22.660","23"
"627","97501","20220927162000","416","3","屏東縣","屏東市","120.500","22.665","626"
"48","97502","20220927162000","393","0","屏東縣","九如鄉","120.490","22.730","66"
"950","97503","20220927162000","711","2","屏東縣","九如鄉","120.490","22.735","967"
"766","97504","20220927162000","352","3","屏東縣","九如鄉","120.490","22.710","721"
"52","97506","20220927162000","72","0","屏東縣","九如鄉","120.490","22.715","36"
"18","97509","20220927162000","31","0","屏東縣","九如鄉","120.495","22.720","17"
"91","97516","20220927162000","250","0","屏東縣","九如鄉","120.500","22.735","71"
"15","97518","20220927162000","125","0","屏東縣","九如鄉","120.505","22.735","18"
"332","97519","20220927162000","241","2","屏東縣","屏東市","120.475","22.655","336"
"214","97520","20220927162000","154","2","屏東縣","屏東市","120.480","22.655","231"
"143","97527","20220927162000","76","3","屏東縣","屏東市","120.450","22.635","133"
"151","97528","20220927162000","173","0","屏東縣","屏東市","120.455","22.635","136"
"131","97529","20220927162000","114","1","屏東縣","屏東市","120.460","22.635","133"
"143","97534","20220927162000","133","1","屏東縣","屏東市","120.455","22.640","127"
"28","97542","20220927162000","15","3","屏東縣","屏東市","120.495","22.625","29"
"562","97544","20220927162000","418","2","屏東縣","屏東市","120.505","22.625","490"
"1364","97550","20220927162000","1225","1","屏東縣","長治鄉","120.510","22.680","1380"
"14","97551","20220927162000","19","0","屏東縣","屏東市","120.475","22.665","11"
"707","97552","20220927162000","554","2","屏東縣","屏東市","120.485","22.670","653"
"72","97565","20220927162000","56","2","屏東縣","內埔鄉","120.570","22.650","68"
"35","97566","20220927162000","164","0","屏東縣","內埔鄉","120.575","22.650","28"
"58","97567","20220927162000","66","0","屏東縣","內埔鄉","120.560","22.655","53"
"10","97581","20220927162000","10","1","屏東縣","內埔鄉","120.585","22.665","10"
"330","97588","20220927162000","207","3","屏東縣","屏東市","120.505","22.690","312"
"1044","97589","20220927162000","1445","0","屏東縣","屏東市","120.495","22.685","1080"
"24","97597","20220927162000","206","0","屏東縣","屏東市","120.510","22.700","14"
"143","97598","20220927162000","127","1","屏東縣","屏東市","120.495","22.705","129"
"139","97600","20220927162000","49","3","屏東縣","屏東市","120.505","22.705","130"
"1044","97606","20220927162000","856","2","屏東縣","屏東市","120.475","22.660","997"
"158","97607","20220927162000","291","0","屏東縣","屏東市","120.480","22.660","168"
"1120","97613","20220927162000","846","2","屏東縣","屏東市","120.475","22.690","1137"
"86","97614","20220927162000","105","0","屏東縣","屏東市","120.470","22.690","84"
"82","97625","20220927162000","52","3","屏東縣","屏東市","120.485","22.700","89"
"338","97627","20220927162000","241","2","屏東縣","屏東市","120.480","22.670","320"
"596","97628","20220927162000","668","0","屏東縣","屏東市","120.495","22.670","575"
"328","97638","20220927162000","358","0","屏東縣","竹田鄉","120.525","22.605","344"
"781","97642","20220927162000","739","1","屏東縣","屏東市","120.495","22.665","670"
"368","97643","20220927162000","357","1","屏東縣","屏東市","120.480","22.640","413"
"376","97654","20220927162000","319","1","屏東縣","鹽埔鄉","120.605","22.725","417"
"32","97655","20220927162000","40","0","屏東縣","屏東市","120.500","22.650","28"
"13","97656","20220927162000","37","0","屏東縣","屏東市","120.505","22.650","26"
"413","97657","20220927162000","312","2","屏東縣","屏東市","120.480","22.675","420"
"1901","97658","20220927162000","1381","2","屏東縣","屏東市","120.490","22.655","1922"
"448","97660","20220927162000","463","0","屏東縣","屏東市","120.490","22.660","476"
"196","97661","20220927162000","116","3","屏東縣","屏東市","120.495","22.660","216"
"226","97663","20220927162000","164","2","屏東縣","屏東市","120.460","22.665","232"
"165","97701","20220927162000","1090","0","屏東縣","鹽埔鄉","120.540","22.730","185"
"13","97709","20220927162000","10","2","屏東縣","鹽埔鄉","120.565","22.720","11"
"57","97715","20220927162000","251","0","屏東縣","鹽埔鄉","120.555","22.735","57"
"65","97722","20220927162000","217","0","屏東縣","鹽埔鄉","120.520","22.735","57"
"106","97744","20220927162000","253","0","屏東縣","長治鄉","120.530","22.690","94"
"45","97746","20220927162000","39","1","屏東縣","長治鄉","120.530","22.695","47"
"57","97752","20220927162000","341","0","屏東縣","屏東市","120.485","22.655","46"
"1061","97754","20220927162000","994","1","屏東縣","屏東市","120.490","22.675","1008"
"433","97761","20220927162000","1215","0","屏東縣","屏東市","120.470","22.655","410"
"47","97765","20220927162000","35","2","屏東縣","屏東市","120.510","22.645","33"
"908","97771","20220927162000","1184","0","屏東縣","屏東市","120.495","22.680","866"
"2258","97772","20220927162000","1221","3","屏東縣","屏東市","120.495","22.675","2110"
"338","97773","20220927162000","483","0","屏東縣","屏東市","120.500","22.685","352"
"2153","97774","20220927162000","1608","2","屏東縣","屏東市","120.505","22.685","2118"
"692","97775","20220927162000","599","1","屏東縣","屏東市","120.510","22.685","739"
"679","97777","20220927162000","776","0","屏東縣","屏東市","120.500","22.675","741"
"301","97783","20220927162000","64","3","屏東縣","內埔鄉","120.600","22.650","310"
"1711","97786","20220927162000","893","3","屏東縣","內埔鄉","120.615","22.650","1689"
"202","97791","20220927162000","596","0","屏東縣","內埔鄉","120.600","22.660","194"
"364","97800","20220927162000","192","3","屏東縣","麟洛鄉","120.535","22.650","405"
"298","97814","20220927162000","210","2","屏東縣","麟洛鄉","120.550","22.660","274"
"100","97818","20220927162000","80","2","屏東縣","麟洛鄉","120.535","22.665","73"
"204","97823","20220927162000","47","3","屏東縣","麟洛鄉","120.515","22.640","49"
"419","97842","20220927162000","220","3","屏東縣","麟洛鄉","120.520","22.645","415"
"73","97849","20220927162000","698","0","屏東縣","麟洛鄉","120.525","22.650","50"
"93","97851","20220927162000","425","0","屏東縣","麟洛鄉","120.520","22.655","99"
"92","97914","20220927162000","293","0","屏東縣","萬丹鄉","120.460","22.595","86"
"946","97916","20220927162000","519","3","屏東縣","屏東市","120.490","22.680","921"
"1599","97917","20220927162000","1597","1","屏東縣","屏東市","120.490","22.685","1739"
"1089","97918","20220927162000","879","2","屏東縣","屏東市","120.490","22.690","1109"
"560","97919","20220927162000","805","0","屏東縣","屏東市","120.505","22.670","601"
"821","97920","20220927162000","1207","0","屏東縣","長治鄉","120.510","22.670","913"
"210","97925","20220927162000","372","0","屏東縣","長治鄉","120.545","22.690","181"
"399","97947","20220927162000","307","2","屏東縣","屏東市","120.475","22.680","387"
"169","97948","20220927162000","316","0","屏東縣","屏東市","120.480","22.680","173"
"523","97953","20220927162000","584","0","屏東縣","屏東市","120.465","22.685","577"
"181","97954","20220927162000","141","2","屏東縣","屏東市","120.470","22.685","207"
"177","97955","20220927162000","315","0","屏東縣","屏東市","120.475","22.685","196"
"1805","97964","20220927162000","1492","2","屏東縣","屏東市","120.510","22.655","1568"
"622","97965","20220927162000","1013","0","屏東縣","屏東市","120.505","22.660","628"
"216","97967","20220927162000","568","0","屏東縣","屏東市","120.515","22.660","217"
"677","97969","20220927162000","1052","0","屏東縣","屏東市","120.505","22.665","728"
"80","97974","20220927162000","1338","0","屏東縣","屏東市","120.505","22.675","68"
"294","97978","20220927162000","282","1","屏東縣","屏東市","120.475","22.670","296"
"31","97984","20220927162000","490","0","屏東縣","萬丹鄉","120.485","22.610","40"
"432","97985","20220927162000","182","3","屏東縣","萬丹鄉","120.490","22.610","397"
"57","97991","20220927162000","202","0","屏東縣","萬丹鄉","120.490","22.620","56"
"31","98035","20220927162000","50","0","屏東縣","泰武鄉","120.700","22.610","21"
"60","98173","20220927162000","119","0","屏東縣","泰武鄉","120.640","22.625","44"
"207","98233","20220927162000","446","0","屏東縣","萬丹鄉","120.470","22.620","208"
"245","98245","20220927162000","109","3","屏東縣","萬丹鄉","120.470","22.610","253"
"49","98249","20220927162000","173","0","屏東縣","內埔鄉","120.600","22.675","51"
"125","98252","20220927162000","42","3","屏東縣","內埔鄉","120.585","22.640","123"
"77","98255","20220927162000","440","0","屏東縣","內埔鄉","120.590","22.645","78"
"15","98264","20220927162000","87","0","屏東縣","瑪家鄉","120.645","22.695","20"
"188","98266","20220927162000","127","2","屏東縣","瑪家鄉","120.650","22.700","199"
"263","98270","20220927162000","300","0","屏東縣","內埔鄉","120.645","22.705","275"
"963","98276","20220927162000","566","3","屏東縣","內埔鄉","120.565","22.635","978"
"196","98277","20220927162000","133","2","屏東縣","內埔鄉","120.545","22.640","214"
"845","98281","20220927162000","1029","0","屏東縣","麟洛鄉","120.540","22.645","963"
"286","98298","20220927162000","430","0","屏東縣","內埔鄉","120.555","22.600","268"
"575","98309","20220927162000","444","2","屏東縣","內埔鄉","120.595","22.630","595"
"449","98311","20220927162000","112","3","屏東縣","內埔鄉","120.590","22.635","396"
"157","98316","20220927162000","548","0","屏東縣","內埔鄉","120.600","22.640","174"
"149","98321","20220927162000","201","0","屏東縣","內埔鄉","120.605","22.645","137"
"226","98322","20220927162000","1547","0","屏東縣","內埔鄉","120.610","22.645","226"
"103","98328","20220927162000","75","2","屏東縣","瑪家鄉","120.630","22.650","98"
"18","98341","20220927162000","263","0","屏東縣","內埔鄉","120.580","22.620","18"
"29","98346","20220927162000","18","3","屏東縣","內埔鄉","120.545","22.630","37"
"91","98348","20220927162000","285","0","屏東縣","內埔鄉","120.540","22.635","65"
"22","98355","20220927162000","30","0","屏東縣","內埔鄉","120.635","22.685","27"
"275","98362","20220927162000","174","3","屏東縣","內埔鄉","120.640","22.695","289"
"88","98378","20220927162000","353","0","屏東縣","長治鄉","120.550","22.680","98"
"41","98380","20220927162000","24","3","屏東縣","長治鄉","120.540","22.685","44"
"316","98392","20220927162000","539","0","屏東縣","長治鄉","120.550","22.695","261"
"128","98396","20220927162000","84","3","屏東縣","長治鄉","120.535","22.705","162"
"76","98403","20220927162000","48","3","屏東縣","長治鄉","120.525","22.710","61"
"677","98405","20220927162000","1069","0","屏東縣","長治鄉","120.535","22.710","651"
"29","98406","20220927162000","346","0","屏東縣","長治鄉","120.540","22.710","32"
"368","98407","20220927162000","153","3","屏東縣","長治鄉","120.545","22.710","373"
"123","98408","20220927162000","392","0","屏東縣","長治鄉","120.525","22.715","102"
"93","98410","20220927162000","415","0","屏東縣","長治鄉","120.535","22.715","103"
"127","98418","20220927162000","317","0","屏東縣","萬丹鄉","120.470","22.615","121"
"98","98422","20220927162000","182","0","屏東縣","萬丹鄉","120.520","22.595","61"
"183","98443","20220927162000","193","0","屏東縣","屏東市","120.495","22.640","174"
"328","98446","20220927162000","260","2","屏東縣","屏東市","120.490","22.645","335"
"408","98453","20220927162000","290","2","屏東縣","屏東市","120.485","22.625","362"
"418","98457","20220927162000","452","0","屏東縣","屏東市","120.480","22.635","439"
"60","98458","20220927162000","40","3","屏東縣","屏東市","120.485","22.635","50"
"444","98459","20220927162000","306","2","屏東縣","屏東市","120.490","22.635","440"
"22","98460","20220927162000","331","0","屏東縣","屏東市","120.485","22.640","28"
"137","98462","20220927162000","665","0","屏東縣","內埔鄉","120.565","22.610","95"
"174","98463","20220927162000","74","3","屏東縣","內埔鄉","120.570","22.610","180"
"716","98464","20220927162000","799","0","屏東縣","內埔鄉","120.570","22.615","746"
"507","98467","20220927162000","640","0","屏東縣","內埔鄉","120.560","22.605","473"
"85","98471","20220927162000","794","0","屏東縣","內埔鄉","120.560","22.600","48"
"142","98472","20220927162000","271","0","屏東縣","內埔鄉","120.565","22.600","164"
"86","98486","20220927162000","227","0","屏東縣","內埔鄉","120.595","22.675","76"
"810","98496","20220927162000","981","0","屏東縣","屏東市","120.485","22.685","832"
"724","98497","20220927162000","409","3","屏東縣","屏東市","120.480","22.690","738"
"640","98498","20220927162000","551","1","屏東縣","屏東市","120.485","22.690","673"
"575","98502","20220927162000","665","0","屏東縣","內埔鄉","120.545","22.625","643"
"15","98511","20220927162000","12","2","屏東縣","內埔鄉","120.570","22.640","11"
"650","98532","20220927162000","675","0","屏東縣","內埔鄉","120.560","22.620","658"
"964","98533","20220927162000","449","3","屏東縣","內埔鄉","120.565","22.620","901"
"19","98538","20220927162000","21","0","屏東縣","內埔鄉","120.565","22.625","17"
"16","98542","20220927162000","15","1","屏東縣","內埔鄉","120.615","22.685","16"
"38","98544","20220927162000","256","0","屏東縣","內埔鄉","120.600","22.690","33"
"287","98558","20220927162000","303","0","屏東縣","內埔鄉","120.610","22.700","262"
"14","98563","20220927162000","12","1","屏東縣","內埔鄉","120.600","22.665","18"
"16","98565","20220927162000","107","0","屏東縣","內埔鄉","120.595","22.670","10"
"42","98566","20220927162000","13","3","屏東縣","內埔鄉","120.600","22.670","46"
"465","98589","20220927162000","356","2","屏東縣","屏東市","120.505","22.695","486"
"700","98591","20220927162000","763","0","屏東縣","屏東市","120.445","22.640","662"
"323","98594","20220927162000","379","0","屏東縣","屏東市","120.460","22.640","298"
"35","98596","20220927162000","267","0","屏東縣","屏東市","120.445","22.645","19"
"485","98598","20220927162000","483","1","屏東縣","屏東市","120.455","22.645","541"
"417","98607","20220927162000","226","3","屏東縣","屏東市","120.465","22.650","446"
"27","98616","20220927162000","32","0","屏東縣","屏東市","120.445","22.660","23"
"201","98633","20220927162000","370","0","屏東縣","三地門鄉","120.640","22.715","221"
"381","98636","20220927162000","393","0","屏東縣","三地門鄉","120.655","22.715","404"
"185","98648","20220927162000","132","2","屏東縣","三地門鄉","120.670","22.720","153"
"26","98661","20220927162000","52","0","屏東縣","三地門鄉","120.640","22.735","25"
"330","98723","20220927162000","263","2","屏東縣","屏東市","120.495","22.690","327"
"426","98724","20220927162000","320","2","屏東縣","屏東市","120.500","22.690","448"
"769","98725","20220927162000","690","1","屏東縣","屏東市","120.480","22.665","768"
"648","98726","20220927162000","460","2","屏東縣","屏東市","120.495","22.695","633"
"372","98729","20220927162000","287","2","屏東縣","屏東市","120.500","22.695","400"
"1907","98734","20220927162000","1244","3","屏東縣","屏東市","120.490","22.670","1846"
"75","98776","20220927162000","56","2","屏東縣","萬巒鄉","120.625","22.630","75"
"110","98782","20220927162000","58","3","屏東縣","萬巒鄉","120.625","22.640","113"
"69","98803","20220927162000","64","1","屏東縣","萬巒鄉","120.615","22.605","52"
"643","98804","20220927162000","308","3","屏東縣","萬巒鄉","120.620","22.605","648"
"62","98822","20220927162000","41","3","屏東縣","長治鄉","120.535","22.670","57"
"1068","98826","20220927162000","690","3","屏東縣","長治鄉","120.525","22.675","994"
"231","98837","20220927162000","178","2","屏東縣","長治鄉","120.515","22.685","242"
"40","98842","20220927162000","723","0","屏東縣","長治鄉","120.510","22.665","41"
"326","98843","20220927162000","344","0","屏東縣","長治鄉","120.515","22.665","332"
"35","98844","20220927162000","40","0","屏東縣","長治鄉","120.520","22.665","27"
"23","98884","20220927162000","31","0","屏東縣","瑪家鄉","120.705","22.675","26"
"682","98968","20220927162000","223","3","屏東縣","瑪家鄉","120.670","22.675","658"
"90","99003","20220927162000","120","0","屏東縣","瑪家鄉","120.655","22.705","90"
"15","99033","20220927162000","14","1","屏東縣","瑪家鄉","120.690","22.680","15"
"87","99078","20220927162000","127","0","屏東縣","瑪家鄉","120.640","22.685","96"
"29","99093","20220927162000","10","3","屏東縣","麟洛鄉","120.525","22.630","19"
"492","99099","20220927162000","299","3","屏東縣","竹田鄉","120.535","22.640","414"
"12","99104","20220927162000","18","0","屏東縣","竹田鄉","120.545","22.600","13"
"218","99110","20220927162000","193","1","屏東縣","竹田鄉","120.520","22.615","207"
"40","99116","20220927162000","182","0","屏東縣","竹田鄉","120.525","22.620","31"
"120","99293","20220927162000","459","0","屏東縣","萬丹鄉","120.465","22.605","111"
"390","99294","20220927162000","153","3","屏東縣","萬丹鄉","120.470","22.605","351"
"84","99299","20220927162000","521","0","屏東縣","萬丹鄉","120.495","22.595","95"
"441","99310","20220927162000","361","2","屏東縣","長治鄉","120.520","22.680","449"
"38","99313","20220927162000","66","0","屏東縣","長治鄉","120.525","22.685","35"
"78","99317","20220927162000","459","0","屏東縣","長治鄉","120.565","22.670","73"
"903","99340","20220927162000","405","3","屏東縣","長治鄉","120.590","22.695","887"
"305","99352","20220927162000","365","0","屏東縣","長治鄉","120.575","22.705","330"
"216","99358","20220927162000","145","2","屏東縣","長治鄉","120.580","22.710","188"
"75","99371","20220927162000","46","3","屏東縣","鹽埔鄉","120.580","22.720","63"
"240","99390","20220927162000","148","3","屏東縣","長治鄉","120.570","22.700","199"
"17","99551","20220927162000","15","1","屏東縣","霧台鄉","120.755","22.730","15"
"48","99607","20220927162000","32","3","屏東縣","高樹鄉","120.630","22.735","48"
"156","99617","20220927162000","56","3","屏東縣","萬丹鄉","120.450","22.620","150"
"79","99627","20220927162000","296","0","屏東縣","萬丹鄉","120.465","22.625","64"
"22","99670","20220927162000","116","0","屏東縣","九如鄉","120.485","22.735","20"
"823","99671","20220927162000","1135","0","屏東縣","屏東市","120.490","22.665","885"
"22","99677","20220927162000","32","0","屏東縣","屏東市","120.485","22.705","16"
"20","99680","20220927162000","98","0","屏東縣","九如鄉","120.480","22.710","13"
"548","99690","20220927162000","280","3","屏東縣","九如鄉","120.520","22.710","461"
"39","99705","20220927162000","130","0","屏東縣","九如鄉","120.505","22.725","33"
"406","99716","20220927162000","199","3","臺東縣","綠島鄉","121.470","22.670","313"
"192","99719","20220927162000","194","0","臺東縣","綠島鄉","121.470","22.675","218"
"29","99724","20220927162000","20","2","臺東縣","綠島鄉","121.495","22.640","28"
"48","99732","20220927162000","40","2","臺東縣","綠島鄉","121.500","22.645","66"
"76","99739","20220927162000","69","1","臺東縣","綠島鄉","121.505","22.655","102"
"142","99759","20220927162000","125","1","臺東縣","綠島鄉","121.490","22.675","165"
"66","99760","20220927162000","57","1","臺東縣","綠島鄉","121.495","22.675","98"
"133","99762","20220927162000","89","2","臺東縣","綠島鄉","121.505","22.675","143"
"129","99767","20220927162000","65","3","臺東縣","綠島鄉","121.475","22.650","146"
"99","99769","20220927162000","102","0","臺東縣","綠島鄉","121.485","22.650","114"
"315","99774","20220927162000","227","2","臺東縣","綠島鄉","121.475","22.660","311"
"172","99777","20220927162000","114","3","臺東縣","綠島鄉","121.470","22.665","187"
"557","99779","20220927162000","462","2","臺東縣","綠島鄉","121.465","22.670","550"
"472","99780","20220927162000","372","2","高雄市","楠梓區","120.295","22.715","411"
"11","99781","20220927162000","271","0","高雄市","楠梓區","120.295","22.720","11"
"312","99782","20220927162000","493","0","高雄市","楠梓區","120.305","22.710","332"
"1170","99783","20220927162000","858","2","高雄市","楠梓區","120.300","22.715","1136"
"1494","99784","20220927162000","1065","2","高雄市","楠梓區","120.305","22.715","1425"
"121","99785","20220927162000","456","0","高雄市","楠梓區","120.310","22.715","128"
"1222","99787","20220927162000","1395","0","高雄市","前金區","120.290","22.625","1295"
"1471","99788","20220927162000","1341","1","高雄市","前金區","120.300","22.620","1494"
"596","99792","20220927162000","412","2","臺東縣","臺東市","121.050","22.705","553"
"221","99796","20220927162000","342","0","臺東縣","臺東市","121.040","22.705","226"
"740","99800","20220927162000","508","2","臺東縣","臺東市","121.045","22.710","695"
"539","99819","20220927162000","807","0","臺東縣","臺東市","121.070","22.710","577"
"246","99837","20220927162000","84","3","臺東縣","臺東市","121.070","22.720","275"
"93","99854","20220927162000","117","0","臺東縣","臺東市","121.085","22.730","98"
"98","99856","20220927162000","90","1","高雄市","大寮區","120.415","22.620","87"
"194","99859","20220927162000","105","3","高雄市","大寮區","120.430","22.620","188"
"456","99862","20220927162000","464","0","高雄市","大寮區","120.425","22.625","434"
"14","99866","20220927162000","138","0","高雄市","大寮區","120.420","22.630","14"
"1993","99875","20220927162000","1249","3","高雄市","鳥松區","120.335","22.655","1781"
"585","99876","20220927162000","873","0","高雄市","前鎮區","120.315","22.595","609"
"1291","99877","20220927162000","1111","1","高雄市","三民區","120.320","22.670","1160"
"340","99885","20220927162000","252","2","臺東縣","臺東市","121.055","22.725","328"
"1171","99892","20220927162000","1333","0","高雄市","前鎮區","120.305","22.605","1128"
"1201","99893","20220927162000","838","2","高雄市","前鎮區","120.315","22.615","1161"
"1750","99894","20220927162000","1346","2","高雄市","前鎮區","120.305","22.600","1697"
"995","99895","20220927162000","1209","0","高雄市","前鎮區","120.330","22.610","1015"
"219","99897","20220927162000","300","0","高雄市","仁武區","120.330","22.705","181"
"1019","99898","20220927162000","1299","0","高雄市","仁武區","120.335","22.705","1283"
"1157","99899","20220927162000","957","2","高雄市","仁武區","120.330","22.710","1128"
"919","99900","20220927162000","506","3","高雄市","仁武區","120.335","22.710","930"
"59","99901","20220927162000","73","0","高雄市","仁武區","120.330","22.715","57"
"497","99902","20220927162000","758","0","高雄市","楠梓區","120.330","22.720","560"
"29","99903","20220927162000","25","1","高雄市","三民區","120.290","22.640","20"
"78","99905","20220927162000","865","0","高雄市","仁武區","120.355","22.680","69"
"274","99906","20220927162000","1051","0","高雄市","仁武區","120.355","22.685","239"
"543","99908","20220927162000","462","1","高雄市","仁武區","120.345","22.685","562"
"455","99912","20220927162000","449","1","高雄市","仁武區","120.365","22.690","467"
"88","99913","20220927162000","34","3","高雄市","仁武區","120.370","22.690","75"
"207","99914","20220927162000","153","2","高雄市","仁武區","120.375","22.690","222"
"220","99919","20220927162000","77","3","高雄市","仁武區","120.375","22.695","218"
"854","99924","20220927162000","829","1","高雄市","仁武區","120.365","22.700","929"
"279","99927","20220927162000","227","2","高雄市","仁武區","120.380","22.700","293"
"366","99930","20220927162000","287","2","高雄市","仁武區","120.395","22.700","401"
"2104","99933","20220927162000","2351","0","高雄市","鹽埕區","120.285","22.630","2189"
"984","99935","20220927162000","1579","0","高雄市","楠梓區","120.325","22.725","1095"
"39","99936","20220927162000","197","0","高雄市","楠梓區","120.315","22.735","63"
"807","99937","20220927162000","479","3","高雄市","楠梓區","120.320","22.730","785"
"1285","99940","20220927162000","1116","1","高雄市","楠梓區","120.300","22.710","1387"
"1664","99941","20220927162000","1596","1","高雄市","三民區","120.320","22.650","1688"
"3188","99942","20220927162000","3753","0","高雄市","前金區","120.295","22.630","3372"
"699","99943","20220927162000","950","0","高雄市","三民區","120.290","22.645","764"
"137","99944","20220927162000","1178","0","高雄市","鳳山區","120.375","22.635","92"
"1927","99945","20220927162000","1354","2","高雄市","鳳山區","120.365","22.625","1972"
"647","99946","20220927162000","620","1","高雄市","鳳山區","120.370","22.625","694"
"43","99951","20220927162000","240","0","高雄市","大樹區","120.420","22.695","51"
"27","99953","20220927162000","27","1","高雄市","大樹區","120.425","22.700","18"
"20","99955","20220927162000","17","1","高雄市","大樹區","120.430","22.730","25"
"24","99958","20220927162000","31","0","高雄市","大樹區","120.425","22.735","31"
"11","99963","20220927162000","326","0","高雄市","大樹區","120.415","22.685","13"
"21","99964","20220927162000","19","1","高雄市","大樹區","120.410","22.690","23"
"23","99968","20220927162000","17","2","高雄市","大樹區","120.405","22.690","20"
"195","99973","20220927162000","134","2","高雄市","大樹區","120.400","22.700","214"
"292","99976","20220927162000","449","0","高雄市","大社區","120.340","22.725","308"
"186","99979","20220927162000","289","0","高雄市","大社區","120.345","22.725","172"
"73","99983","20220927162000","537","0","高雄市","左營區","120.300","22.685","62"
"29","99984","20220927162000","413","0","高雄市","左營區","120.305","22.690","12"
"2396","99985","20220927162000","2656","0","高雄市","左營區","120.310","22.685","2399"
"1257","99987","20220927162000","726","3","高雄市","左營區","120.315","22.690","1219"
"1238","99989","20220927162000","1182","1","高雄市","新興區","120.305","22.630","1202"
"142","99990","20220927162000","198","0","高雄市","大寮區","120.385","22.615","138"
"631","99993","20220927162000","709","0","高雄市","大寮區","120.380","22.620","642"
"313","99994","20220927162000","191","3","高雄市","大寮區","120.385","22.620","306"
"63","99999","20220927162000","54","1","高雄市","大寮區","120.375","22.600","68"
"1907","100002","20220927162000","2204","0","高雄市","三民區","120.295","22.635","2056"
"828","100003","20220927162000","938","0","高雄市","前金區","120.300","22.625","856"
"2250","100004","20220927162000","2354","0","高雄市","新興區","120.300","22.630","2177"
"871","100005","20220927162000","1986","0","高雄市","大寮區","120.385","22.600","833"
"650","100007","20220927162000","529","2","高雄市","大寮區","120.385","22.610","634"
"669","100010","20220927162000","986","0","高雄市","苓雅區","120.330","22.625","633"
"2440","100011","20220927162000","2370","1","高雄市","鳳山區","120.360","22.635","2544"
"483","100012","20220927162000","787","0","高雄市","鳳山區","120.365","22.630","543"
"557","100013","20220927162000","402","2","高雄市","鳳山區","120.375","22.640","583"
"360","100014","20220927162000","908","0","高雄市","鳳山區","120.350","22.615","337"
"3128","100015","20220927162000","2209","2","高雄市","楠梓區","120.300","22.725","3152"
"1082","100016","20220927162000","817","2","高雄市","橋頭區","120.300","22.730","1089"
"759","100017","20220927162000","1377","0","高雄市","橋頭區","120.305","22.730","729"
"666","100019","20220927162000","1044","0","高雄市","鳳山區","120.345","22.615","646"
"853","100021","20220927162000","197","3","高雄市","楠梓區","120.285","22.725","863"
"138","100022","20220927162000","1191","0","高雄市","楠梓區","120.290","22.725","123"
"809","100023","20220927162000","781","1","高雄市","橋頭區","120.295","22.730","800"
"377","100025","20220927162000","476","0","高雄市","楠梓區","120.285","22.730","336"
"23","100026","20220927162000","18","2","高雄市","楠梓區","120.290","22.730","25"
"932","100028","20220927162000","1339","0","高雄市","楠梓區","120.290","22.715","891"
"1058","100029","20220927162000","1197","0","高雄市","楠梓區","120.290","22.720","1043"
"1224","100032","20220927162000","1601","0","高雄市","苓雅區","120.300","22.610","1234"
"1340","100033","20220927162000","883","3","高雄市","苓雅區","120.335","22.625","1299"
"2673","100034","20220927162000","2898","0","高雄市","前鎮區","120.310","22.615","2575"
"634","100038","20220927162000","670","0","高雄市","大寮區","120.405","22.640","783"
"260","100039","20220927162000","214","2","高雄市","大寮區","120.410","22.640","270"
"3342","100044","20220927162000","2806","1","高雄市","三民區","120.325","22.650","3315"
"911","100045","20220927162000","996","0","高雄市","三民區","120.320","22.655","1001"
"940","100047","20220927162000","1433","0","高雄市","鳳山區","120.380","22.630","867"
"3652","100048","20220927162000","3338","1","高雄市","苓雅區","120.320","22.620","3708"
"3547","100049","20220927162000","3819","0","高雄市","新興區","120.310","22.630","3423"
"217","100050","20220927162000","946","0","高雄市","三民區","120.315","22.650","224"
"857","100052","20220927162000","1344","0","高雄市","三民區","120.315","22.655","867"
"2282","100053","20220927162000","1262","3","高雄市","三民區","120.330","22.640","2119"
"1308","100054","20220927162000","915","2","高雄市","三民區","120.315","22.640","1417"
"799","100057","20220927162000","1072","0","高雄市","前鎮區","120.285","22.605","829"
"547","100058","20220927162000","476","1","高雄市","前鎮區","120.290","22.605","461"
"2077","100059","20220927162000","1489","2","高雄市","前鎮區","120.300","22.605","1992"
"45","100071","20220927162000","64","0","臺東縣","太麻里鄉","121.025","22.670","68"
"114","100074","20220927162000","143","0","臺東縣","太麻里鄉","121.040","22.670","115"
"118","100530","20220927162000","127","0","臺東縣","金峰鄉","120.950","22.640","109"
"119","100729","20220927162000","80","2","臺東縣","金峰鄉","121.000","22.635","87"
"1277","100742","20220927162000","955","2","高雄市","鳳山區","120.360","22.625","1266"
"1391","100743","20220927162000","1613","0","高雄市","三民區","120.305","22.640","1364"
"157","100744","20220927162000","725","0","高雄市","楠梓區","120.295","22.725","126"
"3073","100745","20220927162000","2651","1","高雄市","楠梓區","120.300","22.720","2997"
"121","100746","20220927162000","87","2","高雄市","鳳山區","120.365","22.605","129"
"780","100747","20220927162000","932","0","高雄市","鳳山區","120.360","22.610","720"
"514","100753","20220927162000","428","2","高雄市","鳳山區","120.355","22.605","505"
"202","100755","20220927162000","183","1","高雄市","鳳山區","120.365","22.615","187"
"52","100759","20220927162000","192","0","高雄市","左營區","120.295","22.695","43"
"380","100760","20220927162000","170","3","高雄市","左營區","120.295","22.700","392"
"2237","100762","20220927162000","1724","2","高雄市","三民區","120.315","22.645","2059"
"2197","100764","20220927162000","2161","1","高雄市","三民區","120.310","22.640","2276"
"1261","100765","20220927162000","1392","0","高雄市","前金區","120.290","22.630","1336"
"1702","100766","20220927162000","1150","2","高雄市","三民區","120.295","22.645","1766"
"163","100767","20220927162000","216","0","高雄市","仁武區","120.340","22.705","159"
"364","100768","20220927162000","1199","0","高雄市","仁武區","120.345","22.705","273"
"688","100771","20220927162000","516","2","高雄市","仁武區","120.340","22.715","677"
"1196","100773","20220927162000","991","2","高雄市","仁武區","120.350","22.690","864"
"837","100775","20220927162000","318","3","高雄市","仁武區","120.350","22.695","801"
"68","100777","20220927162000","793","0","高雄市","仁武區","120.355","22.700","54"
"60","100778","20220927162000","32","3","高雄市","仁武區","120.350","22.705","47"
"290","100779","20220927162000","293","0","高雄市","仁武區","120.355","22.705","281"
"294","100781","20220927162000","285","1","高雄市","仁武區","120.350","22.710","310"
"212","100783","20220927162000","280","0","高雄市","仁武區","120.345","22.715","241"
"991","100786","20220927162000","1217","0","高雄市","前鎮區","120.335","22.605","931"
"2197","100787","20220927162000","1954","1","高雄市","前鎮區","120.330","22.600","2022"
"1823","100788","20220927162000","1723","1","高雄市","三民區","120.335","22.650","1777"
"912","100789","20220927162000","998","0","高雄市","三民區","120.325","22.655","953"
"73","100790","20220927162000","24","3","臺東縣","太麻里鄉","120.975","22.600","52"
"555","100808","20220927162000","621","0","臺東縣","太麻里鄉","121.005","22.610","569"
"3212","100829","20220927162000","2894","1","高雄市","苓雅區","120.340","22.630","3324"
"1689","100830","20220927162000","2071","0","高雄市","鳳山區","120.345","22.630","1946"
"960","100831","20220927162000","1706","0","高雄市","鳳山區","120.365","22.640","942"
"1962","100832","20220927162000","1462","2","高雄市","苓雅區","120.325","22.615","1927"
"2351","100833","20220927162000","1989","1","高雄市","左營區","120.305","22.660","2401"
"3480","100834","20220927162000","2965","1","高雄市","左營區","120.310","22.660","3347"
"3911","100835","20220927162000","2993","2","高雄市","左營區","120.305","22.665","3731"
"1596","100836","20220927162000","2266","0","高雄市","左營區","120.310","22.665","1672"
"1767","100837","20220927162000","1903","0","高雄市","左營區","120.300","22.670","1773"
"2531","100838","20220927162000","2298","1","高雄市","左營區","120.305","22.670","2443"
"1860","100839","20220927162000","1808","1","高雄市","左營區","120.300","22.680","1857"
"2025","100842","20220927162000","2053","0","高雄市","新興區","120.305","22.635","2133"
"62","100844","20220927162000","44","2","高雄市","大寮區","120.385","22.635","58"
"1941","100848","20220927162000","1587","2","高雄市","大寮區","120.395","22.640","1858"
"1486","100851","20220927162000","1695","0","高雄市","三民區","120.325","22.675","1647"
"1695","100852","20220927162000","1376","2","高雄市","三民區","120.325","22.660","1669"
"1652","100853","20220927162000","1171","2","高雄市","三民區","120.330","22.660","1568"
"996","100854","20220927162000","2034","0","高雄市","三民區","120.325","22.665","1024"
"83","100855","20220927162000","686","0","高雄市","鳥松區","120.335","22.665","66"
"292","100856","20220927162000","1249","0","高雄市","三民區","120.330","22.665","232"
"344","100858","20220927162000","533","0","高雄市","三民區","120.330","22.670","385"
"2632","100860","20220927162000","2209","1","高雄市","三民區","120.335","22.645","2472"
"1122","100861","20220927162000","898","2","高雄市","前鎮區","120.310","22.605","1156"
"2588","100862","20220927162000","2694","0","高雄市","前鎮區","120.310","22.610","2409"
"790","100863","20220927162000","881","0","高雄市","前鎮區","120.315","22.610","821"
"91","100864","20220927162000","412","0","高雄市","左營區","120.290","22.700","66"
"1208","100865","20220927162000","1106","1","高雄市","左營區","120.285","22.680","1177"
"935","100866","20220927162000","662","2","高雄市","左營區","120.290","22.680","967"
"884","100867","20220927162000","1067","0","高雄市","鳳山區","120.350","22.640","910"
"1846","100868","20220927162000","1165","3","高雄市","鳳山區","120.350","22.630","1858"
"946","100869","20220927162000","3278","0","高雄市","鳳山區","120.350","22.645","964"
"1107","100870","20220927162000","1460","0","高雄市","鳳山區","120.350","22.635","1067"
"1769","100871","20220927162000","1754","1","高雄市","苓雅區","120.335","22.620","1757"
"1065","100872","20220927162000","1608","0","高雄市","鳳山區","120.340","22.600","1108"
"1841","100873","20220927162000","1185","3","高雄市","三民區","120.320","22.645","1849"
"1274","100874","20220927162000","1241","1","高雄市","三民區","120.325","22.645","1231"
"2129","100875","20220927162000","1511","2","高雄市","三民區","120.290","22.635","2176"
"1545","100877","20220927162000","1252","2","高雄市","三民區","120.325","22.670","1512"
"1020","100878","20220927162000","1952","0","高雄市","三民區","120.315","22.660","992"
"1579","100879","20220927162000","1421","1","高雄市","三民區","120.320","22.660","1446"
"2150","100880","20220927162000","2236","0","高雄市","三民區","120.315","22.665","2266"
"263","100881","20220927162000","2069","0","高雄市","三民區","120.320","22.665","260"
"2056","100883","20220927162000","1437","2","高雄市","前鎮區","120.305","22.610","2083"
"279","100888","20220927162000","1042","0","高雄市","大寮區","120.390","22.625","249"
"2609","100890","20220927162000","2267","1","高雄市","三民區","120.335","22.640","2562"
"1850","100891","20220927162000","2392","0","高雄市","鳳山區","120.345","22.635","2009"
"300","100909","20220927162000","430","0","臺東縣","臺東市","121.055","22.705","328"
"186","100915","20220927162000","187","0","臺東縣","太麻里鄉","121.010","22.625","200"
"167","100925","20220927162000","42","3","臺東縣","太麻里鄉","121.015","22.640","159"
"542","100938","20220927162000","340","3","臺東縣","臺東市","121.100","22.725","525"
"125","100946","20220927162000","245","0","高雄市","鳥松區","120.350","22.665","141"
"1070","100947","20220927162000","690","3","高雄市","鳥松區","120.355","22.665","1129"
"242","100948","20220927162000","214","1","高雄市","鳥松區","120.360","22.665","249"
"147","100954","20220927162000","174","0","高雄市","仁武區","120.370","22.680","155"
"40","100961","20220927162000","26","3","高雄市","鳥松區","120.380","22.685","43"
"313","100966","20220927162000","257","2","高雄市","鳥松區","120.395","22.665","298"
"47","100969","20220927162000","74","0","高雄市","鳥松區","120.390","22.675","39"
"1406","100974","20220927162000","1273","1","高雄市","三民區","120.340","22.645","1445"
"1507","100975","20220927162000","969","3","高雄市","鳥松區","120.345","22.655","1490"
"314","100977","20220927162000","415","0","高雄市","鳥松區","120.340","22.655","333"
"313","100978","20220927162000","370","0","高雄市","鳥松區","120.340","22.660","345"
"295","100982","20220927162000","278","1","高雄市","鳥松區","120.390","22.660","324"
"36","100983","20220927162000","189","0","高雄市","鳥松區","120.395","22.660","43"
"96","100986","20220927162000","906","0","高雄市","鳳山區","120.360","22.640","93"
"185","100987","20220927162000","1264","0","高雄市","鳥松區","120.355","22.645","179"
"466","100988","20220927162000","159","3","高雄市","鳳山區","120.360","22.645","434"
"439","100989","20220927162000","221","3","高雄市","鳥松區","120.365","22.645","451"
"2617","100992","20220927162000","2394","1","高雄市","鳥松區","120.355","22.650","2508"
"780","100995","20220927162000","904","0","高雄市","鳥松區","120.370","22.650","715"
"85","100997","20220927162000","143","0","高雄市","鳥松區","120.355","22.655","80"
"1229","100998","20220927162000","1203","1","高雄市","鳥松區","120.360","22.655","1326"
"967","101004","20220927162000","613","3","高雄市","鳥松區","120.360","22.660","973"
"789","101009","20220927162000","779","1","高雄市","鳥松區","120.370","22.665","798"
"99","101010","20220927162000","155","0","高雄市","鳥松區","120.340","22.665","119"
"38","101012","20220927162000","18","3","高雄市","仁武區","120.345","22.670","38"
"48","101013","20220927162000","93","0","高雄市","鳥松區","120.365","22.670","23"
"273","101014","20220927162000","214","2","高雄市","鳥松區","120.370","22.670","287"
"321","101017","20220927162000","215","2","高雄市","鳥松區","120.380","22.655","304"
"171","101018","20220927162000","109","3","高雄市","鳥松區","120.385","22.655","162"
"404","101019","20220927162000","289","2","高雄市","鳥松區","120.370","22.660","381"
"218","101021","20220927162000","396","0","高雄市","鳥松區","120.380","22.660","246"
"750","101029","20220927162000","915","0","高雄市","鳳山區","120.355","22.625","789"
"2524","101030","20220927162000","2122","1","高雄市","鳳山區","120.355","22.635","2372"
"24","101034","20220927162000","11","3","高雄市","鳳山區","120.380","22.625","16"
"1178","101035","20220927162000","984","1","高雄市","楠梓區","120.325","22.705","1094"
"33","101038","20220927162000","36","0","高雄市","仁武區","120.330","22.695","33"
"279","101039","20220927162000","390","0","高雄市","仁武區","120.325","22.700","263"
"540","101043","20220927162000","696","0","高雄市","前鎮區","120.315","22.605","521"
"1216","101044","20220927162000","1951","0","高雄市","三民區","120.335","22.635","1292"
"171","101045","20220927162000","867","0","高雄市","三民區","120.345","22.640","183"
"189","101046","20220927162000","1034","0","高雄市","仁武區","120.345","22.675","149"
"331","101047","20220927162000","356","0","高雄市","仁武區","120.350","22.675","348"
"315","101048","20220927162000","875","0","高雄市","仁武區","120.340","22.680","243"
"688","101049","20220927162000","458","3","高雄市","仁武區","120.345","22.680","667"
"1165","101052","20220927162000","903","2","高雄市","仁武區","120.325","22.685","1284"
"723","101053","20220927162000","427","3","高雄市","仁武區","120.325","22.690","705"
"701","101055","20220927162000","507","2","高雄市","仁武區","120.325","22.695","696"
"708","101056","20220927162000","324","3","高雄市","仁武區","120.320","22.695","672"
"683","101058","20220927162000","629","1","高雄市","仁武區","120.330","22.700","693"
"251","101059","20220927162000","812","0","高雄市","鳳山區","120.365","22.635","252"
"1848","101061","20220927162000","1895","0","高雄市","苓雅區","120.295","22.615","1894"
"2330","101062","20220927162000","1814","2","高雄市","苓雅區","120.320","22.625","2349"
"1513","101063","20220927162000","1201","2","高雄市","鳳山區","120.375","22.625","1505"
"45","101064","20220927162000","659","0","高雄市","鳳山區","120.375","22.620","60"
"122","101068","20220927162000","61","3","高雄市","鳳山區","120.365","22.620","111"
"338","101069","20220927162000","276","2","高雄市","鳳山區","120.370","22.620","318"
"1599","101074","20220927162000","1907","0","高雄市","左營區","120.290","22.675","1534"
"55","101076","20220927162000","127","0","高雄市","梓官區","120.250","22.730","55"
"617","101077","20220927162000","612","1","高雄市","梓官區","120.255","22.730","562"
"642","101086","20220927162000","401","3","高雄市","楠梓區","120.275","22.725","654"
"28","101090","20220927162000","370","0","高雄市","楠梓區","120.280","22.725","20"
"465","101092","20220927162000","489","0","高雄市","楠梓區","120.280","22.730","468"
"1632","101094","20220927162000","1246","2","高雄市","楠梓區","120.320","22.725","1656"
"1308","101095","20220927162000","669","3","高雄市","楠梓區","120.285","22.710","1408"
"24","101096","20220927162000","238","0","高雄市","左營區","120.300","22.695","11"
"1369","101100","20220927162000","1622","0","高雄市","苓雅區","120.315","22.625","1493"
"1289","101101","20220927162000","1397","0","高雄市","鹽埕區","120.280","22.625","1229"
"2312","101102","20220927162000","1584","2","高雄市","苓雅區","120.325","22.620","2456"
"442","101103","20220927162000","317","2","高雄市","左營區","120.310","22.670","380"
"1258","101104","20220927162000","675","3","高雄市","左營區","120.315","22.670","1217"
"2337","101105","20220927162000","1815","2","高雄市","左營區","120.300","22.675","2362"
"581","101106","20220927162000","279","3","高雄市","左營區","120.295","22.680","671"
"1858","101107","20220927162000","1499","2","高雄市","左營區","120.305","22.675","1756"
"359","101109","20220927162000","1141","0","高雄市","鳳山區","120.340","22.610","367"
"1722","101110","20220927162000","1772","0","高雄市","鳳山區","120.335","22.615","1786"
"122","101111","20220927162000","632","0","高雄市","鳳山區","120.340","22.615","153"
"554","101113","20220927162000","1813","0","高雄市","鳳山區","120.340","22.605","562"
"691","101114","20220927162000","526","2","高雄市","鼓山區","120.280","22.655","637"
"1677","101115","20220927162000","1835","0","高雄市","鼓山區","120.280","22.660","1679"
"1394","101116","20220927162000","883","3","高雄市","鼓山區","120.285","22.650","1432"
"847","101117","20220927162000","1410","0","高雄市","鼓山區","120.290","22.650","767"
"1911","101119","20220927162000","2106","0","高雄市","鼓山區","120.290","22.655","1877"
"81","101120","20220927162000","775","0","高雄市","鼓山區","120.285","22.660","60"
"779","101121","20220927162000","1210","0","高雄市","鼓山區","120.290","22.660","788"
"639","101122","20220927162000","436","2","高雄市","鼓山區","120.290","22.665","628"
"584","101123","20220927162000","950","0","高雄市","鼓山區","120.285","22.665","593"
"1241","101124","20220927162000","750","3","高雄市","鼓山區","120.280","22.645","1213"
"917","101125","20220927162000","770","1","高雄市","鼓山區","120.270","22.625","836"
"1365","101126","20220927162000","1935","0","高雄市","鼓山區","120.280","22.630","1356"
"89","101127","20220927162000","83","1","高雄市","鼓山區","120.275","22.625","98"
"111","101128","20220927162000","115","0","高雄市","鼓山區","120.270","22.635","160"
"15","101129","20220927162000","87","0","高雄市","鼓山區","120.275","22.635","26"
"1392","101132","20220927162000","1603","0","高雄市","三民區","120.320","22.640","1516"
"784","101133","20220927162000","1189","0","高雄市","鳥松區","120.340","22.650","841"
"2630","101134","20220927162000","2330","1","高雄市","三民區","120.340","22.640","2516"
"1691","101135","20220927162000","2527","0","高雄市","三民區","120.345","22.645","1698"
"218","101137","20220927162000","271","0","高雄市","梓官區","120.260","22.725","243"
"490","101139","20220927162000","318","3","高雄市","梓官區","120.255","22.725","602"
"43","101449","20220927162000","68","0","臺東縣","卑南鄉","120.990","22.690","52"
"384","101488","20220927162000","301","2","臺東縣","卑南鄉","121.020","22.695","358"
"2743","101748","20220927162000","2351","1","高雄市","苓雅區","120.300","22.615","2773"
"1643","101749","20220927162000","1660","0","高雄市","苓雅區","120.325","22.630","1498"
"563","101750","20220927162000","964","0","高雄市","鳳山區","120.340","22.620","588"
"469","101751","20220927162000","561","0","高雄市","鳳山區","120.370","22.630","491"
"1625","101752","20220927162000","1901","0","高雄市","鳳山區","120.355","22.630","1693"
"615","101753","20220927162000","972","0","高雄市","鳳山區","120.360","22.630","580"
"88","101754","20220927162000","207","0","高雄市","鳳山區","120.330","22.615","80"
"162","101757","20220927162000","866","0","高雄市","苓雅區","120.325","22.635","167"
"167","101758","20220927162000","133","2","高雄市","仁武區","120.350","22.680","153"
"237","101759","20220927162000","222","1","高雄市","鳥松區","120.355","22.670","212"
"240","101760","20220927162000","1237","0","高雄市","仁武區","120.355","22.675","182"
"86","101765","20220927162000","54","3","高雄市","仁武區","120.345","22.695","85"
"623","101766","20220927162000","515","2","高雄市","仁武區","120.340","22.700","621"
"1525","101767","20220927162000","1163","2","高雄市","仁武區","120.345","22.700","1421"
"435","101768","20220927162000","767","0","高雄市","仁武區","120.350","22.700","431"
"37","101777","20220927162000","27","2","高雄市","仁武區","120.375","22.710","38"
"48","101778","20220927162000","89","0","高雄市","仁武區","120.380","22.710","34"
"48","101783","20220927162000","49","0","高雄市","仁武區","120.380","22.715","58"
"74","101785","20220927162000","109","0","高雄市","仁武區","120.390","22.715","88"
"68","101790","20220927162000","79","0","高雄市","仁武區","120.390","22.720","84"
"621","101808","20220927162000","362","3","高雄市","三民區","120.335","22.670","519"
"164","101809","20220927162000","531","0","高雄市","仁武區","120.335","22.680","586"
"1228","101810","20220927162000","893","2","高雄市","仁武區","120.335","22.685","1267"
"112","101815","20220927162000","580","0","高雄市","仁武區","120.330","22.680","111"
"180","101817","20220927162000","1049","0","高雄市","仁武區","120.330","22.690","108"
"257","101818","20220927162000","573","0","高雄市","仁武區","120.335","22.690","203"
"1333","101819","20220927162000","721","3","高雄市","仁武區","120.330","22.675","1356"
"244","101820","20220927162000","534","0","高雄市","仁武區","120.335","22.675","228"
"690","101822","20220927162000","727","0","高雄市","前鎮區","120.320","22.605","661"
"635","101823","20220927162000","442","2","高雄市","前鎮區","120.325","22.605","639"
"376","101824","20220927162000","945","0","高雄市","前鎮區","120.325","22.610","335"
"2682","101825","20220927162000","2562","1","高雄市","前鎮區","120.320","22.610","2725"
"180","101826","20220927162000","229","0","高雄市","左營區","120.290","22.685","190"
"973","101827","20220927162000","761","2","高雄市","左營區","120.275","22.690","1377"
"231","101829","20220927162000","212","1","高雄市","左營區","120.285","22.690","418"
"378","101832","20220927162000","346","1","高雄市","左營區","120.285","22.695","378"
"542","101833","20220927162000","350","3","高雄市","左營區","120.290","22.695","463"
"194","101835","20220927162000","436","0","高雄市","左營區","120.285","22.700","250"
"89","101836","20220927162000","73","2","高雄市","左營區","120.280","22.705","95"
"172","101837","20220927162000","160","1","高雄市","楠梓區","120.285","22.705","194"
"1328","101838","20220927162000","1704","0","高雄市","左營區","120.290","22.670","1318"
"2578","101839","20220927162000","2062","2","高雄市","苓雅區","120.335","22.630","2666"
"1637","101840","20220927162000","1410","1","高雄市","三民區","120.340","22.635","1555"
"810","101842","20220927162000","959","0","高雄市","鳳山區","120.345","22.625","935"
"316","101843","20220927162000","475","0","高雄市","鼓山區","120.275","22.660","343"
"34","101848","20220927162000","47","0","高雄市","鼓山區","120.275","22.670","36"
"125","101862","20220927162000","100","2","臺東縣","太麻里鄉","121.045","22.675","114"
"344","101876","20220927162000","333","1","臺東縣","太麻里鄉","121.030","22.685","351"
"385","101895","20220927162000","158","3","臺東縣","太麻里鄉","121.050","22.690","294"
"73","101900","20220927162000","105","0","臺東縣","卑南鄉","121.015","22.695","75"
"114","101930","20220927162000","43","3","臺東縣","太麻里鄉","121.020","22.650","137"
"1256","101964","20220927162000","1172","1","高雄市","苓雅區","120.320","22.635","1289"
"427","101965","20220927162000","989","0","高雄市","三民區","120.315","22.635","406"
"1851","101966","20220927162000","2258","0","高雄市","苓雅區","120.330","22.630","1907"
"160","101967","20220927162000","212","0","高雄市","鳳山區","120.350","22.605","189"
"1143","101970","20220927162000","1009","1","高雄市","鳳山區","120.350","22.600","1154"
"584","101972","20220927162000","1205","0","高雄市","鳳山區","120.335","22.610","573"
"2654","101973","20220927162000","1759","3","高雄市","苓雅區","120.330","22.635","2564"
"65","101976","20220927162000","46","2","高雄市","大寮區","120.425","22.600","69"
"121","101977","20220927162000","134","0","高雄市","大寮區","120.430","22.600","127"
"122","101981","20220927162000","452","0","高雄市","前金區","120.290","22.620","103"
"2009","101982","20220927162000","1640","2","高雄市","苓雅區","120.340","22.625","1961"
"671","101983","20220927162000","427","3","高雄市","苓雅區","120.330","22.620","624"
"1999","101984","20220927162000","1850","1","高雄市","鼓山區","120.280","22.650","1876"
"499","101985","20220927162000","954","0","高雄市","三民區","120.285","22.640","483"
"664","101988","20220927162000","526","2","高雄市","楠梓區","120.285","22.715","751"
"2974","101989","20220927162000","2836","1","高雄市","苓雅區","120.305","22.620","3010"
"87","101990","20220927162000","80","1","高雄市","苓雅區","120.320","22.615","87"
"224","101991","20220927162000","1686","0","高雄市","苓雅區","120.320","22.630","220"
"3471","101992","20220927162000","3475","0","高雄市","前金區","120.295","22.620","3577"
"1922","101993","20220927162000","1491","2","高雄市","苓雅區","120.325","22.625","2046"
"1311","101995","20220927162000","1275","1","高雄市","鼓山區","120.275","22.620","1216"
"466","101996","20220927162000","367","2","高雄市","鹽埕區","120.280","22.620","404"
"47","101997","20220927162000","548","0","高雄市","左營區","120.295","22.705","52"
"2880","101998","20220927162000","2206","2","高雄市","左營區","120.310","22.675","2825"
"572","101999","20220927162000","546","1","高雄市","左營區","120.315","22.675","536"
"1226","102000","20220927162000","909","2","高雄市","左營區","120.320","22.675","1153"
"115","102001","20220927162000","912","0","高雄市","左營區","120.305","22.685","118"
"1012","102002","20220927162000","573","3","高雄市","左營區","120.310","22.680","1073"
"2888","102003","20220927162000","2045","2","高雄市","左營區","120.320","22.680","2750"
"70","102005","20220927162000","127","0","高雄市","大寮區","120.395","22.600","76"
"626","102006","20220927162000","449","2","高雄市","大寮區","120.390","22.600","624"
"346","102007","20220927162000","273","2","高雄市","大寮區","120.390","22.605","335"
"1059","102008","20220927162000","798","2","高雄市","大寮區","120.395","22.605","1073"
"652","102010","20220927162000","542","2","高雄市","大寮區","120.400","22.610","648"
"88","102013","20220927162000","473","0","高雄市","大寮區","120.405","22.615","108"
"582","102015","20220927162000","720","0","高雄市","鳳山區","120.355","22.640","566"
"826","102017","20220927162000","698","1","高雄市","鼓山區","120.280","22.635","932"
"891","102018","20220927162000","772","1","高雄市","鳳山區","120.370","22.635","903"
"1037","102019","20220927162000","906","1","高雄市","鼓山區","120.295","22.665","945"
"2325","102020","20220927162000","3474","0","高雄市","鼓山區","120.300","22.665","2388"
"528","102021","20220927162000","239","3","高雄市","鼓山區","120.265","22.625","549"
"2188","102022","20220927162000","1358","3","高雄市","鼓山區","120.265","22.630","2119"
"418","102024","20220927162000","408","1","高雄市","鼓山區","120.260","22.635","375"
"237","102030","20220927162000","251","0","高雄市","鼓山區","120.255","22.645","217"
"64","102031","20220927162000","75","0","高雄市","鼓山區","120.260","22.645","78"
"771","102045","20220927162000","693","1","高雄市","鼓山區","120.275","22.650","775"
"612","102046","20220927162000","501","2","高雄市","苓雅區","120.310","22.620","639"
"2478","102047","20220927162000","2124","1","高雄市","左營區","120.295","22.670","2426"
"28","102048","20220927162000","344","0","高雄市","鼓山區","120.285","22.670","21"
"70","102049","20220927162000","709","0","高雄市","鼓山區","120.280","22.640","98"
"22","102052","20220927162000","209","0","高雄市","大樹區","120.430","22.675","20"
"70","102067","20220927162000","38","3","高雄市","大樹區","120.430","22.700","64"
"321","102078","20220927162000","359","0","高雄市","大樹區","120.410","22.675","305"
"158","102079","20220927162000","188","0","高雄市","大樹區","120.405","22.680","168"
"109","102090","20220927162000","43","3","高雄市","大樹區","120.395","22.690","99"
"696","102093","20220927162000","728","0","高雄市","大樹區","120.430","22.690","714"
"402","102098","20220927162000","315","2","高雄市","大樹區","120.435","22.695","439"
"327","102111","20220927162000","481","0","高雄市","大樹區","120.410","22.660","338"
"584","102113","20220927162000","436","2","高雄市","大樹區","120.410","22.665","599"
"259","102120","20220927162000","281","0","高雄市","大樹區","120.445","22.725","273"
"307","102123","20220927162000","242","2","高雄市","大樹區","120.445","22.730","309"
"338","102126","20220927162000","222","3","高雄市","大樹區","120.445","22.735","320"
"194","102132","20220927162000","247","0","高雄市","大樹區","120.425","22.665","220"
"192","102141","20220927162000","78","3","高雄市","大樹區","120.425","22.675","177"
"1606","102143","20220927162000","1923","0","高雄市","左營區","120.295","22.690","1695"
"787","102144","20220927162000","929","0","高雄市","鳳山區","120.360","22.620","808"
"1436","102146","20220927162000","1470","0","高雄市","鳳山區","120.355","22.620","1374"
"403","102147","20220927162000","348","1","高雄市","鳳山區","120.335","22.600","359"
"4980","102148","20220927162000","3582","2","高雄市","新興區","120.315","22.630","4747"
"1897","102149","20220927162000","1796","1","高雄市","苓雅區","120.305","22.615","1730"
"1261","102150","20220927162000","1072","1","高雄市","鳳山區","120.345","22.605","1227"
"2017","102151","20220927162000","1545","2","高雄市","前鎮區","120.330","22.605","2022"
"1533","102152","20220927162000","1183","2","高雄市","鳥松區","120.345","22.650","1589"
"1925","102153","20220927162000","1901","1","高雄市","三民區","120.330","22.650","1770"
"643","102154","20220927162000","1023","0","高雄市","三民區","120.330","22.655","639"
"104","102157","20220927162000","533","0","高雄市","仁武區","120.360","22.675","99"
"142","102159","20220927162000","103","2","高雄市","仁武區","120.365","22.680","136"
"685","102160","20220927162000","744","0","高雄市","仁武區","120.360","22.685","738"
"49","102165","20220927162000","246","0","高雄市","仁武區","120.365","22.685","38"
"601","102172","20220927162000","503","1","高雄市","大寮區","120.425","22.605","611"
"131","102173","20220927162000","885","0","高雄市","大寮區","120.430","22.605","143"
"631","102181","20220927162000","443","2","高雄市","大寮區","120.410","22.615","666"
"188","102185","20220927162000","161","1","高雄市","大寮區","120.430","22.615","186"
"236","102186","20220927162000","202","1","高雄市","大寮區","120.420","22.640","237"
"259","102190","20220927162000","378","0","高雄市","大寮區","120.415","22.640","308"
"12","102199","20220927162000","233","0","高雄市","鼓山區","120.275","22.630","15"
"519","102200","20220927162000","309","3","高雄市","鼓山區","120.270","22.620","487"
"544","102203","20220927162000","686","0","高雄市","大寮區","120.385","22.640","586"
"786","102206","20220927162000","659","1","高雄市","鳥松區","120.385","22.645","709"
"475","102213","20220927162000","195","3","高雄市","鳥松區","120.390","22.650","532"
"485","102215","20220927162000","421","1","高雄市","鳥松區","120.390","22.655","425"
"24","102216","20220927162000","211","0","高雄市","鳥松區","120.395","22.655","27"
"337","102217","20220927162000","185","3","高雄市","鳥松區","120.400","22.655","324"
"425","102227","20220927162000","373","1","高雄市","鼓山區","120.285","22.655","434"
"803","102228","20220927162000","1118","0","高雄市","三民區","120.295","22.650","826"
"1433","102229","20220927162000","1029","2","高雄市","鼓山區","120.295","22.655","1384"
"1874","102230","20220927162000","1376","2","高雄市","鼓山區","120.300","22.655","1806"
"1507","102231","20220927162000","2385","0","高雄市","鼓山區","120.305","22.655","1538"
"1551","102232","20220927162000","1243","2","高雄市","左營區","120.310","22.655","1327"
"3859","102233","20220927162000","3587","1","高雄市","鼓山區","120.295","22.660","4373"
"113","102235","20220927162000","360","0","高雄市","楠梓區","120.315","22.715","110"
"1117","102236","20220927162000","1160","0","高雄市","楠梓區","120.315","22.720","1198"
"318","102237","20220927162000","1479","0","高雄市","楠梓區","120.295","22.710","341"
"3664","102238","20220927162000","3377","1","高雄市","苓雅區","120.315","22.620","3691"
"39","102239","20220927162000","66","0","高雄市","旗津區","120.265","22.615","35"
"448","102241","20220927162000","421","1","高雄市","大寮區","120.410","22.620","416"
"352","102243","20220927162000","297","1","高雄市","大寮區","120.410","22.625","353"
"221","102244","20220927162000","193","1","高雄市","大寮區","120.405","22.630","209"
"129","102246","20220927162000","101","2","高雄市","大樹區","120.425","22.715","103"
"82","102251","20220927162000","45","3","高雄市","大樹區","120.425","22.720","74"
"952","102254","20220927162000","2291","0","高雄市","大樹區","120.405","22.725","1020"
"84","102259","20220927162000","60","2","高雄市","大樹區","120.430","22.725","91"
"233","102260","20220927162000","1324","0","高雄市","仁武區","120.400","22.730","150"
"122","102261","20220927162000","835","0","高雄市","大樹區","120.405","22.730","114"
"80","102267","20220927162000","93","0","高雄市","大樹區","120.410","22.735","80"
"483","102273","20220927162000","447","1","高雄市","大樹區","120.415","22.655","510"
"255","102274","20220927162000","172","2","高雄市","大樹區","120.420","22.655","259"
"90","102276","20220927162000","606","0","高雄市","大樹區","120.420","22.660","109"
"231","102278","20220927162000","116","3","高雄市","大樹區","120.410","22.645","213"
"82","102279","20220927162000","59","2","高雄市","大樹區","120.415","22.645","73"
"474","102280","20220927162000","958","0","高雄市","大樹區","120.420","22.645","543"
"248","102282","20220927162000","281","0","高雄市","大樹區","120.425","22.650","235"
"637","102285","20220927162000","636","1","高雄市","大樹區","120.425","22.655","630"
"128","102292","20220927162000","237","0","高雄市","大寮區","120.405","22.605","135"
"100","102296","20220927162000","210","0","高雄市","前鎮區(海)","120.285","22.610","139"
"930","102302","20220927162000","859","1","高雄市","大寮區","120.390","22.635","897"
"379","102303","20220927162000","406","0","高雄市","大寮區","120.395","22.635","367"
"156","102304","20220927162000","100","3","高雄市","大寮區","120.400","22.635","171"
"170","102305","20220927162000","92","3","高雄市","大寮區","120.400","22.640","154"
"1293","102306","20220927162000","1566","0","高雄市","三民區","120.305","22.645","1315"
"1741","102307","20220927162000","1582","1","高雄市","三民區","120.305","22.650","2629"
"2443","102308","20220927162000","2177","1","高雄市","鳳山區","120.345","22.620","2535"
"491","102309","20220927162000","321","3","高雄市","鳳山區","120.350","22.620","496"
"520","102310","20220927162000","1230","0","高雄市","鳳山區","120.350","22.625","486"
"270","102311","20220927162000","134","3","高雄市","旗津區","120.275","22.605","232"
"693","102312","20220927162000","372","3","高雄市","旗津區(海)","120.275","22.610","761"
"556","102313","20220927162000","569","0","高雄市","旗津區","120.275","22.600","548"
"823","102314","20220927162000","636","2","高雄市","旗津區","120.270","22.610","896"
"142","102316","20220927162000","176","0","高雄市","大社區","120.365","22.715","176"
"275","102319","20220927162000","276","0","高雄市","大社區","120.350","22.720","294"
"195","102326","20220927162000","89","3","高雄市","大社區","120.340","22.730","156"
"328","102327","20220927162000","932","0","高雄市","大社區","120.350","22.735","335"
"1332","102328","20220927162000","1332","1","高雄市","大社區","120.345","22.730","1366"
"520","102329","20220927162000","710","0","高雄市","大社區","120.350","22.730","577"
"498","102330","20220927162000","541","0","高雄市","大社區","120.355","22.730","488"
"182","102333","20220927162000","126","2","高雄市","大社區","120.370","22.730","198"
"69","102335","20220927162000","58","1","高雄市","大社區","120.375","22.730","65"
"94","102340","20220927162000","676","0","高雄市","大社區","120.360","22.720","117"
"920","102341","20220927162000","711","2","高雄市","大社區","120.350","22.725","899"
"330","102342","20220927162000","297","1","高雄市","大社區","120.355","22.725","302"
"103","102343","20220927162000","47","3","高雄市","大社區","120.360","22.725","108"
"46","102344","20220927162000","43","1","高雄市","左營區","120.295","22.675","24"
"124","102345","20220927162000","414","0","高雄市","左營區","120.300","22.690","124"
"40","102346","20220927162000","26","3","高雄市","左營區","120.260","22.670","40"
"121","102347","20220927162000","150","0","高雄市","左營區","120.265","22.675","169"
"275","102349","20220927162000","112","3","高雄市","左營區","120.275","22.675","260"
"401","102350","20220927162000","185","3","高雄市","左營區","120.280","22.675","356"
"655","102353","20220927162000","487","2","高雄市","左營區","120.275","22.680","640"
"402","102354","20220927162000","996","0","高雄市","左營區","120.280","22.680","376"
"722","102356","20220927162000","369","3","高雄市","左營區","120.265","22.680","589"
"211","102357","20220927162000","241","0","高雄市","左營區","120.270","22.680","203"
"496","102358","20220927162000","417","1","高雄市","左營區","120.280","22.685","468"
"360","102360","20220927162000","103","3","高雄市","左營區","120.265","22.685","383"
"922","102361","20220927162000","717","2","高雄市","左營區","120.275","22.685","928"
"122","102364","20220927162000","180","0","高雄市","左營區","120.295","22.685","42"
"3032","102365","20220927162000","2333","2","高雄市","新興區","120.310","22.625","2978"
"1735","102366","20220927162000","1507","1","高雄市","新興區","120.305","22.625","1866"
"3713","102370","20220927162000","3889","0","高雄市","仁武區","120.325","22.680","3283"
"1784","102371","20220927162000","2027","0","高雄市","左營區","120.305","22.680","1768"
"1003","102372","20220927162000","2127","0","高雄市","左營區","120.315","22.680","1001"
"779","102373","20220927162000","613","2","高雄市","左營區","120.315","22.685","800"
"505","102374","20220927162000","537","0","高雄市","仁武區","120.330","22.685","525"
"232","102375","20220927162000","352","0","高雄市","左營區","120.310","22.690","245"
"1104","102376","20220927162000","1522","0","高雄市","左營區","120.320","22.685","1096"
"6006","102377","20220927162000","7058","0","高雄市","三民區","120.310","22.645","6190"
"447","102378","20220927162000","914","0","高雄市","三民區","120.310","22.650","430"
"1732","102380","20220927162000","1125","3","高雄市","三民區","120.325","22.640","1574"
"845","102381","20220927162000","876","0","高雄市","三民區","120.295","22.640","900"
"1515","102382","20220927162000","1518","0","高雄市","三民區","120.300","22.650","1521"
"2058","102383","20220927162000","1582","2","高雄市","新興區","120.300","22.635","1843"
"449","102384","20220927162000","1165","0","高雄市","三民區","120.285","22.635","473"
"1873","102385","20220927162000","1157","3","高雄市","三民區","120.330","22.645","1772"
"10","102386","20220927162000","39","0","高雄市","楠梓區","120.330","22.725","35"
"31","102387","20220927162000","25","2","高雄市","楠梓區","120.330","22.730","31"
"1378","102388","20220927162000","1357","1","高雄市","楠梓區","120.335","22.730","1367"
"2125","102389","20220927162000","1742","2","高雄市","楠梓區","120.325","22.730","2119"
"919","102390","20220927162000","1019","0","高雄市","楠梓區","120.285","22.720","970"
"416","102391","20220927162000","470","0","高雄市","楠梓區","120.290","22.705","426"
"304","102393","20220927162000","215","2","高雄市","楠梓區","120.305","22.700","318"
"638","102408","20220927162000","426","2","高雄市","鼓山區(海)","120.295","22.600","690"
"37","102414","20220927162000","14","3","高雄市","鼓山區(海)","120.290","22.615","30"
"1638","102417","20220927162000","1858","0","高雄市","三民區","120.300","22.645","1719"
"116","102419","20220927162000","206","0","高雄市","新興區","120.310","22.635","139"
"2477","102420","20220927162000","2578","0","高雄市","三民區","120.300","22.640","2423"
"375","102421","20220927162000","605","0","高雄市","鳳山區","120.345","22.600","374"
"2201","102422","20220927162000","2351","0","高雄市","鳳山區","120.345","22.610","2133"
"548","102423","20220927162000","396","2","高雄市","鳳山區","120.355","22.610","463"
"2760","102424","20220927162000","2378","1","高雄市","鹽埕區","120.285","22.625","2389"
"2874","102425","20220927162000","1631","3","高雄市","鹽埕區","120.285","22.620","2572"
"1344","102426","20220927162000","1400","0","高雄市","楠梓區","120.305","22.720","1290"
"1134","102427","20220927162000","1265","0","高雄市","楠梓區","120.310","22.720","1170"
"4011","102428","20220927162000","2666","3","高雄市","楠梓區","120.305","22.725","3864"
"1925","102429","20220927162000","1332","2","高雄市","楠梓區","120.310","22.725","1887"
"623","102430","20220927162000","1477","0","高雄市","楠梓區","120.315","22.725","601"
"1365","102431","20220927162000","1304","1","高雄市","楠梓區","120.315","22.730","1453"
"30","102432","20220927162000","225","0","高雄市","楠梓區","120.265","22.705","41"
"41","102441","20220927162000","163","0","高雄市","楠梓區","120.280","22.715","39"
"141","102442","20220927162000","614","0","高雄市","楠梓區","120.280","22.720","245"
"810","102444","20220927162000","774","1","高雄市","楠梓區","120.320","22.715","796"
"332","102445","20220927162000","319","1","高雄市","楠梓區","120.325","22.720","357"
"57","102447","20220927162000","947","0","高雄市","楠梓區","120.320","22.720","76"
"150","102448","20220927162000","141","1","高雄市","旗津區","120.270","22.605","156"
"15","102461","20220927162000","17","0","高雄市","大樹區","120.420","22.700","19"
"124","102466","20220927162000","102","2","高雄市","大樹區","120.415","22.705","139"
"42","102478","20220927162000","260","0","高雄市","大樹區","120.440","22.710","49"
"311","102482","20220927162000","268","1","高雄市","大樹區","120.445","22.715","284"
"235","111108","20220927162000","677","0","屏東縣","九如鄉","120.480","22.750","211"
"16","111132","20220927162000","30","0","屏東縣","九如鄉","120.480","22.740","16"
"57","111134","20220927162000","68","0","屏東縣","九如鄉","120.490","22.740","64"
"58","111142","20220927162000","167","0","屏東縣","九如鄉","120.500","22.740","58"
"96","111145","20220927162000","166","0","屏東縣","九如鄉","120.500","22.745","80"
"74","111157","20220927162000","314","0","屏東縣","九如鄉","120.500","22.760","48"
"414","111163","20220927162000","156","3","屏東縣","九如鄉","120.495","22.745","340"
"42","111167","20220927162000","276","0","屏東縣","九如鄉","120.490","22.755","38"
"37","111171","20220927162000","160","0","屏東縣","九如鄉","120.495","22.760","27"
"475","111186","20220927162000","186","3","屏東縣","高樹鄉","120.570","22.795","419"
"230","111215","20220927162000","101","3","屏東縣","鹽埔鄉","120.545","22.760","213"
"72","111217","20220927162000","156","0","屏東縣","鹽埔鄉","120.555","22.760","58"
"417","111238","20220927162000","277","3","屏東縣","鹽埔鄉","120.545","22.745","425"
"538","111270","20220927162000","272","3","屏東縣","鹽埔鄉","120.550","22.735","549"
"25","111271","20220927162000","30","0","屏東縣","鹽埔鄉","120.560","22.735","21"
"55","111273","20220927162000","291","0","屏東縣","鹽埔鄉","120.555","22.740","67"
"554","111282","20220927162000","201","3","屏東縣","鹽埔鄉","120.560","22.740","556"
"482","111309","20220927162000","279","3","屏東縣","鹽埔鄉","120.515","22.740","450"
"69","111315","20220927162000","176","0","屏東縣","鹽埔鄉","120.580","22.740","72"
"79","111337","20220927162000","345","0","屏東縣","鹽埔鄉","120.580","22.755","75"
"392","111360","20220927162000","911","0","屏東縣","鹽埔鄉","120.575","22.755","354"
"147","111374","20220927162000","103","2","屏東縣","里港鄉","120.480","22.770","143"
"522","111380","20220927162000","366","2","屏東縣","里港鄉","120.480","22.775","471"
"55","111398","20220927162000","126","0","屏東縣","里港鄉","120.490","22.820","43"
"39","111418","20220927162000","157","0","屏東縣","里港鄉","120.490","22.775","49"
"1271","111419","20220927162000","877","2","屏東縣","里港鄉","120.495","22.775","1288"
"194","111451","20220927162000","181","1","屏東縣","里港鄉","120.535","22.775","184"
"127","111459","20220927162000","389","0","屏東縣","里港鄉","120.520","22.785","110"
"379","111491","20220927162000","159","3","屏東縣","里港鄉","120.500","22.780","340"
"189","111507","20220927162000","312","0","屏東縣","高樹鄉","120.615","22.815","168"
"33","111605","20220927162000","103","0","屏東縣","三地門鄉","120.700","22.790","29"
"12","111824","20220927162000","73","0","屏東縣","三地門鄉","120.700","22.765","18"
"114","111907","20220927162000","121","0","屏東縣","三地門鄉","120.635","22.745","105"
"20","112026","20220927162000","52","0","屏東縣","霧台鄉","120.740","22.740","20"
"53","112635","20220927162000","413","0","屏東縣","里港鄉","120.490","22.805","68"
"701","112659","20220927162000","411","3","屏東縣","里港鄉","120.505","22.815","711"
"13","112661","20220927162000","14","0","屏東縣","里港鄉","120.525","22.815","21"
"58","112669","20220927162000","117","0","屏東縣","里港鄉","120.505","22.820","53"
"268","112687","20220927162000","175","3","屏東縣","里港鄉","120.535","22.825","292"
"146","112714","20220927162000","81","3","屏東縣","里港鄉","120.485","22.765","154"
"1151","112719","20220927162000","900","2","屏東縣","里港鄉","120.495","22.780","1192"
"21","112920","20220927162000","134","0","屏東縣","霧台鄉","120.725","22.740","11"
"162","112942","20220927162000","128","2","屏東縣","高樹鄉","120.595","22.775","180"
"18","112982","20220927162000","16","1","屏東縣","高樹鄉","120.615","22.760","21"
"13","112995","20220927162000","13","1","屏東縣","高樹鄉","120.615","22.770","15"
"215","112999","20220927162000","145","2","屏東縣","高樹鄉","120.635","22.770","191"
"38","113004","20220927162000","29","2","屏東縣","高樹鄉","120.630","22.740","41"
"202","113006","20220927162000","164","2","屏東縣","高樹鄉","120.620","22.740","204"
"65","113023","20220927162000","36","3","屏東縣","高樹鄉","120.625","22.830","59"
"157","113048","20220927162000","418","0","屏東縣","高樹鄉","120.560","22.785","150"
"52","113075","20220927162000","114","0","屏東縣","高樹鄉","120.590","22.825","55"
"434","113097","20220927162000","274","3","屏東縣","高樹鄉","120.610","22.785","362"
"27","113103","20220927162000","16","3","屏東縣","高樹鄉","120.610","22.790","30"
"160","113129","20220927162000","71","3","屏東縣","高樹鄉","120.595","22.810","128"
"83","113131","20220927162000","39","3","屏東縣","高樹鄉","120.595","22.815","84"
"1454","113133","20220927162000","1235","1","屏東縣","高樹鄉","120.600","22.825","1466"
"1862","113137","20220927162000","3119","0","臺東縣","臺東市","121.155","22.750","1900"
"157","113139","20220927162000","103","3","臺東縣","臺東市","121.160","22.760","125"
"1655","113141","20220927162000","1224","2","臺東縣","臺東市","121.155","22.755","1803"
"774","113159","20220927162000","505","3","高雄市","永安區","120.225","22.820","741"
"838","113177","20220927162000","590","2","高雄市","永安區","120.250","22.810","840"
"146","113178","20220927162000","582","0","高雄市","岡山區","120.255","22.810","133"
"204","113182","20220927162000","222","0","高雄市","永安區","120.250","22.815","219"
"256","113185","20220927162000","147","3","高雄市","永安區","120.240","22.815","248"
"40","113196","20220927162000","44","0","高雄市","永安區","120.205","22.840","61"
"415","113206","20220927162000","623","0","臺東縣","臺東市","121.130","22.765","473"
"496","113207","20220927162000","1164","0","臺東縣","臺東市","121.120","22.770","487"
"463","113213","20220927162000","311","2","臺東縣","臺東市","121.125","22.780","466"
"803","113214","20220927162000","943","0","臺東縣","臺東市","121.120","22.785","829"
"460","113216","20220927162000","168","3","臺東縣","臺東市","121.130","22.770","430"
"1081","113217","20220927162000","881","2","臺東縣","臺東市","121.135","22.770","1071"
"78","113218","20220927162000","78","1","臺東縣","臺東市","121.125","22.775","62"
"523","113219","20220927162000","727","0","臺東縣","臺東市","121.130","22.775","610"
"429","113236","20220927162000","586","0","臺東縣","臺東市","121.115","22.785","487"
"524","113239","20220927162000","233","3","臺東縣","臺東市","121.110","22.790","509"
"254","113251","20220927162000","154","3","臺東縣","臺東市","121.155","22.760","188"
"432","113258","20220927162000","266","3","臺東縣","臺東市","121.175","22.780","441"
"143","113260","20220927162000","68","3","臺東縣","臺東市","121.185","22.790","163"
"376","113263","20220927162000","616","0","臺東縣","臺東市","121.190","22.795","426"
"326","113266","20220927162000","156","3","臺東縣","臺東市","121.195","22.800","227"
"26","113269","20220927162000","25","1","臺東縣","臺東市","121.190","22.810","25"
"131","113273","20220927162000","257","0","臺東縣","臺東市","121.195","22.815","131"
"229","113295","20220927162000","276","0","臺東縣","臺東市","121.175","22.785","266"
"207","113299","20220927162000","117","3","臺東縣","臺東市","121.175","22.790","242"
"168","113310","20220927162000","84","3","臺東縣","臺東市","121.150","22.765","134"
"761","113311","20220927162000","870","0","臺東縣","臺東市","121.155","22.765","728"
"132","113314","20220927162000","913","0","高雄市","岡山區","120.285","22.780","185"
"33","113315","20220927162000","22","3","高雄市","岡山區","120.290","22.780","31"
"68","113317","20220927162000","48","2","高雄市","岡山區","120.290","22.785","87"
"1677","113318","20220927162000","1456","1","高雄市","岡山區","120.280","22.800","1628"
"1244","113327","20220927162000","1013","2","臺東縣","臺東市","121.065","22.740","1311"
"156","113345","20220927162000","262","0","臺東縣","臺東市","121.055","22.760","177"
"195","113347","20220927162000","206","0","臺東縣","臺東市","121.060","22.760","202"
"932","113354","20220927162000","1857","0","臺東縣","臺東市","121.145","22.765","1019"
"494","113355","20220927162000","308","3","臺東縣","臺東市","121.140","22.770","450"
"912","113356","20220927162000","941","0","臺東縣","臺東市","121.145","22.770","948"
"979","113364","20220927162000","1045","0","臺東縣","臺東市","121.145","22.745","972"
"1317","113366","20220927162000","2046","0","臺東縣","臺東市","121.140","22.750","1274"
"791","113367","20220927162000","1134","0","臺東縣","臺東市","121.145","22.750","841"
"531","113369","20220927162000","1268","0","臺東縣","臺東市","121.145","22.755","559"
"76","113372","20220927162000","59","2","臺東縣","臺東市","121.160","22.755","64"
"119","113378","20220927162000","136","0","臺東縣","臺東市","121.125","22.790","129"
"248","113380","20220927162000","313","0","臺東縣","臺東市","121.130","22.790","290"
"532","113381","20220927162000","941","0","臺東縣","臺東市","121.125","22.795","584"
"396","113386","20220927162000","412","0","臺東縣","臺東市","121.125","22.805","413"
"113","113389","20220927162000","46","3","臺東縣","臺東市","121.120","22.810","119"
"690","113416","20220927162000","685","1","臺東縣","臺東市","121.105","22.750","653"
"289","113423","20220927162000","261","1","臺東縣","臺東市","121.105","22.755","350"
"509","113425","20220927162000","440","1","臺東縣","臺東市","121.075","22.760","500"
"244","113434","20220927162000","460","0","臺東縣","臺東市","121.060","22.735","236"
"69","113448","20220927162000","74","0","屏東縣","里港鄉","120.530","22.830","61"
"174","113450","20220927162000","106","3","高雄市","美濃區","120.540","22.830","155"
"245","113466","20220927162000","179","2","高雄市","美濃區","120.530","22.840","256"
"19","113487","20220927162000","17","1","高雄市","大樹區","120.445","22.740","15"
"30","113496","20220927162000","19","3","高雄市","大樹區","120.445","22.745","34"
"453","113505","20220927162000","795","0","高雄市","大樹區","120.445","22.750","527"
"211","113506","20220927162000","128","3","高雄市","大樹區","120.450","22.750","212"
"45","113513","20220927162000","26","3","高雄市","岡山區","120.270","22.775","49"
"270","113514","20220927162000","241","1","高雄市","楠梓區","120.280","22.735","301"
"296","113564","20220927162000","158","3","臺東縣","卑南鄉","121.075","22.775","293"
"412","113740","20220927162000","283","2","臺東縣","卑南鄉","121.080","22.775","366"
"275","113741","20220927162000","219","2","臺東縣","卑南鄉","121.085","22.775","257"
"458","113742","20220927162000","287","3","臺東縣","卑南鄉","121.090","22.775","510"
"302","113750","20220927162000","221","2","臺東縣","卑南鄉","121.080","22.785","318"
"275","113792","20220927162000","334","0","臺東縣","卑南鄉","121.100","22.825","262"
"247","113799","20220927162000","134","3","臺東縣","卑南鄉","121.090","22.830","179"
"13","113812","20220927162000","11","1","臺東縣","卑南鄉","121.100","22.835","10"
"326","113843","20220927162000","476","0","臺東縣","卑南鄉","121.090","22.800","341"
"291","113882","20220927162000","159","3","臺東縣","卑南鄉","121.090","22.820","287"
"42","113896","20220927162000","62","0","高雄市","路竹區","120.270","22.840","44"
"471","113902","20220927162000","370","2","高雄市","橋頭區","120.290","22.745","445"
"76","113905","20220927162000","65","1","高雄市","橋頭區","120.295","22.755","79"
"306","113906","20220927162000","512","0","高雄市","楠梓區","120.325","22.755","371"
"179","113911","20220927162000","108","3","高雄市","橋頭區","120.320","22.765","154"
"709","113923","20220927162000","543","2","高雄市","橋頭區","120.305","22.770","638"
"294","113933","20220927162000","286","1","高雄市","橋頭區","120.290","22.760","258"
"1279","113934","20220927162000","1046","2","高雄市","岡山區","120.280","22.765","1284"
"87","113947","20220927162000","79","1","高雄市","路竹區","120.275","22.840","104"
"109","113948","20220927162000","87","2","高雄市","路竹區","120.280","22.840","133"
"531","113950","20220927162000","395","2","高雄市","路竹區","120.275","22.820","473"
"10","113958","20220927162000","12","0","高雄市","路竹區","120.270","22.825","13"
"697","113959","20220927162000","545","2","高雄市","路竹區","120.275","22.825","659"
"1365","113962","20220927162000","1136","2","高雄市","路竹區","120.265","22.830","1341"
"395","113965","20220927162000","15","3","高雄市","路竹區","120.265","22.840","260"
"526","113969","20220927162000","639","0","高雄市","路竹區","120.240","22.835","613"
"1959","113971","20220927162000","1598","2","高雄市","路竹區","120.250","22.835","1976"
"572","113978","20220927162000","873","0","高雄市","路竹區","120.245","22.845","569"
"1053","113982","20220927162000","1025","1","高雄市","路竹區","120.260","22.840","1071"
"46","113984","20220927162000","184","0","高雄市","彌陀區","120.245","22.785","41"
"405","113985","20220927162000","321","2","高雄市","彌陀區","120.245","22.790","406"
"60","113992","20220927162000","34","3","高雄市","橋頭區","120.300","22.765","53"
"16","113994","20220927162000","405","0","高雄市","橋頭區","120.320","22.735","66"
"329","113997","20220927162000","352","0","高雄市","橋頭區","120.315","22.745","383"
"25","113999","20220927162000","79","0","高雄市","橋頭區","120.315","22.750","21"
"229","114001","20220927162000","510","0","高雄市","橋頭區","120.315","22.760","281"
"224","114004","20220927162000","353","0","高雄市","橋頭區","120.310","22.760","256"
"907","114006","20220927162000","1092","0","高雄市","橋頭區","120.310","22.765","991"
"364","114050","20220927162000","314","1","高雄市","橋頭區","120.300","22.740","383"
"596","114055","20220927162000","381","3","高雄市","橋頭區","120.295","22.735","572"
"198","114057","20220927162000","316","0","高雄市","橋頭區","120.295","22.740","177"
"70","114059","20220927162000","461","0","高雄市","橋頭區","120.290","22.765","62"
"540","114062","20220927162000","369","2","高雄市","橋頭區","120.270","22.735","519"
"32","114068","20220927162000","273","0","高雄市","橋頭區","120.280","22.745","28"
"439","114075","20220927162000","412","1","高雄市","永安區","120.240","22.820","469"
"362","114077","20220927162000","233","3","高雄市","永安區","120.250","22.820","325"
"257","114094","20220927162000","324","0","高雄市","永安區","120.210","22.810","317"
"97","114108","20220927162000","44","3","高雄市","永安區","120.205","22.825","96"
"43","114112","20220927162000","613","0","高雄市","路竹區","120.260","22.835","44"
"2968","114116","20220927162000","3529","0","臺東縣","臺東市","121.150","22.755","3022"
"3063","114117","20220927162000","1968","3","臺東縣","臺東市","121.145","22.760","2897"
"1055","114118","20220927162000","862","2","臺東縣","臺東市","121.150","22.760","938"
"269","114125","20220927162000","292","0","臺東縣","臺東市","121.115","22.750","319"
"966","114128","20220927162000","860","1","臺東縣","臺東市","121.135","22.755","1072"
"756","114129","20220927162000","703","1","臺東縣","臺東市","121.140","22.760","710"
"187","114130","20220927162000","1892","0","臺東縣","臺東市","121.150","22.750","188"
"533","114135","20220927162000","294","3","臺東縣","臺東市","121.100","22.740","473"
"1305","114143","20220927162000","1515","0","高雄市","燕巢區","120.360","22.765","1175"
"2842","114144","20220927162000","2254","2","高雄市","燕巢區","120.365","22.765","2988"
"788","114154","20220927162000","1077","0","高雄市","燕巢區","120.360","22.770","760"
"563","114155","20220927162000","336","3","高雄市","岡山區","120.315","22.775","578"
"56","114158","20220927162000","35","3","高雄市","燕巢區","120.330","22.775","54"
"955","114160","20220927162000","951","1","高雄市","燕巢區","120.340","22.775","981"
"290","114174","20220927162000","285","1","高雄市","燕巢區","120.360","22.775","290"
"85","114194","20220927162000","76","1","高雄市","燕巢區","120.400","22.810","89"
"146","114204","20220927162000","160","0","高雄市","燕巢區","120.340","22.755","144"
"204","114206","20220927162000","307","0","高雄市","燕巢區","120.350","22.755","171"
"354","114207","20220927162000","286","2","高雄市","燕巢區","120.355","22.755","324"
"1169","114210","20220927162000","1118","1","高雄市","燕巢區","120.335","22.760","1043"
"451","114212","20220927162000","389","1","高雄市","燕巢區","120.345","22.760","429"
"20","114214","20220927162000","174","0","高雄市","燕巢區","120.355","22.760","28"
"42","114226","20220927162000","118","0","高雄市","田寮區","120.420","22.820","50"
"12","114264","20220927162000","168","0","高雄市","岡山區","120.270","22.790","16"
"68","114268","20220927162000","52","2","高雄市","岡山區","120.270","22.795","67"
"692","114271","20220927162000","680","1","高雄市","岡山區","120.285","22.795","721"
"846","114274","20220927162000","570","2","高雄市","岡山區","120.280","22.780","847"
"797","114276","20220927162000","444","3","高雄市","梓官區","120.265","22.750","755"
"489","114278","20220927162000","404","2","高雄市","梓官區","120.260","22.745","481"
"172","114279","20220927162000","96","3","高雄市","梓官區","120.265","22.745","192"
"622","114288","20220927162000","559","1","高雄市","梓官區","120.265","22.760","604"
"1245","114295","20220927162000","1015","2","高雄市","梓官區","120.270","22.760","1257"
"362","114297","20220927162000","293","2","高雄市","梓官區","120.245","22.740","320"
"319","114302","20220927162000","243","2","高雄市","梓官區","120.245","22.750","350"
"304","114304","20220927162000","228","2","高雄市","梓官區","120.250","22.735","303"
"444","114307","20220927162000","603","0","高雄市","橋頭區","120.310","22.750","470"
"124","114308","20220927162000","46","3","高雄市","橋頭區","120.315","22.755","120"
"679","114309","20220927162000","1286","0","高雄市","橋頭區","120.310","22.755","679"
"667","114311","20220927162000","831","0","高雄市","橋頭區","120.305","22.735","707"
"26","114315","20220927162000","203","0","高雄市","橋頭區","120.305","22.740","32"
"537","114318","20220927162000","378","2","高雄市","橋頭區","120.310","22.745","522"
"500","114322","20220927162000","318","3","高雄市","橋頭區","120.300","22.755","543"
"63","114344","20220927162000","52","2","高雄市","旗山區","120.440","22.785","71"
"44","114349","20220927162000","45","0","高雄市","旗山區","120.430","22.790","31"
"40","114358","20220927162000","32","2","高雄市","旗山區","120.435","22.795","33"
"217","114363","20220927162000","247","0","高雄市","旗山區","120.460","22.795","209"
"216","114393","20220927162000","60","3","高雄市","旗山區","120.455","22.815","205"
"141","114395","20220927162000","91","3","高雄市","旗山區","120.465","22.815","144"
"494","114407","20220927162000","601","0","高雄市","旗山區","120.465","22.840","524"
"74","114408","20220927162000","84","0","高雄市","旗山區","120.450","22.845","78"
"51","114416","20220927162000","419","0","高雄市","梓官區","120.270","22.765","39"
"43","114421","20220927162000","876","0","高雄市","梓官區","120.260","22.740","51"
"355","114422","20220927162000","213","3","高雄市","橋頭區","120.265","22.740","376"
"133","114448","20220927162000","75","3","臺東縣","卑南鄉","121.180","22.805","146"
"176","114462","20220927162000","88","3","臺東縣","卑南鄉","121.150","22.820","146"
"101","114473","20220927162000","95","1","臺東縣","卑南鄉","121.150","22.830","90"
"151","114575","20220927162000","155","0","臺東縣","卑南鄉","121.055","22.745","112"
"218","114700","20220927162000","232","0","臺東縣","臺東市","121.045","22.760","196"
"256","114840","20220927162000","156","3","臺東縣","卑南鄉","121.070","22.795","188"
"435","114846","20220927162000","347","2","臺東縣","卑南鄉","121.065","22.800","465"
"380","114971","20220927162000","496","0","臺東縣","臺東市","121.125","22.740","383"
"917","114977","20220927162000","743","2","臺東縣","臺東市","121.135","22.740","892"
"720","114979","20220927162000","906","0","臺東縣","臺東市","121.120","22.735","745"
"27","114990","20220927162000","25","1","高雄市","岡山區","120.345","22.820","12"
"1430","115004","20220927162000","1055","2","高雄市","岡山區","120.285","22.790","1407"
"96","115005","20220927162000","50","3","高雄市","岡山區","120.290","22.790","91"
"241","115006","20220927162000","173","2","高雄市","岡山區","120.295","22.785","245"
"41","115293","20220927162000","25","3","高雄市","田寮區","120.370","22.825","29"
"179","115298","20220927162000","193","0","高雄市","田寮區","120.360","22.830","174"
"101","115300","20220927162000","109","0","高雄市","田寮區","120.370","22.830","98"
"133","115304","20220927162000","113","1","高雄市","田寮區","120.355","22.835","114"
"108","115311","20220927162000","124","0","高雄市","田寮區","120.395","22.835","115"
"211","115312","20220927162000","170","2","高雄市","田寮區","120.345","22.840","249"
"59","115319","20220927162000","50","1","高雄市","田寮區","120.345","22.845","45"
"69","115329","20220927162000","75","0","高雄市","旗山區","120.435","22.830","54"
"129","115367","20220927162000","690","0","高雄市","燕巢區","120.355","22.790","134"
"332","115368","20220927162000","247","2","高雄市","燕巢區","120.360","22.790","356"
"106","115373","20220927162000","100","1","高雄市","燕巢區","120.360","22.780","105"
"530","115374","20220927162000","416","2","高雄市","燕巢區","120.325","22.785","458"
"423","115375","20220927162000","492","0","高雄市","燕巢區","120.330","22.785","469"
"318","115377","20220927162000","229","2","高雄市","燕巢區","120.340","22.785","276"
"418","115380","20220927162000","423","0","高雄市","燕巢區","120.355","22.785","406"
"471","115382","20220927162000","322","2","高雄市","燕巢區","120.340","22.790","492"
"364","115384","20220927162000","226","3","高雄市","燕巢區","120.350","22.790","352"
"13","115394","20220927162000","14","0","高雄市","燕巢區","120.355","22.810","10"
"37","115398","20220927162000","34","1","高雄市","燕巢區","120.375","22.810","23"
"90","115401","20220927162000","96","0","高雄市","燕巢區","120.390","22.810","96"
"105","115402","20220927162000","72","2","高雄市","燕巢區","120.355","22.815","84"
"145","115429","20220927162000","123","1","高雄市","燕巢區","120.365","22.790","135"
"366","115436","20220927162000","351","1","高雄市","燕巢區","120.365","22.795","388"
"114","115437","20220927162000","84","2","高雄市","燕巢區","120.370","22.795","114"
"25","115438","20220927162000","19","2","高雄市","燕巢區","120.375","22.795","27"
"892","115447","20220927162000","1122","0","高雄市","燕巢區","120.375","22.760","970"
"1247","115450","20220927162000","1159","1","高雄市","燕巢區","120.375","22.765","1302"
"104","115453","20220927162000","159","0","高雄市","燕巢區","120.390","22.765","115"
"11","115456","20220927162000","25","0","高雄市","燕巢區","120.415","22.765","20"
"13","115458","20220927162000","82","0","高雄市","燕巢區","120.385","22.770","18"
"119","115463","20220927162000","82","2","高雄市","燕巢區","120.410","22.770","137"
"376","115472","20220927162000","262","2","高雄市","燕巢區","120.385","22.775","376"
"222","115473","20220927162000","151","2","高雄市","燕巢區","120.390","22.775","215"
"175","115475","20220927162000","167","1","高雄市","燕巢區","120.400","22.775","165"
"28","115478","20220927162000","30","0","高雄市","燕巢區","120.415","22.775","28"
"158","115482","20220927162000","94","3","高雄市","燕巢區","120.385","22.780","166"
"242","115486","20220927162000","218","1","高雄市","燕巢區","120.405","22.780","245"
"101","115500","20220927162000","113","0","高雄市","燕巢區","120.420","22.780","98"
"225","115501","20220927162000","172","2","高雄市","燕巢區","120.425","22.780","310"
"18","115507","20220927162000","36","0","高雄市","燕巢區","120.410","22.785","27"
"66","115513","20220927162000","180","0","高雄市","燕巢區","120.405","22.790","173"
"147","115519","20220927162000","162","0","高雄市","燕巢區","120.410","22.795","405"
"454","115523","20220927162000","301","3","高雄市","岡山區","120.315","22.785","491"
"374","115524","20220927162000","649","0","高雄市","燕巢區","120.320","22.785","403"
"25","115528","20220927162000","345","0","高雄市","燕巢區","120.330","22.790","31"
"53","115531","20220927162000","311","0","高雄市","燕巢區","120.325","22.795","74"
"321","115537","20220927162000","599","0","高雄市","燕巢區","120.335","22.800","328"
"701","115543","20220927162000","570","2","高雄市","燕巢區","120.355","22.795","685"
"117","115544","20220927162000","92","2","高雄市","燕巢區","120.360","22.795","110"
"546","115546","20220927162000","561","0","高雄市","燕巢區","120.355","22.800","478"
"552","115555","20220927162000","1321","0","高雄市","楠梓區","120.325","22.735","595"
"988","115556","20220927162000","661","2","高雄市","楠梓區","120.330","22.735","1045"
"702","115557","20220927162000","940","0","高雄市","楠梓區","120.335","22.735","749"
"659","115559","20220927162000","745","0","高雄市","楠梓區","120.330","22.740","659"
"736","115560","20220927162000","717","1","高雄市","楠梓區","120.335","22.740","822"
"33","115562","20220927162000","423","0","高雄市","楠梓區","120.330","22.745","51"
"13","115563","20220927162000","174","0","高雄市","橋頭區","120.325","22.750","18"
"505","115564","20220927162000","432","1","高雄市","楠梓區","120.330","22.750","500"
"138","115565","20220927162000","62","3","高雄市","岡山區","120.305","22.780","179"
"278","115567","20220927162000","157","3","高雄市","岡山區","120.315","22.825","260"
"341","115568","20220927162000","415","0","高雄市","岡山區","120.325","22.825","398"
"209","115576","20220927162000","595","0","高雄市","岡山區","120.315","22.815","214"
"690","115577","20220927162000","620","1","高雄市","岡山區","120.320","22.815","702"
"117","115580","20220927162000","77","3","高雄市","岡山區","120.325","22.820","100"
"94","115598","20220927162000","1975","0","高雄市","岡山區","120.295","22.795","124"
"214","115599","20220927162000","160","2","高雄市","岡山區","120.290","22.800","225"
"658","115600","20220927162000","504","2","高雄市","岡山區","120.295","22.800","649"
"13","115611","20220927162000","15","0","臺東縣","臺東市","121.105","22.765","15"
"605","115616","20220927162000","785","0","臺東縣","臺東市","121.105","22.770","645"
"502","115617","20220927162000","225","3","臺東縣","臺東市","121.110","22.770","482"
"244","115631","20220927162000","174","2","高雄市","大樹區","120.420","22.765","286"
"54","115632","20220927162000","20","3","高雄市","大樹區","120.425","22.765","22"
"146","115636","20220927162000","148","0","高雄市","大樹區","120.445","22.765","89"
"30","115639","20220927162000","14","3","高雄市","大樹區","120.425","22.770","13"
"229","115644","20220927162000","210","1","高雄市","大樹區","120.450","22.770","225"
"179","115647","20220927162000","79","3","高雄市","旗山區","120.430","22.775","192"
"725","115648","20220927162000","490","2","高雄市","岡山區","120.300","22.815","747"
"1035","115657","20220927162000","832","2","高雄市","岡山區","120.300","22.820","1030"
"505","115660","20220927162000","557","0","高雄市","岡山區","120.315","22.820","529"
"267","115663","20220927162000","129","3","高雄市","岡山區","120.295","22.830","286"
"249","115664","20220927162000","176","2","高雄市","岡山區","120.290","22.795","228"
"812","115665","20220927162000","559","2","高雄市","岡山區","120.285","22.800","787"
"18","115669","20220927162000","256","0","高雄市","燕巢區","120.325","22.800","18"
"16","115670","20220927162000","49","0","高雄市","岡山區","120.310","22.805","23"
"142","115676","20220927162000","225","0","高雄市","岡山區","120.320","22.810","126"
"178","115684","20220927162000","243","0","高雄市","岡山區","120.305","22.775","203"
"16","115686","20220927162000","23","0","高雄市","岡山區","120.310","22.775","13"
"48","115687","20220927162000","487","0","高雄市","岡山區","120.300","22.780","71"
"24","115690","20220927162000","758","0","高雄市","岡山區","120.300","22.785","37"
"95","115691","20220927162000","1344","0","高雄市","岡山區","120.290","22.805","112"
"147","115692","20220927162000","267","0","高雄市","岡山區","120.295","22.805","132"
"121","115694","20220927162000","798","0","高雄市","岡山區","120.295","22.790","149"
"134","115706","20220927162000","124","1","高雄市","彌陀區","120.240","22.755","122"
"159","115708","20220927162000","128","2","高雄市","梓官區","120.250","22.755","144"
"154","115709","20220927162000","98","3","高雄市","彌陀區","120.235","22.760","169"
"158","115713","20220927162000","129","2","高雄市","彌陀區","120.240","22.765","152"
"341","115714","20220927162000","369","0","高雄市","彌陀區","120.250","22.780","316"
"275","115717","20220927162000","306","0","臺東縣","臺東市","121.140","22.740","325"
"387","115718","20220927162000","158","3","臺東縣","臺東市","121.130","22.745","361"
"1099","115719","20220927162000","1329","0","臺東縣","臺東市","121.135","22.745","1069"
"515","115721","20220927162000","692","0","臺東縣","臺東市","121.130","22.750","532"
"899","115722","20220927162000","459","3","臺東縣","臺東市","121.135","22.750","864"
"312","115724","20220927162000","270","1","臺東縣","臺東市","121.120","22.750","331"
"324","115727","20220927162000","399","0","臺東縣","臺東市","121.130","22.755","352"
"572","115728","20220927162000","823","0","臺東縣","臺東市","121.120","22.760","600"
"276","115732","20220927162000","175","3","臺東縣","臺東市","121.090","22.760","266"
"253","115739","20220927162000","360","0","臺東縣","臺東市","121.095","22.765","276"
"642","115745","20220927162000","873","0","臺東縣","臺東市","121.095","22.770","689"
"269","115749","20220927162000","149","3","高雄市","阿蓮區","120.335","22.835","259"
"19","115751","20220927162000","15","2","高雄市","阿蓮區","120.325","22.840","14"
"1187","115782","20220927162000","868","2","高雄市","岡山區","120.300","22.795","1187"
"993","115783","20220927162000","1025","0","高雄市","岡山區","120.305","22.795","935"
"77","115784","20220927162000","63","2","高雄市","岡山區","120.310","22.795","82"
"864","115787","20220927162000","768","1","高雄市","岡山區","120.270","22.780","874"
"92","115788","20220927162000","543","0","高雄市","岡山區","120.270","22.785","98"
"214","115791","20220927162000","698","0","高雄市","岡山區","120.285","22.785","229"
"354","115793","20220927162000","379","0","高雄市","彌陀區","120.250","22.785","334"
"831","115795","20220927162000","794","1","高雄市","彌陀區","120.235","22.795","869"
"104","115804","20220927162000","109","0","高雄市","彌陀區","120.245","22.775","90"
"133","115805","20220927162000","94","2","高雄市","彌陀區","120.245","22.765","142"
"121","115808","20220927162000","116","1","高雄市","彌陀區","120.245","22.770","123"
"59","115810","20220927162000","333","0","高雄市","彌陀區","120.255","22.770","53"
"14","115812","20220927162000","65","0","高雄市","大樹區","120.405","22.735","14"
"1191","115819","20220927162000","719","3","高雄市","岡山區","120.305","22.785","1219"
"436","115820","20220927162000","1502","0","高雄市","岡山區","120.300","22.790","445"
"758","115821","20220927162000","888","0","高雄市","岡山區","120.305","22.790","815"
"817","115833","20220927162000","554","2","高雄市","岡山區","120.265","22.815","689"
"942","115834","20220927162000","809","1","高雄市","岡山區","120.270","22.815","1019"
"530","115836","20220927162000","435","2","高雄市","岡山區","120.255","22.820","555"
"423","115841","20220927162000","417","1","高雄市","岡山區","120.265","22.820","446"
"645","115844","20220927162000","431","2","高雄市","岡山區","120.300","22.830","618"
"560","115849","20220927162000","868","0","高雄市","阿蓮區","120.305","22.835","590"
"54","115851","20220927162000","273","0","高雄市","岡山區","120.280","22.810","87"
"546","115852","20220927162000","398","2","高雄市","岡山區","120.285","22.810","539"
"256","115855","20220927162000","243","1","高雄市","岡山區","120.285","22.815","283"
"59","115856","20220927162000","557","0","高雄市","岡山區","120.290","22.815","86"
"483","115872","20220927162000","328","2","高雄市","彌陀區","120.250","22.775","517"
"26","115876","20220927162000","12","3","高雄市","大社區","120.345","22.735","30"
"29","115878","20220927162000","522","0","高雄市","大社區","120.360","22.740","38"
"201","115879","20220927162000","272","0","高雄市","大社區","120.365","22.740","206"
"463","115883","20220927162000","432","1","高雄市","大社區","120.345","22.740","466"
"818","115886","20220927162000","603","2","高雄市","楠梓區","120.335","22.745","897"
"522","115889","20220927162000","991","0","高雄市","大社區","120.350","22.745","565"
"161","115892","20220927162000","508","0","高雄市","燕巢區","120.340","22.750","200"
"46","115895","20220927162000","14","3","高雄市","大社區","120.355","22.750","39"
"414","115897","20220927162000","337","2","高雄市","大社區","120.365","22.750","694"
"36","115911","20220927162000","44","0","高雄市","大社區","120.395","22.745","44"
"18","115922","20220927162000","32","0","高雄市","大社區","120.405","22.750","19"
"29","115927","20220927162000","102","0","高雄市","大社區","120.390","22.755","240"
"15","115937","20220927162000","10","3","高雄市","燕巢區","120.400","22.765","13"
"187","115941","20220927162000","170","1","高雄市","大社區","120.370","22.735","214"
"202","115943","20220927162000","269","0","高雄市","大社區","120.380","22.735","245"
"45","115944","20220927162000","32","2","高雄市","大社區","120.380","22.740","43"
"497","115946","20220927162000","383","2","高雄市","岡山區","120.275","22.775","510"
"676","115949","20220927162000","556","2","高雄市","岡山區","120.310","22.790","683"
"553","115953","20220927162000","573","0","高雄市","岡山區","120.300","22.800","593"
"48","115954","20220927162000","464","0","高雄市","岡山區","120.305","22.800","79"
"86","115966","20220927162000","71","2","高雄市","旗山區","120.425","22.815","85"
"129","124145","20220927162000","377","0","屏東縣","高樹鄉","120.610","22.850","101"
"122","124161","20220927162000","272","0","屏東縣","高樹鄉","120.630","22.865","86"
"209","124176","20220927162000","80","3","屏東縣","高樹鄉","120.640","22.880","151"
"26","124193","20220927162000","24","1","臺南市","仁德區","120.245","22.935","20"
"465","124197","20220927162000","660","0","臺南市","仁德區","120.250","22.940","526"
"76","124211","20220927162000","92","0","臺南市","關廟區","120.330","22.910","117"
"315","124220","20220927162000","408","0","臺南市","關廟區","120.345","22.915","346"
"121","124243","20220927162000","176","0","高雄市","茄萣區","120.205","22.855","105"
"307","124253","20220927162000","302","1","臺南市","仁德區","120.215","22.910","315"
"291","124255","20220927162000","166","3","高雄市","湖內區","120.225","22.905","279"
"22","124262","20220927162000","409","0","臺南市","南區","120.185","22.920","182"
"351","124271","20220927162000","477","0","臺南市","歸仁區","120.270","22.920","374"
"576","124275","20220927162000","1255","0","臺南市","歸仁區","120.285","22.920","692"
"222","124278","20220927162000","189","1","臺南市","歸仁區","120.280","22.925","290"
"42","124291","20220927162000","86","0","臺南市","南區","120.175","22.940","36"
"879","124293","20220927162000","1099","0","臺南市","仁德區","120.245","22.925","1023"
"520","124314","20220927162000","933","0","臺南市","仁德區","120.260","22.945","521"
"952","124322","20220927162000","1345","0","臺南市","歸仁區","120.270","22.905","1288"
"457","124323","20220927162000","522","0","臺南市","仁德區","120.255","22.910","498"
"350","124338","20220927162000","337","1","臺南市","仁德區","120.250","22.910","395"
"35","124352","20220927162000","54","0","臺南市","關廟區","120.325","22.950","42"
"654","124363","20220927162000","269","3","臺南市","關廟區","120.335","22.930","623"
"967","124386","20220927162000","858","1","臺南市","仁德區","120.255","22.950","931"
"31","124396","20220927162000","22","2","臺南市","仁德區","120.225","22.935","35"
"207","124397","20220927162000","237","0","臺南市","仁德區","120.230","22.935","201"
"31","124404","20220927162000","153","0","臺南市","仁德區","120.230","22.940","29"
"135","124408","20220927162000","573","0","臺南市","仁德區","120.230","22.945","179"
"171","124415","20220927162000","156","1","臺南市","仁德區","120.260","22.950","165"
"58","124430","20220927162000","51","1","臺南市","歸仁區","120.290","22.925","74"
"373","124431","20220927162000","191","3","臺南市","歸仁區","120.295","22.925","335"
"325","124453","20220927162000","420","0","臺南市","歸仁區","120.300","22.940","347"
"885","124469","20220927162000","449","3","臺南市","南區","120.180","22.930","792"
"25","124474","20220927162000","246","0","臺南市","南區","120.190","22.935","264"
"85","124481","20220927162000","40","3","臺南市","歸仁區","120.275","22.905","74"
"50","124491","20220927162000","404","0","臺南市","歸仁區","120.275","22.910","99"
"142","124494","20220927162000","286","0","臺南市","歸仁區","120.285","22.910","156"
"627","124526","20220927162000","744","0","臺南市","歸仁區","120.275","22.950","685"
"251","124527","20220927162000","297","0","臺南市","歸仁區","120.280","22.950","259"
"53","124538","20220927162000","144","0","臺南市","仁德區","120.220","22.920","75"
"291","124546","20220927162000","448","0","臺南市","南區","120.215","22.950","328"
"78","124548","20220927162000","70","1","臺南市","仁德區","120.220","22.945","91"
"211","124549","20220927162000","259","0","臺南市","仁德區","120.220","22.950","234"
"414","124551","20220927162000","371","1","臺南市","仁德區","120.235","22.915","426"
"1387","124552","20220927162000","1186","1","臺南市","仁德區","120.225","22.920","1408"
"459","124553","20220927162000","840","0","臺南市","仁德區","120.230","22.920","420"
"673","124557","20220927162000","810","0","臺南市","仁德區","120.250","22.920","744"
"536","124559","20220927162000","868","0","臺南市","仁德區","120.225","22.925","625"
"231","124565","20220927162000","236","0","臺南市","仁德區","120.220","22.915","252"
"1030","124569","20220927162000","846","2","臺南市","仁德區","120.215","22.915","1011"
"794","124585","20220927162000","507","3","臺南市","南區","120.180","22.945","815"
"383","124591","20220927162000","443","0","臺南市","南區","120.185","22.950","443"
"49","124593","20220927162000","39","2","臺南市","南區","120.195","22.950","48"
"74","124601","20220927162000","86","0","高雄市","茂林區","120.685","22.905","35"
"920","124642","20220927162000","976","0","高雄市","茄萣區","120.185","22.895","918"
"33","124648","20220927162000","14","3","高雄市","內門區","120.450","22.920","18"
"212","124661","20220927162000","305","0","高雄市","美濃區","120.525","22.850","240"
"95","124668","20220927162000","109","0","高雄市","美濃區","120.535","22.850","99"
"241","124671","20220927162000","338","0","高雄市","美濃區","120.550","22.850","214"
"280","124678","20220927162000","327","0","高雄市","美濃區","120.535","22.860","267"
"174","124706","20220927162000","142","2","高雄市","美濃區","120.580","22.920","187"
"956","124774","20220927162000","990","0","高雄市","美濃區","120.545","22.900","1017"
"361","124778","20220927162000","190","3","高雄市","美濃區","120.555","22.905","323"
"217","124780","20220927162000","201","1","高雄市","美濃區","120.545","22.910","237"
"291","124803","20220927162000","200","2","高雄市","美濃區","120.535","22.865","313"
"490","124809","20220927162000","274","3","高雄市","美濃區","120.535","22.875","487"
"187","124812","20220927162000","165","1","高雄市","美濃區","120.535","22.880","199"
"295","124818","20220927162000","183","3","高雄市","美濃區","120.555","22.885","272"
"186","124831","20220927162000","309","0","高雄市","內門區","120.460","22.925","219"
"187","124869","20220927162000","49","3","高雄市","內門區","120.470","22.910","194"
"13","124897","20220927162000","182","0","高雄市","內門區","120.465","22.930","18"
"237","124903","20220927162000","221","1","高雄市","內門區","120.465","22.940","231"
"84","124908","20220927162000","205","0","高雄市","內門區","120.460","22.920","95"
"29","124929","20220927162000","13","3","高雄市","內門區","120.475","22.940","13"
"13","124948","20220927162000","19","0","臺南市","龍崎區","120.360","22.940","16"
"47","124962","20220927162000","35","2","臺南市","龍崎區","120.380","22.950","53"
"13","124976","20220927162000","19","0","臺南市","龍崎區","120.395","22.930","15"
"141","124995","20220927162000","94","3","臺南市","龍崎區","120.365","22.915","103"
"124","125006","20220927162000","261","0","臺南市","龍崎區","120.350","22.930","183"
"448","125045","20220927162000","477","0","臺南市","龍崎區","120.425","22.940","428"
"14","125061","20220927162000","14","1","臺南市","龍崎區","120.420","22.945","14"
"342","125138","20220927162000","274","2","臺東縣","卑南鄉","121.125","22.870","334"
"145","125172","20220927162000","82","3","臺東縣","卑南鄉","121.190","22.850","142"
"578","125177","20220927162000","629","0","高雄市","湖內區","120.235","22.900","623"
"222","125178","20220927162000","278","0","臺南市","仁德區","120.235","22.905","212"
"1008","125179","20220927162000","552","3","高雄市","湖內區","120.230","22.910","1003"
"420","125186","20220927162000","320","2","高雄市","路竹區","120.275","22.870","436"
"220","125192","20220927162000","505","0","高雄市","路竹區","120.265","22.885","275"
"257","125206","20220927162000","270","0","高雄市","路竹區","120.270","22.870","279"
"710","125207","20220927162000","746","0","高雄市","路竹區","120.255","22.875","714"
"325","125215","20220927162000","199","3","高雄市","茄萣區","120.180","22.910","291"
"333","125229","20220927162000","432","0","高雄市","路竹區","120.290","22.865","368"
"313","125232","20220927162000","287","1","高雄市","路竹區","120.245","22.860","334"
"892","125234","20220927162000","753","1","高雄市","路竹區","120.255","22.860","888"
"159","125242","20220927162000","118","2","高雄市","路竹區","120.250","22.855","138"
"31","125244","20220927162000","55","0","高雄市","路竹區","120.260","22.865","36"
"409","125249","20220927162000","446","0","高雄市","路竹區","120.235","22.860","393"
"281","125257","20220927162000","394","0","高雄市","路竹區","120.260","22.860","307"
"73","125258","20220927162000","48","3","高雄市","路竹區","120.255","22.865","74"
"378","125263","20220927162000","320","1","高雄市","路竹區","120.225","22.855","415"
"181","125284","20220927162000","86","3","高雄市","旗山區","120.515","22.855","182"
"377","125285","20220927162000","330","1","高雄市","旗山區","120.490","22.860","359"
"42","125295","20220927162000","103","0","高雄市","旗山區","120.490","22.880","54"
"414","125296","20220927162000","252","3","高雄市","旗山區","120.495","22.880","396"
"420","125297","20220927162000","421","0","高雄市","旗山區","120.500","22.880","405"
"628","125340","20220927162000","943","0","高雄市","旗山區","120.480","22.895","667"
"127","125343","20220927162000","238","0","高雄市","旗山區","120.480","22.900","123"
"895","125346","20220927162000","905","0","高雄市","旗山區","120.475","22.905","895"
"35","125349","20220927162000","437","0","高雄市","旗山區","120.485","22.905","19"
"66","125360","20220927162000","498","0","高雄市","湖內區","120.250","22.880","94"
"179","125361","20220927162000","440","0","高雄市","湖內區","120.245","22.885","185"
"43","125366","20220927162000","225","0","高雄市","湖內區","120.240","22.890","49"
"597","125367","20220927162000","305","3","高雄市","湖內區","120.245","22.890","554"
"66","125374","20220927162000","76","0","高雄市","旗山區","120.445","22.885","52"
"45","125393","20220927162000","74","0","高雄市","內門區","120.420","22.910","53"
"16","125438","20220927162000","28","0","高雄市","茂林區","120.650","22.880","22"
"97","125487","20220927162000","98","0","高雄市","六龜區","120.620","22.890","116"
"137","125491","20220927162000","138","0","高雄市","六龜區","120.625","22.895","125"
"116","125506","20220927162000","152","0","高雄市","六龜區","120.635","22.910","125"
"32","125541","20220927162000","77","0","高雄市","六龜區","120.615","22.885","31"
"119","125543","20220927162000","126","0","高雄市","六龜區","120.625","22.885","97"
"161","125591","20220927162000","100","3","高雄市","六龜區","120.645","22.925","178"
"486","125608","20220927162000","446","1","高雄市","路竹區","120.265","22.865","429"
"330","125613","20220927162000","226","2","高雄市","路竹區","120.265","22.850","322"
"72","125614","20220927162000","134","0","高雄市","路竹區","120.260","22.855","98"
"280","125624","20220927162000","289","0","高雄市","路竹區","120.290","22.875","290"
"259","125626","20220927162000","161","3","高雄市","路竹區","120.295","22.875","260"
"767","125629","20220927162000","482","3","高雄市","路竹區","120.285","22.880","737"
"168","125646","20220927162000","283","0","臺南市","關廟區","120.345","22.905","277"
"291","125659","20220927162000","216","2","高雄市","阿蓮區","120.290","22.895","300"
"301","125660","20220927162000","277","1","高雄市","阿蓮區","120.295","22.895","242"
"602","125667","20220927162000","628","0","臺南市","歸仁區","120.280","22.905","588"
"33","125675","20220927162000","115","0","高雄市","湖內區","120.195","22.910","40"
"410","125676","20220927162000","155","3","高雄市","湖內區","120.200","22.910","371"
"55","125737","20220927162000","340","0","高雄市","田寮區","120.370","22.865","55"
"68","125772","20220927162000","66","1","高雄市","田寮區","120.400","22.890","81"
"24","125779","20220927162000","35","0","高雄市","田寮區","120.400","22.895","22"
"62","125825","20220927162000","26","3","臺東縣","東河鄉","121.270","22.930","61"
"97","125838","20220927162000","57","3","臺東縣","東河鄉","121.275","22.940","75"
"192","125849","20220927162000","108","3","臺東縣","鹿野鄉","121.150","22.930","175"
"22","125863","20220927162000","20","1","臺東縣","鹿野鄉","121.150","22.940","29"
"1201","125884","20220927162000","1366","0","高雄市","旗山區","120.480","22.880","1207"
"559","125896","20220927162000","586","0","高雄市","美濃區","120.540","22.900","570"
"37","125917","20220927162000","44","0","高雄市","美濃區","120.535","22.900","45"
"147","125941","20220927162000","155","0","高雄市","美濃區","120.565","22.865","164"
"41","125951","20220927162000","30","2","高雄市","美濃區","120.575","22.870","39"
"70","125952","20220927162000","73","0","高雄市","美濃區","120.580","22.870","75"
"339","125955","20220927162000","277","2","高雄市","美濃區","120.565","22.875","331"
"156","125966","20220927162000","118","2","高雄市","美濃區","120.545","22.880","132"
"23","125969","20220927162000","13","3","高雄市","美濃區","120.530","22.885","18"
"76","125970","20220927162000","79","0","高雄市","美濃區","120.535","22.885","75"
"278","125981","20220927162000","295","0","高雄市","美濃區","120.515","22.875","275"
"171","125989","20220927162000","136","2","高雄市","旗山區","120.505","22.890","181"
"528","125997","20220927162000","276","3","高雄市","美濃區","120.520","22.895","452"
"192","126001","20220927162000","193","0","高雄市","美濃區","120.520","22.900","200"
"387","126010","20220927162000","359","1","高雄市","美濃區","120.560","22.915","395"
"174","126024","20220927162000","139","2","高雄市","美濃區","120.580","22.925","145"
"290","126043","20220927162000","225","2","高雄市","美濃區","120.550","22.865","289"
"280","126059","20220927162000","271","1","高雄市","美濃區","120.575","22.880","291"
"69","126076","20220927162000","82","0","高雄市","美濃區","120.570","22.895","67"
"829","126092","20220927162000","1082","0","高雄市","旗山區","120.480","22.885","813"
"325","126096","20220927162000","440","0","高雄市","路竹區","120.265","22.870","340"
"439","126107","20220927162000","435","1","高雄市","路竹區","120.270","22.865","480"
"288","126119","20220927162000","244","1","高雄市","旗山區","120.490","22.920","266"
"224","126120","20220927162000","323","0","高雄市","旗山區","120.495","22.920","222"
"322","126140","20220927162000","171","3","高雄市","路竹區","120.280","22.850","303"
"42","126141","20220927162000","472","0","高雄市","路竹區","120.270","22.855","68"
"1106","126142","20220927162000","1023","1","高雄市","路竹區","120.265","22.860","1174"
"59","126160","20220927162000","30","3","臺東縣","卑南鄉","121.105","22.850","79"
"86","126219","20220927162000","316","0","高雄市","茄萣區","120.185","22.890","110"
"448","126227","20220927162000","443","1","高雄市","湖內區","120.235","22.895","453"
"241","126236","20220927162000","130","3","高雄市","湖內區","120.225","22.880","258"
"369","126244","20220927162000","345","1","高雄市","湖內區","120.225","22.895","368"
"339","126247","20220927162000","238","2","高雄市","湖內區","120.240","22.870","340"
"182","126249","20220927162000","104","3","高雄市","湖內區","120.235","22.875","144"
"166","126256","20220927162000","124","2","高雄市","湖內區","120.240","22.885","176"
"585","126258","20220927162000","556","1","高雄市","湖內區","120.250","22.875","628"
"233","126273","20220927162000","150","3","高雄市","美濃區","120.545","22.895","227"
"205","126301","20220927162000","236","0","臺東縣","鹿野鄉","121.085","22.900","223"
"199","126303","20220927162000","291","0","臺東縣","延平鄉","121.075","22.905","233"
"17","126313","20220927162000","37","0","臺東縣","延平鄉","121.090","22.915","14"
"80","126423","20220927162000","42","3","臺東縣","延平鄉","121.100","22.910","72"
"91","127499","20220927162000","176","0","臺東縣","延平鄉","121.150","22.900","102"
"37","127566","20220927162000","78","0","臺東縣","鹿野鄉","121.120","22.920","14"
"47","127570","20220927162000","26","3","臺東縣","鹿野鄉","121.125","22.925","31"
"281","127581","20220927162000","155","3","臺東縣","鹿野鄉","121.120","22.930","239"
"101","127584","20220927162000","92","1","臺東縣","鹿野鄉","121.135","22.930","91"
"136","127600","20220927162000","55","3","臺東縣","鹿野鄉","121.135","22.945","77"
"112","127605","20220927162000","113","0","高雄市","田寮區","120.395","22.850","140"
"56","127613","20220927162000","37","3","高雄市","田寮區","120.380","22.875","56"
"194","127617","20220927162000","284","0","高雄市","田寮區","120.385","22.880","233"
"85","127622","20220927162000","127","0","高雄市","田寮區","120.390","22.885","112"
"106","127652","20220927162000","122","0","高雄市","田寮區","120.360","22.880","106"
"194","127664","20220927162000","115","3","高雄市","田寮區","120.370","22.890","170"
"47","127666","20220927162000","94","0","高雄市","田寮區","120.360","22.895","38"
"24","127698","20220927162000","49","0","高雄市","田寮區","120.425","22.885","26"
"326","127704","20220927162000","275","1","高雄市","茄萣區","120.180","22.900","331"
"71","127705","20220927162000","324","0","高雄市","茄萣區","120.185","22.900","85"
"209","127717","20220927162000","163","2","臺東縣","鹿野鄉","121.100","22.895","151"
"91","127724","20220927162000","38","3","臺東縣","鹿野鄉","121.135","22.895","95"
"353","127733","20220927162000","300","1","臺東縣","鹿野鄉","121.135","22.910","343"
"73","127737","20220927162000","141","0","臺東縣","鹿野鄉","121.135","22.920","65"
"172","127754","20220927162000","238","0","臺東縣","鹿野鄉","121.120","22.905","196"
"836","127765","20220927162000","1057","0","臺南市","仁德區","120.220","22.910","854"
"79","127770","20220927162000","183","0","高雄市","湖內區","120.215","22.905","76"
"73","127835","20220927162000","69","1","臺東縣","東河鄉","121.235","22.940","80"
"143","127852","20220927162000","193","0","臺東縣","東河鄉","121.250","22.895","157"
"154","127889","20220927162000","65","3","臺東縣","東河鄉","121.255","22.915","151"
"61","127890","20220927162000","20","3","臺東縣","東河鄉","121.260","22.915","60"
"348","127933","20220927162000","185","3","臺東縣","東河鄉","121.190","22.860","382"
"64","127935","20220927162000","60","1","臺東縣","東河鄉","121.200","22.860","71"
"555","127958","20220927162000","844","0","臺東縣","東河鄉","121.225","22.870","550"
"190","127984","20220927162000","12","3","臺東縣","東河鄉","121.225","22.880","188"
"203","127998","20220927162000","128","3","臺東縣","東河鄉","121.235","22.880","198"
"42","128028","20220927162000","53","0","臺東縣","東河鄉","121.245","22.890","64"
"34","128038","20220927162000","55","0","臺東縣","東河鄉","121.235","22.895","39"
"188","128060","20220927162000","302","0","高雄市","阿蓮區","120.345","22.860","187"
"71","128066","20220927162000","522","0","高雄市","阿蓮區","120.320","22.850","100"
"134","128071","20220927162000","94","2","高雄市","阿蓮區","120.320","22.855","147"
"246","128073","20220927162000","177","2","高雄市","阿蓮區","120.330","22.855","285"
"1195","128075","20220927162000","869","2","高雄市","阿蓮區","120.325","22.875","1184"
"1249","128076","20220927162000","922","2","高雄市","阿蓮區","120.325","22.880","1075"
"23","128078","20220927162000","302","0","高雄市","路竹區","120.305","22.860","24"
"240","128090","20220927162000","216","1","高雄市","阿蓮區","120.310","22.870","285"
"149","128091","20220927162000","98","3","高雄市","阿蓮區","120.315","22.870","130"
"91","128097","20220927162000","68","2","高雄市","阿蓮區","120.315","22.880","83"
"66","128418","20220927162000","80","0","高雄市","茂林區","120.715","22.910","65"
"22","128446","20220927162000","22","1","高雄市","茂林區","120.710","22.915","22"
"97","128722","20220927162000","95","1","高雄市","茂林區","120.665","22.885","110"
"64","128723","20220927162000","53","2","高雄市","茂林區","120.670","22.885","61"
"29","128748","20220927162000","218","0","高雄市","旗山區","120.480","22.890","33"
"25","128751","20220927162000","13","3","高雄市","旗山區","120.475","22.850","27"
"590","128754","20220927162000","541","1","高雄市","路竹區","120.300","22.880","634"
"198","128758","20220927162000","175","1","高雄市","阿蓮區","120.305","22.890","225"
"21","128759","20220927162000","192","0","高雄市","阿蓮區","120.310","22.890","14"
"414","128764","20220927162000","221","3","高雄市","阿蓮區","120.330","22.880","263"
"524","128765","20220927162000","626","0","高雄市","阿蓮區","120.335","22.880","931"
"250","128766","20220927162000","157","3","高雄市","阿蓮區","120.340","22.880","169"
"274","128769","20220927162000","165","3","高雄市","阿蓮區","120.330","22.885","232"
"201","128776","20220927162000","143","2","高雄市","阿蓮區","120.320","22.890","192"
"369","128782","20220927162000","182","3","高雄市","阿蓮區","120.335","22.870","223"
"388","128789","20220927162000","280","2","高雄市","田寮區","120.355","22.870","364"
"505","128797","20220927162000","382","2","高雄市","茄萣區","120.185","22.905","519"
"314","128798","20220927162000","133","3","高雄市","茄萣區","120.190","22.905","308"
"173","128803","20220927162000","257","0","高雄市","茄萣區","120.195","22.855","161"
"126","128807","20220927162000","212","0","高雄市","茄萣區","120.195","22.860","145"
"223","128823","20220927162000","227","0","高雄市","茄萣區","120.190","22.870","226"
"258","128824","20220927162000","259","0","高雄市","茄萣區","120.195","22.870","300"
"391","128825","20220927162000","379","1","高雄市","茄萣區","120.200","22.870","398"
"24","128829","20220927162000","16","3","高雄市","茄萣區","120.190","22.875","27"
"451","128830","20220927162000","292","3","高雄市","茄萣區","120.195","22.875","434"
"539","128833","20220927162000","479","1","高雄市","茄萣區","120.210","22.875","509"
"179","128847","20220927162000","225","0","高雄市","茄萣區","120.190","22.910","192"
"466","128850","20220927162000","598","0","高雄市","茄萣區","120.185","22.910","503"
"238","128866","20220927162000","240","0","高雄市","旗山區","120.475","22.870","241"
"63","128884","20220927162000","81","0","高雄市","旗山區","120.455","22.880","70"
"102","128886","20220927162000","130","0","高雄市","旗山區","120.465","22.880","94"
"12","128887","20220927162000","18","0","高雄市","旗山區","120.470","22.880","12"
"581","128898","20220927162000","546","1","高雄市","旗山區","120.470","22.855","613"
"472","128911","20220927162000","330","2","高雄市","旗山區","120.500","22.925","527"
"189","128916","20220927162000","181","1","高雄市","旗山區","120.500","22.930","218"
"143","128946","20220927162000","139","1","高雄市","杉林區","120.525","22.930","150"
"777","134975","20220927162000","401","3","臺南市","安南區","120.210","23.035","724"
"502","134976","20220927162000","338","2","臺南市","安南區","120.210","23.040","481"
"1587","134977","20220927162000","1324","1","臺南市","安南區","120.215","23.040","1637"
"689","134978","20220927162000","753","0","臺南市","安南區","120.215","23.030","711"
"374","134979","20220927162000","420","0","臺南市","安南區","120.215","23.035","396"
"389","134985","20220927162000","313","2","臺南市","安南區","120.195","23.025","351"
"486","134991","20220927162000","446","1","臺南市","關廟區","120.300","22.995","503"
"307","134995","20220927162000","46","3","臺南市","關廟區","120.320","22.995","234"
"533","135015","20220927162000","259","3","臺南市","關廟區","120.305","23.010","561"
"503","135022","20220927162000","617","0","臺南市","關廟區","120.325","22.965","644"
"276","135056","20220927162000","146","3","臺南市","關廟區","120.330","22.965","242"
"927","135061","20220927162000","3519","0","臺南市","中西區","120.210","22.985","856"
"1471","135063","20220927162000","1096","2","臺南市","東區","120.230","22.980","1551"
"588","135064","20220927162000","336","3","臺南市","安南區","120.125","23.040","553"
"821","135074","20220927162000","808","1","臺南市","南區","120.175","22.965","874"
"21","135075","20220927162000","18","1","臺南市","南區","120.180","22.965","13"
"1019","135079","20220927162000","1332","0","臺南市","南區","120.185","22.970","964"
"1064","135080","20220927162000","1376","0","臺南市","南區","120.175","22.975","1096"
"354","135081","20220927162000","646","0","臺南市","南區","120.180","22.975","364"
"1215","135083","20220927162000","979","2","臺南市","南區","120.185","22.980","1261"
"1340","135084","20220927162000","795","3","臺南市","北區","120.210","23.020","1350"
"1575","135085","20220927162000","1906","0","臺南市","南區","120.200","22.980","1567"
"15","135086","20220927162000","71","0","臺南市","南區","120.205","22.970","12"
"228","135087","20220927162000","170","2","臺南市","南區","120.195","22.970","196"
"548","135088","20220927162000","812","0","臺南市","南區","120.190","22.960","557"
"27","135461","20220927162000","34","0","臺東縣","海端鄉","121.130","23.000","33"
"260","135797","20220927162000","130","3","臺東縣","關山鎮","121.145","23.020","216"
"1298","135951","20220927162000","1320","0","臺南市","永康區","120.230","23.010","1310"
"6302","135952","20220927162000","5240","2","臺南市","永康區","120.225","23.020","6149"
"1963","135953","20220927162000","1277","3","臺南市","永康區","120.220","23.025","1719"
"1401","135954","20220927162000","1526","0","臺南市","永康區","120.225","23.025","1476"
"1153","135956","20220927162000","1203","0","臺南市","永康區","120.235","23.025","1131"
"886","135957","20220927162000","813","1","臺南市","永康區","120.225","23.030","920"
"547","135958","20220927162000","264","3","臺南市","永康區","120.230","23.030","506"
"215","135959","20220927162000","1495","0","臺南市","永康區","120.255","22.995","253"
"704","135960","20220927162000","1027","0","臺南市","永康區","120.255","23.000","796"
"175","135963","20220927162000","300","0","臺南市","永康區","120.260","23.005","199"
"1106","135966","20220927162000","883","2","臺南市","安南區","120.205","23.030","1097"
"516","135967","20220927162000","448","1","臺南市","安南區","120.210","23.030","491"
"628","135969","20220927162000","620","1","臺南市","安南區","120.220","23.040","662"
"1425","135971","20220927162000","1464","0","臺南市","中西區","120.190","23.005","1502"
"119","135972","20220927162000","406","0","臺南市","永康區","120.250","23.005","135"
"513","135980","20220927162000","418","2","臺南市","南區","120.195","22.980","541"
"984","135981","20220927162000","746","2","臺南市","南區","120.190","22.970","950"
"642","135982","20220927162000","1470","0","臺南市","中西區","120.190","23.000","693"
"1908","135983","20220927162000","1172","3","臺南市","中西區","120.195","23.000","1784"
"2084","135984","20220927162000","1403","2","臺南市","中西區","120.175","23.005","1895"
"187","135985","20220927162000","148","2","臺南市","中西區","120.180","23.000","174"
"453","135986","20220927162000","434","1","臺南市","安南區","120.165","23.005","492"
"549","135990","20220927162000","573","0","臺南市","永康區","120.260","23.030","605"
"965","135991","20220927162000","1148","0","臺南市","永康區","120.260","23.035","1127"
"337","135992","20220927162000","235","2","臺南市","永康區","120.255","23.040","333"
"2295","135993","20220927162000","2325","0","臺南市","永康區","120.230","23.015","2388"
"799","135994","20220927162000","984","0","臺南市","永康區","120.230","23.020","882"
"432","135995","20220927162000","217","3","臺南市","安南區","120.205","23.035","455"
"787","135997","20220927162000","799","0","臺南市","永康區","120.220","23.020","745"
"1223","135998","20220927162000","909","2","臺南市","北區","120.195","23.010","1211"
"1369","136000","20220927162000","1385","0","臺南市","北區","120.195","23.015","1377"
"602","136001","20220927162000","535","1","臺南市","北區","120.200","23.015","542"
"405","136002","20220927162000","367","1","臺南市","北區","120.195","23.005","420"
"1086","136005","20220927162000","845","2","臺南市","南區","120.190","22.985","1057"
"54","136006","20220927162000","144","0","臺南市","南區","120.210","22.975","47"
"567","136008","20220927162000","300","3","臺南市","北區","120.185","23.010","512"
"564","136009","20220927162000","621","0","臺南市","北區","120.190","23.010","547"
"1778","136013","20220927162000","1606","1","臺南市","中西區","120.195","22.990","1795"
"1236","136014","20220927162000","1161","1","臺南市","仁德區","120.255","22.975","1225"
"248","136018","20220927162000","317","0","臺南市","仁德區","120.255","22.980","258"
"496","136020","20220927162000","253","3","臺南市","北區","120.200","23.010","447"
"221","136021","20220927162000","421","0","臺南市","北區","120.200","23.020","224"
"1087","136022","20220927162000","682","3","臺南市","北區","120.205","23.015","1003"
"1866","136023","20220927162000","1057","3","臺南市","北區","120.210","23.015","1715"
"208","136025","20220927162000","143","2","臺南市","北區","120.205","23.020","210"
"636","136030","20220927162000","572","1","臺南市","永康區","120.275","23.030","667"
"1261","136034","20220927162000","873","2","臺南市","永康區","120.235","23.020","1127"
"280","136035","20220927162000","468","0","臺南市","永康區","120.240","23.020","249"
"361","136036","20220927162000","445","0","臺南市","永康區","120.245","23.020","382"
"120","136037","20220927162000","2182","0","臺南市","永康區","120.250","23.020","326"
"150","136038","20220927162000","134","1","臺南市","永康區","120.240","23.025","161"
"1196","136042","20220927162000","1107","1","臺南市","永康區","120.250","23.025","1382"
"622","136043","20220927162000","370","3","臺南市","關廟區","120.330","22.955","614"
"416","136044","20220927162000","241","3","臺南市","關廟區","120.330","22.960","436"
"502","136049","20220927162000","485","1","臺南市","關廟區","120.335","22.960","595"
"350","136054","20220927162000","275","2","臺南市","關廟區","120.345","22.965","385"
"39","136056","20220927162000","23","3","臺南市","關廟區","120.355","22.965","30"
"2243","136059","20220927162000","1327","3","臺南市","北區","120.205","23.005","2026"
"539","136061","20220927162000","746","0","臺南市","南區","120.200","22.970","560"
"943","136062","20220927162000","874","1","臺南市","中西區","120.205","22.990","912"
"2143","136063","20220927162000","2334","0","臺南市","中西區","120.200","22.985","2081"
"851","136064","20220927162000","2338","0","臺南市","中西區","120.200","22.990","1922"
"1220","136065","20220927162000","1210","1","臺南市","中西區","120.200","22.995","1268"
"532","136067","20220927162000","483","1","臺南市","永康區","120.270","22.995","441"
"1409","136071","20220927162000","1340","1","臺南市","永康區","120.255","23.030","1496"
"440","136080","20220927162000","296","2","臺南市","關廟區","120.325","22.955","457"
"552","136081","20220927162000","675","0","臺南市","關廟區","120.315","22.960","595"
"986","136083","20220927162000","463","3","臺南市","關廟區","120.325","22.960","862"
"199","136085","20220927162000","135","2","臺南市","東區","120.220","22.990","217"
"2460","136087","20220927162000","1948","2","臺南市","東區","120.225","22.985","2538"
"882","136088","20220927162000","1014","0","臺南市","東區","120.230","22.990","941"
"2440","136089","20220927162000","1597","3","臺南市","東區","120.230","22.995","2589"
"747","136090","20220927162000","710","1","臺南市","東區","120.235","22.995","766"
"1049","136091","20220927162000","616","3","臺南市","北區","120.220","23.000","1100"
"478","136093","20220927162000","319","2","臺南市","中西區","120.180","23.005","461"
"1529","136094","20220927162000","1572","0","臺南市","中西區","120.185","23.005","1556"
"2388","136095","20220927162000","1316","3","臺南市","北區","120.225","23.005","2185"
"266","136096","20220927162000","271","0","臺南市","北區","120.225","23.000","283"
"162","136100","20220927162000","84","3","臺南市","仁德區","120.235","22.950","120"
"152","136101","20220927162000","117","2","臺南市","仁德區","120.235","22.955","152"
"770","136102","20220927162000","781","0","臺南市","仁德區","120.230","22.955","899"
"528","136104","20220927162000","288","3","臺南市","仁德區","120.240","22.955","604"
"1647","136105","20220927162000","1186","2","臺南市","仁德區","120.255","22.955","1706"
"514","136109","20220927162000","499","1","臺南市","仁德區","120.250","22.955","442"
"101","136111","20220927162000","159","0","臺南市","仁德區","120.265","22.955","109"
"1121","136115","20220927162000","564","3","臺南市","北區","120.220","23.010","1104"
"700","136118","20220927162000","1830","0","臺南市","中西區","120.210","22.995","695"
"580","136119","20220927162000","1108","0","臺南市","中西區","120.210","22.990","660"
"1178","136120","20220927162000","1826","0","臺南市","北區","120.205","23.000","1174"
"2058","136122","20220927162000","1689","2","臺南市","東區","120.225","22.965","2366"
"781","136123","20220927162000","675","1","臺南市","東區","120.220","22.970","775"
"1092","136125","20220927162000","1562","0","臺南市","東區","120.225","22.990","1023"
"827","136126","20220927162000","1092","0","臺南市","東區","120.235","22.990","975"
"1207","136128","20220927162000","908","2","臺南市","東區","120.245","22.990","1235"
"188","136131","20220927162000","280","0","臺南市","歸仁區","120.275","22.960","251"
"610","136132","20220927162000","279","3","臺南市","歸仁區","120.280","22.960","529"
"83","136145","20220927162000","694","0","臺南市","南區","120.205","22.980","56"
"602","136146","20220927162000","1043","0","臺南市","南區","120.210","22.980","592"
"452","136147","20220927162000","344","2","臺南市","安平區","120.165","22.990","445"
"652","136149","20220927162000","442","2","臺南市","永康區","120.245","23.005","697"
"1331","136151","20220927162000","809","3","臺南市","永康區","120.245","23.010","1419"
"128","136155","20220927162000","83","3","臺南市","關廟區","120.320","22.970","113"
"25","136156","20220927162000","22","1","臺南市","關廟區","120.310","22.975","21"
"220","136163","20220927162000","137","3","臺南市","關廟區","120.310","22.980","242"
"1458","136181","20220927162000","1194","2","臺南市","北區","120.200","23.000","1538"
"113","136182","20220927162000","109","1","臺南市","南區","120.195","22.985","101"
"578","136184","20220927162000","287","3","臺南市","仁德區","120.225","22.960","562"
"233","136185","20220927162000","231","1","臺南市","東區","120.230","22.960","231"
"239","136188","20220927162000","286","0","臺南市","歸仁區","120.275","23.000","264"
"233","136195","20220927162000","212","1","臺南市","歸仁區","120.290","22.995","257"
"1772","136199","20220927162000","1377","2","臺南市","北區","120.210","23.005","1810"
"1910","136200","20220927162000","1150","3","臺南市","東區","120.215","22.995","1902"
"494","136229","20220927162000","338","2","臺南市","安南區","120.195","23.030","469"
"758","136230","20220927162000","691","1","臺南市","安南區","120.195","23.035","773"
"393","136231","20220927162000","327","2","臺南市","南區","120.190","22.965","386"
"14","136248","20220927162000","18","0","臺南市","左鎮區","120.405","22.995","13"
"53","136271","20220927162000","58","0","臺南市","左鎮區","120.420","23.010","50"
"64","136316","20220927162000","91","0","臺南市","左鎮區","120.395","23.010","61"
"37","136343","20220927162000","23","3","臺南市","左鎮區","120.385","23.035","41"
"2671","136422","20220927162000","2819","0","臺南市","東區","120.235","22.985","2787"
"1054","136423","20220927162000","806","2","臺南市","東區","120.215","22.990","1191"
"442","136430","20220927162000","560","0","臺南市","歸仁區","120.285","22.980","468"
"206","136438","20220927162000","149","2","臺南市","歸仁區","120.280","22.990","208"
"324","136444","20220927162000","396","0","臺南市","歸仁區","120.295","22.975","378"
"588","136452","20220927162000","297","3","臺南市","歸仁區","120.285","22.960","541"
"962","136453","20220927162000","375","3","臺南市","歸仁區","120.280","22.965","893"
"595","136455","20220927162000","611","0","臺南市","歸仁區","120.285","22.970","649"
"843","136458","20220927162000","1094","0","臺南市","歸仁區","120.275","22.970","1017"
"184","136459","20220927162000","193","0","臺南市","歸仁區","120.280","22.970","222"
"480","136460","20220927162000","312","3","臺南市","南區","120.200","22.975","491"
"635","136461","20220927162000","313","3","臺南市","南區","120.195","22.960","667"
"1866","136462","20220927162000","1723","1","臺南市","南區","120.190","22.980","1818"
"276","136475","20220927162000","271","1","臺南市","安南區","120.130","23.015","271"
"269","136483","20220927162000","113","3","臺南市","安南區","120.135","23.020","185"
"670","136490","20220927162000","470","2","臺南市","安南區","120.185","23.025","680"
"339","136495","20220927162000","277","2","臺南市","東區","120.235","22.980","373"
"264","136496","20220927162000","199","2","臺南市","永康區","120.255","23.010","309"
"534","136497","20220927162000","699","0","臺南市","永康區","120.255","23.015","610"
"400","136498","20220927162000","374","1","臺南市","永康區","120.260","23.015","429"
"726","136507","20220927162000","578","2","臺南市","永康區","120.275","23.020","770"
"109","136509","20220927162000","1455","0","臺南市","安平區","120.175","22.995","132"
"607","136512","20220927162000","338","3","臺南市","安南區","120.160","23.005","677"
"1091","136513","20220927162000","814","2","臺南市","安平區","120.190","22.990","1099"
"288","136515","20220927162000","517","0","臺南市","永康區","120.220","23.030","305"
"293","136516","20220927162000","299","0","臺南市","東區","120.245","22.980","338"
"479","136517","20220927162000","505","0","臺南市","仁德區","120.250","22.980","463"
"2640","136518","20220927162000","1548","3","臺南市","東區","120.215","22.980","2318"
"1395","136520","20220927162000","1431","0","臺南市","東區","120.245","22.985","1625"
"862","136521","20220927162000","777","1","臺南市","仁德區","120.250","22.985","1071"
"613","136523","20220927162000","719","0","臺南市","安平區","120.160","22.990","671"
"376","136525","20220927162000","405","0","臺南市","安平區","120.160","22.995","425"
"733","136532","20220927162000","728","1","臺南市","安平區","120.165","22.985","723"
"1145","136533","20220927162000","686","3","臺南市","安平區","120.170","22.985","1146"
"601","136534","20220927162000","617","0","臺南市","安平區","120.175","22.985","699"
"1405","136535","20220927162000","776","3","臺南市","安平區","120.170","22.990","1461"
"1104","136536","20220927162000","1038","1","臺南市","安平區","120.175","22.990","962"
"305","136539","20220927162000","411","0","臺南市","安平區","120.150","22.995","354"
"292","136541","20220927162000","271","1","臺南市","安平區","120.145","23.000","330"
"121","136542","20220927162000","93","2","臺南市","安平區","120.150","23.000","125"
"259","136543","20220927162000","244","1","臺南市","安平區","120.155","23.000","262"
"307","136544","20220927162000","434","0","臺南市","安平區","120.160","23.000","352"
"654","136545","20220927162000","1221","0","臺南市","東區","120.240","22.980","916"
"657","136546","20220927162000","467","2","臺南市","東區","120.225","22.995","580"
"1030","136547","20220927162000","1010","1","臺南市","東區","120.235","22.965","1081"
"872","136548","20220927162000","846","1","臺南市","東區","120.220","22.975","974"
"396","136549","20220927162000","524","0","臺南市","歸仁區","120.300","22.960","480"
"943","136553","20220927162000","679","2","臺南市","歸仁區","120.285","23.005","909"
"178","136560","20220927162000","1344","0","臺南市","南區","120.195","22.975","179"
"271","136561","20220927162000","1651","0","臺南市","永康區","120.240","23.015","259"
"458","136562","20220927162000","434","1","臺南市","永康區","120.245","23.015","533"
"523","136563","20220927162000","554","0","臺南市","永康區","120.250","23.015","539"
"1595","136564","20220927162000","758","3","臺南市","永康區","120.230","23.005","1591"
"1410","136565","20220927162000","2472","0","臺南市","永康區","120.235","23.000","1775"
"1056","136566","20220927162000","1349","0","臺南市","北區","120.230","23.000","1211"
"424","136567","20220927162000","905","0","臺南市","永康區","120.270","23.005","533"
"709","136568","20220927162000","734","0","臺南市","永康區","120.265","23.010","782"
"508","136573","20220927162000","596","0","臺南市","永康區","120.265","23.000","530"
"478","136574","20220927162000","344","2","臺南市","安南區","120.200","23.025","494"
"1008","136575","20220927162000","478","3","臺南市","安南區","120.205","23.025","1002"
"891","136576","20220927162000","549","3","臺南市","安南區","120.210","23.025","931"
"1627","136577","20220927162000","1329","2","臺南市","北區","120.225","23.010","1664"
"1262","136578","20220927162000","1181","1","臺南市","北區","120.215","23.010","1243"
"938","136579","20220927162000","640","2","臺南市","北區","120.215","23.015","949"
"228","136580","20220927162000","372","0","臺南市","南化區","120.495","23.030","203"
"86","136584","20220927162000","20","3","臺南市","南化區","120.500","23.035","58"
"51","136586","20220927162000","27","3","臺南市","南化區","120.465","23.040","39"
"56","136602","20220927162000","37","3","臺南市","南化區","120.465","23.010","38"
"745","136671","20220927162000","753","0","臺南市","中西區","120.170","23.000","798"
"1181","136672","20220927162000","1489","0","臺南市","中西區","120.175","23.000","2000"
"290","136674","20220927162000","601","0","臺南市","中西區","120.185","23.000","323"
"1320","136675","20220927162000","1515","0","臺南市","安平區","120.165","22.995","1383"
"453","136676","20220927162000","346","2","臺南市","安平區","120.170","22.995","477"
"2686","136677","20220927162000","2279","1","臺南市","安平區","120.185","22.990","2583"
"286","136678","20220927162000","288","0","臺南市","安平區","120.180","22.995","240"
"1385","136679","20220927162000","1596","0","臺南市","安平區","120.185","22.995","1437"
"1054","136680","20220927162000","767","2","臺南市","安平區","120.180","22.985","1004"
"2148","136681","20220927162000","1414","3","臺南市","安平區","120.180","22.990","2097"
"191","136690","20220927162000","238","0","臺南市","南區","120.215","22.955","248"
"470","136695","20220927162000","298","3","臺南市","南區","120.210","22.965","515"
"985","136696","20220927162000","756","2","臺南市","南區","120.215","22.965","944"
"3926","136697","20220927162000","1995","3","臺南市","南區","120.185","22.965","3986"
"505","136701","20220927162000","506","0","臺南市","南區","120.170","22.955","499"
"180","136709","20220927162000","129","2","臺南市","南區","120.165","22.965","233"
"598","136712","20220927162000","525","1","臺南市","仁德區","120.220","22.955","561"
"355","136717","20220927162000","290","2","臺南市","仁德區","120.255","22.965","409"
"205","136718","20220927162000","324","0","臺南市","仁德區","120.260","22.965","242"
"767","136722","20220927162000","431","3","臺南市","仁德區","120.260","22.970","822"
"1571","136727","20220927162000","1304","2","臺南市","北區","120.220","23.005","1611"
"1324","136728","20220927162000","1367","0","臺南市","北區","120.200","23.005","1441"
"578","136732","20220927162000","525","1","臺南市","仁德區","120.260","22.985","654"
"1273","136738","20220927162000","714","3","臺南市","仁德區","120.260","22.990","1310"
"53","136741","20220927162000","125","0","臺南市","仁德區","120.265","22.995","60"
"493","136752","20220927162000","138","3","臺南市","安南區","120.185","23.035","507"
"590","136755","20220927162000","481","2","臺南市","安南區","120.185","23.040","669"
"4815","136756","20220927162000","3707","2","臺南市","中西區","120.205","22.995","4403"
"333","136758","20220927162000","499","0","臺南市","永康區","120.250","23.000","388"
"300","136763","20220927162000","290","1","臺南市","安南區","120.200","23.040","307"
"940","136764","20220927162000","2246","0","臺南市","安南區","120.190","23.025","905"
"191","136765","20220927162000","206","0","臺南市","安南區","120.140","23.000","179"
"3555","136786","20220927162000","3650","0","臺南市","北區","120.210","23.000","3556"
"1047","136787","20220927162000","737","2","臺南市","中西區","120.195","22.995","1099"
"1676","136788","20220927162000","708","3","臺南市","中西區","120.205","22.985","1583"
"986","136789","20220927162000","1482","0","臺南市","東區","120.225","22.980","1100"
"5490","136790","20220927162000","3760","2","臺南市","東區","120.220","22.985","4863"
"531","136791","20220927162000","427","2","臺南市","永康區","120.225","23.015","541"
"780","136794","20220927162000","1476","0","臺南市","永康區","120.235","23.010","910"
"1226","136795","20220927162000","800","3","臺南市","永康區","120.245","23.000","1171"
"1314","136799","20220927162000","1673","0","臺南市","新化區","120.300","23.035","1732"
"903","136800","20220927162000","1143","0","臺南市","東區","120.215","22.975","906"
"535","136801","20220927162000","509","1","臺南市","東區","120.230","22.985","674"
"1929","136802","20220927162000","1765","1","臺南市","東區","120.230","22.975","1967"
"326","136804","20220927162000","268","2","臺南市","東區","120.230","22.970","362"
"898","136805","20220927162000","1093","0","臺南市","東區","120.230","22.965","1011"
"565","136806","20220927162000","536","1","臺南市","南區","120.185","22.975","553"
"684","136808","20220927162000","791","0","臺南市","南區","120.210","22.970","718"
"543","136809","20220927162000","582","0","臺南市","東區","120.215","22.970","569"
"399","136812","20220927162000","375","1","臺南市","仁德區","120.245","22.955","449"
"135","136813","20220927162000","128","1","臺南市","仁德區","120.240","22.960","158"
"442","136814","20220927162000","221","3","臺南市","仁德區","120.245","22.960","457"
"211","136816","20220927162000","517","0","臺南市","仁德區","120.255","22.960","235"
"269","136817","20220927162000","308","0","臺南市","仁德區","120.240","22.965","251"
"953","136821","20220927162000","649","2","臺南市","仁德區","120.245","22.970","918"
"600","136822","20220927162000","1032","0","臺南市","仁德區","120.250","22.970","689"
"799","136823","20220927162000","432","3","臺南市","仁德區","120.240","22.975","773"
"816","136824","20220927162000","1021","0","臺南市","仁德區","120.245","22.975","917"
"339","136825","20220927162000","413","0","臺南市","仁德區","120.250","22.975","376"
"4400","136826","20220927162000","4843","0","臺南市","北區","120.215","23.005","4400"
"50","136851","20220927162000","203","0","高雄市","內門區","120.445","22.975","44"
"11","136927","20220927162000","22","0","臺東縣","池上鄉","121.195","23.040","10"
"231","136939","20220927162000","50","3","高雄市","內門區","120.435","22.955","227"
"90","136953","20220927162000","54","3","高雄市","內門區","120.465","23.000","79"
"132","136958","20220927162000","188","0","高雄市","內門區","120.470","22.960","127"
"76","136970","20220927162000","64","1","高雄市","內門區","120.465","22.975","85"
"50","136996","20220927162000","44","1","高雄市","內門區","120.495","22.955","49"
"84","137008","20220927162000","109","0","高雄市","內門區","120.490","22.970","88"
"86","137020","20220927162000","74","1","高雄市","內門區","120.510","22.980","71"
"241","137023","20220927162000","250","0","高雄市","內門區","120.500","22.985","234"
"31","137048","20220927162000","106","0","高雄市","六龜區","120.660","23.005","30"
"99","137056","20220927162000","135","0","高雄市","六龜區","120.665","23.010","117"
"16","137124","20220927162000","20","0","臺南市","龍崎區","120.385","23.005","19"
"161","137130","20220927162000","104","3","臺南市","關廟區","120.370","22.960","156"
"307","137196","20220927162000","540","0","臺南市","安南區","120.190","23.020","289"
"38","137197","20220927162000","40","0","臺南市","南區","120.195","22.965","39"
"609","137202","20220927162000","563","1","臺南市","永康區","120.255","23.005","626"
"192","137251","20220927162000","240","0","高雄市","內門區","120.485","23.015","172"
"42","137259","20220927162000","21","3","高雄市","內門區","120.480","22.965","35"
"109","137275","20220927162000","105","1","高雄市","內門區","120.510","23.015","110"
"122","137311","20220927162000","86","2","高雄市","六龜區","120.650","22.975","148"
"499","137325","20220927162000","802","0","高雄市","六龜區","120.660","22.985","343"
"225","137409","20220927162000","95","3","高雄市","六龜區","120.640","22.990","131"
"154","137466","20220927162000","193","0","高雄市","六龜區","120.660","23.035","139"
"931","137491","20220927162000","879","1","高雄市","六龜區","120.635","22.995","1112"
"181","137494","20220927162000","154","1","臺南市","安平區","120.165","23.000","197"
"27","137498","20220927162000","146","0","臺南市","安平區","120.155","22.980","57"
"211","137502","20220927162000","355","0","臺南市","安平區","120.150","22.990","278"
"30","137504","20220927162000","246","0","臺南市","永康區","120.255","23.020","33"
"483","137506","20220927162000","296","3","臺南市","永康區","120.260","23.020","492"
"314","137507","20220927162000","374","0","臺南市","永康區","120.250","23.030","323"
"195","137585","20220927162000","95","3","臺東縣","鹿野鄉","121.140","22.975","162"
"124","137592","20220927162000","127","0","臺東縣","鹿野鄉","121.140","22.985","104"
"88","137600","20220927162000","78","1","臺東縣","鹿野鄉","121.155","22.950","109"
"232","137609","20220927162000","328","0","臺東縣","鹿野鄉","121.155","22.955","259"
"385","137617","20220927162000","477","0","高雄市","旗山區","120.510","22.955","422"
"53","137618","20220927162000","106","0","高雄市","旗山區","120.515","22.955","57"
"335","137627","20220927162000","301","1","高雄市","旗山區","120.515","22.970","266"
"801","137638","20220927162000","2149","0","臺南市","歸仁區","120.290","22.965","1136"
"229","137642","20220927162000","535","0","臺南市","永康區","120.275","23.035","236"
"98","137645","20220927162000","102","0","臺南市","永康區","120.275","23.040","116"
"508","137648","20220927162000","266","3","臺南市","新化區","120.305","23.030","500"
"685","137649","20220927162000","402","3","臺南市","永康區","120.240","23.010","681"
"1122","137650","20220927162000","1021","1","臺南市","永康區","120.215","23.020","1074"
"651","137651","20220927162000","351","3","臺南市","北區","120.220","23.015","646"
"168","138047","20220927162000","70","3","臺東縣","成功鎮","121.320","23.005","158"
"118","138061","20220927162000","104","1","臺東縣","成功鎮","121.325","23.020","103"
"183","138079","20220927162000","229","0","臺東縣","成功鎮","121.335","23.030","235"
"590","138095","20220927162000","94","3","臺東縣","關山鎮","121.170","23.040","421"
"180","138110","20220927162000","76","3","臺東縣","關山鎮","121.145","23.005","159"
"97","138197","20220927162000","148","0","臺東縣","關山鎮","121.175","23.015","91"
"66","138230","20220927162000","69","0","臺東縣","關山鎮","121.185","23.025","70"
"123","138241","20220927162000","47","3","臺東縣","鹿野鄉","121.130","22.955","118"
"201","138251","20220927162000","255","0","臺東縣","鹿野鄉","121.120","22.970","216"
"216","138278","20220927162000","123","3","臺東縣","鹿野鄉","121.150","22.980","198"
"620","138325","20220927162000","214","3","臺南市","新化區","120.305","23.020","572"
"415","138337","20220927162000","422","0","臺南市","安南區","120.125","23.035","424"
"177","138363","20220927162000","94","3","臺南市","安南區","120.140","23.030","170"
"1165","138367","20220927162000","1054","1","臺南市","安南區","120.160","23.030","1175"
"461","138369","20220927162000","480","0","臺南市","安南區","120.135","23.035","467"
"489","138375","20220927162000","406","2","臺南市","安南區","120.140","23.040","490"
"1051","138376","20220927162000","1296","0","臺南市","安南區","120.145","23.040","1041"
"912","138377","20220927162000","922","0","臺南市","安南區","120.150","23.040","969"
"791","138378","20220927162000","616","2","臺南市","安南區","120.155","23.040","789"
"114","138379","20220927162000","63","3","臺南市","安南區","120.160","23.040","130"
"48","138760","20220927162000","37","2","高雄市","桃源區","120.715","23.035","43"
"1712","138833","20220927162000","1482","1","臺南市","永康區","120.260","23.025","1931"
"604","138838","20220927162000","486","2","臺南市","永康區","120.265","23.035","613"
"56","138840","20220927162000","49","1","臺南市","新化區","120.285","23.035","57"
"206","138842","20220927162000","193","1","臺南市","永康區","120.280","23.040","221"
"57","138851","20220927162000","13","3","臺南市","新化區","120.375","23.010","47"
"37","138856","20220927162000","11","3","臺南市","新化區","120.365","23.010","20"
"11","138868","20220927162000","937","0","臺南市","新化區","120.305","23.040","288"
"247","138910","20220927162000","39","3","臺南市","新化區","120.330","23.025","228"
"10","138917","20220927162000","1998","0","臺南市","新化區","120.310","23.035","450"
"1987","138922","20220927162000","1349","2","臺南市","東區","120.220","22.980","2097"
"1142","138923","20220927162000","853","2","臺南市","東區","120.235","22.970","1257"
"1586","138926","20220927162000","1807","0","臺南市","永康區","120.230","23.035","1646"
"1525","138928","20220927162000","1154","2","臺南市","永康區","120.235","23.040","1454"
"1457","138932","20220927162000","1256","1","臺南市","永康區","120.240","23.035","1539"
"654","138933","20220927162000","634","1","臺南市","永康區","120.245","23.035","694"
"1446","138935","20220927162000","1140","2","臺南市","永康區","120.240","23.040","1423"
"2293","138936","20220927162000","1412","3","臺南市","永康區","120.245","23.040","2311"
"181","138937","20220927162000","211","0","臺南市","永康區","120.250","23.040","185"
"150","138962","20220927162000","142","1","臺東縣","東河鄉","121.280","23.020","171"
"72","139039","20220927162000","16","3","臺東縣","東河鄉","121.280","22.955","79"
"49","139073","20220927162000","23","3","臺東縣","東河鄉","121.300","22.985","34"
"48","139131","20220927162000","23","3","臺東縣","東河鄉","121.260","22.980","42"
"39","139146","20220927162000","31","2","臺東縣","東河鄉","121.265","22.985","39"
"199","139164","20220927162000","111","3","臺東縣","東河鄉","121.280","22.990","185"
"272","139299","20220927162000","97","3","臺南市","新化區","120.330","23.015","209"
"74","139336","20220927162000","28","3","臺南市","新化區","120.340","23.035","33"
"14","139343","20220927162000","52","0","臺南市","新化區","120.375","23.035","10"
"3111","139358","20220927162000","1865","3","臺南市","東區","120.220","22.995","2614"
"700","139360","20220927162000","908","0","臺南市","東區","120.215","23.000","618"
"490","139362","20220927162000","418","1","臺南市","東區","120.235","22.960","607"
"340","139635","20220927162000","373","0","高雄市","杉林區","120.540","22.970","379"
"183","139644","20220927162000","138","2","高雄市","杉林區","120.550","22.975","168"
"127","139672","20220927162000","107","1","高雄市","杉林區","120.565","22.985","114"
"15","139688","20220927162000","12","2","高雄市","杉林區","120.575","23.000","16"
"437","139718","20220927162000","361","2","高雄市","杉林區","120.540","22.965","440"
"43","139735","20220927162000","46","0","高雄市","杉林區","120.550","23.020","49"
"17","139762","20220927162000","12","2","高雄市","杉林區","120.535","23.035","13"
"47","139796","20220927162000","65","0","高雄市","杉林區","120.550","23.000","53"
"159","139852","20220927162000","194","0","高雄市","杉林區","120.585","22.995","148"
"133","139897","20220927162000","166","0","高雄市","杉林區","120.565","23.015","168"
"67","139960","20220927162000","49","2","高雄市","杉林區","120.550","23.040","78"
"262","144971","20220927162000","324","0","臺南市","新市區","120.330","23.105","271"
"702","144989","20220927162000","925","0","臺南市","善化區","120.305","23.115","754"
"328","144992","20220927162000","580","0","臺南市","善化區","120.320","23.115","310"
"281","144998","20220927162000","190","2","臺南市","善化區","120.310","23.125","239"
"1325","144999","20220927162000","1128","1","臺南市","善化區","120.315","23.125","1337"
"1926","145002","20220927162000","760","3","臺南市","新市區","120.300","23.105","1964"
"1879","145007","20220927162000","1624","1","臺南市","善化區","120.295","23.115","1981"
"597","145022","20220927162000","531","1","臺南市","安定區","120.235","23.110","573"
"1114","145031","20220927162000","1472","0","臺南市","安定區","120.255","23.115","1169"
"63","145032","20220927162000","219","0","臺南市","安定區","120.235","23.120","77"
"757","145050","20220927162000","625","2","臺南市","七股區","120.160","23.115","729"
"229","145054","20220927162000","183","2","臺南市","安南區","120.135","23.045","217"
"576","145055","20220927162000","490","1","臺南市","安南區","120.155","23.045","526"
"292","145067","20220927162000","1405","0","臺南市","安南區","120.195","23.045","229"
"34","145103","20220927162000","46","0","臺東縣","池上鄉","121.220","23.100","23"
"71","145114","20220927162000","37","3","臺東縣","池上鄉","121.225","23.105","66"
"63","145631","20220927162000","56","1","臺東縣","海端鄉","121.145","23.045","66"
"300","145817","20220927162000","472","0","臺東縣","海端鄉","121.175","23.095","302"
"363","146199","20220927162000","403","0","臺南市","西港區","120.205","23.115","399"
"1621","146201","20220927162000","1350","2","臺南市","西港區","120.200","23.120","1675"
"215","146215","20220927162000","615","0","臺南市","西港區","120.180","23.115","216"
"23","146227","20220927162000","386","0","臺南市","安南區","120.215","23.045","24"
"993","146231","20220927162000","411","3","臺南市","安南區","120.215","23.050","886"
"1304","146234","20220927162000","1254","1","臺南市","安南區","120.220","23.045","1351"
"686","146235","20220927162000","970","0","臺南市","安南區","120.225","23.045","696"
"241","146238","20220927162000","708","0","臺南市","安南區","120.235","23.050","221"
"141","146239","20220927162000","135","1","臺南市","永康區","120.240","23.050","145"
"298","146241","20220927162000","194","3","臺南市","安南區","120.235","23.055","244"
"1144","146244","20220927162000","617","3","臺南市","安南區","120.230","23.060","1110"
"71","146245","20220927162000","60","1","臺南市","安南區","120.235","23.060","61"
"530","146251","20220927162000","491","1","臺南市","西港區","120.210","23.115","554"
"80","146265","20220927162000","70","1","臺南市","大內區","120.390","23.110","82"
"295","146341","20220927162000","231","2","臺南市","安南區","120.110","23.080","297"
"343","146347","20220927162000","761","0","臺南市","安南區","120.205","23.045","342"
"270","146348","20220927162000","381","0","臺南市","安南區","120.210","23.045","326"
"107","146361","20220927162000","82","2","臺南市","大內區","120.395","23.120","94"
"79","146366","20220927162000","55","2","臺南市","大內區","120.420","23.120","74"
"406","146385","20220927162000","217","3","臺南市","安南區","120.220","23.055","407"
"632","146387","20220927162000","754","0","臺南市","安南區","120.215","23.060","700"
"355","146388","20220927162000","420","0","臺南市","安南區","120.220","23.060","416"
"1473","146390","20220927162000","2263","0","臺南市","安南區","120.225","23.065","1449"
"58","146400","20220927162000","55","1","臺南市","七股區","120.160","23.100","67"
"47","146423","20220927162000","58","0","臺南市","七股區","120.100","23.120","44"
"1230","146430","20220927162000","1343","0","臺南市","新市區","120.290","23.070","1183"
"1160","146432","20220927162000","692","3","臺南市","新市區","120.290","23.080","1133"
"2316","146433","20220927162000","2411","0","臺南市","新市區","120.295","23.080","2353"
"656","146444","20220927162000","388","3","臺南市","新市區","120.300","23.060","694"
"633","146450","20220927162000","333","3","臺南市","新市區","120.295","23.065","617"
"985","146460","20220927162000","753","2","臺南市","新市區","120.295","23.075","1051"
"779","146461","20220927162000","431","3","臺南市","新市區","120.300","23.075","792"
"236","146468","20220927162000","361","0","臺南市","新市區","120.300","23.085","226"
"363","146478","20220927162000","292","2","臺南市","新市區","120.325","23.070","378"
"56","146482","20220927162000","22","3","臺南市","新市區","120.320","23.075","49"
"300","146495","20220927162000","702","0","臺南市","新市區","120.280","23.060","327"
"107","146505","20220927162000","59","3","臺南市","新市區","120.280","23.075","102"
"1050","146506","20220927162000","1233","0","臺南市","新市區","120.285","23.075","1193"
"30","146509","20220927162000","18","3","臺南市","新市區","120.285","23.080","26"
"1169","146513","20220927162000","1009","1","臺南市","新市區","120.280","23.090","1159"
"72","146523","20220927162000","60","2","臺南市","新市區","120.260","23.090","70"
"755","146525","20220927162000","698","1","臺南市","新市區","120.270","23.090","783"
"2429","146526","20220927162000","1978","2","臺南市","新市區","120.275","23.090","2434"
"383","146529","20220927162000","335","1","臺南市","新市區","120.255","23.095","416"
"1171","146533","20220927162000","3638","0","臺南市","新市區","120.275","23.095","1098"
"655","146535","20220927162000","690","0","臺南市","新市區","120.250","23.100","748"
"1027","146537","20220927162000","1023","1","臺南市","新市區","120.260","23.095","1057"
"23","146541","20220927162000","1181","0","臺南市","新市區","120.280","23.095","10"
"109","146542","20220927162000","182","0","臺南市","新市區","120.285","23.100","111"
"2514","146545","20220927162000","2508","1","臺南市","新市區","120.255","23.100","2345"
"223","146546","20220927162000","371","0","臺南市","善化區","120.260","23.105","271"
"186","146547","20220927162000","188","0","臺南市","新市區","120.265","23.100","196"
"864","146549","20220927162000","576","3","臺南市","新市區","120.275","23.100","863"
"695","146550","20220927162000","1149","0","臺南市","新市區","120.280","23.100","761"
"2424","146552","20220927162000","2507","0","臺南市","新市區","120.265","23.105","2383"
"1934","146554","20220927162000","2303","0","臺南市","新市區","120.275","23.105","2018"
"253","146562","20220927162000","290","0","臺南市","七股區","120.145","23.105","260"
"675","146587","20220927162000","332","3","臺南市","安定區","120.225","23.080","727"
"766","146590","20220927162000","337","3","臺南市","安定區","120.230","23.100","742"
"756","146602","20220927162000","610","2","臺南市","西港區","120.210","23.125","762"
"467","146614","20220927162000","285","3","臺南市","安南區","120.155","23.055","502"
"418","146615","20220927162000","169","3","臺南市","安南區","120.165","23.060","395"
"389","146616","20220927162000","431","0","臺南市","安南區","120.175","23.060","394"
"830","146621","20220927162000","876","0","臺南市","安南區","120.175","23.070","863"
"444","146661","20220927162000","406","1","臺南市","安南區","120.130","23.070","472"
"38","146695","20220927162000","281","0","臺南市","安南區","120.095","23.060","29"
"242","146704","20220927162000","109","3","臺南市","山上區","120.355","23.085","255"
"292","146707","20220927162000","258","1","臺南市","山上區","120.345","23.090","288"
"280","146712","20220927162000","333","0","臺南市","山上區","120.355","23.095","278"
"186","146713","20220927162000","113","3","臺南市","山上區","120.360","23.095","169"
"327","146727","20220927162000","497","0","臺南市","山上區","120.340","23.110","367"
"111","146773","20220927162000","87","2","臺南市","山上區","120.405","23.105","82"
"157","146783","20220927162000","117","2","臺南市","山上區","120.365","23.075","148"
"13","146806","20220927162000","16","0","臺南市","左鎮區","120.380","23.050","32"
"355","146822","20220927162000","139","3","臺南市","左鎮區","120.365","23.065","191"
"96","146848","20220927162000","144","0","臺南市","左鎮區","120.400","23.055","100"
"239","146850","20220927162000","224","1","臺南市","左鎮區","120.410","23.055","231"
"191","146853","20220927162000","154","2","臺南市","左鎮區","120.390","23.060","190"
"11","146877","20220927162000","12","0","臺南市","左鎮區","120.420","23.055","11"
"117","146890","20220927162000","208","0","臺南市","安南區","120.160","23.065","122"
"447","146891","20220927162000","223","3","臺南市","安南區","120.160","23.070","408"
"310","146892","20220927162000","376","0","臺南市","安南區","120.165","23.070","310"
"202","146896","20220927162000","182","1","臺南市","安南區","120.200","23.075","183"
"71","146931","20220927162000","897","0","臺南市","安南區","120.130","23.060","77"
"98","146932","20220927162000","592","0","臺南市","安南區","120.135","23.060","102"
"43","146947","20220927162000","245","0","臺南市","安南區","120.115","23.055","38"
"606","146954","20220927162000","513","1","臺南市","安南區","120.125","23.060","627"
"589","146957","20220927162000","485","2","臺南市","安南區","120.125","23.065","615"
"915","146965","20220927162000","571","3","臺南市","山上區","120.355","23.105","932"
"195","146969","20220927162000","92","3","臺南市","山上區","120.370","23.080","190"
"65","146971","20220927162000","102","0","臺南市","山上區","120.380","23.080","69"
"1329","146988","20220927162000","1373","0","臺南市","永康區","120.255","23.045","1560"
"183","146992","20220927162000","119","3","臺南市","永康區","120.260","23.050","194"
"90","147017","20220927162000","115","0","臺南市","安南區","120.145","23.075","111"
"578","147019","20220927162000","446","2","臺南市","安南區","120.135","23.080","572"
"94","147031","20220927162000","119","0","臺南市","安定區","120.220","23.105","100"
"395","147043","20220927162000","888","0","臺南市","安定區","120.260","23.110","465"
"547","147044","20220927162000","1706","0","臺南市","安定區","120.260","23.115","427"
"1334","147045","20220927162000","1676","0","臺南市","安定區","120.255","23.120","1338"
"12672","147046","20220927162000","11353","1","臺南市","安定區","120.260","23.120","14184"
"152","147073","20220927162000","147","1","臺南市","安南區","120.180","23.045","162"
"1406","147074","20220927162000","1457","0","臺南市","安南區","120.185","23.045","1323"
"409","147075","20220927162000","488","0","臺南市","安南區","120.180","23.050","450"
"1079","147079","20220927162000","461","3","臺南市","安南區","120.190","23.055","930"
"115","147083","20220927162000","211","0","臺南市","南化區","120.450","23.050","103"
"324","147121","20220927162000","223","2","臺南市","南化區","120.485","23.080","285"
"193","147153","20220927162000","198","0","臺南市","南化區","120.475","23.065","228"
"321","147170","20220927162000","257","2","臺南市","南化區","120.475","23.045","339"
"113","147181","20220927162000","95","1","臺南市","南化區","120.515","23.045","87"
"50","147248","20220927162000","68","0","臺南市","南化區","120.515","23.075","58"
"36","147252","20220927162000","23","3","臺南市","南化區","120.535","23.075","33"
"160","147257","20220927162000","95","3","臺南市","南化區","120.510","23.080","119"
"41","147271","20220927162000","50","0","臺南市","南化區","120.525","23.085","38"
"315","147381","20220927162000","200","3","臺南市","安南區","120.165","23.050","304"
"79","147382","20220927162000","215","0","臺南市","安南區","120.170","23.050","66"
"228","147391","20220927162000","56","3","臺東縣","池上鄉","121.205","23.100","143"
"182","147393","20220927162000","213","0","臺東縣","池上鄉","121.200","23.105","151"
"12","147394","20220927162000","11","1","臺東縣","池上鄉","121.205","23.105","19"
"97","147398","20220927162000","124","0","臺東縣","池上鄉","121.200","23.110","90"
"215","147404","20220927162000","108","3","臺東縣","池上鄉","121.200","23.115","172"
"245","147422","20220927162000","440","0","臺東縣","池上鄉","121.220","23.115","262"
"125","147425","20220927162000","69","3","臺東縣","池上鄉","121.210","23.120","136"
"352","147426","20220927162000","426","0","臺東縣","池上鄉","121.215","23.120","391"
"71","147427","20220927162000","917","0","臺東縣","池上鄉","121.220","23.120","71"
"31","147429","20220927162000","457","0","臺南市","安南區","120.120","23.075","23"
"134","147438","20220927162000","882","0","臺南市","安南區","120.205","23.050","121"
"731","147448","20220927162000","994","0","臺南市","安南區","120.195","23.070","760"
"512","147449","20220927162000","336","3","臺南市","安定區","120.200","23.070","398"
"2412","147457","20220927162000","1871","2","臺南市","新市區","120.280","23.105","2298"
"6267","147458","20220927162000","5405","1","臺南市","善化區","120.265","23.110","6321"
"2595","147459","20220927162000","2608","0","臺南市","善化區","120.270","23.110","2362"
"4043","147460","20220927162000","2728","2","臺南市","善化區","120.275","23.110","3977"
"106","147461","20220927162000","63","3","臺南市","善化區","120.280","23.110","97"
"4695","147464","20220927162000","3960","1","臺南市","善化區","120.270","23.115","4533"
"3696","147465","20220927162000","3414","1","臺南市","善化區","120.275","23.115","3221"
"56","147466","20220927162000","86","0","臺南市","善化區","120.280","23.115","67"
"54","147467","20220927162000","94","0","臺南市","善化區","120.285","23.115","52"
"2037","147468","20220927162000","1265","3","臺南市","善化區","120.270","23.120","2165"
"1148","147475","20220927162000","690","3","臺南市","安南區","120.190","23.045","1246"
"788","147479","20220927162000","419","3","臺南市","安定區","120.215","23.075","783"
"614","147503","20220927162000","483","2","臺南市","大內區","120.370","23.115","561"
"294","147511","20220927162000","176","3","臺南市","安定區","120.205","23.080","243"
"13","147517","20220927162000","12","1","臺南市","安定區","120.215","23.085","18"
"178","147522","20220927162000","661","0","臺南市","安定區","120.210","23.090","190"
"104","147528","20220927162000","623","0","臺南市","安定區","120.215","23.095","84"
"814","147531","20220927162000","351","3","臺南市","安定區","120.210","23.095","785"
"1484","147539","20220927162000","251","3","臺南市","新市區","120.290","23.085","1512"
"1654","147540","20220927162000","1252","2","臺南市","新市區","120.285","23.090","1526"
"22","147543","20220927162000","15","2","臺南市","新市區","120.285","23.095","19"
"759","147548","20220927162000","1124","0","臺南市","新市區","120.290","23.100","891"
"557","147550","20220927162000","548","1","臺南市","新市區","120.285","23.105","503"
"13","147563","20220927162000","15","0","臺南市","新市區","120.255","23.070","22"
"86","147570","20220927162000","126","0","臺南市","新市區","120.265","23.075","102"
"141","147571","20220927162000","133","1","臺南市","新市區","120.255","23.080","138"
"126","147576","20220927162000","88","2","臺南市","新市區","120.305","23.090","136"
"217","147587","20220927162000","185","1","臺南市","新市區","120.310","23.100","220"
"436","147594","20220927162000","479","0","臺南市","新市區","120.320","23.085","405"
"595","147598","20220927162000","514","1","臺南市","新市區","120.315","23.090","653"
"51","147613","20220927162000","219","0","臺南市","安南區","120.165","23.045","49"
"438","147619","20220927162000","232","3","臺南市","安南區","120.170","23.045","389"
"298","147620","20220927162000","265","1","臺南市","安南區","120.175","23.045","311"
"552","147621","20220927162000","655","0","臺南市","安南區","120.175","23.050","584"
"68","147622","20220927162000","272","0","臺南市","安南區","120.175","23.055","66"
"114","147627","20220927162000","89","2","臺南市","七股區","120.120","23.095","124"
"101","147686","20220927162000","158","0","臺南市","七股區","120.075","23.125","117"
"61","147743","20220927162000","48","2","臺南市","七股區","120.050","23.080","69"
"108","147812","20220927162000","149","0","臺南市","七股區","120.090","23.095","115"
"714","147816","20220927162000","507","2","臺南市","七股區","120.110","23.095","760"
"48","147889","20220927162000","83","0","臺東縣","池上鄉","121.220","23.080","55"
"244","147906","20220927162000","135","3","臺東縣","池上鄉","121.230","23.120","227"
"211","147984","20220927162000","135","3","高雄市","甲仙區","120.585","23.080","153"
"237","147985","20220927162000","124","3","高雄市","甲仙區","120.590","23.080","254"
"44","147999","20220927162000","41","1","高雄市","甲仙區","120.610","23.110","47"
"18","148032","20220927162000","13","2","高雄市","甲仙區","120.630","23.115","14"
"134","148097","20220927162000","218","0","高雄市","六龜區","120.670","23.065","150"
"159","148126","20220927162000","94","3","高雄市","六龜區","120.675","23.080","150"
"823","148173","20220927162000","703","1","臺南市","安南區","120.205","23.060","870"
"530","148177","20220927162000","426","2","臺南市","安南區","120.220","23.070","570"
"289","148178","20220927162000","194","2","臺南市","安南區","120.225","23.070","286"
"154","148201","20220927162000","132","1","高雄市","六龜區","120.690","23.095","143"
"92","148224","20220927162000","146","0","高雄市","六龜區","120.690","23.105","89"
"106","148238","20220927162000","190","0","高雄市","六龜區","120.700","23.110","124"
"115","148271","20220927162000","96","1","高雄市","六龜區","120.720","23.115","115"
"63","148275","20220927162000","59","1","高雄市","桃源區","120.745","23.115","80"
"81","148342","20220927162000","51","3","高雄市","六龜區","120.715","23.065","74"
"54","148372","20220927162000","60","0","臺南市","新化區","120.330","23.055","65"
"171","148373","20220927162000","178","0","臺南市","新化區","120.335","23.055","152"
"148","148376","20220927162000","118","2","臺南市","新化區","120.335","23.060","146"
"154","148377","20220927162000","171","0","臺南市","新化區","120.340","23.060","139"
"28","148378","20220927162000","18","3","臺南市","新化區","120.345","23.060","27"
"337","148380","20220927162000","364","0","臺南市","新化區","120.345","23.065","371"
"210","148386","20220927162000","194","1","臺南市","新化區","120.355","23.070","230"
"80","148418","20220927162000","88","0","臺東縣","池上鄉","121.235","23.120","100"
"40","148429","20220927162000","97","0","臺南市","玉井區","120.425","23.070","44"
"153","148453","20220927162000","80","3","臺南市","玉井區","120.430","23.085","109"
"19","148472","20220927162000","14","2","臺南市","玉井區","120.440","23.095","16"
"45","148477","20220927162000","60","0","臺南市","玉井區","120.450","23.090","31"
"159","148526","20220927162000","86","3","臺南市","玉井區","120.480","23.110","124"
"19","148531","20220927162000","11","3","臺南市","玉井區","120.505","23.110","11"
"14","148539","20220927162000","11","2","臺南市","玉井區","120.490","23.115","10"
"1611","148561","20220927162000","1601","1","臺南市","玉井區","120.460","23.120","1718"
"533","148562","20220927162000","589","0","臺南市","玉井區","120.465","23.120","555"
"1005","148578","20220927162000","1149","0","臺南市","永康區","120.265","23.045","1033"
"255","148582","20220927162000","446","0","臺南市","永康區","120.265","23.050","298"
"583","148583","20220927162000","366","3","臺南市","永康區","120.270","23.050","519"
"74","148584","20220927162000","126","0","臺南市","永康區","120.275","23.050","77"
"68","148590","20220927162000","396","0","臺南市","永康區","120.245","23.050","46"
"498","148594","20220927162000","316","3","臺南市","永康區","120.260","23.055","507"
"482","148600","20220927162000","564","0","臺南市","永康區","120.265","23.055","509"
"42","148632","20220927162000","31","2","臺東縣","成功鎮","121.355","23.120","53"
"498","148641","20220927162000","355","2","臺東縣","成功鎮","121.400","23.120","505"
"36","148643","20220927162000","65","0","臺東縣","成功鎮","121.410","23.120","60"
"38","148653","20220927162000","21","3","臺東縣","成功鎮","121.355","23.105","34"
"72","148690","20220927162000","58","2","臺東縣","成功鎮","121.340","23.045","90"
"19","148696","20220927162000","23","0","臺東縣","成功鎮","121.340","23.050","23"
"277","148718","20220927162000","114","3","臺東縣","成功鎮","121.345","23.065","185"
"242","148763","20220927162000","61","3","臺東縣","成功鎮","121.355","23.090","222"
"28","148769","20220927162000","16","3","臺東縣","成功鎮","121.345","23.095","27"
"1364","148784","20220927162000","628","3","臺東縣","成功鎮","121.380","23.100","1407"
"390","148795","20220927162000","470","0","臺東縣","關山鎮","121.175","23.070","380"
"246","148817","20220927162000","112","3","臺東縣","關山鎮","121.175","23.080","218"
"144","148847","20220927162000","284","0","臺東縣","關山鎮","121.165","23.045","431"
"267","148873","20220927162000","487","0","臺東縣","關山鎮","121.165","23.055","452"
"561","148879","20220927162000","297","3","臺東縣","關山鎮","121.155","23.045","465"
"373","148883","20220927162000","555","0","高雄市","甲仙區","120.590","23.085","419"
"79","148899","20220927162000","67","1","高雄市","甲仙區","120.590","23.100","91"
"89","148910","20220927162000","57","3","高雄市","甲仙區","120.550","23.055","77"
"107","148925","20220927162000","90","1","高雄市","甲仙區","120.570","23.065","101"
"182","148938","20220927162000","125","2","高雄市","甲仙區","120.575","23.070","191"
"79","148960","20220927162000","72","1","高雄市","甲仙區","120.560","23.050","78"
"317","148978","20220927162000","309","1","臺南市","新化區","120.290","23.045","284"
"1196","148988","20220927162000","487","3","臺南市","安南區","120.145","23.045","1136"
"35","148989","20220927162000","25","2","臺南市","安南區","120.150","23.045","30"
"16","149026","20220927162000","24","0","高雄市","桃源區","120.720","23.050","22"
"19","149092","20220927162000","21","0","高雄市","桃源區","120.735","23.060","11"
"44","149159","20220927162000","34","2","高雄市","桃源區","120.755","23.070","51"
"30","149193","20220927162000","21","2","高雄市","桃源區","120.760","23.070","21"
"15","149519","20220927162000","74","0","高雄市","六龜區","120.685","23.110","10"
"295","149576","20220927162000","184","3","臺南市","新化區","120.295","23.045","309"
"59","149589","20220927162000","217","0","臺南市","永康區","120.235","23.045","64"
"1832","149590","20220927162000","1361","2","臺南市","永康區","120.240","23.045","1914"
"39","149592","20220927162000","53","0","臺南市","永康區","120.245","23.045","32"
"286","149593","20220927162000","253","1","臺南市","永康區","120.250","23.045","360"
"38","149614","20220927162000","39","0","臺南市","玉井區","120.460","23.100","40"
"30","149636","20220927162000","35","0","臺南市","玉井區","120.490","23.095","17"
"137","149651","20220927162000","173","0","臺南市","玉井區","120.480","23.105","124"
"85","149658","20220927162000","45","3","臺東縣","東河鄉","121.285","23.045","109"
"74","149682","20220927162000","52","2","臺東縣","東河鄉","121.295","23.055","86"
"17","149761","20220927162000","16","1","臺東縣","東河鄉","121.295","23.080","14"
"45","149865","20220927162000","69","0","臺南市","新化區","120.310","23.045","52"
"465","149866","20220927162000","120","3","臺南市","新化區","120.315","23.045","458"
"85","149873","20220927162000","103","0","臺南市","新化區","120.325","23.055","98"
"34","149908","20220927162000","33","1","高雄市","甲仙區","120.600","23.085","27"
"675","149946","20220927162000","906","0","臺南市","善化區","120.270","23.125","832"
"544","149948","20220927162000","692","0","臺南市","大內區","120.355","23.120","595"
"257","154962","20220927162000","171","3","澎湖縣","七美鄉","119.415","23.195","217"
"1365","154965","20220927162000","567","3","臺南市","善化區","120.325","23.140","1378"
"207","154980","20220927162000","260","0","臺南市","善化區","120.325","23.135","233"
"1765","154984","20220927162000","1573","1","臺南市","善化區","120.300","23.130","1841"
"403","154985","20220927162000","240","3","臺南市","善化區","120.305","23.130","356"
"438","154986","20220927162000","501","0","臺南市","善化區","120.310","23.130","430"
"98","154996","20220927162000","80","2","澎湖縣","七美鄉","119.435","23.200","117"
"25","155085","20220927162000","12","3","臺南市","西港區","120.230","23.135","29"
"454","155098","20220927162000","653","0","臺南市","麻豆區","120.245","23.190","413"
"182","155107","20220927162000","122","2","臺南市","佳里區","120.180","23.145","190"
"348","155111","20220927162000","410","0","臺南市","佳里區","120.175","23.150","400"
"316","155114","20220927162000","852","0","臺南市","佳里區","120.175","23.155","272"
"663","155129","20220927162000","625","1","臺南市","佳里區","120.195","23.190","723"
"54","155501","20220927162000","53","1","臺東縣","海端鄉","121.025","23.185","69"
"49","155650","20220927162000","61","0","臺東縣","海端鄉","121.180","23.130","47"
"61","155658","20220927162000","30","3","臺東縣","海端鄉","121.205","23.150","57"
"102","155664","20220927162000","91","1","臺東縣","海端鄉","121.190","23.155","113"
"51","155779","20220927162000","74","0","臺東縣","海端鄉","121.125","23.130","58"
"77","155786","20220927162000","40","3","臺東縣","海端鄉","121.160","23.130","74"
"35","156049","20220927162000","82","0","臺東縣","海端鄉","121.030","23.165","22"
"62","156052","20220927162000","74","0","臺東縣","海端鄉","121.045","23.165","64"
"17","156083","20220927162000","22","0","臺東縣","海端鄉","121.045","23.170","12"
"113","156227","20220927162000","359","0","臺南市","西港區","120.180","23.130","97"
"569","156233","20220927162000","398","2","臺南市","西港區","120.200","23.130","507"
"378","156281","20220927162000","276","2","臺南市","佳里區","120.180","23.165","360"
"53","156284","20220927162000","268","0","臺南市","佳里區","120.180","23.170","46"
"92","156292","20220927162000","56","3","臺南市","佳里區","120.155","23.170","97"
"547","156302","20220927162000","596","0","臺南市","麻豆區","120.215","23.175","572"
"856","156306","20220927162000","535","3","臺南市","佳里區","120.160","23.160","796"
"1521","156309","20220927162000","1478","1","臺南市","佳里區","120.175","23.160","1528"
"3875","156314","20220927162000","3937","0","臺南市","佳里區","120.175","23.165","3938"
"246","156333","20220927162000","211","1","臺南市","七股區","120.140","23.140","293"
"462","156339","20220927162000","277","3","臺南市","七股區","120.150","23.150","441"
"199","156348","20220927162000","157","2","花蓮縣","富里鄉","121.255","23.180","223"
"382","156361","20220927162000","326","1","花蓮縣","富里鄉","121.275","23.190","396"
"355","156391","20220927162000","482","0","臺南市","西港區","120.220","23.140","354"
"502","156401","20220927162000","609","0","臺南市","麻豆區","120.240","23.155","510"
"82","156402","20220927162000","20","3","臺南市","麻豆區","120.240","23.160","67"
"628","156420","20220927162000","267","3","臺南市","麻豆區","120.270","23.195","639"
"275","156423","20220927162000","56","3","臺南市","麻豆區","120.285","23.195","245"
"213","156446","20220927162000","229","0","臺南市","大內區","120.415","23.150","205"
"28","156474","20220927162000","23","2","臺南市","大內區","120.410","23.165","28"
"381","156721","20220927162000","263","2","臺南市","善化區","120.270","23.145","363"
"22","156730","20220927162000","19","1","臺南市","大內區","120.405","23.130","28"
"17","156736","20220927162000","31","0","臺南市","大內區","120.435","23.130","22"
"42","156743","20220927162000","48","0","臺南市","大內區","120.430","23.135","44"
"77","156744","20220927162000","116","0","臺南市","玉井區","120.435","23.135","93"
"1531","156753","20220927162000","704","3","臺南市","善化區","120.285","23.135","1424"
"13","156765","20220927162000","523","0","臺南市","善化區","120.290","23.135","15"
"830","156781","20220927162000","897","0","臺南市","善化區","120.285","23.150","754"
"815","156792","20220927162000","684","1","臺南市","七股區","120.135","23.140","779"
"177","156851","20220927162000","266","0","臺南市","佳里區","120.155","23.180","188"
"561","156856","20220927162000","294","3","臺南市","佳里區","120.155","23.140","483"
"413","156864","20220927162000","412","1","臺南市","佳里區","120.185","23.145","418"
"217","156865","20220927162000","565","0","臺南市","佳里區","120.180","23.150","150"
"1357","156869","20220927162000","1211","1","臺南市","佳里區","120.180","23.155","1349"
"62","156870","20220927162000","140","0","臺南市","佳里區","120.185","23.155","76"
"619","156873","20220927162000","681","0","臺南市","佳里區","120.155","23.175","669"
"679","156909","20220927162000","286","3","臺南市","麻豆區","120.240","23.190","606"
"232","156941","20220927162000","283","0","臺南市","佳里區","120.190","23.190","243"
"969","156942","20220927162000","569","3","臺南市","佳里區","120.185","23.185","877"
"752","156974","20220927162000","793","0","臺南市","七股區","120.090","23.185","773"
"1277","156977","20220927162000","372","3","臺南市","西港區","120.200","23.140","1233"
"1278","157009","20220927162000","1130","1","臺南市","麻豆區","120.240","23.185","1321"
"575","157010","20220927162000","1052","0","臺南市","麻豆區","120.250","23.185","594"
"67","157011","20220927162000","425","0","臺南市","麻豆區","120.255","23.185","61"
"14","157047","20220927162000","38","0","臺南市","六甲區","120.415","23.205","16"
"124","157077","20220927162000","109","1","臺南市","楠西區","120.505","23.140","147"
"516","157130","20220927162000","293","3","臺南市","將軍區","120.160","23.190","485"
"65","157174","20220927162000","417","0","臺南市","官田區","120.315","23.195","71"
"509","157183","20220927162000","370","2","臺南市","安定區","120.245","23.130","554"
"228","157198","20220927162000","237","0","花蓮縣","富里鄉","121.265","23.155","251"
"619","157259","20220927162000","762","0","臺南市","官田區","120.325","23.200","687"
"307","157263","20220927162000","351","0","臺南市","官田區","120.320","23.205","271"
"423","157265","20220927162000","238","3","臺南市","官田區","120.330","23.205","393"
"290","157334","20220927162000","162","3","臺南市","官田區","120.370","23.195","257"
"190","157335","20220927162000","147","2","臺南市","官田區","120.375","23.195","182"
"289","157382","20220927162000","123","3","臺南市","官田區","120.320","23.170","286"
"199","157394","20220927162000","197","1","臺南市","官田區","120.310","23.175","195"
"10","157419","20220927162000","371","0","臺南市","官田區","120.350","23.160","10"
"79","157422","20220927162000","40","3","臺南市","官田區","120.330","23.165","86"
"652","157478","20220927162000","610","1","臺南市","官田區","120.315","23.190","677"
"33","157597","20220927162000","35","0","臺南市","南化區","120.595","23.165","44"
"75","157624","20220927162000","57","2","臺南市","南化區","120.600","23.175","81"
"54","157646","20220927162000","91","0","臺南市","南化區","120.570","23.185","58"
"13","157724","20220927162000","10","2","臺南市","南化區","120.625","23.205","13"
"1736","157737","20220927162000","1951","0","臺南市","麻豆區","120.245","23.180","1765"
"125","157740","20220927162000","134","0","臺南市","麻豆區","120.240","23.195","175"
"812","157752","20220927162000","480","3","臺南市","麻豆區","120.260","23.185","711"
"445","157756","20220927162000","587","0","臺南市","麻豆區","120.265","23.190","499"
"263","157759","20220927162000","225","1","臺南市","麻豆區","120.255","23.190","271"
"41","157773","20220927162000","32","2","臺東縣","池上鄉","121.210","23.125","34"
"86","157789","20220927162000","80","1","臺東縣","池上鄉","121.200","23.140","106"
"319","157818","20220927162000","275","1","花蓮縣","卓溪鄉","121.225","23.160","344"
"137","157895","20220927162000","127","1","花蓮縣","富里鄉","121.250","23.200","141"
"134","157913","20220927162000","487","0","臺南市","善化區","120.295","23.135","204"
"45","157915","20220927162000","87","0","臺南市","善化區","120.305","23.135","49"
"592","157919","20220927162000","442","2","臺南市","善化區","120.305","23.140","666"
"445","157924","20220927162000","319","2","臺南市","善化區","120.290","23.145","440"
"224","157991","20220927162000","110","3","花蓮縣","富里鄉","121.235","23.135","198"
"63","157998","20220927162000","75","0","花蓮縣","富里鄉","121.240","23.140","74"
"324","158028","20220927162000","235","2","花蓮縣","富里鄉","121.250","23.170","288"
"479","158030","20220927162000","374","2","花蓮縣","富里鄉","121.250","23.175","490"
"103","158032","20220927162000","85","2","花蓮縣","富里鄉","121.250","23.180","107"
"957","158045","20220927162000","561","3","臺南市","將軍區","120.140","23.205","985"
"1125","158058","20220927162000","1268","0","臺南市","將軍區","120.160","23.200","1199"
"222","158065","20220927162000","291","0","臺南市","七股區","120.135","23.130","231"
"452","158072","20220927162000","414","1","臺南市","七股區","120.110","23.145","476"
"24","158092","20220927162000","40","0","臺南市","七股區","120.130","23.185","31"
"46","158097","20220927162000","22","3","臺南市","七股區","120.145","23.180","57"
"390","158106","20220927162000","298","2","臺南市","佳里區","120.190","23.165","433"
"93","158107","20220927162000","655","0","臺南市","佳里區","120.195","23.165","81"
"673","158122","20220927162000","711","0","臺南市","佳里區","120.180","23.180","734"
"363","158126","20220927162000","503","0","臺南市","佳里區","120.175","23.185","406"
"47","158128","20220927162000","33","2","臺東縣","池上鄉","121.185","23.130","28"
"159","158181","20220927162000","174","0","臺南市","麻豆區","120.265","23.180","159"
"757","158192","20220927162000","684","1","臺南市","麻豆區","120.245","23.185","770"
"28","158363","20220927162000","16","3","高雄市","桃源區","120.790","23.185","31"
"105","158397","20220927162000","113","0","臺東縣","池上鄉","121.235","23.130","89"
"448","158398","20220927162000","337","2","臺南市","玉井區","120.470","23.130","492"
"44","158400","20220927162000","234","0","臺南市","玉井區","120.480","23.130","42"
"202","158410","20220927162000","213","0","臺南市","玉井區","120.440","23.135","241"
"130","158457","20220927162000","90","2","臺南市","楠西區","120.490","23.190","131"
"62","158502","20220927162000","70","0","臺南市","楠西區","120.515","23.200","63"
"47","158508","20220927162000","26","3","臺南市","楠西區","120.545","23.205","28"
"678","158533","20220927162000","488","2","臺南市","楠西區","120.485","23.175","728"
"450","158546","20220927162000","338","2","臺南市","楠西區","120.485","23.170","451"
"42","158547","20220927162000","283","0","臺南市","楠西區","120.480","23.175","41"
"51","158550","20220927162000","230","0","臺南市","楠西區","120.480","23.185","67"
"68","158572","20220927162000","49","2","臺南市","楠西區","120.505","23.160","28"
"53","158634","20220927162000","52","1","臺南市","楠西區","120.560","23.180","51"
"15","158638","20220927162000","56","0","臺南市","楠西區","120.525","23.185","17"
"147","158670","20220927162000","92","3","臺南市","楠西區","120.465","23.190","115"
"89","158687","20220927162000","99","0","臺南市","楠西區","120.490","23.200","110"
"170","158905","20220927162000","84","3","臺東縣","成功鎮","121.400","23.170","131"
"107","158933","20220927162000","128","0","臺東縣","成功鎮","121.395","23.180","79"
"137","159028","20220927162000","137","1","高雄市","甲仙區","120.635","23.150","131"
"22","159158","20220927162000","40","0","高雄市","三民區","120.660","23.200","24"
"15","159274","20220927162000","24","0","高雄市","桃源區","120.800","23.210","20"
"33","159434","20220927162000","17","3","高雄市","桃源區","120.755","23.145","35"
"204","159527","20220927162000","184","1","高雄市","桃源區","120.765","23.160","190"
"70","159574","20220927162000","80","0","高雄市","桃源區","120.770","23.165","72"
"10","159705","20220927162000","16","0","高雄市","桃源區","120.730","23.135","10"
"55","159707","20220927162000","31","3","高雄市","桃源區","120.740","23.135","84"
"198","159838","20220927162000","166","1","臺南市","官田區","120.350","23.150","213"
"199","159846","20220927162000","151","2","臺南市","大內區","120.365","23.155","189"
"356","159859","20220927162000","359","0","臺南市","大內區","120.380","23.145","328"
"65","159883","20220927162000","43","3","臺南市","大內區","120.370","23.160","61"
"371","159912","20220927162000","264","2","臺南市","麻豆區","120.225","23.175","382"
"478","159913","20220927162000","718","0","臺南市","麻豆區","120.220","23.180","510"
"471","159928","20220927162000","379","2","臺南市","麻豆區","120.255","23.180","477"
"14","159936","20220927162000","260","0","臺南市","善化區","120.315","23.145","10"
"426","159943","20220927162000","335","2","臺南市","善化區","120.300","23.150","443"
"12","159947","20220927162000","310","0","臺南市","善化區","120.265","23.130","15"
"434","159950","20220927162000","128","3","臺南市","善化區","120.260","23.135","415"
"208","161053","20220927162000","128","3","澎湖縣","七美鄉","119.430","23.215","162"
"137","162017","20220927162000","57","3","臺東縣","長濱鄉","121.415","23.235","103"
"12","163557","20220927162000","78","0","澎湖縣","望安鄉","119.515","23.255","13"
"306","164970","20220927162000","326","0","澎湖縣","七美鄉","119.425","23.205","336"
"54","164978","20220927162000","111","0","澎湖縣","望安鄉","119.670","23.245","26"
"516","165017","20220927162000","468","1","臺南市","學甲區","120.195","23.215","490"
"476","165030","20220927162000","476","1","臺南市","學甲區","120.195","23.230","500"
"56","165342","20220927162000","89","0","臺東縣","海端鄉","120.985","23.250","37"
"27","165457","20220927162000","66","0","臺東縣","海端鄉","120.990","23.270","27"
"1255","165635","20220927162000","1461","0","臺南市","下營區","120.265","23.240","1329"
"665","165652","20220927162000","672","0","臺南市","下營區","120.270","23.245","680"
"273","165697","20220927162000","214","2","花蓮縣","富里鄉","121.275","23.215","268"
"292","165713","20220927162000","292","1","臺南市","下營區","120.270","23.210","344"
"33","165716","20220927162000","41","0","花蓮縣","富里鄉","121.340","23.280","47"
"164","165718","20220927162000","166","0","花蓮縣","玉里鎮","121.345","23.285","172"
"200","165736","20220927162000","137","2","花蓮縣","玉里鎮","121.285","23.280","181"
"203","165743","20220927162000","122","3","花蓮縣","玉里鎮","121.280","23.285","222"
"91","165775","20220927162000","179","0","花蓮縣","富里鄉","121.290","23.240","144"
"42","165778","20220927162000","48","0","花蓮縣","富里鄉","121.305","23.240","35"
"158","165815","20220927162000","123","2","花蓮縣","富里鄉","121.295","23.255","145"
"191","165847","20220927162000","327","0","臺南市","新營區","120.275","23.275","199"
"47","165852","20220927162000","48","0","臺南市","六甲區","120.345","23.230","55"
"993","165855","20220927162000","728","2","臺南市","北門區","120.135","23.240","988"
"117","165858","20220927162000","152","0","臺南市","北門區","120.130","23.250","113"
"72","165925","20220927162000","272","0","臺南市","六甲區","120.345","23.235","269"
"107","165938","20220927162000","59","3","臺南市","六甲區","120.340","23.250","130"
"55","165969","20220927162000","21","3","臺南市","六甲區","120.400","23.220","50"
"69","166033","20220927162000","31","3","臺南市","柳營區","120.310","23.260","65"
"464","166037","20220927162000","160","3","臺南市","柳營區","120.305","23.280","439"
"274","166071","20220927162000","390","0","臺南市","六甲區","120.340","23.225","266"
"13","166073","20220927162000","12","1","臺南市","六甲區","120.310","23.245","15"
"57","166077","20220927162000","20","3","臺南市","六甲區","120.315","23.250","42"
"235","166081","20220927162000","285","0","臺南市","六甲區","120.310","23.255","229"
"111","166097","20220927162000","79","2","臺南市","北門區","120.110","23.260","154"
"118","166128","20220927162000","108","1","臺南市","北門區","120.140","23.265","123"
"183","166144","20220927162000","171","1","臺南市","學甲區","120.180","23.285","184"
"98","166153","20220927162000","323","0","臺南市","將軍區","120.165","23.220","105"
"61","166181","20220927162000","478","0","臺南市","北門區","120.095","23.230","47"
"1083","166188","20220927162000","1059","1","臺南市","北門區","120.115","23.235","1085"
"681","166224","20220927162000","705","0","臺南市","北門區","120.135","23.280","701"
"842","166238","20220927162000","898","0","臺南市","北門區","120.125","23.270","861"
"89","166250","20220927162000","62","2","花蓮縣","富里鄉","121.315","23.220","97"
"238","166256","20220927162000","143","3","花蓮縣","富里鄉","121.275","23.225","234"
"228","166326","20220927162000","176","2","花蓮縣","富里鄉","121.305","23.255","196"
"140","166340","20220927162000","94","2","花蓮縣","富里鄉","121.305","23.265","153"
"128","166344","20220927162000","104","2","花蓮縣","富里鄉","121.300","23.270","123"
"396","166354","20220927162000","353","1","臺南市","官田區","120.320","23.215","398"
"275","166363","20220927162000","125","3","臺南市","官田區","120.340","23.220","259"
"16","166377","20220927162000","767","0","臺南市","官田區","120.310","23.215","12"
"249","166389","20220927162000","269","0","臺南市","官田區","120.360","23.210","284"
"447","166391","20220927162000","191","3","臺南市","官田區","120.370","23.210","410"
"234","166424","20220927162000","371","0","臺南市","北門區","120.145","23.285","267"
"451","166429","20220927162000","254","3","臺南市","將軍區","120.160","23.220","432"
"1485","166446","20220927162000","1526","0","臺南市","六甲區","120.355","23.230","1342"
"333","166455","20220927162000","227","2","臺南市","六甲區","120.370","23.230","276"
"161","166495","20220927162000","129","2","臺南市","北門區","120.125","23.240","148"
"509","166562","20220927162000","420","2","臺南市","麻豆區","120.220","23.220","507"
"61","166785","20220927162000","47","2","花蓮縣","富里鄉","121.265","23.215","70"
"590","167284","20220927162000","312","3","臺南市","下營區","120.290","23.245","536"
"19","167323","20220927162000","19","1","花蓮縣","富里鄉","121.360","23.265","15"
"87","167340","20220927162000","52","3","花蓮縣","富里鄉","121.315","23.275","86"
"26","167482","20220927162000","129","0","臺南市","東山區","120.470","23.260","43"
"103","167491","20220927162000","65","3","臺南市","東山區","120.515","23.260","122"
"344","167497","20220927162000","127","3","臺南市","東山區","120.480","23.265","345"
"55","167501","20220927162000","199","0","臺南市","東山區","120.500","23.265","30"
"27","167514","20220927162000","100","0","臺南市","東山區","120.395","23.265","42"
"67","167565","20220927162000","131","0","臺南市","東山區","120.445","23.265","52"
"276","167568","20220927162000","203","2","臺南市","東山區","120.445","23.270","302"
"157","167588","20220927162000","131","1","臺南市","東山區","120.445","23.290","145"
"195","167626","20220927162000","415","0","臺南市","東山區","120.405","23.285","171"
"48","167655","20220927162000","30","3","臺南市","東山區","120.465","23.280","50"
"42","167656","20220927162000","156","0","臺南市","東山區","120.470","23.280","44"
"77","167674","20220927162000","59","2","臺南市","東山區","120.500","23.285","50"
"69","167688","20220927162000","27","3","臺南市","東山區","120.515","23.290","49"
"230","167707","20220927162000","245","0","臺南市","將軍區","120.085","23.215","228"
"221","167714","20220927162000","188","1","臺南市","將軍區","120.120","23.220","221"
"12","167750","20220927162000","183","0","臺南市","學甲區","120.165","23.270","12"
"723","167786","20220927162000","529","2","臺南市","鹽水區","120.205","23.260","744"
"71","167813","20220927162000","39","3","臺東縣","長濱鄉","121.410","23.215","82"
"99","167824","20220927162000","79","2","臺東縣","長濱鄉","121.415","23.225","107"
"31","167910","20220927162000","42","0","臺東縣","長濱鄉","121.385","23.260","34"
"17","167952","20220927162000","27","0","臺南市","學甲區","120.185","23.230","21"
"965","167953","20220927162000","951","1","臺南市","學甲區","120.185","23.235","1021"
"1852","167958","20220927162000","781","3","臺南市","學甲區","120.185","23.225","1694"
"115","167982","20220927162000","370","0","臺南市","學甲區","120.195","23.240","110"
"1477","167993","20220927162000","1689","0","臺南市","學甲區","120.180","23.235","1592"
"198","168093","20220927162000","224","0","高雄市","三民區","120.670","23.235","201"
"60","168132","20220927162000","119","0","高雄市","三民區","120.695","23.235","74"
"64","168149","20220927162000","60","1","高雄市","三民區","120.695","23.240","72"
"58","168296","20220927162000","53","1","高雄市","三民區","120.680","23.265","52"
"25","168304","20220927162000","17","2","高雄市","三民區","120.720","23.265","21"
"328","168347","20220927162000","261","2","高雄市","三民區","120.700","23.275","260"
"149","168351","20220927162000","176","0","高雄市","三民區","120.720","23.275","214"
"12","168370","20220927162000","12","1","高雄市","三民區","120.685","23.280","18"
"597","168445","20220927162000","599","0","臺南市","鹽水區","120.235","23.285","608"
"2026","168462","20220927162000","2446","0","臺南市","柳營區","120.325","23.290","2098"
"131","168468","20220927162000","152","0","臺南市","柳營區","120.405","23.235","128"
"171","168484","20220927162000","142","2","臺南市","柳營區","120.420","23.245","137"
"11","168515","20220927162000","572","0","臺南市","柳營區","120.380","23.265","11"
"399","168538","20220927162000","1115","0","臺南市","柳營區","120.315","23.280","352"
"601","168541","20220927162000","248","3","臺南市","柳營區","120.330","23.280","628"
"303","168545","20220927162000","85","3","臺南市","柳營區","120.380","23.240","162"
"15","168579","20220927162000","19","0","臺南市","柳營區","120.340","23.260","26"
"183","168619","20220927162000","211","0","臺南市","楠西區","120.495","23.215","200"
"75","168624","20220927162000","43","3","臺南市","楠西區","120.520","23.215","90"
"113","168647","20220927162000","164","0","臺南市","楠西區","120.500","23.225","110"
"55","168692","20220927162000","18","3","臺南市","鹽水區","120.245","23.275","35"
"31","168719","20220927162000","18","3","臺東縣","成功鎮","121.400","23.210","21"
"50","168825","20220927162000","48","1","高雄市","桃源區","120.805","23.220","42"
"92","168996","20220927162000","57","3","高雄市","桃源區","120.815","23.240","77"
"59","169242","20220927162000","80","0","高雄市","桃源區","120.825","23.265","56"
"513","169480","20220927162000","176","3","臺南市","新營區","120.275","23.265","521"
"134","169490","20220927162000","103","2","臺南市","學甲區","120.195","23.275","120"
"406","169506","20220927162000","410","0","臺南市","學甲區","120.205","23.280","390"
"648","169527","20220927162000","688","0","臺南市","學甲區","120.160","23.245","690"
"41","169530","20220927162000","20","3","臺南市","學甲區","120.150","23.250","37"
"441","169555","20220927162000","382","1","臺南市","鹽水區","120.255","23.250","430"
"230","169567","20220927162000","302","0","臺南市","將軍區","120.135","23.225","233"
"26","169664","20220927162000","21","2","嘉義縣","大埔鄉","120.625","23.245","31"
"48","169729","20220927162000","40","2","嘉義縣","大埔鄉","120.590","23.270","50"
"32","169739","20220927162000","36","0","嘉義縣","大埔鄉","120.585","23.275","35"
"40","169788","20220927162000","40","1","嘉義縣","大埔鄉","120.545","23.230","47"
"50","169812","20220927162000","29","3","臺南市","東山區","120.520","23.240","44"
"33","169834","20220927162000","45","0","嘉義縣","大埔鄉","120.565","23.245","36"
"19","169837","20220927162000","24","0","嘉義縣","大埔鄉","120.580","23.245","17"
"118","169842","20220927162000","59","3","嘉義縣","大埔鄉","120.535","23.250","93"
"373","174966","20220927162000","438","0","澎湖縣","望安鄉","119.505","23.360","360"
"29","174989","20220927162000","72","0","臺南市","白河區","120.460","23.350","31"
"10","174993","20220927162000","50","0","臺南市","白河區","120.450","23.355","13"
"227","175007","20220927162000","157","2","臺南市","東山區","120.500","23.295","185"
"199","175048","20220927162000","65","3","臺南市","白河區","120.480","23.320","112"
"58","175054","20220927162000","44","2","臺南市","白河區","120.510","23.320","35"
"482","175059","20220927162000","361","2","臺南市","白河區","120.485","23.325","417"
"116","175081","20220927162000","78","2","臺南市","白河區","120.495","23.335","105"
"208","175083","20220927162000","204","1","臺南市","白河區","120.505","23.335","184"
"74","175092","20220927162000","89","0","臺南市","白河區","120.505","23.340","94"
"1692","175108","20220927162000","1307","2","臺南市","新營區","120.310","23.305","1636"
"146","175181","20220927162000","153","0","花蓮縣","玉里鎮","121.335","23.320","166"
"1442","175206","20220927162000","1203","1","花蓮縣","玉里鎮","121.310","23.335","1397"
"333","175209","20220927162000","314","1","花蓮縣","玉里鎮","121.310","23.340","344"
"88","175217","20220927162000","88","1","花蓮縣","玉里鎮","121.300","23.300","81"
"280","175262","20220927162000","236","1","花蓮縣","玉里鎮","121.300","23.320","331"
"175","175264","20220927162000","166","1","花蓮縣","玉里鎮","121.310","23.320","159"
"21","175284","20220927162000","19","1","花蓮縣","玉里鎮","121.275","23.290","31"
"47","175299","20220927162000","54","0","花蓮縣","玉里鎮","121.290","23.295","44"
"236","175318","20220927162000","629","0","臺南市","白河區","120.410","23.345","235"
"54","175319","20220927162000","398","0","臺南市","白河區","120.405","23.350","67"
"216","175320","20220927162000","678","0","臺南市","白河區","120.410","23.350","219"
"46","175328","20220927162000","31","2","臺南市","白河區","120.460","23.365","52"
"240","175348","20220927162000","313","0","臺南市","白河區","120.440","23.345","230"
"266","175355","20220927162000","103","3","臺南市","新營區","120.330","23.320","310"
"24","175359","20220927162000","13","3","臺南市","新營區","120.350","23.320","32"
"1054","175362","20220927162000","883","1","臺南市","新營區","120.315","23.325","944"
"416","175398","20220927162000","405","1","臺南市","後壁區","120.315","23.370","459"
"631","175425","20220927162000","319","3","臺南市","後壁區","120.375","23.330","649"
"356","175467","20220927162000","516","0","臺南市","北門區","120.170","23.300","399"
"155","175484","20220927162000","272","0","臺南市","後壁區","120.330","23.355","158"
"604","175489","20220927162000","760","0","臺南市","新營區","120.270","23.295","583"
"621","175497","20220927162000","919","0","臺南市","後壁區","120.360","23.370","628"
"2419","175499","20220927162000","2324","1","臺南市","後壁區","120.370","23.370","2494"
"1390","175523","20220927162000","1267","1","臺南市","後壁區","120.395","23.370","1530"
"1092","175546","20220927162000","790","2","臺南市","新營區","120.310","23.300","967"
"2401","175547","20220927162000","2088","1","臺南市","新營區","120.315","23.310","2404"
"1435","175548","20220927162000","2159","0","臺南市","新營區","120.315","23.315","1423"
"163","175564","20220927162000","339","0","臺南市","後壁區","120.355","23.365","178"
"28","175571","20220927162000","1625","0","臺南市","新營區","120.305","23.310","33"
"1185","175576","20220927162000","823","2","臺南市","新營區","120.300","23.310","1154"
"377","175585","20220927162000","142","3","臺南市","北門區","120.110","23.300","317"
"16","175648","20220927162000","30","0","臺南市","新營區","120.290","23.300","19"
"36","175651","20220927162000","18","3","臺南市","柳營區","120.300","23.295","30"
"155","175653","20220927162000","50","3","臺南市","柳營區","120.310","23.295","170"
"47","175712","20220927162000","200","0","臺南市","白河區","120.430","23.330","58"
"44","175737","20220927162000","343","0","臺南市","白河區","120.430","23.355","40"
"35","175874","20220927162000","58","0","花蓮縣","卓溪鄉","121.270","23.305","23"
"254","176357","20220927162000","229","1","花蓮縣","玉里鎮","121.300","23.345","281"
"462","176756","20220927162000","332","2","臺南市","新營區","120.325","23.315","517"
"370","176757","20220927162000","338","1","臺南市","新營區","120.330","23.315","389"
"54","176764","20220927162000","58","0","花蓮縣","玉里鎮","121.330","23.300","47"
"340","176798","20220927162000","265","2","臺南市","後壁區","120.350","23.335","337"
"779","176811","20220927162000","870","0","臺南市","新營區","120.305","23.300","856"
"1416","176812","20220927162000","1385","1","臺南市","新營區","120.315","23.305","1455"
"10","176814","20220927162000","16","0","臺南市","東山區","120.385","23.310","17"
"54","176830","20220927162000","119","0","臺南市","東山區","120.390","23.330","59"
"785","176863","20220927162000","664","1","臺南市","東山區","120.405","23.320","815"
"215","176885","20220927162000","245","0","臺南市","東山區","120.405","23.325","219"
"268","176921","20220927162000","330","0","臺南市","東山區","120.390","23.295","239"
"467","176933","20220927162000","438","1","臺南市","東山區","120.415","23.300","548"
"327","176942","20220927162000","181","3","臺南市","東山區","120.345","23.300","331"
"1741","176986","20220927162000","630","3","臺南市","白河區","120.395","23.340","1649"
"735","177006","20220927162000","649","1","臺南市","鹽水區","120.270","23.325","697"
"470","177007","20220927162000","595","0","嘉義縣","義竹鄉","120.255","23.330","499"
"672","177010","20220927162000","357","3","臺南市","鹽水區","120.270","23.330","619"
"29","177169","20220927162000","52","0","花蓮縣","玉里鎮","121.370","23.350","44"
"1556","177425","20220927162000","928","3","臺南市","新營區","120.315","23.300","1558"
"261","177432","20220927162000","454","0","臺南市","鹽水區","120.280","23.330","306"
"778","177436","20220927162000","431","3","臺南市","鹽水區","120.290","23.335","772"
"865","177466","20220927162000","788","1","臺南市","鹽水區","120.270","23.310","859"
"658","177467","20220927162000","747","0","臺南市","新營區","120.275","23.310","661"
"747","177475","20220927162000","460","3","臺南市","鹽水區","120.265","23.325","760"
"161","177480","20220927162000","113","2","臺南市","白河區","120.480","23.325","129"
"234","177500","20220927162000","116","3","臺南市","白河區","120.495","23.340","197"
"13","177568","20220927162000","21","0","臺南市","白河區","120.445","23.320","32"
"431","177580","20220927162000","1313","0","臺南市","白河區","120.415","23.350","484"
"476","177586","20220927162000","209","3","臺南市","柳營區","120.325","23.295","428"
"14","177599","20220927162000","653","0","臺南市","柳營區","120.365","23.295","12"
"115","177602","20220927162000","35","3","臺南市","鹽水區","120.270","23.320","85"
"281","177603","20220927162000","269","1","花蓮縣","玉里鎮","121.320","23.320","298"
"419","177605","20220927162000","294","2","花蓮縣","玉里鎮","121.310","23.325","479"
"221","177606","20220927162000","144","3","花蓮縣","玉里鎮","121.315","23.325","222"
"236","177609","20220927162000","362","0","花蓮縣","玉里鎮","121.310","23.330","236"
"1910","177610","20220927162000","1755","1","花蓮縣","玉里鎮","121.315","23.330","2047"
"954","177613","20220927162000","1083","0","花蓮縣","玉里鎮","121.315","23.340","1018"
"159","177617","20220927162000","146","1","花蓮縣","玉里鎮","121.320","23.345","185"
"325","177619","20220927162000","363","0","花蓮縣","玉里鎮","121.320","23.330","341"
"27","177621","20220927162000","15","3","花蓮縣","玉里鎮","121.315","23.335","35"
"480","177624","20220927162000","319","3","花蓮縣","玉里鎮","121.320","23.350","363"
"276","177632","20220927162000","241","1","花蓮縣","卓溪鄉","121.320","23.355","320"
"31","177682","20220927162000","29","1","臺東縣","長濱鄉","121.440","23.325","29"
"184","177742","20220927162000","58","3","臺東縣","長濱鄉","121.425","23.290","153"
"33","177750","20220927162000","34","0","臺東縣","長濱鄉","121.420","23.295","22"
"347","177808","20220927162000","598","0","臺東縣","長濱鄉","121.455","23.315","340"
"210","177813","20220927162000","157","2","臺東縣","長濱鄉","121.460","23.320","217"
"147","177815","20220927162000","115","2","臺東縣","長濱鄉","121.445","23.325","176"
"209","177826","20220927162000","132","3","臺東縣","長濱鄉","121.465","23.335","199"
"951","178630","20220927162000","699","2","臺南市","鹽水區","120.265","23.320","963"
"149","178643","20220927162000","179","0","臺南市","新營區","120.305","23.320","156"
"61","178644","20220927162000","128","0","臺南市","新營區","120.310","23.320","49"
"45","178697","20220927162000","36","2","嘉義縣","中埔鄉","120.510","23.345","34"
"22","178710","20220927162000","13","3","嘉義縣","中埔鄉","120.520","23.350","14"
"576","178722","20220927162000","119","3","嘉義縣","中埔鄉","120.540","23.355","454"
"60","178756","20220927162000","50","2","嘉義縣","中埔鄉","120.495","23.370","74"
"255","178768","20220927162000","230","1","臺南市","鹽水區","120.260","23.295","281"
"213","178886","20220927162000","164","2","嘉義縣","布袋鎮","120.140","23.335","231"
"11","178888","20220927162000","11","1","嘉義縣","布袋鎮","120.125","23.340","16"
"1104","178930","20220927162000","221","3","嘉義縣","布袋鎮","120.160","23.320","905"
"719","178938","20220927162000","988","0","嘉義縣","布袋鎮","120.165","23.325","773"
"92","178970","20220927162000","54","3","嘉義縣","大埔鄉","120.625","23.300","72"
"32","178978","20220927162000","27","1","嘉義縣","大埔鄉","120.605","23.305","35"
"58","179106","20220927162000","60","0","嘉義縣","大埔鄉","120.590","23.295","60"
"460","179113","20220927162000","534","0","嘉義縣","大埔鄉","120.595","23.295","495"
"177","179189","20220927162000","126","2","嘉義縣","大埔鄉","120.570","23.330","155"
"30","179210","20220927162000","21","2","嘉義縣","大埔鄉","120.555","23.340","34"
"62","179249","20220927162000","23","3","嘉義縣","大埔鄉","120.585","23.360","40"
"15","179289","20220927162000","10","3","嘉義縣","番路鄉","120.620","23.345","15"
"45","179312","20220927162000","46","0","嘉義縣","番路鄉","120.605","23.355","48"
"353","179320","20220927162000","91","3","嘉義縣","番路鄉","120.590","23.360","290"
"1302","179352","20220927162000","1270","1","嘉義縣","義竹鄉","120.250","23.340","1371"
"669","179448","20220927162000","719","0","嘉義縣","義竹鄉","120.240","23.335","692"
"119","179461","20220927162000","87","2","嘉義縣","義竹鄉","120.245","23.335","103"
"697","179521","20220927162000","433","3","嘉義縣","義竹鄉","120.195","23.305","723"
"35","179523","20220927162000","13","3","嘉義縣","義竹鄉","120.205","23.305","27"
"47","179646","20220927162000","30","3","嘉義縣","阿里山鄉","120.680","23.335","52"
"61","179666","20220927162000","43","2","嘉義縣","阿里山鄉","120.680","23.340","55"
"70","179747","20220927162000","89","0","嘉義縣","阿里山鄉","120.665","23.300","97"
"112","179773","20220927162000","63","3","嘉義縣","阿里山鄉","120.695","23.305","66"
"28","179780","20220927162000","38","0","嘉義縣","阿里山鄉","120.665","23.310","33"
"928","179845","20220927162000","653","2","嘉義縣","義竹鄉","120.225","23.320","944"
"960","179874","20220927162000","655","2","嘉義縣","義竹鄉","120.190","23.335","957"
"621","179880","20220927162000","590","1","嘉義縣","義竹鄉","120.230","23.360","612"
"224","179883","20220927162000","88","3","嘉義縣","義竹鄉","120.245","23.360","226"
"903","179922","20220927162000","820","1","嘉義縣","義竹鄉","120.220","23.360","920"
"145","179933","20220927162000","99","2","嘉義縣","義竹鄉","120.210","23.300","160"
"686","179945","20220927162000","600","1","嘉義縣","義竹鄉","120.270","23.360","734"
"188","180132","20220927162000","228","0","澎湖縣","望安鄉","119.520","23.365","206"
"187","180802","20220927162000","296","0","嘉義縣","布袋鎮","120.140","23.375","159"
"124","180804","20220927162000","66","3","臺東縣","長濱鄉","121.475","23.380","116"
"207","181221","20220927162000","203","1","澎湖縣","望安鄉","119.495","23.380","171"
"276","185223","20220927162000","245","1","嘉義縣","東石鄉","120.135","23.450","250"
"650","185452","20220927162000","748","0","嘉義市","東區","120.455","23.450","635"
"1305","185456","20220927162000","1097","1","嘉義縣","水上鄉","120.430","23.450","1335"
"93","185475","20220927162000","105","0","澎湖縣","望安鄉","119.320","23.395","67"
"29","185483","20220927162000","21","2","花蓮縣","玉里鎮","121.350","23.440","31"
"91","185491","20220927162000","88","1","花蓮縣","瑞穗鄉","121.350","23.450","96"
"161","185499","20220927162000","686","0","臺南市","白河區","120.405","23.395","170"
"19","185543","20220927162000","20","0","花蓮縣","玉里鎮","121.390","23.380","19"
"264","185546","20220927162000","221","1","花蓮縣","玉里鎮","121.355","23.385","272"
"16","185564","20220927162000","12","2","花蓮縣","玉里鎮","121.390","23.390","16"
"33","185565","20220927162000","15","3","花蓮縣","玉里鎮","121.395","23.390","33"
"47","185576","20220927162000","29","3","花蓮縣","玉里鎮","121.355","23.395","56"
"69","185590","20220927162000","55","2","花蓮縣","玉里鎮","121.365","23.405","58"
"150","185598","20220927162000","286","0","臺南市","白河區","120.415","23.380","125"
"224","185635","20220927162000","369","0","臺南市","後壁區","120.380","23.390","254"
"513","185683","20220927162000","859","0","臺南市","後壁區","120.340","23.380","553"
"250","185698","20220927162000","119","3","臺南市","白河區","120.480","23.385","229"
"95","186808","20220927162000","110","0","花蓮縣","卓溪鄉","121.315","23.435","112"
"310","186812","20220927162000","235","2","花蓮縣","卓溪鄉","121.335","23.435","293"
"70","186826","20220927162000","51","2","花蓮縣","卓溪鄉","121.340","23.440","95"
"62","186875","20220927162000","37","3","臺南市","後壁區","120.335","23.380","65"
"46","186914","20220927162000","38","2","臺南市","白河區","120.445","23.380","61"
"73","186915","20220927162000","393","0","臺南市","白河區","120.450","23.380","85"
"156","186921","20220927162000","220","0","臺南市","白河區","120.435","23.390","131"
"72","187008","20220927162000","39","3","臺東縣","長濱鄉","121.480","23.395","83"
"173","187061","20220927162000","144","2","花蓮縣","玉里鎮","121.320","23.395","179"
"144","187086","20220927162000","143","1","花蓮縣","玉里鎮","121.340","23.415","112"
"133","187099","20220927162000","89","2","花蓮縣","玉里鎮","121.345","23.425","183"
"133","187105","20220927162000","131","1","花蓮縣","玉里鎮","121.345","23.430","142"
"163","187173","20220927162000","127","2","花蓮縣","玉里鎮","121.395","23.450","150"
"17","187199","20220927162000","11","3","花蓮縣","玉里鎮","121.390","23.395","17"
"321","187253","20220927162000","307","1","花蓮縣","玉里鎮","121.375","23.425","309"
"198","187296","20220927162000","529","0","臺南市","白河區","120.440","23.400","191"
"176","187322","20220927162000","154","1","花蓮縣","玉里鎮","121.330","23.375","190"
"295","187339","20220927162000","172","3","花蓮縣","玉里鎮","121.325","23.390","275"
"19","187385","20220927162000","28","0","臺東縣","長濱鄉","121.465","23.405","19"
"49","187398","20220927162000","51","0","臺東縣","長濱鄉","121.470","23.410","42"
"66","188051","20220927162000","474","0","嘉義縣","中埔鄉","120.520","23.430","58"
"273","188063","20220927162000","235","1","嘉義縣","中埔鄉","120.560","23.435","296"
"635","188064","20220927162000","1105","0","嘉義縣","中埔鄉","120.520","23.420","658"
"483","188069","20220927162000","310","3","嘉義縣","中埔鄉","120.520","23.425","498"
"139","188090","20220927162000","74","3","嘉義縣","中埔鄉","120.510","23.400","133"
"42","188129","20220927162000","262","0","嘉義縣","中埔鄉","120.460","23.445","40"
"342","188131","20220927162000","201","3","嘉義縣","中埔鄉","120.460","23.450","338"
"489","188132","20220927162000","316","3","嘉義縣","中埔鄉","120.470","23.450","496"
"401","188133","20220927162000","594","0","嘉義縣","中埔鄉","120.475","23.450","463"
"1032","188134","20220927162000","1312","0","嘉義縣","中埔鄉","120.465","23.450","1029"
"763","188136","20220927162000","194","3","嘉義縣","中埔鄉","120.485","23.450","619"
"934","188141","20220927162000","1088","0","嘉義縣","中埔鄉","120.450","23.435","946"
"497","188144","20220927162000","301","3","嘉義縣","中埔鄉","120.455","23.445","470"
"415","188147","20220927162000","510","0","嘉義縣","中埔鄉","120.480","23.440","467"
"33","188154","20220927162000","113","0","嘉義縣","中埔鄉","120.490","23.445","24"
"492","188193","20220927162000","446","1","嘉義縣","中埔鄉","120.520","23.385","534"
"209","188241","20220927162000","113","3","嘉義縣","中埔鄉","120.580","23.425","173"
"140","188261","20220927162000","114","2","嘉義縣","中埔鄉","120.540","23.390","166"
"37","188280","20220927162000","95","0","嘉義縣","中埔鄉","120.575","23.380","37"
"61","188314","20220927162000","36","3","嘉義縣","中埔鄉","120.590","23.395","49"
"464","188331","20220927162000","417","1","嘉義縣","中埔鄉","120.555","23.405","441"
"54","188335","20220927162000","11","3","嘉義縣","中埔鄉","120.575","23.405","36"
"165","188368","20220927162000","652","0","嘉義縣","中埔鄉","120.540","23.440","128"
"367","188369","20220927162000","207","3","嘉義縣","中埔鄉","120.545","23.440","337"
"437","188382","20220927162000","253","3","嘉義縣","中埔鄉","120.565","23.445","328"
"671","188390","20220927162000","405","3","嘉義縣","中埔鄉","120.530","23.440","638"
"265","188417","20220927162000","283","0","嘉義縣","中埔鄉","120.510","23.435","271"
"766","188421","20220927162000","429","3","嘉義縣","中埔鄉","120.510","23.440","815"
"660","188422","20220927162000","748","0","嘉義縣","中埔鄉","120.495","23.445","727"
"296","188442","20220927162000","363","0","嘉義縣","中埔鄉","120.515","23.410","334"
"199","188445","20220927162000","195","1","嘉義縣","中埔鄉","120.530","23.410","197"
"271","188457","20220927162000","329","0","嘉義縣","中埔鄉","120.505","23.425","267"
"14","188462","20220927162000","16","0","嘉義縣","中埔鄉","120.505","23.375","25"
"142","188463","20220927162000","96","2","嘉義縣","中埔鄉","120.510","23.375","161"
"285","188469","20220927162000","323","0","嘉義縣","鹿草鄉","120.315","23.390","324"
"14","188471","20220927162000","18","0","嘉義縣","鹿草鄉","120.315","23.395","14"
"395","188493","20220927162000","416","0","嘉義縣","鹿草鄉","120.320","23.420","416"
"370","188498","20220927162000","167","3","嘉義縣","鹿草鄉","120.320","23.425","456"
"1139","188503","20220927162000","1094","1","嘉義縣","鹿草鄉","120.315","23.410","1127"
"25","188507","20220927162000","146","0","嘉義縣","太保市","120.335","23.430","37"
"455","188508","20220927162000","124","3","嘉義縣","太保市","120.340","23.430","498"
"51","188516","20220927162000","209","0","嘉義縣","太保市","120.340","23.440","56"
"79","188554","20220927162000","330","0","嘉義縣","鹿草鄉","120.340","23.400","79"
"266","188555","20220927162000","182","2","嘉義縣","鹿草鄉","120.290","23.375","234"
"87","188574","20220927162000","349","0","嘉義縣","朴子市","120.245","23.415","104"
"170","188579","20220927162000","415","0","嘉義縣","水上鄉","120.355","23.410","120"
"172","188626","20220927162000","89","3","嘉義縣","鹿草鄉","120.345","23.405","193"
"403","188631","20220927162000","260","3","嘉義縣","鹿草鄉","120.330","23.410","347"
"37","188646","20220927162000","198","0","嘉義縣","朴子市","120.290","23.445","75"
"135","188650","20220927162000","150","0","嘉義縣","朴子市","120.280","23.450","458"
"719","188654","20220927162000","893","0","嘉義縣","布袋鎮","120.170","23.375","735"
"168","188666","20220927162000","203","0","嘉義縣","布袋鎮","120.220","23.390","171"
"197","188716","20220927162000","145","2","嘉義縣","阿里山鄉","120.715","23.390","169"
"205","188874","20220927162000","684","0","嘉義縣","太保市","120.345","23.450","184"
"127","188883","20220927162000","49","3","嘉義縣","太保市","120.335","23.440","86"
"43","188885","20220927162000","323","0","嘉義縣","太保市","120.320","23.445","85"
"128","188892","20220927162000","366","0","嘉義縣","太保市","120.340","23.450","120"
"171","188897","20220927162000","101","3","嘉義縣","朴子市","120.235","23.440","156"
"14","188921","20220927162000","13","1","嘉義縣","朴子市","120.240","23.450","19"
"176","188949","20220927162000","74","3","嘉義縣","朴子市","120.255","23.410","137"
"485","188956","20220927162000","383","2","嘉義縣","朴子市","120.260","23.420","527"
"87","188966","20220927162000","92","0","嘉義縣","東石鄉","120.145","23.455","92"
"668","188983","20220927162000","248","3","嘉義縣","布袋鎮","120.190","23.375","671"
"60","189028","20220927162000","184","0","嘉義縣","太保市","120.295","23.440","52"
"379","189044","20220927162000","155","3","嘉義縣","東石鄉","120.170","23.430","359"
"153","189051","20220927162000","122","2","嘉義縣","東石鄉","120.180","23.440","169"
"62","189105","20220927162000","143","0","嘉義縣","東石鄉","120.185","23.450","44"
"59","189112","20220927162000","286","0","嘉義縣","東石鄉","120.200","23.455","70"
"750","189144","20220927162000","412","3","嘉義縣","布袋鎮","120.165","23.375","733"
"97","189152","20220927162000","358","0","嘉義縣","東石鄉","120.205","23.425","94"
"21","189184","20220927162000","137","0","嘉義縣","水上鄉","120.410","23.430","25"
"26","189187","20220927162000","229","0","嘉義縣","水上鄉","120.415","23.430","29"
"440","189189","20220927162000","429","1","嘉義縣","水上鄉","120.415","23.435","462"
"398","189192","20220927162000","247","3","嘉義縣","水上鄉","120.420","23.440","364"
"600","189195","20220927162000","595","1","嘉義縣","布袋鎮","120.180","23.375","613"
"163","189210","20220927162000","228","0","嘉義縣","布袋鎮","120.200","23.400","161"
"30","189224","20220927162000","129","0","嘉義縣","水上鄉","120.435","23.430","33"
"86","189225","20220927162000","96","0","嘉義縣","水上鄉","120.420","23.430","105"
"595","189233","20220927162000","449","2","嘉義縣","水上鄉","120.425","23.440","589"
"61","189242","20220927162000","165","0","嘉義縣","水上鄉","120.370","23.415","56"
"166","189246","20220927162000","249","0","嘉義縣","水上鄉","120.370","23.420","187"
"100","189248","20220927162000","269","0","嘉義縣","水上鄉","120.360","23.425","71"
"280","189268","20220927162000","292","0","嘉義縣","水上鄉","120.495","23.400","280"
"81","189286","20220927162000","172","0","嘉義縣","水上鄉","120.450","23.415","60"
"91","189288","20220927162000","290","0","嘉義縣","水上鄉","120.460","23.415","83"
"428","189292","20220927162000","85","3","嘉義縣","水上鄉","120.450","23.420","371"
"71","189296","20220927162000","82","0","嘉義縣","水上鄉","120.410","23.445","65"
"472","189322","20220927162000","607","0","嘉義縣","水上鄉","120.370","23.440","502"
"149","189337","20220927162000","500","0","嘉義縣","水上鄉","120.360","23.445","137"
"176","189343","20220927162000","153","1","嘉義縣","水上鄉","120.425","23.445","151"
"725","189344","20220927162000","448","3","嘉義縣","水上鄉","120.430","23.445","724"
"453","189349","20220927162000","76","3","嘉義縣","水上鄉","120.435","23.415","369"
"459","189350","20220927162000","366","2","嘉義縣","水上鄉","120.430","23.420","443"
"628","189351","20220927162000","532","1","嘉義縣","水上鄉","120.435","23.420","638"
"199","189364","20220927162000","91","3","嘉義縣","布袋鎮","120.150","23.375","213"
"362","189365","20220927162000","358","1","嘉義縣","布袋鎮","120.155","23.375","402"
"154","189369","20220927162000","100","3","嘉義縣","布袋鎮","120.150","23.380","166"
"559","189370","20220927162000","275","3","嘉義縣","布袋鎮","120.155","23.380","505"
"113","189382","20220927162000","837","0","嘉義縣","水上鄉","120.470","23.435","100"
"265","189385","20220927162000","269","0","嘉義縣","水上鄉","120.385","23.405","255"
"63","189387","20220927162000","87","0","嘉義縣","水上鄉","120.390","23.410","49"
"584","189388","20220927162000","211","3","嘉義縣","水上鄉","120.385","23.415","496"
"260","189389","20220927162000","461","0","嘉義縣","水上鄉","120.385","23.420","266"
"16","189392","20220927162000","14","1","嘉義縣","水上鄉","120.405","23.450","13"
"528","189393","20220927162000","391","2","嘉義縣","水上鄉","120.435","23.445","552"
"194","189396","20220927162000","345","0","嘉義縣","水上鄉","120.400","23.425","195"
"161","189397","20220927162000","423","0","嘉義縣","水上鄉","120.395","23.430","138"
"1033","189399","20220927162000","1063","0","嘉義縣","水上鄉","120.400","23.430","1095"
"228","189411","20220927162000","220","1","嘉義縣","水上鄉","120.390","23.425","264"
"115","189413","20220927162000","824","0","嘉義縣","水上鄉","120.395","23.435","97"
"604","189416","20220927162000","713","0","嘉義縣","水上鄉","120.400","23.435","620"
"396","189439","20220927162000","382","1","嘉義縣","水上鄉","120.420","23.420","390"
"36","189459","20220927162000","41","0","嘉義縣","水上鄉","120.385","23.425","32"
"258","189461","20220927162000","336","0","嘉義縣","水上鄉","120.380","23.430","310"
"234","189463","20220927162000","387","0","嘉義縣","水上鄉","120.390","23.430","236"
"756","189474","20220927162000","716","1","嘉義縣","鹿草鄉","120.295","23.380","778"
"146","189491","20220927162000","135","1","嘉義縣","鹿草鄉","120.270","23.395","181"
"404","189518","20220927162000","208","3","嘉義縣","鹿草鄉","120.305","23.415","408"
"109","189555","20220927162000","409","0","嘉義縣","鹿草鄉","120.285","23.435","209"
"101","189575","20220927162000","336","0","嘉義縣","朴子市","120.245","23.430","117"
"584","189579","20220927162000","533","1","嘉義縣","朴子市","120.245","23.435","623"
"431","189583","20220927162000","376","1","嘉義縣","朴子市","120.250","23.440","545"
"1131","189591","20220927162000","1379","0","嘉義縣","東石鄉","120.180","23.420","1167"
"233","189607","20220927162000","293","0","嘉義縣","番路鄉","120.660","23.420","284"
"201","189608","20220927162000","142","2","嘉義縣","番路鄉","120.650","23.425","144"
"10","189629","20220927162000","27","0","嘉義縣","番路鄉","120.635","23.440","12"
"57","189630","20220927162000","55","1","嘉義縣","番路鄉","120.640","23.440","54"
"131","189633","20220927162000","141","0","嘉義縣","番路鄉","120.655","23.440","187"
"21","189645","20220927162000","38","0","嘉義縣","番路鄉","120.645","23.440","18"
"302","189663","20220927162000","205","2","嘉義縣","番路鄉","120.670","23.445","302"
"223","189673","20220927162000","122","3","嘉義縣","番路鄉","120.645","23.400","201"
"72","189685","20220927162000","41","3","嘉義縣","番路鄉","120.650","23.405","53"
"87","189703","20220927162000","40","3","嘉義縣","番路鄉","120.640","23.415","63"
"125","189705","20220927162000","72","3","嘉義縣","番路鄉","120.605","23.420","108"
"93","189724","20220927162000","59","3","嘉義縣","番路鄉","120.610","23.430","68"
"79","189740","20220927162000","36","3","嘉義縣","番路鄉","120.610","23.445","63"
"84","189756","20220927162000","72","1","嘉義縣","番路鄉","120.620","23.375","93"
"198","189823","20220927162000","258","0","嘉義縣","番路鄉","120.600","23.435","175"
"13","189824","20220927162000","20","0","嘉義縣","番路鄉","120.605","23.435","13"
"64","189827","20220927162000","27","3","嘉義縣","番路鄉","120.590","23.440","38"
"229","189837","20220927162000","299","0","嘉義縣","番路鄉","120.580","23.450","221"
"258","189852","20220927162000","211","2","嘉義縣","布袋鎮","120.170","23.385","250"
"121","189978","20220927162000","109","1","嘉義縣","阿里山鄉","120.665","23.380","120"
"40","189981","20220927162000","14","3","嘉義縣","阿里山鄉","120.680","23.380","46"
"161","190321","20220927162000","170","0","嘉義縣","阿里山鄉","120.750","23.440","140"
"56","190374","20220927162000","50","1","嘉義縣","阿里山鄉","120.755","23.450","42"
"170","190402","20220927162000","162","1","嘉義縣","義竹鄉","120.245","23.385","179"
"322","190407","20220927162000","278","1","嘉義縣","義竹鄉","120.240","23.375","332"
"146","192504","20220927162000","143","1","澎湖縣","馬公市","119.515","23.485","146"
"194","192620","20220927162000","246","0","嘉義縣","東石鄉","120.165","23.490","201"
"202","192621","20220927162000","156","2","花蓮縣","豐濱鄉","121.510","23.490","177"
"67","194053","20220927162000","114","0","澎湖縣","馬公市","119.515","23.510","70"
"280","194584","20220927162000","252","1","澎湖縣","馬公市","119.595","23.520","261"
"381","194849","20220927162000","354","1","澎湖縣","馬公市","119.580","23.525","368"
"117","194852","20220927162000","78","3","澎湖縣","馬公市","119.595","23.525","130"
"1035","194945","20220927162000","687","3","嘉義市","東區","120.455","23.495","1096"
"352","194952","20220927162000","151","3","嘉義市","東區","120.485","23.460","338"
"219","194954","20220927162000","83","3","嘉義市","東區","120.495","23.460","100"
"1001","194959","20220927162000","826","2","嘉義市","東區","120.485","23.470","1057"
"45","194963","20220927162000","727","0","嘉義市","東區","120.490","23.475","42"
"562","194965","20220927162000","1056","0","嘉義市","西區","120.435","23.460","557"
"802","194966","20220927162000","1218","0","嘉義市","西區","120.440","23.460","843"
"388","194967","20220927162000","233","3","嘉義市","西區","120.445","23.460","390"
"150","194968","20220927162000","204","0","嘉義市","西區","120.440","23.475","165"
"733","194969","20220927162000","462","3","嘉義市","西區","120.440","23.490","701"
"1296","194970","20220927162000","1889","0","嘉義市","東區","120.460","23.480","1361"
"1460","194971","20220927162000","1277","1","嘉義市","東區","120.450","23.480","1417"
"1162","194972","20220927162000","733","3","嘉義市","東區","120.450","23.490","1175"
"1456","194973","20220927162000","2729","0","嘉義市","東區","120.450","23.495","1331"
"1373","194974","20220927162000","1472","0","嘉義市","西區","120.415","23.485","1521"
"619","194975","20220927162000","983","0","嘉義市","西區","120.405","23.490","685"
"1047","194980","20220927162000","1761","0","嘉義市","西區","120.425","23.475","1006"
"563","194981","20220927162000","786","0","嘉義市","西區","120.430","23.470","616"
"89","194985","20220927162000","1180","0","嘉義市","東區","120.470","23.490","100"
"324","194986","20220927162000","296","1","嘉義市","東區","120.470","23.495","296"
"421","194988","20220927162000","291","2","嘉義市","東區","120.480","23.495","429"
"1266","194993","20220927162000","1646","0","嘉義市","東區","120.450","23.500","1165"
"104","194994","20220927162000","878","0","嘉義市","東區","120.450","23.505","114"
"601","194995","20220927162000","519","1","嘉義市","東區","120.455","23.505","577"
"390","194996","20220927162000","423","0","嘉義市","東區","120.445","23.510","405"
"524","195001","20220927162000","1025","0","嘉義市","東區","120.485","23.485","512"
"297","195002","20220927162000","249","1","嘉義市","東區","120.490","23.480","287"
"751","195003","20220927162000","1364","0","嘉義市","東區","120.455","23.490","814"
"4155","195004","20220927162000","4143","1","嘉義市","東區","120.455","23.480","4049"
"742","195006","20220927162000","278","3","嘉義市","西區","120.420","23.480","652"
"685","195007","20220927162000","821","0","嘉義市","西區","120.430","23.480","729"
"509","195008","20220927162000","345","2","嘉義市","西區","120.420","23.490","482"
"584","195009","20220927162000","1836","0","嘉義市","西區","120.430","23.465","676"
"1640","195011","20220927162000","1193","2","嘉義市","西區","120.425","23.485","1659"
"851","195012","20220927162000","1844","0","嘉義市","西區","120.435","23.480","848"
"1495","195013","20220927162000","1665","0","嘉義市","西區","120.430","23.485","1532"
"44","195015","20220927162000","43","1","嘉義市","西區","120.395","23.490","51"
"220","195016","20220927162000","187","1","嘉義市","西區","120.400","23.490","235"
"57","195017","20220927162000","48","1","嘉義市","西區","120.390","23.495","30"
"2082","195022","20220927162000","1596","2","嘉義市","西區","120.440","23.480","2130"
"352","195024","20220927162000","214","3","嘉義市","西區","120.430","23.495","371"
"109","195025","20220927162000","1363","0","嘉義市","西區","120.425","23.490","98"
"2443","195033","20220927162000","1570","3","嘉義市","東區","120.450","23.475","2326"
"1302","195036","20220927162000","693","3","嘉義市","東區","120.450","23.460","1250"
"1846","195037","20220927162000","1354","2","嘉義市","東區","120.455","23.455","1902"
"154","195038","20220927162000","1530","0","嘉義市","西區","120.435","23.470","155"
"288","195039","20220927162000","245","1","嘉義市","西區","120.430","23.455","271"
"38","195040","20220927162000","396","0","嘉義市","西區","120.430","23.460","35"
"109","195041","20220927162000","981","0","嘉義市","西區","120.440","23.485","99"
"240","195042","20220927162000","221","1","嘉義市","西區","120.395","23.465","269"
"282","195047","20220927162000","168","3","嘉義市","西區","120.405","23.470","277"
"405","195049","20220927162000","275","2","嘉義市","西區","120.405","23.475","401"
"98","195053","20220927162000","1284","0","嘉義市","西區","120.445","23.500","117"
"1197","195054","20220927162000","1126","1","嘉義市","東區","120.465","23.490","1117"
"22","195055","20220927162000","10","3","嘉義市","東區","120.465","23.495","27"
"1201","195056","20220927162000","661","3","嘉義市","東區","120.460","23.470","1056"
"2187","195057","20220927162000","1317","3","嘉義市","東區","120.470","23.480","2128"
"330","195058","20220927162000","1930","0","嘉義市","東區","120.465","23.475","308"
"2004","195060","20220927162000","1808","1","嘉義市","西區","120.435","23.475","1997"
"1780","195061","20220927162000","1141","3","嘉義市","西區","120.440","23.465","1834"
"35","195062","20220927162000","569","0","嘉義市","西區","120.450","23.465","48"
"1101","195064","20220927162000","1798","0","嘉義市","西區","120.440","23.470","1096"
"423","195065","20220927162000","373","1","嘉義市","東區","120.455","23.485","427"
"105","195066","20220927162000","1235","0","嘉義市","東區","120.450","23.485","129"
"786","195069","20220927162000","410","3","嘉義市","西區","120.415","23.475","819"
"1117","195073","20220927162000","2402","0","嘉義市","西區","120.440","23.455","1053"
"3192","195075","20220927162000","2997","1","嘉義市","西區","120.445","23.475","3248"
"1694","195076","20220927162000","1443","1","嘉義市","東區","120.465","23.465","1689"
"967","195083","20220927162000","407","3","嘉義市","東區","120.445","23.515","986"
"790","195084","20220927162000","1432","0","嘉義市","東區","120.465","23.480","776"
"491","195086","20220927162000","638","0","嘉義市","東區","120.480","23.465","530"
"1410","195090","20220927162000","965","2","嘉義市","東區","120.475","23.475","1438"
"104","195093","20220927162000","935","0","嘉義市","東區","120.470","23.485","90"
"619","195094","20220927162000","335","3","嘉義市","東區","120.475","23.485","633"
"37","195098","20220927162000","60","0","嘉義市","東區","120.500","23.475","169"
"28","195100","20220927162000","463","0","嘉義市","東區","120.485","23.480","38"
"440","195103","20220927162000","293","3","嘉義市","東區","120.500","23.480","378"
"303","195108","20220927162000","231","2","嘉義市","東區","120.490","23.485","271"
"30","195109","20220927162000","42","0","嘉義市","東區","120.495","23.485","203"
"141","195113","20220927162000","1339","0","嘉義市","東區","120.470","23.475","146"
"591","195114","20220927162000","353","3","嘉義市","東區","120.455","23.500","553"
"72","195115","20220927162000","85","0","嘉義市","東區","120.475","23.490","68"
"553","195118","20220927162000","459","2","嘉義市","東區","120.480","23.490","510"
"2135","195120","20220927162000","2833","0","嘉義市","東區","120.455","23.475","2127"
"840","195121","20220927162000","1067","0","嘉義市","西區","120.430","23.490","917"
"105","195122","20220927162000","773","0","嘉義市","西區","120.435","23.485","123"
"105","195123","20220927162000","647","0","嘉義市","西區","120.435","23.490","117"
"933","195124","20220927162000","901","1","嘉義市","西區","120.450","23.470","907"
"611","195127","20220927162000","374","3","嘉義市","東區","120.470","23.470","584"
"36","195128","20220927162000","589","0","嘉義市","東區","120.475","23.480","55"
"721","195129","20220927162000","575","2","嘉義市","東區","120.465","23.485","721"
"22","195131","20220927162000","44","0","嘉義市","東區","120.480","23.480","44"
"888","195133","20220927162000","617","2","嘉義市","東區","120.460","23.490","909"
"52","195139","20220927162000","284","0","嘉義市","西區","120.405","23.480","50"
"275","195147","20220927162000","195","2","嘉義市","西區","120.415","23.465","250"
"72","195148","20220927162000","1238","0","嘉義市","西區","120.420","23.465","85"
"648","195150","20220927162000","479","2","嘉義市","西區","120.415","23.470","612"
"535","195151","20220927162000","444","2","嘉義市","西區","120.420","23.470","478"
"719","195154","20220927162000","401","3","嘉義市","西區","120.440","23.495","707"
"95","195158","20220927162000","72","2","嘉義市","東區","120.430","23.505","82"
"310","195159","20220927162000","219","2","嘉義市","西區","120.435","23.505","331"
"691","195160","20220927162000","872","0","嘉義市","西區","120.445","23.485","700"
"1360","195161","20220927162000","836","3","嘉義市","東區","120.460","23.465","1344"
"576","195162","20220927162000","1396","0","嘉義市","西區","120.445","23.470","605"
"327","195164","20220927162000","208","3","嘉義市","西區","120.425","23.465","346"
"72","195165","20220927162000","110","0","嘉義市","西區","120.425","23.480","74"
"2002","195166","20220927162000","1512","2","嘉義市","西區","120.445","23.480","1940"
"451","195167","20220927162000","476","0","嘉義市","東區","120.460","23.455","460"
"273","195169","20220927162000","174","3","嘉義市","東區","120.465","23.460","250"
"988","195170","20220927162000","1359","0","嘉義市","東區","120.455","23.465","1016"
"656","195171","20220927162000","549","1","嘉義市","東區","120.455","23.470","670"
"362","195183","20220927162000","324","1","澎湖縣","馬公市","119.590","23.515","396"
"273","195202","20220927162000","197","2","澎湖縣","馬公市","119.605","23.525","278"
"176","195219","20220927162000","226","0","花蓮縣","瑞穗鄉","121.375","23.495","259"
"19","195220","20220927162000","78","0","花蓮縣","瑞穗鄉","121.375","23.500","40"
"299","195222","20220927162000","382","0","花蓮縣","瑞穗鄉","121.375","23.505","339"
"234","195231","20220927162000","202","1","花蓮縣","瑞穗鄉","121.390","23.490","256"
"1112","195232","20220927162000","1134","0","花蓮縣","瑞穗鄉","121.380","23.495","1218"
"81","195268","20220927162000","62","2","花蓮縣","瑞穗鄉","121.355","23.465","60"
"95","195289","20220927162000","112","0","花蓮縣","瑞穗鄉","121.360","23.475","88"
"328","195291","20220927162000","316","1","花蓮縣","瑞穗鄉","121.370","23.475","347"
"57","195336","20220927162000","24","3","花蓮縣","瑞穗鄉","121.390","23.520","70"
"12","195428","20220927162000","30","0","花蓮縣","瑞穗鄉","121.435","23.490","16"
"72","195430","20220927162000","56","2","花蓮縣","瑞穗鄉","121.445","23.490","69"
"227","196332","20220927162000","177","2","花蓮縣","瑞穗鄉","121.375","23.515","293"
"68","196345","20220927162000","56","2","花蓮縣","瑞穗鄉","121.360","23.480","86"
"305","196360","20220927162000","258","1","花蓮縣","瑞穗鄉","121.355","23.490","348"
"275","196364","20220927162000","268","1","花蓮縣","瑞穗鄉","121.375","23.490","281"
"55","196368","20220927162000","51","1","花蓮縣","瑞穗鄉","121.360","23.495","57"
"134","196453","20220927162000","141","0","花蓮縣","卓溪鄉","121.325","23.490","142"
"342","196567","20220927162000","252","2","花蓮縣","豐濱鄉","121.505","23.470","354"
"92","196575","20220927162000","28","3","花蓮縣","豐濱鄉","121.505","23.475","82"
"93","196592","20220927162000","96","0","花蓮縣","豐濱鄉","121.510","23.480","63"
"59","196639","20220927162000","39","3","花蓮縣","豐濱鄉","121.500","23.455","64"
"167","196667","20220927162000","116","2","花蓮縣","玉里鎮","121.405","23.465","176"
"86","196709","20220927162000","53","3","花蓮縣","玉里鎮","121.395","23.455","117"
"676","196774","20220927162000","412","3","嘉義縣","中埔鄉","120.465","23.455","669"
"1005","196781","20220927162000","1428","0","嘉義縣","民雄鄉","120.430","23.520","1043"
"273","196789","20220927162000","241","1","嘉義縣","民雄鄉","120.440","23.515","277"
"290","196793","20220927162000","197","2","嘉義縣","六腳鄉","120.290","23.520","269"
"669","196815","20220927162000","571","1","嘉義縣","六腳鄉","120.250","23.510","633"
"40","196825","20220927162000","23","3","嘉義縣","六腳鄉","120.225","23.485","36"
"192","196836","20220927162000","85","3","嘉義縣","六腳鄉","120.285","23.500","173"
"174","196856","20220927162000","147","1","雲林縣","水林鄉","120.225","23.505","181"
"78","196879","20220927162000","310","0","嘉義縣","六腳鄉","120.245","23.485","80"
"298","196886","20220927162000","242","2","嘉義縣","民雄鄉","120.415","23.525","284"
"140","196888","20220927162000","37","3","嘉義縣","民雄鄉","120.425","23.525","116"
"109","196895","20220927162000","180","0","嘉義縣","太保市","120.310","23.460","99"
"519","196913","20220927162000","612","0","嘉義縣","新港鄉","120.375","23.515","555"
"786","196921","20220927162000","1856","0","嘉義縣","新港鄉","120.380","23.525","758"
"260","196935","20220927162000","187","2","嘉義縣","六腳鄉","120.280","23.505","298"
"461","196963","20220927162000","426","1","嘉義縣","六腳鄉","120.310","23.500","458"
"757","197018","20220927162000","747","1","嘉義縣","太保市","120.335","23.490","821"
"581","197019","20220927162000","259","3","嘉義縣","太保市","120.340","23.495","498"
"947","197036","20220927162000","2133","0","嘉義縣","太保市","120.365","23.500","906"
"218","197041","20220927162000","430","0","嘉義縣","太保市","120.360","23.510","192"
"1139","197046","20220927162000","479","3","嘉義縣","太保市","120.370","23.500","1056"
"31","197053","20220927162000","12","3","嘉義縣","六腳鄉","120.265","23.525","14"
"353","197055","20220927162000","274","2","嘉義縣","六腳鄉","120.275","23.525","376"
"238","197536","20220927162000","146","3","南投縣","信義鄉","120.870","23.470","93"
"33","197634","20220927162000","35","0","南投縣","信義鄉","120.825","23.510","30"
"453","197682","20220927162000","787","0","嘉義縣","民雄鄉","120.440","23.520","477"
"1058","197684","20220927162000","1431","0","嘉義縣","民雄鄉","120.440","23.525","1194"
"1106","197685","20220927162000","1567","0","嘉義縣","民雄鄉","120.445","23.525","1169"
"337","197686","20220927162000","199","3","嘉義縣","民雄鄉","120.450","23.525","242"
"89","197696","20220927162000","36","3","嘉義縣","民雄鄉","120.425","23.510","94"
"488","197703","20220927162000","288","3","嘉義縣","民雄鄉","120.465","23.505","471"
"342","197710","20220927162000","337","1","嘉義縣","民雄鄉","120.475","23.515","342"
"79","197714","20220927162000","86","0","嘉義縣","民雄鄉","120.480","23.520","67"
"151","197719","20220927162000","119","2","雲林縣","水林鄉","120.205","23.530","150"
"59","197727","20220927162000","331","0","嘉義縣","太保市","120.380","23.490","53"
"490","197729","20220927162000","234","3","嘉義縣","太保市","120.370","23.495","446"
"30","197740","20220927162000","174","0","嘉義縣","太保市","120.380","23.475","22"
"159","197749","20220927162000","80","3","嘉義縣","太保市","120.385","23.480","165"
"3899","197755","20220927162000","2573","3","嘉義縣","朴子市","120.285","23.465","4009"
"299","197756","20220927162000","176","3","嘉義縣","朴子市","120.290","23.465","297"
"329","197762","20220927162000","224","2","嘉義縣","太保市","120.290","23.470","308"
"82","197764","20220927162000","203","0","嘉義縣","太保市","120.290","23.475","68"
"266","197766","20220927162000","101","3","嘉義縣","朴子市","120.240","23.470","225"
"47","197770","20220927162000","78","0","嘉義縣","新港鄉","120.310","23.515","40"
"40","197781","20220927162000","81","0","嘉義縣","新港鄉","120.330","23.520","39"
"99","197788","20220927162000","462","0","嘉義縣","朴子市","120.285","23.455","101"
"34","197789","20220927162000","162","0","嘉義縣","朴子市","120.290","23.455","46"
"593","197794","20220927162000","1422","0","嘉義縣","朴子市","120.285","23.460","592"
"195","197795","20220927162000","622","0","嘉義縣","朴子市","120.290","23.460","224"
"871","197796","20220927162000","590","2","嘉義縣","朴子市","120.265","23.465","947"
"100","197797","20220927162000","370","0","嘉義縣","朴子市","120.255","23.455","96"
"98","197799","20220927162000","23","3","嘉義縣","朴子市","120.265","23.455","71"
"971","197800","20220927162000","268","3","嘉義縣","朴子市","120.250","23.460","981"
"90","197802","20220927162000","57","3","嘉義縣","朴子市","120.260","23.460","98"
"446","197804","20220927162000","180","3","嘉義縣","朴子市","120.255","23.465","412"
"562","197820","20220927162000","613","0","嘉義縣","新港鄉","120.365","23.515","541"
"165","197822","20220927162000","272","0","嘉義縣","新港鄉","120.350","23.520","177"
"135","197827","20220927162000","401","0","嘉義縣","新港鄉","120.355","23.520","167"
"56","197830","20220927162000","189","0","嘉義縣","新港鄉","120.330","23.510","57"
"70","197862","20220927162000","39","3","嘉義縣","阿里山鄉","120.790","23.505","92"
"209","197867","20220927162000","272","0","嘉義縣","阿里山鄉","120.810","23.515","246"
"223","197868","20220927162000","108","3","嘉義縣","阿里山鄉","120.815","23.515","179"
"545","197899","20220927162000","463","1","嘉義縣","太保市","120.335","23.475","503"
"289","197906","20220927162000","365","0","嘉義縣","太保市","120.345","23.480","323"
"66","197913","20220927162000","191","0","嘉義縣","太保市","120.300","23.465","61"
"30","197924","20220927162000","231","0","嘉義縣","太保市","120.300","23.470","34"
"70","197940","20220927162000","79","0","南投縣","信義鄉","120.890","23.490","48"
"99","198035","20220927162000","105","0","雲林縣","水林鄉","120.230","23.515","89"
"759","198046","20220927162000","424","3","雲林縣","水林鄉","120.230","23.520","740"
"2192","198052","20220927162000","1457","3","嘉義縣","朴子市","120.245","23.470","2246"
"112","198053","20220927162000","604","0","嘉義縣","六腳鄉","120.250","23.470","89"
"282","198057","20220927162000","1310","0","嘉義縣","朴子市","120.245","23.465","257"
"349","198066","20220927162000","1412","0","嘉義縣","朴子市","120.240","23.465","326"
"1015","198068","20220927162000","316","3","嘉義縣","朴子市","120.225","23.460","1019"
"361","198071","20220927162000","872","0","嘉義縣","朴子市","120.235","23.465","331"
"336","198076","20220927162000","258","2","嘉義縣","朴子市","120.270","23.480","365"
"96","198087","20220927162000","187","0","嘉義縣","太保市","120.355","23.465","87"
"1613","198089","20220927162000","2580","0","嘉義縣","太保市","120.380","23.500","1621"
"22","198113","20220927162000","77","0","雲林縣","水林鄉","120.225","23.510","18"
"1261","198129","20220927162000","734","3","嘉義縣","太保市","120.325","23.455","1490"
"162","198131","20220927162000","420","0","嘉義縣","太保市","120.335","23.455","43"
"96","198135","20220927162000","243","0","嘉義縣","太保市","120.335","23.460","115"
"113","198141","20220927162000","500","0","嘉義縣","太保市","120.295","23.455","115"
"425","198144","20220927162000","1694","0","嘉義縣","太保市","120.295","23.460","414"
"197","198164","20220927162000","151","2","嘉義縣","東石鄉","120.170","23.480","230"
"15","198175","20220927162000","10","3","嘉義縣","東石鄉","120.195","23.465","15"
"29","198190","20220927162000","25","1","嘉義縣","東石鄉","120.145","23.465","36"
"61","198208","20220927162000","42","2","嘉義縣","梅山鄉","120.710","23.520","39"
"170","198214","20220927162000","140","2","嘉義縣","梅山鄉","120.710","23.525","155"
"697","198237","20220927162000","688","1","嘉義縣","東石鄉","120.170","23.465","699"
"371","198282","20220927162000","455","0","嘉義縣","東石鄉","120.185","23.490","374"
"54","198283","20220927162000","72","0","嘉義縣","東石鄉","120.185","23.495","58"
"925","198309","20220927162000","887","1","嘉義縣","東石鄉","120.150","23.460","949"
"582","198354","20220927162000","219","3","嘉義縣","東石鄉","120.155","23.500","471"
"161","198358","20220927162000","185","0","嘉義縣","東石鄉","120.175","23.500","194"
"75","198378","20220927162000","59","2","嘉義縣","東石鄉","120.160","23.510","72"
"232","198419","20220927162000","219","1","嘉義縣","梅山鄉","120.660","23.525","257"
"138","198450","20220927162000","134","1","嘉義縣","民雄鄉","120.450","23.520","131"
"558","198452","20220927162000","284","3","嘉義縣","民雄鄉","120.460","23.520","527"
"76","198455","20220927162000","73","1","嘉義縣","民雄鄉","120.455","23.525","62"
"590","198456","20220927162000","854","0","嘉義縣","民雄鄉","120.460","23.525","601"
"145","198457","20220927162000","66","3","嘉義縣","民雄鄉","120.450","23.530","121"
"646","198458","20220927162000","347","3","嘉義縣","民雄鄉","120.455","23.530","583"
"346","198459","20220927162000","343","1","嘉義縣","民雄鄉","120.460","23.530","359"
"163","198474","20220927162000","149","1","嘉義縣","民雄鄉","120.475","23.525","164"
"52","198490","20220927162000","121","0","嘉義縣","新港鄉","120.390","23.515","59"
"92","198491","20220927162000","53","3","嘉義縣","民雄鄉","120.400","23.515","74"
"455","198495","20220927162000","491","0","嘉義縣","民雄鄉","120.410","23.520","477"
"59","198501","20220927162000","73","0","嘉義縣","民雄鄉","120.415","23.520","47"
"1678","198503","20220927162000","1528","1","嘉義縣","民雄鄉","120.430","23.530","1587"
"420","198542","20220927162000","152","3","嘉義縣","六腳鄉","120.300","23.505","426"
"22","198546","20220927162000","24","0","嘉義縣","六腳鄉","120.300","23.515","26"
"43","198646","20220927162000","134","0","嘉義縣","水上鄉","120.375","23.460","42"
"172","198651","20220927162000","118","2","雲林縣","水林鄉","120.210","23.515","191"
"266","198686","20220927162000","326","0","嘉義縣","水上鄉","120.410","23.455","304"
"345","198687","20220927162000","182","3","嘉義縣","水上鄉","120.415","23.455","275"
"497","198691","20220927162000","220","3","嘉義市","西區","120.415","23.460","473"
"78","198693","20220927162000","96","0","嘉義縣","水上鄉","120.420","23.460","80"
"1429","198697","20220927162000","1038","2","嘉義縣","六腳鄉","120.295","23.490","1521"
"440","198713","20220927162000","273","3","雲林縣","口湖鄉","120.185","23.525","432"
"749","198720","20220927162000","740","1","嘉義縣","水上鄉","120.400","23.455","829"
"341","198726","20220927162000","1053","0","嘉義縣","朴子市","120.245","23.460","301"
"15","198735","20220927162000","15","1","嘉義縣","六腳鄉","120.260","23.530","20"
"16","198765","20220927162000","18","0","嘉義縣","竹崎鄉","120.580","23.520","15"
"287","198769","20220927162000","331","0","嘉義縣","番路鄉","120.555","23.465","325"
"559","198770","20220927162000","587","0","嘉義縣","番路鄉","120.560","23.465","570"
"228","198785","20220927162000","213","1","嘉義縣","番路鄉","120.505","23.455","266"
"140","198844","20220927162000","125","1","嘉義縣","番路鄉","120.620","23.480","140"
"36","198849","20220927162000","16","3","嘉義縣","番路鄉","120.625","23.485","24"
"123","198869","20220927162000","99","2","嘉義縣","番路鄉","120.540","23.460","100"
"333","198871","20220927162000","192","3","嘉義縣","番路鄉","120.550","23.460","285"
"193","198874","20220927162000","178","1","嘉義縣","番路鄉","120.540","23.465","220"
"66","198875","20220927162000","54","2","嘉義縣","番路鄉","120.535","23.470","38"
"159","198880","20220927162000","103","3","嘉義縣","番路鄉","120.600","23.455","165"
"189","198884","20220927162000","198","0","嘉義縣","番路鄉","120.595","23.460","189"
"80","198885","20220927162000","36","3","嘉義縣","番路鄉","120.600","23.460","59"
"20","198891","20220927162000","101","0","嘉義縣","番路鄉","120.530","23.475","19"
"659","198892","20220927162000","712","0","嘉義縣","番路鄉","120.535","23.475","689"
"162","198893","20220927162000","120","2","嘉義縣","番路鄉","120.510","23.480","187"
"17","198896","20220927162000","40","0","嘉義縣","番路鄉","120.525","23.480","20"
"418","198913","20220927162000","259","3","嘉義縣","竹崎鄉","120.685","23.460","362"
"151","198918","20220927162000","133","1","嘉義縣","竹崎鄉","120.695","23.475","147"
"31","198922","20220927162000","26","1","嘉義縣","竹崎鄉","120.700","23.480","31"
"22","198923","20220927162000","11","3","嘉義縣","竹崎鄉","120.705","23.480","21"
"39","198932","20220927162000","16","3","嘉義縣","竹崎鄉","120.705","23.485","10"
"186","198946","20220927162000","159","1","嘉義縣","竹崎鄉","120.695","23.500","193"
"225","198952","20220927162000","208","1","嘉義縣","竹崎鄉","120.695","23.505","180"
"35","198964","20220927162000","31","1","嘉義縣","竹崎鄉","120.660","23.505","30"
"281","198983","20220927162000","154","3","嘉義縣","竹崎鄉","120.635","23.520","224"
"97","199039","20220927162000","57","3","嘉義縣","竹崎鄉","120.650","23.470","97"
"142","199063","20220927162000","99","2","嘉義縣","竹崎鄉","120.680","23.480","139"
"239","199106","20220927162000","421","0","嘉義縣","竹崎鄉","120.570","23.485","277"
"294","199108","20220927162000","255","1","嘉義縣","竹崎鄉","120.555","23.485","316"
"129","199120","20220927162000","69","3","嘉義縣","竹崎鄉","120.540","23.515","98"
"1121","199122","20220927162000","1259","0","嘉義縣","竹崎鄉","120.550","23.515","1110"
"332","199146","20220927162000","344","0","嘉義縣","竹崎鄉","120.570","23.500","335"
"108","199161","20220927162000","581","0","嘉義縣","竹崎鄉","120.550","23.530","108"
"62","199213","20220927162000","32","3","嘉義縣","竹崎鄉","120.590","23.465","61"
"145","199237","20220927162000","134","1","嘉義縣","竹崎鄉","120.605","23.470","198"
"73","199241","20220927162000","51","2","嘉義縣","竹崎鄉","120.585","23.475","66"
"222","199248","20220927162000","127","3","嘉義縣","竹崎鄉","120.575","23.480","226"
"631","199280","20220927162000","480","2","嘉義縣","竹崎鄉","120.505","23.485","589"
"561","199288","20220927162000","619","0","嘉義縣","竹崎鄉","120.500","23.490","582"
"710","199291","20220927162000","481","2","嘉義縣","竹崎鄉","120.520","23.490","692"
"377","199297","20220927162000","465","0","嘉義縣","竹崎鄉","120.495","23.495","398"
"319","199306","20220927162000","160","3","嘉義縣","竹崎鄉","120.500","23.500","336"
"277","199313","20220927162000","205","2","嘉義縣","竹崎鄉","120.505","23.525","274"
"249","199322","20220927162000","217","1","嘉義縣","竹崎鄉","120.515","23.530","247"
"224","199330","20220927162000","253","0","嘉義縣","竹崎鄉","120.495","23.510","240"
"211","199332","20220927162000","97","3","嘉義縣","竹崎鄉","120.495","23.515","202"
"573","199353","20220927162000","550","1","嘉義縣","竹崎鄉","120.570","23.505","591"
"134","199358","20220927162000","114","1","嘉義縣","竹崎鄉","120.610","23.510","139"
"222","199367","20220927162000","120","3","嘉義縣","竹崎鄉","120.605","23.515","169"
"164","199379","20220927162000","59","3","嘉義縣","竹崎鄉","120.610","23.520","162"
"51","199459","20220927162000","43","1","嘉義縣","阿里山鄉","120.950","23.465","37"
"98","199523","20220927162000","39","3","嘉義縣","阿里山鄉","120.795","23.490","64"
"13","199541","20220927162000","17","0","嘉義縣","阿里山鄉","120.800","23.500","16"
"48","199544","20220927162000","18","3","嘉義縣","阿里山鄉","120.795","23.505","27"
"174","199552","20220927162000","117","2","嘉義縣","阿里山鄉","120.815","23.505","120"
"483","199555","20220927162000","521","0","嘉義縣","阿里山鄉","120.805","23.510","520"
"159","199603","20220927162000","151","1","嘉義縣","阿里山鄉","120.730","23.530","160"
"79","199642","20220927162000","92","0","嘉義縣","阿里山鄉","120.755","23.490","74"
"38","199653","20220927162000","27","2","嘉義縣","阿里山鄉","120.745","23.495","37"
"102","199699","20220927162000","51","3","嘉義縣","阿里山鄉","120.740","23.515","57"
"106","199719","20220927162000","50","3","嘉義縣","阿里山鄉","120.720","23.455","54"
"74","199725","20220927162000","71","1","嘉義縣","阿里山鄉","120.700","23.460","69"
"144","199742","20220927162000","212","0","嘉義縣","阿里山鄉","120.730","23.465","175"
"127","199744","20220927162000","89","2","嘉義縣","竹崎鄉","120.695","23.470","121"
"346","199745","20220927162000","340","1","嘉義縣","阿里山鄉","120.700","23.470","347"
"121","199748","20220927162000","111","1","嘉義縣","阿里山鄉","120.715","23.470","148"
"154","199760","20220927162000","113","2","嘉義縣","阿里山鄉","120.715","23.480","106"
"70","199769","20220927162000","39","3","嘉義縣","阿里山鄉","120.720","23.485","71"
"124","199777","20220927162000","120","1","嘉義縣","阿里山鄉","120.750","23.455","118"
"54","199798","20220927162000","43","2","嘉義縣","阿里山鄉","120.775","23.460","45"
"464","199875","20220927162000","146","3","嘉義縣","竹崎鄉","120.595","23.485","376"
"214","199886","20220927162000","92","3","嘉義縣","竹崎鄉","120.595","23.495","195"
"432","199897","20220927162000","338","2","嘉義縣","竹崎鄉","120.550","23.485","456"
"176","199900","20220927162000","249","0","嘉義縣","竹崎鄉","120.540","23.495","168"
"579","199903","20220927162000","657","0","嘉義縣","竹崎鄉","120.540","23.500","553"
"94","199909","20220927162000","81","1","嘉義縣","竹崎鄉","120.595","23.525","101"
"117","199920","20220927162000","113","1","嘉義縣","竹崎鄉","120.510","23.490","129"
"404","199938","20220927162000","461","0","嘉義縣","竹崎鄉","120.525","23.515","451"
"385","200367","20220927162000","555","0","澎湖縣","馬公市","119.550","23.535","366"
"45","201149","20220927162000","75","0","澎湖縣","馬公市","119.570","23.550","50"
"869","201150","20220927162000","394","3","澎湖縣","馬公市","119.575","23.550","747"
"146","201400","20220927162000","453","0","澎湖縣","馬公市","119.570","23.555","173"
"517","202108","20220927162000","619","0","澎湖縣","西嶼鄉","119.485","23.565","574"
"20","202120","20220927162000","12","3","澎湖縣","馬公市","119.560","23.565","16"
"1382","202121","20220927162000","1064","2","澎湖縣","馬公市","119.565","23.565","1437"
"536","202367","20220927162000","602","0","澎湖縣","馬公市","119.565","23.570","536"
"64","202600","20220927162000","52","2","澎湖縣","西嶼鄉","119.500","23.575","52"
"535","202858","20220927162000","494","1","澎湖縣","馬公市","119.575","23.580","454"
"69","203106","20220927162000","87","0","澎湖縣","馬公市","119.570","23.585","90"
"510","203108","20220927162000","271","3","澎湖縣","馬公市","119.580","23.585","476"
"80","203109","20220927162000","79","1","澎湖縣","馬公市","119.585","23.585","76"
"402","203624","20220927162000","64","3","澎湖縣","湖西鄉","119.670","23.595","55"
"57","203877","20220927162000","16","3","澎湖縣","湖西鄉","119.640","23.600","41"
"54","203940","20220927162000","69","0","澎湖縣","馬公市","119.570","23.560","56"
"970","203941","20220927162000","1037","0","澎湖縣","馬公市","119.570","23.565","1021"
"1445","203942","20220927162000","2162","0","澎湖縣","馬公市","119.570","23.570","1385"
"358","203945","20220927162000","232","3","澎湖縣","湖西鄉","119.615","23.570","338"
"59","203947","20220927162000","285","0","澎湖縣","湖西鄉","119.625","23.570","46"
"266","203951","20220927162000","153","3","澎湖縣","馬公市","119.600","23.555","284"
"59","203964","20220927162000","143","0","澎湖縣","湖西鄉","119.620","23.600","28"
"422","203989","20220927162000","215","3","澎湖縣","西嶼鄉","119.480","23.565","407"
"307","203992","20220927162000","237","2","澎湖縣","湖西鄉","119.615","23.595","295"
"97","203994","20220927162000","85","1","澎湖縣","湖西鄉","119.665","23.585","107"
"50","204001","20220927162000","11","3","澎湖縣","馬公市","119.590","23.550","28"
"1244","204013","20220927162000","968","2","澎湖縣","馬公市","119.600","23.570","1325"
"171","204018","20220927162000","577","0","澎湖縣","馬公市","119.580","23.560","111"
"1991","204021","20220927162000","543","3","澎湖縣","馬公市","119.585","23.565","2060"
"1292","204022","20220927162000","465","3","澎湖縣","馬公市","119.590","23.565","1311"
"590","204025","20220927162000","897","0","澎湖縣","湖西鄉","119.630","23.565","703"
"280","204033","20220927162000","246","1","澎湖縣","湖西鄉","119.655","23.565","202"
"415","204042","20220927162000","266","3","澎湖縣","馬公市","119.545","23.540","432"
"219","204045","20220927162000","623","0","澎湖縣","湖西鄉","119.670","23.570","237"
"351","204049","20220927162000","337","1","澎湖縣","馬公市","119.575","23.570","340"
"1065","204050","20220927162000","582","3","澎湖縣","馬公市","119.580","23.570","1134"
"1968","204052","20220927162000","1978","0","澎湖縣","馬公市","119.575","23.575","1925"
"156","204053","20220927162000","792","0","澎湖縣","馬公市","119.580","23.575","138"
"455","204054","20220927162000","298","3","澎湖縣","馬公市","119.580","23.580","472"
"648","204067","20220927162000","232","3","澎湖縣","馬公市","119.615","23.555","641"
"82","204074","20220927162000","85","0","澎湖縣","湖西鄉","119.620","23.565","88"
"517","204075","20220927162000","292","3","澎湖縣","湖西鄉","119.650","23.570","418"
"664","204080","20220927162000","613","1","澎湖縣","湖西鄉","119.650","23.580","639"
"182","204087","20220927162000","196","0","澎湖縣","西嶼鄉","119.505","23.585","198"
"465","204092","20220927162000","579","0","澎湖縣","西嶼鄉","119.510","23.600","530"
"440","204107","20220927162000","293","3","澎湖縣","馬公市","119.560","23.560","494"
"515","204108","20220927162000","760","0","澎湖縣","馬公市","119.565","23.560","551"
"49","204109","20220927162000","18","3","澎湖縣","馬公市","119.595","23.550","55"
"66","204111","20220927162000","249","0","澎湖縣","馬公市","119.595","23.555","58"
"451","204113","20220927162000","146","3","澎湖縣","馬公市","119.605","23.535","375"
"61","204120","20220927162000","274","0","澎湖縣","馬公市","119.610","23.545","80"
"25","204123","20220927162000","19","2","澎湖縣","馬公市","119.615","23.550","18"
"64","204124","20220927162000","184","0","澎湖縣","馬公市","119.620","23.550","60"
"108","204136","20220927162000","134","0","澎湖縣","湖西鄉","119.640","23.580","75"
"274","204137","20220927162000","226","2","澎湖縣","湖西鄉","119.645","23.580","285"
"14","204159","20220927162000","142","0","澎湖縣","湖西鄉","119.630","23.555","25"
"404","204161","20220927162000","216","3","澎湖縣","湖西鄉","119.640","23.555","375"
"83","204162","20220927162000","961","0","澎湖縣","湖西鄉","119.630","23.560","48"
"34","204163","20220927162000","221","0","澎湖縣","湖西鄉","119.635","23.560","21"
"20","204174","20220927162000","325","0","澎湖縣","湖西鄉","119.615","23.590","16"
"187","204179","20220927162000","29","3","澎湖縣","湖西鄉","119.680","23.555","168"
"337","204185","20220927162000","264","2","澎湖縣","湖西鄉","119.670","23.565","351"
"3054","204189","20220927162000","1401","3","澎湖縣","馬公市","119.575","23.565","2960"
"136","204191","20220927162000","711","0","澎湖縣","馬公市","119.585","23.555","146"
"582","204192","20220927162000","245","3","澎湖縣","馬公市","119.585","23.560","644"
"29","204193","20220927162000","30","0","澎湖縣","馬公市","119.610","23.555","47"
"53","204194","20220927162000","301","0","澎湖縣","馬公市","119.595","23.560","50"
"2082","204195","20220927162000","851","3","澎湖縣","馬公市","119.600","23.560","1950"
"52","204307","20220927162000","40","2","花蓮縣","瑞穗鄉","121.370","23.575","58"
"267","204313","20220927162000","219","2","花蓮縣","瑞穗鄉","121.375","23.575","286"
"140","204317","20220927162000","127","1","花蓮縣","瑞穗鄉","121.370","23.580","136"
"174","204319","20220927162000","138","2","花蓮縣","瑞穗鄉","121.380","23.580","174"
"47","204320","20220927162000","40","1","花蓮縣","萬榮鄉","121.355","23.585","40"
"160","204355","20220927162000","122","2","花蓮縣","瑞穗鄉","121.385","23.570","140"
"79","204381","20220927162000","66","1","花蓮縣","瑞穗鄉","121.385","23.580","86"
"56","204384","20220927162000","46","2","花蓮縣","瑞穗鄉","121.400","23.580","51"
"163","204421","20220927162000","144","1","花蓮縣","光復鄉","121.390","23.605","180"
"59","204446","20220927162000","37","3","花蓮縣","光復鄉","121.385","23.605","56"
"203","204758","20220927162000","202","1","花蓮縣","瑞穗鄉","121.375","23.540","257"
"14","205154","20220927162000","34","0","花蓮縣","豐濱鄉","121.505","23.530","11"
"78","205305","20220927162000","35","3","花蓮縣","豐濱鄉","121.525","23.575","67"
"125","205386","20220927162000","58","3","花蓮縣","豐濱鄉","121.525","23.595","111"
"294","205403","20220927162000","222","2","花蓮縣","豐濱鄉","121.520","23.600","311"
"27","205419","20220927162000","11","3","花蓮縣","豐濱鄉","121.515","23.605","27"
"99","205422","20220927162000","51","3","花蓮縣","豐濱鄉","121.530","23.605","132"
"59","205447","20220927162000","85","0","花蓮縣","光復鄉","121.420","23.605","53"
"449","205461","20220927162000","335","2","雲林縣","元長鄉","120.350","23.600","426"
"47","205475","20220927162000","59","0","嘉義縣","民雄鄉","120.400","23.555","46"
"415","205481","20220927162000","465","0","嘉義縣","民雄鄉","120.400","23.560","386"
"229","205482","20220927162000","133","3","嘉義縣","溪口鄉","120.405","23.560","259"
"1168","205486","20220927162000","882","2","嘉義縣","民雄鄉","120.420","23.550","1069"
"40","205488","20220927162000","54","0","嘉義縣","民雄鄉","120.425","23.555","37"
"619","205494","20220927162000","359","3","嘉義縣","民雄鄉","120.380","23.545","672"
"359","205501","20220927162000","212","3","嘉義縣","民雄鄉","120.445","23.560","363"
"278","205502","20220927162000","197","2","嘉義縣","民雄鄉","120.450","23.560","266"
"38","205523","20220927162000","52","0","嘉義縣","民雄鄉","120.450","23.570","45"
"645","205531","20220927162000","500","2","嘉義縣","民雄鄉","120.435","23.565","691"
"99","205537","20220927162000","185","0","嘉義縣","民雄鄉","120.435","23.535","104"
"250","205548","20220927162000","130","3","嘉義縣","六腳鄉","120.295","23.540","240"
"372","205557","20220927162000","280","2","嘉義縣","六腳鄉","120.300","23.550","376"
"191","205571","20220927162000","237","0","雲林縣","水林鄉","120.245","23.605","177"
"89","205579","20220927162000","37","3","雲林縣","水林鄉","120.220","23.595","101"
"30","205586","20220927162000","197","0","雲林縣","水林鄉","120.235","23.605","26"
"100","205593","20220927162000","337","0","嘉義縣","新港鄉","120.345","23.570","84"
"132","205600","20220927162000","601","0","嘉義縣","新港鄉","120.345","23.550","143"
"372","205605","20220927162000","175","3","嘉義縣","新港鄉","120.330","23.560","345"
"249","205606","20220927162000","90","3","嘉義縣","新港鄉","120.335","23.560","207"
"45","205615","20220927162000","318","0","嘉義縣","新港鄉","120.340","23.575","47"
"477","205623","20220927162000","349","2","雲林縣","元長鄉","120.335","23.610","525"
"125","205641","20220927162000","87","2","嘉義縣","新港鄉","120.350","23.590","122"
"41","205649","20220927162000","218","0","嘉義縣","新港鄉","120.315","23.550","42"
"191","205670","20220927162000","93","3","雲林縣","口湖鄉","120.170","23.605","195"
"320","206056","20220927162000","234","2","南投縣","信義鄉","120.925","23.560","400"
"734","206426","20220927162000","516","2","南投縣","信義鄉","120.895","23.595","721"
"1032","206759","20220927162000","890","1","嘉義縣","溪口鄉","120.400","23.605","1080"
"637","206766","20220927162000","923","0","嘉義縣","民雄鄉","120.430","23.550","664"
"1425","206767","20220927162000","1206","1","嘉義縣","民雄鄉","120.430","23.555","1442"
"668","206768","20220927162000","608","1","嘉義縣","民雄鄉","120.435","23.555","645"
"354","206781","20220927162000","273","2","雲林縣","北港鎮","120.325","23.585","365"
"111","206786","20220927162000","778","0","雲林縣","北港鎮","120.295","23.575","89"
"16","206787","20220927162000","19","0","雲林縣","北港鎮","120.305","23.575","20"
"423","206789","20220927162000","333","2","雲林縣","北港鎮","120.300","23.580","405"
"905","206790","20220927162000","803","1","雲林縣","北港鎮","120.305","23.580","909"
"70","206794","20220927162000","46","3","雲林縣","北港鎮","120.310","23.585","71"
"461","206797","20220927162000","1095","0","雲林縣","北港鎮","120.310","23.590","479"
"156","206815","20220927162000","114","2","嘉義縣","大林鎮","120.465","23.600","159"
"492","206822","20220927162000","260","3","嘉義縣","大林鎮","120.470","23.605","455"
"77","206825","20220927162000","395","0","嘉義縣","大林鎮","120.485","23.605","108"
"247","206830","20220927162000","167","2","嘉義縣","民雄鄉","120.445","23.545","258"
"22","206834","20220927162000","32","0","嘉義縣","民雄鄉","120.440","23.550","35"
"112","206837","20220927162000","94","1","嘉義縣","民雄鄉","120.455","23.550","109"
"190","206858","20220927162000","229","0","嘉義縣","民雄鄉","120.480","23.535","201"
"164","206869","20220927162000","169","0","嘉義縣","民雄鄉","120.500","23.540","210"
"27","206879","20220927162000","32","0","嘉義縣","民雄鄉","120.415","23.560","38"
"27","206882","20220927162000","24","1","嘉義縣","民雄鄉","120.410","23.565","23"
"31","206903","20220927162000","74","0","雲林縣","水林鄉","120.235","23.580","27"
"495","206905","20220927162000","190","3","雲林縣","水林鄉","120.230","23.585","430"
"25","206936","20220927162000","82","0","雲林縣","水林鄉","120.265","23.605","21"
"1071","206940","20220927162000","1287","0","雲林縣","北港鎮","120.300","23.565","1073"
"397","206943","20220927162000","235","3","雲林縣","北港鎮","120.310","23.575","398"
"387","206964","20220927162000","250","3","嘉義縣","新港鄉","120.360","23.590","393"
"82","206982","20220927162000","325","0","嘉義縣","新港鄉","120.370","23.555","81"
"542","206991","20220927162000","726","0","嘉義縣","新港鄉","120.350","23.555","593"
"643","206992","20220927162000","324","3","嘉義縣","新港鄉","120.355","23.555","687"
"110","206994","20220927162000","814","0","嘉義縣","新港鄉","120.350","23.560","97"
"823","206997","20220927162000","500","3","嘉義縣","新港鄉","120.320","23.565","836"
"36","207025","20220927162000","239","0","嘉義縣","新港鄉","120.335","23.540","38"
"1020","207038","20220927162000","650","3","嘉義縣","新港鄉","120.345","23.555","1028"
"97","207039","20220927162000","20","3","嘉義縣","新港鄉","120.345","23.560","74"
"56","207040","20220927162000","146","0","嘉義縣","新港鄉","120.345","23.535","49"
"49","207051","20220927162000","245","0","嘉義縣","新港鄉","120.375","23.560","46"
"90","207166","20220927162000","67","2","南投縣","信義鄉","120.915","23.545","37"
"103","207170","20220927162000","92","1","南投縣","信義鄉","120.870","23.550","87"
"183","207172","20220927162000","133","2","南投縣","信義鄉","120.880","23.550","156"
"23","207177","20220927162000","49","0","南投縣","信義鄉","120.905","23.550","37"
"187","207208","20220927162000","169","1","南投縣","信義鄉","120.905","23.565","193"
"129","207242","20220927162000","274","0","南投縣","信義鄉","120.890","23.590","55"
"1317","207256","20220927162000","1437","0","雲林縣","北港鎮","120.305","23.565","1320"
"233","207266","20220927162000","161","2","嘉義縣","新港鄉","120.310","23.565","239"
"1570","207275","20220927162000","1143","2","雲林縣","北港鎮","120.290","23.575","1538"
"95","207299","20220927162000","131","0","嘉義縣","梅山鄉","120.600","23.560","149"
"226","207304","20220927162000","135","3","嘉義縣","梅山鄉","120.595","23.565","246"
"241","207305","20220927162000","273","0","嘉義縣","梅山鄉","120.605","23.565","246"
"156","207326","20220927162000","118","2","嘉義縣","梅山鄉","120.625","23.550","187"
"290","207338","20220927162000","287","1","嘉義縣","梅山鄉","120.580","23.545","332"
"815","207352","20220927162000","1013","0","嘉義縣","梅山鄉","120.555","23.585","933"
"644","207353","20220927162000","641","1","嘉義縣","梅山鄉","120.560","23.585","643"
"661","207356","20220927162000","314","3","嘉義縣","梅山鄉","120.550","23.590","599"
"369","207360","20220927162000","336","1","嘉義縣","大林鎮","120.450","23.605","417"
"128","207367","20220927162000","877","0","嘉義縣","大林鎮","120.525","23.595","123"
"239","207373","20220927162000","433","0","嘉義縣","大林鎮","120.500","23.605","241"
"156","207387","20220927162000","538","0","雲林縣","北港鎮","120.275","23.600","135"
"200","207403","20220927162000","214","0","雲林縣","北港鎮","120.325","23.595","208"
"411","207414","20220927162000","350","1","雲林縣","北港鎮","120.280","23.560","379"
"50","207432","20220927162000","196","0","雲林縣","口湖鄉","120.180","23.605","31"
"346","207435","20220927162000","295","1","雲林縣","古坑鄉","120.540","23.595","399"
"39","207462","20220927162000","87","0","雲林縣","古坑鄉","120.595","23.600","46"
"219","207463","20220927162000","122","3","雲林縣","古坑鄉","120.600","23.600","148"
"187","207465","20220927162000","101","3","雲林縣","古坑鄉","120.610","23.600","171"
"67","207467","20220927162000","27","3","雲林縣","古坑鄉","120.620","23.600","75"
"67","207494","20220927162000","55","2","雲林縣","古坑鄉","120.640","23.605","82"
"20","207498","20220927162000","107","0","雲林縣","古坑鄉","120.570","23.605","31"
"131","207505","20220927162000","159","0","嘉義縣","大林鎮","120.470","23.580","148"
"152","207507","20220927162000","280","0","嘉義縣","大林鎮","120.465","23.585","159"
"61","207511","20220927162000","41","2","嘉義縣","大林鎮","120.505","23.560","72"
"130","207522","20220927162000","78","3","嘉義縣","大林鎮","120.490","23.570","103"
"1146","207523","20220927162000","1108","1","嘉義縣","大林鎮","120.495","23.570","1223"
"36","207536","20220927162000","128","0","嘉義縣","大林鎮","120.505","23.575","19"
"117","207556","20220927162000","655","0","嘉義縣","大林鎮","120.500","23.580","129"
"127","207558","20220927162000","411","0","嘉義縣","大林鎮","120.510","23.580","109"
"509","207564","20220927162000","198","3","嘉義縣","大林鎮","120.495","23.585","421"
"32","207576","20220927162000","182","0","嘉義縣","大林鎮","120.475","23.590","25"
"279","207578","20220927162000","207","2","嘉義縣","大林鎮","120.465","23.595","242"
"782","207585","20220927162000","640","2","嘉義縣","大林鎮","120.505","23.590","802"
"36","207587","20220927162000","454","0","嘉義縣","大林鎮","120.515","23.590","41"
"102","207592","20220927162000","442","0","嘉義縣","大林鎮","120.505","23.595","90"
"66","207596","20220927162000","24","3","嘉義縣","大林鎮","120.505","23.600","81"
"943","207602","20220927162000","953","0","嘉義縣","大林鎮","120.455","23.595","898"
"602","207604","20220927162000","945","0","嘉義縣","大林鎮","120.455","23.600","620"
"1035","207605","20220927162000","1027","1","嘉義縣","大林鎮","120.460","23.600","1042"
"131","207606","20220927162000","91","2","嘉義縣","大林鎮","120.460","23.605","125"
"223","207613","20220927162000","237","0","嘉義縣","大林鎮","120.445","23.610","243"
"36","207617","20220927162000","460","0","嘉義縣","大林鎮","120.445","23.595","30"
"1490","207626","20220927162000","1319","1","嘉義縣","大林鎮","120.455","23.605","1448"
"377","207628","20220927162000","1451","0","雲林縣","水林鄉","120.240","23.570","329"
"13","207629","20220927162000","13","1","雲林縣","水林鄉","120.245","23.570","15"
"172","207634","20220927162000","505","0","雲林縣","水林鄉","120.250","23.575","794"
"21","207650","20220927162000","15","2","雲林縣","水林鄉","120.265","23.535","18"
"356","207670","20220927162000","168","3","嘉義縣","溪口鄉","120.395","23.600","348"
"132","207674","20220927162000","81","3","嘉義縣","梅山鄉","120.575","23.560","151"
"154","207675","20220927162000","194","0","嘉義縣","梅山鄉","120.580","23.560","170"
"719","207684","20220927162000","834","0","嘉義縣","梅山鄉","120.565","23.575","787"
"102","207691","20220927162000","66","3","嘉義縣","梅山鄉","120.580","23.580","92"
"153","207701","20220927162000","52","3","嘉義縣","梅山鄉","120.600","23.565","138"
"50","207703","20220927162000","76","0","嘉義縣","梅山鄉","120.580","23.570","37"
"355","207707","20220927162000","122","3","嘉義縣","梅山鄉","120.595","23.570","351"
"132","207721","20220927162000","73","3","嘉義縣","梅山鄉","120.600","23.575","128"
"31","207724","20220927162000","18","3","嘉義縣","梅山鄉","120.615","23.580","24"
"333","207727","20220927162000","412","0","嘉義縣","梅山鄉","120.555","23.545","318"
"39","207736","20220927162000","50","0","嘉義縣","梅山鄉","120.545","23.555","45"
"51","207753","20220927162000","50","1","嘉義縣","梅山鄉","120.715","23.535","65"
"45","207756","20220927162000","58","0","嘉義縣","梅山鄉","120.730","23.535","27"
"290","207761","20220927162000","203","2","嘉義縣","梅山鄉","120.710","23.540","320"
"218","207793","20220927162000","116","3","嘉義縣","梅山鄉","120.740","23.555","194"
"126","207860","20220927162000","143","0","雲林縣","古坑鄉","120.695","23.580","203"
"150","207910","20220927162000","126","1","雲林縣","古坑鄉","120.690","23.595","126"
"44","207945","20220927162000","52","0","雲林縣","古坑鄉","120.710","23.605","56"
"44","207962","20220927162000","25","3","雲林縣","古坑鄉","120.575","23.595","39"
"28","207964","20220927162000","17","3","雲林縣","古坑鄉","120.585","23.595","29"
"355","207970","20220927162000","159","3","雲林縣","古坑鄉","120.590","23.585","284"
"230","207983","20220927162000","120","3","雲林縣","古坑鄉","120.595","23.595","253"
"88","207985","20220927162000","45","3","雲林縣","古坑鄉","120.585","23.600","84"
"386","207988","20220927162000","325","1","雲林縣","口湖鄉","120.165","23.535","400"
"1070","208006","20220927162000","755","2","雲林縣","口湖鄉","120.185","23.585","1055"
"229","208021","20220927162000","61","3","嘉義縣","梅山鄉","120.625","23.570","185"
"184","208025","20220927162000","143","2","嘉義縣","梅山鄉","120.625","23.575","197"
"263","208030","20220927162000","245","1","嘉義縣","新港鄉","120.310","23.570","228"
"30","208049","20220927162000","297","0","雲林縣","口湖鄉","120.160","23.560","28"
"17","208052","20220927162000","23","0","雲林縣","口湖鄉","120.180","23.550","18"
"86","208080","20220927162000","184","0","雲林縣","口湖鄉","120.150","23.580","64"
"122","208091","20220927162000","16","3","雲林縣","口湖鄉","120.140","23.585","119"
"553","208131","20220927162000","278","3","嘉義縣","民雄鄉","120.410","23.570","532"
"417","208146","20220927162000","372","1","雲林縣","大埤鄉","120.370","23.610","436"
"639","208152","20220927162000","517","2","嘉義縣","梅山鄉","120.560","23.580","658"
"257","208158","20220927162000","149","3","嘉義縣","梅山鄉","120.560","23.565","244"
"201","208165","20220927162000","201","1","嘉義縣","梅山鄉","120.555","23.575","193"
"101","208171","20220927162000","115","0","嘉義縣","梅山鄉","120.680","23.535","131"
"195","208176","20220927162000","192","1","嘉義縣","梅山鄉","120.665","23.540","200"
"166","208180","20220927162000","101","3","嘉義縣","梅山鄉","120.685","23.540","183"
"263","208200","20220927162000","261","1","嘉義縣","梅山鄉","120.665","23.550","266"
"66","208203","20220927162000","46","2","嘉義縣","梅山鄉","120.680","23.550","71"
"184","208265","20220927162000","134","2","嘉義縣","梅山鄉","120.530","23.580","189"
"42","208273","20220927162000","134","0","嘉義縣","梅山鄉","120.535","23.590","54"
"263","208301","20220927162000","145","3","嘉義縣","梅山鄉","120.525","23.550","239"
"86","208303","20220927162000","102","0","嘉義縣","梅山鄉","120.535","23.550","81"
"425","208323","20220927162000","242","3","嘉義縣","民雄鄉","120.465","23.555","421"
"1062","208324","20220927162000","913","1","嘉義縣","民雄鄉","120.470","23.555","1031"
"157","208325","20220927162000","62","3","嘉義縣","民雄鄉","120.475","23.555","114"
"30","208326","20220927162000","37","0","嘉義縣","民雄鄉","120.480","23.555","26"
"870","208328","20220927162000","929","0","嘉義縣","民雄鄉","120.470","23.560","904"
"2250","208329","20220927162000","2231","1","嘉義縣","民雄鄉","120.475","23.560","2375"
"482","208332","20220927162000","547","0","嘉義縣","民雄鄉","120.475","23.565","514"
"732","208347","20220927162000","280","3","嘉義縣","民雄鄉","120.400","23.535","769"
"55","208352","20220927162000","357","0","嘉義縣","民雄鄉","120.460","23.535","60"
"272","208357","20220927162000","173","3","嘉義縣","民雄鄉","120.460","23.545","252"
"1085","208359","20220927162000","1096","0","嘉義縣","民雄鄉","120.425","23.560","1047"
"43","208360","20220927162000","70","0","嘉義縣","民雄鄉","120.430","23.560","44"
"37","208363","20220927162000","297","0","嘉義縣","民雄鄉","120.425","23.570","38"
"308","208380","20220927162000","141","3","嘉義縣","民雄鄉","120.390","23.545","297"
"899","208390","20220927162000","473","3","嘉義縣","民雄鄉","120.420","23.540","933"
"501","208392","20220927162000","283","3","嘉義縣","民雄鄉","120.430","23.540","518"
"312","208407","20220927162000","137","3","雲林縣","口湖鄉","120.175","23.570","326"
"435","208415","20220927162000","267","3","雲林縣","口湖鄉","120.190","23.575","438"
"536","208452","20220927162000","547","0","嘉義縣","溪口鄉","120.430","23.585","551"
"76","208454","20220927162000","276","0","嘉義縣","溪口鄉","120.440","23.585","50"
"382","208468","20220927162000","375","1","嘉義縣","溪口鄉","120.385","23.595","398"
"218","208486","20220927162000","166","2","嘉義縣","溪口鄉","120.390","23.605","222"
"757","208497","20220927162000","545","2","嘉義縣","六腳鄉","120.300","23.560","763"
"428","208503","20220927162000","498","0","嘉義縣","六腳鄉","120.290","23.535","416"
"99","208508","20220927162000","421","0","雲林縣","口湖鄉","120.180","23.585","75"
"425","208528","20220927162000","233","3","雲林縣","口湖鄉","120.140","23.550","401"
"106","208546","20220927162000","359","0","雲林縣","口湖鄉","120.150","23.565","113"
"40","208554","20220927162000","152","0","雲林縣","水林鄉","120.270","23.565","40"
"1189","208568","20220927162000","815","2","雲林縣","口湖鄉","120.190","23.545","1128"
"188","208573","20220927162000","311","0","雲林縣","北港鎮","120.285","23.610","189"
"1186","208589","20220927162000","1505","0","雲林縣","北港鎮","120.300","23.570","1194"
"878","208590","20220927162000","876","1","雲林縣","北港鎮","120.300","23.575","907"
"86","208617","20220927162000","381","0","雲林縣","水林鄉","120.220","23.560","70"
"79","208629","20220927162000","242","0","雲林縣","水林鄉","120.205","23.575","87"
"19","208633","20220927162000","18","1","雲林縣","水林鄉","120.225","23.535","21"
"411","208638","20220927162000","274","3","雲林縣","水林鄉","120.230","23.540","391"
"168","208647","20220927162000","371","0","雲林縣","水林鄉","120.250","23.550","155"
"166","208695","20220927162000","90","3","嘉義縣","竹崎鄉","120.555","23.540","136"
"241","208704","20220927162000","71","3","嘉義縣","竹崎鄉","120.560","23.540","240"
"77","208793","20220927162000","77","1","嘉義縣","阿里山鄉","120.750","23.570","104"
"25","208821","20220927162000","42","0","嘉義縣","阿里山鄉","120.750","23.580","27"
"34","208866","20220927162000","28","2","嘉義縣","阿里山鄉","120.750","23.590","34"
"86","209129","20220927162000","84","1","澎湖縣","湖西鄉","119.625","23.605","82"
"90","209899","20220927162000","83","1","澎湖縣","白沙鄉","119.570","23.615","107"
"73","209905","20220927162000","214","0","澎湖縣","白沙鄉","119.605","23.615","68"
"111","210790","20220927162000","45","3","花蓮縣","豐濱鄉","121.535","23.635","118"
"87","210927","20220927162000","129","0","澎湖縣","西嶼鄉","119.530","23.635","87"
"250","210940","20220927162000","242","1","澎湖縣","白沙鄉","119.600","23.635","272"
"31","211725","20220927162000","98","0","澎湖縣","白沙鄉","119.630","23.650","38"
"364","212241","20220927162000","268","2","澎湖縣","白沙鄉","119.655","23.660","367"
"760","212745","20220927162000","468","3","澎湖縣","白沙鄉","119.595","23.665","739"
"15","212746","20220927162000","144","0","澎湖縣","白沙鄉","119.600","23.665","14"
"56","213442","20220927162000","25","3","澎湖縣","白沙鄉","119.555","23.660","55"
"83","213444","20220927162000","188","0","澎湖縣","白沙鄉","119.590","23.655","75"
"36","213447","20220927162000","52","0","澎湖縣","白沙鄉","119.600","23.650","52"
"25","213448","20220927162000","48","0","澎湖縣","白沙鄉","119.560","23.655","25"
"539","213454","20220927162000","121","3","澎湖縣","白沙鄉","119.560","23.660","614"
"176","213465","20220927162000","155","1","澎湖縣","白沙鄉","119.595","23.650","165"
"73","213478","20220927162000","53","2","澎湖縣","西嶼鄉","119.520","23.605","127"
"140","213491","20220927162000","141","0","澎湖縣","西嶼鄉","119.510","23.615","157"
"175","213509","20220927162000","232","0","澎湖縣","西嶼鄉","119.515","23.630","204"
"117","213516","20220927162000","143","0","澎湖縣","西嶼鄉","119.515","23.650","139"
"400","213554","20220927162000","345","1","花蓮縣","光復鄉","121.430","23.675","369"
"190","213627","20220927162000","138","2","花蓮縣","光復鄉","121.420","23.660","168"
"323","213652","20220927162000","440","0","花蓮縣","光復鄉","121.420","23.670","354"
"88","213675","20220927162000","79","1","花蓮縣","光復鄉","121.415","23.680","74"
"82","213820","20220927162000","70","1","花蓮縣","光復鄉","121.430","23.635","83"
"20","213864","20220927162000","129","0","雲林縣","四湖鄉","120.185","23.650","11"
"103","214415","20220927162000","49","3","花蓮縣","豐濱鄉","121.545","23.670","69"
"79","214424","20220927162000","65","2","花蓮縣","豐濱鄉","121.530","23.680","62"
"57","214495","20220927162000","54","1","花蓮縣","豐濱鄉","121.485","23.640","49"
"37","214506","20220927162000","149","0","雲林縣","四湖鄉","120.180","23.650","46"
"155","214521","20220927162000","28","3","雲林縣","四湖鄉","120.185","23.660","202"
"23","214544","20220927162000","165","0","雲林縣","四湖鄉","120.275","23.650","394"
"199","214550","20220927162000","246","0","雲林縣","元長鄉","120.275","23.660","141"
"333","214565","20220927162000","193","3","雲林縣","四湖鄉","120.200","23.640","354"
"110","214566","20220927162000","105","1","雲林縣","四湖鄉","120.205","23.640","87"
"201","214578","20220927162000","411","0","雲林縣","四湖鄉","120.220","23.615","199"
"72","214580","20220927162000","184","0","雲林縣","四湖鄉","120.170","23.640","71"
"211","214640","20220927162000","143","2","花蓮縣","光復鄉","121.450","23.655","226"
"183","214665","20220927162000","239","0","花蓮縣","光復鄉","121.405","23.625","198"
"164","214678","20220927162000","146","1","花蓮縣","光復鄉","121.415","23.645","166"
"19","214691","20220927162000","33","0","花蓮縣","光復鄉","121.415","23.655","24"
"25","214697","20220927162000","23","1","花蓮縣","光復鄉","121.410","23.660","41"
"288","214701","20220927162000","218","2","花蓮縣","光復鄉","121.430","23.665","319"
"369","214703","20220927162000","357","1","花蓮縣","光復鄉","121.425","23.670","387"
"612","214705","20220927162000","560","1","花蓮縣","光復鄉","121.420","23.665","654"
"160","214706","20220927162000","135","1","花蓮縣","光復鄉","121.425","23.665","162"
"379","214707","20220927162000","362","1","花蓮縣","光復鄉","121.450","23.660","382"
"390","214728","20220927162000","152","3","雲林縣","元長鄉","120.315","23.675","351"
"21","214731","20220927162000","131","0","雲林縣","元長鄉","120.310","23.680","18"
"54","214762","20220927162000","30","3","雲林縣","元長鄉","120.285","23.640","61"
"386","214797","20220927162000","366","1","雲林縣","元長鄉","120.375","23.645","405"
"172","214824","20220927162000","86","3","雲林縣","東勢鄉","120.260","23.665","163"
"77","214826","20220927162000","245","0","雲林縣","東勢鄉","120.250","23.670","85"
"18","214842","20220927162000","170","0","雲林縣","四湖鄉","120.150","23.625","37"
"48","214846","20220927162000","101","0","雲林縣","口湖鄉","120.155","23.630","15"
"443","214854","20220927162000","269","3","雲林縣","斗南鎮","120.440","23.685","434"
"657","214857","20220927162000","516","2","雲林縣","斗南鎮","120.485","23.685","556"
"135","214861","20220927162000","83","3","雲林縣","斗南鎮","120.490","23.640","143"
"359","214868","20220927162000","270","2","雲林縣","斗南鎮","120.430","23.670","368"
"267","214876","20220927162000","207","2","雲林縣","斗南鎮","120.445","23.675","267"
"1630","214886","20220927162000","966","3","雲林縣","斗南鎮","120.475","23.665","1584"
"46","214887","20220927162000","256","0","雲林縣","大埤鄉","120.455","23.670","33"
"248","214890","20220927162000","258","0","雲林縣","斗南鎮","120.470","23.670","251"
"2206","214891","20220927162000","1590","2","雲林縣","斗南鎮","120.475","23.670","2252"
"377","214896","20220927162000","434","0","雲林縣","斗南鎮","120.470","23.675","451"
"91","214922","20220927162000","77","1","南投縣","鹿谷鄉","120.790","23.670","60"
"145","214931","20220927162000","118","2","南投縣","鹿谷鄉","120.790","23.675","165"
"420","214932","20220927162000","228","3","南投縣","鹿谷鄉","120.800","23.670","527"
"261","214936","20220927162000","157","3","南投縣","鹿谷鄉","120.795","23.675","229"
"42","214937","20220927162000","122","0","南投縣","鹿谷鄉","120.800","23.675","35"
"302","214940","20220927162000","189","3","南投縣","鹿谷鄉","120.795","23.680","338"
"353","214967","20220927162000","504","0","雲林縣","斗南鎮","120.485","23.640","334"
"190","214975","20220927162000","177","1","雲林縣","斗南鎮","120.480","23.665","187"
"355","214978","20220927162000","189","3","雲林縣","斗南鎮","120.485","23.670","338"
"154","215001","20220927162000","365","0","雲林縣","土庫鎮","120.390","23.665","170"
"865","215006","20220927162000","552","3","雲林縣","土庫鎮","120.380","23.675","909"
"1406","215009","20220927162000","849","3","雲林縣","土庫鎮","120.390","23.680","1303"
"23","215011","20220927162000","64","0","雲林縣","土庫鎮","120.385","23.685","24"
"134","215012","20220927162000","182","0","雲林縣","土庫鎮","120.390","23.685","149"
"220","215013","20220927162000","156","2","雲林縣","土庫鎮","120.365","23.660","223"
"224","215017","20220927162000","198","1","雲林縣","土庫鎮","120.370","23.665","226"
"233","215022","20220927162000","179","2","雲林縣","土庫鎮","120.375","23.670","234"
"404","215044","20220927162000","298","2","雲林縣","元長鄉","120.335","23.615","402"
"398","215049","20220927162000","353","1","雲林縣","元長鄉","120.335","23.620","408"
"21","215053","20220927162000","156","0","雲林縣","元長鄉","120.280","23.655","19"
"57","215072","20220927162000","56","1","雲林縣","元長鄉","120.350","23.615","73"
"338","215075","20220927162000","276","2","雲林縣","元長鄉","120.340","23.635","351"
"120","215100","20220927162000","231","0","雲林縣","元長鄉","120.330","23.660","120"
"1096","215115","20220927162000","326","3","雲林縣","口湖鄉","120.165","23.615","867"
"202","215539","20220927162000","158","2","南投縣","信義鄉","120.865","23.625","194"
"102","215550","20220927162000","75","2","南投縣","信義鄉","120.895","23.630","122"
"99","215558","20220927162000","126","0","南投縣","信義鄉","120.880","23.635","103"
"249","215647","20220927162000","208","1","南投縣","信義鄉","120.860","23.665","246"
"40","215656","20220927162000","45","0","南投縣","信義鄉","120.855","23.670","31"
"120","216356","20220927162000","248","0","雲林縣","北港鎮","120.295","23.615","130"
"20","216361","20220927162000","14","2","雲林縣","斗南鎮","120.485","23.675","29"
"57","216367","20220927162000","56","1","雲林縣","斗南鎮","120.500","23.680","51"
"33","216370","20220927162000","262","0","雲林縣","斗南鎮","120.480","23.650","37"
"90","216372","20220927162000","68","2","雲林縣","斗南鎮","120.490","23.650","77"
"332","216377","20220927162000","366","0","雲林縣","斗南鎮","120.475","23.660","331"
"13","216386","20220927162000","11","1","雲林縣","元長鄉","120.335","23.630","13"
"148","216394","20220927162000","168","0","雲林縣","元長鄉","120.355","23.620","187"
"844","216409","20220927162000","638","2","雲林縣","元長鄉","120.360","23.640","850"
"121","216416","20220927162000","55","3","雲林縣","水林鄉","120.250","23.615","106"
"894","216421","20220927162000","661","2","雲林縣","斗南鎮","120.480","23.675","934"
"123","216424","20220927162000","74","3","雲林縣","斗南鎮","120.480","23.670","107"
"12","216438","20220927162000","12","1","雲林縣","斗六市","120.525","23.670","13"
"115","216439","20220927162000","59","3","雲林縣","斗六市","120.530","23.670","108"
"36","216451","20220927162000","31","1","雲林縣","斗六市","120.625","23.685","28"
"78","216459","20220927162000","299","0","雲林縣","土庫鎮","120.345","23.665","77"
"173","216478","20220927162000","74","3","雲林縣","水林鄉","120.260","23.620","157"
"122","216482","20220927162000","151","0","雲林縣","水林鄉","120.265","23.625","120"
"565","216488","20220927162000","405","2","雲林縣","斗南鎮","120.470","23.680","568"
"733","216489","20220927162000","726","1","雲林縣","斗南鎮","120.475","23.680","763"
"1367","216490","20220927162000","1254","1","雲林縣","斗南鎮","120.480","23.680","1403"
"114","216498","20220927162000","233","0","雲林縣","斗南鎮","120.515","23.645","92"
"371","216500","20220927162000","179","3","雲林縣","斗南鎮","120.505","23.650","350"
"221","216517","20220927162000","406","0","雲林縣","古坑鄉","120.540","23.660","223"
"78","216519","20220927162000","237","0","雲林縣","斗六市","120.525","23.665","66"
"120","216526","20220927162000","169","0","雲林縣","斗南鎮","120.465","23.685","102"
"24","216534","20220927162000","185","0","雲林縣","斗南鎮","120.535","23.650","29"
"72","216543","20220927162000","242","0","雲林縣","斗南鎮","120.505","23.665","81"
"17","216544","20220927162000","76","0","雲林縣","斗南鎮","120.495","23.670","21"
"235","216579","20220927162000","133","3","雲林縣","土庫鎮","120.345","23.660","249"
"264","216583","20220927162000","1062","0","雲林縣","土庫鎮","120.390","23.675","274"
"129","216589","20220927162000","355","0","雲林縣","土庫鎮","120.355","23.685","107"
"152","216595","20220927162000","304","0","雲林縣","大埤鄉","120.465","23.635","161"
"103","216597","20220927162000","316","0","雲林縣","大埤鄉","120.465","23.640","103"
"89","216607","20220927162000","239","0","雲林縣","大埤鄉","120.450","23.650","107"
"339","216617","20220927162000","265","2","南投縣","信義鄉","120.810","23.665","284"
"174","216682","20220927162000","96","3","南投縣","信義鄉","120.865","23.640","192"
"46","216694","20220927162000","43","1","南投縣","信義鄉","120.875","23.660","44"
"40","216718","20220927162000","178","0","雲林縣","古坑鄉","120.565","23.625","43"
"178","216737","20220927162000","800","0","雲林縣","古坑鄉","120.565","23.640","175"
"47","216744","20220927162000","198","0","雲林縣","古坑鄉","120.575","23.645","45"
"22","216747","20220927162000","94","0","雲林縣","古坑鄉","120.585","23.645","24"
"192","216754","20220927162000","503","0","雲林縣","古坑鄉","120.550","23.610","197"
"44","216766","20220927162000","145","0","雲林縣","古坑鄉","120.540","23.620","38"
"16","216791","20220927162000","32","0","雲林縣","古坑鄉","120.605","23.670","20"
"63","216800","20220927162000","193","0","雲林縣","古坑鄉","120.590","23.685","53"
"441","216807","20220927162000","354","2","雲林縣","古坑鄉","120.565","23.645","413"
"45","216821","20220927162000","23","3","雲林縣","古坑鄉","120.605","23.655","18"
"219","216832","20220927162000","243","0","雲林縣","古坑鄉","120.575","23.675","239"
"190","216841","20220927162000","524","0","雲林縣","古坑鄉","120.570","23.685","186"
"11","216850","20220927162000","11","1","雲林縣","古坑鄉","120.610","23.610","16"
"288","216889","20220927162000","175","3","雲林縣","古坑鄉","120.600","23.685","249"
"32","216891","20220927162000","188","0","雲林縣","古坑鄉","120.610","23.685","36"
"26","216893","20220927162000","24","1","雲林縣","古坑鄉","120.620","23.685","21"
"686","216901","20220927162000","280","3","雲林縣","古坑鄉","120.635","23.615","666"
"81","216906","20220927162000","74","1","雲林縣","古坑鄉","120.640","23.620","121"
"65","216928","20220927162000","334","0","雲林縣","古坑鄉","120.560","23.670","63"
"135","216932","20220927162000","181","0","雲林縣","古坑鄉","120.570","23.610","82"
"89","216938","20220927162000","46","3","雲林縣","古坑鄉","120.575","23.615","95"
"355","216939","20220927162000","124","3","雲林縣","古坑鄉","120.580","23.615","329"
"161","216944","20220927162000","513","0","雲林縣","古坑鄉","120.560","23.620","152"
"173","216948","20220927162000","98","3","雲林縣","古坑鄉","120.580","23.620","151"
"459","216990","20220927162000","542","0","嘉義縣","大林鎮","120.470","23.620","524"
"27","217001","20220927162000","63","0","嘉義縣","大林鎮","120.495","23.620","16"
"26","217013","20220927162000","144","0","嘉義縣","大林鎮","120.500","23.625","32"
"41","217022","20220927162000","15","3","嘉義縣","大林鎮","120.490","23.615","29"
"20","217030","20220927162000","190","0","嘉義縣","大林鎮","120.420","23.615","28"
"200","217035","20220927162000","654","0","嘉義縣","大林鎮","120.435","23.620","199"
"512","217047","20220927162000","460","1","嘉義縣","大林鎮","120.460","23.620","513"
"85","217057","20220927162000","267","0","雲林縣","大埤鄉","120.395","23.625","85"
"81","217065","20220927162000","159","0","雲林縣","大埤鄉","120.380","23.620","79"
"67","217073","20220927162000","186","0","雲林縣","大埤鄉","120.425","23.665","54"
"27","217076","20220927162000","20","2","雲林縣","大埤鄉","120.415","23.665","31"
"110","217087","20220927162000","334","0","雲林縣","大埤鄉","120.470","23.655","110"
"133","217105","20220927162000","390","0","雲林縣","古坑鄉","120.555","23.625","133"
"223","217110","20220927162000","215","1","雲林縣","古坑鄉","120.555","23.630","186"
"35","217112","20220927162000","121","0","雲林縣","古坑鄉","120.550","23.640","24"
"42","217135","20220927162000","13","3","雲林縣","土庫鎮","120.395","23.680","43"
"35","217149","20220927162000","42","0","雲林縣","古坑鄉","120.710","23.610","21"
"61","217196","20220927162000","43","2","雲林縣","古坑鄉","120.590","23.650","48"
"70","217209","20220927162000","241","0","雲林縣","古坑鄉","120.575","23.665","71"
"828","217221","20220927162000","344","3","雲林縣","古坑鄉","120.560","23.650","814"
"103","217222","20220927162000","105","0","雲林縣","古坑鄉","120.560","23.655","82"
"28","217230","20220927162000","71","0","雲林縣","古坑鄉","120.515","23.625","32"
"270","217236","20220927162000","248","1","雲林縣","古坑鄉","120.525","23.630","265"
"54","217239","20220927162000","116","0","雲林縣","古坑鄉","120.520","23.635","50"
"81","217259","20220927162000","52","3","雲林縣","大埤鄉","120.420","23.625","70"
"59","217266","20220927162000","334","0","雲林縣","大埤鄉","120.420","23.635","56"
"523","217403","20220927162000","330","3","嘉義縣","溪口鄉","120.410","23.615","564"
"299","217423","20220927162000","85","3","雲林縣","大埤鄉","120.410","23.640","323"
"341","217432","20220927162000","855","0","雲林縣","大埤鄉","120.430","23.645","315"
"58","217442","20220927162000","157","0","雲林縣","大埤鄉","120.415","23.660","76"
"398","217449","20220927162000","113","3","雲林縣","東勢鄉","120.300","23.680","373"
"150","217458","20220927162000","283","0","雲林縣","東勢鄉","120.265","23.675","126"
"292","217463","20220927162000","436","0","雲林縣","東勢鄉","120.255","23.685","244"
"189","217467","20220927162000","691","0","雲林縣","東勢鄉","120.255","23.675","198"
"123","217492","20220927162000","179","0","雲林縣","四湖鄉","120.155","23.650","107"
"38","217496","20220927162000","18","3","雲林縣","四湖鄉","120.150","23.655","48"
"77","217497","20220927162000","177","0","雲林縣","四湖鄉","120.155","23.655","88"
"225","217526","20220927162000","98","3","雲林縣","元長鄉","120.320","23.615","194"
"30","217532","20220927162000","403","0","雲林縣","元長鄉","120.320","23.625","29"
"135","217546","20220927162000","65","3","雲林縣","四湖鄉","120.190","23.620","128"
"27","217550","20220927162000","105","0","雲林縣","四湖鄉","120.185","23.625","35"
"289","217561","20220927162000","616","0","雲林縣","四湖鄉","120.230","23.635","266"
"186","217585","20220927162000","136","2","雲林縣","斗六市","120.525","23.675","174"
"170","217589","20220927162000","85","3","雲林縣","斗六市","120.520","23.680","164"
"176","217593","20220927162000","616","0","雲林縣","斗六市","120.510","23.685","165"
"63","217594","20220927162000","193","0","雲林縣","斗六市","120.515","23.685","69"
"415","217597","20220927162000","199","3","雲林縣","斗南鎮","120.470","23.630","389"
"43","217604","20220927162000","32","2","雲林縣","斗南鎮","120.480","23.640","50"
"256","217605","20220927162000","83","3","雲林縣","四湖鄉","120.140","23.620","259"
"129","217610","20220927162000","58","3","雲林縣","四湖鄉","120.150","23.630","159"
"20","217614","20220927162000","41","0","雲林縣","四湖鄉","120.155","23.635","13"
"1157","217637","20220927162000","659","3","雲林縣","口湖鄉","120.160","23.610","1106"
"35","217641","20220927162000","179","0","雲林縣","元長鄉","120.310","23.615","31"
"146","217646","20220927162000","418","0","雲林縣","元長鄉","120.305","23.625","126"
"405","217654","20220927162000","155","3","雲林縣","元長鄉","120.325","23.655","400"
"83","217663","20220927162000","250","0","雲林縣","元長鄉","120.315","23.640","87"
"605","217673","20220927162000","1524","0","雲林縣","元長鄉","120.315","23.650","598"
"79","217674","20220927162000","81","0","雲林縣","元長鄉","120.300","23.655","83"
"395","217701","20220927162000","331","1","雲林縣","斗六市","120.560","23.675","372"
"33","217703","20220927162000","54","0","雲林縣","斗六市","120.555","23.680","19"
"596","217705","20220927162000","205","3","雲林縣","古坑鄉","120.565","23.680","597"
"20","217707","20220927162000","166","0","雲林縣","斗六市","120.550","23.685","17"
"84","217708","20220927162000","107","0","雲林縣","斗六市","120.555","23.685","119"
"241","217711","20220927162000","636","0","雲林縣","斗六市","120.540","23.675","255"
"13","217712","20220927162000","83","0","雲林縣","斗六市","120.545","23.675","21"
"560","217716","20220927162000","373","3","雲林縣","斗六市","120.545","23.680","534"
"559","217718","20220927162000","399","2","雲林縣","斗六市","120.540","23.685","569"
"84","217728","20220927162000","395","0","雲林縣","大埤鄉","120.450","23.665","80"
"264","217747","20220927162000","165","3","雲林縣","四湖鄉","120.220","23.635","281"
"159","217753","20220927162000","441","0","雲林縣","四湖鄉","120.225","23.645","142"
"164","217774","20220927162000","412","0","雲林縣","四湖鄉","120.175","23.680","165"
"27","217781","20220927162000","131","0","雲林縣","口湖鄉","120.200","23.615","22"
"291","217799","20220927162000","145","3","雲林縣","四湖鄉","120.215","23.635","286"
"1055","217801","20220927162000","570","3","雲林縣","四湖鄉","120.225","23.635","1012"
"60","217817","20220927162000","129","0","雲林縣","虎尾鎮","120.405","23.680","68"
"88","217819","20220927162000","197","0","雲林縣","虎尾鎮","120.415","23.680","70"
"479","217821","20220927162000","388","2","雲林縣","虎尾鎮","120.410","23.685","489"
"156","217830","20220927162000","85","3","南投縣","竹山鎮","120.660","23.670","132"
"263","217842","20220927162000","703","0","雲林縣","大埤鄉","120.450","23.630","214"
"48","217845","20220927162000","294","0","雲林縣","大埤鄉","120.465","23.630","51"
"77","217877","20220927162000","154","0","雲林縣","大埤鄉","120.395","23.650","68"
"27","217883","20220927162000","145","0","雲林縣","大埤鄉","120.400","23.655","21"
"75","217899","20220927162000","147","0","南投縣","竹山鎮","120.670","23.670","65"
"15","217987","20220927162000","20","0","南投縣","竹山鎮","120.805","23.620","10"
"43","218026","20220927162000","75","0","南投縣","竹山鎮","120.800","23.625","34"
"238","218047","20220927162000","152","3","南投縣","竹山鎮","120.795","23.630","198"
"38","218070","20220927162000","20","3","南投縣","竹山鎮","120.795","23.635","32"
"217","218092","20220927162000","148","2","南投縣","竹山鎮","120.790","23.640","219"
"142","218153","20220927162000","266","0","南投縣","竹山鎮","120.765","23.655","112"
"83","218168","20220927162000","55","3","南投縣","竹山鎮","120.745","23.660","78"
"480","218218","20220927162000","461","1","南投縣","竹山鎮","120.760","23.675","437"
"113","218283","20220927162000","98","1","南投縣","竹山鎮","120.655","23.645","103"
"161","218348","20220927162000","123","2","南投縣","竹山鎮","120.665","23.650","158"
"156","218364","20220927162000","114","2","南投縣","竹山鎮","120.665","23.660","156"
"95","218386","20220927162000","165","0","雲林縣","台西鄉","120.225","23.680","35"
"114","218399","20220927162000","236","0","雲林縣","台西鄉","120.180","23.680","92"
"190","218413","20220927162000","185","1","雲林縣","台西鄉","120.210","23.665","106"
"86","219194","20220927162000","42","3","花蓮縣","豐濱鄉","121.555","23.695","55"
"315","222539","20220927162000","322","0","澎湖縣","白沙鄉","119.610","23.750","368"
"752","223474","20220927162000","546","2","花蓮縣","鳳林鎮","121.445","23.745","770"
"96","223481","20220927162000","50","3","花蓮縣","鳳林鎮","121.445","23.750","97"
"137","223503","20220927162000","142","0","花蓮縣","光復鄉","121.410","23.685","112"
"16","223515","20220927162000","13","2","花蓮縣","光復鄉","121.485","23.690","23"
"18","223582","20220927162000","21","0","花蓮縣","壽豐鄉","121.560","23.755","16"
"338","223610","20220927162000","240","2","雲林縣","二崙鄉","120.420","23.755","296"
"43","223616","20220927162000","49","0","雲林縣","二崙鄉","120.425","23.755","25"
"146","223971","20220927162000","95","3","花蓮縣","鳳林鎮","121.455","23.745","147"
"219","223986","20220927162000","174","2","花蓮縣","鳳林鎮","121.465","23.755","211"
"298","224005","20220927162000","263","1","花蓮縣","鳳林鎮","121.505","23.710","246"
"74","224077","20220927162000","58","2","花蓮縣","鳳林鎮","121.500","23.760","81"
"53","224149","20220927162000","54","0","花蓮縣","鳳林鎮","121.410","23.700","59"
"343","224179","20220927162000","497","0","花蓮縣","鳳林鎮","121.420","23.710","364"
"55","224210","20220927162000","28","3","花蓮縣","萬榮鄉","121.395","23.715","48"
"77","224212","20220927162000","71","1","花蓮縣","萬榮鄉","121.405","23.715","67"
"467","224231","20220927162000","315","2","花蓮縣","鳳林鎮","121.450","23.750","528"
"350","224245","20220927162000","307","1","花蓮縣","鳳林鎮","121.440","23.725","359"
"746","224262","20220927162000","905","0","花蓮縣","鳳林鎮","121.450","23.745","728"
"71","224270","20220927162000","353","0","雲林縣","土庫鎮","120.365","23.705","67"
"127","224272","20220927162000","217","0","雲林縣","土庫鎮","120.365","23.710","118"
"27","224301","20220927162000","62","0","雲林縣","二崙鄉","120.410","23.750","19"
"206","224441","20220927162000","103","3","花蓮縣","萬榮鄉","121.400","23.705","219"
"269","224591","20220927162000","234","1","花蓮縣","鳳林鎮","121.450","23.760","266"
"81","224688","20220927162000","70","1","花蓮縣","豐濱鄉","121.560","23.730","82"
"46","224707","20220927162000","112","0","雲林縣","二崙鄉","120.395","23.750","45"
"51","224725","20220927162000","62","0","雲林縣","元長鄉","120.330","23.690","40"
"258","224731","20220927162000","274","0","雲林縣","斗六市","120.565","23.730","317"
"1099","224732","20220927162000","605","3","雲林縣","斗六市","120.555","23.735","1059"
"14","224733","20220927162000","21","0","雲林縣","斗六市","120.560","23.735","18"
"335","224734","20220927162000","258","2","雲林縣","斗六市","120.565","23.735","439"
"657","224735","20220927162000","363","3","雲林縣","斗六市","120.550","23.740","630"
"60","224737","20220927162000","34","3","雲林縣","斗六市","120.560","23.740","45"
"148","224742","20220927162000","210","0","雲林縣","斗六市","120.560","23.745","161"
"78","224761","20220927162000","405","0","雲林縣","褒忠鄉","120.280","23.705","61"
"343","224763","20220927162000","174","3","雲林縣","東勢鄉","120.270","23.710","328"
"265","224805","20220927162000","144","3","雲林縣","東勢鄉","120.255","23.735","288"
"163","224806","20220927162000","155","1","雲林縣","斗南鎮","120.485","23.690","175"
"144","224834","20220927162000","152","0","南投縣","鹿谷鄉","120.795","23.690","117"
"57","224863","20220927162000","143","0","南投縣","鹿谷鄉","120.780","23.720","44"
"292","224872","20220927162000","187","3","南投縣","鹿谷鄉","120.745","23.760","268"
"198","224873","20220927162000","167","1","南投縣","鹿谷鄉","120.725","23.765","129"
"297","224875","20220927162000","337","0","南投縣","鹿谷鄉","120.735","23.765","276"
"472","224896","20220927162000","365","2","南投縣","鹿谷鄉","120.780","23.705","402"
"40","224917","20220927162000","155","0","雲林縣","土庫鎮","120.365","23.730","42"
"379","224920","20220927162000","272","2","雲林縣","土庫鎮","120.385","23.690","399"
"751","224923","20220927162000","267","3","雲林縣","土庫鎮","120.390","23.695","811"
"98","224936","20220927162000","283","0","南投縣","鹿谷鄉","120.770","23.730","80"
"355","224950","20220927162000","301","1","南投縣","鹿谷鄉","120.760","23.740","313"
"402","224951","20220927162000","366","1","南投縣","鹿谷鄉","120.765","23.740","415"
"243","224973","20220927162000","759","0","南投縣","鹿谷鄉","120.775","23.750","253"
"363","225062","20220927162000","321","1","南投縣","鹿谷鄉","120.755","23.725","310"
"18","225085","20220927162000","14","2","南投縣","鹿谷鄉","120.740","23.730","19"
"54","225138","20220927162000","67","0","南投縣","鹿谷鄉","120.820","23.720","37"
"362","225159","20220927162000","386","0","南投縣","鹿谷鄉","120.790","23.730","366"
"308","225192","20220927162000","376","0","南投縣","鹿谷鄉","120.755","23.745","297"
"757","225195","20220927162000","536","2","南投縣","鹿谷鄉","120.755","23.750","712"
"186","225196","20220927162000","157","1","南投縣","鹿谷鄉","120.745","23.755","190"
"1135","225206","20220927162000","880","2","雲林縣","麥寮鄉","120.185","23.760","569"
"359","225208","20220927162000","493","0","雲林縣","麥寮鄉","120.175","23.765","639"
"474","225215","20220927162000","588","0","雲林縣","斗六市","120.575","23.725","529"
"294","225247","20220927162000","235","2","南投縣","信義鄉","120.850","23.695","292"
"289","225254","20220927162000","211","2","南投縣","信義鄉","120.885","23.695","274"
"59","225259","20220927162000","155","0","南投縣","信義鄉","120.850","23.700","51"
"249","225307","20220927162000","188","2","南投縣","信義鄉","120.850","23.685","240"
"137","225309","20220927162000","116","1","南投縣","信義鄉","120.850","23.690","141"
"257","225972","20220927162000","193","2","雲林縣","斗南鎮","120.500","23.690","238"
"117","225977","20220927162000","688","0","雲林縣","斗南鎮","120.480","23.700","134"
"37","225978","20220927162000","281","0","雲林縣","斗南鎮","120.485","23.700","32"
"216","225980","20220927162000","253","0","雲林縣","斗南鎮","120.495","23.700","234"
"17","225985","20220927162000","17","1","雲林縣","斗南鎮","120.485","23.710","27"
"106","225991","20220927162000","352","0","雲林縣","斗六市","120.500","23.710","120"
"316","226020","20220927162000","129","3","南投縣","水里鄉","120.855","23.730","295"
"2953","226032","20220927162000","1064","3","雲林縣","斗六市","120.535","23.700","2975"
"1360","226033","20220927162000","654","3","雲林縣","斗六市","120.540","23.705","1262"
"703","226034","20220927162000","732","0","雲林縣","斗六市","120.555","23.710","693"
"1170","226037","20220927162000","1002","1","雲林縣","斗六市","120.555","23.715","1150"
"3721","226039","20220927162000","2420","3","雲林縣","斗六市","120.525","23.695","3819"
"1759","226040","20220927162000","628","3","雲林縣","斗六市","120.530","23.695","1803"
"2996","226042","20220927162000","1268","3","雲林縣","斗六市","120.535","23.705","3003"
"274","226047","20220927162000","94","3","雲林縣","斗六市","120.560","23.725","256"
"640","226050","20220927162000","354","3","雲林縣","斗六市","120.530","23.730","681"
"111","226056","20220927162000","293","0","雲林縣","斗六市","120.530","23.735","93"
"24","226057","20220927162000","27","0","雲林縣","斗六市","120.535","23.735","25"
"220","226058","20220927162000","236","0","雲林縣","斗六市","120.540","23.735","221"
"521","226062","20220927162000","469","1","雲林縣","斗六市","120.540","23.740","515"
"29","226065","20220927162000","26","1","雲林縣","斗六市","120.505","23.690","24"
"30","226070","20220927162000","19","3","雲林縣","斗六市","120.505","23.700","28"
"199","226075","20220927162000","224","0","雲林縣","斗六市","120.510","23.705","190"
"1404","226079","20220927162000","394","3","雲林縣","斗六市","120.525","23.690","1421"
"320","226080","20220927162000","467","0","雲林縣","斗六市","120.530","23.690","422"
"2032","226081","20220927162000","957","3","雲林縣","斗六市","120.535","23.690","2262"
"34","226082","20220927162000","500","0","雲林縣","斗六市","120.535","23.695","37"
"1212","226083","20220927162000","934","2","雲林縣","斗六市","120.595","23.710","1226"
"11","226085","20220927162000","156","0","雲林縣","斗六市","120.585","23.715","16"
"21","226086","20220927162000","61","0","雲林縣","斗六市","120.590","23.715","16"
"1273","226091","20220927162000","972","2","雲林縣","斗六市","120.595","23.715","1258"
"50","226098","20220927162000","54","0","雲林縣","斗六市","120.625","23.695","40"
"244","226124","20220927162000","213","1","雲林縣","斗六市","120.600","23.715","231"
"12","226125","20220927162000","22","0","雲林縣","斗六市","120.610","23.715","12"
"18","226131","20220927162000","29","0","雲林縣","斗六市","120.605","23.715","15"
"3299","226137","20220927162000","1754","3","雲林縣","斗六市","120.540","23.700","3249"
"357","226143","20220927162000","397","0","雲林縣","斗六市","120.505","23.715","328"
"935","226146","20220927162000","353","3","雲林縣","斗六市","120.525","23.715","920"
"1073","226149","20220927162000","830","2","雲林縣","斗六市","120.505","23.720","1003"
"407","226151","20220927162000","358","1","雲林縣","斗六市","120.515","23.720","422"
"1136","226153","20220927162000","499","3","雲林縣","斗六市","120.525","23.720","1086"
"1521","226159","20220927162000","1074","2","雲林縣","斗六市","120.520","23.725","1568"
"303","226168","20220927162000","864","0","雲林縣","土庫鎮","120.355","23.705","305"
"47","226173","20220927162000","456","0","雲林縣","斗南鎮","120.475","23.690","57"
"280","226174","20220927162000","270","1","雲林縣","斗南鎮","120.480","23.690","299"
"537","226175","20220927162000","402","2","雲林縣","斗南鎮","120.465","23.695","505"
"28","226182","20220927162000","126","0","雲林縣","崙背鄉","120.345","23.755","29"
"90","226190","20220927162000","345","0","雲林縣","崙背鄉","120.305","23.755","72"
"307","226206","20220927162000","142","3","雲林縣","土庫鎮","120.345","23.695","304"
"75","226232","20220927162000","389","0","南投縣","水里鄉","120.845","23.745","79"
"21","226258","20220927162000","45","0","雲林縣","虎尾鎮","120.460","23.700","17"
"410","226259","20220927162000","264","3","雲林縣","虎尾鎮","120.445","23.705","363"
"61","226261","20220927162000","338","0","雲林縣","虎尾鎮","120.455","23.705","398"
"1157","226263","20220927162000","941","2","雲林縣","虎尾鎮","120.450","23.710","1019"
"662","226265","20220927162000","480","2","雲林縣","虎尾鎮","120.445","23.710","704"
"188","226266","20220927162000","204","0","雲林縣","虎尾鎮","120.450","23.715","194"
"416","226267","20220927162000","203","3","雲林縣","虎尾鎮","120.415","23.715","435"
"134","226268","20220927162000","284","0","雲林縣","虎尾鎮","120.420","23.715","134"
"340","226277","20220927162000","277","2","雲林縣","虎尾鎮","120.420","23.725","369"
"1226","226286","20220927162000","1029","1","雲林縣","虎尾鎮","120.425","23.735","1143"
"658","226287","20220927162000","411","3","雲林縣","虎尾鎮","120.415","23.740","688"
"477","226291","20220927162000","425","1","雲林縣","斗六市","120.575","23.715","447"
"332","226293","20220927162000","429","0","雲林縣","斗六市","120.580","23.720","338"
"1190","226294","20220927162000","1210","0","雲林縣","斗六市","120.585","23.720","1159"
"831","226298","20220927162000","918","0","雲林縣","斗六市","120.585","23.725","838"
"61","226299","20220927162000","177","0","雲林縣","斗六市","120.590","23.725","61"
"394","226302","20220927162000","279","2","雲林縣","斗六市","120.590","23.730","411"
"135","226669","20220927162000","434","0","雲林縣","崙背鄉","120.380","23.750","106"
"73","226674","20220927162000","117","0","雲林縣","崙背鄉","120.385","23.755","63"
"383","226678","20220927162000","154","3","雲林縣","崙背鄉","120.375","23.760","333"
"400","226684","20220927162000","267","2","雲林縣","斗六市","120.560","23.695","396"
"152","226686","20220927162000","106","2","雲林縣","斗六市","120.555","23.700","135"
"207","226687","20220927162000","135","3","雲林縣","斗六市","120.560","23.700","167"
"314","226689","20220927162000","242","2","雲林縣","斗六市","120.560","23.705","322"
"346","226695","20220927162000","516","0","雲林縣","斗六市","120.575","23.700","341"
"45","226701","20220927162000","238","0","雲林縣","斗六市","120.605","23.700","51"
"17","226707","20220927162000","12","2","雲林縣","斗六市","120.600","23.705","13"
"1111","226714","20220927162000","789","2","雲林縣","虎尾鎮","120.430","23.715","1193"
"344","226715","20220927162000","510","0","雲林縣","虎尾鎮","120.440","23.715","356"
"17","226718","20220927162000","42","0","雲林縣","斗六市","120.570","23.690","29"
"103","226726","20220927162000","61","3","雲林縣","古坑鄉","120.605","23.695","108"
"206","226731","20220927162000","214","0","雲林縣","虎尾鎮","120.400","23.715","235"
"76","226733","20220927162000","287","0","雲林縣","虎尾鎮","120.410","23.715","72"
"364","226737","20220927162000","374","0","雲林縣","虎尾鎮","120.445","23.715","374"
"99","226738","20220927162000","73","2","雲林縣","虎尾鎮","120.445","23.720","116"
"583","226739","20220927162000","448","2","雲林縣","虎尾鎮","120.450","23.720","518"
"489","226749","20220927162000","296","3","雲林縣","東勢鄉","120.250","23.715","470"
"630","226761","20220927162000","441","2","雲林縣","莿桐鄉","120.500","23.750","737"
"557","226763","20220927162000","252","3","雲林縣","莿桐鄉","120.510","23.750","521"
"215","226767","20220927162000","882","0","雲林縣","莿桐鄉","120.500","23.760","219"
"87","226768","20220927162000","345","0","雲林縣","莿桐鄉","120.505","23.760","72"
"40","226770","20220927162000","25","3","雲林縣","莿桐鄉","120.500","23.765","57"
"37","226788","20220927162000","223","0","雲林縣","虎尾鎮","120.405","23.700","37"
"477","226802","20220927162000","259","3","雲林縣","虎尾鎮","120.460","23.710","494"
"89","226804","20220927162000","71","2","雲林縣","虎尾鎮","120.470","23.710","77"
"1014","226807","20220927162000","532","3","雲林縣","虎尾鎮","120.470","23.715","1062"
"185","226810","20220927162000","129","2","雲林縣","虎尾鎮","120.460","23.715","180"
"73","226820","20220927162000","178","0","雲林縣","東勢鄉","120.245","23.690","95"
"59","226824","20220927162000","111","0","雲林縣","斗六市","120.600","23.725","63"
"275","226828","20220927162000","246","1","雲林縣","林內鄉","120.595","23.735","249"
"118","226841","20220927162000","617","0","雲林縣","林內鄉","120.595","23.750","119"
"45","226857","20220927162000","238","0","雲林縣","林內鄉","120.635","23.755","70"
"1629","226870","20220927162000","858","3","雲林縣","林內鄉","120.610","23.755","1618"
"54","226877","20220927162000","243","0","雲林縣","林內鄉","120.615","23.765","54"
"116","226880","20220927162000","394","0","雲林縣","林內鄉","120.620","23.765","126"
"58","226886","20220927162000","313","0","雲林縣","林內鄉","120.615","23.760","67"
"33","226903","20220927162000","76","0","雲林縣","林內鄉","120.620","23.745","40"
"23","226920","20220927162000","78","0","雲林縣","林內鄉","120.625","23.720","25"
"130","226924","20220927162000","110","1","雲林縣","林內鄉","120.610","23.725","147"
"145","226957","20220927162000","340","0","雲林縣","林內鄉","120.590","23.760","149"
"1679","226964","20220927162000","1790","0","雲林縣","斗六市","120.555","23.705","1698"
"1817","226965","20220927162000","861","3","雲林縣","斗六市","120.530","23.715","1345"
"512","226966","20220927162000","386","2","雲林縣","斗六市","120.535","23.710","499"
"1403","226967","20220927162000","997","2","雲林縣","斗六市","120.535","23.715","1478"
"69","227221","20220927162000","29","3","雲林縣","斗六市","120.545","23.720","66"
"282","227224","20220927162000","151","3","雲林縣","斗六市","120.540","23.725","276"
"67","227240","20220927162000","141","0","雲林縣","東勢鄉","120.270","23.705","66"
"50","227244","20220927162000","182","0","雲林縣","東勢鄉","120.285","23.690","59"
"65","227262","20220927162000","227","0","雲林縣","東勢鄉","120.250","23.705","55"
"162","227268","20220927162000","99","3","雲林縣","西螺鎮","120.460","23.760","152"
"1176","227273","20220927162000","884","2","雲林縣","斗六市","120.545","23.715","1788"
"63","227274","20220927162000","68","0","雲林縣","斗六市","120.565","23.710","64"
"877","227276","20220927162000","717","2","雲林縣","斗六市","120.565","23.715","840"
"158","227279","20220927162000","164","0","雲林縣","斗六市","120.560","23.715","157"
"476","227280","20220927162000","483","0","雲林縣","斗六市","120.565","23.720","465"
"93","227287","20220927162000","336","0","雲林縣","土庫鎮","120.345","23.705","90"
"176","227301","20220927162000","113","3","雲林縣","斗六市","120.520","23.695","170"
"28","227302","20220927162000","40","0","雲林縣","斗六市","120.520","23.700","31"
"168","227303","20220927162000","335","0","雲林縣","斗六市","120.525","23.700","181"
"84","227306","20220927162000","1170","0","雲林縣","斗六市","120.530","23.705","84"
"36","227309","20220927162000","45","0","雲林縣","斗六市","120.525","23.710","33"
"15","227316","20220927162000","367","0","雲林縣","斗六市","120.515","23.715","19"
"45","227320","20220927162000","107","0","雲林縣","斗六市","120.565","23.695","46"
"1672","227328","20220927162000","1669","1","雲林縣","斗六市","120.540","23.710","1392"
"805","227329","20220927162000","557","2","雲林縣","斗六市","120.540","23.715","819"
"559","227330","20220927162000","610","0","雲林縣","斗六市","120.550","23.715","575"
"33","227339","20220927162000","296","0","雲林縣","斗六市","120.565","23.750","28"
"3638","227348","20220927162000","3024","2","雲林縣","斗六市","120.545","23.710","3478"
"1228","227349","20220927162000","1095","1","雲林縣","斗六市","120.540","23.690","1269"
"411","227350","20220927162000","1066","0","雲林縣","斗六市","120.550","23.710","399"
"125","227351","20220927162000","130","0","雲林縣","崙背鄉","120.360","23.755","105"
"129","227355","20220927162000","278","0","雲林縣","崙背鄉","120.370","23.755","126"
"823","227359","20220927162000","794","1","雲林縣","崙背鄉","120.350","23.760","826"
"184","227365","20220927162000","141","2","雲林縣","崙背鄉","120.330","23.750","158"
"93","227373","20220927162000","231","0","雲林縣","崙背鄉","120.315","23.755","534"
"31","227383","20220927162000","136","0","雲林縣","崙背鄉","120.335","23.760","22"
"180","227395","20220927162000","201","0","雲林縣","西螺鎮","120.435","23.755","172"
"212","227444","20220927162000","582","0","雲林縣","台西鄉","120.200","23.715","218"
"86","227446","20220927162000","66","2","雲林縣","台西鄉","120.210","23.715","81"
"381","227476","20220927162000","1263","0","雲林縣","台西鄉","120.200","23.700","364"
"465","227502","20220927162000","697","0","南投縣","竹山鎮","120.695","23.760","433"
"357","227503","20220927162000","416","0","南投縣","竹山鎮","120.685","23.765","372"
"78","227504","20220927162000","80","0","南投縣","竹山鎮","120.690","23.765","67"
"277","227505","20220927162000","210","2","南投縣","竹山鎮","120.695","23.765","286"
"57","227537","20220927162000","114","0","南投縣","竹山鎮","120.725","23.755","56"
"17","227540","20220927162000","39","0","南投縣","竹山鎮","120.710","23.760","22"
"128","227544","20220927162000","114","1","雲林縣","莿桐鄉","120.525","23.735","123"
"100","227559","20220927162000","510","0","雲林縣","莿桐鄉","120.505","23.730","133"
"35","227564","20220927162000","229","0","雲林縣","莿桐鄉","120.515","23.735","43"
"82","227570","20220927162000","283","0","雲林縣","莿桐鄉","120.515","23.740","85"
"22","227577","20220927162000","105","0","雲林縣","莿桐鄉","120.490","23.760","18"
"307","227581","20220927162000","271","1","雲林縣","虎尾鎮","120.435","23.720","328"
"277","227585","20220927162000","154","3","雲林縣","虎尾鎮","120.435","23.735","296"
"401","227588","20220927162000","210","3","雲林縣","虎尾鎮","120.435","23.690","387"
"485","227593","20220927162000","420","1","雲林縣","虎尾鎮","120.435","23.695","478"
"105","227603","20220927162000","346","0","雲林縣","土庫鎮","120.375","23.705","113"
"297","227604","20220927162000","129","3","雲林縣","虎尾鎮","120.380","23.705","288"
"497","227632","20220927162000","261","3","雲林縣","褒忠鄉","120.340","23.735","464"
"182","227636","20220927162000","594","0","南投縣","竹山鎮","120.680","23.750","670"
"531","227637","20220927162000","494","1","南投縣","竹山鎮","120.675","23.755","558"
"2273","227638","20220927162000","1988","1","南投縣","竹山鎮","120.680","23.755","2242"
"90","227639","20220927162000","90","1","南投縣","竹山鎮","120.685","23.755","88"
"82","227640","20220927162000","430","0","雲林縣","虎尾鎮","120.420","23.700","82"
"167","227642","20220927162000","127","2","雲林縣","虎尾鎮","120.420","23.705","159"
"429","227645","20220927162000","348","2","雲林縣","虎尾鎮","120.420","23.710","432"
"3239","227647","20220927162000","2640","2","雲林縣","虎尾鎮","120.435","23.710","3172"
"224","227655","20220927162000","184","2","雲林縣","褒忠鄉","120.310","23.720","192"
"210","227684","20220927162000","194","1","雲林縣","虎尾鎮","120.405","23.725","204"
"327","227697","20220927162000","139","3","雲林縣","虎尾鎮","120.395","23.735","364"
"371","227698","20220927162000","348","1","雲林縣","虎尾鎮","120.400","23.735","380"
"453","227706","20220927162000","399","1","雲林縣","虎尾鎮","120.405","23.740","422"
"1685","227716","20220927162000","1368","2","雲林縣","虎尾鎮","120.430","23.705","1719"
"794","227717","20220927162000","545","2","雲林縣","虎尾鎮","120.435","23.705","756"
"267","227722","20220927162000","157","3","雲林縣","崙背鄉","120.345","23.750","232"
"261","227728","20220927162000","626","0","雲林縣","崙背鄉","120.350","23.750","267"
"44","227730","20220927162000","372","0","雲林縣","崙背鄉","120.350","23.755","52"
"101","227733","20220927162000","98","1","雲林縣","虎尾鎮","120.400","23.710","105"
"563","227738","20220927162000","415","2","雲林縣","虎尾鎮","120.430","23.710","579"
"70","227741","20220927162000","225","0","雲林縣","斗南鎮","120.485","23.720","56"
"17","227744","20220927162000","15","1","雲林縣","虎尾鎮","120.485","23.725","17"
"468","227745","20220927162000","262","3","雲林縣","虎尾鎮","120.490","23.725","419"
"204","227748","20220927162000","124","3","雲林縣","虎尾鎮","120.480","23.730","185"
"1116","227763","20220927162000","643","3","雲林縣","虎尾鎮","120.440","23.710","1081"
"65","227766","20220927162000","471","0","雲林縣","虎尾鎮","120.390","23.705","64"
"406","227798","20220927162000","608","0","南投縣","竹山鎮","120.710","23.765","430"
"624","227807","20220927162000","658","0","南投縣","竹山鎮","120.700","23.765","625"
"271","227808","20220927162000","168","3","南投縣","竹山鎮","120.705","23.765","242"
"462","227840","20220927162000","561","0","南投縣","竹山鎮","120.685","23.760","468"
"173","227842","20220927162000","540","0","南投縣","竹山鎮","120.675","23.760","169"
"262","227852","20220927162000","161","3","南投縣","竹山鎮","120.650","23.705","212"
"46","227871","20220927162000","102","0","南投縣","竹山鎮","120.655","23.720","38"
"996","227882","20220927162000","617","3","雲林縣","虎尾鎮","120.430","23.700","966"
"226","227894","20220927162000","569","0","雲林縣","虎尾鎮","120.460","23.725","209"
"75","227907","20220927162000","211","0","雲林縣","虎尾鎮","120.465","23.740","69"
"1634","227921","20220927162000","1862","0","雲林縣","褒忠鄉","120.315","23.695","1626"
"107","227938","20220927162000","92","1","南投縣","竹山鎮","120.715","23.695","96"
"27","227947","20220927162000","29","0","南投縣","竹山鎮","120.715","23.705","26"
"19","227979","20220927162000","34","0","南投縣","竹山鎮","120.700","23.705","29"
"96","228012","20220927162000","281","0","雲林縣","褒忠鄉","120.285","23.700","88"
"1385","228016","20220927162000","661","3","雲林縣","褒忠鄉","120.315","23.710","1333"
"217","228047","20220927162000","124","3","南投縣","竹山鎮","120.665","23.755","193"
"557","228051","20220927162000","491","1","南投縣","竹山鎮","120.665","23.760","560"
"707","228091","20220927162000","314","3","雲林縣","台西鄉","120.215","23.740","732"
"289","228138","20220927162000","297","0","雲林縣","崙背鄉","120.295","23.760","244"
"49","228142","20220927162000","220","0","雲林縣","虎尾鎮","120.440","23.720","36"
"712","228151","20220927162000","186","3","雲林縣","麥寮鄉","120.260","23.750","704"
"775","228157","20220927162000","324","3","雲林縣","麥寮鄉","120.255","23.760","784"
"2237","228161","20220927162000","1538","2","雲林縣","斗六市","120.545","23.705","2201"
"251","228162","20220927162000","355","0","雲林縣","斗六市","120.550","23.705","284"
"123","228194","20220927162000","124","0","南投縣","竹山鎮","120.705","23.745","116"
"37","228199","20220927162000","33","1","南投縣","竹山鎮","120.700","23.750","49"
"476","228200","20220927162000","296","3","南投縣","竹山鎮","120.690","23.755","484"
"81","228205","20220927162000","63","2","南投縣","竹山鎮","120.680","23.745","75"
"164","228207","20220927162000","153","1","南投縣","竹山鎮","120.675","23.750","143"
"189","228209","20220927162000","484","0","雲林縣","台西鄉","120.210","23.720","193"
"1521","228228","20220927162000","718","3","雲林縣","台西鄉","120.220","23.720","1528"
"30","228231","20220927162000","17","3","雲林縣","台西鄉","120.215","23.700","17"
"145","228245","20220927162000","361","0","雲林縣","台西鄉","120.190","23.700","177"
"66","228266","20220927162000","166","0","雲林縣","麥寮鄉","120.260","23.745","62"
"560","228271","20220927162000","489","1","雲林縣","麥寮鄉","120.250","23.750","557"
"539","228272","20220927162000","1575","0","雲林縣","麥寮鄉","120.255","23.750","562"
"478","228274","20220927162000","259","3","雲林縣","麥寮鄉","120.265","23.750","474"
"78","228278","20220927162000","456","0","雲林縣","莿桐鄉","120.480","23.745","99"
"1059","228283","20220927162000","939","1","雲林縣","西螺鎮","120.465","23.755","1023"
"270","228312","20220927162000","791","0","雲林縣","麥寮鄉","120.240","23.750","222"
"171","228321","20220927162000","141","2","雲林縣","台西鄉","120.220","23.750","164"
"311","228335","20220927162000","273","1","雲林縣","虎尾鎮","120.420","23.690","324"
"164","228337","20220927162000","161","1","雲林縣","虎尾鎮","120.425","23.695","182"
"2907","228338","20220927162000","2153","2","雲林縣","虎尾鎮","120.425","23.700","2946"
"55","228340","20220927162000","606","0","雲林縣","虎尾鎮","120.425","23.710","64"
"52","228375","20220927162000","84","0","南投縣","竹山鎮","120.665","23.725","39"
"49","228395","20220927162000","100","0","南投縣","竹山鎮","120.690","23.725","48"
"210","228399","20220927162000","111","3","南投縣","竹山鎮","120.710","23.725","178"
"41","228402","20220927162000","147","0","南投縣","竹山鎮","120.690","23.730","38"
"226","228415","20220927162000","1011","0","南投縣","竹山鎮","120.680","23.760","238"
"539","228711","20220927162000","526","1","雲林縣","麥寮鄉","120.170","23.770","664"
"426","230307","20220927162000","726","0","雲林縣","麥寮鄉","120.180","23.795","461"
"81","232186","20220927162000","38","3","花蓮縣","壽豐鄉","121.585","23.825","64"
"127","233034","20220927162000","92","2","花蓮縣","壽豐鄉","121.565","23.780","124"
"17","233064","20220927162000","16","1","花蓮縣","壽豐鄉","121.570","23.800","25"
"93","233104","20220927162000","59","3","花蓮縣","壽豐鄉","121.460","23.810","113"
"337","233119","20220927162000","232","2","花蓮縣","壽豐鄉","121.475","23.815","273"
"172","233140","20220927162000","166","1","花蓮縣","壽豐鄉","121.480","23.825","228"
"474","233238","20220927162000","546","0","花蓮縣","壽豐鄉","121.515","23.840","492"
"19","233277","20220927162000","15","2","花蓮縣","壽豐鄉","121.590","23.840","23"
"67","233282","20220927162000","102","0","雲林縣","二崙鄉","120.420","23.815","44"
"23","234003","20220927162000","24","0","花蓮縣","鳳林鎮","121.475","23.795","24"
"173","234014","20220927162000","175","0","花蓮縣","鳳林鎮","121.455","23.800","165"
"218","234015","20220927162000","105","3","花蓮縣","鳳林鎮","121.460","23.800","293"
"130","234031","20220927162000","25","3","花蓮縣","鳳林鎮","121.465","23.805","69"
"291","234042","20220927162000","246","1","花蓮縣","萬榮鄉","121.445","23.810","299"
"1183","234074","20220927162000","1233","0","雲林縣","二崙鄉","120.415","23.770","1103"
"40","234106","20220927162000","143","0","雲林縣","二崙鄉","120.410","23.815","40"
"70","234119","20220927162000","16","3","雲林縣","二崙鄉","120.415","23.795","65"
"101","234120","20220927162000","313","0","雲林縣","二崙鄉","120.420","23.795","84"
"488","234127","20220927162000","334","2","雲林縣","二崙鄉","120.385","23.795","477"
"370","234130","20220927162000","249","2","雲林縣","二崙鄉","120.380","23.800","398"
"434","234162","20220927162000","222","3","雲林縣","二崙鄉","120.395","23.820","438"
"257","234274","20220927162000","150","3","花蓮縣","鳳林鎮","121.460","23.780","250"
"92","234277","20220927162000","70","2","花蓮縣","鳳林鎮","121.460","23.785","123"
"77","234283","20220927162000","386","0","雲林縣","二崙鄉","120.410","23.805","103"
"30","234324","20220927162000","120","0","雲林縣","二崙鄉","120.395","23.765","32"
"56","234338","20220927162000","366","0","雲林縣","二崙鄉","120.365","23.805","66"
"241","234386","20220927162000","573","0","雲林縣","二崙鄉","120.395","23.790","255"
"982","234401","20220927162000","472","3","雲林縣","西螺鎮","120.470","23.795","975"
"331","234404","20220927162000","271","2","雲林縣","西螺鎮","120.470","23.800","284"
"267","234406","20220927162000","216","2","雲林縣","西螺鎮","120.480","23.800","259"
"1692","234413","20220927162000","1021","3","雲林縣","西螺鎮","120.450","23.785","1708"
"447","234424","20220927162000","253","3","雲林縣","麥寮鄉","120.270","23.770","411"
"609","234432","20220927162000","293","3","雲林縣","麥寮鄉","120.265","23.780","658"
"146","234453","20220927162000","26","3","雲林縣","麥寮鄉","120.235","23.790","135"
"139","234454","20220927162000","378","0","雲林縣","麥寮鄉","120.240","23.790","105"
"1896","234481","20220927162000","1420","2","南投縣","水里鄉","120.855","23.815","1910"
"149","234482","20220927162000","100","2","南投縣","水里鄉","120.860","23.815","187"
"32","234513","20220927162000","238","0","雲林縣","西螺鎮","120.485","23.785","29"
"299","234539","20220927162000","240","2","雲林縣","西螺鎮","120.450","23.775","308"
"1254","234540","20220927162000","816","3","雲林縣","西螺鎮","120.445","23.780","1237"
"19","234570","20220927162000","34","0","南投縣","鹿谷鄉","120.740","23.775","22"
"274","234591","20220927162000","213","2","南投縣","水里鄉","120.845","23.820","288"
"204","234630","20220927162000","176","1","南投縣","水里鄉","120.930","23.795","203"
"168","234678","20220927162000","685","0","南投縣","水里鄉","120.850","23.815","165"
"205","234703","20220927162000","186","1","南投縣","水里鄉","120.845","23.775","207"
"502","234721","20220927162000","297","3","彰化縣","溪州鄉","120.515","23.815","451"
"227","234765","20220927162000","112","3","南投縣","鹿谷鄉","120.785","23.790","186"
"21","234802","20220927162000","123","0","南投縣","鹿谷鄉","120.785","23.805","23"
"38","234826","20220927162000","43","0","南投縣","鹿谷鄉","120.785","23.765","55"
"70","234843","20220927162000","47","2","南投縣","鹿谷鄉","120.775","23.775","64"
"247","234859","20220927162000","88","3","南投縣","鹿谷鄉","120.775","23.785","223"
"349","234881","20220927162000","331","1","雲林縣","麥寮鄉","120.195","23.775","400"
"307","234888","20220927162000","373","0","雲林縣","麥寮鄉","120.180","23.785","359"
"212","234892","20220927162000","443","0","雲林縣","麥寮鄉","120.200","23.785","207"
"868","234900","20220927162000","760","1","雲林縣","麥寮鄉","120.205","23.790","844"
"1605","234906","20220927162000","791","3","雲林縣","麥寮鄉","120.260","23.790","1612"
"2603","234915","20220927162000","1950","2","雲林縣","麥寮鄉","120.220","23.795","2638"
"639","234934","20220927162000","229","3","雲林縣","麥寮鄉","120.230","23.795","676"
"1316","234937","20220927162000","586","3","雲林縣","麥寮鄉","120.245","23.795","1258"
"117","234945","20220927162000","93","2","雲林縣","麥寮鄉","120.190","23.800","102"
"450","234949","20220927162000","346","2","雲林縣","麥寮鄉","120.210","23.800","409"
"1377","234952","20220927162000","1137","2","雲林縣","麥寮鄉","120.225","23.800","1451"
"288","234961","20220927162000","179","3","雲林縣","麥寮鄉","120.270","23.800","339"
"351","234965","20220927162000","294","1","雲林縣","麥寮鄉","120.195","23.805","296"
"702","234967","20220927162000","777","0","雲林縣","麥寮鄉","120.205","23.805","698"
"730","234997","20220927162000","872","0","雲林縣","麥寮鄉","120.215","23.815","742"
"22","235214","20220927162000","18","2","南投縣","信義鄉","120.980","23.785","22"
"93","235228","20220927162000","231","0","雲林縣","崙背鄉","120.350","23.775","90"
"214","235235","20220927162000","100","3","雲林縣","崙背鄉","120.345","23.785","243"
"39","235239","20220927162000","276","0","雲林縣","崙背鄉","120.350","23.790","30"
"905","235274","20220927162000","691","2","南投縣","水里鄉","120.850","23.810","908"
"376","235297","20220927162000","327","1","彰化縣","溪州鄉","120.505","23.815","398"
"884","235309","20220927162000","695","2","彰化縣","溪州鄉","120.540","23.830","843"
"469","235350","20220927162000","414","1","彰化縣","溪州鄉","120.490","23.830","448"
"341","235352","20220927162000","225","3","彰化縣","溪州鄉","120.475","23.835","339"
"543","235362","20220927162000","325","3","彰化縣","溪州鄉","120.480","23.845","511"
"701","235370","20220927162000","215","3","彰化縣","溪州鄉","120.500","23.840","207"
"582","235385","20220927162000","293","3","雲林縣","崙背鄉","120.325","23.780","538"
"322","235405","20220927162000","203","3","南投縣","水里鄉","120.865","23.795","300"
"644","235409","20220927162000","573","1","南投縣","水里鄉","120.860","23.800","671"
"48","235459","20220927162000","319","0","南投縣","水里鄉","120.825","23.810","58"
"49","235490","20220927162000","259","0","南投縣","水里鄉","120.865","23.835","58"
"125","235505","20220927162000","59","3","南投縣","水里鄉","120.870","23.845","117"
"67","235509","20220927162000","313","0","南投縣","名間鄉","120.635","23.835","85"
"30","235515","20220927162000","511","0","南投縣","名間鄉","120.705","23.820","38"
"202","235521","20220927162000","214","0","南投縣","名間鄉","120.715","23.830","196"
"1161","235523","20220927162000","1107","1","南投縣","名間鄉","120.705","23.835","1193"
"177","235527","20220927162000","119","2","南投縣","名間鄉","120.725","23.835","158"
"32","235539","20220927162000","161","0","南投縣","名間鄉","120.665","23.820","30"
"422","235555","20220927162000","324","2","南投縣","集集鎮","120.795","23.825","385"
"103","235556","20220927162000","327","0","南投縣","集集鎮","120.795","23.830","100"
"45","235703","20220927162000","53","0","南投縣","信義鄉","120.915","23.785","32"
"220","235812","20220927162000","198","1","南投縣","信義鄉","120.940","23.795","257"
"35","236275","20220927162000","195","0","南投縣","名間鄉","120.660","23.835","52"
"377","236286","20220927162000","295","2","南投縣","名間鄉","120.655","23.845","359"
"67","236299","20220927162000","107","0","南投縣","名間鄉","120.695","23.810","65"
"143","236318","20220927162000","67","3","彰化縣","二水鄉","120.635","23.830","156"
"439","236322","20220927162000","335","2","南投縣","名間鄉","120.630","23.840","490"
"59","236329","20220927162000","267","0","彰化縣","溪州鄉","120.515","23.830","72"
"116","236334","20220927162000","89","2","彰化縣","溪州鄉","120.520","23.835","112"
"200","236374","20220927162000","162","2","彰化縣","溪州鄉","120.580","23.820","213"
"199","236389","20220927162000","225","0","彰化縣","溪州鄉","120.470","23.830","202"
"279","236394","20220927162000","304","0","南投縣","名間鄉","120.695","23.835","283"
"40","236405","20220927162000","528","0","南投縣","名間鄉","120.700","23.835","55"
"101","236406","20220927162000","39","3","彰化縣","二水鄉","120.650","23.810","84"
"64","236410","20220927162000","191","0","南投縣","名間鄉","120.645","23.820","61"
"206","236415","20220927162000","96","3","南投縣","名間鄉","120.655","23.830","193"
"553","236419","20220927162000","181","3","彰化縣","大城鄉","120.345","23.845","582"
"267","236421","20220927162000","208","2","彰化縣","大城鄉","120.300","23.840","244"
"440","236449","20220927162000","275","3","彰化縣","溪州鄉","120.565","23.815","434"
"276","236455","20220927162000","207","2","彰化縣","溪州鄉","120.560","23.830","293"
"62","236462","20220927162000","287","0","雲林縣","莿桐鄉","120.540","23.765","55"
"53","236463","20220927162000","211","0","雲林縣","莿桐鄉","120.530","23.770","45"
"28","236470","20220927162000","168","0","南投縣","名間鄉","120.630","23.845","24"
"130","236472","20220927162000","110","1","南投縣","名間鄉","120.640","23.845","117"
"361","236479","20220927162000","244","2","南投縣","名間鄉","120.690","23.845","381"
"484","236481","20220927162000","329","2","南投縣","名間鄉","120.700","23.845","448"
"132","236492","20220927162000","505","0","雲林縣","林內鄉","120.610","23.770","118"
"274","236494","20220927162000","167","3","雲林縣","林內鄉","120.610","23.775","265"
"155","236509","20220927162000","419","0","雲林縣","林內鄉","120.625","23.775","175"
"88","236557","20220927162000","257","0","南投縣","集集鎮","120.800","23.825","106"
"33","236558","20220927162000","188","0","南投縣","集集鎮","120.805","23.825","25"
"33","236563","20220927162000","185","0","南投縣","集集鎮","120.765","23.820","30"
"41","236573","20220927162000","91","0","南投縣","集集鎮","120.770","23.845","47"
"207","236578","20220927162000","344","0","南投縣","集集鎮","120.815","23.825","226"
"501","236593","20220927162000","1078","0","南投縣","集集鎮","120.785","23.825","456"
"292","236635","20220927162000","202","2","彰化縣","大城鄉","120.350","23.835","291"
"365","236679","20220927162000","220","3","彰化縣","大城鄉","120.275","23.845","388"
"226","236695","20220927162000","174","2","南投縣","信義鄉","120.905","23.770","221"
"69","236721","20220927162000","353","0","彰化縣","二水鄉","120.615","23.810","54"
"1239","236741","20220927162000","259","3","雲林縣","莿桐鄉","120.500","23.780","1167"
"306","236758","20220927162000","173","3","彰化縣","二水鄉","120.630","23.830","427"
"297","236765","20220927162000","437","0","彰化縣","二水鄉","120.610","23.815","308"
"671","236771","20220927162000","342","3","彰化縣","二水鄉","120.635","23.795","690"
"21","236772","20220927162000","28","0","彰化縣","二水鄉","120.640","23.795","22"
"3147","236781","20220927162000","1318","3","雲林縣","西螺鎮","120.440","23.780","3227"
"317","236785","20220927162000","273","1","雲林縣","西螺鎮","120.430","23.790","296"
"636","236786","20220927162000","156","3","雲林縣","西螺鎮","120.435","23.790","636"
"33","236796","20220927162000","148","0","彰化縣","二水鄉","120.640","23.805","33"
"80","236801","20220927162000","266","0","彰化縣","二水鄉","120.605","23.825","37"
"338","236814","20220927162000","995","0","彰化縣","二水鄉","120.620","23.810","355"
"338","237024","20220927162000","362","0","雲林縣","莿桐鄉","120.515","23.775","321"
"402","237025","20220927162000","222","3","雲林縣","莿桐鄉","120.520","23.775","380"
"1289","237039","20220927162000","372","3","雲林縣","西螺鎮","120.435","23.800","1284"
"1196","237048","20220927162000","358","3","雲林縣","西螺鎮","120.440","23.810","1210"
"451","237053","20220927162000","280","3","雲林縣","西螺鎮","120.465","23.795","493"
"1047","237054","20220927162000","1225","0","雲林縣","西螺鎮","120.465","23.800","995"
"14","237056","20220927162000","171","0","雲林縣","西螺鎮","120.465","23.765","18"
"1400","237062","20220927162000","983","2","雲林縣","西螺鎮","120.475","23.785","1410"
"282","237066","20220927162000","112","3","雲林縣","西螺鎮","120.475","23.765","254"
"103","237068","20220927162000","515","0","雲林縣","西螺鎮","120.460","23.795","97"
"862","237069","20220927162000","1005","0","雲林縣","西螺鎮","120.460","23.800","883"
"1682","237075","20220927162000","474","3","雲林縣","西螺鎮","120.440","23.800","1708"
"336","237076","20220927162000","199","3","雲林縣","西螺鎮","120.455","23.790","345"
"249","237078","20220927162000","1989","0","雲林縣","西螺鎮","120.455","23.800","238"
"19","237081","20220927162000","112","0","彰化縣","二水鄉","120.635","23.810","17"
"11","237089","20220927162000","12","0","彰化縣","二水鄉","120.640","23.800","11"
"47","237103","20220927162000","227","0","彰化縣","二水鄉","120.630","23.800","57"
"90","237115","20220927162000","77","1","彰化縣","二水鄉","120.655","23.800","92"
"444","237141","20220927162000","211","3","雲林縣","崙背鄉","120.325","23.795","460"
"162","237147","20220927162000","151","1","雲林縣","崙背鄉","120.340","23.800","147"
"115","237182","20220927162000","96","1","雲林縣","崙背鄉","120.310","23.790","103"
"131","237186","20220927162000","147","0","雲林縣","崙背鄉","120.305","23.795","147"
"39","237187","20220927162000","31","2","雲林縣","崙背鄉","120.310","23.795","30"
"688","237189","20220927162000","318","3","雲林縣","麥寮鄉","120.295","23.800","438"
"78","237228","20220927162000","49","3","彰化縣","田中鎮","120.605","23.845","83"
"25","237236","20220927162000","29","0","彰化縣","溪州鄉","120.455","23.825","29"
"28","237241","20220927162000","211","0","彰化縣","竹塘鄉","120.445","23.835","28"
"106","237255","20220927162000","402","0","雲林縣","莿桐鄉","120.565","23.775","124"
"59","237256","20220927162000","160","0","雲林縣","莿桐鄉","120.570","23.775","56"
"322","237302","20220927162000","152","3","雲林縣","莿桐鄉","120.550","23.765","280"
"36","237358","20220927162000","201","0","南投縣","竹山鎮","120.680","23.770","44"
"204","237361","20220927162000","269","0","南投縣","竹山鎮","120.680","23.775","202"
"61","237386","20220927162000","252","0","南投縣","竹山鎮","120.650","23.770","49"
"334","237414","20220927162000","228","2","南投縣","竹山鎮","120.730","23.815","272"
"367","237424","20220927162000","304","2","南投縣","竹山鎮","120.715","23.765","301"
"129","237434","20220927162000","611","0","南投縣","竹山鎮","120.705","23.780","130"
"201","237436","20220927162000","192","1","南投縣","竹山鎮","120.715","23.780","225"
"61","237453","20220927162000","340","0","南投縣","竹山鎮","120.695","23.770","66"
"16","237456","20220927162000","72","0","南投縣","竹山鎮","120.695","23.775","15"
"29","237489","20220927162000","170","0","彰化縣","竹塘鄉","120.400","23.845","33"
"63","237498","20220927162000","413","0","雲林縣","麥寮鄉","120.240","23.770","71"
"168","237499","20220927162000","83","3","雲林縣","麥寮鄉","120.245","23.770","154"
"57","237516","20220927162000","258","0","雲林縣","崙背鄉","120.355","23.765","46"
"162","237531","20220927162000","83","3","南投縣","竹山鎮","120.750","23.815","158"
"1186","237559","20220927162000","741","3","南投縣","竹山鎮","120.715","23.800","1107"
"160","237593","20220927162000","138","1","南投縣","魚池鄉","120.895","23.835","154"
"146","237595","20220927162000","237","0","南投縣","魚池鄉","120.905","23.835","145"
"509","237603","20220927162000","525","0","南投縣","竹山鎮","120.715","23.805","512"
"268","237607","20220927162000","147","3","南投縣","竹山鎮","120.730","23.810","303"
"433","237611","20220927162000","305","2","南投縣","竹山鎮","120.725","23.810","400"
"402","237614","20220927162000","670","0","南投縣","竹山鎮","120.720","23.815","389"
"14","237626","20220927162000","22","0","南投縣","魚池鄉","120.915","23.835","24"
"14","237638","20220927162000","14","1","南投縣","魚池鄉","120.915","23.845","30"
"99","237670","20220927162000","101","0","南投縣","魚池鄉","120.885","23.820","152"
"556","237685","20220927162000","332","3","雲林縣","麥寮鄉","120.290","23.765","532"
"249","237741","20220927162000","71","3","南投縣","集集鎮","120.760","23.830","245"
"24","237745","20220927162000","186","0","南投縣","集集鎮","120.760","23.835","23"
"14","237757","20220927162000","29","0","南投縣","集集鎮","120.815","23.835","14"
"79","237775","20220927162000","162","0","南投縣","集集鎮","120.750","23.840","81"
"108","237785","20220927162000","234","0","南投縣","集集鎮","120.745","23.830","95"
"51","237788","20220927162000","28","3","南投縣","集集鎮","120.740","23.835","44"
"72","237801","20220927162000","225","0","南投縣","集集鎮","120.780","23.825","81"
"241","237819","20220927162000","111","3","雲林縣","莿桐鄉","120.505","23.765","269"
"1720","237833","20220927162000","450","3","雲林縣","西螺鎮","120.480","23.770","1745"
"339","237848","20220927162000","286","1","雲林縣","麥寮鄉","120.290","23.795","479"
"1541","237860","20220927162000","1120","2","雲林縣","麥寮鄉","120.275","23.795","1674"
"273","237864","20220927162000","287","0","雲林縣","麥寮鄉","120.280","23.795","443"
"18","237872","20220927162000","124","0","彰化縣","田中鎮","120.560","23.845","19"
"190","237874","20220927162000","163","1","彰化縣","田中鎮","120.570","23.845","195"
"99","237878","20220927162000","81","2","彰化縣","田中鎮","120.580","23.840","129"
"330","237881","20220927162000","292","1","彰化縣","田中鎮","120.595","23.840","260"
"108","237884","20220927162000","499","0","彰化縣","田中鎮","120.595","23.845","100"
"231","237895","20220927162000","143","3","彰化縣","田中鎮","120.595","23.830","213"
"147","237900","20220927162000","319","0","雲林縣","莿桐鄉","120.535","23.775","147"
"67","240440","20220927162000","97","0","花蓮縣","壽豐鄉","121.605","23.885","73"
"245","242904","20220927162000","183","2","花蓮縣","秀林鄉","121.500","23.920","249"
"210","242957","20220927162000","167","2","花蓮縣","壽豐鄉","121.530","23.865","214"
"284","242963","20220927162000","283","1","花蓮縣","壽豐鄉","121.525","23.870","383"
"1034","242988","20220927162000","885","1","花蓮縣","壽豐鄉","121.510","23.870","1043"
"678","243010","20220927162000","655","1","花蓮縣","壽豐鄉","121.520","23.890","715"
"19","243014","20220927162000","81","0","花蓮縣","壽豐鄉","121.540","23.890","18"
"397","243023","20220927162000","599","0","花蓮縣","壽豐鄉","121.555","23.895","375"
"346","243053","20220927162000","288","2","花蓮縣","壽豐鄉","121.535","23.895","339"
"341","243054","20220927162000","441","0","花蓮縣","壽豐鄉","121.540","23.895","362"
"1208","243055","20220927162000","813","2","花蓮縣","壽豐鄉","121.545","23.895","1180"
"209","243057","20220927162000","207","1","花蓮縣","壽豐鄉","121.530","23.895","204"
"432","243065","20220927162000","321","2","花蓮縣","壽豐鄉","121.530","23.900","435"
"446","243069","20220927162000","530","0","花蓮縣","壽豐鄉","121.550","23.900","420"
"769","243073","20220927162000","681","1","花蓮縣","壽豐鄉","121.530","23.905","699"
"256","243089","20220927162000","167","3","花蓮縣","壽豐鄉","121.520","23.915","242"
"73","243103","20220927162000","44","3","花蓮縣","壽豐鄉","121.550","23.920","89"
"65","243143","20220927162000","53","2","花蓮縣","壽豐鄉","121.555","23.865","52"
"69","243149","20220927162000","81","0","花蓮縣","壽豐鄉","121.555","23.870","75"
"85","243164","20220927162000","95","0","花蓮縣","壽豐鄉","121.585","23.880","74"
"44","243184","20220927162000","93","0","花蓮縣","壽豐鄉","121.595","23.905","39"
"61","243230","20220927162000","93","0","花蓮縣","壽豐鄉","121.520","23.845","49"
"447","243249","20220927162000","433","1","花蓮縣","壽豐鄉","121.495","23.850","501"
"377","243255","20220927162000","388","0","花蓮縣","壽豐鄉","121.490","23.855","410"
"97","243262","20220927162000","110","0","花蓮縣","壽豐鄉","121.485","23.855","93"
"132","243315","20220927162000","97","2","花蓮縣","壽豐鄉","121.600","23.870","111"
"68","243324","20220927162000","49","2","花蓮縣","壽豐鄉","121.590","23.885","63"
"251","243336","20220927162000","244","1","花蓮縣","壽豐鄉","121.600","23.900","229"
"159","243338","20220927162000","204","0","花蓮縣","壽豐鄉","121.600","23.905","212"
"265","243339","20220927162000","159","3","花蓮縣","壽豐鄉","121.605","23.905","235"
"738","243392","20220927162000","759","0","彰化縣","二林鎮","120.360","23.895","679"
"1192","243393","20220927162000","742","3","彰化縣","二林鎮","120.370","23.900","1180"
"281","243406","20220927162000","249","1","彰化縣","二林鎮","120.390","23.865","263"
"114","243422","20220927162000","125","0","彰化縣","二林鎮","120.415","23.910","126"
"409","243424","20220927162000","355","1","彰化縣","二林鎮","120.425","23.910","413"
"349","243439","20220927162000","421","0","彰化縣","二林鎮","120.360","23.865","392"
"384","243447","20220927162000","289","2","彰化縣","二林鎮","120.360","23.880","395"
"693","243770","20220927162000","447","3","彰化縣","二林鎮","120.365","23.890","625"
"533","243772","20220927162000","794","0","彰化縣","二林鎮","120.370","23.895","544"
"665","243777","20220927162000","453","2","彰化縣","二林鎮","120.425","23.895","737"
"293","243783","20220927162000","344","0","彰化縣","二林鎮","120.365","23.900","270"
"366","243796","20220927162000","392","0","彰化縣","二林鎮","120.440","23.875","388"
"109","243827","20220927162000","104","1","南投縣","水里鄉","120.865","23.905","120"
"424","243861","20220927162000","105","3","彰化縣","大城鄉","120.325","23.860","422"
"1486","243867","20220927162000","1209","2","彰化縣","大城鄉","120.320","23.850","1436"
"428","243900","20220927162000","848","0","彰化縣","埤頭鄉","120.470","23.915","418"
"298","243909","20220927162000","149","3","彰化縣","埤頭鄉","120.460","23.925","318"
"102","243970","20220927162000","56","3","南投縣","中寮鄉","120.800","23.905","106"
"31","244008","20220927162000","148","0","南投縣","中寮鄉","120.805","23.925","34"
"303","244044","20220927162000","134","3","南投縣","中寮鄉","120.750","23.895","303"
"113","244051","20220927162000","73","3","南投縣","中寮鄉","120.765","23.900","99"
"22","244098","20220927162000","88","0","南投縣","中寮鄉","120.790","23.860","21"
"16","244101","20220927162000","61","0","南投縣","中寮鄉","120.805","23.860","12"
"13","244111","20220927162000","30","0","南投縣","中寮鄉","120.800","23.865","13"
"580","244122","20220927162000","421","2","彰化縣","埤頭鄉","120.480","23.890","566"
"316","244129","20220927162000","259","2","彰化縣","埤頭鄉","120.460","23.860","367"
"72","244142","20220927162000","531","0","彰化縣","埤頭鄉","120.460","23.880","79"
"1431","244150","20220927162000","958","2","彰化縣","埤頭鄉","120.465","23.890","1445"
"122","244159","20220927162000","335","0","南投縣","中寮鄉","120.760","23.880","113"
"288","244163","20220927162000","572","0","南投縣","中寮鄉","120.775","23.885","294"
"10","244210","20220927162000","67","0","南投縣","中寮鄉","120.730","23.895","13"
"260","244211","20220927162000","225","1","南投縣","中寮鄉","120.735","23.895","258"
"104","244235","20220927162000","78","2","南投縣","中寮鄉","120.770","23.920","100"
"97","244247","20220927162000","273","0","南投縣","中寮鄉","120.830","23.860","94"
"149","244274","20220927162000","99","3","南投縣","中寮鄉","120.800","23.880","133"
"64","244326","20220927162000","562","0","南投縣","中寮鄉","120.710","23.895","50"
"106","244341","20220927162000","72","2","彰化縣","員林鎮","120.580","23.925","87"
"15","244360","20220927162000","40","0","南投縣","中寮鄉","120.795","23.905","14"
"23","244380","20220927162000","22","1","南投縣","中寮鄉","120.720","23.915","25"
"232","244392","20220927162000","130","3","南投縣","中寮鄉","120.725","23.925","218"
"1300","244397","20220927162000","1063","2","彰化縣","二林鎮","120.375","23.895","1189"
"1129","244398","20220927162000","825","2","彰化縣","二林鎮","120.380","23.895","1095"
"177","244411","20220927162000","158","1","南投縣","南投市","120.695","23.915","172"
"295","244414","20220927162000","452","0","南投縣","南投市","120.695","23.920","313"
"402","244415","20220927162000","325","2","南投縣","南投市","120.700","23.920","419"
"41","244420","20220927162000","95","0","南投縣","南投市","120.640","23.925","30"
"2068","244422","20220927162000","1869","1","南投縣","南投市","120.690","23.905","2105"
"661","244426","20220927162000","578","1","彰化縣","永靖鄉","120.545","23.920","669"
"158","244429","20220927162000","278","0","彰化縣","永靖鄉","120.570","23.925","150"
"51","244451","20220927162000","56","0","南投縣","水里鄉","120.870","23.880","59"
"427","244465","20220927162000","396","1","彰化縣","溪州鄉","120.500","23.855","429"
"175","244468","20220927162000","154","1","彰化縣","溪州鄉","120.505","23.860","170"
"132","244477","20220927162000","114","1","南投縣","南投市","120.635","23.905","130"
"177","244478","20220927162000","358","0","南投縣","南投市","120.640","23.905","168"
"37","244480","20220927162000","23","3","南投縣","南投市","120.635","23.910","33"
"74","244488","20220927162000","39","3","彰化縣","社頭鄉","120.635","23.920","82"
"365","244490","20220927162000","434","0","南投縣","南投市","120.650","23.920","374"
"327","244492","20220927162000","449","0","彰化縣","永靖鄉","120.535","23.920","319"
"230","244498","20220927162000","292","0","彰化縣","永靖鄉","120.515","23.915","258"
"497","244499","20220927162000","287","3","彰化縣","永靖鄉","120.520","23.915","522"
"323","244512","20220927162000","401","0","彰化縣","永靖鄉","120.560","23.920","302"
"82","244516","20220927162000","304","0","彰化縣","永靖鄉","120.535","23.925","96"
"1263","244517","20220927162000","1758","0","彰化縣","永靖鄉","120.540","23.925","1330"
"231","244520","20220927162000","146","3","彰化縣","永靖鄉","120.560","23.910","229"
"55","244530","20220927162000","240","0","彰化縣","永靖鄉","120.545","23.910","43"
"93","244534","20220927162000","105","0","彰化縣","田尾鄉","120.530","23.910","79"
"69","244537","20220927162000","558","0","彰化縣","永靖鄉","120.550","23.920","67"
"57","244540","20220927162000","358","0","彰化縣","永靖鄉","120.550","23.925","69"
"80","244544","20220927162000","472","0","彰化縣","永靖鄉","120.505","23.920","81"
"542","244566","20220927162000","87","3","彰化縣","大城鄉","120.285","23.865","514"
"237","244576","20220927162000","56","3","彰化縣","大城鄉","120.290","23.870","233"
"708","244605","20220927162000","630","1","彰化縣","芳苑鄉","120.345","23.910","711"
"34","244609","20220927162000","627","0","彰化縣","芳苑鄉","120.350","23.915","25"
"371","244612","20220927162000","417","0","彰化縣","芳苑鄉","120.350","23.920","382"
"45","244615","20220927162000","41","1","彰化縣","芳苑鄉","120.355","23.925","41"
"306","244624","20220927162000","113","3","彰化縣","芳苑鄉","120.315","23.895","268"
"25","244639","20220927162000","52","0","彰化縣","芳苑鄉","120.305","23.905","20"
"2534","244674","20220927162000","1976","2","南投縣","南投市","120.695","23.900","2579"
"271","244675","20220927162000","119","3","南投縣","南投市","120.685","23.925","206"
"111","244677","20220927162000","122","0","南投縣","南投市","120.695","23.925","115"
"199","244693","20220927162000","363","0","南投縣","南投市","120.680","23.895","209"
"1787","244695","20220927162000","1505","1","南投縣","南投市","120.685","23.900","1781"
"266","244696","20220927162000","333","0","南投縣","南投市","120.690","23.900","251"
"107","244697","20220927162000","86","2","彰化縣","溪州鄉","120.480","23.850","110"
"48","244698","20220927162000","504","0","彰化縣","溪州鄉","120.485","23.850","58"
"816","244700","20220927162000","570","2","彰化縣","溪州鄉","120.495","23.850","793"
"954","244706","20220927162000","983","0","南投縣","南投市","120.680","23.910","925"
"263","244716","20220927162000","253","1","南投縣","南投市","120.675","23.900","271"
"163","244717","20220927162000","141","1","南投縣","南投市","120.680","23.905","159"
"1868","244720","20220927162000","1262","2","南投縣","南投市","120.675","23.905","1899"
"16","244738","20220927162000","40","0","南投縣","埔里鎮","120.990","23.925","30"
"163","244739","20220927162000","128","2","南投縣","埔里鎮","120.995","23.925","165"
"115","244741","20220927162000","91","2","南投縣","仁愛鄉","121.010","23.925","90"
"435","244742","20220927162000","568","0","彰化縣","溪州鄉","120.495","23.855","424"
"170","244772","20220927162000","106","3","南投縣","水里鄉","120.865","23.855","161"
"214","244790","20220927162000","107","3","南投縣","名間鄉","120.675","23.870","189"
"216","244793","20220927162000","248","0","彰化縣","田中鎮","120.625","23.855","361"
"156","244800","20220927162000","70","3","南投縣","名間鄉","120.630","23.855","119"
"198","244806","20220927162000","98","3","南投縣","名間鄉","120.635","23.860","197"
"552","244815","20220927162000","549","1","南投縣","名間鄉","120.705","23.875","500"
"172","244846","20220927162000","88","3","南投縣","名間鄉","120.635","23.880","159"
"413","244854","20220927162000","248","3","南投縣","南投市","120.690","23.910","378"
"572","244855","20220927162000","485","1","南投縣","南投市","120.690","23.915","555"
"377","244860","20220927162000","639","0","南投縣","南投市","120.655","23.915","380"
"1031","244865","20220927162000","902","1","南投縣","南投市","120.665","23.920","1032"
"516","244867","20220927162000","591","0","南投縣","南投市","120.675","23.920","485"
"449","244868","20220927162000","519","0","南投縣","南投市","120.680","23.920","464"
"1350","244869","20220927162000","838","3","南投縣","南投市","120.670","23.925","1398"
"524","244870","20220927162000","438","1","南投縣","南投市","120.675","23.925","526"
"1428","244872","20220927162000","1139","2","南投縣","南投市","120.685","23.910","1416"
"2386","244873","20220927162000","2431","0","南投縣","南投市","120.685","23.905","2370"
"203","244874","20220927162000","162","2","南投縣","南投市","120.705","23.900","168"
"240","244875","20220927162000","312","0","南投縣","南投市","120.710","23.900","179"
"117","244880","20220927162000","90","2","南投縣","南投市","120.695","23.905","114"
"476","244881","20220927162000","337","2","南投縣","南投市","120.700","23.905","385"
"341","244890","20220927162000","390","0","南投縣","南投市","120.705","23.915","282"
"1171","244893","20220927162000","958","2","彰化縣","溪州鄉","120.495","23.865","1219"
"623","244909","20220927162000","602","1","彰化縣","埤頭鄉","120.460","23.890","676"
"738","244910","20220927162000","539","2","彰化縣","埤頭鄉","120.455","23.895","772"
"103","244911","20220927162000","461","0","彰化縣","埤頭鄉","120.460","23.895","104"
"430","244918","20220927162000","380","1","彰化縣","埤頭鄉","120.495","23.885","425"
"1232","244922","20220927162000","610","3","彰化縣","埤頭鄉","120.495","23.890","1136"
"146","244924","20220927162000","143","1","彰化縣","埤頭鄉","120.480","23.895","152"
"313","244925","20220927162000","269","1","彰化縣","埤頭鄉","120.485","23.895","311"
"618","244953","20220927162000","594","1","彰化縣","北斗鎮","120.515","23.875","638"
"62","244955","20220927162000","252","0","彰化縣","北斗鎮","120.515","23.865","126"
"41","244956","20220927162000","319","0","彰化縣","北斗鎮","120.520","23.865","42"
"333","244958","20220927162000","665","0","彰化縣","北斗鎮","120.520","23.870","324"
"472","244960","20220927162000","389","2","彰化縣","埤頭鄉","120.460","23.850","474"
"34","244961","20220927162000","227","0","彰化縣","埤頭鄉","120.465","23.850","27"
"170","244972","20220927162000","188","0","南投縣","名間鄉","120.650","23.870","168"
"850","244974","20220927162000","548","3","南投縣","名間鄉","120.655","23.870","848"
"400","244987","20220927162000","350","1","南投縣","名間鄉","120.670","23.850","338"
"305","244993","20220927162000","297","1","南投縣","名間鄉","120.675","23.855","287"
"582","245005","20220927162000","559","1","南投縣","名間鄉","120.695","23.865","652"
"279","245007","20220927162000","259","1","南投縣","名間鄉","120.685","23.870","282"
"358","245016","20220927162000","215","3","南投縣","名間鄉","120.685","23.880","374"
"87","245017","20220927162000","297","0","南投縣","名間鄉","120.690","23.880","79"
"126","245037","20220927162000","130","0","南投縣","名間鄉","120.705","23.865","116"
"325","245042","20220927162000","263","2","彰化縣","溪州鄉","120.525","23.850","321"
"18","245054","20220927162000","304","0","南投縣","名間鄉","120.705","23.855","17"
"279","245076","20220927162000","37","3","彰化縣","大城鄉","120.295","23.885","276"
"16","245099","20220927162000","169","0","彰化縣","大城鄉","120.300","23.890","32"
"24","245133","20220927162000","184","0","彰化縣","大城鄉","120.330","23.865","21"
"70","245150","20220927162000","215","0","彰化縣","大城鄉","120.295","23.855","83"
"142","245157","20220927162000","166","0","彰化縣","北斗鎮","120.530","23.855","112"
"946","245161","20220927162000","924","1","彰化縣","北斗鎮","120.530","23.870","931"
"250","245165","20220927162000","228","1","彰化縣","北斗鎮","120.545","23.870","245"
"641","245169","20220927162000","430","2","彰化縣","芳苑鄉","120.320","23.920","665"
"91","245184","20220927162000","49","3","南投縣","名間鄉","120.625","23.850","93"
"147","245191","20220927162000","132","1","南投縣","名間鄉","120.690","23.850","138"
"78","245192","20220927162000","362","0","南投縣","名間鄉","120.695","23.850","58"
"1123","245211","20220927162000","295","3","彰化縣","大城鄉","120.290","23.860","1112"
"127","245214","20220927162000","77","3","彰化縣","大城鄉","120.300","23.865","143"
"123","245216","20220927162000","52","3","彰化縣","大城鄉","120.300","23.870","127"
"444","245296","20220927162000","202","3","南投縣","南投市","120.635","23.895","500"
"2376","245305","20220927162000","1576","3","南投縣","南投市","120.660","23.925","2292"
"37","245311","20220927162000","46","0","南投縣","南投市","120.670","23.905","46"
"30","245312","20220927162000","175","0","南投縣","南投市","120.665","23.910","37"
"254","245314","20220927162000","849","0","南投縣","南投市","120.675","23.910","242"
"763","245316","20220927162000","838","0","南投縣","南投市","120.680","23.915","715"
"1837","245320","20220927162000","1563","1","彰化縣","北斗鎮","120.520","23.880","1919"
"538","245325","20220927162000","444","2","彰化縣","北斗鎮","120.530","23.875","576"
"230","245329","20220927162000","171","2","彰化縣","北斗鎮","120.535","23.880","269"
"113","245332","20220927162000","668","0","彰化縣","北斗鎮","120.525","23.870","106"
"587","245335","20220927162000","129","3","彰化縣","大城鄉","120.310","23.875","607"
"317","245353","20220927162000","178","3","彰化縣","大城鄉","120.315","23.870","326"
"245","245376","20220927162000","174","2","彰化縣","北斗鎮","120.510","23.880","205"
"72","245379","20220927162000","248","0","彰化縣","田尾鄉","120.515","23.890","64"
"235","245489","20220927162000","247","0","南投縣","仁愛鄉","120.990","23.905","234"
"63","245503","20220927162000","37","3","南投縣","仁愛鄉","121.005","23.910","68"
"12","245515","20220927162000","20","0","南投縣","埔里鎮","121.010","23.920","24"
"38","245723","20220927162000","38","1","南投縣","仁愛鄉","121.025","23.910","62"
"299","245728","20220927162000","279","1","南投縣","仁愛鄉","121.050","23.910","326"
"22","245748","20220927162000","69","0","南投縣","仁愛鄉","121.030","23.920","34"
"23","246363","20220927162000","412","0","彰化縣","北斗鎮","120.525","23.880","19"
"228","246370","20220927162000","241","0","彰化縣","北斗鎮","120.555","23.855","178"
"1248","246377","20220927162000","943","2","彰化縣","北斗鎮","120.550","23.865","1248"
"262","246388","20220927162000","198","2","彰化縣","埤頭鄉","120.455","23.850","255"
"808","246394","20220927162000","268","3","彰化縣","二林鎮","120.410","23.920","838"
"33","246402","20220927162000","429","0","彰化縣","二林鎮","120.365","23.895","24"
"570","246404","20220927162000","395","2","彰化縣","二林鎮","120.405","23.895","521"
"134","246436","20220927162000","200","0","彰化縣","芳苑鄉","120.380","23.925","143"
"592","246446","20220927162000","384","3","彰化縣","芳苑鄉","120.330","23.895","618"
"249","246468","20220927162000","162","3","彰化縣","芳苑鄉","120.330","23.915","243"
"255","246471","20220927162000","165","3","彰化縣","芳苑鄉","120.335","23.920","278"
"1335","246472","20220927162000","1218","1","彰化縣","北斗鎮","120.525","23.875","1272"
"151","246476","20220927162000","153","0","彰化縣","北斗鎮","120.560","23.850","170"
"50","246477","20220927162000","66","0","彰化縣","北斗鎮","120.540","23.855","60"
"98","246480","20220927162000","80","2","彰化縣","北斗鎮","120.550","23.855","103"
"378","246488","20220927162000","210","3","彰化縣","北斗鎮","120.535","23.870","382"
"92","246493","20220927162000","115","0","彰化縣","二林鎮","120.395","23.890","87"
"52","246499","20220927162000","268","0","彰化縣","大城鄉","120.315","23.850","53"
"194","246518","20220927162000","209","0","南投縣","南投市","120.670","23.890","171"
"517","246522","20220927162000","440","1","南投縣","南投市","120.690","23.890","567"
"1111","246530","20220927162000","834","2","彰化縣","社頭鄉","120.605","23.915","1032"
"844","246531","20220927162000","450","3","彰化縣","田中鎮","120.585","23.875","836"
"87","246534","20220927162000","186","0","彰化縣","田中鎮","120.575","23.865","99"
"403","246537","20220927162000","302","2","彰化縣","田中鎮","120.575","23.875","442"
"186","246545","20220927162000","147","2","彰化縣","田尾鄉","120.510","23.905","160"
"524","246547","20220927162000","335","3","彰化縣","竹塘鄉","120.415","23.850","552"
"318","246558","20220927162000","371","0","彰化縣","田尾鄉","120.535","23.905","306"
"1753","246566","20220927162000","871","3","彰化縣","社頭鄉","120.580","23.895","1747"
"1456","246568","20220927162000","458","3","彰化縣","社頭鄉","120.580","23.900","1444"
"2116","246569","20220927162000","1113","3","彰化縣","社頭鄉","120.580","23.905","2099"
"47","246573","20220927162000","265","0","彰化縣","田尾鄉","120.525","23.885","44"
"236","246579","20220927162000","239","0","彰化縣","田尾鄉","120.535","23.890","246"
"830","246581","20220927162000","552","3","彰化縣","田尾鄉","120.535","23.895","846"
"915","246583","20220927162000","620","2","彰化縣","田尾鄉","120.530","23.900","907"
"28","246608","20220927162000","36","0","彰化縣","社頭鄉","120.620","23.925","28"
"1399","246615","20220927162000","1239","1","彰化縣","竹塘鄉","120.430","23.855","1402"
"503","246618","20220927162000","514","0","彰化縣","竹塘鄉","120.420","23.875","525"
"247","246630","20220927162000","169","2","彰化縣","竹塘鄉","120.375","23.850","279"
"2578","246654","20220927162000","783","3","彰化縣","社頭鄉","120.585","23.900","2609"
"1367","246659","20220927162000","369","3","彰化縣","社頭鄉","120.585","23.890","1356"
"318","246669","20220927162000","195","3","彰化縣","竹塘鄉","120.445","23.860","309"
"157","246687","20220927162000","157","1","南投縣","魚池鄉","120.905","23.850","128"
"1019","246711","20220927162000","672","3","南投縣","魚池鄉","120.910","23.860","792"
"348","246720","20220927162000","219","3","南投縣","魚池鄉","120.900","23.865","277"
"145","246722","20220927162000","200","0","南投縣","魚池鄉","120.910","23.865","145"
"524","246735","20220927162000","337","3","南投縣","魚池鄉","120.925","23.870","399"
"310","246739","20220927162000","296","1","南投縣","魚池鄉","120.935","23.895","314"
"537","246741","20220927162000","462","1","南投縣","魚池鄉","120.935","23.900","608"
"339","246742","20220927162000","288","1","南投縣","魚池鄉","120.940","23.900","363"
"283","246747","20220927162000","251","1","彰化縣","芳苑鄉","120.350","23.900","268"
"234","246748","20220927162000","189","2","彰化縣","二林鎮","120.355","23.900","244"
"168","246749","20220927162000","158","1","彰化縣","芳苑鄉","120.360","23.900","178"
"80","246750","20220927162000","45","3","彰化縣","芳苑鄉","120.345","23.905","53"
"257","246758","20220927162000","214","2","彰化縣","芳苑鄉","120.355","23.920","273"
"283","246770","20220927162000","231","2","彰化縣","芳苑鄉","120.335","23.890","305"
"14","246777","20220927162000","20","0","南投縣","魚池鄉","120.925","23.875","13"
"339","246788","20220927162000","224","3","南投縣","魚池鄉","120.925","23.885","345"
"262","246822","20220927162000","122","3","南投縣","魚池鄉","120.905","23.880","246"
"22","246823","20220927162000","16","2","南投縣","魚池鄉","120.875","23.885","20"
"22","246824","20220927162000","92","0","南投縣","魚池鄉","120.880","23.885","19"
"38","246826","20220927162000","56","0","南投縣","魚池鄉","120.890","23.885","38"
"20","246832","20220927162000","13","3","南投縣","魚池鄉","120.880","23.890","19"
"21","246857","20220927162000","15","2","南投縣","魚池鄉","120.890","23.905","17"
"21","246858","20220927162000","26","0","南投縣","魚池鄉","120.895","23.905","24"
"16","246871","20220927162000","11","2","南投縣","魚池鄉","120.895","23.910","16"
"108","246893","20220927162000","116","0","南投縣","魚池鄉","120.955","23.900","108"
"243","246906","20220927162000","227","1","南投縣","魚池鄉","120.955","23.910","235"
"149","246920","20220927162000","116","2","南投縣","魚池鄉","120.965","23.915","132"
"108","246922","20220927162000","102","1","南投縣","魚池鄉","120.965","23.920","95"
"82","246929","20220927162000","123","0","南投縣","魚池鄉","120.945","23.865","107"
"94","246930","20220927162000","105","0","南投縣","魚池鄉","120.950","23.865","96"
"81","246935","20220927162000","76","1","南投縣","魚池鄉","120.945","23.870","83"
"28","246941","20220927162000","33","0","南投縣","魚池鄉","120.950","23.875","34"
"23","246945","20220927162000","156","0","南投縣","魚池鄉","120.950","23.880","24"
"40","246955","20220927162000","308","0","南投縣","魚池鄉","120.905","23.905","44"
"430","246964","20220927162000","342","2","南投縣","魚池鄉","120.920","23.910","402"
"28","246970","20220927162000","37","0","南投縣","魚池鄉","120.920","23.915","39"
"239","246989","20220927162000","260","0","南投縣","魚池鄉","120.925","23.910","217"
"159","247005","20220927162000","147","1","南投縣","魚池鄉","120.945","23.925","166"
"915","247013","20220927162000","669","2","南投縣","魚池鄉","120.930","23.850","853"
"25","247024","20220927162000","45","0","南投縣","魚池鄉","120.935","23.855","89"
"16","247033","20220927162000","24","0","南投縣","魚池鄉","120.950","23.860","30"
"435","247088","20220927162000","359","2","南投縣","魚池鄉","120.965","23.890","424"
"58","247100","20220927162000","242","0","南投縣","魚池鄉","120.940","23.895","65"
"42","247117","20220927162000","34","2","彰化縣","竹塘鄉","120.400","23.860","37"
"198","247119","20220927162000","129","3","彰化縣","竹塘鄉","120.410","23.860","172"
"24","247152","20220927162000","37","0","彰化縣","田中鎮","120.570","23.870","31"
"835","247156","20220927162000","656","2","彰化縣","社頭鄉","120.595","23.900","856"
"55","247158","20220927162000","153","0","彰化縣","田尾鄉","120.550","23.890","66"
"83","247160","20220927162000","68","2","彰化縣","田尾鄉","120.555","23.895","76"
"27","247163","20220927162000","264","0","彰化縣","田尾鄉","120.560","23.900","25"
"562","247166","20220927162000","725","0","彰化縣","田尾鄉","120.525","23.905","555"
"38","247170","20220927162000","15","3","彰化縣","田尾鄉","120.520","23.890","43"
"672","247187","20220927162000","726","0","彰化縣","田尾鄉","120.500","23.920","622"
"117","247189","20220927162000","619","0","彰化縣","溪湖鎮","120.475","23.925","112"
"2460","247194","20220927162000","486","3","彰化縣","社頭鄉","120.585","23.895","2495"
"183","247207","20220927162000","178","1","彰化縣","社頭鄉","120.605","23.895","189"
"35","247218","20220927162000","145","0","彰化縣","田尾鄉","120.540","23.885","49"
"370","247222","20220927162000","582","0","彰化縣","田中鎮","120.585","23.865","393"
"242","247224","20220927162000","210","1","彰化縣","田中鎮","120.585","23.850","233"
"38","247227","20220927162000","490","0","彰化縣","田中鎮","120.600","23.855","39"
"1355","247235","20220927162000","1057","2","彰化縣","田中鎮","120.590","23.855","1336"
"117","247238","20220927162000","128","0","彰化縣","田尾鄉","120.530","23.895","128"
"260","247244","20220927162000","198","2","彰化縣","北斗鎮","120.545","23.880","247"
"60","247248","20220927162000","55","1","彰化縣","田尾鄉","120.550","23.885","50"
"307","247250","20220927162000","234","2","彰化縣","田尾鄉","120.560","23.890","299"
"75","247251","20220927162000","80","0","彰化縣","田尾鄉","120.565","23.890","72"
"42","247253","20220927162000","265","0","彰化縣","田尾鄉","120.535","23.900","42"
"109","247259","20220927162000","666","0","彰化縣","田尾鄉","120.550","23.900","105"
"427","247268","20220927162000","416","1","彰化縣","社頭鄉","120.585","23.920","479"
"58","247277","20220927162000","56","1","彰化縣","社頭鄉","120.615","23.885","60"
"501","247283","20220927162000","283","3","彰化縣","社頭鄉","120.610","23.890","469"
"15","247286","20220927162000","12","2","彰化縣","社頭鄉","120.570","23.910","12"
"52","247288","20220927162000","59","0","彰化縣","永靖鄉","120.575","23.915","51"
"58","247290","20220927162000","28","3","彰化縣","永靖鄉","120.575","23.920","46"
"38","247291","20220927162000","290","0","彰化縣","社頭鄉","120.595","23.920","39"
"38","247293","20220927162000","237","0","彰化縣","社頭鄉","120.605","23.920","34"
"871","247305","20220927162000","1025","0","彰化縣","北斗鎮","120.570","23.850","893"
"333","247308","20220927162000","274","2","彰化縣","田中鎮","120.575","23.855","320"
"1061","247312","20220927162000","1183","0","彰化縣","田中鎮","120.605","23.855","1071"
"776","247316","20220927162000","1057","0","彰化縣","田中鎮","120.580","23.860","833"
"398","247328","20220927162000","325","2","彰化縣","社頭鄉","120.575","23.900","416"
"390","247336","20220927162000","296","2","彰化縣","社頭鄉","120.610","23.905","373"
"60","247347","20220927162000","49","2","彰化縣","社頭鄉","120.630","23.905","56"
"623","247352","20220927162000","548","1","彰化縣","田中鎮","120.560","23.865","641"
"72","247353","20220927162000","126","0","彰化縣","田中鎮","120.565","23.865","75"
"323","247359","20220927162000","261","2","彰化縣","田中鎮","120.590","23.865","290"
"411","247361","20220927162000","491","0","彰化縣","田中鎮","120.585","23.870","441"
"358","247365","20220927162000","344","1","彰化縣","田中鎮","120.585","23.860","347"
"261","247366","20220927162000","166","3","彰化縣","田中鎮","120.570","23.875","279"
"15","247367","20220927162000","226","0","彰化縣","田中鎮","120.560","23.880","18"
"253","247377","20220927162000","213","1","彰化縣","田中鎮","120.605","23.870","243"
"117","247383","20220927162000","117","1","彰化縣","田中鎮","120.605","23.875","98"
"183","247399","20220927162000","169","1","彰化縣","田中鎮","120.595","23.855","182"
"73","247400","20220927162000","234","0","彰化縣","田中鎮","120.590","23.860","68"
"555","247403","20220927162000","210","3","彰化縣","社頭鄉","120.590","23.900","553"
"866","247409","20220927162000","209","3","彰化縣","社頭鄉","120.585","23.885","822"
"107","247637","20220927162000","103","1","花蓮縣","壽豐鄉","121.610","23.920","93"
"306","252412","20220927162000","163","3","花蓮縣","花蓮市","121.640","23.995","253"
"44","252926","20220927162000","26","3","臺中市","霧峰區","120.705","24.010","46"
"157","253141","20220927162000","117","2","花蓮縣","秀林鄉","121.505","23.945","170"
"202","253374","20220927162000","199","1","花蓮縣","秀林鄉","121.555","24.005","208"
"359","253376","20220927162000","211","3","花蓮縣","新城鄉","121.615","24.005","313"
"227","253382","20220927162000","348","0","花蓮縣","吉安鄉","121.580","23.925","269"
"472","253393","20220927162000","391","2","花蓮縣","吉安鄉","121.585","23.930","435"
"307","253400","20220927162000","118","3","花蓮縣","吉安鄉","121.580","23.935","290"
"1000","253410","20220927162000","705","2","花蓮縣","吉安鄉","121.595","23.940","1093"
"361","253413","20220927162000","402","0","花蓮縣","吉安鄉","121.575","23.945","630"
"1245","253414","20220927162000","1030","2","花蓮縣","吉安鄉","121.585","23.975","1211"
"175","253433","20220927162000","248","0","花蓮縣","吉安鄉","121.550","23.945","184"
"183","253436","20220927162000","132","2","花蓮縣","吉安鄉","121.525","23.945","177"
"944","253452","20220927162000","835","1","花蓮縣","吉安鄉","121.590","23.950","1029"
"520","253454","20220927162000","512","1","花蓮縣","吉安鄉","121.590","23.955","504"
"335","253457","20220927162000","402","0","花蓮縣","吉安鄉","121.590","23.945","386"
"556","253463","20220927162000","392","2","花蓮縣","吉安鄉","121.600","23.945","574"
"717","253470","20220927162000","922","0","花蓮縣","吉安鄉","121.590","23.965","712"
"769","253471","20220927162000","534","2","花蓮縣","吉安鄉","121.590","23.970","777"
"2141","253472","20220927162000","1612","2","花蓮縣","花蓮市","121.590","23.975","2178"
"957","253475","20220927162000","809","1","花蓮縣","吉安鄉","121.590","23.980","962"
"562","253477","20220927162000","473","1","花蓮縣","吉安鄉","121.585","23.985","541"
"269","253478","20220927162000","318","0","花蓮縣","吉安鄉","121.585","23.980","289"
"946","253479","20220927162000","763","2","花蓮縣","花蓮市","121.600","23.985","928"
"349","253480","20220927162000","511","0","花蓮縣","吉安鄉","121.580","23.985","359"
"599","253481","20220927162000","482","2","花蓮縣","吉安鄉","121.585","23.990","648"
"1872","253482","20220927162000","1898","0","花蓮縣","花蓮市","121.595","23.990","1957"
"1480","253484","20220927162000","1042","2","花蓮縣","吉安鄉","121.580","23.970","1562"
"514","253485","20220927162000","684","0","花蓮縣","吉安鄉","121.585","23.970","506"
"53","253506","20220927162000","146","0","花蓮縣","吉安鄉","121.570","23.965","93"
"427","253507","20220927162000","383","1","花蓮縣","吉安鄉","121.575","23.965","440"
"415","253508","20220927162000","371","1","花蓮縣","吉安鄉","121.565","23.970","432"
"34","253517","20220927162000","173","0","花蓮縣","吉安鄉","121.560","23.975","43"
"1107","253520","20220927162000","987","1","花蓮縣","吉安鄉","121.580","23.975","1242"
"497","253542","20220927162000","441","1","花蓮縣","吉安鄉","121.555","23.990","592"
"104","253545","20220927162000","146","0","花蓮縣","吉安鄉","121.570","23.990","105"
"313","253552","20220927162000","243","2","花蓮縣","吉安鄉","121.570","23.975","299"
"819","253554","20220927162000","360","3","花蓮縣","吉安鄉","121.565","23.980","655"
"741","253555","20220927162000","833","0","花蓮縣","吉安鄉","121.570","23.980","1036"
"323","253556","20220927162000","396","0","花蓮縣","吉安鄉","121.575","23.980","379"
"62","253557","20220927162000","48","2","花蓮縣","吉安鄉","121.555","23.985","40"
"351","253559","20220927162000","263","2","花蓮縣","吉安鄉","121.565","23.985","344"
"345","253561","20220927162000","282","2","花蓮縣","吉安鄉","121.605","23.955","337"
"515","253562","20220927162000","316","3","花蓮縣","吉安鄉","121.595","23.960","536"
"320","253563","20220927162000","439","0","花蓮縣","吉安鄉","121.600","23.960","343"
"1351","253565","20220927162000","1121","2","花蓮縣","吉安鄉","121.595","23.965","1250"
"325","253569","20220927162000","448","0","花蓮縣","吉安鄉","121.575","23.985","349"
"304","253575","20220927162000","259","1","花蓮縣","吉安鄉","121.570","23.940","311"
"517","253584","20220927162000","474","1","花蓮縣","吉安鄉","121.560","23.950","561"
"698","253594","20220927162000","783","0","花蓮縣","吉安鄉","121.550","23.965","681"
"602","253596","20220927162000","468","2","花蓮縣","吉安鄉","121.560","23.965","644"
"790","253597","20220927162000","514","3","花蓮縣","吉安鄉","121.565","23.965","818"
"374","253603","20220927162000","267","2","花蓮縣","吉安鄉","121.560","23.970","373"
"319","253608","20220927162000","280","1","花蓮縣","吉安鄉","121.580","23.955","378"
"617","253609","20220927162000","573","1","花蓮縣","吉安鄉","121.570","23.960","664"
"356","253611","20220927162000","304","1","花蓮縣","吉安鄉","121.580","23.960","380"
"289","253627","20220927162000","430","0","花蓮縣","吉安鄉","121.535","23.930","311"
"26","253641","20220927162000","36","0","花蓮縣","壽豐鄉","121.605","23.925","24"
"789","253648","20220927162000","506","3","花蓮縣","花蓮市","121.625","23.985","753"
"1032","253649","20220927162000","1142","0","花蓮縣","花蓮市","121.620","24.005","986"
"61","253650","20220927162000","46","2","彰化縣","二林鎮","120.420","23.955","63"
"56","253656","20220927162000","65","0","彰化縣","二林鎮","120.415","23.965","80"
"379","253670","20220927162000","363","1","彰化縣","二林鎮","120.440","23.930","375"
"1912","253672","20220927162000","1389","2","彰化縣","員林鎮","120.580","23.955","1952"
"501","253673","20220927162000","574","0","彰化縣","員林鎮","120.585","23.955","513"
"370","253675","20220927162000","849","0","彰化縣","員林鎮","120.565","23.950","356"
"400","253677","20220927162000","395","1","彰化縣","埔心鄉","120.560","23.940","429"
"793","253681","20220927162000","742","1","彰化縣","員林鎮","120.565","23.945","797"
"12","253686","20220927162000","11","1","彰化縣","員林鎮","120.610","23.980","13"
"2043","253688","20220927162000","1798","1","彰化縣","員林鎮","120.570","23.960","2086"
"3820","253689","20220927162000","3492","1","彰化縣","員林鎮","120.570","23.955","3748"
"199","253764","20220927162000","171","1","花蓮縣","秀林鄉","121.505","23.960","183"
"165","253789","20220927162000","103","3","花蓮縣","秀林鄉","121.495","23.965","153"
"18","254173","20220927162000","12","3","花蓮縣","秀林鄉","121.425","24.000","19"
"1954","254233","20220927162000","3040","0","花蓮縣","花蓮市","121.605","23.975","1912"
"2476","254234","20220927162000","1866","2","花蓮縣","花蓮市","121.600","23.975","2553"
"1739","254236","20220927162000","1768","0","花蓮縣","花蓮市","121.625","23.990","1746"
"1934","254237","20220927162000","1750","1","花蓮縣","花蓮市","121.630","23.985","1922"
"1450","254238","20220927162000","1341","1","花蓮縣","花蓮市","121.630","23.990","1562"
"1751","254240","20220927162000","1628","1","花蓮縣","花蓮市","121.635","23.995","1686"
"94","254242","20220927162000","43","3","南投縣","國姓鄉","120.880","23.970","76"
"58","254247","20220927162000","267","0","南投縣","國姓鄉","120.875","23.975","43"
"224","254260","20220927162000","188","1","南投縣","國姓鄉","120.870","23.985","205"
"92","254328","20220927162000","80","1","南投縣","國姓鄉","120.830","23.945","103"
"71","254335","20220927162000","36","3","南投縣","國姓鄉","120.865","23.945","65"
"25","254346","20220927162000","77","0","南投縣","國姓鄉","120.865","23.950","24"
"49","254349","20220927162000","35","2","南投縣","中寮鄉","120.830","23.955","32"
"27","254374","20220927162000","28","0","南投縣","國姓鄉","120.860","23.960","42"
"97","254379","20220927162000","31","3","南投縣","中寮鄉","120.835","23.965","85"
"265","254397","20220927162000","138","3","南投縣","國姓鄉","120.865","23.975","243"
"706","254400","20220927162000","512","2","南投縣","埔里鎮","120.970","23.955","701"
"155","254401","20220927162000","435","0","南投縣","埔里鎮","120.990","23.945","152"
"1300","254411","20220927162000","1987","0","南投縣","埔里鎮","120.975","23.955","1276"
"1733","254415","20220927162000","1260","2","南投縣","埔里鎮","120.975","23.960","1682"
"257","254447","20220927162000","183","2","南投縣","埔里鎮","120.925","23.940","242"
"25","254450","20220927162000","32","0","南投縣","埔里鎮","120.940","23.940","28"
"387","254465","20220927162000","289","2","南投縣","埔里鎮","120.915","23.950","356"
"1109","254467","20220927162000","1091","1","南投縣","埔里鎮","120.925","23.950","1110"
"441","254470","20220927162000","267","3","南投縣","埔里鎮","120.940","23.950","485"
"101","254477","20220927162000","87","1","南投縣","埔里鎮","120.930","23.955","96"
"895","254481","20220927162000","653","2","南投縣","埔里鎮","120.915","23.955","892"
"20","254490","20220927162000","211","0","南投縣","埔里鎮","120.980","23.935","20"
"14","254499","20220927162000","63","0","南投縣","埔里鎮","120.995","23.940","14"
"88","254504","20220927162000","341","0","南投縣","埔里鎮","120.970","23.945","96"
"60","254506","20220927162000","263","0","南投縣","埔里鎮","120.980","23.945","73"
"675","254510","20220927162000","369","3","南投縣","埔里鎮","120.965","23.950","625"
"546","254512","20220927162000","461","1","南投縣","埔里鎮","120.975","23.950","550"
"2104","254517","20220927162000","1636","2","南投縣","埔里鎮","120.970","23.970","2078"
"310","254519","20220927162000","182","3","南投縣","埔里鎮","120.975","23.975","292"
"36","254520","20220927162000","114","0","南投縣","埔里鎮","120.970","23.980","32"
"264","254538","20220927162000","148","3","南投縣","中寮鄉","120.790","23.945","274"
"33","254548","20220927162000","13","3","南投縣","中寮鄉","120.790","23.955","25"
"708","254550","20220927162000","1639","0","南投縣","埔里鎮","120.970","23.965","721"
"348","254560","20220927162000","246","2","南投縣","埔里鎮","120.945","23.960","288"
"23","254571","20220927162000","213","0","南投縣","埔里鎮","120.930","23.970","32"
"341","254589","20220927162000","374","0","南投縣","埔里鎮","120.955","24.005","386"
"935","254592","20220927162000","809","1","南投縣","埔里鎮","120.965","23.955","955"
"25","254599","20220927162000","25","1","南投縣","埔里鎮","120.915","23.990","23"
"576","254621","20220927162000","432","2","南投縣","埔里鎮","120.960","23.960","603"
"239","254622","20220927162000","142","3","南投縣","埔里鎮","120.965","23.960","246"
"93","254624","20220927162000","923","0","南投縣","埔里鎮","120.955","23.965","87"
"27","254626","20220927162000","38","0","南投縣","埔里鎮","120.955","23.970","47"
"110","254627","20220927162000","652","0","南投縣","埔里鎮","120.960","23.970","98"
"573","254629","20220927162000","533","1","南投縣","埔里鎮","120.955","23.975","600"
"838","254633","20220927162000","673","2","南投縣","埔里鎮","120.980","23.980","849"
"37","254641","20220927162000","202","0","南投縣","埔里鎮","120.955","23.955","43"
"434","254658","20220927162000","313","2","南投縣","埔里鎮","120.980","23.990","454"
"41","254675","20220927162000","183","0","南投縣","埔里鎮","120.960","24.000","32"
"39","254680","20220927162000","32","2","南投縣","埔里鎮","120.985","24.000","41"
"297","254705","20220927162000","312","0","南投縣","埔里鎮","120.970","24.005","293"
"197","254706","20220927162000","149","2","南投縣","埔里鎮","120.975","24.005","188"
"512","254712","20220927162000","483","1","花蓮縣","花蓮市","121.610","23.970","488"
"1073","254713","20220927162000","850","2","花蓮縣","花蓮市","121.600","23.965","1099"
"870","254714","20220927162000","813","1","花蓮縣","花蓮市","121.610","23.985","858"
"1737","254716","20220927162000","1436","2","花蓮縣","花蓮市","121.605","23.980","1621"
"1509","254717","20220927162000","1297","1","花蓮縣","花蓮市","121.600","23.980","1481"
"1117","254719","20220927162000","1419","0","花蓮縣","花蓮市","121.605","23.985","1113"
"39","254721","20220927162000","165","0","花蓮縣","花蓮市","121.600","23.970","31"
"1256","254723","20220927162000","1446","0","花蓮縣","花蓮市","121.605","23.970","1249"
"39","254728","20220927162000","132","0","花蓮縣","花蓮市","121.615","23.985","40"
"1253","254729","20220927162000","1213","1","花蓮縣","花蓮市","121.620","24.000","1229"
"1211","254730","20220927162000","1250","0","花蓮縣","花蓮市","121.625","23.995","1215"
"850","254732","20220927162000","623","2","花蓮縣","花蓮市","121.615","23.975","860"
"669","254733","20220927162000","638","1","花蓮縣","花蓮市","121.615","23.980","715"
"2136","254735","20220927162000","1612","2","花蓮縣","吉安鄉","121.590","23.985","2028"
"147","254742","20220927162000","674","0","花蓮縣","花蓮市","121.610","24.005","139"
"39","254743","20220927162000","209","0","花蓮縣","吉安鄉","121.580","23.990","31"
"1276","254745","20220927162000","976","2","花蓮縣","吉安鄉","121.590","23.990","1397"
"431","254746","20220927162000","367","1","花蓮縣","花蓮市","121.585","23.995","484"
"735","254747","20220927162000","744","0","花蓮縣","花蓮市","121.590","23.995","743"
"2513","254748","20220927162000","2735","0","花蓮縣","花蓮市","121.595","23.995","2425"
"404","254754","20220927162000","425","0","花蓮縣","花蓮市","121.590","24.005","876"
"1036","254756","20220927162000","885","1","花蓮縣","花蓮市","121.595","23.970","1027"
"624","254757","20220927162000","585","1","花蓮縣","花蓮市","121.595","23.975","596"
"2622","254766","20220927162000","2122","2","彰化縣","員林鎮","120.570","23.970","2523"
"486","254767","20220927162000","416","1","彰化縣","員林鎮","120.575","23.970","508"
"769","254769","20220927162000","700","1","花蓮縣","花蓮市","121.610","23.975","766"
"2703","254770","20220927162000","1971","2","花蓮縣","花蓮市","121.610","23.980","2731"
"679","254771","20220927162000","521","2","花蓮縣","花蓮市","121.615","24.000","646"
"30","254772","20220927162000","48","0","花蓮縣","花蓮市","121.560","24.000","21"
"252","254777","20220927162000","311","0","花蓮縣","花蓮市","121.575","24.005","219"
"2547","254779","20220927162000","1890","2","花蓮縣","花蓮市","121.600","23.990","2470"
"635","254780","20220927162000","654","0","花蓮縣","花蓮市","121.610","23.990","686"
"2233","254781","20220927162000","3272","0","花蓮縣","花蓮市","121.605","23.990","2401"
"531","254782","20220927162000","434","2","花蓮縣","花蓮市","121.605","23.995","580"
"1803","254783","20220927162000","1472","2","花蓮縣","吉安鄉","121.575","23.990","1826"
"1582","254784","20220927162000","1516","1","花蓮縣","吉安鄉","121.565","23.995","1509"
"229","254785","20220927162000","270","0","花蓮縣","花蓮市","121.570","23.995","233"
"768","254786","20220927162000","612","2","花蓮縣","花蓮市","121.575","23.995","769"
"896","254789","20220927162000","839","1","花蓮縣","吉安鄉","121.595","23.985","828"
"2039","254790","20220927162000","1421","2","花蓮縣","花蓮市","121.600","23.995","2021"
"17","254798","20220927162000","59","0","南投縣","中寮鄉","120.745","23.935","16"
"32","254887","20220927162000","114","0","南投縣","中寮鄉","120.780","23.945","40"
"269","254901","20220927162000","209","2","南投縣","中寮鄉","120.765","23.940","265"
"154","254913","20220927162000","179","0","彰化縣","員林鎮","120.550","23.975","154"
"58","254920","20220927162000","515","0","彰化縣","員林鎮","120.580","23.935","63"
"65","254922","20220927162000","109","0","彰化縣","員林鎮","120.575","23.940","70"
"192","254925","20220927162000","181","1","彰化縣","員林鎮","120.580","23.945","191"
"151","254926","20220927162000","413","0","彰化縣","員林鎮","120.575","23.945","178"
"1162","254940","20220927162000","974","1","花蓮縣","花蓮市","121.620","23.985","1168"
"751","254941","20220927162000","808","0","花蓮縣","花蓮市","121.615","23.990","683"
"1363","254942","20220927162000","1200","1","花蓮縣","花蓮市","121.620","23.990","1279"
"57","254945","20220927162000","58","0","花蓮縣","花蓮市","121.630","23.995","66"
"159","254950","20220927162000","125","2","花蓮縣","花蓮市","121.645","24.005","148"
"445","254952","20220927162000","463","0","彰化縣","埔心鄉","120.520","23.965","475"
"45","254964","20220927162000","96","0","彰化縣","芳苑鄉","120.325","23.940","46"
"362","254974","20220927162000","215","3","彰化縣","芳苑鄉","120.330","23.940","339"
"1707","255019","20220927162000","1151","2","彰化縣","員林鎮","120.565","23.965","1766"
"218","255021","20220927162000","654","0","彰化縣","員林鎮","120.600","23.965","227"
"85","255024","20220927162000","77","1","彰化縣","員林鎮","120.610","23.970","101"
"320","255030","20220927162000","278","1","彰化縣","埔心鄉","120.530","23.940","284"
"38","255038","20220927162000","547","0","彰化縣","埔鹽鄉","120.480","23.990","31"
"486","255039","20220927162000","215","3","彰化縣","埔鹽鄉","120.500","23.975","431"
"92","255044","20220927162000","144","0","南投縣","南投市","120.700","23.930","100"
"291","255046","20220927162000","233","2","南投縣","南投市","120.635","23.935","337"
"194","255053","20220927162000","134","2","南投縣","南投市","120.635","23.945","172"
"1040","255063","20220927162000","759","2","彰化縣","永靖鄉","120.555","23.935","1047"
"51","255064","20220927162000","384","0","彰化縣","永靖鄉","120.560","23.930","58"
"397","255065","20220927162000","371","1","彰化縣","員林鎮","120.555","23.960","377"
"256","255068","20220927162000","157","3","彰化縣","員林鎮","120.560","23.965","262"
"387","255069","20220927162000","328","1","彰化縣","員林鎮","120.555","23.970","359"
"1067","255073","20220927162000","1132","0","南投縣","南投市","120.690","23.945","909"
"1315","255074","20220927162000","918","2","南投縣","南投市","120.690","23.950","1155"
"57","255075","20220927162000","186","0","南投縣","南投市","120.685","23.950","45"
"62","255078","20220927162000","226","0","南投縣","南投市","120.675","23.945","69"
"86","255079","20220927162000","415","0","南投縣","南投市","120.680","23.945","75"
"198","255081","20220927162000","109","3","南投縣","草屯鎮","120.675","23.950","155"
"800","255088","20220927162000","725","1","南投縣","南投市","120.660","23.935","754"
"677","255092","20220927162000","687","0","南投縣","南投市","120.665","23.940","669"
"17","255093","20220927162000","27","0","南投縣","南投市","120.645","23.945","15"
"301","255094","20220927162000","170","3","南投縣","南投市","120.650","23.945","260"
"21","255100","20220927162000","143","0","南投縣","南投市","120.655","23.950","21"
"123","255107","20220927162000","206","0","南投縣","南投市","120.650","23.955","112"
"395","255130","20220927162000","244","3","彰化縣","芳苑鄉","120.315","23.930","427"
"32","255153","20220927162000","167","0","彰化縣","芳苑鄉","120.380","23.940","28"
"843","255158","20220927162000","514","3","彰化縣","芳苑鄉","120.380","23.955","837"
"149","255176","20220927162000","422","0","彰化縣","埔心鄉","120.555","23.940","156"
"1172","255177","20220927162000","1356","0","彰化縣","埔心鄉","120.540","23.950","1206"
"57","255178","20220927162000","551","0","彰化縣","埔心鄉","120.545","23.950","58"
"66","255179","20220927162000","51","2","彰化縣","埔心鄉","120.540","23.955","62"
"233","255199","20220927162000","193","2","彰化縣","二林鎮","120.420","23.950","226"
"322","255210","20220927162000","448","0","彰化縣","永靖鄉","120.550","23.930","356"
"321","255220","20220927162000","276","1","彰化縣","大村鄉","120.585","23.990","346"
"544","255222","20220927162000","587","0","彰化縣","大村鄉","120.580","23.995","556"
"31","255223","20220927162000","30","1","彰化縣","大村鄉","120.585","23.995","28"
"157","255227","20220927162000","122","2","彰化縣","大村鄉","120.590","23.995","196"
"151","255228","20220927162000","129","1","彰化縣","大村鄉","120.595","23.995","138"
"192","255229","20220927162000","185","1","彰化縣","大村鄉","120.600","23.995","210"
"22","255230","20220927162000","41","0","彰化縣","大村鄉","120.605","23.995","30"
"1409","255232","20220927162000","1472","0","彰化縣","大村鄉","120.595","24.000","1405"
"517","255234","20220927162000","473","1","彰化縣","大村鄉","120.570","23.975","494"
"536","255238","20220927162000","411","2","彰化縣","大村鄉","120.535","24.000","519"
"19","255239","20220927162000","157","0","彰化縣","大村鄉","120.540","24.000","25"
"18","255251","20220927162000","183","0","彰化縣","埔心鄉","120.515","23.970","16"
"96","255257","20220927162000","72","2","彰化縣","埔心鄉","120.540","23.965","97"
"286","255261","20220927162000","229","2","彰化縣","埔心鄉","120.555","23.950","329"
"327","255262","20220927162000","370","0","彰化縣","埔心鄉","120.550","23.955","336"
"94","255263","20220927162000","336","0","彰化縣","埔心鄉","120.555","23.955","352"
"23","255264","20220927162000","318","0","彰化縣","埔心鄉","120.545","23.960","17"
"972","255265","20220927162000","123","3","彰化縣","埔心鄉","120.560","23.945","909"
"431","255266","20220927162000","258","3","彰化縣","埔心鄉","120.550","23.945","411"
"508","255267","20220927162000","387","2","彰化縣","埔心鄉","120.555","23.945","500"
"96","255273","20220927162000","75","2","彰化縣","埔心鄉","120.515","23.940","97"
"222","255276","20220927162000","212","1","彰化縣","埔心鄉","120.525","23.950","226"
"1344","255277","20220927162000","929","2","彰化縣","埔心鄉","120.525","23.945","1342"
"488","255284","20220927162000","296","3","彰化縣","埔心鄉","120.520","23.945","419"
"575","255287","20220927162000","424","2","彰化縣","埔心鄉","120.515","23.950","587"
"190","255292","20220927162000","378","0","南投縣","埔里鎮","120.935","23.995","167"
"140","255303","20220927162000","112","2","南投縣","埔里鎮","120.945","24.000","140"
"218","255308","20220927162000","184","1","南投縣","埔里鎮","120.940","24.005","259"
"207","255309","20220927162000","402","0","南投縣","埔里鎮","120.945","24.005","187"
"470","255312","20220927162000","383","2","彰化縣","溪湖鎮","120.495","23.965","486"
"165","255322","20220927162000","523","0","彰化縣","溪湖鎮","120.510","23.970","158"
"999","255326","20220927162000","615","3","彰化縣","大村鄉","120.545","23.995","1019"
"451","255337","20220927162000","337","2","彰化縣","大村鄉","120.555","24.000","446"
"791","255339","20220927162000","784","1","彰化縣","大村鄉","120.550","24.005","819"
"14","255342","20220927162000","16","0","彰化縣","大村鄉","120.565","23.995","14"
"50","255345","20220927162000","340","0","彰化縣","大村鄉","120.580","24.000","37"
"262","255351","20220927162000","119","3","彰化縣","大村鄉","120.585","24.000","247"
"307","255359","20220927162000","291","1","彰化縣","大村鄉","120.550","23.980","302"
"1411","255361","20220927162000","1153","2","彰化縣","大村鄉","120.565","23.980","1389"
"699","255365","20220927162000","366","3","彰化縣","大村鄉","120.540","23.975","710"
"82","255366","20220927162000","83","0","彰化縣","大村鄉","120.520","23.980","83"
"57","255371","20220927162000","154","0","彰化縣","芳苑鄉","120.355","23.935","49"
"306","255379","20220927162000","139","3","彰化縣","芳苑鄉","120.365","23.940","323"
"88","255396","20220927162000","259","0","彰化縣","芳苑鄉","120.350","23.975","96"
"586","255400","20220927162000","228","3","彰化縣","芳苑鄉","120.345","23.980","585"
"67","255443","20220927162000","222","0","彰化縣","芳苑鄉","120.390","23.980","70"
"171","255448","20220927162000","72","3","彰化縣","芳苑鄉","120.385","23.985","162"
"1403","255463","20220927162000","1341","1","南投縣","埔里鎮","120.975","23.970","1361"
"54","255464","20220927162000","307","0","彰化縣","埔心鄉","120.560","23.950","54"
"12","255465","20220927162000","97","0","彰化縣","埔心鄉","120.560","23.955","19"
"442","255466","20220927162000","417","1","南投縣","南投市","120.695","23.940","421"
"526","255472","20220927162000","509","1","南投縣","南投市","120.695","23.945","496"
"49","255475","20220927162000","45","1","南投縣","南投市","120.700","23.950","47"
"522","255480","20220927162000","844","0","南投縣","南投市","120.695","23.950","1189"
"602","255482","20220927162000","519","1","南投縣","南投市","120.690","23.955","620"
"86","255490","20220927162000","205","0","南投縣","南投市","120.690","23.930","68"
"993","255491","20220927162000","584","3","南投縣","南投市","120.695","23.930","1006"
"247","255494","20220927162000","465","0","南投縣","南投市","120.690","23.935","244"
"1191","255496","20220927162000","757","3","南投縣","南投市","120.700","23.935","1227"
"60","255498","20220927162000","528","0","南投縣","南投市","120.710","23.935","66"
"285","255525","20220927162000","744","0","彰化縣","芳苑鄉","120.335","23.960","328"
"132","255535","20220927162000","72","3","彰化縣","芳苑鄉","120.360","23.970","123"
"169","255545","20220927162000","126","2","彰化縣","二林鎮","120.385","23.945","129"
"110","255549","20220927162000","137","0","彰化縣","芳苑鄉","120.385","23.955","115"
"112","255550","20220927162000","93","2","彰化縣","芳苑鄉","120.390","23.955","121"
"194","255551","20220927162000","144","2","彰化縣","芳苑鄉","120.395","23.955","166"
"128","255559","20220927162000","101","2","彰化縣","芳苑鄉","120.385","23.970","140"
"86","255593","20220927162000","68","2","南投縣","國姓鄉","120.855","23.995","82"
"335","255626","20220927162000","221","3","南投縣","國姓鄉","120.840","24.005","327"
"102","255633","20220927162000","313","0","南投縣","國姓鄉","120.815","24.000","82"
"15","255636","20220927162000","82","0","南投縣","國姓鄉","120.815","24.005","16"
"45","255646","20220927162000","343","0","南投縣","埔里鎮","120.955","23.995","44"
"892","255647","20220927162000","355","3","南投縣","埔里鎮","120.960","23.965","818"
"20","255663","20220927162000","247","0","南投縣","埔里鎮","121.000","23.955","22"
"202","255680","20220927162000","223","0","南投縣","埔里鎮","121.000","23.965","174"
"1113","255708","20220927162000","1067","1","南投縣","埔里鎮","120.995","23.975","1120"
"233","255724","20220927162000","219","1","南投縣","埔里鎮","121.005","23.980","249"
"102","255748","20220927162000","178","0","南投縣","埔里鎮","121.020","23.990","84"
"54","255778","20220927162000","130","0","南投縣","仁愛鄉","121.040","24.000","116"
"56","255784","20220927162000","46","2","南投縣","埔里鎮","121.055","24.000","29"
"1343","255785","20220927162000","1374","0","南投縣","埔里鎮","120.965","23.965","1293"
"78","255786","20220927162000","57","2","南投縣","埔里鎮","120.965","23.970","71"
"386","255794","20220927162000","246","3","南投縣","埔里鎮","120.990","23.930","381"
"713","255798","20220927162000","481","2","彰化縣","埔鹽鄉","120.485","24.005","743"
"641","255803","20220927162000","475","2","彰化縣","埔鹽鄉","120.475","23.995","634"
"961","255804","20220927162000","520","3","彰化縣","埔鹽鄉","120.480","23.995","950"
"290","255810","20220927162000","190","3","彰化縣","埔鹽鄉","120.455","24.010","281"
"37","255814","20220927162000","414","0","彰化縣","埔鹽鄉","120.430","23.980","31"
"297","255817","20220927162000","264","1","彰化縣","埔鹽鄉","120.445","23.960","298"
"389","255822","20220927162000","145","3","彰化縣","埔鹽鄉","120.440","23.975","377"
"738","255835","20220927162000","615","2","彰化縣","埔鹽鄉","120.465","24.000","707"
"218","255836","20220927162000","155","2","彰化縣","埔鹽鄉","120.460","24.005","188"
"615","255841","20220927162000","445","2","彰化縣","花壇鄉","120.575","24.005","566"
"17","255845","20220927162000","131","0","彰化縣","花壇鄉","120.585","24.010","28"
"268","255861","20220927162000","117","3","彰化縣","埔鹽鄉","120.450","23.985","260"
"99","255868","20220927162000","314","0","彰化縣","埔鹽鄉","120.445","23.985","85"
"307","255875","20220927162000","230","2","彰化縣","埔鹽鄉","120.465","23.970","277"
"15","255887","20220927162000","12","2","彰化縣","埔鹽鄉","120.495","23.985","15"
"228","255894","20220927162000","214","1","彰化縣","埔鹽鄉","120.490","23.990","242"
"33","255901","20220927162000","226","0","彰化縣","埔鹽鄉","120.490","23.975","33"
"71","255903","20220927162000","510","0","彰化縣","埔鹽鄉","120.480","23.980","83"
"661","255912","20220927162000","540","2","彰化縣","大村鄉","120.530","23.990","588"
"597","255913","20220927162000","490","2","彰化縣","大村鄉","120.535","23.990","583"
"841","255917","20220927162000","813","1","彰化縣","大村鄉","120.555","23.990","849"
"435","255920","20220927162000","932","0","彰化縣","大村鄉","120.575","23.985","426"
"303","255921","20220927162000","291","1","彰化縣","大村鄉","120.580","23.985","289"
"323","255923","20220927162000","332","0","彰化縣","大村鄉","120.590","23.985","300"
"65","255924","20220927162000","61","1","彰化縣","大村鄉","120.595","23.985","70"
"146","255941","20220927162000","143","1","彰化縣","大村鄉","120.540","23.980","160"
"394","255950","20220927162000","341","1","彰化縣","大村鄉","120.510","23.985","380"
"342","255953","20220927162000","213","3","彰化縣","大村鄉","120.520","23.985","336"
"242","255956","20220927162000","1230","0","彰化縣","大村鄉","120.560","23.990","237"
"91","255962","20220927162000","73","2","彰化縣","埔鹽鄉","120.430","23.995","95"
"460","255975","20220927162000","196","3","彰化縣","埔鹽鄉","120.420","23.990","404"
"112","255987","20220927162000","424","0","彰化縣","埔鹽鄉","120.450","24.005","119"
"372","256002","20220927162000","634","0","南投縣","埔里鎮","120.945","23.965","381"
"185","256004","20220927162000","1202","0","南投縣","埔里鎮","120.945","23.970","177"
"68","256025","20220927162000","62","1","南投縣","埔里鎮","120.890","23.955","81"
"776","256042","20220927162000","1056","0","南投縣","埔里鎮","120.945","23.975","865"
"716","256043","20220927162000","444","3","南投縣","埔里鎮","120.925","23.980","670"
"75","256061","20220927162000","56","2","彰化縣","員林鎮","120.605","23.950","59"
"947","256062","20220927162000","806","1","彰化縣","員林鎮","120.605","23.955","955"
"82","256063","20220927162000","431","0","南投縣","南投市","120.670","23.930","82"
"57","256065","20220927162000","283","0","南投縣","南投市","120.675","23.935","58"
"11","256071","20220927162000","29","0","南投縣","南投市","120.730","23.930","13"
"936","256085","20220927162000","736","2","南投縣","南投市","120.660","23.930","894"
"586","256086","20220927162000","495","1","南投縣","南投市","120.665","23.930","590"
"493","256089","20220927162000","414","1","南投縣","南投市","120.670","23.940","479"
"287","256091","20220927162000","344","0","彰化縣","員林鎮","120.570","23.965","272"
"1252","256092","20220927162000","1315","0","彰化縣","員林鎮","120.575","23.965","1217"
"2061","256094","20220927162000","1983","1","彰化縣","員林鎮","120.580","23.960","2016"
"13","256095","20220927162000","20","0","彰化縣","員林鎮","120.585","23.960","19"
"1580","256096","20220927162000","1050","3","彰化縣","員林鎮","120.580","23.965","1550"
"122","256144","20220927162000","144","0","南投縣","仁愛鄉","121.080","23.995","119"
"155","256164","20220927162000","154","1","南投縣","仁愛鄉","121.085","24.000","153"
"12","256180","20220927162000","78","0","南投縣","仁愛鄉","121.130","23.980","77"
"373","256187","20220927162000","266","2","南投縣","仁愛鄉","121.100","23.990","419"
"106","256354","20220927162000","65","3","南投縣","仁愛鄉","121.075","23.930","92"
"170","256404","20220927162000","111","3","南投縣","仁愛鄉","121.075","23.950","180"
"21","256598","20220927162000","17","2","南投縣","仁愛鄉","121.120","23.950","27"
"17","256645","20220927162000","12","2","南投縣","仁愛鄉","121.175","23.955","25"
"14","256646","20220927162000","53","0","南投縣","仁愛鄉","121.180","23.955","12"
"203","256716","20220927162000","80","3","南投縣","仁愛鄉","121.130","23.960","200"
"10","256753","20220927162000","89","0","南投縣","仁愛鄉","121.105","23.965","11"
"218","256953","20220927162000","1493","0","彰化縣","員林鎮","120.575","23.950","203"
"506","256956","20220927162000","428","1","彰化縣","員林鎮","120.595","23.960","531"
"51","256962","20220927162000","40","2","彰化縣","員林鎮","120.615","23.950","45"
"43","256968","20220927162000","157","0","彰化縣","員林鎮","120.625","23.955","49"
"25","256971","20220927162000","176","0","彰化縣","員林鎮","120.550","23.965","24"
"187","256976","20220927162000","264","0","彰化縣","員林鎮","120.605","23.945","143"
"63","256977","20220927162000","66","0","彰化縣","員林鎮","120.610","23.945","54"
"139","256978","20220927162000","116","1","彰化縣","員林鎮","120.615","23.945","135"
"1638","256982","20220927162000","1482","1","彰化縣","員林鎮","120.565","23.955","1730"
"2855","256983","20220927162000","2278","2","彰化縣","員林鎮","120.565","23.960","2753"
"357","256986","20220927162000","247","2","彰化縣","員林鎮","120.595","23.975","351"
"363","256988","20220927162000","337","1","彰化縣","大村鄉","120.590","23.980","350"
"1836","256995","20220927162000","1370","2","彰化縣","員林鎮","120.575","23.955","1861"
"63","256996","20220927162000","54","1","彰化縣","員林鎮","120.595","23.935","74"
"134","256997","20220927162000","417","0","彰化縣","員林鎮","120.605","23.935","145"
"30","257007","20220927162000","53","0","彰化縣","員林鎮","120.620","23.940","35"
"317","257021","20220927162000","262","2","彰化縣","二林鎮","120.415","23.955","348"
"124","257028","20220927162000","76","3","彰化縣","二林鎮","120.430","23.955","99"
"407","257055","20220927162000","386","1","彰化縣","二林鎮","120.400","23.930","400"
"153","257083","20220927162000","510","0","南投縣","草屯鎮","120.670","23.950","666"
"36","257086","20220927162000","340","0","南投縣","草屯鎮","120.680","23.955","49"
"939","257088","20220927162000","3127","0","南投縣","草屯鎮","120.680","23.960","985"
"181","257089","20220927162000","769","0","南投縣","草屯鎮","120.680","23.965","180"
"83","257092","20220927162000","692","0","彰化縣","員林鎮","120.570","23.945","89"
"435","257094","20220927162000","426","1","彰化縣","員林鎮","120.590","23.950","424"
"329","257095","20220927162000","226","2","彰化縣","員林鎮","120.595","23.950","334"
"1136","257097","20220927162000","1016","1","彰化縣","員林鎮","120.570","23.950","1161"
"93","257100","20220927162000","468","0","彰化縣","員林鎮","120.585","23.970","102"
"691","257103","20220927162000","338","3","彰化縣","二林鎮","120.455","23.930","701"
"226","257115","20220927162000","175","2","彰化縣","二林鎮","120.445","23.945","220"
"1134","257118","20220927162000","697","3","彰化縣","二林鎮","120.440","23.950","1077"
"953","257124","20220927162000","601","3","彰化縣","員林鎮","120.590","23.940","991"
"177","257135","20220927162000","191","0","彰化縣","埔心鄉","120.510","23.940","172"
"24","257145","20220927162000","290","0","彰化縣","溪湖鎮","120.485","23.940","26"
"31","257149","20220927162000","208","0","彰化縣","溪湖鎮","120.480","23.955","35"
"494","257152","20220927162000","1603","0","南投縣","草屯鎮","120.685","23.975","503"
"603","257154","20220927162000","505","1","南投縣","草屯鎮","120.725","23.980","571"
"54","257160","20220927162000","46","1","南投縣","草屯鎮","120.720","23.990","52"
"110","257162","20220927162000","116","0","南投縣","草屯鎮","120.730","23.990","110"
"852","257166","20220927162000","413","3","南投縣","草屯鎮","120.680","23.970","852"
"1514","257168","20220927162000","1720","0","南投縣","草屯鎮","120.680","23.980","1511"
"41","257171","20220927162000","352","0","南投縣","草屯鎮","120.655","24.000","36"
"396","257173","20220927162000","382","1","南投縣","草屯鎮","120.665","24.000","385"
"115","257176","20220927162000","378","0","南投縣","草屯鎮","120.650","24.005","102"
"227","257181","20220927162000","278","0","南投縣","草屯鎮","120.725","23.995","212"
"421","257193","20220927162000","261","3","南投縣","草屯鎮","120.730","24.000","367"
"591","257213","20220927162000","545","1","彰化縣","溪湖鎮","120.450","23.955","556"
"574","257215","20220927162000","457","2","彰化縣","溪湖鎮","120.460","23.955","558"
"13","257222","20220927162000","12","1","南投縣","草屯鎮","120.750","23.975","22"
"414","257229","20220927162000","299","2","南投縣","草屯鎮","120.750","23.980","396"
"317","257235","20220927162000","305","1","南投縣","草屯鎮","120.750","23.985","302"
"63","257245","20220927162000","41","3","南投縣","草屯鎮","120.720","23.955","46"
"119","257251","20220927162000","116","1","南投縣","中寮鄉","120.750","23.955","127"
"26","257266","20220927162000","24","1","南投縣","草屯鎮","120.740","23.965","22"
"156","257267","20220927162000","130","2","南投縣","草屯鎮","120.745","23.965","143"
"122","257273","20220927162000","100","2","南投縣","草屯鎮","120.705","23.960","131"
"576","257282","20220927162000","479","2","南投縣","草屯鎮","120.705","23.975","659"
"964","257285","20220927162000","656","2","南投縣","草屯鎮","120.695","23.980","921"
"1421","257286","20220927162000","1177","2","南投縣","草屯鎮","120.700","23.980","1458"
"706","257289","20220927162000","743","0","南投縣","草屯鎮","120.715","23.980","768"
"1168","257294","20220927162000","803","2","南投縣","南投市","120.685","23.955","1087"
"149","257295","20220927162000","505","0","南投縣","草屯鎮","120.685","23.960","148"
"1426","257299","20220927162000","987","2","南投縣","草屯鎮","120.690","23.965","1467"
"26","257300","20220927162000","41","0","南投縣","草屯鎮","120.695","23.965","31"
"158","257307","20220927162000","166","0","南投縣","草屯鎮","120.775","23.985","161"
"66","257320","20220927162000","99","0","南投縣","草屯鎮","120.765","23.995","52"
"450","257342","20220927162000","497","0","南投縣","草屯鎮","120.700","23.985","366"
"41","257346","20220927162000","63","0","南投縣","草屯鎮","120.705","23.990","54"
"116","257348","20220927162000","198","0","南投縣","草屯鎮","120.715","23.990","126"
"332","257349","20220927162000","1015","0","南投縣","草屯鎮","120.690","23.995","433"
"142","257351","20220927162000","109","2","南投縣","草屯鎮","120.700","23.995","144"
"456","257354","20220927162000","428","1","南投縣","草屯鎮","120.715","23.995","445"
"621","257356","20220927162000","333","3","南投縣","草屯鎮","120.695","23.995","593"
"774","257362","20220927162000","618","2","南投縣","草屯鎮","120.695","24.000","734"
"272","257365","20220927162000","188","2","南投縣","草屯鎮","120.710","24.000","281"
"79","257366","20220927162000","99","0","南投縣","草屯鎮","120.670","23.960","71"
"391","257368","20220927162000","186","3","南投縣","草屯鎮","120.675","23.965","337"
"192","257369","20220927162000","167","1","南投縣","草屯鎮","120.670","23.970","187"
"487","257370","20220927162000","376","2","南投縣","草屯鎮","120.670","23.975","487"
"275","257373","20220927162000","216","2","南投縣","草屯鎮","120.675","23.980","285"
"801","257376","20220927162000","1039","0","南投縣","草屯鎮","120.680","23.985","790"
"322","257377","20220927162000","295","1","南投縣","草屯鎮","120.670","23.990","322"
"37","257381","20220927162000","180","0","南投縣","草屯鎮","120.670","23.995","46"
"412","257386","20220927162000","147","3","南投縣","草屯鎮","120.685","23.990","535"
"424","257387","20220927162000","338","2","南投縣","草屯鎮","120.680","23.995","491"
"70","257389","20220927162000","298","0","南投縣","草屯鎮","120.680","24.000","76"
"503","257396","20220927162000","376","2","南投縣","草屯鎮","120.680","24.005","489"
"192","257400","20220927162000","720","0","南投縣","草屯鎮","120.685","23.985","176"
"2150","257401","20220927162000","1735","2","南投縣","草屯鎮","120.685","23.980","2112"
"101","257403","20220927162000","221","0","南投縣","草屯鎮","120.640","23.995","108"
"345","257407","20220927162000","440","0","南投縣","草屯鎮","120.660","23.995","315"
"69","257410","20220927162000","238","0","南投縣","草屯鎮","120.650","23.995","62"
"177","257415","20220927162000","99","3","南投縣","草屯鎮","120.655","23.965","167"
"618","257418","20220927162000","464","2","南投縣","草屯鎮","120.650","23.970","603"
"397","257422","20220927162000","273","2","南投縣","草屯鎮","120.650","23.975","365"
"251","257424","20220927162000","162","3","南投縣","草屯鎮","120.660","23.975","227"
"113","257426","20220927162000","295","0","南投縣","草屯鎮","120.650","23.980","112"
"226","257429","20220927162000","607","0","南投縣","草屯鎮","120.665","23.950","187"
"156","257438","20220927162000","286","0","南投縣","草屯鎮","120.660","23.960","160"
"151","257439","20220927162000","129","1","南投縣","草屯鎮","120.665","23.960","136"
"204","257496","20220927162000","189","1","南投縣","草屯鎮","120.795","23.985","217"
"208","257505","20220927162000","176","1","南投縣","草屯鎮","120.795","23.990","232"
"331","257522","20220927162000","187","3","南投縣","草屯鎮","120.800","24.000","385"
"89","257550","20220927162000","274","0","彰化縣","福興鄉","120.410","24.005","79"
"146","257580","20220927162000","116","2","彰化縣","芳苑鄉","120.400","23.995","138"
"475","257591","20220927162000","389","2","彰化縣","芳苑鄉","120.365","24.000","508"
"233","257595","20220927162000","197","1","彰化縣","芳苑鄉","120.385","24.000","263"
"344","257609","20220927162000","285","2","彰化縣","芳苑鄉","120.370","24.005","353"
"241","257631","20220927162000","139","3","彰化縣","芳苑鄉","120.340","23.965","246"
"146","257632","20220927162000","632","0","彰化縣","芳苑鄉","120.345","23.965","136"
"80","257638","20220927162000","42","3","彰化縣","芳苑鄉","120.325","23.970","29"
"341","257669","20220927162000","1116","0","彰化縣","秀水鄉","120.510","23.995","359"
"530","257680","20220927162000","383","2","彰化縣","秀水鄉","120.520","24.000","500"
"1026","257685","20220927162000","824","2","彰化縣","福興鄉","120.490","24.010","967"
"2025","257686","20220927162000","1586","2","彰化縣","福興鄉","120.495","24.010","2062"
"23","257694","20220927162000","18","2","彰化縣","芬園鄉","120.605","24.005","30"
"446","257699","20220927162000","218","3","彰化縣","溪湖鎮","120.490","23.950","437"
"529","257700","20220927162000","502","1","彰化縣","溪湖鎮","120.495","23.950","553"
"793","257703","20220927162000","511","3","彰化縣","溪湖鎮","120.475","23.960","809"
"358","257704","20220927162000","231","3","彰化縣","溪湖鎮","120.465","23.965","292"
"2159","257708","20220927162000","2187","0","彰化縣","溪湖鎮","120.480","23.960","2155"
"392","257713","20220927162000","313","2","彰化縣","溪湖鎮","120.485","23.935","400"
"25","257720","20220927162000","21","1","彰化縣","溪湖鎮","120.500","23.940","37"
"76","257725","20220927162000","276","0","彰化縣","溪湖鎮","120.505","23.950","50"
"39","257726","20220927162000","242","0","彰化縣","溪湖鎮","120.510","23.950","29"
"97","257727","20220927162000","470","0","彰化縣","溪湖鎮","120.490","23.955","102"
"119","257728","20220927162000","98","2","彰化縣","溪湖鎮","120.495","23.955","110"
"490","257729","20220927162000","486","1","彰化縣","溪湖鎮","120.485","23.960","513"
"397","257733","20220927162000","345","1","彰化縣","溪湖鎮","120.490","23.965","403"
"453","257734","20220927162000","457","0","彰化縣","溪湖鎮","120.485","23.970","432"
"398","257750","20220927162000","209","3","彰化縣","芬園鄉","120.625","23.965","382"
"157","257766","20220927162000","203","0","彰化縣","溪湖鎮","120.475","23.950","120"
"408","257767","20220927162000","604","0","彰化縣","溪湖鎮","120.475","23.955","401"
"206","257778","20220927162000","174","1","彰化縣","溪湖鎮","120.475","23.970","218"
"766","257781","20220927162000","730","1","彰化縣","溪湖鎮","120.470","23.980","768"
"224","257784","20220927162000","163","2","南投縣","草屯鎮","120.670","23.980","218"
"143","257785","20220927162000","477","0","南投縣","草屯鎮","120.650","23.985","157"
"213","257788","20220927162000","308","0","南投縣","草屯鎮","120.665","23.985","207"
"289","257792","20220927162000","319","0","南投縣","草屯鎮","120.665","23.990","289"
"40","257795","20220927162000","362","0","彰化縣","社頭鄉","120.605","23.930","42"
"180","257797","20220927162000","120","3","彰化縣","社頭鄉","120.615","23.930","161"
"109","257798","20220927162000","53","3","彰化縣","社頭鄉","120.620","23.930","111"
"430","257802","20220927162000","275","3","彰化縣","芬園鄉","120.630","23.995","392"
"19","257808","20220927162000","10","3","彰化縣","芬園鄉","120.615","24.005","20"
"1622","257810","20220927162000","988","3","彰化縣","芬園鄉","120.630","24.010","1435"
"34","257812","20220927162000","248","0","彰化縣","芬園鄉","120.640","24.010","45"
"39","257813","20220927162000","28","2","彰化縣","芬園鄉","120.645","24.010","44"
"361","257817","20220927162000","216","3","彰化縣","埔鹽鄉","120.425","23.995","376"
"44","257823","20220927162000","186","0","彰化縣","埔鹽鄉","120.430","24.005","47"
"243","257824","20220927162000","160","3","彰化縣","福興鄉","120.420","24.010","249"
"20","257825","20220927162000","16","2","彰化縣","福興鄉","120.425","24.010","35"
"305","257827","20220927162000","1023","0","彰化縣","秀水鄉","120.515","24.010","309"
"246","257834","20220927162000","151","3","彰化縣","芬園鄉","120.620","23.980","245"
"279","257851","20220927162000","114","3","彰化縣","芬園鄉","120.610","23.995","277"
"80","257857","20220927162000","77","1","彰化縣","芬園鄉","120.625","24.000","75"
"38","257867","20220927162000","209","0","彰化縣","芬園鄉","120.645","23.965","29"
"383","257871","20220927162000","247","3","彰化縣","芬園鄉","120.640","23.975","374"
"38","257882","20220927162000","337","0","彰化縣","花壇鄉","120.550","24.010","44"
"71","257884","20220927162000","50","2","彰化縣","花壇鄉","120.570","24.010","70"
"525","257886","20220927162000","510","1","彰化縣","社頭鄉","120.575","23.930","483"
"311","257898","20220927162000","359","0","南投縣","草屯鎮","120.730","23.975","332"
"240","257902","20220927162000","211","1","南投縣","草屯鎮","120.735","23.980","229"
"646","257907","20220927162000","1259","0","彰化縣","溪湖鎮","120.480","23.965","678"
"38","257908","20220927162000","416","0","彰化縣","溪湖鎮","120.480","23.970","48"
"1886","263412","20220927162000","1613","1","臺中市","霧峰區","120.690","24.045","2013"
"743","263414","20220927162000","517","2","臺中市","霧峰區","120.685","24.050","734"
"235","263420","20220927162000","123","3","臺中市","霧峰區","120.705","24.045","263"
"39","263428","20220927162000","36","1","臺中市","霧峰區","120.705","24.055","51"
"564","263432","20220927162000","619","0","臺中市","霧峰區","120.705","24.060","517"
"55","263433","20220927162000","357","0","臺中市","霧峰區","120.710","24.060","39"
"52","263450","20220927162000","306","0","臺中市","霧峰區","120.700","24.020","54"
"415","263482","20220927162000","439","0","臺中市","霧峰區","120.700","24.030","413"
"459","263484","20220927162000","481","0","臺中市","霧峰區","120.695","24.035","431"
"341","263486","20220927162000","390","0","臺中市","霧峰區","120.710","24.070","337"
"1716","263487","20220927162000","1167","2","臺中市","霧峰區","120.715","24.070","1607"
"365","263488","20220927162000","185","3","臺中市","霧峰區","120.720","24.070","197"
"889","263490","20220927162000","573","3","臺中市","霧峰區","120.705","24.075","959"
"289","263491","20220927162000","321","0","臺中市","霧峰區","120.710","24.075","301"
"1205","263492","20220927162000","1134","1","臺中市","霧峰區","120.715","24.075","1229"
"28","263493","20220927162000","252","0","臺中市","霧峰區","120.720","24.075","34"
"546","263495","20220927162000","378","2","臺中市","霧峰區","120.710","24.080","555"
"16","263497","20220927162000","23","0","臺中市","大里區","120.720","24.080","21"
"16","263499","20220927162000","49","0","臺中市","霧峰區","120.665","24.060","16"
"23","263518","20220927162000","91","0","臺中市","霧峰區","120.730","24.040","24"
"1014","263528","20220927162000","927","1","臺中市","霧峰區","120.695","24.040","1018"
"62","263539","20220927162000","83","0","臺中市","霧峰區","120.695","24.045","62"
"96","263553","20220927162000","65","2","臺中市","霧峰區","120.725","24.030","107"
"214","263569","20220927162000","134","3","臺中市","霧峰區","120.725","24.035","198"
"19","263573","20220927162000","155","0","臺中市","霧峰區","120.750","24.035","34"
"636","263579","20220927162000","545","1","臺中市","大里區","120.695","24.080","675"
"2450","263581","20220927162000","2102","1","臺中市","大里區","120.695","24.085","2422"
"214","263583","20220927162000","233","0","臺中市","大里區","120.690","24.085","218"
"122","263584","20220927162000","123","0","臺中市","大里區","120.700","24.080","119"
"1412","263585","20220927162000","1254","1","臺中市","大里區","120.700","24.085","1449"
"20","263586","20220927162000","310","0","臺中市","大里區","120.705","24.085","31"
"949","263587","20220927162000","975","0","臺中市","大里區","120.705","24.090","971"
"407","263588","20220927162000","396","1","臺中市","大里區","120.715","24.095","387"
"12","263615","20220927162000","14","0","臺中市","太平區","120.780","24.090","14"
"39","263708","20220927162000","29","2","臺中市","太平區","120.755","24.085","51"
"66","263716","20220927162000","124","0","臺中市","太平區","120.745","24.090","62"
"171","263736","20220927162000","257","0","臺中市","霧峰區","120.700","24.050","209"
"558","263737","20220927162000","555","1","臺中市","霧峰區","120.695","24.055","572"
"143","263738","20220927162000","134","1","臺中市","霧峰區","120.700","24.055","201"
"75","263741","20220927162000","428","0","臺中市","霧峰區","120.680","24.060","58"
"1204","263743","20220927162000","956","2","臺中市","霧峰區","120.680","24.065","1281"
"20","263745","20220927162000","20","1","臺中市","霧峰區","120.690","24.065","24"
"539","263746","20220927162000","515","1","臺中市","霧峰區","120.680","24.070","569"
"144","263747","20220927162000","594","0","臺中市","霧峰區","120.700","24.070","105"
"138","263753","20220927162000","95","2","臺中市","新社區","120.885","24.095","126"
"843","263758","20220927162000","794","1","臺中市","大里區","120.685","24.075","830"
"534","263759","20220927162000","353","3","臺中市","大里區","120.690","24.075","517"
"299","263764","20220927162000","705","0","臺中市","大里區","120.680","24.085","310"
"14","263765","20220927162000","269","0","臺中市","大里區","120.685","24.085","18"
"319","263766","20220927162000","300","1","臺中市","太平區","120.730","24.095","360"
"33","263775","20220927162000","19","3","臺中市","霧峰區","120.725","24.060","46"
"346","263776","20220927162000","374","0","臺中市","霧峰區","120.705","24.065","319"
"238","263778","20220927162000","268","0","臺中市","霧峰區","120.715","24.065","266"
"73","263794","20220927162000","121","0","臺中市","霧峰區","120.745","24.045","30"
"132","263828","20220927162000","190","0","臺中市","霧峰區","120.745","24.060","151"
"34","263842","20220927162000","39","0","臺中市","霧峰區","120.760","24.065","41"
"83","263846","20220927162000","50","3","臺中市","霧峰區","120.735","24.070","83"
"515","263863","20220927162000","399","2","臺中市","霧峰區","120.695","24.015","496"
"764","263864","20220927162000","734","1","臺中市","霧峰區","120.685","24.020","808"
"574","263875","20220927162000","474","2","臺中市","烏日區","120.655","24.055","612"
"497","263876","20220927162000","514","0","臺中市","烏日區","120.660","24.055","563"
"344","263878","20220927162000","319","1","臺中市","烏日區","120.655","24.045","363"
"344","263884","20220927162000","312","1","臺中市","烏日區","120.650","24.050","366"
"483","263885","20220927162000","661","0","臺中市","烏日區","120.635","24.070","488"
"1793","263888","20220927162000","1593","1","臺中市","烏日區","120.635","24.080","1773"
"717","263891","20220927162000","486","2","臺中市","烏日區","120.625","24.090","820"
"1897","263900","20220927162000","1566","2","臺中市","烏日區","120.640","24.075","1872"
"1000","263902","20220927162000","912","1","臺中市","烏日區","120.650","24.075","961"
"78","263907","20220927162000","1163","0","臺中市","烏日區","120.645","24.085","74"
"322","263933","20220927162000","271","1","臺中市","烏日區","120.635","24.050","288"
"2618","263942","20220927162000","2057","2","臺中市","大里區","120.680","24.095","2650"
"408","263943","20220927162000","301","2","臺中市","大里區","120.665","24.095","406"
"1091","263945","20220927162000","1038","1","臺中市","大里區","120.690","24.090","1074"
"1131","263946","20220927162000","1114","1","臺中市","大里區","120.695","24.095","1130"
"308","263948","20220927162000","267","1","臺中市","大里區","120.705","24.095","328"
"183","263949","20220927162000","222","0","臺中市","大里區","120.710","24.095","231"
"812","263950","20220927162000","641","2","臺中市","大里區","120.715","24.090","768"
"925","263951","20220927162000","976","0","臺中市","大里區","120.720","24.095","920"
"962","263954","20220927162000","980","0","臺中市","大里區","120.700","24.095","1009"
"480","263960","20220927162000","397","2","臺中市","大里區","120.735","24.090","454"
"972","263962","20220927162000","1117","0","臺中市","大里區","120.720","24.090","953"
"527","263964","20220927162000","520","1","臺中市","大里區","120.730","24.090","544"
"699","263969","20220927162000","835","0","臺中市","大里區","120.710","24.085","673"
"231","263970","20220927162000","409","0","臺中市","大里區","120.715","24.085","241"
"246","263971","20220927162000","249","0","臺中市","大里區","120.720","24.085","205"
"69","263975","20220927162000","81","0","臺中市","大里區","120.710","24.090","69"
"211","263977","20220927162000","100","3","臺中市","大里區","120.665","24.085","206"
"48","263979","20220927162000","432","0","臺中市","大里區","120.675","24.085","53"
"308","263989","20220927162000","485","0","臺中市","大里區","120.685","24.095","311"
"364","263990","20220927162000","330","1","臺中市","大里區","120.690","24.095","356"
"175","263991","20220927162000","270","0","臺中市","霧峰區","120.695","24.065","175"
"2277","263992","20220927162000","2126","1","臺中市","霧峰區","120.700","24.065","2215"
"918","263995","20220927162000","419","3","臺中市","霧峰區","120.665","24.065","932"
"205","263999","20220927162000","711","0","臺中市","霧峰區","120.665","24.070","245"
"49","264007","20220927162000","575","0","臺中市","霧峰區","120.655","24.085","50"
"61","264008","20220927162000","473","0","臺中市","霧峰區","120.650","24.085","60"
"257","264016","20220927162000","191","2","臺中市","霧峰區","120.690","24.040","238"
"81","264018","20220927162000","408","0","臺中市","霧峰區","120.685","24.045","85"
"21","264024","20220927162000","392","0","臺中市","霧峰區","120.665","24.040","20"
"423","264029","20220927162000","263","3","臺中市","霧峰區","120.660","24.050","408"
"682","264031","20220927162000","594","1","臺中市","大里區","120.700","24.090","739"
"61","264037","20220927162000","85","0","臺中市","霧峰區","120.670","24.025","50"
"28","264042","20220927162000","326","0","臺中市","霧峰區","120.670","24.030","27"
"179","264047","20220927162000","231","0","花蓮縣","秀林鄉","121.580","24.020","174"
"211","264094","20220927162000","215","0","花蓮縣","秀林鄉","121.595","24.050","217"
"896","264107","20220927162000","1147","0","花蓮縣","秀林鄉","121.600","24.055","844"
"490","264435","20220927162000","428","1","花蓮縣","新城鄉","121.610","24.080","404"
"209","264642","20220927162000","272","0","花蓮縣","新城鄉","121.595","24.015","243"
"323","264655","20220927162000","279","1","花蓮縣","新城鄉","121.590","24.035","250"
"163","264661","20220927162000","138","1","花蓮縣","新城鄉","121.595","24.040","142"
"744","264663","20220927162000","475","3","花蓮縣","新城鄉","121.605","24.030","833"
"331","264665","20220927162000","298","1","花蓮縣","新城鄉","121.605","24.035","364"
"340","264667","20220927162000","310","1","花蓮縣","新城鄉","121.600","24.035","362"
"2068","264676","20220927162000","1773","1","臺中市","烏日區","120.645","24.060","2042"
"111","264678","20220927162000","705","0","臺中市","烏日區","120.655","24.060","104"
"460","264683","20220927162000","521","0","臺中市","烏日區","120.640","24.065","470"
"326","264700","20220927162000","199","3","臺中市","烏日區","120.620","24.090","364"
"469","264703","20220927162000","375","2","臺中市","霧峰區","120.675","24.040","494"
"336","264707","20220927162000","211","3","臺中市","霧峰區","120.680","24.045","342"
"497","264712","20220927162000","347","2","臺中市","霧峰區","120.675","24.050","511"
"879","264717","20220927162000","1104","0","臺中市","烏日區","120.645","24.090","960"
"383","264719","20220927162000","371","1","臺中市","烏日區","120.635","24.095","353"
"64","264720","20220927162000","38","3","臺中市","烏日區","120.640","24.095","60"
"56","264722","20220927162000","196","0","臺中市","烏日區","120.645","24.095","60"
"513","264725","20220927162000","508","1","臺中市","烏日區","120.655","24.095","519"
"222","264726","20220927162000","147","3","臺中市","大里區","120.660","24.095","256"
"908","264728","20220927162000","816","1","花蓮縣","花蓮市","121.625","24.010","884"
"980","264732","20220927162000","737","2","花蓮縣","花蓮市","121.630","24.015","822"
"494","264737","20220927162000","335","2","花蓮縣","花蓮市","121.635","24.025","515"
"109","265344","20220927162000","51","3","南投縣","國姓鄉","120.830","24.030","99"
"32","265374","20220927162000","18","3","南投縣","國姓鄉","120.800","24.045","26"
"58","265406","20220927162000","48","2","南投縣","國姓鄉","120.825","24.070","58"
"25","265430","20220927162000","18","2","南投縣","國姓鄉","120.880","24.050","25"
"116","265436","20220927162000","101","1","南投縣","國姓鄉","120.910","24.050","123"
"128","265440","20220927162000","125","1","南投縣","國姓鄉","120.930","24.050","107"
"541","265442","20220927162000","290","3","南投縣","國姓鄉","120.880","24.055","576"
"233","265449","20220927162000","189","2","南投縣","國姓鄉","120.915","24.055","245"
"42","265465","20220927162000","29","2","南投縣","國姓鄉","120.930","24.060","46"
"105","265467","20220927162000","102","1","南投縣","國姓鄉","120.940","24.060","95"
"15","265498","20220927162000","13","1","南投縣","國姓鄉","120.930","24.075","14"
"96","265569","20220927162000","391","0","南投縣","國姓鄉","120.850","24.040","101"
"38","265593","20220927162000","151","0","南投縣","埔里鎮","120.910","24.025","32"
"25","265615","20220927162000","263","0","南投縣","埔里鎮","120.920","24.040","21"
"344","265622","20220927162000","236","2","南投縣","國姓鄉","120.930","24.045","369"
"71","265627","20220927162000","65","1","南投縣","埔里鎮","120.950","24.010","58"
"90","265628","20220927162000","310","0","南投縣","埔里鎮","120.945","24.015","98"
"10","265631","20220927162000","21","0","南投縣","埔里鎮","120.940","24.020","10"
"220","265633","20220927162000","203","1","南投縣","埔里鎮","120.950","24.020","255"
"89","265651","20220927162000","94","0","南投縣","埔里鎮","120.950","24.035","97"
"46","265706","20220927162000","187","0","花蓮縣","花蓮市","121.590","24.010","64"
"936","265708","20220927162000","1186","0","花蓮縣","新城鄉","121.610","24.015","931"
"101","265711","20220927162000","86","1","花蓮縣","新城鄉","121.605","24.020","107"
"818","265716","20220927162000","638","2","花蓮縣","新城鄉","121.605","24.025","772"
"169","265719","20220927162000","192","0","花蓮縣","新城鄉","121.620","24.025","185"
"204","265723","20220927162000","191","1","花蓮縣","新城鄉","121.615","24.030","164"
"89","265734","20220927162000","119","0","花蓮縣","新城鄉","121.625","24.035","122"
"611","265739","20220927162000","471","2","花蓮縣","新城鄉","121.605","24.040","533"
"339","265742","20220927162000","275","2","花蓮縣","新城鄉","121.610","24.045","335"
"11","265743","20220927162000","295","0","花蓮縣","新城鄉","121.615","24.045","11"
"115","265753","20220927162000","106","1","花蓮縣","新城鄉","121.615","24.060","105"
"285","265754","20220927162000","438","0","花蓮縣","新城鄉","121.610","24.065","300"
"577","265773","20220927162000","406","2","彰化縣","彰化市","120.570","24.085","609"
"764","265774","20220927162000","670","1","彰化縣","彰化市","120.575","24.090","739"
"230","265780","20220927162000","252","0","彰化縣","彰化市","120.620","24.045","227"
"314","265784","20220927162000","319","0","彰化縣","彰化市","120.620","24.060","316"
"1190","265794","20220927162000","1696","0","彰化縣","彰化市","120.535","24.090","1194"
"1445","265797","20220927162000","1106","2","彰化縣","彰化市","120.545","24.075","1365"
"1241","265798","20220927162000","528","3","彰化縣","彰化市","120.555","24.070","1334"
"1537","265800","20220927162000","1100","2","彰化縣","彰化市","120.545","24.085","1547"
"309","265801","20220927162000","274","1","彰化縣","彰化市","120.555","24.090","363"
"1806","265802","20220927162000","1656","1","彰化縣","彰化市","120.555","24.080","1706"
"117","265803","20220927162000","668","0","彰化縣","彰化市","120.560","24.080","158"
"1861","265804","20220927162000","1699","1","彰化縣","彰化市","120.555","24.085","1865"
"50","265805","20220927162000","87","0","彰化縣","彰化市","120.560","24.085","77"
"619","265806","20220927162000","711","0","彰化縣","彰化市","120.535","24.080","634"
"2291","265807","20220927162000","1430","3","彰化縣","彰化市","120.540","24.085","2341"
"2613","265808","20220927162000","1433","3","彰化縣","彰化市","120.545","24.090","2526"
"431","265810","20220927162000","256","3","彰化縣","彰化市","120.550","24.075","462"
"3437","265812","20220927162000","1389","3","彰化縣","彰化市","120.530","24.080","3482"
"89","265817","20220927162000","279","0","彰化縣","鹿港鎮","120.480","24.090","104"
"1038","265820","20220927162000","619","3","彰化縣","彰化市","120.535","24.070","1080"
"1299","265821","20220927162000","891","2","彰化縣","彰化市","120.530","24.065","1327"
"2135","265822","20220927162000","1350","3","彰化縣","彰化市","120.530","24.070","2182"
"519","265823","20220927162000","662","0","彰化縣","鹿港鎮","120.445","24.055","512"
"33","265824","20220927162000","241","0","彰化縣","鹿港鎮","120.445","24.060","32"
"35","265825","20220927162000","32","1","彰化縣","鹿港鎮","120.450","24.060","38"
"497","265826","20220927162000","509","0","彰化縣","鹿港鎮","120.445","24.065","498"
"27","265839","20220927162000","21","2","彰化縣","彰化市","120.580","24.075","25"
"448","265841","20220927162000","1525","0","彰化縣","彰化市","120.535","24.075","463"
"801","265848","20220927162000","617","2","彰化縣","鹿港鎮","120.460","24.080","729"
"398","265863","20220927162000","477","0","彰化縣","鹿港鎮","120.435","24.050","417"
"897","265864","20220927162000","1237","0","彰化縣","彰化市","120.550","24.085","833"
"162","265898","20220927162000","476","0","南投縣","國姓鄉","120.860","24.060","164"
"229","265927","20220927162000","166","2","南投縣","國姓鄉","120.845","24.025","229"
"87","265948","20220927162000","321","0","南投縣","國姓鄉","120.860","24.040","76"
"551","265956","20220927162000","324","3","南投縣","國姓鄉","120.855","24.045","582"
"343","265973","20220927162000","370","0","南投縣","國姓鄉","120.820","24.020","348"
"15","265977","20220927162000","229","0","南投縣","國姓鄉","120.825","24.025","11"
"3627","266081","20220927162000","3526","1","彰化縣","彰化市","120.535","24.065","3646"
"2104","266082","20220927162000","870","3","彰化縣","和美鎮","120.510","24.090","2127"
"301","266091","20220927162000","235","2","彰化縣","埔鹽鄉","120.455","24.015","269"
"3135","266093","20220927162000","1977","3","彰化縣","彰化市","120.540","24.070","3029"
"71","266099","20220927162000","556","0","彰化縣","花壇鄉","120.545","24.015","63"
"484","266100","20220927162000","407","1","彰化縣","花壇鄉","120.545","24.020","500"
"130","266107","20220927162000","86","3","彰化縣","花壇鄉","120.545","24.030","97"
"37","266111","20220927162000","41","0","彰化縣","花壇鄉","120.550","24.035","35"
"437","266122","20220927162000","330","2","彰化縣","埔鹽鄉","120.445","24.020","473"
"594","266124","20220927162000","194","3","彰化縣","彰化市","120.520","24.055","603"
"538","266127","20220927162000","872","0","彰化縣","彰化市","120.565","24.090","549"
"928","266128","20220927162000","560","3","彰化縣","彰化市","120.555","24.095","897"
"317","266129","20220927162000","227","2","彰化縣","彰化市","120.560","24.095","306"
"584","266131","20220927162000","557","1","彰化縣","彰化市","120.595","24.070","584"
"139","266132","20220927162000","118","1","彰化縣","彰化市","120.595","24.075","132"
"210","266134","20220927162000","149","2","彰化縣","彰化市","120.605","24.075","215"
"729","266136","20220927162000","617","1","彰化縣","彰化市","120.600","24.080","708"
"475","266138","20220927162000","351","2","彰化縣","彰化市","120.595","24.085","493"
"12","266148","20220927162000","25","0","彰化縣","花壇鄉","120.590","24.040","10"
"65","266153","20220927162000","44","2","彰化縣","彰化市","120.605","24.045","69"
"110","266154","20220927162000","106","1","彰化縣","彰化市","120.585","24.050","111"
"82","266155","20220927162000","123","0","彰化縣","彰化市","120.590","24.050","74"
"61","266157","20220927162000","53","1","彰化縣","彰化市","120.600","24.050","62"
"443","266166","20220927162000","303","2","彰化縣","彰化市","120.615","24.055","446"
"327","266168","20220927162000","315","1","彰化縣","彰化市","120.580","24.080","344"
"584","266169","20220927162000","523","1","彰化縣","彰化市","120.575","24.085","569"
"1207","266170","20220927162000","1095","1","彰化縣","彰化市","120.580","24.085","1247"
"241","266171","20220927162000","209","1","彰化縣","彰化市","120.560","24.075","241"
"755","266172","20220927162000","943","0","彰化縣","彰化市","120.550","24.080","711"
"1465","266176","20220927162000","364","3","彰化縣","和美鎮","120.495","24.085","1427"
"83","266180","20220927162000","67","2","彰化縣","和美鎮","120.495","24.090","107"
"1459","266182","20220927162000","2908","0","彰化縣","彰化市","120.535","24.085","1415"
"852","266183","20220927162000","812","1","彰化縣","和美鎮","120.525","24.095","817"
"334","266185","20220927162000","412","0","彰化縣","和美鎮","120.535","24.095","335"
"71","266190","20220927162000","68","1","彰化縣","秀水鄉","120.505","24.065","64"
"1537","266191","20220927162000","352","3","彰化縣","彰化市","120.510","24.065","1523"
"1254","266192","20220927162000","906","2","彰化縣","彰化市","120.515","24.065","1231"
"722","266194","20220927162000","155","3","彰化縣","彰化市","120.510","24.070","712"
"369","266196","20220927162000","290","2","彰化縣","花壇鄉","120.570","24.055","369"
"13","266199","20220927162000","45","0","彰化縣","彰化市","120.560","24.060","28"
"47","266205","20220927162000","278","0","彰化縣","彰化市","120.570","24.065","32"
"2930","266210","20220927162000","1143","3","彰化縣","彰化市","120.540","24.075","2911"
"4365","266211","20220927162000","3706","1","彰化縣","彰化市","120.540","24.080","4391"
"2017","266214","20220927162000","567","3","彰化縣","彰化市","120.525","24.080","2050"
"954","266216","20220927162000","711","2","彰化縣","彰化市","120.530","24.085","908"
"1064","266222","20220927162000","1281","0","彰化縣","彰化市","120.600","24.090","1143"
"413","266224","20220927162000","379","1","彰化縣","彰化市","120.585","24.090","445"
"234","266228","20220927162000","186","2","彰化縣","彰化市","120.580","24.095","244"
"47","266232","20220927162000","39","2","彰化縣","彰化市","120.600","24.095","60"
"550","266233","20220927162000","150","3","彰化縣","秀水鄉","120.500","24.075","533"
"67","266234","20220927162000","540","0","彰化縣","彰化市","120.505","24.075","64"
"882","266237","20220927162000","308","3","彰化縣","彰化市","120.520","24.075","875"
"382","266238","20220927162000","122","3","彰化縣","彰化市","120.510","24.080","368"
"216","266239","20220927162000","380","0","彰化縣","和美鎮","120.515","24.080","219"
"78","266240","20220927162000","196","0","彰化縣","彰化市","120.520","24.080","96"
"678","266241","20220927162000","335","3","彰化縣","彰化市","120.515","24.085","636"
"308","266243","20220927162000","205","3","彰化縣","彰化市","120.525","24.085","319"
"339","266244","20220927162000","536","0","彰化縣","彰化市","120.545","24.095","365"
"160","266245","20220927162000","814","0","彰化縣","彰化市","120.545","24.080","143"
"213","266246","20220927162000","154","2","彰化縣","彰化市","120.565","24.085","194"
"1285","266247","20220927162000","1402","0","彰化縣","彰化市","120.560","24.090","1276"
"429","266248","20220927162000","460","0","彰化縣","彰化市","120.570","24.090","455"
"1001","266249","20220927162000","586","3","彰化縣","和美鎮","120.530","24.090","969"
"334","266250","20220927162000","464","0","彰化縣","彰化市","120.555","24.065","489"
"3446","266251","20220927162000","4233","0","彰化縣","彰化市","120.545","24.070","3356"
"1123","266252","20220927162000","466","3","彰化縣","彰化市","120.550","24.070","1120"
"24","266255","20220927162000","24","1","彰化縣","彰化市","120.600","24.060","21"
"13","266262","20220927162000","167","0","彰化縣","彰化市","120.610","24.065","16"
"262","266263","20220927162000","244","1","彰化縣","彰化市","120.600","24.070","257"
"23","266264","20220927162000","19","2","彰化縣","彰化市","120.605","24.070","24"
"231","266265","20220927162000","200","1","彰化縣","彰化市","120.610","24.070","244"
"338","266266","20220927162000","1346","0","彰化縣","彰化市","120.540","24.090","361"
"621","266267","20220927162000","513","2","彰化縣","和美鎮","120.520","24.090","644"
"108","266274","20220927162000","378","0","彰化縣","和美鎮","120.505","24.085","111"
"62","266309","20220927162000","42","2","南投縣","仁愛鄉","120.970","24.045","34"
"227","266333","20220927162000","277","0","南投縣","仁愛鄉","120.970","24.060","228"
"196","266406","20220927162000","179","1","南投縣","仁愛鄉","121.095","24.010","175"
"158","266517","20220927162000","193","0","南投縣","仁愛鄉","121.210","24.075","134"
"49","266589","20220927162000","47","1","南投縣","仁愛鄉","121.210","24.090","46"
"72","266666","20220927162000","451","0","南投縣","仁愛鄉","121.130","24.020","77"
"335","266696","20220927162000","299","1","南投縣","仁愛鄉","121.150","24.040","364"
"567","266700","20220927162000","364","3","南投縣","仁愛鄉","121.125","24.045","571"
"185","266706","20220927162000","210","0","南投縣","仁愛鄉","121.155","24.045","205"
"48","266715","20220927162000","49","0","南投縣","仁愛鄉","121.155","24.050","53"
"139","266733","20220927162000","216","0","南投縣","仁愛鄉","121.160","24.055","169"
"81","266768","20220927162000","291","0","南投縣","仁愛鄉","121.165","24.070","248"
"43","267165","20220927162000","33","2","南投縣","仁愛鄉","121.025","24.090","23"
"31","267167","20220927162000","23","2","南投縣","仁愛鄉","121.035","24.090","34"
"92","267268","20220927162000","231","0","南投縣","仁愛鄉","121.175","24.010","99"
"54","267286","20220927162000","275","0","南投縣","仁愛鄉","121.140","24.025","67"
"25","267290","20220927162000","57","0","南投縣","仁愛鄉","121.160","24.025","17"
"786","267410","20220927162000","620","2","南投縣","仁愛鄉","121.180","24.035","767"
"98","267555","20220927162000","71","2","南投縣","仁愛鄉","121.190","24.060","118"
"286","267605","20220927162000","288","0","南投縣","仁愛鄉","121.210","24.070","225"
"223","267630","20220927162000","174","2","彰化縣","花壇鄉","120.530","24.050","238"
"638","267631","20220927162000","582","1","彰化縣","彰化市","120.530","24.055","651"
"1325","267632","20220927162000","1012","2","彰化縣","彰化市","120.530","24.060","1333"
"185","267633","20220927162000","1411","0","彰化縣","彰化市","120.535","24.060","199"
"1535","267634","20220927162000","1375","1","彰化縣","彰化市","120.550","24.090","1575"
"538","267636","20220927162000","440","2","彰化縣","彰化市","120.550","24.095","531"
"70","267637","20220927162000","78","0","彰化縣","彰化市","120.590","24.065","93"
"462","267640","20220927162000","266","3","彰化縣","彰化市","120.585","24.080","423"
"671","267641","20220927162000","374","3","彰化縣","彰化市","120.590","24.080","687"
"608","267646","20220927162000","421","2","彰化縣","彰化市","120.520","24.065","589"
"1600","267649","20220927162000","1549","1","彰化縣","彰化市","120.525","24.070","1530"
"93","267650","20220927162000","120","0","彰化縣","彰化市","120.525","24.075","90"
"603","267652","20220927162000","407","2","彰化縣","彰化市","120.555","24.050","588"
"688","267654","20220927162000","407","3","彰化縣","彰化市","120.535","24.055","702"
"339","267655","20220927162000","249","2","彰化縣","彰化市","120.540","24.055","337"
"225","267656","20220927162000","160","2","彰化縣","彰化市","120.545","24.055","230"
"236","267661","20220927162000","216","1","彰化縣","彰化市","120.540","24.060","227"
"355","267662","20220927162000","342","1","彰化縣","彰化市","120.545","24.060","362"
"35","267664","20220927162000","86","0","彰化縣","彰化市","120.555","24.060","135"
"3370","267665","20220927162000","2630","2","彰化縣","彰化市","120.540","24.065","3416"
"613","267666","20220927162000","591","1","彰化縣","彰化市","120.545","24.065","620"
"1198","267667","20220927162000","1036","1","彰化縣","彰化市","120.550","24.065","1038"
"3729","267669","20220927162000","1293","3","彰化縣","彰化市","120.515","24.055","3741"
"3430","267670","20220927162000","1577","3","彰化縣","彰化市","120.515","24.060","3515"
"43","267676","20220927162000","232","0","彰化縣","福興鄉","120.470","24.030","35"
"132","267682","20220927162000","80","3","彰化縣","福興鄉","120.470","24.035","155"
"567","267689","20220927162000","419","2","彰化縣","福興鄉","120.480","24.040","569"
"267","267697","20220927162000","157","3","彰化縣","福興鄉","120.455","24.035","307"
"769","267705","20220927162000","784","0","彰化縣","福興鄉","120.465","24.045","735"
"32","267711","20220927162000","235","0","彰化縣","福興鄉","120.460","24.020","32"
"269","267717","20220927162000","127","3","彰化縣","秀水鄉","120.510","24.015","238"
"35","267718","20220927162000","22","3","彰化縣","秀水鄉","120.500","24.020","24"
"48","267726","20220927162000","94","0","彰化縣","鹿港鎮","120.480","24.085","36"
"986","267729","20220927162000","573","3","彰化縣","鹿港鎮","120.485","24.090","990"
"2874","267732","20220927162000","2089","2","彰化縣","鹿港鎮","120.435","24.055","2885"
"1490","267736","20220927162000","763","3","彰化縣","鹿港鎮","120.465","24.090","1382"
"63","267739","20220927162000","326","0","彰化縣","鹿港鎮","120.470","24.095","54"
"1417","267795","20220927162000","743","3","彰化縣","福興鄉","120.490","24.015","1386"
"302","267808","20220927162000","315","0","彰化縣","福興鄉","120.440","24.030","288"
"330","267810","20220927162000","323","1","彰化縣","福興鄉","120.435","24.035","342"
"525","267824","20220927162000","493","1","彰化縣","福興鄉","120.390","24.015","511"
"577","267834","20220927162000","622","0","彰化縣","福興鄉","120.410","24.020","616"
"118","267844","20220927162000","803","0","彰化縣","秀水鄉","120.495","24.025","104"
"744","267873","20220927162000","570","2","彰化縣","福興鄉","120.400","24.045","707"
"622","267898","20220927162000","147","3","彰化縣","福興鄉","120.430","24.040","627"
"790","267900","20220927162000","661","1","彰化縣","福興鄉","120.430","24.045","805"
"40","267904","20220927162000","290","0","彰化縣","福興鄉","120.430","24.050","39"
"271","267908","20220927162000","158","3","彰化縣","福興鄉","120.430","24.020","246"
"31","267913","20220927162000","26","1","彰化縣","福興鄉","120.425","24.030","18"
"28","267926","20220927162000","37","0","彰化縣","福興鄉","120.405","24.030","34"
"269","267928","20220927162000","237","1","彰化縣","福興鄉","120.415","24.030","301"
"119","267935","20220927162000","69","3","彰化縣","秀水鄉","120.500","24.060","114"
"267","267946","20220927162000","240","1","彰化縣","秀水鄉","120.490","24.050","250"
"197","267947","20220927162000","70","3","彰化縣","秀水鄉","120.495","24.050","173"
"192","267949","20220927162000","571","0","彰化縣","秀水鄉","120.500","24.050","218"
"43","267955","20220927162000","269","0","彰化縣","秀水鄉","120.495","24.060","41"
"212","267957","20220927162000","882","0","彰化縣","秀水鄉","120.500","24.030","206"
"340","267959","20220927162000","658","0","彰化縣","秀水鄉","120.495","24.035","344"
"173","267960","20220927162000","785","0","彰化縣","秀水鄉","120.500","24.035","175"
"436","267964","20220927162000","100","3","彰化縣","秀水鄉","120.520","24.025","435"
"81","267966","20220927162000","467","0","彰化縣","秀水鄉","120.520","24.030","87"
"348","267972","20220927162000","258","2","彰化縣","鹿港鎮","120.435","24.065","344"
"454","267973","20220927162000","442","1","彰化縣","鹿港鎮","120.440","24.065","423"
"265","267975","20220927162000","259","1","彰化縣","鹿港鎮","120.435","24.070","268"
"34","267978","20220927162000","303","0","彰化縣","鹿港鎮","120.425","24.075","36"
"2447","267984","20220927162000","2147","1","彰化縣","鹿港鎮","120.410","24.080","2414"
"221","267987","20220927162000","189","1","彰化縣","鹿港鎮","120.425","24.080","243"
"26","267991","20220927162000","329","0","彰化縣","鹿港鎮","120.445","24.080","21"
"925","267999","20220927162000","795","1","彰化縣","鹿港鎮","120.415","24.080","889"
"620","268001","20220927162000","472","2","彰化縣","鹿港鎮","120.425","24.085","626"
"670","268005","20220927162000","456","2","彰化縣","鹿港鎮","120.445","24.085","683"
"590","268020","20220927162000","376","3","彰化縣","鹿港鎮","120.475","24.065","549"
"14","268028","20220927162000","279","0","彰化縣","鹿港鎮","120.485","24.080","21"
"943","268031","20220927162000","411","3","彰化縣","鹿港鎮","120.485","24.085","912"
"822","268032","20220927162000","949","0","彰化縣","鹿港鎮","120.430","24.060","818"
"422","268034","20220927162000","476","0","彰化縣","彰化市","120.525","24.060","425"
"797","268035","20220927162000","852","0","彰化縣","彰化市","120.525","24.065","771"
"198","268044","20220927162000","422","0","彰化縣","鹿港鎮","120.450","24.095","164"
"38","268053","20220927162000","15","3","彰化縣","鹿港鎮","120.470","24.075","29"
"484","268057","20220927162000","1190","0","彰化縣","鹿港鎮","120.475","24.080","442"
"280","268061","20220927162000","315","0","彰化縣","鹿港鎮","120.430","24.055","329"
"38","268068","20220927162000","128","0","彰化縣","芬園鄉","120.625","24.025","27"
"10","268070","20220927162000","27","0","彰化縣","花壇鄉","120.600","24.015","10"
"25","268073","20220927162000","26","0","彰化縣","芬園鄉","120.615","24.015","25"
"63","268074","20220927162000","74","0","彰化縣","芬園鄉","120.620","24.015","74"
"53","268077","20220927162000","467","0","彰化縣","福興鄉","120.480","24.045","54"
"1046","268085","20220927162000","968","1","彰化縣","鹿港鎮","120.470","24.055","1040"
"136","268089","20220927162000","138","0","彰化縣","鹿港鎮","120.460","24.060","137"
"466","268108","20220927162000","449","1","彰化縣","鹿港鎮","120.385","24.060","459"
"500","268109","20220927162000","403","2","彰化縣","鹿港鎮","120.390","24.060","515"
"546","268110","20220927162000","586","0","彰化縣","鹿港鎮","120.395","24.060","570"
"33","268126","20220927162000","42","0","彰化縣","鹿港鎮","120.390","24.065","23"
"732","268128","20220927162000","414","3","彰化縣","鹿港鎮","120.400","24.065","771"
"288","268129","20220927162000","286","1","彰化縣","鹿港鎮","120.405","24.065","295"
"328","268130","20220927162000","282","1","彰化縣","鹿港鎮","120.410","24.065","345"
"560","268134","20220927162000","473","1","彰化縣","鹿港鎮","120.430","24.065","569"
"253","268144","20220927162000","200","2","彰化縣","鹿港鎮","120.395","24.070","207"
"511","268157","20220927162000","477","1","彰化縣","鹿港鎮","120.390","24.075","528"
"113","268158","20220927162000","277","0","彰化縣","鹿港鎮","120.395","24.075","121"
"342","268161","20220927162000","302","1","彰化縣","鹿港鎮","120.410","24.075","309"
"19","268162","20220927162000","39","0","彰化縣","鹿港鎮","120.415","24.075","18"
"1291","268170","20220927162000","1209","1","彰化縣","鹿港鎮","120.395","24.080","1319"
"1615","268172","20220927162000","1470","1","彰化縣","鹿港鎮","120.440","24.055","1631"
"227","268173","20220927162000","1147","0","彰化縣","鹿港鎮","120.440","24.060","216"
"2295","268175","20220927162000","1967","1","彰化縣","福興鄉","120.440","24.045","2370"
"23","268176","20220927162000","168","0","彰化縣","花壇鄉","120.550","24.040","23"
"41","268203","20220927162000","32","2","彰化縣","芬園鄉","120.595","24.035","39"
"190","268205","20220927162000","147","2","彰化縣","芬園鄉","120.605","24.035","205"
"638","268224","20220927162000","400","3","彰化縣","芬園鄉","120.650","24.020","575"
"194","268226","20220927162000","332","0","彰化縣","芬園鄉","120.635","24.025","664"
"260","268233","20220927162000","329","0","彰化縣","福興鄉","120.440","24.035","274"
"690","268245","20220927162000","377","3","彰化縣","秀水鄉","120.490","24.070","668"
"456","268249","20220927162000","198","3","彰化縣","秀水鄉","120.505","24.030","459"
"281","268253","20220927162000","747","0","彰化縣","秀水鄉","120.505","24.040","330"
"78","268258","20220927162000","288","0","彰化縣","秀水鄉","120.515","24.020","91"
"25","268261","20220927162000","372","0","彰化縣","福興鄉","120.450","24.030","20"
"519","268262","20220927162000","412","2","彰化縣","福興鄉","120.455","24.030","509"
"912","268271","20220927162000","766","1","彰化縣","福興鄉","120.420","24.035","923"
"57","268274","20220927162000","449","0","彰化縣","福興鄉","120.425","24.035","52"
"840","268277","20220927162000","511","3","彰化縣","芬園鄉","120.660","24.015","839"
"115","268289","20220927162000","451","0","彰化縣","芬園鄉","120.625","24.020","112"
"119","268296","20220927162000","470","0","彰化縣","福興鄉","120.470","24.020","111"
"839","268297","20220927162000","247","3","彰化縣","秀水鄉","120.505","24.035","781"
"37","268301","20220927162000","304","0","彰化縣","秀水鄉","120.495","24.040","39"
"70","268303","20220927162000","309","0","彰化縣","秀水鄉","120.500","24.040","71"
"1088","268308","20220927162000","298","3","彰化縣","秀水鄉","120.510","24.045","1064"
"10","268310","20220927162000","239","0","彰化縣","秀水鄉","120.505","24.050","10"
"652","268316","20220927162000","429","3","彰化縣","花壇鄉","120.530","24.020","667"
"472","268321","20220927162000","407","1","彰化縣","花壇鄉","120.530","24.040","435"
"103","268322","20220927162000","427","0","彰化縣","花壇鄉","120.520","24.045","81"
"80","268324","20220927162000","671","0","彰化縣","花壇鄉","120.530","24.045","83"
"188","268327","20220927162000","189","0","彰化縣","花壇鄉","120.535","24.030","190"
"474","268328","20220927162000","482","0","彰化縣","花壇鄉","120.535","24.035","774"
"90","268329","20220927162000","272","0","彰化縣","花壇鄉","120.535","24.040","71"
"76","268331","20220927162000","376","0","彰化縣","花壇鄉","120.545","24.040","81"
"375","268333","20220927162000","260","2","彰化縣","花壇鄉","120.540","24.040","364"
"373","268335","20220927162000","359","1","彰化縣","花壇鄉","120.555","24.020","352"
"151","268336","20220927162000","634","0","彰化縣","花壇鄉","120.540","24.025","148"
"583","268338","20220927162000","472","2","彰化縣","花壇鄉","120.550","24.025","589"
"135","268339","20220927162000","122","1","彰化縣","花壇鄉","120.555","24.025","130"
"148","268347","20220927162000","111","2","彰化縣","花壇鄉","120.565","24.020","149"
"55","268352","20220927162000","29","3","彰化縣","花壇鄉","120.575","24.030","68"
"144","268356","20220927162000","127","1","彰化縣","花壇鄉","120.575","24.035","133"
"80","268370","20220927162000","125","0","彰化縣","花壇鄉","120.560","24.015","92"
"150","268371","20220927162000","155","0","彰化縣","花壇鄉","120.570","24.020","142"
"32","268375","20220927162000","33","0","彰化縣","花壇鄉","120.595","24.020","33"
"218","268381","20220927162000","545","0","彰化縣","花壇鄉","120.545","24.045","203"
"70","268391","20220927162000","28","3","彰化縣","花壇鄉","120.540","24.020","58"
"1639","268393","20220927162000","1359","2","彰化縣","花壇鄉","120.535","24.025","1702"
"47","268399","20220927162000","265","0","彰化縣","福興鄉","120.480","24.020","50"
"39","269403","20220927162000","43","0","彰化縣","鹿港鎮","120.395","24.105","37"
"698","274405","20220927162000","890","0","臺中市","太平區","120.720","24.135","749"
"1456","274408","20220927162000","1193","2","臺中市","太平區","120.720","24.115","1445"
"77","274410","20220927162000","61","2","臺中市","太平區","120.755","24.120","77"
"12","274433","20220927162000","57","0","臺中市","太平區","120.760","24.130","17"
"211","274476","20220927162000","219","0","臺中市","太平區","120.810","24.140","194"
"5039","274515","20220927162000","2163","3","臺中市","南屯區","120.645","24.135","4970"
"2616","274516","20220927162000","2947","0","臺中市","南屯區","120.650","24.140","2701"
"2739","274517","20220927162000","2410","1","臺中市","南屯區","120.650","24.150","2735"
"860","274518","20220927162000","851","1","臺中市","西屯區","120.650","24.155","848"
"114","274519","20220927162000","691","0","臺中市","南屯區","120.650","24.135","121"
"1231","274520","20220927162000","976","2","臺中市","南屯區","120.650","24.130","1281"
"472","274521","20220927162000","261","3","臺中市","南屯區","120.610","24.150","501"
"2442","274522","20220927162000","1258","3","臺中市","南屯區","120.615","24.150","2428"
"71","274523","20220927162000","30","3","臺中市","南屯區","120.620","24.150","52"
"1495","274524","20220927162000","1108","2","臺中市","南屯區","120.605","24.155","1458"
"451","274525","20220927162000","446","1","臺中市","南屯區","120.610","24.155","420"
"39","274528","20220927162000","33","1","臺中市","南屯區","120.590","24.160","33"
"518","274530","20220927162000","568","0","臺中市","南屯區","120.600","24.160","552"
"1602","274531","20220927162000","1939","0","臺中市","南屯區","120.605","24.160","1627"
"20","274532","20220927162000","32","0","臺中市","南屯區","120.610","24.160","22"
"792","274534","20220927162000","547","2","臺中市","南屯區","120.590","24.165","735"
"1500","274535","20220927162000","1559","0","臺中市","北區","120.690","24.155","1445"
"1854","274536","20220927162000","1920","0","臺中市","北屯區","120.695","24.165","1791"
"1610","274537","20220927162000","1180","2","臺中市","北屯區","120.700","24.160","1656"
"1672","274538","20220927162000","1425","1","臺中市","北區","120.690","24.160","1724"
"1537","274539","20220927162000","2047","0","臺中市","北區","120.680","24.150","1528"
"5602","274540","20220927162000","3226","3","臺中市","北區","120.685","24.150","5664"
"1482","274541","20220927162000","1792","0","臺中市","南區","120.660","24.125","1497"
"1687","274543","20220927162000","1489","1","臺中市","南區","120.675","24.125","1619"
"85","274544","20220927162000","67","2","臺中市","北屯區","120.665","24.185","75"
"563","274545","20220927162000","546","1","臺中市","北屯區","120.725","24.170","670"
"737","274546","20220927162000","1345","0","臺中市","北屯區","120.720","24.175","734"
"1576","274547","20220927162000","1113","2","臺中市","北屯區","120.725","24.175","1560"
"1897","274549","20220927162000","1433","2","臺中市","北屯區","120.725","24.180","1894"
"529","274551","20220927162000","428","2","臺中市","北屯區","120.735","24.180","544"
"3544","274554","20220927162000","3103","1","臺中市","西區","120.675","24.140","3506"
"1003","274556","20220927162000","1018","0","臺中市","大里區","120.675","24.105","972"
"529","274558","20220927162000","506","1","臺中市","大里區","120.675","24.115","519"
"1640","274559","20220927162000","1387","1","臺中市","西屯區","120.615","24.175","1603"
"1034","274560","20220927162000","872","1","臺中市","西屯區","120.630","24.175","1118"
"2260","274561","20220927162000","2433","0","臺中市","西屯區","120.615","24.180","2255"
"1825","274562","20220927162000","1700","1","臺中市","西屯區","120.625","24.180","1835"
"703","274564","20220927162000","676","1","臺中市","西屯區","120.630","24.180","745"
"1906","274566","20220927162000","1932","0","臺中市","西屯區","120.640","24.175","1907"
"1357","274567","20220927162000","1298","1","臺中市","西屯區","120.635","24.175","1379"
"2142","274568","20220927162000","772","3","臺中市","西屯區","120.635","24.180","2341"
"107","274569","20220927162000","1047","0","臺中市","西屯區","120.630","24.185","82"
"168","274571","20220927162000","512","0","臺中市","北屯區","120.715","24.175","161"
"883","274572","20220927162000","751","1","臺中市","北屯區","120.715","24.180","920"
"380","274575","20220927162000","651","0","臺中市","北屯區","120.715","24.185","381"
"78","274577","20220927162000","68","1","臺中市","北屯區","120.730","24.185","85"
"829","274578","20220927162000","429","3","臺中市","北屯區","120.720","24.185","836"
"1429","274581","20220927162000","2128","0","臺中市","北區","120.665","24.165","1489"
"2150","274582","20220927162000","2211","0","臺中市","北區","120.670","24.165","2059"
"485","274583","20220927162000","376","2","臺中市","南區","120.670","24.125","466"
"1286","274585","20220927162000","1345","0","臺中市","西屯區","120.610","24.185","1297"
"2550","274586","20220927162000","2801","0","臺中市","西屯區","120.600","24.180","2480"
"1455","274587","20220927162000","1554","0","臺中市","西屯區","120.605","24.180","1464"
"305","274591","20220927162000","1378","0","臺中市","龍井區","120.530","24.180","291"
"642","274593","20220927162000","1346","0","臺中市","烏日區","120.635","24.100","671"
"1778","274595","20220927162000","2518","0","臺中市","烏日區","120.635","24.105","1810"
"969","274596","20220927162000","1057","0","臺中市","烏日區","120.640","24.105","930"
"112","274603","20220927162000","544","0","臺中市","大肚區","120.530","24.160","127"
"4699","274608","20220927162000","3451","2","臺中市","西區","120.670","24.135","4780"
"826","274609","20220927162000","1701","0","臺中市","西區","120.655","24.150","787"
"2443","274610","20220927162000","2266","1","臺中市","西區","120.655","24.135","2432"
"2190","274611","20220927162000","2744","0","臺中市","西區","120.655","24.145","2159"
"1869","274612","20220927162000","2228","0","臺中市","西區","120.670","24.130","1873"
"183","274615","20220927162000","247","0","臺中市","太平區","120.735","24.135","195"
"50","274616","20220927162000","30","3","臺中市","太平區","120.740","24.140","48"
"2004","274620","20220927162000","1366","2","臺中市","北區","120.685","24.160","1981"
"1982","274621","20220927162000","1554","2","臺中市","北區","120.675","24.150","1976"
"2345","274623","20220927162000","1696","2","臺中市","北區","120.690","24.150","2359"
"1807","274624","20220927162000","1372","2","臺中市","南區","120.680","24.120","1767"
"2195","274625","20220927162000","1746","2","臺中市","大里區","120.685","24.120","2151"
"754","274626","20220927162000","559","2","臺中市","南區","120.660","24.120","789"
"924","274627","20220927162000","675","2","臺中市","南區","120.675","24.120","937"
"1333","274628","20220927162000","1851","0","臺中市","東區","120.695","24.130","1356"
"2257","274629","20220927162000","2980","0","臺中市","西屯區","120.620","24.185","2284"
"746","274630","20220927162000","493","3","臺中市","西屯區","120.615","24.185","746"
"610","274631","20220927162000","865","0","臺中市","西屯區","120.620","24.190","613"
"3761","274632","20220927162000","3116","2","臺中市","西屯區","120.605","24.185","3685"
"2119","274634","20220927162000","1426","2","臺中市","西屯區","120.600","24.185","2045"
"930","274636","20220927162000","576","3","臺中市","東區","120.705","24.130","921"
"195","274637","20220927162000","511","0","臺中市","東區","120.705","24.135","352"
"2743","274639","20220927162000","1779","3","臺中市","東區","120.695","24.145","2754"
"184","274640","20220927162000","161","1","臺中市","東區","120.700","24.145","202"
"1704","274641","20220927162000","1155","2","臺中市","東區","120.695","24.125","1781"
"2798","274642","20220927162000","2115","2","臺中市","大里區","120.680","24.110","2831"
"237","274644","20220927162000","259","0","臺中市","大里區","120.665","24.100","223"
"80","274646","20220927162000","587","0","臺中市","大里區","120.665","24.105","71"
"534","274647","20220927162000","426","2","臺中市","大里區","120.670","24.105","508"
"78","274648","20220927162000","597","0","臺中市","大里區","120.665","24.110","77"
"902","274649","20220927162000","739","2","臺中市","大里區","120.670","24.110","1002"
"498","274650","20220927162000","435","1","臺中市","大里區","120.700","24.105","528"
"216","274683","20220927162000","219","0","臺中市","太平區","120.765","24.110","219"
"98","274707","20220927162000","76","2","臺中市","太平區","120.795","24.115","73"
"10","274708","20220927162000","15","0","臺中市","太平區","120.800","24.115","10"
"271","274737","20220927162000","333","0","臺中市","太平區","120.720","24.140","268"
"660","274738","20220927162000","465","2","臺中市","太平區","120.725","24.135","653"
"995","274739","20220927162000","624","3","臺中市","大里區","120.695","24.120","975"
"125","274741","20220927162000","125","1","臺中市","東區","120.700","24.130","125"
"148","274742","20220927162000","110","2","臺中市","東區","120.700","24.135","160"
"1715","274744","20220927162000","1804","0","臺中市","大里區","120.685","24.105","1647"
"17","274758","20220927162000","19","0","臺中市","新社區","120.825","24.145","30"
"11","274762","20220927162000","15","0","臺中市","新社區","120.845","24.145","13"
"15","274764","20220927162000","21","0","臺中市","新社區","120.825","24.150","17"
"238","274781","20220927162000","107","3","臺中市","新社區","120.825","24.165","195"
"114","274785","20220927162000","88","2","臺中市","新社區","120.835","24.170","98"
"822","274786","20220927162000","445","3","臺中市","西屯區","120.610","24.180","729"
"140","274787","20220927162000","668","0","臺中市","南區","120.680","24.125","134"
"1888","274788","20220927162000","1394","2","臺中市","東區","120.685","24.135","1878"
"6161","274789","20220927162000","4862","2","臺中市","北區","120.685","24.145","6263"
"3697","274790","20220927162000","3533","1","臺中市","北屯區","120.670","24.175","3747"
"785","274792","20220927162000","713","1","臺中市","東區","120.695","24.135","739"
"58","274805","20220927162000","61","0","臺中市","新社區","120.825","24.155","65"
"448","274823","20220927162000","298","3","臺中市","新社區","120.800","24.180","500"
"16","274827","20220927162000","21","0","臺中市","新社區","120.800","24.185","10"
"207","274835","20220927162000","1284","0","臺中市","大肚區","120.540","24.150","185"
"206","274842","20220927162000","293","0","臺中市","大肚區","120.540","24.170","232"
"22","274852","20220927162000","17","2","臺中市","大肚區","120.525","24.175","21"
"130","274869","20220927162000","529","0","臺中市","大肚區","120.545","24.135","141"
"43","274873","20220927162000","331","0","臺中市","大肚區","120.550","24.140","52"
"160","274874","20220927162000","254","0","臺中市","大肚區","120.555","24.140","175"
"1807","274883","20220927162000","1744","1","臺中市","北區","120.670","24.155","1916"
"990","274884","20220927162000","580","3","臺中市","西屯區","120.655","24.175","956"
"198","274885","20220927162000","602","0","臺中市","西屯區","120.660","24.175","210"
"2545","274889","20220927162000","1563","3","臺中市","大肚區","120.580","24.110","2702"
"69","274891","20220927162000","393","0","臺中市","大肚區","120.570","24.115","74"
"171","274895","20220927162000","154","1","臺中市","大肚區","120.545","24.145","166"
"233","274897","20220927162000","1334","0","臺中市","大肚區","120.550","24.150","222"
"1283","274905","20220927162000","869","2","臺中市","南區","120.650","24.115","1257"
"1266","274907","20220927162000","1315","0","臺中市","南區","120.650","24.120","1246"
"1127","274908","20220927162000","840","2","臺中市","南區","120.655","24.120","1122"
"966","274910","20220927162000","887","1","臺中市","南區","120.645","24.110","921"
"1770","274911","20220927162000","1419","2","臺中市","南區","120.650","24.110","1786"
"1104","274912","20220927162000","1134","0","臺中市","南區","120.655","24.110","1090"
"481","274913","20220927162000","855","0","臺中市","南區","120.670","24.115","484"
"458","274917","20220927162000","333","2","臺中市","龍井區","120.575","24.180","472"
"943","274918","20220927162000","679","2","臺中市","龍井區","120.580","24.180","941"
"313","274921","20220927162000","267","1","臺中市","龍井區","120.580","24.185","278"
"233","274926","20220927162000","208","1","臺中市","新社區","120.815","24.180","212"
"18","274937","20220927162000","19","0","臺中市","新社區","120.880","24.105","15"
"115","274950","20220927162000","86","2","南投縣","國姓鄉","120.855","24.120","118"
"35","274969","20220927162000","49","0","臺中市","新社區","120.840","24.130","40"
"81","274972","20220927162000","51","3","臺中市","新社區","120.855","24.130","93"
"67","274982","20220927162000","62","1","臺中市","新社區","120.855","24.135","51"
"14","275009","20220927162000","10","2","臺中市","新社區","120.875","24.145","18"
"29","275017","20220927162000","90","0","臺中市","新社區","120.865","24.155","16"
"21","275019","20220927162000","83","0","臺中市","新社區","120.875","24.155","15"
"404","275027","20220927162000","156","3","臺中市","新社區","120.885","24.160","400"
"21","275030","20220927162000","134","0","臺中市","新社區","120.885","24.165","24"
"1435","275034","20220927162000","1801","0","臺中市","北區","120.675","24.165","1432"
"4281","275035","20220927162000","2870","2","臺中市","北區","120.680","24.165","4274"
"1402","275036","20220927162000","1700","0","臺中市","北區","120.675","24.170","1448"
"1114","275037","20220927162000","1042","1","臺中市","南區","120.655","24.115","1144"
"1021","275038","20220927162000","2125","0","臺中市","南區","120.660","24.115","1021"
"2111","275039","20220927162000","1732","2","臺中市","南區","120.665","24.120","2120"
"2220","275040","20220927162000","1656","2","臺中市","南區","120.670","24.120","2301"
"150","275041","20220927162000","503","0","臺中市","太平區","120.715","24.115","157"
"939","275042","20220927162000","951","0","臺中市","太平區","120.720","24.120","988"
"2018","275043","20220927162000","2558","0","臺中市","西屯區","120.645","24.175","1979"
"2948","275044","20220927162000","2829","1","臺中市","西屯區","120.650","24.175","2831"
"2850","275045","20220927162000","2068","2","臺中市","西屯區","120.640","24.185","2924"
"431","275048","20220927162000","220","3","臺中市","西屯區","120.625","24.155","461"
"928","275049","20220927162000","998","0","臺中市","西屯區","120.625","24.160","1020"
"1129","275052","20220927162000","908","2","臺中市","龍井區","120.585","24.180","1177"
"2147","275053","20220927162000","1815","1","臺中市","西屯區","120.590","24.185","2095"
"424","275054","20220927162000","457","0","臺中市","龍井區","120.585","24.185","419"
"592","275055","20220927162000","1050","0","臺中市","龍井區","120.590","24.180","615"
"327","275056","20220927162000","244","2","臺中市","西屯區","120.595","24.190","356"
"450","275061","20220927162000","587","0","臺中市","東區","120.710","24.145","484"
"1741","275062","20220927162000","1305","2","臺中市","東區","120.710","24.140","1732"
"309","275064","20220927162000","240","2","臺中市","大里區","120.695","24.100","318"
"301","275065","20220927162000","357","0","臺中市","大里區","120.700","24.100","279"
"1185","275066","20220927162000","1112","1","臺中市","大里區","120.685","24.110","1189"
"664","275067","20220927162000","426","3","臺中市","大里區","120.690","24.110","670"
"917","275069","20220927162000","652","2","臺中市","太平區","120.730","24.100","933"
"616","275075","20220927162000","836","0","臺中市","太平區","120.730","24.105","593"
"559","275076","20220927162000","353","3","臺中市","太平區","120.735","24.120","552"
"22","275081","20220927162000","14","3","臺中市","太平區","120.745","24.125","21"
"442","275082","20220927162000","334","2","臺中市","太平區","120.740","24.130","474"
"4549","275083","20220927162000","3762","2","臺中市","北區","120.680","24.155","4559"
"243","275084","20220927162000","233","1","臺中市","太平區","120.750","24.125","269"
"87","275090","20220927162000","54","3","臺中市","太平區","120.755","24.135","122"
"718","275099","20220927162000","523","2","臺中市","太平區","120.735","24.110","662"
"808","275110","20220927162000","671","2","臺中市","西區","120.665","24.130","818"
"1156","275111","20220927162000","1120","1","臺中市","東區","120.690","24.125","1154"
"16","275112","20220927162000","101","0","臺中市","東區","120.685","24.125","18"
"1847","275114","20220927162000","1468","2","臺中市","西區","120.665","24.135","1927"
"2291","275115","20220927162000","2263","1","臺中市","西區","120.670","24.140","2231"
"1010","275116","20220927162000","679","2","臺中市","南區","120.655","24.130","1008"
"923","275118","20220927162000","1073","0","臺中市","北區","120.695","24.155","898"
"1771","275119","20220927162000","1572","1","臺中市","北區","120.695","24.160","1873"
"7292","275120","20220927162000","4646","3","臺中市","西區","120.660","24.135","7244"
"1067","275121","20220927162000","1052","1","臺中市","東區","120.685","24.130","1052"
"1660","275122","20220927162000","980","3","臺中市","南區","120.675","24.130","1663"
"1813","275123","20220927162000","1334","2","臺中市","南屯區","120.635","24.145","1492"
"4505","275124","20220927162000","3084","2","臺中市","南屯區","120.640","24.145","4338"
"3011","275125","20220927162000","2350","2","臺中市","西區","120.670","24.145","3057"
"2813","275126","20220927162000","2828","0","臺中市","北區","120.665","24.160","2957"
"1472","275128","20220927162000","2337","0","臺中市","北區","120.675","24.160","1581"
"1606","275129","20220927162000","1743","0","臺中市","北區","120.675","24.145","1551"
"1258","275130","20220927162000","1115","1","臺中市","北屯區","120.700","24.185","1291"
"586","275133","20220927162000","232","3","臺中市","北屯區","120.660","24.185","547"
"1532","275134","20220927162000","1129","2","臺中市","北屯區","120.660","24.180","1541"
"276","275137","20220927162000","207","2","臺中市","龍井區","120.565","24.175","245"
"3806","275141","20220927162000","3848","0","臺中市","南屯區","120.655","24.140","3807"
"299","275142","20220927162000","954","0","臺中市","西區","120.665","24.140","338"
"739","275143","20220927162000","464","3","臺中市","西屯區","120.625","24.185","761"
"2592","275144","20220927162000","2270","1","臺中市","西屯區","120.655","24.160","2643"
"1598","275145","20220927162000","976","3","臺中市","西屯區","120.650","24.165","1668"
"3359","275146","20220927162000","2981","1","臺中市","西屯區","120.655","24.165","3355"
"110","275147","20220927162000","586","0","臺中市","烏日區","120.600","24.120","94"
"115","275154","20220927162000","438","0","臺中市","烏日區","120.605","24.125","107"
"23","275159","20220927162000","112","0","臺中市","南屯區","120.600","24.130","33"
"59","275166","20220927162000","57","1","臺中市","烏日區","120.590","24.110","58"
"2487","275167","20220927162000","1726","2","臺中市","烏日區","120.595","24.110","2376"
"1947","275174","20220927162000","1103","3","臺中市","烏日區","120.615","24.105","2001"
"1082","275175","20220927162000","1224","0","臺中市","烏日區","120.615","24.110","1144"
"281","275177","20220927162000","939","0","臺中市","烏日區","120.625","24.110","286"
"30","275178","20220927162000","141","0","臺中市","烏日區","120.615","24.115","23"
"1456","275179","20220927162000","2139","0","臺中市","北區","120.685","24.165","1503"
"248","275181","20220927162000","1436","0","臺中市","北屯區","120.725","24.160","420"
"263","275185","20220927162000","245","1","臺中市","北屯區","120.725","24.165","299"
"1409","275187","20220927162000","1073","2","臺中市","北屯區","120.735","24.165","1359"
"28","275188","20220927162000","37","0","臺中市","北屯區","120.740","24.165","22"
"461","275189","20220927162000","298","3","臺中市","北屯區","120.730","24.170","442"
"448","275192","20220927162000","815","0","臺中市","北屯區","120.735","24.175","413"
"1185","275193","20220927162000","866","2","臺中市","北屯區","120.740","24.175","1180"
"2289","275194","20220927162000","1866","2","臺中市","北區","120.670","24.170","2260"
"732","275195","20220927162000","773","0","臺中市","北屯區","120.690","24.170","739"
"1076","275196","20220927162000","600","3","臺中市","北屯區","120.675","24.175","1014"
"4626","275197","20220927162000","3340","2","臺中市","北屯區","120.680","24.175","4894"
"2926","275198","20220927162000","2786","1","臺中市","北屯區","120.685","24.175","3048"
"3577","275199","20220927162000","3388","1","臺中市","南屯區","120.635","24.150","3277"
"1324","275200","20220927162000","1280","1","臺中市","南屯區","120.640","24.150","1327"
"1719","275201","20220927162000","2602","0","臺中市","南屯區","120.635","24.155","1760"
"1826","275202","20220927162000","1094","3","臺中市","北屯區","120.685","24.190","1948"
"37","275203","20220927162000","144","0","臺中市","南屯區","120.620","24.115","34"
"1405","275204","20220927162000","888","3","臺中市","南屯區","120.625","24.115","1485"
"247","275206","20220927162000","260","0","臺中市","南屯區","120.625","24.120","237"
"1969","275207","20220927162000","1790","1","臺中市","西屯區","120.650","24.180","1912"
"1792","275208","20220927162000","1447","2","臺中市","西屯區","120.635","24.185","1839"
"3565","275209","20220927162000","3421","1","臺中市","西屯區","120.645","24.180","3624"
"2528","275210","20220927162000","2369","1","臺中市","西屯區","120.640","24.180","2598"
"691","275211","20220927162000","343","3","臺中市","西屯區","120.655","24.185","694"
"1065","275212","20220927162000","723","2","臺中市","西屯區","120.660","24.165","1020"
"4266","275213","20220927162000","3464","2","臺中市","西屯區","120.650","24.160","4422"
"403","275214","20220927162000","363","1","臺中市","西屯區","120.665","24.170","372"
"511","275215","20220927162000","434","1","臺中市","大里區","120.710","24.110","514"
"675","275217","20220927162000","1250","0","臺中市","太平區","120.710","24.115","658"
"279","275219","20220927162000","307","0","臺中市","太平區","120.710","24.120","308"
"734","275221","20220927162000","810","0","臺中市","太平區","120.705","24.125","730"
"777","275222","20220927162000","702","1","臺中市","太平區","120.710","24.125","768"
"1378","275223","20220927162000","1597","0","臺中市","太平區","120.715","24.125","1293"
"1334","275227","20220927162000","1078","2","臺中市","北屯區","120.670","24.180","1396"
"586","275228","20220927162000","398","2","臺中市","北屯區","120.665","24.180","596"
"144","275229","20220927162000","567","0","臺中市","北屯區","120.700","24.165","141"
"1465","275230","20220927162000","1939","0","臺中市","北屯區","120.700","24.170","1451"
"765","275231","20220927162000","461","3","臺中市","北屯區","120.705","24.165","786"
"1475","275232","20220927162000","1083","2","臺中市","北屯區","120.675","24.180","1464"
"600","275233","20220927162000","315","3","臺中市","北屯區","120.675","24.185","546"
"2637","275234","20220927162000","1672","3","臺中市","北屯區","120.680","24.180","2652"
"1451","275235","20220927162000","1231","1","臺中市","北屯區","120.670","24.185","1573"
"1121","275237","20220927162000","363","3","臺中市","北屯區","120.675","24.190","1119"
"120","275238","20220927162000","610","0","臺中市","北屯區","120.680","24.185","119"
"2474","275239","20220927162000","2858","0","臺中市","北區","120.680","24.160","2590"
"2195","275240","20220927162000","1838","1","臺中市","南區","120.660","24.110","2301"
"2090","275241","20220927162000","1819","1","臺中市","南區","120.665","24.115","2175"
"1512","275242","20220927162000","1608","0","臺中市","南區","120.665","24.125","1516"
"838","275243","20220927162000","868","0","臺中市","南區","120.655","24.125","893"
"2618","275245","20220927162000","2685","0","臺中市","南屯區","120.645","24.145","2108"
"2783","275246","20220927162000","2638","1","臺中市","西區","120.650","24.145","3059"
"319","275247","20220927162000","476","0","臺中市","南屯區","120.600","24.140","332"
"350","275249","20220927162000","272","2","臺中市","南屯區","120.610","24.140","350"
"278","275250","20220927162000","110","3","臺中市","南屯區","120.615","24.140","281"
"2255","275251","20220927162000","1572","2","臺中市","南屯區","120.600","24.145","2268"
"2302","275252","20220927162000","1567","2","臺中市","南屯區","120.605","24.145","2283"
"753","275253","20220927162000","449","3","臺中市","南屯區","120.610","24.145","787"
"847","275254","20220927162000","771","1","臺中市","南屯區","120.615","24.145","771"
"666","275255","20220927162000","779","0","臺中市","南屯區","120.620","24.145","671"
"156","275256","20220927162000","164","0","臺中市","南屯區","120.595","24.150","159"
"741","275257","20220927162000","462","3","臺中市","南屯區","120.600","24.150","789"
"40","275258","20220927162000","43","0","臺中市","南屯區","120.605","24.150","39"
"15","275259","20220927162000","22","0","臺中市","南屯區","120.580","24.155","15"
"1810","275267","20220927162000","1809","1","臺中市","北屯區","120.690","24.185","1787"
"21","275268","20220927162000","17","2","臺中市","北屯區","120.690","24.190","20"
"353","275270","20220927162000","370","0","臺中市","大肚區","120.555","24.130","365"
"545","275272","20220927162000","506","1","臺中市","大肚區","120.555","24.135","528"
"771","275278","20220927162000","878","0","臺中市","南屯區","120.620","24.140","795"
"409","275280","20220927162000","418","0","臺中市","南屯區","120.625","24.145","410"
"660","275281","20220927162000","592","1","臺中市","南屯區","120.630","24.145","675"
"13","275283","20220927162000","18","0","臺中市","南屯區","120.605","24.130","13"
"367","275284","20220927162000","291","2","臺中市","南屯區","120.610","24.130","364"
"669","275286","20220927162000","367","3","臺中市","南屯區","120.600","24.135","717"
"346","275288","20220927162000","294","1","臺中市","南屯區","120.610","24.135","372"
"11","275290","20220927162000","10","1","臺中市","烏日區","120.590","24.135","11"
"215","275291","20220927162000","257","0","臺中市","南屯區","120.595","24.135","205"
"1498","275293","20220927162000","1341","1","臺中市","南屯區","120.605","24.135","1443"
"1618","275294","20220927162000","1385","1","臺中市","南屯區","120.615","24.135","1594"
"26","275297","20220927162000","19","2","臺中市","南屯區","120.590","24.140","36"
"90","275298","20220927162000","113","0","臺中市","南屯區","120.595","24.140","73"
"19","275300","20220927162000","15","2","臺中市","南屯區","120.580","24.145","13"
"1355","275302","20220927162000","958","2","臺中市","南屯區","120.590","24.145","1390"
"64","275303","20220927162000","237","0","臺中市","南屯區","120.595","24.145","51"
"802","275307","20220927162000","564","2","臺中市","南屯區","120.590","24.150","771"
"98","275309","20220927162000","115","0","臺中市","南屯區","120.630","24.115","96"
"86","275311","20220927162000","290","0","臺中市","南屯區","120.630","24.120","99"
"669","275312","20220927162000","500","2","臺中市","南屯區","120.635","24.120","651"
"294","275314","20220927162000","101","3","臺中市","南屯區","120.625","24.135","299"
"2483","275315","20220927162000","1848","2","臺中市","南屯區","120.630","24.135","2498"
"1138","275316","20220927162000","1051","1","臺中市","南屯區","120.630","24.140","1217"
"2904","275317","20220927162000","1742","3","臺中市","南屯區","120.635","24.140","2922"
"1712","275318","20220927162000","1165","2","臺中市","南屯區","120.645","24.150","1616"
"1898","275319","20220927162000","1151","3","臺中市","南屯區","120.640","24.140","1907"
"2148","275320","20220927162000","2255","0","臺中市","南屯區","120.645","24.140","2114"
"499","275322","20220927162000","231","3","臺中市","南屯區","120.635","24.125","454"
"668","275325","20220927162000","331","3","臺中市","南屯區","120.635","24.130","673"
"3466","275326","20220927162000","1878","3","臺中市","南屯區","120.645","24.130","3403"
"1805","275328","20220927162000","637","3","臺中市","南屯區","120.640","24.135","1758"
"208","275329","20220927162000","436","0","臺中市","南屯區","120.640","24.130","208"
"157","275330","20220927162000","174","0","臺中市","南屯區","120.620","24.125","137"
"769","275332","20220927162000","432","3","臺中市","南屯區","120.630","24.125","733"
"155","275333","20220927162000","128","2","臺中市","南屯區","120.620","24.130","151"
"273","275336","20220927162000","102","3","臺中市","南屯區","120.640","24.125","176"
"505","275337","20220927162000","473","1","臺中市","南屯區","120.620","24.135","513"
"1271","275340","20220927162000","1467","0","臺中市","太平區","120.700","24.150","1300"
"1262","275341","20220927162000","720","3","臺中市","北區","120.700","24.155","1228"
"2755","275343","20220927162000","1707","3","臺中市","北屯區","120.685","24.180","2242"
"980","275344","20220927162000","736","2","臺中市","北屯區","120.690","24.180","1052"
"242","275350","20220927162000","357","0","臺中市","北屯區","120.745","24.160","270"
"244","275354","20220927162000","273","0","臺中市","太平區","120.770","24.160","298"
"88","275362","20220927162000","77","1","臺中市","北屯區","120.745","24.170","91"
"337","275365","20220927162000","263","2","臺中市","北屯區","120.760","24.170","335"
"29","275378","20220927162000","36","0","臺中市","北屯區","120.765","24.175","30"
"20","275380","20220927162000","191","0","臺中市","北屯區","120.775","24.175","26"
"133","275382","20220927162000","86","3","臺中市","北屯區","120.785","24.175","138"
"120","275386","20220927162000","104","1","臺中市","北屯區","120.750","24.180","116"
"752","275391","20220927162000","1001","0","臺中市","北屯區","120.710","24.160","776"
"361","275392","20220927162000","337","1","臺中市","北屯區","120.715","24.160","331"
"238","275393","20220927162000","322","0","臺中市","北屯區","120.710","24.165","289"
"1077","275394","20220927162000","735","2","臺中市","北屯區","120.715","24.165","1144"
"740","275395","20220927162000","513","2","臺中市","北屯區","120.720","24.165","695"
"1628","275396","20220927162000","1264","2","臺中市","北屯區","120.710","24.170","1524"
"298","275397","20220927162000","271","1","臺中市","北屯區","120.715","24.170","229"
"955","275398","20220927162000","827","1","臺中市","北屯區","120.720","24.170","967"
"165","275399","20220927162000","104","3","臺中市","大肚區","120.570","24.150","187"
"120","275400","20220927162000","293","0","臺中市","大肚區","120.570","24.155","114"
"989","275403","20220927162000","906","1","臺中市","大肚區","120.570","24.160","944"
"29","275420","20220927162000","22","2","臺中市","大肚區","120.535","24.150","31"
"2892","275421","20220927162000","2772","1","臺中市","西區","120.655","24.155","2886"
"3648","275422","20220927162000","2709","2","臺中市","西區","120.660","24.155","3660"
"599","275423","20220927162000","569","1","臺中市","西區","120.660","24.160","657"
"223","275424","20220927162000","188","1","臺中市","大里區","120.675","24.100","199"
"382","275425","20220927162000","385","0","臺中市","大里區","120.680","24.100","340"
"503","275426","20220927162000","296","3","臺中市","大里區","120.680","24.105","458"
"2514","275427","20220927162000","1647","3","臺中市","西區","120.680","24.135","2606"
"642","275428","20220927162000","962","0","臺中市","中區","120.680","24.145","635"
"3642","275429","20220927162000","2285","3","臺中市","中區","120.680","24.140","3526"
"2142","275430","20220927162000","1444","2","臺中市","北屯區","120.680","24.170","2186"
"659","275431","20220927162000","1107","0","臺中市","北屯區","120.685","24.170","662"
"519","275432","20220927162000","765","0","臺中市","北屯區","120.690","24.165","527"
"1082","275433","20220927162000","1250","0","臺中市","北屯區","120.695","24.170","1116"
"2550","275434","20220927162000","2148","1","臺中市","北屯區","120.695","24.175","2600"
"2517","275435","20220927162000","2250","1","臺中市","北屯區","120.690","24.175","2539"
"1445","275436","20220927162000","1510","0","臺中市","南屯區","120.630","24.150","1487"
"1217","275437","20220927162000","797","3","臺中市","南屯區","120.630","24.155","1208"
"358","275439","20220927162000","885","0","臺中市","北屯區","120.710","24.175","362"
"336","275440","20220927162000","400","0","臺中市","北屯區","120.695","24.185","359"
"593","275442","20220927162000","825","0","臺中市","北屯區","120.710","24.180","586"
"493","275443","20220927162000","548","0","臺中市","北屯區","120.705","24.180","551"
"647","275445","20220927162000","607","1","臺中市","北屯區","120.705","24.185","652"
"2022","275457","20220927162000","1498","2","臺中市","北區","120.670","24.160","2102"
"3719","275458","20220927162000","3207","1","臺中市","北區","120.685","24.155","3750"
"1344","275459","20220927162000","1068","2","臺中市","北屯區","120.700","24.175","1425"
"691","275461","20220927162000","540","2","臺中市","大里區","120.710","24.100","687"
"1633","275462","20220927162000","1672","0","臺中市","大里區","120.715","24.100","1577"
"1526","275463","20220927162000","1951","0","臺中市","大里區","120.690","24.105","1541"
"365","275464","20220927162000","708","0","臺中市","大里區","120.695","24.105","380"
"626","275466","20220927162000","861","0","臺中市","大里區","120.685","24.100","629"
"3547","275467","20220927162000","2165","3","臺中市","大里區","120.680","24.115","3460"
"275","275468","20220927162000","387","0","臺中市","大里區","120.685","24.115","466"
"944","275469","20220927162000","938","1","臺中市","南屯區","120.635","24.135","996"
"60","275471","20220927162000","565","0","臺中市","大里區","120.695","24.110","67"
"1358","275477","20220927162000","828","3","臺中市","太平區","120.715","24.155","1416"
"1163","275478","20220927162000","522","3","臺中市","北屯區","120.705","24.170","1139"
"435","275479","20220927162000","277","3","臺中市","北屯區","120.740","24.180","427"
"42","275480","20220927162000","196","0","臺中市","北屯區","120.745","24.180","45"
"23","275487","20220927162000","114","0","臺中市","北屯區","120.745","24.185","17"
"22","275492","20220927162000","19","1","臺中市","北屯區","120.770","24.185","20"
"56","275502","20220927162000","70","0","臺中市","北屯區","120.765","24.185","51"
"1038","275504","20220927162000","1251","0","臺中市","北屯區","120.695","24.180","1036"
"1566","275505","20220927162000","1265","2","臺中市","西屯區","120.665","24.175","1612"
"777","275506","20220927162000","709","1","臺中市","西屯區","120.640","24.155","832"
"2945","275507","20220927162000","3094","0","臺中市","西屯區","120.645","24.155","2865"
"2382","275508","20220927162000","3745","0","臺中市","西屯區","120.640","24.160","2500"
"2516","275509","20220927162000","2223","1","臺中市","西屯區","120.645","24.160","2458"
"281","275510","20220927162000","1198","0","臺中市","西屯區","120.640","24.165","304"
"5207","275511","20220927162000","4692","1","臺中市","西屯區","120.645","24.165","5339"
"1072","275512","20220927162000","840","2","臺中市","西屯區","120.650","24.170","1110"
"673","275513","20220927162000","434","3","臺中市","太平區","120.720","24.145","665"
"501","275515","20220927162000","491","1","臺中市","太平區","120.715","24.145","512"
"1429","275517","20220927162000","1215","1","臺中市","大里區","120.690","24.115","1331"
"433","275518","20220927162000","347","2","臺中市","大里區","120.690","24.120","405"
"548","275519","20220927162000","224","3","臺中市","東區","120.700","24.125","528"
"15","275540","20220927162000","36","0","臺中市","和平區","120.880","24.180","11"
"40","275662","20220927162000","30","2","臺中市","和平區","120.955","24.160","40"
"32","275685","20220927162000","77","0","臺中市","和平區","120.950","24.165","25"
"22","275716","20220927162000","83","0","臺中市","和平區","120.975","24.170","18"
"23","275771","20220927162000","95","0","臺中市","和平區","120.980","24.180","23"
"206","275829","20220927162000","117","3","臺中市","和平區","120.990","24.185","211"
"287","276007","20220927162000","229","2","臺中市","和平區","120.925","24.180","270"
"199","276027","20220927162000","536","0","臺中市","北屯區","120.700","24.180","210"
"1206","276028","20220927162000","1565","0","臺中市","南區","120.680","24.130","1258"
"1145","276029","20220927162000","1859","0","臺中市","西屯區","120.620","24.180","1182"
"2973","276033","20220927162000","2318","2","臺中市","西屯區","120.650","24.185","2897"
"39","276034","20220927162000","222","0","臺中市","西屯區","120.650","24.190","32"
"14","276036","20220927162000","37","0","臺中市","西屯區","120.630","24.160","15"
"2004","276037","20220927162000","1645","2","臺中市","西屯區","120.635","24.160","1978"
"2338","276039","20220927162000","2541","0","臺中市","西屯區","120.635","24.165","2212"
"472","276040","20220927162000","373","2","臺中市","西屯區","120.630","24.170","433"
"567","276041","20220927162000","574","0","臺中市","西屯區","120.635","24.170","528"
"1920","276043","20220927162000","1310","2","臺中市","太平區","120.715","24.140","1993"
"116","276044","20220927162000","710","0","臺中市","太平區","120.720","24.155","108"
"2184","276045","20220927162000","2398","0","臺中市","西區","120.660","24.140","2140"
"1790","276046","20220927162000","1976","0","臺中市","西區","120.660","24.145","1774"
"1244","276048","20220927162000","905","2","臺中市","南區","120.660","24.130","1221"
"161","276451","20220927162000","208","0","花蓮縣","秀林鄉","121.285","24.140","82"
"270","276521","20220927162000","270","1","花蓮縣","秀林鄉","121.635","24.140","277"
"19","276664","20220927162000","131","0","花蓮縣","秀林鄉","121.625","24.150","11"
"125","276735","20220927162000","72","3","花蓮縣","秀林鄉","121.625","24.155","113"
"34","276802","20220927162000","21","3","花蓮縣","秀林鄉","121.615","24.160","40"
"146","276803","20220927162000","142","1","花蓮縣","秀林鄉","121.620","24.160","219"
"95","276923","20220927162000","76","2","花蓮縣","秀林鄉","121.530","24.170","24"
"85","276945","20220927162000","107","0","花蓮縣","秀林鄉","121.300","24.175","44"
"11","276990","20220927162000","17","0","花蓮縣","秀林鄉","121.520","24.175","11"
"11","276995","20220927162000","27","0","花蓮縣","秀林鄉","121.545","24.175","11"
"65","276998","20220927162000","22","3","花蓮縣","秀林鄉","121.560","24.175","24"
"172","277000","20220927162000","103","3","花蓮縣","秀林鄉","121.570","24.175","132"
"13","277001","20220927162000","88","0","花蓮縣","秀林鄉","121.575","24.175","48"
"13","277006","20220927162000","134","0","花蓮縣","秀林鄉","121.600","24.175","29"
"20","277055","20220927162000","27","0","花蓮縣","秀林鄉","121.510","24.180","12"
"329","277116","20220927162000","238","2","花蓮縣","秀林鄉","121.495","24.180","255"
"694","277183","20220927162000","469","2","花蓮縣","秀林鄉","121.655","24.125","691"
"93","277187","20220927162000","89","1","花蓮縣","秀林鄉","121.645","24.135","82"
"237","277214","20220927162000","254","0","花蓮縣","秀林鄉","121.650","24.155","215"
"150","277223","20220927162000","156","0","花蓮縣","秀林鄉","121.655","24.160","125"
"182","277237","20220927162000","114","3","花蓮縣","秀林鄉","121.655","24.170","101"
"14","277255","20220927162000","11","2","花蓮縣","秀林鄉","121.660","24.180","13"
"1570","277409","20220927162000","2806","0","臺中市","西屯區","120.645","24.170","1479"
"333","277410","20220927162000","285","1","臺中市","太平區","120.730","24.155","337"
"221","277411","20220927162000","561","0","臺中市","太平區","120.735","24.155","216"
"32","277415","20220927162000","190","0","臺中市","大肚區","120.550","24.120","28"
"798","277420","20220927162000","840","0","臺中市","大肚區","120.570","24.120","805"
"113","277421","20220927162000","635","0","臺中市","大肚區","120.575","24.120","106"
"515","277423","20220927162000","502","1","臺中市","大肚區","120.570","24.125","532"
"63","277425","20220927162000","491","0","臺中市","大肚區","120.580","24.125","79"
"59","277426","20220927162000","379","0","臺中市","大肚區","120.570","24.130","49"
"350","277434","20220927162000","326","1","臺中市","大肚區","120.585","24.135","288"
"16","277436","20220927162000","11","2","臺中市","大肚區","120.580","24.140","15"
"1384","277437","20220927162000","1440","0","臺中市","大里區","120.705","24.105","1383"
"425","277439","20220927162000","381","1","臺中市","大里區","120.705","24.110","435"
"40","277440","20220927162000","261","0","臺中市","太平區","120.705","24.150","33"
"436","277441","20220927162000","517","0","臺中市","太平區","120.710","24.150","452"
"433","277442","20220927162000","303","2","臺中市","烏日區","120.625","24.100","450"
"845","277443","20220927162000","879","0","臺中市","烏日區","120.630","24.100","810"
"1390","277444","20220927162000","1021","2","臺中市","烏日區","120.620","24.105","1404"
"832","277445","20220927162000","397","3","臺中市","烏日區","120.625","24.105","919"
"594","277450","20220927162000","383","3","臺中市","西屯區","120.595","24.165","626"
"647","277451","20220927162000","696","0","臺中市","西屯區","120.600","24.165","637"
"818","277452","20220927162000","863","0","臺中市","西屯區","120.605","24.165","817"
"909","277453","20220927162000","850","1","臺中市","西屯區","120.610","24.165","890"
"48","277456","20220927162000","254","0","臺中市","西屯區","120.585","24.170","46"
"2222","277457","20220927162000","2372","0","臺中市","西屯區","120.590","24.170","2239"
"457","277458","20220927162000","269","3","臺中市","西屯區","120.595","24.170","473"
"37","277459","20220927162000","50","0","臺中市","西屯區","120.600","24.170","43"
"315","277460","20220927162000","311","1","臺中市","西屯區","120.605","24.170","312"
"1109","277461","20220927162000","1292","0","臺中市","西屯區","120.610","24.170","1050"
"170","277462","20220927162000","219","0","臺中市","西屯區","120.615","24.170","155"
"877","277463","20220927162000","821","1","臺中市","西屯區","120.620","24.170","847"
"57","277465","20220927162000","315","0","臺中市","西屯區","120.585","24.175","79"
"435","277467","20220927162000","572","0","臺中市","西屯區","120.605","24.175","439"
"1590","277468","20220927162000","1096","2","臺中市","西屯區","120.595","24.175","1607"
"591","277471","20220927162000","409","2","臺中市","西屯區","120.620","24.175","567"
"86","277472","20220927162000","76","1","臺中市","西屯區","120.625","24.175","70"
"650","277473","20220927162000","1422","0","臺中市","西屯區","120.595","24.180","651"
"1631","277474","20220927162000","1205","2","臺中市","西屯區","120.595","24.185","1733"
"1519","277475","20220927162000","1319","1","臺中市","西屯區","120.600","24.175","1486"
"1730","277477","20220927162000","1806","0","臺中市","太平區","120.720","24.130","1764"
"66","277478","20220927162000","548","0","臺中市","太平區","120.710","24.130","67"
"181","277480","20220927162000","1267","0","臺中市","太平區","120.715","24.135","180"
"2228","277481","20220927162000","1471","3","臺中市","太平區","120.730","24.150","2192"
"47","277483","20220927162000","201","0","臺中市","大肚區","120.575","24.170","42"
"491","277484","20220927162000","725","0","臺中市","大肚區","120.580","24.170","509"
"1336","277487","20220927162000","1336","1","臺中市","大肚區","120.545","24.155","1259"
"116","277488","20220927162000","516","0","臺中市","大肚區","120.540","24.160","121"
"518","277489","20220927162000","537","0","臺中市","大肚區","120.545","24.160","525"
"689","277492","20220927162000","366","3","臺中市","大肚區","120.535","24.165","713"
"611","277493","20220927162000","871","0","臺中市","大里區","120.690","24.100","655"
"601","277496","20220927162000","404","2","臺中市","太平區","120.735","24.105","589"
"838","277503","20220927162000","764","1","臺中市","太平區","120.730","24.140","866"
"1204","277504","20220927162000","1185","1","臺中市","太平區","120.735","24.140","1213"
"107","277507","20220927162000","56","3","臺中市","太平區","120.730","24.145","99"
"593","277508","20220927162000","909","0","臺中市","太平區","120.735","24.145","565"
"1143","277520","20220927162000","971","1","臺中市","太平區","120.740","24.155","1165"
"272","277531","20220927162000","1188","0","臺中市","太平區","120.730","24.125","273"
"92","277532","20220927162000","190","0","臺中市","太平區","120.725","24.130","114"
"1177","277533","20220927162000","1394","0","臺中市","東區","120.690","24.130","1265"
"1801","277534","20220927162000","1917","0","臺中市","東區","120.690","24.140","1802"
"2787","277535","20220927162000","2274","2","臺中市","中區","120.685","24.140","2802"
"13","277537","20220927162000","158","0","臺中市","太平區","120.735","24.130","18"
"658","277538","20220927162000","1378","0","臺中市","太平區","120.720","24.100","655"
"1572","277540","20220927162000","960","3","臺中市","太平區","120.720","24.105","1604"
"891","277541","20220927162000","938","0","臺中市","太平區","120.725","24.140","927"
"509","277542","20220927162000","435","1","臺中市","太平區","120.730","24.135","494"
"1420","277544","20220927162000","926","3","臺中市","龍井區","120.540","24.175","1524"
"1076","277557","20220927162000","441","3","臺中市","大肚區","120.560","24.125","1101"
"92","277558","20220927162000","516","0","臺中市","大肚區","120.565","24.125","88"
"441","277564","20220927162000","469","0","臺中市","龍井區","120.575","24.175","438"
"450","277565","20220927162000","668","0","臺中市","龍井區","120.580","24.175","431"
"628","277566","20220927162000","589","1","臺中市","太平區","120.725","24.145","628"
"673","277567","20220927162000","590","1","臺中市","太平區","120.720","24.125","710"
"32","277587","20220927162000","21","3","臺中市","東勢區","120.855","24.175","25"
"80","277597","20220927162000","62","2","臺中市","東勢區","120.840","24.185","83"
"39","277611","20220927162000","28","2","臺中市","東勢區","120.865","24.185","36"
"566","277614","20220927162000","649","0","臺中市","太平區","120.710","24.135","584"
"1322","277615","20220927162000","1280","1","臺中市","東區","120.705","24.140","1298"
"10","277616","20220927162000","902","0","臺中市","東區","120.705","24.145","10"
"1399","277617","20220927162000","1040","2","臺中市","東區","120.695","24.150","1403"
"213","277618","20220927162000","1107","0","臺中市","太平區","120.705","24.155","228"
"658","277619","20220927162000","635","1","臺中市","太平區","120.705","24.160","655"
"1311","277620","20220927162000","705","3","臺中市","太平區","120.710","24.155","1247"
"1385","277621","20220927162000","1084","2","臺中市","東區","120.690","24.135","1352"
"662","277622","20220927162000","604","1","臺中市","東區","120.690","24.145","624"
"1946","277623","20220927162000","1462","2","臺中市","東區","120.700","24.140","1966"
"2362","277624","20220927162000","2195","1","臺中市","北區","120.675","24.155","2402"
"1439","277625","20220927162000","1646","0","臺中市","西區","120.660","24.150","1411"
"3768","277626","20220927162000","3252","1","臺中市","西區","120.665","24.155","3724"
"28","277630","20220927162000","256","0","臺中市","龍井區","120.550","24.185","30"
"154","277637","20220927162000","170","0","臺中市","烏日區","120.650","24.105","146"
"641","277638","20220927162000","587","1","臺中市","烏日區","120.655","24.105","638"
"3401","277639","20220927162000","2828","2","臺中市","西屯區","120.640","24.170","3502"
"1118","277640","20220927162000","1720","0","臺中市","西屯區","120.655","24.170","1205"
"4589","277641","20220927162000","4179","1","臺中市","西屯區","120.660","24.170","4610"
"1265","277642","20220927162000","1429","0","臺中市","太平區","120.720","24.150","1302"
"173","277643","20220927162000","147","1","臺中市","太平區","120.725","24.150","177"
"951","277644","20220927162000","944","1","臺中市","太平區","120.725","24.155","954"
"926","277646","20220927162000","541","3","臺中市","烏日區","120.605","24.105","940"
"468","277647","20220927162000","257","3","臺中市","烏日區","120.610","24.105","431"
"194","277648","20220927162000","231","0","臺中市","烏日區","120.600","24.110","190"
"1709","277649","20220927162000","1878","0","臺中市","烏日區","120.605","24.110","1641"
"49","277650","20220927162000","45","1","臺中市","烏日區","120.610","24.110","62"
"431","277652","20220927162000","357","2","臺中市","烏日區","120.605","24.115","411"
"735","277653","20220927162000","561","2","臺中市","烏日區","120.610","24.115","711"
"188","277655","20220927162000","144","2","臺中市","烏日區","120.595","24.120","227"
"379","277656","20220927162000","1173","0","臺中市","烏日區","120.635","24.110","362"
"908","277657","20220927162000","844","1","臺中市","烏日區","120.640","24.110","842"
"4876","277661","20220927162000","3041","3","臺中市","西區","120.665","24.150","5202"
"797","277662","20220927162000","876","0","臺中市","西區","120.670","24.150","816"
"1662","277663","20220927162000","2582","0","臺中市","西區","120.675","24.135","1631"
"1961","277664","20220927162000","1703","1","臺中市","西區","120.665","24.145","1937"
"267","277681","20220927162000","273","0","花蓮縣","秀林鄉","121.630","24.115","338"
"127","277712","20220927162000","107","1","花蓮縣","秀林鄉","121.630","24.125","118"
"222","277713","20220927162000","221","1","花蓮縣","秀林鄉","121.635","24.125","222"
"307","277756","20220927162000","238","2","花蓮縣","新城鄉","121.615","24.100","267"
"310","277759","20220927162000","270","1","花蓮縣","新城鄉","121.620","24.105","349"
"330","277766","20220927162000","287","1","花蓮縣","新城鄉","121.640","24.115","323"
"98","277799","20220927162000","91","1","花蓮縣","新城鄉","121.650","24.125","69"
"332","277805","20220927162000","274","2","花蓮縣","新城鄉","121.645","24.130","279"
"37","277807","20220927162000","41","0","彰化縣","彰化市","120.545","24.100","45"
"1224","277812","20220927162000","992","2","彰化縣","和美鎮","120.495","24.115","1239"
"313","277817","20220927162000","260","2","彰化縣","彰化市","120.560","24.105","338"
"439","277821","20220927162000","163","3","彰化縣","和美鎮","120.505","24.140","422"
"1059","277830","20220927162000","1077","0","彰化縣","和美鎮","120.500","24.105","1058"
"2539","277831","20220927162000","2093","2","彰化縣","和美鎮","120.495","24.110","2535"
"1703","277832","20220927162000","1330","2","彰化縣","和美鎮","120.500","24.110","1699"
"94","277834","20220927162000","771","0","彰化縣","伸港鄉","120.480","24.140","81"
"127","277848","20220927162000","104","2","南投縣","國姓鄉","120.895","24.110","117"
"20","277865","20220927162000","19","1","南投縣","國姓鄉","120.850","24.105","17"
"86","277866","20220927162000","63","2","南投縣","國姓鄉","120.855","24.105","76"
"447","277889","20220927162000","385","1","彰化縣","和美鎮","120.490","24.110","450"
"231","277890","20220927162000","255","0","彰化縣","和美鎮","120.490","24.115","221"
"208","277892","20220927162000","290","0","彰化縣","和美鎮","120.515","24.125","218"
"42","277895","20220927162000","43","0","彰化縣","和美鎮","120.520","24.130","39"
"506","277898","20220927162000","342","2","彰化縣","和美鎮","120.515","24.135","481"
"348","277902","20220927162000","332","1","彰化縣","和美鎮","120.500","24.130","386"
"30","277906","20220927162000","23","2","彰化縣","和美鎮","120.505","24.135","31"
"39","277907","20220927162000","33","1","彰化縣","和美鎮","120.510","24.135","29"
"1517","277912","20220927162000","1078","2","彰化縣","和美鎮","120.490","24.120","1516"
"604","277913","20220927162000","481","2","彰化縣","和美鎮","120.495","24.120","552"
"272","277919","20220927162000","657","0","彰化縣","伸港鄉","120.510","24.160","292"
"390","277922","20220927162000","289","2","彰化縣","伸港鄉","120.510","24.165","366"
"399","277925","20220927162000","1391","0","彰化縣","伸港鄉","120.505","24.170","370"
"481","277926","20220927162000","330","2","彰化縣","伸港鄉","120.510","24.170","457"
"296","277931","20220927162000","122","3","彰化縣","伸港鄉","120.505","24.180","261"
"1063","277935","20220927162000","818","2","彰化縣","彰化市","120.575","24.100","1108"
"39","277953","20220927162000","375","0","彰化縣","和美鎮","120.530","24.110","42"
"37","277963","20220927162000","14","3","彰化縣","和美鎮","120.535","24.105","41"
"125","277967","20220927162000","863","0","彰化縣","和美鎮","120.545","24.110","101"
"20","277968","20220927162000","23","0","彰化縣","和美鎮","120.540","24.115","26"
"49","277971","20220927162000","52","0","彰化縣","和美鎮","120.530","24.100","55"
"1229","277975","20220927162000","1071","1","彰化縣","和美鎮","120.525","24.115","1258"
"46","277978","20220927162000","26","3","彰化縣","和美鎮","120.485","24.135","30"
"103","277979","20220927162000","163","0","彰化縣","和美鎮","120.485","24.140","111"
"756","277980","20220927162000","1843","0","彰化縣","伸港鄉","120.485","24.145","800"
"281","277982","20220927162000","463","0","彰化縣","伸港鄉","120.490","24.150","263"
"364","277984","20220927162000","141","3","彰化縣","伸港鄉","120.470","24.145","344"
"122","277985","20220927162000","313","0","彰化縣","伸港鄉","120.475","24.145","106"
"188","277994","20220927162000","491","0","彰化縣","伸港鄉","120.500","24.140","212"
"166","277998","20220927162000","199","0","彰化縣","伸港鄉","120.480","24.155","155"
"538","278002","20220927162000","493","1","彰化縣","和美鎮","120.490","24.105","527"
"43","278003","20220927162000","102","0","彰化縣","和美鎮","120.490","24.125","28"
"487","278011","20220927162000","360","2","彰化縣","和美鎮","120.515","24.105","477"
"518","278012","20220927162000","456","1","彰化縣","和美鎮","120.510","24.110","524"
"211","278018","20220927162000","468","0","彰化縣","和美鎮","120.510","24.150","241"
"29","278019","20220927162000","178","0","彰化縣","伸港鄉","120.510","24.155","24"
"79","278026","20220927162000","525","0","彰化縣","線西鄉","120.455","24.145","87"
"538","278032","20220927162000","322","3","彰化縣","伸港鄉","120.450","24.155","566"
"774","278037","20220927162000","855","0","彰化縣","和美鎮","120.500","24.115","756"
"1269","278047","20220927162000","715","3","彰化縣","和美鎮","120.490","24.130","1285"
"1039","278050","20220927162000","529","3","彰化縣","和美鎮","120.490","24.100","1000"
"1925","278052","20220927162000","641","3","彰化縣","和美鎮","120.515","24.100","1980"
"1035","278053","20220927162000","562","3","彰化縣","和美鎮","120.520","24.100","983"
"138","278058","20220927162000","98","2","彰化縣","和美鎮","120.485","24.100","140"
"319","278060","20220927162000","345","0","彰化縣","和美鎮","120.485","24.110","357"
"124","278065","20220927162000","147","0","彰化縣","伸港鄉","120.475","24.155","109"
"63","278066","20220927162000","27","3","彰化縣","伸港鄉","120.470","24.160","58"
"42","278084","20220927162000","29","2","彰化縣","伸港鄉","120.485","24.180","34"
"800","278099","20220927162000","768","1","彰化縣","和美鎮","120.530","24.105","775"
"502","278100","20220927162000","464","1","彰化縣","和美鎮","120.515","24.120","513"
"186","278175","20220927162000","180","1","南投縣","仁愛鄉","121.190","24.145","192"
"427","278457","20220927162000","349","2","南投縣","仁愛鄉","121.205","24.110","346"
"143","278506","20220927162000","323","0","南投縣","仁愛鄉","121.270","24.140","105"
"70","278518","20220927162000","72","0","南投縣","仁愛鄉","121.285","24.160","35"
"140","278973","20220927162000","101","2","南投縣","仁愛鄉","121.185","24.120","134"
"275","279090","20220927162000","314","0","南投縣","仁愛鄉","121.170","24.155","262"
"58","279213","20220927162000","78","0","南投縣","仁愛鄉","121.200","24.180","52"
"179","279218","20220927162000","202","0","南投縣","仁愛鄉","121.225","24.180","162"
"428","279255","20220927162000","1650","0","彰化縣","伸港鄉","120.485","24.160","461"
"338","279258","20220927162000","650","0","彰化縣","伸港鄉","120.495","24.160","318"
"109","279282","20220927162000","89","2","彰化縣","線西鄉","120.420","24.130","110"
"71","279286","20220927162000","382","0","彰化縣","和美鎮","120.480","24.105","85"
"59","279292","20220927162000","348","0","彰化縣","鹿港鎮","120.460","24.105","52"
"32","279293","20220927162000","360","0","彰化縣","鹿港鎮","120.465","24.105","44"
"718","279295","20220927162000","279","3","彰化縣","鹿港鎮","120.465","24.110","753"
"651","279296","20220927162000","186","3","彰化縣","鹿港鎮","120.460","24.115","612"
"1665","279303","20220927162000","1061","3","彰化縣","線西鄉","120.465","24.130","1590"
"188","279311","20220927162000","700","0","彰化縣","線西鄉","120.435","24.140","177"
"1221","279350","20220927162000","363","3","彰化縣","鹿港鎮","120.450","24.115","1185"
"20","279355","20220927162000","106","0","彰化縣","鹿港鎮","120.415","24.120","44"
"524","279359","20220927162000","178","3","彰化縣","鹿港鎮","120.455","24.120","482"
"34","279366","20220927162000","26","2","彰化縣","線西鄉","120.460","24.130","31"
"1496","279368","20220927162000","1320","1","彰化縣","線西鄉","120.430","24.130","1541"
"1502","279371","20220927162000","921","3","彰化縣","線西鄉","120.425","24.135","1478"
"34","279375","20220927162000","306","0","彰化縣","線西鄉","120.470","24.135","45"
"388","279379","20220927162000","156","3","彰化縣","線西鄉","120.440","24.150","364"
"637","279387","20220927162000","562","1","彰化縣","線西鄉","120.445","24.150","635"
"496","279389","20220927162000","365","2","彰化縣","線西鄉","120.480","24.115","486"
"331","279392","20220927162000","227","2","彰化縣","和美鎮","120.485","24.120","302"
"332","279396","20220927162000","381","0","彰化縣","線西鄉","120.480","24.125","295"
"737","279398","20220927162000","571","2","彰化縣","線西鄉","120.470","24.130","721"
"32","285400","20220927162000","34","0","臺中市","清水區","120.555","24.270","45"
"266","285401","20220927162000","260","1","臺中市","清水區","120.560","24.270","260"
"2064","285403","20220927162000","1556","2","臺中市","清水區","120.550","24.275","2083"
"582","285405","20220927162000","630","0","臺中市","清水區","120.540","24.275","562"
"135","285406","20220927162000","445","0","臺中市","北屯區","120.665","24.195","119"
"967","285409","20220927162000","637","3","臺中市","北屯區","120.680","24.195","882"
"602","285410","20220927162000","570","1","臺中市","北屯區","120.665","24.200","667"
"590","285412","20220927162000","535","1","臺中市","北屯區","120.675","24.200","605"
"539","285413","20220927162000","434","2","臺中市","北屯區","120.680","24.200","503"
"731","285414","20220927162000","700","1","臺中市","北屯區","120.685","24.200","639"
"40","285415","20220927162000","23","3","臺中市","北屯區","120.665","24.190","46"
"997","285416","20220927162000","542","3","臺中市","北屯區","120.670","24.190","990"
"72","285418","20220927162000","712","0","臺中市","沙鹿區","120.560","24.240","64"
"2138","285419","20220927162000","2400","0","臺中市","沙鹿區","120.565","24.240","2193"
"37","285422","20220927162000","49","0","臺中市","沙鹿區","120.565","24.245","37"
"172","285423","20220927162000","430","0","臺中市","沙鹿區","120.570","24.245","198"
"342","285425","20220927162000","356","0","臺中市","沙鹿區","120.560","24.250","341"
"387","285428","20220927162000","395","0","臺中市","沙鹿區","120.565","24.255","385"
"1132","285431","20220927162000","661","3","臺中市","清水區","120.575","24.275","1136"
"1220","285434","20220927162000","1042","1","臺中市","潭子區","120.715","24.205","1187"
"653","285437","20220927162000","473","2","臺中市","潭子區","120.700","24.200","624"
"558","285439","20220927162000","325","3","臺中市","潭子區","120.700","24.205","572"
"381","285440","20220927162000","382","0","臺中市","潭子區","120.700","24.210","373"
"1559","285441","20220927162000","1355","1","臺中市","潭子區","120.705","24.210","1528"
"809","285442","20220927162000","1333","0","臺中市","潭子區","120.700","24.215","778"
"88","285443","20220927162000","161","0","臺中市","潭子區","120.710","24.195","83"
"40","285444","20220927162000","35","1","臺中市","潭子區","120.705","24.200","47"
"314","285445","20220927162000","388","0","臺中市","潭子區","120.710","24.200","391"
"977","285446","20220927162000","1259","0","臺中市","潭子區","120.705","24.205","1005"
"2113","285447","20220927162000","1526","2","臺中市","潭子區","120.710","24.205","2033"
"1127","285453","20220927162000","710","3","臺中市","潭子區","120.720","24.195","1146"
"1200","285454","20220927162000","1186","1","臺中市","潭子區","120.725","24.195","1200"
"785","285459","20220927162000","632","2","臺中市","潭子區","120.725","24.200","806"
"1380","285460","20220927162000","1565","0","臺中市","潭子區","120.730","24.200","1404"
"68","285468","20220927162000","75","0","臺中市","潭子區","120.745","24.210","77"
"3050","285469","20220927162000","2264","2","臺中市","北屯區","120.705","24.190","3043"
"47","285470","20220927162000","52","0","臺中市","北屯區","120.705","24.195","60"
"221","285471","20220927162000","231","0","臺中市","西屯區","120.645","24.190","188"
"392","285472","20220927162000","291","2","臺中市","大雅區","120.615","24.235","371"
"459","285473","20220927162000","304","3","臺中市","沙鹿區","120.610","24.240","439"
"124","285474","20220927162000","537","0","臺中市","沙鹿區","120.615","24.240","135"
"39","285488","20220927162000","86","0","臺中市","沙鹿區","120.575","24.240","41"
"218","285500","20220927162000","214","1","臺中市","沙鹿區","120.560","24.225","220"
"776","285503","20220927162000","886","0","臺中市","沙鹿區","120.565","24.225","770"
"127","285504","20220927162000","449","0","臺中市","神岡區","120.655","24.250","124"
"14","285505","20220927162000","18","0","臺中市","神岡區","120.660","24.250","15"
"43","285507","20220927162000","44","0","臺中市","神岡區","120.660","24.255","45"
"38","285509","20220927162000","418","0","臺中市","神岡區","120.675","24.260","52"
"780","285515","20220927162000","745","1","臺中市","神岡區","120.680","24.265","794"
"85","285519","20220927162000","502","0","臺中市","神岡區","120.655","24.275","95"
"678","285522","20220927162000","1481","0","臺中市","豐原區","120.705","24.240","768"
"832","285523","20220927162000","628","2","臺中市","豐原區","120.700","24.245","821"
"596","285524","20220927162000","833","0","臺中市","豐原區","120.705","24.245","607"
"335","285525","20220927162000","265","2","臺中市","龍井區","120.560","24.190","291"
"575","285526","20220927162000","307","3","臺中市","龍井區","120.535","24.195","572"
"35","285527","20220927162000","44","0","臺中市","龍井區","120.540","24.195","41"
"327","285528","20220927162000","344","0","臺中市","龍井區","120.545","24.195","353"
"396","285531","20220927162000","315","2","臺中市","龍井區","120.560","24.195","422"
"456","285533","20220927162000","520","0","臺中市","龍井區","120.545","24.200","463"
"281","285536","20220927162000","184","3","臺中市","龍井區","120.560","24.200","264"
"791","285538","20220927162000","711","1","臺中市","潭子區","120.705","24.215","836"
"84","285539","20220927162000","86","0","臺中市","潭子區","120.700","24.220","97"
"2716","285540","20220927162000","2609","1","臺中市","潭子區","120.705","24.220","2701"
"4031","285541","20220927162000","3899","1","臺中市","潭子區","120.705","24.225","4062"
"255","285542","20220927162000","307","0","臺中市","龍井區","120.590","24.190","223"
"369","285544","20220927162000","331","1","臺中市","西屯區","120.605","24.190","355"
"1424","285547","20220927162000","797","3","臺中市","神岡區","120.690","24.265","1242"
"379","285549","20220927162000","186","3","臺中市","神岡區","120.685","24.270","359"
"269","285551","20220927162000","167","3","臺中市","神岡區","120.675","24.275","282"
"514","285553","20220927162000","460","1","臺中市","神岡區","120.685","24.275","493"
"662","285559","20220927162000","275","3","臺中市","神岡區","120.690","24.275","723"
"1041","285561","20220927162000","771","2","臺中市","神岡區","120.680","24.240","1013"
"443","285565","20220927162000","373","1","臺中市","神岡區","120.680","24.245","421"
"64","285567","20220927162000","852","0","臺中市","神岡區","120.675","24.250","71"
"1246","285568","20220927162000","1093","1","臺中市","神岡區","120.685","24.245","1252"
"73","285569","20220927162000","41","3","臺中市","神岡區","120.680","24.250","67"
"41","285570","20220927162000","215","0","臺中市","神岡區","120.685","24.250","39"
"183","285571","20220927162000","116","3","臺中市","神岡區","120.690","24.250","169"
"343","285573","20220927162000","303","1","臺中市","神岡區","120.685","24.255","354"
"133","285574","20220927162000","131","1","臺中市","神岡區","120.690","24.255","128"
"1865","285581","20220927162000","1535","2","臺中市","沙鹿區","120.555","24.230","1840"
"2078","285582","20220927162000","2010","1","臺中市","沙鹿區","120.555","24.235","2041"
"185","285584","20220927162000","366","0","臺中市","沙鹿區","120.580","24.250","160"
"825","285593","20220927162000","842","0","臺中市","沙鹿區","120.600","24.255","113"
"319","285599","20220927162000","288","1","臺中市","沙鹿區","120.600","24.260","456"
"667","285602","20220927162000","301","3","臺中市","沙鹿區","120.585","24.265","671"
"440","285607","20220927162000","246","3","臺中市","大雅區","120.655","24.210","438"
"327","285613","20220927162000","627","0","臺中市","大雅區","120.665","24.220","296"
"77","285618","20220927162000","320","0","臺中市","新社區","120.805","24.250","65"
"639","285621","20220927162000","404","3","臺中市","新社區","120.805","24.255","664"
"905","285626","20220927162000","778","1","臺中市","梧棲區","120.515","24.260","937"
"545","285627","20220927162000","464","1","臺中市","梧棲區","120.520","24.260","618"
"146","285630","20220927162000","459","0","臺中市","梧棲區","120.515","24.270","176"
"1061","285634","20220927162000","1061","1","臺中市","梧棲區","120.535","24.255","1025"
"634","285635","20220927162000","385","3","臺中市","梧棲區","120.550","24.255","675"
"353","285637","20220927162000","568","0","臺中市","梧棲區","120.560","24.255","345"
"775","285638","20220927162000","684","1","臺中市","梧棲區","120.540","24.260","761"
"392","285642","20220927162000","507","0","臺中市","梧棲區","120.555","24.240","409"
"2270","285644","20220927162000","1308","3","臺中市","梧棲區","120.545","24.245","2285"
"1025","285646","20220927162000","1601","0","臺中市","神岡區","120.695","24.245","1016"
"594","285648","20220927162000","588","1","臺中市","神岡區","120.695","24.255","649"
"494","285657","20220927162000","465","1","臺中市","梧棲區(海)","120.490","24.255","439"
"60","285659","20220927162000","123","0","臺中市","梧棲區(海)","120.500","24.255","57"
"508","285667","20220927162000","488","1","臺中市","梧棲區(海)","120.500","24.265","525"
"173","285671","20220927162000","170","1","臺中市","梧棲區(海)","120.500","24.270","202"
"131","285677","20220927162000","136","0","臺中市","梧棲區(海)","120.505","24.275","113"
"26","285681","20220927162000","242","0","臺中市","梧棲區","120.525","24.260","27"
"132","285682","20220927162000","122","1","臺中市","梧棲區","120.530","24.260","113"
"303","285683","20220927162000","281","1","臺中市","北屯區","120.790","24.205","266"
"417","285685","20220927162000","214","3","臺中市","新社區","120.805","24.190","405"
"108","285695","20220927162000","107","1","臺中市","新社區","120.815","24.200","109"
"200","285697","20220927162000","195","1","臺中市","新社區","120.805","24.205","169"
"248","285701","20220927162000","133","3","臺中市","新社區","120.805","24.210","222"
"36","285707","20220927162000","299","0","臺中市","新社區","120.800","24.220","272"
"203","285713","20220927162000","124","3","臺中市","新社區","120.795","24.235","209"
"47","285717","20220927162000","310","0","臺中市","新社區","120.795","24.230","57"
"202","285720","20220927162000","137","2","臺中市","新社區","120.780","24.230","179"
"86","285727","20220927162000","346","0","臺中市","新社區","120.785","24.235","69"
"737","285738","20220927162000","586","2","臺中市","神岡區","120.700","24.250","777"
"997","285742","20220927162000","449","3","臺中市","神岡區","120.645","24.250","822"
"186","285745","20220927162000","183","1","臺中市","神岡區","120.645","24.255","185"
"259","285747","20220927162000","185","2","臺中市","神岡區","120.635","24.260","300"
"515","285750","20220927162000","1001","0","臺中市","豐原區","120.710","24.245","507"
"1269","285752","20220927162000","651","3","臺中市","豐原區","120.720","24.260","1233"
"1820","285754","20220927162000","2081","0","臺中市","豐原區","120.720","24.265","2621"
"344","285758","20220927162000","298","1","臺中市","豐原區","120.715","24.275","374"
"950","285759","20220927162000","404","3","臺中市","豐原區","120.720","24.275","932"
"337","285761","20220927162000","375","0","臺中市","豐原區","120.720","24.280","374"
"844","285764","20220927162000","892","0","臺中市","梧棲區","120.545","24.240","900"
"2263","285765","20220927162000","2393","0","臺中市","梧棲區","120.540","24.245","2204"
"886","285766","20220927162000","839","1","臺中市","梧棲區","120.520","24.255","887"
"859","285767","20220927162000","944","0","臺中市","梧棲區","120.525","24.255","886"
"255","285773","20220927162000","239","1","臺中市","新社區","120.810","24.225","229"
"774","285777","20220927162000","516","3","臺中市","新社區","120.805","24.230","791"
"2028","285782","20220927162000","1223","3","臺中市","豐原區","120.725","24.255","1980"
"593","285783","20220927162000","692","0","臺中市","豐原區","120.705","24.250","591"
"736","285785","20220927162000","495","2","臺中市","豐原區","120.720","24.240","734"
"1564","285787","20220927162000","1295","2","臺中市","豐原區","120.715","24.235","1631"
"1475","285788","20220927162000","1315","1","臺中市","豐原區","120.720","24.235","1542"
"472","285789","20220927162000","419","1","臺中市","豐原區","120.725","24.235","436"
"3162","285791","20220927162000","1512","3","臺中市","豐原區","120.715","24.245","3042"
"77","285792","20220927162000","61","2","臺中市","豐原區","120.710","24.240","64"
"94","285793","20220927162000","74","2","臺中市","豐原區","120.725","24.250","90"
"405","285796","20220927162000","201","3","臺中市","豐原區","120.740","24.240","362"
"714","285799","20220927162000","950","0","臺中市","豐原區","120.730","24.245","732"
"628","285800","20220927162000","414","3","臺中市","豐原區","120.735","24.245","645"
"235","285803","20220927162000","442","0","臺中市","豐原區","120.730","24.250","221"
"934","285804","20220927162000","527","3","臺中市","豐原區","120.735","24.250","830"
"752","285805","20220927162000","579","2","臺中市","豐原區","120.740","24.250","805"
"45","285806","20220927162000","553","0","臺中市","龍井區","120.525","24.210","39"
"544","285812","20220927162000","780","0","臺中市","龍井區","120.515","24.215","576"
"828","285819","20220927162000","930","0","臺中市","龍井區","120.510","24.220","831"
"803","285821","20220927162000","574","2","臺中市","龍井區","120.520","24.220","812"
"1888","285822","20220927162000","831","3","臺中市","龍井區","120.525","24.220","1901"
"251","285849","20220927162000","734","0","臺中市","新社區","120.805","24.240","259"
"220","285852","20220927162000","116","3","臺中市","新社區","120.820","24.205","236"
"33","285859","20220927162000","213","0","臺中市","新社區","120.795","24.210","31"
"585","285862","20220927162000","238","3","臺中市","新社區","120.780","24.215","520"
"325","285867","20220927162000","263","2","臺中市","新社區","120.775","24.220","314"
"122","285871","20220927162000","103","1","臺中市","新社區","120.775","24.225","116"
"281","285886","20220927162000","201","2","臺中市","梧棲區","120.515","24.225","278"
"190","285894","20220927162000","247","0","臺中市","清水區","120.635","24.265","158"
"925","285910","20220927162000","850","1","臺中市","梧棲區","120.535","24.250","883"
"32","285912","20220927162000","252","0","臺中市","梧棲區","120.545","24.250","29"
"299","285914","20220927162000","326","0","臺中市","梧棲區","120.540","24.255","320"
"376","285916","20220927162000","376","1","臺中市","豐原區","120.700","24.230","389"
"814","285918","20220927162000","938","0","臺中市","豐原區","120.705","24.235","809"
"380","285919","20220927162000","346","1","臺中市","豐原區","120.700","24.235","369"
"439","285920","20220927162000","321","2","臺中市","豐原區","120.700","24.240","462"
"35","285921","20220927162000","24","2","臺中市","豐原區","120.760","24.235","48"
"26","285923","20220927162000","34","0","臺中市","豐原區","120.755","24.240","30"
"20","285925","20220927162000","16","2","臺中市","豐原區","120.765","24.240","21"
"64","285927","20220927162000","76","0","臺中市","豐原區","120.750","24.245","53"
"71","285933","20220927162000","277","0","臺中市","豐原區","120.745","24.250","99"
"108","285937","20220927162000","87","2","臺中市","豐原區","120.765","24.250","137"
"17","285943","20220927162000","17","1","臺中市","豐原區","120.765","24.255","19"
"204","285948","20220927162000","111","3","臺中市","石岡區","120.770","24.260","199"
"39","285949","20220927162000","39","1","臺中市","豐原區","120.760","24.265","46"
"247","285953","20220927162000","129","3","臺中市","石岡區","120.765","24.270","224"
"1010","285954","20220927162000","650","3","臺中市","豐原區","120.730","24.255","1013"
"691","285955","20220927162000","745","0","臺中市","豐原區","120.735","24.255","724"
"1548","285956","20220927162000","1247","2","臺中市","豐原區","120.745","24.255","1437"
"128","285957","20220927162000","396","0","臺中市","豐原區","120.740","24.260","173"
"574","285958","20220927162000","312","3","臺中市","豐原區","120.745","24.260","543"
"44","285959","20220927162000","317","0","臺中市","豐原區","120.750","24.260","55"
"207","285960","20220927162000","251","0","臺中市","豐原區","120.755","24.265","204"
"2138","285962","20220927162000","2094","1","臺中市","豐原區","120.725","24.240","2131"
"1076","285963","20220927162000","1136","0","臺中市","豐原區","120.730","24.240","1042"
"78","285964","20220927162000","140","0","臺中市","龍井區","120.580","24.190","88"
"33","285965","20220927162000","34","0","臺中市","龍井區","120.585","24.190","30"
"31","285980","20220927162000","306","0","臺中市","沙鹿區","120.570","24.225","26"
"1708","285981","20220927162000","1384","2","臺中市","沙鹿區","120.570","24.230","1728"
"321","285983","20220927162000","719","0","臺中市","沙鹿區","120.565","24.215","308"
"2109","285984","20220927162000","1492","2","臺中市","沙鹿區","120.555","24.220","2203"
"171","285985","20220927162000","145","1","臺中市","沙鹿區","120.560","24.220","172"
"65","285990","20220927162000","178","0","臺中市","沙鹿區","120.575","24.200","70"
"1305","285991","20220927162000","1007","2","臺中市","沙鹿區","120.580","24.200","1268"
"244","285994","20220927162000","200","2","臺中市","沙鹿區","120.570","24.205","260"
"326","285999","20220927162000","416","0","臺中市","沙鹿區","120.575","24.210","333"
"342","286001","20220927162000","302","1","臺中市","沙鹿區","120.560","24.235","340"
"703","286002","20220927162000","673","1","臺中市","豐原區","120.710","24.250","724"
"3432","286003","20220927162000","2951","1","臺中市","豐原區","120.715","24.250","3428"
"465","286005","20220927162000","582","0","臺中市","豐原區","120.725","24.225","446"
"267","286006","20220927162000","252","1","臺中市","豐原區","120.730","24.225","289"
"612","286008","20220927162000","414","2","臺中市","豐原區","120.725","24.230","646"
"208","286010","20220927162000","151","2","臺中市","豐原區","120.735","24.230","214"
"520","286012","20220927162000","515","1","臺中市","豐原區","120.730","24.230","535"
"1007","286014","20220927162000","954","1","臺中市","北屯區","120.660","24.190","1001"
"156","286015","20220927162000","180","0","臺中市","龍井區","120.500","24.230","143"
"1701","286023","20220927162000","483","3","臺中市","龍井區","120.520","24.205","1638"
"706","286024","20220927162000","126","3","臺中市","龍井區","120.525","24.205","709"
"1268","286027","20220927162000","519","3","臺中市","龍井區","120.505","24.210","1269"
"82","286031","20220927162000","51","3","臺中市","龍井區","120.545","24.205","82"
"791","286036","20220927162000","800","0","臺中市","龍井區","120.550","24.210","780"
"307","286039","20220927162000","247","2","臺中市","龍井區","120.545","24.215","290"
"339","286043","20220927162000","188","3","臺中市","東勢區","120.830","24.235","316"
"675","286047","20220927162000","486","2","臺中市","東勢區","120.830","24.240","627"
"832","286051","20220927162000","909","0","臺中市","東勢區","120.830","24.245","827"
"259","286052","20220927162000","146","3","臺中市","東勢區","120.835","24.245","268"
"68","286053","20220927162000","332","0","臺中市","東勢區","120.840","24.245","67"
"956","286054","20220927162000","823","1","臺中市","東勢區","120.825","24.255","966"
"116","286060","20220927162000","83","2","臺中市","東勢區","120.845","24.275","97"
"181","286071","20220927162000","129","2","臺中市","清水區","120.580","24.270","161"
"1328","286072","20220927162000","988","2","臺中市","北屯區","120.685","24.185","1379"
"35","286075","20220927162000","187","0","臺中市","北屯區","120.690","24.195","41"
"3317","286078","20220927162000","2381","2","臺中市","豐原區","120.720","24.250","3242"
"2918","286079","20220927162000","2616","1","臺中市","梧棲區","120.535","24.260","2897"
"518","286081","20220927162000","609","0","臺中市","梧棲區","120.530","24.265","516"
"1171","286084","20220927162000","1187","0","臺中市","梧棲區","120.530","24.270","1281"
"35","286088","20220927162000","352","0","臺中市","沙鹿區","120.565","24.200","35"
"198","286090","20220927162000","129","3","臺中市","沙鹿區","120.560","24.205","192"
"25","286091","20220927162000","394","0","臺中市","沙鹿區","120.565","24.205","33"
"56","286092","20220927162000","367","0","臺中市","沙鹿區","120.555","24.210","52"
"16","286093","20220927162000","130","0","臺中市","沙鹿區","120.560","24.210","17"
"153","286094","20220927162000","143","1","臺中市","沙鹿區","120.565","24.210","177"
"108","286095","20220927162000","124","0","臺中市","沙鹿區","120.555","24.215","106"
"112","286097","20220927162000","111","1","臺中市","沙鹿區","120.605","24.240","124"
"202","286098","20220927162000","222","0","臺中市","沙鹿區","120.605","24.245","227"
"1263","286099","20220927162000","994","2","臺中市","沙鹿區","120.610","24.245","1465"
"722","286100","20220927162000","364","3","臺中市","沙鹿區","120.600","24.250","1164"
"174","286105","20220927162000","244","0","臺中市","北屯區","120.685","24.195","175"
"278","286108","20220927162000","277","1","臺中市","北屯區","120.750","24.190","295"
"136","286113","20220927162000","112","2","臺中市","北屯區","120.750","24.195","118"
"12","286116","20220927162000","68","0","臺中市","北屯區","120.765","24.195","19"
"12","286118","20220927162000","19","0","臺中市","北屯區","120.745","24.200","16"
"15","286121","20220927162000","27","0","臺中市","北屯區","120.760","24.200","20"
"1744","286135","20220927162000","663","3","臺中市","北屯區","120.680","24.190","1694"
"449","286137","20220927162000","459","0","臺中市","清水區","120.545","24.265","466"
"395","286140","20220927162000","475","0","臺中市","清水區","120.545","24.270","420"
"234","286141","20220927162000","296","0","臺中市","清水區","120.550","24.270","256"
"911","286147","20220927162000","1439","0","臺中市","潭子區","120.710","24.215","851"
"38","286149","20220927162000","430","0","臺中市","潭子區","120.710","24.220","41"
"50","286151","20220927162000","45","1","臺中市","潭子區","120.715","24.225","43"
"323","286153","20220927162000","338","0","臺中市","豐原區","120.720","24.230","308"
"370","286156","20220927162000","472","0","臺中市","潭子區","120.680","24.225","344"
"784","286159","20220927162000","692","1","臺中市","潭子區","120.685","24.230","861"
"2726","286161","20220927162000","2345","1","臺中市","潭子區","120.690","24.225","2672"
"240","286162","20220927162000","413","0","臺中市","潭子區","120.695","24.225","230"
"721","286167","20220927162000","848","0","臺中市","梧棲區","120.525","24.225","671"
"94","286169","20220927162000","892","0","臺中市","梧棲區","120.510","24.230","101"
"72","286172","20220927162000","34","3","臺中市","梧棲區","120.525","24.230","68"
"309","286173","20220927162000","325","0","臺中市","梧棲區","120.505","24.235","290"
"43","286175","20220927162000","68","0","臺中市","梧棲區","120.515","24.235","57"
"1936","286177","20220927162000","2423","0","臺中市","梧棲區","120.525","24.235","1880"
"78","286179","20220927162000","39","3","臺中市","梧棲區","120.505","24.240","98"
"682","286180","20220927162000","689","0","臺中市","梧棲區","120.510","24.240","709"
"313","286181","20220927162000","218","2","臺中市","梧棲區","120.515","24.240","295"
"408","286183","20220927162000","543","0","臺中市","梧棲區","120.525","24.240","937"
"345","286186","20220927162000","339","1","臺中市","梧棲區","120.510","24.245","355"
"474","286187","20220927162000","608","0","臺中市","梧棲區","120.515","24.245","480"
"817","286190","20220927162000","768","1","臺中市","梧棲區","120.530","24.245","768"
"178","286195","20220927162000","200","0","臺中市","梧棲區","120.525","24.250","148"
"1291","286199","20220927162000","820","3","臺中市","沙鹿區","120.580","24.220","1298"
"1324","286203","20220927162000","1418","0","臺中市","沙鹿區","120.575","24.225","1319"
"704","286204","20220927162000","731","0","臺中市","沙鹿區","120.580","24.225","712"
"500","286205","20220927162000","724","0","臺中市","沙鹿區","120.585","24.225","491"
"422","286208","20220927162000","450","0","臺中市","沙鹿區","120.575","24.230","413"
"758","286209","20220927162000","696","1","臺中市","沙鹿區","120.580","24.230","817"
"615","286210","20220927162000","380","3","臺中市","沙鹿區","120.585","24.230","619"
"186","286215","20220927162000","799","0","臺中市","沙鹿區","120.550","24.225","188"
"30","286221","20220927162000","20","3","臺中市","北屯區","120.770","24.195","26"
"26","286224","20220927162000","264","0","臺中市","北屯區","120.780","24.195","30"
"822","286244","20220927162000","1597","0","臺中市","大雅區","120.650","24.225","804"
"279","286246","20220927162000","275","1","臺中市","大雅區","120.605","24.225","275"
"255","286248","20220927162000","232","1","臺中市","大雅區","120.615","24.225","254"
"306","286260","20220927162000","346","0","臺中市","大雅區","120.620","24.235","347"
"1266","286262","20220927162000","1072","1","臺中市","大雅區","120.645","24.215","1294"
"340","286263","20220927162000","184","3","臺中市","大雅區","120.645","24.220","329"
"540","286264","20220927162000","482","1","臺中市","大雅區","120.645","24.225","530"
"782","286266","20220927162000","590","2","臺中市","大雅區","120.635","24.205","760"
"62","286267","20220927162000","396","0","臺中市","大雅區","120.640","24.205","64"
"9633","286269","20220927162000","5576","3","臺中市","大雅區","120.615","24.210","9701"
"1758","286270","20220927162000","1088","3","臺中市","大雅區","120.620","24.210","1893"
"926","286272","20220927162000","756","2","臺中市","大雅區","120.630","24.210","903"
"433","286273","20220927162000","307","2","臺中市","大雅區","120.635","24.210","419"
"756","286276","20220927162000","656","1","臺中市","大雅區","120.605","24.215","673"
"2449","286279","20220927162000","3435","0","臺中市","大雅區","120.620","24.215","2514"
"22","286280","20220927162000","179","0","臺中市","大雅區","120.625","24.215","35"
"774","286281","20220927162000","618","2","臺中市","大雅區","120.635","24.215","793"
"63","286282","20220927162000","47","2","臺中市","大雅區","120.600","24.220","61"
"148","286284","20220927162000","173","0","臺中市","大雅區","120.610","24.220","152"
"653","286285","20220927162000","395","3","臺中市","大雅區","120.615","24.220","707"
"833","286287","20220927162000","504","3","臺中市","大雅區","120.640","24.220","891"
"205","286288","20220927162000","189","1","臺中市","大雅區","120.630","24.215","193"
"89","286289","20220927162000","130","0","臺中市","大雅區","120.625","24.220","78"
"1441","286292","20220927162000","1584","0","臺中市","大雅區","120.625","24.225","1505"
"2036","286293","20220927162000","2561","0","臺中市","大雅區","120.630","24.225","2031"
"2393","286296","20220927162000","1552","3","臺中市","大雅區","120.620","24.230","2446"
"283","286300","20220927162000","148","3","臺中市","大雅區","120.625","24.230","283"
"486","286302","20220927162000","421","1","臺中市","潭子區","120.670","24.205","502"
"120","286305","20220927162000","105","1","臺中市","大雅區","120.670","24.215","115"
"845","286306","20220927162000","402","3","臺中市","大雅區","120.675","24.215","831"
"665","286307","20220927162000","815","0","臺中市","大雅區","120.670","24.220","531"
"512","286318","20220927162000","260","3","臺中市","東勢區","120.835","24.220","508"
"71","286321","20220927162000","312","0","臺中市","東勢區","120.825","24.270","61"
"298","286323","20220927162000","165","3","臺中市","東勢區","120.820","24.275","297"
"282","286344","20220927162000","267","1","臺中市","東勢區","120.850","24.260","260"
"597","286375","20220927162000","247","3","臺中市","沙鹿區","120.590","24.230","611"
"630","286377","20220927162000","925","0","臺中市","沙鹿區","120.565","24.235","595"
"2544","286384","20220927162000","2450","1","臺中市","沙鹿區","120.570","24.240","2488"
"842","286386","20220927162000","848","0","臺中市","東勢區","120.830","24.255","815"
"57","286388","20220927162000","648","0","臺中市","東勢區","120.825","24.250","50"
"192","286389","20220927162000","263","0","臺中市","梧棲區","120.530","24.230","193"
"644","286392","20220927162000","591","1","臺中市","梧棲區","120.545","24.230","615"
"1104","286398","20220927162000","798","2","臺中市","豐原區","120.715","24.255","1076"
"217","286399","20220927162000","1043","0","臺中市","豐原區","120.720","24.255","208"
"1891","286400","20220927162000","710","3","臺中市","豐原區","120.735","24.270","1872"
"118","286406","20220927162000","430","0","臺中市","豐原區","120.745","24.275","128"
"784","286408","20220927162000","342","3","臺中市","豐原區","120.755","24.275","783"
"668","286413","20220927162000","560","1","臺中市","東勢區","120.760","24.280","661"
"388","286418","20220927162000","190","3","臺中市","豐原區","120.725","24.275","373"
"692","286422","20220927162000","225","3","臺中市","豐原區","120.735","24.280","724"
"124","286436","20220927162000","121","1","臺中市","豐原區","120.760","24.230","140"
"131","286446","20220927162000","117","1","臺中市","豐原區","120.740","24.235","129"
"157","286447","20220927162000","81","3","臺中市","豐原區","120.745","24.235","140"
"213","286461","20220927162000","1130","0","臺中市","龍井區","120.520","24.195","188"
"1284","286465","20220927162000","326","3","臺中市","龍井區","120.500","24.200","1264"
"583","286475","20220927162000","272","3","臺中市","龍井區","120.510","24.200","596"
"97","286482","20220927162000","508","0","臺中市","龍井區","120.515","24.205","88"
"54","286485","20220927162000","239","0","臺中市","石岡區","120.770","24.280","40"
"1188","286486","20220927162000","780","3","臺中市","石岡區","120.775","24.275","1159"
"146","286489","20220927162000","395","0","臺中市","石岡區","120.795","24.270","141"
"116","286497","20220927162000","70","3","臺中市","石岡區","120.775","24.255","120"
"25","286500","20220927162000","22","1","臺中市","石岡區","120.775","24.260","21"
"27","286510","20220927162000","162","0","臺中市","石岡區","120.770","24.275","21"
"174","286511","20220927162000","104","3","臺中市","新社區","120.795","24.245","197"
"20","286515","20220927162000","84","0","臺中市","石岡區","120.790","24.255","24"
"59","286517","20220927162000","221","0","臺中市","石岡區","120.785","24.260","54"
"593","286522","20220927162000","543","1","臺中市","潭子區","120.695","24.230","582"
"64","286525","20220927162000","596","0","臺中市","神岡區","120.695","24.235","52"
"742","286526","20220927162000","361","3","臺中市","神岡區","120.690","24.240","731"
"117","286528","20220927162000","411","0","臺中市","豐原區","120.740","24.265","127"
"3214","286530","20220927162000","3042","1","臺中市","清水區","120.570","24.265","3206"
"447","286531","20220927162000","347","2","臺中市","清水區","120.570","24.270","527"
"728","286535","20220927162000","478","3","臺中市","清水區","120.630","24.275","733"
"181","286541","20220927162000","105","3","臺中市","清水區","120.565","24.275","174"
"652","286544","20220927162000","571","1","臺中市","西屯區","120.640","24.190","732"
"15","286545","20220927162000","16","0","臺中市","西屯區","120.635","24.195","21"
"448","286547","20220927162000","507","0","臺中市","西屯區","120.645","24.195","383"
"892","286549","20220927162000","639","2","臺中市","西屯區","120.645","24.200","964"
"134","286550","20220927162000","607","0","臺中市","西屯區","120.650","24.200","134"
"74","286551","20220927162000","62","1","臺中市","西屯區","120.650","24.205","82"
"75","286554","20220927162000","435","0","臺中市","神岡區","120.670","24.255","80"
"1564","286555","20220927162000","1134","2","臺中市","神岡區","120.675","24.255","1482"
"1832","286556","20220927162000","856","3","臺中市","神岡區","120.665","24.260","1901"
"35","286557","20220927162000","13","3","臺中市","神岡區","120.650","24.260","31"
"20","286558","20220927162000","112","0","臺中市","神岡區","120.655","24.265","29"
"347","286561","20220927162000","241","2","臺中市","神岡區","120.665","24.270","362"
"315","286563","20220927162000","200","3","臺中市","神岡區","120.665","24.275","379"
"171","286566","20220927162000","170","1","臺中市","神岡區","120.645","24.265","167"
"149","286569","20220927162000","208","0","臺中市","神岡區","120.650","24.270","159"
"675","286570","20220927162000","365","3","臺中市","神岡區","120.655","24.270","704"
"107","286572","20220927162000","557","0","臺中市","神岡區","120.650","24.275","105"
"714","286574","20220927162000","512","2","臺中市","神岡區","120.660","24.275","773"
"297","286598","20220927162000","117","3","臺中市","和平區","120.895","24.230","298"
"73","286652","20220927162000","58","2","臺中市","和平區","120.905","24.240","82"
"306","286658","20220927162000","159","3","臺中市","和平區","120.935","24.240","267"
"25","286685","20220927162000","22","1","臺中市","和平區","120.975","24.245","15"
"117","286690","20220927162000","104","1","臺中市","和平區","120.900","24.250","144"
"160","286794","20220927162000","94","3","臺中市","和平區","121.015","24.195","161"
"362","286822","20220927162000","174","3","臺中市","和平區","121.005","24.200","318"
"378","286823","20220927162000","301","2","臺中市","和平區","121.010","24.200","338"
"181","286853","20220927162000","127","2","臺中市","和平區","121.015","24.205","192"
"29","286950","20220927162000","32","0","臺中市","和平區","120.965","24.225","28"
"10","286952","20220927162000","25","0","臺中市","和平區","120.975","24.225","10"
"88","287119","20220927162000","85","1","臺中市","和平區","121.010","24.255","101"
"44","287154","20220927162000","22","3","臺中市","和平區","121.000","24.265","39"
"83","287173","20220927162000","33","3","臺中市","和平區","121.015","24.270","82"
"10","287567","20220927162000","14","0","臺中市","和平區","121.120","24.235","10"
"171","287678","20220927162000","168","1","臺中市","和平區","121.245","24.245","172"
"287","287725","20220927162000","147","3","臺中市","和平區","121.245","24.250","283"
"204","287726","20220927162000","168","2","臺中市","和平區","121.250","24.250","197"
"64","287756","20220927162000","54","1","臺中市","和平區","121.165","24.255","72"
"25","287766","20220927162000","49","0","臺中市","和平區","121.215","24.255","34"
"246","287770","20220927162000","159","3","臺中市","和平區","121.235","24.255","196"
"242","287774","20220927162000","200","2","臺中市","和平區","121.255","24.255","269"
"172","287776","20220927162000","154","1","臺中市","和平區","121.265","24.255","147"
"13","287809","20220927162000","21","0","臺中市","和平區","121.190","24.260","23"
"377","287823","20220927162000","373","1","臺中市","和平區","121.260","24.260","375"
"46","288103","20220927162000","41","1","臺中市","和平區","120.890","24.275","55"
"21","288133","20220927162000","15","2","臺中市","和平區","120.945","24.280","20"
"51","288159","20220927162000","23","3","臺中市","和平區","121.025","24.280","45"
"327","288160","20220927162000","365","0","臺中市","清水區","120.555","24.260","343"
"36","288161","20220927162000","414","0","臺中市","清水區","120.560","24.260","41"
"543","288163","20220927162000","551","0","臺中市","清水區","120.550","24.265","557"
"405","288166","20220927162000","1173","0","臺中市","清水區","120.565","24.265","415"
"938","288169","20220927162000","722","2","臺中市","清水區","120.560","24.275","972"
"216","288179","20220927162000","294","0","臺中市","清水區","120.605","24.275","242"
"302","288182","20220927162000","374","0","臺中市","清水區","120.600","24.275","316"
"117","288184","20220927162000","131","0","臺中市","清水區","120.610","24.275","92"
"410","288192","20220927162000","281","2","臺中市","潭子區","120.725","24.215","393"
"468","288194","20220927162000","419","1","臺中市","潭子區","120.735","24.215","451"
"398","288198","20220927162000","420","0","臺中市","潭子區","120.720","24.220","441"
"1149","288207","20220927162000","1051","1","臺中市","潭子區","120.680","24.205","1101"
"810","288209","20220927162000","616","2","臺中市","北屯區","120.690","24.205","748"
"210","288212","20220927162000","137","3","臺中市","潭子區","120.690","24.210","256"
"1168","288215","20220927162000","769","3","臺中市","潭子區","120.685","24.215","1221"
"1101","288216","20220927162000","1239","0","臺中市","潭子區","120.690","24.215","1155"
"289","288219","20220927162000","218","2","臺中市","潭子區","120.690","24.220","309"
"2062","288223","20220927162000","1758","1","臺中市","潭子區","120.710","24.230","2028"
"559","288224","20220927162000","395","2","臺中市","豐原區","120.715","24.230","493"
"1229","288225","20220927162000","1053","1","臺中市","潭子區","120.705","24.230","1242"
"3367","288228","20220927162000","1726","3","臺中市","神岡區","120.660","24.260","3315"
"1033","288232","20220927162000","1083","0","臺中市","神岡區","120.700","24.265","1091"
"1048","288240","20220927162000","936","1","臺中市","神岡區","120.710","24.255","997"
"725","288242","20220927162000","586","2","臺中市","神岡區","120.705","24.260","716"
"147","288243","20220927162000","799","0","臺中市","神岡區","120.710","24.260","147"
"959","288247","20220927162000","1053","0","臺中市","神岡區","120.705","24.275","978"
"1214","288250","20220927162000","1091","1","臺中市","神岡區","120.710","24.275","1225"
"85","288252","20220927162000","79","1","臺中市","西屯區","120.605","24.195","82"
"147","288253","20220927162000","182","0","臺中市","西屯區","120.610","24.195","121"
"176","288259","20220927162000","179","0","臺中市","西屯區","120.600","24.200","148"
"493","288260","20220927162000","435","1","臺中市","西屯區","120.605","24.200","468"
"65","288261","20220927162000","130","0","臺中市","西屯區","120.610","24.200","93"
"1495","288262","20220927162000","1693","0","臺中市","西屯區","120.615","24.200","1552"
"78","288264","20220927162000","432","0","臺中市","西屯區","120.625","24.200","98"
"638","288265","20220927162000","585","1","臺中市","西屯區","120.630","24.200","646"
"91","288267","20220927162000","93","0","臺中市","西屯區","120.595","24.205","76"
"649","288268","20220927162000","471","2","臺中市","西屯區","120.600","24.205","614"
"1067","288269","20220927162000","1223","0","臺中市","西屯區","120.605","24.205","1159"
"637","288270","20220927162000","370","3","臺中市","西屯區","120.610","24.205","480"
"1851","288271","20220927162000","1960","0","臺中市","西屯區","120.615","24.205","1812"
"2192","288272","20220927162000","2010","1","臺中市","西屯區","120.620","24.205","2271"
"1253","288276","20220927162000","1409","0","臺中市","西屯區","120.605","24.210","1289"
"6406","288277","20220927162000","6109","1","臺中市","西屯區","120.610","24.210","5857"
"1943","288279","20220927162000","1939","1","臺中市","西屯區","120.610","24.190","1863"
"275","288281","20220927162000","174","3","臺中市","西屯區","120.625","24.190","245"
"155","288284","20220927162000","32","3","臺中市","西屯區","120.595","24.195","118"
"292","288287","20220927162000","179","3","臺中市","西屯區","120.655","24.190","282"
"820","288289","20220927162000","538","3","臺中市","西屯區","120.655","24.195","826"
"766","288290","20220927162000","618","2","臺中市","西屯區","120.660","24.195","743"
"768","288291","20220927162000","534","2","臺中市","西屯區","120.655","24.200","761"
"40","288293","20220927162000","29","2","臺中市","西屯區","120.655","24.205","30"
"319","288294","20220927162000","328","0","臺中市","西屯區","120.660","24.205","269"
"452","288298","20220927162000","354","2","臺中市","東勢區","120.850","24.240","473"
"184","288299","20220927162000","100","3","臺中市","東勢區","120.845","24.245","214"
"366","288302","20220927162000","418","0","臺中市","東勢區","120.825","24.260","345"
"1007","288304","20220927162000","914","1","臺中市","東勢區","120.825","24.265","985"
"47","288312","20220927162000","153","0","臺中市","東勢區","120.835","24.230","42"
"47","288317","20220927162000","350","0","臺中市","東勢區","120.840","24.235","31"
"149","288339","20220927162000","59","3","臺中市","東勢區","120.875","24.215","123"
"16","288351","20220927162000","84","0","臺中市","東勢區","120.895","24.220","21"
"17","288365","20220927162000","117","0","臺中市","東勢區","120.880","24.230","20"
"10","288382","20220927162000","101","0","臺中市","東勢區","120.865","24.240","15"
"1154","288395","20220927162000","682","3","臺中市","沙鹿區","120.560","24.230","1140"
"527","288396","20220927162000","605","0","臺中市","潭子區","120.710","24.235","501"
"196","288397","20220927162000","1176","0","臺中市","豐原區","120.715","24.240","192"
"729","288401","20220927162000","875","0","臺中市","清水區","120.570","24.260","688"
"29","288402","20220927162000","102","0","臺中市","清水區","120.575","24.270","27"
"1559","288403","20220927162000","2088","0","臺中市","清水區","120.580","24.275","1542"
"214","288407","20220927162000","757","0","臺中市","潭子區","120.700","24.190","233"
"157","288459","20220927162000","163","0","花蓮縣","秀林鄉","121.715","24.245","185"
"59","288610","20220927162000","32","3","花蓮縣","秀林鄉","121.740","24.260","63"
"82","288819","20220927162000","159","0","花蓮縣","秀林鄉","121.485","24.190","70"
"43","288869","20220927162000","31","2","花蓮縣","秀林鄉","121.430","24.195","43"
"22","288993","20220927162000","31","0","花蓮縣","秀林鄉","121.480","24.205","27"
"14","289039","20220927162000","19","0","花蓮縣","秀林鄉","121.450","24.210","10"
"14","289656","20220927162000","21","0","花蓮縣","秀林鄉","121.685","24.215","12"
"25","289677","20220927162000","54","0","花蓮縣","秀林鄉","121.690","24.220","14"
"835","289851","20220927162000","1136","0","臺中市","大雅區","120.650","24.220","864"
"621","289852","20220927162000","794","0","臺中市","大雅區","120.655","24.220","624"
"491","289853","20220927162000","366","2","臺中市","大雅區","120.660","24.220","463"
"2860","289854","20220927162000","2118","2","臺中市","大雅區","120.655","24.225","2874"
"22","289855","20220927162000","134","0","臺中市","大雅區","120.660","24.225","163"
"1178","289860","20220927162000","1164","1","臺中市","大雅區","120.635","24.235","1157"
"1072","289863","20220927162000","816","2","臺中市","大雅區","120.630","24.240","1071"
"257","289868","20220927162000","205","2","臺中市","大雅區","120.635","24.245","233"
"12","289874","20220927162000","175","0","臺中市","大雅區","120.635","24.255","10"
"1328","289875","20220927162000","867","3","臺中市","大雅區","120.645","24.230","1329"
"815","289879","20220927162000","655","2","臺中市","大雅區","120.655","24.230","778"
"755","289882","20220927162000","379","3","臺中市","大雅區","120.655","24.235","714"
"410","289884","20220927162000","213","3","臺中市","大雅區","120.645","24.240","234"
"1533","289886","20220927162000","793","3","臺中市","大雅區","120.655","24.240","1167"
"423","289893","20220927162000","432","0","臺中市","豐原區","120.735","24.260","452"
"902","289895","20220927162000","439","3","臺中市","豐原區","120.750","24.265","943"
"152","289907","20220927162000","111","2","臺中市","新社區","120.815","24.240","118"
"95","289909","20220927162000","627","0","臺中市","豐原區","120.720","24.245","84"
"1836","289910","20220927162000","1678","1","臺中市","豐原區","120.725","24.245","1840"
"521","289912","20220927162000","484","1","臺中市","大雅區","120.670","24.225","528"
"520","289916","20220927162000","844","0","臺中市","大雅區","120.650","24.230","466"
"101","289918","20220927162000","569","0","臺中市","大雅區","120.645","24.210","80"
"1529","289919","20220927162000","1555","0","臺中市","大雅區","120.650","24.210","1518"
"894","289920","20220927162000","859","1","臺中市","大雅區","120.650","24.215","884"
"232","289921","20220927162000","1286","0","臺中市","大雅區","120.660","24.230","224"
"272","289922","20220927162000","350","0","臺中市","大雅區","120.665","24.230","291"
"1191","289923","20220927162000","1166","1","臺中市","大雅區","120.670","24.230","1164"
"352","289927","20220927162000","695","0","臺中市","大雅區","120.675","24.240","319"
"1429","289928","20220927162000","943","3","臺中市","東勢區","120.830","24.250","1417"
"462","289929","20220927162000","389","1","臺中市","東勢區","120.835","24.250","482"
"404","289937","20220927162000","445","0","臺中市","石岡區","120.785","24.275","379"
"929","289944","20220927162000","476","3","臺中市","石岡區","120.815","24.260","857"
"79","289946","20220927162000","248","0","臺中市","石岡區","120.805","24.265","83"
"49","289955","20220927162000","208","0","臺中市","石岡區","120.795","24.275","56"
"813","289964","20220927162000","483","3","臺中市","龍井區","120.480","24.210","802"
"941","289976","20220927162000","604","3","臺中市","龍井區","120.485","24.220","949"
"478","289982","20220927162000","569","0","臺中市","龍井區","120.490","24.225","548"
"1133","289983","20220927162000","833","2","臺中市","龍井區","120.495","24.225","1005"
"164","289992","20220927162000","208","0","臺中市","龍井區","120.490","24.230","144"
"62","289993","20220927162000","380","0","臺中市","龍井區","120.495","24.230","60"
"385","289996","20220927162000","465","0","臺中市","沙鹿區","120.580","24.210","360"
"96","289999","20220927162000","578","0","臺中市","沙鹿區","120.575","24.215","92"
"445","290000","20220927162000","535","0","臺中市","沙鹿區","120.580","24.215","467"
"422","290001","20220927162000","398","1","臺中市","沙鹿區","120.585","24.215","447"
"799","290004","20220927162000","696","1","臺中市","沙鹿區","120.570","24.220","762"
"244","290005","20220927162000","168","2","臺中市","沙鹿區","120.575","24.220","241"
"39","290008","20220927162000","23","3","臺中市","東勢區","120.840","24.190","40"
"89","290010","20220927162000","58","3","臺中市","東勢區","120.835","24.195","74"
"339","290015","20220927162000","208","3","臺中市","東勢區","120.840","24.200","323"
"195","290025","20220927162000","158","2","臺中市","東勢區","120.840","24.210","194"
"29","290037","20220927162000","305","0","臺中市","東勢區","120.850","24.195","24"
"786","290046","20220927162000","694","1","臺中市","龍井區","120.545","24.190","829"
"89","290051","20220927162000","93","0","臺中市","潭子區","120.695","24.195","83"
"2085","290052","20220927162000","1409","2","臺中市","潭子區","120.700","24.195","2132"
"14","290107","20220927162000","14","1","南投縣","仁愛鄉","121.305","24.205","13"
"14","290171","20220927162000","14","1","南投縣","仁愛鄉","121.290","24.225","15"
"127","290182","20220927162000","118","1","南投縣","仁愛鄉","121.260","24.230","112"
"19","290191","20220927162000","12","3","南投縣","仁愛鄉","121.305","24.230","19"
"153","290292","20220927162000","107","2","南投縣","仁愛鄉","121.220","24.190","133"
"202","290293","20220927162000","108","3","南投縣","仁愛鄉","121.225","24.190","192"
"63","296900","20220927162000","82","0","宜蘭縣","南澳鄉","121.750","24.320","63"
"260","296924","20220927162000","178","2","宜蘭縣","南澳鄉","121.745","24.330","259"
"17","296929","20220927162000","32","0","宜蘭縣","南澳鄉","121.770","24.330","18"
"21","296946","20220927162000","23","0","宜蘭縣","南澳鄉","121.770","24.335","51"
"95","296987","20220927162000","27","3","宜蘭縣","南澳鄉","121.775","24.345","32"
"481","297399","20220927162000","375","2","臺中市","清水區","120.580","24.280","461"
"900","297407","20220927162000","1100","0","臺中市","外埔區","120.620","24.335","896"
"351","297413","20220927162000","321","1","臺中市","神岡區","120.650","24.280","363"
"763","297416","20220927162000","632","2","臺中市","神岡區","120.640","24.285","759"
"84","297422","20220927162000","33","3","臺中市","神岡區","120.640","24.290","79"
"529","297424","20220927162000","338","3","臺中市","神岡區","120.650","24.290","529"
"234","297433","20220927162000","1785","0","臺中市","大甲區","120.620","24.345","254"
"390","297434","20220927162000","307","2","臺中市","梧棲區(海)","120.510","24.280","424"
"146","297444","20220927162000","108","2","臺中市","清水區","120.620","24.285","168"
"144","297446","20220927162000","103","2","臺中市","大甲區","120.640","24.345","106"
"968","297450","20220927162000","1020","0","臺中市","大甲區","120.630","24.355","925"
"884","297453","20220927162000","730","2","臺中市","大甲區","120.645","24.355","897"
"16","297456","20220927162000","13","2","臺中市","大甲區","120.645","24.360","17"
"185","297457","20220927162000","92","3","臺中市","大甲區","120.650","24.360","209"
"65","297458","20220927162000","494","0","臺中市","大甲區","120.640","24.365","64"
"155","297462","20220927162000","200","0","臺中市","東勢區","120.795","24.295","125"
"130","297485","20220927162000","111","1","臺中市","東勢區","120.785","24.310","107"
"265","297494","20220927162000","204","2","臺中市","東勢區","120.780","24.315","248"
"252","297510","20220927162000","240","1","臺中市","東勢區","120.870","24.280","241"
"115","297533","20220927162000","84","2","臺中市","清水區","120.560","24.310","108"
"42","297539","20220927162000","175","0","臺中市","清水區","120.555","24.305","26"
"54","297540","20220927162000","125","0","臺中市","清水區","120.550","24.310","44"
"331","297546","20220927162000","360","0","臺中市","清水區","120.560","24.320","307"
"49","297575","20220927162000","40","2","臺中市","清水區","120.540","24.300","49"
"282","297586","20220927162000","353","0","臺中市","清水區","120.545","24.305","282"
"158","297618","20220927162000","178","0","臺中市","后里區","120.665","24.305","173"
"575","297627","20220927162000","418","2","臺中市","后里區","120.680","24.310","578"
"703","297639","20220927162000","534","2","臺中市","后里區","120.725","24.285","693"
"22","297641","20220927162000","26","0","臺中市","后里區","120.735","24.285","25"
"247","297645","20220927162000","312","0","臺中市","后里區","120.725","24.290","229"
"1033","297646","20220927162000","788","2","臺中市","后里區","120.730","24.290","1032"
"167","297647","20220927162000","100","3","臺中市","后里區","120.735","24.290","149"
"364","297648","20220927162000","133","3","臺中市","后里區","120.740","24.290","418"
"1087","297654","20220927162000","908","1","臺中市","后里區","120.730","24.295","1141"
"48","297656","20220927162000","29","3","臺中市","后里區","120.740","24.295","47"
"150","297659","20220927162000","159","0","臺中市","后里區","120.755","24.295","208"
"22","297662","20220927162000","19","1","臺中市","后里區","120.725","24.300","26"
"62","297664","20220927162000","59","1","臺中市","后里區","120.735","24.300","75"
"672","297671","20220927162000","698","0","臺中市","后里區","120.725","24.305","784"
"467","297689","20220927162000","514","0","臺中市","大安區","120.585","24.365","471"
"1973","297697","20220927162000","1597","2","臺中市","大甲區","120.630","24.350","2029"
"54","297698","20220927162000","93","0","臺中市","大甲區","120.620","24.350","40"
"16","297701","20220927162000","14","1","苗栗縣","苑裡鎮","120.700","24.365","19"
"1147","297704","20220927162000","930","2","臺中市","大甲區","120.625","24.350","1111"
"1906","297705","20220927162000","1463","2","臺中市","大甲區","120.620","24.355","1937"
"1779","297706","20220927162000","1727","1","臺中市","大甲區","120.615","24.345","1765"
"798","297725","20220927162000","871","0","臺中市","大甲區","120.635","24.370","796"
"265","297760","20220927162000","194","2","臺中市","清水區","120.605","24.305","244"
"724","297763","20220927162000","637","1","臺中市","清水區","120.605","24.310","689"
"162","297775","20220927162000","892","0","臺中市","后里區","120.710","24.305","159"
"355","297776","20220927162000","225","3","臺中市","后里區","120.700","24.310","385"
"209","297778","20220927162000","133","3","臺中市","后里區","120.735","24.310","249"
"28","297782","20220927162000","42","0","臺中市","后里區","120.755","24.310","34"
"504","297783","20220927162000","378","2","臺中市","后里區","120.740","24.315","504"
"153","297795","20220927162000","182","0","臺中市","后里區","120.735","24.325","146"
"449","297801","20220927162000","488","0","臺中市","后里區","120.740","24.330","483"
"623","297811","20220927162000","298","3","臺中市","后里區","120.725","24.340","627"
"239","297831","20220927162000","280","0","臺中市","外埔區","120.700","24.345","260"
"789","297868","20220927162000","693","1","臺中市","外埔區","120.645","24.320","731"
"580","297883","20220927162000","418","2","臺中市","外埔區","120.670","24.320","569"
"224","297885","20220927162000","208","1","臺中市","外埔區","120.680","24.320","189"
"614","297886","20220927162000","562","1","臺中市","外埔區","120.665","24.325","592"
"714","297921","20220927162000","458","3","臺中市","外埔區","120.650","24.330","771"
"1492","297922","20220927162000","1465","1","臺中市","外埔區","120.655","24.330","1538"
"2053","297926","20220927162000","1901","1","臺中市","外埔區","120.635","24.340","2125"
"238","297928","20220927162000","210","1","臺中市","外埔區","120.645","24.340","273"
"706","297941","20220927162000","596","1","臺中市","外埔區","120.625","24.320","884"
"531","297947","20220927162000","416","2","臺中市","外埔區","120.630","24.325","579"
"53","297954","20220927162000","60","0","臺中市","外埔區","120.635","24.330","62"
"311","297957","20220927162000","222","2","臺中市","外埔區","120.630","24.335","297"
"253","297959","20220927162000","277","0","臺中市","外埔區","120.685","24.325","262"
"29","297961","20220927162000","98","0","臺中市","外埔區","120.675","24.330","26"
"375","297967","20220927162000","364","1","臺中市","后里區","120.710","24.330","386"
"113","297988","20220927162000","398","0","臺中市","外埔區","120.665","24.340","114"
"340","297992","20220927162000","274","2","臺中市","外埔區","120.685","24.340","384"
"610","297995","20220927162000","743","0","臺中市","大安區","120.585","24.345","657"
"17","298020","20220927162000","17","1","臺中市","大安區","120.570","24.340","29"
"41","298024","20220927162000","64","0","臺中市","大安區","120.570","24.345","40"
"221","298036","20220927162000","188","1","臺中市","大安區","120.590","24.335","239"
"315","298040","20220927162000","413","0","臺中市","大安區","120.590","24.340","309"
"83","298043","20220927162000","485","0","臺中市","大安區","120.605","24.365","70"
"1297","298045","20220927162000","1223","1","臺中市","后里區","120.720","24.310","1593"
"806","298047","20220927162000","903","0","臺中市","后里區","120.720","24.320","780"
"196","298050","20220927162000","634","0","臺中市","后里區","120.725","24.315","198"
"442","298051","20220927162000","430","1","臺中市","后里區","120.730","24.315","442"
"5912","298052","20220927162000","4787","2","臺中市","后里區","120.725","24.320","5974"
"502","298053","20220927162000","738","0","臺中市","后里區","120.730","24.320","534"
"311","298054","20220927162000","342","0","臺中市","后里區","120.735","24.320","329"
"231","298056","20220927162000","263","0","臺中市","后里區","120.725","24.325","260"
"147","298059","20220927162000","659","0","臺中市","后里區","120.710","24.310","155"
"141","298060","20220927162000","206","0","臺中市","后里區","120.715","24.310","176"
"479","298062","20220927162000","267","3","臺中市","后里區","120.710","24.315","522"
"99","298066","20220927162000","70","2","臺中市","后里區","120.705","24.320","110"
"174","298069","20220927162000","199","0","臺中市","外埔區","120.695","24.325","84"
"415","298070","20220927162000","378","1","臺中市","后里區","120.700","24.325","405"
"204","298074","20220927162000","213","0","臺中市","后里區","120.705","24.325","176"
"817","298075","20220927162000","682","1","臺中市","后里區","120.710","24.325","850"
"402","298078","20220927162000","384","1","臺中市","后里區","120.705","24.330","408"
"41","298081","20220927162000","182","0","臺中市","后里區","120.745","24.325","42"
"117","298082","20220927162000","112","1","臺中市","后里區","120.750","24.325","132"
"110","298092","20220927162000","101","1","臺中市","后里區","120.680","24.315","91"
"48","298093","20220927162000","26","3","臺中市","后里區","120.685","24.315","43"
"520","298094","20220927162000","556","0","臺中市","后里區","120.690","24.315","503"
"659","298095","20220927162000","479","2","臺中市","后里區","120.695","24.315","763"
"170","298096","20220927162000","157","1","臺中市","外埔區","120.685","24.320","201"
"70","298098","20220927162000","504","0","臺中市","大安區","120.600","24.345","78"
"54","298100","20220927162000","446","0","臺中市","大安區","120.600","24.350","51"
"215","298108","20220927162000","165","2","臺中市","大甲區","120.680","24.365","203"
"397","298116","20220927162000","347","1","臺中市","大甲區","120.675","24.370","377"
"613","298125","20220927162000","860","0","臺中市","大甲區","120.625","24.340","642"
"366","298126","20220927162000","568","0","臺中市","大甲區","120.630","24.340","375"
"170","298128","20220927162000","132","2","臺中市","大甲區","120.620","24.340","149"
"2257","298129","20220927162000","2585","0","臺中市","大甲區","120.625","24.345","2203"
"263","298135","20220927162000","255","1","臺中市","后里區","120.715","24.295","260"
"1110","298141","20220927162000","1215","0","臺中市","后里區","120.715","24.305","1078"
"320","298142","20220927162000","343","0","臺中市","后里區","120.720","24.305","309"
"124","298151","20220927162000","466","0","臺中市","清水區","120.610","24.290","119"
"207","298155","20220927162000","131","3","臺中市","清水區","120.610","24.295","186"
"1460","298159","20220927162000","1104","2","臺中市","大甲區","120.615","24.350","1448"
"553","298177","20220927162000","456","2","臺中市","大甲區","120.605","24.325","563"
"147","298178","20220927162000","279","0","臺中市","大甲區","120.595","24.330","157"
"1455","298182","20220927162000","1003","2","臺中市","后里區","120.725","24.310","638"
"95","298183","20220927162000","127","0","臺中市","后里區","120.730","24.305","115"
"214","298184","20220927162000","345","0","臺中市","后里區","120.730","24.310","280"
"72","298185","20220927162000","31","3","臺中市","后里區","120.735","24.315","66"
"317","298202","20220927162000","253","2","臺中市","后里區","120.700","24.285","313"
"37","298208","20220927162000","351","0","臺中市","后里區","120.675","24.290","36"
"494","298213","20220927162000","353","2","臺中市","后里區","120.700","24.290","483"
"27","298360","20220927162000","51","0","臺中市","和平區","121.280","24.305","17"
"516","298427","20220927162000","379","2","臺中市","和平區","121.295","24.315","442"
"125","298504","20220927162000","71","3","臺中市","和平區","121.310","24.325","120"
"155","298630","20220927162000","146","1","臺中市","和平區","121.310","24.335","181"
"24","298632","20220927162000","11","3","臺中市","和平區","121.320","24.335","36"
"45","298723","20220927162000","61","0","臺中市","和平區","121.310","24.345","50"
"105","298770","20220927162000","103","1","臺中市","和平區","121.310","24.350","88"
"18","298772","20220927162000","31","0","臺中市","和平區","121.320","24.350","18"
"115","298818","20220927162000","77","2","臺中市","和平區","121.315","24.355","63"
"37","298866","20220927162000","51","0","臺中市","和平區","121.315","24.360","45"
"27","298968","20220927162000","11","3","臺中市","和平區","121.340","24.370","11"
"22","299078","20220927162000","19","1","臺中市","和平區","121.265","24.285","37"
"13","299174","20220927162000","15","0","臺中市","和平區","121.275","24.295","17"
"93","299584","20220927162000","82","1","臺中市","和平區","120.905","24.290","87"
"17","299585","20220927162000","17","1","臺中市","和平區","120.910","24.290","16"
"94","299602","20220927162000","66","2","臺中市","和平區","120.930","24.295","67"
"72","299659","20220927162000","55","2","臺中市","和平區","120.940","24.300","69"
"95","299703","20220927162000","77","2","臺中市","和平區","120.940","24.310","89"
"55","299761","20220927162000","27","3","臺中市","和平區","120.930","24.325","50"
"115","299779","20220927162000","99","1","臺中市","和平區","120.925","24.325","106"
"56","299781","20220927162000","189","0","臺中市","和平區","120.935","24.325","71"
"27","299796","20220927162000","18","3","臺中市","和平區","120.920","24.330","22"
"623","299822","20220927162000","633","0","臺中市","清水區","120.565","24.290","613"
"46","299823","20220927162000","321","0","臺中市","清水區","120.560","24.295","40"
"211","299826","20220927162000","189","1","臺中市","清水區","120.600","24.280","223"
"63","299828","20220927162000","37","3","臺中市","清水區","120.610","24.280","76"
"370","299830","20220927162000","279","2","臺中市","清水區","120.600","24.285","411"
"506","299831","20220927162000","485","1","臺中市","清水區","120.575","24.285","502"
"373","299835","20220927162000","433","0","臺中市","清水區","120.575","24.300","417"
"70","299845","20220927162000","67","1","臺中市","東勢區","120.790","24.285","69"
"324","299852","20220927162000","200","3","臺中市","東勢區","120.795","24.285","294"
"72","299868","20220927162000","46","3","臺中市","東勢區","120.805","24.300","60"
"128","299869","20220927162000","173","0","臺中市","東勢區","120.810","24.300","165"
"297","299873","20220927162000","253","1","臺中市","清水區","120.555","24.280","313"
"252","299884","20220927162000","1005","0","臺中市","清水區","120.540","24.285","218"
"95","299886","20220927162000","1177","0","臺中市","清水區","120.525","24.290","116"
"45","299888","20220927162000","23","3","臺中市","清水區","120.535","24.290","46"
"198","299892","20220927162000","162","2","臺中市","清水區","120.520","24.295","230"
"862","299901","20220927162000","678","2","臺中市","清水區","120.630","24.290","861"
"163","299913","20220927162000","143","1","臺中市","清水區","120.630","24.300","156"
"114","299923","20220927162000","146","0","臺中市","清水區","120.580","24.290","106"
"594","299926","20220927162000","434","2","臺中市","清水區","120.590","24.295","605"
"21","300134","20220927162000","20","1","花蓮縣","秀林鄉","121.755","24.290","21"
"243","300263","20220927162000","247","0","花蓮縣","秀林鄉","121.755","24.300","224"
"370","300401","20220927162000","272","2","花蓮縣","秀林鄉","121.750","24.310","389"
"166","300404","20220927162000","141","1","花蓮縣","秀林鄉","121.765","24.310","162"
"48","300405","20220927162000","35","2","花蓮縣","秀林鄉","121.765","24.305","57"
"42","300877","20220927162000","119","0","苗栗縣","三義鄉","120.740","24.365","39"
"10","300879","20220927162000","11","0","苗栗縣","三義鄉","120.750","24.365","10"
"15","300914","20220927162000","97","0","苗栗縣","三義鄉","120.765","24.340","20"
"83","300918","20220927162000","74","1","苗栗縣","三義鄉","120.750","24.345","94"
"51","300926","20220927162000","213","0","苗栗縣","三義鄉","120.745","24.350","52"
"63","300932","20220927162000","432","0","苗栗縣","三義鄉","120.735","24.355","74"
"161","300935","20220927162000","78","3","苗栗縣","三義鄉","120.750","24.355","139"
"17","300937","20220927162000","100","0","苗栗縣","三義鄉","120.760","24.355","12"
"13","300943","20220927162000","82","0","苗栗縣","三義鄉","120.770","24.355","16"
"145","300949","20220927162000","139","1","苗栗縣","三義鄉","120.780","24.360","205"
"10","300965","20220927162000","58","0","苗栗縣","三義鄉","120.795","24.370","14"
"229","300971","20220927162000","190","2","苗栗縣","卓蘭鎮","120.835","24.300","174"
"28","300982","20220927162000","24","1","苗栗縣","卓蘭鎮","120.845","24.310","46"
"38","301006","20220927162000","167","0","臺中市","東勢區","120.805","24.280","43"
"27","301007","20220927162000","231","0","臺中市","東勢區","120.810","24.280","34"
"578","301021","20220927162000","454","2","苗栗縣","卓蘭鎮","120.830","24.310","518"
"393","301030","20220927162000","270","2","苗栗縣","卓蘭鎮","120.845","24.320","351"
"30","301060","20220927162000","225","0","苗栗縣","卓蘭鎮","120.810","24.330","31"
"416","301079","20220927162000","408","1","苗栗縣","卓蘭鎮","120.785","24.330","420"
"316","301082","20220927162000","287","1","苗栗縣","卓蘭鎮","120.825","24.330","241"
"84","301093","20220927162000","90","0","苗栗縣","卓蘭鎮","120.805","24.335","73"
"102","301097","20220927162000","45","3","苗栗縣","卓蘭鎮","120.825","24.335","110"
"11","301117","20220927162000","10","1","苗栗縣","苑裡鎮","120.700","24.370","11"
"23","301176","20220927162000","31","0","臺中市","和平區","121.040","24.295","61"
"12","301578","20220927162000","62","0","苗栗縣","泰安鄉","120.945","24.360","21"
"82","301582","20220927162000","68","2","苗栗縣","泰安鄉","120.965","24.360","100"
"151","301609","20220927162000","82","3","苗栗縣","泰安鄉","120.960","24.370","164"
"32","301626","20220927162000","113","0","苗栗縣","卓蘭鎮","120.845","24.295","29"
"76","301629","20220927162000","96","0","苗栗縣","卓蘭鎮","120.860","24.295","73"
"141","301639","20220927162000","96","2","苗栗縣","卓蘭鎮","120.840","24.300","139"
"78","301640","20220927162000","81","0","苗栗縣","卓蘭鎮","120.845","24.300","64"
"69","301669","20220927162000","44","3","苗栗縣","卓蘭鎮","120.880","24.315","63"
"12","301713","20220927162000","79","0","苗栗縣","卓蘭鎮","120.875","24.335","24"
"160","301723","20220927162000","154","1","苗栗縣","卓蘭鎮","120.850","24.340","136"
"170","301727","20220927162000","105","3","苗栗縣","卓蘭鎮","120.870","24.340","211"
"83","301752","20220927162000","109","0","苗栗縣","卓蘭鎮","120.825","24.305","92"
"825","301756","20220927162000","659","2","苗栗縣","卓蘭鎮","120.820","24.315","786"
"887","301757","20220927162000","741","1","苗栗縣","卓蘭鎮","120.825","24.315","946"
"26","301775","20220927162000","76","0","苗栗縣","卓蘭鎮","120.855","24.355","22"
"71","301787","20220927162000","34","3","苗栗縣","大湖鄉","120.870","24.360","74"
"21","301810","20220927162000","128","0","苗栗縣","大湖鄉","120.825","24.345","29"
"115","301882","20220927162000","91","2","苗栗縣","大湖鄉","120.875","24.365","138"
"16","307890","20220927162000","44","0","宜蘭縣","南澳鄉","121.780","24.365","21"
"22","307940","20220927162000","21","1","宜蘭縣","南澳鄉","121.790","24.400","22"
"11","307967","20220927162000","19","0","宜蘭縣","南澳鄉","121.790","24.415","10"
"35","308048","20220927162000","29","2","宜蘭縣","南澳鄉","121.765","24.440","43"
"20","308051","20220927162000","36","0","宜蘭縣","南澳鄉","121.780","24.440","38"
"23","308125","20220927162000","45","0","宜蘭縣","南澳鄉","121.775","24.450","28"
"199","308964","20220927162000","169","1","宜蘭縣","南澳鄉","121.750","24.425","196"
"66","309060","20220927162000","26","3","宜蘭縣","南澳鄉","121.750","24.435","64"
"110","309298","20220927162000","141","0","宜蘭縣","大同鄉","121.355","24.395","110"
"430","309501","20220927162000","309","2","宜蘭縣","大同鄉","121.380","24.435","379"
"96","309740","20220927162000","79","2","宜蘭縣","蘇澳鎮","121.805","24.445","116"
"212","309750","20220927162000","229","0","宜蘭縣","蘇澳鎮","121.790","24.455","185"
"712","309853","20220927162000","569","2","臺中市","大甲區","120.640","24.410","716"
"113","309860","20220927162000","650","0","臺中市","大甲區","120.630","24.415","126"
"314","309867","20220927162000","294","1","臺中市","大甲區","120.635","24.390","298"
"114","309881","20220927162000","632","0","臺中市","大甲區","120.635","24.410","97"
"519","309883","20220927162000","519","1","臺中市","大甲區","120.640","24.415","524"
"15","309891","20220927162000","294","0","臺中市","大安區","120.600","24.370","21"
"381","309899","20220927162000","425","0","臺中市","大安區","120.605","24.385","400"
"228","309910","20220927162000","247","0","臺中市","大安區","120.600","24.395","246"
"75","309925","20220927162000","622","0","臺中市","大甲區","120.670","24.380","77"
"33","309935","20220927162000","35","0","臺中市","大甲區","120.665","24.390","38"
"128","309937","20220927162000","1430","0","臺中市","大甲區","120.660","24.395","133"
"1550","309939","20220927162000","1302","1","苗栗縣","苑裡鎮","120.665","24.400","1597"
"550","309942","20220927162000","482","1","臺中市","大甲區","120.645","24.400","612"
"1801","309947","20220927162000","2068","0","臺中市","大甲區","120.650","24.405","1866"
"2069","309948","20220927162000","2120","0","臺中市","大甲區","120.655","24.405","2018"
"127","309960","20220927162000","151","0","臺中市","大安區","120.595","24.385","114"
"51","309972","20220927162000","288","0","臺中市","大安區","120.585","24.375","56"
"412","309973","20220927162000","391","1","臺中市","大安區","120.590","24.375","374"
"35","309975","20220927162000","20","3","臺中市","大安區","120.585","24.380","27"
"73","309977","20220927162000","61","1","臺中市","大安區","120.610","24.375","73"
"722","309986","20220927162000","391","3","臺中市","大甲區","120.660","24.370","819"
"1170","310004","20220927162000","1712","0","臺中市","大甲區","120.655","24.380","1152"
"80","310009","20220927162000","903","0","臺中市","大甲區","120.650","24.390","77"
"364","310033","20220927162000","305","1","臺中市","大甲區","120.615","24.415","343"
"424","310040","20220927162000","483","0","臺中市","大甲區","120.620","24.370","420"
"27","310149","20220927162000","17","3","臺中市","和平區","121.305","24.380","15"
"45","310150","20220927162000","39","1","臺中市","和平區","121.310","24.380","27"
"57","310180","20220927162000","74","0","臺中市","和平區","121.300","24.385","58"
"45","310235","20220927162000","39","1","臺中市","和平區","121.305","24.395","68"
"22","310389","20220927162000","56","0","苗栗縣","三義鄉","120.775","24.385","38"
"77","310390","20220927162000","143","0","苗栗縣","三義鄉","120.780","24.385","107"
"334","310395","20220927162000","436","0","苗栗縣","三義鄉","120.750","24.395","367"
"373","310396","20220927162000","376","0","苗栗縣","三義鄉","120.755","24.395","365"
"15","310399","20220927162000","16","0","苗栗縣","三義鄉","120.770","24.395","20"
"1735","310412","20220927162000","1408","2","苗栗縣","三義鄉","120.760","24.405","1696"
"653","310415","20220927162000","566","1","苗栗縣","三義鄉","120.765","24.410","630"
"803","310419","20220927162000","921","0","苗栗縣","三義鄉","120.770","24.415","770"
"660","310423","20220927162000","627","1","苗栗縣","三義鄉","120.745","24.370","652"
"37","310429","20220927162000","63","0","苗栗縣","三義鄉","120.770","24.370","62"
"30","310433","20220927162000","430","0","苗栗縣","三義鄉","120.750","24.375","52"
"280","310441","20220927162000","419","0","苗栗縣","三義鄉","120.750","24.380","360"
"447","310450","20220927162000","279","3","苗栗縣","三義鄉","120.755","24.385","566"
"47","310451","20220927162000","186","0","苗栗縣","三義鄉","120.760","24.385","49"
"415","310456","20220927162000","516","0","苗栗縣","三義鄉","120.755","24.390","548"
"95","310458","20220927162000","94","1","苗栗縣","三義鄉","120.760","24.390","130"
"38","310469","20220927162000","62","0","苗栗縣","三義鄉","120.780","24.375","32"
"491","310489","20220927162000","536","0","苗栗縣","三義鄉","120.775","24.420","500"
"152","310506","20220927162000","232","0","苗栗縣","三義鄉","120.770","24.435","150"
"49","310521","20220927162000","37","2","苗栗縣","三義鄉","120.805","24.385","55"
"43","310527","20220927162000","49","0","苗栗縣","三義鄉","120.795","24.390","39"
"12","310531","20220927162000","15","0","苗栗縣","三義鄉","120.780","24.395","12"
"35","310542","20220927162000","28","2","苗栗縣","三義鄉","120.775","24.405","32"
"221","310551","20220927162000","199","1","苗栗縣","三義鄉","120.790","24.410","254"
"20","310552","20220927162000","19","1","苗栗縣","三義鄉","120.795","24.410","16"
"211","310580","20220927162000","169","2","苗栗縣","公館鄉","120.860","24.460","208"
"21","310595","20220927162000","19","1","苗栗縣","苑裡鎮","120.660","24.430","24"
"462","310596","20220927162000","435","1","苗栗縣","苑裡鎮","120.665","24.430","467"
"48","310601","20220927162000","197","0","苗栗縣","苑裡鎮","120.710","24.375","46"
"99","310623","20220927162000","77","2","苗栗縣","苑裡鎮","120.695","24.400","73"
"432","310636","20220927162000","355","2","苗栗縣","苑裡鎮","120.660","24.440","402"
"49","310637","20220927162000","50","0","苗栗縣","苑裡鎮","120.655","24.445","57"
"24","310639","20220927162000","15","3","苗栗縣","苑裡鎮","120.665","24.445","20"
"45","310640","20220927162000","20","3","苗栗縣","通霄鎮","120.660","24.450","40"
"654","310644","20220927162000","585","1","苗栗縣","苑裡鎮","120.655","24.450","661"
"44","310647","20220927162000","70","0","苗栗縣","通霄鎮","120.660","24.455","51"
"14","310648","20220927162000","12","1","苗栗縣","苑裡鎮","120.650","24.460","12"
"18","310656","20220927162000","201","0","苗栗縣","三義鄉","120.745","24.395","26"
"25","310670","20220927162000","87","0","苗栗縣","苑裡鎮","120.715","24.410","34"
"71","310685","20220927162000","52","2","苗栗縣","苑裡鎮","120.710","24.420","73"
"38","310688","20220927162000","37","1","苗栗縣","苑裡鎮","120.660","24.435","42"
"286","310695","20220927162000","206","2","苗栗縣","苑裡鎮","120.670","24.405","308"
"235","310698","20220927162000","189","2","苗栗縣","苑裡鎮","120.690","24.410","280"
"123","310699","20220927162000","70","3","苗栗縣","苑裡鎮","120.690","24.415","120"
"43","310721","20220927162000","391","0","苗栗縣","苑裡鎮","120.645","24.435","33"
"210","310722","20220927162000","101","3","苗栗縣","苑裡鎮","120.650","24.435","176"
"420","310727","20220927162000","333","2","苗栗縣","苑裡鎮","120.635","24.445","418"
"19","310728","20220927162000","33","0","苗栗縣","苑裡鎮","120.655","24.410","26"
"14","310729","20220927162000","11","2","苗栗縣","苑裡鎮","120.650","24.415","14"
"425","310730","20220927162000","382","1","苗栗縣","苑裡鎮","120.655","24.415","436"
"368","310737","20220927162000","419","0","苗栗縣","苑裡鎮","120.650","24.425","360"
"17","310749","20220927162000","163","0","苗栗縣","苑裡鎮","120.685","24.435","15"
"517","310752","20220927162000","353","2","苗栗縣","苑裡鎮","120.700","24.435","403"
"44","310755","20220927162000","39","1","苗栗縣","苑裡鎮","120.680","24.440","39"
"267","310758","20220927162000","187","2","苗栗縣","苑裡鎮","120.700","24.385","253"
"218","310763","20220927162000","241","0","苗栗縣","苑裡鎮","120.695","24.395","239"
"40","310766","20220927162000","14","3","苗栗縣","苑裡鎮","120.685","24.405","36"
"887","310776","20220927162000","834","1","苗栗縣","大湖鄉","120.870","24.425","908"
"51","310779","20220927162000","42","2","苗栗縣","大湖鄉","120.885","24.425","36"
"257","310796","20220927162000","226","1","苗栗縣","大湖鄉","120.865","24.400","252"
"48","310800","20220927162000","35","2","苗栗縣","大湖鄉","120.855","24.405","49"
"27","310825","20220927162000","186","0","苗栗縣","大湖鄉","120.900","24.410","28"
"277","310860","20220927162000","98","3","苗栗縣","大湖鄉","120.870","24.405","268"
"32","310881","20220927162000","270","0","苗栗縣","大湖鄉","120.860","24.420","24"
"16","310888","20220927162000","147","0","苗栗縣","苑裡鎮","120.695","24.370","10"
"550","310894","20220927162000","762","0","苗栗縣","苑裡鎮","120.655","24.440","585"
"16","310899","20220927162000","25","0","苗栗縣","苑裡鎮","120.690","24.375","13"
"1152","310905","20220927162000","1194","0","苗栗縣","苑裡鎮","120.680","24.385","1155"
"115","310911","20220927162000","103","1","苗栗縣","苑裡鎮","120.660","24.410","114"
"282","310914","20220927162000","97","3","苗栗縣","苑裡鎮","120.660","24.415","261"
"82","310926","20220927162000","46","3","苗栗縣","苑裡鎮","120.720","24.395","81"
"28","310927","20220927162000","125","0","苗栗縣","苑裡鎮","120.725","24.395","26"
"24","310930","20220927162000","13","3","苗栗縣","苑裡鎮","120.715","24.400","23"
"32","310938","20220927162000","38","0","苗栗縣","苑裡鎮","120.705","24.410","30"
"18","310941","20220927162000","53","0","苗栗縣","苑裡鎮","120.675","24.400","30"
"17","310942","20220927162000","14","2","苗栗縣","苑裡鎮","120.680","24.400","14"
"40","310943","20220927162000","299","0","苗栗縣","苑裡鎮","120.675","24.405","45"
"12","310949","20220927162000","144","0","苗栗縣","苑裡鎮","120.670","24.415","13"
"26","310953","20220927162000","18","2","苗栗縣","苑裡鎮","120.670","24.425","20"
"24","310959","20220927162000","15","3","苗栗縣","苑裡鎮","120.680","24.410","20"
"266","310964","20220927162000","1056","0","苗栗縣","苑裡鎮","120.685","24.415","253"
"178","310996","20220927162000","156","1","苗栗縣","銅鑼鄉","120.810","24.465","178"
"25","310999","20220927162000","75","0","苗栗縣","銅鑼鄉","120.755","24.445","17"
"85","311009","20220927162000","90","0","苗栗縣","銅鑼鄉","120.765","24.460","79"
"1053","311014","20220927162000","625","3","苗栗縣","銅鑼鄉","120.760","24.460","1050"
"121","311016","20220927162000","114","1","苗栗縣","銅鑼鄉","120.770","24.465","121"
"122","311031","20220927162000","71","3","苗栗縣","銅鑼鄉","120.810","24.405","121"
"169","311073","20220927162000","77","3","苗栗縣","銅鑼鄉","120.835","24.420","163"
"380","311108","20220927162000","247","3","苗栗縣","銅鑼鄉","120.780","24.450","344"
"439","311118","20220927162000","362","2","苗栗縣","銅鑼鄉","120.780","24.465","506"
"1936","311279","20220927162000","2009","0","苗栗縣","苑裡鎮","120.650","24.440","1904"
"91","311280","20220927162000","93","0","苗栗縣","苑裡鎮","120.650","24.445","123"
"15","311281","20220927162000","13","1","苗栗縣","苑裡鎮","120.645","24.445","21"
"285","311283","20220927162000","297","0","苗栗縣","苑裡鎮","120.650","24.450","306"
"65","311310","20220927162000","73","0","苗栗縣","泰安鄉","120.925","24.390","84"
"36","311446","20220927162000","38","0","苗栗縣","泰安鄉","120.980","24.445","40"
"130","311474","20220927162000","87","2","苗栗縣","泰安鄉","120.935","24.420","133"
"31","311478","20220927162000","160","0","苗栗縣","泰安鄉","120.925","24.420","43"
"19","311666","20220927162000","99","0","苗栗縣","泰安鄉","120.980","24.390","19"
"28","312076","20220927162000","22","2","苗栗縣","泰安鄉","121.015","24.425","20"
"18","312522","20220927162000","94","0","苗栗縣","泰安鄉","120.925","24.440","21"
"159","312590","20220927162000","121","2","苗栗縣","通霄鎮","120.735","24.410","162"
"199","312624","20220927162000","192","1","苗栗縣","通霄鎮","120.680","24.455","208"
"78","312636","20220927162000","81","0","苗栗縣","通霄鎮","120.690","24.465","76"
"43","312656","20220927162000","26","3","苗栗縣","通霄鎮","120.745","24.440","43"
"130","312664","20220927162000","68","3","苗栗縣","通霄鎮","120.725","24.450","123"
"12","312666","20220927162000","14","0","苗栗縣","通霄鎮","120.735","24.450","12"
"62","312668","20220927162000","97","0","苗栗縣","通霄鎮","120.720","24.425","56"
"83","312670","20220927162000","216","0","苗栗縣","通霄鎮","120.720","24.430","85"
"249","312677","20220927162000","210","1","苗栗縣","通霄鎮","120.715","24.440","248"
"200","312691","20220927162000","261","0","苗栗縣","通霄鎮","120.700","24.455","187"
"50","312717","20220927162000","26","3","苗栗縣","通霄鎮","120.730","24.460","42"
"125","312744","20220927162000","154","0","苗栗縣","大湖鄉","120.865","24.430","121"
"39","312752","20220927162000","257","0","苗栗縣","大湖鄉","120.865","24.435","28"
"155","312778","20220927162000","102","3","苗栗縣","大湖鄉","120.905","24.445","148"
"112","312782","20220927162000","95","1","苗栗縣","大湖鄉","120.880","24.450","122"
"246","312784","20220927162000","222","1","苗栗縣","大湖鄉","120.875","24.455","230"
"76","312785","20220927162000","896","0","苗栗縣","大湖鄉","120.865","24.420","77"
"237","312798","20220927162000","225","1","苗栗縣","大湖鄉","120.900","24.375","236"
"11","312821","20220927162000","210","0","苗栗縣","大湖鄉","120.835","24.370","11"
"507","312833","20220927162000","346","2","苗栗縣","三義鄉","120.820","24.380","495"
"149","312851","20220927162000","95","3","苗栗縣","大湖鄉","120.865","24.375","139"
"71","312863","20220927162000","222","0","苗栗縣","大湖鄉","120.850","24.385","72"
"61","317431","20220927162000","81","0","宜蘭縣","蘇澳鎮","121.845","24.520","73"
"515","319889","20220927162000","390","2","宜蘭縣","南澳鄉","121.800","24.465","498"
"503","319890","20220927162000","525","0","宜蘭縣","蘇澳鎮","121.805","24.465","493"
"93","319894","20220927162000","82","1","宜蘭縣","南澳鄉","121.810","24.470","108"
"204","320020","20220927162000","162","2","宜蘭縣","蘇澳鎮","121.830","24.515","242"
"28","320043","20220927162000","40","0","宜蘭縣","南澳鄉","121.830","24.530","27"
"70","320054","20220927162000","63","1","宜蘭縣","南澳鄉","121.835","24.535","68"
"223","320197","20220927162000","166","2","宜蘭縣","南澳鄉","121.790","24.470","220"
"14","320298","20220927162000","11","2","宜蘭縣","南澳鄉","121.785","24.460","14"
"103","320807","20220927162000","90","1","宜蘭縣","大同鄉","121.430","24.485","94"
"161","320829","20220927162000","182","0","宜蘭縣","大同鄉","121.430","24.490","205"
"18","321164","20220927162000","26","0","宜蘭縣","南澳鄉","121.535","24.495","22"
"99","321192","20220927162000","97","1","宜蘭縣","大同鄉","121.530","24.500","122"
"80","321195","20220927162000","39","3","宜蘭縣","大同鄉","121.545","24.500","28"
"56","321219","20220927162000","36","3","宜蘭縣","大同鄉","121.530","24.505","34"
"40","321263","20220927162000","19","3","宜蘭縣","南澳鄉","121.610","24.505","50"
"21","321421","20220927162000","107","0","宜蘭縣","大同鄉","121.505","24.545","11"
"11","321422","20220927162000","22","0","宜蘭縣","大同鄉","121.510","24.545","18"
"101","321699","20220927162000","87","1","宜蘭縣","大同鄉","121.450","24.530","94"
"348","321823","20220927162000","215","3","宜蘭縣","蘇澳鎮","121.840","24.485","185"
"67","321846","20220927162000","51","2","宜蘭縣","蘇澳鎮","121.835","24.510","65"
"184","321850","20220927162000","151","2","宜蘭縣","蘇澳鎮","121.835","24.520","189"
"152","321880","20220927162000","95","3","宜蘭縣","蘇澳鎮","121.820","24.460","145"
"35","321882","20220927162000","69","0","宜蘭縣","蘇澳鎮","121.820","24.465","18"
"115","321898","20220927162000","100","1","宜蘭縣","蘇澳鎮","121.825","24.485","116"
"40","322586","20220927162000","25","3","新竹縣","五峰鄉","121.090","24.500","40"
"47","322590","20220927162000","49","0","新竹縣","五峰鄉","121.075","24.505","80"
"50","322609","20220927162000","33","3","新竹縣","五峰鄉","121.115","24.510","36"
"59","322716","20220927162000","101","0","新竹縣","五峰鄉","121.110","24.525","58"
"35","322717","20220927162000","42","0","新竹縣","五峰鄉","121.115","24.525","28"
"19","322744","20220927162000","27","0","新竹縣","五峰鄉","121.125","24.530","21"
"69","322792","20220927162000","91","0","新竹縣","五峰鄉","121.125","24.540","44"
"42","322897","20220927162000","24","3","新竹縣","五峰鄉","121.130","24.560","42"
"66","322913","20220927162000","312","0","苗栗縣","公館鄉","120.820","24.495","79"
"24","322918","20220927162000","169","0","苗栗縣","公館鄉","120.815","24.510","31"
"150","322920","20220927162000","196","0","苗栗縣","公館鄉","120.815","24.515","161"
"337","322921","20220927162000","305","1","苗栗縣","銅鑼鄉","120.810","24.515","362"
"204","322933","20220927162000","165","2","苗栗縣","公館鄉","120.835","24.510","257"
"203","322941","20220927162000","276","0","苗栗縣","公館鄉","120.835","24.530","246"
"19","322961","20220927162000","97","0","苗栗縣","公館鄉","120.850","24.530","15"
"76","322992","20220927162000","96","0","苗栗縣","公館鄉","120.890","24.540","56"
"137","323065","20220927162000","115","1","苗栗縣","公館鄉","120.835","24.500","142"
"11","323076","20220927162000","14","0","苗栗縣","公館鄉","120.835","24.540","10"
"144","323078","20220927162000","119","2","苗栗縣","公館鄉","120.835","24.545","146"
"899","323086","20220927162000","698","2","苗栗縣","公館鄉","120.825","24.510","950"
"98","323090","20220927162000","654","0","苗栗縣","公館鄉","120.820","24.515","92"
"174","323092","20220927162000","296","0","苗栗縣","公館鄉","120.825","24.520","171"
"71","323094","20220927162000","291","0","苗栗縣","公館鄉","120.825","24.465","68"
"136","323105","20220927162000","165","0","苗栗縣","公館鄉","120.835","24.465","124"
"64","323120","20220927162000","62","1","苗栗縣","公館鄉","120.855","24.475","54"
"464","323126","20220927162000","296","3","苗栗縣","公館鄉","120.825","24.475","404"
"336","323131","20220927162000","295","1","苗栗縣","公館鄉","120.820","24.480","321"
"39","323137","20220927162000","371","0","苗栗縣","公館鄉","120.830","24.485","38"
"451","323139","20220927162000","521","0","苗栗縣","公館鄉","120.825","24.500","448"
"571","323140","20220927162000","606","0","苗栗縣","公館鄉","120.825","24.505","568"
"882","323143","20220927162000","994","0","苗栗縣","公館鄉","120.820","24.500","854"
"33","323150","20220927162000","195","0","苗栗縣","公館鄉","120.830","24.530","32"
"178","323152","20220927162000","151","1","苗栗縣","公館鄉","120.830","24.535","191"
"789","323159","20220927162000","495","3","苗栗縣","公館鄉","120.825","24.530","705"
"233","323161","20220927162000","188","2","苗栗縣","苗栗市","120.835","24.555","229"
"763","323164","20220927162000","1127","0","苗栗縣","苗栗市","120.820","24.560","783"
"23","323168","20220927162000","66","0","苗栗縣","通霄鎮","120.705","24.540","12"
"160","323174","20220927162000","177","0","苗栗縣","通霄鎮","120.700","24.550","267"
"249","323187","20220927162000","257","0","苗栗縣","通霄鎮","120.695","24.475","231"
"30","323189","20220927162000","346","0","苗栗縣","通霄鎮","120.685","24.480","33"
"109","323210","20220927162000","59","3","苗栗縣","通霄鎮","120.730","24.490","107"
"17","323218","20220927162000","45","0","苗栗縣","通霄鎮","120.740","24.495","24"
"16","323221","20220927162000","13","2","苗栗縣","通霄鎮","120.750","24.485","16"
"12","323223","20220927162000","11","1","苗栗縣","通霄鎮","120.760","24.485","14"
"90","323237","20220927162000","92","0","苗栗縣","通霄鎮","120.720","24.505","96"
"78","323242","20220927162000","66","1","苗栗縣","通霄鎮","120.740","24.505","86"
"10","323247","20220927162000","36","0","苗栗縣","通霄鎮","120.725","24.510","10"
"140","323248","20220927162000","73","3","苗栗縣","通霄鎮","120.730","24.510","121"
"28","323299","20220927162000","21","2","苗栗縣","南庄鄉","120.960","24.520","35"
"20","323333","20220927162000","72","0","苗栗縣","南庄鄉","120.965","24.535","31"
"17","323356","20220927162000","133","0","苗栗縣","南庄鄉","120.970","24.545","14"
"3199","323391","20220927162000","2503","2","苗栗縣","苗栗市","120.825","24.555","3244"
"16","323392","20220927162000","27","0","苗栗縣","苗栗市","120.820","24.540","24"
"736","323394","20220927162000","523","2","苗栗縣","苗栗市","120.825","24.545","701"
"680","323395","20220927162000","2002","0","苗栗縣","苗栗市","120.815","24.550","843"
"108","323396","20220927162000","96","1","苗栗縣","苗栗市","120.820","24.550","96"
"1530","323397","20220927162000","1534","0","苗栗縣","苗栗市","120.815","24.555","1577"
"455","323400","20220927162000","386","1","苗栗縣","苗栗市","120.820","24.555","465"
"534","323402","20220927162000","530","1","苗栗縣","苗栗市","120.830","24.555","492"
"455","323403","20220927162000","301","3","苗栗縣","苗栗市","120.825","24.565","438"
"15","323405","20220927162000","41","0","苗栗縣","苗栗市","120.790","24.525","17"
"360","323411","20220927162000","447","0","苗栗縣","苗栗市","120.785","24.535","389"
"245","323412","20220927162000","291","0","苗栗縣","苗栗市","120.790","24.535","185"
"214","323414","20220927162000","108","3","苗栗縣","苗栗市","120.800","24.535","232"
"52","323530","20220927162000","44","1","苗栗縣","南庄鄉","121.025","24.535","43"
"39","323545","20220927162000","31","2","苗栗縣","南庄鄉","121.030","24.540","35"
"89","323601","20220927162000","57","3","苗栗縣","頭屋鄉","120.855","24.555","91"
"29","323631","20220927162000","45","0","苗栗縣","頭屋鄉","120.870","24.560","36"
"17","323651","20220927162000","72","0","苗栗縣","通霄鎮","120.760","24.480","16"
"150","323661","20220927162000","189","0","苗栗縣","銅鑼鄉","120.775","24.495","157"
"26","323663","20220927162000","35","0","苗栗縣","西湖鄉","120.770","24.500","28"
"337","323674","20220927162000","246","2","苗栗縣","銅鑼鄉","120.790","24.470","321"
"580","323678","20220927162000","419","2","苗栗縣","銅鑼鄉","120.790","24.475","565"
"92","323679","20220927162000","109","0","苗栗縣","銅鑼鄉","120.795","24.475","90"
"359","323682","20220927162000","326","1","苗栗縣","銅鑼鄉","120.785","24.480","339"
"755","323683","20220927162000","762","0","苗栗縣","銅鑼鄉","120.790","24.480","776"
"260","323685","20220927162000","387","0","苗栗縣","銅鑼鄉","120.785","24.485","232"
"995","323686","20220927162000","984","1","苗栗縣","銅鑼鄉","120.785","24.490","1018"
"89","323691","20220927162000","120","0","苗栗縣","通霄鎮","120.725","24.520","98"
"18","323700","20220927162000","81","0","苗栗縣","通霄鎮","120.735","24.525","21"
"26","323727","20220927162000","105","0","苗栗縣","通霄鎮","120.675","24.485","32"
"1483","323728","20220927162000","1009","2","苗栗縣","苗栗市","120.810","24.545","1558"
"73","323734","20220927162000","56","2","苗栗縣","西湖鄉","120.790","24.550","82"
"14","323736","20220927162000","15","0","苗栗縣","苗栗市","120.800","24.550","11"
"194","323738","20220927162000","165","1","苗栗縣","苗栗市","120.795","24.555","185"
"274","323740","20220927162000","230","1","苗栗縣","苗栗市","120.805","24.555","285"
"170","323743","20220927162000","194","0","苗栗縣","苗栗市","120.800","24.560","192"
"233","323744","20220927162000","275","0","苗栗縣","苗栗市","120.805","24.560","231"
"463","323747","20220927162000","425","1","苗栗縣","苗栗市","120.815","24.530","475"
"1193","323751","20220927162000","1352","0","苗栗縣","苗栗市","120.815","24.540","1163"
"193","323752","20220927162000","145","2","苗栗縣","苗栗市","120.805","24.545","174"
"31","323753","20220927162000","92","0","苗栗縣","苗栗市","120.805","24.550","32"
"98","323763","20220927162000","237","0","苗栗縣","西湖鄉","120.730","24.555","81"
"94","323770","20220927162000","142","0","苗栗縣","西湖鄉","120.745","24.555","96"
"99","323782","20220927162000","74","2","苗栗縣","西湖鄉","120.765","24.520","91"
"236","323800","20220927162000","165","2","苗栗縣","西湖鄉","120.785","24.525","244"
"71","323808","20220927162000","31","3","苗栗縣","西湖鄉","120.745","24.525","72"
"52","323810","20220927162000","75","0","苗栗縣","西湖鄉","120.740","24.530","62"
"39","323815","20220927162000","41","0","苗栗縣","西湖鄉","120.750","24.535","46"
"175","323828","20220927162000","124","2","苗栗縣","通霄鎮","120.680","24.500","176"
"196","323830","20220927162000","256","0","苗栗縣","通霄鎮","120.690","24.500","198"
"39","323838","20220927162000","29","2","苗栗縣","通霄鎮","120.690","24.510","34"
"177","323845","20220927162000","195","0","苗栗縣","通霄鎮","120.695","24.515","184"
"90","323854","20220927162000","85","1","苗栗縣","通霄鎮","120.695","24.530","88"
"301","323864","20220927162000","130","3","苗栗縣","通霄鎮","120.675","24.490","294"
"1729","323865","20220927162000","1629","1","苗栗縣","通霄鎮","120.680","24.490","1692"
"1355","323876","20220927162000","1298","1","苗栗縣","銅鑼鄉","120.800","24.490","1355"
"512","323879","20220927162000","551","0","苗栗縣","銅鑼鄉","120.800","24.495","492"
"223","323881","20220927162000","185","2","苗栗縣","銅鑼鄉","120.810","24.495","221"
"23","323884","20220927162000","146","0","苗栗縣","銅鑼鄉","120.805","24.500","23"
"29","323893","20220927162000","199","0","苗栗縣","銅鑼鄉","120.805","24.510","18"
"84","323896","20220927162000","90","0","苗栗縣","銅鑼鄉","120.810","24.520","68"
"556","323898","20220927162000","596","0","苗栗縣","銅鑼鄉","120.760","24.465","552"
"151","323899","20220927162000","184","0","苗栗縣","銅鑼鄉","120.765","24.465","138"
"132","323913","20220927162000","188","0","苗栗縣","銅鑼鄉","120.790","24.485","145"
"700","323918","20220927162000","303","3","苗栗縣","銅鑼鄉","120.790","24.505","684"
"96","323920","20220927162000","50","3","苗栗縣","銅鑼鄉","120.785","24.510","104"
"390","323923","20220927162000","428","0","苗栗縣","西湖鄉","120.785","24.515","354"
"121","323948","20220927162000","74","3","苗栗縣","泰安鄉","120.950","24.465","80"
"78","323952","20220927162000","122","0","苗栗縣","泰安鄉","120.970","24.465","93"
"123","323970","20220927162000","110","1","苗栗縣","泰安鄉","120.945","24.470","102"
"59","323976","20220927162000","55","1","苗栗縣","泰安鄉","120.975","24.470","57"
"12","323977","20220927162000","14","0","苗栗縣","泰安鄉","120.980","24.470","16"
"21","324020","20220927162000","14","3","苗栗縣","泰安鄉","120.965","24.480","11"
"16","324112","20220927162000","13","2","苗栗縣","獅潭鄉","120.910","24.505","20"
"23","324115","20220927162000","42","0","苗栗縣","獅潭鄉","120.925","24.505","11"
"36","324130","20220927162000","36","1","苗栗縣","獅潭鄉","120.910","24.510","60"
"393","324200","20220927162000","211","3","苗栗縣","獅潭鄉","120.920","24.540","344"
"127","324206","20220927162000","83","3","苗栗縣","獅潭鄉","120.950","24.540","109"
"83","324257","20220927162000","78","1","苗栗縣","獅潭鄉","120.935","24.555","105"
"48","324281","20220927162000","58","0","苗栗縣","獅潭鄉","120.910","24.465","45"
"14","324283","20220927162000","10","2","苗栗縣","獅潭鄉","120.870","24.470","12"
"190","324285","20220927162000","189","1","苗栗縣","獅潭鄉","120.880","24.470","243"
"31","324297","20220927162000","26","1","苗栗縣","獅潭鄉","120.915","24.475","32"
"60","324301","20220927162000","67","0","苗栗縣","獅潭鄉","120.900","24.485","54"
"47","324306","20220927162000","28","3","苗栗縣","獅潭鄉","120.900","24.490","53"
"64","324349","20220927162000","65","0","苗栗縣","泰安鄉","120.945","24.485","65"
"27","324420","20220927162000","41","0","苗栗縣","泰安鄉","121.205","24.465","31"
"48","324615","20220927162000","45","1","苗栗縣","泰安鄉","121.070","24.495","51"
"17","324700","20220927162000","10","3","苗栗縣","通霄鎮","120.700","24.505","14"
"20","324701","20220927162000","17","1","苗栗縣","通霄鎮","120.705","24.505","27"
"99","324706","20220927162000","94","1","苗栗縣","通霄鎮","120.715","24.510","89"
"112","324721","20220927162000","90","2","苗栗縣","西湖鄉","120.780","24.550","113"
"100","324736","20220927162000","66","3","苗栗縣","西湖鄉","120.755","24.495","104"
"694","324766","20220927162000","415","3","苗栗縣","西湖鄉","120.785","24.540","790"
"37","324767","20220927162000","45","0","苗栗縣","西湖鄉","120.755","24.545","44"
"118","324782","20220927162000","57","3","苗栗縣","通霄鎮","120.680","24.465","150"
"350","324784","20220927162000","405","0","苗栗縣","通霄鎮","120.665","24.470","353"
"131","324791","20220927162000","853","0","苗栗縣","通霄鎮","120.675","24.475","116"
"293","324812","20220927162000","360","0","苗栗縣","通霄鎮","120.710","24.555","291"
"12","324828","20220927162000","14","0","苗栗縣","通霄鎮","120.700","24.500","12"
"42","324833","20220927162000","243","0","苗栗縣","通霄鎮","120.710","24.505","41"
"90","324850","20220927162000","99","0","苗栗縣","通霄鎮","120.715","24.480","122"
"48","324851","20220927162000","42","1","苗栗縣","通霄鎮","120.720","24.480","49"
"192","324858","20220927162000","165","1","苗栗縣","通霄鎮","120.720","24.465","204"
"128","324872","20220927162000","70","3","苗栗縣","通霄鎮","120.685","24.485","126"
"63","324877","20220927162000","552","0","苗栗縣","通霄鎮","120.690","24.495","62"
"51","324879","20220927162000","226","0","苗栗縣","通霄鎮","120.695","24.500","49"
"78","328071","20220927162000","98","0","宜蘭縣","蘇澳鎮","121.860","24.600","68"
"130","328073","20220927162000","243","0","宜蘭縣","蘇澳鎮","121.870","24.600","151"
"395","328074","20220927162000","551","0","宜蘭縣","蘇澳鎮","121.880","24.600","392"
"89","328390","20220927162000","42","3","宜蘭縣","蘇澳鎮","121.880","24.605","28"
"294","331880","20220927162000","263","1","宜蘭縣","冬山鄉","121.750","24.645","266"
"48","331921","20220927162000","45","1","宜蘭縣","南澳鄉","121.805","24.555","52"
"40","332040","20220927162000","22","3","宜蘭縣","南澳鄉","121.750","24.605","31"
"1443","332115","20220927162000","1295","1","宜蘭縣","蘇澳鎮","121.865","24.580","1820"
"353","332120","20220927162000","226","3","宜蘭縣","冬山鄉","121.815","24.630","301"
"873","332122","20220927162000","887","0","宜蘭縣","冬山鄉","121.810","24.630","952"
"907","332124","20220927162000","416","3","宜蘭縣","冬山鄉","121.820","24.630","548"
"339","332146","20220927162000","323","1","宜蘭縣","冬山鄉","121.710","24.635","307"
"434","332186","20220927162000","405","1","宜蘭縣","冬山鄉","121.770","24.630","479"
"345","332216","20220927162000","614","0","宜蘭縣","冬山鄉","121.785","24.625","367"
"202","332233","20220927162000","314","0","宜蘭縣","冬山鄉","121.730","24.650","218"
"303","332244","20220927162000","250","2","宜蘭縣","冬山鄉","121.805","24.625","315"
"14","332272","20220927162000","12","1","宜蘭縣","大同鄉","121.500","24.555","10"
"53","332340","20220927162000","59","0","宜蘭縣","大同鄉","121.495","24.570","48"
"145","332362","20220927162000","99","2","宜蘭縣","大同鄉","121.480","24.575","107"
"68","332385","20220927162000","80","0","宜蘭縣","大同鄉","121.495","24.580","106"
"21","332698","20220927162000","38","0","宜蘭縣","大同鄉","121.685","24.610","12"
"182","332699","20220927162000","120","3","宜蘭縣","大同鄉","121.690","24.610","173"
"16","332745","20220927162000","105","0","宜蘭縣","大同鄉","121.685","24.625","13"
"111","332848","20220927162000","112","0","宜蘭縣","大同鄉","121.635","24.615","152"
"14","332886","20220927162000","11","2","宜蘭縣","大同鄉","121.590","24.630","14"
"87","332889","20220927162000","132","0","宜蘭縣","大同鄉","121.605","24.630","58"
"31","332899","20220927162000","19","3","宜蘭縣","三星鄉","121.605","24.635","31"
"95","332902","20220927162000","100","0","宜蘭縣","大同鄉","121.560","24.640","73"
"110","333040","20220927162000","157","0","宜蘭縣","大同鄉","121.530","24.595","113"
"98","333282","20220927162000","93","1","宜蘭縣","大同鄉","121.525","24.630","97"
"12","333283","20220927162000","20","0","宜蘭縣","大同鄉","121.530","24.630","12"
"32","333296","20220927162000","43","0","宜蘭縣","大同鄉","121.490","24.635","47"
"39","333369","20220927162000","48","0","宜蘭縣","大同鄉","121.475","24.650","38"
"83","333370","20220927162000","31","3","宜蘭縣","大同鄉","121.480","24.650","82"
"237","333450","20220927162000","467","0","宜蘭縣","蘇澳鎮","121.870","24.580","286"
"658","333451","20220927162000","611","1","宜蘭縣","蘇澳鎮","121.875","24.580","626"
"1027","333457","20220927162000","827","2","宜蘭縣","蘇澳鎮","121.855","24.595","1007"
"169","333458","20220927162000","168","1","宜蘭縣","蘇澳鎮","121.875","24.600","189"
"23","333460","20220927162000","16","2","宜蘭縣","蘇澳鎮","121.860","24.605","21"
"80","333462","20220927162000","47","3","宜蘭縣","蘇澳鎮","121.870","24.605","62"
"22","333463","20220927162000","65","0","宜蘭縣","蘇澳鎮","121.875","24.605","32"
"376","333474","20220927162000","312","2","宜蘭縣","蘇澳鎮","121.835","24.590","365"
"952","333478","20220927162000","951","1","宜蘭縣","蘇澳鎮","121.835","24.595","946"
"366","333479","20220927162000","440","0","宜蘭縣","蘇澳鎮","121.840","24.595","385"
"174","333488","20220927162000","106","3","宜蘭縣","蘇澳鎮","121.835","24.605","159"
"88","333492","20220927162000","48","3","宜蘭縣","蘇澳鎮","121.830","24.610","91"
"1006","333495","20220927162000","911","1","宜蘭縣","蘇澳鎮","121.830","24.615","1036"
"1500","333504","20220927162000","1352","1","宜蘭縣","五結鄉","121.835","24.650","1447"
"290","333511","20220927162000","218","2","宜蘭縣","冬山鄉","121.795","24.640","323"
"17","333515","20220927162000","26","0","宜蘭縣","冬山鄉","121.780","24.650","24"
"225","333516","20220927162000","115","3","宜蘭縣","冬山鄉","121.785","24.650","209"
"563","333519","20220927162000","513","1","宜蘭縣","蘇澳鎮","121.835","24.620","566"
"1104","333520","20220927162000","993","1","宜蘭縣","蘇澳鎮","121.840","24.620","1061"
"105","333521","20220927162000","78","2","宜蘭縣","蘇澳鎮","121.845","24.620","73"
"419","333522","20220927162000","354","1","宜蘭縣","蘇澳鎮","121.835","24.625","379"
"107","333545","20220927162000","82","2","宜蘭縣","蘇澳鎮","121.845","24.565","93"
"101","333557","20220927162000","95","1","宜蘭縣","蘇澳鎮","121.840","24.575","83"
"31","333558","20220927162000","34","0","宜蘭縣","蘇澳鎮","121.845","24.575","42"
"196","333564","20220927162000","431","0","宜蘭縣","蘇澳鎮","121.855","24.605","181"
"92","333566","20220927162000","102","0","宜蘭縣","蘇澳鎮","121.850","24.610","80"
"668","333569","20220927162000","603","1","宜蘭縣","蘇澳鎮","121.850","24.615","654"
"529","333653","20220927162000","467","1","宜蘭縣","三星鄉","121.615","24.650","678"
"382","333661","20220927162000","400","0","宜蘭縣","冬山鄉","121.805","24.640","68"
"209","333695","20220927162000","158","2","宜蘭縣","蘇澳鎮","121.850","24.575","189"
"96","333704","20220927162000","31","3","宜蘭縣","蘇澳鎮","121.845","24.580","68"
"14","333737","20220927162000","195","0","宜蘭縣","蘇澳鎮","121.815","24.610","17"
"250","333739","20220927162000","268","0","宜蘭縣","蘇澳鎮","121.815","24.615","215"
"118","333741","20220927162000","93","2","宜蘭縣","蘇澳鎮","121.825","24.615","78"
"1047","333742","20220927162000","789","2","宜蘭縣","蘇澳鎮","121.815","24.620","946"
"777","333751","20220927162000","672","1","宜蘭縣","冬山鄉","121.765","24.650","753"
"168","333753","20220927162000","272","0","宜蘭縣","冬山鄉","121.795","24.630","172"
"508","333754","20220927162000","554","0","宜蘭縣","冬山鄉","121.800","24.630","580"
"43","333764","20220927162000","44","0","宜蘭縣","冬山鄉","121.725","24.625","38"
"71","333769","20220927162000","82","0","宜蘭縣","冬山鄉","121.750","24.625","70"
"43","333770","20220927162000","45","0","宜蘭縣","冬山鄉","121.760","24.625","30"
"15","333774","20220927162000","64","0","宜蘭縣","冬山鄉","121.740","24.630","23"
"471","333781","20220927162000","364","2","宜蘭縣","冬山鄉","121.750","24.635","474"
"146","333789","20220927162000","113","2","宜蘭縣","冬山鄉","121.765","24.640","133"
"78","333791","20220927162000","76","1","宜蘭縣","冬山鄉","121.760","24.645","77"
"982","333802","20220927162000","851","1","宜蘭縣","冬山鄉","121.790","24.635","988"
"1340","333804","20220927162000","1026","2","宜蘭縣","冬山鄉","121.795","24.635","1340"
"28","333808","20220927162000","15","3","宜蘭縣","蘇澳鎮","121.845","24.635","29"
"1111","333809","20220927162000","618","3","宜蘭縣","蘇澳鎮","121.835","24.640","1119"
"151","333810","20220927162000","208","0","宜蘭縣","蘇澳鎮","121.840","24.640","134"
"1391","333814","20220927162000","1198","1","宜蘭縣","蘇澳鎮","121.830","24.630","1222"
"500","333818","20220927162000","390","2","宜蘭縣","蘇澳鎮","121.830","24.640","467"
"398","333821","20220927162000","411","0","宜蘭縣","蘇澳鎮","121.830","24.645","391"
"20","333893","20220927162000","16","2","新竹縣","北埔鄉","121.065","24.645","19"
"108","333899","20220927162000","70","3","新竹縣","竹東鎮","121.095","24.645","95"
"121","334213","20220927162000","87","2","新竹縣","尖石鄉","121.340","24.650","154"
"101","334309","20220927162000","74","2","新竹縣","尖石鄉","121.310","24.570","99"
"10","334359","20220927162000","31","0","新竹縣","尖石鄉","121.270","24.580","12"
"74","334366","20220927162000","65","1","新竹縣","尖石鄉","121.305","24.580","69"
"73","334372","20220927162000","33","3","新竹縣","尖石鄉","121.335","24.580","54"
"29","334487","20220927162000","47","0","新竹縣","尖石鄉","121.290","24.605","43"
"171","334532","20220927162000","204","0","新竹縣","尖石鄉","121.295","24.610","159"
"60","334547","20220927162000","61","0","新竹縣","尖石鄉","121.285","24.615","69"
"105","334623","20220927162000","43","3","新竹縣","尖石鄉","121.275","24.640","70"
"72","334698","20220927162000","67","1","新竹縣","峨眉鄉","121.025","24.655","57"
"13","334723","20220927162000","76","0","宜蘭縣","蘇澳鎮","121.840","24.590","10"
"176","334725","20220927162000","214","0","宜蘭縣","蘇澳鎮","121.850","24.590","153"
"816","334726","20220927162000","797","1","宜蘭縣","蘇澳鎮","121.845","24.595","820"
"51","334737","20220927162000","39","2","新竹縣","五峰鄉","121.090","24.605","45"
"71","334763","20220927162000","17","3","新竹縣","五峰鄉","121.105","24.615","40"
"40","334770","20220927162000","32","2","新竹縣","五峰鄉","121.085","24.625","36"
"179","334783","20220927162000","213","0","新竹縣","五峰鄉","121.120","24.630","202"
"391","334790","20220927162000","479","0","新竹縣","五峰鄉","121.100","24.640","357"
"44","334829","20220927162000","22","3","新竹縣","五峰鄉","121.090","24.565","36"
"21","334833","20220927162000","17","2","新竹縣","五峰鄉","121.110","24.565","21"
"111","334868","20220927162000","104","1","新竹縣","五峰鄉","121.105","24.580","136"
"18","334869","20220927162000","19","0","新竹縣","五峰鄉","121.110","24.580","15"
"67","334891","20220927162000","64","1","新竹縣","五峰鄉","121.115","24.590","91"
"135","334969","20220927162000","74","3","新竹縣","五峰鄉","121.125","24.590","80"
"43","335076","20220927162000","33","2","新竹縣","五峰鄉","121.155","24.610","46"
"66","335109","20220927162000","54","2","新竹縣","五峰鄉","121.110","24.620","71"
"26","335134","20220927162000","20","2","新竹縣","五峰鄉","121.145","24.625","23"
"71","335187","20220927162000","84","0","新竹縣","五峰鄉","121.150","24.645","67"
"97","335195","20220927162000","83","1","新竹縣","竹東鎮","121.125","24.650","94"
"51","335200","20220927162000","45","1","新竹縣","五峰鄉","121.150","24.650","32"
"63","335230","20220927162000","64","0","新竹縣","五峰鄉","121.180","24.655","85"
"187","335366","20220927162000","157","1","桃園市","復興區","121.400","24.640","164"
"31","335480","20220927162000","26","1","苗栗縣","三灣鄉","120.960","24.610","37"
"11","335488","20220927162000","72","0","苗栗縣","三灣鄉","120.950","24.615","14"
"167","335520","20220927162000","102","3","苗栗縣","三灣鄉","120.925","24.640","162"
"382","335553","20220927162000","258","2","苗栗縣","三灣鄉","121.005","24.645","354"
"189","335569","20220927162000","770","0","苗栗縣","三灣鄉","120.955","24.650","181"
"76","335581","20220927162000","50","3","苗栗縣","三灣鄉","120.945","24.655","84"
"145","335594","20220927162000","97","2","苗栗縣","三灣鄉","120.975","24.645","164"
"134","335619","20220927162000","103","2","苗栗縣","三灣鄉","120.905","24.625","152"
"357","335630","20220927162000","233","3","苗栗縣","後龍鎮","120.770","24.615","320"
"117","335632","20220927162000","82","2","苗栗縣","後龍鎮","120.765","24.620","127"
"830","335635","20220927162000","780","1","苗栗縣","後龍鎮","120.780","24.620","859"
"65","335639","20220927162000","884","0","苗栗縣","後龍鎮","120.780","24.625","65"
"247","335647","20220927162000","338","0","苗栗縣","苗栗市","120.830","24.560","296"
"681","335648","20220927162000","377","3","苗栗縣","苗栗市","120.835","24.560","664"
"547","335652","20220927162000","511","1","苗栗縣","苗栗市","120.825","24.585","549"
"453","335655","20220927162000","406","1","苗栗縣","苗栗市","120.815","24.595","454"
"559","335657","20220927162000","452","2","苗栗縣","苗栗市","120.825","24.595","545"
"638","335658","20220927162000","322","3","苗栗縣","苗栗市","120.825","24.575","607"
"405","335660","20220927162000","938","0","苗栗縣","苗栗市","120.825","24.580","390"
"154","335662","20220927162000","162","0","苗栗縣","苗栗市","120.810","24.560","151"
"2402","335663","20220927162000","2636","0","苗栗縣","苗栗市","120.815","24.560","2412"
"14","335664","20220927162000","179","0","苗栗縣","苗栗市","120.805","24.565","21"
"201","335666","20220927162000","256","0","苗栗縣","通霄鎮","120.715","24.560","206"
"91","335669","20220927162000","62","2","苗栗縣","通霄鎮","120.715","24.565","88"
"30","335671","20220927162000","393","0","苗栗縣","通霄鎮","120.710","24.570","31"
"168","335675","20220927162000","143","1","苗栗縣","通霄鎮","120.710","24.565","158"
"132","335689","20220927162000","136","0","苗栗縣","南庄鄉","121.005","24.615","154"
"128","335701","20220927162000","82","3","苗栗縣","南庄鄉","121.010","24.635","119"
"2629","335706","20220927162000","2164","2","苗栗縣","苗栗市","120.820","24.565","2678"
"142","335707","20220927162000","1048","0","苗栗縣","苗栗市","120.820","24.570","144"
"751","335708","20220927162000","765","0","苗栗縣","苗栗市","120.820","24.575","758"
"15","335716","20220927162000","97","0","苗栗縣","後龍鎮","120.770","24.650","10"
"397","335717","20220927162000","355","1","苗栗縣","後龍鎮","120.775","24.650","424"
"38","335748","20220927162000","227","0","苗栗縣","南庄鄉","120.985","24.635","34"
"674","335753","20220927162000","420","3","苗栗縣","苗栗市","120.830","24.575","658"
"158","335754","20220927162000","92","3","苗栗縣","苗栗市","120.830","24.580","151"
"131","335762","20220927162000","1698","0","苗栗縣","苗栗市","120.830","24.570","123"
"835","335763","20220927162000","675","2","苗栗縣","苗栗市","120.835","24.570","803"
"92","335766","20220927162000","217","0","苗栗縣","苗栗市","120.840","24.575","95"
"30","335767","20220927162000","267","0","苗栗縣","苗栗市","120.835","24.580","30"
"32","335776","20220927162000","215","0","苗栗縣","頭屋鄉","120.845","24.595","46"
"66","335787","20220927162000","56","1","苗栗縣","頭屋鄉","120.860","24.570","70"
"34","335795","20220927162000","157","0","苗栗縣","頭屋鄉","120.855","24.580","33"
"122","335796","20220927162000","102","1","苗栗縣","頭屋鄉","120.860","24.580","135"
"45","335799","20220927162000","272","0","苗栗縣","頭屋鄉","120.875","24.580","53"
"111","335801","20220927162000","276","0","苗栗縣","頭屋鄉","120.850","24.570","89"
"15","335802","20220927162000","70","0","苗栗縣","頭屋鄉","120.855","24.570","14"
"240","335804","20220927162000","359","0","苗栗縣","頭屋鄉","120.850","24.575","229"
"135","335805","20220927162000","330","0","苗栗縣","頭屋鄉","120.855","24.575","97"
"137","335817","20220927162000","120","1","苗栗縣","後龍鎮","120.730","24.590","133"
"188","335832","20220927162000","167","1","苗栗縣","後龍鎮","120.735","24.605","200"
"17","335881","20220927162000","73","0","苗栗縣","南庄鄉","120.985","24.570","17"
"20","335884","20220927162000","22","0","苗栗縣","南庄鄉","121.000","24.570","21"
"21","335915","20220927162000","164","0","苗栗縣","南庄鄉","120.995","24.585","22"
"44","335931","20220927162000","143","0","苗栗縣","南庄鄉","121.015","24.595","25"
"441","335948","20220927162000","375","1","苗栗縣","南庄鄉","120.955","24.640","451"
"607","335954","20220927162000","484","2","苗栗縣","南庄鄉","121.000","24.600","608"
"398","335959","20220927162000","397","1","苗栗縣","南庄鄉","121.000","24.605","383"
"34","336014","20220927162000","30","1","苗栗縣","南庄鄉","121.035","24.585","17"
"35","336050","20220927162000","92","0","苗栗縣","南庄鄉","121.040","24.600","29"
"312","336097","20220927162000","238","2","苗栗縣","南庄鄉","121.035","24.620","270"
"39","336103","20220927162000","40","0","苗栗縣","南庄鄉","121.020","24.620","42"
"92","336149","20220927162000","183","0","苗栗縣","頭屋鄉","120.890","24.585","73"
"326","336180","20220927162000","372","0","苗栗縣","頭屋鄉","120.885","24.600","314"
"36","336185","20220927162000","388","0","苗栗縣","頭屋鄉","120.845","24.560","37"
"50","336218","20220927162000","32","3","苗栗縣","頭屋鄉","120.895","24.570","42"
"44","336244","20220927162000","280","0","苗栗縣","頭份鎮","120.880","24.645","35"
"139","336248","20220927162000","191","0","苗栗縣","頭份鎮","120.880","24.650","135"
"403","336249","20220927162000","348","1","苗栗縣","頭份鎮","120.885","24.650","390"
"14","336255","20220927162000","20","0","苗栗縣","頭份鎮","120.895","24.650","13"
"742","336266","20220927162000","839","0","苗栗縣","後龍鎮","120.785","24.610","668"
"260","336274","20220927162000","249","1","苗栗縣","後龍鎮","120.820","24.615","296"
"39","336275","20220927162000","20","3","苗栗縣","後龍鎮","120.825","24.615","34"
"491","336278","20220927162000","445","1","苗栗縣","後龍鎮","120.810","24.620","470"
"214","336282","20220927162000","266","0","苗栗縣","造橋鄉","120.815","24.625","199"
"1270","336283","20220927162000","1126","1","苗栗縣","苗栗市","120.810","24.565","1302"
"1291","336284","20220927162000","1003","2","苗栗縣","苗栗市","120.815","24.565","1276"
"142","336285","20220927162000","143","0","苗栗縣","苗栗市","120.805","24.570","153"
"45","336287","20220927162000","727","0","苗栗縣","苗栗市","120.815","24.570","46"
"68","336288","20220927162000","56","2","苗栗縣","苗栗市","120.810","24.575","75"
"586","336292","20220927162000","573","1","苗栗縣","苗栗市","120.810","24.585","598"
"446","336295","20220927162000","401","1","苗栗縣","苗栗市","120.810","24.590","427"
"35","336298","20220927162000","400","0","苗栗縣","苗栗市","120.810","24.595","38"
"13","336318","20220927162000","20","0","苗栗縣","苗栗市","120.795","24.580","16"
"10","336321","20220927162000","11","0","苗栗縣","苗栗市","120.785","24.585","10"
"33","336323","20220927162000","40","0","苗栗縣","苗栗市","120.795","24.585","30"
"446","336331","20220927162000","821","0","苗栗縣","苗栗市","120.825","24.570","440"
"35","336351","20220927162000","161","0","苗栗縣","後龍鎮","120.800","24.645","24"
"138","336352","20220927162000","406","0","苗栗縣","後龍鎮","120.805","24.645","133"
"141","336359","20220927162000","86","3","苗栗縣","後龍鎮","120.805","24.650","156"
"1889","336369","20220927162000","1587","1","苗栗縣","後龍鎮","120.790","24.610","1957"
"86","336376","20220927162000","308","0","苗栗縣","後龍鎮","120.810","24.610","82"
"348","336382","20220927162000","326","1","苗栗縣","後龍鎮","120.800","24.625","336"
"185","336386","20220927162000","125","2","苗栗縣","後龍鎮","120.800","24.630","217"
"33","336390","20220927162000","168","0","苗栗縣","後龍鎮","120.800","24.635","42"
"229","336395","20220927162000","197","1","苗栗縣","後龍鎮","120.825","24.605","243"
"184","336400","20220927162000","205","0","苗栗縣","後龍鎮","120.825","24.610","170"
"93","336426","20220927162000","300","0","苗栗縣","造橋鄉","120.890","24.620","88"
"162","336440","20220927162000","112","2","苗栗縣","造橋鄉","120.925","24.600","181"
"65","336466","20220927162000","44","2","苗栗縣","造橋鄉","120.910","24.620","74"
"93","336470","20220927162000","278","0","苗栗縣","造橋鄉","120.865","24.605","62"
"12","336489","20220927162000","12","1","苗栗縣","造橋鄉","120.870","24.615","10"
"363","336492","20220927162000","103","3","苗栗縣","造橋鄉","120.855","24.620","397"
"11","336494","20220927162000","60","0","苗栗縣","造橋鄉","120.865","24.620","13"
"40","336501","20220927162000","268","0","苗栗縣","造橋鄉","120.865","24.630","38"
"63","336504","20220927162000","42","3","苗栗縣","造橋鄉","120.860","24.645","64"
"580","336511","20220927162000","271","3","苗栗縣","造橋鄉","120.860","24.655","562"
"166","336512","20220927162000","126","2","苗栗縣","造橋鄉","120.865","24.655","159"
"184","336520","20220927162000","110","3","苗栗縣","造橋鄉","120.850","24.645","180"
"223","336523","20220927162000","214","1","苗栗縣","造橋鄉","120.845","24.650","200"
"107","336526","20220927162000","435","0","苗栗縣","造橋鄉","120.840","24.650","316"
"59","336531","20220927162000","84","0","苗栗縣","造橋鄉","120.855","24.655","63"
"121","336542","20220927162000","214","0","苗栗縣","造橋鄉","120.840","24.610","129"
"18","336543","20220927162000","17","1","苗栗縣","造橋鄉","120.845","24.610","24"
"70","336546","20220927162000","55","2","苗栗縣","造橋鄉","120.840","24.615","72"
"20","336549","20220927162000","17","1","苗栗縣","造橋鄉","120.830","24.620","19"
"230","336556","20220927162000","182","2","苗栗縣","造橋鄉","120.840","24.625","191"
"213","336559","20220927162000","172","2","苗栗縣","造橋鄉","120.855","24.625","191"
"12","336561","20220927162000","44","0","苗栗縣","造橋鄉","120.855","24.630","12"
"138","336569","20220927162000","73","3","苗栗縣","造橋鄉","120.860","24.640","127"
"254","336572","20220927162000","195","2","苗栗縣","造橋鄉","120.875","24.640","246"
"222","336573","20220927162000","128","3","苗栗縣","造橋鄉","120.865","24.645","222"
"125","336574","20220927162000","169","0","苗栗縣","造橋鄉","120.870","24.645","150"
"136","336587","20220927162000","56","3","苗栗縣","造橋鄉","120.820","24.630","99"
"24","336597","20220927162000","126","0","苗栗縣","造橋鄉","120.825","24.640","17"
"22","336604","20220927162000","20","1","苗栗縣","造橋鄉","120.840","24.645","19"
"18","336605","20220927162000","127","0","苗栗縣","造橋鄉","120.830","24.650","305"
"291","336610","20220927162000","115","3","苗栗縣","造橋鄉","120.840","24.655","214"
"13","336614","20220927162000","66","0","苗栗縣","獅潭鄉","120.940","24.560","12"
"67","336662","20220927162000","311","0","苗栗縣","獅潭鄉","120.940","24.590","58"
"172","336672","20220927162000","674","0","苗栗縣","頭份鎮","120.890","24.625","193"
"146","336679","20220927162000","157","0","苗栗縣","頭份鎮","120.885","24.635","137"
"145","336689","20220927162000","98","2","苗栗縣","頭份鎮","120.885","24.645","144"
"20","336694","20220927162000","21","0","苗栗縣","頭份鎮","120.905","24.650","22"
"34","336696","20220927162000","163","0","苗栗縣","後龍鎮","120.815","24.635","39"
"322","336716","20220927162000","337","0","苗栗縣","後龍鎮","120.765","24.590","305"
"126","336717","20220927162000","109","1","苗栗縣","後龍鎮","120.750","24.595","119"
"126","336734","20220927162000","108","1","苗栗縣","後龍鎮","120.760","24.635","112"
"56","336737","20220927162000","67","0","苗栗縣","後龍鎮","120.775","24.635","47"
"186","336741","20220927162000","116","3","苗栗縣","後龍鎮","120.770","24.640","162"
"643","336749","20220927162000","501","2","苗栗縣","後龍鎮","120.825","24.600","644"
"644","336751","20220927162000","363","3","苗栗縣","後龍鎮","120.815","24.605","560"
"48","336767","20220927162000","179","0","苗栗縣","後龍鎮","120.790","24.590","38"
"108","336777","20220927162000","478","0","苗栗縣","後龍鎮","120.780","24.600","97"
"13","336802","20220927162000","114","0","苗栗縣","後龍鎮","120.755","24.610","15"
"235","336816","20220927162000","563","0","苗栗縣","西湖鄉","120.755","24.560","265"
"353","336818","20220927162000","296","1","苗栗縣","西湖鄉","120.755","24.565","355"
"17","336838","20220927162000","18","0","苗栗縣","西湖鄉","120.785","24.560","11"
"249","336840","20220927162000","298","0","苗栗縣","苗栗市","120.825","24.560","250"
"65","336841","20220927162000","632","0","苗栗縣","後龍鎮","120.790","24.615","60"
"315","336849","20220927162000","326","0","苗栗縣","後龍鎮","120.735","24.570","293"
"71","336867","20220927162000","66","1","苗栗縣","後龍鎮","120.725","24.590","65"
"17","336873","20220927162000","43","0","苗栗縣","後龍鎮","120.725","24.600","36"
"909","345384","20220927162000","734","2","宜蘭縣","員山鄉","121.730","24.730","908"
"499","345386","20220927162000","403","2","宜蘭縣","冬山鄉","121.750","24.655","518"
"884","345394","20220927162000","868","1","宜蘭縣","員山鄉","121.725","24.740","891"
"664","345398","20220927162000","544","2","宜蘭縣","員山鄉","121.725","24.745","612"
"262","345405","20220927162000","203","2","宜蘭縣","員山鄉","121.705","24.730","262"
"216","345413","20220927162000","122","3","宜蘭縣","員山鄉","121.715","24.735","214"
"315","345414","20220927162000","286","1","宜蘭縣","員山鄉","121.720","24.735","309"
"33","345418","20220927162000","449","0","宜蘭縣","宜蘭市","121.760","24.755","36"
"1667","345419","20220927162000","1881","0","宜蘭縣","宜蘭市","121.755","24.755","1676"
"237","345420","20220927162000","225","1","宜蘭縣","員山鄉","121.730","24.710","229"
"551","345431","20220927162000","449","2","宜蘭縣","宜蘭市","121.740","24.725","558"
"124","345442","20220927162000","103","2","宜蘭縣","員山鄉","121.630","24.690","114"
"25","345460","20220927162000","50","0","宜蘭縣","員山鄉","121.645","24.700","19"
"125","345472","20220927162000","99","2","宜蘭縣","員山鄉","121.645","24.705","133"
"66","345493","20220927162000","104","0","宜蘭縣","員山鄉","121.665","24.710","73"
"70","345545","20220927162000","104","0","宜蘭縣","員山鄉","121.680","24.715","51"
"554","345546","20220927162000","493","1","宜蘭縣","員山鄉","121.685","24.715","564"
"536","345550","20220927162000","412","2","宜蘭縣","員山鄉","121.685","24.720","510"
"991","345564","20220927162000","783","2","宜蘭縣","冬山鄉","121.705","24.655","1010"
"347","345567","20220927162000","367","0","宜蘭縣","冬山鄉","121.745","24.670","367"
"28","345571","20220927162000","192","0","宜蘭縣","羅東鎮","121.750","24.685","37"
"24","345574","20220927162000","32","0","宜蘭縣","冬山鄉","121.730","24.660","24"
"407","345575","20220927162000","339","2","宜蘭縣","冬山鄉","121.735","24.660","392"
"458","345579","20220927162000","459","0","宜蘭縣","冬山鄉","121.745","24.665","482"
"615","345580","20220927162000","416","2","宜蘭縣","冬山鄉","121.750","24.670","662"
"344","345593","20220927162000","269","2","宜蘭縣","冬山鄉","121.735","24.680","377"
"245","345596","20220927162000","216","1","宜蘭縣","冬山鄉","121.730","24.685","319"
"380","345600","20220927162000","246","3","宜蘭縣","冬山鄉","121.740","24.690","394"
"85","345608","20220927162000","147","0","宜蘭縣","壯圍鄉","121.780","24.725","66"
"641","345621","20220927162000","353","3","宜蘭縣","宜蘭市","121.755","24.765","593"
"488","345623","20220927162000","494","0","宜蘭縣","三星鄉","121.685","24.700","462"
"199","345646","20220927162000","147","2","宜蘭縣","五結鄉","121.775","24.700","233"
"85","345649","20220927162000","210","0","宜蘭縣","五結鄉","121.790","24.700","79"
"241","345652","20220927162000","246","0","宜蘭縣","五結鄉","121.785","24.705","246"
"231","345678","20220927162000","328","0","宜蘭縣","三星鄉","121.675","24.685","210"
"212","345685","20220927162000","412","0","宜蘭縣","三星鄉","121.670","24.690","198"
"47","345695","20220927162000","182","0","宜蘭縣","三星鄉","121.685","24.695","42"
"309","345711","20220927162000","199","3","宜蘭縣","三星鄉","121.630","24.665","309"
"1043","345715","20220927162000","1130","0","宜蘭縣","宜蘭市","121.755","24.760","1063"
"413","345716","20220927162000","315","2","宜蘭縣","三星鄉","121.655","24.670","444"
"1454","345720","20220927162000","1385","1","宜蘭縣","三星鄉","121.650","24.665","1521"
"729","345726","20220927162000","770","0","宜蘭縣","壯圍鄉","121.815","24.760","657"
"255","345731","20220927162000","274","0","宜蘭縣","大同鄉","121.600","24.675","336"
"188","345738","20220927162000","184","1","宜蘭縣","大同鄉","121.610","24.680","217"
"135","345857","20220927162000","122","1","宜蘭縣","大同鄉","121.580","24.655","128"
"141","345897","20220927162000","108","2","宜蘭縣","大同鄉","121.590","24.665","124"
"37","345918","20220927162000","40","0","宜蘭縣","大同鄉","121.590","24.670","72"
"288","345998","20220927162000","262","1","宜蘭縣","宜蘭市","121.745","24.760","274"
"385","346004","20220927162000","360","1","宜蘭縣","壯圍鄉","121.820","24.725","391"
"448","346010","20220927162000","441","1","宜蘭縣","員山鄉","121.685","24.730","426"
"362","346029","20220927162000","254","2","宜蘭縣","員山鄉","121.705","24.710","422"
"188","346033","20220927162000","177","1","宜蘭縣","員山鄉","121.725","24.710","201"
"889","346041","20220927162000","829","1","宜蘭縣","員山鄉","121.720","24.725","897"
"225","346048","20220927162000","170","2","宜蘭縣","員山鄉","121.700","24.745","203"
"97","346057","20220927162000","100","0","宜蘭縣","員山鄉","121.700","24.755","131"
"22","346150","20220927162000","13","3","宜蘭縣","員山鄉","121.670","24.745","19"
"262","346153","20220927162000","209","2","宜蘭縣","員山鄉","121.685","24.745","257"
"14","346158","20220927162000","11","2","宜蘭縣","員山鄉","121.610","24.750","14"
"23","346174","20220927162000","23","1","宜蘭縣","員山鄉","121.590","24.755","19"
"61","346184","20220927162000","57","1","宜蘭縣","員山鄉","121.640","24.755","38"
"126","346231","20220927162000","131","0","宜蘭縣","冬山鄉","121.790","24.655","125"
"384","346234","20220927162000","416","0","宜蘭縣","冬山鄉","121.805","24.655","402"
"839","346247","20220927162000","699","2","宜蘭縣","羅東鎮","121.775","24.685","851"
"190","346248","20220927162000","150","2","宜蘭縣","五結鄉","121.775","24.690","226"
"873","346251","20220927162000","794","1","宜蘭縣","五結鄉","121.770","24.695","918"
"371","346252","20220927162000","310","1","宜蘭縣","五結鄉","121.775","24.695","390"
"3607","346254","20220927162000","3629","0","宜蘭縣","羅東鎮","121.770","24.680","3557"
"22","346256","20220927162000","18","2","宜蘭縣","員山鄉","121.720","24.760","23"
"2718","346259","20220927162000","1891","2","宜蘭縣","五結鄉","121.770","24.705","2702"
"108","346261","20220927162000","725","0","宜蘭縣","五結鄉","121.785","24.685","116"
"1909","346263","20220927162000","1868","1","宜蘭縣","五結鄉","121.795","24.685","1868"
"903","346264","20220927162000","723","2","宜蘭縣","五結鄉","121.800","24.685","879"
"1367","346266","20220927162000","1337","1","宜蘭縣","五結鄉","121.795","24.690","1386"
"566","346267","20220927162000","574","0","宜蘭縣","五結鄉","121.795","24.695","617"
"810","346274","20220927162000","898","0","宜蘭縣","五結鄉","121.820","24.665","813"
"13","346275","20220927162000","13","1","宜蘭縣","五結鄉","121.825","24.665","13"
"535","346280","20220927162000","360","2","宜蘭縣","五結鄉","121.810","24.675","498"
"145","346281","20220927162000","86","3","宜蘭縣","五結鄉","121.815","24.675","129"
"393","346284","20220927162000","279","2","宜蘭縣","五結鄉","121.815","24.680","432"
"186","346286","20220927162000","144","2","宜蘭縣","五結鄉","121.800","24.680","197"
"31","346292","20220927162000","320","0","宜蘭縣","壯圍鄉","121.795","24.760","22"
"264","346360","20220927162000","273","0","宜蘭縣","壯圍鄉","121.815","24.745","244"
"29","346378","20220927162000","22","2","宜蘭縣","壯圍鄉","121.805","24.765","26"
"2355","346379","20220927162000","2112","1","宜蘭縣","宜蘭市","121.750","24.750","2450"
"349","346389","20220927162000","344","1","宜蘭縣","五結鄉","121.810","24.700","378"
"147","346394","20220927162000","216","0","宜蘭縣","五結鄉","121.830","24.675","136"
"515","346399","20220927162000","635","0","宜蘭縣","五結鄉","121.825","24.680","636"
"45","346400","20220927162000","67","0","宜蘭縣","五結鄉","121.830","24.680","48"
"21","346401","20220927162000","14","3","宜蘭縣","五結鄉","121.835","24.680","15"
"52","346403","20220927162000","102","0","宜蘭縣","五結鄉","121.825","24.685","60"
"100","346410","20220927162000","62","3","宜蘭縣","五結鄉","121.835","24.655","112"
"673","346413","20220927162000","621","1","宜蘭縣","五結鄉","121.835","24.660","672"
"289","346416","20220927162000","365","0","宜蘭縣","五結鄉","121.835","24.665","312"
"641","346420","20220927162000","722","0","宜蘭縣","五結鄉","121.795","24.680","634"
"649","346421","20220927162000","473","2","宜蘭縣","五結鄉","121.800","24.675","638"
"871","346423","20220927162000","478","3","宜蘭縣","五結鄉","121.785","24.680","893"
"532","346429","20220927162000","402","2","宜蘭縣","冬山鄉","121.775","24.660","480"
"148","346430","20220927162000","247","0","宜蘭縣","冬山鄉","121.770","24.665","151"
"210","346431","20220927162000","576","0","宜蘭縣","宜蘭市","121.745","24.755","235"
"286","346436","20220927162000","533","0","宜蘭縣","宜蘭市","121.750","24.740","312"
"1516","346437","20220927162000","1244","2","宜蘭縣","宜蘭市","121.750","24.760","1459"
"36","346440","20220927162000","70","0","宜蘭縣","冬山鄉","121.765","24.665","33"
"197","346442","20220927162000","172","1","宜蘭縣","冬山鄉","121.780","24.660","212"
"334","346443","20220927162000","277","2","宜蘭縣","冬山鄉","121.785","24.660","361"
"137","346456","20220927162000","193","0","宜蘭縣","宜蘭市","121.770","24.720","132"
"862","346457","20220927162000","802","1","宜蘭縣","宜蘭市","121.760","24.720","886"
"169","346458","20220927162000","233","0","宜蘭縣","宜蘭市","121.765","24.720","163"
"177","346461","20220927162000","208","0","宜蘭縣","五結鄉","121.820","24.695","205"
"153","346470","20220927162000","144","1","宜蘭縣","五結鄉","121.810","24.705","193"
"480","346472","20220927162000","311","3","宜蘭縣","五結鄉","121.820","24.705","517"
"271","346534","20220927162000","290","0","宜蘭縣","三星鄉","121.680","24.665","247"
"329","346538","20220927162000","248","2","宜蘭縣","三星鄉","121.680","24.670","321"
"313","346540","20220927162000","419","0","宜蘭縣","宜蘭市","121.740","24.760","296"
"250","346545","20220927162000","664","0","宜蘭縣","員山鄉","121.710","24.750","246"
"310","346553","20220927162000","202","3","宜蘭縣","員山鄉","121.715","24.760","301"
"563","346555","20220927162000","369","3","宜蘭縣","羅東鎮","121.765","24.690","570"
"666","346556","20220927162000","765","0","宜蘭縣","五結鄉","121.770","24.690","687"
"181","346558","20220927162000","194","0","宜蘭縣","壯圍鄉","121.800","24.730","195"
"1420","346566","20220927162000","1131","2","宜蘭縣","壯圍鄉","121.785","24.745","1482"
"317","346572","20220927162000","323","0","宜蘭縣","三星鄉","121.690","24.680","301"
"460","346599","20220927162000","432","1","宜蘭縣","三星鄉","121.700","24.665","428"
"387","346607","20220927162000","411","0","宜蘭縣","三星鄉","121.710","24.670","380"
"521","346608","20220927162000","428","2","宜蘭縣","三星鄉","121.715","24.670","511"
"269","346611","20220927162000","200","2","宜蘭縣","冬山鄉","121.730","24.670","271"
"23","346623","20220927162000","17","2","宜蘭縣","三星鄉","121.615","24.660","18"
"516","346626","20220927162000","565","0","宜蘭縣","員山鄉","121.725","24.765","477"
"1653","346628","20220927162000","4190","0","宜蘭縣","羅東鎮","121.770","24.675","1641"
"2197","346629","20220927162000","2651","0","宜蘭縣","羅東鎮","121.760","24.680","2138"
"2579","346630","20220927162000","2268","1","宜蘭縣","羅東鎮","121.760","24.675","2582"
"339","346634","20220927162000","229","2","宜蘭縣","宜蘭市","121.775","24.735","325"
"684","346635","20220927162000","722","0","宜蘭縣","宜蘭市","121.765","24.740","639"
"1061","346642","20220927162000","1072","0","宜蘭縣","宜蘭市","121.770","24.750","1088"
"90","346652","20220927162000","84","1","宜蘭縣","壯圍鄉","121.805","24.720","76"
"2967","346668","20220927162000","2008","2","宜蘭縣","宜蘭市","121.750","24.755","3026"
"534","346672","20220927162000","675","0","宜蘭縣","冬山鄉","121.770","24.655","527"
"709","346673","20220927162000","656","1","宜蘭縣","冬山鄉","121.755","24.660","721"
"302","346674","20220927162000","290","1","宜蘭縣","冬山鄉","121.760","24.660","327"
"475","346675","20220927162000","327","2","宜蘭縣","冬山鄉","121.765","24.660","464"
"1869","346678","20220927162000","1339","2","宜蘭縣","羅東鎮","121.780","24.675","1811"
"494","346684","20220927162000","584","0","宜蘭縣","宜蘭市","121.770","24.725","460"
"495","346685","20220927162000","484","1","宜蘭縣","宜蘭市","121.765","24.725","458"
"2727","346692","20220927162000","2984","0","宜蘭縣","宜蘭市","121.755","24.745","2668"
"484","346698","20220927162000","266","3","宜蘭縣","三星鄉","121.725","24.690","493"
"591","346702","20220927162000","471","2","宜蘭縣","三星鄉","121.730","24.695","583"
"382","346710","20220927162000","397","0","宜蘭縣","羅東鎮","121.755","24.670","365"
"789","346712","20220927162000","764","1","宜蘭縣","羅東鎮","121.765","24.670","840"
"613","346713","20220927162000","513","1","宜蘭縣","五結鄉","121.800","24.690","610"
"876","346714","20220927162000","759","1","宜蘭縣","五結鄉","121.800","24.695","896"
"491","346718","20220927162000","382","2","宜蘭縣","五結鄉","121.790","24.705","523"
"192","346731","20220927162000","172","1","宜蘭縣","三星鄉","121.745","24.700","177"
"1807","346739","20220927162000","1672","1","新竹縣","竹東鎮","121.100","24.720","1935"
"137","346747","20220927162000","220","0","新竹縣","竹東鎮","121.035","24.760","152"
"1957","346754","20220927162000","1313","2","新竹縣","竹東鎮","121.090","24.745","2082"
"617","346790","20220927162000","596","1","新竹市","香山區","120.955","24.750","661"
"51","346791","20220927162000","114","0","新竹市","香山區","120.940","24.755","63"
"157","346792","20220927162000","142","1","新竹市","香山區","120.945","24.755","158"
"1282","346793","20220927162000","1577","0","新竹市","香山區","120.950","24.755","1288"
"114","346794","20220927162000","74","3","新竹市","香山區","120.920","24.720","118"
"675","346797","20220927162000","543","2","新竹市","香山區","120.915","24.730","743"
"188","346804","20220927162000","166","1","新竹市","香山區","120.915","24.735","183"
"481","346806","20220927162000","648","0","新竹市","香山區","120.915","24.740","486"
"885","346812","20220927162000","604","2","新竹市","香山區","120.910","24.745","919"
"130","346817","20220927162000","163","0","新竹市","香山區","120.880","24.735","131"
"344","346825","20220927162000","415","0","新竹市","香山區","120.895","24.740","349"
"13","346835","20220927162000","45","0","新竹市","香山區","120.925","24.715","10"
"31","346841","20220927162000","79","0","新竹市","香山區","120.930","24.725","22"
"208","346860","20220927162000","196","1","新竹縣","關西鎮","121.210","24.760","181"
"25","346863","20220927162000","22","1","新竹縣","關西鎮","121.225","24.760","12"
"171","346867","20220927162000","82","3","新竹縣","關西鎮","121.215","24.765","52"
"83","346868","20220927162000","67","2","新竹縣","關西鎮","121.220","24.765","110"
"90","346896","20220927162000","65","2","新竹縣","關西鎮","121.240","24.765","73"
"181","346907","20220927162000","142","2","新竹縣","關西鎮","121.230","24.770","196"
"6034","346918","20220927162000","5648","1","新竹市","東區","121.020","24.760","6106"
"630","346919","20220927162000","484","2","新竹市","東區","121.025","24.760","529"
"2778","346920","20220927162000","3191","0","新竹市","東區","121.020","24.765","2780"
"4046","346921","20220927162000","4577","0","新竹市","東區","121.025","24.765","4144"
"33915","346922","20220927162000","25807","2","新竹市","東區","121.015","24.770","32873"
"6244","346923","20220927162000","8350","0","新竹市","東區","121.020","24.770","6450"
"4080","346924","20220927162000","4109","0","新竹市","東區","121.025","24.770","3540"
"440","346931","20220927162000","727","0","新竹縣","竹東鎮","121.090","24.735","292"
"119","346936","20220927162000","408","0","新竹縣","橫山鄉","121.100","24.710","199"
"599","346937","20220927162000","350","3","新竹縣","竹東鎮","121.100","24.715","508"
"410","346949","20220927162000","531","0","新竹縣","橫山鄉","121.180","24.705","504"
"209","346961","20220927162000","212","0","新竹縣","橫山鄉","121.165","24.710","234"
"238","346964","20220927162000","204","1","新竹縣","橫山鄉","121.150","24.715","219"
"36","346967","20220927162000","32","1","新竹縣","橫山鄉","121.165","24.715","23"
"461","347497","20220927162000","523","0","新竹市","東區","120.975","24.765","467"
"356","347498","20220927162000","211","3","新竹市","東區","120.980","24.765","396"
"202","347499","20220927162000","210","0","新竹市","東區","120.970","24.770","232"
"1159","347500","20220927162000","947","2","新竹市","東區","120.975","24.770","1164"
"390","347505","20220927162000","269","2","新竹市","東區","120.965","24.765","380"
"453","347506","20220927162000","660","0","新竹市","東區","120.970","24.765","463"
"69","347507","20220927162000","32","3","新竹市","東區","120.965","24.770","57"
"884","347508","20220927162000","920","0","新竹縣","竹東鎮","121.085","24.735","854"
"255","347515","20220927162000","328","0","新竹縣","竹東鎮","121.075","24.725","213"
"374","347520","20220927162000","428","0","新竹縣","竹東鎮","121.090","24.730","408"
"943","347521","20220927162000","780","2","新竹縣","竹東鎮","121.085","24.740","889"
"1401","347522","20220927162000","555","3","新竹縣","竹東鎮","121.100","24.745","1132"
"380","347533","20220927162000","494","0","新竹縣","芎林鄉","121.125","24.725","440"
"383","347538","20220927162000","345","1","新竹縣","芎林鄉","121.120","24.735","353"
"713","347547","20220927162000","618","1","新竹縣","芎林鄉","121.135","24.745","550"
"46","347555","20220927162000","28","3","新竹縣","芎林鄉","121.140","24.750","39"
"111","347573","20220927162000","87","2","新竹縣","關西鎮","121.185","24.755","111"
"10","347587","20220927162000","18","0","新竹縣","關西鎮","121.205","24.765","12"
"229","347621","20220927162000","80","3","新竹縣","關西鎮","121.195","24.750","176"
"98","347640","20220927162000","180","0","新竹縣","關西鎮","121.180","24.745","108"
"74","347650","20220927162000","24","3","新竹縣","關西鎮","121.170","24.755","51"
"106","347665","20220927162000","52","3","新竹縣","關西鎮","121.170","24.765","107"
"135","347670","20220927162000","150","0","新竹縣","關西鎮","121.170","24.770","130"
"3080","347702","20220927162000","2615","1","新竹縣","竹東鎮","121.090","24.740","3199"
"186","347705","20220927162000","212","0","新竹縣","竹東鎮","121.100","24.695","191"
"1546","347714","20220927162000","2478","0","新竹縣","竹東鎮","121.050","24.770","1596"
"134","347720","20220927162000","99","2","新竹縣","寶山鄉","121.030","24.735","131"
"15","347723","20220927162000","100","0","新竹縣","寶山鄉","121.020","24.740","16"
"277","347740","20220927162000","186","2","新竹縣","寶山鄉","121.030","24.750","235"
"12","347750","20220927162000","10","2","新竹縣","寶山鄉","120.970","24.715","11"
"122","347774","20220927162000","109","1","新竹縣","寶山鄉","121.050","24.730","119"
"99","347788","20220927162000","81","2","新竹縣","寶山鄉","121.040","24.745","98"
"95","347794","20220927162000","94","1","新竹縣","寶山鄉","121.045","24.745","92"
"34","347799","20220927162000","16","3","新竹縣","寶山鄉","121.050","24.750","41"
"115","347805","20220927162000","242","0","新竹縣","寶山鄉","120.960","24.725","156"
"229","347806","20220927162000","79","3","新竹縣","寶山鄉","120.965","24.725","160"
"25","347808","20220927162000","22","1","新竹縣","寶山鄉","120.975","24.725","27"
"202","347809","20220927162000","159","2","新竹縣","寶山鄉","120.980","24.725","260"
"314","347812","20220927162000","190","3","新竹縣","寶山鄉","120.965","24.730","278"
"35","347817","20220927162000","15","3","新竹縣","寶山鄉","120.965","24.735","28"
"14","347818","20220927162000","129","0","新竹縣","寶山鄉","120.970","24.735","31"
"64","347821","20220927162000","44","2","新竹縣","寶山鄉","120.985","24.735","66"
"202","347823","20220927162000","154","2","新竹縣","寶山鄉","120.970","24.740","230"
"97","347832","20220927162000","65","2","新竹縣","寶山鄉","120.980","24.745","115"
"91","347835","20220927162000","92","0","新竹縣","寶山鄉","120.980","24.755","118"
"81","347842","20220927162000","78","1","新竹縣","寶山鄉","121.000","24.715","76"
"96","347845","20220927162000","70","2","新竹縣","寶山鄉","121.015","24.715","98"
"575","347878","20220927162000","411","2","新竹縣","寶山鄉","120.940","24.725","589"
"44","347882","20220927162000","30","2","新竹縣","寶山鄉","120.945","24.740","50"
"114","347889","20220927162000","97","1","新竹縣","寶山鄉","120.960","24.745","104"
"29","347900","20220927162000","34","0","新竹縣","北埔鄉","121.055","24.670","22"
"1037","347925","20220927162000","1027","1","新竹縣","北埔鄉","121.055","24.695","1003"
"141","347926","20220927162000","116","2","新竹縣","北埔鄉","121.045","24.700","143"
"216","347927","20220927162000","156","2","新竹縣","北埔鄉","121.050","24.700","228"
"46","347930","20220927162000","15","3","新竹縣","北埔鄉","121.045","24.705","46"
"17","347931","20220927162000","22","0","新竹縣","北埔鄉","121.050","24.705","10"
"115","347934","20220927162000","88","2","新竹縣","北埔鄉","121.045","24.715","115"
"10","347940","20220927162000","10","1","新竹縣","北埔鄉","121.070","24.665","10"
"350","347949","20220927162000","245","2","新竹縣","北埔鄉","121.065","24.675","330"
"338","347958","20220927162000","336","1","新竹縣","橫山鄉","121.130","24.725","330"
"309","347976","20220927162000","374","0","新竹縣","橫山鄉","121.140","24.720","303"
"95","347986","20220927162000","32","3","新竹縣","橫山鄉","121.130","24.700","96"
"242","347995","20220927162000","283","0","新竹縣","橫山鄉","121.115","24.710","202"
"336","348000","20220927162000","380","0","新竹縣","橫山鄉","121.110","24.715","361"
"102","348001","20220927162000","106","0","新竹縣","橫山鄉","121.115","24.715","110"
"11","348003","20220927162000","46","0","新竹縣","橫山鄉","121.125","24.715","11"
"44","348006","20220927162000","123","0","新竹縣","橫山鄉","121.115","24.720","40"
"309","348007","20220927162000","381","0","新竹縣","橫山鄉","121.120","24.720","334"
"25","348008","20220927162000","48","0","新竹縣","橫山鄉","121.125","24.720","18"
"319","348022","20220927162000","276","1","新竹縣","橫山鄉","121.160","24.740","325"
"92","348032","20220927162000","68","2","新竹縣","橫山鄉","121.165","24.745","90"
"77","348040","20220927162000","85","0","新竹縣","橫山鄉","121.105","24.680","89"
"53","348074","20220927162000","47","1","新竹縣","橫山鄉","121.165","24.730","44"
"27","348083","20220927162000","25","1","新竹縣","橫山鄉","121.180","24.735","23"
"16","348089","20220927162000","16","1","新竹縣","關西鎮","121.185","24.740","23"
"259","348136","20220927162000","137","3","新竹縣","橫山鄉","121.140","24.700","272"
"1126","348137","20220927162000","1001","1","新竹縣","竹東鎮","121.095","24.735","1156"
"1574","348138","20220927162000","1512","1","新竹縣","竹東鎮","121.100","24.735","1697"
"43","348144","20220927162000","32","2","新竹縣","芎林鄉","121.110","24.770","52"
"559","348163","20220927162000","727","0","新竹縣","芎林鄉","121.085","24.765","592"
"59","348164","20220927162000","19","3","新竹縣","芎林鄉","121.085","24.770","46"
"333","348165","20220927162000","280","1","新竹縣","芎林鄉","121.095","24.760","342"
"100","348190","20220927162000","63","3","新竹縣","芎林鄉","121.125","24.755","104"
"10","348191","20220927162000","13","0","新竹縣","芎林鄉","121.130","24.755","11"
"228","348207","20220927162000","267","0","新竹縣","寶山鄉","120.985","24.750","294"
"286","348212","20220927162000","298","0","新竹縣","寶山鄉","120.995","24.755","276"
"869","348213","20220927162000","910","0","新竹縣","寶山鄉","120.985","24.760","944"
"608","348217","20220927162000","665","0","新竹縣","寶山鄉","120.990","24.765","628"
"250","348225","20220927162000","339","0","新竹縣","尖石鄉","121.200","24.705","286"
"10","348257","20220927162000","25","0","新竹縣","尖石鄉","121.235","24.720","11"
"58","348272","20220927162000","69","0","新竹縣","尖石鄉","121.225","24.730","60"
"49","348276","20220927162000","59","0","新竹縣","尖石鄉","121.245","24.730","68"
"36","348280","20220927162000","12","3","新竹縣","尖石鄉","121.230","24.735","32"
"59","348320","20220927162000","52","1","新竹縣","尖石鄉","121.260","24.705","52"
"87","348345","20220927162000","94","0","新竹縣","尖石鄉","121.270","24.715","80"
"84","348353","20220927162000","99","0","新竹縣","尖石鄉","121.250","24.720","135"
"106","348419","20220927162000","106","1","新竹縣","尖石鄉","121.265","24.745","118"
"35","348461","20220927162000","26","2","新竹縣","尖石鄉","121.185","24.665","41"
"34","348468","20220927162000","31","1","新竹縣","尖石鄉","121.195","24.670","39"
"31","348469","20220927162000","16","3","新竹縣","尖石鄉","121.200","24.670","29"
"51","348470","20220927162000","63","0","新竹縣","尖石鄉","121.205","24.670","42"
"107","348506","20220927162000","61","3","新竹縣","尖石鄉","121.350","24.660","104"
"76","348549","20220927162000","42","3","新竹縣","尖石鄉","121.310","24.685","61"
"191","348577","20220927162000","200","0","新竹縣","尖石鄉","121.280","24.665","170"
"153","348584","20220927162000","147","1","新竹縣","五峰鄉","121.150","24.670","130"
"142","348588","20220927162000","50","3","新竹縣","尖石鄉","121.170","24.670","123"
"48","348599","20220927162000","34","2","新竹縣","尖石鄉","121.170","24.680","50"
"98","348600","20220927162000","99","0","新竹縣","尖石鄉","121.175","24.680","109"
"14","348608","20220927162000","15","0","新竹縣","尖石鄉","121.185","24.685","18"
"38","348686","20220927162000","13","3","新竹縣","尖石鄉","121.270","24.670","22"
"49","348708","20220927162000","36","2","新竹縣","尖石鄉","121.235","24.680","26"
"127","348711","20220927162000","77","3","新竹縣","尖石鄉","121.250","24.680","152"
"65","348720","20220927162000","155","0","新竹縣","尖石鄉","121.220","24.685","70"
"76","348736","20220927162000","64","1","新竹縣","尖石鄉","121.220","24.690","70"
"385","348785","20220927162000","214","3","新竹縣","尖石鄉","121.220","24.705","424"
"40","348820","20220927162000","104","0","新竹縣","北埔鄉","121.040","24.695","36"
"104","348822","20220927162000","86","2","新竹縣","峨眉鄉","121.035","24.700","111"
"63","348831","20220927162000","53","1","新竹縣","峨眉鄉","120.985","24.685","53"
"44","348834","20220927162000","19","3","新竹縣","峨眉鄉","120.970","24.690","54"
"24","348835","20220927162000","11","3","新竹縣","峨眉鄉","120.975","24.690","21"
"108","348838","20220927162000","92","1","新竹縣","峨眉鄉","120.990","24.690","104"
"92","348845","20220927162000","80","1","新竹縣","峨眉鄉","120.985","24.700","81"
"61","348851","20220927162000","41","2","新竹縣","峨眉鄉","120.990","24.705","64"
"346","348861","20220927162000","367","0","新竹縣","峨眉鄉","121.025","24.685","344"
"289","348863","20220927162000","206","2","新竹縣","峨眉鄉","121.020","24.690","283"
"41","348870","20220927162000","97","0","新竹縣","北埔鄉","121.055","24.685","31"
"103","348892","20220927162000","56","3","新竹縣","北埔鄉","121.070","24.695","79"
"52","348903","20220927162000","19","3","新竹縣","北埔鄉","121.075","24.700","20"
"426","348909","20220927162000","543","0","新竹縣","北埔鄉","121.060","24.700","444"
"82","348910","20220927162000","61","2","新竹縣","北埔鄉","121.065","24.700","52"
"17","348919","20220927162000","21","0","新竹縣","北埔鄉","121.060","24.710","20"
"11","348921","20220927162000","73","0","新竹縣","北埔鄉","121.070","24.710","11"
"86","348944","20220927162000","33","3","新竹縣","寶山鄉","121.000","24.720","74"
"116","348947","20220927162000","104","1","新竹縣","寶山鄉","121.000","24.725","120"
"110","348952","20220927162000","33","3","新竹縣","寶山鄉","121.005","24.730","80"
"225","348957","20220927162000","199","1","新竹縣","寶山鄉","120.990","24.740","218"
"62","348958","20220927162000","42","2","新竹縣","寶山鄉","120.995","24.740","68"
"48","348969","20220927162000","72","0","新竹縣","寶山鄉","121.005","24.745","47"
"483","348971","20220927162000","821","0","新竹縣","寶山鄉","121.005","24.750","480"
"559","348978","20220927162000","398","2","新竹縣","寶山鄉","121.020","24.755","591"
"266","348983","20220927162000","494","0","新竹縣","寶山鄉","121.000","24.765","321"
"3518","348986","20220927162000","6102","0","新竹縣","寶山鄉","121.015","24.765","3292"
"2059","348987","20220927162000","2795","0","新竹縣","寶山鄉","121.000","24.770","1927"
"611","348988","20220927162000","301","3","新竹縣","寶山鄉","121.005","24.770","484"
"918","348989","20220927162000","2704","0","新竹縣","寶山鄉","121.010","24.770","997"
"54","348993","20220927162000","44","2","新竹縣","峨眉鄉","120.990","24.665","63"
"25","349000","20220927162000","28","0","新竹縣","峨眉鄉","120.995","24.670","34"
"141","349005","20220927162000","47","3","新竹縣","峨眉鄉","120.985","24.675","138"
"101","349012","20220927162000","144","0","新竹縣","峨眉鄉","120.990","24.680","101"
"113","349031","20220927162000","100","1","新竹縣","峨眉鄉","121.000","24.700","121"
"502","349060","20220927162000","470","1","新竹縣","竹東鎮","121.060","24.750","509"
"167","349062","20220927162000","141","1","新竹縣","竹東鎮","121.070","24.750","171"
"671","349066","20220927162000","881","0","新竹縣","竹東鎮","121.070","24.755","719"
"1208","349070","20220927162000","1132","1","新竹縣","竹東鎮","121.065","24.760","1164"
"2685","349073","20220927162000","2271","1","新竹縣","竹東鎮","121.060","24.765","2821"
"628","349074","20220927162000","74","3","新竹縣","竹東鎮","121.065","24.765","403"
"131","349079","20220927162000","102","2","新竹縣","竹東鎮","121.120","24.660","127"
"115","349087","20220927162000","167","0","新竹縣","竹東鎮","121.090","24.720","84"
"1429","349088","20220927162000","1420","1","新竹縣","竹東鎮","121.095","24.720","1477"
"2017","349089","20220927162000","1521","2","新竹縣","竹東鎮","121.090","24.725","1882"
"350","349090","20220927162000","483","0","新竹縣","竹東鎮","121.095","24.725","393"
"1703","349092","20220927162000","1391","2","新竹縣","竹東鎮","121.095","24.730","1564"
"302","349094","20220927162000","371","0","新竹縣","竹東鎮","121.105","24.730","317"
"193","349096","20220927162000","283","0","新竹縣","竹東鎮","121.055","24.755","212"
"173","349099","20220927162000","254","0","新竹縣","竹東鎮","121.045","24.765","200"
"531","349103","20220927162000","431","2","新竹縣","竹東鎮","121.060","24.770","489"
"293","349105","20220927162000","321","0","新竹縣","竹東鎮","121.080","24.735","318"
"53","349109","20220927162000","45","1","新竹縣","竹東鎮","121.080","24.740","108"
"76","349110","20220927162000","51","2","新竹縣","竹東鎮","121.075","24.745","71"
"558","349113","20220927162000","765","0","新竹縣","竹東鎮","121.080","24.745","585"
"993","349114","20220927162000","1030","0","新竹縣","竹東鎮","121.085","24.745","1011"
"269","349115","20220927162000","250","1","新竹縣","竹東鎮","121.080","24.750","265"
"583","349118","20220927162000","508","1","宜蘭縣","宜蘭市","121.780","24.750","586"
"883","349120","20220927162000","781","1","宜蘭縣","宜蘭市","121.765","24.755","888"
"363","349124","20220927162000","570","0","宜蘭縣","宜蘭市","121.765","24.760","367"
"369","349125","20220927162000","309","1","宜蘭縣","宜蘭市","121.770","24.760","362"
"521","349130","20220927162000","342","3","宜蘭縣","宜蘭市","121.760","24.725","489"
"551","349131","20220927162000","477","1","宜蘭縣","宜蘭市","121.755","24.730","541"
"51","349132","20220927162000","58","0","宜蘭縣","宜蘭市","121.760","24.730","70"
"722","349136","20220927162000","859","0","宜蘭縣","宜蘭市","121.755","24.740","878"
"494","349139","20220927162000","479","1","宜蘭縣","宜蘭市","121.735","24.755","464"
"1229","349140","20220927162000","1112","1","宜蘭縣","宜蘭市","121.740","24.755","1225"
"31","349143","20220927162000","41","0","宜蘭縣","羅東鎮","121.755","24.680","14"
"2208","349144","20220927162000","1994","1","宜蘭縣","羅東鎮","121.775","24.680","2209"
"1733","349145","20220927162000","1564","1","宜蘭縣","羅東鎮","121.775","24.675","1740"
"780","349146","20220927162000","747","1","宜蘭縣","羅東鎮","121.750","24.675","767"
"878","349147","20220927162000","869","1","宜蘭縣","羅東鎮","121.770","24.685","880"
"317","349149","20220927162000","155","3","宜蘭縣","羅東鎮","121.750","24.680","307"
"240","349158","20220927162000","97","3","新竹市","香山區","120.930","24.745","248"
"238","349160","20220927162000","154","3","新竹市","香山區","120.925","24.750","253"
"407","349162","20220927162000","248","3","新竹市","香山區","120.915","24.760","399"
"739","349166","20220927162000","981","0","新竹市","香山區","120.915","24.765","737"
"408","349176","20220927162000","332","2","新竹市","香山區","120.955","24.760","425"
"76","349177","20220927162000","53","2","新竹市","東區","120.960","24.760","132"
"596","349183","20220927162000","500","1","新竹市","香山區","120.955","24.770","642"
"227","349184","20220927162000","233","0","新竹市","香山區","120.960","24.770","194"
"25","349189","20220927162000","17","2","新竹市","香山區","120.925","24.755","25"
"19","349194","20220927162000","50","0","新竹市","香山區","120.905","24.760","54"
"59","349198","20220927162000","45","2","新竹市","香山區","120.930","24.760","49"
"143","349199","20220927162000","32","3","新竹市","香山區","120.935","24.760","109"
"53","349203","20220927162000","70","0","宜蘭縣","宜蘭市","121.765","24.745","41"
"1919","349204","20220927162000","1918","1","宜蘭縣","宜蘭市","121.760","24.750","2047"
"800","349205","20220927162000","723","1","宜蘭縣","宜蘭市","121.765","24.750","845"
"1572","349206","20220927162000","1663","0","宜蘭縣","羅東鎮","121.775","24.670","1579"
"1027","349207","20220927162000","912","1","宜蘭縣","羅東鎮","121.755","24.675","944"
"269","349208","20220927162000","203","2","宜蘭縣","羅東鎮","121.755","24.690","241"
"77","349210","20220927162000","95","0","宜蘭縣","羅東鎮","121.755","24.695","77"
"590","349211","20220927162000","617","0","宜蘭縣","羅東鎮","121.760","24.695","603"
"825","349214","20220927162000","1423","0","宜蘭縣","羅東鎮","121.770","24.670","742"
"452","349216","20220927162000","473","0","宜蘭縣","羅東鎮","121.800","24.665","440"
"997","349222","20220927162000","555","3","宜蘭縣","羅東鎮","121.795","24.675","1013"
"647","349224","20220927162000","720","0","宜蘭縣","羅東鎮","121.785","24.675","641"
"3059","349225","20220927162000","2078","2","宜蘭縣","羅東鎮","121.780","24.680","3119"
"1200","349227","20220927162000","1314","0","宜蘭縣","宜蘭市","121.750","24.745","1291"
"668","349228","20220927162000","647","1","宜蘭縣","員山鄉","121.735","24.745","715"
"1892","349229","20220927162000","2266","0","宜蘭縣","宜蘭市","121.740","24.745","1950"
"2344","349230","20220927162000","1715","2","宜蘭縣","宜蘭市","121.745","24.745","2385"
"450","349231","20220927162000","383","1","宜蘭縣","宜蘭市","121.730","24.750","432"
"1013","349232","20220927162000","1160","0","宜蘭縣","宜蘭市","121.735","24.750","987"
"1114","349234","20220927162000","1224","0","宜蘭縣","羅東鎮","121.765","24.675","1183"
"683","349235","20220927162000","612","1","宜蘭縣","宜蘭市","121.760","24.760","652"
"838","349236","20220927162000","751","1","宜蘭縣","宜蘭市","121.750","24.765","821"
"440","349237","20220927162000","396","1","宜蘭縣","宜蘭市","121.745","24.750","441"
"444","349238","20220927162000","482","0","宜蘭縣","宜蘭市","121.760","24.765","502"
"526","349240","20220927162000","416","2","宜蘭縣","羅東鎮","121.755","24.685","627"
"32","349296","20220927162000","38","0","桃園市","復興區","121.350","24.760","39"
"82","349422","20220927162000","67","2","桃園市","復興區","121.390","24.660","83"
"65","349482","20220927162000","35","3","桃園市","復興區","121.385","24.680","39"
"148","349502","20220927162000","165","0","桃園市","復興區","121.395","24.685","164"
"178","349582","20220927162000","129","2","桃園市","復興區","121.410","24.705","213"
"45","349642","20220927162000","17","3","桃園市","復興區","121.365","24.695","27"
"15","349676","20220927162000","16","0","桃園市","復興區","121.350","24.705","22"
"54","349762","20220927162000","61","0","桃園市","復興區","121.345","24.725","79"
"11","349768","20220927162000","15","0","桃園市","復興區","121.375","24.725","12"
"17","349769","20220927162000","12","2","桃園市","復興區","121.380","24.725","17"
"12","349794","20220927162000","12","1","桃園市","復興區","121.375","24.730","12"
"31","349865","20220927162000","27","1","桃園市","復興區","121.365","24.740","24"
"95","349883","20220927162000","113","0","新竹市","香山區","120.940","24.760","115"
"76","349889","20220927162000","106","0","新竹市","香山區","120.935","24.770","102"
"184","349896","20220927162000","214","0","新竹市","香山區","120.905","24.750","176"
"573","349897","20220927162000","357","3","新竹市","香山區","120.910","24.750","575"
"2552","349904","20220927162000","2420","1","新竹縣","竹東鎮","121.030","24.770","2362"
"50","349937","20220927162000","48","1","桃園市","復興區","121.365","24.675","64"
"41","349983","20220927162000","131","0","苗栗縣","三灣鄉","120.965","24.665","36"
"60","349985","20220927162000","218","0","苗栗縣","三灣鄉","120.975","24.665","56"
"29","350003","20220927162000","217","0","苗栗縣","三灣鄉","120.950","24.670","24"
"192","350012","20220927162000","84","3","苗栗縣","頭份鎮","120.955","24.680","196"
"51","350014","20220927162000","278","0","苗栗縣","頭份鎮","120.965","24.680","48"
"55","350017","20220927162000","229","0","苗栗縣","頭份鎮","120.960","24.685","43"
"55","350018","20220927162000","179","0","苗栗縣","頭份鎮","120.965","24.685","63"
"124","350019","20220927162000","75","3","苗栗縣","竹南鎮","120.880","24.680","108"
"2675","350021","20220927162000","1947","2","苗栗縣","竹南鎮","120.885","24.685","2778"
"15","350023","20220927162000","13","1","苗栗縣","頭份鎮","120.925","24.690","22"
"1002","350024","20220927162000","527","3","苗栗縣","頭份鎮","120.930","24.690","1032"
"206","350031","20220927162000","153","2","苗栗縣","頭份鎮","120.920","24.665","217"
"44","350036","20220927162000","323","0","苗栗縣","頭份鎮","120.920","24.670","48"
"394","350042","20220927162000","277","2","苗栗縣","頭份鎮","120.925","24.675","399"
"64","350052","20220927162000","173","0","苗栗縣","後龍鎮","120.820","24.660","54"
"339","350068","20220927162000","285","1","苗栗縣","頭份鎮","120.910","24.690","333"
"900","350073","20220927162000","490","3","苗栗縣","竹南鎮","120.885","24.695","849"
"452","350075","20220927162000","328","2","苗栗縣","頭份鎮","120.890","24.695","429"
"1652","350077","20220927162000","950","3","苗栗縣","頭份鎮","120.910","24.695","1670"
"887","350078","20220927162000","547","3","苗栗縣","頭份鎮","120.910","24.700","846"
"433","350080","20220927162000","368","1","苗栗縣","頭份鎮","120.940","24.680","427"
"214","350082","20220927162000","229","0","苗栗縣","頭份鎮","120.950","24.680","206"
"363","350085","20220927162000","339","1","苗栗縣","頭份鎮","120.925","24.685","346"
"623","350087","20220927162000","566","1","苗栗縣","頭份鎮","120.935","24.685","658"
"1037","350090","20220927162000","751","2","苗栗縣","頭份鎮","120.895","24.690","1071"
"1958","350091","20220927162000","2446","0","苗栗縣","頭份鎮","120.905","24.690","1864"
"597","350092","20220927162000","1029","0","苗栗縣","頭份鎮","120.905","24.685","611"
"89","350095","20220927162000","181","0","苗栗縣","頭份鎮","120.945","24.690","78"
"24","350102","20220927162000","118","0","苗栗縣","頭份鎮","120.935","24.700","25"
"30","350103","20220927162000","226","0","苗栗縣","頭份鎮","120.940","24.695","24"
"131","350109","20220927162000","124","1","苗栗縣","頭份鎮","120.940","24.700","124"
"210","350110","20220927162000","160","2","苗栗縣","頭份鎮","120.945","24.700","168"
"380","350112","20220927162000","569","0","苗栗縣","頭份鎮","120.930","24.705","329"
"351","350117","20220927162000","282","2","苗栗縣","頭份鎮","120.935","24.710","351"
"689","350118","20220927162000","659","1","苗栗縣","頭份鎮","120.885","24.665","686"
"93","350124","20220927162000","465","0","苗栗縣","頭份鎮","120.885","24.675","132"
"283","350127","20220927162000","277","1","苗栗縣","頭份鎮","120.905","24.700","238"
"663","350128","20220927162000","885","0","苗栗縣","頭份鎮","120.900","24.695","597"
"660","350129","20220927162000","589","1","苗栗縣","頭份鎮","120.905","24.695","669"
"171","350131","20220927162000","364","0","苗栗縣","頭份鎮","120.915","24.690","156"
"772","350132","20220927162000","1078","0","苗栗縣","頭份鎮","120.915","24.695","798"
"24","350142","20220927162000","31","0","苗栗縣","頭份鎮","120.915","24.665","17"
"76","350146","20220927162000","304","0","苗栗縣","頭份鎮","120.915","24.670","65"
"676","350150","20220927162000","683","0","苗栗縣","竹南鎮","120.860","24.695","731"
"625","350151","20220927162000","349","3","苗栗縣","竹南鎮","120.865","24.695","686"
"202","350154","20220927162000","513","0","苗栗縣","竹南鎮","120.870","24.695","221"
"105","350155","20220927162000","347","0","苗栗縣","竹南鎮","120.880","24.695","127"
"250","350156","20220927162000","202","2","苗栗縣","竹南鎮","120.865","24.680","269"
"843","350157","20220927162000","975","0","苗栗縣","竹南鎮","120.910","24.710","755"
"979","350159","20220927162000","1030","0","苗栗縣","竹南鎮","120.920","24.705","1059"
"1176","350160","20220927162000","1670","0","苗栗縣","頭份鎮","120.925","24.705","1140"
"557","350161","20220927162000","585","0","苗栗縣","竹南鎮","120.915","24.705","590"
"4087","350162","20220927162000","3886","1","苗栗縣","竹南鎮","120.915","24.710","4121"
"670","350163","20220927162000","624","1","苗栗縣","竹南鎮","120.920","24.710","632"
"355","350165","20220927162000","351","1","苗栗縣","竹南鎮","120.930","24.710","314"
"1469","350166","20220927162000","1586","0","苗栗縣","竹南鎮","120.915","24.715","1425"
"137","350167","20220927162000","180","0","苗栗縣","竹南鎮","120.920","24.715","142"
"1963","350169","20220927162000","1560","2","苗栗縣","頭份鎮","120.910","24.685","1939"
"1765","350170","20220927162000","1349","2","苗栗縣","頭份鎮","120.895","24.700","1725"
"1527","350172","20220927162000","870","3","苗栗縣","頭份鎮","120.905","24.680","1462"
"338","350173","20220927162000","317","1","苗栗縣","竹南鎮","120.875","24.700","344"
"794","350174","20220927162000","398","3","苗栗縣","竹南鎮","120.870","24.700","800"
"283","350176","20220927162000","311","0","苗栗縣","頭份鎮","120.920","24.690","310"
"83","350177","20220927162000","76","1","苗栗縣","頭份鎮","120.880","24.660","81"
"445","350179","20220927162000","553","0","苗栗縣","頭份鎮","120.900","24.700","460"
"28","350180","20220927162000","26","1","苗栗縣","竹南鎮","120.910","24.705","29"
"409","350182","20220927162000","479","0","苗栗縣","頭份鎮","120.920","24.700","420"
"508","350183","20220927162000","630","0","苗栗縣","頭份鎮","120.895","24.695","483"
"276","350203","20220927162000","191","2","苗栗縣","竹南鎮","120.860","24.685","271"
"38","350206","20220927162000","156","0","苗栗縣","竹南鎮","120.865","24.700","43"
"65","350208","20220927162000","234","0","苗栗縣","竹南鎮","120.875","24.705","60"
"730","350209","20220927162000","945","0","苗栗縣","竹南鎮","120.880","24.700","756"
"813","350210","20220927162000","636","2","苗栗縣","頭份鎮","120.885","24.700","841"
"387","350211","20220927162000","214","3","苗栗縣","竹南鎮","120.880","24.705","375"
"129","350214","20220927162000","146","0","苗栗縣","竹南鎮","120.865","24.705","161"
"70","350220","20220927162000","621","0","苗栗縣","竹南鎮","120.880","24.710","84"
"17","350223","20220927162000","141","0","苗栗縣","竹南鎮","120.865","24.715","17"
"228","350224","20220927162000","221","1","苗栗縣","竹南鎮","120.870","24.715","225"
"414","350225","20220927162000","547","0","苗栗縣","竹南鎮","120.875","24.715","390"
"99","350226","20220927162000","58","3","苗栗縣","竹南鎮","120.880","24.715","101"
"137","350229","20220927162000","90","3","苗栗縣","竹南鎮","120.865","24.720","106"
"98","350236","20220927162000","75","2","苗栗縣","竹南鎮","120.870","24.725","92"
"223","350240","20220927162000","144","3","苗栗縣","竹南鎮","120.890","24.725","198"
"68","350247","20220927162000","69","0","苗栗縣","竹南鎮","120.880","24.685","79"
"1286","350248","20220927162000","1489","0","苗栗縣","竹南鎮","120.880","24.690","1531"
"1580","350250","20220927162000","1586","0","苗栗縣","竹南鎮","120.890","24.690","1636"
"2639","350251","20220927162000","2912","0","苗栗縣","竹南鎮","120.875","24.685","2521"
"370","350258","20220927162000","265","2","苗栗縣","竹南鎮","120.855","24.675","346"
"13","350259","20220927162000","24","0","苗栗縣","竹南鎮","120.860","24.675","15"
"47","350264","20220927162000","240","0","苗栗縣","竹南鎮","120.850","24.680","45"
"45","350275","20220927162000","282","0","苗栗縣","竹南鎮","120.850","24.670","35"
"810","350277","20220927162000","551","2","苗栗縣","竹南鎮","120.860","24.670","813"
"146","350278","20220927162000","211","0","苗栗縣","竹南鎮","120.845","24.675","147"
"52","350279","20220927162000","56","0","苗栗縣","造橋鄉","120.855","24.660","40"
"94","350285","20220927162000","192","0","苗栗縣","頭份鎮","120.900","24.685","114"
"458","350286","20220927162000","607","0","苗栗縣","頭份鎮","120.895","24.675","478"
"964","350288","20220927162000","1182","0","苗栗縣","頭份鎮","120.890","24.680","1056"
"926","350290","20220927162000","711","2","苗栗縣","頭份鎮","120.900","24.680","878"
"123","350291","20220927162000","318","0","苗栗縣","頭份鎮","120.945","24.685","128"
"147","350303","20220927162000","112","2","苗栗縣","頭份鎮","120.960","24.700","130"
"84","350311","20220927162000","59","2","苗栗縣","頭份鎮","120.965","24.705","94"
"369","350314","20220927162000","1529","0","苗栗縣","竹南鎮","120.870","24.690","384"
"745","350316","20220927162000","428","3","苗栗縣","竹南鎮","120.855","24.690","820"
"938","350319","20220927162000","871","1","苗栗縣","竹南鎮","120.865","24.685","915"
"722","350320","20220927162000","870","0","苗栗縣","竹南鎮","120.875","24.695","744"
"183","350321","20220927162000","1165","0","苗栗縣","竹南鎮","120.875","24.690","204"
"1675","350326","20220927162000","1800","0","苗栗縣","竹南鎮","120.910","24.720","1594"
"11","350328","20220927162000","134","0","苗栗縣","竹南鎮","120.895","24.725","11"
"44","350330","20220927162000","347","0","苗栗縣","竹南鎮","120.905","24.725","30"
"109","350331","20220927162000","832","0","苗栗縣","竹南鎮","120.910","24.725","111"
"1062","350334","20220927162000","689","3","苗栗縣","竹南鎮","120.905","24.730","924"
"11","350336","20220927162000","64","0","新竹市","香山區","120.900","24.735","11"
"71","350338","20220927162000","322","0","新竹市","香山區","120.905","24.740","88"
"563","350340","20220927162000","614","0","苗栗縣","竹南鎮","120.875","24.660","589"
"296","350347","20220927162000","639","0","苗栗縣","竹南鎮","120.865","24.675","320"
"71","350349","20220927162000","364","0","苗栗縣","竹南鎮","120.875","24.675","69"
"1095","350350","20220927162000","940","1","苗栗縣","竹南鎮","120.880","24.675","1074"
"367","350351","20220927162000","244","3","苗栗縣","竹南鎮","120.870","24.680","382"
"345","350352","20220927162000","327","1","苗栗縣","竹南鎮","120.875","24.680","336"
"2065","350353","20220927162000","1922","1","苗栗縣","竹南鎮","120.870","24.685","2090"
"159","350357","20220927162000","472","0","苗栗縣","竹南鎮","120.890","24.705","125"
"356","350358","20220927162000","380","0","苗栗縣","竹南鎮","120.895","24.705","340"
"465","350359","20220927162000","326","2","苗栗縣","竹南鎮","120.900","24.705","437"
"244","350363","20220927162000","354","0","苗栗縣","竹南鎮","120.900","24.710","266"
"308","350364","20220927162000","102","3","苗栗縣","竹南鎮","120.905","24.710","315"
"185","350365","20220927162000","150","2","苗栗縣","竹南鎮","120.895","24.715","180"
"476","350367","20220927162000","410","1","苗栗縣","竹南鎮","120.905","24.715","434"
"370","350368","20220927162000","632","0","苗栗縣","竹南鎮","120.910","24.715","387"
"146","350369","20220927162000","127","1","苗栗縣","竹南鎮","120.895","24.720","133"
"349","356638","20220927162000","211","3","宜蘭縣","頭城鎮","121.940","24.840","283"
"833","360378","20220927162000","544","3","宜蘭縣","礁溪鄉","121.765","24.825","776"
"1526","360379","20220927162000","1497","1","宜蘭縣","礁溪鄉","121.770","24.825","1512"
"583","360380","20220927162000","480","2","宜蘭縣","礁溪鄉","121.775","24.825","612"
"395","360392","20220927162000","269","2","宜蘭縣","礁溪鄉","121.810","24.815","15"
"201","360394","20220927162000","113","3","宜蘭縣","礁溪鄉","121.795","24.815","253"
"57","360410","20220927162000","324","0","宜蘭縣","礁溪鄉","121.720","24.815","55"
"423","360417","20220927162000","302","2","宜蘭縣","礁溪鄉","121.720","24.820","408"
"161","360419","20220927162000","165","0","宜蘭縣","礁溪鄉","121.730","24.820","155"
"70","360427","20220927162000","468","0","宜蘭縣","礁溪鄉","121.725","24.820","68"
"241","360433","20220927162000","166","2","宜蘭縣","礁溪鄉","121.755","24.820","213"
"186","360437","20220927162000","176","1","宜蘭縣","礁溪鄉","121.740","24.825","267"
"1766","360439","20220927162000","1710","1","宜蘭縣","宜蘭市","121.755","24.770","1824"
"334","360442","20220927162000","249","2","宜蘭縣","宜蘭市","121.745","24.775","353"
"726","360449","20220927162000","624","1","宜蘭縣","壯圍鄉","121.785","24.775","765"
"12","360451","20220927162000","10","2","宜蘭縣","壯圍鄉","121.780","24.780","16"
"229","360457","20220927162000","191","1","宜蘭縣","壯圍鄉","121.795","24.790","247"
"152","360471","20220927162000","336","0","宜蘭縣","頭城鎮","121.820","24.855","134"
"187","360474","20220927162000","156","1","宜蘭縣","頭城鎮","121.835","24.885","170"
"247","360476","20220927162000","131","3","宜蘭縣","頭城鎮","121.845","24.885","233"
"566","360478","20220927162000","655","0","宜蘭縣","頭城鎮","121.830","24.855","567"
"726","360482","20220927162000","863","0","宜蘭縣","頭城鎮","121.820","24.860","727"
"209","360484","20220927162000","191","1","宜蘭縣","頭城鎮","121.815","24.860","216"
"791","360485","20220927162000","717","1","宜蘭縣","頭城鎮","121.820","24.865","745"
"234","360486","20220927162000","343","0","宜蘭縣","頭城鎮","121.810","24.865","247"
"162","360502","20220927162000","238","0","宜蘭縣","頭城鎮","121.815","24.850","195"
"544","360507","20220927162000","619","0","宜蘭縣","頭城鎮","121.825","24.865","583"
"379","360520","20220927162000","326","1","宜蘭縣","頭城鎮","121.835","24.870","399"
"13","360521","20220927162000","37","0","宜蘭縣","頭城鎮","121.840","24.870","13"
"276","360524","20220927162000","161","3","宜蘭縣","頭城鎮","121.840","24.875","255"
"58","360537","20220927162000","44","2","新北市","三峽區","121.345","24.845","68"
"114","360552","20220927162000","116","0","新北市","三峽區","121.360","24.855","111"
"12","360554","20220927162000","18","0","新北市","三峽區","121.370","24.855","13"
"15","360559","20220927162000","24","0","新北市","三峽區","121.365","24.860","15"
"67","360569","20220927162000","48","2","新北市","三峽區","121.355","24.870","63"
"30","360573","20220927162000","30","1","新北市","三峽區","121.375","24.870","38"
"45","360625","20220927162000","40","1","宜蘭縣","頭城鎮","121.820","24.825","42"
"267","360631","20220927162000","308","0","宜蘭縣","頭城鎮","121.790","24.845","280"
"227","360639","20220927162000","273","0","宜蘭縣","頭城鎮","121.795","24.855","207"
"445","360641","20220927162000","385","1","宜蘭縣","頭城鎮","121.805","24.855","434"
"228","360684","20220927162000","204","1","宜蘭縣","礁溪鄉","121.765","24.800","234"
"237","360687","20220927162000","182","2","宜蘭縣","礁溪鄉","121.760","24.810","219"
"212","360689","20220927162000","202","1","宜蘭縣","礁溪鄉","121.755","24.815","223"
"120","360694","20220927162000","92","2","宜蘭縣","員山鄉","121.700","24.780","99"
"27","360702","20220927162000","45","0","宜蘭縣","礁溪鄉","121.680","24.785","32"
"187","360788","20220927162000","158","1","宜蘭縣","礁溪鄉","121.780","24.810","159"
"347","360803","20220927162000","359","0","宜蘭縣","壯圍鄉","121.810","24.800","375"
"451","360806","20220927162000","386","1","宜蘭縣","壯圍鄉","121.815","24.805","653"
"440","360817","20220927162000","401","1","宜蘭縣","礁溪鄉","121.780","24.785","458"
"499","360820","20220927162000","486","1","宜蘭縣","礁溪鄉","121.775","24.815","524"
"1266","360822","20220927162000","1025","2","宜蘭縣","礁溪鄉","121.770","24.820","1267"
"184","360828","20220927162000","223","0","宜蘭縣","礁溪鄉","121.730","24.790","214"
"11","360847","20220927162000","36","0","宜蘭縣","礁溪鄉","121.705","24.810","33"
"146","360848","20220927162000","118","2","宜蘭縣","礁溪鄉","121.710","24.810","145"
"500","360876","20220927162000","455","1","宜蘭縣","礁溪鄉","121.760","24.785","528"
"112","360877","20220927162000","75","2","宜蘭縣","礁溪鄉","121.750","24.790","76"
"408","360879","20220927162000","312","2","宜蘭縣","礁溪鄉","121.760","24.790","436"
"562","360881","20220927162000","403","2","宜蘭縣","礁溪鄉","121.765","24.815","535"
"461","360883","20220927162000","497","0","宜蘭縣","礁溪鄉","121.765","24.820","476"
"423","360888","20220927162000","317","2","宜蘭縣","礁溪鄉","121.755","24.825","408"
"334","360889","20220927162000","276","2","宜蘭縣","礁溪鄉","121.760","24.825","339"
"82","360898","20220927162000","76","1","宜蘭縣","礁溪鄉","121.745","24.830","139"
"61","360964","20220927162000","43","2","新北市","三峽區","121.410","24.865","61"
"289","360967","20220927162000","245","1","新北市","三峽區","121.410","24.870","324"
"146","360994","20220927162000","91","3","新北市","三峽區","121.415","24.885","159"
"14","361049","20220927162000","14","1","新北市","三峽區","121.450","24.825","15"
"51","361075","20220927162000","49","1","新北市","三峽區","121.445","24.830","46"
"17","361124","20220927162000","16","1","新北市","三峽區","121.430","24.845","14"
"13","361150","20220927162000","11","1","新北市","三峽區","121.465","24.850","11"
"28","361179","20220927162000","39","0","新北市","三峽區","121.435","24.860","45"
"16","361193","20220927162000","18","0","新北市","三峽區","121.430","24.865","13"
"50","361195","20220927162000","23","3","新北市","三峽區","121.440","24.865","52"
"14","361256","20220927162000","24","0","新北市","三峽區","121.450","24.890","14"
"57","361279","20220927162000","20","3","新北市","三峽區","121.390","24.875","35"
"41","361286","20220927162000","31","2","新北市","三峽區","121.380","24.880","39"
"63","361304","20220927162000","71","0","新北市","三峽區","121.375","24.885","56"
"63","361308","20220927162000","38","3","新北市","三峽區","121.400","24.885","56"
"603","361316","20220927162000","607","0","宜蘭縣","員山鄉","121.720","24.770","559"
"340","361349","20220927162000","319","1","宜蘭縣","員山鄉","121.715","24.775","343"
"365","361393","20220927162000","294","2","宜蘭縣","壯圍鄉","121.800","24.770","391"
"359","361412","20220927162000","218","3","宜蘭縣","宜蘭市","121.735","24.775","364"
"27","361413","20220927162000","29","0","宜蘭縣","宜蘭市","121.740","24.775","21"
"341","361414","20220927162000","324","1","宜蘭縣","宜蘭市","121.730","24.780","353"
"20","361433","20220927162000","18","1","宜蘭縣","頭城鎮","121.800","24.830","20"
"827","361441","20220927162000","538","3","宜蘭縣","頭城鎮","121.790","24.835","1154"
"56","361466","20220927162000","43","2","新北市","坪林區","121.770","24.865","32"
"468","361479","20220927162000","496","0","宜蘭縣","頭城鎮","121.815","24.835","505"
"473","361482","20220927162000","311","3","宜蘭縣","頭城鎮","121.810","24.845","459"
"3160","361485","20220927162000","2763","1","新竹市","東區","120.985","24.800","3313"
"2058","361486","20220927162000","1892","1","新竹市","東區","120.985","24.810","2019"
"37","361496","20220927162000","36","1","桃園市","大溪區","121.325","24.880","60"
"227","361502","20220927162000","175","2","桃園市","大溪區","121.330","24.880","176"
"133","361509","20220927162000","114","1","桃園市","大溪區","121.325","24.885","135"
"115","361515","20220927162000","73","3","桃園市","大溪區","121.325","24.890","67"
"399","361521","20220927162000","762","0","桃園市","大溪區","121.250","24.865","485"
"238","361525","20220927162000","141","3","桃園市","大溪區","121.255","24.870","241"
"412","361530","20220927162000","521","0","桃園市","大溪區","121.260","24.875","389"
"425","361536","20220927162000","322","2","桃園市","大溪區","121.260","24.880","446"
"336","361538","20220927162000","287","1","桃園市","大溪區","121.275","24.880","293"
"1050","361539","20220927162000","1181","0","桃園市","大溪區","121.250","24.880","1074"
"382","361545","20220927162000","179","3","桃園市","大溪區","121.275","24.885","335"
"146","361546","20220927162000","247","0","桃園市","大溪區","121.280","24.885","180"
"533","361547","20220927162000","448","1","桃園市","大溪區","121.275","24.890","560"
"1134","361550","20220927162000","834","2","桃園市","大溪區","121.295","24.885","1178"
"132","361551","20220927162000","144","0","桃園市","大溪區","121.300","24.880","104"
"167","361552","20220927162000","402","0","桃園市","大溪區","121.290","24.880","165"
"45","361556","20220927162000","62","0","新竹縣","新埔鎮","121.080","24.835","74"
"365","361565","20220927162000","297","2","新竹縣","新埔鎮","121.080","24.840","322"
"57","361570","20220927162000","42","2","新竹縣","新埔鎮","121.130","24.860","57"
"81","361579","20220927162000","16","3","新竹縣","新埔鎮","121.140","24.870","44"
"94","361585","20220927162000","83","1","新竹縣","新埔鎮","121.135","24.875","100"
"111","361591","20220927162000","10","3","桃園市","楊梅區","121.130","24.880","93"
"596","361597","20220927162000","479","2","新竹縣","新豐鄉","120.995","24.885","636"
"1623","361600","20220927162000","2152","0","新竹縣","新豐鄉","121.010","24.885","1623"
"1440","361602","20220927162000","958","3","新竹市","東區","120.975","24.805","1460"
"2214","361603","20220927162000","4093","0","新竹市","東區","120.980","24.805","2175"
"1095","361604","20220927162000","904","2","新竹市","東區","120.980","24.810","1147"
"761","361605","20220927162000","865","0","新竹市","東區","120.975","24.800","808"
"18","361609","20220927162000","287","0","新竹市","東區","120.985","24.785","18"
"3801","361610","20220927162000","3066","2","新竹市","東區","121.020","24.780","4009"
"1284","361611","20220927162000","1833","0","新竹市","東區","121.015","24.785","1347"
"229","361614","20220927162000","110","3","新竹縣","新埔鎮","121.105","24.845","169"
"83","361615","20220927162000","40","3","新竹縣","新埔鎮","121.115","24.845","75"
"52","361621","20220927162000","34","3","新竹縣","新埔鎮","121.120","24.850","49"
"39","361623","20220927162000","18","3","新竹縣","新埔鎮","121.100","24.855","41"
"73","361624","20220927162000","81","0","新竹縣","新埔鎮","121.105","24.855","81"
"41","361628","20220927162000","15","3","新竹縣","新埔鎮","121.125","24.855","30"
"10","361630","20220927162000","25","0","新竹縣","新埔鎮","121.105","24.860","16"
"58","361635","20220927162000","35","3","新竹縣","新埔鎮","121.105","24.865","33"
"151","361642","20220927162000","136","1","新竹縣","新埔鎮","121.115","24.875","119"
"532","361646","20220927162000","733","0","新竹縣","新埔鎮","121.070","24.825","516"
"817","361648","20220927162000","630","2","新竹縣","新埔鎮","121.080","24.825","847"
"272","361651","20220927162000","403","0","新竹縣","新埔鎮","121.070","24.830","316"
"89","361655","20220927162000","59","3","新竹縣","新埔鎮","121.135","24.845","99"
"269","361668","20220927162000","524","0","新竹縣","新豐鄉","120.980","24.870","289"
"28","361671","20220927162000","31","0","新竹縣","新豐鄉","120.970","24.880","18"
"69","361676","20220927162000","659","0","新竹縣","新豐鄉","120.980","24.885","71"
"544","361683","20220927162000","487","1","新竹縣","竹東鎮","121.030","24.775","504"
"596","361685","20220927162000","1341","0","新竹縣","湖口鄉","121.010","24.855","653"
"1260","361687","20220927162000","1140","1","新竹縣","湖口鄉","121.020","24.855","1307"
"434","361688","20220927162000","441","0","新竹縣","湖口鄉","121.025","24.855","424"
"2583","361692","20220927162000","2608","0","新竹縣","湖口鄉","121.010","24.860","2793"
"122","361693","20220927162000","82","2","新竹縣","湖口鄉","121.015","24.860","125"
"2282","361694","20220927162000","3157","0","新竹縣","湖口鄉","120.995","24.865","2364"
"1711","361695","20220927162000","1454","1","新竹縣","湖口鄉","121.000","24.865","1616"
"139","361696","20220927162000","795","0","新竹縣","湖口鄉","121.005","24.865","118"
"891","361697","20220927162000","567","3","新竹縣","湖口鄉","121.010","24.865","879"
"3313","361698","20220927162000","3360","0","新竹縣","湖口鄉","121.000","24.870","3309"
"3896","361700","20220927162000","1776","3","新竹縣","湖口鄉","121.010","24.870","4030"
"2118","361702","20220927162000","1311","3","新竹縣","湖口鄉","121.010","24.875","2387"
"969","361703","20220927162000","463","3","新竹縣","竹北市","121.030","24.810","787"
"1294","361704","20220927162000","1063","2","新竹縣","竹北市","121.035","24.810","1067"
"356","361705","20220927162000","194","3","新竹縣","竹北市","121.030","24.815","367"
"495","361712","20220927162000","766","0","桃園市","大溪區","121.260","24.890","549"
"333","361715","20220927162000","477","0","新竹市","香山區","120.920","24.810","327"
"305","361721","20220927162000","192","3","新竹市","香山區","120.925","24.815","310"
"179","361725","20220927162000","159","1","新竹市","香山區","120.915","24.820","191"
"504","361727","20220927162000","379","2","新竹市","香山區","120.925","24.820","477"
"570","361733","20220927162000","378","3","新竹市","北區","120.925","24.825","511"
"1882","361736","20220927162000","1885","0","新竹市","香山區","120.930","24.790","1946"
"883","361738","20220927162000","554","3","新竹市","香山區","120.930","24.795","904"
"448","361744","20220927162000","375","1","新竹市","香山區","120.915","24.780","523"
"196","361752","20220927162000","404","0","新竹市","香山區","120.920","24.785","186"
"844","361756","20220927162000","994","0","新竹市","香山區","120.920","24.805","819"
"574","361758","20220927162000","479","1","新竹市","香山區","120.935","24.805","537"
"525","361761","20220927162000","612","0","新竹市","香山區","120.940","24.805","551"
"2092","361763","20220927162000","1796","1","新竹市","香山區","120.945","24.795","2123"
"899","361765","20220927162000","1321","0","新竹市","香山區","120.940","24.790","874"
"157","361766","20220927162000","1337","0","新竹市","香山區","120.935","24.790","115"
"280","361767","20220927162000","332","0","新竹市","香山區","120.935","24.800","265"
"567","361768","20220927162000","618","0","新竹市","香山區","120.940","24.795","536"
"26","361906","20220927162000","10","3","新北市","坪林區","121.755","24.875","26"
"13","361981","20220927162000","11","1","新北市","坪林區","121.665","24.885","10"
"41","362002","20220927162000","31","2","新竹縣","關西鎮","121.260","24.775","40"
"210","362027","20220927162000","293","0","新竹縣","湖口鄉","121.030","24.880","273"
"604","362033","20220927162000","867","0","新竹縣","湖口鄉","121.025","24.885","586"
"845","362036","20220927162000","928","0","新竹縣","竹北市","120.965","24.860","859"
"742","362039","20220927162000","274","3","新竹縣","竹北市","120.980","24.860","581"
"1635","362056","20220927162000","1835","0","新竹縣","竹北市","121.015","24.825","1671"
"2243","362057","20220927162000","2661","0","新竹縣","竹北市","121.010","24.830","2276"
"613","362058","20220927162000","115","3","新竹縣","竹北市","121.040","24.810","449"
"880","362059","20220927162000","717","2","新竹縣","竹北市","121.035","24.815","919"
"133","362060","20220927162000","253","0","新竹縣","竹北市","121.040","24.815","111"
"2962","362063","20220927162000","2559","1","新竹縣","竹北市","121.030","24.820","2959"
"1098","362064","20220927162000","1083","1","新竹縣","竹北市","121.035","24.820","1191"
"634","362066","20220927162000","1052","0","新竹縣","竹北市","121.020","24.825","689"
"915","362067","20220927162000","347","3","新竹縣","竹北市","121.025","24.825","759"
"2826","362068","20220927162000","2650","1","新竹縣","竹北市","121.030","24.825","2782"
"1075","362069","20220927162000","815","2","新竹縣","竹北市","121.035","24.825","1068"
"2320","362070","20220927162000","2044","1","新竹縣","竹北市","121.015","24.830","2440"
"677","362071","20220927162000","588","1","新竹縣","竹北市","121.020","24.830","677"
"1108","362072","20220927162000","824","2","新竹縣","竹北市","121.025","24.830","1189"
"807","362073","20220927162000","678","1","新竹縣","新埔鎮","121.030","24.830","796"
"345","362076","20220927162000","407","0","新竹縣","竹北市","120.995","24.855","355"
"375","362077","20220927162000","501","0","新竹縣","竹北市","120.990","24.860","445"
"137","362079","20220927162000","157","0","新竹縣","竹北市","120.995","24.860","155"
"3473","362081","20220927162000","1633","3","新竹市","東區","120.995","24.800","3128"
"599","362082","20220927162000","612","0","新竹市","東區","121.000","24.805","626"
"150","362085","20220927162000","242","0","新竹市","東區","121.000","24.810","112"
"374","362086","20220927162000","519","0","新竹市","東區","121.005","24.810","386"
"847","362087","20220927162000","548","3","新竹市","東區","121.010","24.810","835"
"907","362088","20220927162000","722","2","新竹市","東區","120.995","24.815","931"
"4537","362092","20220927162000","4581","0","新竹市","東區","121.010","24.775","4770"
"2736","362093","20220927162000","2607","1","新竹市","東區","121.015","24.775","2777"
"3683","362094","20220927162000","3648","1","新竹市","東區","121.020","24.775","3630"
"5346","362095","20220927162000","5060","1","新竹市","東區","121.025","24.775","5602"
"3621","362096","20220927162000","3209","1","新竹市","東區","120.990","24.780","3717"
"5249","362097","20220927162000","4994","1","新竹市","東區","121.005","24.775","5046"
"2779","362098","20220927162000","2806","0","新竹市","東區","121.005","24.780","2904"
"572","362099","20220927162000","947","0","新竹市","東區","121.010","24.780","592"
"1741","362100","20220927162000","870","3","新竹市","東區","121.015","24.780","1492"
"5753","362101","20220927162000","4791","2","新竹市","東區","121.005","24.785","4671"
"1153","362102","20220927162000","812","2","新竹市","東區","121.010","24.785","985"
"258","362103","20220927162000","230","1","新竹市","北區","120.945","24.835","281"
"373","362104","20220927162000","559","0","新竹市","北區","120.950","24.835","375"
"554","362107","20220927162000","386","2","新竹縣","竹東鎮","121.045","24.785","557"
"117","362108","20220927162000","123","0","新竹縣","竹東鎮","121.050","24.785","138"
"447","362117","20220927162000","370","2","新竹縣","竹東鎮","121.035","24.790","529"
"277","362122","20220927162000","911","0","新竹縣","竹東鎮","121.030","24.795","302"
"270","362128","20220927162000","203","2","新竹縣","竹北市","120.960","24.855","302"
"414","362141","20220927162000","423","0","新竹縣","竹北市","120.955","24.870","496"
"1545","362143","20220927162000","1305","1","新竹縣","竹北市","121.015","24.835","1564"
"31","362150","20220927162000","17","3","新竹縣","新豐鄉","120.955","24.885","19"
"258","362158","20220927162000","256","1","新竹縣","新豐鄉","120.975","24.890","254"
"1035","362159","20220927162000","1026","1","新竹市","東區","121.005","24.790","1205"
"2355","362160","20220927162000","1681","2","新竹市","東區","121.015","24.790","2477"
"15","362249","20220927162000","21","0","新北市","烏來區","121.525","24.830","24"
"79","362275","20220927162000","70","1","新北市","烏來區","121.525","24.835","75"
"11","362277","20220927162000","12","0","新北市","烏來區","121.535","24.835","11"
"24","362289","20220927162000","10","3","新北市","烏來區","121.540","24.840","11"
"24","362568","20220927162000","11","3","新北市","烏來區","121.590","24.850","39"
"188","362673","20220927162000","183","1","新北市","烏來區","121.550","24.875","207"
"48","362692","20220927162000","52","0","新北市","烏來區","121.545","24.880","59"
"136","362700","20220927162000","132","1","新北市","烏來區","121.550","24.885","132"
"72","362716","20220927162000","79","0","新北市","烏來區","121.550","24.845","32"
"154","362717","20220927162000","216","0","新北市","烏來區","121.555","24.845","140"
"121","362740","20220927162000","91","2","新北市","烏來區","121.560","24.860","116"
"424","362744","20220927162000","623","0","新北市","烏來區","121.550","24.865","352"
"12","362745","20220927162000","17","0","新北市","烏來區","121.555","24.865","11"
"63","362793","20220927162000","49","2","新北市","烏來區","121.510","24.775","86"
"1240","362984","20220927162000","1841","0","新竹市","東區","120.960","24.795","1411"
"3103","362985","20220927162000","2736","1","新竹市","東區","121.020","24.790","3264"
"780","362988","20220927162000","740","1","新竹市","東區","120.970","24.775","823"
"2101","362990","20220927162000","2412","0","新竹市","東區","120.985","24.805","2227"
"10","362991","20220927162000","12","0","新竹市","東區","120.965","24.775","10"
"1151","362992","20220927162000","1451","0","新竹市","北區","120.960","24.805","1163"
"312","362994","20220927162000","243","2","新竹縣","竹北市","120.945","24.850","311"
"770","362996","20220927162000","978","0","新竹縣","竹北市","120.945","24.855","763"
"1013","362998","20220927162000","873","1","新竹縣","竹北市","120.995","24.840","1041"
"1171","362999","20220927162000","1435","0","新竹縣","竹北市","121.000","24.840","1174"
"467","363002","20220927162000","323","2","新竹縣","竹北市","121.035","24.800","391"
"1530","363004","20220927162000","452","3","新竹縣","竹北市","121.025","24.805","1079"
"1115","363005","20220927162000","761","2","新竹縣","竹北市","121.030","24.805","987"
"3900","363006","20220927162000","3143","2","新竹縣","竹北市","121.035","24.805","3785"
"2399","363007","20220927162000","2105","1","新竹縣","竹北市","121.025","24.810","2541"
"119","363008","20220927162000","46","3","新竹縣","芎林鄉","121.065","24.790","122"
"1807","363013","20220927162000","1394","2","新竹縣","竹北市","121.050","24.805","1838"
"339","363016","20220927162000","454","0","新竹縣","竹北市","121.045","24.810","333"
"2511","363021","20220927162000","2073","2","新竹縣","竹北市","121.005","24.840","2562"
"5227","363023","20220927162000","4050","2","新竹縣","竹北市","121.020","24.840","5105"
"1329","363024","20220927162000","1643","0","新竹縣","竹北市","121.000","24.845","1382"
"1491","363025","20220927162000","361","3","新竹縣","竹北市","121.000","24.855","1025"
"1946","363026","20220927162000","1923","1","新竹縣","竹北市","121.010","24.845","1955"
"532","363027","20220927162000","916","0","新竹縣","新埔鎮","121.015","24.850","544"
"789","363028","20220927162000","823","0","新竹縣","竹北市","121.020","24.845","780"
"1008","363032","20220927162000","838","2","新竹縣","芎林鄉","121.080","24.775","1083"
"13","363046","20220927162000","14","0","新竹縣","關西鎮","121.140","24.790","20"
"27","363048","20220927162000","27","1","新竹縣","關西鎮","121.150","24.790","24"
"110","363062","20220927162000","72","3","新竹縣","關西鎮","121.185","24.800","108"
"630","363073","20220927162000","787","0","新竹縣","關西鎮","121.200","24.810","716"
"745","363082","20220927162000","410","3","新竹縣","關西鎮","121.180","24.820","446"
"222","363084","20220927162000","177","2","新竹縣","關西鎮","121.175","24.825","230"
"1224","363085","20220927162000","1171","1","桃園市","龍潭區","121.180","24.825","1218"
"689","363086","20220927162000","714","0","新竹市","東區","120.975","24.795","691"
"896","363088","20220927162000","1011","0","新竹縣","寶山鄉","120.985","24.775","893"
"264","363090","20220927162000","228","1","新竹市","東區","120.980","24.780","269"
"868","363093","20220927162000","964","0","新竹市","東區","120.980","24.785","865"
"1331","363094","20220927162000","1011","2","新竹縣","新豐鄉","121.000","24.875","1339"
"536","363095","20220927162000","605","0","新竹縣","新豐鄉","120.995","24.880","528"
"697","363096","20220927162000","358","3","新竹縣","新豐鄉","121.000","24.880","540"
"414","363097","20220927162000","352","1","新竹縣","新豐鄉","121.005","24.880","425"
"1156","363098","20220927162000","1004","1","新竹縣","新豐鄉","120.990","24.870","1186"
"2943","363099","20220927162000","3309","0","新竹縣","新豐鄉","120.995","24.870","2996"
"935","363100","20220927162000","1124","0","新竹縣","新豐鄉","120.985","24.865","974"
"1522","363101","20220927162000","837","3","新竹縣","新豐鄉","120.990","24.865","1309"
"429","363102","20220927162000","340","2","新竹縣","新豐鄉","120.985","24.870","378"
"374","363103","20220927162000","263","2","新竹縣","新豐鄉","120.985","24.875","386"
"517","363109","20220927162000","561","0","新竹縣","關西鎮","121.145","24.805","538"
"19","363124","20220927162000","14","2","新竹縣","關西鎮","121.125","24.775","13"
"76","363127","20220927162000","107","0","新竹縣","關西鎮","121.120","24.780","105"
"26","363131","20220927162000","18","2","新竹縣","關西鎮","121.115","24.785","24"
"219","363143","20220927162000","163","2","新竹縣","關西鎮","121.130","24.790","204"
"124","363153","20220927162000","57","3","新竹縣","關西鎮","121.200","24.775","118"
"813","363158","20220927162000","870","0","新竹縣","關西鎮","121.175","24.785","839"
"149","363159","20220927162000","44","3","新竹縣","關西鎮","121.180","24.790","122"
"1085","363160","20220927162000","1001","1","新竹縣","關西鎮","121.185","24.790","1100"
"423","363164","20220927162000","557","0","新竹縣","關西鎮","121.190","24.795","423"
"21","363183","20220927162000","28","0","新竹縣","關西鎮","121.205","24.780","13"
"84","363187","20220927162000","62","2","新竹縣","關西鎮","121.195","24.785","117"
"170","363195","20220927162000","128","2","新竹縣","關西鎮","121.195","24.790","162"
"40","363197","20220927162000","27","2","新竹縣","關西鎮","121.205","24.790","36"
"82","363217","20220927162000","83","0","新竹縣","關西鎮","121.230","24.795","90"
"149","363223","20220927162000","118","2","新竹縣","關西鎮","121.235","24.800","118"
"14","363229","20220927162000","13","1","新竹縣","關西鎮","121.135","24.820","12"
"274","363233","20220927162000","310","0","新竹縣","關西鎮","121.115","24.825","279"
"215","363245","20220927162000","147","2","新竹縣","關西鎮","121.115","24.830","264"
"845","363256","20220927162000","653","2","新竹縣","關西鎮","121.165","24.830","781"
"62","363258","20220927162000","38","3","新竹縣","新埔鎮","121.125","24.835","53"
"154","363272","20220927162000","212","0","新竹縣","關西鎮","121.150","24.840","166"
"758","363274","20220927162000","793","0","新竹縣","關西鎮","121.135","24.810","804"
"109","363279","20220927162000","24","3","新竹縣","關西鎮","121.130","24.815","70"
"26","363288","20220927162000","13","3","新竹縣","關西鎮","121.165","24.795","26"
"595","363291","20220927162000","656","0","新竹縣","關西鎮","121.165","24.800","640"
"2080","363304","20220927162000","2010","1","新竹縣","關西鎮","121.175","24.790","2185"
"216","363305","20220927162000","138","3","新竹縣","關西鎮","121.170","24.795","185"
"240","363306","20220927162000","248","0","新竹縣","關西鎮","121.175","24.795","204"
"108","363308","20220927162000","74","2","新竹縣","關西鎮","121.175","24.805","71"
"1821","363344","20220927162000","1572","1","桃園市","龍潭區","121.230","24.875","1924"
"1020","363345","20220927162000","868","1","桃園市","龍潭區","121.230","24.880","998"
"1038","363346","20220927162000","938","1","桃園市","龍潭區","121.225","24.855","1117"
"231","363347","20220927162000","175","2","桃園市","龍潭區","121.230","24.855","219"
"87","363355","20220927162000","50","3","桃園市","龍潭區","121.235","24.865","51"
"115","363358","20220927162000","244","0","桃園市","龍潭區","121.230","24.870","101"
"402","363359","20220927162000","346","1","桃園市","龍潭區","121.235","24.870","524"
"22","363361","20220927162000","13","3","桃園市","龍潭區","121.245","24.870","28"
"307","363362","20220927162000","624","0","桃園市","平鎮區","121.245","24.875","332"
"583","363365","20220927162000","620","0","桃園市","龍潭區","121.235","24.840","614"
"937","363366","20220927162000","910","1","桃園市","龍潭區","121.240","24.835","929"
"296","363369","20220927162000","386","0","桃園市","龍潭區","121.240","24.845","336"
"656","363370","20220927162000","543","2","桃園市","龍潭區","121.245","24.850","642"
"1406","363371","20220927162000","1631","0","桃園市","龍潭區","121.250","24.850","1446"
"1030","363374","20220927162000","936","1","桃園市","龍潭區","121.250","24.855","1006"
"474","363376","20220927162000","1026","0","桃園市","龍潭區","121.255","24.860","498"
"367","363377","20220927162000","376","0","桃園市","龍潭區","121.180","24.870","422"
"640","363380","20220927162000","682","0","桃園市","龍潭區","121.195","24.870","644"
"747","363388","20220927162000","634","1","桃園市","龍潭區","121.185","24.880","690"
"5166","363392","20220927162000","3665","2","桃園市","龍潭區","121.185","24.885","5015"
"176","363394","20220927162000","159","1","桃園市","龍潭區","121.180","24.885","161"
"348","363396","20220927162000","498","0","桃園市","龍潭區","121.190","24.885","386"
"220","363397","20220927162000","220","1","桃園市","龍潭區","121.190","24.890","229"
"5426","363481","20220927162000","5262","1","新竹市","東區","120.975","24.810","5719"
"4426","363482","20220927162000","4428","0","新竹市","東區","120.970","24.800","4652"
"1368","363483","20220927162000","1323","1","新竹市","東區","120.970","24.810","1357"
"1099","363484","20220927162000","605","3","新竹市","東區","120.970","24.785","784"
"1081","363485","20220927162000","681","3","新竹市","東區","120.975","24.785","1038"
"3996","363486","20220927162000","3236","2","新竹市","東區","120.965","24.795","3643"
"22","363492","20220927162000","13","3","新北市","新店區","121.575","24.885","18"
"1577","363502","20220927162000","1394","1","桃園市","龍潭區","121.185","24.840","1482"
"852","363507","20220927162000","784","1","桃園市","龍潭區","121.185","24.845","804"
"153","363511","20220927162000","73","3","桃園市","龍潭區","121.180","24.850","146"
"110","363514","20220927162000","210","0","桃園市","龍潭區","121.195","24.850","133"
"313","363523","20220927162000","133","3","桃園市","龍潭區","121.190","24.860","271"
"439","363528","20220927162000","429","1","桃園市","龍潭區","121.245","24.835","423"
"291","363532","20220927162000","267","1","桃園市","龍潭區","121.245","24.840","299"
"147","363536","20220927162000","104","2","桃園市","龍潭區","121.245","24.845","133"
"109","363557","20220927162000","105","1","桃園市","龍潭區","121.240","24.830","116"
"432","363560","20220927162000","389","1","桃園市","龍潭區","121.230","24.835","421"
"52","363589","20220927162000","50","1","桃園市","龍潭區","121.160","24.870","58"
"749","363593","20220927162000","660","1","桃園市","龍潭區","121.210","24.840","745"
"341","363597","20220927162000","227","3","桃園市","龍潭區","121.200","24.855","324"
"499","363599","20220927162000","679","0","桃園市","龍潭區","121.210","24.855","599"
"1112","363602","20220927162000","696","3","桃園市","龍潭區","121.225","24.845","1062"
"227","363603","20220927162000","501","0","桃園市","龍潭區","121.230","24.845","221"
"48","363605","20220927162000","39","2","桃園市","龍潭區","121.225","24.850","35"
"1035","363611","20220927162000","855","2","桃園市","龍潭區","121.220","24.850","1010"
"1268","363613","20220927162000","989","2","桃園市","龍潭區","121.215","24.865","1326"
"593","363614","20220927162000","922","0","桃園市","龍潭區","121.220","24.865","617"
"640","363615","20220927162000","733","0","桃園市","龍潭區","121.210","24.870","676"
"1020","363616","20220927162000","749","2","桃園市","龍潭區","121.215","24.870","1062"
"327","363620","20220927162000","357","0","桃園市","龍潭區","121.220","24.860","378"
"391","363625","20220927162000","498","0","桃園市","龍潭區","121.205","24.865","384"
"215","363626","20220927162000","127","3","桃園市","龍潭區","121.200","24.870","130"
"1316","363627","20220927162000","721","3","桃園市","龍潭區","121.205","24.870","1207"
"3016","363628","20220927162000","1971","3","新竹縣","竹北市","121.020","24.835","2870"
"1097","363629","20220927162000","1313","0","新竹縣","竹北市","121.025","24.835","1200"
"980","363630","20220927162000","1332","0","新竹縣","竹北市","121.010","24.835","1030"
"184","363633","20220927162000","156","1","新竹市","東區","120.960","24.780","204"
"357","363634","20220927162000","342","1","新竹市","東區","120.965","24.780","384"
"796","363637","20220927162000","770","1","新竹市","東區","120.965","24.785","866"
"3070","363639","20220927162000","2959","1","新竹市","東區","120.965","24.790","3059"
"1724","363641","20220927162000","1966","0","新竹市","東區","121.020","24.785","1676"
"288","363642","20220927162000","348","0","新竹縣","竹東鎮","121.025","24.785","290"
"720","363644","20220927162000","666","1","新竹縣","竹東鎮","121.035","24.775","817"
"2810","363646","20220927162000","1952","2","新竹縣","竹東鎮","121.045","24.775","2635"
"1308","363648","20220927162000","1431","0","新竹縣","竹東鎮","121.030","24.780","1400"
"182","363649","20220927162000","298","0","新竹縣","竹東鎮","121.035","24.780","153"
"437","363651","20220927162000","651","0","新竹縣","竹東鎮","121.045","24.780","459"
"1111","363655","20220927162000","1302","0","桃園市","龍潭區","121.235","24.880","983"
"758","363658","20220927162000","764","0","桃園市","龍潭區","121.240","24.880","755"
"149","363661","20220927162000","111","2","桃園市","龍潭區","121.240","24.810","143"
"569","363663","20220927162000","710","0","桃園市","龍潭區","121.240","24.815","627"
"121","363664","20220927162000","73","3","桃園市","龍潭區","121.235","24.820","106"
"247","363667","20220927162000","200","2","桃園市","龍潭區","121.230","24.825","205"
"506","363668","20220927162000","455","1","桃園市","龍潭區","121.235","24.825","536"
"565","363676","20220927162000","506","1","桃園市","龍潭區","121.230","24.840","581"
"594","363677","20220927162000","749","0","新竹縣","竹北市","121.005","24.845","621"
"1179","363682","20220927162000","1213","0","新竹縣","芎林鄉","121.080","24.780","1240"
"20","363685","20220927162000","79","0","新竹縣","芎林鄉","121.075","24.785","19"
"897","363687","20220927162000","692","2","新竹縣","芎林鄉","121.070","24.790","873"
"631","363696","20220927162000","639","0","新竹縣","芎林鄉","121.060","24.795","578"
"650","363709","20220927162000","653","0","新竹縣","芎林鄉","121.090","24.775","709"
"32","363719","20220927162000","11","3","新竹縣","芎林鄉","121.110","24.785","15"
"34","363721","20220927162000","18","3","新竹縣","芎林鄉","121.085","24.780","26"
"46","363725","20220927162000","93","0","新竹縣","芎林鄉","121.100","24.780","50"
"203","363728","20220927162000","188","1","新竹縣","芎林鄉","121.100","24.785","193"
"999","363737","20220927162000","725","2","新竹縣","竹北市","120.985","24.835","1019"
"432","363744","20220927162000","261","3","新竹縣","竹北市","120.975","24.840","460"
"563","363746","20220927162000","648","0","新竹縣","竹北市","120.955","24.840","571"
"373","363748","20220927162000","284","2","新竹縣","竹北市","120.965","24.840","352"
"36","363765","20220927162000","291","0","宜蘭縣","礁溪鄉","121.790","24.795","44"
"84","363769","20220927162000","207","0","宜蘭縣","礁溪鄉","121.780","24.800","64"
"198","363770","20220927162000","313","0","宜蘭縣","礁溪鄉","121.785","24.800","187"
"153","363777","20220927162000","239","0","宜蘭縣","礁溪鄉","121.790","24.810","185"
"11","363778","20220927162000","83","0","宜蘭縣","礁溪鄉","121.770","24.830","15"
"1010","363779","20220927162000","1357","0","宜蘭縣","礁溪鄉","121.775","24.830","1038"
"508","363783","20220927162000","376","2","宜蘭縣","礁溪鄉","121.780","24.835","581"
"384","363797","20220927162000","582","0","宜蘭縣","礁溪鄉","121.790","24.830","614"
"20","363798","20220927162000","64","0","宜蘭縣","礁溪鄉","121.785","24.835","23"
"1030","363803","20220927162000","725","2","桃園市","平鎮區","121.200","24.890","1107"
"1236","363805","20220927162000","1329","0","新竹市","北區","120.955","24.805","1230"
"523","363808","20220927162000","697","0","新竹市","北區","120.945","24.815","448"
"43","363811","20220927162000","33","2","新竹市","北區","120.955","24.785","120"
"1670","363814","20220927162000","1281","2","新竹市","北區","120.955","24.790","1636"
"446","363815","20220927162000","619","0","新竹市","香山區","120.950","24.795","447"
"1348","363816","20220927162000","1357","0","桃園市","大溪區","121.290","24.885","1516"
"5184","363817","20220927162000","4312","2","新竹縣","寶山鄉","120.990","24.775","5111"
"3851","363818","20220927162000","3247","1","新竹縣","寶山鄉","120.995","24.775","3826"
"8420","363819","20220927162000","8020","1","新竹縣","寶山鄉","121.000","24.775","8115"
"8061","363821","20220927162000","6667","2","新竹市","東區","120.995","24.780","7945"
"1217","363824","20220927162000","754","3","新竹縣","竹北市","121.010","24.820","1123"
"1592","363825","20220927162000","1921","0","新竹縣","竹北市","121.015","24.820","1763"
"2495","363826","20220927162000","1715","2","新竹縣","竹北市","121.005","24.825","2341"
"2659","363827","20220927162000","2190","2","新竹縣","竹北市","121.010","24.825","2663"
"1530","363828","20220927162000","1457","1","新竹縣","竹北市","121.005","24.830","1591"
"439","363835","20220927162000","351","2","新竹縣","新埔鎮","121.050","24.835","460"
"418","363837","20220927162000","591","0","新竹縣","新埔鎮","121.045","24.840","490"
"785","363839","20220927162000","17","3","新竹縣","新埔鎮","121.055","24.840","577"
"17","363850","20220927162000","20","0","新竹縣","新埔鎮","121.035","24.840","10"
"1070","363852","20220927162000","1117","0","新竹縣","新埔鎮","121.025","24.845","1082"
"516","363854","20220927162000","29","3","新竹縣","新埔鎮","121.035","24.845","361"
"51","363855","20220927162000","181","0","新竹縣","新埔鎮","121.040","24.845","62"
"55","363860","20220927162000","23","3","新竹縣","新埔鎮","121.030","24.850","33"
"67","363864","20220927162000","64","1","桃園市","龍潭區","121.210","24.875","80"
"1050","363865","20220927162000","1086","0","桃園市","龍潭區","121.205","24.880","1090"
"199","363866","20220927162000","183","1","新竹縣","竹北市","120.980","24.840","195"
"400","363870","20220927162000","412","0","新竹縣","竹北市","120.975","24.850","440"
"252","363871","20220927162000","427","0","新竹縣","竹北市","120.980","24.850","365"
"189","363872","20220927162000","186","1","新竹縣","竹東鎮","121.055","24.775","83"
"197","363877","20220927162000","186","1","新竹縣","竹東鎮","121.055","24.785","212"
"71","363882","20220927162000","76","0","宜蘭縣","礁溪鄉","121.745","24.800","80"
"206","363884","20220927162000","185","1","宜蘭縣","礁溪鄉","121.755","24.800","201"
"1146","363890","20220927162000","715","3","宜蘭縣","礁溪鄉","121.740","24.780","1151"
"226","363899","20220927162000","235","0","宜蘭縣","礁溪鄉","121.740","24.790","298"
"46","363932","20220927162000","60","0","新竹市","香山區","120.915","24.775","33"
"428","363936","20220927162000","843","0","新竹市","香山區","120.950","24.775","431"
"258","363940","20220927162000","187","2","新竹市","香山區","120.950","24.780","307"
"417","363941","20220927162000","455","0","新竹市","香山區","120.935","24.795","364"
"328","363948","20220927162000","275","1","新竹市","香山區","120.925","24.800","324"
"2616","363957","20220927162000","1349","3","新竹縣","竹北市","120.995","24.835","2109"
"542","363960","20220927162000","1009","0","新竹縣","竹北市","121.000","24.825","601"
"384","363961","20220927162000","405","0","新竹縣","竹北市","120.990","24.830","338"
"626","363963","20220927162000","605","1","新竹縣","竹北市","121.000","24.830","1191"
"1780","363964","20220927162000","1524","1","新竹縣","竹北市","121.000","24.835","1671"
"526","363965","20220927162000","472","1","新竹縣","竹北市","121.005","24.835","523"
"502","363968","20220927162000","470","1","新竹縣","竹北市","120.970","24.835","559"
"2679","363976","20220927162000","2544","1","桃園市","龍潭區","121.215","24.860","2684"
"1015","363977","20220927162000","886","1","桃園市","龍潭區","121.210","24.865","1046"
"193","363980","20220927162000","135","2","新竹縣","新埔鎮","121.110","24.815","212"
"158","363983","20220927162000","30","3","新竹縣","新埔鎮","121.100","24.820","110"
"410","363985","20220927162000","530","0","新竹縣","新埔鎮","121.090","24.825","467"
"211","363989","20220927162000","300","0","新竹縣","關西鎮","121.110","24.825","210"
"1906","363994","20220927162000","1633","1","新竹市","北區","120.970","24.820","1952"
"1879","363995","20220927162000","2097","0","新竹市","北區","120.955","24.810","1829"
"2002","363996","20220927162000","1776","1","新竹市","北區","120.960","24.810","2075"
"815","363997","20220927162000","705","1","宜蘭縣","頭城鎮","121.825","24.860","804"
"15","364009","20220927162000","41","0","桃園市","大溪區","121.290","24.835","15"
"18","364010","20220927162000","36","0","桃園市","大溪區","121.295","24.835","32"
"15","364011","20220927162000","10","3","桃園市","大溪區","121.300","24.835","13"
"34","364012","20220927162000","23","2","桃園市","大溪區","121.305","24.835","14"
"50","364013","20220927162000","45","1","桃園市","大溪區","121.280","24.840","44"
"18","364014","20220927162000","38","0","桃園市","大溪區","121.285","24.840","19"
"717","364024","20220927162000","621","1","桃園市","大溪區","121.285","24.850","728"
"26","364032","20220927162000","277","0","桃園市","大溪區","121.295","24.855","17"
"24","364043","20220927162000","27","0","桃園市","大溪區","121.305","24.860","36"
"193","364050","20220927162000","221","0","桃園市","大溪區","121.295","24.865","202"
"86","364052","20220927162000","91","0","桃園市","大溪區","121.305","24.865","96"
"304","364061","20220927162000","195","3","桃園市","大溪區","121.300","24.870","240"
"139","364068","20220927162000","189","0","桃園市","大溪區","121.300","24.875","141"
"60","364070","20220927162000","43","2","桃園市","大溪區","121.310","24.875","62"
"248","364110","20220927162000","343","0","桃園市","大溪區","121.270","24.840","279"
"453","364119","20220927162000","480","0","新竹縣","新豐鄉","121.005","24.885","443"
"532","364123","20220927162000","397","2","新竹縣","新豐鄉","121.005","24.890","500"
"249","364126","20220927162000","247","1","新竹縣","湖口鄉","121.020","24.890","284"
"199","364127","20220927162000","46","3","新竹縣","新豐鄉","120.995","24.875","173"
"260","364129","20220927162000","218","1","新竹縣","新豐鄉","120.990","24.880","239"
"205","364130","20220927162000","251","0","新竹縣","新豐鄉","120.990","24.885","218"
"1509","364132","20220927162000","1511","0","新竹縣","新豐鄉","120.990","24.890","1476"
"352","364139","20220927162000","336","1","新竹縣","湖口鄉","121.025","24.890","322"
"477","364141","20220927162000","447","1","新竹縣","湖口鄉","121.035","24.890","467"
"1470","364143","20220927162000","1594","0","新竹縣","湖口鄉","121.020","24.860","1440"
"375","364146","20220927162000","495","0","新竹縣","湖口鄉","121.015","24.865","539"
"998","364147","20220927162000","609","3","新竹縣","湖口鄉","121.020","24.865","1077"
"1133","364148","20220927162000","1158","0","新竹縣","湖口鄉","121.025","24.865","1162"
"530","364149","20220927162000","850","0","新竹縣","湖口鄉","121.030","24.865","549"
"1046","364163","20220927162000","1032","1","新竹縣","湖口鄉","121.035","24.875","986"
"1392","364164","20220927162000","1905","0","新竹縣","湖口鄉","121.040","24.875","1442"
"282","364168","20220927162000","296","0","新竹縣","湖口鄉","121.035","24.880","272"
"280","364171","20220927162000","269","1","新竹縣","湖口鄉","121.050","24.880","315"
"54","364179","20220927162000","30","3","新竹縣","湖口鄉","121.065","24.875","31"
"26","364180","20220927162000","24","1","新竹縣","湖口鄉","121.070","24.875","68"
"279","364189","20220927162000","344","0","新竹縣","湖口鄉","121.075","24.880","264"
"156","364194","20220927162000","129","2","新竹縣","湖口鄉","121.070","24.885","163"
"316","364195","20220927162000","240","2","新竹縣","湖口鄉","121.075","24.885","298"
"861","364201","20220927162000","701","2","新竹縣","湖口鄉","121.055","24.880","807"
"246","364202","20220927162000","508","0","新竹縣","湖口鄉","121.060","24.880","267"
"392","364205","20220927162000","363","1","新竹縣","湖口鄉","121.050","24.885","344"
"56","364211","20220927162000","52","1","新竹縣","湖口鄉","121.105","24.880","64"
"423","364216","20220927162000","400","1","新竹縣","湖口鄉","121.090","24.885","378"
"32","364221","20220927162000","109","0","新竹縣","湖口鄉","121.095","24.885","375"
"176","364222","20220927162000","178","0","新竹縣","湖口鄉","121.100","24.885","188"
"267","364228","20220927162000","290","0","新竹縣","湖口鄉","121.110","24.890","323"
"358","364231","20220927162000","258","2","新竹縣","湖口鄉","121.085","24.885","354"
"353","364236","20220927162000","234","3","新竹縣","湖口鄉","121.080","24.890","338"
"425","364238","20220927162000","415","1","新竹縣","湖口鄉","121.090","24.890","383"
"3551","364239","20220927162000","3939","0","新竹縣","湖口鄉","121.015","24.870","3730"
"367","364240","20220927162000","552","0","新竹縣","湖口鄉","121.015","24.875","342"
"2669","364242","20220927162000","1933","2","新竹縣","湖口鄉","121.025","24.875","2630"
"1030","364243","20220927162000","980","1","新竹縣","湖口鄉","121.010","24.880","1068"
"2709","364244","20220927162000","2422","1","新竹市","北區","120.965","24.805","2712"
"29","364290","20220927162000","23","2","新北市","新店區","121.510","24.890","26"
"30","364291","20220927162000","25","2","新北市","新店區","121.515","24.890","20"
"261","364296","20220927162000","424","0","桃園市","大溪區","121.265","24.885","243"
"1247","364314","20220927162000","469","3","桃園市","大溪區","121.280","24.870","933"
"53","364340","20220927162000","63","0","桃園市","大溪區","121.285","24.820","72"
"24","364349","20220927162000","14","3","桃園市","大溪區","121.295","24.825","13"
"127","364352","20220927162000","138","0","桃園市","大溪區","121.310","24.825","113"
"30","364355","20220927162000","18","3","桃園市","大溪區","121.300","24.830","19"
"70","364359","20220927162000","80","0","桃園市","大溪區","121.305","24.830","86"
"549","364405","20220927162000","535","1","桃園市","大溪區","121.300","24.890","562"
"471","364409","20220927162000","451","1","新竹縣","湖口鄉","121.045","24.890","628"
"95","364419","20220927162000","81","1","新竹縣","湖口鄉","121.040","24.860","77"
"673","364424","20220927162000","614","1","新竹縣","湖口鄉","121.035","24.865","777"
"641","364429","20220927162000","506","2","新竹縣","湖口鄉","121.020","24.870","613"
"890","364430","20220927162000","1696","0","新竹縣","湖口鄉","121.025","24.870","933"
"813","364431","20220927162000","768","1","新竹縣","湖口鄉","121.030","24.870","749"
"1323","364432","20220927162000","1406","0","新竹縣","湖口鄉","121.035","24.870","1395"
"3663","364436","20220927162000","2010","3","新竹縣","湖口鄉","121.030","24.875","2875"
"38","364448","20220927162000","28","2","新竹縣","新埔鎮","121.095","24.805","31"
"454","364453","20220927162000","412","1","新竹縣","新埔鎮","121.090","24.810","477"
"84","364455","20220927162000","33","3","新竹縣","新埔鎮","121.100","24.810","54"
"127","364470","20220927162000","89","2","新竹縣","新埔鎮","121.095","24.855","116"
"308","364480","20220927162000","413","0","新竹縣","新埔鎮","121.060","24.835","328"
"211","364482","20220927162000","143","2","新竹縣","新埔鎮","121.060","24.840","215"
"1663","364497","20220927162000","1910","0","新竹縣","新埔鎮","121.085","24.830","1709"
"156","364505","20220927162000","44","3","新竹縣","芎林鄉","121.085","24.790","103"
"77","364507","20220927162000","71","1","新竹縣","新埔鎮","121.085","24.795","70"
"137","364516","20220927162000","38","3","新竹縣","新埔鎮","121.080","24.810","100"
"159","364518","20220927162000","135","1","新竹縣","新埔鎮","121.080","24.815","155"
"456","364538","20220927162000","505","0","新竹縣","新埔鎮","121.120","24.840","468"
"487","364549","20220927162000","505","0","新竹縣","新埔鎮","121.060","24.820","518"
"552","364554","20220927162000","73","3","新竹縣","新埔鎮","121.055","24.825","299"
"44","364555","20220927162000","191","0","新竹縣","新埔鎮","121.060","24.825","43"
"641","364558","20220927162000","824","0","新竹縣","新埔鎮","121.040","24.830","645"
"2139","364561","20220927162000","2117","1","新竹縣","新埔鎮","121.030","24.835","2294"
"21","364571","20220927162000","39","0","新竹縣","新埔鎮","121.145","24.855","21"
"1170","364579","20220927162000","1030","1","新竹縣","新埔鎮","121.080","24.830","918"
"391","364581","20220927162000","367","1","宜蘭縣","宜蘭市","121.760","24.770","373"
"407","364583","20220927162000","299","2","宜蘭縣","宜蘭市","121.770","24.770","412"
"112","364585","20220927162000","142","0","宜蘭縣","宜蘭市","121.765","24.770","109"
"207","364586","20220927162000","197","1","宜蘭縣","宜蘭市","121.760","24.775","209"
"317","364587","20220927162000","296","1","宜蘭縣","宜蘭市","121.760","24.780","299"
"128","364588","20220927162000","128","1","桃園市","平鎮區","121.185","24.890","114"
"383","364590","20220927162000","343","1","桃園市","大溪區","121.285","24.865","423"
"505","364594","20220927162000","462","1","桃園市","大溪區","121.285","24.875","511"
"985","364597","20220927162000","916","1","桃園市","大溪區","121.285","24.880","947"
"634","364599","20220927162000","864","0","桃園市","大溪區","121.295","24.880","650"
"1011","364601","20220927162000","886","1","桃園市","大溪區","121.270","24.880","1146"
"173","364607","20220927162000","270","0","桃園市","楊梅區","121.180","24.890","206"
"250","364609","20220927162000","244","1","桃園市","龍潭區","121.235","24.875","254"
"568","364612","20220927162000","486","1","桃園市","龍潭區","121.220","24.870","556"
"649","364613","20220927162000","458","2","桃園市","龍潭區","121.225","24.870","640"
"481","364614","20220927162000","321","2","桃園市","龍潭區","121.205","24.885","479"
"596","364615","20220927162000","183","3","桃園市","龍潭區","121.205","24.890","452"
"1535","364616","20220927162000","1833","0","桃園市","龍潭區","121.210","24.885","1634"
"186","364618","20220927162000","188","0","新竹縣","竹北市","120.990","24.835","196"
"467","364620","20220927162000","401","1","新竹縣","竹北市","120.990","24.840","462"
"332","364623","20220927162000","350","0","新竹縣","竹北市","120.990","24.845","352"
"593","364629","20220927162000","1396","0","新竹縣","竹北市","121.045","24.795","556"
"1185","364631","20220927162000","803","2","新竹縣","竹北市","121.040","24.800","1300"
"782","364632","20220927162000","351","3","新竹縣","竹北市","121.045","24.800","653"
"457","364633","20220927162000","598","0","新竹縣","竹北市","121.050","24.800","490"
"3195","364634","20220927162000","2908","1","新竹縣","竹北市","121.040","24.805","3176"
"910","364635","20220927162000","668","2","新竹縣","竹北市","121.045","24.805","989"
"2100","364637","20220927162000","2097","1","新竹縣","竹北市","121.020","24.810","2168"
"1428","364639","20220927162000","1096","2","新竹縣","竹北市","121.020","24.815","1437"
"1522","364640","20220927162000","2488","0","新竹縣","竹北市","121.025","24.815","1664"
"1260","364641","20220927162000","444","3","新竹縣","竹北市","121.020","24.820","901"
"1503","364642","20220927162000","2773","0","新竹縣","竹北市","121.025","24.820","1552"
"746","364648","20220927162000","562","2","新竹市","北區","120.925","24.840","738"
"596","364657","20220927162000","666","0","桃園市","龍潭區","121.210","24.890","620"
"67","364662","20220927162000","45","2","桃園市","復興區","121.325","24.775","63"
"26","364692","20220927162000","19","2","桃園市","復興區","121.335","24.790","22"
"113","364720","20220927162000","125","0","桃園市","復興區","121.345","24.805","104"
"265","364731","20220927162000","219","2","桃園市","復興區","121.350","24.815","330"
"112","364735","20220927162000","139","0","桃園市","復興區","121.350","24.820","102"
"205","364741","20220927162000","93","3","桃園市","復興區","121.370","24.825","150"
"112","364767","20220927162000","178","0","桃園市","復興區","121.375","24.800","115"
"30","364824","20220927162000","40","0","桃園市","復興區","121.375","24.785","30"
"27","364825","20220927162000","23","1","桃園市","復興區","121.380","24.785","32"
"43","364828","20220927162000","24","3","桃園市","復興區","121.395","24.785","38"
"114","364934","20220927162000","136","0","桃園市","復興區","121.305","24.800","130"
"60","364969","20220927162000","35","3","桃園市","復興區","121.400","24.805","38"
"53","364990","20220927162000","13","3","桃園市","復興區","121.375","24.815","21"
"39","365017","20220927162000","36","1","桃園市","復興區","121.390","24.825","49"
"174","365042","20220927162000","94","3","桃園市","復興區","121.385","24.835","167"
"176","365054","20220927162000","274","0","桃園市","楊梅區","121.155","24.880","217"
"113","365058","20220927162000","114","0","桃園市","楊梅區","121.155","24.885","110"
"375","365063","20220927162000","314","1","桃園市","楊梅區","121.150","24.885","379"
"157","365065","20220927162000","166","0","桃園市","楊梅區","121.160","24.885","160"
"52","365067","20220927162000","149","0","桃園市","楊梅區","121.150","24.890","51"
"496","365068","20220927162000","596","0","桃園市","楊梅區","121.155","24.890","481"
"793","365070","20220927162000","464","3","桃園市","楊梅區","121.170","24.885","825"
"1884","365073","20220927162000","2372","0","新竹市","北區","120.955","24.795","1901"
"319","365074","20220927162000","331","0","新竹市","香山區","120.955","24.780","331"
"1534","365075","20220927162000","1425","1","新竹市","香山區","120.945","24.790","1565"
"428","365076","20220927162000","307","2","新竹市","香山區","120.950","24.790","460"
"663","365079","20220927162000","792","0","新竹市","香山區","120.925","24.790","661"
"1251","365080","20220927162000","1295","0","新竹市","香山區","120.925","24.795","1268"
"1076","365083","20220927162000","825","2","新竹市","香山區","120.940","24.775","1056"
"995","365086","20220927162000","804","2","新竹市","香山區","120.940","24.780","1035"
"216","365089","20220927162000","267","0","新竹市","香山區","120.935","24.785","248"
"1835","365090","20220927162000","1580","1","新竹縣","竹北市","121.015","24.840","1774"
"4419","365091","20220927162000","4163","1","新竹縣","竹北市","121.010","24.840","4415"
"698","365092","20220927162000","609","1","桃園市","龍潭區","121.210","24.880","722"
"368","365093","20220927162000","354","1","桃園市","龍潭區","121.215","24.880","391"
"564","365094","20220927162000","473","1","桃園市","龍潭區","121.215","24.885","611"
"479","365099","20220927162000","571","0","桃園市","龍潭區","121.200","24.875","501"
"389","365102","20220927162000","478","0","桃園市","龍潭區","121.195","24.885","421"
"404","365105","20220927162000","343","1","桃園市","龍潭區","121.200","24.885","399"
"729","365121","20220927162000","634","1","桃園市","龍潭區","121.180","24.835","795"
"369","365122","20220927162000","456","0","桃園市","龍潭區","121.185","24.835","398"
"968","365124","20220927162000","1018","0","桃園市","龍潭區","121.195","24.835","945"
"549","365133","20220927162000","808","0","桃園市","龍潭區","121.200","24.850","579"
"555","365138","20220927162000","558","0","桃園市","龍潭區","121.210","24.810","590"
"271","365145","20220927162000","304","0","桃園市","龍潭區","121.205","24.820","240"
"212","365150","20220927162000","237","0","桃園市","龍潭區","121.205","24.825","207"
"221","365153","20220927162000","231","0","桃園市","龍潭區","121.220","24.825","214"
"1629","365158","20220927162000","1099","2","桃園市","龍潭區","121.205","24.835","1693"
"23","365159","20220927162000","24","0","桃園市","龍潭區","121.210","24.835","22"
"792","365161","20220927162000","808","0","桃園市","龍潭區","121.205","24.840","825"
"210","365169","20220927162000","268","0","桃園市","龍潭區","121.230","24.885","225"
"838","365173","20220927162000","850","0","新竹市","北區","120.965","24.815","818"
"741","365174","20220927162000","599","2","新竹市","北區","120.960","24.820","742"
"1048","365175","20220927162000","1001","1","新竹市","北區","120.960","24.800","1068"
"1957","365176","20220927162000","1906","1","新竹市","東區","120.980","24.795","2154"
"1217","365177","20220927162000","1617","0","新竹市","東區","120.985","24.795","1263"
"115","365178","20220927162000","321","0","新竹市","東區","120.985","24.790","99"
"1518","365183","20220927162000","874","3","新竹市","北區","120.975","24.820","1482"
"847","365184","20220927162000","703","2","新竹市","北區","120.975","24.825","838"
"543","365185","20220927162000","619","0","新竹市","北區","120.980","24.825","590"
"1494","365210","20220927162000","1495","0","新竹市","東區","121.000","24.800","1576"
"1955","365211","20220927162000","2263","0","新竹市","東區","121.000","24.795","1911"
"536","365212","20220927162000","412","2","新竹市","東區","121.025","24.780","610"
"596","365213","20220927162000","670","0","桃園市","龍潭區","121.245","24.880","569"
"567","365219","20220927162000","726","0","桃園市","平鎮區","121.240","24.890","574"
"955","365221","20220927162000","1024","0","新竹市","北區","120.930","24.835","986"
"607","365222","20220927162000","625","0","新竹市","北區","120.935","24.835","604"
"2246","365223","20220927162000","1616","2","新竹市","北區","120.970","24.825","2217"
"2931","365224","20220927162000","3179","0","新竹市","東區","120.975","24.815","3004"
"2829","365225","20220927162000","3200","0","新竹市","東區","120.980","24.815","3253"
"1124","365226","20220927162000","874","2","新竹市","北區","120.965","24.825","1104"
"442","365227","20220927162000","280","3","新竹市","北區","120.965","24.830","470"
"407","365229","20220927162000","433","0","桃園市","楊梅區","121.140","24.885","402"
"181","365231","20220927162000","183","0","桃園市","楊梅區","121.135","24.885","210"
"641","365234","20220927162000","877","0","桃園市","楊梅區","121.135","24.890","648"
"245","365235","20220927162000","296","0","桃園市","楊梅區","121.140","24.890","254"
"563","365236","20220927162000","816","0","桃園市","楊梅區","121.145","24.890","550"
"577","365237","20220927162000","548","1","新竹市","北區","120.950","24.805","628"
"909","365238","20220927162000","707","2","新竹市","北區","120.940","24.840","842"
"665","365240","20220927162000","820","0","新竹市","北區","120.930","24.840","684"
"557","365241","20220927162000","485","1","新竹市","北區","120.935","24.840","593"
"341","365243","20220927162000","283","2","新竹市","北區","120.925","24.845","364"
"597","365244","20220927162000","589","1","新竹市","北區","120.930","24.845","633"
"1670","365253","20220927162000","1772","0","新竹市","東區","120.965","24.800","1669"
"5202","365254","20220927162000","3961","2","新竹市","東區","121.005","24.795","4868"
"2572","365255","20220927162000","2047","2","新竹市","東區","121.010","24.795","2590"
"771","365258","20220927162000","739","1","新竹市","東區","121.015","24.795","917"
"864","365259","20220927162000","532","3","新竹市","東區","120.970","24.790","779"
"671","365261","20220927162000","840","0","新竹市","北區","120.955","24.815","692"
"3931","365262","20220927162000","3994","0","新竹市","北區","120.960","24.815","3854"
"659","365264","20220927162000","645","1","新竹市","北區","120.955","24.825","673"
"4134","365265","20220927162000","4193","0","新竹市","東區","121.010","24.790","4333"
"371","365266","20220927162000","814","0","新竹市","東區","120.970","24.795","356"
"1290","365267","20220927162000","1602","0","新竹市","東區","120.980","24.790","1466"
"3087","365268","20220927162000","3137","0","新竹市","東區","120.970","24.805","3201"
"552","365269","20220927162000","743","0","新竹市","北區","120.945","24.805","554"
"614","365270","20220927162000","698","0","新竹市","香山區","120.950","24.800","597"
"1334","365271","20220927162000","1211","1","新竹市","北區","120.955","24.800","1361"
"68","365292","20220927162000","131","0","桃園市","復興區","121.340","24.820","70"
"18","365296","20220927162000","36","0","桃園市","復興區","121.340","24.825","12"
"218","365304","20220927162000","196","1","桃園市","大溪區","121.330","24.835","198"
"86","365315","20220927162000","131","0","桃園市","復興區","121.350","24.835","111"
"1481","365322","20220927162000","1384","1","新竹市","東區","120.970","24.815","1548"
"3424","365323","20220927162000","3169","1","新竹市","北區","120.965","24.810","3411"
"3933","365324","20220927162000","4106","0","新竹市","東區","120.990","24.800","4044"
"929","365325","20220927162000","937","0","新竹市","東區","120.990","24.805","845"
"153","365326","20220927162000","174","0","新竹市","東區","120.995","24.805","124"
"1558","365327","20220927162000","3028","0","新竹市","東區","120.995","24.785","1465"
"1244","365328","20220927162000","1186","1","新竹市","東區","121.000","24.780","1197"
"1629","365330","20220927162000","1070","3","新竹市","東區","120.990","24.785","1598"
"1954","365331","20220927162000","2454","0","新竹市","東區","121.000","24.790","2017"
"950","365332","20220927162000","901","1","新竹市","東區","121.000","24.785","1066"
"1094","365334","20220927162000","1083","1","新竹市","東區","120.990","24.795","1247"
"2580","365335","20220927162000","2141","2","新竹市","東區","120.990","24.790","2392"
"1656","365336","20220927162000","1671","0","新竹市","東區","120.995","24.795","1685"
"1642","365337","20220927162000","1442","1","新竹市","東區","120.995","24.790","1583"
"487","365338","20220927162000","522","0","新竹市","北區","120.960","24.790","486"
"984","365339","20220927162000","829","1","新竹市","東區","120.980","24.800","1042"
"402","365340","20220927162000","332","2","新竹市","東區","120.990","24.810","420"
"1270","365341","20220927162000","1689","0","新竹市","東區","120.985","24.815","1287"
"975","365346","20220927162000","1259","0","新竹市","東區","120.995","24.820","924"
"227","365347","20220927162000","145","3","新竹市","東區","121.005","24.800","194"
"28","365352","20220927162000","499","0","新竹市","東區","121.015","24.805","22"
"280","365356","20220927162000","414","0","桃園市","楊梅區","121.130","24.885","267"
"81","365363","20220927162000","102","0","桃園市","楊梅區","121.125","24.890","72"
"208","365364","20220927162000","260","0","桃園市","楊梅區","121.130","24.890","206"
"83","367498","20220927162000","103","0","宜蘭縣","頭城鎮","121.880","24.910","75"
"33","369694","20220927162000","56","0","宜蘭縣","頭城鎮","121.895","24.940","33"
"37","369695","20220927162000","298","0","宜蘭縣","頭城鎮","121.900","24.940","31"
"353","373866","20220927162000","381","0","新北市","板橋區","121.435","24.985","362"
"2307","373867","20220927162000","3267","0","新北市","中和區","121.515","24.990","2136"
"43","373876","20220927162000","51","0","宜蘭縣","頭城鎮","121.850","24.895","69"
"235","373895","20220927162000","245","0","宜蘭縣","頭城鎮","121.890","24.940","243"
"96","373934","20220927162000","103","0","宜蘭縣","頭城鎮","121.900","24.945","66"
"35","373935","20220927162000","17","3","宜蘭縣","頭城鎮","121.900","24.950","20"
"51","373940","20220927162000","41","2","宜蘭縣","頭城鎮","121.915","24.950","50"
"200","373951","20220927162000","214","0","宜蘭縣","頭城鎮","121.920","24.960","189"
"210","373977","20220927162000","156","2","新北市","雙溪區","121.795","24.900","95"
"14","373986","20220927162000","17","0","宜蘭縣","頭城鎮","121.855","24.900","21"
"185","373991","20220927162000","207","0","宜蘭縣","頭城鎮","121.865","24.905","218"
"152","373993","20220927162000","104","2","宜蘭縣","頭城鎮","121.850","24.905","106"
"14","374026","20220927162000","15","0","宜蘭縣","頭城鎮","121.945","24.980","14"
"1385","374034","20220927162000","1792","0","新北市","中和區","121.525","24.990","1439"
"2173","374036","20220927162000","3802","0","新北市","土城區","121.465","24.985","2043"
"2426","374037","20220927162000","2240","1","新北市","土城區","121.470","24.990","2360"
"1100","374042","20220927162000","1050","1","新北市","土城區","121.470","24.975","1137"
"680","374045","20220927162000","1651","0","新北市","新店區","121.545","24.980","707"
"753","374046","20220927162000","511","2","新北市","中和區","121.480","24.965","607"
"44","374051","20220927162000","56","0","新北市","中和區","121.490","24.970","44"
"58","374054","20220927162000","45","2","新北市","中和區","121.495","24.975","47"
"247","374055","20220927162000","263","0","新北市","中和區","121.495","24.980","231"
"979","374056","20220927162000","1039","0","新北市","中和區","121.505","24.985","911"
"708","374067","20220927162000","687","1","新北市","三峽區","121.380","24.925","782"
"1681","374070","20220927162000","1376","2","新北市","三峽區","121.370","24.930","1645"
"397","374083","20220927162000","322","2","新北市","三峽區","121.405","24.905","418"
"50","374086","20220927162000","36","2","新北市","三峽區","121.380","24.910","44"
"89","374097","20220927162000","68","2","新北市","三峽區","121.350","24.895","119"
"50","374103","20220927162000","57","0","新北市","三峽區","121.350","24.900","51"
"230","374104","20220927162000","209","1","新北市","三峽區","121.355","24.900","235"
"149","374106","20220927162000","147","1","新北市","三峽區","121.365","24.900","91"
"205","374107","20220927162000","168","2","新北市","三峽區","121.360","24.905","243"
"473","374108","20220927162000","459","1","新北市","三峽區","121.365","24.905","398"
"686","374109","20220927162000","733","0","新北市","三峽區","121.365","24.910","731"
"189","374111","20220927162000","176","1","新北市","三峽區","121.365","24.920","164"
"46","374139","20220927162000","33","2","新北市","三峽區","121.465","24.915","41"
"48","374147","20220927162000","31","3","新北市","三峽區","121.455","24.920","46"
"47","374151","20220927162000","24","3","新北市","三峽區","121.475","24.920","37"
"125","374167","20220927162000","93","2","新北市","三峽區","121.445","24.925","136"
"183","374179","20220927162000","137","2","新北市","三峽區","121.455","24.930","178"
"49","374183","20220927162000","68","0","新北市","三峽區","121.445","24.935","49"
"2408","374196","20220927162000","3167","0","新北市","新店區","121.550","24.970","2396"
"886","374198","20220927162000","1356","0","新北市","新店區","121.550","24.975","911"
"426","374199","20220927162000","484","0","新北市","土城區","121.455","24.990","424"
"1049","374200","20220927162000","899","1","新北市","土城區","121.440","24.980","1005"
"544","374201","20220927162000","285","3","新北市","土城區","121.445","24.980","370"
"3529","374203","20220927162000","3191","1","新北市","中和區","121.495","24.990","3520"
"1631","374204","20220927162000","1595","1","新北市","中和區","121.510","24.985","1644"
"7242","374205","20220927162000","7395","0","新北市","新店區","121.545","24.975","7094"
"1904","374206","20220927162000","1834","1","新北市","新店區","121.550","24.980","1882"
"1154","374207","20220927162000","1639","0","新北市","中和區","121.505","24.980","1157"
"43","374212","20220927162000","50","0","新北市","中和區","121.485","24.980","65"
"334","374215","20220927162000","233","2","新北市","中和區","121.485","24.990","363"
"126","374216","20220927162000","128","0","新北市","中和區","121.500","24.970","150"
"123","374217","20220927162000","111","1","新北市","中和區","121.500","24.975","135"
"534","374219","20220927162000","434","2","新北市","新店區","121.510","24.975","542"
"107","374220","20220927162000","83","2","新北市","中和區","121.500","24.980","103"
"3052","374221","20220927162000","2898","1","新北市","樹林區","121.375","24.945","3121"
"1010","374222","20220927162000","1093","0","新北市","三峽區","121.370","24.925","1065"
"822","374223","20220927162000","1257","0","新北市","三峽區","121.365","24.930","742"
"148","374240","20220927162000","100","2","新北市","三峽區","121.345","24.915","135"
"58","374252","20220927162000","188","0","新北市","三峽區","121.360","24.925","28"
"207","374255","20220927162000","170","2","新北市","三峽區","121.420","24.925","201"
"354","374266","20220927162000","199","3","新北市","中和區","121.500","24.985","376"
"261","374267","20220927162000","836","0","新北市","中和區","121.500","24.990","217"
"4084","374268","20220927162000","3882","1","新北市","中和區","121.510","24.990","4057"
"2134","374272","20220927162000","2153","0","新北市","三峽區","121.370","24.935","2194"
"462","374277","20220927162000","428","1","新北市","三峽區","121.370","24.900","487"
"209","374283","20220927162000","170","2","新北市","三峽區","121.395","24.935","176"
"537","374286","20220927162000","482","1","新北市","三峽區","121.400","24.940","487"
"156","374288","20220927162000","324","0","新北市","三峽區","121.405","24.945","188"
"362","374295","20220927162000","304","1","新北市","三峽區","121.390","24.930","371"
"460","374297","20220927162000","341","2","新北市","三峽區","121.400","24.930","425"
"377","374300","20220927162000","280","2","新北市","三峽區","121.415","24.925","394"
"470","374302","20220927162000","425","1","新北市","三峽區","121.410","24.930","547"
"32","374321","20220927162000","24","2","新北市","三峽區","121.420","24.900","25"
"125","374335","20220927162000","70","3","新北市","三峽區","121.435","24.905","110"
"84","374343","20220927162000","101","0","新北市","三峽區","121.420","24.910","95"
"182","374363","20220927162000","89","3","新北市","三峽區","121.425","24.920","177"
"10","374364","20220927162000","48","0","新北市","三峽區","121.430","24.920","10"
"164","374371","20220927162000","141","1","新北市","三峽區","121.425","24.925","170"
"378","374390","20220927162000","489","0","新北市","三峽區","121.360","24.935","338"
"2598","374391","20220927162000","2109","2","新北市","三峽區","121.365","24.935","2601"
"714","374393","20220927162000","935","0","新北市","三峽區","121.375","24.935","845"
"417","374394","20220927162000","264","3","新北市","三峽區","121.380","24.935","400"
"1606","374396","20220927162000","1579","1","新北市","三峽區","121.380","24.940","1540"
"55","374399","20220927162000","35","3","新北市","三峽區","121.395","24.945","55"
"2436","374402","20220927162000","2070","1","新北市","三峽區","121.370","24.940","2528"
"1370","374403","20220927162000","1705","0","新北市","三峽區","121.375","24.940","1112"
"216","374405","20220927162000","218","0","新北市","三峽區","121.370","24.945","230"
"422","374408","20220927162000","255","3","新北市","三峽區","121.365","24.925","431"
"112","374410","20220927162000","34","3","新北市","三峽區","121.370","24.920","77"
"651","374412","20220927162000","561","1","新北市","三峽區","121.375","24.925","582"
"52","374414","20220927162000","30","3","新北市","三峽區","121.340","24.900","37"
"233","374418","20220927162000","288","0","新北市","三峽區","121.355","24.910","253"
"1295","374420","20220927162000","1311","0","新北市","三峽區","121.375","24.930","1316"
"394","374421","20220927162000","599","0","新北市","三峽區","121.385","24.930","448"
"1682","374422","20220927162000","2544","0","新北市","中和區","121.505","24.990","1746"
"530","374423","20220927162000","1701","0","新北市","土城區","121.455","24.985","440"
"1079","374424","20220927162000","937","1","新北市","土城區","121.470","24.985","1070"
"384","374427","20220927162000","41","3","宜蘭縣","頭城鎮","121.870","24.910","372"
"28","374433","20220927162000","43","0","宜蘭縣","頭城鎮","121.880","24.920","23"
"35","374451","20220927162000","47","0","宜蘭縣","頭城鎮","121.885","24.935","47"
"1806","374458","20220927162000","2449","0","新北市","中和區","121.520","24.990","1699"
"2157","374459","20220927162000","2387","0","新北市","樹林區","121.415","24.980","2195"
"1498","374462","20220927162000","1786","0","新北市","樹林區","121.385","24.955","1482"
"73","374466","20220927162000","59","2","新北市","樹林區","121.380","24.970","66"
"83","374467","20220927162000","124","0","新北市","樹林區","121.385","24.970","85"
"10","374472","20220927162000","129","0","新北市","樹林區","121.390","24.975","10"
"139","374493","20220927162000","552","0","新北市","新店區","121.535","24.990","114"
"344","374494","20220927162000","147","3","新北市","新店區","121.530","24.955","311"
"197","374495","20220927162000","78","3","新北市","新店區","121.535","24.955","170"
"1025","374496","20220927162000","959","1","新北市","新店區","121.535","24.960","1070"
"292","374498","20220927162000","294","0","新北市","新店區","121.520","24.970","210"
"1242","374500","20220927162000","2116","0","新北市","新店區","121.515","24.975","1409"
"1323","374512","20220927162000","1457","0","新北市","樹林區","121.420","24.990","1281"
"2713","374513","20220927162000","1968","2","新北市","中和區","121.510","24.980","2614"
"781","374514","20220927162000","654","1","新北市","土城區","121.460","24.975","829"
"305","374515","20220927162000","286","1","新北市","新店區","121.520","24.980","318"
"585","374516","20220927162000","912","0","新北市","新店區","121.520","24.985","602"
"150","374517","20220927162000","143","1","桃園市","大溪區","121.310","24.895","164"
"58","374520","20220927162000","86","0","桃園市","大溪區","121.330","24.895","56"
"22","374524","20220927162000","18","2","桃園市","大溪區","121.320","24.905","17"
"27","374544","20220927162000","45","0","桃園市","大溪區","121.305","24.925","20"
"599","374548","20220927162000","645","0","桃園市","中壢區","121.240","24.940","603"
"382","374549","20220927162000","121","3","桃園市","中壢區","121.245","24.940","248"
"150","374550","20220927162000","103","2","桃園市","中壢區","121.235","24.945","150"
"756","374551","20220927162000","692","1","桃園市","中壢區","121.240","24.945","776"
"1193","374552","20220927162000","1152","1","桃園市","中壢區","121.240","24.980","1102"
"431","374554","20220927162000","340","2","桃園市","中壢區","121.240","24.930","431"
"275","374555","20220927162000","294","0","桃園市","中壢區","121.245","24.930","193"
"481","374556","20220927162000","726","0","桃園市","中壢區","121.235","24.930","495"
"1761","374558","20220927162000","1497","1","桃園市","中壢區","121.250","24.930","1744"
"218","374560","20220927162000","211","1","桃園市","平鎮區","121.205","24.930","226"
"1098","374561","20220927162000","980","1","桃園市","平鎮區","121.200","24.935","1086"
"122","374562","20220927162000","144","0","桃園市","平鎮區","121.205","24.935","114"
"729","374563","20220927162000","796","0","桃園市","平鎮區","121.205","24.940","789"
"1537","374564","20220927162000","2128","0","桃園市","平鎮區","121.210","24.955","1565"
"1773","374565","20220927162000","1743","1","桃園市","平鎮區","121.205","24.955","1739"
"542","374566","20220927162000","747","0","桃園市","平鎮區","121.240","24.910","573"
"213","374575","20220927162000","72","3","桃園市","平鎮區","121.195","24.945","155"
"1713","374577","20220927162000","2185","0","桃園市","平鎮區","121.200","24.950","1640"
"1127","374578","20220927162000","1448","0","桃園市","平鎮區","121.200","24.955","1191"
"1276","374579","20220927162000","1129","1","桃園市","平鎮區","121.215","24.950","1253"
"811","374580","20220927162000","367","3","新北市","樹林區","121.365","24.950","538"
"384","374582","20220927162000","387","0","新北市","樹林區","121.375","24.950","360"
"552","374587","20220927162000","570","0","新竹縣","新豐鄉","120.980","24.910","535"
"251","374593","20220927162000","95","3","新竹縣","新豐鄉","120.985","24.915","185"
"449","374594","20220927162000","437","1","新竹縣","新豐鄉","120.970","24.920","424"
"1623","374598","20220927162000","1706","0","桃園市","中壢區","121.245","24.970","1607"
"1994","374599","20220927162000","1808","1","桃園市","中壢區","121.240","24.975","2008"
"1008","374600","20220927162000","932","1","桃園市","中壢區","121.250","24.980","1037"
"1707","374601","20220927162000","1396","2","桃園市","中壢區","121.250","24.975","1631"
"1744","374602","20220927162000","1767","0","桃園市","中壢區","121.260","24.975","1486"
"557","374603","20220927162000","827","0","桃園市","中壢區","121.210","24.960","500"
"1077","374604","20220927162000","943","1","新北市","中和區","121.490","24.990","1105"
"347","374605","20220927162000","497","0","新北市","土城區","121.445","24.990","352"
"189","374606","20220927162000","133","2","新北市","新店區","121.545","24.960","209"
"2582","374607","20220927162000","2454","1","新北市","新店區","121.535","24.965","2444"
"1969","374608","20220927162000","1779","1","新北市","新店區","121.535","24.970","1987"
"1647","374609","20220927162000","1154","2","新北市","鶯歌區","121.350","24.955","1688"
"1435","374610","20220927162000","1164","2","新北市","鶯歌區","121.345","24.950","1471"
"242","374612","20220927162000","183","2","桃園市","龜山區","121.335","24.980","259"
"1728","374613","20220927162000","1481","1","新北市","鶯歌區","121.335","24.975","1752"
"837","374614","20220927162000","870","0","新北市","鶯歌區","121.340","24.940","798"
"105","374617","20220927162000","305","0","新北市","鶯歌區","121.335","24.945","66"
"491","374618","20220927162000","454","1","新北市","鶯歌區","121.340","24.945","520"
"237","374620","20220927162000","327","0","新北市","鶯歌區","121.330","24.950","260"
"2424","374622","20220927162000","2452","0","新北市","鶯歌區","121.345","24.955","2449"
"81","374623","20220927162000","73","1","新北市","鶯歌區","121.365","24.955","92"
"466","374626","20220927162000","217","3","新北市","鶯歌區","121.370","24.960","446"
"158","374630","20220927162000","107","2","新北市","鶯歌區","121.375","24.965","194"
"187","374631","20220927162000","124","3","新北市","樹林區","121.380","24.965","207"
"129","374641","20220927162000","129","1","新北市","鶯歌區","121.355","24.975","120"
"1942","374648","20220927162000","1479","2","桃園市","中壢區","121.250","24.935","1963"
"163","374649","20220927162000","33","3","新竹縣","新豐鄉","120.980","24.895","97"
"2105","374654","20220927162000","2338","0","桃園市","中壢區","121.225","24.965","2017"
"185","374656","20220927162000","223","0","桃園市","大溪區","121.250","24.895","220"
"390","374659","20220927162000","294","2","桃園市","大溪區","121.265","24.895","385"
"314","374662","20220927162000","508","0","桃園市","大溪區","121.265","24.900","285"
"1180","374664","20220927162000","1570","0","桃園市","大溪區","121.260","24.905","1151"
"8579","374674","20220927162000","8892","0","新北市","新店區","121.535","24.985","8778"
"926","374675","20220927162000","887","1","新北市","新店區","121.540","24.985","834"
"149","374676","20220927162000","757","0","新北市","新店區","121.505","24.945","107"
"949","374679","20220927162000","612","3","新北市","新店區","121.500","24.955","935"
"659","374680","20220927162000","809","0","新北市","新店區","121.505","24.955","696"
"129","374683","20220927162000","116","1","新北市","新店區","121.500","24.960","149"
"1871","374685","20220927162000","2466","0","新北市","新店區","121.510","24.960","1890"
"208","374692","20220927162000","429","0","新北市","中和區","121.490","24.980","224"
"693","374694","20220927162000","540","2","新北市","中和區","121.490","24.985","661"
"175","374695","20220927162000","179","0","新北市","中和區","121.495","24.985","161"
"21","374714","20220927162000","27","0","新北市","坪林區","121.735","24.950","41"
"132","374733","20220927162000","156","0","新北市","坪林區","121.700","24.960","143"
"141","374748","20220927162000","123","1","新北市","坪林區","121.725","24.960","119"
"28","374749","20220927162000","23","2","新北市","坪林區","121.705","24.965","38"
"147","374755","20220927162000","205","0","新北市","坪林區","121.705","24.935","181"
"87","374759","20220927162000","402","0","新北市","坪林區","121.710","24.940","96"
"550","374760","20220927162000","385","2","新北市","坪林區","121.720","24.940","538"
"94","374766","20220927162000","237","0","新北市","坪林區","121.700","24.950","284"
"15","374772","20220927162000","16","0","新北市","坪林區","121.710","24.890","25"
"43","374784","20220927162000","43","1","新北市","坪林區","121.700","24.905","32"
"46","374792","20220927162000","26","3","新北市","坪林區","121.700","24.915","45"
"31","374801","20220927162000","33","0","新北市","坪林區","121.700","24.920","36"
"135","374804","20220927162000","152","0","新北市","坪林區","121.695","24.925","147"
"356","374823","20220927162000","288","2","新北市","坪林區","121.715","24.925","276"
"36","374907","20220927162000","25","2","新北市","坪林區","121.785","24.955","25"
"33","374921","20220927162000","44","0","新北市","坪林區","121.730","24.965","37"
"17","374929","20220927162000","19","0","新北市","坪林區","121.770","24.965","19"
"26","374932","20220927162000","19","2","新北市","坪林區","121.785","24.965","10"
"10","374980","20220927162000","15","0","新北市","坪林區","121.730","24.895","21"
"14","375106","20220927162000","11","2","新北市","坪林區","121.675","24.910","14"
"12","375116","20220927162000","41","0","新北市","坪林區","121.680","24.915","13"
"121","375126","20220927162000","97","2","新北市","坪林區","121.680","24.930","91"
"121","375135","20220927162000","82","2","新北市","石碇區","121.665","24.940","124"
"1449","375152","20220927162000","1384","1","新北市","新店區","121.535","24.980","1443"
"277","375153","20220927162000","332","0","新北市","新店區","121.495","24.945","261"
"440","375154","20220927162000","379","1","新北市","新店區","121.495","24.950","439"
"1948","375155","20220927162000","3254","0","新北市","新店區","121.545","24.970","1858"
"409","375159","20220927162000","319","2","新北市","新店區","121.535","24.940","428"
"322","375160","20220927162000","195","3","新北市","新店區","121.540","24.940","370"
"1634","375167","20220927162000","1535","1","桃園市","八德區","121.295","24.960","1684"
"468","375168","20220927162000","366","2","桃園市","中壢區","121.205","24.965","466"
"59","375176","20220927162000","95","0","桃園市","中壢區","121.210","24.975","41"
"2154","375180","20220927162000","2878","0","桃園市","中壢區","121.255","24.975","2086"
"1072","375181","20220927162000","1024","1","桃園市","平鎮區","121.220","24.950","1106"
"1714","375182","20220927162000","1437","1","桃園市","中壢區","121.225","24.945","1659"
"2768","375183","20220927162000","2291","2","桃園市","中壢區","121.230","24.955","2794"
"508","375185","20220927162000","795","0","桃園市","中壢區","121.220","24.985","552"
"2139","375190","20220927162000","2088","1","桃園市","八德區","121.300","24.960","2150"
"1103","375191","20220927162000","912","2","新竹縣","湖口鄉","121.050","24.905","1125"
"465","375194","20220927162000","388","1","新竹縣","湖口鄉","121.055","24.910","469"
"363","375195","20220927162000","268","2","新竹縣","湖口鄉","121.050","24.915","313"
"1281","375199","20220927162000","1916","0","桃園市","楊梅區","121.060","24.920","1204"
"291","375200","20220927162000","254","1","新竹縣","湖口鄉","121.055","24.925","272"
"1343","375202","20220927162000","1586","0","桃園市","八德區","121.295","24.965","1338"
"2428","375203","20220927162000","2093","1","桃園市","中壢區","121.225","24.955","2511"
"1566","375204","20220927162000","1548","1","桃園市","中壢區","121.225","24.960","1586"
"893","375206","20220927162000","1167","0","桃園市","中壢區","121.260","24.965","904"
"844","375207","20220927162000","957","0","桃園市","八德區","121.300","24.970","926"
"2093","375208","20220927162000","1686","2","桃園市","桃園區","121.305","24.975","2294"
"1397","375209","20220927162000","1636","0","桃園市","八德區","121.300","24.975","1395"
"133","375211","20220927162000","37","3","桃園市","八德區","121.315","24.940","77"
"332","375215","20220927162000","273","2","桃園市","八德區","121.300","24.925","324"
"949","375216","20220927162000","625","3","新北市","土城區","121.450","24.990","866"
"1104","375217","20220927162000","1660","0","新北市","土城區","121.440","24.975","1245"
"1420","375218","20220927162000","1325","1","新北市","土城區","121.465","24.975","1445"
"1398","375220","20220927162000","1384","1","新北市","新店區","121.540","24.970","1422"
"190","375229","20220927162000","236","0","新北市","新店區","121.475","24.940","178"
"66","375230","20220927162000","359","0","新北市","新店區","121.480","24.940","59"
"154","375239","20220927162000","208","0","新北市","新店區","121.485","24.950","167"
"1030","375244","20220927162000","1068","0","新北市","新店區","121.510","24.970","996"
"841","375246","20220927162000","873","0","新北市","新店區","121.515","24.970","833"
"1152","375247","20220927162000","1835","0","桃園市","中壢區","121.210","24.965","1184"
"2294","375250","20220927162000","2908","0","桃園市","中壢區","121.235","24.970","2278"
"916","375252","20220927162000","799","1","桃園市","中壢區","121.235","24.975","834"
"586","375253","20220927162000","1689","0","桃園市","中壢區","121.235","24.980","689"
"222","375255","20220927162000","528","0","桃園市","中壢區","121.235","24.985","176"
"1719","375256","20220927162000","1511","1","桃園市","中壢區","121.230","24.990","1542"
"1482","375258","20220927162000","1215","2","桃園市","八德區","121.295","24.945","1541"
"372","375259","20220927162000","421","0","桃園市","八德區","121.295","24.950","354"
"1125","375260","20220927162000","906","2","桃園市","八德區","121.275","24.965","1193"
"679","375261","20220927162000","655","1","桃園市","八德區","121.280","24.970","693"
"1040","375264","20220927162000","1837","0","桃園市","中壢區","121.195","24.960","1122"
"132","375265","20220927162000","178","0","桃園市","中壢區","121.200","24.960","80"
"2839","375266","20220927162000","3401","0","桃園市","平鎮區","121.190","24.965","2630"
"975","375269","20220927162000","957","1","桃園市","平鎮區","121.190","24.970","1028"
"2714","375271","20220927162000","1625","3","桃園市","中壢區","121.205","24.960","2812"
"1363","375272","20220927162000","1157","1","桃園市","中壢區","121.260","24.950","1440"
"2007","375273","20220927162000","1226","3","桃園市","中壢區","121.260","24.955","1860"
"564","375274","20220927162000","394","2","桃園市","八德區","121.290","24.960","527"
"960","375275","20220927162000","1153","0","桃園市","八德區","121.265","24.970","988"
"635","375276","20220927162000","1240","0","桃園市","八德區","121.275","24.970","666"
"823","375278","20220927162000","766","1","桃園市","八德區","121.270","24.970","813"
"1103","375279","20220927162000","1114","0","桃園市","八德區","121.275","24.975","1170"
"1059","375281","20220927162000","1014","1","桃園市","八德區","121.295","24.925","1091"
"254","375296","20220927162000","240","1","新竹縣","新豐鄉","121.005","24.925","247"
"228","375299","20220927162000","230","0","新竹縣","新豐鄉","121.020","24.925","184"
"180","375303","20220927162000","151","1","新竹縣","新豐鄉","120.965","24.895","197"
"277","375308","20220927162000","289","0","新竹縣","新豐鄉","120.970","24.900","284"
"1784","375316","20220927162000","2373","0","新北市","土城區","121.420","24.960","1776"
"314","375317","20220927162000","438","0","新北市","土城區","121.410","24.955","300"
"914","375318","20220927162000","674","2","新北市","土城區","121.415","24.955","972"
"132","375319","20220927162000","122","1","新北市","新店區","121.515","24.980","134"
"141","375320","20220927162000","46","3","新北市","新店區","121.515","24.945","134"
"248","375321","20220927162000","314","0","新北市","新店區","121.520","24.945","250"
"52","375323","20220927162000","94","0","新北市","新店區","121.520","24.950","38"
"57","375324","20220927162000","22","3","新北市","新店區","121.525","24.950","63"
"302","375325","20220927162000","360","0","新北市","新店區","121.515","24.955","321"
"1245","375326","20220927162000","552","3","新北市","新店區","121.520","24.955","1271"
"319","375330","20220927162000","242","2","新北市","新店區","121.530","24.960","306"
"694","375332","20220927162000","632","1","新北市","新店區","121.525","24.965","682"
"35","375333","20220927162000","533","0","新北市","新店區","121.520","24.965","30"
"1531","375335","20220927162000","1906","0","新北市","新店區","121.540","24.975","1483"
"709","375346","20220927162000","1335","0","新北市","新店區","121.505","24.920","759"
"356","375357","20220927162000","336","1","新北市","新店區","121.510","24.925","364"
"55","375361","20220927162000","30","3","新北市","新店區","121.530","24.925","48"
"4644","375369","20220927162000","5025","0","新北市","新店區","121.540","24.980","4673"
"787","375370","20220927162000","747","1","新北市","新店區","121.530","24.950","824"
"951","375371","20220927162000","753","2","新北市","新店區","121.550","24.955","1009"
"89","375372","20220927162000","208","0","新北市","新店區","121.555","24.955","76"
"301","375374","20220927162000","349","0","新北市","新店區","121.555","24.965","290"
"26","375384","20220927162000","52","0","新北市","新店區","121.500","24.920","24"
"134","375390","20220927162000","85","3","新北市","新店區","121.505","24.930","118"
"16","375394","20220927162000","20","0","新北市","新店區","121.510","24.935","21"
"368","375399","20220927162000","352","1","新北市","新店區","121.505","24.940","368"
"1098","375400","20220927162000","1000","1","桃園市","八德區","121.320","24.960","1126"
"1275","375401","20220927162000","1154","1","桃園市","八德區","121.325","24.970","1288"
"629","375402","20220927162000","511","2","桃園市","八德區","121.300","24.930","626"
"618","375403","20220927162000","828","0","桃園市","八德區","121.305","24.930","665"
"108","375404","20220927162000","92","1","桃園市","八德區","121.300","24.935","107"
"806","375405","20220927162000","854","0","桃園市","八德區","121.305","24.935","708"
"103","375407","20220927162000","184","0","桃園市","八德區","121.300","24.940","108"
"495","375408","20220927162000","491","1","桃園市","八德區","121.305","24.940","562"
"684","375410","20220927162000","593","1","桃園市","八德區","121.255","24.920","709"
"17","375411","20220927162000","70","0","桃園市","八德區","121.260","24.920","12"
"330","375417","20220927162000","389","0","桃園市","八德區","121.260","24.925","340"
"1290","375419","20220927162000","979","2","桃園市","八德區","121.270","24.975","1138"
"4064","375420","20220927162000","4387","0","桃園市","中壢區","121.240","24.955","4411"
"1817","375421","20220927162000","2510","0","桃園市","中壢區","121.240","24.960","1731"
"855","375422","20220927162000","1059","0","桃園市","中壢區","121.245","24.960","868"
"140","375423","20220927162000","78","3","桃園市","中壢區","121.245","24.965","105"
"1386","375427","20220927162000","1104","2","桃園市","中壢區","121.255","24.960","1547"
"117","375435","20220927162000","141","0","新竹縣","新豐鄉","121.005","24.930","120"
"15","375443","20220927162000","10","3","新竹縣","新豐鄉","121.015","24.935","15"
"166","375452","20220927162000","130","2","新竹縣","新豐鄉","121.000","24.905","148"
"321","375460","20220927162000","272","1","新竹縣","新豐鄉","121.010","24.910","296"
"252","375465","20220927162000","303","0","新竹縣","新豐鄉","121.025","24.915","267"
"317","375468","20220927162000","203","3","新竹縣","新豐鄉","121.035","24.930","319"
"1073","375480","20220927162000","1124","0","新竹縣","新豐鄉","120.985","24.900","1112"
"695","375481","20220927162000","646","1","新竹縣","新豐鄉","120.990","24.900","981"
"279","375484","20220927162000","1238","0","桃園市","中壢區","121.235","24.950","281"
"2517","375485","20220927162000","2513","1","新北市","土城區","121.445","24.970","2680"
"777","375486","20220927162000","635","2","新北市","土城區","121.445","24.975","865"
"1894","375487","20220927162000","2142","0","新北市","新店區","121.530","24.970","2089"
"1182","375488","20220927162000","1121","1","新北市","新店區","121.525","24.975","1218"
"823","375489","20220927162000","616","2","新北市","新店區","121.530","24.975","878"
"177","375490","20220927162000","72","3","新北市","新店區","121.525","24.980","129"
"1658","375492","20220927162000","1379","2","新北市","土城區","121.435","24.970","1562"
"1970","375493","20220927162000","2730","0","新北市","新店區","121.545","24.965","2057"
"3936","375495","20220927162000","4946","0","新北市","新店區","121.535","24.975","3929"
"286","375515","20220927162000","286","1","新北市","新店區","121.555","24.930","320"
"74","375517","20220927162000","38","3","新北市","新店區","121.565","24.930","65"
"576","375521","20220927162000","396","2","新北市","新店區","121.550","24.935","526"
"550","375529","20220927162000","841","0","新北市","新店區","121.530","24.965","588"
"449","375530","20220927162000","962","0","新北市","新店區","121.475","24.955","442"
"508","375534","20220927162000","616","0","新北市","中和區","121.485","24.965","519"
"777","375536","20220927162000","625","2","桃園市","中壢區","121.245","24.935","804"
"1332","375537","20220927162000","1172","1","桃園市","中壢區","121.260","24.970","1287"
"572","375539","20220927162000","818","0","桃園市","中壢區","121.255","24.935","582"
"693","375540","20220927162000","574","2","桃園市","中壢區","121.260","24.935","644"
"773","375541","20220927162000","1128","0","桃園市","中壢區","121.250","24.940","730"
"523","375542","20220927162000","460","1","桃園市","中壢區","121.260","24.940","611"
"1270","375543","20220927162000","1166","1","桃園市","中壢區","121.240","24.950","1380"
"346","375544","20220927162000","323","1","桃園市","中壢區","121.245","24.950","325"
"902","375548","20220927162000","655","2","桃園市","觀音區","121.150","24.965","930"
"318","375551","20220927162000","291","1","桃園市","觀音區","121.140","24.975","326"
"126","375559","20220927162000","129","0","桃園市","觀音區","121.135","24.985","173"
"658","375569","20220927162000","829","0","桃園市","觀音區","121.165","24.990","809"
"389","375572","20220927162000","368","1","桃園市","八德區","121.320","24.945","421"
"727","375574","20220927162000","570","2","桃園市","八德區","121.315","24.950","673"
"672","375577","20220927162000","1209","0","桃園市","八德區","121.315","24.955","699"
"764","375578","20220927162000","810","0","桃園市","八德區","121.295","24.970","748"
"668","375581","20220927162000","406","3","桃園市","蘆竹區","121.270","24.990","470"
"178","375593","20220927162000","215","0","新北市","石碇區","121.675","24.970","344"
"40","375644","20220927162000","36","1","新北市","石碇區","121.635","24.950","34"
"56","375652","20220927162000","59","0","新北市","石碇區","121.635","24.955","39"
"35","375653","20220927162000","30","1","新北市","石碇區","121.640","24.955","38"
"108","375655","20220927162000","103","1","新北市","石碇區","121.650","24.955","106"
"125","375667","20220927162000","135","0","新北市","石碇區","121.630","24.965","137"
"30","375811","20220927162000","29","1","新北市","石碇區","121.645","24.930","27"
"13","375836","20220927162000","17","0","新北市","石碇區","121.660","24.950","11"
"66","375839","20220927162000","62","1","新北市","石碇區","121.670","24.980","57"
"64","375891","20220927162000","49","2","新北市","石碇區","121.660","24.975","66"
"81","375897","20220927162000","81","1","新北市","石碇區","121.665","24.980","101"
"38","375941","20220927162000","38","1","新北市","貢寮區","121.885","24.985","35"
"22","375959","20220927162000","91","0","新北市","土城區","121.445","24.960","15"
"914","375963","20220927162000","985","0","新北市","土城區","121.435","24.975","1004"
"889","375967","20220927162000","763","1","新北市","土城區","121.440","24.970","918"
"770","375969","20220927162000","669","1","新北市","土城區","121.455","24.970","818"
"150","375970","20220927162000","147","1","新北市","新店區","121.550","24.960","179"
"315","375971","20220927162000","344","0","新北市","新店區","121.550","24.965","322"
"79","375972","20220927162000","57","2","新北市","新店區","121.580","24.910","87"
"155","375990","20220927162000","107","2","新北市","新店區","121.570","24.930","120"
"69","375994","20220927162000","50","2","新北市","新店區","121.590","24.930","75"
"32","376005","20220927162000","22","2","新北市","新店區","121.570","24.940","25"
"126","376023","20220927162000","128","0","新北市","新店區","121.580","24.950","138"
"83","376024","20220927162000","52","3","新北市","新店區","121.585","24.950","100"
"20","376031","20220927162000","10","3","新北市","新店區","121.595","24.955","15"
"24","376033","20220927162000","20","2","新北市","新店區","121.605","24.955","26"
"229","376045","20220927162000","218","1","新北市","新店區","121.500","24.935","217"
"59","376049","20220927162000","32","3","新北市","新店區","121.500","24.940","46"
"1687","376051","20220927162000","1727","0","新北市","新店區","121.490","24.945","1665"
"293","376052","20220927162000","362","0","新北市","新店區","121.490","24.950","308"
"444","376060","20220927162000","439","1","新北市","新店區","121.545","24.955","503"
"635","376063","20220927162000","681","0","新北市","新店區","121.560","24.955","637"
"785","376064","20220927162000","707","1","新北市","新店區","121.565","24.955","805"
"70","376065","20220927162000","97","0","新北市","新店區","121.570","24.955","58"
"16","376068","20220927162000","59","0","新北市","新店區","121.560","24.960","17"
"21","376072","20220927162000","52","0","新北市","新店區","121.580","24.960","13"
"33","376099","20220927162000","297","0","新北市","新店區","121.555","24.905","29"
"351","376101","20220927162000","372","0","新北市","新店區","121.545","24.910","336"
"670","376106","20220927162000","528","2","桃園市","觀音區","121.155","24.975","690"
"290","376109","20220927162000","264","1","桃園市","觀音區","121.150","24.980","340"
"480","376115","20220927162000","302","3","桃園市","觀音區","121.135","24.990","336"
"1652","376118","20220927162000","2327","0","新北市","新店區","121.515","24.985","1636"
"355","376123","20220927162000","610","0","新北市","土城區","121.445","24.950","393"
"297","376130","20220927162000","172","3","新北市","土城區","121.440","24.965","311"
"697","376131","20220927162000","849","0","新北市","土城區","121.430","24.970","685"
"1694","376132","20220927162000","1667","1","新北市","土城區","121.435","24.965","1818"
"542","376133","20220927162000","495","1","新北市","板橋區","121.430","24.975","546"
"1982","376134","20220927162000","2242","0","臺北市","文山區","121.545","24.985","1680"
"902","376135","20220927162000","849","1","新北市","新店區","121.510","24.950","947"
"932","376136","20220927162000","855","1","新北市","新店區","121.515","24.960","980"
"222","376137","20220927162000","1411","0","新北市","新店區","121.515","24.965","137"
"1951","376141","20220927162000","2428","0","桃園市","八德區","121.320","24.965","1992"
"589","376145","20220927162000","432","2","新竹縣","湖口鄉","121.060","24.895","589"
"354","376148","20220927162000","1059","0","新北市","土城區","121.455","24.980","208"
"355","376149","20220927162000","1108","0","新北市","土城區","121.450","24.980","376"
"246","376150","20220927162000","773","0","新北市","新店區","121.540","24.955","211"
"231","376151","20220927162000","764","0","桃園市","中壢區","121.255","24.940","187"
"715","376153","20220927162000","801","0","桃園市","中壢區","121.250","24.965","741"
"1267","376154","20220927162000","1915","0","桃園市","中壢區","121.255","24.965","1297"
"3796","376155","20220927162000","6389","0","桃園市","中壢區","121.250","24.970","3818"
"208","376156","20220927162000","181","1","桃園市","八德區","121.320","24.955","172"
"318","376157","20220927162000","614","0","桃園市","八德區","121.325","24.955","254"
"592","376160","20220927162000","455","2","桃園市","八德區","121.325","24.965","631"
"1972","376161","20220927162000","2525","0","桃園市","桃園區","121.280","24.990","1933"
"116","376176","20220927162000","136","0","新北市","樹林區","121.405","24.990","125"
"26","376177","20220927162000","61","0","新北市","樹林區","121.410","24.990","29"
"660","376178","20220927162000","393","3","桃園市","平鎮區","121.205","24.895","672"
"579","376179","20220927162000","636","0","桃園市","平鎮區","121.195","24.895","534"
"1411","376180","20220927162000","1843","0","桃園市","平鎮區","121.200","24.895","1511"
"1179","376181","20220927162000","1115","1","桃園市","平鎮區","121.195","24.900","1254"
"275","376183","20220927162000","152","3","桃園市","平鎮區","121.205","24.900","269"
"890","376184","20220927162000","838","1","桃園市","平鎮區","121.195","24.905","838"
"587","376185","20220927162000","741","0","桃園市","平鎮區","121.200","24.905","584"
"137","376189","20220927162000","133","1","桃園市","平鎮區","121.215","24.900","135"
"282","376192","20220927162000","311","0","桃園市","平鎮區","121.215","24.905","297"
"1707","376194","20220927162000","1803","0","桃園市","桃園區","121.315","24.985","1776"
"767","376195","20220927162000","778","0","桃園市","中壢區","121.245","24.945","797"
"465","376196","20220927162000","378","2","桃園市","中壢區","121.250","24.945","499"
"388","376199","20220927162000","220","3","新北市","石碇區","121.660","24.990","337"
"156","376200","20220927162000","47","3","新北市","石碇區","121.685","24.960","119"
"66","376205","20220927162000","68","0","新北市","石碇區","121.680","24.970","62"
"329","376222","20220927162000","342","0","新北市","石碇區","121.690","24.980","351"
"11","376241","20220927162000","12","0","新北市","石碇區","121.715","24.990","14"
"162","376245","20220927162000","393","0","新北市","鶯歌區","121.340","24.960","175"
"298","376246","20220927162000","340","0","新北市","鶯歌區","121.340","24.965","297"
"103","376248","20220927162000","91","1","新北市","鶯歌區","121.340","24.970","138"
"503","376251","20220927162000","583","0","新北市","鶯歌區","121.345","24.975","524"
"301","376258","20220927162000","206","2","新北市","鶯歌區","121.320","24.935","333"
"850","376259","20220927162000","703","2","新北市","鶯歌區","121.325","24.935","788"
"481","376260","20220927162000","617","0","新北市","鶯歌區","121.330","24.935","477"
"651","376263","20220927162000","718","0","新北市","鶯歌區","121.330","24.940","615"
"353","376265","20220927162000","322","1","新北市","鶯歌區","121.335","24.930","323"
"622","376268","20220927162000","493","2","新北市","鶯歌區","121.345","24.935","578"
"1989","376269","20220927162000","1955","1","新北市","鶯歌區","121.355","24.955","2069"
"585","376270","20220927162000","668","0","新北市","鶯歌區","121.360","24.955","604"
"493","376273","20220927162000","496","0","新北市","鶯歌區","121.355","24.940","473"
"375","376274","20220927162000","392","0","新北市","鶯歌區","121.350","24.945","389"
"438","376277","20220927162000","440","0","新北市","鶯歌區","121.350","24.950","458"
"1174","376280","20220927162000","1126","1","新北市","樹林區","121.395","24.970","1206"
"855","376281","20220927162000","888","0","桃園市","楊梅區","121.185","24.915","849"
"838","376282","20220927162000","778","1","桃園市","楊梅區","121.180","24.920","878"
"409","376283","20220927162000","388","1","桃園市","楊梅區","121.185","24.920","407"
"528","376284","20220927162000","439","2","桃園市","中壢區","121.215","24.960","535"
"936","376285","20220927162000","2489","0","桃園市","中壢區","121.215","24.965","991"
"400","376287","20220927162000","91","3","桃園市","中壢區","121.175","24.975","290"
"318","376293","20220927162000","314","1","桃園市","中壢區","121.190","24.980","241"
"19","376295","20220927162000","27","0","桃園市","中壢區","121.175","24.980","22"
"1239","376297","20220927162000","1034","1","桃園市","中壢區","121.185","24.980","1276"
"183","376300","20220927162000","231","0","桃園市","中壢區","121.175","24.985","203"
"146","376301","20220927162000","123","1","桃園市","中壢區","121.180","24.985","167"
"1557","376307","20220927162000","778","3","桃園市","八德區","121.260","24.930","1165"
"1095","376308","20220927162000","1018","1","桃園市","平鎮區","121.220","24.945","989"
"1589","376309","20220927162000","2086","0","桃園市","楊梅區","121.150","24.905","1608"
"368","376311","20220927162000","426","0","桃園市","平鎮區","121.220","24.920","360"
"444","376312","20220927162000","468","0","桃園市","平鎮區","121.220","24.925","451"
"855","376313","20220927162000","572","2","桃園市","平鎮區","121.205","24.915","817"
"1362","376315","20220927162000","1337","1","新北市","樹林區","121.390","24.960","1449"
"88","376320","20220927162000","66","2","新北市","樹林區","121.395","24.965","80"
"20","376321","20220927162000","189","0","新北市","樹林區","121.400","24.965","13"
"483","376325","20220927162000","379","2","新北市","樹林區","121.405","24.970","459"
"2715","376326","20220927162000","2704","1","新北市","樹林區","121.380","24.945","2700"
"648","376327","20220927162000","543","1","新北市","樹林區","121.385","24.945","683"
"2574","376330","20220927162000","1656","3","新北市","樹林區","121.380","24.950","2038"
"421","376331","20220927162000","464","0","新北市","樹林區","121.385","24.950","441"
"2652","376333","20220927162000","2528","1","新北市","樹林區","121.395","24.950","2696"
"278","376335","20220927162000","352","0","新北市","板橋區","121.435","24.990","293"
"3483","376337","20220927162000","2947","1","新北市","土城區","121.450","24.985","3223"
"1843","376338","20220927162000","1264","2","桃園市","中壢區","121.245","24.985","1485"
"1919","376341","20220927162000","2219","0","桃園市","中壢區","121.240","24.990","1959"
"518","376344","20220927162000","763","0","桃園市","中壢區","121.255","24.990","532"
"1046","376345","20220927162000","906","1","桃園市","中壢區","121.255","24.980","1043"
"330","376347","20220927162000","436","0","桃園市","中壢區","121.260","24.945","379"
"303","376348","20220927162000","416","0","桃園市","中壢區","121.255","24.950","325"
"843","376349","20220927162000","711","1","桃園市","中壢區","121.165","24.960","859"
"399","376350","20220927162000","408","0","桃園市","中壢區","121.170","24.960","428"
"804","376351","20220927162000","860","0","桃園市","新屋區","121.155","24.960","827"
"392","376352","20220927162000","259","3","桃園市","中壢區","121.155","24.965","316"
"191","376353","20220927162000","748","0","桃園市","中壢區","121.160","24.965","149"
"15","376358","20220927162000","272","0","桃園市","中壢區","121.160","24.970","15"
"1751","376361","20220927162000","1424","2","桃園市","中壢區","121.175","24.970","1660"
"982","376370","20220927162000","829","1","新北市","樹林區","121.420","24.980","966"
"740","376373","20220927162000","767","0","新北市","樹林區","121.420","24.975","724"
"2849","376375","20220927162000","2565","1","新北市","板橋區","121.425","24.985","2871"
"1614","376380","20220927162000","2075","0","新北市","板橋區","121.430","24.985","1655"
"748","376381","20220927162000","728","1","桃園市","平鎮區","121.250","24.925","788"
"39","376385","20220927162000","64","0","桃園市","龜山區","121.350","24.985","32"
"464","376391","20220927162000","459","1","桃園市","龜山區","121.360","24.990","415"
"31","376392","20220927162000","13","3","桃園市","龜山區","121.365","24.990","28"
"119","376393","20220927162000","115","1","桃園市","龜山區","121.370","24.990","109"
"93","376400","20220927162000","292","0","桃園市","楊梅區","121.105","24.910","100"
"162","376403","20220927162000","142","1","桃園市","楊梅區","121.120","24.910","147"
"219","376407","20220927162000","326","0","桃園市","楊梅區","121.100","24.915","215"
"947","376412","20220927162000","768","2","桃園市","楊梅區","121.125","24.915","978"
"90","376419","20220927162000","197","0","新竹縣","湖口鄉","121.105","24.895","57"
"29","376422","20220927162000","104","0","桃園市","楊梅區","121.085","24.900","21"
"686","376427","20220927162000","478","2","桃園市","楊梅區","121.060","24.905","686"
"314","376431","20220927162000","240","2","桃園市","楊梅區","121.080","24.905","342"
"430","376438","20220927162000","409","1","桃園市","楊梅區","121.070","24.910","422"
"220","376440","20220927162000","182","2","桃園市","楊梅區","121.080","24.910","222"
"329","376443","20220927162000","331","0","桃園市","楊梅區","121.095","24.910","362"
"308","376447","20220927162000","390","0","桃園市","楊梅區","121.075","24.915","332"
"529","376456","20220927162000","735","0","桃園市","楊梅區","121.125","24.940","574"
"491","376457","20220927162000","244","3","桃園市","楊梅區","121.130","24.940","469"
"127","376471","20220927162000","209","0","新北市","深坑區","121.620","24.980","134"
"261","376485","20220927162000","540","0","新北市","樹林區","121.415","24.985","294"
"1905","376486","20220927162000","1615","1","新北市","樹林區","121.425","24.990","1868"
"833","376487","20220927162000","930","0","桃園市","平鎮區","121.200","24.945","857"
"4180","376488","20220927162000","3192","2","桃園市","平鎮區","121.205","24.945","4193"
"1119","376490","20220927162000","1537","0","桃園市","平鎮區","121.210","24.950","1161"
"1014","376491","20220927162000","1335","0","桃園市","平鎮區","121.210","24.900","1142"
"1570","376492","20220927162000","1516","1","桃園市","平鎮區","121.210","24.905","1585"
"27","376500","20220927162000","36","0","新北市","土城區","121.445","24.940","25"
"14","376502","20220927162000","38","0","新北市","土城區","121.415","24.945","19"
"357","376508","20220927162000","165","3","新北市","土城區","121.410","24.950","226"
"136","376509","20220927162000","135","1","新北市","土城區","121.415","24.950","152"
"2263","376510","20220927162000","1924","1","桃園市","中壢區","121.230","24.945","2210"
"1782","376511","20220927162000","1920","0","桃園市","中壢區","121.235","24.955","1754"
"22","376512","20220927162000","16","2","桃園市","中壢區","121.220","24.970","18"
"482","376514","20220927162000","602","0","桃園市","中壢區","121.220","24.975","581"
"570","376517","20220927162000","422","2","桃園市","中壢區","121.215","24.980","659"
"42","376518","20220927162000","191","0","桃園市","中壢區","121.220","24.980","40"
"3232","376521","20220927162000","3127","1","桃園市","中壢區","121.220","24.960","3233"
"216","376522","20220927162000","172","2","新竹縣","新豐鄉","121.000","24.895","215"
"105","376524","20220927162000","63","3","新竹縣","新豐鄉","121.010","24.895","126"
"521","376531","20220927162000","547","0","桃園市","平鎮區","121.255","24.925","580"
"837","376532","20220927162000","728","1","新北市","樹林區","121.415","24.975","849"
"395","376533","20220927162000","636","0","新北市","樹林區","121.400","24.970","375"
"1922","376539","20220927162000","1971","0","新北市","樹林區","121.420","24.985","1988"
"2735","376540","20220927162000","2110","2","新北市","土城區","121.460","24.980","2757"
"1194","376541","20220927162000","1409","0","新北市","土城區","121.460","24.985","1206"
"1757","376542","20220927162000","1860","0","新北市","板橋區","121.430","24.990","1666"
"47","376544","20220927162000","43","1","新北市","平溪區","121.725","24.975","51"
"11","376575","20220927162000","11","1","新北市","平溪區","121.760","24.990","11"
"3703","376577","20220927162000","3444","1","新北市","板橋區","121.460","24.990","3638"
"302","376578","20220927162000","882","0","新北市","土城區","121.465","24.980","374"
"381","376584","20220927162000","460","0","新北市","土城區","121.425","24.960","460"
"564","376586","20220927162000","1078","0","新北市","土城區","121.435","24.960","679"
"876","376587","20220927162000","1756","0","新北市","土城區","121.430","24.965","856"
"2289","376588","20220927162000","1683","2","桃園市","八德區","121.305","24.965","2250"
"1792","376589","20220927162000","722","3","桃園市","桃園區","121.295","24.975","1293"
"740","376592","20220927162000","575","2","桃園市","中壢區","121.230","24.940","715"
"994","376594","20220927162000","877","1","桃園市","平鎮區","121.245","24.915","981"
"1999","376595","20220927162000","1470","2","桃園市","八德區","121.295","24.955","1888"
"480","376607","20220927162000","527","0","新竹縣","新豐鄉","120.985","24.920","429"
"833","376614","20220927162000","826","1","新竹縣","新豐鄉","120.990","24.930","889"
"586","376622","20220927162000","600","0","桃園市","中壢區","121.230","24.970","574"
"591","376623","20220927162000","472","2","桃園市","中壢區","121.225","24.975","557"
"880","376624","20220927162000","1120","0","桃園市","中壢區","121.230","24.975","938"
"1315","376627","20220927162000","1213","1","桃園市","中壢區","121.230","24.980","1345"
"142","376629","20220927162000","105","2","新竹縣","湖口鄉","121.040","24.900","97"
"1054","376633","20220927162000","772","2","新竹縣","湖口鄉","121.040","24.895","1062"
"619","376636","20220927162000","370","3","新竹縣","湖口鄉","121.040","24.915","511"
"75","376641","20220927162000","152","0","新竹縣","湖口鄉","121.040","24.925","57"
"184","376651","20220927162000","130","2","新竹縣","湖口鄉","121.045","24.935","196"
"1589","376653","20220927162000","1863","0","桃園市","中壢區","121.235","24.965","1644"
"201","376655","20220927162000","189","1","桃園市","中壢區","121.240","24.970","188"
"143","376656","20220927162000","530","0","桃園市","中壢區","121.255","24.930","129"
"479","376658","20220927162000","406","1","新竹縣","湖口鄉","121.065","24.895","467"
"439","376665","20220927162000","392","1","新北市","鶯歌區","121.355","24.950","455"
"588","376666","20220927162000","612","0","新北市","鶯歌區","121.335","24.955","602"
"1924","376667","20220927162000","1882","1","新北市","鶯歌區","121.330","24.960","1954"
"103","376668","20220927162000","176","0","新北市","鶯歌區","121.335","24.960","62"
"10","376669","20220927162000","110","0","新北市","鶯歌區","121.335","24.950","13"
"477","376670","20220927162000","346","2","新北市","鶯歌區","121.340","24.950","470"
"1049","376674","20220927162000","939","1","新北市","鶯歌區","121.330","24.965","1041"
"1224","376675","20220927162000","1720","0","新北市","樹林區","121.425","24.980","1309"
"40","376678","20220927162000","185","0","新北市","樹林區","121.400","24.955","40"
"409","376679","20220927162000","215","3","新北市","樹林區","121.405","24.955","287"
"659","376680","20220927162000","628","1","新北市","樹林區","121.405","24.960","635"
"1276","376682","20220927162000","982","2","新北市","樹林區","121.410","24.970","1193"
"335","376685","20220927162000","276","2","新北市","樹林區","121.400","24.975","321"
"830","376686","20220927162000","583","2","新北市","樹林區","121.405","24.975","854"
"1609","376687","20220927162000","2018","0","新北市","樹林區","121.410","24.975","1595"
"75","376690","20220927162000","121","0","新北市","樹林區","121.400","24.980","74"
"14","376691","20220927162000","12","1","新北市","樹林區","121.405","24.980","14"
"1177","376699","20220927162000","1302","0","新北市","樹林區","121.410","24.980","1165"
"564","376700","20220927162000","606","0","新北市","樹林區","121.415","24.990","603"
"975","376701","20220927162000","749","2","新北市","新店區","121.500","24.945","969"
"172","376703","20220927162000","181","0","新北市","新店區","121.565","24.905","168"
"414","376717","20220927162000","400","1","新北市","新店區","121.550","24.920","401"
"2602","376725","20220927162000","1782","2","新北市","新店區","121.540","24.960","2769"
"22","376752","20220927162000","21","1","新北市","新店區","121.535","24.905","23"
"26","376759","20220927162000","27","0","新北市","新店區","121.535","24.910","20"
"16","376761","20220927162000","20","0","新北市","新店區","121.520","24.915","15"
"104","376764","20220927162000","76","2","新北市","新店區","121.535","24.915","86"
"59","376766","20220927162000","46","2","新北市","新店區","121.545","24.915","51"
"2107","376768","20220927162000","2617","0","新北市","土城區","121.445","24.985","2098"
"1924","376769","20220927162000","1667","1","新北市","土城區","121.450","24.975","1778"
"534","376770","20220927162000","472","1","新北市","土城區","121.455","24.975","517"
"3014","376772","20220927162000","3325","0","新北市","土城區","121.415","24.960","3048"
"623","376774","20220927162000","2029","0","新北市","土城區","121.420","24.965","505"
"1126","376775","20220927162000","1547","0","新北市","土城區","121.425","24.965","1119"
"917","376777","20220927162000","915","1","新北市","土城區","121.425","24.970","845"
"326","376787","20220927162000","269","2","新北市","土城區","121.470","24.960","279"
"216","376788","20220927162000","189","1","新北市","土城區","121.455","24.965","207"
"638","376796","20220927162000","877","0","新北市","土城區","121.460","24.970","594"
"3738","376798","20220927162000","3538","1","新北市","新店區","121.540","24.965","3761"
"19","376801","20220927162000","11","3","桃園市","大溪區","121.305","24.895","19"
"48","376808","20220927162000","107","0","桃園市","八德區","121.280","24.930","38"
"942","376809","20220927162000","925","1","桃園市","八德區","121.285","24.930","964"
"371","376810","20220927162000","339","1","桃園市","八德區","121.280","24.935","345"
"522","376813","20220927162000","586","0","桃園市","八德區","121.270","24.930","574"
"37","376815","20220927162000","46","0","桃園市","八德區","121.270","24.935","50"
"939","376823","20220927162000","788","1","桃園市","八德區","121.280","24.925","944"
"1278","376824","20220927162000","1171","1","桃園市","八德區","121.285","24.925","1342"
"3000","376825","20220927162000","4608","0","桃園市","中壢區","121.220","24.955","3343"
"1634","376826","20220927162000","1583","1","桃園市","中壢區","121.230","24.965","1552"
"1265","376828","20220927162000","919","2","桃園市","八德區","121.275","24.980","1304"
"265","376829","20220927162000","513","0","桃園市","八德區","121.280","24.980","335"
"1394","376831","20220927162000","2020","0","新竹縣","湖口鄉","121.050","24.900","1378"
"2174","376832","20220927162000","2481","0","新竹縣","湖口鄉","121.045","24.900","2215"
"350","376845","20220927162000","587","0","桃園市","平鎮區","121.230","24.930","370"
"1433","376847","20220927162000","981","2","桃園市","中壢區","121.230","24.935","1415"
"850","376848","20220927162000","729","1","桃園市","中壢區","121.225","24.940","900"
"1638","376849","20220927162000","1485","1","桃園市","中壢區","121.245","24.975","1577"
"1805","376850","20220927162000","2279","0","桃園市","中壢區","121.245","24.980","1998"
"556","376851","20220927162000","460","2","桃園市","中壢區","121.250","24.985","561"
"488","376852","20220927162000","556","0","桃園市","中壢區","121.240","24.985","496"
"1325","376853","20220927162000","1277","1","桃園市","八德區","121.295","24.935","1310"
"278","376854","20220927162000","258","1","桃園市","八德區","121.295","24.940","291"
"1162","376855","20220927162000","1156","1","桃園市","八德區","121.295","24.930","1120"
"473","376856","20220927162000","434","1","桃園市","龜山區","121.335","24.985","424"
"2069","376857","20220927162000","2507","0","桃園市","龜山區","121.335","24.990","2096"
"764","376860","20220927162000","933","0","桃園市","龜山區","121.345","24.980","784"
"27","376865","20220927162000","115","0","桃園市","龜山區","121.360","24.985","27"
"1957","376866","20220927162000","1639","1","桃園市","平鎮區","121.220","24.940","1504"
"257","376871","20220927162000","298","0","桃園市","楊梅區","121.185","24.905","283"
"145","376875","20220927162000","170","0","桃園市","平鎮區","121.200","24.910","185"
"975","376878","20220927162000","539","3","桃園市","平鎮區","121.200","24.915","907"
"168","376881","20220927162000","232","0","桃園市","平鎮區","121.200","24.920","195"
"672","376882","20220927162000","1297","0","桃園市","楊梅區","121.180","24.945","711"
"956","376886","20220927162000","762","2","桃園市","平鎮區","121.185","24.955","952"
"686","376887","20220927162000","611","1","桃園市","中壢區","121.175","24.960","730"
"735","376889","20220927162000","695","1","桃園市","平鎮區","121.185","24.960","744"
"1232","376892","20220927162000","1205","1","桃園市","中壢區","121.185","24.970","1462"
"279","376894","20220927162000","267","1","桃園市","平鎮區","121.190","24.930","311"
"471","376895","20220927162000","52","3","桃園市","楊梅區","121.185","24.935","218"
"51","376899","20220927162000","345","0","桃園市","平鎮區","121.190","24.940","41"
"691","376900","20220927162000","549","2","桃園市","平鎮區","121.195","24.940","771"
"272","376915","20220927162000","342","0","桃園市","大溪區","121.310","24.930","296"
"632","376925","20220927162000","493","2","桃園市","大溪區","121.275","24.895","617"
"1134","376927","20220927162000","1057","1","桃園市","大溪區","121.280","24.895","1182"
"626","376929","20220927162000","639","0","桃園市","大溪區","121.285","24.905","694"
"470","376930","20220927162000","475","0","桃園市","大溪區","121.280","24.900","469"
"1089","376931","20220927162000","541","3","桃園市","大溪區","121.280","24.905","774"
"1098","376932","20220927162000","1099","0","桃園市","龜山區","121.325","24.990","1108"
"1235","376933","20220927162000","1344","0","桃園市","桃園區","121.325","24.980","1319"
"2622","376934","20220927162000","2485","1","桃園市","龜山區","121.330","24.980","2536"
"2768","376936","20220927162000","2134","2","桃園市","桃園區","121.320","24.985","2919"
"4788","376937","20220927162000","4469","1","桃園市","龜山區","121.325","24.985","4630"
"616","376938","20220927162000","1108","0","桃園市","龜山區","121.330","24.985","630"
"272","376940","20220927162000","216","2","桃園市","新屋區","121.055","24.975","227"
"204","376956","20220927162000","187","1","桃園市","新屋區","121.125","24.955","188"
"597","376971","20220927162000","523","1","桃園市","新屋區","121.135","24.970","612"
"88","376972","20220927162000","146","0","桃園市","觀音區","121.140","24.970","103"
"526","376974","20220927162000","664","0","桃園市","龜山區","121.330","24.990","514"
"3431","376975","20220927162000","5197","0","桃園市","桃園區","121.310","24.990","3280"
"1383","376976","20220927162000","1371","1","桃園市","楊梅區","121.170","24.910","1512"
"414","376978","20220927162000","456","0","桃園市","楊梅區","121.175","24.915","412"
"932","376979","20220927162000","1368","0","桃園市","楊梅區","121.170","24.920","1010"
"608","376984","20220927162000","750","0","桃園市","楊梅區","121.110","24.925","576"
"513","376995","20220927162000","707","0","桃園市","楊梅區","121.125","24.930","542"
"147","376998","20220927162000","134","1","桃園市","楊梅區","121.115","24.940","142"
"149","377001","20220927162000","130","1","桃園市","楊梅區","121.175","24.900","140"
"1263","377002","20220927162000","1263","1","桃園市","楊梅區","121.180","24.900","1230"
"1653","377003","20220927162000","1694","0","桃園市","楊梅區","121.175","24.905","1664"
"73","377004","20220927162000","37","3","桃園市","楊梅區","121.180","24.905","52"
"248","377007","20220927162000","188","2","桃園市","楊梅區","121.095","24.930","157"
"831","377008","20220927162000","669","2","桃園市","楊梅區","121.100","24.930","865"
"726","377010","20220927162000","413","3","桃園市","楊梅區","121.090","24.935","775"
"517","377027","20220927162000","509","1","桃園市","新屋區","121.090","24.955","528"
"13","377028","20220927162000","290","0","桃園市","楊梅區","121.155","24.895","14"
"360","377030","20220927162000","398","0","桃園市","楊梅區","121.160","24.900","369"
"808","377031","20220927162000","713","1","桃園市","楊梅區","121.155","24.900","805"
"376","377033","20220927162000","504","0","桃園市","楊梅區","121.085","24.935","425"
"383","377034","20220927162000","437","0","桃園市","楊梅區","121.075","24.940","406"
"819","377039","20220927162000","602","2","桃園市","桃園區","121.285","24.990","799"
"572","377041","20220927162000","452","2","桃園市","桃園區","121.295","24.980","529"
"4349","377042","20220927162000","6214","0","桃園市","桃園區","121.300","24.990","4160"
"194","377043","20220927162000","187","1","桃園市","桃園區","121.300","24.980","245"
"2150","377045","20220927162000","1901","1","桃園市","桃園區","121.300","24.985","2157"
"454","377046","20220927162000","621","0","桃園市","楊梅區","121.175","24.910","516"
"1388","377047","20220927162000","1190","1","桃園市","八德區","121.300","24.965","1378"
"935","377051","20220927162000","768","2","桃園市","八德區","121.305","24.955","986"
"616","377052","20220927162000","463","2","桃園市","八德區","121.310","24.955","631"
"85","377054","20220927162000","297","0","桃園市","八德區","121.300","24.945","35"
"439","377056","20220927162000","429","1","桃園市","八德區","121.275","24.940","462"
"685","377058","20220927162000","896","0","桃園市","八德區","121.285","24.940","830"
"453","377059","20220927162000","189","3","桃園市","八德區","121.280","24.945","370"
"315","377061","20220927162000","374","0","桃園市","八德區","121.290","24.950","338"
"29","377068","20220927162000","67","0","桃園市","八德區","121.290","24.955","25"
"420","377069","20220927162000","278","3","桃園市","八德區","121.280","24.960","395"
"706","377070","20220927162000","516","2","桃園市","八德區","121.285","24.960","795"
"2517","377071","20220927162000","2610","0","桃園市","桃園區","121.290","24.985","2492"
"3769","377072","20220927162000","3015","2","桃園市","中壢區","121.220","24.965","3903"
"1188","377073","20220927162000","1329","0","桃園市","中壢區","121.215","24.955","1155"
"550","377077","20220927162000","390","2","桃園市","中壢區","121.205","24.980","536"
"910","377084","20220927162000","568","3","桃園市","中壢區","121.205","24.990","681"
"1585","377086","20220927162000","1040","3","桃園市","中壢區","121.255","24.970","1234"
"1534","377088","20220927162000","1462","1","桃園市","楊梅區","121.155","24.910","1555"
"498","377089","20220927162000","349","2","桃園市","楊梅區","121.160","24.910","477"
"1158","377092","20220927162000","1135","1","桃園市","平鎮區","121.205","24.910","1096"
"1356","377093","20220927162000","1434","0","桃園市","平鎮區","121.205","24.920","1389"
"172","377099","20220927162000","146","1","桃園市","新屋區","121.010","24.960","169"
"682","377106","20220927162000","706","0","桃園市","新屋區","121.120","24.970","664"
"345","377111","20220927162000","204","3","桃園市","新屋區","121.130","24.975","376"
"1232","377117","20220927162000","1247","0","桃園市","新屋區","121.110","24.980","1242"
"636","377122","20220927162000","603","1","桃園市","新屋區","121.110","24.985","712"
"475","377125","20220927162000","562","0","桃園市","新屋區","121.125","24.985","481"
"307","377128","20220927162000","357","0","桃園市","新屋區","121.125","24.990","314"
"806","377135","20220927162000","959","0","桃園市","新屋區","121.100","24.990","874"
"69","377136","20220927162000","40","3","桃園市","新屋區","121.105","24.990","41"
"195","377148","20220927162000","68","3","桃園市","新屋區","121.095","24.960","124"
"305","377155","20220927162000","294","1","桃園市","新屋區","121.070","24.970","282"
"152","377159","20220927162000","137","1","桃園市","新屋區","121.020","24.970","132"
"371","377173","20220927162000","417","0","桃園市","新屋區","121.015","24.985","456"
"269","377175","20220927162000","285","0","桃園市","新屋區","120.990","24.940","285"
"143","377179","20220927162000","85","3","桃園市","新屋區","121.000","24.945","158"
"206","377183","20220927162000","244","0","桃園市","新屋區","121.010","24.950","230"
"494","377187","20220927162000","429","1","桃園市","新屋區","121.080","24.975","527"
"301","377195","20220927162000","285","1","桃園市","新屋區","121.075","24.990","290"
"287","377204","20220927162000","416","0","桃園市","新屋區","121.140","24.960","337"
"695","377205","20220927162000","952","0","桃園市","新屋區","121.145","24.960","704"
"488","377209","20220927162000","310","3","桃園市","新屋區","121.160","24.960","417"
"108","377211","20220927162000","57","3","桃園市","觀音區","121.145","24.970","77"
"20","377247","20220927162000","14","2","新北市","貢寮區","121.910","24.990","29"
"248","377249","20220927162000","357","0","桃園市","平鎮區","121.210","24.895","266"
"858","377259","20220927162000","763","1","桃園市","桃園區","121.285","24.980","873"
"1406","377261","20220927162000","1074","2","桃園市","楊梅區","121.145","24.915","1430"
"640","377263","20220927162000","583","1","桃園市","楊梅區","121.145","24.910","670"
"111","377264","20220927162000","441","0","桃園市","楊梅區","121.130","24.915","56"
"525","377268","20220927162000","466","1","桃園市","楊梅區","121.130","24.920","580"
"444","377270","20220927162000","625","0","桃園市","楊梅區","121.140","24.920","465"
"2196","377280","20220927162000","1829","2","桃園市","楊梅區","121.145","24.900","2063"
"313","377285","20220927162000","261","1","桃園市","楊梅區","121.170","24.900","312"
"729","377288","20220927162000","612","1","桃園市","楊梅區","121.185","24.925","685"
"465","377289","20220927162000","680","0","桃園市","平鎮區","121.190","24.925","485"
"772","377292","20220927162000","626","2","桃園市","平鎮區","121.195","24.925","816"
"166","377295","20220927162000","342","0","桃園市","平鎮區","121.210","24.935","151"
"2031","377296","20220927162000","1575","2","桃園市","桃園區","121.295","24.990","1892"
"2480","377297","20220927162000","2211","1","桃園市","桃園區","121.285","24.985","2498"
"837","377303","20220927162000","510","3","桃園市","新屋區","121.120","24.950","694"
"203","377308","20220927162000","260","0","桃園市","新屋區","121.100","24.960","233"
"853","377310","20220927162000","427","3","桃園市","新屋區","121.110","24.960","692"
"802","377311","20220927162000","770","1","桃園市","新屋區","121.095","24.965","780"
"566","377322","20220927162000","550","1","桃園市","新屋區","121.045","24.960","594"
"292","377333","20220927162000","185","3","桃園市","新屋區","121.045","24.970","329"
"1892","377335","20220927162000","1952","0","桃園市","桃園區","121.320","24.990","1771"
"1196","377337","20220927162000","1170","1","桃園市","平鎮區","121.250","24.920","1229"
"383","377339","20220927162000","661","0","桃園市","平鎮區","121.240","24.925","581"
"965","377340","20220927162000","1173","0","桃園市","桃園區","121.305","24.985","950"
"1126","377342","20220927162000","1054","1","桃園市","桃園區","121.325","24.975","1126"
"2625","377344","20220927162000","2176","2","桃園市","桃園區","121.320","24.975","3180"
"2855","377345","20220927162000","2230","2","新北市","鶯歌區","121.330","24.975","2831"
"978","377346","20220927162000","1249","0","桃園市","桃園區","121.320","24.980","997"
"1172","377347","20220927162000","943","2","桃園市","中壢區","121.230","24.960","1096"
"1061","377348","20220927162000","1254","0","桃園市","中壢區","121.235","24.960","1109"
"363","377349","20220927162000","716","0","桃園市","中壢區","121.230","24.950","349"
"1593","377350","20220927162000","1375","1","桃園市","中壢區","121.225","24.950","1616"
"532","377361","20220927162000","499","1","桃園市","新屋區","121.030","24.950","448"
"285","377372","20220927162000","388","0","桃園市","新屋區","121.090","24.980","292"
"1062","377380","20220927162000","1300","0","桃園市","新屋區","121.110","24.970","1146"
"174","377381","20220927162000","123","2","桃園市","新屋區","121.110","24.975","125"
"2235","377384","20220927162000","2335","0","桃園市","新屋區","121.105","24.975","2290"
"216","377428","20220927162000","167","2","桃園市","新屋區","121.040","24.980","211"
"1131","377433","20220927162000","1037","1","桃園市","新屋區","121.035","24.985","1075"
"479","377434","20220927162000","481","0","桃園市","新屋區","121.040","24.985","522"
"1478","377446","20220927162000","1186","2","桃園市","桃園區","121.315","24.990","1482"
"1341","377447","20220927162000","887","3","桃園市","桃園區","121.270","24.980","1365"
"2791","377449","20220927162000","1917","2","桃園市","桃園區","121.275","24.990","2749"
"2266","377450","20220927162000","2390","0","桃園市","桃園區","121.265","24.975","2288"
"1445","377452","20220927162000","1584","0","桃園市","桃園區","121.265","24.980","1489"
"66","377454","20220927162000","52","2","桃園市","桃園區","121.265","24.985","64"
"1789","377455","20220927162000","2156","0","桃園市","桃園區","121.290","24.990","1707"
"274","377456","20220927162000","585","0","桃園市","平鎮區","121.245","24.905","255"
"89","377457","20220927162000","180","0","桃園市","平鎮區","121.250","24.905","47"
"178","377459","20220927162000","174","1","桃園市","平鎮區","121.250","24.915","177"
"910","377460","20220927162000","747","2","桃園市","平鎮區","121.215","24.935","1134"
"1538","377461","20220927162000","1465","1","桃園市","平鎮區","121.215","24.940","1555"
"1574","377462","20220927162000","1382","1","桃園市","平鎮區","121.215","24.945","1672"
"2230","377463","20220927162000","2223","1","桃園市","桃園區","121.310","24.980","2206"
"1780","377464","20220927162000","1869","0","桃園市","桃園區","121.310","24.985","1782"
"1846","377468","20220927162000","1545","1","桃園市","桃園區","121.305","24.980","1902"
"172","377469","20220927162000","151","1","桃園市","楊梅區","121.175","24.950","191"
"1024","377470","20220927162000","1083","0","桃園市","楊梅區","121.170","24.955","1052"
"436","377473","20220927162000","467","0","桃園市","楊梅區","121.115","24.900","431"
"98","377476","20220927162000","133","0","桃園市","楊梅區","121.125","24.910","99"
"506","377481","20220927162000","455","1","桃園市","楊梅區","121.150","24.940","512"
"226","377483","20220927162000","433","0","桃園市","楊梅區","121.150","24.920","296"
"860","377484","20220927162000","1039","0","桃園市","楊梅區","121.155","24.920","845"
"1179","377488","20220927162000","742","3","桃園市","楊梅區","121.150","24.925","1228"
"531","377489","20220927162000","488","1","桃園市","楊梅區","121.155","24.925","453"
"31","377490","20220927162000","15","3","桃園市","楊梅區","121.160","24.925","41"
"900","377491","20220927162000","879","1","桃園市","楊梅區","121.165","24.925","890"
"310","377493","20220927162000","354","0","桃園市","楊梅區","121.145","24.930","311"
"1763","377497","20220927162000","1453","2","桃園市","楊梅區","121.160","24.930","1638"
"501","377498","20220927162000","911","0","桃園市","楊梅區","121.165","24.930","391"
"1502","377499","20220927162000","1030","2","桃園市","楊梅區","121.170","24.930","1610"
"265","377501","20220927162000","418","0","桃園市","楊梅區","121.140","24.930","295"
"1308","377508","20220927162000","1174","1","桃園市","平鎮區","121.210","24.940","1262"
"1346","377509","20220927162000","1166","1","桃園市","平鎮區","121.210","24.945","1337"
"656","377513","20220927162000","502","2","桃園市","平鎮區","121.210","24.930","660"
"1283","377519","20220927162000","1088","1","桃園市","平鎮區","121.230","24.900","1416"
"357","377522","20220927162000","424","0","桃園市","平鎮區","121.245","24.900","322"
"832","377529","20220927162000","1129","0","桃園市","平鎮區","121.225","24.910","896"
"1071","377530","20220927162000","638","3","桃園市","平鎮區","121.230","24.910","917"
"2171","377532","20220927162000","1854","1","桃園市","桃園區","121.305","24.990","2219"
"943","377533","20220927162000","1013","0","新北市","鶯歌區","121.330","24.970","1311"
"295","377534","20220927162000","474","0","新北市","鶯歌區","121.335","24.965","334"
"623","377535","20220927162000","450","2","桃園市","桃園區","121.320","24.970","703"
"1596","377538","20220927162000","1599","0","桃園市","桃園區","121.315","24.980","1559"
"1604","377539","20220927162000","906","3","桃園市","楊梅區","121.175","24.925","1078"
"454","377542","20220927162000","461","0","桃園市","楊梅區","121.180","24.925","458"
"398","377546","20220927162000","189","3","桃園市","楊梅區","121.180","24.930","447"
"653","377547","20220927162000","696","0","桃園市","楊梅區","121.160","24.935","742"
"160","377551","20220927162000","131","2","桃園市","楊梅區","121.180","24.935","151"
"122","377559","20220927162000","91","2","桃園市","楊梅區","121.150","24.945","100"
"34","377561","20220927162000","15","3","桃園市","楊梅區","121.160","24.945","20"
"1728","377564","20220927162000","594","3","桃園市","楊梅區","121.175","24.945","1101"
"1095","377565","20220927162000","744","2","桃園市","新屋區","121.150","24.950","925"
"329","377566","20220927162000","289","1","桃園市","楊梅區","121.155","24.950","360"
"937","377570","20220927162000","1061","0","桃園市","蘆竹區","121.265","24.990","963"
"2300","377571","20220927162000","1591","2","桃園市","龜山區","121.340","24.980","2231"
"209","377572","20220927162000","220","0","桃園市","龜山區","121.340","24.985","179"
"1787","377573","20220927162000","1867","0","桃園市","龜山區","121.345","24.985","1689"
"625","377574","20220927162000","677","0","桃園市","龜山區","121.340","24.990","684"
"373","377575","20220927162000","275","2","桃園市","龜山區","121.345","24.990","358"
"25","377679","20220927162000","12","3","新北市","雙溪區","121.830","24.940","18"
"14","377742","20220927162000","21","0","新北市","雙溪區","121.820","24.965","20"
"17","377753","20220927162000","10","3","新北市","雙溪區","121.810","24.970","17"
"26","377787","20220927162000","26","1","新北市","雙溪區","121.845","24.980","24"
"1299","377821","20220927162000","1248","1","桃園市","楊梅區","121.145","24.905","1363"
"1468","377823","20220927162000","1386","1","桃園市","楊梅區","121.165","24.910","1468"
"133","377824","20220927162000","333","0","桃園市","楊梅區","121.165","24.915","89"
"37","377826","20220927162000","151","0","桃園市","大溪區","121.280","24.910","22"
"1003","377827","20220927162000","659","3","桃園市","大溪區","121.285","24.910","922"
"1084","377831","20220927162000","911","1","桃園市","大溪區","121.280","24.915","1046"
"308","377833","20220927162000","345","0","桃園市","大溪區","121.290","24.915","316"
"625","377835","20220927162000","869","0","桃園市","大溪區","121.280","24.920","963"
"706","377837","20220927162000","967","0","桃園市","大溪區","121.290","24.920","687"
"405","377839","20220927162000","466","0","桃園市","大溪區","121.275","24.900","481"
"713","377841","20220927162000","506","2","桃園市","大溪區","121.275","24.905","790"
"1685","377843","20220927162000","1786","0","桃園市","楊梅區","121.180","24.910","1696"
"971","377844","20220927162000","754","2","桃園市","楊梅區","121.180","24.915","1007"
"205","377845","20220927162000","220","0","桃園市","平鎮區","121.225","24.925","207"
"541","377847","20220927162000","679","0","桃園市","平鎮區","121.220","24.935","540"
"2251","377848","20220927162000","1923","1","桃園市","平鎮區","121.225","24.930","2257"
"602","377849","20220927162000","584","1","桃園市","平鎮區","121.220","24.930","604"
"342","377851","20220927162000","257","2","桃園市","平鎮區","121.230","24.925","348"
"506","377852","20220927162000","485","1","桃園市","中壢區","121.245","24.925","476"
"1631","377853","20220927162000","1131","2","桃園市","楊梅區","121.150","24.910","1642"
"680","377854","20220927162000","588","1","桃園市","楊梅區","121.150","24.915","680"
"87","377858","20220927162000","110","0","桃園市","楊梅區","121.130","24.905","103"
"602","377859","20220927162000","534","1","桃園市","楊梅區","121.135","24.905","617"
"175","377862","20220927162000","206","0","桃園市","楊梅區","121.135","24.910","158"
"607","377866","20220927162000","379","3","桃園市","楊梅區","121.070","24.930","620"
"507","377868","20220927162000","638","0","桃園市","楊梅區","121.065","24.935","519"
"258","377877","20220927162000","266","0","桃園市","楊梅區","121.100","24.920","266"
"157","377879","20220927162000","330","0","桃園市","楊梅區","121.070","24.925","129"
"205","377895","20220927162000","800","0","桃園市","楊梅區","121.085","24.930","215"
"251","377896","20220927162000","444","0","桃園市","楊梅區","121.160","24.950","363"
"3038","377898","20220927162000","2321","2","桃園市","楊梅區","121.160","24.955","3016"
"418","377901","20220927162000","220","3","桃園市","楊梅區","121.120","24.895","401"
"284","377906","20220927162000","75","3","桃園市","楊梅區","121.125","24.900","188"
"329","377909","20220927162000","230","2","桃園市","平鎮區","121.210","24.910","327"
"2996","377914","20220927162000","1826","3","桃園市","平鎮區","121.210","24.920","2651"
"209","377919","20220927162000","345","0","桃園市","平鎮區","121.195","24.930","197"
"411","377920","20220927162000","636","0","桃園市","平鎮區","121.200","24.940","385"
"111","377924","20220927162000","463","0","桃園市","八德區","121.290","24.945","497"
"1489","377925","20220927162000","1078","2","桃園市","八德區","121.290","24.930","1396"
"828","377933","20220927162000","1192","0","桃園市","八德區","121.275","24.960","818"
"1964","377940","20220927162000","1870","1","臺北市","文山區","121.555","24.985","1883"
"554","377941","20220927162000","400","2","臺北市","文山區","121.560","24.985","561"
"856","377942","20220927162000","902","0","臺北市","文山區","121.565","24.980","876"
"66","377946","20220927162000","72","0","新北市","新店區","121.575","24.965","71"
"226","377947","20220927162000","199","1","臺北市","文山區","121.580","24.965","205"
"1035","377948","20220927162000","1102","0","臺北市","文山區","121.560","24.970","999"
"101","377953","20220927162000","117","0","臺北市","文山區","121.560","24.975","105"
"61","377955","20220927162000","77","0","臺北市","文山區","121.570","24.975","59"
"29","377956","20220927162000","51","0","臺北市","文山區","121.575","24.975","47"
"197","377957","20220927162000","592","0","臺北市","文山區","121.570","24.980","182"
"1646","377958","20220927162000","1646","1","臺北市","文山區","121.565","24.985","1669"
"297","377962","20220927162000","252","1","臺北市","文山區","121.610","24.965","276"
"180","377964","20220927162000","96","3","臺北市","文山區","121.590","24.965","164"
"21","377974","20220927162000","11","3","臺北市","文山區","121.600","24.970","25"
"367","377978","20220927162000","148","3","臺北市","文山區","121.580","24.975","210"
"334","377979","20220927162000","338","0","臺北市","文山區","121.585","24.975","289"
"264","377980","20220927162000","209","2","臺北市","文山區","121.590","24.975","215"
"1446","377982","20220927162000","1537","0","臺北市","文山區","121.575","24.980","1469"
"542","377989","20220927162000","696","0","臺北市","文山區","121.585","24.985","570"
"359","377990","20220927162000","855","0","臺北市","文山區","121.590","24.985","373"
"919","377994","20220927162000","269","3","臺北市","文山區","121.590","24.990","898"
"176","377995","20220927162000","123","2","臺北市","文山區","121.595","24.990","170"
"2068","377997","20220927162000","2283","0","臺北市","文山區","121.560","24.990","2136"
"2159","377998","20220927162000","3223","0","臺北市","文山區","121.575","24.985","2361"
"746","377999","20220927162000","845","0","臺北市","文山區","121.580","24.985","746"
"3013","378000","20220927162000","2193","2","臺北市","文山區","121.575","24.990","2955"
"726","378001","20220927162000","614","1","臺北市","文山區","121.580","24.990","698"
"1663","378002","20220927162000","1816","0","臺北市","文山區","121.550","24.985","1729"
"967","378003","20220927162000","1496","0","臺北市","文山區","121.565","24.990","1008"
"2527","378004","20220927162000","2586","0","臺北市","文山區","121.570","24.990","2556"
"2646","378005","20220927162000","2508","1","臺北市","文山區","121.555","24.980","2469"
"2201","378006","20220927162000","1988","1","臺北市","文山區","121.560","24.980","2144"
"1191","378007","20220927162000","1185","1","臺北市","文山區","121.555","24.975","1160"
"2544","378008","20220927162000","2363","1","臺北市","文山區","121.570","24.985","2416"
"2737","378009","20220927162000","2721","1","臺北市","文山區","121.545","24.990","2627"
"2987","378010","20220927162000","3185","0","臺北市","文山區","121.540","24.990","2891"
"556","378011","20220927162000","747","0","臺北市","文山區","121.550","24.990","655"
"301","378012","20220927162000","308","0","臺北市","文山區","121.555","24.990","300"
"50","378561","20220927162000","33","3","新北市","貢寮區","121.990","24.995","44"
"16","378916","20220927162000","32","0","新北市","貢寮區","122.000","25.000","31"
"126","379975","20220927162000","73","3","新北市","貢寮區","122.005","25.015","102"
"2309","382513","20220927162000","2429","0","新北市","新莊區","121.450","25.035","2086"
"667","382514","20220927162000","549","2","新北市","新莊區","121.415","25.020","619"
"2165","382515","20220927162000","1832","1","新北市","板橋區","121.430","24.995","2228"
"852","382517","20220927162000","819","1","新北市","新莊區","121.435","25.005","900"
"640","382519","20220927162000","824","0","新北市","板橋區","121.440","25.010","676"
"1259","382521","20220927162000","1712","0","新北市","新莊區","121.430","25.020","1126"
"1536","382522","20220927162000","1602","0","新北市","新莊區","121.430","25.015","1477"
"29","382523","20220927162000","196","0","新北市","新莊區","121.420","25.020","47"
"1511","382525","20220927162000","1704","0","新北市","新莊區","121.410","25.025","1517"
"133","382526","20220927162000","101","2","新北市","新莊區","121.400","25.030","109"
"2720","382528","20220927162000","3351","0","新北市","板橋區","121.470","25.015","2802"
"2072","382530","20220927162000","2095","0","新北市","板橋區","121.465","25.025","2008"
"3687","382531","20220927162000","3836","0","新北市","板橋區","121.460","25.025","3799"
"2663","382532","20220927162000","2236","1","新北市","中和區","121.480","24.995","2345"
"1157","382534","20220927162000","1591","0","新北市","板橋區","121.445","25.000","1152"
"1991","382536","20220927162000","2575","0","新北市","中和區","121.520","24.995","1978"
"1363","382537","20220927162000","1942","0","新北市","板橋區","121.455","25.025","1342"
"864","382538","20220927162000","712","2","臺北市","文山區","121.530","24.995","838"
"574","382539","20220927162000","742","0","新北市","汐止區","121.620","25.045","612"
"957","382546","20220927162000","1172","0","新北市","樹林區","121.410","25.010","1012"
"2258","382547","20220927162000","2632","0","新北市","新莊區","121.425","25.015","2165"
"1671","382548","20220927162000","1691","0","新北市","中和區","121.495","24.995","1552"
"1947","382549","20220927162000","2708","0","臺北市","萬華區","121.490","25.015","1863"
"139","382550","20220927162000","110","2","新北市","三重區","121.480","25.050","158"
"1605","382552","20220927162000","1742","0","新北市","中和區","121.480","25.000","1679"
"1718","382553","20220927162000","2158","0","新北市","中和區","121.475","25.005","1620"
"4172","382554","20220927162000","3239","2","新北市","中和區","121.470","25.005","4089"
"2570","382555","20220927162000","3564","0","新北市","中和區","121.500","24.995","2558"
"2692","382556","20220927162000","2908","0","新北市","中和區","121.495","25.005","2460"
"1622","382557","20220927162000","2615","0","新北市","中和區","121.500","25.005","1597"
"925","382558","20220927162000","1918","0","新北市","三重區","121.490","25.055","937"
"1330","382559","20220927162000","1356","0","新北市","三重區","121.475","25.045","1313"
"1193","382560","20220927162000","1494","0","新北市","板橋區","121.445","25.005","1265"
"416","382561","20220927162000","431","0","新北市","板橋區","121.445","25.010","430"
"827","382562","20220927162000","935","0","新北市","板橋區","121.450","25.005","775"
"658","382563","20220927162000","819","0","新北市","板橋區","121.450","25.020","580"
"1877","382564","20220927162000","1955","0","新北市","中和區","121.505","25.005","1908"
"1813","382565","20220927162000","2197","0","新北市","三重區","121.485","25.055","1879"
"2013","382567","20220927162000","1885","1","新北市","三重區","121.495","25.055","1953"
"1448","382568","20220927162000","1432","1","新北市","三重區","121.500","25.045","1429"
"3961","382571","20220927162000","3279","2","新北市","中和區","121.490","25.005","4016"
"3727","382572","20220927162000","3813","0","新北市","中和區","121.490","25.000","3465"
"1297","382574","20220927162000","896","2","新北市","中和區","121.485","25.010","1180"
"3371","382575","20220927162000","3982","0","新北市","中和區","121.485","24.995","3479"
"2812","382576","20220927162000","5239","0","新北市","中和區","121.490","24.995","2802"
"2697","382577","20220927162000","3044","0","新北市","中和區","121.505","24.995","2656"
"242","382579","20220927162000","459","0","新北市","板橋區","121.460","25.030","308"
"2259","382580","20220927162000","2384","0","新北市","板橋區","121.455","25.015","2161"
"231","382582","20220927162000","412","0","新北市","板橋區","121.450","25.025","203"
"301","382583","20220927162000","352","0","新北市","泰山區","121.420","25.045","320"
"470","382584","20220927162000","1142","0","新北市","泰山區","121.425","25.045","493"
"268","382589","20220927162000","113","3","新北市","三重區","121.485","25.045","326"
"765","382592","20220927162000","564","2","新北市","三重區","121.485","25.050","823"
"1723","382593","20220927162000","1461","1","新北市","三重區","121.490","25.050","1770"
"786","382594","20220927162000","491","3","桃園市","龜山區","121.410","25.020","636"
"1504","382595","20220927162000","1481","1","新北市","新莊區","121.460","25.050","1529"
"2412","382596","20220927162000","2446","0","新北市","新莊區","121.465","25.050","2354"
"371","382597","20220927162000","746","0","新北市","新莊區","121.460","25.055","333"
"1744","382598","20220927162000","1875","0","新北市","新莊區","121.465","25.055","1704"
"2119","382600","20220927162000","2405","0","新北市","三重區","121.470","25.045","1913"
"2117","382601","20220927162000","1854","1","新北市","三重區","121.470","25.050","2075"
"863","382602","20220927162000","832","1","新北市","三重區","121.470","25.055","815"
"3740","382603","20220927162000","3509","1","新北市","中和區","121.480","25.010","3689"
"3326","382604","20220927162000","2823","1","新北市","板橋區","121.475","25.010","3467"
"1651","382605","20220927162000","1479","1","新北市","中和區","121.465","24.995","1442"
"2072","382606","20220927162000","1973","1","新北市","新莊區","121.450","25.040","2047"
"2758","382607","20220927162000","2630","1","新北市","新莊區","121.445","25.040","3065"
"2728","382608","20220927162000","2954","0","新北市","新莊區","121.425","25.020","2770"
"229","382609","20220927162000","1619","0","新北市","新莊區","121.455","25.045","226"
"1915","382610","20220927162000","1826","1","新北市","板橋區","121.465","25.005","1900"
"2925","382611","20220927162000","2199","2","新北市","板橋區","121.460","25.005","2755"
"75","382614","20220927162000","164","0","新北市","深坑區","121.630","25.010","78"
"127","382615","20220927162000","125","1","新北市","深坑區","121.620","25.010","143"
"90","382618","20220927162000","178","0","新北市","深坑區","121.630","25.015","81"
"13","382621","20220927162000","164","0","新北市","深坑區","121.610","24.995","13"
"428","382623","20220927162000","719","0","新北市","深坑區","121.605","25.000","384"
"1265","382624","20220927162000","1172","1","新北市","新莊區","121.435","25.015","1191"
"69","382625","20220927162000","321","0","新北市","板橋區","121.450","25.000","43"
"771","382626","20220927162000","662","1","新北市","中和區","121.470","24.995","860"
"75","382627","20220927162000","45","3","新北市","中和區","121.480","24.990","59"
"459","382628","20220927162000","1241","0","新北市","中和區","121.475","25.000","385"
"372","382629","20220927162000","651","0","新北市","中和區","121.505","25.000","253"
"2164","382630","20220927162000","2273","0","新北市","永和區","121.525","25.005","2274"
"1659","382634","20220927162000","1419","1","新北市","樹林區","121.420","24.995","1796"
"1583","382637","20220927162000","1262","2","新北市","樹林區","121.420","25.000","1571"
"611","382638","20220927162000","757","0","新北市","新莊區","121.440","25.030","681"
"2222","382639","20220927162000","1806","2","新北市","新莊區","121.420","25.025","2232"
"2115","382640","20220927162000","1922","1","新北市","新莊區","121.455","25.050","2134"
"2111","382641","20220927162000","1986","1","新北市","中和區","121.470","25.000","2141"
"6149","382642","20220927162000","3327","3","新北市","板橋區","121.455","25.005","6193"
"723","382643","20220927162000","275","3","新北市","板橋區","121.445","25.020","714"
"581","382644","20220927162000","550","1","新北市","板橋區","121.440","25.000","590"
"4062","382645","20220927162000","5671","0","新北市","永和區","121.520","25.010","4121"
"1018","382646","20220927162000","1213","0","新北市","樹林區","121.415","25.000","1046"
"658","382647","20220927162000","523","2","新北市","樹林區","121.415","25.005","676"
"2241","382648","20220927162000","2788","0","新北市","土城區","121.455","24.995","2153"
"38","382660","20220927162000","25","3","新北市","平溪區","121.710","25.020","26"
"3079","382667","20220927162000","2548","2","新北市","新莊區","121.460","25.040","2520"
"4288","382668","20220927162000","4043","1","新北市","新莊區","121.460","25.045","4210"
"917","382671","20220927162000","867","1","新北市","板橋區","121.445","25.015","806"
"5437","382673","20220927162000","4384","2","新北市","板橋區","121.450","24.995","5513"
"3115","382674","20220927162000","2645","1","新北市","板橋區","121.455","25.000","3139"
"4138","382675","20220927162000","2904","2","新北市","永和區","121.520","25.015","4216"
"2406","382676","20220927162000","3238","0","新北市","永和區","121.515","25.015","2452"
"1595","382677","20220927162000","2045","0","新北市","新莊區","121.445","25.030","1528"
"3952","382678","20220927162000","2766","2","新北市","新莊區","121.455","25.035","3496"
"32","382679","20220927162000","740","0","新北市","板橋區","121.460","25.035","22"
"1368","382680","20220927162000","1245","1","新北市","新莊區","121.465","25.040","1357"
"674","382683","20220927162000","487","2","桃園市","中壢區","121.215","25.000","710"
"232","382686","20220927162000","199","1","桃園市","觀音區","121.125","25.030","362"
"1980","382699","20220927162000","2252","0","新北市","板橋區","121.485","25.020","1923"
"6081","382700","20220927162000","5951","1","新北市","板橋區","121.460","25.010","6275"
"3855","382701","20220927162000","2685","2","新北市","板橋區","121.460","24.995","4025"
"790","382702","20220927162000","715","1","新北市","樹林區","121.420","25.015","852"
"880","382703","20220927162000","857","1","新北市","新莊區","121.435","25.010","843"
"1583","382706","20220927162000","1447","1","新北市","新莊區","121.440","25.020","1598"
"142","382710","20220927162000","171","0","新北市","新莊區","121.445","25.025","157"
"2568","382711","20220927162000","2164","1","新北市","永和區","121.505","25.010","2594"
"2573","382712","20220927162000","3030","0","新北市","板橋區","121.475","25.020","2701"
"2477","382713","20220927162000","1937","2","新北市","新莊區","121.430","25.025","2430"
"442","382714","20220927162000","174","3","新北市","新莊區","121.435","25.025","364"
"1109","382715","20220927162000","1236","0","新北市","新莊區","121.425","25.025","1143"
"1052","382716","20220927162000","1083","0","臺北市","萬華區","121.500","25.015","1040"
"1351","382717","20220927162000","1145","1","新北市","新莊區","121.450","25.030","1468"
"205","382724","20220927162000","257","0","桃園市","中壢區","121.180","25.005","218"
"538","382730","20220927162000","468","1","桃園市","中壢區","121.190","25.010","609"
"423","382732","20220927162000","272","3","桃園市","中壢區","121.185","25.015","381"
"413","382735","20220927162000","421","0","桃園市","大園區","121.180","25.025","395"
"1151","382741","20220927162000","1129","1","桃園市","觀音區","121.160","24.995","1024"
"414","382743","20220927162000","475","0","桃園市","觀音區","121.155","25.000","432"
"623","382759","20220927162000","645","0","桃園市","觀音區","121.160","25.020","655"
"18","382763","20220927162000","14","2","桃園市","觀音區","121.150","25.025","12"
"869","382780","20220927162000","720","2","桃園市","觀音區","121.105","25.040","873"
"222","382785","20220927162000","256","0","桃園市","觀音區","121.130","25.020","219"
"537","382813","20220927162000","808","0","桃園市","觀音區","121.110","25.050","554"
"2621","382814","20220927162000","1695","3","桃園市","觀音區","121.115","25.050","2244"
"730","382815","20220927162000","486","3","桃園市","觀音區","121.120","25.050","802"
"216","382816","20220927162000","148","2","桃園市","觀音區","121.125","25.050","208"
"644","382820","20220927162000","414","3","桃園市","觀音區","121.120","25.055","621"
"748","382821","20220927162000","1272","0","桃園市","觀音區","121.125","25.055","684"
"921","382830","20220927162000","815","1","桃園市","觀音區","121.080","25.035","811"
"880","382842","20220927162000","649","2","桃園市","觀音區","121.095","25.050","893"
"298","382853","20220927162000","352","0","桃園市","觀音區","121.145","25.040","291"
"1529","382855","20220927162000","2029","0","桃園市","觀音區","121.140","25.045","1557"
"1115","382857","20220927162000","1046","1","桃園市","觀音區","121.130","25.050","1043"
"509","382858","20220927162000","537","0","桃園市","觀音區","121.135","25.050","522"
"358","382868","20220927162000","184","3","桃園市","觀音區","121.115","25.000","333"
"1499","382888","20220927162000","1031","2","桃園市","蘆竹區","121.270","25.010","1480"
"375","382890","20220927162000","255","2","桃園市","蘆竹區","121.265","25.015","316"
"1580","382891","20220927162000","1878","0","桃園市","蘆竹區","121.240","25.025","1519"
"813","382893","20220927162000","638","2","桃園市","蘆竹區","121.250","25.025","1034"
"290","382894","20220927162000","779","0","桃園市","大園區","121.235","25.025","305"
"2455","382896","20220927162000","854","3","桃園市","蘆竹區","121.245","25.025","1691"
"326","382898","20220927162000","252","2","桃園市","蘆竹區","121.240","25.030","336"
"126","382911","20220927162000","129","0","新北市","石碇區","121.670","25.010","135"
"105","382935","20220927162000","106","0","新北市","石碇區","121.670","25.030","124"
"10","382938","20220927162000","14","0","新北市","石碇區","121.685","25.030","11"
"94","382953","20220927162000","81","1","新北市","石碇區","121.690","25.005","88"
"142","382971","20220927162000","77","3","新北市","石碇區","121.700","25.015","93"
"170","382976","20220927162000","141","2","新北市","石碇區","121.660","24.995","168"
"115","382980","20220927162000","108","1","新北市","石碇區","121.650","25.000","158"
"35","382991","20220927162000","32","1","新北市","貢寮區","121.885","24.995","45"
"17","382996","20220927162000","13","2","新北市","貢寮區","121.885","25.000","28"
"47","383019","20220927162000","73","0","新北市","貢寮區","122.000","25.005","43"
"133","383024","20220927162000","69","3","新北市","貢寮區","121.990","25.010","96"
"113","383035","20220927162000","81","2","新北市","貢寮區","121.985","25.020","75"
"1703","383037","20220927162000","2629","0","新北市","永和區","121.520","25.000","1617"
"3377","383038","20220927162000","3204","1","新北市","板橋區","121.475","25.025","3438"
"308","383039","20220927162000","496","0","新北市","新莊區","121.410","25.030","263"
"407","383040","20220927162000","344","1","新北市","新莊區","121.415","25.030","386"
"118","383045","20220927162000","83","2","新北市","新莊區","121.405","25.040","100"
"1855","383046","20220927162000","2210","0","新北市","新莊區","121.455","25.055","1806"
"997","383047","20220927162000","1579","0","新北市","新莊區","121.435","25.030","1067"
"1911","383048","20220927162000","1547","2","新北市","新莊區","121.425","25.030","1969"
"1482","383049","20220927162000","2156","0","新北市","新莊區","121.430","25.030","1470"
"1733","383050","20220927162000","1550","1","新北市","新莊區","121.430","25.035","1945"
"2989","383054","20220927162000","3755","0","新北市","新莊區","121.445","25.050","3120"
"3552","383055","20220927162000","2963","1","新北市","新莊區","121.450","25.045","3367"
"2318","383056","20220927162000","1498","3","桃園市","蘆竹區","121.290","25.050","1887"
"3745","383057","20220927162000","3270","1","桃園市","蘆竹區","121.280","25.055","3724"
"410","383058","20220927162000","459","0","桃園市","蘆竹區","121.285","25.045","486"
"1774","383059","20220927162000","1784","0","桃園市","蘆竹區","121.285","25.050","1897"
"1795","383060","20220927162000","2312","0","桃園市","蘆竹區","121.285","25.055","1714"
"1462","383094","20220927162000","2072","0","桃園市","觀音區","121.050","25.025","1426"
"272","383096","20220927162000","418","0","桃園市","觀音區","121.080","25.030","260"
"800","383099","20220927162000","701","1","桃園市","觀音區","121.085","25.035","757"
"959","383113","20220927162000","758","2","桃園市","觀音區","121.120","25.025","984"
"321","383117","20220927162000","406","0","桃園市","觀音區","121.115","25.025","343"
"1388","383118","20220927162000","1464","0","新北市","樹林區","121.410","25.015","1494"
"1053","383121","20220927162000","1760","0","新北市","泰山區","121.440","25.045","983"
"29","383122","20220927162000","329","0","新北市","泰山區","121.430","25.050","27"
"354","383124","20220927162000","248","2","新北市","泰山區","121.440","25.050","386"
"195","383125","20220927162000","364","0","新北市","泰山區","121.435","25.055","148"
"779","383126","20220927162000","581","2","新北市","泰山區","121.425","25.050","622"
"877","383127","20220927162000","1117","0","新北市","新莊區","121.440","25.055","947"
"2193","383128","20220927162000","2095","1","新北市","新莊區","121.445","25.055","2182"
"2926","383129","20220927162000","2649","1","新北市","新莊區","121.450","25.055","2874"
"2805","383130","20220927162000","3287","0","新北市","新莊區","121.450","25.050","2625"
"669","383131","20220927162000","732","0","新北市","新莊區","121.455","25.040","690"
"264","383132","20220927162000","31","3","新北市","板橋區","121.435","24.995","212"
"1049","383134","20220927162000","874","2","新北市","板橋區","121.445","24.995","979"
"2871","383141","20220927162000","3556","0","新北市","永和區","121.515","25.005","2792"
"3182","383142","20220927162000","3754","0","新北市","板橋區","121.470","25.025","3393"
"3301","383143","20220927162000","2753","1","新北市","板橋區","121.475","25.030","3272"
"1434","383144","20220927162000","1456","0","新北市","新莊區","121.445","25.045","1422"
"459","383152","20220927162000","285","3","新北市","泰山區","121.400","25.055","648"
"1578","383156","20220927162000","1435","1","新北市","汐止區","121.625","25.040","1481"
"41","383165","20220927162000","63","0","新北市","雙溪區","121.865","25.045","35"
"11","383200","20220927162000","11","1","新北市","雙溪區","121.790","25.015","16"
"146","383202","20220927162000","98","2","新北市","雙溪區","121.800","25.015","130"
"13","383203","20220927162000","12","1","新北市","雙溪區","121.790","25.020","13"
"348","383204","20220927162000","377","0","新北市","中和區","121.490","25.010","345"
"494","383205","20220927162000","559","0","新北市","樹林區","121.430","25.000","465"
"1890","383207","20220927162000","2357","0","新北市","永和區","121.515","24.995","2041"
"1466","383208","20220927162000","1846","0","桃園市","桃園區","121.315","25.005","1523"
"478","383209","20220927162000","579","0","桃園市","桃園區","121.315","25.010","453"
"457","383210","20220927162000","458","0","臺北市","萬華區","121.495","25.010","494"
"746","383211","20220927162000","1004","0","新北市","永和區","121.500","25.010","742"
"2987","383212","20220927162000","2745","1","新北市","永和區","121.510","25.015","3048"
"504","383214","20220927162000","603","0","新北市","汐止區","121.625","25.050","424"
"797","383218","20220927162000","849","0","桃園市","蘆竹區","121.290","25.055","851"
"806","383219","20220927162000","598","2","桃園市","蘆竹區","121.295","25.050","736"
"1116","383220","20220927162000","1600","0","桃園市","蘆竹區","121.300","25.050","1137"
"952","383222","20220927162000","944","1","桃園市","蘆竹區","121.300","25.055","1025"
"69","383225","20220927162000","22","3","桃園市","蘆竹區","121.315","25.055","59"
"205","383229","20220927162000","227","0","新北市","石碇區","121.645","25.005","367"
"21","383234","20220927162000","26","0","新北市","石碇區","121.700","24.995","25"
"113","383253","20220927162000","105","1","新北市","石碇區","121.665","25.010","130"
"395","383254","20220927162000","285","2","新北市","石碇區","121.645","25.010","385"
"10","383259","20220927162000","12","0","新北市","石碇區","121.645","25.015","10"
"60","383261","20220927162000","67","0","新北市","石碇區","121.655","25.015","66"
"380","383272","20220927162000","347","1","桃園市","觀音區","121.100","25.005","406"
"491","383277","20220927162000","498","0","桃園市","觀音區","121.095","25.020","492"
"313","383281","20220927162000","377","0","桃園市","觀音區","121.095","25.025","356"
"1379","383283","20220927162000","1820","0","桃園市","桃園區","121.285","24.995","1329"
"341","383284","20220927162000","328","1","桃園市","桃園區","121.290","24.995","206"
"752","383285","20220927162000","571","2","桃園市","桃園區","121.285","25.000","838"
"3396","383286","20220927162000","3147","1","桃園市","蘆竹區","121.290","25.045","2936"
"254","383287","20220927162000","170","2","桃園市","桃園區","121.280","25.030","276"
"487","383290","20220927162000","661","0","桃園市","蘆竹區","121.280","25.035","539"
"897","383291","20220927162000","950","0","桃園市","蘆竹區","121.285","25.035","1000"
"1620","383294","20220927162000","1107","2","桃園市","蘆竹區","121.285","25.040","1677"
"1767","383295","20220927162000","2565","0","桃園市","蘆竹區","121.290","25.040","1817"
"33","383299","20220927162000","182","0","桃園市","蘆竹區","121.255","25.025","29"
"256","383301","20220927162000","293","0","桃園市","蘆竹區","121.250","25.035","258"
"310","383311","20220927162000","212","2","桃園市","蘆竹區","121.240","25.040","335"
"212","383313","20220927162000","110","3","桃園市","蘆竹區","121.255","25.040","159"
"52","383315","20220927162000","251","0","桃園市","蘆竹區","121.250","25.045","31"
"326","383318","20220927162000","597","0","桃園市","蘆竹區","121.265","25.025","373"
"743","383325","20220927162000","727","1","桃園市","蘆竹區","121.275","25.030","819"
"91","383357","20220927162000","76","1","新北市","雙溪區","121.880","25.020","128"
"14","383364","20220927162000","46","0","新北市","雙溪區","121.870","25.030","20"
"5879","383376","20220927162000","8004","0","新北市","中和區","121.485","25.000","5578"
"3535","383377","20220927162000","5219","0","新北市","中和區","121.485","25.005","3541"
"2719","383378","20220927162000","3732","0","新北市","中和區","121.500","25.000","2359"
"3244","383379","20220927162000","3519","0","新北市","板橋區","121.465","25.010","3207"
"2838","383380","20220927162000","2667","1","新北市","板橋區","121.470","25.010","2889"
"613","383384","20220927162000","523","1","新北市","汐止區","121.635","25.040","919"
"240","383424","20220927162000","356","0","桃園市","蘆竹區","121.255","25.050","275"
"609","383426","20220927162000","515","1","桃園市","蘆竹區","121.265","25.050","617"
"12","383430","20220927162000","76","0","桃園市","蘆竹區","121.250","25.055","12"
"462","383435","20220927162000","448","1","桃園市","蘆竹區","121.275","25.055","478"
"358","383437","20220927162000","346","1","桃園市","大園區","121.160","25.030","358"
"400","383449","20220927162000","421","0","桃園市","觀音區","121.155","25.050","391"
"1430","383456","20220927162000","1470","0","桃園市","觀音區","121.140","25.010","1451"
"423","383457","20220927162000","442","0","桃園市","觀音區","121.145","25.010","444"
"447","383463","20220927162000","437","1","桃園市","觀音區","121.130","25.005","444"
"279","383469","20220927162000","243","1","桃園市","觀音區","121.060","25.025","258"
"354","383475","20220927162000","421","0","桃園市","觀音區","121.065","25.025","299"
"19","383478","20220927162000","15","2","桃園市","觀音區","121.060","25.030","15"
"337","383483","20220927162000","489","0","桃園市","觀音區","121.060","25.035","336"
"301","383485","20220927162000","395","0","桃園市","觀音區","121.070","25.035","332"
"303","383489","20220927162000","354","0","桃園市","觀音區","121.070","25.040","268"
"2374","383492","20220927162000","2518","0","新北市","三重區","121.475","25.050","2381"
"2345","383493","20220927162000","2784","0","新北市","中和區","121.510","24.995","2215"
"3308","383494","20220927162000","3622","0","新北市","中和區","121.510","25.000","3210"
"3015","383495","20220927162000","2964","1","新北市","板橋區","121.455","25.010","2953"
"2787","383496","20220927162000","2478","1","新北市","板橋區","121.455","25.020","2611"
"1904","383500","20220927162000","2088","0","新北市","樹林區","121.425","24.995","1822"
"212","383502","20220927162000","480","0","新北市","樹林區","121.405","25.005","181"
"138","383503","20220927162000","270","0","新北市","樹林區","121.410","25.005","97"
"1464","383507","20220927162000","1241","1","新北市","永和區","121.505","25.015","1444"
"212","383513","20220927162000","293","0","桃園市","中壢區","121.245","24.995","166"
"1833","383515","20220927162000","1602","1","桃園市","中壢區","121.225","25.000","1657"
"18","383518","20220927162000","267","0","桃園市","中壢區","121.240","25.000","19"
"644","383519","20220927162000","534","2","桃園市","中壢區","121.245","25.000","701"
"854","383520","20220927162000","665","2","桃園市","中壢區","121.250","25.000","832"
"293","383521","20220927162000","182","3","桃園市","中壢區","121.230","25.005","296"
"552","383524","20220927162000","567","0","桃園市","中壢區","121.245","25.005","578"
"318","383526","20220927162000","579","0","桃園市","大園區","121.245","25.010","334"
"1163","383529","20220927162000","865","2","桃園市","中壢區","121.175","24.995","1046"
"456","383553","20220927162000","509","0","桃園市","中壢區","121.220","25.005","422"
"88","383554","20220927162000","368","0","桃園市","中壢區","121.215","25.010","58"
"75","383556","20220927162000","340","0","桃園市","中壢區","121.215","25.015","44"
"955","383557","20220927162000","511","3","桃園市","中壢區","121.220","25.015","821"
"1056","383559","20220927162000","1159","0","新北市","板橋區","121.480","25.030","950"
"447","383560","20220927162000","397","1","新北市","樹林區","121.420","25.005","427"
"2616","383562","20220927162000","1937","2","新北市","新莊區","121.430","25.005","2573"
"704","383563","20220927162000","1138","0","新北市","樹林區","121.425","25.010","801"
"234","383564","20220927162000","1147","0","新北市","樹林區","121.425","25.000","334"
"2521","383565","20220927162000","2287","1","新北市","永和區","121.515","25.000","2465"
"2521","383566","20220927162000","2754","0","新北市","永和區","121.520","25.005","2642"
"2148","383567","20220927162000","1462","2","新北市","中和區","121.480","25.005","2132"
"1775","383568","20220927162000","1878","0","新北市","泰山區","121.415","25.050","1866"
"1460","383572","20220927162000","1704","0","新北市","泰山區","121.430","25.055","1287"
"1943","383573","20220927162000","1614","2","新北市","板橋區","121.460","25.000","2046"
"4719","383574","20220927162000","4189","1","新北市","中和區","121.495","25.000","4718"
"1468","383575","20220927162000","1980","0","新北市","板橋區","121.465","25.030","1534"
"3357","383576","20220927162000","3861","0","新北市","板橋區","121.470","25.030","3437"
"19","383582","20220927162000","433","0","新北市","深坑區","121.620","25.005","18"
"243","383589","20220927162000","337","0","新北市","深坑區","121.615","25.000","230"
"264","383590","20220927162000","473","0","新北市","深坑區","121.620","25.000","264"
"796","383591","20220927162000","719","1","新北市","深坑區","121.625","25.000","865"
"349","383599","20220927162000","191","3","新北市","深坑區","121.635","25.005","348"
"1479","383600","20220927162000","1047","2","新北市","深坑區","121.615","25.005","1424"
"2498","383602","20220927162000","2557","0","新北市","板橋區","121.480","25.025","2551"
"4023","383603","20220927162000","3800","1","新北市","新莊區","121.445","25.035","2992"
"220","383604","20220927162000","397","0","新北市","永和區","121.530","25.000","195"
"2065","383605","20220927162000","3057","0","新北市","板橋區","121.480","25.020","2057"
"3060","383606","20220927162000","3012","1","新北市","板橋區","121.480","25.015","3163"
"1316","383607","20220927162000","1433","0","桃園市","桃園區","121.310","25.010","1255"
"2692","383608","20220927162000","2072","2","桃園市","桃園區","121.310","25.015","2585"
"2154","383609","20220927162000","2968","0","新北市","永和區","121.510","25.010","2044"
"2628","383610","20220927162000","2598","1","新北市","永和區","121.515","25.010","2757"
"3210","383611","20220927162000","3223","0","新北市","板橋區","121.460","25.015","3480"
"1694","383612","20220927162000","2586","0","新北市","板橋區","121.465","25.000","1643"
"1617","383614","20220927162000","1070","3","桃園市","桃園區","121.300","25.010","1729"
"2621","383615","20220927162000","2213","1","桃園市","桃園區","121.315","24.995","2715"
"815","383616","20220927162000","1147","0","新北市","深坑區","121.605","25.005","777"
"248","383618","20220927162000","232","1","新北市","深坑區","121.600","25.010","216"
"2282","383631","20220927162000","2546","0","新北市","深坑區","121.600","25.005","2414"
"1373","383632","20220927162000","1652","0","新北市","中和區","121.485","25.015","1364"
"2228","383633","20220927162000","2084","1","新北市","板橋區","121.475","25.015","2150"
"2946","383634","20220927162000","3913","0","新北市","板橋區","121.450","25.015","2965"
"1415","383635","20220927162000","1750","0","新北市","永和區","121.510","25.005","1362"
"2153","383636","20220927162000","2449","0","新北市","板橋區","121.450","25.010","2259"
"632","383637","20220927162000","817","0","新北市","樹林區","121.405","25.015","675"
"849","383638","20220927162000","823","1","新北市","樹林區","121.420","25.010","860"
"1348","383639","20220927162000","1204","1","新北市","樹林區","121.415","25.015","1310"
"68","383641","20220927162000","49","2","新北市","平溪區","121.765","25.035","60"
"263","383658","20220927162000","289","0","新北市","平溪區","121.775","25.040","325"
"158","383678","20220927162000","143","1","新北市","平溪區","121.740","25.025","170"
"109","383679","20220927162000","121","0","新北市","平溪區","121.745","25.025","108"
"62","383682","20220927162000","32","3","新北市","平溪區","121.745","25.030","45"
"32","383718","20220927162000","31","1","新北市","平溪區","121.780","25.025","34"
"13","383746","20220927162000","11","1","新北市","平溪區","121.765","25.020","20"
"44","383787","20220927162000","63","0","新北市","平溪區","121.750","25.005","38"
"67","383811","20220927162000","253","0","新北市","平溪區","121.715","25.020","81"
"29","383820","20220927162000","21","2","新北市","平溪區","121.735","25.020","22"
"783","383828","20220927162000","1529","0","新北市","中和區","121.475","24.995","699"
"3499","383829","20220927162000","4069","0","新北市","板橋區","121.470","25.020","3410"
"222","383830","20220927162000","187","1","新北市","板橋區","121.440","25.005","240"
"882","383831","20220927162000","930","0","新北市","新莊區","121.440","25.015","929"
"799","383833","20220927162000","1420","0","新北市","永和區","121.515","25.020","820"
"181","383834","20220927162000","177","1","新北市","汐止區","121.645","25.030","166"
"206","383848","20220927162000","175","1","新北市","汐止區","121.645","25.040","181"
"90","383859","20220927162000","87","1","新北市","汐止區","121.670","25.045","59"
"33","383862","20220927162000","76","0","新北市","汐止區","121.660","25.050","32"
"430","383865","20220927162000","480","0","新北市","永和區","121.530","25.005","413"
"3337","383866","20220927162000","3307","1","新北市","新莊區","121.465","25.045","3202"
"1157","383867","20220927162000","1721","0","新北市","新莊區","121.415","25.025","1168"
"1197","383868","20220927162000","1548","0","新北市","中和區","121.525","24.995","1049"
"603","383871","20220927162000","935","0","桃園市","中壢區","121.200","25.010","646"
"485","383880","20220927162000","485","1","桃園市","中壢區","121.200","25.020","500"
"51","383883","20220927162000","122","0","新北市","深坑區","121.635","25.010","45"
"6566","383889","20220927162000","6350","1","新北市","板橋區","121.465","25.015","6759"
"50","383890","20220927162000","149","0","新北市","板橋區","121.475","25.035","41"
"1108","383891","20220927162000","748","2","新北市","板橋區","121.480","25.035","1137"
"5333","383893","20220927162000","5122","1","新北市","板橋區","121.465","25.020","5561"
"2961","383894","20220927162000","2502","1","新北市","板橋區","121.460","25.020","2842"
"2029","383895","20220927162000","1812","1","新北市","永和區","121.525","25.010","2073"
"3256","383896","20220927162000","3083","1","新北市","永和區","121.525","25.000","3149"
"1649","383897","20220927162000","1832","0","桃園市","龜山區","121.365","25.030","1575"
"1853","383900","20220927162000","1850","1","桃園市","龜山區","121.360","25.040","2018"
"1076","383902","20220927162000","1169","0","桃園市","龜山區","121.360","25.045","1161"
"1658","383903","20220927162000","1104","3","桃園市","龜山區","121.360","25.050","1470"
"788","383904","20220927162000","1101","0","桃園市","龜山區","121.365","25.050","800"
"1042","383905","20220927162000","1162","0","桃園市","龜山區","121.360","25.055","986"
"1749","383906","20220927162000","1535","1","桃園市","龜山區","121.365","25.055","1841"
"4904","383907","20220927162000","3322","2","桃園市","龜山區","121.375","25.035","4959"
"1555","383908","20220927162000","1391","1","桃園市","龜山區","121.370","25.040","1584"
"327","383909","20220927162000","590","0","桃園市","龜山區","121.375","25.040","508"
"255","383910","20220927162000","383","0","桃園市","龜山區","121.365","25.045","252"
"2046","383911","20220927162000","2558","0","桃園市","龜山區","121.370","25.045","2192"
"343","383912","20220927162000","543","0","桃園市","龜山區","121.375","25.045","351"
"1815","383913","20220927162000","2766","0","桃園市","龜山區","121.370","25.050","1962"
"6618","383914","20220927162000","4734","2","桃園市","龜山區","121.375","25.050","6603"
"1061","383915","20220927162000","997","1","桃園市","龜山區","121.370","25.055","1083"
"1751","383916","20220927162000","1765","0","桃園市","龜山區","121.375","25.055","1744"
"425","383919","20220927162000","642","0","桃園市","龜山區","121.360","25.000","417"
"259","383920","20220927162000","200","2","桃園市","龜山區","121.365","25.000","254"
"472","383922","20220927162000","488","0","桃園市","龜山區","121.340","25.000","465"
"373","383924","20220927162000","295","2","桃園市","龜山區","121.340","25.005","372"
"994","383928","20220927162000","859","1","桃園市","龜山區","121.365","25.005","905"
"430","383930","20220927162000","380","1","桃園市","龜山區","121.355","25.010","446"
"404","383939","20220927162000","535","0","桃園市","龜山區","121.360","25.020","402"
"969","383940","20220927162000","1024","0","桃園市","龜山區","121.365","25.015","993"
"140","383941","20220927162000","200","0","桃園市","龜山區","121.370","25.020","162"
"164","383945","20220927162000","141","1","桃園市","龜山區","121.365","25.020","135"
"28","383952","20220927162000","33","0","桃園市","龜山區","121.380","25.025","24"
"1622","383958","20220927162000","1148","2","桃園市","龜山區","121.335","24.995","1451"
"242","383959","20220927162000","468","0","桃園市","龜山區","121.345","25.005","226"
"456","383962","20220927162000","438","1","桃園市","龜山區","121.345","25.010","456"
"319","383966","20220927162000","299","1","桃園市","龜山區","121.345","25.015","327"
"402","383978","20220927162000","435","0","桃園市","龜山區","121.350","25.020","413"
"51","383987","20220927162000","38","2","桃園市","龜山區","121.345","25.030","36"
"176","383989","20220927162000","147","1","桃園市","龜山區","121.355","25.030","194"
"100","383991","20220927162000","166","0","桃園市","龜山區","121.380","25.020","114"
"328","383995","20220927162000","628","0","桃園市","龜山區","121.385","25.025","361"
"216","383996","20220927162000","234","0","桃園市","龜山區","121.390","25.025","159"
"21","383997","20220927162000","11","3","桃園市","龜山區","121.395","25.025","21"
"2202","384001","20220927162000","2083","1","桃園市","龜山區","121.390","25.030","2533"
"838","384003","20220927162000","1013","0","桃園市","龜山區","121.385","25.035","984"
"1603","384004","20220927162000","1205","2","桃園市","龜山區","121.390","25.035","1400"
"30","384008","20220927162000","16","3","桃園市","龜山區","121.385","25.040","36"
"563","384009","20220927162000","743","0","桃園市","龜山區","121.390","25.040","626"
"1400","384015","20220927162000","2150","0","桃園市","龜山區","121.380","25.050","1538"
"236","384017","20220927162000","450","0","桃園市","龜山區","121.390","25.050","216"
"238","384019","20220927162000","575","0","桃園市","龜山區","121.380","25.055","225"
"7362","384021","20220927162000","8060","0","臺北市","中山區","121.525","25.050","7565"
"8780","384022","20220927162000","9411","0","臺北市","中山區","121.530","25.055","8783"
"637","384040","20220927162000","715","0","桃園市","大園區","121.185","25.045","639"
"614","384041","20220927162000","365","3","桃園市","大園區","121.190","25.045","493"
"20","384045","20220927162000","56","0","桃園市","大園區","121.180","25.055","10"
"118","384058","20220927162000","146","0","桃園市","龜山區","121.355","24.995","131"
"523","384060","20220927162000","413","2","桃園市","龜山區","121.355","25.000","523"
"1937","384064","20220927162000","1699","1","新北市","永和區","121.510","25.020","1626"
"2505","384065","20220927162000","2741","0","臺北市","中正區","121.515","25.025","2534"
"1329","384066","20220927162000","2519","0","臺北市","中正區","121.525","25.020","1285"
"2415","384067","20220927162000","3361","0","臺北市","中正區","121.515","25.040","2718"
"14856","384068","20220927162000","17248","0","臺北市","中正區","121.515","25.045","14862"
"12514","384069","20220927162000","12145","1","臺北市","中山區","121.535","25.055","12526"
"1228","384070","20220927162000","1313","0","臺北市","文山區","121.560","25.005","1202"
"321","384071","20220927162000","373","0","臺北市","大安區","121.560","25.010","347"
"640","384072","20220927162000","1092","0","桃園市","桃園區","121.310","24.995","571"
"6743","384073","20220927162000","6179","1","臺北市","中山區","121.535","25.045","6672"
"4732","384074","20220927162000","6741","0","臺北市","中山區","121.535","25.050","4715"
"5993","384075","20220927162000","5691","1","臺北市","中正區","121.515","25.030","5899"
"5045","384076","20220927162000","6023","0","臺北市","信義區","121.565","25.025","5213"
"1289","384077","20220927162000","1384","0","臺北市","信義區","121.575","25.045","1264"
"210","384078","20220927162000","328","0","臺北市","信義區","121.585","25.035","232"
"570","384079","20220927162000","683","0","臺北市","信義區","121.565","25.020","597"
"758","384081","20220927162000","939","0","桃園市","桃園區","121.290","25.010","627"
"945","384082","20220927162000","1281","0","桃園市","桃園區","121.285","25.015","992"
"814","384083","20220927162000","702","1","桃園市","桃園區","121.290","25.015","828"
"6338","384084","20220927162000","8091","0","臺北市","中正區","121.525","25.045","6361"
"6257","384085","20220927162000","5832","1","臺北市","中正區","121.530","25.045","6807"
"2897","384086","20220927162000","3691","0","臺北市","中正區","121.530","25.010","2748"
"6694","384087","20220927162000","7848","0","臺北市","中山區","121.525","25.055","6589"
"4185","384088","20220927162000","4056","1","臺北市","中山區","121.540","25.045","4191"
"4543","384089","20220927162000","5205","0","臺北市","大安區","121.540","25.040","4566"
"3980","384090","20220927162000","4309","0","臺北市","中正區","121.520","25.030","3912"
"3750","384091","20220927162000","3725","1","臺北市","中正區","121.520","25.035","3646"
"10924","384092","20220927162000","10584","1","臺北市","中正區","121.520","25.040","11108"
"9754","384093","20220927162000","10111","0","臺北市","中正區","121.525","25.040","9497"
"238","384094","20220927162000","666","0","臺北市","中正區","121.525","25.015","239"
"1591","384100","20220927162000","845","3","桃園市","中壢區","121.200","25.000","1563"
"32","384101","20220927162000","194","0","桃園市","中壢區","121.205","25.000","18"
"528","384103","20220927162000","261","3","桃園市","中壢區","121.200","25.005","543"
"1052","384104","20220927162000","1293","0","新北市","泰山區","121.420","25.030","1088"
"322","384106","20220927162000","314","1","新北市","泰山區","121.425","25.035","298"
"2332","384109","20220927162000","2308","1","新北市","泰山區","121.420","25.040","2330"
"764","384111","20220927162000","785","0","新北市","泰山區","121.425","25.040","840"
"3198","384112","20220927162000","2778","1","新北市","泰山區","121.430","25.040","3461"
"202","384113","20220927162000","92","3","桃園市","龜山區","121.330","24.995","144"
"397","384129","20220927162000","250","3","桃園市","龜山區","121.375","25.010","314"
"692","384131","20220927162000","628","1","桃園市","龜山區","121.385","25.010","710"
"348","384132","20220927162000","281","2","桃園市","龜山區","121.390","25.010","368"
"1382","384140","20220927162000","1296","1","桃園市","龜山區","121.395","25.020","1366"
"539","384141","20220927162000","508","1","桃園市","龜山區","121.400","25.020","530"
"1133","384142","20220927162000","1007","1","桃園市","龜山區","121.340","24.995","1140"
"1743","384145","20220927162000","1567","1","桃園市","龜山區","121.345","25.000","1827"
"9847","384146","20220927162000","11127","0","臺北市","中山區","121.520","25.055","9611"
"762","384147","20220927162000","1140","0","桃園市","桃園區","121.305","25.025","775"
"109","384149","20220927162000","66","3","桃園市","新屋區","121.030","25.000","86"
"208","384152","20220927162000","239","0","桃園市","新屋區","121.030","25.005","198"
"113","384164","20220927162000","98","1","桃園市","新屋區","121.060","24.995","106"
"148","384167","20220927162000","151","0","桃園市","新屋區","121.060","25.000","179"
"427","384185","20220927162000","525","0","桃園市","新屋區","121.075","25.005","508"
"238","384188","20220927162000","694","0","桃園市","桃園區","121.325","25.000","169"
"405","384189","20220927162000","396","1","桃園市","桃園區","121.320","25.005","303"
"1171","384190","20220927162000","1011","1","桃園市","桃園區","121.325","25.005","1171"
"2376","384194","20220927162000","2968","0","臺北市","中正區","121.510","25.025","2384"
"10","384200","20220927162000","18","0","新北市","貢寮區","121.920","25.040","10"
"41","384227","20220927162000","61","0","新北市","貢寮區","121.955","25.005","63"
"38","384234","20220927162000","72","0","新北市","貢寮區","121.950","25.010","83"
"354","384241","20220927162000","271","2","新北市","貢寮區","121.945","25.015","381"
"87","384254","20220927162000","73","1","新北市","貢寮區","121.970","25.025","68"
"15","384264","20220927162000","55","0","新北市","貢寮區","121.890","25.020","15"
"293","384267","20220927162000","348","0","新北市","貢寮區","121.905","25.020","324"
"24","384270","20220927162000","39","0","新北市","貢寮區","121.900","25.025","28"
"18","384288","20220927162000","16","1","新北市","貢寮區","121.930","25.000","16"
"184","384299","20220927162000","147","2","新北市","貢寮區","121.920","25.010","146"
"46","384306","20220927162000","52","0","新北市","貢寮區","121.930","25.015","55"
"34","384338","20220927162000","25","2","新北市","貢寮區","121.905","25.010","32"
"361","384342","20220927162000","298","2","新北市","貢寮區","121.945","25.020","342"
"131","384349","20220927162000","87","3","新北市","貢寮區","121.930","25.030","96"
"1739","384355","20220927162000","1412","2","桃園市","龜山區","121.400","25.015","1724"
"2589","384356","20220927162000","2615","0","桃園市","龜山區","121.405","25.020","2502"
"251","384362","20220927162000","212","1","桃園市","新屋區","121.045","25.005","257"
"86","384367","20220927162000","267","0","桃園市","桃園區","121.320","24.995","355"
"1498","384368","20220927162000","1374","1","桃園市","桃園區","121.325","24.995","1537"
"1382","384371","20220927162000","1433","0","桃園市","桃園區","121.295","25.000","1450"
"577","384372","20220927162000","436","2","桃園市","桃園區","121.280","25.005","594"
"933","384373","20220927162000","693","2","桃園市","桃園區","121.285","25.005","710"
"1214","384374","20220927162000","2468","0","桃園市","桃園區","121.280","25.010","1228"
"1265","384375","20220927162000","2095","0","桃園市","桃園區","121.300","25.000","1245"
"1009","384376","20220927162000","1066","0","桃園市","桃園區","121.305","25.000","1150"
"1003","384377","20220927162000","909","1","桃園市","桃園區","121.310","25.025","1068"
"364","384378","20220927162000","318","1","桃園市","桃園區","121.310","25.020","372"
"690","384379","20220927162000","602","1","桃園市","桃園區","121.315","25.025","783"
"2183","384382","20220927162000","2196","0","桃園市","桃園區","121.300","25.025","2312"
"1323","384383","20220927162000","1129","1","桃園市","桃園區","121.305","25.020","1251"
"160","384386","20220927162000","128","2","桃園市","桃園區","121.300","25.030","124"
"104","384387","20220927162000","44","3","桃園市","桃園區","121.295","24.995","67"
"3573","384388","20220927162000","4465","0","臺北市","中山區","121.530","25.050","3623"
"2954","384389","20220927162000","2979","0","桃園市","桃園區","121.295","25.025","2947"
"308","384391","20220927162000","316","0","桃園市","蘆竹區","121.295","25.035","285"
"3956","384392","20220927162000","3798","1","桃園市","蘆竹區","121.295","25.040","4018"
"2512","384393","20220927162000","2713","0","桃園市","桃園區","121.300","25.015","2389"
"4607","384394","20220927162000","3663","2","桃園市","桃園區","121.295","25.015","4764"
"2031","384395","20220927162000","1710","1","桃園市","桃園區","121.320","25.010","2099"
"1580","384398","20220927162000","953","3","桃園市","桃園區","121.310","25.000","1635"
"701","384399","20220927162000","598","1","桃園市","桃園區","121.315","25.000","592"
"491","384400","20220927162000","393","2","桃園市","桃園區","121.320","25.000","444"
"795","384401","20220927162000","588","2","桃園市","桃園區","121.310","25.005","818"
"364","384402","20220927162000","238","3","臺北市","南港區","121.590","25.035","414"
"519","384403","20220927162000","292","3","臺北市","大安區","121.550","25.015","445"
"2287","384404","20220927162000","3029","0","臺北市","大安區","121.555","25.020","2279"
"7669","384405","20220927162000","9408","0","臺北市","大安區","121.550","25.020","7702"
"1190","384408","20220927162000","1255","0","桃園市","桃園區","121.305","25.010","1276"
"3201","384409","20220927162000","4772","0","臺北市","中正區","121.530","25.015","3138"
"7506","384410","20220927162000","7117","1","臺北市","中正區","121.525","25.035","7275"
"3880","384411","20220927162000","4974","0","臺北市","中山區","121.540","25.050","3843"
"810","384412","20220927162000","968","0","桃園市","桃園區","121.290","25.020","751"
"5424","384413","20220927162000","6895","0","臺北市","信義區","121.560","25.045","5429"
"165","384415","20220927162000","309","0","桃園市","桃園區","121.300","24.995","143"
"1252","384416","20220927162000","1395","0","桃園市","桃園區","121.290","25.025","1190"
"919","384417","20220927162000","692","2","桃園市","桃園區","121.290","25.005","1006"
"1667","384418","20220927162000","1278","2","桃園市","桃園區","121.295","25.005","1538"
"847","384419","20220927162000","1217","0","桃園市","桃園區","121.295","25.010","711"
"4578","384420","20220927162000","5608","0","臺北市","大同區","121.510","25.055","4657"
"1008","384421","20220927162000","917","1","臺北市","中正區","121.520","25.020","969"
"3763","384422","20220927162000","3426","1","臺北市","信義區","121.570","25.025","3761"
"15","384423","20220927162000","29","0","臺北市","信義區","121.575","25.025","12"
"1832","384424","20220927162000","1825","1","臺北市","信義區","121.570","25.030","1751"
"1385","384425","20220927162000","1865","0","臺北市","信義區","121.575","25.030","1379"
"4911","384426","20220927162000","6158","0","臺北市","大同區","121.515","25.050","4768"
"7843","384427","20220927162000","7288","1","臺北市","中山區","121.520","25.050","7661"
"2628","384428","20220927162000","2801","0","臺北市","大同區","121.515","25.055","2658"
"2622","384429","20220927162000","2282","1","桃園市","桃園區","121.305","24.995","2683"
"1933","384430","20220927162000","1868","1","桃園市","桃園區","121.300","25.005","1994"
"1252","384431","20220927162000","1030","2","臺北市","大同區","121.505","25.050","1072"
"4913","384432","20220927162000","5520","0","臺北市","大同區","121.510","25.050","4911"
"914","384433","20220927162000","1855","0","臺北市","大安區","121.555","25.040","794"
"6994","384434","20220927162000","8350","0","臺北市","大安區","121.555","25.030","6950"
"5726","384435","20220927162000","4667","2","臺北市","大安區","121.530","25.025","5975"
"2038","384436","20220927162000","4302","0","臺北市","大安區","121.525","25.030","1999"
"6356","384437","20220927162000","7005","0","臺北市","大安區","121.525","25.025","5552"
"4458","384438","20220927162000","4564","0","臺北市","大安區","121.545","25.035","4312"
"8384","384439","20220927162000","10192","0","臺北市","大安區","121.545","25.030","8402"
"4930","384440","20220927162000","5724","0","臺北市","大安區","121.555","25.035","4912"
"3923","384441","20220927162000","6654","0","臺北市","大安區","121.550","25.025","3869"
"5257","384442","20220927162000","5003","1","臺北市","中正區","121.530","25.035","5451"
"6342","384443","20220927162000","6796","0","臺北市","中正區","121.510","25.045","6201"
"685","384446","20220927162000","552","2","桃園市","蘆竹區","121.270","25.015","804"
"376","384447","20220927162000","365","1","桃園市","蘆竹區","121.260","25.025","352"
"1060","384448","20220927162000","910","1","桃園市","蘆竹區","121.265","25.020","1181"
"298","384449","20220927162000","332","0","桃園市","蘆竹區","121.270","25.020","210"
"26","384450","20220927162000","19","2","桃園市","蘆竹區","121.270","25.025","20"
"12","384454","20220927162000","23","0","桃園市","蘆竹區","121.255","25.000","20"
"60","384461","20220927162000","141","0","桃園市","蘆竹區","121.260","25.010","46"
"39","384463","20220927162000","154","0","桃園市","蘆竹區","121.250","25.015","23"
"341","384466","20220927162000","452","0","桃園市","蘆竹區","121.250","25.020","413"
"1467","384467","20220927162000","852","3","桃園市","蘆竹區","121.255","25.020","1357"
"1930","384468","20220927162000","1888","1","桃園市","蘆竹區","121.260","25.020","1904"
"2596","384469","20220927162000","2729","0","桃園市","蘆竹區","121.295","25.055","2480"
"951","384473","20220927162000","987","0","桃園市","桃園區","121.305","25.030","1094"
"366","384480","20220927162000","591","0","桃園市","龜山區","121.305","25.035","257"
"537","384489","20220927162000","572","0","桃園市","蘆竹區","121.295","25.045","448"
"1149","384497","20220927162000","2278","0","桃園市","龜山區","121.305","25.045","1211"
"270","384499","20220927162000","905","0","桃園市","龜山區","121.315","25.045","312"
"40","384502","20220927162000","21","3","桃園市","龜山區","121.330","25.045","44"
"345","384507","20220927162000","217","3","桃園市","龜山區","121.320","25.050","419"
"491","384514","20220927162000","362","2","桃園市","龜山區","121.335","25.055","621"
"492","384517","20220927162000","798","0","桃園市","龜山區","121.340","25.035","492"
"287","384521","20220927162000","274","1","桃園市","龜山區","121.345","25.040","270"
"256","384522","20220927162000","272","0","桃園市","龜山區","121.350","25.040","275"
"38","384523","20220927162000","49","0","桃園市","龜山區","121.355","25.040","52"
"817","384525","20220927162000","929","0","桃園市","龜山區","121.350","25.045","779"
"473","384526","20220927162000","661","0","桃園市","龜山區","121.355","25.045","526"
"35","384527","20220927162000","63","0","桃園市","龜山區","121.345","25.050","40"
"756","384528","20220927162000","733","1","桃園市","龜山區","121.350","25.050","772"
"371","384532","20220927162000","256","2","桃園市","龜山區","121.350","25.055","412"
"5413","384533","20220927162000","6641","0","臺北市","信義區","121.570","25.035","5210"
"2329","384534","20220927162000","3002","0","臺北市","信義區","121.575","25.035","2333"
"50","384537","20220927162000","29","3","臺北市","南港區","121.625","25.020","34"
"88","384549","20220927162000","135","0","臺北市","南港區","121.630","25.030","128"
"704","384552","20220927162000","606","1","臺北市","南港區","121.620","25.035","685"
"97","384554","20220927162000","67","2","新北市","汐止區","121.630","25.035","102"
"483","384555","20220927162000","652","0","臺北市","南港區","121.620","25.040","736"
"3450","384556","20220927162000","4580","0","臺北市","信義區","121.575","25.040","3499"
"3328","384557","20220927162000","4036","0","臺北市","南港區","121.585","25.045","3319"
"102","384572","20220927162000","70","2","新北市","雙溪區","121.825","25.025","115"
"24","384597","20220927162000","21","1","新北市","雙溪區","121.850","25.010","14"
"11","384613","20220927162000","56","0","新北市","雙溪區","121.860","25.035","11"
"652","384614","20220927162000","866","0","新北市","雙溪區","121.865","25.035","692"
"52","384624","20220927162000","61","0","新北市","雙溪區","121.830","25.000","71"
"11","384641","20220927162000","46","0","新北市","雙溪區","121.805","25.015","16"
"95","384662","20220927162000","109","0","新北市","雙溪區","121.840","25.035","111"
"211","384679","20220927162000","248","0","新北市","雙溪區","121.865","25.040","260"
"53","384696","20220927162000","43","2","新北市","雙溪區","121.845","24.995","53"
"554","384710","20220927162000","499","1","桃園市","桃園區","121.275","25.020","615"
"415","384711","20220927162000","384","1","桃園市","桃園區","121.280","25.020","438"
"12","384715","20220927162000","234","0","臺北市","信義區","121.560","25.025","17"
"1369","384716","20220927162000","1681","0","臺北市","信義區","121.565","25.030","1295"
"12054","384717","20220927162000","13909","0","臺北市","信義區","121.560","25.030","11495"
"2782","384718","20220927162000","4264","0","臺北市","中正區","121.520","25.025","2724"
"694","384719","20220927162000","980","0","桃園市","大園區","121.210","25.005","613"
"1373","384720","20220927162000","981","2","桃園市","大園區","121.210","25.010","1397"
"2105","384721","20220927162000","1868","1","桃園市","大園區","121.210","25.015","2205"
"1363","384722","20220927162000","929","2","桃園市","大園區","121.210","25.020","1498"
"220","384723","20220927162000","318","0","桃園市","大園區","121.220","25.020","156"
"762","384726","20220927162000","715","1","桃園市","大園區","121.220","25.025","826"
"505","384729","20220927162000","565","0","桃園市","大園區","121.215","25.025","571"
"404","384731","20220927162000","511","0","桃園市","大園區","121.205","25.035","494"
"369","384739","20220927162000","259","2","桃園市","大園區","121.205","25.050","386"
"74","384743","20220927162000","62","1","桃園市","大園區","121.210","25.055","53"
"3404","384744","20220927162000","4207","0","臺北市","信義區","121.580","25.040","3409"
"1198","384745","20220927162000","1652","0","臺北市","中正區","121.510","25.030","1129"
"9646","384746","20220927162000","8691","1","臺北市","中正區","121.520","25.045","10151"
"2251","384747","20220927162000","2981","0","臺北市","中正區","121.505","25.030","2208"
"5942","384748","20220927162000","5695","1","臺北市","中正區","121.510","25.035","6055"
"1733","384749","20220927162000","1700","1","臺北市","中正區","121.515","25.035","1774"
"5755","384750","20220927162000","7595","0","臺北市","中正區","121.510","25.040","5501"
"2305","384751","20220927162000","2144","1","桃園市","桃園區","121.305","25.015","2328"
"1554","384752","20220927162000","1514","1","桃園市","桃園區","121.300","25.020","1562"
"2907","384754","20220927162000","2436","1","桃園市","桃園區","121.295","25.020","2911"
"2215","384756","20220927162000","2534","0","桃園市","桃園區","121.315","25.015","2143"
"463","384757","20220927162000","1109","0","桃園市","桃園區","121.315","25.020","383"
"1676","384759","20220927162000","1591","1","桃園市","桃園區","121.305","25.005","1610"
"3564","384760","20220927162000","4629","0","臺北市","信義區","121.570","25.045","3560"
"424","384761","20220927162000","409","1","臺北市","信義區","121.575","25.015","435"
"537","384763","20220927162000","510","1","臺北市","信義區","121.575","25.020","481"
"342","384770","20220927162000","421","0","桃園市","大園區","121.225","25.015","329"
"494","384775","20220927162000","681","0","桃園市","大園區","121.230","25.020","535"
"186","384776","20220927162000","141","2","桃園市","大園區","121.235","25.020","162"
"279","384777","20220927162000","524","0","桃園市","大園區","121.240","25.020","271"
"187","384783","20220927162000","158","1","桃園市","大園區","121.230","25.025","199"
"170","384787","20220927162000","132","2","桃園市","大園區","121.220","25.035","131"
"511","384788","20220927162000","584","0","桃園市","大園區","121.225","25.035","596"
"506","384790","20220927162000","510","0","桃園市","大園區","121.165","25.050","490"
"583","384794","20220927162000","654","0","桃園市","大園區","121.160","25.055","572"
"326","384798","20220927162000","250","2","桃園市","大園區","121.175","25.055","240"
"299","384806","20220927162000","362","0","桃園市","大園區","121.175","25.030","349"
"262","384811","20220927162000","174","3","桃園市","大園區","121.180","25.035","285"
"262","384818","20220927162000","229","1","桃園市","大園區","121.215","25.035","283"
"381","384824","20220927162000","434","0","桃園市","大園區","121.215","25.045","398"
"103","384830","20220927162000","100","1","桃園市","大園區","121.215","25.055","100"
"498","384831","20220927162000","732","0","桃園市","大園區","121.220","25.055","569"
"4745","384843","20220927162000","6641","0","臺北市","松山區","121.550","25.045","4810"
"1910","384844","20220927162000","2470","0","臺北市","信義區","121.565","25.045","1967"
"111","384845","20220927162000","60","3","臺北市","南港區","121.595","25.035","110"
"5745","384846","20220927162000","5089","1","臺北市","大安區","121.535","25.020","5886"
"1049","384847","20220927162000","1074","0","臺北市","大安區","121.535","25.030","972"
"1127","384848","20220927162000","860","2","臺北市","文山區","121.575","25.000","1097"
"69","384849","20220927162000","94","0","臺北市","文山區","121.590","25.000","79"
"309","384853","20220927162000","345","0","臺北市","文山區","121.585","25.005","301"
"248","384856","20220927162000","195","2","臺北市","文山區","121.570","25.010","236"
"121","384857","20220927162000","137","0","臺北市","文山區","121.575","25.010","120"
"58","384858","20220927162000","68","0","臺北市","文山區","121.580","25.010","44"
"93","384862","20220927162000","77","2","臺北市","文山區","121.590","25.010","76"
"1712","384864","20220927162000","918","3","臺北市","大安區","121.540","25.010","1493"
"2820","384865","20220927162000","2466","1","臺北市","文山區","121.540","25.005","2654"
"1258","384868","20220927162000","1157","1","臺北市","萬華區","121.490","25.035","1125"
"3772","384871","20220927162000","3702","1","臺北市","文山區","121.560","25.000","3722"
"1246","384874","20220927162000","1205","1","臺北市","萬華區","121.495","25.015","1041"
"108","384876","20220927162000","125","0","臺北市","信義區","121.565","25.015","108"
"5131","384878","20220927162000","5499","0","臺北市","大安區","121.550","25.035","4974"
"4398","384879","20220927162000","4129","1","臺北市","中正區","121.530","25.040","4412"
"13962","384880","20220927162000","12106","1","臺北市","大安區","121.550","25.030","13876"
"3633","384881","20220927162000","4042","0","臺北市","信義區","121.555","25.025","3465"
"750","384882","20220927162000","469","3","臺北市","文山區","121.550","24.995","857"
"2137","384883","20220927162000","2056","1","臺北市","文山區","121.550","25.000","2307"
"2764","384884","20220927162000","3385","0","臺北市","萬華區","121.500","25.020","2554"
"4361","384885","20220927162000","4119","1","臺北市","大安區","121.530","25.020","4244"
"6295","384886","20220927162000","6955","0","臺北市","大安區","121.540","25.035","6310"
"245","384888","20220927162000","224","1","臺北市","文山區","121.565","25.000","221"
"265","384889","20220927162000","344","0","臺北市","文山區","121.565","25.005","254"
"645","384890","20220927162000","845","0","臺北市","文山區","121.570","25.005","663"
"224","384893","20220927162000","294","0","臺北市","文山區","121.585","24.995","241"
"350","384895","20220927162000","223","3","臺北市","文山區","121.580","25.000","295"
"150","384896","20220927162000","25","3","臺北市","文山區","121.585","25.000","122"
"673","384897","20220927162000","375","3","新北市","深坑區","121.600","25.000","409"
"3468","384898","20220927162000","4000","0","臺北市","文山區","121.540","24.995","3290"
"205","384899","20220927162000","175","1","臺北市","文山區","121.570","24.995","237"
"1125","384900","20220927162000","1121","1","臺北市","文山區","121.570","25.000","1123"
"3397","384901","20220927162000","3329","1","臺北市","文山區","121.540","25.000","3238"
"423","384903","20220927162000","1192","0","臺北市","萬華區","121.505","25.020","854"
"1272","384904","20220927162000","1197","1","臺北市","文山區","121.555","24.995","1154"
"1399","384905","20220927162000","1085","2","臺北市","文山區","121.560","24.995","1464"
"1437","384906","20220927162000","1621","0","臺北市","文山區","121.555","25.000","1411"
"1087","384907","20220927162000","950","1","臺北市","文山區","121.550","25.005","1117"
"313","384908","20220927162000","247","2","臺北市","大安區","121.550","25.010","307"
"2080","384909","20220927162000","2737","0","臺北市","大安區","121.540","25.015","2135"
"4592","384911","20220927162000","5781","0","臺北市","中正區","121.535","25.010","4292"
"806","384913","20220927162000","1290","0","臺北市","大安區","121.545","25.010","788"
"4426","384914","20220927162000","4517","0","臺北市","大安區","121.535","25.015","4280"
"1021","384916","20220927162000","1126","0","臺北市","大安區","121.545","25.015","954"
"8976","384917","20220927162000","10854","0","臺北市","大安區","121.550","25.040","8894"
"2519","384918","20220927162000","984","3","臺北市","文山區","121.535","24.995","1536"
"4494","384919","20220927162000","4905","0","臺北市","松山區","121.545","25.045","4477"
"3212","384920","20220927162000","3359","0","臺北市","萬華區","121.500","25.040","3145"
"731","384922","20220927162000","646","1","臺北市","萬華區","121.490","25.030","619"
"7197","384923","20220927162000","8231","0","臺北市","萬華區","121.505","25.045","7282"
"1815","384924","20220927162000","2217","0","臺北市","南港區","121.585","25.050","1856"
"1214","384925","20220927162000","1606","0","臺北市","南港區","121.590","25.050","1189"
"655","384926","20220927162000","1040","0","臺北市","南港區","121.590","25.040","725"
"328","384927","20220927162000","435","0","臺北市","南港區","121.590","25.045","353"
"744","384929","20220927162000","829","0","臺北市","南港區","121.595","25.040","752"
"320","384931","20220927162000","578","0","臺北市","南港區","121.595","25.045","314"
"237","384932","20220927162000","267","0","臺北市","南港區","121.600","25.045","219"
"2138","384933","20220927162000","2381","0","臺北市","南港區","121.595","25.050","2048"
"3281","384935","20220927162000","3681","0","臺北市","萬華區","121.495","25.030","3195"
"2135","384936","20220927162000","1254","3","臺北市","萬華區","121.490","25.025","1926"
"722","384937","20220927162000","384","3","臺北市","文山區","121.555","25.010","583"
"118","384938","20220927162000","188","0","臺北市","信義區","121.565","25.010","121"
"1383","384940","20220927162000","1665","0","臺北市","大安區","121.560","25.015","1361"
"6969","384941","20220927162000","6542","1","臺北市","松山區","121.550","25.050","6674"
"708","384942","20220927162000","688","1","臺北市","大安區","121.540","25.020","698"
"175","384943","20220927162000","1931","0","臺北市","大安區","121.540","25.025","156"
"9853","384944","20220927162000","10923","0","臺北市","松山區","121.555","25.050","9485"
"1585","384945","20220927162000","1514","1","臺北市","萬華區","121.495","25.035","1508"
"381","384946","20220927162000","424","0","臺北市","萬華區","121.495","25.040","355"
"531","384947","20220927162000","535","0","臺北市","文山區","121.565","24.995","558"
"5527","384948","20220927162000","5510","1","臺北市","松山區","121.560","25.050","5569"
"4405","384949","20220927162000","6545","0","臺北市","松山區","121.565","25.050","4292"
"1223","384950","20220927162000","887","2","臺北市","萬華區","121.490","25.020","1181"
"1318","384951","20220927162000","1181","1","臺北市","萬華區","121.500","25.030","1233"
"3952","384952","20220927162000","4235","0","臺北市","萬華區","121.505","25.040","4011"
"6170","384955","20220927162000","7031","0","臺北市","大安區","121.535","25.040","6361"
"3731","384956","20220927162000","2592","2","臺北市","松山區","121.555","25.045","3752"
"2086","384957","20220927162000","1936","1","臺北市","松山區","121.575","25.050","2075"
"7024","384958","20220927162000","7721","0","臺北市","南港區","121.580","25.050","7017"
"327","384960","20220927162000","475","0","臺北市","信義區","121.580","25.030","353"
"2110","384961","20220927162000","3188","0","臺北市","信義區","121.580","25.035","2073"
"1461","384962","20220927162000","3482","0","臺北市","信義區","121.580","25.045","1523"
"3426","384963","20220927162000","4885","0","臺北市","萬華區","121.500","25.035","2744"
"6064","384964","20220927162000","7507","0","臺北市","松山區","121.545","25.050","5929"
"1302","384965","20220927162000","1097","1","臺北市","萬華區","121.495","25.020","1345"
"1858","384966","20220927162000","2114","0","臺北市","萬華區","121.500","25.025","1878"
"269","384968","20220927162000","215","2","臺北市","信義區","121.570","25.015","273"
"136","384969","20220927162000","965","0","臺北市","信義區","121.570","25.020","112"
"3012","384970","20220927162000","5779","0","臺北市","信義區","121.560","25.040","2972"
"4275","384971","20220927162000","5414","0","臺北市","大安區","121.535","25.035","4401"
"1386","384972","20220927162000","1265","1","臺北市","文山區","121.545","24.995","1338"
"1156","384973","20220927162000","1050","1","臺北市","大安區","121.555","25.015","1153"
"2807","384974","20220927162000","3122","0","臺北市","大安區","121.540","25.030","2683"
"114","384975","20220927162000","90","2","臺北市","文山區","121.545","25.005","124"
"523","384976","20220927162000","475","1","臺北市","文山區","121.535","25.000","639"
"306","384977","20220927162000","847","0","臺北市","文山區","121.535","25.005","526"
"2632","384978","20220927162000","3145","0","臺北市","萬華區","121.505","25.025","2545"
"1252","384983","20220927162000","1176","1","臺北市","南港區","121.610","25.050","1332"
"270","384984","20220927162000","269","1","臺北市","南港區","121.615","25.050","249"
"2469","384986","20220927162000","2305","1","臺北市","南港區","121.615","25.040","2478"
"889","384987","20220927162000","2271","0","臺北市","南港區","121.615","25.045","859"
"17","384991","20220927162000","10","3","臺北市","南港區","121.590","25.015","13"
"30","384992","20220927162000","22","2","臺北市","南港區","121.595","25.015","27"
"44","384996","20220927162000","39","1","臺北市","南港區","121.600","25.020","42"
"212","384997","20220927162000","233","0","臺北市","南港區","121.605","25.020","187"
"41","385006","20220927162000","38","1","臺北市","南港區","121.620","25.025","30"
"957","385010","20220927162000","757","2","臺北市","南港區","121.610","25.030","946"
"25","385015","20220927162000","330","0","臺北市","南港區","121.615","25.035","19"
"4493","385016","20220927162000","4572","0","臺北市","大安區","121.535","25.025","4625"
"5306","385018","20220927162000","5415","0","臺北市","大安區","121.545","25.020","5762"
"10651","385019","20220927162000","11921","0","臺北市","信義區","121.565","25.040","10460"
"11060","385020","20220927162000","9932","1","臺北市","信義區","121.570","25.040","11127"
"1557","385021","20220927162000","3213","0","臺北市","信義區","121.560","25.035","1402"
"9320","385022","20220927162000","9048","1","臺北市","信義區","121.565","25.035","9260"
"195","385023","20220927162000","157","2","臺北市","文山區","121.555","25.005","186"
"1177","385025","20220927162000","1226","0","臺北市","文山區","121.545","25.000","1415"
"4289","385026","20220927162000","4596","0","臺北市","萬華區","121.505","25.035","4307"
"1577","385027","20220927162000","2073","0","臺北市","萬華區","121.495","25.025","1555"
"9207","385028","20220927162000","10896","0","臺北市","大安區","121.545","25.040","9273"
"1690","385029","20220927162000","1843","0","臺北市","信義區","121.560","25.020","1582"
"46","385032","20220927162000","35","2","臺北市","信義區","121.590","25.030","34"
"2087","385033","20220927162000","2340","0","臺北市","信義區","121.585","25.040","2002"
"4539","385034","20220927162000","4534","1","臺北市","大安區","121.530","25.030","4499"
"4182","385035","20220927162000","3732","1","臺北市","大安區","121.545","25.025","4073"
"124","387378","20220927162000","68","3","新北市","貢寮區","121.920","25.075","73"
"500","391023","20220927162000","556","0","桃園市","大園區","121.240","25.115","508"
"221","392790","20220927162000","591","0","新北市","林口區","121.360","25.135","260"
"860","392791","20220927162000","1366","0","基隆市","中正區(海)","121.745","25.135","1456"
"189","392792","20220927162000","232","0","新北市","瑞芳區","121.805","25.135","206"
"949","393254","20220927162000","740","2","基隆市","中正區(海)","121.750","25.140","843"
"2539","394037","20220927162000","3104","0","基隆市","七堵區","121.700","25.085","2524"
"119","394044","20220927162000","75","3","基隆市","七堵區","121.715","25.105","118"
"29","394049","20220927162000","29","1","基隆市","安樂區","121.710","25.120","36"
"493","394050","20220927162000","675","0","基隆市","中正區","121.760","25.140","577"
"821","394051","20220927162000","758","1","基隆市","中正區","121.755","25.135","801"
"1017","394053","20220927162000","829","2","基隆市","安樂區","121.720","25.125","1006"
"566","394054","20220927162000","867","0","基隆市","中山區","121.730","25.145","571"
"1075","394055","20220927162000","1397","0","新北市","三重區","121.475","25.065","1099"
"1299","394056","20220927162000","965","2","新北市","三重區","121.490","25.070","1387"
"2441","394057","20220927162000","2317","1","新北市","汐止區","121.635","25.065","2417"
"2388","394058","20220927162000","2092","1","新北市","汐止區","121.660","25.065","2339"
"22","394059","20220927162000","28","0","新北市","汐止區","121.665","25.050","40"
"805","394060","20220927162000","569","2","新北市","汐止區","121.670","25.055","670"
"722","394062","20220927162000","979","0","新北市","汐止區","121.665","25.055","774"
"1316","394064","20220927162000","2438","0","新北市","汐止區","121.660","25.060","1273"
"655","394066","20220927162000","510","2","基隆市","七堵區","121.695","25.080","653"
"842","394068","20220927162000","825","1","基隆市","七堵區","121.720","25.100","908"
"930","394069","20220927162000","1505","0","基隆市","中正區","121.750","25.135","934"
"53","394070","20220927162000","374","0","基隆市","中正區","121.755","25.140","264"
"66","394071","20220927162000","48","2","基隆市","中正區","121.795","25.145","73"
"376","394072","20220927162000","388","0","基隆市","中正區","121.770","25.145","399"
"553","394074","20220927162000","633","0","基隆市","暖暖區","121.730","25.095","575"
"624","394075","20220927162000","577","1","基隆市","暖暖區","121.735","25.105","638"
"331","394076","20220927162000","460","0","基隆市","暖暖區","121.735","25.110","292"
"326","394077","20220927162000","419","0","基隆市","暖暖區","121.740","25.100","375"
"646","394078","20220927162000","732","0","基隆市","中山區","121.735","25.135","641"
"314","394082","20220927162000","245","2","基隆市","安樂區","121.705","25.140","264"
"66","394085","20220927162000","44","3","基隆市","安樂區","121.700","25.145","66"
"999","394090","20220927162000","930","1","基隆市","安樂區","121.715","25.125","1044"
"2220","394091","20220927162000","2121","1","基隆市","仁愛區","121.740","25.125","2120"
"621","394092","20220927162000","627","0","臺北市","大同區","121.510","25.070","677"
"2930","394093","20220927162000","2314","2","新北市","三重區","121.500","25.055","2927"
"3462","394094","20220927162000","3748","0","新北市","三重區","121.500","25.065","3588"
"619","394095","20220927162000","866","0","基隆市","中山區","121.740","25.135","647"
"2688","394096","20220927162000","2834","0","基隆市","信義區","121.755","25.130","2517"
"622","394097","20220927162000","678","0","基隆市","仁愛區","121.735","25.125","642"
"306","394098","20220927162000","274","1","基隆市","安樂區","121.725","25.140","323"
"204","394099","20220927162000","752","0","基隆市","安樂區","121.730","25.130","156"
"1861","394102","20220927162000","1872","0","新北市","五股區","121.450","25.105","1966"
"988","394106","20220927162000","885","1","新北市","五股區","121.440","25.090","1064"
"709","394108","20220927162000","591","1","新北市","五股區","121.440","25.095","688"
"213","394109","20220927162000","220","0","新北市","五股區","121.430","25.100","209"
"85","394115","20220927162000","309","0","新北市","五股區","121.445","25.075","123"
"1045","394118","20220927162000","1137","0","新北市","五股區","121.460","25.075","1069"
"1128","394121","20220927162000","807","2","新北市","五股區","121.455","25.080","1069"
"28","394125","20220927162000","73","0","新北市","五股區","121.430","25.085","60"
"1210","394126","20220927162000","1742","0","新北市","五股區","121.435","25.085","1252"
"77","394127","20220927162000","66","1","新北市","五股區","121.420","25.090","74"
"1178","394129","20220927162000","2248","0","新北市","五股區","121.430","25.070","1230"
"1282","394130","20220927162000","1116","1","新北市","五股區","121.435","25.070","1431"
"23","394135","20220927162000","219","0","新北市","五股區","121.425","25.070","288"
"130","394136","20220927162000","49","3","新北市","林口區","121.405","25.075","97"
"135","394138","20220927162000","78","3","新北市","五股區","121.405","25.080","111"
"1647","394139","20220927162000","2538","0","新北市","新莊區","121.450","25.060","1849"
"3840","394141","20220927162000","4618","0","新北市","新莊區","121.455","25.060","3962"
"1713","394142","20220927162000","2117","0","新北市","五股區","121.450","25.070","1769"
"2060","394144","20220927162000","1806","1","新北市","五股區","121.455","25.070","2190"
"1445","394146","20220927162000","1363","1","新北市","五股區","121.465","25.070","1431"
"396","394147","20220927162000","308","2","新北市","五股區","121.465","25.075","315"
"329","394149","20220927162000","347","0","新北市","五股區","121.435","25.105","318"
"206","394150","20220927162000","172","1","新北市","五股區","121.420","25.110","219"
"66","394155","20220927162000","76","0","新北市","五股區","121.420","25.115","69"
"56","394166","20220927162000","40","2","新北市","五股區","121.425","25.120","58"
"137","394170","20220927162000","174","0","新北市","五股區","121.420","25.125","144"
"827","394174","20220927162000","768","1","基隆市","信義區","121.765","25.125","802"
"759","394175","20220927162000","836","0","基隆市","信義區","121.760","25.130","854"
"559","394176","20220927162000","433","2","基隆市","中正區","121.760","25.135","439"
"213","394178","20220927162000","153","2","基隆市","七堵區","121.700","25.070","191"
"494","394179","20220927162000","425","1","基隆市","七堵區","121.695","25.075","489"
"1218","394181","20220927162000","1393","0","基隆市","七堵區","121.715","25.095","1204"
"575","394182","20220927162000","526","1","基隆市","七堵區","121.720","25.095","575"
"659","394185","20220927162000","573","1","基隆市","中山區","121.720","25.140","664"
"1556","394186","20220927162000","1724","0","基隆市","中山區","121.725","25.145","1604"
"684","394187","20220927162000","529","2","新北市","五股區","121.435","25.090","725"
"841","394188","20220927162000","1063","0","新北市","五股區","121.440","25.080","974"
"572","394189","20220927162000","1021","0","新北市","五股區","121.440","25.085","564"
"110","394191","20220927162000","61","3","新北市","五股區","121.415","25.085","84"
"244","394193","20220927162000","266","0","新北市","五股區","121.415","25.090","239"
"228","394196","20220927162000","118","3","新北市","五股區","121.410","25.100","171"
"208","394202","20220927162000","292","0","新北市","五股區","121.405","25.110","240"
"28","394207","20220927162000","93","0","新北市","五股區","121.410","25.110","23"
"54","394208","20220927162000","52","1","新北市","八里區","121.400","25.115","50"
"341","394211","20220927162000","454","0","新北市","五股區","121.425","25.095","350"
"139","394214","20220927162000","504","0","新北市","泰山區","121.435","25.065","24"
"221","394216","20220927162000","243","0","新北市","五股區","121.415","25.075","281"
"89","394218","20220927162000","90","0","新北市","五股區","121.425","25.075","189"
"583","394220","20220927162000","706","0","新北市","五股區","121.435","25.075","773"
"123","394223","20220927162000","138","0","新北市","五股區","121.420","25.080","133"
"731","394226","20220927162000","745","0","新北市","五股區","121.435","25.080","679"
"559","394227","20220927162000","736","0","新北市","五股區","121.445","25.090","782"
"655","394229","20220927162000","472","2","新北市","五股區","121.445","25.095","621"
"67","394230","20220927162000","220","0","新北市","五股區","121.450","25.095","58"
"481","394234","20220927162000","862","0","新北市","五股區","121.450","25.100","474"
"3185","394235","20220927162000","3389","0","新北市","三重區","121.495","25.070","3172"
"2297","394236","20220927162000","2026","1","新北市","三重區","121.500","25.070","2294"
"4198","394237","20220927162000","4690","0","新北市","三重區","121.490","25.065","4096"
"2104","394238","20220927162000","1343","3","基隆市","中正區","121.785","25.135","2242"
"1041","394242","20220927162000","1664","0","基隆市","安樂區","121.720","25.120","1122"
"889","394243","20220927162000","1258","0","新北市","三重區","121.505","25.060","911"
"2328","394244","20220927162000","2969","0","新北市","三重區","121.480","25.060","2412"
"1378","394247","20220927162000","1304","1","新北市","三重區","121.485","25.070","1395"
"1021","394248","20220927162000","508","3","基隆市","中正區","121.790","25.135","888"
"1019","394252","20220927162000","999","1","基隆市","信義區","121.765","25.130","915"
"63","394254","20220927162000","255","0","基隆市","信義區","121.770","25.135","46"
"969","394258","20220927162000","1127","0","基隆市","信義區","121.770","25.130","981"
"665","394259","20220927162000","824","0","基隆市","信義區","121.775","25.130","650"
"49","394262","20220927162000","85","0","基隆市","信義區","121.790","25.115","44"
"189","394265","20220927162000","144","2","基隆市","信義區","121.790","25.120","142"
"446","394266","20220927162000","260","3","基隆市","信義區","121.785","25.125","345"
"1007","394270","20220927162000","1343","0","基隆市","信義區","121.775","25.135","1080"
"481","394272","20220927162000","425","1","基隆市","安樂區","121.725","25.135","434"
"973","394273","20220927162000","1004","0","基隆市","安樂區","121.715","25.140","994"
"1562","394275","20220927162000","2010","0","基隆市","中山區","121.735","25.130","1559"
"266","394276","20220927162000","601","0","基隆市","安樂區","121.725","25.125","230"
"776","394277","20220927162000","739","1","基隆市","安樂區","121.725","25.130","769"
"134","394278","20220927162000","182","0","基隆市","中山區","121.720","25.145","125"
"2588","394280","20220927162000","2967","0","基隆市","仁愛區","121.740","25.130","2610"
"709","394281","20220927162000","672","1","基隆市","安樂區","121.730","25.135","699"
"2475","394282","20220927162000","2182","1","新北市","三重區","121.490","25.075","2387"
"3214","394283","20220927162000","3717","0","新北市","三重區","121.490","25.060","3148"
"1640","394284","20220927162000","1900","0","新北市","三重區","121.495","25.060","1642"
"733","394285","20220927162000","640","1","基隆市","中山區","121.740","25.145","726"
"1103","394288","20220927162000","1133","0","基隆市","安樂區","121.710","25.140","1053"
"1185","394290","20220927162000","1058","1","基隆市","安樂區","121.710","25.150","1108"
"384","394291","20220927162000","227","3","基隆市","中山區","121.715","25.145","407"
"307","394292","20220927162000","429","0","新北市","三重區","121.485","25.065","262"
"455","394293","20220927162000","563","0","臺北市","大同區","121.510","25.075","440"
"3695","394294","20220927162000","3422","1","新北市","三重區","121.500","25.060","3675"
"2895","394295","20220927162000","2486","1","新北市","三重區","121.475","25.055","2840"
"455","394297","20220927162000","384","1","新北市","五股區","121.460","25.070","520"
"2014","394298","20220927162000","1374","2","新北市","三重區","121.470","25.060","1420"
"798","394299","20220927162000","1168","0","新北市","三重區","121.470","25.065","848"
"548","394301","20220927162000","413","2","新北市","三重區","121.505","25.075","469"
"1442","394302","20220927162000","1656","0","新北市","三重區","121.485","25.080","1425"
"189","394303","20220927162000","214","0","基隆市","中山區","121.740","25.140","221"
"1619","394304","20220927162000","1583","1","新北市","三重區","121.470","25.070","1574"
"224","394305","20220927162000","188","1","基隆市","信義區","121.780","25.135","197"
"498","394306","20220927162000","990","0","基隆市","信義區","121.780","25.130","508"
"451","394307","20220927162000","572","0","基隆市","信義區","121.780","25.140","474"
"303","394308","20220927162000","322","0","基隆市","中正區","121.785","25.140","287"
"108","394312","20220927162000","78","2","基隆市","信義區","121.775","25.125","129"
"664","394313","20220927162000","739","0","基隆市","信義區","121.780","25.125","656"
"95","394317","20220927162000","94","1","新北市","瑞芳區","121.760","25.110","103"
"137","394320","20220927162000","121","1","基隆市","信義區","121.765","25.115","108"
"279","394321","20220927162000","180","3","基隆市","信義區","121.765","25.120","220"
"985","394324","20220927162000","1302","0","基隆市","信義區","121.760","25.125","1577"
"1308","394325","20220927162000","1700","0","新北市","三重區","121.490","25.085","1309"
"358","394326","20220927162000","460","0","新北市","三重區","121.490","25.090","506"
"429","394327","20220927162000","65","3","新北市","三重區","121.495","25.090","350"
"1891","394329","20220927162000","1444","2","新北市","三重區","121.475","25.070","1948"
"2016","394330","20220927162000","2404","0","新北市","三重區","121.480","25.070","2164"
"1691","394332","20220927162000","1080","3","新北市","泰山區","121.430","25.065","1825"
"828","394333","20220927162000","1172","0","新北市","泰山區","121.440","25.060","922"
"386","394335","20220927162000","365","1","基隆市","中山區","121.735","25.140","408"
"83","394336","20220927162000","908","0","基隆市","中山區","121.730","25.140","68"
"158","394337","20220927162000","386","0","基隆市","暖暖區","121.735","25.100","106"
"60","394358","20220927162000","83","0","基隆市","暖暖區","121.755","25.075","42"
"45","394364","20220927162000","45","1","基隆市","暖暖區","121.745","25.085","45"
"15","394366","20220927162000","26","0","基隆市","暖暖區","121.755","25.085","15"
"467","394398","20220927162000","339","2","基隆市","暖暖區","121.740","25.090","401"
"22","394401","20220927162000","182","0","基隆市","暖暖區","121.735","25.095","30"
"26","394402","20220927162000","339","0","基隆市","暖暖區","121.740","25.095","16"
"2418","394404","20220927162000","2544","0","基隆市","暖暖區","121.755","25.095","2589"
"53","394405","20220927162000","382","0","基隆市","暖暖區","121.750","25.090","41"
"385","394407","20220927162000","235","3","基隆市","暖暖區","121.750","25.095","336"
"1171","394413","20220927162000","1231","0","基隆市","暖暖區","121.740","25.105","1217"
"468","394418","20220927162000","402","1","基隆市","暖暖區","121.730","25.100","468"
"1115","394422","20220927162000","1136","0","基隆市","安樂區","121.705","25.145","1193"
"1304","394423","20220927162000","733","3","基隆市","安樂區","121.710","25.145","1235"
"1633","394426","20220927162000","2134","0","新北市","三重區","121.490","25.080","1686"
"1433","394427","20220927162000","1585","0","新北市","三重區","121.485","25.075","1473"
"2451","394428","20220927162000","2531","0","新北市","三重區","121.480","25.075","2594"
"110","394429","20220927162000","211","0","基隆市","中山區","121.735","25.145","31"
"3913","394430","20220927162000","4008","0","新北市","三重區","121.495","25.065","4360"
"21","394434","20220927162000","47","0","基隆市","中正區","121.800","25.140","11"
"2728","394435","20220927162000","2739","0","基隆市","仁愛區","121.745","25.125","2741"
"509","394436","20220927162000","711","0","基隆市","仁愛區","121.745","25.120","537"
"2465","394438","20220927162000","2150","1","新北市","三重區","121.485","25.060","2259"
"1098","394441","20220927162000","1019","1","基隆市","暖暖區","121.750","25.100","1108"
"638","394442","20220927162000","617","1","基隆市","安樂區","121.730","25.115","691"
"4700","394444","20220927162000","4037","1","基隆市","安樂區","121.725","25.120","4207"
"710","394447","20220927162000","877","0","新北市","三重區","121.495","25.075","989"
"1331","394450","20220927162000","1497","0","新北市","三重區","121.495","25.085","1404"
"3761","394451","20220927162000","3370","1","新北市","三重區","121.480","25.065","3644"
"287","394458","20220927162000","242","1","基隆市","暖暖區","121.730","25.110","329"
"342","394461","20220927162000","227","3","基隆市","七堵區","121.700","25.075","344"
"310","394464","20220927162000","302","1","基隆市","七堵區","121.705","25.085","305"
"1150","394466","20220927162000","1154","0","基隆市","七堵區","121.705","25.090","1114"
"463","394467","20220927162000","402","1","基隆市","七堵區","121.700","25.095","496"
"437","394470","20220927162000","390","1","基隆市","七堵區","121.665","25.090","441"
"51","394480","20220927162000","45","1","基隆市","七堵區","121.670","25.100","67"
"409","394492","20220927162000","274","2","基隆市","七堵區","121.670","25.105","359"
"42","394500","20220927162000","38","1","基隆市","七堵區","121.660","25.115","50"
"69","394518","20220927162000","73","0","基隆市","七堵區","121.660","25.130","68"
"101","394538","20220927162000","207","0","基隆市","七堵區","121.695","25.085","84"
"1145","394546","20220927162000","1332","0","基隆市","七堵區","121.685","25.075","1113"
"585","394547","20220927162000","377","3","基隆市","七堵區","121.690","25.075","568"
"944","394550","20220927162000","725","2","基隆市","七堵區","121.690","25.085","1024"
"5364","394551","20220927162000","5865","0","基隆市","中正區","121.745","25.130","4958"
"91","394552","20220927162000","230","0","基隆市","仁愛區","121.740","25.120","89"
"3011","394553","20220927162000","2671","1","基隆市","信義區","121.750","25.130","2831"
"278","394554","20220927162000","412","0","基隆市","仁愛區","121.750","25.125","220"
"313","394555","20220927162000","666","0","基隆市","中正區","121.765","25.140","336"
"501","394556","20220927162000","146","3","基隆市","中正區","121.795","25.125","428"
"162","394559","20220927162000","124","2","基隆市","中正區","121.795","25.130","154"
"1025","394564","20220927162000","1256","0","基隆市","中正區","121.790","25.140","1394"
"1249","394565","20220927162000","1030","2","基隆市","中正區","121.795","25.140","1277"
"1830","394567","20220927162000","1422","2","基隆市","中正區","121.760","25.145","1569"
"492","394570","20220927162000","387","2","基隆市","安樂區","121.715","25.120","509"
"699","394576","20220927162000","830","0","基隆市","安樂區","121.715","25.130","779"
"154","394582","20220927162000","165","0","基隆市","仁愛區","121.740","25.110","155"
"199","394583","20220927162000","137","2","基隆市","仁愛區","121.745","25.110","242"
"350","394586","20220927162000","352","0","基隆市","仁愛區","121.745","25.115","353"
"65","394587","20220927162000","40","3","基隆市","仁愛區","121.750","25.115","47"
"20","394590","20220927162000","135","0","基隆市","七堵區","121.710","25.100","401"
"2317","394592","20220927162000","1857","2","基隆市","七堵區","121.715","25.100","2296"
"18","394600","20220927162000","13","2","基隆市","七堵區","121.715","25.075","30"
"1263","394611","20220927162000","1448","0","基隆市","七堵區","121.710","25.090","1188"
"237","394613","20220927162000","428","0","基隆市","七堵區","121.720","25.090","241"
"80","394617","20220927162000","54","2","基隆市","七堵區","121.680","25.100","82"
"235","394625","20220927162000","198","1","基隆市","七堵區","121.695","25.105","212"
"73","394632","20220927162000","63","1","基隆市","七堵區","121.690","25.115","73"
"139","394634","20220927162000","106","2","基隆市","七堵區","121.700","25.115","184"
"39","394645","20220927162000","33","1","基隆市","安樂區","121.700","25.130","37"
"21","394660","20220927162000","81","0","基隆市","七堵區","121.680","25.120","17"
"48","394663","20220927162000","30","3","基隆市","七堵區","121.680","25.125","44"
"210","394685","20220927162000","167","2","新北市","蘆洲區","121.485","25.090","203"
"1180","394686","20220927162000","1246","0","新北市","汐止區","121.630","25.060","1222"
"2655","394687","20220927162000","1050","3","新北市","汐止區","121.620","25.065","2850"
"2128","394688","20220927162000","2223","0","新北市","汐止區","121.625","25.065","2136"
"37","394694","20220927162000","47","0","新北市","八里區","121.415","25.145","37"
"538","394705","20220927162000","944","0","新北市","八里區","121.450","25.140","565"
"91","394716","20220927162000","117","0","新北市","八里區","121.415","25.130","122"
"353","394724","20220927162000","247","2","新北市","八里區","121.410","25.145","300"
"39","394725","20220927162000","178","0","新北市","八里區","121.405","25.150","34"
"353","394726","20220927162000","283","2","新北市","八里區","121.410","25.150","295"
"107","394731","20220927162000","152","0","新北市","八里區","121.405","25.125","112"
"1326","394740","20220927162000","1215","1","新北市","蘆洲區","121.465","25.090","1464"
"2459","394741","20220927162000","2008","2","新北市","蘆洲區","121.460","25.085","2404"
"1030","394742","20220927162000","1178","0","新北市","蘆洲區","121.465","25.085","982"
"857","394743","20220927162000","1623","0","新北市","蘆洲區","121.460","25.090","931"
"286","394744","20220927162000","1596","0","新北市","蘆洲區","121.460","25.095","293"
"190","394745","20220927162000","376","0","新北市","蘆洲區","121.475","25.075","167"
"677","394746","20220927162000","630","1","新北市","蘆洲區","121.475","25.090","637"
"1185","394747","20220927162000","1008","1","新北市","蘆洲區","121.470","25.095","1268"
"93","394748","20220927162000","196","0","新北市","蘆洲區","121.475","25.095","69"
"865","394749","20220927162000","356","3","新北市","蘆洲區","121.470","25.100","773"
"1252","394750","20220927162000","1613","0","新北市","新莊區","121.460","25.060","907"
"2288","394751","20220927162000","2393","0","新北市","新莊區","121.465","25.060","2061"
"1975","394752","20220927162000","1294","3","新北市","五股區","121.465","25.065","1698"
"497","394787","20220927162000","628","0","新北市","瑞芳區","121.770","25.100","522"
"61","394788","20220927162000","101","0","新北市","瑞芳區","121.775","25.100","63"
"82","394798","20220927162000","70","1","新北市","瑞芳區","121.825","25.085","86"
"22","394807","20220927162000","25","0","新北市","瑞芳區","121.805","25.120","13"
"28","394809","20220927162000","41","0","新北市","瑞芳區","121.815","25.120","26"
"431","394810","20220927162000","425","1","新北市","瑞芳區","121.820","25.120","378"
"1001","394819","20220927162000","874","1","新北市","五股區","121.430","25.090","1099"
"2000","394821","20220927162000","1718","1","新北市","八里區","121.395","25.145","2132"
"246","394822","20220927162000","78","3","新北市","八里區","121.390","25.150","195"
"1241","394824","20220927162000","990","2","新北市","八里區","121.400","25.150","1370"
"24","394825","20220927162000","25","0","新北市","八里區","121.395","25.085","22"
"83","394829","20220927162000","63","2","新北市","八里區","121.400","25.100","96"
"187","394833","20220927162000","124","3","新北市","八里區","121.390","25.110","121"
"324","394843","20220927162000","506","0","新北市","林口區","121.375","25.120","329"
"444","394854","20220927162000","529","0","新北市","八里區","121.385","25.130","443"
"1928","394858","20220927162000","1602","2","新北市","瑞芳區","121.805","25.105","1901"
"35","394863","20220927162000","50","0","新北市","瑞芳區","121.795","25.085","53"
"387","394867","20220927162000","242","3","新北市","瑞芳區","121.795","25.090","364"
"912","394873","20220927162000","860","1","新北市","瑞芳區","121.785","25.095","897"
"404","394878","20220927162000","367","1","新北市","瑞芳區","121.790","25.100","400"
"487","394885","20220927162000","387","2","新北市","瑞芳區","121.790","25.110","511"
"44","394888","20220927162000","13","3","新北市","瑞芳區","121.820","25.075","51"
"119","394894","20220927162000","102","1","新北市","瑞芳區","121.825","25.090","96"
"185","394924","20220927162000","141","2","新北市","瑞芳區","121.760","25.100","189"
"47","394926","20220927162000","28","3","新北市","瑞芳區","121.760","25.105","32"
"98","394932","20220927162000","94","1","新北市","瑞芳區","121.775","25.110","91"
"54","394934","20220927162000","47","1","新北市","瑞芳區","121.770","25.115","55"
"512","394937","20220927162000","591","0","新北市","瑞芳區","121.845","25.110","529"
"105","394943","20220927162000","111","0","新北市","瑞芳區","121.830","25.095","114"
"325","394949","20220927162000","354","0","新北市","瑞芳區","121.840","25.095","300"
"326","394954","20220927162000","276","1","新北市","瑞芳區","121.850","25.105","342"
"205","394965","20220927162000","211","0","新北市","瑞芳區","121.815","25.105","208"
"77","394966","20220927162000","99","0","新北市","五股區","121.455","25.115","122"
"437","394972","20220927162000","337","2","新北市","八里區","121.450","25.125","407"
"893","394973","20220927162000","929","0","新北市","八里區","121.455","25.125","988"
"588","394979","20220927162000","517","1","新北市","八里區","121.450","25.130","679"
"506","394985","20220927162000","465","1","新北市","八里區","121.450","25.135","579"
"886","394986","20220927162000","935","0","新北市","汐止區","121.640","25.065","1192"
"1166","394991","20220927162000","1317","0","桃園市","觀音區","121.120","25.060","1230"
"932","394992","20220927162000","1043","0","桃園市","觀音區","121.125","25.060","1013"
"88","394993","20220927162000","357","0","桃園市","觀音區","121.130","25.060","61"
"1156","394996","20220927162000","1076","1","桃園市","觀音區","121.110","25.065","1175"
"1228","395000","20220927162000","1281","0","桃園市","觀音區","121.130","25.065","1259"
"401","395008","20220927162000","510","0","桃園市","觀音區","121.135","25.060","425"
"1840","395014","20220927162000","1977","0","桃園市","蘆竹區","121.285","25.070","1797"
"176","395019","20220927162000","668","0","桃園市","蘆竹區","121.285","25.075","184"
"512","395023","20220927162000","526","0","桃園市","蘆竹區","121.285","25.080","554"
"870","395029","20220927162000","1185","0","桃園市","蘆竹區","121.255","25.110","878"
"487","395030","20220927162000","636","0","桃園市","蘆竹區","121.260","25.110","444"
"278","395031","20220927162000","422","0","桃園市","蘆竹區","121.265","25.110","301"
"427","395032","20220927162000","366","1","桃園市","蘆竹區","121.270","25.110","435"
"175","395038","20220927162000","196","0","桃園市","蘆竹區","121.255","25.115","167"
"632","395042","20220927162000","1151","0","桃園市","蘆竹區","121.295","25.060","584"
"638","395043","20220927162000","532","1","桃園市","蘆竹區","121.300","25.060","648"
"73","395046","20220927162000","33","3","桃園市","蘆竹區","121.315","25.060","58"
"30","395052","20220927162000","21","2","桃園市","蘆竹區","121.305","25.065","23"
"264","395057","20220927162000","319","0","新北市","瑞芳區","121.860","25.125","315"
"276","395083","20220927162000","320","0","新北市","雙溪區","121.875","25.090","114"
"179","395098","20220927162000","35","3","新北市","貢寮區","121.915","25.095","64"
"106","395109","20220927162000","168","0","新北市","貢寮區","121.920","25.105","109"
"267","395119","20220927162000","269","0","新北市","貢寮區","121.925","25.055","303"
"236","395121","20220927162000","262","0","新北市","貢寮區","121.925","25.060","282"
"93","395125","20220927162000","63","2","新北市","貢寮區","121.925","25.065","91"
"941","395129","20220927162000","908","1","新北市","新莊區","121.455","25.065","948"
"1040","395130","20220927162000","954","1","新北市","五股區","121.445","25.065","960"
"391","395131","20220927162000","535","0","新北市","泰山區","121.435","25.060","407"
"1188","395132","20220927162000","1511","0","新北市","汐止區","121.645","25.060","1179"
"1791","395133","20220927162000","1541","1","新北市","汐止區","121.665","25.065","1951"
"360","395134","20220927162000","422","0","桃園市","蘆竹區","121.270","25.060","370"
"879","395135","20220927162000","1237","0","桃園市","蘆竹區","121.275","25.060","899"
"19","395136","20220927162000","289","0","桃園市","蘆竹區","121.280","25.060","14"
"1010","395137","20220927162000","841","2","桃園市","蘆竹區","121.265","25.065","1022"
"957","395141","20220927162000","1155","0","桃園市","蘆竹區","121.270","25.070","1066"
"2220","395143","20220927162000","2460","0","新北市","蘆洲區","121.470","25.090","2113"
"33","395145","20220927162000","89","0","新北市","瑞芳區","121.835","25.110","38"
"29","395147","20220927162000","13","3","新北市","瑞芳區","121.830","25.115","28"
"270","395149","20220927162000","208","2","新北市","瑞芳區","121.840","25.115","306"
"28","395156","20220927162000","140","0","新北市","瑞芳區","121.830","25.125","22"
"101","395157","20220927162000","34","3","新北市","瑞芳區","121.835","25.125","49"
"306","395163","20220927162000","548","0","新北市","瑞芳區","121.815","25.130","299"
"941","395173","20220927162000","963","0","新北市","瑞芳區","121.810","25.105","963"
"2189","395174","20220927162000","2880","0","新北市","泰山區","121.445","25.060","2316"
"2513","395175","20220927162000","2049","2","新北市","五股區","121.450","25.065","2508"
"1646","395176","20220927162000","2006","0","新北市","新莊區","121.460","25.065","1713"
"66","395186","20220927162000","62","1","新北市","萬里區","121.605","25.145","64"
"1945","395203","20220927162000","2102","0","新北市","蘆洲區","121.470","25.085","2029"
"167","395204","20220927162000","234","0","新北市","蘆洲區","121.465","25.095","135"
"37","395205","20220927162000","46","0","新北市","蘆洲區","121.465","25.100","50"
"1906","395206","20220927162000","1565","2","新北市","汐止區","121.630","25.065","2300"
"1165","395207","20220927162000","1142","1","新北市","汐止區","121.630","25.070","1239"
"950","395208","20220927162000","1336","0","新北市","汐止區","121.645","25.065","927"
"64","395223","20220927162000","60","1","新北市","瑞芳區","121.820","25.060","49"
"189","395239","20220927162000","51","3","新北市","瑞芳區","121.840","25.105","150"
"281","395245","20220927162000","315","0","新北市","瑞芳區","121.855","25.105","287"
"266","395253","20220927162000","95","3","新北市","瑞芳區","121.915","25.120","171"
"308","395254","20220927162000","377","0","新北市","瑞芳區","121.915","25.125","283"
"343","395256","20220927162000","283","2","新北市","瑞芳區","121.795","25.110","343"
"48","395257","20220927162000","682","0","新北市","瑞芳區","121.800","25.110","39"
"228","395269","20220927162000","196","1","新北市","泰山區","121.385","25.065","256"
"612","395270","20220927162000","271","3","桃園市","龜山區","121.390","25.060","698"
"302","395273","20220927162000","210","2","新北市","泰山區","121.390","25.065","256"
"910","395280","20220927162000","1080","0","新北市","淡水區","121.465","25.135","837"
"17","395284","20220927162000","36","0","新北市","雙溪區","121.855","25.050","15"
"227","395287","20220927162000","206","1","新北市","雙溪區","121.850","25.055","231"
"2198","395319","20220927162000","2278","0","新北市","三重區","121.495","25.080","2115"
"961","395320","20220927162000","1433","0","新北市","三重區","121.475","25.060","1071"
"418","395322","20220927162000","641","0","新北市","五股區","121.455","25.105","432"
"84","395323","20220927162000","66","2","新北市","五股區","121.450","25.110","63"
"65","395324","20220927162000","104","0","新北市","五股區","121.455","25.110","83"
"285","395329","20220927162000","643","0","新北市","五股區","121.445","25.105","298"
"93","395331","20220927162000","198","0","新北市","五股區","121.445","25.110","117"
"32","395344","20220927162000","91","0","新北市","八里區","121.375","25.140","30"
"312","395346","20220927162000","525","0","新北市","八里區","121.385","25.140","312"
"45","395349","20220927162000","32","2","新北市","瑞芳區","121.800","25.100","66"
"440","395350","20220927162000","491","0","新北市","瑞芳區","121.800","25.105","458"
"282","395351","20220927162000","356","0","新北市","瑞芳區","121.820","25.105","311"
"13","395352","20220927162000","24","0","新北市","瑞芳區","121.825","25.105","12"
"197","395356","20220927162000","324","0","新北市","汐止區","121.670","25.065","207"
"568","395357","20220927162000","819","0","新北市","汐止區","121.670","25.070","577"
"1497","395361","20220927162000","1422","1","桃園市","蘆竹區","121.285","25.060","1478"
"1203","395362","20220927162000","713","3","桃園市","蘆竹區","121.290","25.060","1263"
"314","395363","20220927162000","452","0","桃園市","蘆竹區","121.320","25.060","301"
"569","395367","20220927162000","454","2","桃園市","觀音區","121.140","25.065","537"
"712","395388","20220927162000","364","3","桃園市","蘆竹區","121.265","25.085","705"
"201","395395","20220927162000","243","0","桃園市","蘆竹區","121.265","25.095","220"
"789","395397","20220927162000","470","3","桃園市","蘆竹區","121.275","25.095","778"
"1422","395400","20220927162000","1009","2","桃園市","蘆竹區","121.260","25.100","1518"
"12","395404","20220927162000","30","0","桃園市","蘆竹區","121.280","25.100","12"
"25","395417","20220927162000","15","3","桃園市","蘆竹區","121.330","25.065","27"
"134","395420","20220927162000","82","3","桃園市","蘆竹區","121.325","25.065","134"
"90","395423","20220927162000","44","3","桃園市","蘆竹區","121.340","25.070","134"
"492","395424","20220927162000","389","2","桃園市","蘆竹區","121.345","25.065","639"
"31","395433","20220927162000","170","0","桃園市","蘆竹區","121.315","25.075","21"
"25","395434","20220927162000","88","0","桃園市","蘆竹區","121.320","25.075","14"
"145","395436","20220927162000","83","3","桃園市","蘆竹區","121.330","25.075","166"
"12","395444","20220927162000","10","2","桃園市","蘆竹區","121.345","25.080","10"
"178","395447","20220927162000","193","0","桃園市","蘆竹區","121.300","25.080","184"
"177","395448","20220927162000","152","1","桃園市","蘆竹區","121.305","25.080","182"
"31","395464","20220927162000","48","0","桃園市","蘆竹區","121.325","25.090","40"
"1137","395471","20220927162000","854","2","桃園市","蘆竹區","121.280","25.085","1191"
"848","395473","20220927162000","622","2","桃園市","蘆竹區","121.290","25.085","826"
"16","395480","20220927162000","12","2","桃園市","蘆竹區","121.295","25.095","10"
"1989","395483","20220927162000","2136","0","新北市","蘆洲區","121.470","25.080","1973"
"2791","395484","20220927162000","2906","0","新北市","蘆洲區","121.465","25.080","2830"
"3392","395485","20220927162000","4251","0","新北市","三重區","121.485","25.085","3396"
"1517","395486","20220927162000","1431","1","新北市","蘆洲區","121.455","25.090","1429"
"1443","395487","20220927162000","1411","1","新北市","蘆洲區","121.475","25.080","1345"
"1074","395488","20220927162000","976","1","新北市","汐止區","121.665","25.075","895"
"10017","395489","20220927162000","10378","0","新北市","汐止區","121.650","25.060","10030"
"2256","395490","20220927162000","1644","2","新北市","汐止區","121.655","25.060","2176"
"201","395491","20220927162000","165","2","新北市","汐止區","121.625","25.070","185"
"327","395492","20220927162000","223","2","新北市","汐止區","121.625","25.075","242"
"848","395493","20220927162000","688","2","新北市","汐止區","121.630","25.080","902"
"360","395495","20220927162000","378","0","新北市","汐止區","121.650","25.080","286"
"931","395499","20220927162000","877","1","新北市","汐止區","121.645","25.090","960"
"152","395501","20220927162000","46","3","新北市","汐止區","121.655","25.090","59"
"275","395508","20220927162000","521","0","新北市","汐止區","121.650","25.055","258"
"1367","395509","20220927162000","1453","0","新北市","汐止區","121.655","25.055","1477"
"715","395512","20220927162000","983","0","新北市","汐止區","121.655","25.065","703"
"70","395526","20220927162000","48","2","新北市","汐止區","121.715","25.055","75"
"223","395530","20220927162000","166","2","新北市","汐止區","121.700","25.060","220"
"2786","395539","20220927162000","3023","0","新北市","汐止區","121.635","25.055","2907"
"1643","395541","20220927162000","1736","0","新北市","汐止區","121.635","25.060","1766"
"2538","395542","20220927162000","2260","1","新北市","汐止區","121.640","25.060","2576"
"1932","395544","20220927162000","2478","0","新北市","林口區","121.375","25.070","2276"
"1430","395546","20220927162000","1142","2","新北市","林口區","121.400","25.075","1498"
"1413","395548","20220927162000","1213","1","新北市","林口區","121.400","25.080","1295"
"305","395549","20220927162000","379","0","新北市","林口區","121.400","25.085","322"
"551","395550","20220927162000","486","1","新北市","林口區","121.405","25.085","570"
"88","395553","20220927162000","57","3","新北市","林口區","121.405","25.095","74"
"270","395555","20220927162000","285","0","新北市","林口區","121.405","25.100","221"
"408","395557","20220927162000","314","2","新北市","林口區","121.400","25.065","362"
"2354","395558","20220927162000","2095","1","新北市","林口區","121.390","25.075","2433"
"648","395559","20220927162000","894","0","新北市","林口區","121.395","25.075","712"
"168","395560","20220927162000","154","1","新北市","林口區","121.385","25.090","123"
"933","395561","20220927162000","803","1","新北市","林口區","121.390","25.090","1003"
"533","395565","20220927162000","587","0","新北市","林口區","121.385","25.100","544"
"200","395570","20220927162000","229","0","新北市","林口區","121.385","25.110","224"
"4834","395571","20220927162000","2576","3","新北市","林口區","121.375","25.075","4520"
"867","395572","20220927162000","1114","0","新北市","林口區","121.380","25.075","907"
"1164","395574","20220927162000","1157","1","新北市","林口區","121.370","25.080","1220"
"1324","395575","20220927162000","641","3","新北市","林口區","121.375","25.080","1141"
"1184","395576","20220927162000","543","3","新北市","林口區","121.380","25.080","988"
"682","395579","20220927162000","562","2","新北市","林口區","121.370","25.085","739"
"1218","395580","20220927162000","1568","0","新北市","林口區","121.375","25.085","1330"
"101","395587","20220927162000","120","0","新北市","林口區","121.365","25.110","94"
"58","395603","20220927162000","49","1","新北市","林口區","121.390","25.080","32"
"270","395604","20220927162000","239","1","新北市","林口區","121.385","25.085","301"
"927","395606","20220927162000","541","3","新北市","汐止區","121.655","25.070","605"
"807","395607","20220927162000","1390","0","新北市","汐止區","121.660","25.070","890"
"119","395616","20220927162000","83","2","桃園市","大園區","121.260","25.065","106"
"268","395617","20220927162000","234","1","新北市","汐止區","121.635","25.070","263"
"1420","395618","20220927162000","992","2","新北市","汐止區","121.640","25.070","1338"
"443","395619","20220927162000","346","2","新北市","汐止區","121.640","25.075","375"
"1080","395622","20220927162000","1002","1","新北市","汐止區","121.640","25.080","1147"
"196","395623","20220927162000","171","1","新北市","汐止區","121.635","25.085","189"
"458","395625","20220927162000","362","2","新北市","汐止區","121.635","25.075","328"
"155","395628","20220927162000","128","2","新北市","汐止區","121.640","25.100","144"
"82","395641","20220927162000","52","3","新北市","汐止區","121.620","25.115","80"
"94","395643","20220927162000","64","2","新北市","汐止區","121.630","25.115","81"
"58","395653","20220927162000","58","1","新北市","汐止區","121.605","25.125","48"
"561","395667","20220927162000","379","2","新北市","汐止區","121.615","25.135","401"
"1044","395672","20220927162000","939","1","新北市","淡水區","121.460","25.130","968"
"2379","395673","20220927162000","2971","0","新北市","淡水區","121.460","25.135","2368"
"3633","395675","20220927162000","3936","0","新北市","淡水區","121.460","25.140","3539"
"625","395676","20220927162000","439","2","新北市","淡水區","121.465","25.140","609"
"729","395691","20220927162000","664","1","新北市","汐止區","121.675","25.065","849"
"919","395692","20220927162000","948","0","新北市","汐止區","121.665","25.080","996"
"302","395698","20220927162000","392","0","新北市","汐止區","121.670","25.075","224"
"915","395699","20220927162000","1275","0","新北市","汐止區","121.675","25.075","1164"
"223","395701","20220927162000","170","2","新北市","汐止區","121.610","25.105","216"
"181","395703","20220927162000","145","2","新北市","汐止區","121.605","25.110","142"
"1081","395715","20220927162000","1385","0","新北市","泰山區","121.430","25.060","1142"
"67","395716","20220927162000","326","0","新北市","泰山區","121.425","25.060","65"
"874","395717","20220927162000","1593","0","新北市","泰山區","121.425","25.065","700"
"1864","395718","20220927162000","1766","1","新北市","蘆洲區","121.480","25.090","1823"
"648","395719","20220927162000","773","0","新北市","蘆洲區","121.480","25.095","643"
"79","395724","20220927162000","51","3","桃園市","蘆竹區","121.300","25.100","65"
"267","395727","20220927162000","290","0","新北市","林口區","121.290","25.105","256"
"519","395732","20220927162000","496","1","新北市","林口區","121.315","25.105","434"
"225","395735","20220927162000","175","2","新北市","林口區","121.295","25.110","183"
"97","395748","20220927162000","142","0","新北市","林口區","121.295","25.115","88"
"230","395749","20220927162000","288","0","新北市","林口區","121.300","25.115","232"
"234","395752","20220927162000","283","0","新北市","林口區","121.295","25.120","260"
"1993","395755","20220927162000","2528","0","新北市","林口區","121.385","25.080","2178"
"1017","395756","20220927162000","543","3","新北市","林口區","121.380","25.085","862"
"749","395757","20220927162000","944","0","新北市","林口區","121.375","25.090","832"
"2765","395768","20220927162000","2863","0","新北市","林口區","121.365","25.065","2709"
"2140","395769","20220927162000","1604","2","新北市","汐止區","121.665","25.070","2057"
"610","395773","20220927162000","617","0","新北市","汐止區","121.675","25.070","599"
"895","395774","20220927162000","944","0","新北市","汐止區","121.680","25.070","854"
"264","395775","20220927162000","250","1","新北市","汐止區","121.685","25.070","307"
"244","395777","20220927162000","310","0","新北市","汐止區","121.675","25.080","239"
"140","395784","20220927162000","323","0","新北市","汐止區","121.645","25.080","359"
"44","395791","20220927162000","121","0","新北市","汐止區","121.640","25.095","41"
"361","395805","20220927162000","369","0","新北市","林口區","121.390","25.070","337"
"793","395806","20220927162000","381","3","新北市","林口區","121.385","25.075","730"
"285","395809","20220927162000","301","0","新北市","林口區","121.345","25.085","303"
"91","395828","20220927162000","34","3","新北市","林口區","121.315","25.100","64"
"30","395833","20220927162000","80","0","新北市","林口區","121.340","25.100","23"
"83","395837","20220927162000","25","3","新北市","林口區","121.330","25.105","51"
"3706","395840","20220927162000","2353","3","桃園市","龜山區","121.375","25.065","2794"
"2134","395843","20220927162000","840","3","新北市","林口區","121.360","25.065","1644"
"233","395844","20220927162000","145","3","新北市","林口區","121.350","25.070","217"
"1162","395846","20220927162000","1001","1","新北市","林口區","121.360","25.070","1319"
"3659","395847","20220927162000","2778","2","新北市","林口區","121.370","25.070","3465"
"104","395848","20220927162000","94","1","新北市","林口區","121.345","25.075","110"
"923","395850","20220927162000","740","2","新北市","林口區","121.355","25.075","1018"
"1828","395853","20220927162000","862","3","新北市","林口區","121.370","25.075","1616"
"741","395854","20220927162000","1029","0","新北市","林口區","121.350","25.080","770"
"394","395858","20220927162000","352","1","新北市","林口區","121.345","25.100","392"
"105","395862","20220927162000","99","1","新北市","林口區","121.340","25.105","104"
"163","395869","20220927162000","98","3","新北市","林口區","121.340","25.110","138"
"281","395881","20220927162000","273","1","新北市","林口區","121.320","25.115","289"
"25","395883","20220927162000","28","0","新北市","林口區","121.330","25.115","33"
"186","395900","20220927162000","117","3","新北市","林口區","121.345","25.125","207"
"4351","395909","20220927162000","4723","0","新北市","蘆洲區","121.480","25.080","4444"
"81","395910","20220927162000","205","0","新北市","蘆洲區","121.455","25.085","76"
"2888","395911","20220927162000","2522","1","新北市","林口區","121.365","25.070","3217"
"46","395919","20220927162000","42","1","新北市","平溪區","121.770","25.050","42"
"100","395949","20220927162000","68","2","新北市","平溪區","121.790","25.070","75"
"1861","395961","20220927162000","1815","1","新北市","汐止區","121.630","25.055","1927"
"1489","395962","20220927162000","1608","0","新北市","汐止區","121.625","25.060","1610"
"1193","395965","20220927162000","1682","0","新北市","蘆洲區","121.470","25.075","1201"
"7698","395966","20220927162000","6263","2","桃園市","龜山區","121.370","25.060","6866"
"1728","395968","20220927162000","1494","1","桃園市","龜山區","121.380","25.060","1851"
"2085","395969","20220927162000","1238","3","桃園市","龜山區","121.375","25.060","2137"
"8284","395972","20220927162000","10745","0","臺北市","中山區","121.530","25.060","8226"
"1179","395973","20220927162000","1057","1","桃園市","大園區","121.245","25.105","1142"
"20","395977","20220927162000","17","1","桃園市","大園區","121.250","25.110","18"
"706","395980","20220927162000","705","1","桃園市","大園區","121.180","25.065","735"
"720","395981","20220927162000","951","0","桃園市","大園區","121.190","25.060","786"
"404","395982","20220927162000","271","2","桃園市","大園區","121.195","25.060","293"
"480","395983","20220927162000","525","0","桃園市","大園區","121.185","25.065","472"
"799","395984","20220927162000","847","0","桃園市","大園區","121.190","25.065","777"
"1514","395990","20220927162000","1663","0","桃園市","大園區","121.250","25.095","1494"
"64","395991","20220927162000","43","2","桃園市","大園區","121.255","25.095","48"
"44","395992","20220927162000","65","0","桃園市","大園區","121.235","25.100","52"
"723","395998","20220927162000","1022","0","桃園市","大園區","121.260","25.070","758"
"866","395999","20220927162000","678","2","桃園市","大園區","121.255","25.075","654"
"1688","396009","20220927162000","1913","0","臺北市","中山區","121.530","25.070","1886"
"16","396010","20220927162000","196","0","臺北市","中山區","121.540","25.075","21"
"2951","396012","20220927162000","3691","0","臺北市","中山區","121.530","25.065","3045"
"5375","396013","20220927162000","6817","0","臺北市","中山區","121.540","25.060","5594"
"272","396014","20220927162000","269","1","臺北市","中山區","121.555","25.075","270"
"1615","396015","20220927162000","1726","0","臺北市","中山區","121.550","25.080","1703"
"2650","396016","20220927162000","2063","2","臺北市","中山區","121.555","25.080","2645"
"1619","396018","20220927162000","1454","1","臺北市","中山區","121.525","25.080","1548"
"202","396020","20220927162000","301","0","臺北市","中山區","121.535","25.080","232"
"1544","396021","20220927162000","1716","0","臺北市","中山區","121.540","25.080","1469"
"66","396022","20220927162000","187","0","臺北市","中山區","121.535","25.085","75"
"1816","396025","20220927162000","1731","1","新北市","蘆洲區","121.480","25.085","1730"
"1438","396033","20220927162000","1842","0","新北市","泰山區","121.420","25.065","1216"
"427","396035","20220927162000","158","3","新北市","泰山區","121.440","25.065","363"
"86","396038","20220927162000","120","0","新北市","泰山區","121.410","25.070","85"
"145","396040","20220927162000","209","0","新北市","淡水區","121.460","25.145","149"
"1904","396044","20220927162000","2272","0","臺北市","大同區","121.510","25.065","1886"
"2153","396045","20220927162000","2313","0","臺北市","大同區","121.515","25.075","2236"
"3342","396046","20220927162000","3102","1","臺北市","大同區","121.510","25.060","3338"
"5544","396047","20220927162000","5305","1","臺北市","松山區","121.545","25.060","5606"
"7442","396048","20220927162000","8815","0","臺北市","中山區","121.525","25.060","7550"
"1542","396049","20220927162000","1515","1","新北市","蘆洲區","121.460","25.080","1205"
"2367","396050","20220927162000","2334","1","新北市","蘆洲區","121.475","25.085","2371"
"416","396053","20220927162000","528","0","新北市","貢寮區","121.920","25.050","428"
"23","396054","20220927162000","118","0","新北市","貢寮區","121.925","25.050","15"
"24","396057","20220927162000","32","0","新北市","貢寮區","121.900","25.050","36"
"53","396059","20220927162000","49","1","新北市","貢寮區","121.890","25.055","41"
"84","396074","20220927162000","61","2","新北市","貢寮區","121.900","25.065","81"
"546","396088","20220927162000","319","3","新北市","瑞芳區","121.805","25.110","537"
"119","396089","20220927162000","68","3","新北市","瑞芳區","121.810","25.110","109"
"1581","396099","20220927162000","1103","2","桃園市","龜山區","121.385","25.060","1109"
"1856","396100","20220927162000","2100","0","臺北市","中山區","121.540","25.055","1822"
"1225","396101","20220927162000","1512","0","臺北市","松山區","121.540","25.070","1278"
"1397","396102","20220927162000","1594","0","臺北市","中山區","121.535","25.070","1241"
"278","396103","20220927162000","148","3","臺北市","內湖區","121.615","25.075","284"
"3051","396104","20220927162000","3281","0","臺北市","內湖區","121.610","25.070","2981"
"2406","396105","20220927162000","2292","1","臺北市","北投區","121.500","25.140","2400"
"1259","396106","20220927162000","1926","0","臺北市","北投區","121.505","25.140","1349"
"501","396112","20220927162000","357","2","臺北市","北投區","121.485","25.115","416"
"164","396118","20220927162000","180","0","臺北市","北投區","121.485","25.120","139"
"2323","396121","20220927162000","2585","0","臺北市","北投區","121.500","25.120","2273"
"3924","396123","20220927162000","3009","2","臺北市","北投區","121.500","25.125","3860"
"2360","396124","20220927162000","2154","1","臺北市","北投區","121.510","25.115","2362"
"2502","396126","20220927162000","3016","0","臺北市","中山區","121.535","25.065","2634"
"1629","396127","20220927162000","2098","0","臺北市","中山區","121.550","25.085","1622"
"1558","396128","20220927162000","1764","0","臺北市","中山區","121.555","25.085","1309"
"1547","396130","20220927162000","1804","0","新北市","三重區","121.505","25.065","1494"
"1727","396131","20220927162000","2605","0","臺北市","中山區","121.525","25.070","1731"
"1725","396132","20220927162000","1680","1","新北市","三重區","121.505","25.070","1585"
"894","396133","20220927162000","565","3","桃園市","蘆竹區","121.280","25.065","719"
"2056","396134","20220927162000","1921","1","桃園市","蘆竹區","121.285","25.065","2387"
"639","396135","20220927162000","486","2","桃園市","蘆竹區","121.290","25.065","662"
"1215","396136","20220927162000","1071","1","桃園市","蘆竹區","121.275","25.070","1179"
"626","396144","20220927162000","960","0","桃園市","龜山區","121.355","25.060","587"
"3199","396145","20220927162000","4005","0","桃園市","龜山區","121.365","25.060","3326"
"378","396146","20220927162000","336","1","桃園市","蘆竹區","121.340","25.065","303"
"700","396149","20220927162000","535","2","新北市","林口區","121.355","25.065","752"
"218","396150","20220927162000","173","2","桃園市","龜山區","121.355","25.055","215"
"1535","396151","20220927162000","1728","0","新北市","林口區","121.370","25.065","1736"
"2675","396157","20220927162000","2705","0","臺北市","內湖區","121.620","25.070","2585"
"2888","396158","20220927162000","2871","1","臺北市","內湖區","121.595","25.080","2918"
"239","396159","20220927162000","353","0","臺北市","內湖區","121.600","25.080","209"
"29","396164","20220927162000","48","0","臺北市","北投區","121.505","25.150","37"
"421","396165","20220927162000","231","3","臺北市","北投區","121.505","25.125","423"
"861","396166","20220927162000","564","3","臺北市","北投區","121.510","25.125","854"
"1146","396168","20220927162000","942","2","臺北市","北投區","121.505","25.130","1257"
"14","396169","20220927162000","37","0","臺北市","北投區","121.510","25.130","22"
"218","396170","20220927162000","201","1","臺北市","北投區","121.515","25.130","240"
"220","396172","20220927162000","182","2","臺北市","北投區","121.510","25.105","253"
"418","396173","20220927162000","409","1","臺北市","北投區","121.505","25.110","416"
"2174","396175","20220927162000","2454","0","臺北市","南港區","121.595","25.055","2169"
"1150","396176","20220927162000","1771","0","臺北市","南港區","121.600","25.050","1161"
"1131","396177","20220927162000","1540","0","臺北市","南港區","121.590","25.055","1149"
"3457","396178","20220927162000","3601","0","臺北市","內湖區","121.595","25.060","3672"
"679","396179","20220927162000","684","0","臺北市","內湖區","121.600","25.060","719"
"51","396189","20220927162000","38","2","新北市","雙溪區","121.880","25.060","48"
"21","396205","20220927162000","12","3","新北市","雙溪區","121.845","25.060","19"
"20","396211","20220927162000","17","1","新北市","瑞芳區","121.830","25.070","20"
"32","396219","20220927162000","20","3","新北市","雙溪區","121.850","25.075","47"
"1769","396233","20220927162000","2033","0","桃園市","龜山區","121.360","25.060","1901"
"1585","396237","20220927162000","1368","1","臺北市","士林區","121.545","25.100","1459"
"1346","396238","20220927162000","1082","2","臺北市","士林區","121.550","25.100","1060"
"126","396243","20220927162000","139","0","臺北市","士林區","121.560","25.105","123"
"1782","396246","20220927162000","1721","1","臺北市","士林區","121.535","25.105","1709"
"52","396247","20220927162000","100","0","臺北市","士林區","121.545","25.110","54"
"1084","396248","20220927162000","1126","0","臺北市","士林區","121.535","25.110","1115"
"66","396249","20220927162000","58","1","臺北市","士林區","121.550","25.115","48"
"17","396253","20220927162000","17","1","臺北市","士林區","121.570","25.135","12"
"201","396255","20220927162000","151","2","臺北市","士林區","121.560","25.140","202"
"38","396258","20220927162000","53","0","臺北市","士林區","121.555","25.145","41"
"107","396259","20220927162000","158","0","臺北市","士林區","121.560","25.145","142"
"243","396260","20220927162000","271","0","臺北市","士林區","121.565","25.145","212"
"189","396262","20220927162000","183","1","臺北市","士林區","121.555","25.150","170"
"81","396263","20220927162000","72","1","臺北市","士林區","121.560","25.150","90"
"1869","396266","20220927162000","2099","0","臺北市","士林區","121.510","25.085","1753"
"2440","396267","20220927162000","3122","0","臺北市","北投區","121.520","25.110","2368"
"3639","396268","20220927162000","3108","1","臺北市","北投區","121.520","25.115","3679"
"1308","396269","20220927162000","1372","0","臺北市","北投區","121.520","25.105","1300"
"1554","396270","20220927162000","1990","0","臺北市","士林區","121.525","25.100","1603"
"41","396271","20220927162000","32","2","臺北市","士林區","121.545","25.130","33"
"4452","396273","20220927162000","3946","1","臺北市","士林區","121.540","25.135","4448"
"310","396274","20220927162000","332","0","臺北市","士林區","121.545","25.135","296"
"2086","396276","20220927162000","1720","2","臺北市","士林區","121.545","25.140","1985"
"16","396277","20220927162000","15","1","臺北市","士林區","121.550","25.140","12"
"200","396278","20220927162000","131","3","臺北市","士林區","121.550","25.145","184"
"1585","396280","20220927162000","950","3","臺北市","士林區","121.530","25.100","1626"
"672","396281","20220927162000","965","0","臺北市","士林區","121.535","25.100","667"
"2438","396282","20220927162000","1851","2","臺北市","士林區","121.530","25.085","2403"
"120","396283","20220927162000","100","2","臺北市","士林區","121.530","25.090","126"
"1516","396285","20220927162000","1886","0","臺北市","士林區","121.530","25.095","1632"
"589","396286","20220927162000","575","1","臺北市","士林區","121.535","25.095","517"
"1344","396289","20220927162000","1282","1","臺北市","士林區","121.520","25.080","1315"
"3348","396290","20220927162000","2881","1","臺北市","士林區","121.525","25.085","3352"
"296","396294","20220927162000","325","0","臺北市","士林區","121.565","25.105","289"
"9406","396296","20220927162000","9222","1","臺北市","內湖區","121.575","25.075","9210"
"866","396297","20220927162000","609","2","臺北市","內湖區","121.575","25.085","870"
"830","396299","20220927162000","804","1","臺北市","北投區","121.495","25.145","826"
"5965","396301","20220927162000","5746","1","臺北市","士林區","121.525","25.115","5979"
"3814","396302","20220927162000","4163","0","臺北市","內湖區","121.575","25.055","3819"
"2925","396303","20220927162000","3134","0","臺北市","內湖區","121.575","25.060","2749"
"2878","396304","20220927162000","2952","0","臺北市","內湖區","121.585","25.055","2898"
"2652","396305","20220927162000","2997","0","臺北市","內湖區","121.580","25.065","2594"
"1320","396306","20220927162000","1430","0","臺北市","內湖區","121.575","25.065","1332"
"2777","396307","20220927162000","3187","0","臺北市","內湖區","121.575","25.070","2869"
"2005","396308","20220927162000","1741","1","臺北市","內湖區","121.585","25.065","2010"
"4335","396309","20220927162000","5466","0","臺北市","中山區","121.570","25.075","4338"
"3745","396310","20220927162000","3959","0","臺北市","內湖區","121.580","25.070","3695"
"76","396311","20220927162000","44","3","臺北市","內湖區","121.585","25.080","93"
"1953","396312","20220927162000","2675","0","臺北市","內湖區","121.590","25.080","2009"
"542","396313","20220927162000","643","0","臺北市","內湖區","121.585","25.085","565"
"542","396314","20220927162000","465","1","臺北市","內湖區","121.595","25.065","502"
"732","396315","20220927162000","856","0","臺北市","內湖區","121.600","25.065","791"
"2943","396316","20220927162000","4075","0","臺北市","內湖區","121.595","25.070","3041"
"1121","396317","20220927162000","1062","1","臺北市","內湖區","121.600","25.070","1159"
"189","396318","20220927162000","133","2","桃園市","大園區","121.200","25.060","151"
"320","396320","20220927162000","206","3","桃園市","大園區","121.200","25.065","288"
"348","396322","20220927162000","296","1","桃園市","大園區","121.200","25.070","397"
"71","396333","20220927162000","206","0","桃園市","大園區","121.230","25.095","92"
"250","396335","20220927162000","208","2","桃園市","大園區","121.210","25.100","267"
"269","396349","20220927162000","221","2","桃園市","大園區","121.230","25.110","280"
"964","396355","20220927162000","1159","0","臺北市","北投區","121.505","25.120","1190"
"1851","396356","20220927162000","1749","1","臺北市","北投區","121.510","25.120","1970"
"592","396357","20220927162000","569","1","臺北市","北投區","121.510","25.135","572"
"654","396358","20220927162000","424","3","臺北市","北投區","121.515","25.135","670"
"315","396360","20220927162000","228","2","臺北市","北投區","121.510","25.140","372"
"139","396361","20220927162000","474","0","臺北市","北投區","121.515","25.140","127"
"374","396363","20220927162000","416","0","臺北市","北投區","121.525","25.145","324"
"900","396366","20220927162000","1164","0","臺北市","北投區","121.485","25.135","923"
"1104","396368","20220927162000","865","2","臺北市","北投區","121.485","25.140","1123"
"3928","396370","20220927162000","4257","0","臺北市","士林區","121.525","25.105","3887"
"3587","396371","20220927162000","3822","0","臺北市","士林區","121.530","25.105","3530"
"2819","396372","20220927162000","3025","0","臺北市","北投區","121.515","25.110","2747"
"1782","396373","20220927162000","1952","0","臺北市","士林區","121.520","25.100","1785"
"1014","396376","20220927162000","1440","0","臺北市","士林區","121.530","25.125","1041"
"319","396377","20220927162000","362","0","臺北市","北投區","121.525","25.130","285"
"604","396378","20220927162000","513","1","臺北市","北投區","121.530","25.130","605"
"19","396380","20220927162000","15","2","臺北市","士林區","121.530","25.135","16"
"2712","396382","20220927162000","3022","0","臺北市","北投區","121.515","25.115","2730"
"1403","396383","20220927162000","1639","0","臺北市","北投區","121.515","25.120","1558"
"2886","396384","20220927162000","3406","0","臺北市","北投區","121.520","25.120","2867"
"3201","396385","20220927162000","3006","1","臺北市","北投區","121.525","25.120","3221"
"1025","396395","20220927162000","1228","0","臺北市","松山區","121.545","25.070","939"
"1156","396397","20220927162000","434","3","臺北市","中山區","121.540","25.065","988"
"768","396398","20220927162000","610","2","臺北市","中山區","121.535","25.075","733"
"558","396399","20220927162000","314","3","臺北市","松山區","121.550","25.075","526"
"4870","396400","20220927162000","5282","0","臺北市","中山區","121.545","25.080","4766"
"2377","396401","20220927162000","1721","2","臺北市","中山區","121.545","25.085","2395"
"1091","396404","20220927162000","927","1","臺北市","北投區","121.495","25.140","1459"
"552","396405","20220927162000","1394","0","臺北市","北投區","121.515","25.105","604"
"6537","396406","20220927162000","8370","0","臺北市","中山區","121.525","25.065","6597"
"3435","396407","20220927162000","3953","0","臺北市","士林區","121.535","25.115","3542"
"1774","396408","20220927162000","2650","0","臺北市","士林區","121.525","25.090","1796"
"645","396409","20220927162000","466","2","臺北市","士林區","121.560","25.115","708"
"353","396410","20220927162000","380","0","臺北市","士林區","121.560","25.120","336"
"84","396412","20220927162000","88","0","臺北市","士林區","121.560","25.125","93"
"145","396416","20220927162000","235","0","臺北市","士林區","121.560","25.135","163"
"3710","396417","20220927162000","4944","0","臺北市","士林區","121.520","25.085","3738"
"2051","396418","20220927162000","2454","0","臺北市","內湖區","121.580","25.080","2123"
"924","396419","20220927162000","852","1","臺北市","內湖區","121.580","25.085","857"
"323","396422","20220927162000","489","0","桃園市","大園區","121.240","25.065","344"
"61","396424","20220927162000","99","0","桃園市","大園區","121.250","25.065","47"
"38","396433","20220927162000","217","0","桃園市","大園區","121.255","25.070","28"
"703","396435","20220927162000","662","1","桃園市","大園區","121.185","25.070","644"
"792","396436","20220927162000","836","0","桃園市","大園區","121.190","25.070","754"
"1428","396438","20220927162000","1057","2","桃園市","大園區","121.175","25.075","1357"
"787","396439","20220927162000","935","0","桃園市","大園區","121.180","25.075","859"
"1293","396440","20220927162000","1186","1","桃園市","大園區","121.185","25.075","1317"
"120","396443","20220927162000","137","0","桃園市","大園區","121.180","25.080","136"
"262","396447","20220927162000","247","1","桃園市","大園區","121.185","25.085","232"
"449","396462","20220927162000","352","2","桃園市","大園區","121.160","25.075","425"
"388","396471","20220927162000","291","2","桃園市","大園區","121.165","25.060","372"
"380","396472","20220927162000","335","1","桃園市","大園區","121.170","25.060","360"
"955","396473","20220927162000","947","1","桃園市","大園區","121.175","25.060","1018"
"886","396496","20220927162000","697","2","桃園市","大園區","121.210","25.060","901"
"947","396505","20220927162000","688","2","桃園市","大園區","121.220","25.070","951"
"3070","396517","20220927162000","2313","2","桃園市","大園區","121.230","25.075","3289"
"279","396518","20220927162000","336","0","桃園市","大園區","121.235","25.075","318"
"1212","396524","20220927162000","1043","1","桃園市","大園區","121.235","25.080","1497"
"1138","396531","20220927162000","1062","1","桃園市","大園區","121.240","25.085","1174"
"1019","396532","20220927162000","836","2","桃園市","大園區","121.245","25.085","988"
"575","396533","20220927162000","619","0","桃園市","大園區","121.250","25.085","746"
"1912","396537","20220927162000","1289","2","桃園市","大園區","121.245","25.090","1775"
"469","396541","20220927162000","362","2","桃園市","大園區","121.240","25.100","455"
"1847","396542","20220927162000","1415","2","桃園市","大園區","121.195","25.065","1707"
"1888","396543","20220927162000","1948","0","桃園市","大園區","121.195","25.070","1886"
"100","396549","20220927162000","250","0","桃園市","大園區","121.235","25.065","117"
"285","396555","20220927162000","369","0","桃園市","大園區","121.200","25.085","276"
"302","396560","20220927162000","261","1","桃園市","大園區","121.225","25.090","306"
"5016","396561","20220927162000","5929","0","臺北市","士林區","121.520","25.095","5026"
"1757","396562","20220927162000","1532","1","臺北市","南港區","121.600","25.055","1567"
"4440","396563","20220927162000","4969","0","臺北市","南港區","121.605","25.055","4496"
"34","396564","20220927162000","40","0","臺北市","內湖區","121.615","25.080","28"
"1008","396567","20220927162000","1153","0","臺北市","內湖區","121.615","25.070","980"
"2591","396568","20220927162000","3057","0","臺北市","內湖區","121.590","25.065","2674"
"570","396569","20220927162000","637","0","臺北市","內湖區","121.585","25.070","529"
"2192","396570","20220927162000","1678","2","臺北市","內湖區","121.590","25.070","2135"
"241","396571","20220927162000","292","0","臺北市","北投區","121.500","25.145","222"
"445","396572","20220927162000","452","0","臺北市","內湖區","121.620","25.075","453"
"109","396574","20220927162000","132","0","新北市","汐止區","121.625","25.080","204"
"83","396576","20220927162000","88","0","臺北市","內湖區","121.625","25.085","87"
"23","396587","20220927162000","43","0","臺北市","內湖區","121.610","25.100","21"
"743","396590","20220927162000","799","0","臺北市","內湖區","121.610","25.065","710"
"519","396592","20220927162000","567","0","臺北市","內湖區","121.605","25.085","532"
"619","396594","20220927162000","688","0","臺北市","內湖區","121.600","25.090","674"
"2368","396603","20220927162000","2765","0","臺北市","北投區","121.500","25.130","2436"
"983","396604","20220927162000","903","1","新北市","汐止區","121.620","25.055","916"
"2213","396605","20220927162000","2593","0","臺北市","士林區","121.505","25.085","2051"
"579","396606","20220927162000","826","0","臺北市","士林區","121.515","25.085","582"
"660","396607","20220927162000","630","1","臺北市","內湖區","121.590","25.085","641"
"1756","396608","20220927162000","1673","1","臺北市","內湖區","121.595","25.085","1749"
"6141","396609","20220927162000","6349","0","臺北市","內湖區","121.575","25.080","6149"
"9045","396611","20220927162000","9381","0","臺北市","北投區","121.470","25.125","9305"
"505","396612","20220927162000","741","0","臺北市","北投區","121.475","25.125","463"
"975","396615","20220927162000","965","1","臺北市","北投區","121.465","25.130","959"
"825","396616","20220927162000","677","2","臺北市","北投區","121.470","25.130","817"
"107","396617","20220927162000","130","0","臺北市","北投區","121.475","25.130","95"
"2510","396619","20220927162000","2324","1","臺北市","北投區","121.470","25.135","2459"
"20","396620","20220927162000","14","2","臺北市","北投區","121.475","25.135","20"
"34","396621","20220927162000","28","2","臺北市","北投區","121.475","25.140","31"
"1723","396622","20220927162000","1691","1","臺北市","南港區","121.610","25.055","1699"
"2276","396623","20220927162000","2475","0","臺北市","內湖區","121.605","25.065","2268"
"6027","396624","20220927162000","6675","0","臺北市","中山區","121.520","25.060","6207"
"505","396625","20220927162000","868","0","臺北市","中山區","121.530","25.075","528"
"377","396626","20220927162000","478","0","臺北市","內湖區","121.570","25.065","351"
"1383","396628","20220927162000","1336","1","臺北市","松山區","121.550","25.070","1222"
"119","396629","20220927162000","139","0","臺北市","松山區","121.555","25.070","110"
"387","396630","20220927162000","429","0","臺北市","松山區","121.560","25.070","400"
"12","396632","20220927162000","51","0","臺北市","中山區","121.565","25.075","17"
"136","396633","20220927162000","2027","0","臺北市","松山區","121.555","25.055","143"
"3258","396634","20220927162000","5322","0","臺北市","松山區","121.570","25.055","3219"
"2701","396635","20220927162000","2609","1","臺北市","士林區","121.530","25.115","2851"
"47","396636","20220927162000","303","0","臺北市","士林區","121.495","25.095","38"
"1720","396637","20220927162000","1850","0","臺北市","士林區","121.500","25.095","1692"
"321","396639","20220927162000","407","0","臺北市","士林區","121.490","25.100","284"
"114","396643","20220927162000","134","0","臺北市","士林區","121.480","25.110","102"
"528","396644","20220927162000","591","0","臺北市","士林區","121.495","25.110","520"
"7309","396647","20220927162000","9374","0","臺北市","松山區","121.550","25.060","7159"
"3396","396648","20220927162000","4112","0","臺北市","松山區","121.555","25.060","3483"
"636","396649","20220927162000","819","0","臺北市","松山區","121.560","25.065","667"
"1622","396650","20220927162000","1934","0","臺北市","松山區","121.555","25.065","1589"
"1180","396651","20220927162000","1149","1","臺北市","中山區","121.545","25.075","1193"
"51","396655","20220927162000","137","0","臺北市","內湖區","121.605","25.080","54"
"1720","396656","20220927162000","1270","2","臺北市","內湖區","121.600","25.085","1736"
"4092","396657","20220927162000","4531","0","臺北市","松山區","121.550","25.065","4666"
"2505","396658","20220927162000","2928","0","臺北市","松山區","121.545","25.065","2569"
"2647","396659","20220927162000","3524","0","臺北市","松山區","121.565","25.055","2743"
"4855","396660","20220927162000","4667","1","臺北市","松山區","121.560","25.060","4803"
"245","396661","20220927162000","1064","0","臺北市","內湖區","121.570","25.060","285"
"2362","396662","20220927162000","2680","0","臺北市","松山區","121.565","25.060","2436"
"265","396663","20220927162000","258","1","臺北市","中山區","121.560","25.075","263"
"858","396665","20220927162000","1033","0","臺北市","松山區","121.570","25.070","845"
"4232","396666","20220927162000","4667","0","臺北市","中山區","121.560","25.080","4183"
"7787","396667","20220927162000","11973","0","臺北市","松山區","121.550","25.055","7443"
"372","396669","20220927162000","503","0","臺北市","士林區","121.535","25.125","400"
"101","396672","20220927162000","104","0","臺北市","士林區","121.535","25.135","94"
"2977","396674","20220927162000","2282","2","臺北市","士林區","121.530","25.120","3014"
"4526","396675","20220927162000","4698","0","臺北市","士林區","121.530","25.110","4593"
"4716","396676","20220927162000","10902","0","臺北市","松山區","121.545","25.055","4857"
"3234","396677","20220927162000","2922","1","臺北市","松山區","121.560","25.055","3195"
"2107","396678","20220927162000","2412","0","臺北市","內湖區","121.580","25.075","2189"
"2001","396680","20220927162000","2029","0","臺北市","內湖區","121.590","25.060","1938"
"1678","396683","20220927162000","1537","1","臺北市","內湖區","121.590","25.090","1694"
"50","396684","20220927162000","13","3","臺北市","內湖區","121.595","25.090","39"
"75","396688","20220927162000","185","0","臺北市","內湖區","121.590","25.100","73"
"150","396690","20220927162000","182","0","臺北市","內湖區","121.580","25.105","102"
"113","396693","20220927162000","121","0","臺北市","內湖區","121.595","25.105","93"
"1768","396701","20220927162000","2755","0","臺北市","北投區","121.495","25.135","1872"
"167","396703","20220927162000","126","2","臺北市","北投區","121.505","25.100","181"
"411","396707","20220927162000","484","0","臺北市","北投區","121.500","25.110","394"
"138","396710","20220927162000","173","0","臺北市","北投區","121.530","25.140","136"
"113","396716","20220927162000","118","0","臺北市","北投區","121.535","25.150","110"
"376","396719","20220927162000","355","1","臺北市","士林區","121.555","25.115","320"
"197","396722","20220927162000","207","0","臺北市","士林區","121.550","25.125","181"
"1624","396727","20220927162000","1767","0","臺北市","士林區","121.510","25.080","1584"
"182","396731","20220927162000","251","0","臺北市","士林區","121.480","25.105","189"
"593","396732","20220927162000","566","1","臺北市","士林區","121.485","25.105","581"
"332","396735","20220927162000","735","0","臺北市","北投區","121.470","25.110","326"
"145","396737","20220927162000","161","0","臺北市","士林區","121.485","25.110","139"
"152","396739","20220927162000","82","3","臺北市","士林區","121.460","25.110","146"
"4192","396740","20220927162000","3966","1","臺北市","大同區","121.515","25.060","4243"
"3054","396741","20220927162000","3971","0","臺北市","中山區","121.520","25.065","3150"
"1266","396742","20220927162000","1326","0","臺北市","內湖區","121.615","25.065","1193"
"2473","396743","20220927162000","2100","1","臺北市","內湖區","121.605","25.070","2492"
"97","396744","20220927162000","298","0","臺北市","內湖區","121.605","25.075","113"
"2690","396745","20220927162000","2583","1","臺北市","內湖區","121.610","25.075","2584"
"499","396746","20220927162000","371","2","臺北市","內湖區","121.585","25.090","478"
"8835","396754","20220927162000","10255","0","臺北市","南港區","121.610","25.060","9687"
"4149","396755","20220927162000","2580","3","臺北市","南港區","121.620","25.060","2587"
"2429","396756","20220927162000","2227","1","臺北市","南港區","121.615","25.060","2345"
"2705","396758","20220927162000","2997","0","臺北市","南港區","121.615","25.055","3898"
"1732","396759","20220927162000","1511","1","臺北市","北投區","121.505","25.145","1774"
"352","396762","20220927162000","608","0","臺北市","北投區","121.465","25.115","396"
"3527","396765","20220927162000","2735","2","臺北市","北投區","121.465","25.120","3037"
"1325","396766","20220927162000","1421","0","臺北市","北投區","121.470","25.120","1278"
"2338","396767","20220927162000","2538","0","臺北市","士林區","121.525","25.095","2386"
"1415","396768","20220927162000","1208","1","臺北市","士林區","121.505","25.090","1387"
"1157","396769","20220927162000","749","3","臺北市","士林區","121.510","25.090","1189"
"584","396771","20220927162000","718","0","新北市","三重區","121.500","25.075","598"
"2665","396773","20220927162000","2778","0","臺北市","內湖區","121.585","25.075","2602"
"1017","396774","20220927162000","944","1","臺北市","內湖區","121.590","25.075","983"
"524","396775","20220927162000","489","1","臺北市","內湖區","121.595","25.075","516"
"585","396776","20220927162000","645","0","臺北市","內湖區","121.600","25.075","567"
"5783","396777","20220927162000","6628","0","臺北市","中山區","121.535","25.060","5969"
"3608","396778","20220927162000","4776","0","臺北市","大同區","121.515","25.070","3675"
"2534","396779","20220927162000","3173","0","臺北市","大同區","121.515","25.065","2488"
"2394","396781","20220927162000","2823","0","臺北市","北投區","121.510","25.110","2361"
"1429","396785","20220927162000","1471","0","臺北市","北投區","121.490","25.145","1507"
"1518","396788","20220927162000","1859","0","臺北市","北投區","121.505","25.115","1535"
"455","396789","20220927162000","551","0","臺北市","北投區","121.515","25.100","464"
"1701","396790","20220927162000","1852","0","臺北市","士林區","121.525","25.110","1747"
"1911","396791","20220927162000","2011","0","臺北市","中山區","121.520","25.070","1740"
"1602","396792","20220927162000","1640","0","臺北市","大同區","121.520","25.075","1562"
"19","396793","20220927162000","779","0","臺北市","士林區","121.515","25.080","19"
"855","396794","20220927162000","915","0","臺北市","內湖區","121.605","25.060","403"
"1379","396798","20220927162000","1264","1","臺北市","內湖區","121.585","25.060","1426"
"2660","396799","20220927162000","2850","0","臺北市","北投區","121.505","25.135","2974"
"103","396802","20220927162000","53","3","臺北市","士林區","121.575","25.120","66"
"14","396803","20220927162000","23","0","臺北市","士林區","121.570","25.125","14"
"206","396804","20220927162000","162","2","臺北市","士林區","121.575","25.125","182"
"38","396806","20220927162000","30","2","臺北市","士林區","121.570","25.130","27"
"118","396807","20220927162000","204","0","臺北市","士林區","121.575","25.130","124"
"26","396809","20220927162000","16","3","臺北市","士林區","121.575","25.135","21"
"47","396812","20220927162000","46","1","臺北市","士林區","121.580","25.140","40"
"644","396819","20220927162000","726","0","臺北市","士林區","121.515","25.090","609"
"3782","396820","20220927162000","3925","0","臺北市","士林區","121.520","25.090","3785"
"2843","396821","20220927162000","2913","0","臺北市","士林區","121.515","25.095","2935"
"2462","396822","20220927162000","2121","1","臺北市","北投區","121.500","25.135","2734"
"2024","396823","20220927162000","1902","1","臺北市","士林區","121.525","25.075","1901"
"613","396824","20220927162000","834","0","臺北市","士林區","121.540","25.110","609"
"549","396826","20220927162000","495","1","臺北市","士林區","121.545","25.115","552"
"285","396828","20220927162000","148","3","臺北市","士林區","121.540","25.125","271"
"530","396831","20220927162000","493","1","臺北市","士林區","121.505","25.095","546"
"975","396832","20220927162000","376","3","臺北市","士林區","121.540","25.095","956"
"1460","396833","20220927162000","1230","1","臺北市","士林區","121.545","25.105","1431"
"314","396834","20220927162000","371","0","臺北市","士林區","121.540","25.105","262"
"109","396839","20220927162000","143","0","臺北市","士林區","121.560","25.110","125"
"64","396841","20220927162000","41","3","臺北市","士林區","121.570","25.110","63"
"88","396848","20220927162000","102","0","臺北市","士林區","121.580","25.115","119"
"47","396852","20220927162000","66","0","臺北市","士林區","121.580","25.120","50"
"67","396853","20220927162000","97","0","臺北市","士林區","121.585","25.120","82"
"423","396856","20220927162000","205","3","新北市","汐止區","121.600","25.120","428"
"2838","396878","20220927162000","3167","0","臺北市","內湖區","121.580","25.055","2834"
"2658","396879","20220927162000","2514","1","臺北市","內湖區","121.580","25.060","2669"
"727","396880","20220927162000","1149","0","臺北市","內湖區","121.565","25.090","794"
"10578","396884","20220927162000","12429","0","臺北市","內湖區","121.565","25.080","10605"
"1159","396885","20220927162000","1359","0","臺北市","內湖區","121.560","25.085","1245"
"3355","396886","20220927162000","3263","1","臺北市","內湖區","121.565","25.085","3316"
"278","396888","20220927162000","307","0","臺北市","內湖區","121.560","25.090","299"
"9043","396890","20220927162000","9433","0","臺北市","內湖區","121.570","25.080","9040"
"918","396891","20220927162000","1181","0","臺北市","內湖區","121.570","25.085","917"
"1871","396892","20220927162000","2511","0","臺北市","松山區","121.570","25.050","1781"
"882","396893","20220927162000","976","0","臺北市","松山區","121.565","25.065","820"
"1059","398951","20220927162000","637","3","新北市","八里區","121.390","25.165","804"
"197","398956","20220927162000","151","2","基隆市","安樂區","121.710","25.165","215"
"129","399938","20220927162000","195","0","基隆市","安樂區","121.710","25.175","143"
"63","402902","20220927162000","101","0","新北市","萬里區","121.680","25.200","57"
"1106","403910","20220927162000","544","3","新北市","萬里區","121.700","25.210","516"
"175","406949","20220927162000","164","1","新北市","金山區","121.635","25.240","185"
"68","409009","20220927162000","93","0","新北市","金山區","121.635","25.255","88"
"112","409527","20220927162000","116","0","新北市","三芝區","121.475","25.260","126"
"439","413221","20220927162000","612","0","新北市","石門區","121.565","25.290","501"
"31","413222","20220927162000","26","1","新北市","石門區","121.590","25.290","33"
"164","413767","20220927162000","163","1","新北市","石門區","121.580","25.295","147"
"253","414894","20220927162000","62","3","基隆市","中正區","121.765","25.145","170"
"366","414895","20220927162000","389","0","基隆市","中正區","121.770","25.155","357"
"527","414896","20220927162000","577","0","基隆市","中正區","121.765","25.155","626"
"549","414897","20220927162000","270","3","基隆市","中正區","121.765","25.160","385"
"1013","414900","20220927162000","976","1","基隆市","中正區","121.780","25.145","1069"
"1417","414901","20220927162000","1305","1","基隆市","中正區","121.775","25.150","1444"
"58","414906","20220927162000","64","0","基隆市","安樂區","121.695","25.150","67"
"604","414907","20220927162000","540","1","基隆市","安樂區","121.700","25.150","557"
"614","414909","20220927162000","621","0","基隆市","安樂區","121.695","25.155","689"
"227","414910","20220927162000","242","0","基隆市","安樂區","121.700","25.155","232"
"178","414912","20220927162000","84","3","基隆市","安樂區","121.695","25.160","160"
"50","414913","20220927162000","145","0","基隆市","安樂區","121.700","25.160","46"
"264","414921","20220927162000","280","0","基隆市","中山區","121.750","25.145","282"
"759","414923","20220927162000","738","1","基隆市","中山區","121.720","25.150","745"
"375","414929","20220927162000","311","2","基隆市","中山區","121.745","25.150","391"
"824","414936","20220927162000","1053","0","新北市","三芝區","121.495","25.250","931"
"157","414948","20220927162000","278","0","新北市","三芝區","121.490","25.270","178"
"567","414949","20220927162000","480","1","基隆市","中山區","121.740","25.150","571"
"370","414951","20220927162000","339","1","基隆市","中山區","121.740","25.155","451"
"238","414985","20220927162000","386","0","新北市","三芝區","121.510","25.215","457"
"106","415028","20220927162000","107","0","新北市","三芝區","121.530","25.230","157"
"1305","415040","20220927162000","1209","1","新北市","三芝區","121.505","25.255","1355"
"424","415041","20220927162000","470","0","新北市","三芝區","121.505","25.260","428"
"19","415042","20220927162000","14","2","新北市","三芝區","121.505","25.245","22"
"2069","415044","20220927162000","1861","1","新北市","三芝區","121.500","25.255","1888"
"14","415049","20220927162000","67","0","新北市","三芝區","121.540","25.190","11"
"336","415063","20220927162000","122","3","新北市","三芝區","121.505","25.205","269"
"1591","415070","20220927162000","1892","0","基隆市","中正區","121.770","25.150","1662"
"16","415072","20220927162000","19","0","基隆市","中山區","121.730","25.150","16"
"185","415078","20220927162000","166","1","新北市","三芝區","121.465","25.240","183"
"411","415083","20220927162000","372","1","新北市","三芝區","121.455","25.245","392"
"92","415087","20220927162000","64","2","新北市","三芝區","121.475","25.245","91"
"211","415093","20220927162000","284","0","新北市","三芝區","121.465","25.250","272"
"409","415100","20220927162000","360","1","新北市","三芝區","121.475","25.250","433"
"52","415103","20220927162000","66","0","新北市","三芝區","121.505","25.265","52"
"1948","415124","20220927162000","635","3","新北市","三芝區","121.535","25.245","1471"
"114","415149","20220927162000","77","2","新北市","三芝區","121.520","25.225","91"
"24","415157","20220927162000","19","2","新北市","三芝區","121.520","25.185","15"
"56","415158","20220927162000","40","2","新北市","三芝區","121.525","25.185","34"
"333","415181","20220927162000","254","2","新北市","三芝區","121.500","25.210","284"
"89","415188","20220927162000","225","0","新北市","三芝區","121.510","25.255","130"
"169","415196","20220927162000","124","2","新北市","三芝區","121.495","25.235","149"
"37","415202","20220927162000","29","2","新北市","三芝區","121.490","25.245","41"
"458","415205","20220927162000","502","0","新北市","三芝區","121.495","25.245","501"
"383","415211","20220927162000","396","0","基隆市","中山區","121.735","25.150","375"
"436","415212","20220927162000","169","3","基隆市","中山區","121.730","25.155","360"
"700","415214","20220927162000","647","1","基隆市","中正區","121.785","25.145","661"
"254","415224","20220927162000","414","0","新北市","八里區","121.415","25.155","271"
"1186","415226","20220927162000","1292","0","新北市","八里區","121.415","25.160","1365"
"847","415229","20220927162000","1026","0","新北市","八里區","121.420","25.160","865"
"142","415237","20220927162000","102","2","新北市","八里區","121.440","25.155","150"
"456","415239","20220927162000","413","1","新北市","八里區","121.430","25.155","453"
"191","415242","20220927162000","249","0","新北市","八里區","121.430","25.160","213"
"559","415250","20220927162000","701","0","新北市","八里區","121.395","25.160","679"
"417","415252","20220927162000","361","1","新北市","八里區","121.405","25.155","381"
"271","415257","20220927162000","298","0","新北市","萬里區","121.675","25.180","291"
"16","415259","20220927162000","33","0","新北市","萬里區","121.685","25.180","13"
"488","415264","20220927162000","349","2","新北市","萬里區","121.640","25.210","462"
"70","415271","20220927162000","57","2","新北市","萬里區","121.645","25.150","80"
"173","415286","20220927162000","165","1","新北市","萬里區","121.665","25.160","177"
"64","415301","20220927162000","57","1","新北市","萬里區","121.625","25.150","69"
"11","415332","20220927162000","14","0","新北市","萬里區","121.615","25.190","25"
"77","415357","20220927162000","93","0","新北市","萬里區","121.620","25.200","189"
"323","415363","20220927162000","350","0","新北市","萬里區","121.650","25.200","241"
"943","415369","20220927162000","887","1","新北市","萬里區","121.690","25.175","939"
"968","415372","20220927162000","703","2","新北市","萬里區","121.690","25.180","853"
"2161","415375","20220927162000","1758","2","新北市","淡水區","121.440","25.175","2002"
"257","415378","20220927162000","335","0","新北市","淡水區","121.450","25.160","264"
"811","415379","20220927162000","649","2","新北市","淡水區","121.455","25.160","806"
"315","415380","20220927162000","392","0","新北市","淡水區","121.460","25.160","282"
"901","415383","20220927162000","757","1","新北市","淡水區","121.450","25.165","865"
"23","415388","20220927162000","230","0","新北市","淡水區","121.445","25.200","23"
"94","415391","20220927162000","48","3","新北市","淡水區","121.430","25.205","73"
"51","415394","20220927162000","140","0","新北市","淡水區","121.445","25.205","49"
"288","415395","20220927162000","364","0","新北市","淡水區","121.450","25.205","334"
"363","415396","20220927162000","301","2","新北市","淡水區","121.455","25.205","403"
"153","415398","20220927162000","128","1","新北市","淡水區","121.440","25.210","142"
"305","415408","20220927162000","421","0","新北市","淡水區","121.460","25.215","326"
"36","415409","20220927162000","33","1","新北市","淡水區","121.465","25.215","46"
"19","415410","20220927162000","25","0","新北市","淡水區","121.440","25.220","31"
"373","415412","20220927162000","348","1","新北市","淡水區","121.450","25.220","387"
"81","415437","20220927162000","135","0","新北市","石門區","121.580","25.245","58"
"290","415462","20220927162000","53","3","新北市","石門區","121.530","25.285","206"
"86","415465","20220927162000","181","0","新北市","石門區","121.535","25.290","171"
"460","415468","20220927162000","612","0","新北市","石門區","121.540","25.290","452"
"112","415521","20220927162000","150","0","新北市","石門區","121.550","25.285","108"
"166","415532","20220927162000","262","0","新北市","石門區","121.515","25.275","154"
"39","415541","20220927162000","40","0","新北市","石門區","121.515","25.285","31"
"263","415546","20220927162000","105","3","新北市","石門區","121.570","25.255","246"
"148","415568","20220927162000","203","0","新北市","石門區","121.550","25.255","125"
"27","415594","20220927162000","81","0","新北市","石門區","121.595","25.270","46"
"84","415595","20220927162000","80","1","新北市","石門區","121.590","25.275","99"
"393","415599","20220927162000","376","1","新北市","石門區","121.590","25.285","402"
"59","415623","20220927162000","40","2","新北市","石門區","121.600","25.280","34"
"134","415625","20220927162000","130","1","新北市","石門區","121.610","25.280","112"
"38","415630","20220927162000","58","0","新北市","萬里區","121.685","25.165","41"
"230","415649","20220927162000","180","2","新北市","萬里區","121.655","25.200","274"
"674","415654","20220927162000","674","1","新北市","萬里區","121.690","25.200","804"
"70","415655","20220927162000","76","0","新北市","萬里區","121.655","25.205","80"
"258","415656","20220927162000","263","0","新北市","萬里區","121.660","25.205","244"
"227","415657","20220927162000","143","3","新北市","萬里區","121.690","25.205","250"
"29","415664","20220927162000","17","3","新北市","淡水區","121.465","25.175","26"
"193","415674","20220927162000","186","1","新北市","淡水區","121.520","25.175","133"
"49","415676","20220927162000","43","1","新北市","淡水區","121.480","25.180","36"
"119","415677","20220927162000","71","3","新北市","淡水區","121.485","25.180","108"
"165","415685","20220927162000","132","2","新北市","淡水區","121.470","25.185","152"
"86","415687","20220927162000","98","0","新北市","淡水區","121.480","25.185","63"
"359","415688","20220927162000","535","0","新北市","淡水區","121.485","25.185","389"
"139","415696","20220927162000","184","0","新北市","淡水區","121.475","25.190","138"
"150","415697","20220927162000","93","3","新北市","淡水區","121.490","25.190","154"
"26","415699","20220927162000","16","3","新北市","淡水區","121.500","25.190","23"
"525","415701","20220927162000","834","0","新北市","淡水區","121.440","25.180","414"
"184","415706","20220927162000","182","1","新北市","淡水區","121.485","25.165","150"
"65","415713","20220927162000","57","1","新北市","淡水區","121.485","25.170","59"
"122","415717","20220927162000","77","3","新北市","淡水區","121.485","25.175","108"
"88","415718","20220927162000","567","0","新北市","淡水區","121.415","25.180","51"
"112","415720","20220927162000","88","2","新北市","淡水區","121.410","25.185","93"
"1380","415722","20220927162000","1039","2","新北市","淡水區","121.420","25.185","1285"
"790","415723","20220927162000","798","0","新北市","淡水區","121.425","25.185","782"
"730","415724","20220927162000","868","0","新北市","淡水區","121.430","25.185","725"
"412","415730","20220927162000","280","2","新北市","淡水區","121.430","25.190","427"
"70","415731","20220927162000","28","3","新北市","淡水區","121.420","25.195","57"
"784","415732","20220927162000","574","2","新北市","淡水區","121.425","25.195","714"
"585","415734","20220927162000","657","0","新北市","淡水區","121.420","25.175","537"
"106","415735","20220927162000","66","3","新北市","淡水區","121.425","25.175","101"
"102","415737","20220927162000","104","0","新北市","淡水區","121.430","25.180","126"
"41","415738","20220927162000","23","3","新北市","淡水區","121.475","25.210","45"
"47","415743","20220927162000","25","3","新北市","淡水區","121.475","25.215","35"
"44","415744","20220927162000","27","3","新北市","淡水區","121.480","25.215","30"
"152","415745","20220927162000","245","0","新北市","淡水區","121.485","25.215","156"
"38","415753","20220927162000","109","0","新北市","淡水區","121.445","25.225","41"
"224","415754","20220927162000","394","0","新北市","淡水區","121.450","25.225","214"
"114","415755","20220927162000","126","0","新北市","淡水區","121.455","25.225","86"
"71","415761","20220927162000","90","0","新北市","淡水區","121.445","25.230","37"
"152","415762","20220927162000","112","2","新北市","淡水區","121.450","25.230","143"
"173","415775","20220927162000","175","0","新北市","萬里區","121.635","25.165","147"
"121","415799","20220927162000","69","3","新北市","萬里區","121.650","25.175","103"
"267","415830","20220927162000","256","1","新北市","萬里區","121.685","25.190","331"
"150","415832","20220927162000","123","2","新北市","萬里區","121.680","25.195","159"
"535","415838","20220927162000","456","1","新北市","淡水區","121.430","25.175","541"
"1811","415839","20220927162000","1910","0","新北市","淡水區","121.435","25.175","1909"
"1166","415840","20220927162000","1282","0","新北市","淡水區","121.435","25.180","1147"
"863","415841","20220927162000","921","0","新北市","淡水區","121.435","25.170","895"
"247","415852","20220927162000","204","2","新北市","三芝區","121.480","25.235","220"
"2607","415853","20220927162000","2468","1","新北市","淡水區","121.445","25.175","2809"
"5081","415854","20220927162000","6549","0","新北市","淡水區","121.450","25.175","5557"
"1948","415857","20220927162000","2055","0","新北市","淡水區","121.460","25.155","1839"
"917","415860","20220927162000","882","1","新北市","淡水區","121.455","25.155","1115"
"341","415861","20220927162000","546","0","新北市","淡水區","121.465","25.160","300"
"330","415870","20220927162000","152","3","新北市","金山區","121.615","25.240","228"
"90","415905","20220927162000","52","3","新北市","金山區","121.590","25.235","60"
"1136","415910","20220927162000","1441","0","新北市","淡水區","121.445","25.180","1232"
"1393","415911","20220927162000","1541","0","新北市","淡水區","121.450","25.180","1266"
"48","415912","20220927162000","100","0","新北市","淡水區","121.455","25.180","31"
"861","415916","20220927162000","1026","0","新北市","淡水區","121.445","25.185","756"
"37","415918","20220927162000","30","2","新北市","淡水區","121.455","25.185","18"
"1066","415921","20220927162000","1045","1","新北市","淡水區","121.455","25.175","951"
"2572","415922","20220927162000","2710","0","新北市","淡水區","121.440","25.170","2560"
"166","415924","20220927162000","163","1","新北市","淡水區","121.485","25.155","219"
"244","415927","20220927162000","311","0","新北市","淡水區","121.485","25.160","268"
"164","415931","20220927162000","223","0","新北市","淡水區","121.470","25.165","159"
"413","415932","20220927162000","443","0","新北市","淡水區","121.440","25.190","355"
"1409","415933","20220927162000","1360","1","新北市","淡水區","121.445","25.190","1580"
"293","415936","20220927162000","447","0","新北市","淡水區","121.460","25.190","347"
"1055","415942","20220927162000","1383","0","新北市","淡水區","121.450","25.200","1078"
"383","415944","20220927162000","412","0","新北市","淡水區","121.460","25.200","386"
"512","415946","20220927162000","603","0","新北市","淡水區","121.420","25.180","557"
"1485","415947","20220927162000","1346","1","新北市","淡水區","121.450","25.170","1451"
"415","415948","20220927162000","598","0","新北市","淡水區","121.455","25.170","434"
"328","415951","20220927162000","354","0","新北市","淡水區","121.455","25.235","318"
"563","415961","20220927162000","543","1","新北市","淡水區","121.435","25.185","619"
"205","415962","20220927162000","255","0","新北市","淡水區","121.440","25.185","243"
"1250","415963","20220927162000","1037","2","新北市","淡水區","121.435","25.190","1314"
"528","415964","20220927162000","403","2","新北市","淡水區","121.430","25.195","533"
"369","415968","20220927162000","273","2","新北市","淡水區","121.430","25.200","352"
"1366","415969","20220927162000","1183","1","新北市","淡水區","121.435","25.200","1314"
"237","415971","20220927162000","224","1","新北市","淡水區","121.425","25.205","247"
"67","415972","20220927162000","49","2","新北市","淡水區","121.435","25.205","43"
"159","415975","20220927162000","381","0","新北市","淡水區","121.445","25.170","120"
"33","415977","20220927162000","34","0","新北市","淡水區","121.485","25.190","30"
"44","415979","20220927162000","91","0","新北市","淡水區","121.470","25.195","30"
"161","415984","20220927162000","197","0","新北市","淡水區","121.470","25.200","154"
"143","415986","20220927162000","140","1","新北市","淡水區","121.480","25.200","138"
"1101","416009","20220927162000","1395","0","新北市","金山區","121.640","25.220","1140"
"56","416022","20220927162000","65","0","新北市","金山區","121.625","25.270","72"
"352","416030","20220927162000","429","0","新北市","金山區","121.640","25.225","400"
"351","416031","20220927162000","231","3","新北市","金山區","121.645","25.225","250"
"177","416033","20220927162000","185","0","新北市","金山區","121.645","25.230","196"
"81","416038","20220927162000","65","2","臺北市","北投區","121.500","25.155","93"
"280","416050","20220927162000","325","0","新北市","金山區","121.630","25.225","276"
"273","416051","20220927162000","237","1","新北市","金山區","121.635","25.225","292"
"257","416060","20220927162000","209","2","新北市","金山區","121.615","25.245","265"
"136","416062","20220927162000","90","3","新北市","金山區","121.605","25.245","88"
"58","416063","20220927162000","52","1","新北市","金山區","121.610","25.245","43"
"15","416066","20220927162000","16","0","新北市","金山區","121.605","25.250","15"
"35","416067","20220927162000","45","0","新北市","金山區","121.610","25.250","36"
"168","416122","20220927162000","156","1","新北市","金山區","121.595","25.200","173"
"496","416123","20220927162000","216","3","新北市","金山區","121.600","25.200","372"
"134","416146","20220927162000","125","1","新北市","金山區","121.600","25.215","124"
"581","416155","20220927162000","719","0","新北市","金山區","121.630","25.220","593"
"944","416156","20220927162000","577","3","新北市","金山區","121.635","25.220","844"
"62","416160","20220927162000","101","0","臺北市","士林區","121.555","25.155","61"
"15","416161","20220927162000","23","0","臺北市","士林區","121.560","25.155","13"
"27","416162","20220927162000","27","1","臺北市","士林區","121.565","25.155","18"
"87","416168","20220927162000","74","1","臺北市","士林區","121.575","25.165","79"
"49","416182","20220927162000","76","0","臺北市","士林區","121.570","25.190","84"
"76","416192","20220927162000","80","0","臺北市","北投區","121.530","25.155","79"
"2174","416202","20220927162000","2428","0","新北市","淡水區","121.445","25.165","2126"
"253","416204","20220927162000","198","2","臺北市","北投區","121.540","25.155","251"
"293","416205","20220927162000","323","0","臺北市","北投區","121.545","25.150","250"
"16","416209","20220927162000","89","0","臺北市","北投區","121.545","25.155","22"
"25","416212","20220927162000","33","0","臺北市","北投區","121.540","25.160","25"
"64","416213","20220927162000","51","2","臺北市","北投區","121.545","25.160","51"
"335","416221","20220927162000","147","3","臺北市","北投區","121.540","25.165","299"
"451","416225","20220927162000","154","3","臺北市","北投區","121.560","25.165","408"
"111","416236","20220927162000","208","0","臺北市","北投區","121.535","25.175","97"
"142","416246","20220927162000","162","0","臺北市","北投區","121.545","25.180","124"
"170","416251","20220927162000","192","0","臺北市","北投區","121.535","25.185","139"
"48","416275","20220927162000","94","0","臺北市","北投區","121.490","25.155","44"
"11","616904","20220927162000","28","0","金門縣","金城鎮","118.320","24.390","16"
"15","617429","20220927162000","257","0","金門縣","金城鎮","118.305","24.400","24"
"1169","617430","20220927162000","946","2","金門縣","金城鎮","118.310","24.400","1141"
"387","617700","20220927162000","309","2","金門縣","金城鎮","118.305","24.405","375"
"304","617704","20220927162000","231","2","金門縣","金城鎮","118.325","24.405","367"
"15","617966","20220927162000","23","0","金門縣","烈嶼鄉","118.225","24.405","23"
"67","617974","20220927162000","72","0","金門縣","金城鎮","118.290","24.405","64"
"218","617990","20220927162000","186","1","金門縣","金湖鎮","118.430","24.410","235"
"382","618255","20220927162000","302","2","金門縣","金城鎮","118.285","24.410","288"
"122","618257","20220927162000","292","0","金門縣","金城鎮","118.295","24.410","121"
"129","618258","20220927162000","153","0","金門縣","金城鎮","118.300","24.410","137"
"51","618259","20220927162000","40","2","金門縣","金城鎮","118.305","24.410","50"
"74","618260","20220927162000","50","2","金門縣","金城鎮","118.310","24.410","55"
"173","618263","20220927162000","177","0","金門縣","金城鎮","118.325","24.410","183"
"615","618264","20220927162000","460","2","金門縣","金城鎮","118.330","24.410","617"
"196","618266","20220927162000","150","2","金門縣","金城鎮","118.335","24.410","194"
"391","618273","20220927162000","374","1","金門縣","金湖鎮","118.435","24.415","294"
"571","618274","20220927162000","551","1","金門縣","金湖鎮","118.440","24.415","500"
"51","618530","20220927162000","280","0","金門縣","烈嶼鄉","118.230","24.415","69"
"366","618532","20220927162000","649","0","金門縣","烈嶼鄉","118.240","24.415","363"
"277","618541","20220927162000","349","0","金門縣","金城鎮","118.290","24.415","272"
"463","618545","20220927162000","558","0","金門縣","金城鎮","118.310","24.415","503"
"562","618547","20220927162000","693","0","金門縣","金城鎮","118.315","24.415","562"
"277","618552","20220927162000","148","3","金門縣","金寧鄉","118.340","24.415","268"
"161","618560","20220927162000","152","1","金門縣","金湖鎮","118.440","24.420","156"
"492","618813","20220927162000","493","0","金門縣","烈嶼鄉","118.220","24.420","557"
"24","618818","20220927162000","36","0","金門縣","烈嶼鄉","118.245","24.420","45"
"20","618832","20220927162000","768","0","金門縣","金城鎮","118.310","24.420","26"
"115","618833","20220927162000","97","1","金門縣","金城鎮","118.315","24.420","122"
"44","618834","20220927162000","74","0","金門縣","金城鎮","118.320","24.420","46"
"46","618835","20220927162000","38","2","金門縣","金城鎮","118.325","24.420","43"
"264","618836","20220927162000","142","3","金門縣","金寧鄉","118.330","24.420","236"
"30","618838","20220927162000","12","3","金門縣","金寧鄉","118.340","24.420","40"
"310","618851","20220927162000","254","2","金門縣","金湖鎮","118.440","24.425","279"
"1429","619113","20220927162000","1380","1","金門縣","烈嶼鄉","118.245","24.425","1700"
"398","619116","20220927162000","229","3","金門縣","烈嶼鄉","118.260","24.425","391"
"136","619117","20220927162000","71","3","金門縣","烈嶼鄉","118.265","24.425","142"
"68","619126","20220927162000","44","3","金門縣","金城鎮","118.315","24.425","77"
"1650","619127","20220927162000","1259","2","金門縣","金城鎮","118.320","24.425","1634"
"23","619131","20220927162000","200","0","金門縣","金寧鄉","118.340","24.425","27"
"121","619133","20220927162000","133","0","金門縣","金寧鄉","118.350","24.425","122"
"417","619146","20220927162000","430","0","金門縣","金湖鎮","118.430","24.425","387"
"112","619151","20220927162000","93","2","金門縣","金湖鎮","118.455","24.430","101"
"37","619406","20220927162000","54","0","金門縣","烈嶼鄉","118.230","24.430","65"
"89","619420","20220927162000","1733","0","金門縣","金城鎮","118.310","24.430","123"
"1073","619421","20220927162000","1389","0","金門縣","金城鎮","118.315","24.430","1077"
"1038","619422","20220927162000","1311","0","金門縣","金城鎮","118.320","24.430","1110"
"92","619424","20220927162000","87","1","金門縣","金寧鄉","118.330","24.430","99"
"1003","619426","20220927162000","829","2","金門縣","金寧鄉","118.340","24.430","932"
"79","619430","20220927162000","62","2","金門縣","金寧鄉","118.360","24.430","96"
"365","619440","20220927162000","777","0","金門縣","金湖鎮","118.410","24.430","339"
"381","619442","20220927162000","390","0","金門縣","金湖鎮","118.420","24.430","371"
"422","619709","20220927162000","332","2","金門縣","烈嶼鄉","118.255","24.435","332"
"33","619710","20220927162000","21","3","金門縣","烈嶼鄉","118.260","24.435","25"
"428","619718","20220927162000","415","1","金門縣","金城鎮","118.310","24.435","503"
"3238","619719","20220927162000","3238","1","金門縣","金城鎮","118.315","24.435","3173"
"26","619721","20220927162000","956","0","金門縣","金城鎮","118.325","24.435","34"
"256","619722","20220927162000","298","0","金門縣","金寧鄉","118.330","24.435","122"
"70","619726","20220927162000","71","0","金門縣","金寧鄉","118.350","24.435","66"
"98","619728","20220927162000","28","3","金門縣","金寧鄉","118.360","24.435","93"
"714","619729","20220927162000","577","2","金門縣","金湖鎮","118.365","24.435","656"
"152","619731","20220927162000","89","3","金門縣","金湖鎮","118.375","24.435","130"
"129","619734","20220927162000","166","0","金門縣","金湖鎮","118.390","24.435","147"
"724","619737","20220927162000","1341","0","金門縣","金湖鎮","118.405","24.435","751"
"44","619739","20220927162000","94","0","金門縣","金湖鎮","118.415","24.435","44"
"102","619747","20220927162000","97","1","金門縣","金湖鎮","118.455","24.435","94"
"596","620010","20220927162000","300","3","金門縣","金城鎮","118.310","24.440","589"
"3930","620011","20220927162000","2430","3","金門縣","金城鎮","118.315","24.440","3955"
"723","620012","20220927162000","527","2","金門縣","金寧鄉","118.320","24.440","731"
"93","620013","20220927162000","82","1","金門縣","金城鎮","118.325","24.440","101"
"33","620015","20220927162000","529","0","金門縣","金寧鄉","118.335","24.440","34"
"11","620020","20220927162000","204","0","金門縣","金寧鄉","118.360","24.440","12"
"128","620024","20220927162000","97","2","金門縣","金湖鎮","118.380","24.440","119"
"568","620025","20220927162000","711","0","金門縣","金湖鎮","118.385","24.440","545"
"138","620027","20220927162000","58","3","金門縣","金湖鎮","118.395","24.440","163"
"54","620029","20220927162000","142","0","金門縣","金湖鎮","118.405","24.440","48"
"1419","620031","20220927162000","3721","0","金門縣","金湖鎮","118.415","24.440","1405"
"1396","620032","20220927162000","2034","0","金門縣","金湖鎮","118.420","24.440","1464"
"20","620037","20220927162000","166","0","金門縣","金湖鎮","118.445","24.440","21"
"26","620040","20220927162000","86","0","金門縣","金湖鎮","118.460","24.440","22"
"67","620293","20220927162000","340","0","金門縣","烈嶼鄉","118.240","24.440","68"
"704","620304","20220927162000","611","1","金門縣","金寧鄉","118.310","24.445","684"
"187","620306","20220927162000","192","0","金門縣","金寧鄉","118.320","24.445","180"
"40","620312","20220927162000","501","0","金門縣","金寧鄉","118.350","24.445","32"
"58","620317","20220927162000","418","0","金門縣","金湖鎮","118.375","24.445","45"
"376","620318","20220927162000","289","2","金門縣","金湖鎮","118.380","24.445","386"
"35","620323","20220927162000","22","3","金門縣","金湖鎮","118.405","24.445","39"
"126","620326","20220927162000","44","3","金門縣","金湖鎮","118.420","24.445","150"
"33","620327","20220927162000","350","0","金門縣","金湖鎮","118.425","24.445","36"
"32","620335","20220927162000","15","3","金門縣","金湖鎮","118.465","24.445","22"
"150","620336","20220927162000","147","1","金門縣","金湖鎮","118.470","24.445","117"
"142","620593","20220927162000","147","0","金門縣","烈嶼鄉","118.250","24.445","157"
"80","620594","20220927162000","80","1","金門縣","烈嶼鄉","118.255","24.445","93"
"371","620595","20220927162000","46","3","金門縣","烈嶼鄉","118.260","24.445","373"
"299","620604","20220927162000","354","0","金門縣","金寧鄉","118.305","24.450","290"
"666","620605","20220927162000","291","3","金門縣","金寧鄉","118.310","24.450","618"
"692","620607","20220927162000","638","1","金門縣","金寧鄉","118.320","24.450","671"
"606","620608","20220927162000","352","3","金門縣","金寧鄉","118.325","24.450","615"
"1297","620609","20220927162000","1472","0","金門縣","金寧鄉","118.330","24.450","1297"
"581","620610","20220927162000","577","1","金門縣","金寧鄉","118.335","24.450","721"
"351","620611","20220927162000","405","0","金門縣","金寧鄉","118.340","24.450","242"
"57","620613","20220927162000","47","2","金門縣","金寧鄉","118.350","24.450","65"
"115","620618","20220927162000","75","3","金門縣","金湖鎮","118.375","24.450","123"
"98","620625","20220927162000","67","2","金門縣","金湖鎮","118.410","24.450","185"
"10","620634","20220927162000","134","0","金門縣","金沙鎮","118.455","24.450","20"
"469","620912","20220927162000","239","3","金門縣","金寧鄉","118.335","24.455","509"
"333","620919","20220927162000","247","2","金門縣","金湖鎮","118.370","24.455","342"
"349","620920","20220927162000","302","1","金門縣","金湖鎮","118.375","24.455","373"
"438","620921","20220927162000","341","2","金門縣","金湖鎮","118.380","24.455","472"
"94","620922","20220927162000","61","3","金門縣","金湖鎮","118.385","24.455","65"
"32","620927","20220927162000","37","0","金門縣","金湖鎮","118.410","24.455","27"
"57","620928","20220927162000","47","2","金門縣","金湖鎮","118.415","24.455","55"
"13","620930","20220927162000","17","0","金門縣","金湖鎮","118.425","24.455","23"
"461","621210","20220927162000","514","0","金門縣","金寧鄉","118.305","24.455","490"
"41","621214","20220927162000","631","0","金門縣","金寧鄉","118.325","24.455","31"
"245","621221","20220927162000","231","1","金門縣","金寧鄉","118.360","24.460","240"
"19","621226","20220927162000","16","1","金門縣","金沙鎮","118.385","24.460","30"
"209","621230","20220927162000","220","0","金門縣","金沙鎮","118.405","24.460","155"
"103","621231","20220927162000","565","0","金門縣","金湖鎮","118.410","24.460","108"
"92","621233","20220927162000","38","3","金門縣","金湖鎮","118.420","24.460","76"
"22","621239","20220927162000","27","0","金門縣","金沙鎮","118.450","24.460","27"
"547","621509","20220927162000","661","0","金門縣","金寧鄉","118.315","24.460","526"
"169","621510","20220927162000","178","0","金門縣","金寧鄉","118.320","24.460","151"
"224","621511","20220927162000","149","3","金門縣","金寧鄉","118.325","24.460","228"
"25","621523","20220927162000","129","0","金門縣","金沙鎮","118.385","24.465","11"
"69","621530","20220927162000","37","3","金門縣","金湖鎮","118.420","24.465","41"
"60","621533","20220927162000","109","0","金門縣","金沙鎮","118.435","24.465","81"
"92","621534","20220927162000","77","1","金門縣","金沙鎮","118.440","24.465","90"
"191","621810","20220927162000","231","0","金門縣","金沙鎮","118.390","24.465","187"
"73","621816","20220927162000","752","0","金門縣","金沙鎮","118.420","24.470","60"
"354","621823","20220927162000","286","2","金門縣","金沙鎮","118.455","24.470","357"
"341","622075","20220927162000","12","3","金門縣","金寧鄉","118.295","24.470","286"
"571","622079","20220927162000","518","1","金門縣","金寧鄉","118.315","24.470","693"
"320","622096","20220927162000","409","0","金門縣","金沙鎮","118.400","24.470","304"
"16","622101","20220927162000","15","1","金門縣","金沙鎮","118.425","24.475","16"
"52","622102","20220927162000","71","0","金門縣","金沙鎮","118.430","24.475","58"
"279","622377","20220927162000","97","3","金門縣","金沙鎮","118.390","24.475","260"
"245","622643","20220927162000","360","0","金門縣","金寧鄉","118.305","24.480","245"
"87","622644","20220927162000","67","2","金門縣","金寧鄉","118.310","24.480","288"
"31","622657","20220927162000","227","0","金門縣","金沙鎮","118.390","24.480","30"
"147","622658","20220927162000","107","2","金門縣","金沙鎮","118.395","24.480","141"
"15","622921","20220927162000","19","0","金門縣","金寧鄉","118.300","24.485","20"
"1118","622937","20220927162000","779","2","金門縣","金沙鎮","118.415","24.485","1248"
"148","622938","20220927162000","90","3","金門縣","金沙鎮","118.420","24.485","144"
"37","622941","20220927162000","34","1","金門縣","金沙鎮","118.435","24.485","36"
"156","622942","20220927162000","69","3","金門縣","金沙鎮","118.440","24.485","168"
"440","623206","20220927162000","459","0","金門縣","金沙鎮","118.410","24.490","522"
"578","623207","20220927162000","569","1","金門縣","金沙鎮","118.415","24.490","422"
"71","623210","20220927162000","72","0","金門縣","金沙鎮","118.430","24.490","69"
"503","623474","20220927162000","785","0","金門縣","金沙鎮","118.415","24.495","569"
"32","623478","20220927162000","395","0","金門縣","金沙鎮","118.435","24.495","24"
"147","623734","20220927162000","94","3","金門縣","金沙鎮","118.400","24.500","136"
"73","623738","20220927162000","34","3","金門縣","金沙鎮","118.420","24.500","59"
"187","623993","20220927162000","214","0","金門縣","金沙鎮","118.405","24.505","198"
"35","623999","20220927162000","31","1","金門縣","金沙鎮","118.435","24.505","17"
"281","624000","20220927162000","154","3","金門縣","金沙鎮","118.440","24.505","271"
"219","624511","20220927162000","229","0","金門縣","金沙鎮","118.405","24.515","204"
"157","624771","20220927162000","182","0","金門縣","金沙鎮","118.415","24.515","139"
"14","653042","20220927162000","12","1","連江縣","莒光鄉","119.975","25.955","14"
"354","653049","20220927162000","397","0","連江縣","莒光鄉","119.975","25.960","340"
"16","653081","20220927162000","17","0","連江縣","莒光鄉","119.930","25.970","22"
"244","653082","20220927162000","317","0","連江縣","莒光鄉","119.935","25.970","230"
"219","653097","20220927162000","275","0","連江縣","莒光鄉","119.930","25.975","150"
"21","653099","20220927162000","18","1","連江縣","莒光鄉","119.940","25.975","12"
"409","653173","20220927162000","308","2","連江縣","南竿鄉","119.925","26.140","401"
"104","653187","20220927162000","190","0","連江縣","南竿鄉","119.930","26.145","145"
"106","653198","20220927162000","88","2","連江縣","南竿鄉","119.915","26.145","118"
"46","653200","20220927162000","66","0","連江縣","南竿鄉","119.925","26.145","65"
"456","653203","20220927162000","449","1","連江縣","南竿鄉","119.940","26.145","325"
"12","653216","20220927162000","15","0","連江縣","南竿鄉","119.920","26.150","12"
"70","653217","20220927162000","61","1","連江縣","南竿鄉","119.925","26.150","46"
"289","653219","20220927162000","370","0","連江縣","南竿鄉","119.935","26.150","303"
"48","653221","20220927162000","42","1","連江縣","南竿鄉","119.945","26.150","48"
"176","653231","20220927162000","258","0","連江縣","南竿鄉","119.920","26.155","158"
"488","653235","20220927162000","464","1","連江縣","南竿鄉","119.940","26.155","526"
"777","653238","20220927162000","714","1","連江縣","南竿鄉","119.955","26.155","755"
"155","653248","20220927162000","122","2","連江縣","南竿鄉","119.920","26.160","182"
"1019","653255","20220927162000","824","2","連江縣","南竿鄉","119.955","26.160","1135"
"57","653257","20220927162000","41","2","連江縣","南竿鄉","119.965","26.160","45"
"568","653272","20220927162000","680","0","連江縣","南竿鄉","119.950","26.165","549"
"100","653282","20220927162000","191","0","連江縣","南竿鄉","119.925","26.170","150"
"279","653344","20220927162000","340","0","連江縣","北竿鄉","119.970","26.205","294"
"206","653365","20220927162000","148","2","連江縣","北竿鄉","119.975","26.215","140"
"60","653382","20220927162000","39","3","連江縣","北竿鄉","120.000","26.220","32"
"48","653393","20220927162000","29","3","連江縣","北竿鄉","119.980","26.225","52"
"1123","653396","20220927162000","1078","1","連江縣","北竿鄉","119.995","26.225","890"
"387","653397","20220927162000","304","2","連江縣","北竿鄉","120.000","26.225","386"
"96","653411","20220927162000","99","0","連江縣","北竿鄉","120.000","26.230","131"
"39","653580","20220927162000","47","0","連江縣","東引鄉","120.485","26.360","26"
"68","653590","20220927162000","65","1","連江縣","東引鄉","120.490","26.360","59"
"492","653592","20220927162000","699","0","連江縣","東引鄉","120.500","26.360","382"
"762","653602","20220927162000","619","2","連江縣","東引鄉","120.490","26.365","733"
"75","653603","20220927162000","75","1","連江縣","東引鄉","120.495","26.365","112"
"164","653623","20220927162000","144","1","連江縣","東引鄉","120.480","26.375","127"
