"POPULATION","G_ID","time","avg","idx","City","Town","x","y","prePop"
"11","6258","20221104125000","603","0","屏東縣","恆春鎮","120.745","21.945","464"
"23","6267","20221104125000","131","0","屏東縣","恆春鎮","120.790","21.945","17"
"270","9415","20221104125000","67","3","屏東縣","恆春鎮","120.715","21.970","205"
"128","9416","20221104125000","79","3","屏東縣","恆春鎮","120.845","21.970","125"
"169","15716","20221104125000","205","0","臺東縣","蘭嶼鄉","121.535","22.025","186"
"20","15719","20221104125000","345","0","臺東縣","蘭嶼鄉","121.550","22.025","21"
"192","18068","20221104125000","388","0","屏東縣","車城鄉","120.695","22.045","178"
"121","20191","20221104125000","589","0","臺東縣","蘭嶼鄉","121.570","22.065","128"
"19","39868","20221104125000","48","0","屏東縣","牡丹鄉","120.895","22.240","31"
"14","40369","20221104125000","193","0","屏東縣","枋山鄉","120.660","22.245","18"
"83","46865","20221104125000","98","0","臺東縣","大武鄉","120.890","22.305","88"
"69","49782","20221104125000","195","0","屏東縣","琉球鄉","120.355","22.330","79"
"44","49783","20221104125000","196","0","屏東縣","琉球鄉","120.375","22.330","46"
"528","52213","20221104125000","466","1","屏東縣","琉球鄉","120.380","22.355","582"
"137","57589","20221104125000","33","3","屏東縣","春日鄉","120.660","22.365","97"
"49","57606","20221104125000","51","0","屏東縣","春日鄉","120.665","22.365","70"
"112","57748","20221104125000","117","0","屏東縣","春日鄉","120.750","22.405","121"
"268","57758","20221104125000","185","2","屏東縣","春日鄉","120.625","22.365","239"
"32","57868","20221104125000","160","0","屏東縣","車城鄉","120.730","22.055","37"
"126","57908","20221104125000","10","3","屏東縣","車城鄉","120.760","22.070","126"
"14","57911","20221104125000","12","1","屏東縣","車城鄉","120.775","22.070","14"
"219","57949","20221104125000","92","3","屏東縣","車城鄉","120.715","22.050","199"
"37","57951","20221104125000","156","0","屏東縣","車城鄉","120.710","22.055","38"
"579","57952","20221104125000","288","3","屏東縣","枋寮鄉","120.595","22.375","569"
"226","57962","20221104125000","473","0","屏東縣","枋寮鄉","120.595","22.385","253"
"506","57963","20221104125000","382","2","屏東縣","枋寮鄉","120.600","22.385","576"
"13","57992","20221104125000","20","0","屏東縣","滿州鄉","120.890","22.090","16"
"117","58022","20221104125000","48","3","屏東縣","滿州鄉","120.895","22.100","103"
"27","58112","20221104125000","23","1","屏東縣","滿州鄉","120.805","22.015","25"
"138","58150","20221104125000","117","1","屏東縣","滿州鄉","120.875","22.115","137"
"19","58179","20221104125000","17","1","屏東縣","滿州鄉","120.880","22.135","14"
"68","58209","20221104125000","87","0","屏東縣","滿州鄉","120.840","21.985","89"
"58","58243","20221104125000","54","1","屏東縣","滿州鄉","120.840","22.015","70"
"174","58245","20221104125000","232","0","屏東縣","滿州鄉","120.835","22.020","200"
"59","58246","20221104125000","14","3","屏東縣","滿州鄉","120.840","22.020","62"
"49","58248","20221104125000","80","0","屏東縣","滿州鄉","120.830","22.025","84"
"228","58265","20221104125000","268","0","屏東縣","滿州鄉","120.830","21.995","287"
"59","58303","20221104125000","39","3","屏東縣","滿州鄉","120.850","22.020","51"
"41","58452","20221104125000","37","1","屏東縣","滿州鄉","120.830","22.075","98"
"36","58493","20221104125000","21","3","屏東縣","滿州鄉","120.830","22.095","59"
"15","58500","20221104125000","24","0","屏東縣","滿州鄉","120.840","22.100","24"
"511","58514","20221104125000","314","3","屏東縣","枋山鄉","120.665","22.240","496"
"136","58522","20221104125000","421","0","屏東縣","枋山鄉","120.650","22.260","156"
"132","58529","20221104125000","340","0","屏東縣","枋山鄉","120.690","22.190","117"
"105","58531","20221104125000","309","0","屏東縣","枋山鄉","120.690","22.195","116"
"32","58544","20221104125000","11","3","屏東縣","佳冬鄉","120.525","22.410","28"
"630","58554","20221104125000","354","3","屏東縣","恆春鎮","120.740","22.030","591"
"59","58568","20221104125000","136","0","屏東縣","恆春鎮","120.735","22.040","18"
"106","58585","20221104125000","25","3","屏東縣","恆春鎮","120.720","22.045","59"
"98","58609","20221104125000","786","0","屏東縣","恆春鎮","120.750","21.955","88"
"158","58614","20221104125000","754","0","屏東縣","恆春鎮","120.755","21.960","140"
"351","58618","20221104125000","330","1","屏東縣","恆春鎮","120.755","21.965","372"
"421","58656","20221104125000","187","3","屏東縣","恆春鎮","120.730","22.010","420"
"20","58662","20221104125000","11","3","屏東縣","恆春鎮","120.725","22.020","15"
"369","58663","20221104125000","300","2","屏東縣","恆春鎮","120.745","22.005","376"
"224","58680","20221104125000","127","3","屏東縣","恆春鎮","120.730","21.995","214"
"363","58691","20221104125000","183","3","屏東縣","恆春鎮","120.725","21.925","450"
"18","58698","20221104125000","22","0","屏東縣","恆春鎮","120.715","21.935","13"
"36","58707","20221104125000","34","1","屏東縣","恆春鎮","120.715","21.945","23"
"238","58723","20221104125000","247","0","屏東縣","恆春鎮","120.720","21.960","191"
"714","58725","20221104125000","1011","0","屏東縣","恆春鎮","120.740","22.010","812"
"26","58785","20221104125000","83","0","屏東縣","恆春鎮","120.720","22.040","19"
"10","58792","20221104125000","26","0","屏東縣","恆春鎮","120.710","22.015","10"
"150","58793","20221104125000","82","3","屏東縣","恆春鎮","120.695","22.020","276"
"10","58796","20221104125000","11","0","屏東縣","恆春鎮","120.710","22.020","12"
"115","58818","20221104125000","118","0","屏東縣","恆春鎮","120.850","21.905","143"
"50","58819","20221104125000","32","3","屏東縣","恆春鎮","120.855","21.905","64"
"44","58824","20221104125000","51","0","屏東縣","恆春鎮","120.850","21.910","49"
"258","58829","20221104125000","153","3","屏東縣","恆春鎮","120.850","21.915","172"
"120","58837","20221104125000","52","3","屏東縣","恆春鎮","120.830","21.925","53"
"93","58849","20221104125000","57","3","屏東縣","恆春鎮","120.825","21.935","94"
"52","58893","20221104125000","367","0","屏東縣","車城鄉","120.715","22.070","65"
"276","58924","20221104125000","122","3","屏東縣","獅子鄉","120.730","22.195","312"
"31","58958","20221104125000","208","0","屏東縣","獅子鄉","120.750","22.205","27"
"231","58971","20221104125000","205","1","屏東縣","獅子鄉","120.725","22.210","232"
"27","58992","20221104125000","31","0","屏東縣","獅子鄉","120.760","22.215","27"
"131","58997","20221104125000","66","3","屏東縣","獅子鄉","120.785","22.215","106"
"22","59041","20221104125000","12","3","屏東縣","獅子鄉","120.805","22.220","14"
"12","59098","20221104125000","10","2","屏東縣","獅子鄉","120.860","22.235","11"
"160","59115","20221104125000","560","0","屏東縣","琉球鄉","120.380","22.350","175"
"88","59117","20221104125000","317","0","屏東縣","琉球鄉","120.365","22.325","55"
"552","59120","20221104125000","287","3","屏東縣","琉球鄉","120.370","22.335","568"
"12","59128","20221104125000","33","0","屏東縣","獅子鄉","120.665","22.265","10"
"310","59149","20221104125000","154","3","屏東縣","獅子鄉","120.660","22.275","316"
"68","59469","20221104125000","52","2","屏東縣","獅子鄉","120.650","22.315","56"
"23","59727","20221104125000","136","0","屏東縣","獅子鄉","120.710","22.195","10"
"29","59960","20221104125000","54","0","屏東縣","獅子鄉","120.740","22.275","16"
"250","60023","20221104125000","155","3","屏東縣","獅子鄉","120.700","22.165","413"
"24","60048","20221104125000","117","0","屏東縣","獅子鄉","120.795","22.225","32"
"12","60056","20221104125000","50","0","屏東縣","獅子鄉","120.800","22.225","12"
"27","60065","20221104125000","122","0","屏東縣","獅子鄉","120.800","22.230","25"
"99","60076","20221104125000","37","3","屏東縣","獅子鄉","120.805","22.235","62"
"32","60088","20221104125000","27","1","屏東縣","獅子鄉","120.810","22.240","24"
"16","60119","20221104125000","18","0","屏東縣","獅子鄉","120.820","22.250","14"
"1166","60172","20221104125000","1639","0","屏東縣","琉球鄉","120.370","22.340","1295"
"39","60174","20221104125000","77","0","屏東縣","琉球鄉","120.375","22.345","40"
"363","60189","20221104125000","184","3","屏東縣","車城鄉","120.700","22.040","279"
"125","60193","20221104125000","198","0","屏東縣","車城鄉","120.700","22.050","246"
"54","60196","20221104125000","76","0","屏東縣","琉球鄉","120.365","22.340","86"
"172","60198","20221104125000","205","0","屏東縣","琉球鄉","120.370","22.350","180"
"416","60206","20221104125000","389","1","屏東縣","車城鄉","120.715","22.065","475"
"67","60213","20221104125000","229","0","屏東縣","車城鄉","120.720","22.090","85"
"338","60234","20221104125000","113","3","屏東縣","車城鄉","120.715","22.115","338"
"1144","60246","20221104125000","754","3","屏東縣","琉球鄉","120.385","22.350","1282"
"171","60260","20221104125000","114","3","屏東縣","車城鄉","120.740","22.085","121"
"200","60283","20221104125000","209","0","屏東縣","車城鄉","120.750","22.095","226"
"28","60314","20221104125000","174","0","屏東縣","枋寮鄉","120.555","22.390","38"
"80","60322","20221104125000","503","0","屏東縣","車城鄉","120.715","22.075","87"
"190","60328","20221104125000","109","3","屏東縣","車城鄉","120.730","22.075","233"
"528","60350","20221104125000","476","1","屏東縣","枋寮鄉","120.590","22.405","781"
"74","60369","20221104125000","271","0","屏東縣","枋寮鄉","120.620","22.405","83"
"389","60374","20221104125000","193","3","屏東縣","枋寮鄉","120.590","22.370","393"
"161","60377","20221104125000","215","0","屏東縣","枋寮鄉","120.580","22.375","201"
"692","60401","20221104125000","722","0","屏東縣","枋寮鄉","120.575","22.405","862"
"468","60404","20221104125000","433","1","屏東縣","佳冬鄉","120.565","22.410","556"
"1065","60421","20221104125000","1193","0","屏東縣","枋寮鄉","120.600","22.360","1277"
"654","60428","20221104125000","252","3","屏東縣","枋寮鄉","120.600","22.365","586"
"95","60441","20221104125000","244","0","屏東縣","枋山鄉","120.645","22.295","115"
"195","60442","20221104125000","199","0","屏東縣","獅子鄉","120.640","22.310","234"
"163","60446","20221104125000","280","0","屏東縣","枋山鄉","120.630","22.320","166"
"94","60449","20221104125000","137","0","屏東縣","枋山鄉","120.615","22.330","130"
"276","60455","20221104125000","263","1","屏東縣","枋山鄉","120.620","22.335","199"
"456","60456","20221104125000","173","3","屏東縣","枋山鄉","120.625","22.335","421"
"940","60532","20221104125000","1027","0","屏東縣","恆春鎮","120.740","22.000","1242"
"286","60533","20221104125000","308","0","屏東縣","恆春鎮","120.740","22.005","328"
"41","60535","20221104125000","168","0","屏東縣","恆春鎮","120.815","21.935","43"
"101","60537","20221104125000","63","3","屏東縣","恆春鎮","120.805","21.940","60"
"29","60539","20221104125000","146","0","屏東縣","恆春鎮","120.795","21.945","20"
"296","60540","20221104125000","371","0","屏東縣","恆春鎮","120.800","21.945","265"
"235","60541","20221104125000","240","0","屏東縣","恆春鎮","120.805","21.945","171"
"115","60543","20221104125000","136","0","屏東縣","恆春鎮","120.780","21.950","95"
"125","60544","20221104125000","81","3","屏東縣","恆春鎮","120.785","21.950","91"
"131","60568","20221104125000","150","0","屏東縣","恆春鎮","120.810","21.955","105"
"223","60589","20221104125000","133","3","屏東縣","恆春鎮","120.815","21.965","242"
"114","60623","20221104125000","475","0","屏東縣","恆春鎮","120.735","21.950","95"
"89","60646","20221104125000","136","0","屏東縣","恆春鎮","120.720","21.975","106"
"100","60651","20221104125000","85","1","屏東縣","恆春鎮","120.715","21.985","80"
"192","60656","20221104125000","192","1","屏東縣","恆春鎮","120.705","21.995","180"
"157","60671","20221104125000","810","0","屏東縣","恆春鎮","120.740","21.995","185"
"110","60672","20221104125000","283","0","屏東縣","恆春鎮","120.745","21.995","141"
"640","60680","20221104125000","575","1","屏東縣","恆春鎮","120.745","22.000","738"
"92","60694","20221104125000","74","2","屏東縣","恆春鎮","120.765","22.000","52"
"46","60732","20221104125000","76","0","屏東縣","牡丹鄉","120.815","22.075","35"
"182","60771","20221104125000","111","3","屏東縣","滿州鄉","120.890","22.140","151"
"105","60778","20221104125000","48","3","屏東縣","牡丹鄉","120.880","22.155","100"
"32","60784","20221104125000","36","0","屏東縣","牡丹鄉","120.880","22.160","36"
"95","60791","20221104125000","59","3","屏東縣","牡丹鄉","120.890","22.165","133"
"42","60821","20221104125000","66","0","屏東縣","牡丹鄉","120.880","22.185","57"
"32","60825","20221104125000","18","3","屏東縣","牡丹鄉","120.880","22.190","34"
"100","60827","20221104125000","63","3","屏東縣","牡丹鄉","120.885","22.190","94"
"35","60836","20221104125000","26","2","屏東縣","牡丹鄉","120.890","22.200","54"
"57","60884","20221104125000","29","3","屏東縣","牡丹鄉","120.850","22.185","46"
"63","60907","20221104125000","129","0","屏東縣","牡丹鄉","120.855","22.200","85"
"11","60914","20221104125000","18","0","屏東縣","牡丹鄉","120.860","22.205","33"
"42","60936","20221104125000","26","3","屏東縣","牡丹鄉","120.815","22.150","32"
"55","60994","20221104125000","56","0","屏東縣","牡丹鄉","120.835","22.175","63"
"63","61141","20221104125000","56","1","屏東縣","牡丹鄉","120.770","22.125","51"
"251","61160","20221104125000","251","1","屏東縣","牡丹鄉","120.780","22.130","266"
"24","61331","20221104125000","84","0","屏東縣","牡丹鄉","120.840","22.115","18"
"143","61332","20221104125000","149","0","屏東縣","牡丹鄉","120.845","22.115","137"
"11","61377","20221104125000","10","1","屏東縣","牡丹鄉","120.885","22.140","10"
"23","61398","20221104125000","17","2","屏東縣","牡丹鄉","120.875","22.150","11"
"233","61441","20221104125000","91","3","臺東縣","大武鄉","120.880","22.325","263"
"101","61469","20221104125000","271","0","臺東縣","大武鄉","120.905","22.360","103"
"51","61471","20221104125000","105","0","臺東縣","大武鄉","120.900","22.365","46"
"101","61472","20221104125000","321","0","臺東縣","大武鄉","120.905","22.365","118"
"143","61501","20221104125000","297","0","臺東縣","大武鄉","120.910","22.380","127"
"261","61562","20221104125000","414","0","臺東縣","大武鄉","120.885","22.340","237"
"117","61604","20221104125000","159","0","臺東縣","蘭嶼鄉","121.525","22.080","123"
"99","61605","20221104125000","214","0","臺東縣","蘭嶼鄉","121.530","22.080","112"
"54","61620","20221104125000","146","0","臺東縣","蘭嶼鄉","121.590","22.005","74"
"200","61703","20221104125000","288","0","臺東縣","蘭嶼鄉","121.510","22.055","132"
"121","61734","20221104125000","260","0","臺東縣","蘭嶼鄉","121.555","22.025","164"
"28","61738","20221104125000","78","0","臺東縣","蘭嶼鄉","121.535","22.030","30"
"26","61830","20221104125000","104","0","臺東縣","達仁鄉","120.885","22.285","35"
"22","61900","20221104125000","53","0","臺東縣","達仁鄉","120.820","22.290","96"
"46","61933","20221104125000","183","0","臺東縣","達仁鄉","120.885","22.295","50"
"47","62017","20221104125000","34","2","臺東縣","達仁鄉","120.855","22.320","59"
"12","62278","20221104125000","11","1","臺東縣","大武鄉","120.880","22.375","16"
"13","62301","20221104125000","38","0","臺東縣","達仁鄉","120.860","22.380","17"
"53","62355","20221104125000","28","3","臺東縣","達仁鄉","120.855","22.390","56"
"22","62465","20221104125000","19","1","臺東縣","達仁鄉","120.840","22.265","18"
"87","62479","20221104125000","52","3","臺東縣","達仁鄉","120.855","22.275","70"
"208","62493","20221104125000","56","3","臺東縣","達仁鄉","120.875","22.290","199"
"125","63917","20221104125000","59","3","臺東縣","大武鄉","120.930","22.415","135"
"94","65292","20221104125000","294","0","屏東縣","東港鎮","120.480","22.430","93"
"15","72794","20221104125000","44","0","高雄市","小港區","120.360","22.510","19"
"256","72795","20221104125000","159","3","臺東縣","太麻里鄉","120.960","22.510","297"
"147","80997","20221104125000","160","0","屏東縣","新埤鄉","120.560","22.475","174"
"477","81045","20221104125000","612","0","屏東縣","新埤鄉","120.545","22.465","586"
"357","81049","20221104125000","131","3","屏東縣","新埤鄉","120.565","22.465","332"
"16","81063","20221104125000","20","0","屏東縣","新埤鄉","120.610","22.450","24"
"161","81079","20221104125000","175","0","屏東縣","新埤鄉","120.610","22.460","159"
"596","81134","20221104125000","497","1","屏東縣","新埤鄉","120.580","22.505","592"
"182","81174","20221104125000","241","0","屏東縣","新埤鄉","120.615","22.470","238"
"35","81486","20221104125000","58","0","屏東縣","春日鄉","120.630","22.425","63"
"136","81488","20221104125000","157","0","屏東縣","春日鄉","120.640","22.425","171"
"524","81506","20221104125000","410","2","屏東縣","新園鄉","120.435","22.500","604"
"127","81517","20221104125000","125","1","屏東縣","新園鄉","120.440","22.510","172"
"391","81529","20221104125000","387","1","屏東縣","萬巒鄉","120.610","22.590","381"
"1027","81547","20221104125000","1610","0","屏東縣","林邊鄉","120.515","22.435","1140"
"44","81550","20221104125000","23","3","屏東縣","林邊鄉","120.510","22.430","32"
"506","81552","20221104125000","369","2","屏東縣","林邊鄉","120.520","22.430","618"
"17","81557","20221104125000","24","0","屏東縣","林邊鄉","120.490","22.430","21"
"88","81560","20221104125000","31","3","屏東縣","東港鎮","120.495","22.460","80"
"162","81569","20221104125000","196","0","屏東縣","東港鎮","120.455","22.460","198"
"13","81573","20221104125000","24","0","屏東縣","東港鎮","120.465","22.440","28"
"96","81584","20221104125000","92","1","屏東縣","東港鎮","120.455","22.450","117"
"58","81816","20221104125000","48","2","屏東縣","來義鄉","120.680","22.525","58"
"36","81919","20221104125000","60","0","屏東縣","來義鄉","120.640","22.435","45"
"72","82042","20221104125000","73","0","屏東縣","來義鄉","120.635","22.525","97"
"21","82186","20221104125000","18","1","屏東縣","來義鄉","120.665","22.560","24"
"51","82194","20221104125000","359","0","屏東縣","佳冬鄉","120.550","22.415","68"
"1095","82204","20221104125000","874","2","屏東縣","佳冬鄉","120.545","22.415","1097"
"12","82213","20221104125000","17","0","屏東縣","竹田鄉","120.540","22.595","12"
"651","82217","20221104125000","580","1","屏東縣","竹田鄉","120.515","22.575","650"
"20","82225","20221104125000","71","0","屏東縣","東港鎮","120.450","22.455","17"
"617","82239","20221104125000","154","3","屏東縣","東港鎮","120.495","22.455","616"
"111","82241","20221104125000","583","0","屏東縣","東港鎮","120.490","22.455","61"
"1466","82243","20221104125000","1323","1","屏東縣","東港鎮","120.445","22.465","1630"
"271","82245","20221104125000","640","0","屏東縣","東港鎮","120.445","22.460","261"
"874","82256","20221104125000","890","0","屏東縣","東港鎮","120.455","22.470","941"
"171","82257","20221104125000","94","3","屏東縣","東港鎮","120.460","22.470","151"
"1511","82262","20221104125000","837","3","屏東縣","東港鎮","120.460","22.475","1671"
"284","82266","20221104125000","444","0","屏東縣","東港鎮","120.465","22.480","264"
"191","82270","20221104125000","420","0","屏東縣","東港鎮","120.475","22.485","217"
"55","82283","20221104125000","70","0","屏東縣","泰武鄉","120.625","22.590","51"
"129","82284","20221104125000","129","1","屏東縣","泰武鄉","120.635","22.590","131"
"606","82290","20221104125000","288","3","屏東縣","林邊鄉","120.520","22.435","434"
"571","82303","20221104125000","351","3","屏東縣","新園鄉","120.460","22.540","517"
"725","82306","20221104125000","812","0","屏東縣","新園鄉","120.460","22.545","801"
"181","82311","20221104125000","587","0","屏東縣","東港鎮","120.450","22.470","225"
"392","82324","20221104125000","594","0","屏東縣","竹田鄉","120.540","22.585","498"
"50","82325","20221104125000","104","0","屏東縣","竹田鄉","120.545","22.585","62"
"399","82333","20221104125000","505","0","屏東縣","新園鄉","120.455","22.525","511"
"258","82340","20221104125000","229","1","屏東縣","新園鄉","120.465","22.530","279"
"292","82347","20221104125000","222","2","屏東縣","新園鄉","120.440","22.475","319"
"149","82367","20221104125000","62","3","屏東縣","萬丹鄉","120.465","22.595","146"
"576","82441","20221104125000","268","3","屏東縣","泰武鄉","120.650","22.570","568"
"29","82445","20221104125000","123","0","屏東縣","泰武鄉","120.635","22.580","21"
"43","82467","20221104125000","63","0","屏東縣","泰武鄉","120.660","22.570","44"
"149","82513","20221104125000","80","3","屏東縣","泰武鄉","120.665","22.585","141"
"19","82564","20221104125000","47","0","屏東縣","萬丹鄉","120.485","22.570","16"
"10","82568","20221104125000","22","0","屏東縣","萬丹鄉","120.490","22.575","12"
"706","82569","20221104125000","327","3","屏東縣","新園鄉","120.450","22.475","672"
"624","82576","20221104125000","387","3","屏東縣","新園鄉","120.445","22.515","624"
"182","82591","20221104125000","121","3","屏東縣","新園鄉","120.450","22.525","169"
"48","82614","20221104125000","294","0","屏東縣","佳冬鄉","120.515","22.415","57"
"49","82630","20221104125000","374","0","屏東縣","佳冬鄉","120.560","22.430","53"
"307","82634","20221104125000","454","0","屏東縣","佳冬鄉","120.560","22.435","293"
"76","82638","20221104125000","83","0","屏東縣","佳冬鄉","120.535","22.425","90"
"489","82649","20221104125000","691","0","屏東縣","佳冬鄉","120.555","22.420","469"
"160","82700","20221104125000","164","0","屏東縣","來義鄉","120.635","22.515","157"
"58","82715","20221104125000","39","2","屏東縣","來義鄉","120.660","22.525","70"
"17","82720","20221104125000","143","0","屏東縣","南州鄉","120.500","22.480","15"
"50","82722","20221104125000","47","1","屏東縣","南州鄉","120.490","22.485","46"
"709","82723","20221104125000","325","3","屏東縣","南州鄉","120.495","22.485","747"
"99","82736","20221104125000","208","0","屏東縣","南州鄉","120.530","22.465","116"
"12","82738","20221104125000","12","1","屏東縣","南州鄉","120.525","22.470","17"
"82","82740","20221104125000","208","0","屏東縣","南州鄉","120.535","22.470","83"
"589","82742","20221104125000","622","0","屏東縣","南州鄉","120.520","22.475","630"
"504","82751","20221104125000","221","3","屏東縣","南州鄉","120.540","22.485","462"
"96","82754","20221104125000","46","3","屏東縣","南州鄉","120.535","22.490","105"
"98","82763","20221104125000","36","3","屏東縣","崁頂鄉","120.520","22.495","97"
"232","82767","20221104125000","60","3","屏東縣","內埔鄉","120.560","22.585","190"
"32","82779","20221104125000","186","0","屏東縣","萬丹鄉","120.495","22.550","28"
"374","82796","20221104125000","456","0","屏東縣","新園鄉","120.460","22.505","399"
"148","82807","20221104125000","284","0","屏東縣","崁頂鄉","120.505","22.540","148"
"64","82821","20221104125000","288","0","屏東縣","崁頂鄉","120.490","22.510","60"
"49","82835","20221104125000","175","0","屏東縣","崁頂鄉","120.520","22.530","48"
"549","82839","20221104125000","736","0","屏東縣","南州鄉","120.510","22.495","661"
"87","82881","20221104125000","272","0","屏東縣","佳冬鄉","120.560","22.445","94"
"168","82883","20221104125000","73","3","屏東縣","佳冬鄉","120.560","22.450","180"
"260","82893","20221104125000","255","1","屏東縣","萬丹鄉","120.495","22.545","235"
"82","82901","20221104125000","52","3","屏東縣","崁頂鄉","120.510","22.510","84"
"122","82906","20221104125000","491","0","屏東縣","崁頂鄉","120.515","22.515","139"
"93","82941","20221104125000","32","3","屏東縣","崁頂鄉","120.490","22.500","97"
"59","82951","20221104125000","33","3","屏東縣","內埔鄉","120.570","22.590","34"
"966","82954","20221104125000","407","3","屏東縣","新園鄉","120.460","22.495","836"
"75","82963","20221104125000","122","0","屏東縣","新園鄉","120.475","22.550","97"
"266","82970","20221104125000","355","0","屏東縣","新園鄉","120.455","22.545","315"
"174","82987","20221104125000","426","0","屏東縣","新園鄉","120.460","22.490","199"
"161","82992","20221104125000","489","0","屏東縣","新園鄉","120.445","22.500","165"
"34","82996","20221104125000","26","2","屏東縣","新園鄉","120.445","22.475","32"
"306","82997","20221104125000","218","2","屏東縣","新園鄉","120.440","22.480","315"
"168","82998","20221104125000","159","1","屏東縣","新園鄉","120.445","22.480","164"
"25","83002","20221104125000","53","0","屏東縣","新園鄉","120.440","22.485","25"
"81","83015","20221104125000","140","0","屏東縣","新埤鄉","120.550","22.505","99"
"484","83024","20221104125000","426","1","屏東縣","潮州鎮","120.530","22.545","518"
"1223","83025","20221104125000","1113","1","屏東縣","潮州鎮","120.535","22.545","1373"
"64","83041","20221104125000","44","2","屏東縣","潮州鎮","120.590","22.540","77"
"213","83047","20221104125000","183","1","屏東縣","潮州鎮","120.555","22.550","227"
"467","83049","20221104125000","285","3","屏東縣","潮州鎮","120.565","22.550","402"
"309","83055","20221104125000","380","0","屏東縣","萬丹鄉","120.470","22.560","386"
"96","83064","20221104125000","208","0","屏東縣","萬巒鄉","120.600","22.590","90"
"31","83074","20221104125000","40","0","屏東縣","東港鎮","120.480","22.455","22"
"468","83080","20221104125000","672","0","屏東縣","東港鎮","120.450","22.465","457"
"494","83093","20221104125000","279","3","屏東縣","萬巒鄉","120.595","22.565","509"
"72","83095","20221104125000","273","0","屏東縣","萬巒鄉","120.605","22.565","103"
"186","83096","20221104125000","110","3","屏東縣","萬巒鄉","120.600","22.570","205"
"18","83099","20221104125000","26","0","屏東縣","萬巒鄉","120.595","22.570","19"
"376","83142","20221104125000","192","3","屏東縣","新埤鄉","120.625","22.525","368"
"79","83161","20221104125000","364","0","屏東縣","萬巒鄉","120.620","22.545","80"
"273","83162","20221104125000","532","0","屏東縣","泰武鄉","120.625","22.545","300"
"28","83177","20221104125000","140","0","屏東縣","萬巒鄉","120.580","22.590","15"
"511","83201","20221104125000","534","0","屏東縣","萬巒鄉","120.570","22.570","585"
"363","83206","20221104125000","635","0","屏東縣","萬巒鄉","120.565","22.575","395"
"388","83210","20221104125000","188","3","屏東縣","內埔鄉","120.565","22.580","351"
"21","83216","20221104125000","30","0","屏東縣","萬丹鄉","120.485","22.555","13"
"12","83222","20221104125000","70","0","屏東縣","東港鎮","120.470","22.485","12"
"190","83231","20221104125000","62","3","屏東縣","東港鎮","120.460","22.460","213"
"679","83232","20221104125000","631","1","屏東縣","東港鎮","120.465","22.460","800"
"1122","83234","20221104125000","1258","0","屏東縣","東港鎮","120.455","22.465","1459"
"195","83235","20221104125000","84","3","屏東縣","東港鎮","120.460","22.465","228"
"353","83236","20221104125000","971","0","屏東縣","東港鎮","120.465","22.465","412"
"28","83237","20221104125000","12","3","屏東縣","東港鎮","120.470","22.465","26"
"564","83241","20221104125000","936","0","屏東縣","東港鎮","120.440","22.460","668"
"322","83257","20221104125000","834","0","屏東縣","竹田鄉","120.525","22.575","161"
"214","83258","20221104125000","187","1","屏東縣","潮州鎮","120.530","22.525","228"
"455","83261","20221104125000","278","3","屏東縣","潮州鎮","120.540","22.525","393"
"305","83267","20221104125000","232","2","屏東縣","潮州鎮","120.535","22.535","384"
"406","83269","20221104125000","236","3","屏東縣","潮州鎮","120.535","22.540","386"
"236","83271","20221104125000","218","1","屏東縣","枋寮鄉","120.580","22.410","230"
"330","83278","20221104125000","208","3","屏東縣","枋寮鄉","120.580","22.415","327"
"60","83323","20221104125000","80","0","屏東縣","枋寮鄉","120.620","22.425","74"
"144","83342","20221104125000","99","2","屏東縣","枋寮鄉","120.595","22.435","169"
"45","83378","20221104125000","196","0","屏東縣","萬丹鄉","120.460","22.575","44"
"128","83380","20221104125000","50","3","屏東縣","萬丹鄉","120.470","22.575","99"
"321","83383","20221104125000","252","2","屏東縣","竹田鄉","120.535","22.595","350"
"286","83430","20221104125000","196","2","屏東縣","萬丹鄉","120.485","22.580","272"
"635","83431","20221104125000","384","3","屏東縣","萬丹鄉","120.490","22.580","587"
"57","83433","20221104125000","56","1","屏東縣","萬丹鄉","120.480","22.565","55"
"390","83435","20221104125000","872","0","屏東縣","竹田鄉","120.490","22.565","439"
"381","83437","20221104125000","201","3","屏東縣","萬丹鄉","120.480","22.570","331"
"16","83438","20221104125000","62","0","屏東縣","萬丹鄉","120.490","22.550","33"
"638","83442","20221104125000","783","0","屏東縣","潮州鎮","120.545","22.545","704"
"485","83443","20221104125000","256","3","屏東縣","潮州鎮","120.550","22.545","460"
"846","83448","20221104125000","673","2","屏東縣","潮州鎮","120.550","22.555","851"
"413","83455","20221104125000","461","0","屏東縣","潮州鎮","120.560","22.515","452"
"98","83457","20221104125000","174","0","屏東縣","潮州鎮","120.570","22.515","96"
"370","83473","20221104125000","613","0","屏東縣","潮州鎮","120.530","22.560","380"
"205","83483","20221104125000","342","0","屏東縣","萬丹鄉","120.465","22.565","280"
"708","83504","20221104125000","1080","0","屏東縣","潮州鎮","120.540","22.555","731"
"76","83508","20221104125000","226","0","屏東縣","潮州鎮","120.550","22.560","58"
"19","83516","20221104125000","263","0","屏東縣","潮州鎮","120.540","22.545","19"
"45","83518","20221104125000","27","3","屏東縣","潮州鎮","120.545","22.550","36"
"316","83525","20221104125000","401","0","屏東縣","潮州鎮","120.530","22.540","342"
"236","83540","20221104125000","121","3","屏東縣","潮州鎮","120.580","22.555","230"
"1090","83567","20221104125000","940","1","屏東縣","萬丹鄉","120.490","22.590","1357"
"28","83574","20221104125000","33","0","屏東縣","潮州鎮","120.550","22.535","20"
"286","83576","20221104125000","274","1","屏東縣","潮州鎮","120.550","22.540","349"
"1153","83577","20221104125000","740","3","屏東縣","潮州鎮","120.535","22.550","1037"
"201","83578","20221104125000","1216","0","屏東縣","潮州鎮","120.535","22.555","143"
"242","83582","20221104125000","77","3","屏東縣","萬丹鄉","120.500","22.595","268"
"356","83585","20221104125000","462","0","屏東縣","萬丹鄉","120.485","22.585","450"
"430","83586","20221104125000","531","0","屏東縣","萬丹鄉","120.490","22.585","394"
"96","83599","20221104125000","318","0","屏東縣","南州鄉","120.505","22.490","89"
"735","83623","20221104125000","489","3","屏東縣","南州鄉","120.510","22.490","836"
"419","83624","20221104125000","184","3","屏東縣","潮州鎮","120.530","22.510","388"
"195","83625","20221104125000","203","0","屏東縣","潮州鎮","120.535","22.510","266"
"357","83646","20221104125000","237","3","屏東縣","潮州鎮","120.530","22.550","388"
"905","83648","20221104125000","590","3","高雄市","鳳山區","120.325","22.595","937"
"210","83650","20221104125000","386","0","高雄市","前鎮區","120.320","22.595","249"
"1367","83651","20221104125000","1504","0","高雄市","小港區","120.360","22.565","1257"
"363","83652","20221104125000","215","3","高雄市","小港區(海)","120.335","22.550","379"
"58","83653","20221104125000","386","0","高雄市","小港區","120.335","22.555","47"
"554","83655","20221104125000","364","3","高雄市","小港區","120.340","22.560","582"
"70","83657","20221104125000","137","0","高雄市","小港區","120.370","22.530","63"
"468","83658","20221104125000","624","0","高雄市","小港區","120.365","22.535","443"
"46","83660","20221104125000","399","0","高雄市","小港區","120.370","22.540","38"
"186","83661","20221104125000","78","3","高雄市","小港區","120.375","22.540","188"
"583","83662","20221104125000","409","2","高雄市","小港區","120.370","22.545","594"
"476","83666","20221104125000","151","3","高雄市","小港區","120.375","22.545","426"
"24","83669","20221104125000","210","0","高雄市","小港區","120.375","22.550","16"
"243","83670","20221104125000","120","3","高雄市","小港區","120.370","22.555","290"
"90","83671","20221104125000","453","0","高雄市","小港區","120.365","22.560","68"
"701","83673","20221104125000","574","2","高雄市","小港區","120.375","22.560","606"
"366","83674","20221104125000","875","0","高雄市","小港區","120.365","22.565","348"
"249","83675","20221104125000","474","0","高雄市","小港區","120.370","22.565","210"
"188","83677","20221104125000","1321","0","高雄市","小港區","120.355","22.570","194"
"524","83684","20221104125000","719","0","高雄市","大寮區","120.380","22.590","596"
"53","83692","20221104125000","444","0","高雄市","大寮區","120.385","22.590","35"
"513","83694","20221104125000","356","2","高雄市","大寮區","120.395","22.590","515"
"70","83701","20221104125000","328","0","高雄市","大寮區","120.420","22.585","66"
"56","83702","20221104125000","545","0","高雄市","大寮區","120.410","22.590","52"
"137","83703","20221104125000","98","2","高雄市","大寮區","120.415","22.590","147"
"1634","83704","20221104125000","1298","2","高雄市","大寮區","120.420","22.590","1547"
"521","83705","20221104125000","396","2","高雄市","大寮區","120.410","22.595","506"
"515","83706","20221104125000","323","3","高雄市","大寮區","120.415","22.595","506"
"18","83712","20221104125000","59","0","高雄市","前鎮區","120.310","22.580","27"
"98","83713","20221104125000","848","0","高雄市","小港區","120.345","22.565","100"
"142","83752","20221104125000","45","3","臺東縣","大武鄉","120.930","22.425","104"
"68","83802","20221104125000","45","3","臺東縣","大武鄉","120.925","22.415","65"
"43","83805","20221104125000","796","0","高雄市","小港區","120.345","22.525","46"
"452","83815","20221104125000","287","3","高雄市","林園區","120.405","22.495","424"
"22","83817","20221104125000","132","0","高雄市","林園區","120.415","22.495","17"
"282","83819","20221104125000","197","2","高雄市","林園區","120.400","22.500","265"
"46","83820","20221104125000","397","0","高雄市","林園區","120.410","22.495","58"
"526","83822","20221104125000","276","3","高雄市","林園區","120.390","22.505","488"
"252","83828","20221104125000","134","3","高雄市","林園區","120.415","22.485","197"
"679","83831","20221104125000","536","2","高雄市","前鎮區","120.315","22.580","676"
"1227","83836","20221104125000","1048","1","高雄市","大寮區","120.405","22.545","1197"
"65","83838","20221104125000","467","0","高雄市","前鎮區","120.300","22.590","91"
"65","83839","20221104125000","248","0","高雄市","前鎮區","120.300","22.585","66"
"483","83840","20221104125000","294","3","高雄市","前鎮區","120.295","22.590","542"
"213","83842","20221104125000","777","0","高雄市","前鎮區","120.305","22.590","222"
"323","83843","20221104125000","204","3","高雄市","前鎮區","120.290","22.595","354"
"743","83844","20221104125000","540","2","高雄市","前鎮區","120.295","22.595","868"
"222","83845","20221104125000","160","2","高雄市","前鎮區","120.310","22.585","231"
"126","83862","20221104125000","136","0","臺東縣","達仁鄉","120.905","22.475","156"
"122","84086","20221104125000","123","0","臺東縣","達仁鄉","120.885","22.455","166"
"228","84511","20221104125000","237","0","臺東縣","金峰鄉","120.960","22.595","284"
"316","85294","20221104125000","270","1","臺東縣","太麻里鄉","120.960","22.530","344"
"550","85296","20221104125000","486","1","高雄市","林園區","120.410","22.480","604"
"59","85297","20221104125000","19","3","高雄市","林園區","120.395","22.490","59"
"401","85301","20221104125000","373","1","高雄市","林園區","120.360","22.505","414"
"298","85302","20221104125000","280","1","高雄市","林園區","120.365","22.505","345"
"464","85305","20221104125000","914","0","高雄市","小港區","120.335","22.560","447"
"428","85307","20221104125000","257","3","高雄市","鳳山區","120.345","22.585","465"
"493","85308","20221104125000","291","3","高雄市","鳳山區","120.355","22.590","500"
"770","85309","20221104125000","341","3","高雄市","鳳山區","120.360","22.590","693"
"93","85310","20221104125000","202","0","高雄市","鳳山區","120.365","22.590","94"
"792","85311","20221104125000","929","0","高雄市","鳳山區","120.355","22.595","868"
"524","85315","20221104125000","363","2","高雄市","鳳山區","120.360","22.595","520"
"344","85322","20221104125000","568","0","高雄市","小港區","120.350","22.560","328"
"370","85323","20221104125000","748","0","高雄市","小港區","120.355","22.560","379"
"1624","85325","20221104125000","1027","3","高雄市","鳳山區","120.360","22.585","1586"
"146","85327","20221104125000","355","0","高雄市","小港區","120.370","22.570","118"
"131","85328","20221104125000","174","0","高雄市","小港區","120.355","22.565","150"
"356","85329","20221104125000","178","3","高雄市","小港區","120.375","22.570","286"
"47","85331","20221104125000","211","0","高雄市","小港區","120.370","22.575","34"
"536","85332","20221104125000","514","1","高雄市","小港區","120.375","22.575","532"
"414","85337","20221104125000","452","0","高雄市","小港區","120.355","22.540","406"
"388","85340","20221104125000","370","1","高雄市","小港區","120.350","22.540","411"
"974","85343","20221104125000","569","3","高雄市","小港區","120.360","22.540","1026"
"353","85345","20221104125000","226","3","高雄市","小港區","120.340","22.545","313"
"693","85347","20221104125000","557","2","高雄市","小港區","120.350","22.545","811"
"342","85353","20221104125000","196","3","高雄市","小港區","120.350","22.550","350"
"269","85354","20221104125000","206","2","高雄市","小港區","120.355","22.550","267"
"811","85355","20221104125000","673","2","高雄市","小港區","120.360","22.550","826"
"103","85356","20221104125000","148","0","高雄市","小港區","120.345","22.555","92"
"1065","85359","20221104125000","687","3","高雄市","小港區","120.355","22.555","993"
"675","85360","20221104125000","377","3","高雄市","小港區","120.345","22.560","650"
"141","85367","20221104125000","138","1","高雄市","小港區","120.345","22.530","136"
"340","85368","20221104125000","175","3","高雄市","小港區","120.350","22.530","312"
"564","85370","20221104125000","544","1","高雄市","小港區","120.355","22.530","551"
"814","85371","20221104125000","751","1","高雄市","小港區","120.360","22.530","811"
"513","85372","20221104125000","593","0","高雄市","小港區","120.335","22.535","506"
"456","85374","20221104125000","274","3","高雄市","小港區","120.345","22.535","405"
"295","85377","20221104125000","172","3","高雄市","小港區(海)","120.330","22.540","181"
"212","85382","20221104125000","467","0","高雄市","小港區","120.320","22.545","239"
"774","85384","20221104125000","1445","0","高雄市","前鎮區","120.325","22.570","923"
"799","85385","20221104125000","829","0","高雄市","前鎮區","120.325","22.575","767"
"802","85386","20221104125000","941","0","高雄市","前鎮區","120.315","22.590","717"
"552","85387","20221104125000","531","1","高雄市","前鎮區","120.305","22.595","544"
"434","85389","20221104125000","792","0","高雄市","前鎮區","120.310","22.595","486"
"236","85391","20221104125000","1075","0","高雄市","前鎮區","120.315","22.575","268"
"628","85392","20221104125000","578","1","高雄市","前鎮區","120.320","22.575","675"
"1174","85393","20221104125000","1359","0","高雄市","前鎮區","120.325","22.580","1097"
"850","85396","20221104125000","1046","0","高雄市","前鎮區","120.330","22.585","958"
"281","85398","20221104125000","605","0","高雄市","鳳山區","120.340","22.585","383"
"227","85400","20221104125000","189","2","臺東縣","太麻里鄉","120.940","22.460","211"
"26","85417","20221104125000","126","0","臺東縣","太麻里鄉","120.950","22.480","34"
"37","85451","20221104125000","38","0","臺東縣","太麻里鄉","120.955","22.510","44"
"151","85475","20221104125000","117","2","臺東縣","太麻里鄉","120.935","22.520","135"
"520","85487","20221104125000","690","0","高雄市","鳳山區","120.325","22.585","553"
"449","85489","20221104125000","428","1","高雄市","鳳山區","120.350","22.590","536"
"165","85490","20221104125000","728","0","高雄市","鳳山區","120.345","22.595","124"
"504","85491","20221104125000","540","0","高雄市","鳳山區","120.330","22.590","457"
"2623","85492","20221104125000","1624","3","高雄市","鳳山區","120.325","22.590","2604"
"695","85493","20221104125000","850","0","高雄市","前鎮區","120.320","22.585","776"
"426","85496","20221104125000","801","0","高雄市","前鎮區","120.330","22.580","498"
"553","85517","20221104125000","762","0","高雄市","大寮區","120.410","22.560","617"
"356","85519","20221104125000","315","1","高雄市","大寮區","120.420","22.560","383"
"1296","85533","20221104125000","680","3","高雄市","大寮區","120.405","22.580","1244"
"734","85535","20221104125000","785","0","高雄市","鳳山區","120.335","22.595","777"
"136","85536","20221104125000","315","0","高雄市","小港區","120.360","22.570","110"
"640","85537","20221104125000","533","2","高雄市","林園區","120.385","22.490","631"
"494","85543","20221104125000","410","2","高雄市","鳳山區","120.330","22.595","467"
"194","85544","20221104125000","186","1","高雄市","小港區","120.355","22.515","199"
"308","85546","20221104125000","237","2","高雄市","小港區","120.360","22.525","351"
"347","85559","20221104125000","476","0","臺東縣","太麻里鄉","120.965","22.530","386"
"36","85568","20221104125000","22","3","臺東縣","太麻里鄉","120.965","22.535","48"
"30","85590","20221104125000","23","2","臺東縣","太麻里鄉","120.965","22.545","22"
"162","85591","20221104125000","64","3","臺東縣","太麻里鄉","120.970","22.545","129"
"23","85646","20221104125000","14","3","臺東縣","太麻里鄉","120.980","22.565","22"
"224","85656","20221104125000","218","1","臺東縣","太麻里鄉","120.990","22.575","251"
"185","85660","20221104125000","94","3","臺東縣","太麻里鄉","120.990","22.580","158"
"854","85678","20221104125000","448","3","高雄市","鳳山區","120.350","22.595","778"
"452","85680","20221104125000","343","2","高雄市","鳳山區","120.340","22.595","408"
"460","85681","20221104125000","397","1","高雄市","林園區","120.375","22.500","484"
"969","85683","20221104125000","908","1","高雄市","林園區","120.385","22.500","903"
"188","85684","20221104125000","497","0","高雄市","林園區","120.395","22.485","138"
"177","85685","20221104125000","178","0","高雄市","林園區","120.375","22.505","175"
"497","85689","20221104125000","2346","0","高雄市","前鎮區","120.310","22.590","448"
"649","85700","20221104125000","827","0","高雄市","小港區","120.340","22.565","748"
"16","85702","20221104125000","10","3","高雄市","小港區","120.375","22.530","17"
"370","85708","20221104125000","311","1","高雄市","小港區","120.380","22.545","376"
"26","85713","20221104125000","94","0","高雄市","小港區","120.390","22.545","61"
"394","85719","20221104125000","297","2","高雄市","小港區","120.385","22.555","392"
"275","85721","20221104125000","406","0","高雄市","小港區","120.390","22.560","301"
"54","85723","20221104125000","114","0","高雄市","小港區","120.380","22.555","75"
"375","85724","20221104125000","190","3","高雄市","小港區","120.380","22.560","316"
"247","85725","20221104125000","92","3","高雄市","小港區","120.385","22.560","242"
"106","85726","20221104125000","166","0","高雄市","小港區","120.380","22.565","119"
"478","85728","20221104125000","250","3","高雄市","大寮區","120.400","22.590","435"
"756","85729","20221104125000","598","2","高雄市","大寮區","120.390","22.595","639"
"123","85731","20221104125000","83","2","高雄市","大寮區","120.415","22.535","103"
"151","85751","20221104125000","91","3","高雄市","大寮區","120.425","22.555","145"
"150","85754","20221104125000","171","0","高雄市","大寮區","120.425","22.560","174"
"1790","85755","20221104125000","1598","1","高雄市","前鎮區","120.315","22.585","2114"
"492","85756","20221104125000","201","3","高雄市","前鎮區","120.305","22.585","493"
"441","85758","20221104125000","844","0","高雄市","小港區","120.345","22.570","462"
"118","85759","20221104125000","1141","0","高雄市","小港區","120.350","22.570","79"
"267","85764","20221104125000","348","0","高雄市","小港區","120.350","22.575","63"
"215","85768","20221104125000","204","1","高雄市","小港區","120.350","22.580","185"
"332","85770","20221104125000","762","0","高雄市","鳳山區","120.350","22.585","403"
"1409","85771","20221104125000","1584","0","高雄市","鳳山區","120.355","22.585","1567"
"2021","85772","20221104125000","1641","2","高雄市","小港區","120.350","22.565","1758"
"49","85776","20221104125000","67","0","高雄市","小港區","120.325","22.565","53"
"554","85777","20221104125000","722","0","高雄市","小港區","120.330","22.565","724"
"445","85778","20221104125000","506","0","高雄市","前鎮區","120.330","22.570","493"
"1000","85779","20221104125000","799","2","高雄市","小港區","120.335","22.570","964"
"254","85780","20221104125000","189","2","高雄市","小港區","120.335","22.565","295"
"28","85783","20221104125000","280","0","高雄市","小港區","120.360","22.515","23"
"279","85790","20221104125000","373","0","高雄市","鳳山區","120.340","22.590","320"
"571","85791","20221104125000","258","3","高雄市","鳳山區","120.345","22.590","412"
"812","85793","20221104125000","1011","0","高雄市","鳳山區","120.335","22.590","907"
"844","85794","20221104125000","270","3","高雄市","前鎮區","120.335","22.585","690"
"71","85806","20221104125000","144","0","高雄市","小港區(海)","120.330","22.550","88"
"440","85816","20221104125000","244","3","高雄市","小港區(海)","120.315","22.550","341"
"343","85817","20221104125000","195","3","高雄市","旗津區","120.310","22.555","262"
"46","85821","20221104125000","98","0","高雄市","旗津區(海)","120.300","22.575","51"
"31","85823","20221104125000","60","0","高雄市","前鎮區(海)","120.295","22.585","44"
"169","85826","20221104125000","347","0","高雄市","旗津區(海)","120.295","22.580","198"
"301","85827","20221104125000","249","2","高雄市","旗津區","120.290","22.585","347"
"26","85829","20221104125000","78","0","高雄市","大寮區","120.430","22.560","20"
"12","85834","20221104125000","51","0","高雄市","大寮區","120.430","22.565","11"
"170","85835","20221104125000","112","3","高雄市","大寮區","120.435","22.565","175"
"433","85837","20221104125000","222","3","高雄市","大寮區","120.420","22.570","372"
"975","85839","20221104125000","710","2","高雄市","大寮區","120.430","22.570","947"
"297","85845","20221104125000","186","3","高雄市","大寮區","120.435","22.580","92"
"204","85858","20221104125000","185","1","高雄市","大寮區","120.410","22.575","220"
"315","85859","20221104125000","390","0","高雄市","大寮區","120.415","22.575","362"
"196","85864","20221104125000","227","0","高雄市","大寮區","120.420","22.580","212"
"963","85865","20221104125000","732","2","高雄市","大寮區","120.425","22.580","984"
"141","85866","20221104125000","1029","0","高雄市","大寮區","120.430","22.580","252"
"241","85867","20221104125000","223","1","高雄市","大寮區","120.425","22.585","272"
"309","85869","20221104125000","258","1","高雄市","大寮區","120.435","22.585","335"
"59","85872","20221104125000","465","0","高雄市","大寮區","120.425","22.590","42"
"653","85873","20221104125000","749","0","高雄市","大寮區","120.430","22.590","730"
"41","85880","20221104125000","290","0","高雄市","大寮區","120.400","22.595","42"
"515","85881","20221104125000","500","1","高雄市","大寮區","120.405","22.595","526"
"545","85887","20221104125000","450","2","高雄市","前鎮區","120.320","22.570","588"
"226","85888","20221104125000","208","1","高雄市","前鎮區(海)","120.305","22.575","129"
"255","85894","20221104125000","358","0","高雄市","小港區","120.365","22.585","256"
"1125","85896","20221104125000","703","3","高雄市","前鎮區","120.320","22.590","1129"
"327","85897","20221104125000","376","0","高雄市","林園區","120.395","22.505","368"
"1401","85898","20221104125000","1241","1","高雄市","林園區","120.395","22.510","1387"
"250","85910","20221104125000","224","1","高雄市","林園區","120.405","22.500","261"
"444","85911","20221104125000","309","2","高雄市","林園區","120.410","22.500","416"
"524","85915","20221104125000","375","2","高雄市","林園區","120.405","22.505","496"
"159","85916","20221104125000","224","0","高雄市","林園區","120.410","22.505","189"
"298","85920","20221104125000","217","2","高雄市","林園區","120.405","22.510","296"
"557","85929","20221104125000","359","3","高雄市","林園區","120.405","22.520","533"
"13","85936","20221104125000","197","0","高雄市","林園區","120.390","22.525","13"
"134","85937","20221104125000","153","0","高雄市","林園區","120.395","22.525","114"
"20","85940","20221104125000","12","3","高雄市","林園區","120.410","22.525","17"
"77","85945","20221104125000","398","0","高雄市","前鎮區","120.300","22.595","67"
"644","85946","20221104125000","662","0","高雄市","前鎮區","120.325","22.600","743"
"195","85948","20221104125000","322","0","高雄市","林園區","120.390","22.510","151"
"186","85950","20221104125000","156","1","高雄市","林園區","120.400","22.480","222"
"522","85953","20221104125000","168","3","高雄市","旗津區","120.310","22.560","510"
"106","85954","20221104125000","75","2","高雄市","旗津區","120.305","22.565","129"
"256","85955","20221104125000","424","0","高雄市","旗津區","120.300","22.570","292"
"65","85960","20221104125000","224","0","高雄市","林園區","120.395","22.530","65"
"175","85961","20221104125000","209","0","高雄市","林園區","120.400","22.530","164"
"32","85963","20221104125000","30","1","高雄市","林園區","120.385","22.505","39"
"93","85971","20221104125000","294","0","高雄市","旗津區","120.280","22.595","107"
"316","85972","20221104125000","309","1","高雄市","旗津區","120.285","22.585","346"
"251","85975","20221104125000","223","1","高雄市","旗津區","120.285","22.590","273"
"563","85978","20221104125000","429","2","高雄市","林園區","120.390","22.500","612"
"98","85982","20221104125000","646","0","高雄市","林園區","120.380","22.500","79"
"146","85983","20221104125000","598","0","高雄市","林園區","120.395","22.500","127"
"68","85988","20221104125000","140","0","高雄市","林園區","120.395","22.535","83"
"272","85989","20221104125000","211","2","高雄市","林園區","120.400","22.535","287"
"231","88407","20221104125000","302","0","高雄市","鼓山區","120.260","22.625","199"
"11","90458","20221104125000","28","0","臺東縣","綠島鄉","121.470","22.645","15"
"127","93129","20221104125000","151","0","臺東縣","綠島鄉","121.485","22.680","122"
"658","94971","20221104125000","369","3","高雄市","左營區","120.275","22.700","751"
"51","97490","20221104125000","407","0","屏東縣","屏東市","120.480","22.650","49"
"219","97491","20221104125000","252","0","屏東縣","屏東市","120.485","22.650","225"
"169","97497","20221104125000","278","0","屏東縣","屏東市","120.485","22.645","192"
"32","97500","20221104125000","24","2","屏東縣","屏東市","120.500","22.660","25"
"770","97501","20221104125000","414","3","屏東縣","屏東市","120.500","22.665","685"
"78","97502","20221104125000","357","0","屏東縣","九如鄉","120.490","22.730","74"
"839","97503","20221104125000","767","1","屏東縣","九如鄉","120.490","22.735","1013"
"682","97504","20221104125000","333","3","屏東縣","九如鄉","120.490","22.710","654"
"39","97506","20221104125000","51","0","屏東縣","九如鄉","120.490","22.715","49"
"16","97509","20221104125000","33","0","屏東縣","九如鄉","120.495","22.720","13"
"92","97516","20221104125000","259","0","屏東縣","九如鄉","120.500","22.735","84"
"10","97518","20221104125000","128","0","屏東縣","九如鄉","120.505","22.735","11"
"409","97519","20221104125000","276","2","屏東縣","屏東市","120.475","22.655","389"
"222","97520","20221104125000","191","1","屏東縣","屏東市","120.480","22.655","229"
"137","97527","20221104125000","71","3","屏東縣","屏東市","120.450","22.635","142"
"176","97528","20221104125000","139","2","屏東縣","屏東市","120.455","22.635","150"
"155","97529","20221104125000","97","3","屏東縣","屏東市","120.460","22.635","146"
"100","97534","20221104125000","113","0","屏東縣","屏東市","120.455","22.640","102"
"26","97542","20221104125000","25","1","屏東縣","屏東市","120.495","22.625","23"
"486","97544","20221104125000","403","2","屏東縣","屏東市","120.505","22.625","467"
"1508","97550","20221104125000","1320","1","屏東縣","長治鄉","120.510","22.680","1496"
"13","97551","20221104125000","18","0","屏東縣","屏東市","120.475","22.665","13"
"749","97552","20221104125000","614","2","屏東縣","屏東市","120.485","22.670","729"
"95","97565","20221104125000","67","2","屏東縣","內埔鄉","120.570","22.650","77"
"36","97566","20221104125000","161","0","屏東縣","內埔鄉","120.575","22.650","41"
"71","97567","20221104125000","109","0","屏東縣","內埔鄉","120.560","22.655","67"
"16","97581","20221104125000","12","2","屏東縣","內埔鄉","120.585","22.665","13"
"397","97588","20221104125000","231","3","屏東縣","屏東市","120.505","22.690","362"
"931","97589","20221104125000","1616","0","屏東縣","屏東市","120.495","22.685","1102"
"27","97597","20221104125000","195","0","屏東縣","屏東市","120.510","22.700","23"
"94","97598","20221104125000","96","0","屏東縣","屏東市","120.495","22.705","70"
"156","97600","20221104125000","58","3","屏東縣","屏東市","120.505","22.705","150"
"1106","97606","20221104125000","863","2","屏東縣","屏東市","120.475","22.660","1070"
"236","97607","20221104125000","325","0","屏東縣","屏東市","120.480","22.660","211"
"1429","97613","20221104125000","950","3","屏東縣","屏東市","120.475","22.690","1245"
"83","97614","20221104125000","151","0","屏東縣","屏東市","120.470","22.690","91"
"56","97625","20221104125000","39","2","屏東縣","屏東市","120.485","22.700","64"
"276","97627","20221104125000","266","1","屏東縣","屏東市","120.480","22.670","305"
"854","97628","20221104125000","875","0","屏東縣","屏東市","120.495","22.670","802"
"255","97638","20221104125000","340","0","屏東縣","竹田鄉","120.525","22.605","291"
"762","97642","20221104125000","736","1","屏東縣","屏東市","120.495","22.665","834"
"461","97643","20221104125000","388","1","屏東縣","屏東市","120.480","22.640","415"
"308","97654","20221104125000","343","0","屏東縣","鹽埔鄉","120.605","22.725","391"
"41","97655","20221104125000","33","2","屏東縣","屏東市","120.500","22.650","33"
"16","97656","20221104125000","36","0","屏東縣","屏東市","120.505","22.650","25"
"427","97657","20221104125000","341","2","屏東縣","屏東市","120.480","22.675","418"
"1847","97658","20221104125000","1251","2","屏東縣","屏東市","120.490","22.655","1829"
"400","97660","20221104125000","461","0","屏東縣","屏東市","120.490","22.660","415"
"169","97661","20221104125000","128","2","屏東縣","屏東市","120.495","22.660","147"
"310","97663","20221104125000","153","3","屏東縣","屏東市","120.460","22.665","241"
"192","97701","20221104125000","911","0","屏東縣","鹽埔鄉","120.540","22.730","160"
"59","97715","20221104125000","285","0","屏東縣","鹽埔鄉","120.555","22.735","61"
"83","97722","20221104125000","250","0","屏東縣","鹽埔鄉","120.520","22.735","74"
"135","97744","20221104125000","286","0","屏東縣","長治鄉","120.530","22.690","118"
"46","97746","20221104125000","26","3","屏東縣","長治鄉","120.530","22.695","44"
"18","97752","20221104125000","356","0","屏東縣","屏東市","120.485","22.655","24"
"991","97754","20221104125000","1113","0","屏東縣","屏東市","120.490","22.675","1060"
"370","97761","20221104125000","1110","0","屏東縣","屏東市","120.470","22.655","363"
"49","97765","20221104125000","36","2","屏東縣","屏東市","120.510","22.645","52"
"826","97771","20221104125000","1276","0","屏東縣","屏東市","120.495","22.680","1005"
"2215","97772","20221104125000","1229","3","屏東縣","屏東市","120.495","22.675","2253"
"426","97773","20221104125000","512","0","屏東縣","屏東市","120.500","22.685","385"
"2243","97774","20221104125000","1629","2","屏東縣","屏東市","120.505","22.685","2145"
"622","97775","20221104125000","601","1","屏東縣","屏東市","120.510","22.685","699"
"673","97777","20221104125000","744","0","屏東縣","屏東市","120.500","22.675","713"
"310","97783","20221104125000","76","3","屏東縣","內埔鄉","120.600","22.650","298"
"1343","97786","20221104125000","888","3","屏東縣","內埔鄉","120.615","22.650","1237"
"231","97791","20221104125000","686","0","屏東縣","內埔鄉","120.600","22.660","212"
"483","97800","20221104125000","191","3","屏東縣","麟洛鄉","120.535","22.650","525"
"235","97814","20221104125000","198","1","屏東縣","麟洛鄉","120.550","22.660","65"
"86","97818","20221104125000","79","1","屏東縣","麟洛鄉","120.535","22.665","90"
"91","97823","20221104125000","43","3","屏東縣","麟洛鄉","120.515","22.640","81"
"411","97842","20221104125000","224","3","屏東縣","麟洛鄉","120.520","22.645","379"
"10","97844","20221104125000","10","1","屏東縣","屏東市","120.515","22.650","10"
"92","97849","20221104125000","670","0","屏東縣","麟洛鄉","120.525","22.650","68"
"124","97851","20221104125000","430","0","屏東縣","麟洛鄉","120.520","22.655","121"
"111","97914","20221104125000","306","0","屏東縣","萬丹鄉","120.460","22.595","131"
"914","97916","20221104125000","972","0","屏東縣","屏東市","120.490","22.680","960"
"1194","97917","20221104125000","1335","0","屏東縣","屏東市","120.490","22.685","1361"
"979","97918","20221104125000","817","1","屏東縣","屏東市","120.490","22.690","1038"
"506","97919","20221104125000","733","0","屏東縣","屏東市","120.505","22.670","555"
"824","97920","20221104125000","1117","0","屏東縣","長治鄉","120.510","22.670","911"
"230","97925","20221104125000","396","0","屏東縣","長治鄉","120.545","22.690","213"
"393","97947","20221104125000","318","2","屏東縣","屏東市","120.475","22.680","385"
"291","97948","20221104125000","334","0","屏東縣","屏東市","120.480","22.680","219"
"268","97955","20221104125000","381","0","屏東縣","屏東市","120.475","22.685","235"
"1167","97964","20221104125000","1181","0","屏東縣","屏東市","120.510","22.655","1255"
"558","97965","20221104125000","843","0","屏東縣","屏東市","120.505","22.660","610"
"418","97967","20221104125000","547","0","屏東縣","屏東市","120.515","22.660","402"
"615","97969","20221104125000","927","0","屏東縣","屏東市","120.505","22.665","721"
"113","97974","20221104125000","1343","0","屏東縣","屏東市","120.505","22.675","84"
"297","97978","20221104125000","294","1","屏東縣","屏東市","120.475","22.670","304"
"54","97984","20221104125000","475","0","屏東縣","萬丹鄉","120.485","22.610","42"
"431","97985","20221104125000","192","3","屏東縣","萬丹鄉","120.490","22.610","464"
"63","97991","20221104125000","205","0","屏東縣","萬丹鄉","120.490","22.620","62"
"79","98035","20221104125000","114","0","屏東縣","泰武鄉","120.700","22.610","100"
"53","98173","20221104125000","113","0","屏東縣","泰武鄉","120.640","22.625","53"
"246","98233","20221104125000","486","0","屏東縣","萬丹鄉","120.470","22.620","253"
"289","98245","20221104125000","125","3","屏東縣","萬丹鄉","120.470","22.610","304"
"61","98249","20221104125000","182","0","屏東縣","內埔鄉","120.600","22.675","58"
"146","98252","20221104125000","56","3","屏東縣","內埔鄉","120.585","22.640","150"
"129","98255","20221104125000","616","0","屏東縣","內埔鄉","120.590","22.645","127"
"22","98264","20221104125000","120","0","屏東縣","瑪家鄉","120.645","22.695","25"
"229","98266","20221104125000","152","3","屏東縣","瑪家鄉","120.650","22.700","222"
"225","98270","20221104125000","347","0","屏東縣","內埔鄉","120.645","22.705","264"
"1066","98276","20221104125000","670","3","屏東縣","內埔鄉","120.565","22.635","1035"
"231","98277","20221104125000","162","2","屏東縣","內埔鄉","120.545","22.640","209"
"762","98281","20221104125000","971","0","屏東縣","麟洛鄉","120.540","22.645","825"
"277","98298","20221104125000","475","0","屏東縣","內埔鄉","120.555","22.600","272"
"549","98309","20221104125000","550","0","屏東縣","內埔鄉","120.595","22.630","652"
"630","98311","20221104125000","169","3","屏東縣","內埔鄉","120.590","22.635","621"
"236","98316","20221104125000","612","0","屏東縣","內埔鄉","120.600","22.640","208"
"97","98321","20221104125000","178","0","屏東縣","內埔鄉","120.605","22.645","79"
"167","98322","20221104125000","780","0","屏東縣","內埔鄉","120.610","22.645","175"
"64","98328","20221104125000","95","0","屏東縣","瑪家鄉","120.630","22.650","84"
"31","98341","20221104125000","285","0","屏東縣","內埔鄉","120.580","22.620","34"
"51","98346","20221104125000","22","3","屏東縣","內埔鄉","120.545","22.630","70"
"65","98348","20221104125000","296","0","屏東縣","內埔鄉","120.540","22.635","109"
"18","98355","20221104125000","22","0","屏東縣","內埔鄉","120.635","22.685","15"
"10","98358","20221104125000","85","0","屏東縣","內埔鄉","120.635","22.690","10"
"265","98362","20221104125000","203","2","屏東縣","內埔鄉","120.640","22.695","284"
"120","98378","20221104125000","348","0","屏東縣","長治鄉","120.550","22.680","117"
"32","98380","20221104125000","30","1","屏東縣","長治鄉","120.540","22.685","38"
"371","98392","20221104125000","583","0","屏東縣","長治鄉","120.550","22.695","356"
"111","98396","20221104125000","66","3","屏東縣","長治鄉","120.535","22.705","123"
"45","98403","20221104125000","48","0","屏東縣","長治鄉","120.525","22.710","44"
"671","98405","20221104125000","848","0","屏東縣","長治鄉","120.535","22.710","659"
"33","98406","20221104125000","220","0","屏東縣","長治鄉","120.540","22.710","38"
"357","98407","20221104125000","116","3","屏東縣","長治鄉","120.545","22.710","352"
"126","98408","20221104125000","384","0","屏東縣","長治鄉","120.525","22.715","131"
"95","98410","20221104125000","351","0","屏東縣","長治鄉","120.535","22.715","98"
"140","98418","20221104125000","356","0","屏東縣","萬丹鄉","120.470","22.615","157"
"132","98422","20221104125000","155","0","屏東縣","萬丹鄉","120.520","22.595","100"
"177","98443","20221104125000","182","0","屏東縣","屏東市","120.495","22.640","181"
"355","98446","20221104125000","292","2","屏東縣","屏東市","120.490","22.645","317"
"394","98453","20221104125000","273","2","屏東縣","屏東市","120.485","22.625","418"
"367","98457","20221104125000","453","0","屏東縣","屏東市","120.480","22.635","395"
"89","98458","20221104125000","42","3","屏東縣","屏東市","120.485","22.635","67"
"500","98459","20221104125000","300","3","屏東縣","屏東市","120.490","22.635","428"
"22","98460","20221104125000","332","0","屏東縣","屏東市","120.485","22.640","24"
"159","98462","20221104125000","624","0","屏東縣","內埔鄉","120.565","22.610","129"
"128","98463","20221104125000","56","3","屏東縣","內埔鄉","120.570","22.610","92"
"711","98464","20221104125000","961","0","屏東縣","內埔鄉","120.570","22.615","818"
"434","98467","20221104125000","691","0","屏東縣","內埔鄉","120.560","22.605","510"
"115","98471","20221104125000","874","0","屏東縣","內埔鄉","120.560","22.600","105"
"142","98472","20221104125000","281","0","屏東縣","內埔鄉","120.565","22.600","178"
"20","98477","20221104125000","12","3","屏東縣","內埔鄉","120.580","22.665","26"
"91","98486","20221104125000","241","0","屏東縣","內埔鄉","120.595","22.675","92"
"856","98496","20221104125000","971","0","屏東縣","屏東市","120.485","22.685","890"
"698","98497","20221104125000","414","3","屏東縣","屏東市","120.480","22.690","711"
"771","98498","20221104125000","674","1","屏東縣","屏東市","120.485","22.690","698"
"487","98502","20221104125000","762","0","屏東縣","內埔鄉","120.545","22.625","601"
"23","98511","20221104125000","18","2","屏東縣","內埔鄉","120.570","22.640","14"
"591","98532","20221104125000","730","0","屏東縣","內埔鄉","120.560","22.620","351"
"1221","98533","20221104125000","542","3","屏東縣","內埔鄉","120.565","22.620","1443"
"22","98538","20221104125000","17","2","屏東縣","內埔鄉","120.565","22.625","21"
"15","98542","20221104125000","10","3","屏東縣","內埔鄉","120.615","22.685","10"
"56","98544","20221104125000","307","0","屏東縣","內埔鄉","120.600","22.690","44"
"273","98558","20221104125000","331","0","屏東縣","內埔鄉","120.610","22.700","298"
"19","98563","20221104125000","14","2","屏東縣","內埔鄉","120.600","22.665","23"
"12","98565","20221104125000","109","0","屏東縣","內埔鄉","120.595","22.670","16"
"81","98566","20221104125000","17","3","屏東縣","內埔鄉","120.600","22.670","57"
"578","98589","20221104125000","356","3","屏東縣","屏東市","120.505","22.695","540"
"632","98591","20221104125000","632","1","屏東縣","屏東市","120.445","22.640","603"
"313","98594","20221104125000","377","0","屏東縣","屏東市","120.460","22.640","319"
"54","98596","20221104125000","252","0","屏東縣","屏東市","120.445","22.645","49"
"471","98598","20221104125000","433","1","屏東縣","屏東市","120.455","22.645","468"
"532","98607","20221104125000","256","3","屏東縣","屏東市","120.465","22.650","402"
"49","98616","20221104125000","32","3","屏東縣","屏東市","120.445","22.660","32"
"226","98633","20221104125000","440","0","屏東縣","三地門鄉","120.640","22.715","256"
"353","98636","20221104125000","464","0","屏東縣","三地門鄉","120.655","22.715","357"
"285","98648","20221104125000","226","2","屏東縣","三地門鄉","120.670","22.720","299"
"32","98661","20221104125000","67","0","屏東縣","三地門鄉","120.640","22.735","34"
"354","98723","20221104125000","264","2","屏東縣","屏東市","120.495","22.690","319"
"404","98724","20221104125000","378","1","屏東縣","屏東市","120.500","22.690","457"
"760","98725","20221104125000","737","1","屏東縣","屏東市","120.480","22.665","787"
"482","98726","20221104125000","422","1","屏東縣","屏東市","120.495","22.695","498"
"430","98729","20221104125000","313","2","屏東縣","屏東市","120.500","22.695","415"
"1973","98734","20221104125000","1270","3","屏東縣","屏東市","120.490","22.670","1837"
"102","98776","20221104125000","43","3","屏東縣","萬巒鄉","120.625","22.630","83"
"118","98782","20221104125000","58","3","屏東縣","萬巒鄉","120.625","22.640","114"
"76","98803","20221104125000","49","3","屏東縣","萬巒鄉","120.615","22.605","62"
"531","98804","20221104125000","340","3","屏東縣","萬巒鄉","120.620","22.605","487"
"74","98822","20221104125000","42","3","屏東縣","長治鄉","120.535","22.670","59"
"1060","98826","20221104125000","770","2","屏東縣","長治鄉","120.525","22.675","1085"
"221","98837","20221104125000","190","1","屏東縣","長治鄉","120.515","22.685","216"
"76","98842","20221104125000","813","0","屏東縣","長治鄉","120.510","22.665","57"
"326","98843","20221104125000","362","0","屏東縣","長治鄉","120.515","22.665","319"
"34","98844","20221104125000","32","1","屏東縣","長治鄉","120.520","22.665","32"
"11","98884","20221104125000","40","0","屏東縣","瑪家鄉","120.705","22.675","14"
"689","98968","20221104125000","205","3","屏東縣","瑪家鄉","120.670","22.675","766"
"121","99003","20221104125000","122","0","屏東縣","瑪家鄉","120.655","22.705","117"
"15","99033","20221104125000","20","0","屏東縣","瑪家鄉","120.690","22.680","20"
"77","99078","20221104125000","148","0","屏東縣","瑪家鄉","120.640","22.685","77"
"27","99094","20221104125000","166","0","屏東縣","竹田鄉","120.530","22.630","19"
"482","99099","20221104125000","298","3","屏東縣","竹田鄉","120.535","22.640","434"
"10","99104","20221104125000","21","0","屏東縣","竹田鄉","120.545","22.600","12"
"197","99110","20221104125000","211","0","屏東縣","竹田鄉","120.520","22.615","232"
"34","99116","20221104125000","240","0","屏東縣","竹田鄉","120.525","22.620","36"
"155","99293","20221104125000","399","0","屏東縣","萬丹鄉","120.465","22.605","148"
"408","99294","20221104125000","169","3","屏東縣","萬丹鄉","120.470","22.605","385"
"106","99299","20221104125000","552","0","屏東縣","萬丹鄉","120.495","22.595","130"
"482","99310","20221104125000","392","2","屏東縣","長治鄉","120.520","22.680","454"
"19","99313","20221104125000","76","0","屏東縣","長治鄉","120.525","22.685","34"
"102","99317","20221104125000","417","0","屏東縣","長治鄉","120.565","22.670","102"
"922","99340","20221104125000","373","3","屏東縣","長治鄉","120.590","22.695","890"
"392","99352","20221104125000","441","0","屏東縣","長治鄉","120.575","22.705","411"
"194","99358","20221104125000","124","3","屏東縣","長治鄉","120.580","22.710","185"
"67","99371","20221104125000","40","3","屏東縣","鹽埔鄉","120.580","22.720","70"
"222","99390","20221104125000","129","3","屏東縣","長治鄉","120.570","22.700","260"
"11","99551","20221104125000","26","0","屏東縣","霧台鄉","120.755","22.730","15"
"112","99607","20221104125000","48","3","屏東縣","高樹鄉","120.630","22.735","110"
"174","99617","20221104125000","56","3","屏東縣","萬丹鄉","120.450","22.620","135"
"84","99627","20221104125000","304","0","屏東縣","萬丹鄉","120.465","22.625","67"
"19","99670","20221104125000","136","0","屏東縣","九如鄉","120.485","22.735","25"
"880","99671","20221104125000","1246","0","屏東縣","屏東市","120.490","22.665","938"
"26","99677","20221104125000","18","2","屏東縣","屏東市","120.485","22.705","23"
"34","99680","20221104125000","115","0","屏東縣","九如鄉","120.480","22.710","25"
"496","99690","20221104125000","313","3","屏東縣","九如鄉","120.520","22.710","484"
"49","99705","20221104125000","107","0","屏東縣","九如鄉","120.505","22.725","37"
"269","99716","20221104125000","236","1","臺東縣","綠島鄉","121.470","22.670","265"
"146","99719","20221104125000","256","0","臺東縣","綠島鄉","121.470","22.675","186"
"45","99732","20221104125000","42","1","臺東縣","綠島鄉","121.500","22.645","59"
"92","99739","20221104125000","39","3","臺東縣","綠島鄉","121.505","22.655","48"
"109","99759","20221104125000","143","0","臺東縣","綠島鄉","121.490","22.675","128"
"36","99760","20221104125000","52","0","臺東縣","綠島鄉","121.495","22.675","25"
"138","99762","20221104125000","69","3","臺東縣","綠島鄉","121.505","22.675","99"
"39","99767","20221104125000","119","0","臺東縣","綠島鄉","121.475","22.650","42"
"80","99769","20221104125000","96","0","臺東縣","綠島鄉","121.485","22.650","62"
"121","99774","20221104125000","317","0","臺東縣","綠島鄉","121.475","22.660","124"
"105","99777","20221104125000","141","0","臺東縣","綠島鄉","121.470","22.665","97"
"426","99779","20221104125000","636","0","臺東縣","綠島鄉","121.465","22.670","389"
"430","99780","20221104125000","353","2","高雄市","楠梓區","120.295","22.715","448"
"13","99781","20221104125000","346","0","高雄市","楠梓區","120.295","22.720","11"
"283","99782","20221104125000","375","0","高雄市","楠梓區","120.305","22.710","335"
"1355","99783","20221104125000","829","3","高雄市","楠梓區","120.300","22.715","1285"
"1370","99784","20221104125000","870","3","高雄市","楠梓區","120.305","22.715","1383"
"231","99785","20221104125000","415","0","高雄市","楠梓區","120.310","22.715","211"
"959","99787","20221104125000","1146","0","高雄市","前金區","120.290","22.625","1088"
"1410","99788","20221104125000","1395","1","高雄市","前金區","120.300","22.620","1492"
"563","99792","20221104125000","452","2","臺東縣","臺東市","121.050","22.705","568"
"244","99796","20221104125000","399","0","臺東縣","臺東市","121.040","22.705","308"
"718","99800","20221104125000","436","3","臺東縣","臺東市","121.045","22.710","848"
"24","99817","20221104125000","246","0","臺東縣","臺東市","121.060","22.710","37"
"526","99819","20221104125000","691","0","臺東縣","臺東市","121.070","22.710","675"
"264","99837","20221104125000","108","3","臺東縣","臺東市","121.070","22.720","242"
"69","99854","20221104125000","80","0","臺東縣","臺東市","121.085","22.730","78"
"76","99856","20221104125000","82","0","高雄市","大寮區","120.415","22.620","83"
"201","99859","20221104125000","89","3","高雄市","大寮區","120.430","22.620","201"
"376","99862","20221104125000","379","0","高雄市","大寮區","120.425","22.625","391"
"15","99866","20221104125000","131","0","高雄市","大寮區","120.420","22.630","12"
"2151","99875","20221104125000","1349","3","高雄市","鳥松區","120.335","22.655","2176"
"446","99876","20221104125000","870","0","高雄市","前鎮區","120.315","22.595","533"
"1203","99877","20221104125000","1026","1","高雄市","三民區","120.320","22.670","1232"
"312","99885","20221104125000","243","2","臺東縣","臺東市","121.055","22.725","372"
"1092","99892","20221104125000","1604","0","高雄市","前鎮區","120.305","22.605","1257"
"1118","99893","20221104125000","876","2","高雄市","前鎮區","120.315","22.615","1230"
"1662","99894","20221104125000","1333","2","高雄市","前鎮區","120.305","22.600","1845"
"767","99895","20221104125000","1208","0","高雄市","前鎮區","120.330","22.610","951"
"218","99897","20221104125000","213","1","高雄市","仁武區","120.330","22.705","188"
"1109","99898","20221104125000","1165","0","高雄市","仁武區","120.335","22.705","1232"
"1075","99899","20221104125000","822","2","高雄市","仁武區","120.330","22.710","1070"
"910","99900","20221104125000","446","3","高雄市","仁武區","120.335","22.710","972"
"71","99901","20221104125000","57","2","高雄市","仁武區","120.330","22.715","68"
"446","99902","20221104125000","664","0","高雄市","楠梓區","120.330","22.720","458"
"24","99903","20221104125000","12","3","高雄市","三民區","120.290","22.640","30"
"96","99905","20221104125000","819","0","高雄市","仁武區","120.355","22.680","86"
"336","99906","20221104125000","1048","0","高雄市","仁武區","120.355","22.685","314"
"597","99908","20221104125000","461","2","高雄市","仁武區","120.345","22.685","549"
"385","99912","20221104125000","366","1","高雄市","仁武區","120.365","22.690","420"
"71","99913","20221104125000","31","3","高雄市","仁武區","120.370","22.690","65"
"164","99914","20221104125000","164","1","高雄市","仁武區","120.375","22.690","173"
"216","99919","20221104125000","69","3","高雄市","仁武區","120.375","22.695","205"
"774","99924","20221104125000","740","1","高雄市","仁武區","120.365","22.700","870"
"224","99927","20221104125000","204","1","高雄市","仁武區","120.380","22.700","268"
"300","99930","20221104125000","249","2","高雄市","仁武區","120.395","22.700","358"
"1795","99933","20221104125000","2285","0","高雄市","鹽埕區","120.285","22.630","1993"
"845","99935","20221104125000","1564","0","高雄市","楠梓區","120.325","22.725","1017"
"66","99936","20221104125000","220","0","高雄市","楠梓區","120.315","22.735","72"
"899","99937","20221104125000","511","3","高雄市","楠梓區","120.320","22.730","837"
"1351","99940","20221104125000","1229","1","高雄市","楠梓區","120.300","22.710","1473"
"1769","99941","20221104125000","1587","1","高雄市","三民區","120.320","22.650","1771"
"2760","99942","20221104125000","3761","0","高雄市","前金區","120.295","22.630","3442"
"592","99943","20221104125000","890","0","高雄市","三民區","120.290","22.645","636"
"111","99944","20221104125000","1059","0","高雄市","鳳山區","120.375","22.635","95"
"1855","99945","20221104125000","1342","2","高雄市","鳳山區","120.365","22.625","1887"
"353","99946","20221104125000","600","0","高雄市","鳳山區","120.370","22.625","660"
"67","99951","20221104125000","250","0","高雄市","大樹區","120.420","22.695","55"
"31","99953","20221104125000","11","3","高雄市","大樹區","120.425","22.700","25"
"53","99955","20221104125000","29","3","高雄市","大樹區","120.430","22.730","36"
"47","99958","20221104125000","56","0","高雄市","大樹區","120.425","22.735","40"
"23","99964","20221104125000","16","2","高雄市","大樹區","120.410","22.690","19"
"19","99968","20221104125000","14","2","高雄市","大樹區","120.405","22.690","23"
"232","99973","20221104125000","117","3","高雄市","大樹區","120.400","22.700","198"
"252","99976","20221104125000","310","0","高雄市","大社區","120.340","22.725","292"
"211","99979","20221104125000","312","0","高雄市","大社區","120.345","22.725","185"
"105","99983","20221104125000","596","0","高雄市","左營區","120.300","22.685","91"
"38","99984","20221104125000","385","0","高雄市","左營區","120.305","22.690","31"
"2850","99985","20221104125000","3133","0","高雄市","左營區","120.310","22.685","2832"
"1124","99987","20221104125000","675","3","高雄市","左營區","120.315","22.690","1173"
"1248","99989","20221104125000","1175","1","高雄市","新興區","120.305","22.630","1332"
"178","99990","20221104125000","212","0","高雄市","大寮區","120.385","22.615","154"
"584","99993","20221104125000","758","0","高雄市","大寮區","120.380","22.620","613"
"333","99994","20221104125000","215","3","高雄市","大寮區","120.385","22.620","337"
"75","99999","20221104125000","31","3","高雄市","大寮區","120.375","22.600","67"
"1458","100002","20221104125000","2175","0","高雄市","三民區","120.295","22.635","1698"
"665","100003","20221104125000","972","0","高雄市","前金區","120.300","22.625","827"
"2156","100004","20221104125000","2298","0","高雄市","新興區","120.300","22.630","2026"
"608","100005","20221104125000","1796","0","高雄市","大寮區","120.385","22.600","625"
"784","100007","20221104125000","543","2","高雄市","大寮區","120.385","22.610","725"
"675","100010","20221104125000","921","0","高雄市","苓雅區","120.330","22.625","593"
"2428","100011","20221104125000","2565","0","高雄市","鳳山區","120.360","22.635","2574"
"364","100012","20221104125000","815","0","高雄市","鳳山區","120.365","22.630","341"
"737","100013","20221104125000","359","3","高雄市","鳳山區","120.375","22.640","618"
"387","100014","20221104125000","1097","0","高雄市","鳳山區","120.350","22.615","371"
"3015","100015","20221104125000","2147","2","高雄市","楠梓區","120.300","22.725","3349"
"1302","100016","20221104125000","903","2","高雄市","橋頭區","120.300","22.730","1244"
"929","100017","20221104125000","1759","0","高雄市","橋頭區","120.305","22.730","880"
"734","100019","20221104125000","1189","0","高雄市","鳳山區","120.345","22.615","734"
"1056","100021","20221104125000","228","3","高雄市","楠梓區","120.285","22.725","982"
"138","100022","20221104125000","1440","0","高雄市","楠梓區","120.290","22.725","138"
"861","100023","20221104125000","866","0","高雄市","橋頭區","120.295","22.730","846"
"278","100025","20221104125000","325","0","高雄市","楠梓區","120.285","22.730","304"
"17","100026","20221104125000","16","1","高雄市","楠梓區","120.290","22.730","30"
"846","100028","20221104125000","1278","0","高雄市","楠梓區","120.290","22.715","892"
"756","100029","20221104125000","1096","0","高雄市","楠梓區","120.290","22.720","938"
"1174","100032","20221104125000","1765","0","高雄市","苓雅區","120.300","22.610","1247"
"1526","100033","20221104125000","991","3","高雄市","苓雅區","120.335","22.625","1388"
"2464","100034","20221104125000","3036","0","高雄市","前鎮區","120.310","22.615","2622"
"586","100038","20221104125000","538","1","高雄市","大寮區","120.405","22.640","628"
"257","100039","20221104125000","208","2","高雄市","大寮區","120.410","22.640","278"
"2962","100044","20221104125000","2738","1","高雄市","三民區","120.325","22.650","3181"
"750","100045","20221104125000","902","0","高雄市","三民區","120.320","22.655","857"
"832","100047","20221104125000","1338","0","高雄市","鳳山區","120.380","22.630","888"
"3650","100048","20221104125000","3764","0","高雄市","苓雅區","120.320","22.620","3987"
"3578","100049","20221104125000","3633","0","高雄市","新興區","120.310","22.630","3595"
"315","100050","20221104125000","855","0","高雄市","三民區","120.315","22.650","314"
"656","100052","20221104125000","1185","0","高雄市","三民區","120.315","22.655","691"
"2168","100053","20221104125000","1273","3","高雄市","三民區","120.330","22.640","2237"
"1230","100054","20221104125000","949","2","高雄市","三民區","120.315","22.640","1395"
"638","100057","20221104125000","966","0","高雄市","前鎮區","120.285","22.605","770"
"432","100058","20221104125000","387","1","高雄市","前鎮區","120.290","22.605","442"
"1928","100059","20221104125000","1130","3","高雄市","前鎮區","120.300","22.605","2693"
"48","100071","20221104125000","62","0","臺東縣","太麻里鄉","121.025","22.670","69"
"98","100074","20221104125000","172","0","臺東縣","太麻里鄉","121.040","22.670","123"
"95","100530","20221104125000","163","0","臺東縣","金峰鄉","120.950","22.640","121"
"91","100729","20221104125000","90","1","臺東縣","金峰鄉","121.000","22.635","93"
"1585","100742","20221104125000","996","3","高雄市","鳳山區","120.360","22.625","1508"
"1435","100743","20221104125000","1631","0","高雄市","三民區","120.305","22.640","1464"
"175","100744","20221104125000","803","0","高雄市","楠梓區","120.295","22.725","186"
"3274","100745","20221104125000","2353","2","高雄市","楠梓區","120.300","22.720","3182"
"151","100746","20221104125000","86","3","高雄市","鳳山區","120.365","22.605","161"
"744","100747","20221104125000","948","0","高雄市","鳳山區","120.360","22.610","870"
"443","100753","20221104125000","412","1","高雄市","鳳山區","120.355","22.605","465"
"142","100755","20221104125000","147","0","高雄市","鳳山區","120.365","22.615","181"
"59","100759","20221104125000","200","0","高雄市","左營區","120.295","22.695","44"
"828","100760","20221104125000","143","3","高雄市","左營區","120.295","22.700","443"
"2095","100762","20221104125000","1696","2","高雄市","三民區","120.315","22.645","2110"
"2313","100764","20221104125000","2144","1","高雄市","三民區","120.310","22.640","2378"
"1284","100765","20221104125000","1570","0","高雄市","前金區","120.290","22.630","1509"
"1493","100766","20221104125000","1155","2","高雄市","三民區","120.295","22.645","1675"
"117","100767","20221104125000","177","0","高雄市","仁武區","120.340","22.705","117"
"363","100768","20221104125000","1133","0","高雄市","仁武區","120.345","22.705","352"
"672","100771","20221104125000","429","3","高雄市","仁武區","120.340","22.715","639"
"1089","100773","20221104125000","1048","1","高雄市","仁武區","120.350","22.690","1171"
"241","100775","20221104125000","367","0","高雄市","仁武區","120.350","22.695","243"
"87","100777","20221104125000","740","0","高雄市","仁武區","120.355","22.700","85"
"75","100778","20221104125000","39","3","高雄市","仁武區","120.350","22.705","85"
"227","100779","20221104125000","312","0","高雄市","仁武區","120.355","22.705","287"
"291","100781","20221104125000","296","0","高雄市","仁武區","120.350","22.710","342"
"177","100783","20221104125000","246","0","高雄市","仁武區","120.345","22.715","195"
"982","100786","20221104125000","1314","0","高雄市","前鎮區","120.335","22.605","994"
"2101","100787","20221104125000","1991","1","高雄市","前鎮區","120.330","22.600","1895"
"1657","100788","20221104125000","1811","0","高雄市","三民區","120.335","22.650","1765"
"868","100789","20221104125000","1037","0","高雄市","三民區","120.325","22.655","964"
"59","100790","20221104125000","18","3","臺東縣","太麻里鄉","120.975","22.600","46"
"514","100808","20221104125000","712","0","臺東縣","太麻里鄉","121.005","22.610","595"
"3132","100829","20221104125000","2677","1","高雄市","苓雅區","120.340","22.630","3342"
"1422","100830","20221104125000","2119","0","高雄市","鳳山區","120.345","22.630","1645"
"877","100831","20221104125000","1826","0","高雄市","鳳山區","120.365","22.640","907"
"1880","100832","20221104125000","1485","2","高雄市","苓雅區","120.325","22.615","2007"
"2584","100833","20221104125000","2291","1","高雄市","左營區","120.305","22.660","2590"
"3737","100834","20221104125000","2978","2","高雄市","左營區","120.310","22.660","3634"
"4343","100835","20221104125000","3129","2","高雄市","左營區","120.305","22.665","4251"
"1421","100836","20221104125000","2447","0","高雄市","左營區","120.310","22.665","1611"
"1652","100837","20221104125000","1870","0","高雄市","左營區","120.300","22.670","1822"
"3403","100838","20221104125000","3034","1","高雄市","左營區","120.305","22.670","3851"
"1933","100839","20221104125000","2033","0","高雄市","左營區","120.300","22.680","1993"
"2023","100842","20221104125000","2035","0","高雄市","新興區","120.305","22.635","2088"
"78","100844","20221104125000","46","3","高雄市","大寮區","120.385","22.635","66"
"1818","100848","20221104125000","1547","1","高雄市","大寮區","120.395","22.640","1917"
"1384","100851","20221104125000","1721","0","高雄市","三民區","120.325","22.675","1562"
"1570","100852","20221104125000","1442","1","高雄市","三民區","120.325","22.660","1599"
"1757","100853","20221104125000","1264","2","高雄市","三民區","120.330","22.660","1801"
"973","100854","20221104125000","2230","0","高雄市","三民區","120.325","22.665","1124"
"103","100855","20221104125000","781","0","高雄市","鳥松區","120.335","22.665","110"
"287","100856","20221104125000","1263","0","高雄市","三民區","120.330","22.665","243"
"338","100858","20221104125000","441","0","高雄市","三民區","120.330","22.670","397"
"2310","100860","20221104125000","2262","1","高雄市","三民區","120.335","22.645","2434"
"1148","100861","20221104125000","626","3","高雄市","前鎮區","120.310","22.605","1151"
"2615","100862","20221104125000","2845","0","高雄市","前鎮區","120.310","22.610","2739"
"869","100863","20221104125000","904","0","高雄市","前鎮區","120.315","22.610","890"
"109","100864","20221104125000","332","0","高雄市","左營區","120.290","22.700","68"
"1158","100865","20221104125000","1182","0","高雄市","左營區","120.285","22.680","1199"
"955","100866","20221104125000","708","2","高雄市","左營區","120.290","22.680","1034"
"870","100867","20221104125000","1128","0","高雄市","鳳山區","120.350","22.640","882"
"2198","100868","20221104125000","1276","3","高雄市","鳳山區","120.350","22.630","1995"
"941","100869","20221104125000","2824","0","高雄市","鳳山區","120.350","22.645","1087"
"1172","100870","20221104125000","1574","0","高雄市","鳳山區","120.350","22.635","1154"
"1769","100871","20221104125000","1723","1","高雄市","苓雅區","120.335","22.620","1799"
"1331","100872","20221104125000","1888","0","高雄市","鳳山區","120.340","22.600","1311"
"2035","100873","20221104125000","1238","3","高雄市","三民區","120.320","22.645","2076"
"1330","100874","20221104125000","1293","1","高雄市","三民區","120.325","22.645","1367"
"2104","100875","20221104125000","1520","2","高雄市","三民區","120.290","22.635","1976"
"1757","100877","20221104125000","1423","2","高雄市","三民區","120.325","22.670","1686"
"990","100878","20221104125000","1903","0","高雄市","三民區","120.315","22.660","929"
"1496","100879","20221104125000","1360","1","高雄市","三民區","120.320","22.660","1546"
"2568","100880","20221104125000","2447","1","高雄市","三民區","120.315","22.665","2491"
"348","100881","20221104125000","2270","0","高雄市","三民區","120.320","22.665","264"
"1946","100883","20221104125000","1307","2","高雄市","前鎮區","120.305","22.610","2025"
"254","100888","20221104125000","956","0","高雄市","大寮區","120.390","22.625","232"
"2468","100890","20221104125000","2422","1","高雄市","三民區","120.335","22.640","2570"
"1635","100891","20221104125000","2464","0","高雄市","鳳山區","120.345","22.635","1890"
"329","100909","20221104125000","506","0","臺東縣","臺東市","121.055","22.705","390"
"170","100915","20221104125000","176","0","臺東縣","太麻里鄉","121.010","22.625","201"
"190","100925","20221104125000","72","3","臺東縣","太麻里鄉","121.015","22.640","195"
"554","100938","20221104125000","344","3","臺東縣","臺東市","121.100","22.725","553"
"180","100946","20221104125000","272","0","高雄市","鳥松區","120.350","22.665","157"
"1185","100947","20221104125000","716","3","高雄市","鳥松區","120.355","22.665","1028"
"271","100948","20221104125000","245","1","高雄市","鳥松區","120.360","22.665","288"
"107","100954","20221104125000","153","0","高雄市","仁武區","120.370","22.680","127"
"42","100961","20221104125000","27","3","高雄市","鳥松區","120.380","22.685","37"
"293","100966","20221104125000","256","1","高雄市","鳥松區","120.395","22.665","322"
"30","100969","20221104125000","62","0","高雄市","鳥松區","120.390","22.675","34"
"1416","100974","20221104125000","1290","1","高雄市","三民區","120.340","22.645","1461"
"1119","100975","20221104125000","785","2","高雄市","鳥松區","120.345","22.655","1186"
"258","100977","20221104125000","459","0","高雄市","鳥松區","120.340","22.655","308"
"319","100978","20221104125000","320","0","高雄市","鳥松區","120.340","22.660","325"
"384","100982","20221104125000","303","2","高雄市","鳥松區","120.390","22.660","312"
"43","100983","20221104125000","220","0","高雄市","鳥松區","120.395","22.660","46"
"119","100986","20221104125000","1017","0","高雄市","鳳山區","120.360","22.640","96"
"178","100987","20221104125000","1233","0","高雄市","鳥松區","120.355","22.645","208"
"545","100988","20221104125000","159","3","高雄市","鳳山區","120.360","22.645","402"
"438","100989","20221104125000","247","3","高雄市","鳥松區","120.365","22.645","431"
"2833","100992","20221104125000","2189","2","高雄市","鳥松區","120.355","22.650","2765"
"643","100995","20221104125000","788","0","高雄市","鳥松區","120.370","22.650","670"
"89","100997","20221104125000","149","0","高雄市","鳥松區","120.355","22.655","82"
"1181","100998","20221104125000","1112","1","高雄市","鳥松區","120.360","22.655","1221"
"1112","101004","20221104125000","648","3","高雄市","鳥松區","120.360","22.660","988"
"872","101009","20221104125000","664","2","高雄市","鳥松區","120.370","22.665","802"
"118","101010","20221104125000","109","1","高雄市","鳥松區","120.340","22.665","121"
"38","101012","20221104125000","18","3","高雄市","仁武區","120.345","22.670","32"
"39","101013","20221104125000","64","0","高雄市","鳥松區","120.365","22.670","27"
"295","101014","20221104125000","237","2","高雄市","鳥松區","120.370","22.670","296"
"355","101017","20221104125000","208","3","高雄市","鳥松區","120.380","22.655","330"
"184","101018","20221104125000","110","3","高雄市","鳥松區","120.385","22.655","175"
"398","101019","20221104125000","239","3","高雄市","鳥松區","120.370","22.660","349"
"237","101021","20221104125000","391","0","高雄市","鳥松區","120.380","22.660","237"
"666","101029","20221104125000","958","0","高雄市","鳳山區","120.355","22.625","786"
"2404","101030","20221104125000","2097","1","高雄市","鳳山區","120.355","22.635","2473"
"30","101034","20221104125000","17","3","高雄市","鳳山區","120.380","22.625","19"
"937","101035","20221104125000","894","1","高雄市","楠梓區","120.325","22.705","1052"
"59","101038","20221104125000","34","3","高雄市","仁武區","120.330","22.695","56"
"252","101039","20221104125000","376","0","高雄市","仁武區","120.325","22.700","297"
"611","101043","20221104125000","815","0","高雄市","前鎮區","120.315","22.605","583"
"1099","101044","20221104125000","1983","0","高雄市","三民區","120.335","22.635","1242"
"146","101045","20221104125000","949","0","高雄市","三民區","120.345","22.640","154"
"236","101046","20221104125000","1048","0","高雄市","仁武區","120.345","22.675","222"
"219","101047","20221104125000","395","0","高雄市","仁武區","120.350","22.675","253"
"382","101048","20221104125000","886","0","高雄市","仁武區","120.340","22.680","349"
"849","101049","20221104125000","534","3","高雄市","仁武區","120.345","22.680","835"
"1337","101052","20221104125000","988","2","高雄市","仁武區","120.325","22.685","1228"
"855","101053","20221104125000","459","3","高雄市","仁武區","120.325","22.690","800"
"661","101055","20221104125000","460","2","高雄市","仁武區","120.325","22.695","652"
"633","101056","20221104125000","300","3","高雄市","仁武區","120.320","22.695","629"
"616","101058","20221104125000","506","2","高雄市","仁武區","120.330","22.700","670"
"328","101059","20221104125000","899","0","高雄市","鳳山區","120.365","22.635","308"
"1567","101061","20221104125000","1770","0","高雄市","苓雅區","120.295","22.615","1733"
"2630","101062","20221104125000","1989","2","高雄市","苓雅區","120.320","22.625","2801"
"1583","101063","20221104125000","1267","2","高雄市","鳳山區","120.375","22.625","1603"
"88","101064","20221104125000","700","0","高雄市","鳳山區","120.375","22.620","56"
"109","101068","20221104125000","59","3","高雄市","鳳山區","120.365","22.620","95"
"339","101069","20221104125000","336","1","高雄市","鳳山區","120.370","22.620","334"
"1889","101074","20221104125000","2179","0","高雄市","左營區","120.290","22.675","1789"
"85","101076","20221104125000","138","0","高雄市","梓官區","120.250","22.730","54"
"632","101077","20221104125000","707","0","高雄市","梓官區","120.255","22.730","584"
"750","101086","20221104125000","430","3","高雄市","楠梓區","120.275","22.725","690"
"30","101090","20221104125000","404","0","高雄市","楠梓區","120.280","22.725","25"
"450","101092","20221104125000","628","0","高雄市","楠梓區","120.280","22.730","489"
"1794","101094","20221104125000","1362","2","高雄市","楠梓區","120.320","22.725","1694"
"1271","101095","20221104125000","742","3","高雄市","楠梓區","120.285","22.710","1341"
"37","101096","20221104125000","283","0","高雄市","左營區","120.300","22.695","23"
"1172","101100","20221104125000","1547","0","高雄市","苓雅區","120.315","22.625","1323"
"1297","101101","20221104125000","1521","0","高雄市","鹽埕區","120.280","22.625","1358"
"1777","101102","20221104125000","1425","2","高雄市","苓雅區","120.325","22.620","2075"
"372","101103","20221104125000","323","1","高雄市","左營區","120.310","22.670","415"
"1488","101104","20221104125000","715","3","高雄市","左營區","120.315","22.670","1327"
"2688","101105","20221104125000","1872","2","高雄市","左營區","120.300","22.675","2599"
"340","101106","20221104125000","315","1","高雄市","左營區","120.295","22.680","467"
"2308","101107","20221104125000","1625","2","高雄市","左營區","120.305","22.675","2087"
"452","101109","20221104125000","1120","0","高雄市","鳳山區","120.340","22.610","417"
"1504","101110","20221104125000","1572","0","高雄市","鳳山區","120.335","22.615","1543"
"171","101111","20221104125000","630","0","高雄市","鳳山區","120.340","22.615","138"
"567","101113","20221104125000","1913","0","高雄市","鳳山區","120.340","22.605","549"
"966","101114","20221104125000","590","3","高雄市","鼓山區","120.280","22.655","1005"
"1383","101115","20221104125000","1532","0","高雄市","鼓山區","120.280","22.660","1561"
"1620","101116","20221104125000","998","3","高雄市","鼓山區","120.285","22.650","1692"
"970","101117","20221104125000","1497","0","高雄市","鼓山區","120.290","22.650","890"
"1333","101119","20221104125000","1956","0","高雄市","鼓山區","120.290","22.655","1513"
"115","101120","20221104125000","703","0","高雄市","鼓山區","120.285","22.660","108"
"925","101121","20221104125000","1252","0","高雄市","鼓山區","120.290","22.660","926"
"760","101122","20221104125000","497","3","高雄市","鼓山區","120.290","22.665","707"
"693","101123","20221104125000","991","0","高雄市","鼓山區","120.285","22.665","665"
"1563","101124","20221104125000","774","3","高雄市","鼓山區","120.280","22.645","1396"
"1022","101125","20221104125000","899","1","高雄市","鼓山區","120.270","22.625","1069"
"1594","101126","20221104125000","2082","0","高雄市","鼓山區","120.280","22.630","1642"
"139","101127","20221104125000","138","1","高雄市","鼓山區","120.275","22.625","116"
"33","101128","20221104125000","112","0","高雄市","鼓山區","120.270","22.635","45"
"33","101129","20221104125000","106","0","高雄市","鼓山區","120.275","22.635","29"
"1180","101132","20221104125000","1658","0","高雄市","三民區","120.320","22.640","1369"
"988","101133","20221104125000","1144","0","高雄市","鳥松區","120.340","22.650","985"
"2858","101134","20221104125000","2451","1","高雄市","三民區","120.340","22.640","2791"
"1756","101135","20221104125000","2666","0","高雄市","三民區","120.345","22.645","1818"
"300","101137","20221104125000","254","1","高雄市","梓官區","120.260","22.725","232"
"568","101139","20221104125000","379","2","高雄市","梓官區","120.255","22.725","621"
"81","101449","20221104125000","85","0","臺東縣","卑南鄉","120.990","22.690","75"
"65","101488","20221104125000","218","0","臺東縣","卑南鄉","121.020","22.695","50"
"39","101568","20221104125000","122","0","臺東縣","卑南鄉","121.030","22.700","25"
"3212","101748","20221104125000","2382","2","高雄市","苓雅區","120.300","22.615","3233"
"1521","101749","20221104125000","1501","1","高雄市","苓雅區","120.325","22.630","1479"
"532","101750","20221104125000","969","0","高雄市","鳳山區","120.340","22.620","564"
"591","101751","20221104125000","600","0","高雄市","鳳山區","120.370","22.630","498"
"1427","101752","20221104125000","1973","0","高雄市","鳳山區","120.355","22.630","1667"
"588","101753","20221104125000","840","0","高雄市","鳳山區","120.360","22.630","600"
"95","101754","20221104125000","215","0","高雄市","鳳山區","120.330","22.615","104"
"211","101757","20221104125000","907","0","高雄市","苓雅區","120.325","22.635","180"
"255","101758","20221104125000","147","3","高雄市","仁武區","120.350","22.680","213"
"282","101759","20221104125000","237","1","高雄市","鳥松區","120.355","22.670","284"
"278","101760","20221104125000","1154","0","高雄市","仁武區","120.355","22.675","240"
"139","101765","20221104125000","44","3","高雄市","仁武區","120.345","22.695","120"
"570","101766","20221104125000","411","2","高雄市","仁武區","120.340","22.700","549"
"1315","101767","20221104125000","1041","2","高雄市","仁武區","120.345","22.700","1328"
"610","101768","20221104125000","801","0","高雄市","仁武區","120.350","22.700","568"
"34","101777","20221104125000","17","3","高雄市","仁武區","120.375","22.710","40"
"33","101778","20221104125000","87","0","高雄市","仁武區","120.380","22.710","32"
"63","101783","20221104125000","55","1","高雄市","仁武區","120.380","22.715","64"
"91","101785","20221104125000","100","0","高雄市","仁武區","120.390","22.715","85"
"50","101790","20221104125000","69","0","高雄市","仁武區","120.390","22.720","53"
"812","101808","20221104125000","359","3","高雄市","三民區","120.335","22.670","768"
"204","101809","20221104125000","520","0","高雄市","仁武區","120.335","22.680","181"
"1417","101810","20221104125000","987","2","高雄市","仁武區","120.335","22.685","1328"
"143","101815","20221104125000","629","0","高雄市","仁武區","120.330","22.680","124"
"158","101817","20221104125000","1047","0","高雄市","仁武區","120.330","22.690","140"
"239","101818","20221104125000","447","0","高雄市","仁武區","120.335","22.690","258"
"70","101819","20221104125000","700","0","高雄市","仁武區","120.330","22.675","73"
"276","101820","20221104125000","545","0","高雄市","仁武區","120.335","22.675","253"
"519","101822","20221104125000","664","0","高雄市","前鎮區","120.320","22.605","620"
"605","101823","20221104125000","450","2","高雄市","前鎮區","120.325","22.605","601"
"458","101824","20221104125000","990","0","高雄市","前鎮區","120.325","22.610","362"
"2507","101825","20221104125000","2625","0","高雄市","前鎮區","120.320","22.610","2718"
"178","101826","20221104125000","247","0","高雄市","左營區","120.290","22.685","181"
"803","101827","20221104125000","688","1","高雄市","左營區","120.275","22.690","896"
"252","101829","20221104125000","152","3","高雄市","左營區","120.285","22.690","265"
"360","101832","20221104125000","343","1","高雄市","左營區","120.285","22.695","369"
"593","101833","20221104125000","393","3","高雄市","左營區","120.290","22.695","496"
"238","101835","20221104125000","290","0","高雄市","左營區","120.285","22.700","275"
"117","101836","20221104125000","102","1","高雄市","左營區","120.280","22.705","144"
"155","101837","20221104125000","167","0","高雄市","楠梓區","120.285","22.705","183"
"1355","101838","20221104125000","1844","0","高雄市","左營區","120.290","22.670","1382"
"2427","101839","20221104125000","1825","2","高雄市","苓雅區","120.335","22.630","2571"
"1815","101840","20221104125000","1458","2","高雄市","三民區","120.340","22.635","1772"
"706","101842","20221104125000","1037","0","高雄市","鳳山區","120.345","22.625","854"
"272","101843","20221104125000","464","0","高雄市","鼓山區","120.275","22.660","302"
"25","101848","20221104125000","51","0","高雄市","鼓山區","120.275","22.670","22"
"174","101852","20221104125000","577","0","臺東縣","太麻里鄉","121.000","22.600","147"
"101","101859","20221104125000","465","0","臺東縣","太麻里鄉","121.010","22.605","91"
"143","101862","20221104125000","93","3","臺東縣","太麻里鄉","121.045","22.675","137"
"273","101876","20221104125000","331","0","臺東縣","太麻里鄉","121.030","22.685","298"
"36","101884","20221104125000","17","3","臺東縣","太麻里鄉","120.995","22.690","28"
"339","101895","20221104125000","168","3","臺東縣","太麻里鄉","121.050","22.690","301"
"24","101899","20221104125000","69","0","臺東縣","卑南鄉","121.010","22.695","26"
"83","101900","20221104125000","80","1","臺東縣","卑南鄉","121.015","22.695","75"
"147","101930","20221104125000","52","3","臺東縣","太麻里鄉","121.020","22.650","118"
"50","101962","20221104125000","138","0","臺東縣","太麻里鄉","121.030","22.660","43"
"1189","101964","20221104125000","1150","1","高雄市","苓雅區","120.320","22.635","1162"
"492","101965","20221104125000","982","0","高雄市","三民區","120.315","22.635","432"
"1808","101966","20221104125000","2367","0","高雄市","苓雅區","120.330","22.630","1981"
"137","101967","20221104125000","190","0","高雄市","鳳山區","120.350","22.605","145"
"1140","101970","20221104125000","1093","1","高雄市","鳳山區","120.350","22.600","1194"
"549","101972","20221104125000","1285","0","高雄市","鳳山區","120.335","22.610","569"
"2557","101973","20221104125000","1819","2","高雄市","苓雅區","120.330","22.635","2614"
"69","101976","20221104125000","49","2","高雄市","大寮區","120.425","22.600","83"
"147","101977","20221104125000","105","2","高雄市","大寮區","120.430","22.600","128"
"139","101981","20221104125000","307","0","高雄市","前金區","120.290","22.620","138"
"1990","101982","20221104125000","1671","1","高雄市","苓雅區","120.340","22.625","2069"
"799","101983","20221104125000","456","3","高雄市","苓雅區","120.330","22.620","686"
"166","101984","20221104125000","1890","0","高雄市","鼓山區","120.280","22.650","420"
"452","101985","20221104125000","1041","0","高雄市","三民區","120.285","22.640","522"
"589","101988","20221104125000","584","1","高雄市","楠梓區","120.285","22.715","674"
"2517","101989","20221104125000","2991","0","高雄市","苓雅區","120.305","22.620","2953"
"110","101990","20221104125000","47","3","高雄市","苓雅區","120.320","22.615","94"
"200","101991","20221104125000","1549","0","高雄市","苓雅區","120.320","22.630","271"
"3082","101992","20221104125000","3626","0","高雄市","前金區","120.295","22.620","3630"
"1596","101993","20221104125000","1286","2","高雄市","苓雅區","120.325","22.625","1840"
"1436","101995","20221104125000","1500","0","高雄市","鼓山區","120.275","22.620","1434"
"475","101996","20221104125000","333","2","高雄市","鹽埕區","120.280","22.620","494"
"57","101997","20221104125000","581","0","高雄市","左營區","120.295","22.705","42"
"2427","101998","20221104125000","2067","1","高雄市","左營區","120.310","22.675","2573"
"631","101999","20221104125000","565","1","高雄市","左營區","120.315","22.675","609"
"1243","102000","20221104125000","862","2","高雄市","左營區","120.320","22.675","1198"
"173","102001","20221104125000","922","0","高雄市","左營區","120.305","22.685","123"
"1290","102002","20221104125000","543","3","高雄市","左營區","120.310","22.680","1072"
"2538","102003","20221104125000","1994","2","高雄市","左營區","120.320","22.680","2679"
"73","102005","20221104125000","126","0","高雄市","大寮區","120.395","22.600","78"
"749","102006","20221104125000","540","2","高雄市","大寮區","120.390","22.600","690"
"311","102007","20221104125000","290","1","高雄市","大寮區","120.390","22.605","343"
"1102","102008","20221104125000","845","2","高雄市","大寮區","120.395","22.605","1056"
"716","102010","20221104125000","534","2","高雄市","大寮區","120.400","22.610","664"
"106","102013","20221104125000","522","0","高雄市","大寮區","120.405","22.615","107"
"476","102015","20221104125000","734","0","高雄市","鳳山區","120.355","22.640","548"
"773","102017","20221104125000","773","1","高雄市","鼓山區","120.280","22.635","971"
"768","102018","20221104125000","784","0","高雄市","鳳山區","120.370","22.635","908"
"1190","102019","20221104125000","1004","1","高雄市","鼓山區","120.295","22.665","1088"
"1943","102020","20221104125000","3528","0","高雄市","鼓山區","120.300","22.665","2165"
"436","102021","20221104125000","160","3","高雄市","鼓山區","120.265","22.625","461"
"1667","102022","20221104125000","1089","3","高雄市","鼓山區","120.265","22.630","1446"
"231","102024","20221104125000","280","0","高雄市","鼓山區","120.260","22.635","242"
"223","102030","20221104125000","239","0","高雄市","鼓山區","120.255","22.645","177"
"70","102031","20221104125000","68","1","高雄市","鼓山區","120.260","22.645","59"
"971","102045","20221104125000","714","2","高雄市","鼓山區","120.275","22.650","930"
"565","102046","20221104125000","562","1","高雄市","苓雅區","120.310","22.620","638"
"2877","102047","20221104125000","2311","2","高雄市","左營區","120.295","22.670","2624"
"48","102048","20221104125000","338","0","高雄市","鼓山區","120.285","22.670","35"
"129","102049","20221104125000","691","0","高雄市","鼓山區","120.280","22.640","108"
"14","102052","20221104125000","218","0","高雄市","大樹區","120.430","22.675","22"
"59","102067","20221104125000","40","2","高雄市","大樹區","120.430","22.700","60"
"302","102078","20221104125000","353","0","高雄市","大樹區","120.410","22.675","286"
"154","102079","20221104125000","186","0","高雄市","大樹區","120.405","22.680","152"
"110","102090","20221104125000","36","3","高雄市","大樹區","120.395","22.690","133"
"757","102093","20221104125000","768","0","高雄市","大樹區","120.430","22.690","771"
"485","102098","20221104125000","357","2","高雄市","大樹區","120.435","22.695","466"
"280","102111","20221104125000","453","0","高雄市","大樹區","120.410","22.660","288"
"598","102113","20221104125000","481","2","高雄市","大樹區","120.410","22.665","608"
"277","102120","20221104125000","271","1","高雄市","大樹區","120.445","22.725","306"
"280","102123","20221104125000","250","1","高雄市","大樹區","120.445","22.730","293"
"323","102126","20221104125000","211","3","高雄市","大樹區","120.445","22.735","314"
"191","102132","20221104125000","262","0","高雄市","大樹區","120.425","22.665","205"
"239","102141","20221104125000","65","3","高雄市","大樹區","120.425","22.675","215"
"1513","102143","20221104125000","1997","0","高雄市","左營區","120.295","22.690","1630"
"712","102144","20221104125000","961","0","高雄市","鳳山區","120.360","22.620","817"
"1500","102146","20221104125000","1597","0","高雄市","鳳山區","120.355","22.620","1499"
"355","102147","20221104125000","380","0","高雄市","鳳山區","120.335","22.600","363"
"5035","102148","20221104125000","3537","2","高雄市","新興區","120.315","22.630","4884"
"1572","102149","20221104125000","1821","0","高雄市","苓雅區","120.305","22.615","1912"
"1505","102150","20221104125000","1260","1","高雄市","鳳山區","120.345","22.605","1420"
"2126","102151","20221104125000","1686","2","高雄市","前鎮區","120.330","22.605","2260"
"1679","102152","20221104125000","1216","2","高雄市","鳥松區","120.345","22.650","1590"
"1972","102153","20221104125000","2084","0","高雄市","三民區","120.330","22.650","1974"
"613","102154","20221104125000","1028","0","高雄市","三民區","120.330","22.655","598"
"102","102157","20221104125000","495","0","高雄市","仁武區","120.360","22.675","102"
"143","102159","20221104125000","97","2","高雄市","仁武區","120.365","22.680","145"
"577","102160","20221104125000","705","0","高雄市","仁武區","120.360","22.685","656"
"62","102165","20221104125000","221","0","高雄市","仁武區","120.365","22.685","50"
"531","102172","20221104125000","468","1","高雄市","大寮區","120.425","22.605","554"
"151","102173","20221104125000","731","0","高雄市","大寮區","120.430","22.605","129"
"750","102181","20221104125000","474","3","高雄市","大寮區","120.410","22.615","730"
"180","102185","20221104125000","126","2","高雄市","大寮區","120.430","22.615","178"
"189","102186","20221104125000","203","0","高雄市","大寮區","120.420","22.640","242"
"270","102190","20221104125000","330","0","高雄市","大寮區","120.415","22.640","273"
"21","102199","20221104125000","223","0","高雄市","鼓山區","120.275","22.630","22"
"551","102200","20221104125000","340","3","高雄市","鼓山區","120.270","22.620","484"
"458","102203","20221104125000","637","0","高雄市","大寮區","120.385","22.640","522"
"697","102206","20221104125000","626","1","高雄市","鳥松區","120.385","22.645","724"
"530","102213","20221104125000","197","3","高雄市","鳥松區","120.390","22.650","464"
"489","102215","20221104125000","473","1","高雄市","鳥松區","120.390","22.655","508"
"45","102216","20221104125000","219","0","高雄市","鳥松區","120.395","22.655","32"
"292","102217","20221104125000","173","3","高雄市","鳥松區","120.400","22.655","309"
"299","102227","20221104125000","423","0","高雄市","鼓山區","120.285","22.655","380"
"683","102228","20221104125000","1106","0","高雄市","三民區","120.295","22.650","792"
"1497","102229","20221104125000","1049","2","高雄市","鼓山區","120.295","22.655","1437"
"2124","102230","20221104125000","1499","2","高雄市","鼓山區","120.300","22.655","2094"
"1347","102231","20221104125000","2312","0","高雄市","鼓山區","120.305","22.655","1480"
"1643","102232","20221104125000","1623","1","高雄市","左營區","120.310","22.655","1495"
"3834","102233","20221104125000","3601","1","高雄市","鼓山區","120.295","22.660","3986"
"168","102235","20221104125000","361","0","高雄市","楠梓區","120.315","22.715","142"
"1102","102236","20221104125000","1202","0","高雄市","楠梓區","120.315","22.720","1187"
"350","102237","20221104125000","1650","0","高雄市","楠梓區","120.295","22.710","420"
"3829","102238","20221104125000","2982","2","高雄市","苓雅區","120.315","22.620","3326"
"47","102239","20221104125000","75","0","高雄市","旗津區","120.265","22.615","29"
"449","102241","20221104125000","406","1","高雄市","大寮區","120.410","22.620","435"
"340","102243","20221104125000","289","1","高雄市","大寮區","120.410","22.625","333"
"252","102244","20221104125000","169","2","高雄市","大寮區","120.405","22.630","225"
"147","102246","20221104125000","109","2","高雄市","大樹區","120.425","22.715","116"
"89","102251","20221104125000","43","3","高雄市","大樹區","120.425","22.720","79"
"778","102254","20221104125000","1924","0","高雄市","大樹區","120.405","22.725","790"
"91","102259","20221104125000","49","3","高雄市","大樹區","120.430","22.725","89"
"176","102260","20221104125000","1305","0","高雄市","仁武區","120.400","22.730","145"
"245","102261","20221104125000","1132","0","高雄市","大樹區","120.405","22.730","154"
"220","102267","20221104125000","141","3","高雄市","大樹區","120.410","22.735","121"
"615","102273","20221104125000","481","2","高雄市","大樹區","120.415","22.655","562"
"277","102274","20221104125000","239","1","高雄市","大樹區","120.420","22.655","281"
"114","102276","20221104125000","560","0","高雄市","大樹區","120.420","22.660","96"
"263","102278","20221104125000","109","3","高雄市","大樹區","120.410","22.645","235"
"62","102279","20221104125000","60","1","高雄市","大樹區","120.415","22.645","74"
"669","102280","20221104125000","904","0","高雄市","大樹區","120.420","22.645","578"
"219","102282","20221104125000","288","0","高雄市","大樹區","120.425","22.650","218"
"622","102285","20221104125000","629","0","高雄市","大樹區","120.425","22.655","700"
"191","102292","20221104125000","237","0","高雄市","大寮區","120.405","22.605","159"
"131","102296","20221104125000","214","0","高雄市","前鎮區(海)","120.285","22.610","106"
"983","102302","20221104125000","897","1","高雄市","大寮區","120.390","22.635","676"
"462","102303","20221104125000","420","1","高雄市","大寮區","120.395","22.635","414"
"189","102304","20221104125000","86","3","高雄市","大寮區","120.400","22.635","162"
"154","102305","20221104125000","103","2","高雄市","大寮區","120.400","22.640","169"
"1073","102306","20221104125000","1614","0","高雄市","三民區","120.305","22.645","1205"
"1495","102307","20221104125000","1622","0","高雄市","三民區","120.305","22.650","1668"
"2256","102308","20221104125000","1903","1","高雄市","鳳山區","120.345","22.620","2092"
"470","102309","20221104125000","347","2","高雄市","鳳山區","120.350","22.620","615"
"472","102310","20221104125000","1254","0","高雄市","鳳山區","120.350","22.625","444"
"302","102311","20221104125000","154","3","高雄市","旗津區","120.275","22.605","301"
"912","102312","20221104125000","348","3","高雄市","旗津區(海)","120.275","22.610","1082"
"408","102313","20221104125000","627","0","高雄市","旗津區","120.275","22.600","473"
"886","102314","20221104125000","767","1","高雄市","旗津區","120.270","22.610","762"
"130","102316","20221104125000","171","0","高雄市","大社區","120.365","22.715","128"
"353","102319","20221104125000","262","2","高雄市","大社區","120.350","22.720","318"
"297","102326","20221104125000","128","3","高雄市","大社區","120.340","22.730","272"
"384","102327","20221104125000","1091","0","高雄市","大社區","120.350","22.735","364"
"1424","102328","20221104125000","1356","1","高雄市","大社區","120.345","22.730","1488"
"705","102329","20221104125000","771","0","高雄市","大社區","120.350","22.730","661"
"471","102330","20221104125000","488","0","高雄市","大社區","120.355","22.730","485"
"240","102333","20221104125000","158","3","高雄市","大社區","120.370","22.730","209"
"76","102335","20221104125000","64","1","高雄市","大社區","120.375","22.730","79"
"123","102340","20221104125000","638","0","高雄市","大社區","120.360","22.720","108"
"1152","102341","20221104125000","796","2","高雄市","大社區","120.350","22.725","1048"
"324","102342","20221104125000","339","0","高雄市","大社區","120.355","22.725","332"
"163","102343","20221104125000","49","3","高雄市","大社區","120.360","22.725","129"
"37","102344","20221104125000","85","0","高雄市","左營區","120.295","22.675","53"
"171","102345","20221104125000","456","0","高雄市","左營區","120.300","22.690","173"
"19","102346","20221104125000","21","0","高雄市","左營區","120.260","22.670","11"
"135","102347","20221104125000","169","0","高雄市","左營區","120.265","22.675","138"
"259","102349","20221104125000","134","3","高雄市","左營區","120.275","22.675","260"
"359","102350","20221104125000","184","3","高雄市","左營區","120.280","22.675","401"
"561","102353","20221104125000","402","2","高雄市","左營區","120.275","22.680","456"
"451","102354","20221104125000","921","0","高雄市","左營區","120.280","22.680","448"
"666","102356","20221104125000","445","2","高雄市","左營區","120.265","22.680","720"
"257","102357","20221104125000","254","1","高雄市","左營區","120.270","22.680","249"
"540","102358","20221104125000","450","2","高雄市","左營區","120.280","22.685","476"
"250","102360","20221104125000","189","2","高雄市","左營區","120.265","22.685","286"
"705","102361","20221104125000","680","1","高雄市","左營區","120.275","22.685","936"
"115","102364","20221104125000","186","0","高雄市","左營區","120.295","22.685","117"
"1841","102365","20221104125000","2549","0","高雄市","新興區","120.310","22.625","3350"
"1359","102366","20221104125000","1313","1","高雄市","新興區","120.305","22.625","1562"
"3364","102370","20221104125000","3581","0","高雄市","仁武區","120.325","22.680","3428"
"1628","102371","20221104125000","2000","0","高雄市","左營區","120.305","22.680","1748"
"993","102372","20221104125000","2133","0","高雄市","左營區","120.315","22.680","1003"
"959","102373","20221104125000","659","2","高雄市","左營區","120.315","22.685","847"
"559","102374","20221104125000","593","0","高雄市","仁武區","120.330","22.685","569"
"288","102375","20221104125000","377","0","高雄市","左營區","120.310","22.690","238"
"1010","102376","20221104125000","1504","0","高雄市","左營區","120.320","22.685","1092"
"4957","102377","20221104125000","6896","0","高雄市","三民區","120.310","22.645","5931"
"601","102378","20221104125000","945","0","高雄市","三民區","120.310","22.650","591"
"1430","102380","20221104125000","1279","1","高雄市","三民區","120.325","22.640","1616"
"677","102381","20221104125000","772","0","高雄市","三民區","120.295","22.640","820"
"1290","102382","20221104125000","1528","0","高雄市","三民區","120.300","22.650","1473"
"2079","102383","20221104125000","1571","2","高雄市","新興區","120.300","22.635","2006"
"492","102384","20221104125000","1171","0","高雄市","三民區","120.285","22.635","557"
"2093","102385","20221104125000","1233","3","高雄市","三民區","120.330","22.645","1911"
"26","102386","20221104125000","37","0","高雄市","楠梓區","120.330","22.725","26"
"29","102387","20221104125000","24","2","高雄市","楠梓區","120.330","22.730","26"
"1309","102388","20221104125000","1357","0","高雄市","楠梓區","120.335","22.730","1328"
"2421","102389","20221104125000","1884","2","高雄市","楠梓區","120.325","22.730","2364"
"834","102390","20221104125000","1116","0","高雄市","楠梓區","120.285","22.720","933"
"445","102391","20221104125000","515","0","高雄市","楠梓區","120.290","22.705","451"
"227","102393","20221104125000","213","1","高雄市","楠梓區","120.305","22.700","321"
"534","102408","20221104125000","371","2","高雄市","鼓山區(海)","120.295","22.600","638"
"761","102417","20221104125000","1839","0","高雄市","三民區","120.300","22.645","1764"
"199","102419","20221104125000","182","1","高雄市","新興區","120.310","22.635","169"
"2320","102420","20221104125000","2366","0","高雄市","三民區","120.300","22.640","2461"
"317","102421","20221104125000","526","0","高雄市","鳳山區","120.345","22.600","336"
"2408","102422","20221104125000","2462","0","高雄市","鳳山區","120.345","22.610","2331"
"435","102423","20221104125000","293","2","高雄市","鳳山區","120.355","22.610","392"
"2724","102424","20221104125000","2481","1","高雄市","鹽埕區","120.285","22.625","2902"
"2743","102425","20221104125000","1598","3","高雄市","鹽埕區","120.285","22.620","2822"
"999","102426","20221104125000","1105","0","高雄市","楠梓區","120.305","22.720","1090"
"976","102427","20221104125000","1232","0","高雄市","楠梓區","120.310","22.720","1148"
"3680","102428","20221104125000","1978","3","高雄市","楠梓區","120.305","22.725","3793"
"2205","102429","20221104125000","1268","3","高雄市","楠梓區","120.310","22.725","2208"
"516","102430","20221104125000","1503","0","高雄市","楠梓區","120.315","22.725","547"
"959","102431","20221104125000","1323","0","高雄市","楠梓區","120.315","22.730","1078"
"22","102432","20221104125000","227","0","高雄市","楠梓區","120.265","22.705","27"
"38","102441","20221104125000","189","0","高雄市","楠梓區","120.280","22.715","32"
"176","102442","20221104125000","661","0","高雄市","楠梓區","120.280","22.720","207"
"584","102444","20221104125000","682","0","高雄市","楠梓區","120.320","22.715","643"
"310","102445","20221104125000","361","0","高雄市","楠梓區","120.325","22.720","361"
"105","102447","20221104125000","1027","0","高雄市","楠梓區","120.320","22.720","100"
"229","102448","20221104125000","162","2","高雄市","旗津區","120.270","22.605","181"
"13","102461","20221104125000","10","2","高雄市","大樹區","120.420","22.700","14"
"123","102466","20221104125000","107","1","高雄市","大樹區","120.415","22.705","139"
"65","102478","20221104125000","255","0","高雄市","大樹區","120.440","22.710","51"
"258","102482","20221104125000","277","0","高雄市","大樹區","120.445","22.715","254"
"249","111108","20221104125000","625","0","屏東縣","九如鄉","120.480","22.750","287"
"20","111132","20221104125000","27","0","屏東縣","九如鄉","120.480","22.740","22"
"37","111134","20221104125000","43","0","屏東縣","九如鄉","120.490","22.740","39"
"60","111142","20221104125000","168","0","屏東縣","九如鄉","120.500","22.740","59"
"122","111145","20221104125000","193","0","屏東縣","九如鄉","120.500","22.745","115"
"68","111157","20221104125000","326","0","屏東縣","九如鄉","120.500","22.760","76"
"420","111163","20221104125000","156","3","屏東縣","九如鄉","120.495","22.745","407"
"45","111167","20221104125000","301","0","屏東縣","九如鄉","120.490","22.755","44"
"54","111171","20221104125000","198","0","屏東縣","九如鄉","120.495","22.760","43"
"470","111186","20221104125000","182","3","屏東縣","高樹鄉","120.570","22.795","483"
"244","111215","20221104125000","105","3","屏東縣","鹽埔鄉","120.545","22.760","277"
"72","111217","20221104125000","158","0","屏東縣","鹽埔鄉","120.555","22.760","83"
"831","111270","20221104125000","310","3","屏東縣","鹽埔鄉","120.550","22.735","854"
"30","111271","20221104125000","28","1","屏東縣","鹽埔鄉","120.560","22.735","34"
"91","111273","20221104125000","340","0","屏東縣","鹽埔鄉","120.555","22.740","88"
"606","111282","20221104125000","201","3","屏東縣","鹽埔鄉","120.560","22.740","633"
"467","111309","20221104125000","263","3","屏東縣","鹽埔鄉","120.515","22.740","495"
"101","111315","20221104125000","208","0","屏東縣","鹽埔鄉","120.580","22.740","86"
"98","111337","20221104125000","346","0","屏東縣","鹽埔鄉","120.580","22.755","97"
"440","111360","20221104125000","832","0","屏東縣","鹽埔鄉","120.575","22.755","467"
"167","111374","20221104125000","118","2","屏東縣","里港鄉","120.480","22.770","165"
"572","111380","20221104125000","376","3","屏東縣","里港鄉","120.480","22.775","554"
"57","111398","20221104125000","128","0","屏東縣","里港鄉","120.490","22.820","54"
"49","111418","20221104125000","163","0","屏東縣","里港鄉","120.490","22.775","43"
"1244","111419","20221104125000","1110","1","屏東縣","里港鄉","120.495","22.775","1430"
"244","111451","20221104125000","161","3","屏東縣","里港鄉","120.535","22.775","255"
"123","111459","20221104125000","451","0","屏東縣","里港鄉","120.520","22.785","144"
"409","111491","20221104125000","178","3","屏東縣","里港鄉","120.500","22.780","407"
"261","111507","20221104125000","360","0","屏東縣","高樹鄉","120.615","22.815","263"
"45","111605","20221104125000","81","0","屏東縣","三地門鄉","120.700","22.790","103"
"21","111824","20221104125000","69","0","屏東縣","三地門鄉","120.700","22.765","17"
"85","111907","20221104125000","135","0","屏東縣","三地門鄉","120.635","22.745","115"
"30","112026","20221104125000","55","0","屏東縣","霧台鄉","120.740","22.740","20"
"49","112635","20221104125000","372","0","屏東縣","里港鄉","120.490","22.805","54"
"913","112659","20221104125000","383","3","屏東縣","里港鄉","120.505","22.815","818"
"21","112661","20221104125000","17","2","屏東縣","里港鄉","120.525","22.815","19"
"345","112687","20221104125000","224","3","屏東縣","里港鄉","120.535","22.825","306"
"159","112714","20221104125000","103","3","屏東縣","里港鄉","120.485","22.765","190"
"997","112719","20221104125000","962","1","屏東縣","里港鄉","120.495","22.780","1154"
"19","112920","20221104125000","97","0","屏東縣","霧台鄉","120.725","22.740","36"
"124","112942","20221104125000","149","0","屏東縣","高樹鄉","120.595","22.775","171"
"10","112982","20221104125000","20","0","屏東縣","高樹鄉","120.615","22.760","12"
"22","112995","20221104125000","11","3","屏東縣","高樹鄉","120.615","22.770","21"
"214","112999","20221104125000","141","3","屏東縣","高樹鄉","120.635","22.770","214"
"61","113004","20221104125000","36","3","屏東縣","高樹鄉","120.630","22.740","52"
"246","113006","20221104125000","169","2","屏東縣","高樹鄉","120.620","22.740","231"
"36","113023","20221104125000","40","0","屏東縣","高樹鄉","120.625","22.830","49"
"176","113048","20221104125000","430","0","屏東縣","高樹鄉","120.560","22.785","156"
"66","113075","20221104125000","117","0","屏東縣","高樹鄉","120.590","22.825","63"
"421","113097","20221104125000","289","2","屏東縣","高樹鄉","120.610","22.785","383"
"30","113103","20221104125000","16","3","屏東縣","高樹鄉","120.610","22.790","28"
"120","113129","20221104125000","65","3","屏東縣","高樹鄉","120.595","22.810","141"
"100","113131","20221104125000","61","3","屏東縣","高樹鄉","120.595","22.815","94"
"1499","113133","20221104125000","1268","1","屏東縣","高樹鄉","120.600","22.825","1639"
"2065","113137","20221104125000","2987","0","臺東縣","臺東市","121.155","22.750","2297"
"156","113138","20221104125000","447","0","臺東縣","臺東市","121.135","22.760","145"
"133","113139","20221104125000","75","3","臺東縣","臺東市","121.160","22.760","103"
"1469","113141","20221104125000","1205","2","臺東縣","臺東市","121.155","22.755","1720"
"841","113159","20221104125000","544","3","高雄市","永安區","120.225","22.820","806"
"871","113177","20221104125000","526","3","高雄市","永安區","120.250","22.810","820"
"129","113178","20221104125000","503","0","高雄市","岡山區","120.255","22.810","154"
"211","113182","20221104125000","186","1","高雄市","永安區","120.250","22.815","206"
"257","113185","20221104125000","147","3","高雄市","永安區","120.240","22.815","276"
"81","113196","20221104125000","52","3","高雄市","永安區","120.205","22.840","60"
"442","113206","20221104125000","622","0","臺東縣","臺東市","121.130","22.765","475"
"551","113207","20221104125000","1134","0","臺東縣","臺東市","121.120","22.770","587"
"83","113208","20221104125000","387","0","臺東縣","臺東市","121.125","22.770","80"
"469","113213","20221104125000","331","2","臺東縣","臺東市","121.125","22.780","523"
"816","113214","20221104125000","1069","0","臺東縣","臺東市","121.120","22.785","971"
"37","113215","20221104125000","227","0","臺東縣","臺東市","121.125","22.785","21"
"454","113216","20221104125000","170","3","臺東縣","臺東市","121.130","22.770","440"
"925","113217","20221104125000","869","1","臺東縣","臺東市","121.135","22.770","1139"
"65","113218","20221104125000","103","0","臺東縣","臺東市","121.125","22.775","64"
"436","113219","20221104125000","592","0","臺東縣","臺東市","121.130","22.775","487"
"458","113236","20221104125000","701","0","臺東縣","臺東市","121.115","22.785","527"
"677","113239","20221104125000","259","3","臺東縣","臺東市","121.110","22.790","727"
"172","113251","20221104125000","110","3","臺東縣","臺東市","121.155","22.760","170"
"369","113258","20221104125000","262","2","臺東縣","臺東市","121.175","22.780","358"
"238","113260","20221104125000","107","3","臺東縣","臺東市","121.185","22.790","264"
"33","113262","20221104125000","320","0","臺東縣","臺東市","121.195","22.790","19"
"357","113263","20221104125000","673","0","臺東縣","臺東市","121.190","22.795","374"
"213","113266","20221104125000","119","3","臺東縣","臺東市","121.195","22.800","241"
"24","113269","20221104125000","29","0","臺東縣","臺東市","121.190","22.810","15"
"82","113273","20221104125000","211","0","臺東縣","臺東市","121.195","22.815","107"
"156","113295","20221104125000","298","0","臺東縣","臺東市","121.175","22.785","196"
"233","113299","20221104125000","143","3","臺東縣","臺東市","121.175","22.790","231"
"204","113310","20221104125000","94","3","臺東縣","臺東市","121.150","22.765","165"
"730","113311","20221104125000","827","0","臺東縣","臺東市","121.155","22.765","827"
"227","113314","20221104125000","949","0","高雄市","岡山區","120.285","22.780","184"
"32","113315","20221104125000","30","1","高雄市","岡山區","120.290","22.780","32"
"91","113317","20221104125000","66","2","高雄市","岡山區","120.290","22.785","85"
"1455","113318","20221104125000","1373","1","高雄市","岡山區","120.280","22.800","1556"
"437","113327","20221104125000","565","0","臺東縣","臺東市","121.065","22.740","574"
"142","113345","20221104125000","266","0","臺東縣","臺東市","121.055","22.760","172"
"301","113347","20221104125000","209","2","臺東縣","臺東市","121.060","22.760","309"
"194","113353","20221104125000","364","0","臺東縣","臺東市","121.140","22.765","198"
"985","113354","20221104125000","1699","0","臺東縣","臺東市","121.145","22.765","1151"
"478","113355","20221104125000","315","3","臺東縣","臺東市","121.140","22.770","463"
"765","113356","20221104125000","988","0","臺東縣","臺東市","121.145","22.770","979"
"777","113364","20221104125000","1114","0","臺東縣","臺東市","121.145","22.745","977"
"1842","113366","20221104125000","1958","0","臺東縣","臺東市","121.140","22.750","1702"
"616","113367","20221104125000","972","0","臺東縣","臺東市","121.145","22.750","721"
"540","113369","20221104125000","1503","0","臺東縣","臺東市","121.145","22.755","588"
"68","113372","20221104125000","47","2","臺東縣","臺東市","121.160","22.755","56"
"15","113373","20221104125000","46","0","臺東縣","臺東市","121.165","22.755","10"
"95","113378","20221104125000","137","0","臺東縣","臺東市","121.125","22.790","112"
"264","113380","20221104125000","340","0","臺東縣","臺東市","121.130","22.790","302"
"597","113381","20221104125000","1127","0","臺東縣","臺東市","121.125","22.795","821"
"261","113386","20221104125000","320","0","臺東縣","臺東市","121.125","22.805","319"
"128","113389","20221104125000","54","3","臺東縣","臺東市","121.120","22.810","121"
"578","113416","20221104125000","771","0","臺東縣","臺東市","121.105","22.750","677"
"330","113423","20221104125000","236","2","臺東縣","臺東市","121.105","22.755","371"
"416","113425","20221104125000","391","1","臺東縣","臺東市","121.075","22.760","327"
"326","113434","20221104125000","469","0","臺東縣","臺東市","121.060","22.735","392"
"49","113448","20221104125000","75","0","屏東縣","里港鄉","120.530","22.830","64"
"160","113450","20221104125000","91","3","高雄市","美濃區","120.540","22.830","147"
"264","113466","20221104125000","183","2","高雄市","美濃區","120.530","22.840","273"
"17","113487","20221104125000","21","0","高雄市","大樹區","120.445","22.740","20"
"14","113496","20221104125000","11","2","高雄市","大樹區","120.445","22.745","13"
"551","113505","20221104125000","753","0","高雄市","大樹區","120.445","22.750","539"
"387","113506","20221104125000","151","3","高雄市","大樹區","120.450","22.750","412"
"38","113513","20221104125000","32","1","高雄市","岡山區","120.270","22.775","47"
"192","113514","20221104125000","220","0","高雄市","楠梓區","120.280","22.735","199"
"12","113561","20221104125000","95","0","臺東縣","卑南鄉","121.060","22.775","31"
"376","113564","20221104125000","142","3","臺東縣","卑南鄉","121.075","22.775","340"
"415","113740","20221104125000","262","3","臺東縣","卑南鄉","121.080","22.775","389"
"362","113741","20221104125000","265","2","臺東縣","卑南鄉","121.085","22.775","311"
"517","113742","20221104125000","326","3","臺東縣","卑南鄉","121.090","22.775","539"
"416","113750","20221104125000","211","3","臺東縣","卑南鄉","121.080","22.785","366"
"84","113762","20221104125000","130","0","臺東縣","卑南鄉","121.095","22.790","67"
"225","113792","20221104125000","307","0","臺東縣","卑南鄉","121.100","22.825","235"
"213","113799","20221104125000","109","3","臺東縣","卑南鄉","121.090","22.830","201"
"10","113812","20221104125000","11","0","臺東縣","卑南鄉","121.100","22.835","11"
"26","113840","20221104125000","161","0","臺東縣","卑南鄉","121.105","22.795","37"
"309","113843","20221104125000","461","0","臺東縣","卑南鄉","121.090","22.800","343"
"298","113882","20221104125000","152","3","臺東縣","卑南鄉","121.090","22.820","269"
"46","113896","20221104125000","63","0","高雄市","路竹區","120.270","22.840","44"
"414","113902","20221104125000","326","2","高雄市","橋頭區","120.290","22.745","413"
"99","113905","20221104125000","72","2","高雄市","橋頭區","120.295","22.755","83"
"260","113906","20221104125000","529","0","高雄市","楠梓區","120.325","22.755","331"
"217","113911","20221104125000","96","3","高雄市","橋頭區","120.320","22.765","185"
"590","113923","20221104125000","503","1","高雄市","橋頭區","120.305","22.770","643"
"282","113933","20221104125000","259","1","高雄市","橋頭區","120.290","22.760","268"
"1151","113934","20221104125000","799","2","高雄市","岡山區","120.280","22.765","1154"
"123","113947","20221104125000","74","3","高雄市","路竹區","120.275","22.840","112"
"137","113948","20221104125000","72","3","高雄市","路竹區","120.280","22.840","106"
"452","113950","20221104125000","383","1","高雄市","路竹區","120.275","22.820","515"
"10","113958","20221104125000","12","0","高雄市","路竹區","120.270","22.825","10"
"724","113959","20221104125000","435","3","高雄市","路竹區","120.275","22.825","611"
"1257","113962","20221104125000","905","2","高雄市","路竹區","120.265","22.830","1350"
"474","113965","20221104125000","16","3","高雄市","路竹區","120.265","22.840","454"
"499","113969","20221104125000","592","0","高雄市","路竹區","120.240","22.835","564"
"2032","113971","20221104125000","1268","3","高雄市","路竹區","120.250","22.835","1937"
"593","113978","20221104125000","660","0","高雄市","路竹區","120.245","22.845","591"
"1083","113982","20221104125000","768","2","高雄市","路竹區","120.260","22.840","1040"
"62","113984","20221104125000","184","0","高雄市","彌陀區","120.245","22.785","38"
"464","113985","20221104125000","310","2","高雄市","彌陀區","120.245","22.790","392"
"67","113992","20221104125000","38","3","高雄市","橋頭區","120.300","22.765","65"
"37","113994","20221104125000","501","0","高雄市","橋頭區","120.320","22.735","21"
"335","113997","20221104125000","365","0","高雄市","橋頭區","120.315","22.745","323"
"19","113999","20221104125000","70","0","高雄市","橋頭區","120.315","22.750","19"
"245","114001","20221104125000","538","0","高雄市","橋頭區","120.315","22.760","245"
"187","114004","20221104125000","291","0","高雄市","橋頭區","120.310","22.760","234"
"855","114006","20221104125000","1148","0","高雄市","橋頭區","120.310","22.765","961"
"536","114050","20221104125000","286","3","高雄市","橋頭區","120.300","22.740","447"
"531","114055","20221104125000","375","2","高雄市","橋頭區","120.295","22.735","583"
"242","114057","20221104125000","343","0","高雄市","橋頭區","120.295","22.740","263"
"94","114059","20221104125000","492","0","高雄市","橋頭區","120.290","22.765","80"
"477","114062","20221104125000","294","3","高雄市","橋頭區","120.270","22.735","514"
"37","114068","20221104125000","255","0","高雄市","橋頭區","120.280","22.745","35"
"384","114075","20221104125000","352","1","高雄市","永安區","120.240","22.820","419"
"309","114077","20221104125000","197","3","高雄市","永安區","120.250","22.820","308"
"237","114094","20221104125000","239","0","高雄市","永安區","120.210","22.810","299"
"147","114108","20221104125000","56","3","高雄市","永安區","120.205","22.825","135"
"43","114112","20221104125000","556","0","高雄市","路竹區","120.260","22.835","48"
"2607","114116","20221104125000","3102","0","臺東縣","臺東市","121.150","22.755","2977"
"3158","114117","20221104125000","1953","3","臺東縣","臺東市","121.145","22.760","3150"
"538","114118","20221104125000","785","0","臺東縣","臺東市","121.150","22.760","719"
"278","114125","20221104125000","309","0","臺東縣","臺東市","121.115","22.750","328"
"962","114128","20221104125000","920","1","臺東縣","臺東市","121.135","22.755","1100"
"685","114129","20221104125000","764","0","臺東縣","臺東市","121.140","22.760","772"
"470","114130","20221104125000","1994","0","臺東縣","臺東市","121.150","22.750","429"
"500","114135","20221104125000","253","3","臺東縣","臺東市","121.100","22.740","493"
"1473","114143","20221104125000","1373","1","高雄市","燕巢區","120.360","22.765","1288"
"2930","114144","20221104125000","2067","2","高雄市","燕巢區","120.365","22.765","2902"
"674","114154","20221104125000","1075","0","高雄市","燕巢區","120.360","22.770","759"
"645","114155","20221104125000","366","3","高雄市","岡山區","120.315","22.775","627"
"54","114158","20221104125000","32","3","高雄市","燕巢區","120.330","22.775","57"
"848","114160","20221104125000","812","1","高雄市","燕巢區","120.340","22.775","931"
"327","114174","20221104125000","256","2","高雄市","燕巢區","120.360","22.775","303"
"109","114194","20221104125000","81","2","高雄市","燕巢區","120.400","22.810","103"
"160","114204","20221104125000","193","0","高雄市","燕巢區","120.340","22.755","156"
"139","114206","20221104125000","248","0","高雄市","燕巢區","120.350","22.755","141"
"479","114207","20221104125000","351","2","高雄市","燕巢區","120.355","22.755","421"
"785","114210","20221104125000","461","3","高雄市","燕巢區","120.335","22.760","669"
"375","114212","20221104125000","414","0","高雄市","燕巢區","120.345","22.760","409"
"31","114214","20221104125000","229","0","高雄市","燕巢區","120.355","22.760","26"
"43","114226","20221104125000","141","0","高雄市","田寮區","120.420","22.820","35"
"25","114264","20221104125000","97","0","高雄市","岡山區","120.270","22.790","11"
"71","114268","20221104125000","42","3","高雄市","岡山區","120.270","22.795","73"
"592","114271","20221104125000","778","0","高雄市","岡山區","120.285","22.795","712"
"894","114274","20221104125000","481","3","高雄市","岡山區","120.280","22.780","802"
"889","114276","20221104125000","401","3","高雄市","梓官區","120.265","22.750","822"
"548","114278","20221104125000","410","2","高雄市","梓官區","120.260","22.745","538"
"659","114288","20221104125000","567","1","高雄市","梓官區","120.265","22.760","639"
"1149","114295","20221104125000","958","1","高雄市","梓官區","120.270","22.760","1207"
"363","114297","20221104125000","312","1","高雄市","梓官區","120.245","22.740","398"
"358","114302","20221104125000","212","3","高雄市","梓官區","120.245","22.750","326"
"309","114304","20221104125000","245","2","高雄市","梓官區","120.250","22.735","302"
"508","114307","20221104125000","651","0","高雄市","橋頭區","120.310","22.750","503"
"31","114308","20221104125000","56","0","高雄市","橋頭區","120.315","22.755","143"
"826","114309","20221104125000","1251","0","高雄市","橋頭區","120.310","22.755","779"
"770","114311","20221104125000","701","1","高雄市","橋頭區","120.305","22.735","712"
"50","114315","20221104125000","180","0","高雄市","橋頭區","120.305","22.740","53"
"601","114318","20221104125000","439","2","高雄市","橋頭區","120.310","22.745","578"
"613","114322","20221104125000","291","3","高雄市","橋頭區","120.300","22.755","556"
"63","114344","20221104125000","55","1","高雄市","旗山區","120.440","22.785","60"
"164","114349","20221104125000","51","3","高雄市","旗山區","120.430","22.790","164"
"169","114363","20221104125000","241","0","高雄市","旗山區","120.460","22.795","229"
"132","114393","20221104125000","46","3","高雄市","旗山區","120.455","22.815","143"
"177","114395","20221104125000","84","3","高雄市","旗山區","120.465","22.815","160"
"495","114407","20221104125000","652","0","高雄市","旗山區","120.465","22.840","558"
"104","114408","20221104125000","85","2","高雄市","旗山區","120.450","22.845","86"
"68","114416","20221104125000","430","0","高雄市","梓官區","120.270","22.765","60"
"74","114421","20221104125000","843","0","高雄市","梓官區","120.260","22.740","57"
"394","114422","20221104125000","234","3","高雄市","橋頭區","120.265","22.740","365"
"29","114424","20221104125000","246","0","臺東縣","卑南鄉","121.160","22.790","19"
"76","114448","20221104125000","55","2","臺東縣","卑南鄉","121.180","22.805","77"
"133","114462","20221104125000","72","3","臺東縣","卑南鄉","121.150","22.820","113"
"99","114473","20221104125000","95","1","臺東縣","卑南鄉","121.150","22.830","119"
"589","114575","20221104125000","142","3","臺東縣","卑南鄉","121.055","22.745","363"
"162","114700","20221104125000","241","0","臺東縣","臺東市","121.045","22.760","204"
"178","114840","20221104125000","129","2","臺東縣","卑南鄉","121.070","22.795","153"
"386","114846","20221104125000","321","2","臺東縣","卑南鄉","121.065","22.800","405"
"339","114971","20221104125000","484","0","臺東縣","臺東市","121.125","22.740","379"
"47","114972","20221104125000","352","0","臺東縣","臺東市","121.130","22.740","32"
"1370","114977","20221104125000","784","3","臺東縣","臺東市","121.135","22.740","1311"
"610","114979","20221104125000","908","0","臺東縣","臺東市","121.120","22.735","685"
"16","114990","20221104125000","20","0","高雄市","岡山區","120.345","22.820","16"
"1729","115004","20221104125000","1135","3","高雄市","岡山區","120.285","22.790","1566"
"115","115005","20221104125000","48","3","高雄市","岡山區","120.290","22.790","94"
"50","115006","20221104125000","186","0","高雄市","岡山區","120.295","22.785","42"
"33","115293","20221104125000","18","3","高雄市","田寮區","120.370","22.825","32"
"153","115298","20221104125000","189","0","高雄市","田寮區","120.360","22.830","167"
"90","115300","20221104125000","104","0","高雄市","田寮區","120.370","22.830","88"
"146","115304","20221104125000","113","2","高雄市","田寮區","120.355","22.835","139"
"113","115311","20221104125000","121","0","高雄市","田寮區","120.395","22.835","115"
"237","115312","20221104125000","175","2","高雄市","田寮區","120.345","22.840","249"
"54","115319","20221104125000","58","0","高雄市","田寮區","120.345","22.845","46"
"160","115367","20221104125000","791","0","高雄市","燕巢區","120.355","22.790","136"
"404","115368","20221104125000","277","2","高雄市","燕巢區","120.360","22.790","405"
"99","115373","20221104125000","87","1","高雄市","燕巢區","120.360","22.780","99"
"462","115374","20221104125000","381","2","高雄市","燕巢區","120.325","22.785","547"
"408","115375","20221104125000","407","1","高雄市","燕巢區","120.330","22.785","552"
"341","115377","20221104125000","254","2","高雄市","燕巢區","120.340","22.785","331"
"436","115380","20221104125000","380","1","高雄市","燕巢區","120.355","22.785","429"
"560","115382","20221104125000","321","3","高雄市","燕巢區","120.340","22.790","497"
"381","115384","20221104125000","204","3","高雄市","燕巢區","120.350","22.790","333"
"20","115394","20221104125000","20","1","高雄市","燕巢區","120.355","22.810","19"
"37","115398","20221104125000","20","3","高雄市","燕巢區","120.375","22.810","32"
"88","115401","20221104125000","82","1","高雄市","燕巢區","120.390","22.810","84"
"96","115402","20221104125000","54","3","高雄市","燕巢區","120.355","22.815","141"
"157","115429","20221104125000","157","1","高雄市","燕巢區","120.365","22.790","164"
"434","115436","20221104125000","338","2","高雄市","燕巢區","120.365","22.795","372"
"106","115437","20221104125000","99","1","高雄市","燕巢區","120.370","22.795","126"
"25","115438","20221104125000","30","0","高雄市","燕巢區","120.375","22.795","29"
"818","115447","20221104125000","978","0","高雄市","燕巢區","120.375","22.760","848"
"805","115450","20221104125000","956","0","高雄市","燕巢區","120.375","22.765","982"
"110","115453","20221104125000","172","0","高雄市","燕巢區","120.390","22.765","113"
"14","115456","20221104125000","42","0","高雄市","燕巢區","120.415","22.765","39"
"22","115458","20221104125000","76","0","高雄市","燕巢區","120.385","22.770","19"
"98","115463","20221104125000","62","3","高雄市","燕巢區","120.410","22.770","56"
"444","115472","20221104125000","295","3","高雄市","燕巢區","120.385","22.775","474"
"185","115473","20221104125000","156","1","高雄市","燕巢區","120.390","22.775","181"
"165","115475","20221104125000","122","2","高雄市","燕巢區","120.400","22.775","135"
"18","115478","20221104125000","25","0","高雄市","燕巢區","120.415","22.775","19"
"78","115482","20221104125000","102","0","高雄市","燕巢區","120.385","22.780","82"
"196","115486","20221104125000","201","0","高雄市","燕巢區","120.405","22.780","239"
"104","115500","20221104125000","116","0","高雄市","燕巢區","120.420","22.780","119"
"413","115501","20221104125000","158","3","高雄市","燕巢區","120.425","22.780","361"
"12","115506","20221104125000","113","0","高雄市","燕巢區","120.405","22.785","13"
"37","115507","20221104125000","37","1","高雄市","燕巢區","120.410","22.785","26"
"128","115513","20221104125000","86","2","高雄市","燕巢區","120.405","22.790","123"
"465","115519","20221104125000","138","3","高雄市","燕巢區","120.410","22.795","277"
"447","115523","20221104125000","322","2","高雄市","岡山區","120.315","22.785","406"
"321","115524","20221104125000","656","0","高雄市","燕巢區","120.320","22.785","372"
"21","115528","20221104125000","309","0","高雄市","燕巢區","120.330","22.790","26"
"290","115537","20221104125000","520","0","高雄市","燕巢區","120.335","22.800","339"
"439","115543","20221104125000","755","0","高雄市","燕巢區","120.355","22.795","736"
"171","115544","20221104125000","112","3","高雄市","燕巢區","120.360","22.795","149"
"395","115546","20221104125000","361","1","高雄市","燕巢區","120.355","22.800","357"
"837","115555","20221104125000","1474","0","高雄市","楠梓區","120.325","22.735","739"
"935","115556","20221104125000","816","1","高雄市","楠梓區","120.330","22.735","1032"
"829","115557","20221104125000","1034","0","高雄市","楠梓區","120.335","22.735","815"
"543","115559","20221104125000","711","0","高雄市","楠梓區","120.330","22.740","614"
"956","115560","20221104125000","787","2","高雄市","楠梓區","120.335","22.740","923"
"55","115562","20221104125000","466","0","高雄市","楠梓區","120.330","22.745","74"
"30","115563","20221104125000","226","0","高雄市","橋頭區","120.325","22.750","25"
"646","115564","20221104125000","512","2","高雄市","楠梓區","120.330","22.750","657"
"175","115565","20221104125000","67","3","高雄市","岡山區","120.305","22.780","173"
"267","115567","20221104125000","152","3","高雄市","岡山區","120.315","22.825","260"
"349","115568","20221104125000","367","0","高雄市","岡山區","120.325","22.825","342"
"159","115576","20221104125000","502","0","高雄市","岡山區","120.315","22.815","183"
"527","115577","20221104125000","426","2","高雄市","岡山區","120.320","22.815","552"
"111","115580","20221104125000","90","2","高雄市","岡山區","120.325","22.820","94"
"183","115598","20221104125000","2193","0","高雄市","岡山區","120.295","22.795","147"
"234","115599","20221104125000","202","1","高雄市","岡山區","120.290","22.800","219"
"908","115600","20221104125000","573","3","高雄市","岡山區","120.295","22.800","744"
"10","115611","20221104125000","11","0","臺東縣","臺東市","121.105","22.765","11"
"515","115616","20221104125000","772","0","臺東縣","臺東市","121.105","22.770","611"
"570","115617","20221104125000","283","3","臺東縣","臺東市","121.110","22.770","531"
"91","115618","20221104125000","506","0","臺東縣","臺東市","121.115","22.770","87"
"49","115620","20221104125000","139","0","高雄市","大樹區","120.440","22.755","43"
"40","115621","20221104125000","210","0","高雄市","大樹區","120.445","22.755","31"
"460","115631","20221104125000","173","3","高雄市","大樹區","120.420","22.765","350"
"33","115632","20221104125000","29","1","高雄市","大樹區","120.425","22.765","34"
"68","115636","20221104125000","109","0","高雄市","大樹區","120.445","22.765","95"
"26","115639","20221104125000","19","2","高雄市","大樹區","120.425","22.770","25"
"208","115644","20221104125000","287","0","高雄市","大樹區","120.450","22.770","328"
"304","115647","20221104125000","77","3","高雄市","旗山區","120.430","22.775","161"
"664","115648","20221104125000","392","3","高雄市","岡山區","120.300","22.815","698"
"1023","115657","20221104125000","906","1","高雄市","岡山區","120.300","22.820","1076"
"399","115660","20221104125000","513","0","高雄市","岡山區","120.315","22.820","456"
"305","115663","20221104125000","111","3","高雄市","岡山區","120.295","22.830","280"
"322","115664","20221104125000","219","2","高雄市","岡山區","120.290","22.795","288"
"1122","115665","20221104125000","628","3","高雄市","岡山區","120.285","22.800","964"
"41","115670","20221104125000","21","3","高雄市","岡山區","120.310","22.805","24"
"147","115676","20221104125000","204","0","高雄市","岡山區","120.320","22.810","128"
"157","115684","20221104125000","248","0","高雄市","岡山區","120.305","22.775","181"
"22","115686","20221104125000","29","0","高雄市","岡山區","120.310","22.775","18"
"78","115687","20221104125000","460","0","高雄市","岡山區","120.300","22.780","70"
"40","115690","20221104125000","807","0","高雄市","岡山區","120.300","22.785","50"
"98","115691","20221104125000","1208","0","高雄市","岡山區","120.290","22.805","82"
"132","115692","20221104125000","274","0","高雄市","岡山區","120.295","22.805","135"
"164","115694","20221104125000","859","0","高雄市","岡山區","120.295","22.790","178"
"125","115706","20221104125000","112","1","高雄市","彌陀區","120.240","22.755","125"
"138","115708","20221104125000","122","1","高雄市","梓官區","120.250","22.755","128"
"199","115709","20221104125000","96","3","高雄市","彌陀區","120.235","22.760","153"
"150","115713","20221104125000","131","1","高雄市","彌陀區","120.240","22.765","177"
"374","115714","20221104125000","394","0","高雄市","彌陀區","120.250","22.780","329"
"321","115717","20221104125000","384","0","臺東縣","臺東市","121.140","22.740","344"
"452","115718","20221104125000","171","3","臺東縣","臺東市","121.130","22.745","445"
"1017","115719","20221104125000","1448","0","臺東縣","臺東市","121.135","22.745","1188"
"90","115720","20221104125000","369","0","臺東縣","臺東市","121.140","22.745","92"
"504","115721","20221104125000","560","0","臺東縣","臺東市","121.130","22.750","539"
"1140","115722","20221104125000","483","3","臺東縣","臺東市","121.135","22.750","1056"
"310","115724","20221104125000","269","1","臺東縣","臺東市","121.120","22.750","340"
"325","115727","20221104125000","327","0","臺東縣","臺東市","121.130","22.755","337"
"386","115728","20221104125000","664","0","臺東縣","臺東市","121.120","22.760","469"
"269","115732","20221104125000","162","3","臺東縣","臺東市","121.090","22.760","304"
"268","115739","20221104125000","310","0","臺東縣","臺東市","121.095","22.765","308"
"497","115745","20221104125000","765","0","臺東縣","臺東市","121.095","22.770","628"
"287","115749","20221104125000","123","3","高雄市","阿蓮區","120.335","22.835","244"
"43","115751","20221104125000","41","1","高雄市","阿蓮區","120.325","22.840","41"
"1003","115782","20221104125000","920","1","高雄市","岡山區","120.300","22.795","1129"
"976","115783","20221104125000","1061","0","高雄市","岡山區","120.305","22.795","1038"
"80","115784","20221104125000","53","3","高雄市","岡山區","120.310","22.795","76"
"19","115785","20221104125000","25","0","高雄市","旗山區","120.480","22.845","44"
"650","115787","20221104125000","683","0","高雄市","岡山區","120.270","22.780","709"
"134","115788","20221104125000","446","0","高雄市","岡山區","120.270","22.785","105"
"295","115791","20221104125000","760","0","高雄市","岡山區","120.285","22.785","281"
"375","115793","20221104125000","419","0","高雄市","彌陀區","120.250","22.785","401"
"761","115795","20221104125000","790","0","高雄市","彌陀區","120.235","22.795","896"
"77","115804","20221104125000","95","0","高雄市","彌陀區","120.245","22.775","87"
"141","115805","20221104125000","83","3","高雄市","彌陀區","120.245","22.765","125"
"113","115808","20221104125000","125","0","高雄市","彌陀區","120.245","22.770","110"
"51","115810","20221104125000","283","0","高雄市","彌陀區","120.255","22.770","50"
"16","115812","20221104125000","85","0","高雄市","大樹區","120.405","22.735","12"
"1497","115819","20221104125000","753","3","高雄市","岡山區","120.305","22.785","1275"
"599","115820","20221104125000","1713","0","高雄市","岡山區","120.300","22.790","608"
"826","115821","20221104125000","833","0","高雄市","岡山區","120.305","22.790","863"
"940","115833","20221104125000","502","3","高雄市","岡山區","120.265","22.815","912"
"983","115834","20221104125000","628","3","高雄市","岡山區","120.270","22.815","928"
"511","115836","20221104125000","355","2","高雄市","岡山區","120.255","22.820","513"
"369","115841","20221104125000","345","1","高雄市","岡山區","120.265","22.820","411"
"742","115844","20221104125000","354","3","高雄市","岡山區","120.300","22.830","630"
"549","115849","20221104125000","810","0","高雄市","阿蓮區","120.305","22.835","561"
"92","115851","20221104125000","259","0","高雄市","岡山區","120.280","22.810","79"
"551","115852","20221104125000","373","2","高雄市","岡山區","120.285","22.810","533"
"351","115855","20221104125000","252","2","高雄市","岡山區","120.285","22.815","291"
"123","115856","20221104125000","479","0","高雄市","岡山區","120.290","22.815","81"
"544","115872","20221104125000","312","3","高雄市","彌陀區","120.250","22.775","467"
"40","115876","20221104125000","14","3","高雄市","大社區","120.345","22.735","29"
"71","115878","20221104125000","510","0","高雄市","大社區","120.360","22.740","50"
"152","115879","20221104125000","219","0","高雄市","大社區","120.365","22.740","180"
"389","115883","20221104125000","375","1","高雄市","大社區","120.345","22.740","418"
"1028","115886","20221104125000","638","3","高雄市","楠梓區","120.335","22.745","921"
"567","115889","20221104125000","884","0","高雄市","大社區","120.350","22.745","575"
"163","115892","20221104125000","466","0","高雄市","燕巢區","120.340","22.750","165"
"43","115895","20221104125000","18","3","高雄市","大社區","120.355","22.750","50"
"371","115897","20221104125000","280","2","高雄市","大社區","120.365","22.750","357"
"38","115911","20221104125000","51","0","高雄市","大社區","120.395","22.745","53"
"11","115922","20221104125000","31","0","高雄市","大社區","120.405","22.750","13"
"25","115927","20221104125000","114","0","高雄市","大社區","120.390","22.755","32"
"259","115941","20221104125000","175","2","高雄市","大社區","120.370","22.735","263"
"194","115943","20221104125000","269","0","高雄市","大社區","120.380","22.735","221"
"42","115944","20221104125000","24","3","高雄市","大社區","120.380","22.740","44"
"535","115946","20221104125000","384","2","高雄市","岡山區","120.275","22.775","466"
"707","115949","20221104125000","541","2","高雄市","岡山區","120.310","22.790","706"
"624","115953","20221104125000","653","0","高雄市","岡山區","120.300","22.800","632"
"116","115954","20221104125000","516","0","高雄市","岡山區","120.305","22.800","84"
"147","115966","20221104125000","82","3","高雄市","旗山區","120.425","22.815","174"
"10","115972","20221104125000","14","0","高雄市","旗山區","120.435","22.825","13"
"152","124145","20221104125000","437","0","屏東縣","高樹鄉","120.610","22.850","164"
"173","124161","20221104125000","279","0","屏東縣","高樹鄉","120.630","22.865","167"
"282","124176","20221104125000","78","3","屏東縣","高樹鄉","120.640","22.880","254"
"24","124193","20221104125000","28","0","臺南市","仁德區","120.245","22.935","16"
"20","124195","20221104125000","134","0","臺南市","仁德區","120.240","22.940","19"
"532","124197","20221104125000","652","0","臺南市","仁德區","120.250","22.940","559"
"162","124211","20221104125000","108","3","臺南市","關廟區","120.330","22.910","158"
"314","124220","20221104125000","383","0","臺南市","關廟區","120.345","22.915","293"
"136","124243","20221104125000","172","0","高雄市","茄萣區","120.205","22.855","155"
"262","124253","20221104125000","314","0","臺南市","仁德區","120.215","22.910","344"
"324","124255","20221104125000","175","3","高雄市","湖內區","120.225","22.905","296"
"187","124262","20221104125000","431","0","臺南市","南區","120.185","22.920","204"
"48","124268","20221104125000","199","0","臺南市","歸仁區","120.280","22.915","43"
"320","124271","20221104125000","510","0","臺南市","歸仁區","120.270","22.920","359"
"847","124275","20221104125000","1545","0","臺南市","歸仁區","120.285","22.920","874"
"233","124278","20221104125000","192","2","臺南市","歸仁區","120.280","22.925","273"
"125","124281","20221104125000","253","0","臺南市","歸仁區","120.270","22.930","138"
"32","124291","20221104125000","95","0","臺南市","南區","120.175","22.940","26"
"831","124293","20221104125000","823","1","臺南市","仁德區","120.245","22.925","894"
"16","124295","20221104125000","14","1","臺南市","仁德區","120.240","22.930","13"
"884","124314","20221104125000","901","0","臺南市","仁德區","120.260","22.945","797"
"755","124322","20221104125000","1043","0","臺南市","歸仁區","120.270","22.905","874"
"457","124323","20221104125000","539","0","臺南市","仁德區","120.255","22.910","538"
"349","124338","20221104125000","400","0","臺南市","仁德區","120.250","22.910","396"
"45","124352","20221104125000","52","0","臺南市","關廟區","120.325","22.950","46"
"84","124363","20221104125000","244","0","臺南市","關廟區","120.335","22.930","596"
"80","124371","20221104125000","255","0","臺南市","關廟區","120.335","22.940","74"
"846","124386","20221104125000","918","0","臺南市","仁德區","120.255","22.950","971"
"47","124396","20221104125000","34","2","臺南市","仁德區","120.225","22.935","31"
"256","124397","20221104125000","238","1","臺南市","仁德區","120.230","22.935","263"
"153","124404","20221104125000","198","0","臺南市","仁德區","120.230","22.940","118"
"220","124408","20221104125000","549","0","臺南市","仁德區","120.230","22.945","211"
"199","124415","20221104125000","188","1","臺南市","仁德區","120.260","22.950","171"
"24","124430","20221104125000","34","0","臺南市","歸仁區","120.290","22.925","23"
"101","124431","20221104125000","112","0","臺南市","歸仁區","120.295","22.925","98"
"295","124453","20221104125000","309","0","臺南市","歸仁區","120.300","22.940","307"
"830","124469","20221104125000","481","3","臺南市","南區","120.180","22.930","843"
"64","124472","20221104125000","172","0","臺南市","南區","120.180","22.935","54"
"250","124474","20221104125000","235","1","臺南市","南區","120.190","22.935","262"
"452","124477","20221104125000","929","0","臺南市","南區","120.180","22.925","465"
"207","124481","20221104125000","75","3","臺南市","歸仁區","120.275","22.905","235"
"127","124491","20221104125000","449","0","臺南市","歸仁區","120.275","22.910","140"
"133","124494","20221104125000","258","0","臺南市","歸仁區","120.285","22.910","150"
"215","124504","20221104125000","413","0","臺南市","歸仁區","120.275","22.915","216"
"601","124526","20221104125000","667","0","臺南市","歸仁區","120.275","22.950","685"
"54","124527","20221104125000","243","0","臺南市","歸仁區","120.280","22.950","48"
"36","124538","20221104125000","126","0","臺南市","仁德區","120.220","22.920","51"
"338","124546","20221104125000","408","0","臺南市","南區","120.215","22.950","378"
"145","124548","20221104125000","73","3","臺南市","仁德區","120.220","22.945","133"
"283","124549","20221104125000","382","0","臺南市","仁德區","120.220","22.950","299"
"112","124550","20221104125000","751","0","高雄市","湖內區","120.230","22.915","123"
"620","124551","20221104125000","386","3","臺南市","仁德區","120.235","22.915","530"
"1046","124552","20221104125000","940","1","臺南市","仁德區","120.225","22.920","1076"
"459","124553","20221104125000","709","0","臺南市","仁德區","120.230","22.920","448"
"83","124555","20221104125000","542","0","臺南市","仁德區","120.240","22.920","60"
"599","124557","20221104125000","677","0","臺南市","仁德區","120.250","22.920","681"
"502","124559","20221104125000","808","0","臺南市","仁德區","120.225","22.925","576"
"104","124563","20221104125000","643","0","臺南市","仁德區","120.230","22.930","105"
"208","124565","20221104125000","269","0","臺南市","仁德區","120.220","22.915","255"
"1116","124569","20221104125000","837","2","臺南市","仁德區","120.215","22.915","1061"
"27","124571","20221104125000","87","0","臺南市","仁德區","120.200","22.920","22"
"994","124585","20221104125000","514","3","臺南市","南區","120.180","22.945","931"
"330","124591","20221104125000","425","0","臺南市","南區","120.185","22.950","383"
"47","124593","20221104125000","43","1","臺南市","南區","120.195","22.950","40"
"90","124601","20221104125000","65","2","高雄市","茂林區","120.685","22.905","70"
"878","124642","20221104125000","1016","0","高雄市","茄萣區","120.185","22.895","1039"
"28","124648","20221104125000","11","3","高雄市","內門區","120.450","22.920","36"
"194","124661","20221104125000","287","0","高雄市","美濃區","120.525","22.850","197"
"83","124668","20221104125000","96","0","高雄市","美濃區","120.535","22.850","84"
"250","124671","20221104125000","343","0","高雄市","美濃區","120.550","22.850","249"
"234","124678","20221104125000","362","0","高雄市","美濃區","120.535","22.860","264"
"127","124706","20221104125000","146","0","高雄市","美濃區","120.580","22.920","158"
"61","124745","20221104125000","27","3","高雄市","美濃區","120.585","22.940","19"
"866","124774","20221104125000","1013","0","高雄市","美濃區","120.545","22.900","1044"
"350","124778","20221104125000","158","3","高雄市","美濃區","120.555","22.905","325"
"186","124780","20221104125000","206","0","高雄市","美濃區","120.545","22.910","219"
"300","124803","20221104125000","189","3","高雄市","美濃區","120.535","22.865","292"
"518","124809","20221104125000","297","3","高雄市","美濃區","120.535","22.875","509"
"179","124812","20221104125000","176","1","高雄市","美濃區","120.535","22.880","197"
"308","124818","20221104125000","187","3","高雄市","美濃區","120.555","22.885","286"
"176","124831","20221104125000","292","0","高雄市","內門區","120.460","22.925","203"
"189","124869","20221104125000","59","3","高雄市","內門區","120.470","22.910","163"
"12","124897","20221104125000","159","0","高雄市","內門區","120.465","22.930","20"
"210","124903","20221104125000","237","0","高雄市","內門區","120.465","22.940","261"
"92","124908","20221104125000","214","0","高雄市","內門區","120.460","22.920","98"
"27","124929","20221104125000","11","3","高雄市","內門區","120.475","22.940","23"
"18","124935","20221104125000","11","3","高雄市","內門區","120.490","22.940","12"
"59","124962","20221104125000","45","2","臺南市","龍崎區","120.380","22.950","57"
"15","124976","20221104125000","19","0","臺南市","龍崎區","120.395","22.930","12"
"86","124995","20221104125000","75","1","臺南市","龍崎區","120.365","22.915","89"
"197","125006","20221104125000","260","0","臺南市","龍崎區","120.350","22.930","164"
"474","125045","20221104125000","474","1","臺南市","龍崎區","120.425","22.940","451"
"17","125061","20221104125000","16","1","臺南市","龍崎區","120.420","22.945","22"
"193","125099","20221104125000","249","0","臺東縣","卑南鄉","121.090","22.865","188"
"28","125130","20221104125000","42","0","臺東縣","卑南鄉","121.130","22.860","26"
"340","125138","20221104125000","251","2","臺東縣","卑南鄉","121.125","22.870","362"
"15","125172","20221104125000","79","0","臺東縣","卑南鄉","121.190","22.850","16"
"453","125177","20221104125000","545","0","高雄市","湖內區","120.235","22.900","511"
"258","125178","20221104125000","214","2","臺南市","仁德區","120.235","22.905","234"
"1016","125179","20221104125000","493","3","高雄市","湖內區","120.230","22.910","999"
"547","125186","20221104125000","345","3","高雄市","路竹區","120.275","22.870","478"
"398","125192","20221104125000","267","2","高雄市","路竹區","120.265","22.885","399"
"231","125206","20221104125000","299","0","高雄市","路竹區","120.270","22.870","267"
"637","125207","20221104125000","648","0","高雄市","路竹區","120.255","22.875","645"
"277","125215","20221104125000","177","3","高雄市","茄萣區","120.180","22.910","279"
"263","125229","20221104125000","462","0","高雄市","路竹區","120.290","22.865","313"
"364","125232","20221104125000","295","2","高雄市","路竹區","120.245","22.860","328"
"893","125234","20221104125000","869","1","高雄市","路竹區","120.255","22.860","922"
"228","125242","20221104125000","113","3","高雄市","路竹區","120.250","22.855","178"
"54","125244","20221104125000","46","1","高雄市","路竹區","120.260","22.865","49"
"399","125249","20221104125000","421","0","高雄市","路竹區","120.235","22.860","381"
"95","125257","20221104125000","439","0","高雄市","路竹區","120.260","22.860","112"
"80","125258","20221104125000","35","3","高雄市","路竹區","120.255","22.865","76"
"438","125263","20221104125000","312","2","高雄市","路竹區","120.225","22.855","393"
"202","125284","20221104125000","88","3","高雄市","旗山區","120.515","22.855","189"
"312","125285","20221104125000","276","1","高雄市","旗山區","120.490","22.860","315"
"38","125295","20221104125000","106","0","高雄市","旗山區","120.490","22.880","49"
"385","125296","20221104125000","319","2","高雄市","旗山區","120.495","22.880","400"
"321","125297","20221104125000","374","0","高雄市","旗山區","120.500","22.880","392"
"593","125340","20221104125000","1040","0","高雄市","旗山區","120.480","22.895","635"
"132","125343","20221104125000","219","0","高雄市","旗山區","120.480","22.900","123"
"625","125346","20221104125000","713","0","高雄市","旗山區","120.475","22.905","712"
"50","125349","20221104125000","421","0","高雄市","旗山區","120.485","22.905","33"
"124","125360","20221104125000","476","0","高雄市","湖內區","120.250","22.880","79"
"198","125361","20221104125000","478","0","高雄市","湖內區","120.245","22.885","204"
"50","125366","20221104125000","258","0","高雄市","湖內區","120.240","22.890","52"
"670","125367","20221104125000","326","3","高雄市","湖內區","120.245","22.890","643"
"50","125374","20221104125000","64","0","高雄市","旗山區","120.445","22.885","61"
"27","125393","20221104125000","59","0","高雄市","內門區","120.420","22.910","64"
"28","125438","20221104125000","66","0","高雄市","茂林區","120.650","22.880","45"
"121","125487","20221104125000","123","0","高雄市","六龜區","120.620","22.890","58"
"102","125491","20221104125000","131","0","高雄市","六龜區","120.625","22.895","114"
"142","125506","20221104125000","147","0","高雄市","六龜區","120.635","22.910","117"
"13","125528","20221104125000","18","0","高雄市","六龜區","120.615","22.880","14"
"32","125541","20221104125000","54","0","高雄市","六龜區","120.615","22.885","72"
"89","125543","20221104125000","160","0","高雄市","六龜區","120.625","22.885","111"
"171","125591","20221104125000","88","3","高雄市","六龜區","120.645","22.925","170"
"457","125608","20221104125000","480","0","高雄市","路竹區","120.265","22.865","475"
"416","125613","20221104125000","209","3","高雄市","路竹區","120.265","22.850","405"
"152","125614","20221104125000","147","1","高雄市","路竹區","120.260","22.855","133"
"268","125624","20221104125000","280","0","高雄市","路竹區","120.290","22.875","273"
"282","125626","20221104125000","147","3","高雄市","路竹區","120.295","22.875","245"
"872","125629","20221104125000","364","3","高雄市","路竹區","120.285","22.880","734"
"251","125646","20221104125000","289","0","臺南市","關廟區","120.345","22.905","283"
"417","125659","20221104125000","224","3","高雄市","阿蓮區","120.290","22.895","405"
"271","125660","20221104125000","241","1","高雄市","阿蓮區","120.295","22.895","337"
"555","125667","20221104125000","524","1","臺南市","歸仁區","120.280","22.905","674"
"19","125673","20221104125000","13","2","高雄市","阿蓮區","120.330","22.875","20"
"27","125675","20221104125000","114","0","高雄市","湖內區","120.195","22.910","24"
"388","125676","20221104125000","110","3","高雄市","湖內區","120.200","22.910","383"
"80","125737","20221104125000","296","0","高雄市","田寮區","120.370","22.865","68"
"73","125772","20221104125000","67","1","高雄市","田寮區","120.400","22.890","73"
"19","125779","20221104125000","39","0","高雄市","田寮區","120.400","22.895","17"
"48","125825","20221104125000","29","3","臺東縣","東河鄉","121.270","22.930","58"
"84","125838","20221104125000","46","3","臺東縣","東河鄉","121.275","22.940","117"
"181","125849","20221104125000","98","3","臺東縣","鹿野鄉","121.150","22.930","176"
"17","125863","20221104125000","23","0","臺東縣","鹿野鄉","121.150","22.940","13"
"1049","125884","20221104125000","1558","0","高雄市","旗山區","120.480","22.880","1097"
"586","125896","20221104125000","704","0","高雄市","美濃區","120.540","22.900","672"
"47","125917","20221104125000","41","1","高雄市","美濃區","120.535","22.900","112"
"145","125941","20221104125000","216","0","高雄市","美濃區","120.565","22.865","136"
"38","125951","20221104125000","32","1","高雄市","美濃區","120.575","22.870","41"
"73","125952","20221104125000","74","0","高雄市","美濃區","120.580","22.870","77"
"356","125955","20221104125000","287","2","高雄市","美濃區","120.565","22.875","349"
"200","125966","20221104125000","176","1","高雄市","美濃區","120.545","22.880","222"
"31","125969","20221104125000","17","3","高雄市","美濃區","120.530","22.885","26"
"98","125970","20221104125000","86","1","高雄市","美濃區","120.535","22.885","107"
"310","125981","20221104125000","356","0","高雄市","美濃區","120.515","22.875","321"
"205","125989","20221104125000","121","3","高雄市","旗山區","120.505","22.890","190"
"727","125997","20221104125000","413","3","高雄市","美濃區","120.520","22.895","684"
"203","126001","20221104125000","216","0","高雄市","美濃區","120.520","22.900","214"
"342","126010","20221104125000","365","0","高雄市","美濃區","120.560","22.915","391"
"226","126024","20221104125000","147","3","高雄市","美濃區","120.580","22.925","232"
"296","126043","20221104125000","227","2","高雄市","美濃區","120.550","22.865","282"
"264","126059","20221104125000","276","0","高雄市","美濃區","120.575","22.880","308"
"92","126076","20221104125000","89","1","高雄市","美濃區","120.570","22.895","81"
"951","126092","20221104125000","1217","0","高雄市","旗山區","120.480","22.885","950"
"224","126096","20221104125000","412","0","高雄市","路竹區","120.265","22.870","216"
"482","126107","20221104125000","460","1","高雄市","路竹區","120.270","22.865","460"
"244","126119","20221104125000","202","2","高雄市","旗山區","120.490","22.920","237"
"181","126120","20221104125000","315","0","高雄市","旗山區","120.495","22.920","211"
"397","126140","20221104125000","192","3","高雄市","路竹區","120.280","22.850","339"
"75","126141","20221104125000","453","0","高雄市","路竹區","120.270","22.855","57"
"1289","126142","20221104125000","1339","0","高雄市","路竹區","120.265","22.860","1347"
"101","126160","20221104125000","139","0","臺東縣","卑南鄉","121.105","22.850","275"
"120","126178","20221104125000","631","0","臺東縣","卑南鄉","121.105","22.860","92"
"22","126183","20221104125000","77","0","臺東縣","卑南鄉","121.100","22.865","16"
"122","126219","20221104125000","330","0","高雄市","茄萣區","120.185","22.890","109"
"359","126227","20221104125000","427","0","高雄市","湖內區","120.235","22.895","419"
"215","126236","20221104125000","95","3","高雄市","湖內區","120.225","22.880","205"
"333","126244","20221104125000","381","0","高雄市","湖內區","120.225","22.895","371"
"309","126247","20221104125000","236","2","高雄市","湖內區","120.240","22.870","325"
"165","126249","20221104125000","104","3","高雄市","湖內區","120.235","22.875","162"
"208","126256","20221104125000","135","3","高雄市","湖內區","120.240","22.885","228"
"571","126258","20221104125000","605","0","高雄市","湖內區","120.250","22.875","590"
"255","126273","20221104125000","163","3","高雄市","美濃區","120.545","22.895","220"
"193","126301","20221104125000","202","0","臺東縣","鹿野鄉","121.085","22.900","225"
"165","126303","20221104125000","246","0","臺東縣","延平鄉","121.075","22.905","182"
"16","126313","20221104125000","47","0","臺東縣","延平鄉","121.090","22.915","16"
"88","126423","20221104125000","29","3","臺東縣","延平鄉","121.100","22.910","58"
"68","127499","20221104125000","204","0","臺東縣","延平鄉","121.150","22.900","90"
"16","127566","20221104125000","42","0","臺東縣","鹿野鄉","121.120","22.920","31"
"31","127569","20221104125000","210","0","臺東縣","鹿野鄉","121.120","22.925","40"
"26","127570","20221104125000","26","1","臺東縣","鹿野鄉","121.125","22.925","40"
"445","127581","20221104125000","147","3","臺東縣","鹿野鄉","121.120","22.930","350"
"143","127584","20221104125000","109","2","臺東縣","鹿野鄉","121.135","22.930","165"
"59","127600","20221104125000","56","1","臺東縣","鹿野鄉","121.135","22.945","81"
"109","127605","20221104125000","127","0","高雄市","田寮區","120.395","22.850","142"
"43","127613","20221104125000","45","0","高雄市","田寮區","120.380","22.875","54"
"278","127617","20221104125000","372","0","高雄市","田寮區","120.385","22.880","254"
"144","127622","20221104125000","134","1","高雄市","田寮區","120.390","22.885","123"
"93","127652","20221104125000","114","0","高雄市","田寮區","120.360","22.880","109"
"201","127664","20221104125000","118","3","高雄市","田寮區","120.370","22.890","216"
"27","127666","20221104125000","97","0","高雄市","田寮區","120.360","22.895","49"
"23","127698","20221104125000","56","0","高雄市","田寮區","120.425","22.885","34"
"331","127704","20221104125000","295","1","高雄市","茄萣區","120.180","22.900","365"
"103","127705","20221104125000","418","0","高雄市","茄萣區","120.185","22.900","116"
"405","127717","20221104125000","147","3","臺東縣","鹿野鄉","121.100","22.895","257"
"190","127724","20221104125000","72","3","臺東縣","鹿野鄉","121.135","22.895","203"
"364","127733","20221104125000","330","1","臺東縣","鹿野鄉","121.135","22.910","333"
"64","127737","20221104125000","127","0","臺東縣","鹿野鄉","121.135","22.920","81"
"20","127748","20221104125000","315","0","臺東縣","鹿野鄉","121.130","22.900","11"
"179","127754","20221104125000","246","0","臺東縣","鹿野鄉","121.120","22.905","230"
"747","127765","20221104125000","1008","0","臺南市","仁德區","120.220","22.910","850"
"92","127770","20221104125000","182","0","高雄市","湖內區","120.215","22.905","95"
"100","127835","20221104125000","74","2","臺東縣","東河鄉","121.235","22.940","89"
"160","127852","20221104125000","183","0","臺東縣","東河鄉","121.250","22.895","207"
"166","127889","20221104125000","77","3","臺東縣","東河鄉","121.255","22.915","101"
"70","127890","20221104125000","15","3","臺東縣","東河鄉","121.260","22.915","64"
"43","127912","20221104125000","201","0","臺東縣","東河鄉","121.265","22.925","53"
"395","127933","20221104125000","190","3","臺東縣","東河鄉","121.190","22.860","328"
"58","127935","20221104125000","54","1","臺東縣","東河鄉","121.200","22.860","71"
"473","127958","20221104125000","858","0","臺東縣","東河鄉","121.225","22.870","603"
"222","127984","20221104125000","12","3","臺東縣","東河鄉","121.225","22.880","196"
"21","127985","20221104125000","19","1","臺東縣","東河鄉","121.230","22.880","20"
"221","127998","20221104125000","157","2","臺東縣","東河鄉","121.235","22.880","264"
"34","128028","20221104125000","57","0","臺東縣","東河鄉","121.245","22.890","50"
"19","128038","20221104125000","46","0","臺東縣","東河鄉","121.235","22.895","24"
"209","128060","20221104125000","259","0","高雄市","阿蓮區","120.345","22.860","185"
"122","128066","20221104125000","505","0","高雄市","阿蓮區","120.320","22.850","127"
"170","128071","20221104125000","97","3","高雄市","阿蓮區","120.320","22.855","156"
"417","128073","20221104125000","177","3","高雄市","阿蓮區","120.330","22.855","396"
"1439","128075","20221104125000","929","3","高雄市","阿蓮區","120.325","22.875","1330"
"1133","128076","20221104125000","953","1","高雄市","阿蓮區","120.325","22.880","1190"
"29","128078","20221104125000","261","0","高雄市","路竹區","120.305","22.860","32"
"260","128090","20221104125000","211","2","高雄市","阿蓮區","120.310","22.870","242"
"160","128091","20221104125000","112","2","高雄市","阿蓮區","120.315","22.870","167"
"99","128097","20221104125000","68","2","高雄市","阿蓮區","120.315","22.880","107"
"74","128418","20221104125000","99","0","高雄市","茂林區","120.715","22.910","95"
"126","128722","20221104125000","125","1","高雄市","茂林區","120.665","22.885","126"
"192","128723","20221104125000","73","3","高雄市","茂林區","120.670","22.885","118"
"37","128748","20221104125000","213","0","高雄市","旗山區","120.480","22.890","33"
"28","128751","20221104125000","14","3","高雄市","旗山區","120.475","22.850","36"
"328","128754","20221104125000","441","0","高雄市","路竹區","120.300","22.880","400"
"342","128758","20221104125000","143","3","高雄市","阿蓮區","120.305","22.890","286"
"27","128759","20221104125000","204","0","高雄市","阿蓮區","120.310","22.890","28"
"385","128764","20221104125000","240","3","高雄市","阿蓮區","120.330","22.880","346"
"54","128765","20221104125000","625","0","高雄市","阿蓮區","120.335","22.880","68"
"199","128766","20221104125000","161","2","高雄市","阿蓮區","120.340","22.880","207"
"283","128769","20221104125000","155","3","高雄市","阿蓮區","120.330","22.885","273"
"241","128776","20221104125000","164","2","高雄市","阿蓮區","120.320","22.890","226"
"371","128782","20221104125000","141","3","高雄市","阿蓮區","120.335","22.870","280"
"493","128789","20221104125000","338","2","高雄市","田寮區","120.355","22.870","418"
"448","128797","20221104125000","373","2","高雄市","茄萣區","120.185","22.905","531"
"324","128798","20221104125000","138","3","高雄市","茄萣區","120.190","22.905","316"
"282","128803","20221104125000","226","2","高雄市","茄萣區","120.195","22.855","220"
"172","128807","20221104125000","205","0","高雄市","茄萣區","120.195","22.860","168"
"245","128823","20221104125000","283","0","高雄市","茄萣區","120.190","22.870","262"
"222","128824","20221104125000","291","0","高雄市","茄萣區","120.195","22.870","301"
"365","128825","20221104125000","351","1","高雄市","茄萣區","120.200","22.870","402"
"37","128829","20221104125000","12","3","高雄市","茄萣區","120.190","22.875","22"
"465","128830","20221104125000","309","3","高雄市","茄萣區","120.195","22.875","515"
"564","128833","20221104125000","399","2","高雄市","茄萣區","120.210","22.875","557"
"170","128847","20221104125000","231","0","高雄市","茄萣區","120.190","22.910","194"
"547","128850","20221104125000","566","0","高雄市","茄萣區","120.185","22.910","514"
"272","128866","20221104125000","256","1","高雄市","旗山區","120.475","22.870","264"
"71","128884","20221104125000","86","0","高雄市","旗山區","120.455","22.880","94"
"517","128898","20221104125000","570","0","高雄市","旗山區","120.470","22.855","593"
"473","128911","20221104125000","249","3","高雄市","旗山區","120.500","22.925","397"
"196","128916","20221104125000","190","1","高雄市","旗山區","120.500","22.930","236"
"143","128946","20221104125000","140","1","高雄市","杉林區","120.525","22.930","160"
"961","134975","20221104125000","458","3","臺南市","安南區","120.210","23.035","935"
"574","134976","20221104125000","367","3","臺南市","安南區","120.210","23.040","558"
"1458","134977","20221104125000","1235","1","臺南市","安南區","120.215","23.040","1546"
"666","134978","20221104125000","799","0","臺南市","安南區","120.215","23.030","735"
"300","134979","20221104125000","380","0","臺南市","安南區","120.215","23.035","327"
"428","134985","20221104125000","347","2","臺南市","安南區","120.195","23.025","415"
"357","134991","20221104125000","413","0","臺南市","關廟區","120.300","22.995","437"
"234","134995","20221104125000","41","3","臺南市","關廟區","120.320","22.995","235"
"89","134999","20221104125000","220","0","臺南市","關廟區","120.305","23.000","72"
"175","135010","20221104125000","189","0","臺南市","關廟區","120.320","23.005","189"
"504","135015","20221104125000","228","3","臺南市","關廟區","120.305","23.010","511"
"522","135022","20221104125000","712","0","臺南市","關廟區","120.325","22.965","621"
"38","135028","20221104125000","214","0","臺南市","關廟區","120.360","22.965","31"
"264","135056","20221104125000","149","3","臺南市","關廟區","120.330","22.965","246"
"67","135059","20221104125000","368","0","臺南市","關廟區","120.325","22.975","56"
"951","135061","20221104125000","3280","0","臺南市","中西區","120.210","22.985","880"
"367","135062","20221104125000","1829","0","臺南市","永康區","120.235","23.005","359"
"1950","135063","20221104125000","1142","3","臺南市","東區","120.230","22.980","1755"
"646","135064","20221104125000","326","3","臺南市","安南區","120.125","23.040","606"
"1016","135074","20221104125000","645","3","臺南市","南區","120.175","22.965","920"
"33","135075","20221104125000","18","3","臺南市","南區","120.180","22.965","19"
"1111","135079","20221104125000","1387","0","臺南市","南區","120.185","22.970","1120"
"957","135080","20221104125000","1160","0","臺南市","南區","120.175","22.975","1087"
"310","135081","20221104125000","563","0","臺南市","南區","120.180","22.975","352"
"1312","135083","20221104125000","935","2","臺南市","南區","120.185","22.980","1314"
"1378","135084","20221104125000","864","3","臺南市","北區","120.210","23.020","1285"
"259","135085","20221104125000","1963","0","臺南市","南區","120.200","22.980","206"
"15","135086","20221104125000","70","0","臺南市","南區","120.205","22.970","20"
"193","135087","20221104125000","176","1","臺南市","南區","120.195","22.970","209"
"575","135088","20221104125000","832","0","臺南市","南區","120.190","22.960","621"
"18","135461","20221104125000","29","0","臺東縣","海端鄉","121.130","23.000","28"
"371","135797","20221104125000","205","3","臺東縣","關山鎮","121.145","23.020","438"
"1136","135951","20221104125000","1360","0","臺南市","永康區","120.230","23.010","1323"
"5611","135952","20221104125000","5104","1","臺南市","永康區","120.225","23.020","5853"
"1364","135953","20221104125000","1127","2","臺南市","永康區","120.220","23.025","1403"
"793","135954","20221104125000","1037","0","臺南市","永康區","120.225","23.025","976"
"1055","135956","20221104125000","1159","0","臺南市","永康區","120.235","23.025","1126"
"691","135957","20221104125000","733","0","臺南市","永康區","120.225","23.030","825"
"577","135958","20221104125000","307","3","臺南市","永康區","120.230","23.030","515"
"209","135959","20221104125000","1325","0","臺南市","永康區","120.255","22.995","184"
"717","135960","20221104125000","1039","0","臺南市","永康區","120.255","23.000","765"
"188","135961","20221104125000","1164","0","臺南市","永康區","120.260","23.000","162"
"218","135963","20221104125000","346","0","臺南市","永康區","120.260","23.005","244"
"929","135966","20221104125000","904","1","臺南市","安南區","120.205","23.030","1001"
"489","135967","20221104125000","507","0","臺南市","安南區","120.210","23.030","523"
"522","135969","20221104125000","622","0","臺南市","安南區","120.220","23.040","629"
"1225","135971","20221104125000","1469","0","臺南市","中西區","120.190","23.005","1374"
"165","135972","20221104125000","397","0","臺南市","永康區","120.250","23.005","143"
"758","135976","20221104125000","442","3","臺南市","歸仁區","120.300","22.965","694"
"456","135980","20221104125000","450","1","臺南市","南區","120.195","22.980","540"
"1154","135981","20221104125000","823","2","臺南市","南區","120.190","22.970","1033"
"642","135982","20221104125000","1465","0","臺南市","中西區","120.190","23.000","688"
"1868","135983","20221104125000","1245","3","臺南市","中西區","120.195","23.000","1982"
"2066","135984","20221104125000","1545","2","臺南市","中西區","120.175","23.005","1973"
"202","135985","20221104125000","170","1","臺南市","中西區","120.180","23.000","191"
"500","135986","20221104125000","519","0","臺南市","安南區","120.165","23.005","577"
"61","135989","20221104125000","685","0","臺南市","永康區","120.255","23.035","52"
"533","135990","20221104125000","625","0","臺南市","永康區","120.260","23.030","585"
"1072","135991","20221104125000","1206","0","臺南市","永康區","120.260","23.035","1139"
"288","135992","20221104125000","211","2","臺南市","永康區","120.255","23.040","293"
"2200","135993","20221104125000","2502","0","臺南市","永康區","120.230","23.015","2464"
"711","135994","20221104125000","1007","0","臺南市","永康區","120.230","23.020","835"
"558","135995","20221104125000","260","3","臺南市","安南區","120.205","23.035","533"
"790","135997","20221104125000","749","1","臺南市","永康區","120.220","23.020","741"
"1066","135998","20221104125000","968","1","臺南市","北區","120.195","23.010","1118"
"416","135999","20221104125000","925","0","臺南市","北區","120.205","23.010","440"
"1170","136000","20221104125000","1455","0","臺南市","北區","120.195","23.015","1323"
"569","136001","20221104125000","576","0","臺南市","北區","120.200","23.015","606"
"326","136002","20221104125000","370","0","臺南市","北區","120.195","23.005","384"
"1059","136005","20221104125000","973","1","臺南市","南區","120.190","22.985","1093"
"74","136006","20221104125000","133","0","臺南市","南區","120.210","22.975","58"
"590","136008","20221104125000","327","3","臺南市","北區","120.185","23.010","594"
"627","136009","20221104125000","659","0","臺南市","北區","120.190","23.010","617"
"153","136012","20221104125000","798","0","臺南市","永康區","120.270","23.010","134"
"1697","136013","20221104125000","1941","0","臺南市","中西區","120.195","22.990","1875"
"1195","136014","20221104125000","1037","1","臺南市","仁德區","120.255","22.975","1210"
"229","136018","20221104125000","293","0","臺南市","仁德區","120.255","22.980","228"
"568","136020","20221104125000","289","3","臺南市","北區","120.200","23.010","533"
"230","136021","20221104125000","538","0","臺南市","北區","120.200","23.020","225"
"838","136022","20221104125000","748","1","臺南市","北區","120.205","23.015","787"
"1671","136023","20221104125000","1125","2","臺南市","北區","120.210","23.015","1766"
"170","136025","20221104125000","139","2","臺南市","北區","120.205","23.020","192"
"614","136030","20221104125000","541","1","臺南市","永康區","120.275","23.030","620"
"1243","136034","20221104125000","939","2","臺南市","永康區","120.235","23.020","1201"
"176","136035","20221104125000","360","0","臺南市","永康區","120.240","23.020","199"
"349","136036","20221104125000","478","0","臺南市","永康區","120.245","23.020","369"
"357","136037","20221104125000","2144","0","臺南市","永康區","120.250","23.020","348"
"100","136038","20221104125000","121","0","臺南市","永康區","120.240","23.025","126"
"1257","136042","20221104125000","972","2","臺南市","永康區","120.250","23.025","1186"
"740","136043","20221104125000","405","3","臺南市","關廟區","120.330","22.955","623"
"500","136044","20221104125000","303","3","臺南市","關廟區","120.330","22.960","482"
"70","136047","20221104125000","125","0","臺南市","關廟區","120.340","22.970","63"
"687","136049","20221104125000","558","2","臺南市","關廟區","120.335","22.960","645"
"306","136054","20221104125000","272","1","臺南市","關廟區","120.345","22.965","347"
"40","136056","20221104125000","28","2","臺南市","關廟區","120.355","22.965","36"
"2107","136059","20221104125000","1383","3","臺南市","北區","120.205","23.005","2162"
"453","136061","20221104125000","773","0","臺南市","南區","120.200","22.970","529"
"749","136062","20221104125000","928","0","臺南市","中西區","120.205","22.990","929"
"1768","136063","20221104125000","2868","0","臺南市","中西區","120.200","22.985","1028"
"971","136064","20221104125000","2372","0","臺南市","中西區","120.200","22.990","895"
"1072","136065","20221104125000","1286","0","臺南市","中西區","120.200","22.995","1209"
"399","136067","20221104125000","411","0","臺南市","永康區","120.270","22.995","435"
"111","136070","20221104125000","851","0","臺南市","永康區","120.265","23.005","85"
"1374","136071","20221104125000","1438","0","臺南市","永康區","120.255","23.030","1415"
"195","136072","20221104125000","368","0","臺南市","關廟區","120.335","22.955","186"
"497","136080","20221104125000","334","2","臺南市","關廟區","120.325","22.955","461"
"402","136081","20221104125000","591","0","臺南市","關廟區","120.315","22.960","473"
"1114","136083","20221104125000","535","3","臺南市","關廟區","120.325","22.960","986"
"238","136085","20221104125000","263","0","臺南市","東區","120.220","22.990","307"
"2839","136087","20221104125000","2315","2","臺南市","東區","120.225","22.985","2881"
"1023","136088","20221104125000","1159","0","臺南市","東區","120.230","22.990","1093"
"2971","136089","20221104125000","1856","3","臺南市","東區","120.230","22.995","2757"
"640","136090","20221104125000","999","0","臺南市","東區","120.235","22.995","707"
"1151","136091","20221104125000","720","3","臺南市","北區","120.220","23.000","1045"
"534","136093","20221104125000","343","3","臺南市","中西區","120.180","23.005","523"
"1521","136094","20221104125000","1443","1","臺南市","中西區","120.185","23.005","1495"
"2667","136095","20221104125000","1472","3","臺南市","北區","120.225","23.005","2526"
"202","136096","20221104125000","266","0","臺南市","北區","120.225","23.000","248"
"103","136100","20221104125000","86","1","臺南市","仁德區","120.235","22.950","125"
"153","136101","20221104125000","128","1","臺南市","仁德區","120.235","22.955","131"
"856","136102","20221104125000","815","1","臺南市","仁德區","120.230","22.955","851"
"606","136104","20221104125000","254","3","臺南市","仁德區","120.240","22.955","513"
"1713","136105","20221104125000","1189","2","臺南市","仁德區","120.255","22.955","1645"
"261","136109","20221104125000","335","0","臺南市","仁德區","120.250","22.955","328"
"97","136111","20221104125000","465","0","臺南市","仁德區","120.265","22.955","102"
"75","136113","20221104125000","769","0","臺南市","仁德區","120.265","22.960","60"
"1521","136115","20221104125000","699","3","臺南市","北區","120.220","23.010","1250"
"638","136118","20221104125000","2162","0","臺南市","中西區","120.210","22.995","745"
"650","136119","20221104125000","1453","0","臺南市","中西區","120.210","22.990","710"
"1147","136120","20221104125000","2445","0","臺南市","北區","120.205","23.000","1287"
"2330","136122","20221104125000","1495","3","臺南市","東區","120.225","22.965","2242"
"730","136123","20221104125000","690","1","臺南市","東區","120.220","22.970","763"
"229","136124","20221104125000","907","0","臺南市","東區","120.225","22.970","197"
"1232","136125","20221104125000","1773","0","臺南市","東區","120.225","22.990","1283"
"1155","136126","20221104125000","1374","0","臺南市","東區","120.235","22.990","1233"
"1037","136128","20221104125000","813","2","臺南市","東區","120.245","22.990","1155"
"227","136131","20221104125000","309","0","臺南市","歸仁區","120.275","22.960","243"
"594","136132","20221104125000","288","3","臺南市","歸仁區","120.280","22.960","585"
"89","136145","20221104125000","727","0","臺南市","南區","120.205","22.980","84"
"555","136146","20221104125000","1124","0","臺南市","南區","120.210","22.980","603"
"558","136147","20221104125000","398","2","臺南市","安平區","120.165","22.990","521"
"77","136148","20221104125000","94","0","臺南市","永康區","120.245","22.995","58"
"796","136149","20221104125000","460","3","臺南市","永康區","120.245","23.005","792"
"1677","136151","20221104125000","944","3","臺南市","永康區","120.245","23.010","1525"
"141","136152","20221104125000","775","0","臺南市","永康區","120.250","23.010","105"
"78","136155","20221104125000","78","1","臺南市","關廟區","120.320","22.970","138"
"33","136156","20221104125000","18","3","臺南市","關廟區","120.310","22.975","23"
"190","136163","20221104125000","107","3","臺南市","關廟區","120.310","22.980","198"
"1328","136181","20221104125000","1272","1","臺南市","北區","120.200","23.000","1475"
"152","136182","20221104125000","104","2","臺南市","南區","120.195","22.985","133"
"621","136184","20221104125000","296","3","臺南市","仁德區","120.225","22.960","600"
"218","136185","20221104125000","245","0","臺南市","東區","120.230","22.960","239"
"34","136186","20221104125000","55","0","臺南市","歸仁區","120.275","22.995","36"
"261","136188","20221104125000","315","0","臺南市","歸仁區","120.275","23.000","282"
"209","136195","20221104125000","211","0","臺南市","歸仁區","120.290","22.995","258"
"97","136196","20221104125000","323","0","臺南市","歸仁區","120.295","22.995","92"
"1684","136199","20221104125000","1527","1","臺南市","北區","120.210","23.005","1868"
"1678","136200","20221104125000","1018","3","臺南市","東區","120.215","22.995","1731"
"565","136229","20221104125000","406","2","臺南市","安南區","120.195","23.030","544"
"676","136230","20221104125000","751","0","臺南市","安南區","120.195","23.035","722"
"547","136231","20221104125000","391","2","臺南市","南區","120.190","22.965","542"
"30","136248","20221104125000","15","3","臺南市","左鎮區","120.405","22.995","11"
"47","136271","20221104125000","53","0","臺南市","左鎮區","120.420","23.010","49"
"66","136316","20221104125000","117","0","臺南市","左鎮區","120.395","23.010","75"
"32","136343","20221104125000","24","2","臺南市","左鎮區","120.385","23.035","37"
"3058","136422","20221104125000","3106","0","臺南市","東區","120.235","22.985","3063"
"1133","136423","20221104125000","869","2","臺南市","東區","120.215","22.990","965"
"358","136430","20221104125000","526","0","臺南市","歸仁區","120.285","22.980","424"
"277","136438","20221104125000","159","3","臺南市","歸仁區","120.280","22.990","257"
"319","136444","20221104125000","373","0","臺南市","歸仁區","120.295","22.975","385"
"553","136452","20221104125000","333","3","臺南市","歸仁區","120.285","22.960","559"
"1033","136453","20221104125000","393","3","臺南市","歸仁區","120.280","22.965","973"
"132","136454","20221104125000","65","3","臺南市","歸仁區","120.285","22.965","120"
"503","136455","20221104125000","571","0","臺南市","歸仁區","120.285","22.970","593"
"52","136457","20221104125000","616","0","臺南市","仁德區","120.270","22.970","48"
"782","136458","20221104125000","1012","0","臺南市","歸仁區","120.275","22.970","922"
"203","136459","20221104125000","235","0","臺南市","歸仁區","120.280","22.970","243"
"520","136460","20221104125000","325","3","臺南市","南區","120.200","22.975","550"
"794","136461","20221104125000","336","3","臺南市","南區","120.195","22.960","672"
"1753","136462","20221104125000","1878","0","臺南市","南區","120.190","22.980","1969"
"227","136475","20221104125000","314","0","臺南市","安南區","120.130","23.015","288"
"242","136483","20221104125000","148","3","臺南市","安南區","120.135","23.020","250"
"609","136490","20221104125000","523","1","臺南市","安南區","120.185","23.025","687"
"330","136495","20221104125000","326","1","臺南市","東區","120.235","22.980","347"
"325","136496","20221104125000","217","2","臺南市","永康區","120.255","23.010","298"
"643","136497","20221104125000","802","0","臺南市","永康區","120.255","23.015","636"
"497","136498","20221104125000","423","1","臺南市","永康區","120.260","23.015","456"
"67","136501","20221104125000","273","0","臺南市","永康區","120.280","23.010","56"
"106","136503","20221104125000","358","0","臺南市","永康區","120.270","23.015","82"
"795","136507","20221104125000","632","2","臺南市","永康區","120.275","23.020","825"
"135","136508","20221104125000","505","0","臺南市","永康區","120.280","23.020","127"
"173","136509","20221104125000","1538","0","臺南市","安平區","120.175","22.995","117"
"566","136512","20221104125000","316","3","臺南市","安南區","120.160","23.005","558"
"1098","136513","20221104125000","823","2","臺南市","安平區","120.190","22.990","1110"
"238","136515","20221104125000","524","0","臺南市","永康區","120.220","23.030","269"
"309","136516","20221104125000","314","0","臺南市","東區","120.245","22.980","347"
"404","136517","20221104125000","618","0","臺南市","仁德區","120.250","22.980","441"
"2626","136518","20221104125000","1817","2","臺南市","東區","120.215","22.980","2558"
"1626","136520","20221104125000","1503","1","臺南市","東區","120.245","22.985","1560"
"968","136521","20221104125000","723","2","臺南市","仁德區","120.250","22.985","991"
"516","136523","20221104125000","676","0","臺南市","安平區","120.160","22.990","570"
"342","136525","20221104125000","380","0","臺南市","安平區","120.160","22.995","374"
"637","136532","20221104125000","675","0","臺南市","安平區","120.165","22.985","714"
"1198","136533","20221104125000","568","3","臺南市","安平區","120.170","22.985","1144"
"689","136534","20221104125000","587","1","臺南市","安平區","120.175","22.985","630"
"1666","136535","20221104125000","893","3","臺南市","安平區","120.170","22.990","1521"
"1040","136536","20221104125000","1224","0","臺南市","安平區","120.175","22.990","1045"
"334","136539","20221104125000","393","0","臺南市","安平區","120.150","22.995","360"
"302","136541","20221104125000","357","0","臺南市","安平區","120.145","23.000","316"
"44","136542","20221104125000","111","0","臺南市","安平區","120.150","23.000","39"
"252","136543","20221104125000","336","0","臺南市","安平區","120.155","23.000","260"
"331","136544","20221104125000","562","0","臺南市","安平區","120.160","23.000","356"
"1069","136545","20221104125000","1281","0","臺南市","東區","120.240","22.980","814"
"592","136546","20221104125000","451","2","臺南市","東區","120.225","22.995","562"
"1058","136547","20221104125000","1082","0","臺南市","東區","120.235","22.965","1115"
"1004","136548","20221104125000","1022","0","臺南市","東區","120.220","22.975","1121"
"408","136549","20221104125000","518","0","臺南市","歸仁區","120.300","22.960","468"
"108","136550","20221104125000","83","2","臺南市","歸仁區","120.305","22.960","116"
"889","136553","20221104125000","571","3","臺南市","歸仁區","120.285","23.005","810"
"225","136560","20221104125000","1390","0","臺南市","南區","120.195","22.975","208"
"330","136561","20221104125000","1536","0","臺南市","永康區","120.240","23.015","287"
"573","136562","20221104125000","481","1","臺南市","永康區","120.245","23.015","553"
"622","136563","20221104125000","616","1","臺南市","永康區","120.250","23.015","571"
"1802","136564","20221104125000","787","3","臺南市","永康區","120.230","23.005","1778"
"1635","136565","20221104125000","2406","0","臺南市","永康區","120.235","23.000","1832"
"1618","136566","20221104125000","1594","1","臺南市","北區","120.230","23.000","1561"
"569","136567","20221104125000","976","0","臺南市","永康區","120.270","23.005","538"
"826","136568","20221104125000","813","1","臺南市","永康區","120.265","23.010","792"
"185","136570","20221104125000","1049","0","臺南市","永康區","120.265","23.020","178"
"65","136572","20221104125000","450","0","臺南市","永康區","120.260","22.995","48"
"608","136573","20221104125000","691","0","臺南市","永康區","120.265","23.000","549"
"538","136574","20221104125000","340","3","臺南市","安南區","120.200","23.025","524"
"1184","136575","20221104125000","534","3","臺南市","安南區","120.205","23.025","1117"
"878","136576","20221104125000","590","2","臺南市","安南區","120.210","23.025","867"
"1653","136577","20221104125000","1553","1","臺南市","北區","120.225","23.010","1713"
"1357","136578","20221104125000","1290","1","臺南市","北區","120.215","23.010","1366"
"994","136579","20221104125000","709","2","臺南市","北區","120.215","23.015","1058"
"265","136580","20221104125000","418","0","臺南市","南化區","120.495","23.030","274"
"14","136581","20221104125000","33","0","臺南市","南化區","120.500","23.030","24"
"70","136584","20221104125000","26","3","臺南市","南化區","120.500","23.035","80"
"50","136586","20221104125000","42","1","臺南市","南化區","120.465","23.040","50"
"87","136602","20221104125000","38","3","臺南市","南化區","120.465","23.010","82"
"707","136671","20221104125000","793","0","臺南市","中西區","120.170","23.000","929"
"372","136672","20221104125000","1723","0","臺南市","中西區","120.175","23.000","338"
"310","136674","20221104125000","552","0","臺南市","中西區","120.185","23.000","324"
"1085","136675","20221104125000","1535","0","臺南市","安平區","120.165","22.995","1293"
"517","136676","20221104125000","360","2","臺南市","安平區","120.170","22.995","486"
"2279","136677","20221104125000","2444","0","臺南市","安平區","120.185","22.990","2394"
"260","136678","20221104125000","285","0","臺南市","安平區","120.180","22.995","277"
"1286","136679","20221104125000","1641","0","臺南市","安平區","120.185","22.995","1328"
"499","136680","20221104125000","761","0","臺南市","安平區","120.180","22.985","465"
"2239","136681","20221104125000","1463","3","臺南市","安平區","120.180","22.990","2126"
"198","136690","20221104125000","267","0","臺南市","南區","120.215","22.955","222"
"563","136695","20221104125000","320","3","臺南市","南區","120.210","22.965","566"
"1201","136696","20221104125000","708","3","臺南市","南區","120.215","22.965","1097"
"1094","136697","20221104125000","1937","0","臺南市","南區","120.185","22.965","1092"
"455","136701","20221104125000","452","1","臺南市","南區","120.170","22.955","493"
"181","136709","20221104125000","133","2","臺南市","南區","120.165","22.965","188"
"534","136712","20221104125000","465","1","臺南市","仁德區","120.220","22.955","640"
"366","136717","20221104125000","306","1","臺南市","仁德區","120.255","22.965","363"
"228","136718","20221104125000","274","0","臺南市","仁德區","120.260","22.965","394"
"100","136720","20221104125000","514","0","臺南市","仁德區","120.270","22.965","78"
"361","136721","20221104125000","1299","0","臺南市","仁德區","120.255","22.970","325"
"1007","136722","20221104125000","438","3","臺南市","仁德區","120.260","22.970","962"
"1569","136727","20221104125000","1553","1","臺南市","北區","120.220","23.005","1716"
"1155","136728","20221104125000","1407","0","臺南市","北區","120.200","23.005","1383"
"634","136732","20221104125000","560","1","臺南市","仁德區","120.260","22.985","625"
"1223","136738","20221104125000","654","3","臺南市","仁德區","120.260","22.990","1192"
"48","136741","20221104125000","101","0","臺南市","仁德區","120.265","22.995","49"
"614","136752","20221104125000","160","3","臺南市","安南區","120.185","23.035","575"
"734","136755","20221104125000","460","3","臺南市","安南區","120.185","23.040","683"
"4626","136756","20221104125000","3856","1","臺南市","中西區","120.205","22.995","4701"
"282","136758","20221104125000","471","0","臺南市","永康區","120.250","23.000","322"
"233","136763","20221104125000","341","0","臺南市","安南區","120.200","23.040","290"
"942","136764","20221104125000","2425","0","臺南市","安南區","120.190","23.025","975"
"162","136765","20221104125000","188","0","臺南市","安南區","120.140","23.000","170"
"3236","136786","20221104125000","3715","0","臺南市","北區","120.210","23.000","3594"
"966","136787","20221104125000","823","1","臺南市","中西區","120.195","22.995","1058"
"2017","136788","20221104125000","878","3","臺南市","中西區","120.205","22.985","2060"
"892","136789","20221104125000","1447","0","臺南市","東區","120.225","22.980","1030"
"5324","136790","20221104125000","3783","2","臺南市","東區","120.220","22.985","5553"
"697","136791","20221104125000","437","3","臺南市","永康區","120.225","23.015","637"
"210","136792","20221104125000","868","0","臺南市","永康區","120.240","23.005","165"
"430","136793","20221104125000","1182","0","臺南市","永康區","120.240","23.000","404"
"768","136794","20221104125000","1525","0","臺南市","永康區","120.235","23.010","848"
"848","136795","20221104125000","749","1","臺南市","永康區","120.245","23.000","1014"
"1672","136799","20221104125000","1763","0","臺南市","新化區","120.300","23.035","1813"
"791","136800","20221104125000","1295","0","臺南市","東區","120.215","22.975","800"
"517","136801","20221104125000","545","0","臺南市","東區","120.230","22.985","623"
"1824","136802","20221104125000","1872","0","臺南市","東區","120.230","22.975","1961"
"343","136803","20221104125000","418","0","臺南市","東區","120.225","22.975","276"
"318","136804","20221104125000","275","1","臺南市","東區","120.230","22.970","309"
"768","136805","20221104125000","1081","0","臺南市","東區","120.230","22.965","807"
"533","136806","20221104125000","538","0","臺南市","南區","120.185","22.975","531"
"657","136808","20221104125000","879","0","臺南市","南區","120.210","22.970","728"
"430","136809","20221104125000","613","0","臺南市","東區","120.215","22.970","507"
"527","136812","20221104125000","345","3","臺南市","仁德區","120.245","22.955","468"
"117","136813","20221104125000","149","0","臺南市","仁德區","120.240","22.960","145"
"494","136814","20221104125000","219","3","臺南市","仁德區","120.245","22.960","393"
"230","136816","20221104125000","514","0","臺南市","仁德區","120.255","22.960","215"
"226","136817","20221104125000","301","0","臺南市","仁德區","120.240","22.965","281"
"65","136820","20221104125000","51","2","臺南市","仁德區","120.240","22.970","60"
"997","136821","20221104125000","678","2","臺南市","仁德區","120.245","22.970","1012"
"596","136822","20221104125000","1125","0","臺南市","仁德區","120.250","22.970","637"
"759","136823","20221104125000","508","2","臺南市","仁德區","120.240","22.975","789"
"791","136824","20221104125000","1097","0","臺南市","仁德區","120.245","22.975","852"
"316","136825","20221104125000","378","0","臺南市","仁德區","120.250","22.975","356"
"3806","136826","20221104125000","4415","0","臺南市","北區","120.215","23.005","4259"
"70","136851","20221104125000","250","0","高雄市","內門區","120.445","22.975","58"
"17","136927","20221104125000","23","0","臺東縣","池上鄉","121.195","23.040","21"
"217","136939","20221104125000","55","3","高雄市","內門區","120.435","22.955","199"
"106","136953","20221104125000","71","2","高雄市","內門區","120.465","23.000","82"
"89","136958","20221104125000","194","0","高雄市","內門區","120.470","22.960","108"
"96","136970","20221104125000","75","2","高雄市","內門區","120.465","22.975","90"
"60","136996","20221104125000","37","3","高雄市","內門區","120.495","22.955","59"
"72","137008","20221104125000","107","0","高雄市","內門區","120.490","22.970","70"
"75","137020","20221104125000","64","1","高雄市","內門區","120.510","22.980","70"
"221","137023","20221104125000","272","0","高雄市","內門區","120.500","22.985","262"
"33","137048","20221104125000","93","0","高雄市","六龜區","120.660","23.005","46"
"101","137056","20221104125000","145","0","高雄市","六龜區","120.665","23.010","97"
"29","137071","20221104125000","87","0","臺南市","龍崎區","120.350","22.955","66"
"22","137124","20221104125000","21","1","臺南市","龍崎區","120.385","23.005","22"
"143","137130","20221104125000","82","3","臺南市","關廟區","120.370","22.960","127"
"372","137196","20221104125000","666","0","臺南市","安南區","120.190","23.020","348"
"31","137197","20221104125000","40","0","臺南市","南區","120.195","22.965","37"
"97","137201","20221104125000","167","0","臺南市","歸仁區","120.295","22.960","94"
"509","137202","20221104125000","592","0","臺南市","永康區","120.255","23.005","488"
"186","137251","20221104125000","234","0","高雄市","內門區","120.485","23.015","191"
"29","137259","20221104125000","25","1","高雄市","內門區","120.480","22.965","33"
"117","137275","20221104125000","111","1","高雄市","內門區","120.510","23.015","105"
"99","137311","20221104125000","105","0","高雄市","六龜區","120.650","22.975","129"
"436","137325","20221104125000","794","0","高雄市","六龜區","120.660","22.985","513"
"218","137409","20221104125000","111","3","高雄市","六龜區","120.640","22.990","250"
"132","137466","20221104125000","193","0","高雄市","六龜區","120.660","23.035","137"
"918","137491","20221104125000","889","1","高雄市","六龜區","120.635","22.995","954"
"184","137494","20221104125000","213","0","臺南市","安平區","120.165","23.000","174"
"212","137502","20221104125000","328","0","臺南市","安平區","120.150","22.990","269"
"18","137504","20221104125000","249","0","臺南市","永康區","120.255","23.020","18"
"652","137506","20221104125000","322","3","臺南市","永康區","120.260","23.020","567"
"280","137507","20221104125000","369","0","臺南市","永康區","120.250","23.030","298"
"225","137585","20221104125000","100","3","臺東縣","鹿野鄉","121.140","22.975","217"
"88","137592","20221104125000","119","0","臺東縣","鹿野鄉","121.140","22.985","97"
"112","137600","20221104125000","63","3","臺東縣","鹿野鄉","121.155","22.950","130"
"264","137609","20221104125000","366","0","臺東縣","鹿野鄉","121.155","22.955","333"
"273","137617","20221104125000","459","0","高雄市","旗山區","120.510","22.955","323"
"35","137618","20221104125000","100","0","高雄市","旗山區","120.515","22.955","58"
"335","137627","20221104125000","314","1","高雄市","旗山區","120.515","22.970","316"
"1205","137638","20221104125000","2256","0","臺南市","歸仁區","120.290","22.965","1261"
"203","137642","20221104125000","407","0","臺南市","永康區","120.275","23.035","200"
"152","137643","20221104125000","580","0","臺南市","永康區","120.280","23.035","128"
"119","137645","20221104125000","121","0","臺南市","永康區","120.275","23.040","115"
"513","137648","20221104125000","225","3","臺南市","新化區","120.305","23.030","503"
"720","137649","20221104125000","458","3","臺南市","永康區","120.240","23.010","719"
"1003","137650","20221104125000","936","1","臺南市","永康區","120.215","23.020","1045"
"745","137651","20221104125000","378","3","臺南市","北區","120.220","23.015","722"
"19","138036","20221104125000","82","0","臺東縣","成功鎮","121.315","22.990","15"
"174","138047","20221104125000","69","3","臺東縣","成功鎮","121.320","23.005","135"
"151","138061","20221104125000","127","1","臺東縣","成功鎮","121.325","23.020","146"
"207","138079","20221104125000","236","0","臺東縣","成功鎮","121.335","23.030","323"
"382","138095","20221104125000","119","3","臺東縣","關山鎮","121.170","23.040","445"
"160","138110","20221104125000","85","3","臺東縣","關山鎮","121.145","23.005","185"
"145","138197","20221104125000","142","1","臺東縣","關山鎮","121.175","23.015","174"
"23","138230","20221104125000","64","0","臺東縣","關山鎮","121.185","23.025","55"
"115","138241","20221104125000","62","3","臺東縣","鹿野鄉","121.130","22.955","140"
"144","138251","20221104125000","278","0","臺東縣","鹿野鄉","121.120","22.970","190"
"206","138278","20221104125000","123","3","臺東縣","鹿野鄉","121.150","22.980","255"
"184","138324","20221104125000","624","0","臺南市","新化區","120.300","23.020","167"
"563","138325","20221104125000","196","3","臺南市","新化區","120.305","23.020","541"
"378","138337","20221104125000","426","0","臺南市","安南區","120.125","23.035","411"
"183","138363","20221104125000","107","3","臺南市","安南區","120.140","23.030","191"
"979","138367","20221104125000","833","1","臺南市","安南區","120.160","23.030","1028"
"391","138369","20221104125000","448","0","臺南市","安南區","120.135","23.035","441"
"374","138375","20221104125000","305","2","臺南市","安南區","120.140","23.040","492"
"889","138376","20221104125000","1204","0","臺南市","安南區","120.145","23.040","953"
"726","138377","20221104125000","710","1","臺南市","安南區","120.150","23.040","820"
"642","138378","20221104125000","487","2","臺南市","安南區","120.155","23.040","725"
"121","138379","20221104125000","48","3","臺南市","安南區","120.160","23.040","103"
"42","138760","20221104125000","41","1","高雄市","桃源區","120.715","23.035","72"
"2029","138833","20221104125000","1618","2","臺南市","永康區","120.260","23.025","1998"
"26","138836","20221104125000","296","0","臺南市","永康區","120.265","23.030","13"
"630","138838","20221104125000","513","2","臺南市","永康區","120.265","23.035","630"
"151","138839","20221104125000","310","0","臺南市","永康區","120.265","23.040","131"
"53","138840","20221104125000","39","2","臺南市","新化區","120.285","23.035","47"
"201","138842","20221104125000","158","2","臺南市","永康區","120.280","23.040","195"
"74","138843","20221104125000","413","0","臺南市","新化區","120.300","23.040","86"
"38","138851","20221104125000","13","3","臺南市","新化區","120.375","23.010","39"
"26","138856","20221104125000","12","3","臺南市","新化區","120.365","23.010","20"
"307","138868","20221104125000","1052","0","臺南市","新化區","120.305","23.040","272"
"115","138909","20221104125000","307","0","臺南市","新化區","120.325","23.025","121"
"245","138910","20221104125000","35","3","臺南市","新化區","120.330","23.025","228"
"32","138911","20221104125000","98","0","臺南市","新化區","120.335","23.025","21"
"567","138917","20221104125000","2248","0","臺南市","新化區","120.310","23.035","556"
"1788","138922","20221104125000","1534","1","臺南市","東區","120.220","22.980","1954"
"1218","138923","20221104125000","922","2","臺南市","東區","120.235","22.970","1407"
"1261","138926","20221104125000","1693","0","臺南市","永康區","120.230","23.035","1458"
"1509","138928","20221104125000","1216","2","臺南市","永康區","120.235","23.040","1418"
"1216","138932","20221104125000","1134","1","臺南市","永康區","120.240","23.035","1268"
"625","138933","20221104125000","484","2","臺南市","永康區","120.245","23.035","599"
"1213","138935","20221104125000","1117","1","臺南市","永康區","120.240","23.040","1305"
"2382","138936","20221104125000","1502","3","臺南市","永康區","120.245","23.040","2491"
"122","138937","20221104125000","204","0","臺南市","永康區","120.250","23.040","172"
"69","138942","20221104125000","212","0","臺東縣","東河鄉","121.285","23.000","58"
"170","138962","20221104125000","136","2","臺東縣","東河鄉","121.280","23.020","183"
"35","138979","20221104125000","71","0","臺東縣","東河鄉","121.285","23.030","34"
"18","138995","20221104125000","15","2","臺東縣","東河鄉","121.290","23.040","21"
"18","139027","20221104125000","65","0","臺東縣","東河鄉","121.240","22.965","34"
"57","139039","20221104125000","18","3","臺東縣","東河鄉","121.280","22.955","72"
"106","139060","20221104125000","406","0","臺東縣","東河鄉","121.300","22.970","104"
"53","139073","20221104125000","32","3","臺東縣","東河鄉","121.300","22.985","41"
"41","139131","20221104125000","27","3","臺東縣","東河鄉","121.260","22.980","42"
"34","139146","20221104125000","30","1","臺東縣","東河鄉","121.265","22.985","32"
"219","139164","20221104125000","103","3","臺東縣","東河鄉","121.280","22.990","213"
"400","139299","20221104125000","81","3","臺南市","新化區","120.330","23.015","367"
"44","139305","20221104125000","383","0","臺南市","新化區","120.310","23.020","56"
"44","139307","20221104125000","206","0","臺南市","新化區","120.330","23.020","41"
"144","139318","20221104125000","140","1","臺南市","新化區","120.355","23.020","141"
"23","139335","20221104125000","122","0","臺南市","新化區","120.335","23.035","19"
"83","139336","20221104125000","48","3","臺南市","新化區","120.340","23.035","76"
"3240","139358","20221104125000","2071","3","臺南市","東區","120.220","22.995","3233"
"722","139360","20221104125000","937","0","臺南市","東區","120.215","23.000","573"
"554","139362","20221104125000","408","2","臺南市","東區","120.235","22.960","590"
"10","139481","20221104125000","19","0","高雄市","茂林區","120.685","22.970","10"
"341","139635","20221104125000","381","0","高雄市","杉林區","120.540","22.970","342"
"178","139644","20221104125000","130","2","高雄市","杉林區","120.550","22.975","181"
"152","139672","20221104125000","85","3","高雄市","杉林區","120.565","22.985","136"
"18","139688","20221104125000","17","1","高雄市","杉林區","120.575","23.000","15"
"395","139718","20221104125000","374","1","高雄市","杉林區","120.540","22.965","425"
"45","139735","20221104125000","50","0","高雄市","杉林區","120.550","23.020","62"
"18","139762","20221104125000","13","2","高雄市","杉林區","120.535","23.035","18"
"44","139796","20221104125000","81","0","高雄市","杉林區","120.550","23.000","50"
"162","139852","20221104125000","206","0","高雄市","杉林區","120.585","22.995","160"
"117","139897","20221104125000","184","0","高雄市","杉林區","120.565","23.015","143"
"64","139960","20221104125000","50","2","高雄市","杉林區","120.550","23.040","64"
"15","143776","20221104125000","68","0","臺東縣","成功鎮","121.385","23.100","10"
"266","144971","20221104125000","258","1","臺南市","新市區","120.330","23.105","309"
"189","144982","20221104125000","759","0","臺南市","善化區","120.295","23.125","140"
"224","144986","20221104125000","141","3","臺南市","善化區","120.310","23.110","171"
"1429","144989","20221104125000","1167","2","臺南市","善化區","120.305","23.115","1260"
"321","144992","20221104125000","512","0","臺南市","善化區","120.320","23.115","384"
"394","144998","20221104125000","218","3","臺南市","善化區","120.310","23.125","396"
"1494","144999","20221104125000","1057","2","臺南市","善化區","120.315","23.125","1615"
"2622","145002","20221104125000","967","3","臺南市","新市區","120.300","23.105","2253"
"3219","145007","20221104125000","1979","3","臺南市","善化區","120.295","23.115","3122"
"640","145022","20221104125000","510","2","臺南市","安定區","120.235","23.110","783"
"193","145025","20221104125000","210","0","臺南市","安定區","120.235","23.115","182"
"307","145026","20221104125000","700","0","臺南市","安定區","120.240","23.115","369"
"590","145031","20221104125000","899","0","臺南市","安定區","120.255","23.115","656"
"150","145032","20221104125000","209","0","臺南市","安定區","120.235","23.120","144"
"728","145050","20221104125000","700","1","臺南市","七股區","120.160","23.115","763"
"142","145054","20221104125000","151","0","臺南市","安南區","120.135","23.045","191"
"511","145055","20221104125000","436","1","臺南市","安南區","120.155","23.045","566"
"532","145067","20221104125000","1739","0","臺南市","安南區","120.195","23.045","489"
"28","145080","20221104125000","104","0","臺東縣","池上鄉","121.220","23.090","26"
"15","145103","20221104125000","33","0","臺東縣","池上鄉","121.220","23.100","31"
"116","145114","20221104125000","40","3","臺東縣","池上鄉","121.225","23.105","139"
"38","145631","20221104125000","51","0","臺東縣","海端鄉","121.145","23.045","52"
"264","145817","20221104125000","476","0","臺東縣","海端鄉","121.175","23.095","291"
"328","146199","20221104125000","422","0","臺南市","西港區","120.205","23.115","396"
"1546","146201","20221104125000","1348","1","臺南市","西港區","120.200","23.120","1832"
"288","146215","20221104125000","655","0","臺南市","西港區","120.180","23.115","279"
"23","146227","20221104125000","383","0","臺南市","安南區","120.215","23.045","28"
"1155","146231","20221104125000","431","3","臺南市","安南區","120.215","23.050","1121"
"1121","146234","20221104125000","1227","0","臺南市","安南區","120.220","23.045","1247"
"575","146235","20221104125000","830","0","臺南市","安南區","120.225","23.045","626"
"117","146238","20221104125000","636","0","臺南市","安南區","120.235","23.050","99"
"115","146239","20221104125000","129","0","臺南市","永康區","120.240","23.050","147"
"294","146241","20221104125000","212","2","臺南市","安南區","120.235","23.055","306"
"1302","146244","20221104125000","608","3","臺南市","安南區","120.230","23.060","1057"
"55","146245","20221104125000","66","0","臺南市","安南區","120.235","23.060","51"
"410","146251","20221104125000","500","0","臺南市","西港區","120.210","23.115","469"
"54","146265","20221104125000","90","0","臺南市","大內區","120.390","23.110","68"
"17","146269","20221104125000","11","3","臺南市","大內區","120.390","23.115","17"
"268","146341","20221104125000","235","1","臺南市","安南區","120.110","23.080","273"
"359","146347","20221104125000","835","0","臺南市","安南區","120.205","23.045","400"
"243","146348","20221104125000","366","0","臺南市","安南區","120.210","23.045","323"
"73","146361","20221104125000","84","0","臺南市","大內區","120.395","23.120","80"
"76","146366","20221104125000","54","2","臺南市","大內區","120.420","23.120","97"
"367","146385","20221104125000","321","1","臺南市","安南區","120.220","23.055","440"
"557","146387","20221104125000","732","0","臺南市","安南區","120.215","23.060","656"
"331","146388","20221104125000","457","0","臺南市","安南區","120.220","23.060","371"
"1379","146390","20221104125000","2034","0","臺南市","安南區","120.225","23.065","1428"
"44","146400","20221104125000","55","0","臺南市","七股區","120.160","23.100","59"
"33","146423","20221104125000","52","0","臺南市","七股區","120.100","23.120","32"
"1570","146430","20221104125000","1621","0","臺南市","新市區","120.290","23.070","1621"
"2244","146432","20221104125000","920","3","臺南市","新市區","120.290","23.080","1983"
"3323","146433","20221104125000","2596","2","臺南市","新市區","120.295","23.080","3117"
"91","146437","20221104125000","420","0","臺南市","新市區","120.290","23.055","80"
"696","146444","20221104125000","386","3","臺南市","新市區","120.300","23.060","677"
"659","146450","20221104125000","302","3","臺南市","新市區","120.295","23.065","578"
"1260","146460","20221104125000","783","3","臺南市","新市區","120.295","23.075","1251"
"785","146461","20221104125000","390","3","臺南市","新市區","120.300","23.075","811"
"307","146468","20221104125000","376","0","臺南市","新市區","120.300","23.085","287"
"325","146478","20221104125000","278","1","臺南市","新市區","120.325","23.070","422"
"71","146482","20221104125000","23","3","臺南市","新市區","120.320","23.075","51"
"338","146495","20221104125000","628","0","臺南市","新市區","120.280","23.060","357"
"159","146505","20221104125000","65","3","臺南市","新市區","120.280","23.075","137"
"1525","146506","20221104125000","1650","0","臺南市","新市區","120.285","23.075","1567"
"33","146509","20221104125000","26","2","臺南市","新市區","120.285","23.080","29"
"1354","146513","20221104125000","778","3","臺南市","新市區","120.280","23.090","1325"
"184","146522","20221104125000","240","0","臺南市","新市區","120.255","23.090","157"
"75","146523","20221104125000","54","2","臺南市","新市區","120.260","23.090","77"
"805","146525","20221104125000","613","2","臺南市","新市區","120.270","23.090","790"
"1926","146526","20221104125000","1357","2","臺南市","新市區","120.275","23.090","2232"
"336","146529","20221104125000","326","1","臺南市","新市區","120.255","23.095","394"
"41","146532","20221104125000","100","0","臺南市","新市區","120.270","23.095","34"
"3514","146533","20221104125000","3058","1","臺南市","新市區","120.275","23.095","3337"
"855","146535","20221104125000","544","3","臺南市","新市區","120.250","23.100","808"
"157","146536","20221104125000","133","1","臺南市","新市區","120.260","23.100","140"
"897","146537","20221104125000","865","1","臺南市","新市區","120.260","23.095","1140"
"1217","146541","20221104125000","984","2","臺南市","新市區","120.280","23.095","1184"
"119","146542","20221104125000","136","0","臺南市","新市區","120.285","23.100","102"
"2726","146545","20221104125000","2190","2","臺南市","新市區","120.255","23.100","2875"
"244","146546","20221104125000","164","2","臺南市","善化區","120.260","23.105","250"
"176","146547","20221104125000","121","2","臺南市","新市區","120.265","23.100","188"
"698","146549","20221104125000","371","3","臺南市","新市區","120.275","23.100","669"
"900","146550","20221104125000","1034","0","臺南市","新市區","120.280","23.100","838"
"1577","146552","20221104125000","1856","0","臺南市","新市區","120.265","23.105","2391"
"2150","146554","20221104125000","1802","1","臺南市","新市區","120.275","23.105","2451"
"192","146562","20221104125000","332","0","臺南市","七股區","120.145","23.105","244"
"687","146587","20221104125000","349","3","臺南市","安定區","120.225","23.080","760"
"781","146590","20221104125000","356","3","臺南市","安定區","120.230","23.100","719"
"758","146602","20221104125000","568","2","臺南市","西港區","120.210","23.125","861"
"402","146614","20221104125000","293","2","臺南市","安南區","120.155","23.055","471"
"376","146615","20221104125000","132","3","臺南市","安南區","120.165","23.060","391"
"343","146616","20221104125000","443","0","臺南市","安南區","120.175","23.060","423"
"849","146621","20221104125000","843","1","臺南市","安南區","120.175","23.070","891"
"21","146652","20221104125000","171","0","臺南市","七股區","120.150","23.120","11"
"444","146661","20221104125000","393","1","臺南市","安南區","120.130","23.070","508"
"44","146695","20221104125000","289","0","臺南市","安南區","120.095","23.060","40"
"366","146704","20221104125000","99","3","臺南市","山上區","120.355","23.085","504"
"339","146707","20221104125000","159","3","臺南市","山上區","120.345","23.090","319"
"320","146712","20221104125000","285","1","臺南市","山上區","120.355","23.095","297"
"167","146713","20221104125000","157","1","臺南市","山上區","120.360","23.095","182"
"295","146727","20221104125000","406","0","臺南市","山上區","120.340","23.110","330"
"84","146773","20221104125000","80","1","臺南市","山上區","120.405","23.105","96"
"244","146783","20221104125000","106","3","臺南市","山上區","120.365","23.075","203"
"11","146806","20221104125000","21","0","臺南市","左鎮區","120.380","23.050","16"
"45","146822","20221104125000","160","0","臺南市","左鎮區","120.365","23.065","43"
"99","146848","20221104125000","160","0","臺南市","左鎮區","120.400","23.055","110"
"226","146850","20221104125000","223","1","臺南市","左鎮區","120.410","23.055","265"
"177","146853","20221104125000","230","0","臺南市","左鎮區","120.390","23.060","226"
"18","146877","20221104125000","12","3","臺南市","左鎮區","120.420","23.055","13"
"106","146890","20221104125000","192","0","臺南市","安南區","120.160","23.065","128"
"445","146891","20221104125000","242","3","臺南市","安南區","120.160","23.070","499"
"228","146892","20221104125000","373","0","臺南市","安南區","120.165","23.070","291"
"139","146896","20221104125000","172","0","臺南市","安南區","120.200","23.075","206"
"102","146931","20221104125000","920","0","臺南市","安南區","120.130","23.060","106"
"155","146932","20221104125000","628","0","臺南市","安南區","120.135","23.060","155"
"40","146947","20221104125000","266","0","臺南市","安南區","120.115","23.055","37"
"618","146954","20221104125000","552","1","臺南市","安南區","120.125","23.060","680"
"542","146957","20221104125000","489","1","臺南市","安南區","120.125","23.065","696"
"819","146965","20221104125000","761","1","臺南市","山上區","120.355","23.105","957"
"45","146969","20221104125000","105","0","臺南市","山上區","120.370","23.080","51"
"45","146971","20221104125000","100","0","臺南市","山上區","120.380","23.080","57"
"49","146979","20221104125000","298","0","臺南市","安定區","120.235","23.100","67"
"1283","146988","20221104125000","1303","0","臺南市","永康區","120.255","23.045","1515"
"157","146992","20221104125000","102","3","臺南市","永康區","120.260","23.050","187"
"77","147017","20221104125000","116","0","臺南市","安南區","120.145","23.075","96"
"509","147019","20221104125000","457","1","臺南市","安南區","120.135","23.080","578"
"119","147031","20221104125000","103","1","臺南市","安定區","120.220","23.105","119"
"603","147043","20221104125000","855","0","臺南市","安定區","120.260","23.110","633"
"306","147044","20221104125000","1162","0","臺南市","安定區","120.260","23.115","367"
"948","147045","20221104125000","1120","0","臺南市","安定區","120.255","23.120","1107"
"7640","147046","20221104125000","7151","1","臺南市","安定區","120.260","23.120","11443"
"39","147047","20221104125000","64","0","臺南市","安定區","120.265","23.120","39"
"53","147048","20221104125000","140","0","臺南市","安定區","120.250","23.125","49"
"406","147051","20221104125000","462","0","臺南市","安定區","120.240","23.095","368"
"330","147056","20221104125000","601","0","臺南市","安定區","120.235","23.085","269"
"386","147068","20221104125000","929","0","臺南市","安定區","120.235","23.095","391"
"133","147073","20221104125000","145","0","臺南市","安南區","120.180","23.045","148"
"1224","147074","20221104125000","1476","0","臺南市","安南區","120.185","23.045","1408"
"427","147075","20221104125000","519","0","臺南市","安南區","120.180","23.050","472"
"134","147083","20221104125000","219","0","臺南市","南化區","120.450","23.050","138"
"269","147121","20221104125000","242","1","臺南市","南化區","120.485","23.080","315"
"170","147153","20221104125000","216","0","臺南市","南化區","120.475","23.065","199"
"292","147170","20221104125000","263","1","臺南市","南化區","120.475","23.045","366"
"117","147181","20221104125000","83","2","臺南市","南化區","120.515","23.045","94"
"54","147248","20221104125000","90","0","臺南市","南化區","120.515","23.075","66"
"44","147252","20221104125000","23","3","臺南市","南化區","120.535","23.075","39"
"177","147257","20221104125000","140","2","臺南市","南化區","120.510","23.080","164"
"51","147271","20221104125000","63","0","臺南市","南化區","120.525","23.085","44"
"385","147381","20221104125000","225","3","臺南市","安南區","120.165","23.050","361"
"120","147382","20221104125000","253","0","臺南市","安南區","120.170","23.050","110"
"191","147391","20221104125000","54","3","臺東縣","池上鄉","121.205","23.100","287"
"138","147393","20221104125000","175","0","臺東縣","池上鄉","121.200","23.105","248"
"18","147394","20221104125000","10","3","臺東縣","池上鄉","121.205","23.105","22"
"89","147398","20221104125000","115","0","臺東縣","池上鄉","121.200","23.110","112"
"215","147404","20221104125000","124","3","臺東縣","池上鄉","121.200","23.115","368"
"236","147422","20221104125000","429","0","臺東縣","池上鄉","121.220","23.115","303"
"227","147425","20221104125000","75","3","臺東縣","池上鄉","121.210","23.120","247"
"340","147426","20221104125000","425","0","臺東縣","池上鄉","121.215","23.120","444"
"329","147427","20221104125000","1266","0","臺東縣","池上鄉","121.220","23.120","338"
"47","147429","20221104125000","474","0","臺南市","安南區","120.120","23.075","38"
"157","147438","20221104125000","941","0","臺南市","安南區","120.205","23.050","165"
"611","147448","20221104125000","888","0","臺南市","安南區","120.195","23.070","721"
"589","147449","20221104125000","303","3","臺南市","安定區","120.200","23.070","577"
"2582","147457","20221104125000","1557","3","臺南市","新市區","120.280","23.105","2592"
"3803","147458","20221104125000","3793","1","臺南市","善化區","120.265","23.110","5889"
"1602","147459","20221104125000","1872","0","臺南市","善化區","120.270","23.110","2265"
"2981","147460","20221104125000","2099","2","臺南市","善化區","120.275","23.110","3697"
"98","147461","20221104125000","46","3","臺南市","善化區","120.280","23.110","94"
"2348","147464","20221104125000","2777","0","臺南市","善化區","120.270","23.115","4177"
"3476","147465","20221104125000","2678","2","臺南市","善化區","120.275","23.115","3890"
"61","147466","20221104125000","58","1","臺南市","善化區","120.280","23.115","67"
"109","147467","20221104125000","96","1","臺南市","善化區","120.285","23.115","117"
"2124","147468","20221104125000","1170","3","臺南市","善化區","120.270","23.120","2180"
"41","147469","20221104125000","142","0","臺南市","善化區","120.275","23.120","38"
"1051","147475","20221104125000","752","2","臺南市","安南區","120.190","23.045","1199"
"154","147479","20221104125000","393","0","臺南市","安定區","120.215","23.075","148"
"459","147503","20221104125000","537","0","臺南市","大內區","120.370","23.115","535"
"130","147511","20221104125000","173","0","臺南市","安定區","120.205","23.080","130"
"188","147522","20221104125000","643","0","臺南市","安定區","120.210","23.090","184"
"88","147528","20221104125000","575","0","臺南市","安定區","120.215","23.095","81"
"905","147531","20221104125000","369","3","臺南市","安定區","120.210","23.095","868"
"1257","147539","20221104125000","314","3","臺南市","新市區","120.290","23.085","1331"
"1763","147540","20221104125000","1020","3","臺南市","新市區","120.285","23.090","1772"
"19","147543","20221104125000","12","3","臺南市","新市區","120.285","23.095","15"
"890","147548","20221104125000","1139","0","臺南市","新市區","120.290","23.100","885"
"653","147550","20221104125000","430","3","臺南市","新市區","120.285","23.105","672"
"67","147564","20221104125000","118","0","臺南市","新市區","120.260","23.070","67"
"227","147567","20221104125000","109","3","臺南市","新市區","120.250","23.075","205"
"97","147570","20221104125000","134","0","臺南市","新市區","120.265","23.075","119"
"112","147571","20221104125000","159","0","臺南市","新市區","120.255","23.080","140"
"181","147576","20221104125000","106","3","臺南市","新市區","120.305","23.090","171"
"250","147580","20221104125000","329","0","臺南市","新市區","120.300","23.100","221"
"184","147587","20221104125000","218","0","臺南市","新市區","120.310","23.100","225"
"401","147594","20221104125000","465","0","臺南市","新市區","120.320","23.085","462"
"741","147598","20221104125000","577","2","臺南市","新市區","120.315","23.090","785"
"170","147603","20221104125000","442","0","臺南市","新市區","120.320","23.095","179"
"57","147613","20221104125000","176","0","臺南市","安南區","120.165","23.045","54"
"498","147619","20221104125000","280","3","臺南市","安南區","120.170","23.045","496"
"222","147620","20221104125000","274","0","臺南市","安南區","120.175","23.045","240"
"496","147621","20221104125000","681","0","臺南市","安南區","120.175","23.050","583"
"125","147622","20221104125000","276","0","臺南市","安南區","120.175","23.055","132"
"105","147627","20221104125000","105","1","臺南市","七股區","120.120","23.095","138"
"112","147686","20221104125000","213","0","臺南市","七股區","120.075","23.125","111"
"92","147743","20221104125000","60","3","臺南市","七股區","120.050","23.080","101"
"104","147812","20221104125000","278","0","臺南市","七股區","120.090","23.095","127"
"649","147816","20221104125000","534","2","臺南市","七股區","120.110","23.095","772"
"63","147889","20221104125000","72","0","臺東縣","池上鄉","121.220","23.080","65"
"275","147906","20221104125000","159","3","臺東縣","池上鄉","121.230","23.120","348"
"235","147984","20221104125000","127","3","高雄市","甲仙區","120.585","23.080","227"
"348","147985","20221104125000","167","3","高雄市","甲仙區","120.590","23.080","290"
"38","147999","20221104125000","45","0","高雄市","甲仙區","120.610","23.110","40"
"11","148032","20221104125000","14","0","高雄市","甲仙區","120.630","23.115","12"
"162","148097","20221104125000","198","0","高雄市","六龜區","120.670","23.065","137"
"171","148126","20221104125000","92","3","高雄市","六龜區","120.675","23.080","175"
"683","148173","20221104125000","600","1","臺南市","安南區","120.205","23.060","730"
"969","148177","20221104125000","423","3","臺南市","安南區","120.220","23.070","944"
"383","148178","20221104125000","216","3","臺南市","安南區","120.225","23.070","347"
"104","148201","20221104125000","114","0","高雄市","六龜區","120.690","23.095","138"
"105","148224","20221104125000","183","0","高雄市","六龜區","120.690","23.105","114"
"80","148238","20221104125000","218","0","高雄市","六龜區","120.700","23.110","126"
"109","148271","20221104125000","84","2","高雄市","六龜區","120.720","23.115","116"
"93","148275","20221104125000","61","3","高雄市","桃源區","120.745","23.115","114"
"65","148342","20221104125000","90","0","高雄市","六龜區","120.715","23.065","161"
"52","148372","20221104125000","67","0","臺南市","新化區","120.330","23.055","62"
"139","148373","20221104125000","154","0","臺南市","新化區","120.335","23.055","159"
"160","148376","20221104125000","111","2","臺南市","新化區","120.335","23.060","169"
"138","148377","20221104125000","178","0","臺南市","新化區","120.340","23.060","159"
"24","148378","20221104125000","19","2","臺南市","新化區","120.345","23.060","20"
"344","148380","20221104125000","422","0","臺南市","新化區","120.345","23.065","424"
"318","148386","20221104125000","199","3","臺南市","新化區","120.355","23.070","321"
"82","148418","20221104125000","96","0","臺東縣","池上鄉","121.235","23.120","89"
"80","148429","20221104125000","118","0","臺南市","玉井區","120.425","23.070","69"
"31","148453","20221104125000","72","0","臺南市","玉井區","120.430","23.085","25"
"31","148472","20221104125000","12","3","臺南市","玉井區","120.440","23.095","35"
"55","148477","20221104125000","79","0","臺南市","玉井區","120.450","23.090","48"
"202","148526","20221104125000","91","3","臺南市","玉井區","120.480","23.110","187"
"12","148531","20221104125000","11","1","臺南市","玉井區","120.505","23.110","41"
"15","148539","20221104125000","13","1","臺南市","玉井區","120.490","23.115","14"
"1484","148561","20221104125000","1844","0","臺南市","玉井區","120.460","23.120","1713"
"491","148562","20221104125000","682","0","臺南市","玉井區","120.465","23.120","573"
"964","148578","20221104125000","1018","0","臺南市","永康區","120.265","23.045","1012"
"126","148580","20221104125000","806","0","臺南市","永康區","120.275","23.045","125"
"230","148582","20221104125000","321","0","臺南市","永康區","120.265","23.050","248"
"401","148583","20221104125000","306","2","臺南市","永康區","120.270","23.050","510"
"176","148584","20221104125000","118","2","臺南市","永康區","120.275","23.050","152"
"101","148586","20221104125000","263","0","臺南市","永康區","120.270","23.055","106"
"56","148590","20221104125000","419","0","臺南市","永康區","120.245","23.050","43"
"32","148592","20221104125000","73","0","臺南市","永康區","120.250","23.050","34"
"408","148594","20221104125000","239","3","臺南市","永康區","120.260","23.055","509"
"451","148600","20221104125000","501","0","臺南市","永康區","120.265","23.055","518"
"36","148632","20221104125000","46","0","臺東縣","成功鎮","121.355","23.120","43"
"491","148641","20221104125000","336","2","臺東縣","成功鎮","121.400","23.120","544"
"36","148643","20221104125000","61","0","臺東縣","成功鎮","121.410","23.120","36"
"39","148653","20221104125000","18","3","臺東縣","成功鎮","121.355","23.105","37"
"230","148657","20221104125000","853","0","臺東縣","成功鎮","121.375","23.105","201"
"49","148690","20221104125000","60","0","臺東縣","成功鎮","121.340","23.045","56"
"10","148696","20221104125000","22","0","臺東縣","成功鎮","121.340","23.050","11"
"264","148718","20221104125000","123","3","臺東縣","成功鎮","121.345","23.065","297"
"204","148763","20221104125000","81","3","臺東縣","成功鎮","121.355","23.090","254"
"23","148769","20221104125000","13","3","臺東縣","成功鎮","121.345","23.095","27"
"34","148782","20221104125000","154","0","臺東縣","成功鎮","121.370","23.100","38"
"1523","148784","20221104125000","621","3","臺東縣","成功鎮","121.380","23.100","1499"
"450","148795","20221104125000","497","0","臺東縣","關山鎮","121.175","23.070","500"
"305","148817","20221104125000","104","3","臺東縣","關山鎮","121.175","23.080","377"
"31","148847","20221104125000","293","0","臺東縣","關山鎮","121.165","23.045","42"
"166","148852","20221104125000","1244","0","臺東縣","關山鎮","121.165","23.050","155"
"387","148873","20221104125000","490","0","臺東縣","關山鎮","121.165","23.055","448"
"558","148879","20221104125000","282","3","臺東縣","關山鎮","121.155","23.045","562"
"302","148883","20221104125000","587","0","高雄市","甲仙區","120.590","23.085","343"
"101","148899","20221104125000","69","2","高雄市","甲仙區","120.590","23.100","77"
"67","148910","20221104125000","49","2","高雄市","甲仙區","120.550","23.055","71"
"116","148925","20221104125000","109","1","高雄市","甲仙區","120.570","23.065","105"
"164","148938","20221104125000","141","1","高雄市","甲仙區","120.575","23.070","207"
"89","148960","20221104125000","90","0","高雄市","甲仙區","120.560","23.050","85"
"69","148978","20221104125000","245","0","臺南市","新化區","120.290","23.045","74"
"124","148986","20221104125000","50","3","臺南市","新化區","120.295","23.055","106"
"1162","148988","20221104125000","396","3","臺南市","安南區","120.145","23.045","1110"
"21","148989","20221104125000","21","1","臺南市","安南區","120.150","23.045","19"
"15","149026","20221104125000","37","0","高雄市","桃源區","120.720","23.050","11"
"33","149092","20221104125000","23","2","高雄市","桃源區","120.735","23.060","33"
"30","149159","20221104125000","61","0","高雄市","桃源區","120.755","23.070","30"
"31","149193","20221104125000","97","0","高雄市","桃源區","120.760","23.070","31"
"280","149576","20221104125000","158","3","臺南市","新化區","120.295","23.045","258"
"179","149577","20221104125000","576","0","臺南市","新化區","120.300","23.045","170"
"75","149589","20221104125000","236","0","臺南市","永康區","120.235","23.045","88"
"1962","149590","20221104125000","1633","2","臺南市","永康區","120.240","23.045","2154"
"217","149592","20221104125000","58","3","臺南市","永康區","120.245","23.045","105"
"319","149593","20221104125000","243","2","臺南市","永康區","120.250","23.045","351"
"28","149614","20221104125000","53","0","臺南市","玉井區","120.460","23.100","38"
"101","149651","20221104125000","139","0","臺南市","玉井區","120.480","23.105","111"
"394","149654","20221104125000","1334","0","臺東縣","成功鎮","121.380","23.105","380"
"74","149658","20221104125000","45","3","臺東縣","東河鄉","121.285","23.045","88"
"73","149682","20221104125000","49","2","臺東縣","東河鄉","121.295","23.055","83"
"15","149761","20221104125000","12","2","臺東縣","東河鄉","121.295","23.080","19"
"19","149846","20221104125000","68","0","臺南市","新化區","120.370","23.045","20"
"45","149865","20221104125000","86","0","臺南市","新化區","120.310","23.045","32"
"460","149866","20221104125000","166","3","臺南市","新化區","120.315","23.045","539"
"114","149869","20221104125000","373","0","臺南市","新化區","120.315","23.050","84"
"70","149873","20221104125000","99","0","臺南市","新化區","120.325","23.055","94"
"17","149908","20221104125000","34","0","高雄市","甲仙區","120.600","23.085","26"
"888","149946","20221104125000","601","2","臺南市","善化區","120.270","23.125","936"
"588","149948","20221104125000","719","0","臺南市","大內區","120.355","23.120","707"
"230","154962","20221104125000","429","0","澎湖縣","七美鄉","119.415","23.195","220"
"1487","154965","20221104125000","635","3","臺南市","善化區","120.325","23.140","1779"
"167","154980","20221104125000","271","0","臺南市","善化區","120.325","23.135","189"
"1771","154984","20221104125000","1718","1","臺南市","善化區","120.300","23.130","1801"
"628","154985","20221104125000","320","3","臺南市","善化區","120.305","23.130","515"
"753","154986","20221104125000","458","3","臺南市","善化區","120.310","23.130","764"
"77","154996","20221104125000","269","0","澎湖縣","七美鄉","119.435","23.200","65"
"37","155085","20221104125000","13","3","臺南市","西港區","120.230","23.135","29"
"266","155092","20221104125000","744","0","臺南市","麻豆區","120.220","23.190","211"
"736","155098","20221104125000","617","1","臺南市","麻豆區","120.245","23.190","634"
"150","155107","20221104125000","134","1","臺南市","佳里區","120.180","23.145","183"
"314","155111","20221104125000","391","0","臺南市","佳里區","120.175","23.150","388"
"411","155114","20221104125000","820","0","臺南市","佳里區","120.175","23.155","379"
"188","155129","20221104125000","618","0","臺南市","佳里區","120.195","23.190","199"
"99","155501","20221104125000","69","2","臺東縣","海端鄉","121.025","23.185","100"
"44","155650","20221104125000","54","0","臺東縣","海端鄉","121.180","23.130","50"
"49","155658","20221104125000","28","3","臺東縣","海端鄉","121.205","23.150","47"
"104","155664","20221104125000","81","2","臺東縣","海端鄉","121.190","23.155","105"
"62","155779","20221104125000","68","0","臺東縣","海端鄉","121.125","23.130","57"
"157","155786","20221104125000","45","3","臺東縣","海端鄉","121.160","23.130","114"
"47","155909","20221104125000","19","3","臺東縣","海端鄉","121.085","23.140","33"
"181","156049","20221104125000","88","3","臺東縣","海端鄉","121.030","23.165","196"
"62","156052","20221104125000","82","0","臺東縣","海端鄉","121.045","23.165","77"
"21","156083","20221104125000","29","0","臺東縣","海端鄉","121.045","23.170","29"
"127","156227","20221104125000","382","0","臺南市","西港區","120.180","23.130","115"
"383","156281","20221104125000","314","2","臺南市","佳里區","120.180","23.165","407"
"70","156284","20221104125000","146","0","臺南市","佳里區","120.180","23.170","51"
"130","156292","20221104125000","46","3","臺南市","佳里區","120.155","23.170","127"
"489","156302","20221104125000","607","0","臺南市","麻豆區","120.215","23.175","572"
"938","156306","20221104125000","562","3","臺南市","佳里區","120.160","23.160","937"
"1404","156309","20221104125000","1647","0","臺南市","佳里區","120.175","23.160","1575"
"2219","156314","20221104125000","4035","0","臺南市","佳里區","120.175","23.165","4088"
"214","156333","20221104125000","213","1","臺南市","七股區","120.140","23.140","273"
"504","156339","20221104125000","263","3","臺南市","七股區","120.150","23.150","451"
"194","156348","20221104125000","158","2","花蓮縣","富里鄉","121.255","23.180","180"
"358","156361","20221104125000","325","1","花蓮縣","富里鄉","121.275","23.190","432"
"139","156391","20221104125000","534","0","臺南市","西港區","120.220","23.140","121"
"448","156401","20221104125000","570","0","臺南市","麻豆區","120.240","23.155","540"
"70","156402","20221104125000","17","3","臺南市","麻豆區","120.240","23.160","58"
"120","156413","20221104125000","606","0","臺南市","麻豆區","120.275","23.190","116"
"668","156420","20221104125000","198","3","臺南市","麻豆區","120.270","23.195","611"
"264","156423","20221104125000","69","3","臺南市","麻豆區","120.285","23.195","246"
"217","156427","20221104125000","863","0","臺南市","麻豆區","120.230","23.180","213"
"193","156446","20221104125000","247","0","臺南市","大內區","120.415","23.150","216"
"23","156474","20221104125000","26","0","臺南市","大內區","120.410","23.165","26"
"434","156721","20221104125000","277","3","臺南市","善化區","120.270","23.145","449"
"288","156727","20221104125000","858","0","臺南市","善化區","120.275","23.130","271"
"17","156730","20221104125000","17","1","臺南市","大內區","120.405","23.130","20"
"34","156736","20221104125000","33","1","臺南市","大內區","120.435","23.130","34"
"87","156743","20221104125000","112","0","臺南市","大內區","120.430","23.135","70"
"99","156744","20221104125000","177","0","臺南市","玉井區","120.435","23.135","84"
"2240","156753","20221104125000","737","3","臺南市","善化區","120.285","23.135","2002"
"150","156765","20221104125000","732","0","臺南市","善化區","120.290","23.135","132"
"110","156769","20221104125000","206","0","臺南市","善化區","120.315","23.155","101"
"910","156781","20221104125000","835","1","臺南市","善化區","120.285","23.150","926"
"46","156784","20221104125000","206","0","臺南市","善化區","120.275","23.155","55"
"738","156792","20221104125000","705","1","臺南市","七股區","120.135","23.140","818"
"142","156851","20221104125000","273","0","臺南市","佳里區","120.155","23.180","179"
"557","156856","20221104125000","308","3","臺南市","佳里區","120.155","23.140","533"
"370","156864","20221104125000","434","0","臺南市","佳里區","120.185","23.145","401"
"265","156865","20221104125000","590","0","臺南市","佳里區","120.180","23.150","226"
"1168","156869","20221104125000","1339","0","臺南市","佳里區","120.180","23.155","1406"
"105","156870","20221104125000","153","0","臺南市","佳里區","120.185","23.155","76"
"510","156873","20221104125000","686","0","臺南市","佳里區","120.155","23.175","573"
"776","156909","20221104125000","299","3","臺南市","麻豆區","120.240","23.190","744"
"90","156922","20221104125000","340","0","臺南市","麻豆區","120.210","23.200","83"
"223","156941","20221104125000","350","0","臺南市","佳里區","120.190","23.190","284"
"760","156942","20221104125000","470","3","臺南市","佳里區","120.185","23.185","831"
"666","156974","20221104125000","838","0","臺南市","七股區","120.090","23.185","875"
"1483","156977","20221104125000","317","3","臺南市","西港區","120.200","23.140","1398"
"1247","157009","20221104125000","1436","0","臺南市","麻豆區","120.240","23.185","1416"
"772","157010","20221104125000","1109","0","臺南市","麻豆區","120.250","23.185","1072"
"274","157011","20221104125000","478","0","臺南市","麻豆區","120.255","23.185","256"
"59","157047","20221104125000","41","2","臺南市","六甲區","120.415","23.205","52"
"148","157077","20221104125000","101","2","臺南市","楠西區","120.505","23.140","136"
"549","157130","20221104125000","269","3","臺南市","將軍區","120.160","23.190","510"
"157","157174","20221104125000","480","0","臺南市","官田區","120.315","23.195","159"
"10","157178","20221104125000","241","0","臺南市","官田區","120.315","23.200","14"
"767","157183","20221104125000","370","3","臺南市","安定區","120.245","23.130","764"
"241","157184","20221104125000","384","0","臺南市","安定區","120.250","23.130","243"
"280","157198","20221104125000","222","2","花蓮縣","富里鄉","121.265","23.155","239"
"168","157258","20221104125000","230","0","臺南市","官田區","120.320","23.200","145"
"557","157259","20221104125000","648","0","臺南市","官田區","120.325","23.200","690"
"254","157263","20221104125000","255","0","臺南市","官田區","120.320","23.205","316"
"228","157312","20221104125000","343","0","臺南市","官田區","120.380","23.185","192"
"80","157333","20221104125000","221","0","臺南市","官田區","120.365","23.195","74"
"310","157334","20221104125000","179","3","臺南市","官田區","120.370","23.195","257"
"95","157335","20221104125000","113","0","臺南市","官田區","120.375","23.195","95"
"244","157360","20221104125000","696","0","臺南市","官田區","120.335","23.180","226"
"75","157361","20221104125000","500","0","臺南市","官田區","120.340","23.180","80"
"366","157382","20221104125000","99","3","臺南市","官田區","120.320","23.170","342"
"24","157394","20221104125000","159","0","臺南市","官田區","120.310","23.175","30"
"45","157399","20221104125000","204","0","臺南市","官田區","120.295","23.185","28"
"141","157419","20221104125000","380","0","臺南市","官田區","120.350","23.160","131"
"45","157422","20221104125000","40","1","臺南市","官田區","120.330","23.165","69"
"119","157424","20221104125000","410","0","臺南市","官田區","120.340","23.165","115"
"24","157437","20221104125000","51","0","臺南市","官田區","120.350","23.180","22"
"40","157454","20221104125000","113","0","臺南市","官田區","120.375","23.170","36"
"79","157463","20221104125000","28","3","臺南市","官田區","120.365","23.180","98"
"81","157477","20221104125000","273","0","臺南市","官田區","120.305","23.195","99"
"281","157478","20221104125000","642","0","臺南市","官田區","120.315","23.190","305"
"27","157597","20221104125000","47","0","臺南市","南化區","120.595","23.165","47"
"69","157624","20221104125000","66","1","臺南市","南化區","120.600","23.175","72"
"83","157646","20221104125000","88","0","臺南市","南化區","120.570","23.185","84"
"88","157733","20221104125000","363","0","臺南市","麻豆區","120.230","23.145","92"
"1360","157737","20221104125000","2081","0","臺南市","麻豆區","120.245","23.180","2207"
"112","157740","20221104125000","130","0","臺南市","麻豆區","120.240","23.195","104"
"868","157752","20221104125000","502","3","臺南市","麻豆區","120.260","23.185","840"
"265","157756","20221104125000","486","0","臺南市","麻豆區","120.265","23.190","318"
"206","157759","20221104125000","187","1","臺南市","麻豆區","120.255","23.190","321"
"54","157773","20221104125000","36","3","臺東縣","池上鄉","121.210","23.125","58"
"87","157789","20221104125000","91","0","臺東縣","池上鄉","121.200","23.140","98"
"47","157809","20221104125000","87","0","臺南市","善化區","120.275","23.145","48"
"352","157818","20221104125000","239","2","花蓮縣","卓溪鄉","121.225","23.160","326"
"140","157895","20221104125000","110","2","花蓮縣","富里鄉","121.250","23.200","133"
"271","157913","20221104125000","637","0","臺南市","善化區","120.295","23.135","230"
"32","157915","20221104125000","90","0","臺南市","善化區","120.305","23.135","43"
"492","157919","20221104125000","468","1","臺南市","善化區","120.305","23.140","570"
"553","157924","20221104125000","307","3","臺南市","善化區","120.290","23.145","592"
"14","157933","20221104125000","11","2","臺南市","善化區","120.285","23.160","13"
"248","157961","20221104125000","363","0","臺南市","善化區","120.285","23.130","191"
"195","157991","20221104125000","150","2","花蓮縣","富里鄉","121.235","23.135","188"
"46","157998","20221104125000","58","0","花蓮縣","富里鄉","121.240","23.140","43"
"313","158028","20221104125000","240","2","花蓮縣","富里鄉","121.250","23.170","309"
"464","158030","20221104125000","398","1","花蓮縣","富里鄉","121.250","23.175","483"
"101","158032","20221104125000","79","2","花蓮縣","富里鄉","121.250","23.180","101"
"844","158045","20221104125000","596","2","臺南市","將軍區","120.140","23.205","932"
"973","158058","20221104125000","1285","0","臺南市","將軍區","120.160","23.200","1149"
"179","158065","20221104125000","432","0","臺南市","七股區","120.135","23.130","221"
"414","158072","20221104125000","480","0","臺南市","七股區","120.110","23.145","464"
"20","158092","20221104125000","32","0","臺南市","七股區","120.130","23.185","30"
"57","158097","20221104125000","20","3","臺南市","七股區","120.145","23.180","46"
"385","158106","20221104125000","285","2","臺南市","佳里區","120.190","23.165","385"
"92","158107","20221104125000","607","0","臺南市","佳里區","120.195","23.165","94"
"492","158122","20221104125000","646","0","臺南市","佳里區","120.180","23.180","625"
"255","158126","20221104125000","413","0","臺南市","佳里區","120.175","23.185","316"
"52","158128","20221104125000","30","3","臺東縣","池上鄉","121.185","23.130","48"
"162","158181","20221104125000","207","0","臺南市","麻豆區","120.265","23.180","191"
"682","158192","20221104125000","707","0","臺南市","麻豆區","120.245","23.185","812"
"26","158195","20221104125000","122","0","臺南市","麻豆區","120.240","23.180","29"
"45","158363","20221104125000","25","3","高雄市","桃源區","120.790","23.185","35"
"97","158397","20221104125000","123","0","臺東縣","池上鄉","121.235","23.130","107"
"394","158398","20221104125000","423","0","臺南市","玉井區","120.470","23.130","471"
"47","158400","20221104125000","233","0","臺南市","玉井區","120.480","23.130","64"
"202","158410","20221104125000","293","0","臺南市","玉井區","120.440","23.135","248"
"59","158502","20221104125000","93","0","臺南市","楠西區","120.515","23.200","68"
"35","158508","20221104125000","34","1","臺南市","楠西區","120.545","23.205","40"
"742","158533","20221104125000","558","2","臺南市","楠西區","120.485","23.175","869"
"77","158546","20221104125000","364","0","臺南市","楠西區","120.485","23.170","76"
"54","158547","20221104125000","332","0","臺南市","楠西區","120.480","23.175","53"
"60","158550","20221104125000","245","0","臺南市","楠西區","120.480","23.185","59"
"56","158572","20221104125000","39","2","臺南市","楠西區","120.505","23.160","69"
"107","158634","20221104125000","112","0","臺南市","楠西區","120.560","23.180","87"
"21","158638","20221104125000","61","0","臺南市","楠西區","120.525","23.185","11"
"179","158670","20221104125000","83","3","臺南市","楠西區","120.465","23.190","164"
"176","158687","20221104125000","242","0","臺南市","楠西區","120.490","23.200","104"
"54","158849","20221104125000","231","0","臺東縣","成功鎮","121.400","23.155","50"
"150","158905","20221104125000","79","3","臺東縣","成功鎮","121.400","23.170","147"
"82","158933","20221104125000","116","0","臺東縣","成功鎮","121.395","23.180","81"
"95","159028","20221104125000","139","0","高雄市","甲仙區","120.635","23.150","108"
"31","159158","20221104125000","41","0","高雄市","三民區","120.660","23.200","23"
"30","159274","20221104125000","25","2","高雄市","桃源區","120.800","23.210","24"
"39","159434","20221104125000","15","3","高雄市","桃源區","120.755","23.145","35"
"180","159527","20221104125000","173","1","高雄市","桃源區","120.765","23.160","211"
"84","159574","20221104125000","72","1","高雄市","桃源區","120.770","23.165","82"
"12","159705","20221104125000","14","0","高雄市","桃源區","120.730","23.135","17"
"61","159707","20221104125000","27","3","高雄市","桃源區","120.740","23.135","48"
"179","159838","20221104125000","156","1","臺南市","官田區","120.350","23.150","241"
"193","159846","20221104125000","193","1","臺南市","大內區","120.365","23.155","227"
"310","159859","20221104125000","376","0","臺南市","大內區","120.380","23.145","348"
"58","159883","20221104125000","51","1","臺南市","大內區","120.370","23.160","71"
"542","159912","20221104125000","231","3","臺南市","麻豆區","120.225","23.175","484"
"491","159913","20221104125000","685","0","臺南市","麻豆區","120.220","23.180","538"
"435","159928","20221104125000","489","0","臺南市","麻豆區","120.255","23.180","491"
"225","159936","20221104125000","272","0","臺南市","善化區","120.315","23.145","209"
"314","159943","20221104125000","382","0","臺南市","善化區","120.300","23.150","501"
"134","159947","20221104125000","295","0","臺南市","善化區","120.265","23.130","133"
"490","159950","20221104125000","150","3","臺南市","善化區","120.260","23.135","455"
"123","161053","20221104125000","245","0","澎湖縣","七美鄉","119.430","23.215","145"
"108","162017","20221104125000","61","3","臺東縣","長濱鄉","121.415","23.235","122"
"12","163557","20221104125000","194","0","澎湖縣","望安鄉","119.515","23.255","12"
"241","164970","20221104125000","352","0","澎湖縣","七美鄉","119.425","23.205","277"
"43","164978","20221104125000","269","0","澎湖縣","望安鄉","119.670","23.245","76"
"399","165017","20221104125000","515","0","臺南市","學甲區","120.195","23.215","490"
"369","165030","20221104125000","464","0","臺南市","學甲區","120.195","23.230","417"
"309","165342","20221104125000","161","3","臺東縣","海端鄉","120.985","23.250","498"
"48","165457","20221104125000","81","0","臺東縣","海端鄉","120.990","23.270","85"
"111","165593","20221104125000","533","0","臺南市","下營區","120.240","23.220","131"
"112","165611","20221104125000","219","0","臺南市","下營區","120.240","23.235","109"
"1552","165635","20221104125000","1543","1","臺南市","下營區","120.265","23.240","1778"
"647","165652","20221104125000","639","1","臺南市","下營區","120.270","23.245","681"
"309","165697","20221104125000","217","2","花蓮縣","富里鄉","121.275","23.215","293"
"308","165713","20221104125000","301","1","臺南市","下營區","120.270","23.210","379"
"38","165716","20221104125000","25","3","花蓮縣","富里鄉","121.340","23.280","53"
"170","165718","20221104125000","130","2","花蓮縣","玉里鎮","121.345","23.285","188"
"169","165736","20221104125000","114","2","花蓮縣","玉里鎮","121.285","23.280","176"
"207","165743","20221104125000","122","3","花蓮縣","玉里鎮","121.280","23.285","200"
"128","165775","20221104125000","161","0","花蓮縣","富里鄉","121.290","23.240","164"
"40","165778","20221104125000","45","0","花蓮縣","富里鄉","121.305","23.240","42"
"166","165815","20221104125000","109","3","花蓮縣","富里鄉","121.295","23.255","175"
"76","165844","20221104125000","335","0","臺南市","新營區","120.265","23.270","78"
"356","165847","20221104125000","309","1","臺南市","新營區","120.275","23.275","373"
"24","165852","20221104125000","34","0","臺南市","六甲區","120.345","23.230","34"
"41","165853","20221104125000","119","0","臺南市","六甲區","120.335","23.235","36"
"940","165855","20221104125000","727","2","臺南市","北門區","120.135","23.240","1009"
"112","165858","20221104125000","153","0","臺南市","北門區","120.130","23.250","113"
"161","165860","20221104125000","675","0","臺南市","六甲區","120.350","23.225","147"
"283","165925","20221104125000","299","0","臺南市","六甲區","120.345","23.235","329"
"88","165938","20221104125000","50","3","臺南市","六甲區","120.340","23.250","104"
"33","165969","20221104125000","33","1","臺南市","六甲區","120.400","23.220","38"
"79","165999","20221104125000","361","0","臺南市","柳營區","120.315","23.275","86"
"101","166011","20221104125000","250","0","臺南市","柳營區","120.315","23.265","100"
"100","166028","20221104125000","318","0","臺南市","柳營區","120.295","23.275","104"
"103","166033","20221104125000","25","3","臺南市","柳營區","120.310","23.260","51"
"487","166037","20221104125000","182","3","臺南市","柳營區","120.305","23.280","464"
"428","166056","20221104125000","574","0","臺南市","柳營區","120.360","23.280","434"
"55","166060","20221104125000","290","0","臺南市","柳營區","120.355","23.285","65"
"83","166064","20221104125000","204","0","臺南市","柳營區","120.380","23.285","94"
"338","166071","20221104125000","413","0","臺南市","六甲區","120.340","23.225","365"
"15","166073","20221104125000","10","3","臺南市","六甲區","120.310","23.245","14"
"58","166077","20221104125000","27","3","臺南市","六甲區","120.315","23.250","40"
"327","166081","20221104125000","281","1","臺南市","六甲區","120.310","23.255","288"
"154","166097","20221104125000","67","3","臺南市","北門區","120.110","23.260","149"
"109","166128","20221104125000","111","0","臺南市","北門區","120.140","23.265","125"
"186","166144","20221104125000","150","2","臺南市","學甲區","120.180","23.285","178"
"121","166153","20221104125000","345","0","臺南市","將軍區","120.165","23.220","118"
"88","166181","20221104125000","545","0","臺南市","北門區","120.095","23.230","96"
"1021","166188","20221104125000","1085","0","臺南市","北門區","120.115","23.235","1107"
"256","166204","20221104125000","226","1","臺南市","下營區","120.275","23.215","234"
"26","166206","20221104125000","402","0","臺南市","下營區","120.270","23.220","20"
"638","166224","20221104125000","755","0","臺南市","北門區","120.135","23.280","704"
"807","166238","20221104125000","962","0","臺南市","北門區","120.125","23.270","952"
"68","166250","20221104125000","58","1","花蓮縣","富里鄉","121.315","23.220","79"
"251","166256","20221104125000","159","3","花蓮縣","富里鄉","121.275","23.225","245"
"197","166326","20221104125000","159","2","花蓮縣","富里鄉","121.305","23.255","202"
"176","166340","20221104125000","127","2","花蓮縣","富里鄉","121.305","23.265","216"
"96","166344","20221104125000","81","1","花蓮縣","富里鄉","121.300","23.270","99"
"76","166349","20221104125000","557","0","臺南市","官田區","120.320","23.210","62"
"72","166350","20221104125000","445","0","臺南市","官田區","120.325","23.210","63"
"376","166354","20221104125000","365","1","臺南市","官田區","120.320","23.215","454"
"136","166356","20221104125000","461","0","臺南市","官田區","120.330","23.215","99"
"30","166363","20221104125000","125","0","臺南市","官田區","120.340","23.220","18"
"328","166377","20221104125000","750","0","臺南市","官田區","120.310","23.215","286"
"248","166389","20221104125000","230","1","臺南市","官田區","120.360","23.210","334"
"265","166391","20221104125000","225","1","臺南市","官田區","120.370","23.210","305"
"238","166424","20221104125000","437","0","臺南市","北門區","120.145","23.285","244"
"448","166429","20221104125000","240","3","臺南市","將軍區","120.160","23.220","444"
"130","166442","20221104125000","442","0","臺南市","下營區","120.260","23.230","114"
"138","166445","20221104125000","188","0","臺南市","六甲區","120.355","23.220","120"
"1249","166446","20221104125000","1749","0","臺南市","六甲區","120.355","23.230","1514"
"371","166455","20221104125000","173","3","臺南市","六甲區","120.370","23.230","339"
"21","166458","20221104125000","207","0","臺南市","六甲區","120.365","23.235","21"
"162","166495","20221104125000","131","2","臺南市","北門區","120.125","23.240","161"
"565","166562","20221104125000","417","2","臺南市","麻豆區","120.220","23.220","639"
"168","166785","20221104125000","44","3","花蓮縣","富里鄉","121.265","23.215","62"
"617","167284","20221104125000","265","3","臺南市","下營區","120.290","23.245","630"
"23","167323","20221104125000","27","0","花蓮縣","富里鄉","121.360","23.265","24"
"107","167340","20221104125000","41","3","花蓮縣","富里鄉","121.315","23.275","80"
"63","167482","20221104125000","156","0","臺南市","東山區","120.470","23.260","60"
"93","167491","20221104125000","62","3","臺南市","東山區","120.515","23.260","98"
"85","167497","20221104125000","160","0","臺南市","東山區","120.480","23.265","66"
"75","167501","20221104125000","221","0","臺南市","東山區","120.500","23.265","93"
"28","167514","20221104125000","181","0","臺南市","東山區","120.395","23.265","73"
"77","167565","20221104125000","133","0","臺南市","東山區","120.445","23.265","70"
"369","167568","20221104125000","238","3","臺南市","東山區","120.445","23.270","381"
"174","167588","20221104125000","179","0","臺南市","東山區","120.445","23.290","182"
"184","167626","20221104125000","473","0","臺南市","東山區","120.405","23.285","177"
"57","167655","20221104125000","35","3","臺南市","東山區","120.465","23.280","71"
"63","167656","20221104125000","193","0","臺南市","東山區","120.470","23.280","63"
"29","167674","20221104125000","73","0","臺南市","東山區","120.500","23.285","28"
"140","167688","20221104125000","42","3","臺南市","東山區","120.515","23.290","129"
"279","167707","20221104125000","317","0","臺南市","將軍區","120.085","23.215","365"
"180","167714","20221104125000","190","0","臺南市","將軍區","120.120","23.220","232"
"601","167786","20221104125000","543","1","臺南市","鹽水區","120.205","23.260","686"
"86","167813","20221104125000","56","3","臺東縣","長濱鄉","121.410","23.215","96"
"104","167824","20221104125000","84","2","臺東縣","長濱鄉","121.415","23.225","113"
"70","167894","20221104125000","263","0","臺東縣","長濱鄉","121.415","23.250","83"
"53","167910","20221104125000","33","3","臺東縣","長濱鄉","121.385","23.260","46"
"17","167952","20221104125000","25","0","臺南市","學甲區","120.185","23.230","22"
"946","167953","20221104125000","974","0","臺南市","學甲區","120.185","23.235","1016"
"2076","167958","20221104125000","824","3","臺南市","學甲區","120.185","23.225","1921"
"148","167982","20221104125000","306","0","臺南市","學甲區","120.195","23.240","140"
"1419","167993","20221104125000","1841","0","臺南市","學甲區","120.180","23.235","1540"
"49","167995","20221104125000","363","0","臺南市","六甲區","120.345","23.220","56"
"51","167997","20221104125000","182","0","臺南市","六甲區","120.320","23.230","56"
"51","168014","20221104125000","158","0","臺南市","六甲區","120.315","23.245","54"
"179","168093","20221104125000","240","0","高雄市","三民區","120.670","23.235","202"
"56","168132","20221104125000","125","0","高雄市","三民區","120.695","23.235","74"
"56","168149","20221104125000","61","0","高雄市","三民區","120.695","23.240","58"
"52","168296","20221104125000","44","1","高雄市","三民區","120.680","23.265","62"
"16","168304","20221104125000","17","0","高雄市","三民區","120.720","23.265","18"
"357","168347","20221104125000","250","2","高雄市","三民區","120.700","23.275","439"
"127","168351","20221104125000","154","0","高雄市","三民區","120.720","23.275","121"
"12","168370","20221104125000","10","2","高雄市","三民區","120.685","23.280","11"
"635","168445","20221104125000","639","0","臺南市","鹽水區","120.235","23.285","723"
"26","168451","20221104125000","77","0","臺南市","柳營區","120.345","23.270","38"
"74","168459","20221104125000","351","0","臺南市","柳營區","120.335","23.285","95"
"2074","168462","20221104125000","2099","0","臺南市","柳營區","120.325","23.290","2104"
"124","168468","20221104125000","159","0","臺南市","柳營區","120.405","23.235","145"
"193","168484","20221104125000","151","2","臺南市","柳營區","120.420","23.245","174"
"143","168515","20221104125000","549","0","臺南市","柳營區","120.380","23.265","125"
"922","168538","20221104125000","1175","0","臺南市","柳營區","120.315","23.280","887"
"99","168539","20221104125000","636","0","臺南市","柳營區","120.320","23.280","83"
"19","168540","20221104125000","26","0","臺南市","柳營區","120.325","23.280","18"
"610","168541","20221104125000","322","3","臺南市","柳營區","120.330","23.280","602"
"134","168545","20221104125000","122","1","臺南市","柳營區","120.380","23.240","163"
"157","168560","20221104125000","375","0","臺南市","柳營區","120.375","23.250","157"
"48","168579","20221104125000","20","3","臺南市","柳營區","120.340","23.260","31"
"110","168591","20221104125000","221","0","臺南市","柳營區","120.365","23.265","91"
"276","168619","20221104125000","205","2","臺南市","楠西區","120.495","23.215","196"
"90","168624","20221104125000","49","3","臺南市","楠西區","120.520","23.215","95"
"231","168647","20221104125000","141","3","臺南市","楠西區","120.500","23.225","108"
"48","168692","20221104125000","21","3","臺南市","鹽水區","120.245","23.275","47"
"29","168719","20221104125000","21","2","臺東縣","成功鎮","121.400","23.210","19"
"21","168755","20221104125000","117","0","臺東縣","長濱鄉","121.425","23.275","22"
"27","168771","20221104125000","199","0","臺南市","新營區","120.280","23.285","15"
"43","168825","20221104125000","58","0","高雄市","桃源區","120.805","23.220","94"
"75","168996","20221104125000","59","2","高雄市","桃源區","120.815","23.240","84"
"55","169242","20221104125000","131","0","高雄市","桃源區","120.825","23.265","107"
"215","169268","20221104125000","38","3","高雄市","桃源區","120.950","23.265","188"
"26","169313","20221104125000","21","2","高雄市","桃源區","120.845","23.275","27"
"29","169328","20221104125000","46","0","高雄市","桃源區","120.915","23.275","61"
"46","169350","20221104125000","29","3","高雄市","桃源區","120.840","23.280","27"
"13","169367","20221104125000","27","0","高雄市","桃源區","120.920","23.280","28"
"47","169390","20221104125000","25","3","高雄市","桃源區","120.845","23.285","22"
"29","169401","20221104125000","59","0","高雄市","桃源區","120.895","23.285","43"
"28","169404","20221104125000","55","0","高雄市","桃源區","120.910","23.285","34"
"17","169437","20221104125000","14","2","高雄市","桃源區","120.850","23.290","61"
"124","169490","20221104125000","116","1","臺南市","學甲區","120.195","23.275","131"
"354","169506","20221104125000","575","0","臺南市","學甲區","120.205","23.280","415"
"596","169527","20221104125000","652","0","臺南市","學甲區","120.160","23.245","622"
"43","169530","20221104125000","15","3","臺南市","學甲區","120.150","23.250","57"
"258","169555","20221104125000","366","0","臺南市","鹽水區","120.255","23.250","304"
"80","169556","20221104125000","116","0","臺南市","鹽水區","120.250","23.255","71"
"243","169567","20221104125000","296","0","臺南市","將軍區","120.135","23.225","259"
"23","169664","20221104125000","26","0","嘉義縣","大埔鄉","120.625","23.245","23"
"46","169729","20221104125000","45","1","嘉義縣","大埔鄉","120.590","23.270","39"
"26","169739","20221104125000","38","0","嘉義縣","大埔鄉","120.585","23.275","27"
"69","169788","20221104125000","46","3","嘉義縣","大埔鄉","120.545","23.230","35"
"95","169812","20221104125000","36","3","臺南市","東山區","120.520","23.240","41"
"31","169834","20221104125000","54","0","嘉義縣","大埔鄉","120.565","23.245","46"
"75","169837","20221104125000","21","3","嘉義縣","大埔鄉","120.580","23.245","29"
"220","169842","20221104125000","68","3","嘉義縣","大埔鄉","120.535","23.250","124"
"282","174966","20221104125000","502","0","澎湖縣","望安鄉","119.505","23.360","355"
"41","174989","20221104125000","85","0","臺南市","白河區","120.460","23.350","34"
"16","174993","20221104125000","45","0","臺南市","白河區","120.450","23.355","13"
"101","175007","20221104125000","209","0","臺南市","東山區","120.500","23.295","86"
"127","175048","20221104125000","73","3","臺南市","白河區","120.480","23.320","152"
"31","175054","20221104125000","89","0","臺南市","白河區","120.510","23.320","15"
"714","175059","20221104125000","382","3","臺南市","白河區","120.485","23.325","660"
"156","175081","20221104125000","84","3","臺南市","白河區","120.495","23.335","149"
"224","175083","20221104125000","269","0","臺南市","白河區","120.505","23.335","241"
"79","175092","20221104125000","99","0","臺南市","白河區","120.505","23.340","72"
"1767","175108","20221104125000","1385","2","臺南市","新營區","120.310","23.305","1733"
"151","175181","20221104125000","147","1","花蓮縣","玉里鎮","121.335","23.320","155"
"1430","175206","20221104125000","1328","1","花蓮縣","玉里鎮","121.310","23.335","1466"
"216","175209","20221104125000","207","1","花蓮縣","玉里鎮","121.310","23.340","213"
"78","175217","20221104125000","80","0","花蓮縣","玉里鎮","121.300","23.300","69"
"287","175262","20221104125000","287","1","花蓮縣","玉里鎮","121.300","23.320","308"
"166","175264","20221104125000","135","2","花蓮縣","玉里鎮","121.310","23.320","160"
"22","175284","20221104125000","17","2","花蓮縣","玉里鎮","121.275","23.290","24"
"35","175299","20221104125000","43","0","花蓮縣","玉里鎮","121.290","23.295","32"
"337","175318","20221104125000","672","0","臺南市","白河區","120.410","23.345","323"
"80","175319","20221104125000","381","0","臺南市","白河區","120.405","23.350","77"
"309","175320","20221104125000","729","0","臺南市","白河區","120.410","23.350","288"
"59","175328","20221104125000","34","3","臺南市","白河區","120.460","23.365","45"
"319","175348","20221104125000","374","0","臺南市","白河區","120.440","23.345","285"
"457","175355","20221104125000","101","3","臺南市","新營區","120.330","23.320","463"
"105","175356","20221104125000","868","0","臺南市","新營區","120.335","23.320","90"
"22","175359","20221104125000","18","2","臺南市","新營區","120.350","23.320","28"
"962","175362","20221104125000","832","1","臺南市","新營區","120.315","23.325","1035"
"186","175369","20221104125000","173","1","臺南市","新營區","120.325","23.310","157"
"108","175372","20221104125000","106","1","臺南市","新營區","120.325","23.305","77"
"86","175397","20221104125000","59","2","臺南市","後壁區","120.310","23.370","67"
"385","175398","20221104125000","431","0","臺南市","後壁區","120.315","23.370","441"
"148","175414","20221104125000","496","0","臺南市","後壁區","120.330","23.340","124"
"176","175425","20221104125000","353","0","臺南市","後壁區","120.375","23.330","264"
"17","175434","20221104125000","53","0","臺南市","後壁區","120.380","23.340","12"
"90","175446","20221104125000","249","0","臺南市","新營區","120.320","23.320","88"
"364","175467","20221104125000","539","0","臺南市","北門區","120.170","23.300","391"
"183","175484","20221104125000","300","0","臺南市","後壁區","120.330","23.355","191"
"530","175489","20221104125000","758","0","臺南市","新營區","120.270","23.295","577"
"147","175494","20221104125000","607","0","臺南市","新營區","120.280","23.300","139"
"55","175496","20221104125000","196","0","臺南市","新營區","120.280","23.290","35"
"587","175497","20221104125000","910","0","臺南市","後壁區","120.360","23.370","605"
"2392","175499","20221104125000","2327","1","臺南市","後壁區","120.370","23.370","2598"
"1423","175523","20221104125000","1249","1","臺南市","後壁區","120.395","23.370","1544"
"1156","175546","20221104125000","906","2","臺南市","新營區","120.310","23.300","1192"
"2860","175547","20221104125000","1899","3","臺南市","新營區","120.315","23.310","2776"
"1897","175548","20221104125000","2341","0","臺南市","新營區","120.315","23.315","1973"
"174","175564","20221104125000","349","0","臺南市","後壁區","120.355","23.365","181"
"480","175571","20221104125000","1786","0","臺南市","新營區","120.305","23.310","474"
"125","175572","20221104125000","74","3","臺南市","新營區","120.305","23.315","105"
"76","175573","20221104125000","48","3","臺南市","新營區","120.295","23.305","55"
"261","175574","20221104125000","556","0","臺南市","新營區","120.300","23.305","205"
"1068","175576","20221104125000","868","2","臺南市","新營區","120.300","23.310","1258"
"302","175585","20221104125000","145","3","臺南市","北門區","120.110","23.300","292"
"236","175647","20221104125000","149","3","臺南市","新營區","120.295","23.295","200"
"22","175648","20221104125000","32","0","臺南市","新營區","120.290","23.300","21"
"43","175651","20221104125000","26","3","臺南市","柳營區","120.300","23.295","32"
"174","175653","20221104125000","45","3","臺南市","柳營區","120.310","23.295","160"
"205","175658","20221104125000","137","2","臺南市","新營區","120.285","23.310","179"
"55","175712","20221104125000","192","0","臺南市","白河區","120.430","23.330","76"
"51","175737","20221104125000","353","0","臺南市","白河區","120.430","23.355","59"
"59","175874","20221104125000","96","0","花蓮縣","卓溪鄉","121.270","23.305","86"
"59","176357","20221104125000","189","0","花蓮縣","玉里鎮","121.300","23.345","64"
"490","176756","20221104125000","323","3","臺南市","新營區","120.325","23.315","449"
"322","176757","20221104125000","296","1","臺南市","新營區","120.330","23.315","316"
"165","176758","20221104125000","133","2","臺南市","新營區","120.325","23.320","147"
"46","176764","20221104125000","50","0","花蓮縣","玉里鎮","121.330","23.300","67"
"31","176769","20221104125000","23","2","臺南市","後壁區","120.340","23.325","27"
"17","176776","20221104125000","27","0","臺南市","後壁區","120.350","23.330","19"
"41","176782","20221104125000","52","0","臺南市","後壁區","120.310","23.335","34"
"13","176785","20221104125000","13","1","臺南市","後壁區","120.310","23.340","17"
"278","176798","20221104125000","289","0","臺南市","後壁區","120.350","23.335","297"
"852","176811","20221104125000","994","0","臺南市","新營區","120.305","23.300","971"
"1539","176812","20221104125000","1302","1","臺南市","新營區","120.315","23.305","1507"
"13","176814","20221104125000","17","0","臺南市","東山區","120.385","23.310","12"
"71","176830","20221104125000","152","0","臺南市","東山區","120.390","23.330","61"
"773","176863","20221104125000","752","1","臺南市","東山區","120.405","23.320","927"
"193","176885","20221104125000","218","0","臺南市","東山區","120.405","23.325","234"
"250","176921","20221104125000","321","0","臺南市","東山區","120.390","23.295","274"
"430","176933","20221104125000","439","0","臺南市","東山區","120.415","23.300","488"
"27","176942","20221104125000","178","0","臺南市","東山區","120.345","23.300","24"
"58","176986","20221104125000","557","0","臺南市","白河區","120.395","23.340","39"
"916","177006","20221104125000","675","2","臺南市","鹽水區","120.270","23.325","790"
"560","177007","20221104125000","610","0","嘉義縣","義竹鄉","120.255","23.330","613"
"757","177010","20221104125000","410","3","臺南市","鹽水區","120.270","23.330","746"
"32","177169","20221104125000","55","0","花蓮縣","玉里鎮","121.370","23.350","29"
"1730","177425","20221104125000","980","3","臺南市","新營區","120.315","23.300","1841"
"283","177432","20221104125000","423","0","臺南市","鹽水區","120.280","23.330","310"
"717","177436","20221104125000","335","3","臺南市","鹽水區","120.290","23.335","704"
"868","177466","20221104125000","848","1","臺南市","鹽水區","120.270","23.310","1013"
"525","177467","20221104125000","665","0","臺南市","新營區","120.275","23.310","637"
"845","177475","20221104125000","526","3","臺南市","鹽水區","120.265","23.325","792"
"294","177480","20221104125000","133","3","臺南市","白河區","120.480","23.325","161"
"27","177500","20221104125000","147","0","臺南市","白河區","120.495","23.340","18"
"17","177550","20221104125000","16","1","臺南市","白河區","120.455","23.310","22"
"550","177580","20221104125000","1387","0","臺南市","白河區","120.415","23.350","572"
"306","177585","20221104125000","300","1","臺南市","柳營區","120.340","23.290","316"
"604","177586","20221104125000","213","3","臺南市","柳營區","120.325","23.295","504"
"411","177599","20221104125000","721","0","臺南市","柳營區","120.365","23.295","366"
"116","177602","20221104125000","45","3","臺南市","鹽水區","120.270","23.320","102"
"303","177603","20221104125000","253","1","花蓮縣","玉里鎮","121.320","23.320","309"
"531","177605","20221104125000","317","3","花蓮縣","玉里鎮","121.310","23.325","529"
"257","177606","20221104125000","144","3","花蓮縣","玉里鎮","121.315","23.325","262"
"312","177609","20221104125000","310","1","花蓮縣","玉里鎮","121.310","23.330","284"
"2266","177610","20221104125000","2009","1","花蓮縣","玉里鎮","121.315","23.330","2224"
"1002","177613","20221104125000","1100","0","花蓮縣","玉里鎮","121.315","23.340","951"
"240","177617","20221104125000","134","3","花蓮縣","玉里鎮","121.320","23.345","210"
"349","177619","20221104125000","340","1","花蓮縣","玉里鎮","121.320","23.330","337"
"299","177624","20221104125000","231","2","花蓮縣","玉里鎮","121.320","23.350","355"
"259","177632","20221104125000","225","1","花蓮縣","卓溪鄉","121.320","23.355","234"
"13","177682","20221104125000","26","0","臺東縣","長濱鄉","121.440","23.325","19"
"155","177742","20221104125000","49","3","臺東縣","長濱鄉","121.425","23.290","167"
"24","177750","20221104125000","28","0","臺東縣","長濱鄉","121.420","23.295","23"
"467","177808","20221104125000","610","0","臺東縣","長濱鄉","121.455","23.315","444"
"260","177813","20221104125000","180","2","臺東縣","長濱鄉","121.460","23.320","254"
"152","177815","20221104125000","82","3","臺東縣","長濱鄉","121.445","23.325","168"
"202","177826","20221104125000","128","3","臺東縣","長濱鄉","121.465","23.335","208"
"990","178630","20221104125000","704","2","臺南市","鹽水區","120.265","23.320","1127"
"112","178643","20221104125000","191","0","臺南市","新營區","120.305","23.320","143"
"207","178644","20221104125000","110","3","臺南市","新營區","120.310","23.320","187"
"75","178697","20221104125000","66","1","嘉義縣","中埔鄉","120.510","23.345","65"
"26","178710","20221104125000","21","2","嘉義縣","中埔鄉","120.520","23.350","20"
"15","178712","20221104125000","37","0","嘉義縣","中埔鄉","120.530","23.350","15"
"659","178722","20221104125000","125","3","嘉義縣","中埔鄉","120.540","23.355","626"
"48","178756","20221104125000","61","0","嘉義縣","中埔鄉","120.495","23.370","79"
"11","178763","20221104125000","19","0","臺南市","鹽水區","120.245","23.295","11"
"206","178768","20221104125000","236","0","臺南市","鹽水區","120.260","23.295","237"
"69","178877","20221104125000","49","2","嘉義縣","布袋鎮","120.195","23.370","28"
"212","178886","20221104125000","165","2","嘉義縣","布袋鎮","120.140","23.335","212"
"10","178888","20221104125000","10","1","嘉義縣","布袋鎮","120.125","23.340","19"
"1155","178930","20221104125000","234","3","嘉義縣","布袋鎮","120.160","23.320","1078"
"676","178938","20221104125000","1109","0","嘉義縣","布袋鎮","120.165","23.325","760"
"70","178970","20221104125000","59","1","嘉義縣","大埔鄉","120.625","23.300","77"
"34","178978","20221104125000","27","2","嘉義縣","大埔鄉","120.605","23.305","29"
"43","179106","20221104125000","56","0","嘉義縣","大埔鄉","120.590","23.295","57"
"401","179113","20221104125000","556","0","嘉義縣","大埔鄉","120.595","23.295","443"
"180","179189","20221104125000","139","2","嘉義縣","大埔鄉","120.570","23.330","239"
"39","179210","20221104125000","29","2","嘉義縣","大埔鄉","120.555","23.340","42"
"68","179249","20221104125000","28","3","嘉義縣","大埔鄉","120.585","23.360","66"
"17","179289","20221104125000","16","1","嘉義縣","番路鄉","120.620","23.345","10"
"63","179312","20221104125000","50","2","嘉義縣","番路鄉","120.605","23.355","59"
"367","179320","20221104125000","115","3","嘉義縣","番路鄉","120.590","23.360","330"
"1124","179352","20221104125000","1285","0","嘉義縣","義竹鄉","120.250","23.340","1316"
"566","179448","20221104125000","723","0","嘉義縣","義竹鄉","120.240","23.335","626"
"159","179461","20221104125000","84","3","嘉義縣","義竹鄉","120.245","23.335","155"
"620","179521","20221104125000","448","2","嘉義縣","義竹鄉","120.195","23.305","723"
"37","179523","20221104125000","18","3","嘉義縣","義竹鄉","120.205","23.305","30"
"49","179646","20221104125000","33","2","嘉義縣","阿里山鄉","120.680","23.335","66"
"46","179666","20221104125000","45","1","嘉義縣","阿里山鄉","120.680","23.340","70"
"51","179747","20221104125000","96","0","嘉義縣","阿里山鄉","120.665","23.300","89"
"93","179773","20221104125000","75","2","嘉義縣","阿里山鄉","120.695","23.305","87"
"31","179780","20221104125000","28","1","嘉義縣","阿里山鄉","120.665","23.310","41"
"852","179845","20221104125000","687","2","嘉義縣","義竹鄉","120.225","23.320","855"
"929","179874","20221104125000","674","2","嘉義縣","義竹鄉","120.190","23.335","1044"
"540","179880","20221104125000","597","0","嘉義縣","義竹鄉","120.230","23.360","604"
"215","179883","20221104125000","88","3","嘉義縣","義竹鄉","120.245","23.360","198"
"796","179922","20221104125000","799","0","嘉義縣","義竹鄉","120.220","23.360","856"
"121","179933","20221104125000","120","1","嘉義縣","義竹鄉","120.210","23.300","162"
"623","179945","20221104125000","601","1","嘉義縣","義竹鄉","120.270","23.360","658"
"148","180132","20221104125000","233","0","澎湖縣","望安鄉","119.520","23.365","169"
"164","180802","20221104125000","270","0","嘉義縣","布袋鎮","120.140","23.375","150"
"98","180804","20221104125000","63","3","臺東縣","長濱鄉","121.475","23.380","107"
"133","181221","20221104125000","354","0","澎湖縣","望安鄉","119.495","23.380","124"
"291","185223","20221104125000","462","0","嘉義縣","東石鄉","120.135","23.450","327"
"538","185452","20221104125000","807","0","嘉義市","東區","120.455","23.450","607"
"1364","185456","20221104125000","970","2","嘉義縣","水上鄉","120.430","23.450","1333"
"67","185475","20221104125000","111","0","澎湖縣","望安鄉","119.320","23.395","43"
"28","185483","20221104125000","19","2","花蓮縣","玉里鎮","121.350","23.440","25"
"92","185491","20221104125000","102","0","花蓮縣","瑞穗鄉","121.350","23.450","103"
"211","185499","20221104125000","685","0","臺南市","白河區","120.405","23.395","181"
"13","185543","20221104125000","19","0","花蓮縣","玉里鎮","121.390","23.380","13"
"290","185546","20221104125000","226","2","花蓮縣","玉里鎮","121.355","23.385","292"
"10","185565","20221104125000","15","0","花蓮縣","玉里鎮","121.395","23.390","12"
"74","185576","20221104125000","33","3","花蓮縣","玉里鎮","121.355","23.395","61"
"64","185590","20221104125000","51","2","花蓮縣","玉里鎮","121.365","23.405","58"
"184","185598","20221104125000","306","0","臺南市","白河區","120.415","23.380","174"
"245","185635","20221104125000","385","0","臺南市","後壁區","120.380","23.390","277"
"720","185683","20221104125000","908","0","臺南市","後壁區","120.340","23.380","796"
"229","185698","20221104125000","113","3","臺南市","白河區","120.480","23.385","236"
"111","186808","20221104125000","97","1","花蓮縣","卓溪鄉","121.315","23.435","101"
"245","186812","20221104125000","223","1","花蓮縣","卓溪鄉","121.335","23.435","247"
"68","186826","20221104125000","44","3","花蓮縣","卓溪鄉","121.340","23.440","75"
"46","186875","20221104125000","39","1","臺南市","後壁區","120.335","23.380","93"
"46","186914","20221104125000","36","2","臺南市","白河區","120.445","23.380","68"
"99","186915","20221104125000","409","0","臺南市","白河區","120.450","23.380","73"
"140","186921","20221104125000","213","0","臺南市","白河區","120.435","23.390","152"
"68","187008","20221104125000","94","0","臺東縣","長濱鄉","121.480","23.395","119"
"180","187061","20221104125000","144","2","花蓮縣","玉里鎮","121.320","23.395","160"
"157","187086","20221104125000","130","2","花蓮縣","玉里鎮","121.340","23.415","152"
"155","187099","20221104125000","89","3","花蓮縣","玉里鎮","121.345","23.425","160"
"135","187105","20221104125000","128","1","花蓮縣","玉里鎮","121.345","23.430","146"
"130","187173","20221104125000","104","2","花蓮縣","玉里鎮","121.395","23.450","132"
"291","187253","20221104125000","295","0","花蓮縣","玉里鎮","121.375","23.425","289"
"215","187296","20221104125000","431","0","臺南市","白河區","120.440","23.400","186"
"163","187322","20221104125000","137","1","花蓮縣","玉里鎮","121.330","23.375","169"
"252","187339","20221104125000","158","3","花蓮縣","玉里鎮","121.325","23.390","243"
"16","187385","20221104125000","25","0","臺東縣","長濱鄉","121.465","23.405","13"
"42","187398","20221104125000","49","0","臺東縣","長濱鄉","121.470","23.410","55"
"38","187401","20221104125000","122","0","臺東縣","長濱鄉","121.485","23.410","36"
"74","188051","20221104125000","483","0","嘉義縣","中埔鄉","120.520","23.430","67"
"241","188063","20221104125000","259","0","嘉義縣","中埔鄉","120.560","23.435","295"
"512","188064","20221104125000","939","0","嘉義縣","中埔鄉","120.520","23.420","631"
"386","188069","20221104125000","335","1","嘉義縣","中埔鄉","120.520","23.425","402"
"140","188090","20221104125000","81","3","嘉義縣","中埔鄉","120.510","23.400","152"
"56","188129","20221104125000","267","0","嘉義縣","中埔鄉","120.460","23.445","50"
"389","188131","20221104125000","224","3","嘉義縣","中埔鄉","120.460","23.450","344"
"532","188132","20221104125000","336","3","嘉義縣","中埔鄉","120.470","23.450","501"
"423","188133","20221104125000","698","0","嘉義縣","中埔鄉","120.475","23.450","455"
"914","188134","20221104125000","1326","0","嘉義縣","中埔鄉","120.465","23.450","1036"
"1042","188136","20221104125000","306","3","嘉義縣","中埔鄉","120.485","23.450","959"
"789","188141","20221104125000","1044","0","嘉義縣","中埔鄉","120.450","23.435","974"
"494","188144","20221104125000","378","2","嘉義縣","中埔鄉","120.455","23.445","492"
"382","188147","20221104125000","466","0","嘉義縣","中埔鄉","120.480","23.440","419"
"31","188154","20221104125000","140","0","嘉義縣","中埔鄉","120.490","23.445","28"
"432","188193","20221104125000","467","0","嘉義縣","中埔鄉","120.520","23.385","513"
"165","188241","20221104125000","113","2","嘉義縣","中埔鄉","120.580","23.425","142"
"139","188261","20221104125000","122","1","嘉義縣","中埔鄉","120.540","23.390","157"
"45","188280","20221104125000","96","0","嘉義縣","中埔鄉","120.575","23.380","33"
"79","188314","20221104125000","42","3","嘉義縣","中埔鄉","120.590","23.395","87"
"375","188331","20221104125000","472","0","嘉義縣","中埔鄉","120.555","23.405","433"
"66","188335","20221104125000","14","3","嘉義縣","中埔鄉","120.575","23.405","66"
"155","188368","20221104125000","800","0","嘉義縣","中埔鄉","120.540","23.440","163"
"422","188369","20221104125000","250","3","嘉義縣","中埔鄉","120.545","23.440","392"
"299","188382","20221104125000","225","2","嘉義縣","中埔鄉","120.565","23.445","312"
"756","188390","20221104125000","393","3","嘉義縣","中埔鄉","120.530","23.440","736"
"213","188417","20221104125000","313","0","嘉義縣","中埔鄉","120.510","23.435","219"
"884","188421","20221104125000","513","3","嘉義縣","中埔鄉","120.510","23.440","818"
"562","188422","20221104125000","813","0","嘉義縣","中埔鄉","120.495","23.445","666"
"268","188442","20221104125000","367","0","嘉義縣","中埔鄉","120.515","23.410","297"
"167","188445","20221104125000","212","0","嘉義縣","中埔鄉","120.530","23.410","205"
"219","188457","20221104125000","370","0","嘉義縣","中埔鄉","120.505","23.425","256"
"29","188462","20221104125000","22","2","嘉義縣","中埔鄉","120.505","23.375","20"
"183","188463","20221104125000","109","3","嘉義縣","中埔鄉","120.510","23.375","182"
"253","188469","20221104125000","330","0","嘉義縣","鹿草鄉","120.315","23.390","335"
"13","188471","20221104125000","21","0","嘉義縣","鹿草鄉","120.315","23.395","13"
"308","188493","20221104125000","378","0","嘉義縣","鹿草鄉","120.320","23.420","358"
"338","188498","20221104125000","139","3","嘉義縣","鹿草鄉","120.320","23.425","306"
"939","188503","20221104125000","1099","0","嘉義縣","鹿草鄉","120.315","23.410","1135"
"39","188507","20221104125000","126","0","嘉義縣","太保市","120.335","23.430","42"
"86","188516","20221104125000","215","0","嘉義縣","太保市","120.340","23.440","65"
"111","188554","20221104125000","402","0","嘉義縣","鹿草鄉","120.340","23.400","91"
"274","188555","20221104125000","209","2","嘉義縣","鹿草鄉","120.290","23.375","271"
"134","188574","20221104125000","388","0","嘉義縣","朴子市","120.245","23.415","123"
"160","188579","20221104125000","405","0","嘉義縣","水上鄉","120.355","23.410","162"
"189","188626","20221104125000","118","3","嘉義縣","鹿草鄉","120.345","23.405","212"
"433","188631","20221104125000","223","3","嘉義縣","鹿草鄉","120.330","23.410","382"
"35","188646","20221104125000","170","0","嘉義縣","朴子市","120.290","23.445","37"
"327","188650","20221104125000","123","3","嘉義縣","朴子市","120.280","23.450","276"
"744","188654","20221104125000","810","0","嘉義縣","布袋鎮","120.170","23.375","824"
"128","188666","20221104125000","175","0","嘉義縣","布袋鎮","120.220","23.390","167"
"209","188716","20221104125000","166","2","嘉義縣","阿里山鄉","120.715","23.390","210"
"241","188874","20221104125000","742","0","嘉義縣","太保市","120.345","23.450","218"
"56","188883","20221104125000","42","2","嘉義縣","太保市","120.335","23.440","57"
"82","188885","20221104125000","286","0","嘉義縣","太保市","120.320","23.445","90"
"133","188892","20221104125000","398","0","嘉義縣","太保市","120.340","23.450","140"
"65","188897","20221104125000","107","0","嘉義縣","朴子市","120.235","23.440","70"
"18","188921","20221104125000","13","2","嘉義縣","朴子市","120.240","23.450","25"
"176","188949","20221104125000","101","3","嘉義縣","朴子市","120.255","23.410","174"
"432","188956","20221104125000","377","1","嘉義縣","朴子市","120.260","23.420","472"
"65","188966","20221104125000","102","0","嘉義縣","東石鄉","120.145","23.455","73"
"828","188983","20221104125000","282","3","嘉義縣","布袋鎮","120.190","23.375","772"
"74","189028","20221104125000","199","0","嘉義縣","太保市","120.295","23.440","67"
"425","189044","20221104125000","175","3","嘉義縣","東石鄉","120.170","23.430","415"
"138","189051","20221104125000","146","0","嘉義縣","東石鄉","120.180","23.440","136"
"100","189105","20221104125000","138","0","嘉義縣","東石鄉","120.185","23.450","67"
"72","189112","20221104125000","268","0","嘉義縣","東石鄉","120.200","23.455","77"
"911","189144","20221104125000","495","3","嘉義縣","布袋鎮","120.165","23.375","871"
"101","189152","20221104125000","365","0","嘉義縣","東石鄉","120.205","23.425","104"
"44","189184","20221104125000","135","0","嘉義縣","水上鄉","120.410","23.430","20"
"29","189187","20221104125000","221","0","嘉義縣","水上鄉","120.415","23.430","33"
"386","189189","20221104125000","459","0","嘉義縣","水上鄉","120.415","23.435","463"
"426","189192","20221104125000","258","3","嘉義縣","水上鄉","120.420","23.440","381"
"486","189195","20221104125000","623","0","嘉義縣","布袋鎮","120.180","23.375","564"
"101","189210","20221104125000","160","0","嘉義縣","布袋鎮","120.200","23.400","133"
"26","189224","20221104125000","110","0","嘉義縣","水上鄉","120.435","23.430","35"
"88","189225","20221104125000","104","0","嘉義縣","水上鄉","120.420","23.430","90"
"546","189233","20221104125000","451","2","嘉義縣","水上鄉","120.425","23.440","613"
"73","189242","20221104125000","153","0","嘉義縣","水上鄉","120.370","23.415","64"
"144","189246","20221104125000","223","0","嘉義縣","水上鄉","120.370","23.420","181"
"126","189248","20221104125000","220","0","嘉義縣","水上鄉","120.360","23.425","120"
"249","189268","20221104125000","283","0","嘉義縣","水上鄉","120.495","23.400","297"
"84","189286","20221104125000","144","0","嘉義縣","水上鄉","120.450","23.415","60"
"83","189288","20221104125000","267","0","嘉義縣","水上鄉","120.460","23.415","78"
"536","189292","20221104125000","90","3","嘉義縣","水上鄉","120.450","23.420","345"
"74","189296","20221104125000","67","1","嘉義縣","水上鄉","120.410","23.445","61"
"414","189322","20221104125000","547","0","嘉義縣","水上鄉","120.370","23.440","465"
"176","189337","20221104125000","536","0","嘉義縣","水上鄉","120.360","23.445","167"
"212","189343","20221104125000","176","2","嘉義縣","水上鄉","120.425","23.445","194"
"680","189344","20221104125000","545","2","嘉義縣","水上鄉","120.430","23.445","754"
"460","189349","20221104125000","81","3","嘉義縣","水上鄉","120.435","23.415","462"
"386","189350","20221104125000","329","1","嘉義縣","水上鄉","120.430","23.420","396"
"482","189351","20221104125000","632","0","嘉義縣","水上鄉","120.435","23.420","635"
"21","189364","20221104125000","86","0","嘉義縣","布袋鎮","120.150","23.375","220"
"406","189365","20221104125000","499","0","嘉義縣","布袋鎮","120.155","23.375","417"
"728","189370","20221104125000","314","3","嘉義縣","布袋鎮","120.155","23.380","634"
"130","189382","20221104125000","837","0","嘉義縣","水上鄉","120.470","23.435","142"
"228","189385","20221104125000","225","1","嘉義縣","水上鄉","120.385","23.405","226"
"56","189387","20221104125000","75","0","嘉義縣","水上鄉","120.390","23.410","57"
"674","189388","20221104125000","224","3","嘉義縣","水上鄉","120.385","23.415","581"
"211","189389","20221104125000","429","0","嘉義縣","水上鄉","120.385","23.420","254"
"483","189393","20221104125000","385","2","嘉義縣","水上鄉","120.435","23.445","394"
"185","189396","20221104125000","314","0","嘉義縣","水上鄉","120.400","23.425","188"
"153","189397","20221104125000","435","0","嘉義縣","水上鄉","120.395","23.430","144"
"1079","189399","20221104125000","1107","0","嘉義縣","水上鄉","120.400","23.430","1156"
"181","189411","20221104125000","233","0","嘉義縣","水上鄉","120.390","23.425","173"
"117","189413","20221104125000","772","0","嘉義縣","水上鄉","120.395","23.435","118"
"485","189416","20221104125000","559","0","嘉義縣","水上鄉","120.400","23.435","513"
"292","189439","20221104125000","348","0","嘉義縣","水上鄉","120.420","23.420","329"
"24","189459","20221104125000","62","0","嘉義縣","水上鄉","120.385","23.425","39"
"235","189461","20221104125000","334","0","嘉義縣","水上鄉","120.380","23.430","262"
"196","189463","20221104125000","333","0","嘉義縣","水上鄉","120.390","23.430","224"
"653","189474","20221104125000","682","0","嘉義縣","鹿草鄉","120.295","23.380","727"
"116","189491","20221104125000","137","0","嘉義縣","鹿草鄉","120.270","23.395","170"
"456","189518","20221104125000","224","3","嘉義縣","鹿草鄉","120.305","23.415","448"
"111","189555","20221104125000","355","0","嘉義縣","鹿草鄉","120.285","23.435","98"
"132","189575","20221104125000","342","0","嘉義縣","朴子市","120.245","23.430","103"
"575","189579","20221104125000","551","1","嘉義縣","朴子市","120.245","23.435","658"
"114","189583","20221104125000","333","0","嘉義縣","朴子市","120.250","23.440","92"
"1050","189591","20221104125000","1457","0","嘉義縣","東石鄉","120.180","23.420","1100"
"326","189607","20221104125000","382","0","嘉義縣","番路鄉","120.660","23.420","296"
"172","189608","20221104125000","153","1","嘉義縣","番路鄉","120.650","23.425","191"
"12","189629","20221104125000","23","0","嘉義縣","番路鄉","120.635","23.440","12"
"52","189630","20221104125000","60","0","嘉義縣","番路鄉","120.640","23.440","48"
"101","189633","20221104125000","161","0","嘉義縣","番路鄉","120.655","23.440","113"
"30","189645","20221104125000","47","0","嘉義縣","番路鄉","120.645","23.440","40"
"401","189663","20221104125000","264","3","嘉義縣","番路鄉","120.670","23.445","384"
"260","189673","20221104125000","148","3","嘉義縣","番路鄉","120.645","23.400","318"
"120","189685","20221104125000","43","3","嘉義縣","番路鄉","120.650","23.405","98"
"75","189703","20221104125000","44","3","嘉義縣","番路鄉","120.640","23.415","65"
"121","189705","20221104125000","67","3","嘉義縣","番路鄉","120.605","23.420","145"
"78","189724","20221104125000","57","2","嘉義縣","番路鄉","120.610","23.430","93"
"73","189740","20221104125000","40","3","嘉義縣","番路鄉","120.610","23.445","59"
"72","189756","20221104125000","87","0","嘉義縣","番路鄉","120.620","23.375","82"
"136","189823","20221104125000","214","0","嘉義縣","番路鄉","120.600","23.435","187"
"20","189824","20221104125000","14","2","嘉義縣","番路鄉","120.605","23.435","20"
"33","189827","20221104125000","25","2","嘉義縣","番路鄉","120.590","23.440","52"
"150","189837","20221104125000","195","0","嘉義縣","番路鄉","120.580","23.450","205"
"196","189852","20221104125000","222","0","嘉義縣","布袋鎮","120.170","23.385","240"
"74","189978","20221104125000","117","0","嘉義縣","阿里山鄉","120.665","23.380","114"
"69","189981","20221104125000","82","0","嘉義縣","阿里山鄉","120.680","23.380","227"
"303","190321","20221104125000","175","3","嘉義縣","阿里山鄉","120.750","23.440","219"
"57","190374","20221104125000","67","0","嘉義縣","阿里山鄉","120.755","23.450","94"
"145","190402","20221104125000","159","0","嘉義縣","義竹鄉","120.245","23.385","156"
"283","190407","20221104125000","289","0","嘉義縣","義竹鄉","120.240","23.375","342"
"95","192504","20221104125000","123","0","澎湖縣","馬公市","119.515","23.485","98"
"197","192620","20221104125000","280","0","嘉義縣","東石鄉","120.165","23.490","247"
"242","192621","20221104125000","196","2","花蓮縣","豐濱鄉","121.510","23.490","252"
"66","194053","20221104125000","90","0","澎湖縣","馬公市","119.515","23.510","38"
"230","194584","20221104125000","294","0","澎湖縣","馬公市","119.595","23.520","262"
"314","194849","20221104125000","284","1","澎湖縣","馬公市","119.580","23.525","277"
"121","194852","20221104125000","85","2","澎湖縣","馬公市","119.595","23.525","144"
"1208","194945","20221104125000","754","3","嘉義市","東區","120.455","23.495","1154"
"292","194952","20221104125000","148","3","嘉義市","東區","120.485","23.460","316"
"135","194954","20221104125000","67","3","嘉義市","東區","120.495","23.460","176"
"904","194959","20221104125000","798","1","嘉義市","東區","120.485","23.470","808"
"38","194963","20221104125000","395","0","嘉義市","東區","120.490","23.475","35"
"553","194965","20221104125000","1057","0","嘉義市","西區","120.435","23.460","586"
"1001","194966","20221104125000","1213","0","嘉義市","西區","120.440","23.460","860"
"409","194967","20221104125000","315","2","嘉義市","西區","120.445","23.460","430"
"252","194968","20221104125000","244","1","嘉義市","西區","120.440","23.475","184"
"817","194969","20221104125000","497","3","嘉義市","西區","120.440","23.490","825"
"1210","194970","20221104125000","1772","0","嘉義市","東區","120.460","23.480","1243"
"1372","194971","20221104125000","1379","0","嘉義市","東區","120.450","23.480","1420"
"1174","194972","20221104125000","698","3","嘉義市","東區","120.450","23.490","1167"
"1106","194973","20221104125000","2841","0","嘉義市","東區","120.450","23.495","1112"
"1118","194974","20221104125000","1254","0","嘉義市","西區","120.415","23.485","1255"
"586","194975","20221104125000","923","0","嘉義市","西區","120.405","23.490","603"
"1011","194980","20221104125000","1830","0","嘉義市","西區","120.425","23.475","1001"
"554","194981","20221104125000","774","0","嘉義市","西區","120.430","23.470","610"
"109","194985","20221104125000","1218","0","嘉義市","東區","120.470","23.490","103"
"296","194986","20221104125000","287","1","嘉義市","東區","120.470","23.495","316"
"522","194988","20221104125000","293","3","嘉義市","東區","120.480","23.495","479"
"14","194991","20221104125000","14","1","嘉義市","東區","120.480","23.500","14"
"947","194993","20221104125000","1580","0","嘉義市","東區","120.450","23.500","1061"
"104","194994","20221104125000","720","0","嘉義市","東區","120.450","23.505","102"
"582","194995","20221104125000","528","1","嘉義市","東區","120.455","23.505","590"
"395","194996","20221104125000","346","1","嘉義市","東區","120.445","23.510","411"
"621","195001","20221104125000","1074","0","嘉義市","東區","120.485","23.485","575"
"289","195002","20221104125000","271","1","嘉義市","東區","120.490","23.480","308"
"873","195003","20221104125000","1376","0","嘉義市","東區","120.455","23.490","772"
"4429","195004","20221104125000","4413","1","嘉義市","東區","120.455","23.480","4322"
"679","195006","20221104125000","405","3","嘉義市","西區","120.420","23.480","682"
"694","195007","20221104125000","791","0","嘉義市","西區","120.430","23.480","730"
"496","195008","20221104125000","341","2","嘉義市","西區","120.420","23.490","479"
"196","195009","20221104125000","1912","0","嘉義市","西區","120.430","23.465","158"
"1599","195011","20221104125000","1160","2","嘉義市","西區","120.425","23.485","1588"
"864","195012","20221104125000","1861","0","嘉義市","西區","120.435","23.480","843"
"1574","195013","20221104125000","1813","0","嘉義市","西區","120.430","23.485","1561"
"86","195015","20221104125000","48","3","嘉義市","西區","120.395","23.490","61"
"195","195016","20221104125000","189","1","嘉義市","西區","120.400","23.490","204"
"51","195017","20221104125000","52","0","嘉義市","西區","120.390","23.495","54"
"2171","195022","20221104125000","1642","2","嘉義市","西區","120.440","23.480","2101"
"336","195024","20221104125000","227","2","嘉義市","西區","120.430","23.495","391"
"134","195025","20221104125000","1278","0","嘉義市","西區","120.425","23.490","127"
"2507","195033","20221104125000","1680","2","嘉義市","東區","120.450","23.475","2543"
"1254","195036","20221104125000","743","3","嘉義市","東區","120.450","23.460","1275"
"1887","195037","20221104125000","1322","2","嘉義市","東區","120.455","23.455","1878"
"191","195038","20221104125000","1686","0","嘉義市","西區","120.435","23.470","153"
"280","195039","20221104125000","248","1","嘉義市","西區","120.430","23.455","248"
"49","195040","20221104125000","379","0","嘉義市","西區","120.430","23.460","45"
"136","195041","20221104125000","1090","0","嘉義市","西區","120.440","23.485","142"
"189","195042","20221104125000","161","1","嘉義市","西區","120.395","23.465","194"
"322","195047","20221104125000","197","3","嘉義市","西區","120.405","23.470","316"
"530","195049","20221104125000","327","3","嘉義市","西區","120.405","23.475","423"
"127","195053","20221104125000","1196","0","嘉義市","西區","120.445","23.500","119"
"1304","195054","20221104125000","1201","1","嘉義市","東區","120.465","23.490","1243"
"34","195055","20221104125000","11","3","嘉義市","東區","120.465","23.495","29"
"1155","195056","20221104125000","725","3","嘉義市","東區","120.460","23.470","1126"
"2377","195057","20221104125000","1465","3","嘉義市","東區","120.470","23.480","2437"
"446","195058","20221104125000","1864","0","嘉義市","東區","120.465","23.475","405"
"2054","195060","20221104125000","1827","1","嘉義市","西區","120.435","23.475","2080"
"1991","195061","20221104125000","1260","3","嘉義市","西區","120.440","23.465","1971"
"54","195062","20221104125000","519","0","嘉義市","西區","120.450","23.465","44"
"1206","195064","20221104125000","1997","0","嘉義市","西區","120.440","23.470","1294"
"259","195065","20221104125000","233","1","嘉義市","東區","120.455","23.485","293"
"151","195066","20221104125000","1270","0","嘉義市","東區","120.450","23.485","112"
"856","195069","20221104125000","472","3","嘉義市","西區","120.415","23.475","775"
"1172","195073","20221104125000","2414","0","嘉義市","西區","120.440","23.455","1146"
"3233","195075","20221104125000","2951","1","嘉義市","西區","120.445","23.475","3128"
"1767","195076","20221104125000","1563","1","嘉義市","東區","120.465","23.465","1712"
"1168","195083","20221104125000","469","3","嘉義市","東區","120.445","23.515","1050"
"751","195084","20221104125000","1588","0","嘉義市","東區","120.465","23.480","833"
"536","195086","20221104125000","676","0","嘉義市","東區","120.480","23.465","548"
"1621","195090","20221104125000","1075","3","嘉義市","東區","120.475","23.475","1683"
"84","195093","20221104125000","808","0","嘉義市","東區","120.470","23.485","80"
"712","195094","20221104125000","356","3","嘉義市","東區","120.475","23.485","629"
"33","195098","20221104125000","56","0","嘉義市","東區","120.500","23.475","34"
"42","195100","20221104125000","435","0","嘉義市","東區","120.485","23.480","43"
"403","195103","20221104125000","333","2","嘉義市","東區","120.500","23.480","435"
"308","195108","20221104125000","242","2","嘉義市","東區","120.490","23.485","304"
"23","195109","20221104125000","31","0","嘉義市","東區","120.495","23.485","22"
"246","195113","20221104125000","1206","0","嘉義市","東區","120.470","23.475","206"
"754","195114","20221104125000","390","3","嘉義市","東區","120.455","23.500","658"
"70","195115","20221104125000","61","1","嘉義市","東區","120.475","23.490","73"
"481","195118","20221104125000","427","1","嘉義市","東區","120.480","23.490","557"
"3026","195120","20221104125000","3156","0","嘉義市","東區","120.455","23.475","2497"
"758","195121","20221104125000","1187","0","嘉義市","西區","120.430","23.490","886"
"136","195122","20221104125000","740","0","嘉義市","西區","120.435","23.485","107"
"165","195123","20221104125000","684","0","嘉義市","西區","120.435","23.490","160"
"851","195124","20221104125000","852","0","嘉義市","西區","120.450","23.470","903"
"623","195127","20221104125000","504","2","嘉義市","東區","120.470","23.470","633"
"55","195128","20221104125000","716","0","嘉義市","東區","120.475","23.480","49"
"786","195129","20221104125000","568","2","嘉義市","東區","120.465","23.485","762"
"43","195131","20221104125000","41","1","嘉義市","東區","120.480","23.480","33"
"1032","195133","20221104125000","629","3","嘉義市","東區","120.460","23.490","913"
"63","195139","20221104125000","348","0","嘉義市","西區","120.405","23.480","58"
"243","195147","20221104125000","208","1","嘉義市","西區","120.415","23.465","261"
"112","195148","20221104125000","1314","0","嘉義市","西區","120.420","23.465","103"
"635","195150","20221104125000","527","2","嘉義市","西區","120.415","23.470","637"
"460","195151","20221104125000","383","2","嘉義市","西區","120.420","23.470","429"
"679","195154","20221104125000","405","3","嘉義市","西區","120.440","23.495","719"
"113","195158","20221104125000","76","2","嘉義市","東區","120.430","23.505","104"
"299","195159","20221104125000","208","2","嘉義市","西區","120.435","23.505","288"
"727","195160","20221104125000","1068","0","嘉義市","西區","120.445","23.485","750"
"1541","195161","20221104125000","1009","3","嘉義市","東區","120.460","23.465","1455"
"626","195162","20221104125000","1401","0","嘉義市","西區","120.445","23.470","577"
"298","195164","20221104125000","255","1","嘉義市","西區","120.425","23.465","260"
"117","195165","20221104125000","93","2","嘉義市","西區","120.425","23.480","66"
"1984","195166","20221104125000","1576","2","嘉義市","西區","120.445","23.480","1950"
"424","195167","20221104125000","577","0","嘉義市","東區","120.460","23.455","501"
"262","195169","20221104125000","193","2","嘉義市","東區","120.465","23.460","244"
"1015","195170","20221104125000","1343","0","嘉義市","東區","120.455","23.465","1024"
"630","195171","20221104125000","588","1","嘉義市","東區","120.455","23.470","636"
"240","195183","20221104125000","325","0","澎湖縣","馬公市","119.590","23.515","339"
"244","195202","20221104125000","183","2","澎湖縣","馬公市","119.605","23.525","267"
"179","195219","20221104125000","244","0","花蓮縣","瑞穗鄉","121.375","23.495","208"
"28","195220","20221104125000","92","0","花蓮縣","瑞穗鄉","121.375","23.500","27"
"461","195222","20221104125000","342","2","花蓮縣","瑞穗鄉","121.375","23.505","296"
"225","195231","20221104125000","234","0","花蓮縣","瑞穗鄉","121.390","23.490","283"
"1163","195232","20221104125000","1195","0","花蓮縣","瑞穗鄉","121.380","23.495","1220"
"59","195268","20221104125000","53","1","花蓮縣","瑞穗鄉","121.355","23.465","53"
"82","195289","20221104125000","98","0","花蓮縣","瑞穗鄉","121.360","23.475","98"
"317","195291","20221104125000","300","1","花蓮縣","瑞穗鄉","121.370","23.475","328"
"48","195336","20221104125000","26","3","花蓮縣","瑞穗鄉","121.390","23.520","51"
"71","195430","20221104125000","59","2","花蓮縣","瑞穗鄉","121.445","23.490","60"
"260","196332","20221104125000","170","3","花蓮縣","瑞穗鄉","121.375","23.515","236"
"56","196345","20221104125000","51","1","花蓮縣","瑞穗鄉","121.360","23.480","88"
"158","196360","20221104125000","199","0","花蓮縣","瑞穗鄉","121.355","23.490","188"
"302","196364","20221104125000","253","1","花蓮縣","瑞穗鄉","121.375","23.490","291"
"48","196368","20221104125000","45","1","花蓮縣","瑞穗鄉","121.360","23.495","67"
"116","196453","20221104125000","110","1","花蓮縣","卓溪鄉","121.325","23.490","85"
"322","196567","20221104125000","275","1","花蓮縣","豐濱鄉","121.505","23.470","335"
"75","196575","20221104125000","31","3","花蓮縣","豐濱鄉","121.505","23.475","73"
"66","196592","20221104125000","72","0","花蓮縣","豐濱鄉","121.510","23.480","105"
"70","196639","20221104125000","30","3","花蓮縣","豐濱鄉","121.500","23.455","77"
"164","196667","20221104125000","121","2","花蓮縣","玉里鎮","121.405","23.465","184"
"118","196709","20221104125000","60","3","花蓮縣","玉里鎮","121.395","23.455","115"
"730","196774","20221104125000","432","3","嘉義縣","中埔鄉","120.465","23.455","676"
"859","196781","20221104125000","1353","0","嘉義縣","民雄鄉","120.430","23.520","994"
"320","196789","20221104125000","296","1","嘉義縣","民雄鄉","120.440","23.515","323"
"290","196793","20221104125000","253","1","嘉義縣","六腳鄉","120.290","23.520","322"
"578","196815","20221104125000","589","0","嘉義縣","六腳鄉","120.250","23.510","617"
"50","196825","20221104125000","29","3","嘉義縣","六腳鄉","120.225","23.485","35"
"215","196836","20221104125000","83","3","嘉義縣","六腳鄉","120.285","23.500","216"
"196","196856","20221104125000","163","2","雲林縣","水林鄉","120.225","23.505","219"
"106","196879","20221104125000","321","0","嘉義縣","六腳鄉","120.245","23.485","101"
"229","196886","20221104125000","216","1","嘉義縣","民雄鄉","120.415","23.525","271"
"141","196888","20221104125000","25","3","嘉義縣","民雄鄉","120.425","23.525","121"
"126","196895","20221104125000","196","0","嘉義縣","太保市","120.310","23.460","115"
"476","196913","20221104125000","452","1","嘉義縣","新港鄉","120.375","23.515","474"
"808","196921","20221104125000","1347","0","嘉義縣","新港鄉","120.380","23.525","812"
"222","196935","20221104125000","289","0","嘉義縣","六腳鄉","120.280","23.505","245"
"545","196963","20221104125000","422","2","嘉義縣","六腳鄉","120.310","23.500","507"
"692","197018","20221104125000","758","0","嘉義縣","太保市","120.335","23.490","851"
"592","197019","20221104125000","281","3","嘉義縣","太保市","120.340","23.495","546"
"921","197036","20221104125000","2115","0","嘉義縣","太保市","120.365","23.500","952"
"216","197041","20221104125000","345","0","嘉義縣","太保市","120.360","23.510","198"
"1424","197046","20221104125000","522","3","嘉義縣","太保市","120.370","23.500","1281"
"21","197053","20221104125000","10","3","嘉義縣","六腳鄉","120.265","23.525","25"
"305","197055","20221104125000","292","1","嘉義縣","六腳鄉","120.275","23.525","435"
"318","197536","20221104125000","309","1","南投縣","信義鄉","120.870","23.470","346"
"28","197634","20221104125000","51","0","南投縣","信義鄉","120.825","23.510","50"
"406","197682","20221104125000","787","0","嘉義縣","民雄鄉","120.440","23.520","460"
"1005","197684","20221104125000","1498","0","嘉義縣","民雄鄉","120.440","23.525","1097"
"1101","197685","20221104125000","1510","0","嘉義縣","民雄鄉","120.445","23.525","1308"
"38","197686","20221104125000","163","0","嘉義縣","民雄鄉","120.450","23.525","39"
"88","197696","20221104125000","44","3","嘉義縣","民雄鄉","120.425","23.510","97"
"55","197703","20221104125000","328","0","嘉義縣","民雄鄉","120.465","23.505","35"
"307","197710","20221104125000","348","0","嘉義縣","民雄鄉","120.475","23.515","346"
"90","197714","20221104125000","99","0","嘉義縣","民雄鄉","120.480","23.520","79"
"138","197719","20221104125000","94","2","雲林縣","水林鄉","120.205","23.530","142"
"72","197727","20221104125000","306","0","嘉義縣","太保市","120.380","23.490","66"
"400","197729","20221104125000","223","3","嘉義縣","太保市","120.370","23.495","402"
"19","197740","20221104125000","172","0","嘉義縣","太保市","120.380","23.475","13"
"143","197749","20221104125000","101","2","嘉義縣","太保市","120.385","23.480","154"
"2590","197755","20221104125000","2280","1","嘉義縣","朴子市","120.285","23.465","4018"
"392","197756","20221104125000","185","3","嘉義縣","朴子市","120.290","23.465","329"
"296","197762","20221104125000","238","2","嘉義縣","太保市","120.290","23.470","303"
"76","197764","20221104125000","234","0","嘉義縣","太保市","120.290","23.475","69"
"303","197766","20221104125000","118","3","嘉義縣","朴子市","120.240","23.470","339"
"64","197770","20221104125000","84","0","嘉義縣","新港鄉","120.310","23.515","55"
"42","197781","20221104125000","88","0","嘉義縣","新港鄉","120.330","23.520","43"
"109","197788","20221104125000","488","0","嘉義縣","朴子市","120.285","23.455","102"
"28","197789","20221104125000","175","0","嘉義縣","朴子市","120.290","23.455","33"
"743","197794","20221104125000","1396","0","嘉義縣","朴子市","120.285","23.460","572"
"339","197795","20221104125000","543","0","嘉義縣","朴子市","120.290","23.460","198"
"902","197796","20221104125000","561","3","嘉義縣","朴子市","120.265","23.465","836"
"114","197797","20221104125000","379","0","嘉義縣","朴子市","120.255","23.455","140"
"73","197799","20221104125000","30","3","嘉義縣","朴子市","120.265","23.455","58"
"1044","197800","20221104125000","258","3","嘉義縣","朴子市","120.250","23.460","1061"
"132","197802","20221104125000","56","3","嘉義縣","朴子市","120.260","23.460","151"
"533","197804","20221104125000","204","3","嘉義縣","朴子市","120.255","23.465","534"
"447","197820","20221104125000","406","1","嘉義縣","新港鄉","120.365","23.515","506"
"184","197822","20221104125000","263","0","嘉義縣","新港鄉","120.350","23.520","175"
"161","197827","20221104125000","466","0","嘉義縣","新港鄉","120.355","23.520","172"
"71","197830","20221104125000","151","0","嘉義縣","新港鄉","120.330","23.510","70"
"41","197862","20221104125000","34","2","嘉義縣","阿里山鄉","120.790","23.505","77"
"204","197867","20221104125000","308","0","嘉義縣","阿里山鄉","120.810","23.515","226"
"242","197868","20221104125000","137","3","嘉義縣","阿里山鄉","120.815","23.515","252"
"436","197899","20221104125000","364","1","嘉義縣","太保市","120.335","23.475","456"
"229","197906","20221104125000","306","0","嘉義縣","太保市","120.345","23.480","233"
"84","197913","20221104125000","135","0","嘉義縣","太保市","120.300","23.465","63"
"27","197924","20221104125000","226","0","嘉義縣","太保市","120.300","23.470","32"
"116","197940","20221104125000","193","0","南投縣","信義鄉","120.890","23.490","133"
"86","198035","20221104125000","118","0","雲林縣","水林鄉","120.230","23.515","100"
"832","198046","20221104125000","432","3","雲林縣","水林鄉","120.230","23.520","739"
"2058","198052","20221104125000","1437","2","嘉義縣","朴子市","120.245","23.470","2335"
"111","198053","20221104125000","708","0","嘉義縣","六腳鄉","120.250","23.470","102"
"338","198057","20221104125000","1292","0","嘉義縣","朴子市","120.245","23.465","333"
"380","198066","20221104125000","1309","0","嘉義縣","朴子市","120.240","23.465","379"
"781","198068","20221104125000","284","3","嘉義縣","朴子市","120.225","23.460","908"
"380","198071","20221104125000","897","0","嘉義縣","朴子市","120.235","23.465","349"
"380","198076","20221104125000","288","2","嘉義縣","朴子市","120.270","23.480","378"
"98","198087","20221104125000","147","0","嘉義縣","太保市","120.355","23.465","110"
"1430","198089","20221104125000","2505","0","嘉義縣","太保市","120.380","23.500","1618"
"18","198113","20221104125000","86","0","雲林縣","水林鄉","120.225","23.510","15"
"1209","198129","20221104125000","667","3","嘉義縣","太保市","120.325","23.455","1316"
"181","198131","20221104125000","390","0","嘉義縣","太保市","120.335","23.455","175"
"92","198135","20221104125000","259","0","嘉義縣","太保市","120.335","23.460","95"
"134","198141","20221104125000","697","0","嘉義縣","太保市","120.295","23.455","117"
"719","198144","20221104125000","1508","0","嘉義縣","太保市","120.295","23.460","447"
"235","198164","20221104125000","191","2","嘉義縣","東石鄉","120.170","23.480","240"
"18","198190","20221104125000","28","0","嘉義縣","東石鄉","120.145","23.465","24"
"35","198208","20221104125000","53","0","嘉義縣","梅山鄉","120.710","23.520","37"
"352","198214","20221104125000","173","3","嘉義縣","梅山鄉","120.710","23.525","349"
"706","198237","20221104125000","757","0","嘉義縣","東石鄉","120.170","23.465","750"
"384","198282","20221104125000","521","0","嘉義縣","東石鄉","120.185","23.490","394"
"99","198283","20221104125000","111","0","嘉義縣","東石鄉","120.185","23.495","62"
"913","198309","20221104125000","996","0","嘉義縣","東石鄉","120.150","23.460","1038"
"559","198354","20221104125000","227","3","嘉義縣","東石鄉","120.155","23.500","555"
"178","198358","20221104125000","194","0","嘉義縣","東石鄉","120.175","23.500","152"
"94","198378","20221104125000","74","2","嘉義縣","東石鄉","120.160","23.510","133"
"231","198419","20221104125000","257","0","嘉義縣","梅山鄉","120.660","23.525","297"
"189","198450","20221104125000","99","3","嘉義縣","民雄鄉","120.450","23.520","152"
"568","198452","20221104125000","208","3","嘉義縣","民雄鄉","120.460","23.520","547"
"79","198455","20221104125000","62","2","嘉義縣","民雄鄉","120.455","23.525","65"
"524","198456","20221104125000","759","0","嘉義縣","民雄鄉","120.460","23.525","604"
"185","198457","20221104125000","93","3","嘉義縣","民雄鄉","120.450","23.530","151"
"736","198458","20221104125000","418","3","嘉義縣","民雄鄉","120.455","23.530","754"
"310","198459","20221104125000","385","0","嘉義縣","民雄鄉","120.460","23.530","345"
"129","198474","20221104125000","162","0","嘉義縣","民雄鄉","120.475","23.525","143"
"70","198490","20221104125000","138","0","嘉義縣","新港鄉","120.390","23.515","72"
"98","198491","20221104125000","67","2","嘉義縣","民雄鄉","120.400","23.515","95"
"394","198495","20221104125000","485","0","嘉義縣","民雄鄉","120.410","23.520","502"
"76","198501","20221104125000","76","1","嘉義縣","民雄鄉","120.415","23.520","73"
"1825","198503","20221104125000","1462","2","嘉義縣","民雄鄉","120.430","23.530","1720"
"471","198542","20221104125000","176","3","嘉義縣","六腳鄉","120.300","23.505","434"
"46","198546","20221104125000","27","3","嘉義縣","六腳鄉","120.300","23.515","27"
"51","198646","20221104125000","135","0","嘉義縣","水上鄉","120.375","23.460","52"
"232","198651","20221104125000","140","3","雲林縣","水林鄉","120.210","23.515","194"
"211","198686","20221104125000","319","0","嘉義縣","水上鄉","120.410","23.455","279"
"307","198687","20221104125000","198","3","嘉義縣","水上鄉","120.415","23.455","288"
"471","198691","20221104125000","235","3","嘉義市","西區","120.415","23.460","460"
"89","198693","20221104125000","86","1","嘉義縣","水上鄉","120.420","23.460","78"
"1252","198697","20221104125000","1017","2","嘉義縣","六腳鄉","120.295","23.490","1529"
"464","198713","20221104125000","290","3","雲林縣","口湖鄉","120.185","23.525","484"
"621","198720","20221104125000","750","0","嘉義縣","水上鄉","120.400","23.455","734"
"389","198726","20221104125000","1027","0","嘉義縣","朴子市","120.245","23.460","379"
"14","198735","20221104125000","16","0","嘉義縣","六腳鄉","120.260","23.530","30"
"10","198765","20221104125000","23","0","嘉義縣","竹崎鄉","120.580","23.520","13"
"236","198769","20221104125000","339","0","嘉義縣","番路鄉","120.555","23.465","286"
"514","198770","20221104125000","654","0","嘉義縣","番路鄉","120.560","23.465","608"
"215","198785","20221104125000","201","1","嘉義縣","番路鄉","120.505","23.455","233"
"138","198844","20221104125000","135","1","嘉義縣","番路鄉","120.620","23.480","132"
"30","198849","20221104125000","17","3","嘉義縣","番路鄉","120.625","23.485","32"
"157","198869","20221104125000","102","3","嘉義縣","番路鄉","120.540","23.460","116"
"367","198871","20221104125000","210","3","嘉義縣","番路鄉","120.550","23.460","387"
"240","198874","20221104125000","191","2","嘉義縣","番路鄉","120.540","23.465","249"
"48","198875","20221104125000","62","0","嘉義縣","番路鄉","120.535","23.470","53"
"147","198880","20221104125000","114","2","嘉義縣","番路鄉","120.600","23.455","145"
"195","198884","20221104125000","213","0","嘉義縣","番路鄉","120.595","23.460","216"
"78","198885","20221104125000","34","3","嘉義縣","番路鄉","120.600","23.460","80"
"20","198891","20221104125000","108","0","嘉義縣","番路鄉","120.530","23.475","22"
"579","198892","20221104125000","796","0","嘉義縣","番路鄉","120.535","23.475","616"
"192","198893","20221104125000","123","3","嘉義縣","番路鄉","120.510","23.480","184"
"24","198896","20221104125000","72","0","嘉義縣","番路鄉","120.525","23.480","24"
"667","198913","20221104125000","316","3","嘉義縣","竹崎鄉","120.685","23.460","501"
"139","198918","20221104125000","202","0","嘉義縣","竹崎鄉","120.695","23.475","167"
"39","198922","20221104125000","26","3","嘉義縣","竹崎鄉","120.700","23.480","30"
"19","198923","20221104125000","15","2","嘉義縣","竹崎鄉","120.705","23.480","18"
"250","198946","20221104125000","274","0","嘉義縣","竹崎鄉","120.695","23.500","285"
"329","198952","20221104125000","460","0","嘉義縣","竹崎鄉","120.695","23.505","340"
"44","198964","20221104125000","40","1","嘉義縣","竹崎鄉","120.660","23.505","33"
"322","198983","20221104125000","169","3","嘉義縣","竹崎鄉","120.635","23.520","313"
"12","199010","20221104125000","38","0","嘉義縣","竹崎鄉","120.625","23.530","17"
"60","199039","20221104125000","56","1","嘉義縣","竹崎鄉","120.650","23.470","78"
"219","199063","20221104125000","105","3","嘉義縣","竹崎鄉","120.680","23.480","185"
"242","199106","20221104125000","427","0","嘉義縣","竹崎鄉","120.570","23.485","266"
"327","199108","20221104125000","271","2","嘉義縣","竹崎鄉","120.555","23.485","445"
"110","199120","20221104125000","65","3","嘉義縣","竹崎鄉","120.540","23.515","113"
"939","199122","20221104125000","1119","0","嘉義縣","竹崎鄉","120.550","23.515","1068"
"301","199146","20221104125000","350","0","嘉義縣","竹崎鄉","120.570","23.500","320"
"103","199161","20221104125000","542","0","嘉義縣","竹崎鄉","120.550","23.530","96"
"66","199213","20221104125000","41","3","嘉義縣","竹崎鄉","120.590","23.465","70"
"129","199237","20221104125000","140","0","嘉義縣","竹崎鄉","120.605","23.470","167"
"83","199241","20221104125000","58","2","嘉義縣","竹崎鄉","120.585","23.475","64"
"275","199248","20221104125000","136","3","嘉義縣","竹崎鄉","120.575","23.480","219"
"612","199280","20221104125000","468","2","嘉義縣","竹崎鄉","120.505","23.485","618"
"491","199288","20221104125000","638","0","嘉義縣","竹崎鄉","120.500","23.490","527"
"722","199291","20221104125000","465","3","嘉義縣","竹崎鄉","120.520","23.490","699"
"332","199297","20221104125000","505","0","嘉義縣","竹崎鄉","120.495","23.495","390"
"359","199306","20221104125000","182","3","嘉義縣","竹崎鄉","120.500","23.500","342"
"150","199313","20221104125000","238","0","嘉義縣","竹崎鄉","120.505","23.525","190"
"289","199322","20221104125000","249","1","嘉義縣","竹崎鄉","120.515","23.530","296"
"187","199330","20221104125000","239","0","嘉義縣","竹崎鄉","120.495","23.510","215"
"291","199332","20221104125000","99","3","嘉義縣","竹崎鄉","120.495","23.515","260"
"476","199353","20221104125000","604","0","嘉義縣","竹崎鄉","120.570","23.505","627"
"136","199358","20221104125000","122","1","嘉義縣","竹崎鄉","120.610","23.510","139"
"222","199367","20221104125000","150","2","嘉義縣","竹崎鄉","120.605","23.515","218"
"200","199379","20221104125000","69","3","嘉義縣","竹崎鄉","120.610","23.520","182"
"16","199459","20221104125000","31","0","嘉義縣","阿里山鄉","120.950","23.465","26"
"67","199523","20221104125000","58","1","嘉義縣","阿里山鄉","120.795","23.490","82"
"12","199541","20221104125000","16","0","嘉義縣","阿里山鄉","120.800","23.500","17"
"61","199544","20221104125000","37","3","嘉義縣","阿里山鄉","120.795","23.505","87"
"243","199552","20221104125000","221","1","嘉義縣","阿里山鄉","120.815","23.505","245"
"495","199555","20221104125000","642","0","嘉義縣","阿里山鄉","120.805","23.510","583"
"154","199603","20221104125000","221","0","嘉義縣","阿里山鄉","120.730","23.530","226"
"57","199642","20221104125000","91","0","嘉義縣","阿里山鄉","120.755","23.490","73"
"37","199653","20221104125000","63","0","嘉義縣","阿里山鄉","120.745","23.495","39"
"106","199699","20221104125000","93","1","嘉義縣","阿里山鄉","120.740","23.515","127"
"42","199719","20221104125000","57","0","嘉義縣","阿里山鄉","120.720","23.455","48"
"154","199725","20221104125000","183","0","嘉義縣","阿里山鄉","120.700","23.460","231"
"220","199742","20221104125000","150","2","嘉義縣","阿里山鄉","120.730","23.465","223"
"121","199744","20221104125000","100","2","嘉義縣","竹崎鄉","120.695","23.470","117"
"336","199745","20221104125000","386","0","嘉義縣","阿里山鄉","120.700","23.470","376"
"139","199748","20221104125000","148","0","嘉義縣","阿里山鄉","120.715","23.470","183"
"176","199760","20221104125000","158","1","嘉義縣","阿里山鄉","120.715","23.480","185"
"73","199769","20221104125000","129","0","嘉義縣","阿里山鄉","120.720","23.485","116"
"115","199777","20221104125000","131","0","嘉義縣","阿里山鄉","120.750","23.455","121"
"49","199798","20221104125000","38","2","嘉義縣","阿里山鄉","120.775","23.460","47"
"508","199875","20221104125000","161","3","嘉義縣","竹崎鄉","120.595","23.485","425"
"225","199886","20221104125000","110","3","嘉義縣","竹崎鄉","120.595","23.495","220"
"247","199900","20221104125000","258","0","嘉義縣","竹崎鄉","120.540","23.495","244"
"495","199903","20221104125000","635","0","嘉義縣","竹崎鄉","120.540","23.500","590"
"71","199909","20221104125000","117","0","嘉義縣","竹崎鄉","120.595","23.525","98"
"101","199920","20221104125000","122","0","嘉義縣","竹崎鄉","120.510","23.490","131"
"349","199938","20221104125000","490","0","嘉義縣","竹崎鄉","120.525","23.515","409"
"298","200367","20221104125000","474","0","澎湖縣","馬公市","119.550","23.535","361"
"101","201149","20221104125000","60","3","澎湖縣","馬公市","119.570","23.550","41"
"427","201150","20221104125000","349","2","澎湖縣","馬公市","119.575","23.550","228"
"216","201400","20221104125000","334","0","澎湖縣","馬公市","119.570","23.555","197"
"474","202108","20221104125000","667","0","澎湖縣","西嶼鄉","119.485","23.565","532"
"21","202120","20221104125000","15","2","澎湖縣","馬公市","119.560","23.565","18"
"1193","202121","20221104125000","1088","1","澎湖縣","馬公市","119.565","23.565","1357"
"364","202367","20221104125000","470","0","澎湖縣","馬公市","119.565","23.570","598"
"24","202600","20221104125000","59","0","澎湖縣","西嶼鄉","119.500","23.575","48"
"606","202858","20221104125000","629","0","澎湖縣","馬公市","119.575","23.580","570"
"61","203106","20221104125000","82","0","澎湖縣","馬公市","119.570","23.585","73"
"562","203108","20221104125000","315","3","澎湖縣","馬公市","119.580","23.585","532"
"65","203109","20221104125000","82","0","澎湖縣","馬公市","119.585","23.585","81"
"17","203624","20221104125000","196","0","澎湖縣","湖西鄉","119.670","23.595","11"
"68","203877","20221104125000","19","3","澎湖縣","湖西鄉","119.640","23.600","58"
"89","203940","20221104125000","65","2","澎湖縣","馬公市","119.570","23.560","96"
"881","203941","20221104125000","1098","0","澎湖縣","馬公市","119.570","23.565","944"
"1466","203942","20221104125000","2199","0","澎湖縣","馬公市","119.570","23.570","1586"
"406","203945","20221104125000","224","3","澎湖縣","湖西鄉","119.615","23.570","348"
"57","203947","20221104125000","333","0","澎湖縣","湖西鄉","119.625","23.570","64"
"230","203951","20221104125000","239","0","澎湖縣","馬公市","119.600","23.555","287"
"49","203964","20221104125000","147","0","澎湖縣","湖西鄉","119.620","23.600","46"
"398","203989","20221104125000","228","3","澎湖縣","西嶼鄉","119.480","23.565","453"
"247","203992","20221104125000","220","1","澎湖縣","湖西鄉","119.615","23.595","287"
"55","203994","20221104125000","103","0","澎湖縣","湖西鄉","119.665","23.585","83"
"40","204001","20221104125000","13","3","澎湖縣","馬公市","119.590","23.550","47"
"1114","204013","20221104125000","928","2","澎湖縣","馬公市","119.600","23.570","1308"
"227","204018","20221104125000","376","0","澎湖縣","馬公市","119.580","23.560","159"
"1659","204021","20221104125000","669","3","澎湖縣","馬公市","119.585","23.565","2033"
"1224","204022","20221104125000","522","3","澎湖縣","馬公市","119.590","23.565","1398"
"538","204025","20221104125000","704","0","澎湖縣","湖西鄉","119.630","23.565","548"
"228","204033","20221104125000","249","0","澎湖縣","湖西鄉","119.655","23.565","276"
"265","204042","20221104125000","231","1","澎湖縣","馬公市","119.545","23.540","258"
"404","204045","20221104125000","648","0","澎湖縣","湖西鄉","119.670","23.570","346"
"288","204049","20221104125000","339","0","澎湖縣","馬公市","119.575","23.570","337"
"822","204050","20221104125000","552","2","澎湖縣","馬公市","119.580","23.570","1056"
"1969","204052","20221104125000","2313","0","澎湖縣","馬公市","119.575","23.575","2119"
"251","204053","20221104125000","528","0","澎湖縣","馬公市","119.580","23.575","232"
"461","204054","20221104125000","368","2","澎湖縣","馬公市","119.580","23.580","504"
"715","204067","20221104125000","279","3","澎湖縣","馬公市","119.615","23.555","641"
"65","204074","20221104125000","82","0","澎湖縣","湖西鄉","119.620","23.565","80"
"353","204075","20221104125000","267","2","澎湖縣","湖西鄉","119.650","23.570","435"
"526","204080","20221104125000","635","0","澎湖縣","湖西鄉","119.650","23.580","584"
"153","204087","20221104125000","206","0","澎湖縣","西嶼鄉","119.505","23.585","150"
"383","204092","20221104125000","855","0","澎湖縣","西嶼鄉","119.510","23.600","426"
"319","204107","20221104125000","256","2","澎湖縣","馬公市","119.560","23.560","302"
"391","204108","20221104125000","732","0","澎湖縣","馬公市","119.565","23.560","459"
"33","204109","20221104125000","22","3","澎湖縣","馬公市","119.595","23.550","55"
"103","204111","20221104125000","240","0","澎湖縣","馬公市","119.595","23.555","75"
"458","204113","20221104125000","198","3","澎湖縣","馬公市","119.605","23.535","465"
"66","204120","20221104125000","158","0","澎湖縣","馬公市","119.610","23.545","66"
"37","204123","20221104125000","19","3","澎湖縣","馬公市","119.615","23.550","30"
"88","204124","20221104125000","173","0","澎湖縣","馬公市","119.620","23.550","95"
"136","204136","20221104125000","120","1","澎湖縣","湖西鄉","119.640","23.580","115"
"193","204137","20221104125000","292","0","澎湖縣","湖西鄉","119.645","23.580","228"
"18","204159","20221104125000","131","0","澎湖縣","湖西鄉","119.630","23.555","14"
"294","204161","20221104125000","248","1","澎湖縣","湖西鄉","119.640","23.555","362"
"55","204162","20221104125000","875","0","澎湖縣","湖西鄉","119.630","23.560","80"
"38","204163","20221104125000","224","0","澎湖縣","湖西鄉","119.635","23.560","41"
"21","204174","20221104125000","310","0","澎湖縣","湖西鄉","119.615","23.590","12"
"227","204179","20221104125000","30","3","澎湖縣","湖西鄉","119.680","23.555","176"
"331","204185","20221104125000","311","1","澎湖縣","湖西鄉","119.670","23.565","367"
"2885","204189","20221104125000","1367","3","澎湖縣","馬公市","119.575","23.565","3081"
"519","204192","20221104125000","259","3","澎湖縣","馬公市","119.585","23.560","708"
"20","204193","20221104125000","11","3","澎湖縣","馬公市","119.610","23.555","27"
"77","204194","20221104125000","157","0","澎湖縣","馬公市","119.595","23.560","60"
"1718","204195","20221104125000","855","3","澎湖縣","馬公市","119.600","23.560","2009"
"248","204313","20221104125000","240","1","花蓮縣","瑞穗鄉","121.375","23.575","279"
"129","204317","20221104125000","152","0","花蓮縣","瑞穗鄉","121.370","23.580","163"
"142","204319","20221104125000","132","1","花蓮縣","瑞穗鄉","121.380","23.580","164"
"47","204320","20221104125000","45","1","花蓮縣","萬榮鄉","121.355","23.585","67"
"112","204355","20221104125000","112","1","花蓮縣","瑞穗鄉","121.385","23.570","123"
"78","204381","20221104125000","66","1","花蓮縣","瑞穗鄉","121.385","23.580","86"
"49","204384","20221104125000","55","0","花蓮縣","瑞穗鄉","121.400","23.580","57"
"209","204421","20221104125000","151","2","花蓮縣","光復鄉","121.390","23.605","160"
"49","204446","20221104125000","35","2","花蓮縣","光復鄉","121.385","23.605","56"
"177","204758","20221104125000","175","1","花蓮縣","瑞穗鄉","121.375","23.540","183"
"34","205305","20221104125000","30","1","花蓮縣","豐濱鄉","121.525","23.575","57"
"136","205386","20221104125000","79","3","花蓮縣","豐濱鄉","121.525","23.595","133"
"303","205403","20221104125000","256","1","花蓮縣","豐濱鄉","121.520","23.600","302"
"92","205422","20221104125000","52","3","花蓮縣","豐濱鄉","121.530","23.605","154"
"39","205447","20221104125000","84","0","花蓮縣","光復鄉","121.420","23.605","42"
"592","205461","20221104125000","321","3","雲林縣","元長鄉","120.350","23.600","479"
"53","205475","20221104125000","64","0","嘉義縣","民雄鄉","120.400","23.555","49"
"373","205481","20221104125000","428","0","嘉義縣","民雄鄉","120.400","23.560","367"
"30","205482","20221104125000","193","0","嘉義縣","溪口鄉","120.405","23.560","27"
"902","205486","20221104125000","916","0","嘉義縣","民雄鄉","120.420","23.550","1024"
"62","205488","20221104125000","57","1","嘉義縣","民雄鄉","120.425","23.555","53"
"712","205494","20221104125000","359","3","嘉義縣","民雄鄉","120.380","23.545","656"
"27","205501","20221104125000","264","0","嘉義縣","民雄鄉","120.445","23.560","22"
"298","205502","20221104125000","230","2","嘉義縣","民雄鄉","120.450","23.560","317"
"59","205523","20221104125000","52","1","嘉義縣","民雄鄉","120.450","23.570","62"
"775","205531","20221104125000","495","3","嘉義縣","民雄鄉","120.435","23.565","785"
"123","205537","20221104125000","203","0","嘉義縣","民雄鄉","120.435","23.535","101"
"224","205548","20221104125000","152","2","嘉義縣","六腳鄉","120.295","23.540","278"
"403","205557","20221104125000","273","2","嘉義縣","六腳鄉","120.300","23.550","365"
"241","205571","20221104125000","233","1","雲林縣","水林鄉","120.245","23.605","218"
"135","205579","20221104125000","31","3","雲林縣","水林鄉","120.220","23.595","115"
"28","205586","20221104125000","197","0","雲林縣","水林鄉","120.235","23.605","27"
"126","205593","20221104125000","341","0","嘉義縣","新港鄉","120.345","23.570","97"
"180","205600","20221104125000","513","0","嘉義縣","新港鄉","120.345","23.550","207"
"349","205605","20221104125000","168","3","嘉義縣","新港鄉","120.330","23.560","403"
"288","205606","20221104125000","101","3","嘉義縣","新港鄉","120.335","23.560","212"
"46","205615","20221104125000","313","0","嘉義縣","新港鄉","120.340","23.575","46"
"654","205623","20221104125000","349","3","雲林縣","元長鄉","120.335","23.610","533"
"84","205641","20221104125000","112","0","嘉義縣","新港鄉","120.350","23.590","95"
"50","205649","20221104125000","282","0","嘉義縣","新港鄉","120.315","23.550","43"
"184","205670","20221104125000","99","3","雲林縣","口湖鄉","120.170","23.605","184"
"287","206056","20221104125000","230","2","南投縣","信義鄉","120.925","23.560","290"
"580","206426","20221104125000","500","1","南投縣","信義鄉","120.895","23.595","624"
"914","206759","20221104125000","908","1","嘉義縣","溪口鄉","120.400","23.605","1015"
"623","206766","20221104125000","1170","0","嘉義縣","民雄鄉","120.430","23.550","715"
"1694","206767","20221104125000","1464","1","嘉義縣","民雄鄉","120.430","23.555","1735"
"639","206768","20221104125000","648","0","嘉義縣","民雄鄉","120.435","23.555","653"
"379","206781","20221104125000","332","1","雲林縣","北港鎮","120.325","23.585","323"
"136","206786","20221104125000","894","0","雲林縣","北港鎮","120.295","23.575","155"
"16","206787","20221104125000","18","0","雲林縣","北港鎮","120.305","23.575","17"
"505","206789","20221104125000","394","2","雲林縣","北港鎮","120.300","23.580","491"
"786","206790","20221104125000","828","0","雲林縣","北港鎮","120.305","23.580","1156"
"67","206794","20221104125000","52","2","雲林縣","北港鎮","120.310","23.585","73"
"388","206797","20221104125000","1136","0","雲林縣","北港鎮","120.310","23.590","433"
"141","206815","20221104125000","125","1","嘉義縣","大林鎮","120.465","23.600","159"
"596","206822","20221104125000","260","3","嘉義縣","大林鎮","120.470","23.605","604"
"123","206825","20221104125000","419","0","嘉義縣","大林鎮","120.485","23.605","141"
"334","206830","20221104125000","206","3","嘉義縣","民雄鄉","120.445","23.545","271"
"19","206834","20221104125000","32","0","嘉義縣","民雄鄉","120.440","23.550","19"
"107","206837","20221104125000","94","1","嘉義縣","民雄鄉","120.455","23.550","112"
"176","206858","20221104125000","243","0","嘉義縣","民雄鄉","120.480","23.535","187"
"153","206869","20221104125000","155","0","嘉義縣","民雄鄉","120.500","23.540","163"
"26","206879","20221104125000","34","0","嘉義縣","民雄鄉","120.415","23.560","36"
"19","206882","20221104125000","26","0","嘉義縣","民雄鄉","120.410","23.565","27"
"27","206903","20221104125000","69","0","雲林縣","水林鄉","120.235","23.580","27"
"477","206905","20221104125000","193","3","雲林縣","水林鄉","120.230","23.585","475"
"59","206936","20221104125000","75","0","雲林縣","水林鄉","120.265","23.605","40"
"1258","206940","20221104125000","2097","0","雲林縣","北港鎮","120.300","23.565","1199"
"416","206943","20221104125000","280","2","雲林縣","北港鎮","120.310","23.575","488"
"424","206964","20221104125000","281","3","嘉義縣","新港鄉","120.360","23.590","451"
"79","206982","20221104125000","346","0","嘉義縣","新港鄉","120.370","23.555","88"
"204","206991","20221104125000","796","0","嘉義縣","新港鄉","120.350","23.555","756"
"787","206992","20221104125000","336","3","嘉義縣","新港鄉","120.355","23.555","804"
"238","206994","20221104125000","778","0","嘉義縣","新港鄉","120.350","23.560","110"
"910","206997","20221104125000","548","3","嘉義縣","新港鄉","120.320","23.565","942"
"44","207025","20221104125000","228","0","嘉義縣","新港鄉","120.335","23.540","43"
"353","207038","20221104125000","574","0","嘉義縣","新港鄉","120.345","23.555","1074"
"131","207039","20221104125000","23","3","嘉義縣","新港鄉","120.345","23.560","89"
"67","207040","20221104125000","156","0","嘉義縣","新港鄉","120.345","23.535","52"
"53","207051","20221104125000","251","0","嘉義縣","新港鄉","120.375","23.560","58"
"50","207166","20221104125000","55","0","南投縣","信義鄉","120.915","23.545","65"
"105","207170","20221104125000","110","0","南投縣","信義鄉","120.870","23.550","123"
"130","207172","20221104125000","102","2","南投縣","信義鄉","120.880","23.550","135"
"145","207208","20221104125000","153","0","南投縣","信義鄉","120.905","23.565","154"
"81","207242","20221104125000","289","0","南投縣","信義鄉","120.890","23.590","86"
"1491","207256","20221104125000","3806","0","雲林縣","北港鎮","120.305","23.565","1505"
"250","207266","20221104125000","272","0","嘉義縣","新港鄉","120.310","23.565","242"
"1723","207275","20221104125000","1326","2","雲林縣","北港鎮","120.290","23.575","1661"
"136","207299","20221104125000","269","0","嘉義縣","梅山鄉","120.600","23.560","162"
"293","207304","20221104125000","155","3","嘉義縣","梅山鄉","120.595","23.565","292"
"273","207305","20221104125000","415","0","嘉義縣","梅山鄉","120.605","23.565","283"
"79","207326","20221104125000","131","0","嘉義縣","梅山鄉","120.625","23.550","100"
"266","207338","20221104125000","324","0","嘉義縣","梅山鄉","120.580","23.545","295"
"659","207352","20221104125000","914","0","嘉義縣","梅山鄉","120.555","23.585","798"
"509","207353","20221104125000","680","0","嘉義縣","梅山鄉","120.560","23.585","583"
"784","207356","20221104125000","329","3","嘉義縣","梅山鄉","120.550","23.590","811"
"282","207360","20221104125000","384","0","嘉義縣","大林鎮","120.450","23.605","370"
"130","207367","20221104125000","914","0","嘉義縣","大林鎮","120.525","23.595","135"
"298","207373","20221104125000","376","0","嘉義縣","大林鎮","120.500","23.605","294"
"217","207387","20221104125000","529","0","雲林縣","北港鎮","120.275","23.600","176"
"207","207403","20221104125000","243","0","雲林縣","北港鎮","120.325","23.595","200"
"376","207414","20221104125000","364","1","雲林縣","北港鎮","120.280","23.560","346"
"44","207432","20221104125000","202","0","雲林縣","口湖鄉","120.180","23.605","39"
"281","207435","20221104125000","284","0","雲林縣","古坑鄉","120.540","23.595","395"
"50","207462","20221104125000","79","0","雲林縣","古坑鄉","120.595","23.600","44"
"208","207463","20221104125000","141","2","雲林縣","古坑鄉","120.600","23.600","191"
"203","207465","20221104125000","146","2","雲林縣","古坑鄉","120.610","23.600","218"
"66","207467","20221104125000","30","3","雲林縣","古坑鄉","120.620","23.600","67"
"60","207494","20221104125000","54","1","雲林縣","古坑鄉","120.640","23.605","71"
"31","207498","20221104125000","87","0","雲林縣","古坑鄉","120.570","23.605","21"
"154","207505","20221104125000","177","0","嘉義縣","大林鎮","120.470","23.580","177"
"136","207507","20221104125000","287","0","嘉義縣","大林鎮","120.465","23.585","136"
"69","207511","20221104125000","43","3","嘉義縣","大林鎮","120.505","23.560","91"
"151","207522","20221104125000","105","2","嘉義縣","大林鎮","120.490","23.570","136"
"610","207523","20221104125000","824","0","嘉義縣","大林鎮","120.495","23.570","780"
"28","207536","20221104125000","127","0","嘉義縣","大林鎮","120.505","23.575","29"
"134","207556","20221104125000","854","0","嘉義縣","大林鎮","120.500","23.580","162"
"171","207558","20221104125000","279","0","嘉義縣","大林鎮","120.510","23.580","271"
"642","207564","20221104125000","230","3","嘉義縣","大林鎮","120.495","23.585","1154"
"58","207576","20221104125000","203","0","嘉義縣","大林鎮","120.475","23.590","50"
"276","207578","20221104125000","245","1","嘉義縣","大林鎮","120.465","23.595","276"
"859","207585","20221104125000","348","3","嘉義縣","大林鎮","120.505","23.590","1209"
"43","207587","20221104125000","399","0","嘉義縣","大林鎮","120.515","23.590","52"
"107","207592","20221104125000","520","0","嘉義縣","大林鎮","120.505","23.595","98"
"98","207596","20221104125000","25","3","嘉義縣","大林鎮","120.505","23.600","98"
"854","207602","20221104125000","862","0","嘉義縣","大林鎮","120.455","23.595","847"
"787","207604","20221104125000","939","0","嘉義縣","大林鎮","120.455","23.600","751"
"1259","207605","20221104125000","1184","1","嘉義縣","大林鎮","120.460","23.600","1232"
"169","207606","20221104125000","107","3","嘉義縣","大林鎮","120.460","23.605","177"
"231","207613","20221104125000","269","0","嘉義縣","大林鎮","120.445","23.610","261"
"37","207617","20221104125000","401","0","嘉義縣","大林鎮","120.445","23.595","44"
"1264","207626","20221104125000","1368","0","嘉義縣","大林鎮","120.455","23.605","1449"
"409","207628","20221104125000","1491","0","雲林縣","水林鄉","120.240","23.570","402"
"13","207629","20221104125000","16","0","雲林縣","水林鄉","120.245","23.570","20"
"301","207634","20221104125000","498","0","雲林縣","水林鄉","120.250","23.575","169"
"15","207650","20221104125000","13","1","雲林縣","水林鄉","120.265","23.535","21"
"412","207670","20221104125000","176","3","嘉義縣","溪口鄉","120.395","23.600","357"
"137","207674","20221104125000","78","3","嘉義縣","梅山鄉","120.575","23.560","118"
"142","207675","20221104125000","226","0","嘉義縣","梅山鄉","120.580","23.560","174"
"573","207684","20221104125000","948","0","嘉義縣","梅山鄉","120.565","23.575","730"
"93","207691","20221104125000","61","3","嘉義縣","梅山鄉","120.580","23.580","101"
"204","207701","20221104125000","72","3","嘉義縣","梅山鄉","120.600","23.565","216"
"47","207703","20221104125000","87","0","嘉義縣","梅山鄉","120.580","23.570","44"
"281","207707","20221104125000","153","3","嘉義縣","梅山鄉","120.595","23.570","399"
"171","207721","20221104125000","81","3","嘉義縣","梅山鄉","120.600","23.575","160"
"52","207724","20221104125000","100","0","嘉義縣","梅山鄉","120.615","23.580","62"
"265","207727","20221104125000","387","0","嘉義縣","梅山鄉","120.555","23.545","358"
"37","207736","20221104125000","55","0","嘉義縣","梅山鄉","120.545","23.555","44"
"34","207753","20221104125000","71","0","嘉義縣","梅山鄉","120.715","23.535","48"
"64","207756","20221104125000","101","0","嘉義縣","梅山鄉","120.730","23.535","84"
"451","207761","20221104125000","268","3","嘉義縣","梅山鄉","120.710","23.540","364"
"317","207793","20221104125000","118","3","嘉義縣","梅山鄉","120.740","23.555","319"
"146","207860","20221104125000","168","0","雲林縣","古坑鄉","120.695","23.580","148"
"116","207910","20221104125000","145","0","雲林縣","古坑鄉","120.690","23.595","176"
"78","207945","20221104125000","47","3","雲林縣","古坑鄉","120.710","23.605","61"
"11","207960","20221104125000","21","0","雲林縣","古坑鄉","120.565","23.595","11"
"36","207962","20221104125000","14","3","雲林縣","古坑鄉","120.575","23.595","34"
"22","207964","20221104125000","18","2","雲林縣","古坑鄉","120.585","23.595","25"
"303","207970","20221104125000","182","3","雲林縣","古坑鄉","120.590","23.585","368"
"298","207983","20221104125000","177","3","雲林縣","古坑鄉","120.595","23.595","302"
"78","207985","20221104125000","47","3","雲林縣","古坑鄉","120.585","23.600","83"
"488","207988","20221104125000","319","3","雲林縣","口湖鄉","120.165","23.535","418"
"1156","208006","20221104125000","728","3","雲林縣","口湖鄉","120.185","23.585","1107"
"275","208021","20221104125000","85","3","嘉義縣","梅山鄉","120.625","23.570","211"
"150","208025","20221104125000","182","0","嘉義縣","梅山鄉","120.625","23.575","189"
"152","208030","20221104125000","434","0","嘉義縣","新港鄉","120.310","23.570","209"
"25","208049","20221104125000","317","0","雲林縣","口湖鄉","120.160","23.560","35"
"27","208052","20221104125000","26","1","雲林縣","口湖鄉","120.180","23.550","23"
"73","208080","20221104125000","210","0","雲林縣","口湖鄉","120.150","23.580","82"
"124","208091","20221104125000","17","3","雲林縣","口湖鄉","120.140","23.585","137"
"687","208131","20221104125000","261","3","嘉義縣","民雄鄉","120.410","23.570","617"
"428","208146","20221104125000","424","1","雲林縣","大埤鄉","120.370","23.610","478"
"589","208152","20221104125000","617","0","嘉義縣","梅山鄉","120.560","23.580","691"
"288","208158","20221104125000","149","3","嘉義縣","梅山鄉","120.560","23.565","259"
"165","208165","20221104125000","215","0","嘉義縣","梅山鄉","120.555","23.575","200"
"118","208171","20221104125000","155","0","嘉義縣","梅山鄉","120.680","23.535","120"
"170","208176","20221104125000","235","0","嘉義縣","梅山鄉","120.665","23.540","223"
"263","208180","20221104125000","122","3","嘉義縣","梅山鄉","120.685","23.540","182"
"314","208200","20221104125000","329","0","嘉義縣","梅山鄉","120.665","23.550","351"
"194","208203","20221104125000","63","3","嘉義縣","梅山鄉","120.680","23.550","110"
"162","208265","20221104125000","136","1","嘉義縣","梅山鄉","120.530","23.580","193"
"50","208273","20221104125000","136","0","嘉義縣","梅山鄉","120.535","23.590","41"
"110","208303","20221104125000","127","0","嘉義縣","梅山鄉","120.535","23.550","113"
"106","208323","20221104125000","287","0","嘉義縣","民雄鄉","120.465","23.555","112"
"1484","208324","20221104125000","1447","1","嘉義縣","民雄鄉","120.470","23.555","1603"
"291","208325","20221104125000","75","3","嘉義縣","民雄鄉","120.475","23.555","284"
"42","208326","20221104125000","51","0","嘉義縣","民雄鄉","120.480","23.555","49"
"703","208328","20221104125000","965","0","嘉義縣","民雄鄉","120.470","23.560","899"
"1037","208329","20221104125000","1350","0","嘉義縣","民雄鄉","120.475","23.560","1278"
"259","208332","20221104125000","368","0","嘉義縣","民雄鄉","120.475","23.565","336"
"943","208347","20221104125000","317","3","嘉義縣","民雄鄉","120.400","23.535","830"
"76","208352","20221104125000","406","0","嘉義縣","民雄鄉","120.460","23.535","85"
"290","208357","20221104125000","188","3","嘉義縣","民雄鄉","120.460","23.545","299"
"1232","208359","20221104125000","1206","1","嘉義縣","民雄鄉","120.425","23.560","1276"
"32","208360","20221104125000","94","0","嘉義縣","民雄鄉","120.430","23.560","40"
"47","208363","20221104125000","274","0","嘉義縣","民雄鄉","120.425","23.570","44"
"293","208380","20221104125000","130","3","嘉義縣","民雄鄉","120.390","23.545","292"
"877","208390","20221104125000","412","3","嘉義縣","民雄鄉","120.420","23.540","773"
"636","208392","20221104125000","275","3","嘉義縣","民雄鄉","120.430","23.540","516"
"366","208407","20221104125000","163","3","雲林縣","口湖鄉","120.175","23.570","355"
"403","208415","20221104125000","267","3","雲林縣","口湖鄉","120.190","23.575","427"
"10","208438","20221104125000","116","0","雲林縣","口湖鄉","120.160","23.600","10"
"472","208452","20221104125000","523","0","嘉義縣","溪口鄉","120.430","23.585","499"
"82","208454","20221104125000","248","0","嘉義縣","溪口鄉","120.440","23.585","83"
"384","208468","20221104125000","425","0","嘉義縣","溪口鄉","120.385","23.595","422"
"201","208486","20221104125000","198","1","嘉義縣","溪口鄉","120.390","23.605","244"
"1065","208497","20221104125000","858","2","嘉義縣","六腳鄉","120.300","23.560","1011"
"320","208503","20221104125000","615","0","嘉義縣","六腳鄉","120.290","23.535","537"
"90","208508","20221104125000","447","0","雲林縣","口湖鄉","120.180","23.585","68"
"431","208528","20221104125000","240","3","雲林縣","口湖鄉","120.140","23.550","484"
"134","208546","20221104125000","398","0","雲林縣","口湖鄉","120.150","23.565","148"
"37","208554","20221104125000","188","0","雲林縣","水林鄉","120.270","23.565","32"
"1272","208568","20221104125000","838","3","雲林縣","口湖鄉","120.190","23.545","1179"
"264","208573","20221104125000","330","0","雲林縣","北港鎮","120.285","23.610","245"
"1323","208589","20221104125000","1739","0","雲林縣","北港鎮","120.300","23.570","1272"
"848","208590","20221104125000","1013","0","雲林縣","北港鎮","120.300","23.575","1052"
"87","208617","20221104125000","396","0","雲林縣","水林鄉","120.220","23.560","94"
"124","208629","20221104125000","219","0","雲林縣","水林鄉","120.205","23.575","85"
"19","208633","20221104125000","13","2","雲林縣","水林鄉","120.225","23.535","16"
"561","208638","20221104125000","278","3","雲林縣","水林鄉","120.230","23.540","445"
"205","208647","20221104125000","350","0","雲林縣","水林鄉","120.250","23.550","156"
"183","208695","20221104125000","89","3","嘉義縣","竹崎鄉","120.555","23.540","183"
"257","208704","20221104125000","89","3","嘉義縣","竹崎鄉","120.560","23.540","277"
"95","208793","20221104125000","66","2","嘉義縣","阿里山鄉","120.750","23.570","115"
"25","208821","20221104125000","65","0","嘉義縣","阿里山鄉","120.750","23.580","40"
"33","208866","20221104125000","31","1","嘉義縣","阿里山鄉","120.750","23.590","35"
"60","209129","20221104125000","102","0","澎湖縣","湖西鄉","119.625","23.605","78"
"37","209899","20221104125000","141","0","澎湖縣","白沙鄉","119.570","23.615","64"
"65","209905","20221104125000","210","0","澎湖縣","白沙鄉","119.605","23.615","54"
"81","210790","20221104125000","44","3","花蓮縣","豐濱鄉","121.535","23.635","120"
"75","210927","20221104125000","168","0","澎湖縣","西嶼鄉","119.530","23.635","96"
"184","210940","20221104125000","289","0","澎湖縣","白沙鄉","119.600","23.635","213"
"16","211725","20221104125000","26","0","澎湖縣","白沙鄉","119.630","23.650","14"
"234","212241","20221104125000","495","0","澎湖縣","白沙鄉","119.655","23.660","329"
"612","212745","20221104125000","454","2","澎湖縣","白沙鄉","119.595","23.665","705"
"11","213441","20221104125000","158","0","澎湖縣","白沙鄉","119.555","23.655","12"
"35","213442","20221104125000","26","2","澎湖縣","白沙鄉","119.555","23.660","39"
"65","213444","20221104125000","192","0","澎湖縣","白沙鄉","119.590","23.655","72"
"32","213447","20221104125000","85","0","澎湖縣","白沙鄉","119.600","23.650","41"
"13","213448","20221104125000","80","0","澎湖縣","白沙鄉","119.560","23.655","18"
"458","213454","20221104125000","149","3","澎湖縣","白沙鄉","119.560","23.660","494"
"113","213465","20221104125000","192","0","澎湖縣","白沙鄉","119.595","23.650","129"
"48","213478","20221104125000","94","0","澎湖縣","西嶼鄉","119.520","23.605","68"
"110","213491","20221104125000","158","0","澎湖縣","西嶼鄉","119.510","23.615","126"
"142","213509","20221104125000","264","0","澎湖縣","西嶼鄉","119.515","23.630","157"
"105","213516","20221104125000","328","0","澎湖縣","西嶼鄉","119.515","23.650","141"
"372","213554","20221104125000","312","1","花蓮縣","光復鄉","121.430","23.675","368"
"197","213627","20221104125000","236","0","花蓮縣","光復鄉","121.420","23.660","212"
"366","213652","20221104125000","496","0","花蓮縣","光復鄉","121.420","23.670","347"
"85","213675","20221104125000","112","0","花蓮縣","光復鄉","121.415","23.680","89"
"81","213820","20221104125000","57","2","花蓮縣","光復鄉","121.430","23.635","97"
"18","213864","20221104125000","129","0","雲林縣","四湖鄉","120.185","23.650","25"
"19","214398","20221104125000","85","0","花蓮縣","豐濱鄉","121.540","23.655","27"
"37","214415","20221104125000","70","0","花蓮縣","豐濱鄉","121.545","23.670","75"
"63","214424","20221104125000","55","1","花蓮縣","豐濱鄉","121.530","23.680","70"
"44","214495","20221104125000","62","0","花蓮縣","豐濱鄉","121.485","23.640","48"
"174","214521","20221104125000","23","3","雲林縣","四湖鄉","120.185","23.660","216"
"76","214544","20221104125000","183","0","雲林縣","四湖鄉","120.275","23.650","53"
"170","214550","20221104125000","236","0","雲林縣","元長鄉","120.275","23.660","161"
"359","214565","20221104125000","201","3","雲林縣","四湖鄉","120.200","23.640","344"
"121","214566","20221104125000","106","1","雲林縣","四湖鄉","120.205","23.640","120"
"245","214578","20221104125000","378","0","雲林縣","四湖鄉","120.220","23.615","244"
"105","214580","20221104125000","189","0","雲林縣","四湖鄉","120.170","23.640","79"
"240","214640","20221104125000","170","2","花蓮縣","光復鄉","121.450","23.655","247"
"198","214665","20221104125000","246","0","花蓮縣","光復鄉","121.405","23.625","213"
"163","214678","20221104125000","120","2","花蓮縣","光復鄉","121.415","23.645","139"
"26","214691","20221104125000","34","0","花蓮縣","光復鄉","121.415","23.655","28"
"76","214697","20221104125000","60","2","花蓮縣","光復鄉","121.410","23.660","120"
"303","214701","20221104125000","206","2","花蓮縣","光復鄉","121.430","23.665","310"
"453","214703","20221104125000","406","1","花蓮縣","光復鄉","121.425","23.670","423"
"674","214705","20221104125000","535","2","花蓮縣","光復鄉","121.420","23.665","715"
"180","214706","20221104125000","143","2","花蓮縣","光復鄉","121.425","23.665","159"
"392","214707","20221104125000","355","1","花蓮縣","光復鄉","121.450","23.660","428"
"344","214728","20221104125000","151","3","雲林縣","元長鄉","120.315","23.675","350"
"28","214731","20221104125000","130","0","雲林縣","元長鄉","120.310","23.680","29"
"151","214762","20221104125000","33","3","雲林縣","元長鄉","120.285","23.640","57"
"376","214797","20221104125000","400","0","雲林縣","元長鄉","120.375","23.645","412"
"175","214824","20221104125000","103","3","雲林縣","東勢鄉","120.260","23.665","178"
"78","214826","20221104125000","232","0","雲林縣","東勢鄉","120.250","23.670","78"
"28","214842","20221104125000","196","0","雲林縣","四湖鄉","120.150","23.625","30"
"11","214846","20221104125000","105","0","雲林縣","口湖鄉","120.155","23.630","18"
"456","214854","20221104125000","274","3","雲林縣","斗南鎮","120.440","23.685","456"
"623","214857","20221104125000","520","1","雲林縣","斗南鎮","120.485","23.685","631"
"132","214861","20221104125000","66","3","雲林縣","斗南鎮","120.490","23.640","119"
"339","214868","20221104125000","262","2","雲林縣","斗南鎮","120.430","23.670","357"
"303","214876","20221104125000","223","2","雲林縣","斗南鎮","120.445","23.675","285"
"1782","214886","20221104125000","984","3","雲林縣","斗南鎮","120.475","23.665","1844"
"37","214887","20221104125000","245","0","雲林縣","大埤鄉","120.455","23.670","47"
"287","214890","20221104125000","266","1","雲林縣","斗南鎮","120.470","23.670","247"
"2608","214891","20221104125000","1751","2","雲林縣","斗南鎮","120.475","23.670","2632"
"398","214896","20221104125000","464","0","雲林縣","斗南鎮","120.470","23.675","404"
"178","214922","20221104125000","248","0","南投縣","鹿谷鄉","120.790","23.670","165"
"265","214931","20221104125000","298","0","南投縣","鹿谷鄉","120.790","23.675","341"
"905","214932","20221104125000","414","3","南投縣","鹿谷鄉","120.800","23.670","1057"
"297","214936","20221104125000","212","2","南投縣","鹿谷鄉","120.795","23.675","294"
"57","214937","20221104125000","251","0","南投縣","鹿谷鄉","120.800","23.675","69"
"298","214940","20221104125000","206","2","南投縣","鹿谷鄉","120.795","23.680","351"
"353","214967","20221104125000","439","0","雲林縣","斗南鎮","120.485","23.640","351"
"178","214975","20221104125000","196","0","雲林縣","斗南鎮","120.480","23.665","219"
"353","214978","20221104125000","188","3","雲林縣","斗南鎮","120.485","23.670","348"
"167","215001","20221104125000","349","0","雲林縣","土庫鎮","120.390","23.665","163"
"987","215006","20221104125000","581","3","雲林縣","土庫鎮","120.380","23.675","957"
"1523","215009","20221104125000","922","3","雲林縣","土庫鎮","120.390","23.680","1534"
"36","215011","20221104125000","73","0","雲林縣","土庫鎮","120.385","23.685","31"
"134","215012","20221104125000","197","0","雲林縣","土庫鎮","120.390","23.685","151"
"206","215013","20221104125000","164","2","雲林縣","土庫鎮","120.365","23.660","337"
"232","215017","20221104125000","201","1","雲林縣","土庫鎮","120.370","23.665","289"
"224","215022","20221104125000","160","2","雲林縣","土庫鎮","120.375","23.670","228"
"449","215044","20221104125000","307","2","雲林縣","元長鄉","120.335","23.615","419"
"411","215049","20221104125000","321","2","雲林縣","元長鄉","120.335","23.620","434"
"26","215053","20221104125000","160","0","雲林縣","元長鄉","120.280","23.655","19"
"55","215072","20221104125000","58","0","雲林縣","元長鄉","120.350","23.615","63"
"359","215075","20221104125000","248","2","雲林縣","元長鄉","120.340","23.635","298"
"138","215100","20221104125000","270","0","雲林縣","元長鄉","120.330","23.660","120"
"907","215115","20221104125000","293","3","雲林縣","口湖鄉","120.165","23.615","971"
"208","215539","20221104125000","170","2","南投縣","信義鄉","120.865","23.625","187"
"85","215550","20221104125000","66","2","南投縣","信義鄉","120.895","23.630","97"
"144","215558","20221104125000","128","1","南投縣","信義鄉","120.880","23.635","158"
"261","215647","20221104125000","185","2","南投縣","信義鄉","120.860","23.665","256"
"33","215656","20221104125000","37","0","南投縣","信義鄉","120.855","23.670","59"
"148","216356","20221104125000","259","0","雲林縣","北港鎮","120.295","23.615","132"
"24","216361","20221104125000","19","2","雲林縣","斗南鎮","120.485","23.675","25"
"37","216367","20221104125000","58","0","雲林縣","斗南鎮","120.500","23.680","53"
"40","216370","20221104125000","271","0","雲林縣","斗南鎮","120.480","23.650","46"
"72","216372","20221104125000","76","0","雲林縣","斗南鎮","120.490","23.650","80"
"351","216377","20221104125000","345","1","雲林縣","斗南鎮","120.475","23.660","351"
"12","216386","20221104125000","15","0","雲林縣","元長鄉","120.335","23.630","20"
"208","216394","20221104125000","166","2","雲林縣","元長鄉","120.355","23.620","216"
"943","216409","20221104125000","654","2","雲林縣","元長鄉","120.360","23.640","896"
"147","216416","20221104125000","45","3","雲林縣","水林鄉","120.250","23.615","120"
"909","216421","20221104125000","722","2","雲林縣","斗南鎮","120.480","23.675","925"
"93","216424","20221104125000","89","1","雲林縣","斗南鎮","120.480","23.670","118"
"18","216438","20221104125000","12","3","雲林縣","斗六市","120.525","23.670","13"
"141","216439","20221104125000","81","3","雲林縣","斗六市","120.530","23.670","137"
"39","216451","20221104125000","39","1","雲林縣","斗六市","120.625","23.685","47"
"98","216459","20221104125000","288","0","雲林縣","土庫鎮","120.345","23.665","91"
"227","216478","20221104125000","77","3","雲林縣","水林鄉","120.260","23.620","189"
"165","216482","20221104125000","146","1","雲林縣","水林鄉","120.265","23.625","152"
"616","216488","20221104125000","427","2","雲林縣","斗南鎮","120.470","23.680","591"
"754","216489","20221104125000","589","2","雲林縣","斗南鎮","120.475","23.680","732"
"1276","216490","20221104125000","1210","1","雲林縣","斗南鎮","120.480","23.680","1238"
"111","216498","20221104125000","194","0","雲林縣","斗南鎮","120.515","23.645","120"
"313","216500","20221104125000","177","3","雲林縣","斗南鎮","120.505","23.650","400"
"300","216517","20221104125000","465","0","雲林縣","古坑鄉","120.540","23.660","270"
"78","216519","20221104125000","239","0","雲林縣","斗六市","120.525","23.665","85"
"143","216526","20221104125000","182","0","雲林縣","斗南鎮","120.465","23.685","144"
"23","216534","20221104125000","173","0","雲林縣","斗南鎮","120.535","23.650","18"
"82","216543","20221104125000","235","0","雲林縣","斗南鎮","120.505","23.665","96"
"26","216544","20221104125000","82","0","雲林縣","斗南鎮","120.495","23.670","18"
"243","216579","20221104125000","134","3","雲林縣","土庫鎮","120.345","23.660","240"
"347","216583","20221104125000","1116","0","雲林縣","土庫鎮","120.390","23.675","301"
"180","216589","20221104125000","363","0","雲林縣","土庫鎮","120.355","23.685","160"
"163","216595","20221104125000","306","0","雲林縣","大埤鄉","120.465","23.635","177"
"99","216597","20221104125000","285","0","雲林縣","大埤鄉","120.465","23.640","109"
"110","216607","20221104125000","237","0","雲林縣","大埤鄉","120.450","23.650","112"
"1227","216617","20221104125000","1380","0","南投縣","信義鄉","120.810","23.665","1398"
"165","216682","20221104125000","99","3","南投縣","信義鄉","120.865","23.640","147"
"47","216694","20221104125000","52","0","南投縣","信義鄉","120.875","23.660","68"
"45","216718","20221104125000","194","0","雲林縣","古坑鄉","120.565","23.625","30"
"192","216737","20221104125000","787","0","雲林縣","古坑鄉","120.565","23.640","184"
"53","216744","20221104125000","193","0","雲林縣","古坑鄉","120.575","23.645","48"
"24","216747","20221104125000","92","0","雲林縣","古坑鄉","120.585","23.645","14"
"195","216754","20221104125000","510","0","雲林縣","古坑鄉","120.550","23.610","176"
"44","216760","20221104125000","14","3","雲林縣","古坑鄉","120.545","23.615","65"
"51","216766","20221104125000","155","0","雲林縣","古坑鄉","120.540","23.620","47"
"18","216791","20221104125000","31","0","雲林縣","古坑鄉","120.605","23.670","17"
"13","216792","20221104125000","28","0","雲林縣","古坑鄉","120.595","23.670","10"
"57","216800","20221104125000","165","0","雲林縣","古坑鄉","120.590","23.685","39"
"443","216807","20221104125000","396","1","雲林縣","古坑鄉","120.565","23.645","508"
"26","216821","20221104125000","27","0","雲林縣","古坑鄉","120.605","23.655","19"
"253","216832","20221104125000","238","1","雲林縣","古坑鄉","120.575","23.675","254"
"257","216841","20221104125000","502","0","雲林縣","古坑鄉","120.570","23.685","239"
"16","216850","20221104125000","22","0","雲林縣","古坑鄉","120.610","23.610","31"
"243","216889","20221104125000","180","2","雲林縣","古坑鄉","120.600","23.685","251"
"52","216891","20221104125000","200","0","雲林縣","古坑鄉","120.610","23.685","53"
"47","216893","20221104125000","26","3","雲林縣","古坑鄉","120.620","23.685","47"
"621","216901","20221104125000","289","3","雲林縣","古坑鄉","120.635","23.615","766"
"179","216906","20221104125000","59","3","雲林縣","古坑鄉","120.640","23.620","104"
"71","216928","20221104125000","318","0","雲林縣","古坑鄉","120.560","23.670","83"
"73","216932","20221104125000","78","0","雲林縣","古坑鄉","120.570","23.610","72"
"92","216938","20221104125000","59","3","雲林縣","古坑鄉","120.575","23.615","81"
"403","216939","20221104125000","191","3","雲林縣","古坑鄉","120.580","23.615","400"
"184","216944","20221104125000","639","0","雲林縣","古坑鄉","120.560","23.620","201"
"451","216948","20221104125000","404","1","雲林縣","古坑鄉","120.580","23.620","729"
"417","216990","20221104125000","501","0","嘉義縣","大林鎮","120.470","23.620","500"
"26","217001","20221104125000","76","0","嘉義縣","大林鎮","120.495","23.620","32"
"23","217013","20221104125000","138","0","嘉義縣","大林鎮","120.500","23.625","23"
"33","217022","20221104125000","19","3","嘉義縣","大林鎮","120.490","23.615","30"
"39","217030","20221104125000","212","0","嘉義縣","大林鎮","120.420","23.615","23"
"124","217035","20221104125000","847","0","嘉義縣","大林鎮","120.435","23.620","152"
"130","217057","20221104125000","280","0","雲林縣","大埤鄉","120.395","23.625","106"
"85","217065","20221104125000","193","0","雲林縣","大埤鄉","120.380","23.620","89"
"69","217073","20221104125000","177","0","雲林縣","大埤鄉","120.425","23.665","71"
"29","217076","20221104125000","16","3","雲林縣","大埤鄉","120.415","23.665","32"
"108","217087","20221104125000","268","0","雲林縣","大埤鄉","120.470","23.655","100"
"170","217105","20221104125000","431","0","雲林縣","古坑鄉","120.555","23.625","160"
"266","217110","20221104125000","240","1","雲林縣","古坑鄉","120.555","23.630","267"
"41","217112","20221104125000","132","0","雲林縣","古坑鄉","120.550","23.640","44"
"43","217135","20221104125000","13","3","雲林縣","土庫鎮","120.395","23.680","33"
"60","217149","20221104125000","40","3","雲林縣","古坑鄉","120.710","23.610","37"
"57","217196","20221104125000","47","2","雲林縣","古坑鄉","120.590","23.650","51"
"83","217209","20221104125000","241","0","雲林縣","古坑鄉","120.575","23.665","83"
"903","217221","20221104125000","351","3","雲林縣","古坑鄉","120.560","23.650","935"
"71","217222","20221104125000","116","0","雲林縣","古坑鄉","120.560","23.655","83"
"25","217230","20221104125000","73","0","雲林縣","古坑鄉","120.515","23.625","27"
"279","217236","20221104125000","196","2","雲林縣","古坑鄉","120.525","23.630","250"
"63","217239","20221104125000","61","1","雲林縣","古坑鄉","120.520","23.635","42"
"89","217259","20221104125000","51","3","雲林縣","大埤鄉","120.420","23.625","99"
"62","217266","20221104125000","349","0","雲林縣","大埤鄉","120.420","23.635","71"
"560","217403","20221104125000","328","3","嘉義縣","溪口鄉","120.410","23.615","524"
"326","217423","20221104125000","85","3","雲林縣","大埤鄉","120.410","23.640","298"
"368","217432","20221104125000","820","0","雲林縣","大埤鄉","120.430","23.645","378"
"75","217442","20221104125000","166","0","雲林縣","大埤鄉","120.415","23.660","71"
"403","217449","20221104125000","101","3","雲林縣","東勢鄉","120.300","23.680","389"
"168","217458","20221104125000","297","0","雲林縣","東勢鄉","120.265","23.675","129"
"325","217463","20221104125000","426","0","雲林縣","東勢鄉","120.255","23.685","287"
"264","217467","20221104125000","736","0","雲林縣","東勢鄉","120.255","23.675","230"
"159","217492","20221104125000","225","0","雲林縣","四湖鄉","120.155","23.650","135"
"68","217496","20221104125000","22","3","雲林縣","四湖鄉","120.150","23.655","73"
"86","217497","20221104125000","178","0","雲林縣","四湖鄉","120.155","23.655","91"
"206","217526","20221104125000","85","3","雲林縣","元長鄉","120.320","23.615","198"
"37","217532","20221104125000","412","0","雲林縣","元長鄉","120.320","23.625","28"
"117","217546","20221104125000","65","3","雲林縣","四湖鄉","120.190","23.620","166"
"48","217550","20221104125000","106","0","雲林縣","四湖鄉","120.185","23.625","36"
"396","217561","20221104125000","624","0","雲林縣","四湖鄉","120.230","23.635","322"
"161","217585","20221104125000","142","1","雲林縣","斗六市","120.525","23.675","184"
"169","217589","20221104125000","110","3","雲林縣","斗六市","120.520","23.680","173"
"175","217593","20221104125000","570","0","雲林縣","斗六市","120.510","23.685","206"
"77","217594","20221104125000","188","0","雲林縣","斗六市","120.515","23.685","78"
"435","217597","20221104125000","185","3","雲林縣","斗南鎮","120.470","23.630","458"
"38","217604","20221104125000","26","2","雲林縣","斗南鎮","120.480","23.640","39"
"262","217605","20221104125000","84","3","雲林縣","四湖鄉","120.140","23.620","306"
"163","217610","20221104125000","61","3","雲林縣","四湖鄉","120.150","23.630","179"
"13","217614","20221104125000","43","0","雲林縣","四湖鄉","120.155","23.635","19"
"1179","217637","20221104125000","671","3","雲林縣","口湖鄉","120.160","23.610","1143"
"36","217641","20221104125000","187","0","雲林縣","元長鄉","120.310","23.615","34"
"142","217646","20221104125000","431","0","雲林縣","元長鄉","120.305","23.625","129"
"437","217654","20221104125000","164","3","雲林縣","元長鄉","120.325","23.655","463"
"106","217663","20221104125000","233","0","雲林縣","元長鄉","120.315","23.640","120"
"754","217673","20221104125000","1570","0","雲林縣","元長鄉","120.315","23.650","731"
"113","217674","20221104125000","94","2","雲林縣","元長鄉","120.300","23.655","96"
"314","217701","20221104125000","233","2","雲林縣","斗六市","120.560","23.675","318"
"24","217703","20221104125000","47","0","雲林縣","斗六市","120.555","23.680","23"
"652","217705","20221104125000","179","3","雲林縣","古坑鄉","120.565","23.680","537"
"25","217707","20221104125000","160","0","雲林縣","斗六市","120.550","23.685","27"
"84","217708","20221104125000","80","1","雲林縣","斗六市","120.555","23.685","89"
"269","217711","20221104125000","661","0","雲林縣","斗六市","120.540","23.675","294"
"22","217712","20221104125000","91","0","雲林縣","斗六市","120.545","23.675","26"
"557","217716","20221104125000","424","2","雲林縣","斗六市","120.545","23.680","606"
"625","217718","20221104125000","441","2","雲林縣","斗六市","120.540","23.685","628"
"123","217728","20221104125000","402","0","雲林縣","大埤鄉","120.450","23.665","84"
"290","217747","20221104125000","173","3","雲林縣","四湖鄉","120.220","23.635","288"
"141","217753","20221104125000","414","0","雲林縣","四湖鄉","120.225","23.645","135"
"185","217774","20221104125000","449","0","雲林縣","四湖鄉","120.175","23.680","165"
"30","217781","20221104125000","148","0","雲林縣","口湖鄉","120.200","23.615","35"
"319","217799","20221104125000","143","3","雲林縣","四湖鄉","120.215","23.635","323"
"1218","217801","20221104125000","606","3","雲林縣","四湖鄉","120.225","23.635","1274"
"72","217817","20221104125000","144","0","雲林縣","虎尾鎮","120.405","23.680","85"
"78","217819","20221104125000","230","0","雲林縣","虎尾鎮","120.415","23.680","79"
"450","217821","20221104125000","423","1","雲林縣","虎尾鎮","120.410","23.685","481"
"143","217830","20221104125000","119","2","南投縣","竹山鎮","120.660","23.670","161"
"276","217842","20221104125000","727","0","雲林縣","大埤鄉","120.450","23.630","264"
"58","217845","20221104125000","286","0","雲林縣","大埤鄉","120.465","23.630","65"
"83","217877","20221104125000","159","0","雲林縣","大埤鄉","120.395","23.650","92"
"20","217883","20221104125000","154","0","雲林縣","大埤鄉","120.400","23.655","20"
"65","217899","20221104125000","167","0","南投縣","竹山鎮","120.670","23.670","62"
"76","217987","20221104125000","119","0","南投縣","竹山鎮","120.805","23.620","99"
"256","218026","20221104125000","309","0","南投縣","竹山鎮","120.800","23.625","241"
"208","218047","20221104125000","198","1","南投縣","竹山鎮","120.795","23.630","323"
"32","218070","20221104125000","26","2","南投縣","竹山鎮","120.795","23.635","49"
"212","218092","20221104125000","166","2","南投縣","竹山鎮","120.790","23.640","390"
"22","218138","20221104125000","40","0","南投縣","竹山鎮","120.795","23.650","39"
"325","218153","20221104125000","482","0","南投縣","竹山鎮","120.765","23.655","303"
"118","218168","20221104125000","86","2","南投縣","竹山鎮","120.745","23.660","100"
"26","218188","20221104125000","29","0","南投縣","鹿谷鄉","120.770","23.665","31"
"1088","218218","20221104125000","887","2","南投縣","竹山鎮","120.760","23.675","1036"
"108","218283","20221104125000","119","0","南投縣","竹山鎮","120.655","23.645","125"
"118","218348","20221104125000","118","1","南投縣","竹山鎮","120.665","23.650","118"
"147","218364","20221104125000","106","2","南投縣","竹山鎮","120.665","23.660","143"
"196","218380","20221104125000","281","0","雲林縣","台西鄉","120.210","23.675","218"
"44","218386","20221104125000","157","0","雲林縣","台西鄉","120.225","23.680","46"
"111","218399","20221104125000","246","0","雲林縣","台西鄉","120.180","23.680","110"
"104","218413","20221104125000","193","0","雲林縣","台西鄉","120.210","23.665","115"
"62","219194","20221104125000","50","2","花蓮縣","豐濱鄉","121.555","23.695","90"
"229","222539","20221104125000","484","0","澎湖縣","白沙鄉","119.610","23.750","309"
"808","223474","20221104125000","570","2","花蓮縣","鳳林鎮","121.445","23.745","843"
"106","223481","20221104125000","55","3","花蓮縣","鳳林鎮","121.445","23.750","76"
"114","223503","20221104125000","131","0","花蓮縣","光復鄉","121.410","23.685","130"
"15","223582","20221104125000","15","1","花蓮縣","壽豐鄉","121.560","23.755","10"
"430","223610","20221104125000","298","2","雲林縣","二崙鄉","120.420","23.755","488"
"38","223616","20221104125000","58","0","雲林縣","二崙鄉","120.425","23.755","45"
"202","223971","20221104125000","121","3","花蓮縣","鳳林鎮","121.455","23.745","230"
"232","223986","20221104125000","191","2","花蓮縣","鳳林鎮","121.465","23.755","213"
"235","224005","20221104125000","209","1","花蓮縣","鳳林鎮","121.505","23.710","282"
"81","224077","20221104125000","46","3","花蓮縣","鳳林鎮","121.500","23.760","64"
"64","224149","20221104125000","64","1","花蓮縣","鳳林鎮","121.410","23.700","55"
"357","224179","20221104125000","577","0","花蓮縣","鳳林鎮","121.420","23.710","375"
"57","224210","20221104125000","38","3","花蓮縣","萬榮鄉","121.395","23.715","43"
"50","224212","20221104125000","68","0","花蓮縣","萬榮鄉","121.405","23.715","58"
"519","224231","20221104125000","356","2","花蓮縣","鳳林鎮","121.450","23.750","563"
"290","224245","20221104125000","287","1","花蓮縣","鳳林鎮","121.440","23.725","351"
"805","224262","20221104125000","899","0","花蓮縣","鳳林鎮","121.450","23.745","882"
"88","224270","20221104125000","388","0","雲林縣","土庫鎮","120.365","23.705","78"
"134","224272","20221104125000","227","0","雲林縣","土庫鎮","120.365","23.710","116"
"33","224301","20221104125000","70","0","雲林縣","二崙鄉","120.410","23.750","30"
"201","224441","20221104125000","138","2","花蓮縣","萬榮鄉","121.400","23.705","235"
"260","224591","20221104125000","247","1","花蓮縣","鳳林鎮","121.450","23.760","309"
"87","224688","20221104125000","70","2","花蓮縣","豐濱鄉","121.560","23.730","126"
"55","224707","20221104125000","135","0","雲林縣","二崙鄉","120.395","23.750","62"
"60","224725","20221104125000","67","0","雲林縣","元長鄉","120.330","23.690","49"
"270","224731","20221104125000","254","1","雲林縣","斗六市","120.565","23.730","312"
"995","224732","20221104125000","612","3","雲林縣","斗六市","120.555","23.735","1111"
"19","224733","20221104125000","15","2","雲林縣","斗六市","120.560","23.735","15"
"338","224734","20221104125000","243","2","雲林縣","斗六市","120.565","23.735","319"
"574","224735","20221104125000","316","3","雲林縣","斗六市","120.550","23.740","569"
"70","224737","20221104125000","43","3","雲林縣","斗六市","120.560","23.740","72"
"152","224742","20221104125000","211","0","雲林縣","斗六市","120.560","23.745","146"
"80","224761","20221104125000","389","0","雲林縣","褒忠鄉","120.280","23.705","89"
"376","224763","20221104125000","193","3","雲林縣","東勢鄉","120.270","23.710","412"
"266","224805","20221104125000","132","3","雲林縣","東勢鄉","120.255","23.735","265"
"162","224806","20221104125000","151","1","雲林縣","斗南鎮","120.485","23.690","157"
"133","224834","20221104125000","203","0","南投縣","鹿谷鄉","120.795","23.690","138"
"83","224863","20221104125000","237","0","南投縣","鹿谷鄉","120.780","23.720","74"
"208","224872","20221104125000","177","1","南投縣","鹿谷鄉","120.745","23.760","252"
"119","224873","20221104125000","125","0","南投縣","鹿谷鄉","120.725","23.765","118"
"362","224875","20221104125000","394","0","南投縣","鹿谷鄉","120.735","23.765","345"
"418","224896","20221104125000","459","0","南投縣","鹿谷鄉","120.780","23.705","474"
"44","224917","20221104125000","125","0","雲林縣","土庫鎮","120.365","23.730","43"
"404","224920","20221104125000","239","3","雲林縣","土庫鎮","120.385","23.690","394"
"789","224923","20221104125000","255","3","雲林縣","土庫鎮","120.390","23.695","802"
"116","224936","20221104125000","291","0","南投縣","鹿谷鄉","120.770","23.730","91"
"331","224950","20221104125000","341","0","南投縣","鹿谷鄉","120.760","23.740","403"
"411","224951","20221104125000","404","1","南投縣","鹿谷鄉","120.765","23.740","415"
"321","224973","20221104125000","790","0","南投縣","鹿谷鄉","120.775","23.750","272"
"335","225062","20221104125000","332","1","南投縣","鹿谷鄉","120.755","23.725","437"
"38","225085","20221104125000","16","3","南投縣","鹿谷鄉","120.740","23.730","19"
"69","225138","20221104125000","82","0","南投縣","鹿谷鄉","120.820","23.720","64"
"393","225159","20221104125000","373","1","南投縣","鹿谷鄉","120.790","23.730","330"
"322","225192","20221104125000","386","0","南投縣","鹿谷鄉","120.755","23.745","333"
"713","225195","20221104125000","527","2","南投縣","鹿谷鄉","120.755","23.750","679"
"232","225196","20221104125000","275","0","南投縣","鹿谷鄉","120.745","23.755","217"
"1178","225206","20221104125000","836","2","雲林縣","麥寮鄉","120.185","23.760","1222"
"522","225215","20221104125000","602","0","雲林縣","斗六市","120.575","23.725","546"
"280","225247","20221104125000","199","2","南投縣","信義鄉","120.850","23.695","270"
"289","225254","20221104125000","211","2","南投縣","信義鄉","120.885","23.695","232"
"54","225259","20221104125000","162","0","南投縣","信義鄉","120.850","23.700","85"
"274","225307","20221104125000","184","2","南投縣","信義鄉","120.850","23.685","277"
"157","225309","20221104125000","116","2","南投縣","信義鄉","120.850","23.690","154"
"219","225972","20221104125000","171","2","雲林縣","斗南鎮","120.500","23.690","192"
"103","225977","20221104125000","668","0","雲林縣","斗南鎮","120.480","23.700","126"
"45","225978","20221104125000","260","0","雲林縣","斗南鎮","120.485","23.700","40"
"231","225980","20221104125000","285","0","雲林縣","斗南鎮","120.495","23.700","238"
"21","225985","20221104125000","14","3","雲林縣","斗南鎮","120.485","23.710","26"
"135","225991","20221104125000","305","0","雲林縣","斗六市","120.500","23.710","111"
"338","226020","20221104125000","179","3","南投縣","水里鄉","120.855","23.730","313"
"3121","226032","20221104125000","1276","3","雲林縣","斗六市","120.535","23.700","3016"
"1305","226033","20221104125000","819","3","雲林縣","斗六市","120.540","23.705","1261"
"701","226034","20221104125000","811","0","雲林縣","斗六市","120.555","23.710","680"
"1210","226037","20221104125000","1003","2","雲林縣","斗六市","120.555","23.715","1251"
"3331","226039","20221104125000","1968","3","雲林縣","斗六市","120.525","23.695","3399"
"1872","226040","20221104125000","668","3","雲林縣","斗六市","120.530","23.695","1870"
"3140","226042","20221104125000","1358","3","雲林縣","斗六市","120.535","23.705","3158"
"220","226047","20221104125000","100","3","雲林縣","斗六市","120.560","23.725","263"
"712","226050","20221104125000","353","3","雲林縣","斗六市","120.530","23.730","704"
"110","226056","20221104125000","292","0","雲林縣","斗六市","120.530","23.735","137"
"28","226057","20221104125000","35","0","雲林縣","斗六市","120.535","23.735","41"
"197","226058","20221104125000","229","0","雲林縣","斗六市","120.540","23.735","216"
"523","226062","20221104125000","388","2","雲林縣","斗六市","120.540","23.740","496"
"23","226065","20221104125000","24","0","雲林縣","斗六市","120.505","23.690","33"
"193","226075","20221104125000","223","0","雲林縣","斗六市","120.510","23.705","213"
"1733","226079","20221104125000","478","3","雲林縣","斗六市","120.525","23.690","1753"
"412","226080","20221104125000","765","0","雲林縣","斗六市","120.530","23.690","368"
"1690","226081","20221104125000","842","3","雲林縣","斗六市","120.535","23.690","1758"
"19","226082","20221104125000","270","0","雲林縣","斗六市","120.535","23.695","24"
"1155","226083","20221104125000","773","2","雲林縣","斗六市","120.595","23.710","1223"
"18","226085","20221104125000","175","0","雲林縣","斗六市","120.585","23.715","18"
"30","226086","20221104125000","26","1","雲林縣","斗六市","120.590","23.715","20"
"1195","226091","20221104125000","815","2","雲林縣","斗六市","120.595","23.715","1236"
"70","226098","20221104125000","155","0","雲林縣","斗六市","120.625","23.695","72"
"236","226124","20221104125000","207","1","雲林縣","斗六市","120.600","23.715","195"
"16","226125","20221104125000","24","0","雲林縣","斗六市","120.610","23.715","17"
"21","226131","20221104125000","30","0","雲林縣","斗六市","120.605","23.715","17"
"3424","226137","20221104125000","1994","3","雲林縣","斗六市","120.540","23.700","3416"
"291","226143","20221104125000","319","0","雲林縣","斗六市","120.505","23.715","279"
"963","226146","20221104125000","369","3","雲林縣","斗六市","120.525","23.715","949"
"955","226149","20221104125000","791","2","雲林縣","斗六市","120.505","23.720","952"
"370","226151","20221104125000","279","2","雲林縣","斗六市","120.515","23.720","360"
"1017","226153","20221104125000","537","3","雲林縣","斗六市","120.525","23.720","1104"
"1498","226159","20221104125000","1045","2","雲林縣","斗六市","120.520","23.725","1595"
"325","226168","20221104125000","897","0","雲林縣","土庫鎮","120.355","23.705","345"
"43","226173","20221104125000","470","0","雲林縣","斗南鎮","120.475","23.690","50"
"249","226174","20221104125000","238","1","雲林縣","斗南鎮","120.480","23.690","250"
"408","226175","20221104125000","344","1","雲林縣","斗南鎮","120.465","23.695","451"
"36","226182","20221104125000","149","0","雲林縣","崙背鄉","120.345","23.755","26"
"108","226190","20221104125000","350","0","雲林縣","崙背鄉","120.305","23.755","122"
"277","226206","20221104125000","108","3","雲林縣","土庫鎮","120.345","23.695","280"
"80","226232","20221104125000","372","0","南投縣","水里鄉","120.845","23.745","77"
"354","226259","20221104125000","274","2","雲林縣","虎尾鎮","120.445","23.705","422"
"90","226261","20221104125000","316","0","雲林縣","虎尾鎮","120.455","23.705","78"
"923","226263","20221104125000","942","0","雲林縣","虎尾鎮","120.450","23.710","884"
"663","226265","20221104125000","419","3","雲林縣","虎尾鎮","120.445","23.710","641"
"217","226266","20221104125000","288","0","雲林縣","虎尾鎮","120.450","23.715","329"
"279","226267","20221104125000","211","2","雲林縣","虎尾鎮","120.415","23.715","322"
"510","226268","20221104125000","313","3","雲林縣","虎尾鎮","120.420","23.715","571"
"181","226277","20221104125000","255","0","雲林縣","虎尾鎮","120.420","23.725","205"
"1070","226286","20221104125000","1021","1","雲林縣","虎尾鎮","120.425","23.735","1060"
"981","226287","20221104125000","440","3","雲林縣","虎尾鎮","120.415","23.740","828"
"415","226291","20221104125000","403","1","雲林縣","斗六市","120.575","23.715","514"
"341","226293","20221104125000","421","0","雲林縣","斗六市","120.580","23.720","346"
"1146","226294","20221104125000","1099","1","雲林縣","斗六市","120.585","23.720","1121"
"759","226298","20221104125000","731","1","雲林縣","斗六市","120.585","23.725","720"
"47","226299","20221104125000","53","0","雲林縣","斗六市","120.590","23.725","62"
"370","226302","20221104125000","271","2","雲林縣","斗六市","120.590","23.730","330"
"154","226669","20221104125000","404","0","雲林縣","崙背鄉","120.380","23.750","159"
"88","226674","20221104125000","104","0","雲林縣","崙背鄉","120.385","23.755","76"
"358","226678","20221104125000","172","3","雲林縣","崙背鄉","120.375","23.760","371"
"804","226684","20221104125000","262","3","雲林縣","斗六市","120.560","23.695","848"
"332","226686","20221104125000","92","3","雲林縣","斗六市","120.555","23.700","319"
"729","226687","20221104125000","149","3","雲林縣","斗六市","120.560","23.700","738"
"631","226689","20221104125000","253","3","雲林縣","斗六市","120.560","23.705","695"
"359","226695","20221104125000","465","0","雲林縣","斗六市","120.575","23.700","376"
"116","226701","20221104125000","281","0","雲林縣","斗六市","120.605","23.700","100"
"19","226707","20221104125000","17","1","雲林縣","斗六市","120.600","23.705","16"
"1156","226714","20221104125000","600","3","雲林縣","虎尾鎮","120.430","23.715","1063"
"344","226715","20221104125000","484","0","雲林縣","虎尾鎮","120.440","23.715","342"
"30","226718","20221104125000","47","0","雲林縣","斗六市","120.570","23.690","30"
"106","226726","20221104125000","72","2","雲林縣","古坑鄉","120.605","23.695","123"
"176","226731","20221104125000","179","0","雲林縣","虎尾鎮","120.400","23.715","193"
"78","226733","20221104125000","291","0","雲林縣","虎尾鎮","120.410","23.715","72"
"110","226737","20221104125000","376","0","雲林縣","虎尾鎮","120.445","23.715","108"
"150","226738","20221104125000","85","3","雲林縣","虎尾鎮","120.445","23.720","165"
"526","226739","20221104125000","422","2","雲林縣","虎尾鎮","120.450","23.720","587"
"503","226749","20221104125000","309","3","雲林縣","東勢鄉","120.250","23.715","503"
"88","226761","20221104125000","326","0","雲林縣","莿桐鄉","120.500","23.750","98"
"551","226763","20221104125000","252","3","雲林縣","莿桐鄉","120.510","23.750","674"
"251","226767","20221104125000","1038","0","雲林縣","莿桐鄉","120.500","23.760","234"
"87","226768","20221104125000","381","0","雲林縣","莿桐鄉","120.505","23.760","76"
"60","226770","20221104125000","27","3","雲林縣","莿桐鄉","120.500","23.765","61"
"41","226788","20221104125000","207","0","雲林縣","虎尾鎮","120.405","23.700","35"
"599","226802","20221104125000","255","3","雲林縣","虎尾鎮","120.460","23.710","529"
"38","226804","20221104125000","70","0","雲林縣","虎尾鎮","120.470","23.710","116"
"1284","226807","20221104125000","508","3","雲林縣","虎尾鎮","120.470","23.715","1161"
"206","226810","20221104125000","128","3","雲林縣","虎尾鎮","120.460","23.715","217"
"76","226820","20221104125000","158","0","雲林縣","東勢鄉","120.245","23.690","83"
"88","226824","20221104125000","98","0","雲林縣","斗六市","120.600","23.725","80"
"224","226828","20221104125000","218","1","雲林縣","林內鄉","120.595","23.735","275"
"133","226841","20221104125000","657","0","雲林縣","林內鄉","120.595","23.750","145"
"66","226857","20221104125000","222","0","雲林縣","林內鄉","120.635","23.755","68"
"1873","226870","20221104125000","842","3","雲林縣","林內鄉","120.610","23.755","1798"
"58","226877","20221104125000","268","0","雲林縣","林內鄉","120.615","23.765","54"
"142","226880","20221104125000","430","0","雲林縣","林內鄉","120.620","23.765","165"
"72","226886","20221104125000","371","0","雲林縣","林內鄉","120.615","23.760","67"
"44","226903","20221104125000","70","0","雲林縣","林內鄉","120.620","23.745","32"
"26","226920","20221104125000","64","0","雲林縣","林內鄉","120.625","23.720","23"
"158","226924","20221104125000","121","2","雲林縣","林內鄉","120.610","23.725","153"
"139","226957","20221104125000","320","0","雲林縣","林內鄉","120.590","23.760","136"
"3470","226964","20221104125000","1739","3","雲林縣","斗六市","120.555","23.705","3445"
"1144","226965","20221104125000","816","2","雲林縣","斗六市","120.530","23.715","1146"
"422","226966","20221104125000","412","1","雲林縣","斗六市","120.535","23.710","491"
"1483","226967","20221104125000","955","3","雲林縣","斗六市","120.535","23.715","1555"
"52","227221","20221104125000","34","3","雲林縣","斗六市","120.545","23.720","66"
"262","227224","20221104125000","158","3","雲林縣","斗六市","120.540","23.725","283"
"126","227240","20221104125000","158","0","雲林縣","東勢鄉","120.270","23.705","79"
"69","227244","20221104125000","180","0","雲林縣","東勢鄉","120.285","23.690","50"
"71","227262","20221104125000","221","0","雲林縣","東勢鄉","120.250","23.705","61"
"140","227268","20221104125000","99","2","雲林縣","西螺鎮","120.460","23.760","210"
"1965","227273","20221104125000","1036","3","雲林縣","斗六市","120.545","23.715","1928"
"85","227274","20221104125000","91","0","雲林縣","斗六市","120.565","23.710","80"
"1040","227276","20221104125000","715","2","雲林縣","斗六市","120.565","23.715","1000"
"181","227279","20221104125000","169","1","雲林縣","斗六市","120.560","23.715","135"
"444","227280","20221104125000","432","1","雲林縣","斗六市","120.565","23.720","459"
"123","227287","20221104125000","324","0","雲林縣","土庫鎮","120.345","23.705","106"
"159","227301","20221104125000","115","2","雲林縣","斗六市","120.520","23.695","193"
"34","227302","20221104125000","40","0","雲林縣","斗六市","120.520","23.700","23"
"159","227303","20221104125000","320","0","雲林縣","斗六市","120.525","23.700","152"
"11","227305","20221104125000","51","0","雲林縣","斗六市","120.525","23.705","11"
"69","227306","20221104125000","1147","0","雲林縣","斗六市","120.530","23.705","60"
"35","227309","20221104125000","43","0","雲林縣","斗六市","120.525","23.710","46"
"13","227316","20221104125000","318","0","雲林縣","斗六市","120.515","23.715","15"
"58","227320","20221104125000","128","0","雲林縣","斗六市","120.565","23.695","48"
"1617","227328","20221104125000","1817","0","雲林縣","斗六市","120.540","23.710","1528"
"943","227329","20221104125000","607","3","雲林縣","斗六市","120.540","23.715","937"
"620","227330","20221104125000","656","0","雲林縣","斗六市","120.550","23.715","600"
"22","227339","20221104125000","260","0","雲林縣","斗六市","120.565","23.750","28"
"3832","227348","20221104125000","3161","2","雲林縣","斗六市","120.545","23.710","3699"
"986","227349","20221104125000","887","1","雲林縣","斗六市","120.540","23.690","1002"
"424","227350","20221104125000","1029","0","雲林縣","斗六市","120.550","23.710","432"
"117","227351","20221104125000","133","0","雲林縣","崙背鄉","120.360","23.755","127"
"148","227355","20221104125000","299","0","雲林縣","崙背鄉","120.370","23.755","139"
"958","227359","20221104125000","829","1","雲林縣","崙背鄉","120.350","23.760","905"
"159","227365","20221104125000","125","2","雲林縣","崙背鄉","120.330","23.750","176"
"87","227373","20221104125000","217","0","雲林縣","崙背鄉","120.315","23.755","105"
"55","227383","20221104125000","149","0","雲林縣","崙背鄉","120.335","23.760","47"
"186","227395","20221104125000","198","0","雲林縣","西螺鎮","120.435","23.755","174"
"232","227444","20221104125000","662","0","雲林縣","台西鄉","120.200","23.715","231"
"87","227446","20221104125000","77","1","雲林縣","台西鄉","120.210","23.715","102"
"442","227476","20221104125000","1277","0","雲林縣","台西鄉","120.200","23.700","433"
"388","227502","20221104125000","724","0","南投縣","竹山鎮","120.695","23.760","478"
"348","227503","20221104125000","352","0","南投縣","竹山鎮","120.685","23.765","268"
"93","227504","20221104125000","79","1","南投縣","竹山鎮","120.690","23.765","103"
"265","227505","20221104125000","227","1","南投縣","竹山鎮","120.695","23.765","293"
"54","227537","20221104125000","112","0","南投縣","竹山鎮","120.725","23.755","38"
"15","227540","20221104125000","39","0","南投縣","竹山鎮","120.710","23.760","17"
"142","227544","20221104125000","111","2","雲林縣","莿桐鄉","120.525","23.735","145"
"134","227559","20221104125000","435","0","雲林縣","莿桐鄉","120.505","23.730","132"
"63","227564","20221104125000","237","0","雲林縣","莿桐鄉","120.515","23.735","55"
"118","227570","20221104125000","312","0","雲林縣","莿桐鄉","120.515","23.740","91"
"26","227577","20221104125000","115","0","雲林縣","莿桐鄉","120.490","23.760","25"
"368","227581","20221104125000","299","2","雲林縣","虎尾鎮","120.435","23.720","341"
"229","227585","20221104125000","156","2","雲林縣","虎尾鎮","120.435","23.735","283"
"367","227588","20221104125000","221","3","雲林縣","虎尾鎮","120.435","23.690","446"
"331","227593","20221104125000","373","0","雲林縣","虎尾鎮","120.435","23.695","410"
"132","227603","20221104125000","367","0","雲林縣","土庫鎮","120.375","23.705","130"
"280","227604","20221104125000","153","3","雲林縣","虎尾鎮","120.380","23.705","333"
"453","227632","20221104125000","197","3","雲林縣","褒忠鄉","120.340","23.735","443"
"174","227636","20221104125000","604","0","南投縣","竹山鎮","120.680","23.750","186"
"531","227637","20221104125000","465","1","南投縣","竹山鎮","120.675","23.755","535"
"2557","227638","20221104125000","2131","1","南投縣","竹山鎮","120.680","23.755","2520"
"110","227639","20221104125000","87","2","南投縣","竹山鎮","120.685","23.755","104"
"97","227640","20221104125000","482","0","雲林縣","虎尾鎮","120.420","23.700","77"
"203","227642","20221104125000","162","2","雲林縣","虎尾鎮","120.420","23.705","183"
"453","227645","20221104125000","348","2","雲林縣","虎尾鎮","120.420","23.710","489"
"3537","227647","20221104125000","2932","2","雲林縣","虎尾鎮","120.435","23.710","3450"
"224","227655","20221104125000","212","1","雲林縣","褒忠鄉","120.310","23.720","256"
"219","227684","20221104125000","220","0","雲林縣","虎尾鎮","120.405","23.725","236"
"274","227697","20221104125000","119","3","雲林縣","虎尾鎮","120.395","23.735","270"
"386","227698","20221104125000","303","2","雲林縣","虎尾鎮","120.400","23.735","331"
"471","227706","20221104125000","364","2","雲林縣","虎尾鎮","120.405","23.740","407"
"1499","227716","20221104125000","1560","0","雲林縣","虎尾鎮","120.430","23.705","1630"
"687","227717","20221104125000","495","2","雲林縣","虎尾鎮","120.435","23.705","632"
"248","227722","20221104125000","131","3","雲林縣","崙背鄉","120.345","23.750","249"
"328","227728","20221104125000","695","0","雲林縣","崙背鄉","120.350","23.750","274"
"66","227730","20221104125000","385","0","雲林縣","崙背鄉","120.350","23.755","55"
"78","227733","20221104125000","77","1","雲林縣","虎尾鎮","120.400","23.710","105"
"604","227738","20221104125000","467","2","雲林縣","虎尾鎮","120.430","23.710","672"
"85","227741","20221104125000","242","0","雲林縣","斗南鎮","120.485","23.720","85"
"12","227744","20221104125000","16","0","雲林縣","虎尾鎮","120.485","23.725","12"
"549","227745","20221104125000","253","3","雲林縣","虎尾鎮","120.490","23.725","508"
"198","227748","20221104125000","125","3","雲林縣","虎尾鎮","120.480","23.730","271"
"1220","227763","20221104125000","668","3","雲林縣","虎尾鎮","120.440","23.710","1109"
"76","227766","20221104125000","508","0","雲林縣","虎尾鎮","120.390","23.705","92"
"382","227798","20221104125000","548","0","南投縣","竹山鎮","120.710","23.765","389"
"572","227807","20221104125000","582","0","南投縣","竹山鎮","120.700","23.765","583"
"222","227808","20221104125000","152","2","南投縣","竹山鎮","120.705","23.765","259"
"457","227840","20221104125000","514","0","南投縣","竹山鎮","120.685","23.760","464"
"176","227842","20221104125000","551","0","南投縣","竹山鎮","120.675","23.760","179"
"212","227852","20221104125000","151","2","南投縣","竹山鎮","120.650","23.705","192"
"32","227871","20221104125000","89","0","南投縣","竹山鎮","120.655","23.720","38"
"623","227882","20221104125000","433","2","雲林縣","虎尾鎮","120.430","23.700","827"
"204","227894","20221104125000","597","0","雲林縣","虎尾鎮","120.460","23.725","218"
"64","227907","20221104125000","207","0","雲林縣","虎尾鎮","120.465","23.740","62"
"2231","227921","20221104125000","1867","1","雲林縣","褒忠鄉","120.315","23.695","1880"
"158","227938","20221104125000","84","3","南投縣","竹山鎮","120.715","23.695","112"
"37","227947","20221104125000","39","0","南投縣","竹山鎮","120.715","23.705","51"
"44","227979","20221104125000","42","1","南投縣","竹山鎮","120.700","23.705","18"
"175","228012","20221104125000","343","0","雲林縣","褒忠鄉","120.285","23.700","139"
"1435","228016","20221104125000","627","3","雲林縣","褒忠鄉","120.315","23.710","1258"
"179","228047","20221104125000","120","2","南投縣","竹山鎮","120.665","23.755","201"
"484","228051","20221104125000","431","1","南投縣","竹山鎮","120.665","23.760","458"
"765","228091","20221104125000","334","3","雲林縣","台西鄉","120.215","23.740","764"
"259","228138","20221104125000","309","0","雲林縣","崙背鄉","120.295","23.760","328"
"51","228142","20221104125000","267","0","雲林縣","虎尾鎮","120.440","23.720","50"
"672","228151","20221104125000","194","3","雲林縣","麥寮鄉","120.260","23.750","724"
"807","228157","20221104125000","340","3","雲林縣","麥寮鄉","120.255","23.760","842"
"2176","228161","20221104125000","1418","3","雲林縣","斗六市","120.545","23.705","2249"
"481","228162","20221104125000","365","2","雲林縣","斗六市","120.550","23.705","494"
"41","228176","20221104125000","302","0","南投縣","竹山鎮","120.665","23.740","28"
"103","228194","20221104125000","129","0","南投縣","竹山鎮","120.705","23.745","117"
"40","228199","20221104125000","31","2","南投縣","竹山鎮","120.700","23.750","37"
"416","228200","20221104125000","282","2","南投縣","竹山鎮","120.690","23.755","458"
"95","228205","20221104125000","56","3","南投縣","竹山鎮","120.680","23.745","103"
"151","228207","20221104125000","163","0","南投縣","竹山鎮","120.675","23.750","151"
"196","228209","20221104125000","514","0","雲林縣","台西鄉","120.210","23.720","217"
"1650","228228","20221104125000","741","3","雲林縣","台西鄉","120.220","23.720","1528"
"39","228231","20221104125000","17","3","雲林縣","台西鄉","120.215","23.700","42"
"189","228245","20221104125000","357","0","雲林縣","台西鄉","120.190","23.700","188"
"65","228266","20221104125000","173","0","雲林縣","麥寮鄉","120.260","23.745","72"
"640","228271","20221104125000","523","2","雲林縣","麥寮鄉","120.250","23.750","662"
"653","228272","20221104125000","1635","0","雲林縣","麥寮鄉","120.255","23.750","612"
"532","228274","20221104125000","263","3","雲林縣","麥寮鄉","120.265","23.750","525"
"103","228278","20221104125000","455","0","雲林縣","莿桐鄉","120.480","23.745","109"
"1208","228283","20221104125000","907","2","雲林縣","西螺鎮","120.465","23.755","1090"
"243","228312","20221104125000","744","0","雲林縣","麥寮鄉","120.240","23.750","254"
"186","228321","20221104125000","157","1","雲林縣","台西鄉","120.220","23.750","181"
"325","228335","20221104125000","289","1","雲林縣","虎尾鎮","120.420","23.690","340"
"233","228337","20221104125000","197","1","雲林縣","虎尾鎮","120.425","23.695","220"
"3089","228338","20221104125000","2189","2","雲林縣","虎尾鎮","120.425","23.700","3025"
"56","228340","20221104125000","595","0","雲林縣","虎尾鎮","120.425","23.710","70"
"29","228375","20221104125000","79","0","南投縣","竹山鎮","120.665","23.725","40"
"53","228395","20221104125000","97","0","南投縣","竹山鎮","120.690","23.725","45"
"209","228399","20221104125000","107","3","南投縣","竹山鎮","120.710","23.725","201"
"37","228402","20221104125000","126","0","南投縣","竹山鎮","120.690","23.730","30"
"318","228415","20221104125000","1056","0","南投縣","竹山鎮","120.680","23.760","265"
"701","228711","20221104125000","465","3","雲林縣","麥寮鄉","120.170","23.770","633"
"476","230307","20221104125000","621","0","雲林縣","麥寮鄉","120.180","23.795","484"
"30","232186","20221104125000","47","0","花蓮縣","壽豐鄉","121.585","23.825","40"
"132","233034","20221104125000","118","1","花蓮縣","壽豐鄉","121.565","23.780","126"
"12","233064","20221104125000","14","0","花蓮縣","壽豐鄉","121.570","23.800","15"
"94","233104","20221104125000","52","3","花蓮縣","壽豐鄉","121.460","23.810","122"
"270","233119","20221104125000","247","1","花蓮縣","壽豐鄉","121.475","23.815","321"
"199","233140","20221104125000","161","2","花蓮縣","壽豐鄉","121.480","23.825","197"
"517","233238","20221104125000","533","0","花蓮縣","壽豐鄉","121.515","23.840","501"
"64","233282","20221104125000","117","0","雲林縣","二崙鄉","120.420","23.815","97"
"24","234003","20221104125000","21","1","花蓮縣","鳳林鎮","121.475","23.795","17"
"189","234014","20221104125000","190","0","花蓮縣","鳳林鎮","121.455","23.800","244"
"165","234015","20221104125000","105","3","花蓮縣","鳳林鎮","121.460","23.800","166"
"60","234031","20221104125000","51","1","花蓮縣","鳳林鎮","121.465","23.805","41"
"346","234042","20221104125000","266","2","花蓮縣","萬榮鄉","121.445","23.810","367"
"1244","234074","20221104125000","1255","0","雲林縣","二崙鄉","120.415","23.770","1319"
"57","234106","20221104125000","193","0","雲林縣","二崙鄉","120.410","23.815","29"
"62","234119","20221104125000","11","3","雲林縣","二崙鄉","120.415","23.795","66"
"104","234120","20221104125000","362","0","雲林縣","二崙鄉","120.420","23.795","90"
"538","234127","20221104125000","345","3","雲林縣","二崙鄉","120.385","23.795","506"
"474","234130","20221104125000","272","3","雲林縣","二崙鄉","120.380","23.800","423"
"326","234162","20221104125000","195","3","雲林縣","二崙鄉","120.395","23.820","459"
"240","234274","20221104125000","163","2","花蓮縣","鳳林鎮","121.460","23.780","278"
"90","234277","20221104125000","66","2","花蓮縣","鳳林鎮","121.460","23.785","89"
"96","234283","20221104125000","385","0","雲林縣","二崙鄉","120.410","23.805","102"
"48","234324","20221104125000","124","0","雲林縣","二崙鄉","120.395","23.765","41"
"74","234338","20221104125000","384","0","雲林縣","二崙鄉","120.365","23.805","73"
"288","234386","20221104125000","550","0","雲林縣","二崙鄉","120.395","23.790","305"
"906","234401","20221104125000","553","3","雲林縣","西螺鎮","120.470","23.795","923"
"268","234404","20221104125000","266","1","雲林縣","西螺鎮","120.470","23.800","264"
"281","234406","20221104125000","262","1","雲林縣","西螺鎮","120.480","23.800","280"
"1584","234413","20221104125000","904","3","雲林縣","西螺鎮","120.450","23.785","1573"
"446","234424","20221104125000","215","3","雲林縣","麥寮鄉","120.270","23.770","419"
"664","234432","20221104125000","328","3","雲林縣","麥寮鄉","120.265","23.780","653"
"139","234453","20221104125000","23","3","雲林縣","麥寮鄉","120.235","23.790","132"
"98","234454","20221104125000","362","0","雲林縣","麥寮鄉","120.240","23.790","121"
"2182","234481","20221104125000","1480","2","南投縣","水里鄉","120.855","23.815","2241"
"132","234482","20221104125000","100","2","南投縣","水里鄉","120.860","23.815","140"
"33","234513","20221104125000","251","0","雲林縣","西螺鎮","120.485","23.785","22"
"288","234539","20221104125000","214","2","雲林縣","西螺鎮","120.450","23.775","299"
"1180","234540","20221104125000","739","3","雲林縣","西螺鎮","120.445","23.780","1175"
"28","234570","20221104125000","33","0","南投縣","鹿谷鄉","120.740","23.775","36"
"308","234591","20221104125000","285","1","南投縣","水里鄉","120.845","23.820","332"
"238","234630","20221104125000","185","2","南投縣","水里鄉","120.930","23.795","207"
"176","234678","20221104125000","752","0","南投縣","水里鄉","120.850","23.815","157"
"158","234703","20221104125000","185","0","南投縣","水里鄉","120.845","23.775","173"
"533","234721","20221104125000","349","3","彰化縣","溪州鄉","120.515","23.815","538"
"188","234765","20221104125000","121","3","南投縣","鹿谷鄉","120.785","23.790","204"
"24","234802","20221104125000","72","0","南投縣","鹿谷鄉","120.785","23.805","31"
"48","234826","20221104125000","45","1","南投縣","鹿谷鄉","120.785","23.765","47"
"57","234843","20221104125000","43","2","南投縣","鹿谷鄉","120.775","23.775","57"
"228","234859","20221104125000","93","3","南投縣","鹿谷鄉","120.775","23.785","208"
"335","234881","20221104125000","276","2","雲林縣","麥寮鄉","120.195","23.775","313"
"301","234888","20221104125000","334","0","雲林縣","麥寮鄉","120.180","23.785","346"
"184","234892","20221104125000","336","0","雲林縣","麥寮鄉","120.200","23.785","187"
"853","234900","20221104125000","638","2","雲林縣","麥寮鄉","120.205","23.790","858"
"1691","234906","20221104125000","704","3","雲林縣","麥寮鄉","120.260","23.790","1640"
"2175","234915","20221104125000","1451","2","雲林縣","麥寮鄉","120.220","23.795","2099"
"709","234934","20221104125000","253","3","雲林縣","麥寮鄉","120.230","23.795","694"
"1250","234937","20221104125000","578","3","雲林縣","麥寮鄉","120.245","23.795","1276"
"96","234945","20221104125000","63","3","雲林縣","麥寮鄉","120.190","23.800","81"
"355","234949","20221104125000","235","3","雲林縣","麥寮鄉","120.210","23.800","340"
"1316","234952","20221104125000","1011","2","雲林縣","麥寮鄉","120.225","23.800","1403"
"379","234961","20221104125000","180","3","雲林縣","麥寮鄉","120.270","23.800","370"
"336","234965","20221104125000","245","2","雲林縣","麥寮鄉","120.195","23.805","318"
"567","234967","20221104125000","494","1","雲林縣","麥寮鄉","120.205","23.805","553"
"680","234997","20221104125000","704","0","雲林縣","麥寮鄉","120.215","23.815","694"
"15","235080","20221104125000","100","0","南投縣","信義鄉","120.940","23.820","19"
"35","235214","20221104125000","41","0","南投縣","信義鄉","120.980","23.785","12"
"107","235228","20221104125000","216","0","雲林縣","崙背鄉","120.350","23.775","93"
"243","235235","20221104125000","101","3","雲林縣","崙背鄉","120.345","23.785","271"
"40","235239","20221104125000","266","0","雲林縣","崙背鄉","120.350","23.790","41"
"1026","235274","20221104125000","810","2","南投縣","水里鄉","120.850","23.810","1079"
"317","235297","20221104125000","313","1","彰化縣","溪州鄉","120.505","23.815","405"
"836","235309","20221104125000","706","1","彰化縣","溪州鄉","120.540","23.830","867"
"480","235350","20221104125000","450","1","彰化縣","溪州鄉","120.490","23.830","451"
"341","235352","20221104125000","211","3","彰化縣","溪州鄉","120.475","23.835","330"
"510","235362","20221104125000","291","3","彰化縣","溪州鄉","120.480","23.845","497"
"197","235370","20221104125000","200","0","彰化縣","溪州鄉","120.500","23.840","327"
"648","235385","20221104125000","278","3","雲林縣","崙背鄉","120.325","23.780","605"
"412","235405","20221104125000","216","3","南投縣","水里鄉","120.865","23.795","431"
"632","235409","20221104125000","563","1","南投縣","水里鄉","120.860","23.800","609"
"52","235459","20221104125000","374","0","南投縣","水里鄉","120.825","23.810","65"
"67","235490","20221104125000","466","0","南投縣","水里鄉","120.865","23.835","68"
"114","235505","20221104125000","60","3","南投縣","水里鄉","120.870","23.845","123"
"145","235509","20221104125000","336","0","南投縣","名間鄉","120.635","23.835","82"
"20","235515","20221104125000","437","0","南投縣","名間鄉","120.705","23.820","31"
"214","235521","20221104125000","217","0","南投縣","名間鄉","120.715","23.830","209"
"1173","235523","20221104125000","1212","0","南投縣","名間鄉","120.705","23.835","1117"
"158","235527","20221104125000","123","2","南投縣","名間鄉","120.725","23.835","195"
"43","235539","20221104125000","183","0","南投縣","名間鄉","120.665","23.820","30"
"10","235543","20221104125000","87","0","南投縣","名間鄉","120.665","23.825","10"
"509","235555","20221104125000","363","2","南投縣","集集鎮","120.795","23.825","502"
"119","235556","20221104125000","376","0","南投縣","集集鎮","120.795","23.830","112"
"39","235703","20221104125000","56","0","南投縣","信義鄉","120.915","23.785","59"
"233","235812","20221104125000","251","0","南投縣","信義鄉","120.940","23.795","264"
"55","236275","20221104125000","211","0","南投縣","名間鄉","120.660","23.835","53"
"71","236286","20221104125000","285","0","南投縣","名間鄉","120.655","23.845","80"
"64","236299","20221104125000","79","0","南投縣","名間鄉","120.695","23.810","62"
"164","236318","20221104125000","63","3","彰化縣","二水鄉","120.635","23.830","124"
"547","236322","20221104125000","378","2","南投縣","名間鄉","120.630","23.840","500"
"57","236329","20221104125000","193","0","彰化縣","溪州鄉","120.515","23.830","69"
"102","236334","20221104125000","84","2","彰化縣","溪州鄉","120.520","23.835","106"
"16","236347","20221104125000","42","0","彰化縣","溪州鄉","120.510","23.845","12"
"164","236374","20221104125000","155","1","彰化縣","溪州鄉","120.580","23.820","170"
"215","236389","20221104125000","291","0","彰化縣","溪州鄉","120.470","23.830","232"
"266","236394","20221104125000","316","0","南投縣","名間鄉","120.695","23.835","269"
"34","236405","20221104125000","591","0","南投縣","名間鄉","120.700","23.835","57"
"105","236406","20221104125000","32","3","彰化縣","二水鄉","120.650","23.810","103"
"46","236410","20221104125000","193","0","南投縣","名間鄉","120.645","23.820","52"
"196","236415","20221104125000","103","3","南投縣","名間鄉","120.655","23.830","199"
"566","236419","20221104125000","183","3","彰化縣","大城鄉","120.345","23.845","602"
"270","236421","20221104125000","231","1","彰化縣","大城鄉","120.300","23.840","312"
"424","236449","20221104125000","283","2","彰化縣","溪州鄉","120.565","23.815","398"
"243","236455","20221104125000","202","2","彰化縣","溪州鄉","120.560","23.830","244"
"69","236462","20221104125000","251","0","雲林縣","莿桐鄉","120.540","23.765","129"
"71","236463","20221104125000","237","0","雲林縣","莿桐鄉","120.530","23.770","56"
"30","236470","20221104125000","199","0","南投縣","名間鄉","120.630","23.845","33"
"127","236472","20221104125000","108","1","南投縣","名間鄉","120.640","23.845","130"
"347","236479","20221104125000","228","3","南投縣","名間鄉","120.690","23.845","354"
"338","236481","20221104125000","312","1","南投縣","名間鄉","120.700","23.845","449"
"152","236492","20221104125000","450","0","雲林縣","林內鄉","120.610","23.770","124"
"259","236494","20221104125000","166","3","雲林縣","林內鄉","120.610","23.775","298"
"152","236509","20221104125000","380","0","雲林縣","林內鄉","120.625","23.775","146"
"111","236557","20221104125000","300","0","南投縣","集集鎮","120.800","23.825","96"
"44","236558","20221104125000","141","0","南投縣","集集鎮","120.805","23.825","24"
"32","236563","20221104125000","179","0","南投縣","集集鎮","120.765","23.820","37"
"43","236573","20221104125000","107","0","南投縣","集集鎮","120.770","23.845","52"
"267","236578","20221104125000","288","0","南投縣","集集鎮","120.815","23.825","278"
"546","236593","20221104125000","1206","0","南投縣","集集鎮","120.785","23.825","494"
"318","236635","20221104125000","202","3","彰化縣","大城鄉","120.350","23.835","293"
"451","236679","20221104125000","237","3","彰化縣","大城鄉","120.275","23.845","415"
"260","236695","20221104125000","194","2","南投縣","信義鄉","120.905","23.770","233"
"89","236721","20221104125000","377","0","彰化縣","二水鄉","120.615","23.810","73"
"1177","236741","20221104125000","252","3","雲林縣","莿桐鄉","120.500","23.780","1193"
"281","236758","20221104125000","160","3","彰化縣","二水鄉","120.630","23.830","266"
"304","236765","20221104125000","458","0","彰化縣","二水鄉","120.610","23.815","269"
"538","236771","20221104125000","346","3","彰化縣","二水鄉","120.635","23.795","618"
"22","236772","20221104125000","37","0","彰化縣","二水鄉","120.640","23.795","28"
"3113","236781","20221104125000","1247","3","雲林縣","西螺鎮","120.440","23.780","3232"
"340","236785","20221104125000","271","2","雲林縣","西螺鎮","120.430","23.790","314"
"607","236786","20221104125000","146","3","雲林縣","西螺鎮","120.435","23.790","614"
"50","236796","20221104125000","166","0","彰化縣","二水鄉","120.640","23.805","44"
"44","236801","20221104125000","261","0","彰化縣","二水鄉","120.605","23.825","48"
"420","236814","20221104125000","1026","0","彰化縣","二水鄉","120.620","23.810","389"
"344","237024","20221104125000","338","1","雲林縣","莿桐鄉","120.515","23.775","369"
"399","237025","20221104125000","243","3","雲林縣","莿桐鄉","120.520","23.775","393"
"1363","237039","20221104125000","369","3","雲林縣","西螺鎮","120.435","23.800","1324"
"1209","237048","20221104125000","316","3","雲林縣","西螺鎮","120.440","23.810","1137"
"440","237053","20221104125000","272","3","雲林縣","西螺鎮","120.465","23.795","451"
"1216","237054","20221104125000","1279","0","雲林縣","西螺鎮","120.465","23.800","1192"
"26","237056","20221104125000","195","0","雲林縣","西螺鎮","120.465","23.765","16"
"1579","237062","20221104125000","1143","2","雲林縣","西螺鎮","120.475","23.785","1490"
"235","237066","20221104125000","114","3","雲林縣","西螺鎮","120.475","23.765","275"
"118","237068","20221104125000","450","0","雲林縣","西螺鎮","120.460","23.795","124"
"935","237069","20221104125000","1135","0","雲林縣","西螺鎮","120.460","23.800","919"
"1721","237075","20221104125000","521","3","雲林縣","西螺鎮","120.440","23.800","1694"
"304","237076","20221104125000","216","2","雲林縣","西螺鎮","120.455","23.790","333"
"282","237078","20221104125000","2107","0","雲林縣","西螺鎮","120.455","23.800","290"
"25","237081","20221104125000","115","0","彰化縣","二水鄉","120.635","23.810","18"
"14","237089","20221104125000","11","2","彰化縣","二水鄉","120.640","23.800","13"
"69","237103","20221104125000","212","0","彰化縣","二水鄉","120.630","23.800","66"
"80","237115","20221104125000","61","2","彰化縣","二水鄉","120.655","23.800","87"
"646","237141","20221104125000","288","3","雲林縣","崙背鄉","120.325","23.795","524"
"144","237147","20221104125000","130","1","雲林縣","崙背鄉","120.340","23.800","166"
"100","237182","20221104125000","97","1","雲林縣","崙背鄉","120.310","23.790","85"
"160","237186","20221104125000","159","1","雲林縣","崙背鄉","120.305","23.795","151"
"39","237187","20221104125000","32","2","雲林縣","崙背鄉","120.310","23.795","39"
"918","237189","20221104125000","334","3","雲林縣","麥寮鄉","120.295","23.800","903"
"78","237228","20221104125000","57","2","彰化縣","田中鎮","120.605","23.845","75"
"24","237236","20221104125000","34","0","彰化縣","溪州鄉","120.455","23.825","33"
"41","237241","20221104125000","213","0","彰化縣","竹塘鄉","120.445","23.835","38"
"142","237255","20221104125000","410","0","雲林縣","莿桐鄉","120.565","23.775","173"
"54","237256","20221104125000","158","0","雲林縣","莿桐鄉","120.570","23.775","75"
"243","237302","20221104125000","146","3","雲林縣","莿桐鄉","120.550","23.765","243"
"33","237358","20221104125000","178","0","南投縣","竹山鎮","120.680","23.770","39"
"184","237361","20221104125000","228","0","南投縣","竹山鎮","120.680","23.775","195"
"59","237386","20221104125000","203","0","南投縣","竹山鎮","120.650","23.770","50"
"342","237414","20221104125000","227","3","南投縣","竹山鎮","120.730","23.815","369"
"295","237424","20221104125000","310","0","南投縣","竹山鎮","120.715","23.765","335"
"133","237434","20221104125000","551","0","南投縣","竹山鎮","120.705","23.780","140"
"273","237436","20221104125000","324","0","南投縣","竹山鎮","120.715","23.780","323"
"65","237453","20221104125000","329","0","南投縣","竹山鎮","120.695","23.770","65"
"14","237456","20221104125000","67","0","南投縣","竹山鎮","120.695","23.775","14"
"32","237489","20221104125000","160","0","彰化縣","竹塘鄉","120.400","23.845","24"
"85","237498","20221104125000","403","0","雲林縣","麥寮鄉","120.240","23.770","73"
"173","237499","20221104125000","79","3","雲林縣","麥寮鄉","120.245","23.770","175"
"54","237516","20221104125000","241","0","雲林縣","崙背鄉","120.355","23.765","49"
"187","237531","20221104125000","87","3","南投縣","竹山鎮","120.750","23.815","164"
"1290","237559","20221104125000","770","3","南投縣","竹山鎮","120.715","23.800","1129"
"194","237593","20221104125000","159","2","南投縣","魚池鄉","120.895","23.835","219"
"223","237595","20221104125000","262","0","南投縣","魚池鄉","120.905","23.835","178"
"585","237603","20221104125000","522","1","南投縣","竹山鎮","120.715","23.805","523"
"313","237607","20221104125000","148","3","南投縣","竹山鎮","120.730","23.810","332"
"545","237611","20221104125000","418","2","南投縣","竹山鎮","120.725","23.810","550"
"428","237614","20221104125000","911","0","南投縣","竹山鎮","120.720","23.815","453"
"16","237626","20221104125000","48","0","南投縣","魚池鄉","120.915","23.835","13"
"21","237638","20221104125000","29","0","南投縣","魚池鄉","120.915","23.845","24"
"103","237670","20221104125000","91","1","南投縣","魚池鄉","120.885","23.820","110"
"638","237685","20221104125000","320","3","雲林縣","麥寮鄉","120.290","23.765","523"
"211","237741","20221104125000","78","3","南投縣","集集鎮","120.760","23.830","255"
"24","237745","20221104125000","167","0","南投縣","集集鎮","120.760","23.835","21"
"11","237757","20221104125000","27","0","南投縣","集集鎮","120.815","23.835","10"
"71","237775","20221104125000","152","0","南投縣","集集鎮","120.750","23.840","64"
"110","237785","20221104125000","226","0","南投縣","集集鎮","120.745","23.830","108"
"62","237788","20221104125000","35","3","南投縣","集集鎮","120.740","23.835","68"
"62","237801","20221104125000","224","0","南投縣","集集鎮","120.780","23.825","74"
"312","237819","20221104125000","136","3","雲林縣","莿桐鄉","120.505","23.765","289"
"2056","237833","20221104125000","452","3","雲林縣","西螺鎮","120.480","23.770","1975"
"69","237848","20221104125000","264","0","雲林縣","麥寮鄉","120.290","23.795","60"
"1579","237860","20221104125000","1136","2","雲林縣","麥寮鄉","120.275","23.795","1589"
"490","237864","20221104125000","294","3","雲林縣","麥寮鄉","120.280","23.795","509"
"15","237872","20221104125000","122","0","彰化縣","田中鎮","120.560","23.845","12"
"158","237874","20221104125000","150","1","彰化縣","田中鎮","120.570","23.845","179"
"81","237878","20221104125000","54","3","彰化縣","田中鎮","120.580","23.840","87"
"289","237881","20221104125000","269","1","彰化縣","田中鎮","120.595","23.840","273"
"90","237884","20221104125000","418","0","彰化縣","田中鎮","120.595","23.845","86"
"177","237895","20221104125000","154","1","彰化縣","田中鎮","120.595","23.830","196"
"193","237900","20221104125000","347","0","雲林縣","莿桐鄉","120.535","23.775","174"
"42","240440","20221104125000","46","0","花蓮縣","壽豐鄉","121.605","23.885","52"
"214","242904","20221104125000","201","1","花蓮縣","秀林鄉","121.500","23.920","230"
"180","242957","20221104125000","193","0","花蓮縣","壽豐鄉","121.530","23.865","212"
"295","242963","20221104125000","296","0","花蓮縣","壽豐鄉","121.525","23.870","329"
"1128","242988","20221104125000","1045","1","花蓮縣","壽豐鄉","121.510","23.870","1127"
"770","243010","20221104125000","702","1","花蓮縣","壽豐鄉","121.520","23.890","733"
"25","243014","20221104125000","74","0","花蓮縣","壽豐鄉","121.540","23.890","31"
"376","243023","20221104125000","577","0","花蓮縣","壽豐鄉","121.555","23.895","405"
"560","243053","20221104125000","417","2","花蓮縣","壽豐鄉","121.535","23.895","540"
"285","243054","20221104125000","419","0","花蓮縣","壽豐鄉","121.540","23.895","343"
"805","243055","20221104125000","695","1","花蓮縣","壽豐鄉","121.545","23.895","784"
"221","243057","20221104125000","224","0","花蓮縣","壽豐鄉","121.530","23.895","230"
"617","243065","20221104125000","483","2","花蓮縣","壽豐鄉","121.530","23.900","588"
"698","243069","20221104125000","621","1","花蓮縣","壽豐鄉","121.550","23.900","719"
"1047","243073","20221104125000","861","2","花蓮縣","壽豐鄉","121.530","23.905","992"
"236","243089","20221104125000","162","2","花蓮縣","壽豐鄉","121.520","23.915","257"
"70","243103","20221104125000","47","2","花蓮縣","壽豐鄉","121.550","23.920","63"
"54","243143","20221104125000","62","0","花蓮縣","壽豐鄉","121.555","23.865","66"
"82","243149","20221104125000","79","1","花蓮縣","壽豐鄉","121.555","23.870","82"
"64","243164","20221104125000","67","0","花蓮縣","壽豐鄉","121.585","23.880","72"
"13","243184","20221104125000","84","0","花蓮縣","壽豐鄉","121.595","23.905","16"
"10","243217","20221104125000","20","0","花蓮縣","壽豐鄉","121.510","23.905","10"
"182","243230","20221104125000","73","3","花蓮縣","壽豐鄉","121.520","23.845","42"
"480","243249","20221104125000","488","0","花蓮縣","壽豐鄉","121.495","23.850","493"
"380","243255","20221104125000","399","0","花蓮縣","壽豐鄉","121.490","23.855","401"
"76","243262","20221104125000","107","0","花蓮縣","壽豐鄉","121.485","23.855","85"
"244","243315","20221104125000","151","3","花蓮縣","壽豐鄉","121.600","23.870","182"
"53","243324","20221104125000","39","2","花蓮縣","壽豐鄉","121.590","23.885","85"
"277","243336","20221104125000","429","0","花蓮縣","壽豐鄉","121.600","23.900","450"
"115","243338","20221104125000","180","0","花蓮縣","壽豐鄉","121.600","23.905","185"
"156","243339","20221104125000","146","1","花蓮縣","壽豐鄉","121.605","23.905","286"
"680","243392","20221104125000","725","0","彰化縣","二林鎮","120.360","23.895","689"
"1436","243393","20221104125000","854","3","彰化縣","二林鎮","120.370","23.900","1456"
"350","243406","20221104125000","277","2","彰化縣","二林鎮","120.390","23.865","306"
"119","243422","20221104125000","127","0","彰化縣","二林鎮","120.415","23.910","102"
"405","243424","20221104125000","332","2","彰化縣","二林鎮","120.425","23.910","369"
"368","243439","20221104125000","353","1","彰化縣","二林鎮","120.360","23.865","341"
"303","243447","20221104125000","276","1","彰化縣","二林鎮","120.360","23.880","362"
"607","243770","20221104125000","432","2","彰化縣","二林鎮","120.365","23.890","544"
"565","243772","20221104125000","777","0","彰化縣","二林鎮","120.370","23.895","506"
"705","243777","20221104125000","468","3","彰化縣","二林鎮","120.425","23.895","699"
"262","243783","20221104125000","376","0","彰化縣","二林鎮","120.365","23.900","300"
"343","243796","20221104125000","359","0","彰化縣","二林鎮","120.440","23.875","362"
"110","243827","20221104125000","101","1","南投縣","水里鄉","120.865","23.905","118"
"420","243861","20221104125000","102","3","彰化縣","大城鄉","120.325","23.860","441"
"1556","243867","20221104125000","1219","2","彰化縣","大城鄉","120.320","23.850","1513"
"345","243900","20221104125000","785","0","彰化縣","埤頭鄉","120.470","23.915","403"
"335","243909","20221104125000","156","3","彰化縣","埤頭鄉","120.460","23.925","364"
"129","243970","20221104125000","64","3","南投縣","中寮鄉","120.800","23.905","118"
"40","244008","20221104125000","148","0","南投縣","中寮鄉","120.805","23.925","66"
"312","244044","20221104125000","133","3","南投縣","中寮鄉","120.750","23.895","322"
"111","244051","20221104125000","64","3","南投縣","中寮鄉","120.765","23.900","115"
"28","244098","20221104125000","98","0","南投縣","中寮鄉","120.790","23.860","33"
"16","244101","20221104125000","56","0","南投縣","中寮鄉","120.805","23.860","14"
"13","244111","20221104125000","34","0","南投縣","中寮鄉","120.800","23.865","10"
"512","244122","20221104125000","436","1","彰化縣","埤頭鄉","120.480","23.890","576"
"286","244129","20221104125000","261","1","彰化縣","埤頭鄉","120.460","23.860","321"
"97","244142","20221104125000","511","0","彰化縣","埤頭鄉","120.460","23.880","102"
"1638","244150","20221104125000","969","3","彰化縣","埤頭鄉","120.465","23.890","1514"
"132","244159","20221104125000","337","0","南投縣","中寮鄉","120.760","23.880","119"
"321","244163","20221104125000","591","0","南投縣","中寮鄉","120.775","23.885","332"
"12","244210","20221104125000","83","0","南投縣","中寮鄉","120.730","23.895","11"
"289","244211","20221104125000","246","1","南投縣","中寮鄉","120.735","23.895","263"
"99","244235","20221104125000","76","2","南投縣","中寮鄉","120.770","23.920","109"
"100","244247","20221104125000","283","0","南投縣","中寮鄉","120.830","23.860","109"
"142","244274","20221104125000","100","2","南投縣","中寮鄉","120.800","23.880","165"
"66","244326","20221104125000","538","0","南投縣","中寮鄉","120.710","23.895","64"
"82","244341","20221104125000","72","1","彰化縣","員林鎮","120.580","23.925","87"
"18","244360","20221104125000","42","0","南投縣","中寮鄉","120.795","23.905","13"
"51","244380","20221104125000","27","3","南投縣","中寮鄉","120.720","23.915","28"
"265","244392","20221104125000","128","3","南投縣","中寮鄉","120.725","23.925","248"
"10","244395","20221104125000","74","0","南投縣","中寮鄉","120.740","23.925","10"
"1205","244397","20221104125000","1042","1","彰化縣","二林鎮","120.375","23.895","1226"
"1182","244398","20221104125000","928","2","彰化縣","二林鎮","120.380","23.895","1160"
"194","244411","20221104125000","177","1","南投縣","南投市","120.695","23.915","157"
"343","244414","20221104125000","517","0","南投縣","南投市","120.695","23.920","320"
"422","244415","20221104125000","355","1","南投縣","南投市","120.700","23.920","414"
"37","244420","20221104125000","110","0","南投縣","南投市","120.640","23.925","21"
"2369","244422","20221104125000","2057","1","南投縣","南投市","120.690","23.905","2353"
"608","244426","20221104125000","604","1","彰化縣","永靖鄉","120.545","23.920","573"
"149","244429","20221104125000","300","0","彰化縣","永靖鄉","120.570","23.925","135"
"38","244451","20221104125000","64","0","南投縣","水里鄉","120.870","23.880","46"
"440","244465","20221104125000","437","1","彰化縣","溪州鄉","120.500","23.855","418"
"116","244468","20221104125000","148","0","彰化縣","溪州鄉","120.505","23.860","156"
"146","244477","20221104125000","122","1","南投縣","南投市","120.635","23.905","123"
"165","244478","20221104125000","373","0","南投縣","南投市","120.640","23.905","179"
"23","244480","20221104125000","18","2","南投縣","南投市","120.635","23.910","30"
"103","244488","20221104125000","54","3","彰化縣","社頭鄉","120.635","23.920","80"
"369","244490","20221104125000","367","1","南投縣","南投市","120.650","23.920","327"
"328","244492","20221104125000","515","0","彰化縣","永靖鄉","120.535","23.920","297"
"238","244498","20221104125000","293","0","彰化縣","永靖鄉","120.515","23.915","241"
"575","244499","20221104125000","297","3","彰化縣","永靖鄉","120.520","23.915","537"
"324","244512","20221104125000","416","0","彰化縣","永靖鄉","120.560","23.920","316"
"83","244516","20221104125000","296","0","彰化縣","永靖鄉","120.535","23.925","92"
"1336","244517","20221104125000","1617","0","彰化縣","永靖鄉","120.540","23.925","1462"
"209","244520","20221104125000","148","2","彰化縣","永靖鄉","120.560","23.910","233"
"39","244530","20221104125000","213","0","彰化縣","永靖鄉","120.545","23.910","42"
"102","244534","20221104125000","86","1","彰化縣","田尾鄉","120.530","23.910","67"
"77","244537","20221104125000","523","0","彰化縣","永靖鄉","120.550","23.920","80"
"70","244540","20221104125000","305","0","彰化縣","永靖鄉","120.550","23.925","68"
"97","244544","20221104125000","479","0","彰化縣","永靖鄉","120.505","23.920","86"
"530","244566","20221104125000","100","3","彰化縣","大城鄉","120.285","23.865","543"
"218","244576","20221104125000","47","3","彰化縣","大城鄉","120.290","23.870","229"
"736","244605","20221104125000","578","2","彰化縣","芳苑鄉","120.345","23.910","714"
"25","244609","20221104125000","544","0","彰化縣","芳苑鄉","120.350","23.915","27"
"320","244612","20221104125000","342","0","彰化縣","芳苑鄉","120.350","23.920","340"
"32","244615","20221104125000","30","1","彰化縣","芳苑鄉","120.355","23.925","36"
"247","244624","20221104125000","121","3","彰化縣","芳苑鄉","120.315","23.895","249"
"73","244639","20221104125000","65","1","彰化縣","芳苑鄉","120.305","23.905","45"
"2452","244674","20221104125000","1792","2","南投縣","南投市","120.695","23.900","2254"
"202","244675","20221104125000","97","3","南投縣","南投市","120.685","23.925","200"
"137","244677","20221104125000","142","0","南投縣","南投市","120.695","23.925","123"
"165","244693","20221104125000","381","0","南投縣","南投市","120.680","23.895","174"
"1986","244695","20221104125000","1500","2","南投縣","南投市","120.685","23.900","1869"
"210","244696","20221104125000","295","0","南投縣","南投市","120.690","23.900","249"
"109","244697","20221104125000","117","0","彰化縣","溪州鄉","120.480","23.850","114"
"65","244698","20221104125000","542","0","彰化縣","溪州鄉","120.485","23.850","68"
"880","244700","20221104125000","575","3","彰化縣","溪州鄉","120.495","23.850","833"
"998","244706","20221104125000","913","1","南投縣","南投市","120.680","23.910","1027"
"243","244716","20221104125000","252","0","南投縣","南投市","120.675","23.900","268"
"166","244717","20221104125000","177","0","南投縣","南投市","120.680","23.905","156"
"1895","244720","20221104125000","1173","3","南投縣","南投市","120.675","23.905","1760"
"21","244738","20221104125000","38","0","南投縣","埔里鎮","120.990","23.925","26"
"161","244739","20221104125000","143","1","南投縣","埔里鎮","120.995","23.925","181"
"93","244741","20221104125000","111","0","南投縣","仁愛鄉","121.010","23.925","99"
"471","244742","20221104125000","596","0","彰化縣","溪州鄉","120.495","23.855","482"
"225","244772","20221104125000","92","3","南投縣","水里鄉","120.865","23.855","134"
"221","244790","20221104125000","113","3","南投縣","名間鄉","120.675","23.870","232"
"269","244793","20221104125000","233","1","彰化縣","田中鎮","120.625","23.855","224"
"164","244800","20221104125000","75","3","南投縣","名間鄉","120.630","23.855","168"
"201","244806","20221104125000","97","3","南投縣","名間鄉","120.635","23.860","205"
"490","244815","20221104125000","500","0","南投縣","名間鄉","120.705","23.875","478"
"171","244846","20221104125000","84","3","南投縣","名間鄉","120.635","23.880","184"
"351","244854","20221104125000","281","2","南投縣","南投市","120.690","23.910","400"
"526","244855","20221104125000","526","1","南投縣","南投市","120.690","23.915","534"
"337","244860","20221104125000","532","0","南投縣","南投市","120.655","23.915","354"
"831","244865","20221104125000","842","0","南投縣","南投市","120.665","23.920","840"
"460","244867","20221104125000","584","0","南投縣","南投市","120.675","23.920","485"
"475","244868","20221104125000","585","0","南投縣","南投市","120.680","23.920","512"
"1201","244869","20221104125000","793","3","南投縣","南投市","120.670","23.925","1326"
"442","244870","20221104125000","485","0","南投縣","南投市","120.675","23.925","501"
"1491","244872","20221104125000","1101","2","南投縣","南投市","120.685","23.910","1548"
"2496","244873","20221104125000","2638","0","南投縣","南投市","120.685","23.905","2546"
"188","244874","20221104125000","148","2","南投縣","南投市","120.705","23.900","171"
"185","244875","20221104125000","373","0","南投縣","南投市","120.710","23.900","190"
"162","244880","20221104125000","92","3","南投縣","南投市","120.695","23.905","97"
"304","244890","20221104125000","358","0","南投縣","南投市","120.705","23.915","307"
"1267","244893","20221104125000","758","3","彰化縣","溪州鄉","120.495","23.865","1190"
"617","244909","20221104125000","643","0","彰化縣","埤頭鄉","120.460","23.890","644"
"805","244910","20221104125000","543","2","彰化縣","埤頭鄉","120.455","23.895","723"
"114","244911","20221104125000","466","0","彰化縣","埤頭鄉","120.460","23.895","111"
"331","244918","20221104125000","464","0","彰化縣","埤頭鄉","120.495","23.885","414"
"1444","244922","20221104125000","581","3","彰化縣","埤頭鄉","120.495","23.890","1304"
"163","244924","20221104125000","168","0","彰化縣","埤頭鄉","120.480","23.895","167"
"314","244925","20221104125000","302","1","彰化縣","埤頭鄉","120.485","23.895","328"
"671","244953","20221104125000","633","1","彰化縣","北斗鎮","120.515","23.875","642"
"72","244955","20221104125000","237","0","彰化縣","北斗鎮","120.515","23.865","53"
"38","244956","20221104125000","348","0","彰化縣","北斗鎮","120.520","23.865","34"
"331","244958","20221104125000","749","0","彰化縣","北斗鎮","120.520","23.870","356"
"539","244960","20221104125000","413","2","彰化縣","埤頭鄉","120.460","23.850","499"
"47","244961","20221104125000","221","0","彰化縣","埤頭鄉","120.465","23.850","57"
"15","244970","20221104125000","136","0","南投縣","名間鄉","120.645","23.865","18"
"186","244972","20221104125000","179","1","南投縣","名間鄉","120.650","23.870","186"
"884","244974","20221104125000","567","3","南投縣","名間鄉","120.655","23.870","889"
"345","244987","20221104125000","335","1","南投縣","名間鄉","120.670","23.850","376"
"301","244993","20221104125000","291","1","南投縣","名間鄉","120.675","23.855","279"
"613","245005","20221104125000","549","1","南投縣","名間鄉","120.695","23.865","586"
"264","245007","20221104125000","236","1","南投縣","名間鄉","120.685","23.870","268"
"265","245016","20221104125000","198","2","南投縣","名間鄉","120.685","23.880","342"
"90","245017","20221104125000","310","0","南投縣","名間鄉","120.690","23.880","93"
"107","245037","20221104125000","110","0","南投縣","名間鄉","120.705","23.865","113"
"307","245042","20221104125000","233","2","彰化縣","溪州鄉","120.525","23.850","298"
"12","245054","20221104125000","198","0","南投縣","名間鄉","120.705","23.855","16"
"282","245076","20221104125000","40","3","彰化縣","大城鄉","120.295","23.885","281"
"27","245099","20221104125000","168","0","彰化縣","大城鄉","120.300","23.890","28"
"20","245133","20221104125000","158","0","彰化縣","大城鄉","120.330","23.865","21"
"88","245150","20221104125000","206","0","彰化縣","大城鄉","120.295","23.855","109"
"138","245157","20221104125000","153","0","彰化縣","北斗鎮","120.530","23.855","131"
"959","245161","20221104125000","989","0","彰化縣","北斗鎮","120.530","23.870","1019"
"263","245165","20221104125000","192","2","彰化縣","北斗鎮","120.545","23.870","257"
"694","245169","20221104125000","424","3","彰化縣","芳苑鄉","120.320","23.920","721"
"84","245184","20221104125000","48","3","南投縣","名間鄉","120.625","23.850","92"
"162","245191","20221104125000","133","2","南投縣","名間鄉","120.690","23.850","160"
"59","245192","20221104125000","281","0","南投縣","名間鄉","120.695","23.850","66"
"1143","245211","20221104125000","337","3","彰化縣","大城鄉","120.290","23.860","1109"
"126","245214","20221104125000","81","3","彰化縣","大城鄉","120.300","23.865","123"
"129","245216","20221104125000","52","3","彰化縣","大城鄉","120.300","23.870","141"
"470","245296","20221104125000","203","3","南投縣","南投市","120.635","23.895","461"
"16","245302","20221104125000","52","0","南投縣","南投市","120.655","23.900","10"
"1473","245305","20221104125000","1216","2","南投縣","南投市","120.660","23.925","1496"
"33","245311","20221104125000","26","2","南投縣","南投市","120.670","23.905","34"
"30","245312","20221104125000","155","0","南投縣","南投市","120.665","23.910","28"
"291","245314","20221104125000","912","0","南投縣","南投市","120.675","23.910","277"
"804","245316","20221104125000","956","0","南投縣","南投市","120.680","23.915","809"
"2236","245320","20221104125000","1670","2","彰化縣","北斗鎮","120.520","23.880","2106"
"522","245325","20221104125000","431","2","彰化縣","北斗鎮","120.530","23.875","577"
"233","245329","20221104125000","165","2","彰化縣","北斗鎮","120.535","23.880","244"
"101","245332","20221104125000","771","0","彰化縣","北斗鎮","120.525","23.870","118"
"643","245335","20221104125000","138","3","彰化縣","大城鄉","120.310","23.875","635"
"316","245353","20221104125000","205","3","彰化縣","大城鄉","120.315","23.870","317"
"261","245376","20221104125000","195","2","彰化縣","北斗鎮","120.510","23.880","286"
"69","245379","20221104125000","237","0","彰化縣","田尾鄉","120.515","23.890","68"
"229","245489","20221104125000","237","0","南投縣","仁愛鄉","120.990","23.905","243"
"59","245503","20221104125000","44","2","南投縣","仁愛鄉","121.005","23.910","62"
"21","245515","20221104125000","16","2","南投縣","埔里鎮","121.010","23.920","14"
"43","245723","20221104125000","33","2","南投縣","仁愛鄉","121.025","23.910","31"
"370","245728","20221104125000","302","2","南投縣","仁愛鄉","121.050","23.910","311"
"56","245748","20221104125000","89","0","南投縣","仁愛鄉","121.030","23.920","52"
"30","246363","20221104125000","452","0","彰化縣","北斗鎮","120.525","23.880","23"
"169","246370","20221104125000","228","0","彰化縣","北斗鎮","120.555","23.855","197"
"1200","246377","20221104125000","916","2","彰化縣","北斗鎮","120.550","23.865","1161"
"243","246388","20221104125000","212","1","彰化縣","埤頭鄉","120.455","23.850","249"
"675","246394","20221104125000","268","3","彰化縣","二林鎮","120.410","23.920","730"
"36","246402","20221104125000","515","0","彰化縣","二林鎮","120.365","23.895","42"
"594","246404","20221104125000","403","2","彰化縣","二林鎮","120.405","23.895","539"
"130","246436","20221104125000","202","0","彰化縣","芳苑鄉","120.380","23.925","130"
"617","246446","20221104125000","385","3","彰化縣","芳苑鄉","120.330","23.895","618"
"205","246468","20221104125000","167","2","彰化縣","芳苑鄉","120.330","23.915","236"
"259","246471","20221104125000","130","3","彰化縣","芳苑鄉","120.335","23.920","264"
"1247","246472","20221104125000","1260","0","彰化縣","北斗鎮","120.525","23.875","1212"
"143","246476","20221104125000","144","0","彰化縣","北斗鎮","120.560","23.850","136"
"69","246477","20221104125000","73","0","彰化縣","北斗鎮","120.540","23.855","73"
"111","246480","20221104125000","71","3","彰化縣","北斗鎮","120.550","23.855","99"
"447","246488","20221104125000","234","3","彰化縣","北斗鎮","120.535","23.870","532"
"74","246493","20221104125000","102","0","彰化縣","二林鎮","120.395","23.890","86"
"58","246499","20221104125000","261","0","彰化縣","大城鄉","120.315","23.850","55"
"219","246518","20221104125000","246","0","南投縣","南投市","120.670","23.890","214"
"612","246522","20221104125000","445","2","南投縣","南投市","120.690","23.890","576"
"1075","246530","20221104125000","801","2","彰化縣","社頭鄉","120.605","23.915","1073"
"795","246531","20221104125000","361","3","彰化縣","田中鎮","120.585","23.875","807"
"96","246534","20221104125000","184","0","彰化縣","田中鎮","120.575","23.865","108"
"474","246537","20221104125000","260","3","彰化縣","田中鎮","120.575","23.875","416"
"170","246545","20221104125000","131","2","彰化縣","田尾鄉","120.510","23.905","183"
"555","246547","20221104125000","323","3","彰化縣","竹塘鄉","120.415","23.850","509"
"285","246558","20221104125000","408","0","彰化縣","田尾鄉","120.535","23.905","311"
"1765","246566","20221104125000","838","3","彰化縣","社頭鄉","120.580","23.895","1721"
"1365","246568","20221104125000","518","3","彰化縣","社頭鄉","120.580","23.900","1483"
"2249","246569","20221104125000","1140","3","彰化縣","社頭鄉","120.580","23.905","2171"
"75","246573","20221104125000","222","0","彰化縣","田尾鄉","120.525","23.885","70"
"297","246579","20221104125000","220","2","彰化縣","田尾鄉","120.535","23.890","270"
"923","246581","20221104125000","604","3","彰化縣","田尾鄉","120.535","23.895","913"
"1052","246583","20221104125000","752","2","彰化縣","田尾鄉","120.530","23.900","1059"
"26","246608","20221104125000","41","0","彰化縣","社頭鄉","120.620","23.925","28"
"1511","246615","20221104125000","1273","1","彰化縣","竹塘鄉","120.430","23.855","1426"
"577","246618","20221104125000","545","1","彰化縣","竹塘鄉","120.420","23.875","560"
"260","246630","20221104125000","172","3","彰化縣","竹塘鄉","120.375","23.850","243"
"2611","246654","20221104125000","671","3","彰化縣","社頭鄉","120.585","23.900","2598"
"1416","246659","20221104125000","344","3","彰化縣","社頭鄉","120.585","23.890","1452"
"258","246669","20221104125000","206","2","彰化縣","竹塘鄉","120.445","23.860","310"
"206","246687","20221104125000","169","2","南投縣","魚池鄉","120.905","23.850","197"
"1052","246711","20221104125000","740","2","南投縣","魚池鄉","120.910","23.860","989"
"436","246720","20221104125000","255","3","南投縣","魚池鄉","120.900","23.865","487"
"190","246722","20221104125000","262","0","南投縣","魚池鄉","120.910","23.865","182"
"401","246735","20221104125000","341","1","南投縣","魚池鄉","120.925","23.870","442"
"365","246739","20221104125000","316","1","南投縣","魚池鄉","120.935","23.895","364"
"691","246741","20221104125000","532","2","南投縣","魚池鄉","120.935","23.900","703"
"393","246742","20221104125000","295","2","南投縣","魚池鄉","120.940","23.900","379"
"255","246747","20221104125000","241","1","彰化縣","芳苑鄉","120.350","23.900","241"
"232","246748","20221104125000","195","1","彰化縣","二林鎮","120.355","23.900","261"
"139","246749","20221104125000","141","0","彰化縣","芳苑鄉","120.360","23.900","145"
"67","246750","20221104125000","52","2","彰化縣","芳苑鄉","120.345","23.905","50"
"234","246758","20221104125000","190","2","彰化縣","芳苑鄉","120.355","23.920","222"
"322","246770","20221104125000","257","2","彰化縣","芳苑鄉","120.335","23.890","291"
"17","246777","20221104125000","28","0","南投縣","魚池鄉","120.925","23.875","15"
"472","246788","20221104125000","266","3","南投縣","魚池鄉","120.925","23.885","518"
"243","246822","20221104125000","127","3","南投縣","魚池鄉","120.905","23.880","285"
"23","246823","20221104125000","18","2","南投縣","魚池鄉","120.875","23.885","18"
"31","246824","20221104125000","96","0","南投縣","魚池鄉","120.880","23.885","22"
"38","246826","20221104125000","53","0","南投縣","魚池鄉","120.890","23.885","57"
"23","246832","20221104125000","16","2","南投縣","魚池鄉","120.880","23.890","33"
"20","246857","20221104125000","14","2","南投縣","魚池鄉","120.890","23.905","23"
"19","246858","20221104125000","24","0","南投縣","魚池鄉","120.895","23.905","29"
"21","246870","20221104125000","28","0","南投縣","魚池鄉","120.890","23.910","24"
"14","246871","20221104125000","10","2","南投縣","魚池鄉","120.895","23.910","10"
"84","246893","20221104125000","108","0","南投縣","魚池鄉","120.955","23.900","90"
"238","246906","20221104125000","220","1","南投縣","魚池鄉","120.955","23.910","238"
"148","246920","20221104125000","168","0","南投縣","魚池鄉","120.965","23.915","140"
"101","246922","20221104125000","109","0","南投縣","魚池鄉","120.965","23.920","103"
"424","246929","20221104125000","338","2","南投縣","魚池鄉","120.945","23.865","241"
"266","246930","20221104125000","181","2","南投縣","魚池鄉","120.950","23.865","189"
"72","246935","20221104125000","78","0","南投縣","魚池鄉","120.945","23.870","83"
"27","246941","20221104125000","37","0","南投縣","魚池鄉","120.950","23.875","26"
"25","246945","20221104125000","160","0","南投縣","魚池鄉","120.950","23.880","30"
"57","246955","20221104125000","341","0","南投縣","魚池鄉","120.905","23.905","46"
"415","246964","20221104125000","365","1","南投縣","魚池鄉","120.920","23.910","550"
"44","246970","20221104125000","63","0","南投縣","魚池鄉","120.920","23.915","39"
"269","246989","20221104125000","276","0","南投縣","魚池鄉","120.925","23.910","242"
"190","247005","20221104125000","165","1","南投縣","魚池鄉","120.945","23.925","200"
"1153","247013","20221104125000","821","2","南投縣","魚池鄉","120.930","23.850","1218"
"14","247024","20221104125000","44","0","南投縣","魚池鄉","120.935","23.855","17"
"75","247033","20221104125000","35","3","南投縣","魚池鄉","120.950","23.860","87"
"445","247088","20221104125000","378","1","南投縣","魚池鄉","120.965","23.890","459"
"82","247100","20221104125000","280","0","南投縣","魚池鄉","120.940","23.895","81"
"42","247117","20221104125000","38","1","彰化縣","竹塘鄉","120.400","23.860","61"
"188","247119","20221104125000","135","2","彰化縣","竹塘鄉","120.410","23.860","178"
"29","247152","20221104125000","40","0","彰化縣","田中鎮","120.570","23.870","31"
"914","247156","20221104125000","685","2","彰化縣","社頭鄉","120.595","23.900","917"
"46","247158","20221104125000","150","0","彰化縣","田尾鄉","120.550","23.890","56"
"83","247160","20221104125000","81","1","彰化縣","田尾鄉","120.555","23.895","81"
"26","247163","20221104125000","243","0","彰化縣","田尾鄉","120.560","23.900","29"
"578","247166","20221104125000","744","0","彰化縣","田尾鄉","120.525","23.905","567"
"54","247170","20221104125000","24","3","彰化縣","田尾鄉","120.520","23.890","54"
"658","247187","20221104125000","737","0","彰化縣","田尾鄉","120.500","23.920","634"
"123","247189","20221104125000","617","0","彰化縣","溪湖鎮","120.475","23.925","122"
"2440","247194","20221104125000","588","3","彰化縣","社頭鄉","120.585","23.895","2397"
"190","247207","20221104125000","200","0","彰化縣","社頭鄉","120.605","23.895","200"
"55","247218","20221104125000","151","0","彰化縣","田尾鄉","120.540","23.885","53"
"347","247222","20221104125000","628","0","彰化縣","田中鎮","120.585","23.865","368"
"211","247224","20221104125000","241","0","彰化縣","田中鎮","120.585","23.850","236"
"33","247227","20221104125000","518","0","彰化縣","田中鎮","120.600","23.855","37"
"1405","247235","20221104125000","1111","2","彰化縣","田中鎮","120.590","23.855","1385"
"110","247238","20221104125000","129","0","彰化縣","田尾鄉","120.530","23.895","109"
"190","247244","20221104125000","146","2","彰化縣","北斗鎮","120.545","23.880","225"
"50","247248","20221104125000","61","0","彰化縣","田尾鄉","120.550","23.885","49"
"281","247250","20221104125000","214","2","彰化縣","田尾鄉","120.560","23.890","282"
"84","247251","20221104125000","92","0","彰化縣","田尾鄉","120.565","23.890","81"
"60","247253","20221104125000","284","0","彰化縣","田尾鄉","120.535","23.900","51"
"105","247259","20221104125000","662","0","彰化縣","田尾鄉","120.550","23.900","122"
"435","247268","20221104125000","373","1","彰化縣","社頭鄉","120.585","23.920","409"
"63","247277","20221104125000","74","0","彰化縣","社頭鄉","120.615","23.885","50"
"474","247283","20221104125000","271","3","彰化縣","社頭鄉","120.610","23.890","457"
"43","247288","20221104125000","52","0","彰化縣","永靖鄉","120.575","23.915","29"
"43","247290","20221104125000","33","2","彰化縣","永靖鄉","120.575","23.920","59"
"34","247291","20221104125000","270","0","彰化縣","社頭鄉","120.595","23.920","30"
"29","247293","20221104125000","262","0","彰化縣","社頭鄉","120.605","23.920","20"
"786","247305","20221104125000","890","0","彰化縣","北斗鎮","120.570","23.850","808"
"277","247308","20221104125000","245","1","彰化縣","田中鎮","120.575","23.855","310"
"1049","247312","20221104125000","1139","0","彰化縣","田中鎮","120.605","23.855","1228"
"823","247316","20221104125000","1076","0","彰化縣","田中鎮","120.580","23.860","818"
"408","247328","20221104125000","314","2","彰化縣","社頭鄉","120.575","23.900","381"
"363","247336","20221104125000","233","3","彰化縣","社頭鄉","120.610","23.905","383"
"22","247347","20221104125000","35","0","彰化縣","社頭鄉","120.630","23.905","58"
"610","247352","20221104125000","483","2","彰化縣","田中鎮","120.560","23.865","570"
"75","247353","20221104125000","132","0","彰化縣","田中鎮","120.565","23.865","77"
"327","247359","20221104125000","234","2","彰化縣","田中鎮","120.590","23.865","314"
"419","247361","20221104125000","489","0","彰化縣","田中鎮","120.585","23.870","406"
"441","247365","20221104125000","381","1","彰化縣","田中鎮","120.585","23.860","365"
"276","247366","20221104125000","158","3","彰化縣","田中鎮","120.570","23.875","301"
"19","247367","20221104125000","219","0","彰化縣","田中鎮","120.560","23.880","17"
"217","247377","20221104125000","210","1","彰化縣","田中鎮","120.605","23.870","230"
"104","247383","20221104125000","112","0","彰化縣","田中鎮","120.605","23.875","105"
"170","247399","20221104125000","164","1","彰化縣","田中鎮","120.595","23.855","161"
"67","247400","20221104125000","188","0","彰化縣","田中鎮","120.590","23.860","60"
"578","247403","20221104125000","274","3","彰化縣","社頭鄉","120.590","23.900","586"
"836","247409","20221104125000","213","3","彰化縣","社頭鄉","120.585","23.885","869"
"62","247637","20221104125000","81","0","花蓮縣","壽豐鄉","121.610","23.920","102"
"249","252412","20221104125000","186","2","花蓮縣","花蓮市","121.640","23.995","204"
"51","252926","20221104125000","38","2","臺中市","霧峰區","120.705","24.010","47"
"153","253141","20221104125000","120","2","花蓮縣","秀林鄉","121.505","23.945","151"
"196","253374","20221104125000","198","0","花蓮縣","秀林鄉","121.555","24.005","176"
"300","253376","20221104125000","193","3","花蓮縣","新城鄉","121.615","24.005","297"
"222","253382","20221104125000","275","0","花蓮縣","吉安鄉","121.580","23.925","213"
"362","253393","20221104125000","353","1","花蓮縣","吉安鄉","121.585","23.930","388"
"269","253400","20221104125000","116","3","花蓮縣","吉安鄉","121.580","23.935","282"
"440","253403","20221104125000","341","2","花蓮縣","吉安鄉","121.595","23.935","453"
"899","253410","20221104125000","724","2","花蓮縣","吉安鄉","121.595","23.940","924"
"359","253413","20221104125000","401","0","花蓮縣","吉安鄉","121.575","23.945","410"
"1119","253414","20221104125000","940","1","花蓮縣","吉安鄉","121.585","23.975","1149"
"213","253433","20221104125000","242","0","花蓮縣","吉安鄉","121.550","23.945","253"
"148","253436","20221104125000","132","1","花蓮縣","吉安鄉","121.525","23.945","160"
"918","253452","20221104125000","769","1","花蓮縣","吉安鄉","121.590","23.950","944"
"500","253454","20221104125000","524","0","花蓮縣","吉安鄉","121.590","23.955","506"
"375","253457","20221104125000","382","0","花蓮縣","吉安鄉","121.590","23.945","407"
"475","253463","20221104125000","365","2","花蓮縣","吉安鄉","121.600","23.945","452"
"698","253470","20221104125000","987","0","花蓮縣","吉安鄉","121.590","23.965","699"
"778","253471","20221104125000","561","2","花蓮縣","吉安鄉","121.590","23.970","786"
"2211","253472","20221104125000","1799","2","花蓮縣","花蓮市","121.590","23.975","2115"
"1089","253475","20221104125000","845","2","花蓮縣","吉安鄉","121.590","23.980","974"
"478","253477","20221104125000","449","1","花蓮縣","吉安鄉","121.585","23.985","461"
"293","253478","20221104125000","300","0","花蓮縣","吉安鄉","121.585","23.980","293"
"987","253479","20221104125000","844","1","花蓮縣","花蓮市","121.600","23.985","975"
"331","253480","20221104125000","471","0","花蓮縣","吉安鄉","121.580","23.985","347"
"592","253481","20221104125000","494","1","花蓮縣","吉安鄉","121.585","23.990","578"
"1937","253482","20221104125000","1919","1","花蓮縣","花蓮市","121.595","23.990","1950"
"1448","253484","20221104125000","1066","2","花蓮縣","吉安鄉","121.580","23.970","1448"
"490","253485","20221104125000","581","0","花蓮縣","吉安鄉","121.585","23.970","561"
"71","253506","20221104125000","144","0","花蓮縣","吉安鄉","121.570","23.965","61"
"374","253507","20221104125000","310","2","花蓮縣","吉安鄉","121.575","23.965","386"
"401","253508","20221104125000","331","2","花蓮縣","吉安鄉","121.565","23.970","415"
"32","253517","20221104125000","156","0","花蓮縣","吉安鄉","121.560","23.975","28"
"1043","253520","20221104125000","912","1","花蓮縣","吉安鄉","121.580","23.975","970"
"470","253542","20221104125000","404","1","花蓮縣","吉安鄉","121.555","23.990","464"
"117","253545","20221104125000","157","0","花蓮縣","吉安鄉","121.570","23.990","107"
"39","253550","20221104125000","20","3","花蓮縣","吉安鄉","121.555","23.995","34"
"315","253552","20221104125000","238","2","花蓮縣","吉安鄉","121.570","23.975","302"
"703","253554","20221104125000","349","3","花蓮縣","吉安鄉","121.565","23.980","671"
"782","253555","20221104125000","866","0","花蓮縣","吉安鄉","121.570","23.980","721"
"321","253556","20221104125000","310","1","花蓮縣","吉安鄉","121.575","23.980","311"
"42","253557","20221104125000","44","0","花蓮縣","吉安鄉","121.555","23.985","32"
"392","253559","20221104125000","268","2","花蓮縣","吉安鄉","121.565","23.985","376"
"290","253561","20221104125000","300","0","花蓮縣","吉安鄉","121.605","23.955","289"
"523","253562","20221104125000","354","2","花蓮縣","吉安鄉","121.595","23.960","516"
"355","253563","20221104125000","394","0","花蓮縣","吉安鄉","121.600","23.960","318"
"1425","253565","20221104125000","1218","1","花蓮縣","吉安鄉","121.595","23.965","1353"
"369","253569","20221104125000","461","0","花蓮縣","吉安鄉","121.575","23.985","373"
"291","253575","20221104125000","261","1","花蓮縣","吉安鄉","121.570","23.940","300"
"449","253584","20221104125000","436","1","花蓮縣","吉安鄉","121.560","23.950","480"
"704","253594","20221104125000","816","0","花蓮縣","吉安鄉","121.550","23.965","724"
"629","253596","20221104125000","503","2","花蓮縣","吉安鄉","121.560","23.965","666"
"819","253597","20221104125000","495","3","花蓮縣","吉安鄉","121.565","23.965","819"
"370","253603","20221104125000","266","2","花蓮縣","吉安鄉","121.560","23.970","367"
"292","253608","20221104125000","270","1","花蓮縣","吉安鄉","121.580","23.955","290"
"627","253609","20221104125000","618","1","花蓮縣","吉安鄉","121.570","23.960","678"
"305","253611","20221104125000","313","0","花蓮縣","吉安鄉","121.580","23.960","335"
"365","253627","20221104125000","400","0","花蓮縣","吉安鄉","121.535","23.930","287"
"12","253641","20221104125000","31","0","花蓮縣","壽豐鄉","121.605","23.925","15"
"743","253648","20221104125000","512","2","花蓮縣","花蓮市","121.625","23.985","716"
"961","253649","20221104125000","1094","0","花蓮縣","花蓮市","121.620","24.005","958"
"55","253650","20221104125000","49","1","彰化縣","二林鎮","120.420","23.955","70"
"62","253656","20221104125000","74","0","彰化縣","二林鎮","120.415","23.965","64"
"483","253670","20221104125000","361","2","彰化縣","二林鎮","120.440","23.930","375"
"1678","253672","20221104125000","1411","1","彰化縣","員林鎮","120.580","23.955","1651"
"475","253673","20221104125000","588","0","彰化縣","員林鎮","120.585","23.955","488"
"304","253675","20221104125000","843","0","彰化縣","員林鎮","120.565","23.950","363"
"377","253677","20221104125000","353","1","彰化縣","埔心鄉","120.560","23.940","411"
"733","253681","20221104125000","686","1","彰化縣","員林鎮","120.565","23.945","670"
"14","253686","20221104125000","25","0","彰化縣","員林鎮","120.610","23.980","18"
"2600","253688","20221104125000","2107","2","彰化縣","員林鎮","120.570","23.960","2260"
"4212","253689","20221104125000","3844","1","彰化縣","員林鎮","120.570","23.955","4092"
"218","253764","20221104125000","187","1","花蓮縣","秀林鄉","121.505","23.960","196"
"185","253789","20221104125000","107","3","花蓮縣","秀林鄉","121.495","23.965","180"
"11","254173","20221104125000","17","0","花蓮縣","秀林鄉","121.425","24.000","13"
"1994","254233","20221104125000","3186","0","花蓮縣","花蓮市","121.605","23.975","2044"
"2550","254234","20221104125000","2029","2","花蓮縣","花蓮市","121.600","23.975","2433"
"1470","254236","20221104125000","1584","0","花蓮縣","花蓮市","121.625","23.990","1424"
"1410","254237","20221104125000","1522","0","花蓮縣","花蓮市","121.630","23.985","1386"
"1329","254238","20221104125000","1317","1","花蓮縣","花蓮市","121.630","23.990","1350"
"2042","254240","20221104125000","1708","1","花蓮縣","花蓮市","121.635","23.995","2026"
"73","254242","20221104125000","54","2","南投縣","國姓鄉","120.880","23.970","110"
"53","254247","20221104125000","288","0","南投縣","國姓鄉","120.875","23.975","53"
"217","254260","20221104125000","209","1","南投縣","國姓鄉","120.870","23.985","226"
"111","254328","20221104125000","82","2","南投縣","國姓鄉","120.830","23.945","104"
"68","254335","20221104125000","37","3","南投縣","國姓鄉","120.865","23.945","68"
"21","254346","20221104125000","82","0","南投縣","國姓鄉","120.865","23.950","16"
"30","254349","20221104125000","41","0","南投縣","中寮鄉","120.830","23.955","42"
"38","254374","20221104125000","27","2","南投縣","國姓鄉","120.860","23.960","28"
"111","254379","20221104125000","34","3","南投縣","中寮鄉","120.835","23.965","112"
"273","254397","20221104125000","137","3","南投縣","國姓鄉","120.865","23.975","303"
"771","254400","20221104125000","591","2","南投縣","埔里鎮","120.970","23.955","757"
"212","254401","20221104125000","478","0","南投縣","埔里鎮","120.990","23.945","181"
"1340","254411","20221104125000","2002","0","南投縣","埔里鎮","120.975","23.955","1372"
"1818","254415","20221104125000","1378","2","南投縣","埔里鎮","120.975","23.960","1826"
"14","254418","20221104125000","11","2","南投縣","埔里鎮","120.990","23.960","18"
"293","254447","20221104125000","285","1","南投縣","埔里鎮","120.925","23.940","341"
"27","254450","20221104125000","34","0","南投縣","埔里鎮","120.940","23.940","28"
"551","254465","20221104125000","260","3","南投縣","埔里鎮","120.915","23.950","454"
"626","254467","20221104125000","938","0","南投縣","埔里鎮","120.925","23.950","808"
"527","254470","20221104125000","357","2","南投縣","埔里鎮","120.940","23.950","602"
"70","254477","20221104125000","58","2","南投縣","埔里鎮","120.930","23.955","72"
"627","254481","20221104125000","409","3","南投縣","埔里鎮","120.915","23.955","744"
"22","254490","20221104125000","219","0","南投縣","埔里鎮","120.980","23.935","15"
"27","254499","20221104125000","62","0","南投縣","埔里鎮","120.995","23.940","28"
"85","254504","20221104125000","335","0","南投縣","埔里鎮","120.970","23.945","100"
"88","254506","20221104125000","276","0","南投縣","埔里鎮","120.980","23.945","68"
"601","254510","20221104125000","370","3","南投縣","埔里鎮","120.965","23.950","601"
"584","254512","20221104125000","491","1","南投縣","埔里鎮","120.975","23.950","635"
"2491","254517","20221104125000","1897","2","南投縣","埔里鎮","120.970","23.970","2319"
"235","254519","20221104125000","196","1","南投縣","埔里鎮","120.975","23.975","300"
"37","254520","20221104125000","65","0","南投縣","埔里鎮","120.970","23.980","39"
"282","254538","20221104125000","164","3","南投縣","中寮鄉","120.790","23.945","262"
"17","254548","20221104125000","15","1","南投縣","中寮鄉","120.790","23.955","17"
"875","254550","20221104125000","1776","0","南投縣","埔里鎮","120.970","23.965","835"
"403","254560","20221104125000","412","0","南投縣","埔里鎮","120.945","23.960","449"
"36","254571","20221104125000","227","0","南投縣","埔里鎮","120.930","23.970","31"
"361","254589","20221104125000","344","1","南投縣","埔里鎮","120.955","24.005","324"
"838","254592","20221104125000","799","1","南投縣","埔里鎮","120.965","23.955","940"
"34","254599","20221104125000","28","2","南投縣","埔里鎮","120.915","23.990","23"
"608","254621","20221104125000","503","2","南投縣","埔里鎮","120.960","23.960","576"
"302","254622","20221104125000","157","3","南投縣","埔里鎮","120.965","23.960","285"
"132","254624","20221104125000","787","0","南投縣","埔里鎮","120.955","23.965","132"
"40","254626","20221104125000","77","0","南投縣","埔里鎮","120.955","23.970","45"
"122","254627","20221104125000","757","0","南投縣","埔里鎮","120.960","23.970","133"
"547","254629","20221104125000","524","1","南投縣","埔里鎮","120.955","23.975","588"
"909","254633","20221104125000","660","2","南投縣","埔里鎮","120.980","23.980","920"
"44","254641","20221104125000","196","0","南投縣","埔里鎮","120.955","23.955","51"
"450","254658","20221104125000","324","2","南投縣","埔里鎮","120.980","23.990","460"
"51","254675","20221104125000","196","0","南投縣","埔里鎮","120.960","24.000","47"
"39","254680","20221104125000","39","1","南投縣","埔里鎮","120.985","24.000","31"
"313","254705","20221104125000","316","0","南投縣","埔里鎮","120.970","24.005","288"
"174","254706","20221104125000","176","0","南投縣","埔里鎮","120.975","24.005","183"
"538","254712","20221104125000","571","0","花蓮縣","花蓮市","121.610","23.970","539"
"1113","254713","20221104125000","895","2","花蓮縣","花蓮市","121.600","23.965","1111"
"886","254714","20221104125000","802","1","花蓮縣","花蓮市","121.610","23.985","845"
"1831","254716","20221104125000","1539","1","花蓮縣","花蓮市","121.605","23.980","1837"
"1575","254717","20221104125000","1467","1","花蓮縣","花蓮市","121.600","23.980","1589"
"1224","254719","20221104125000","1478","0","花蓮縣","花蓮市","121.605","23.985","1161"
"30","254721","20221104125000","150","0","花蓮縣","花蓮市","121.600","23.970","28"
"1289","254723","20221104125000","1545","0","花蓮縣","花蓮市","121.605","23.970","1333"
"48","254728","20221104125000","132","0","花蓮縣","花蓮市","121.615","23.985","47"
"1324","254729","20221104125000","1108","1","花蓮縣","花蓮市","121.620","24.000","1288"
"1270","254730","20221104125000","1390","0","花蓮縣","花蓮市","121.625","23.995","1348"
"848","254732","20221104125000","622","2","花蓮縣","花蓮市","121.615","23.975","801"
"702","254733","20221104125000","730","0","花蓮縣","花蓮市","121.615","23.980","786"
"2088","254735","20221104125000","1650","2","花蓮縣","吉安鄉","121.590","23.985","2116"
"117","254742","20221104125000","628","0","花蓮縣","花蓮市","121.610","24.005","156"
"39","254743","20221104125000","226","0","花蓮縣","吉安鄉","121.580","23.990","36"
"1054","254745","20221104125000","909","1","花蓮縣","吉安鄉","121.590","23.990","1103"
"458","254746","20221104125000","372","2","花蓮縣","花蓮市","121.585","23.995","485"
"696","254747","20221104125000","716","0","花蓮縣","花蓮市","121.590","23.995","778"
"2204","254748","20221104125000","2448","0","花蓮縣","花蓮市","121.595","23.995","2247"
"380","254754","20221104125000","357","1","花蓮縣","花蓮市","121.590","24.005","417"
"1110","254756","20221104125000","1063","1","花蓮縣","花蓮市","121.595","23.970","1145"
"661","254757","20221104125000","654","1","花蓮縣","花蓮市","121.595","23.975","630"
"303","254766","20221104125000","2400","0","彰化縣","員林鎮","120.570","23.970","2963"
"574","254767","20221104125000","420","2","彰化縣","員林鎮","120.575","23.970","467"
"818","254769","20221104125000","714","1","花蓮縣","花蓮市","121.610","23.975","752"
"2958","254770","20221104125000","2209","2","花蓮縣","花蓮市","121.610","23.980","2982"
"667","254771","20221104125000","528","2","花蓮縣","花蓮市","121.615","24.000","671"
"40","254772","20221104125000","29","2","花蓮縣","花蓮市","121.560","24.000","18"
"190","254777","20221104125000","221","0","花蓮縣","花蓮市","121.575","24.005","218"
"2751","254779","20221104125000","2130","2","花蓮縣","花蓮市","121.600","23.990","2669"
"715","254780","20221104125000","661","1","花蓮縣","花蓮市","121.610","23.990","740"
"2435","254781","20221104125000","3319","0","花蓮縣","花蓮市","121.605","23.990","2476"
"526","254782","20221104125000","415","2","花蓮縣","花蓮市","121.605","23.995","534"
"1951","254783","20221104125000","1765","1","花蓮縣","吉安鄉","121.575","23.990","2065"
"1596","254784","20221104125000","1379","1","花蓮縣","吉安鄉","121.565","23.995","1735"
"254","254785","20221104125000","292","0","花蓮縣","花蓮市","121.570","23.995","274"
"658","254786","20221104125000","605","1","花蓮縣","花蓮市","121.575","23.995","825"
"932","254789","20221104125000","963","0","花蓮縣","吉安鄉","121.595","23.985","920"
"2234","254790","20221104125000","1428","3","花蓮縣","花蓮市","121.600","23.995","2223"
"15","254798","20221104125000","62","0","南投縣","中寮鄉","120.745","23.935","22"
"34","254887","20221104125000","116","0","南投縣","中寮鄉","120.780","23.945","35"
"315","254901","20221104125000","236","2","南投縣","中寮鄉","120.765","23.940","279"
"158","254913","20221104125000","182","0","彰化縣","員林鎮","120.550","23.975","148"
"89","254920","20221104125000","499","0","彰化縣","員林鎮","120.580","23.935","82"
"12","254922","20221104125000","105","0","彰化縣","員林鎮","120.575","23.940","11"
"210","254925","20221104125000","280","0","彰化縣","員林鎮","120.580","23.945","208"
"184","254926","20221104125000","238","0","彰化縣","員林鎮","120.575","23.945","219"
"1164","254940","20221104125000","931","2","花蓮縣","花蓮市","121.620","23.985","1192"
"684","254941","20221104125000","689","0","花蓮縣","花蓮市","121.615","23.990","713"
"812","254942","20221104125000","776","1","花蓮縣","花蓮市","121.620","23.990","798"
"122","254950","20221104125000","102","1","花蓮縣","花蓮市","121.645","24.005","125"
"535","254952","20221104125000","460","1","彰化縣","埔心鄉","120.520","23.965","516"
"65","254964","20221104125000","136","0","彰化縣","芳苑鄉","120.325","23.940","50"
"328","254974","20221104125000","233","2","彰化縣","芳苑鄉","120.330","23.940","327"
"1954","255019","20221104125000","1169","3","彰化縣","員林鎮","120.565","23.965","1791"
"368","255021","20221104125000","643","0","彰化縣","員林鎮","120.600","23.965","408"
"100","255024","20221104125000","65","3","彰化縣","員林鎮","120.610","23.970","89"
"295","255030","20221104125000","274","1","彰化縣","埔心鄉","120.530","23.940","286"
"40","255038","20221104125000","558","0","彰化縣","埔鹽鄉","120.480","23.990","28"
"291","255039","20221104125000","218","2","彰化縣","埔鹽鄉","120.500","23.975","395"
"111","255044","20221104125000","142","0","南投縣","南投市","120.700","23.930","125"
"284","255046","20221104125000","227","2","南投縣","南投市","120.635","23.935","312"
"219","255053","20221104125000","148","2","南投縣","南投市","120.635","23.945","203"
"1079","255063","20221104125000","729","2","彰化縣","永靖鄉","120.555","23.935","1129"
"70","255064","20221104125000","375","0","彰化縣","永靖鄉","120.560","23.930","71"
"351","255065","20221104125000","406","0","彰化縣","員林鎮","120.555","23.960","392"
"261","255068","20221104125000","169","3","彰化縣","員林鎮","120.560","23.965","301"
"334","255069","20221104125000","332","1","彰化縣","員林鎮","120.555","23.970","370"
"985","255073","20221104125000","1299","0","南投縣","南投市","120.690","23.945","951"
"1317","255074","20221104125000","1009","2","南投縣","南投市","120.690","23.950","1552"
"65","255075","20221104125000","219","0","南投縣","南投市","120.685","23.950","68"
"62","255078","20221104125000","236","0","南投縣","南投市","120.675","23.945","57"
"72","255079","20221104125000","424","0","南投縣","南投市","120.680","23.945","92"
"161","255081","20221104125000","109","2","南投縣","草屯鎮","120.675","23.950","191"
"742","255088","20221104125000","629","1","南投縣","南投市","120.660","23.935","726"
"484","255092","20221104125000","586","0","南投縣","南投市","120.665","23.940","503"
"18","255093","20221104125000","27","0","南投縣","南投市","120.645","23.945","16"
"242","255094","20221104125000","181","2","南投縣","南投市","120.650","23.945","285"
"26","255100","20221104125000","131","0","南投縣","南投市","120.655","23.950","25"
"92","255107","20221104125000","167","0","南投縣","南投市","120.650","23.955","96"
"442","255130","20221104125000","303","2","彰化縣","芳苑鄉","120.315","23.930","445"
"44","255153","20221104125000","160","0","彰化縣","芳苑鄉","120.380","23.940","25"
"861","255158","20221104125000","502","3","彰化縣","芳苑鄉","120.380","23.955","847"
"166","255176","20221104125000","433","0","彰化縣","埔心鄉","120.555","23.940","160"
"1270","255177","20221104125000","1342","0","彰化縣","埔心鄉","120.540","23.950","1249"
"56","255178","20221104125000","548","0","彰化縣","埔心鄉","120.545","23.950","55"
"82","255179","20221104125000","61","2","彰化縣","埔心鄉","120.540","23.955","73"
"236","255199","20221104125000","215","1","彰化縣","二林鎮","120.420","23.950","265"
"334","255210","20221104125000","428","0","彰化縣","永靖鄉","120.550","23.930","309"
"377","255220","20221104125000","304","2","彰化縣","大村鄉","120.585","23.990","432"
"609","255222","20221104125000","671","0","彰化縣","大村鄉","120.580","23.995","594"
"33","255223","20221104125000","26","2","彰化縣","大村鄉","120.585","23.995","34"
"152","255227","20221104125000","126","2","彰化縣","大村鄉","120.590","23.995","149"
"69","255228","20221104125000","129","0","彰化縣","大村鄉","120.595","23.995","90"
"175","255229","20221104125000","200","0","彰化縣","大村鄉","120.600","23.995","162"
"36","255230","20221104125000","66","0","彰化縣","大村鄉","120.605","23.995","31"
"1019","255232","20221104125000","1076","0","彰化縣","大村鄉","120.595","24.000","1010"
"503","255234","20221104125000","536","0","彰化縣","大村鄉","120.570","23.975","468"
"551","255238","20221104125000","437","2","彰化縣","大村鄉","120.535","24.000","508"
"25","255239","20221104125000","151","0","彰化縣","大村鄉","120.540","24.000","23"
"118","255257","20221104125000","75","3","彰化縣","埔心鄉","120.540","23.965","105"
"277","255261","20221104125000","241","1","彰化縣","埔心鄉","120.555","23.950","305"
"285","255262","20221104125000","361","0","彰化縣","埔心鄉","120.550","23.955","313"
"88","255263","20221104125000","319","0","彰化縣","埔心鄉","120.555","23.955","92"
"22","255264","20221104125000","296","0","彰化縣","埔心鄉","120.545","23.960","21"
"919","255265","20221104125000","141","3","彰化縣","埔心鄉","120.560","23.945","896"
"417","255266","20221104125000","244","3","彰化縣","埔心鄉","120.550","23.945","399"
"506","255267","20221104125000","379","2","彰化縣","埔心鄉","120.555","23.945","444"
"94","255273","20221104125000","88","1","彰化縣","埔心鄉","120.515","23.940","99"
"233","255276","20221104125000","203","1","彰化縣","埔心鄉","120.525","23.950","266"
"1210","255277","20221104125000","850","2","彰化縣","埔心鄉","120.525","23.945","1221"
"478","255284","20221104125000","271","3","彰化縣","埔心鄉","120.520","23.945","466"
"586","255287","20221104125000","407","2","彰化縣","埔心鄉","120.515","23.950","540"
"201","255292","20221104125000","562","0","南投縣","埔里鎮","120.935","23.995","167"
"98","255303","20221104125000","79","2","南投縣","埔里鎮","120.945","24.000","118"
"251","255308","20221104125000","190","2","南投縣","埔里鎮","120.940","24.005","269"
"221","255309","20221104125000","442","0","南投縣","埔里鎮","120.945","24.005","205"
"521","255312","20221104125000","408","2","彰化縣","溪湖鎮","120.495","23.965","504"
"174","255322","20221104125000","492","0","彰化縣","溪湖鎮","120.510","23.970","170"
"1087","255326","20221104125000","618","3","彰化縣","大村鄉","120.545","23.995","1045"
"384","255337","20221104125000","351","1","彰化縣","大村鄉","120.555","24.000","424"
"779","255339","20221104125000","819","0","彰化縣","大村鄉","120.550","24.005","823"
"17","255342","20221104125000","18","0","彰化縣","大村鄉","120.565","23.995","23"
"45","255345","20221104125000","343","0","彰化縣","大村鄉","120.580","24.000","31"
"274","255351","20221104125000","102","3","彰化縣","大村鄉","120.585","24.000","268"
"331","255359","20221104125000","281","1","彰化縣","大村鄉","120.550","23.980","355"
"1379","255361","20221104125000","1146","2","彰化縣","大村鄉","120.565","23.980","1284"
"320","255365","20221104125000","352","0","彰化縣","大村鄉","120.540","23.975","297"
"73","255366","20221104125000","94","0","彰化縣","大村鄉","120.520","23.980","83"
"42","255371","20221104125000","124","0","彰化縣","芳苑鄉","120.355","23.935","38"
"268","255379","20221104125000","128","3","彰化縣","芳苑鄉","120.365","23.940","277"
"81","255396","20221104125000","256","0","彰化縣","芳苑鄉","120.350","23.975","90"
"594","255400","20221104125000","258","3","彰化縣","芳苑鄉","120.345","23.980","645"
"61","255443","20221104125000","196","0","彰化縣","芳苑鄉","120.390","23.980","63"
"177","255448","20221104125000","89","3","彰化縣","芳苑鄉","120.385","23.985","161"
"1503","255463","20221104125000","1415","1","南投縣","埔里鎮","120.975","23.970","1391"
"102","255464","20221104125000","295","0","彰化縣","埔心鄉","120.560","23.950","90"
"10","255465","20221104125000","105","0","彰化縣","埔心鄉","120.560","23.955","14"
"372","255466","20221104125000","369","1","南投縣","南投市","120.695","23.940","431"
"417","255472","20221104125000","630","0","南投縣","南投市","120.695","23.945","514"
"45","255475","20221104125000","43","1","南投縣","南投市","120.700","23.950","42"
"792","255480","20221104125000","895","0","南投縣","南投市","120.695","23.950","900"
"484","255482","20221104125000","404","1","南投縣","南投市","120.690","23.955","497"
"62","255490","20221104125000","167","0","南投縣","南投市","120.690","23.930","71"
"1080","255491","20221104125000","689","3","南投縣","南投市","120.695","23.930","1032"
"257","255494","20221104125000","475","0","南投縣","南投市","120.690","23.935","242"
"1243","255496","20221104125000","592","3","南投縣","南投市","120.700","23.935","1175"
"324","255525","20221104125000","825","0","彰化縣","芳苑鄉","120.335","23.960","341"
"139","255535","20221104125000","82","3","彰化縣","芳苑鄉","120.360","23.970","125"
"155","255545","20221104125000","125","2","彰化縣","二林鎮","120.385","23.945","177"
"124","255549","20221104125000","148","0","彰化縣","芳苑鄉","120.385","23.955","130"
"114","255550","20221104125000","104","1","彰化縣","芳苑鄉","120.390","23.955","118"
"172","255551","20221104125000","134","2","彰化縣","芳苑鄉","120.395","23.955","184"
"133","255559","20221104125000","101","2","彰化縣","芳苑鄉","120.385","23.970","137"
"79","255593","20221104125000","63","2","南投縣","國姓鄉","120.855","23.995","85"
"411","255626","20221104125000","240","3","南投縣","國姓鄉","120.840","24.005","462"
"128","255633","20221104125000","360","0","南投縣","國姓鄉","120.815","24.000","136"
"11","255636","20221104125000","110","0","南投縣","國姓鄉","120.815","24.005","20"
"45","255646","20221104125000","309","0","南投縣","埔里鎮","120.955","23.995","46"
"1045","255647","20221104125000","356","3","南投縣","埔里鎮","120.960","23.965","1072"
"24","255663","20221104125000","221","0","南投縣","埔里鎮","121.000","23.955","33"
"183","255680","20221104125000","228","0","南投縣","埔里鎮","121.000","23.965","215"
"1114","255708","20221104125000","908","2","南投縣","埔里鎮","120.995","23.975","1145"
"385","255724","20221104125000","227","3","南投縣","埔里鎮","121.005","23.980","275"
"98","255748","20221104125000","188","0","南投縣","埔里鎮","121.020","23.990","125"
"81","255778","20221104125000","149","0","南投縣","仁愛鄉","121.040","24.000","72"
"63","255784","20221104125000","63","1","南投縣","埔里鎮","121.055","24.000","62"
"1459","255785","20221104125000","1465","0","南投縣","埔里鎮","120.965","23.965","1410"
"79","255786","20221104125000","85","0","南投縣","埔里鎮","120.965","23.970","110"
"411","255794","20221104125000","235","3","南投縣","埔里鎮","120.990","23.930","430"
"866","255798","20221104125000","502","3","彰化縣","埔鹽鄉","120.485","24.005","804"
"644","255803","20221104125000","461","2","彰化縣","埔鹽鄉","120.475","23.995","626"
"1049","255804","20221104125000","596","3","彰化縣","埔鹽鄉","120.480","23.995","1018"
"316","255810","20221104125000","177","3","彰化縣","埔鹽鄉","120.455","24.010","311"
"42","255814","20221104125000","402","0","彰化縣","埔鹽鄉","120.430","23.980","36"
"292","255817","20221104125000","254","1","彰化縣","埔鹽鄉","120.445","23.960","302"
"421","255822","20221104125000","163","3","彰化縣","埔鹽鄉","120.440","23.975","425"
"774","255835","20221104125000","560","2","彰化縣","埔鹽鄉","120.465","24.000","717"
"183","255836","20221104125000","158","1","彰化縣","埔鹽鄉","120.460","24.005","209"
"609","255841","20221104125000","431","2","彰化縣","花壇鄉","120.575","24.005","597"
"17","255845","20221104125000","116","0","彰化縣","花壇鄉","120.585","24.010","20"
"259","255861","20221104125000","117","3","彰化縣","埔鹽鄉","120.450","23.985","223"
"88","255868","20221104125000","316","0","彰化縣","埔鹽鄉","120.445","23.985","106"
"311","255875","20221104125000","252","2","彰化縣","埔鹽鄉","120.465","23.970","322"
"10","255887","20221104125000","15","0","彰化縣","埔鹽鄉","120.495","23.985","10"
"236","255894","20221104125000","203","1","彰化縣","埔鹽鄉","120.490","23.990","221"
"32","255901","20221104125000","232","0","彰化縣","埔鹽鄉","120.490","23.975","34"
"72","255903","20221104125000","484","0","彰化縣","埔鹽鄉","120.480","23.980","86"
"696","255912","20221104125000","530","2","彰化縣","大村鄉","120.530","23.990","627"
"529","255913","20221104125000","466","1","彰化縣","大村鄉","120.535","23.990","645"
"893","255917","20221104125000","849","1","彰化縣","大村鄉","120.555","23.990","825"
"366","255920","20221104125000","800","0","彰化縣","大村鄉","120.575","23.985","412"
"300","255921","20221104125000","303","0","彰化縣","大村鄉","120.580","23.985","301"
"376","255923","20221104125000","382","0","彰化縣","大村鄉","120.590","23.985","338"
"70","255924","20221104125000","63","1","彰化縣","大村鄉","120.595","23.985","59"
"156","255941","20221104125000","138","1","彰化縣","大村鄉","120.540","23.980","166"
"331","255950","20221104125000","268","2","彰化縣","大村鄉","120.510","23.985","305"
"317","255953","20221104125000","205","3","彰化縣","大村鄉","120.520","23.985","342"
"240","255956","20221104125000","1306","0","彰化縣","大村鄉","120.560","23.990","244"
"61","255962","20221104125000","57","1","彰化縣","埔鹽鄉","120.430","23.995","74"
"460","255975","20221104125000","210","3","彰化縣","埔鹽鄉","120.420","23.990","448"
"155","255987","20221104125000","433","0","彰化縣","埔鹽鄉","120.450","24.005","130"
"401","256002","20221104125000","720","0","南投縣","埔里鎮","120.945","23.965","380"
"228","256004","20221104125000","1182","0","南投縣","埔里鎮","120.945","23.970","197"
"69","256025","20221104125000","67","1","南投縣","埔里鎮","120.890","23.955","70"
"940","256042","20221104125000","1084","0","南投縣","埔里鎮","120.945","23.975","878"
"694","256043","20221104125000","471","2","南投縣","埔里鎮","120.925","23.980","840"
"79","256061","20221104125000","58","2","彰化縣","員林鎮","120.605","23.950","79"
"1057","256062","20221104125000","691","3","彰化縣","員林鎮","120.605","23.955","1035"
"102","256063","20221104125000","449","0","南投縣","南投市","120.670","23.930","80"
"70","256065","20221104125000","274","0","南投縣","南投市","120.675","23.935","70"
"10","256071","20221104125000","37","0","南投縣","南投市","120.730","23.930","10"
"860","256085","20221104125000","628","2","南投縣","南投市","120.660","23.930","914"
"568","256086","20221104125000","345","3","南投縣","南投市","120.665","23.930","572"
"515","256089","20221104125000","442","1","南投縣","南投市","120.670","23.940","488"
"302","256091","20221104125000","365","0","彰化縣","員林鎮","120.570","23.965","254"
"1246","256092","20221104125000","1339","0","彰化縣","員林鎮","120.575","23.965","1166"
"1902","256094","20221104125000","1985","0","彰化縣","員林鎮","120.580","23.960","1975"
"25","256095","20221104125000","17","2","彰化縣","員林鎮","120.585","23.960","22"
"1594","256096","20221104125000","1218","2","彰化縣","員林鎮","120.580","23.965","1550"
"116","256144","20221104125000","155","0","南投縣","仁愛鄉","121.080","23.995","152"
"193","256164","20221104125000","158","2","南投縣","仁愛鄉","121.085","24.000","184"
"10","256171","20221104125000","83","0","南投縣","仁愛鄉","121.070","24.005","14"
"15","256180","20221104125000","69","0","南投縣","仁愛鄉","121.130","23.980","15"
"497","256187","20221104125000","269","3","南投縣","仁愛鄉","121.100","23.990","399"
"67","256354","20221104125000","68","0","南投縣","仁愛鄉","121.075","23.930","79"
"161","256404","20221104125000","97","3","南投縣","仁愛鄉","121.075","23.950","191"
"23","256598","20221104125000","17","2","南投縣","仁愛鄉","121.120","23.950","23"
"70","256645","20221104125000","16","3","南投縣","仁愛鄉","121.175","23.955","85"
"17","256646","20221104125000","65","0","南投縣","仁愛鄉","121.180","23.955","17"
"219","256716","20221104125000","85","3","南投縣","仁愛鄉","121.130","23.960","252"
"13","256753","20221104125000","89","0","南投縣","仁愛鄉","121.105","23.965","13"
"213","256953","20221104125000","1573","0","彰化縣","員林鎮","120.575","23.950","223"
"53","256962","20221104125000","37","2","彰化縣","員林鎮","120.615","23.950","49"
"37","256968","20221104125000","166","0","彰化縣","員林鎮","120.625","23.955","48"
"19","256971","20221104125000","190","0","彰化縣","員林鎮","120.550","23.965","24"
"105","256976","20221104125000","139","0","彰化縣","員林鎮","120.605","23.945","87"
"68","256977","20221104125000","62","1","彰化縣","員林鎮","120.610","23.945","65"
"136","256978","20221104125000","114","1","彰化縣","員林鎮","120.615","23.945","127"
"1733","256982","20221104125000","1325","2","彰化縣","員林鎮","120.565","23.955","1670"
"3001","256983","20221104125000","2210","2","彰化縣","員林鎮","120.565","23.960","2970"
"386","256986","20221104125000","231","3","彰化縣","員林鎮","120.595","23.975","347"
"443","256988","20221104125000","348","2","彰化縣","大村鄉","120.590","23.980","430"
"1953","256995","20221104125000","1361","2","彰化縣","員林鎮","120.575","23.955","1927"
"57","256996","20221104125000","80","0","彰化縣","員林鎮","120.595","23.935","54"
"149","256997","20221104125000","425","0","彰化縣","員林鎮","120.605","23.935","158"
"36","257007","20221104125000","45","0","彰化縣","員林鎮","120.620","23.940","39"
"361","257021","20221104125000","282","2","彰化縣","二林鎮","120.415","23.955","310"
"156","257028","20221104125000","80","3","彰化縣","二林鎮","120.430","23.955","137"
"403","257055","20221104125000","375","1","彰化縣","二林鎮","120.400","23.930","389"
"151","257083","20221104125000","472","0","南投縣","草屯鎮","120.670","23.950","132"
"40","257086","20221104125000","371","0","南投縣","草屯鎮","120.680","23.955","48"
"1008","257088","20221104125000","2551","0","南投縣","草屯鎮","120.680","23.960","954"
"150","257089","20221104125000","843","0","南投縣","草屯鎮","120.680","23.965","175"
"84","257092","20221104125000","736","0","彰化縣","員林鎮","120.570","23.945","96"
"463","257094","20221104125000","431","1","彰化縣","員林鎮","120.590","23.950","439"
"317","257095","20221104125000","248","2","彰化縣","員林鎮","120.595","23.950","358"
"1168","257097","20221104125000","1113","1","彰化縣","員林鎮","120.570","23.950","1173"
"156","257100","20221104125000","465","0","彰化縣","員林鎮","120.585","23.970","143"
"748","257103","20221104125000","324","3","彰化縣","二林鎮","120.455","23.930","690"
"184","257115","20221104125000","168","1","彰化縣","二林鎮","120.445","23.945","231"
"1196","257118","20221104125000","705","3","彰化縣","二林鎮","120.440","23.950","1134"
"955","257124","20221104125000","577","3","彰化縣","員林鎮","120.590","23.940","995"
"173","257135","20221104125000","208","0","彰化縣","埔心鄉","120.510","23.940","171"
"15","257145","20221104125000","313","0","彰化縣","溪湖鎮","120.485","23.940","24"
"34","257149","20221104125000","235","0","彰化縣","溪湖鎮","120.480","23.955","42"
"607","257152","20221104125000","1996","0","南投縣","草屯鎮","120.685","23.975","556"
"648","257154","20221104125000","518","2","南投縣","草屯鎮","120.725","23.980","627"
"55","257160","20221104125000","52","1","南投縣","草屯鎮","120.720","23.990","48"
"97","257162","20221104125000","118","0","南投縣","草屯鎮","120.730","23.990","95"
"986","257166","20221104125000","400","3","南投縣","草屯鎮","120.680","23.970","936"
"1785","257168","20221104125000","1855","0","南投縣","草屯鎮","120.680","23.980","1652"
"34","257171","20221104125000","366","0","南投縣","草屯鎮","120.655","24.000","39"
"367","257173","20221104125000","379","0","南投縣","草屯鎮","120.665","24.000","407"
"96","257176","20221104125000","376","0","南投縣","草屯鎮","120.650","24.005","116"
"218","257181","20221104125000","299","0","南投縣","草屯鎮","120.725","23.995","232"
"408","257193","20221104125000","232","3","南投縣","草屯鎮","120.730","24.000","394"
"622","257213","20221104125000","556","1","彰化縣","溪湖鎮","120.450","23.955","554"
"588","257215","20221104125000","468","2","彰化縣","溪湖鎮","120.460","23.955","594"
"21","257222","20221104125000","14","3","南投縣","草屯鎮","120.750","23.975","17"
"457","257229","20221104125000","289","3","南投縣","草屯鎮","120.750","23.980","404"
"278","257235","20221104125000","313","0","南投縣","草屯鎮","120.750","23.985","313"
"56","257245","20221104125000","36","3","南投縣","草屯鎮","120.720","23.955","52"
"106","257251","20221104125000","109","0","南投縣","中寮鄉","120.750","23.955","111"
"27","257266","20221104125000","23","1","南投縣","草屯鎮","120.740","23.965","28"
"181","257267","20221104125000","130","2","南投縣","草屯鎮","120.745","23.965","152"
"140","257273","20221104125000","94","2","南投縣","草屯鎮","120.705","23.960","156"
"522","257282","20221104125000","498","1","南投縣","草屯鎮","120.705","23.975","525"
"921","257285","20221104125000","645","2","南投縣","草屯鎮","120.695","23.980","925"
"1182","257286","20221104125000","1152","1","南投縣","草屯鎮","120.700","23.980","1276"
"778","257289","20221104125000","730","1","南投縣","草屯鎮","120.715","23.980","697"
"1131","257294","20221104125000","754","3","南投縣","南投市","120.685","23.955","1091"
"167","257295","20221104125000","565","0","南投縣","草屯鎮","120.685","23.960","157"
"1777","257299","20221104125000","1178","3","南投縣","草屯鎮","120.690","23.965","1806"
"31","257300","20221104125000","41","0","南投縣","草屯鎮","120.695","23.965","26"
"242","257307","20221104125000","169","2","南投縣","草屯鎮","120.775","23.985","196"
"51","257320","20221104125000","105","0","南投縣","草屯鎮","120.765","23.995","49"
"394","257342","20221104125000","479","0","南投縣","草屯鎮","120.700","23.985","426"
"40","257346","20221104125000","54","0","南投縣","草屯鎮","120.705","23.990","38"
"134","257348","20221104125000","228","0","南投縣","草屯鎮","120.715","23.990","142"
"346","257349","20221104125000","869","0","南投縣","草屯鎮","120.690","23.995","348"
"110","257351","20221104125000","119","0","南投縣","草屯鎮","120.700","23.995","121"
"570","257354","20221104125000","465","2","南投縣","草屯鎮","120.715","23.995","558"
"643","257356","20221104125000","389","3","南投縣","草屯鎮","120.695","23.995","601"
"633","257362","20221104125000","626","1","南投縣","草屯鎮","120.695","24.000","692"
"302","257365","20221104125000","177","3","南投縣","草屯鎮","120.710","24.000","276"
"109","257366","20221104125000","127","0","南投縣","草屯鎮","120.670","23.960","102"
"379","257368","20221104125000","195","3","南投縣","草屯鎮","120.675","23.965","395"
"187","257369","20221104125000","178","1","南投縣","草屯鎮","120.670","23.970","181"
"467","257370","20221104125000","344","2","南投縣","草屯鎮","120.670","23.975","448"
"227","257373","20221104125000","227","1","南投縣","草屯鎮","120.675","23.980","282"
"754","257376","20221104125000","1117","0","南投縣","草屯鎮","120.680","23.985","729"
"309","257377","20221104125000","295","1","南投縣","草屯鎮","120.670","23.990","333"
"47","257381","20221104125000","187","0","南投縣","草屯鎮","120.670","23.995","52"
"408","257386","20221104125000","141","3","南投縣","草屯鎮","120.685","23.990","441"
"381","257387","20221104125000","349","1","南投縣","草屯鎮","120.680","23.995","407"
"99","257389","20221104125000","283","0","南投縣","草屯鎮","120.680","24.000","68"
"502","257396","20221104125000","390","2","南投縣","草屯鎮","120.680","24.005","489"
"209","257400","20221104125000","734","0","南投縣","草屯鎮","120.685","23.985","191"
"2562","257401","20221104125000","1996","2","南投縣","草屯鎮","120.685","23.980","2482"
"108","257403","20221104125000","208","0","南投縣","草屯鎮","120.640","23.995","123"
"269","257407","20221104125000","443","0","南投縣","草屯鎮","120.660","23.995","305"
"89","257410","20221104125000","222","0","南投縣","草屯鎮","120.650","23.995","72"
"139","257415","20221104125000","101","2","南投縣","草屯鎮","120.655","23.965","123"
"486","257418","20221104125000","462","1","南投縣","草屯鎮","120.650","23.970","522"
"338","257422","20221104125000","288","1","南投縣","草屯鎮","120.650","23.975","365"
"187","257424","20221104125000","178","1","南投縣","草屯鎮","120.660","23.975","244"
"130","257426","20221104125000","273","0","南投縣","草屯鎮","120.650","23.980","130"
"219","257429","20221104125000","625","0","南投縣","草屯鎮","120.665","23.950","205"
"132","257438","20221104125000","266","0","南投縣","草屯鎮","120.660","23.960","130"
"107","257439","20221104125000","137","0","南投縣","草屯鎮","120.665","23.960","133"
"256","257496","20221104125000","210","2","南投縣","草屯鎮","120.795","23.985","252"
"256","257505","20221104125000","192","2","南投縣","草屯鎮","120.795","23.990","258"
"388","257522","20221104125000","198","3","南投縣","草屯鎮","120.800","24.000","342"
"83","257550","20221104125000","274","0","彰化縣","福興鄉","120.410","24.005","99"
"104","257580","20221104125000","90","1","彰化縣","芳苑鄉","120.400","23.995","117"
"598","257591","20221104125000","385","3","彰化縣","芳苑鄉","120.365","24.000","546"
"257","257595","20221104125000","211","2","彰化縣","芳苑鄉","120.385","24.000","254"
"353","257609","20221104125000","320","1","彰化縣","芳苑鄉","120.370","24.005","362"
"371","257631","20221104125000","194","3","彰化縣","芳苑鄉","120.340","23.965","384"
"156","257632","20221104125000","713","0","彰化縣","芳苑鄉","120.345","23.965","156"
"61","257638","20221104125000","54","1","彰化縣","芳苑鄉","120.325","23.970","63"
"388","257669","20221104125000","1085","0","彰化縣","秀水鄉","120.510","23.995","330"
"485","257680","20221104125000","343","2","彰化縣","秀水鄉","120.520","24.000","488"
"810","257685","20221104125000","586","2","彰化縣","福興鄉","120.490","24.010","835"
"2049","257686","20221104125000","1317","3","彰化縣","福興鄉","120.495","24.010","1950"
"17","257694","20221104125000","17","1","彰化縣","芬園鄉","120.605","24.005","25"
"479","257699","20221104125000","253","3","彰化縣","溪湖鎮","120.490","23.950","431"
"546","257700","20221104125000","524","1","彰化縣","溪湖鎮","120.495","23.950","563"
"844","257703","20221104125000","536","3","彰化縣","溪湖鎮","120.475","23.960","809"
"316","257704","20221104125000","231","2","彰化縣","溪湖鎮","120.465","23.965","373"
"2518","257708","20221104125000","2257","1","彰化縣","溪湖鎮","120.480","23.960","2392"
"394","257713","20221104125000","288","2","彰化縣","溪湖鎮","120.485","23.935","380"
"22","257720","20221104125000","23","0","彰化縣","溪湖鎮","120.500","23.940","37"
"88","257725","20221104125000","301","0","彰化縣","溪湖鎮","120.505","23.950","83"
"56","257726","20221104125000","246","0","彰化縣","溪湖鎮","120.510","23.950","46"
"96","257727","20221104125000","512","0","彰化縣","溪湖鎮","120.490","23.955","116"
"80","257728","20221104125000","83","0","彰化縣","溪湖鎮","120.495","23.955","84"
"529","257729","20221104125000","477","1","彰化縣","溪湖鎮","120.485","23.960","535"
"448","257733","20221104125000","333","2","彰化縣","溪湖鎮","120.490","23.965","379"
"282","257734","20221104125000","401","0","彰化縣","溪湖鎮","120.485","23.970","424"
"463","257750","20221104125000","195","3","彰化縣","芬園鄉","120.625","23.965","435"
"159","257766","20221104125000","224","0","彰化縣","溪湖鎮","120.475","23.950","143"
"457","257767","20221104125000","666","0","彰化縣","溪湖鎮","120.475","23.955","462"
"237","257778","20221104125000","178","2","彰化縣","溪湖鎮","120.475","23.970","224"
"778","257781","20221104125000","704","1","彰化縣","溪湖鎮","120.470","23.980","732"
"211","257784","20221104125000","165","2","南投縣","草屯鎮","120.670","23.980","240"
"168","257785","20221104125000","425","0","南投縣","草屯鎮","120.650","23.985","144"
"228","257788","20221104125000","344","0","南投縣","草屯鎮","120.665","23.985","226"
"269","257792","20221104125000","334","0","南投縣","草屯鎮","120.665","23.990","336"
"45","257795","20221104125000","366","0","彰化縣","社頭鄉","120.605","23.930","36"
"154","257797","20221104125000","120","2","彰化縣","社頭鄉","120.615","23.930","153"
"117","257798","20221104125000","50","3","彰化縣","社頭鄉","120.620","23.930","119"
"455","257802","20221104125000","275","3","彰化縣","芬園鄉","120.630","23.995","435"
"28","257808","20221104125000","12","3","彰化縣","芬園鄉","120.615","24.005","18"
"1611","257810","20221104125000","1032","3","彰化縣","芬園鄉","120.630","24.010","1635"
"43","257812","20221104125000","263","0","彰化縣","芬園鄉","120.640","24.010","53"
"49","257813","20221104125000","32","3","彰化縣","芬園鄉","120.645","24.010","47"
"318","257817","20221104125000","207","3","彰化縣","埔鹽鄉","120.425","23.995","388"
"43","257823","20221104125000","202","0","彰化縣","埔鹽鄉","120.430","24.005","52"
"166","257824","20221104125000","177","0","彰化縣","福興鄉","120.420","24.010","239"
"21","257825","20221104125000","12","3","彰化縣","福興鄉","120.425","24.010","28"
"326","257827","20221104125000","917","0","彰化縣","秀水鄉","120.515","24.010","292"
"295","257834","20221104125000","161","3","彰化縣","芬園鄉","120.620","23.980","240"
"288","257851","20221104125000","120","3","彰化縣","芬園鄉","120.610","23.995","268"
"78","257857","20221104125000","67","1","彰化縣","芬園鄉","120.625","24.000","84"
"54","257867","20221104125000","187","0","彰化縣","芬園鄉","120.645","23.965","34"
"323","257871","20221104125000","256","2","彰化縣","芬園鄉","120.640","23.975","355"
"50","257882","20221104125000","352","0","彰化縣","花壇鄉","120.550","24.010","53"
"53","257884","20221104125000","49","1","彰化縣","花壇鄉","120.570","24.010","52"
"526","257886","20221104125000","493","1","彰化縣","社頭鄉","120.575","23.930","504"
"294","257898","20221104125000","371","0","南投縣","草屯鎮","120.730","23.975","297"
"203","257902","20221104125000","205","0","南投縣","草屯鎮","120.735","23.980","233"
"624","257907","20221104125000","1268","0","彰化縣","溪湖鎮","120.480","23.965","625"
"42","257908","20221104125000","369","0","彰化縣","溪湖鎮","120.480","23.970","43"
"1790","263412","20221104125000","1379","2","臺中市","霧峰區","120.690","24.045","1706"
"714","263414","20221104125000","454","3","臺中市","霧峰區","120.685","24.050","737"
"281","263420","20221104125000","131","3","臺中市","霧峰區","120.705","24.045","261"
"41","263428","20221104125000","33","2","臺中市","霧峰區","120.705","24.055","40"
"495","263432","20221104125000","578","0","臺中市","霧峰區","120.705","24.060","474"
"61","263433","20221104125000","334","0","臺中市","霧峰區","120.710","24.060","56"
"52","263450","20221104125000","181","0","臺中市","霧峰區","120.700","24.020","55"
"366","263482","20221104125000","382","0","臺中市","霧峰區","120.700","24.030","410"
"399","263484","20221104125000","438","0","臺中市","霧峰區","120.695","24.035","389"
"275","263486","20221104125000","383","0","臺中市","霧峰區","120.710","24.070","325"
"1270","263487","20221104125000","912","2","臺中市","霧峰區","120.715","24.070","1305"
"177","263488","20221104125000","179","0","臺中市","霧峰區","120.720","24.070","214"
"984","263490","20221104125000","538","3","臺中市","霧峰區","120.705","24.075","977"
"271","263491","20221104125000","314","0","臺中市","霧峰區","120.710","24.075","241"
"1322","263492","20221104125000","1278","1","臺中市","霧峰區","120.715","24.075","1310"
"28","263493","20221104125000","274","0","臺中市","霧峰區","120.720","24.075","32"
"389","263495","20221104125000","380","1","臺中市","霧峰區","120.710","24.080","496"
"21","263497","20221104125000","22","0","臺中市","大里區","120.720","24.080","20"
"15","263499","20221104125000","47","0","臺中市","霧峰區","120.665","24.060","10"
"30","263518","20221104125000","91","0","臺中市","霧峰區","120.730","24.040","17"
"1126","263528","20221104125000","1079","1","臺中市","霧峰區","120.695","24.040","1201"
"52","263539","20221104125000","76","0","臺中市","霧峰區","120.695","24.045","64"
"116","263553","20221104125000","70","3","臺中市","霧峰區","120.725","24.030","116"
"254","263569","20221104125000","129","3","臺中市","霧峰區","120.725","24.035","250"
"37","263573","20221104125000","179","0","臺中市","霧峰區","120.750","24.035","34"
"634","263579","20221104125000","575","1","臺中市","大里區","120.695","24.080","689"
"2548","263581","20221104125000","2017","2","臺中市","大里區","120.695","24.085","2358"
"226","263583","20221104125000","227","0","臺中市","大里區","120.690","24.085","242"
"132","263584","20221104125000","99","2","臺中市","大里區","120.700","24.080","114"
"1272","263585","20221104125000","1180","1","臺中市","大里區","120.700","24.085","1427"
"23","263586","20221104125000","315","0","臺中市","大里區","120.705","24.085","25"
"1031","263587","20221104125000","1026","1","臺中市","大里區","120.705","24.090","974"
"375","263588","20221104125000","385","0","臺中市","大里區","120.715","24.095","369"
"11","263615","20221104125000","11","1","臺中市","太平區","120.780","24.090","13"
"52","263708","20221104125000","25","3","臺中市","太平區","120.755","24.085","43"
"60","263716","20221104125000","186","0","臺中市","太平區","120.745","24.090","61"
"228","263736","20221104125000","284","0","臺中市","霧峰區","120.700","24.050","206"
"565","263737","20221104125000","538","1","臺中市","霧峰區","120.695","24.055","537"
"169","263738","20221104125000","123","2","臺中市","霧峰區","120.700","24.055","189"
"61","263741","20221104125000","418","0","臺中市","霧峰區","120.680","24.060","62"
"1337","263743","20221104125000","918","2","臺中市","霧峰區","120.680","24.065","1315"
"23","263745","20221104125000","27","0","臺中市","霧峰區","120.690","24.065","22"
"538","263746","20221104125000","448","2","臺中市","霧峰區","120.680","24.070","500"
"165","263747","20221104125000","646","0","臺中市","霧峰區","120.700","24.070","148"
"174","263753","20221104125000","96","3","臺中市","新社區","120.885","24.095","126"
"748","263758","20221104125000","670","1","臺中市","大里區","120.685","24.075","740"
"527","263759","20221104125000","348","3","臺中市","大里區","120.690","24.075","487"
"295","263764","20221104125000","599","0","臺中市","大里區","120.680","24.085","280"
"335","263766","20221104125000","301","1","臺中市","太平區","120.730","24.095","298"
"58","263775","20221104125000","18","3","臺中市","霧峰區","120.725","24.060","42"
"354","263776","20221104125000","355","0","臺中市","霧峰區","120.705","24.065","343"
"356","263778","20221104125000","362","0","臺中市","霧峰區","120.715","24.065","407"
"51","263794","20221104125000","122","0","臺中市","霧峰區","120.745","24.045","60"
"152","263828","20221104125000","198","0","臺中市","霧峰區","120.745","24.060","146"
"46","263842","20221104125000","47","0","臺中市","霧峰區","120.760","24.065","35"
"77","263846","20221104125000","44","3","臺中市","霧峰區","120.735","24.070","124"
"497","263863","20221104125000","378","2","臺中市","霧峰區","120.695","24.015","490"
"828","263864","20221104125000","612","2","臺中市","霧峰區","120.685","24.020","749"
"526","263875","20221104125000","423","2","臺中市","烏日區","120.655","24.055","548"
"457","263876","20221104125000","486","0","臺中市","烏日區","120.660","24.055","430"
"311","263878","20221104125000","271","1","臺中市","烏日區","120.655","24.045","324"
"348","263884","20221104125000","283","2","臺中市","烏日區","120.650","24.050","384"
"462","263885","20221104125000","623","0","臺中市","烏日區","120.635","24.070","477"
"1827","263888","20221104125000","1459","2","臺中市","烏日區","120.635","24.080","1812"
"833","263891","20221104125000","464","3","臺中市","烏日區","120.625","24.090","851"
"1840","263900","20221104125000","1552","1","臺中市","烏日區","120.640","24.075","1853"
"911","263902","20221104125000","823","1","臺中市","烏日區","120.650","24.075","906"
"65","263907","20221104125000","1095","0","臺中市","烏日區","120.645","24.085","70"
"397","263933","20221104125000","240","3","臺中市","烏日區","120.635","24.050","362"
"2691","263942","20221104125000","2088","2","臺中市","大里區","120.680","24.095","2639"
"330","263943","20221104125000","308","1","臺中市","大里區","120.665","24.095","371"
"1040","263945","20221104125000","922","1","臺中市","大里區","120.690","24.090","1084"
"1186","263946","20221104125000","972","2","臺中市","大里區","120.695","24.095","1100"
"317","263948","20221104125000","290","1","臺中市","大里區","120.705","24.095","360"
"209","263949","20221104125000","237","0","臺中市","大里區","120.710","24.095","179"
"833","263950","20221104125000","679","2","臺中市","大里區","120.715","24.090","911"
"864","263951","20221104125000","859","1","臺中市","大里區","120.720","24.095","864"
"1021","263954","20221104125000","1014","1","臺中市","大里區","120.700","24.095","961"
"507","263960","20221104125000","377","2","臺中市","大里區","120.735","24.090","509"
"862","263962","20221104125000","892","0","臺中市","大里區","120.720","24.090","886"
"552","263964","20221104125000","526","1","臺中市","大里區","120.730","24.090","604"
"718","263969","20221104125000","848","0","臺中市","大里區","120.710","24.085","688"
"233","263970","20221104125000","442","0","臺中市","大里區","120.715","24.085","250"
"186","263971","20221104125000","237","0","臺中市","大里區","120.720","24.085","225"
"76","263975","20221104125000","77","0","臺中市","大里區","120.710","24.090","67"
"200","263977","20221104125000","79","3","臺中市","大里區","120.665","24.085","202"
"37","263979","20221104125000","356","0","臺中市","大里區","120.675","24.085","43"
"322","263989","20221104125000","420","0","臺中市","大里區","120.685","24.095","335"
"303","263990","20221104125000","329","0","臺中市","大里區","120.690","24.095","322"
"164","263991","20221104125000","286","0","臺中市","霧峰區","120.695","24.065","172"
"2729","263992","20221104125000","2558","1","臺中市","霧峰區","120.700","24.065","2661"
"907","263995","20221104125000","375","3","臺中市","霧峰區","120.665","24.065","949"
"181","263999","20221104125000","701","0","臺中市","霧峰區","120.665","24.070","223"
"47","264007","20221104125000","496","0","臺中市","霧峰區","120.655","24.085","40"
"65","264008","20221104125000","425","0","臺中市","霧峰區","120.650","24.085","55"
"245","264016","20221104125000","213","1","臺中市","霧峰區","120.690","24.040","227"
"70","264018","20221104125000","460","0","臺中市","霧峰區","120.685","24.045","84"
"19","264024","20221104125000","394","0","臺中市","霧峰區","120.665","24.040","25"
"385","264029","20221104125000","191","3","臺中市","霧峰區","120.660","24.050","422"
"764","264031","20221104125000","632","2","臺中市","大里區","120.700","24.090","756"
"51","264037","20221104125000","73","0","臺中市","霧峰區","120.670","24.025","50"
"28","264042","20221104125000","257","0","臺中市","霧峰區","120.670","24.030","20"
"165","264047","20221104125000","186","0","花蓮縣","秀林鄉","121.580","24.020","159"
"183","264094","20221104125000","183","1","花蓮縣","秀林鄉","121.595","24.050","184"
"803","264107","20221104125000","905","0","花蓮縣","秀林鄉","121.600","24.055","837"
"394","264435","20221104125000","407","0","花蓮縣","新城鄉","121.610","24.080","420"
"230","264642","20221104125000","278","0","花蓮縣","新城鄉","121.595","24.015","264"
"268","264655","20221104125000","247","1","花蓮縣","新城鄉","121.590","24.035","226"
"184","264661","20221104125000","141","2","花蓮縣","新城鄉","121.595","24.040","179"
"861","264663","20221104125000","523","3","花蓮縣","新城鄉","121.605","24.030","845"
"407","264665","20221104125000","328","2","花蓮縣","新城鄉","121.605","24.035","418"
"343","264667","20221104125000","335","1","花蓮縣","新城鄉","121.600","24.035","359"
"1984","264676","20221104125000","1700","1","臺中市","烏日區","120.645","24.060","1942"
"110","264678","20221104125000","617","0","臺中市","烏日區","120.655","24.060","96"
"454","264683","20221104125000","507","0","臺中市","烏日區","120.640","24.065","495"
"357","264700","20221104125000","208","3","臺中市","烏日區","120.620","24.090","371"
"505","264703","20221104125000","327","3","臺中市","霧峰區","120.675","24.040","470"
"335","264707","20221104125000","177","3","臺中市","霧峰區","120.680","24.045","306"
"499","264712","20221104125000","328","3","臺中市","霧峰區","120.675","24.050","471"
"852","264717","20221104125000","941","0","臺中市","烏日區","120.645","24.090","789"
"317","264719","20221104125000","329","0","臺中市","烏日區","120.635","24.095","354"
"71","264720","20221104125000","34","3","臺中市","烏日區","120.640","24.095","54"
"52","264722","20221104125000","199","0","臺中市","烏日區","120.645","24.095","45"
"493","264725","20221104125000","471","1","臺中市","烏日區","120.655","24.095","543"
"214","264726","20221104125000","138","3","臺中市","大里區","120.660","24.095","241"
"868","264728","20221104125000","805","1","花蓮縣","花蓮市","121.625","24.010","919"
"741","264732","20221104125000","635","1","花蓮縣","花蓮市","121.630","24.015","686"
"373","264737","20221104125000","405","0","花蓮縣","花蓮市","121.635","24.025","331"
"107","265344","20221104125000","52","3","南投縣","國姓鄉","120.830","24.030","131"
"21","265374","20221104125000","17","2","南投縣","國姓鄉","120.800","24.045","26"
"91","265406","20221104125000","46","3","南投縣","國姓鄉","120.825","24.070","80"
"26","265430","20221104125000","25","1","南投縣","國姓鄉","120.880","24.050","35"
"138","265436","20221104125000","101","2","南投縣","國姓鄉","120.910","24.050","168"
"104","265440","20221104125000","145","0","南投縣","國姓鄉","120.930","24.050","113"
"553","265442","20221104125000","239","3","南投縣","國姓鄉","120.880","24.055","620"
"272","265449","20221104125000","219","2","南投縣","國姓鄉","120.915","24.055","257"
"54","265465","20221104125000","39","2","南投縣","國姓鄉","120.930","24.060","48"
"128","265467","20221104125000","136","0","南投縣","國姓鄉","120.940","24.060","163"
"11","265498","20221104125000","18","0","南投縣","國姓鄉","120.930","24.075","12"
"134","265569","20221104125000","398","0","南投縣","國姓鄉","120.850","24.040","164"
"40","265593","20221104125000","159","0","南投縣","埔里鎮","120.910","24.025","31"
"45","265615","20221104125000","255","0","南投縣","埔里鎮","120.920","24.040","46"
"335","265622","20221104125000","277","2","南投縣","國姓鄉","120.930","24.045","381"
"65","265627","20221104125000","57","1","南投縣","埔里鎮","120.950","24.010","64"
"105","265628","20221104125000","310","0","南投縣","埔里鎮","120.945","24.015","96"
"11","265631","20221104125000","28","0","南投縣","埔里鎮","120.940","24.020","10"
"216","265633","20221104125000","199","1","南投縣","埔里鎮","120.950","24.020","238"
"100","265651","20221104125000","94","1","南投縣","埔里鎮","120.950","24.035","96"
"48","265706","20221104125000","149","0","花蓮縣","花蓮市","121.590","24.010","51"
"973","265708","20221104125000","1163","0","花蓮縣","新城鄉","121.610","24.015","979"
"105","265711","20221104125000","104","1","花蓮縣","新城鄉","121.605","24.020","122"
"731","265716","20221104125000","587","2","花蓮縣","新城鄉","121.605","24.025","781"
"153","265719","20221104125000","149","1","花蓮縣","新城鄉","121.620","24.025","160"
"186","265723","20221104125000","197","0","花蓮縣","新城鄉","121.615","24.030","181"
"54","265734","20221104125000","78","0","花蓮縣","新城鄉","121.625","24.035","77"
"502","265739","20221104125000","446","1","花蓮縣","新城鄉","121.605","24.040","574"
"331","265742","20221104125000","281","1","花蓮縣","新城鄉","121.610","24.045","351"
"15","265743","20221104125000","222","0","花蓮縣","新城鄉","121.615","24.045","14"
"117","265753","20221104125000","97","2","花蓮縣","新城鄉","121.615","24.060","91"
"389","265754","20221104125000","461","0","花蓮縣","新城鄉","121.610","24.065","552"
"613","265773","20221104125000","434","2","彰化縣","彰化市","120.570","24.085","588"
"756","265774","20221104125000","668","1","彰化縣","彰化市","120.575","24.090","726"
"228","265780","20221104125000","201","1","彰化縣","彰化市","120.620","24.045","225"
"310","265784","20221104125000","299","1","彰化縣","彰化市","120.620","24.060","338"
"1184","265794","20221104125000","1861","0","彰化縣","彰化市","120.535","24.090","1197"
"1369","265797","20221104125000","1181","1","彰化縣","彰化市","120.545","24.075","1448"
"1047","265798","20221104125000","453","3","彰化縣","彰化市","120.555","24.070","1066"
"1607","265800","20221104125000","1125","2","彰化縣","彰化市","120.545","24.085","1603"
"296","265801","20221104125000","279","1","彰化縣","彰化市","120.555","24.090","322"
"1420","265802","20221104125000","1372","1","彰化縣","彰化市","120.555","24.080","1472"
"186","265803","20221104125000","688","0","彰化縣","彰化市","120.560","24.080","200"
"1731","265804","20221104125000","1677","1","彰化縣","彰化市","120.555","24.085","1925"
"64","265805","20221104125000","102","0","彰化縣","彰化市","120.560","24.085","86"
"594","265806","20221104125000","771","0","彰化縣","彰化市","120.535","24.080","666"
"2396","265807","20221104125000","1581","3","彰化縣","彰化市","120.540","24.085","2418"
"3105","265808","20221104125000","1456","3","彰化縣","彰化市","120.545","24.090","3009"
"410","265810","20221104125000","256","3","彰化縣","彰化市","120.550","24.075","452"
"3352","265812","20221104125000","1397","3","彰化縣","彰化市","120.530","24.080","3403"
"119","265817","20221104125000","273","0","彰化縣","鹿港鎮","120.480","24.090","102"
"1096","265820","20221104125000","679","3","彰化縣","彰化市","120.535","24.070","1137"
"1350","265821","20221104125000","961","2","彰化縣","彰化市","120.530","24.065","1351"
"2265","265822","20221104125000","1426","3","彰化縣","彰化市","120.530","24.070","2195"
"497","265823","20221104125000","714","0","彰化縣","鹿港鎮","120.445","24.055","509"
"29","265824","20221104125000","266","0","彰化縣","鹿港鎮","120.445","24.060","23"
"39","265825","20221104125000","31","2","彰化縣","鹿港鎮","120.450","24.060","37"
"462","265826","20221104125000","518","0","彰化縣","鹿港鎮","120.445","24.065","552"
"42","265839","20221104125000","29","2","彰化縣","彰化市","120.580","24.075","28"
"556","265841","20221104125000","1858","0","彰化縣","彰化市","120.535","24.075","500"
"980","265848","20221104125000","623","3","彰化縣","鹿港鎮","120.460","24.080","945"
"377","265863","20221104125000","469","0","彰化縣","鹿港鎮","120.435","24.050","375"
"897","265864","20221104125000","1065","0","彰化縣","彰化市","120.550","24.085","836"
"215","265898","20221104125000","479","0","南投縣","國姓鄉","120.860","24.060","263"
"239","265927","20221104125000","184","2","南投縣","國姓鄉","120.845","24.025","239"
"101","265948","20221104125000","335","0","南投縣","國姓鄉","120.860","24.040","93"
"606","265956","20221104125000","327","3","南投縣","國姓鄉","120.855","24.045","655"
"375","265973","20221104125000","462","0","南投縣","國姓鄉","120.820","24.020","370"
"11","265977","20221104125000","230","0","南投縣","國姓鄉","120.825","24.025","14"
"11","266037","20221104125000","139","0","南投縣","國姓鄉","120.875","24.075","11"
"3508","266081","20221104125000","3422","1","彰化縣","彰化市","120.535","24.065","3463"
"2092","266082","20221104125000","768","3","彰化縣","和美鎮","120.510","24.090","2069"
"261","266091","20221104125000","230","1","彰化縣","埔鹽鄉","120.455","24.015","343"
"2824","266093","20221104125000","1805","3","彰化縣","彰化市","120.540","24.070","2881"
"68","266099","20221104125000","562","0","彰化縣","花壇鄉","120.545","24.015","65"
"504","266100","20221104125000","455","1","彰化縣","花壇鄉","120.545","24.020","477"
"125","266107","20221104125000","86","2","彰化縣","花壇鄉","120.545","24.030","103"
"43","266111","20221104125000","54","0","彰化縣","花壇鄉","120.550","24.035","31"
"529","266122","20221104125000","341","3","彰化縣","埔鹽鄉","120.445","24.020","472"
"584","266124","20221104125000","151","3","彰化縣","彰化市","120.520","24.055","567"
"484","266127","20221104125000","657","0","彰化縣","彰化市","120.565","24.090","485"
"894","266128","20221104125000","555","3","彰化縣","彰化市","120.555","24.095","891"
"328","266129","20221104125000","218","3","彰化縣","彰化市","120.560","24.095","316"
"600","266131","20221104125000","597","1","彰化縣","彰化市","120.595","24.070","578"
"141","266132","20221104125000","156","0","彰化縣","彰化市","120.595","24.075","146"
"181","266134","20221104125000","138","2","彰化縣","彰化市","120.605","24.075","179"
"668","266136","20221104125000","579","1","彰化縣","彰化市","120.600","24.080","669"
"456","266138","20221104125000","335","2","彰化縣","彰化市","120.595","24.085","418"
"14","266148","20221104125000","18","0","彰化縣","花壇鄉","120.590","24.040","22"
"61","266153","20221104125000","59","1","彰化縣","彰化市","120.605","24.045","65"
"94","266154","20221104125000","101","0","彰化縣","彰化市","120.585","24.050","66"
"68","266155","20221104125000","121","0","彰化縣","彰化市","120.590","24.050","83"
"65","266157","20221104125000","66","0","彰化縣","彰化市","120.600","24.050","56"
"431","266166","20221104125000","305","2","彰化縣","彰化市","120.615","24.055","418"
"352","266168","20221104125000","312","1","彰化縣","彰化市","120.580","24.080","350"
"562","266169","20221104125000","558","1","彰化縣","彰化市","120.575","24.085","594"
"1246","266170","20221104125000","1013","2","彰化縣","彰化市","120.580","24.085","1216"
"246","266171","20221104125000","220","1","彰化縣","彰化市","120.560","24.075","250"
"796","266172","20221104125000","846","0","彰化縣","彰化市","120.550","24.080","576"
"1407","266176","20221104125000","380","3","彰化縣","和美鎮","120.495","24.085","1437"
"83","266180","20221104125000","58","2","彰化縣","和美鎮","120.495","24.090","79"
"1506","266182","20221104125000","2956","0","彰化縣","彰化市","120.535","24.085","1595"
"793","266183","20221104125000","756","1","彰化縣","和美鎮","120.525","24.095","824"
"256","266185","20221104125000","267","0","彰化縣","和美鎮","120.535","24.095","257"
"85","266190","20221104125000","61","2","彰化縣","秀水鄉","120.505","24.065","73"
"1536","266191","20221104125000","350","3","彰化縣","彰化市","120.510","24.065","1490"
"1262","266192","20221104125000","851","2","彰化縣","彰化市","120.515","24.065","1230"
"685","266194","20221104125000","167","3","彰化縣","彰化市","120.510","24.070","739"
"406","266196","20221104125000","401","1","彰化縣","花壇鄉","120.570","24.055","501"
"11","266199","20221104125000","40","0","彰化縣","彰化市","120.560","24.060","11"
"32","266205","20221104125000","228","0","彰化縣","彰化市","120.570","24.065","32"
"3083","266210","20221104125000","1237","3","彰化縣","彰化市","120.540","24.075","3143"
"4598","266211","20221104125000","3764","2","彰化縣","彰化市","120.540","24.080","4689"
"2046","266214","20221104125000","535","3","彰化縣","彰化市","120.525","24.080","2064"
"943","266216","20221104125000","713","2","彰化縣","彰化市","120.530","24.085","931"
"996","266222","20221104125000","1146","0","彰化縣","彰化市","120.600","24.090","889"
"402","266224","20221104125000","374","1","彰化縣","彰化市","120.585","24.090","403"
"269","266228","20221104125000","159","3","彰化縣","彰化市","120.580","24.095","250"
"34","266232","20221104125000","38","0","彰化縣","彰化市","120.600","24.095","30"
"524","266233","20221104125000","166","3","彰化縣","秀水鄉","120.500","24.075","530"
"67","266234","20221104125000","514","0","彰化縣","彰化市","120.505","24.075","66"
"765","266237","20221104125000","392","3","彰化縣","彰化市","120.520","24.075","868"
"385","266238","20221104125000","126","3","彰化縣","彰化市","120.510","24.080","389"
"167","266239","20221104125000","353","0","彰化縣","和美鎮","120.515","24.080","202"
"121","266240","20221104125000","205","0","彰化縣","彰化市","120.520","24.080","83"
"648","266241","20221104125000","274","3","彰化縣","彰化市","120.515","24.085","643"
"315","266243","20221104125000","204","3","彰化縣","彰化市","120.525","24.085","292"
"323","266244","20221104125000","559","0","彰化縣","彰化市","120.545","24.095","292"
"210","266245","20221104125000","794","0","彰化縣","彰化市","120.545","24.080","208"
"175","266246","20221104125000","156","1","彰化縣","彰化市","120.565","24.085","188"
"1301","266247","20221104125000","1216","1","彰化縣","彰化市","120.560","24.090","1206"
"417","266248","20221104125000","449","0","彰化縣","彰化市","120.570","24.090","420"
"1024","266249","20221104125000","589","3","彰化縣","和美鎮","120.530","24.090","1000"
"318","266250","20221104125000","334","0","彰化縣","彰化市","120.555","24.065","346"
"3613","266251","20221104125000","4362","0","彰化縣","彰化市","120.545","24.070","3727"
"1096","266252","20221104125000","431","3","彰化縣","彰化市","120.550","24.070","1107"
"27","266255","20221104125000","35","0","彰化縣","彰化市","120.600","24.060","18"
"22","266262","20221104125000","170","0","彰化縣","彰化市","120.610","24.065","16"
"258","266263","20221104125000","263","0","彰化縣","彰化市","120.600","24.070","250"
"29","266264","20221104125000","22","2","彰化縣","彰化市","120.605","24.070","30"
"219","266265","20221104125000","202","1","彰化縣","彰化市","120.610","24.070","239"
"413","266266","20221104125000","1412","0","彰化縣","彰化市","120.540","24.090","410"
"614","266267","20221104125000","479","2","彰化縣","和美鎮","120.520","24.090","619"
"109","266274","20221104125000","407","0","彰化縣","和美鎮","120.505","24.085","106"
"13","266275","20221104125000","19","0","彰化縣","和美鎮","120.510","24.085","12"
"61","266309","20221104125000","51","1","南投縣","仁愛鄉","120.970","24.045","49"
"401","266333","20221104125000","298","2","南投縣","仁愛鄉","120.970","24.060","612"
"231","266406","20221104125000","191","2","南投縣","仁愛鄉","121.095","24.010","209"
"114","266517","20221104125000","173","0","南投縣","仁愛鄉","121.210","24.075","155"
"42","266589","20221104125000","52","0","南投縣","仁愛鄉","121.210","24.090","49"
"90","266666","20221104125000","442","0","南投縣","仁愛鄉","121.130","24.020","93"
"322","266696","20221104125000","300","1","南投縣","仁愛鄉","121.150","24.040","335"
"579","266700","20221104125000","689","0","南投縣","仁愛鄉","121.125","24.045","720"
"191","266706","20221104125000","263","0","南投縣","仁愛鄉","121.155","24.045","226"
"46","266715","20221104125000","51","0","南投縣","仁愛鄉","121.155","24.050","52"
"291","266733","20221104125000","351","0","南投縣","仁愛鄉","121.160","24.055","326"
"392","266768","20221104125000","388","1","南投縣","仁愛鄉","121.165","24.070","401"
"55","267165","20221104125000","70","0","南投縣","仁愛鄉","121.025","24.090","61"
"52","267167","20221104125000","39","2","南投縣","仁愛鄉","121.035","24.090","75"
"108","267268","20221104125000","200","0","南投縣","仁愛鄉","121.175","24.010","102"
"65","267286","20221104125000","332","0","南投縣","仁愛鄉","121.140","24.025","57"
"25","267290","20221104125000","54","0","南投縣","仁愛鄉","121.160","24.025","22"
"715","267410","20221104125000","562","2","南投縣","仁愛鄉","121.180","24.035","726"
"103","267555","20221104125000","61","3","南投縣","仁愛鄉","121.190","24.060","87"
"148","267605","20221104125000","319","0","南投縣","仁愛鄉","121.210","24.070","228"
"249","267630","20221104125000","157","3","彰化縣","花壇鄉","120.530","24.050","269"
"612","267631","20221104125000","510","2","彰化縣","彰化市","120.530","24.055","645"
"1554","267632","20221104125000","1075","2","彰化縣","彰化市","120.530","24.060","1417"
"135","267633","20221104125000","1470","0","彰化縣","彰化市","120.535","24.060","150"
"1588","267634","20221104125000","1415","1","彰化縣","彰化市","120.550","24.090","1617"
"504","267636","20221104125000","453","1","彰化縣","彰化市","120.550","24.095","521"
"72","267637","20221104125000","73","0","彰化縣","彰化市","120.590","24.065","57"
"381","267640","20221104125000","282","2","彰化縣","彰化市","120.585","24.080","473"
"757","267641","20221104125000","403","3","彰化縣","彰化市","120.590","24.080","734"
"586","267646","20221104125000","393","2","彰化縣","彰化市","120.520","24.065","593"
"1520","267649","20221104125000","1499","1","彰化縣","彰化市","120.525","24.070","1579"
"124","267650","20221104125000","108","1","彰化縣","彰化市","120.525","24.075","138"
"843","267652","20221104125000","540","3","彰化縣","彰化市","120.555","24.050","660"
"783","267654","20221104125000","413","3","彰化縣","彰化市","120.535","24.055","804"
"305","267655","20221104125000","216","2","彰化縣","彰化市","120.540","24.055","325"
"193","267656","20221104125000","175","1","彰化縣","彰化市","120.545","24.055","201"
"272","267661","20221104125000","237","1","彰化縣","彰化市","120.540","24.060","281"
"407","267662","20221104125000","365","1","彰化縣","彰化市","120.545","24.060","371"
"61","267664","20221104125000","93","0","彰化縣","彰化市","120.555","24.060","69"
"3786","267665","20221104125000","2910","2","彰化縣","彰化市","120.540","24.065","3582"
"653","267666","20221104125000","666","0","彰化縣","彰化市","120.545","24.065","674"
"931","267667","20221104125000","820","1","彰化縣","彰化市","120.550","24.065","1027"
"2560","267669","20221104125000","1185","3","彰化縣","彰化市","120.515","24.055","2548"
"3559","267670","20221104125000","1578","3","彰化縣","彰化市","120.515","24.060","3533"
"31","267676","20221104125000","232","0","彰化縣","福興鄉","120.470","24.030","39"
"143","267682","20221104125000","88","3","彰化縣","福興鄉","120.470","24.035","125"
"554","267689","20221104125000","420","2","彰化縣","福興鄉","120.480","24.040","553"
"292","267697","20221104125000","174","3","彰化縣","福興鄉","120.455","24.035","256"
"743","267705","20221104125000","691","1","彰化縣","福興鄉","120.465","24.045","662"
"39","267711","20221104125000","257","0","彰化縣","福興鄉","120.460","24.020","33"
"214","267717","20221104125000","138","3","彰化縣","秀水鄉","120.510","24.015","250"
"23","267718","20221104125000","21","1","彰化縣","秀水鄉","120.500","24.020","22"
"42","267726","20221104125000","97","0","彰化縣","鹿港鎮","120.480","24.085","48"
"1743","267729","20221104125000","598","3","彰化縣","鹿港鎮","120.485","24.090","1122"
"3572","267732","20221104125000","2473","2","彰化縣","鹿港鎮","120.435","24.055","3482"
"2207","267736","20221104125000","667","3","彰化縣","鹿港鎮","120.465","24.090","2083"
"114","267739","20221104125000","328","0","彰化縣","鹿港鎮","120.470","24.095","121"
"1504","267795","20221104125000","710","3","彰化縣","福興鄉","120.490","24.015","1429"
"311","267808","20221104125000","305","1","彰化縣","福興鄉","120.440","24.030","285"
"321","267810","20221104125000","308","1","彰化縣","福興鄉","120.435","24.035","360"
"550","267824","20221104125000","484","1","彰化縣","福興鄉","120.390","24.015","510"
"627","267834","20221104125000","630","0","彰化縣","福興鄉","120.410","24.020","613"
"113","267844","20221104125000","777","0","彰化縣","秀水鄉","120.495","24.025","113"
"787","267873","20221104125000","460","3","彰化縣","福興鄉","120.400","24.045","714"
"563","267898","20221104125000","162","3","彰化縣","福興鄉","120.430","24.040","674"
"17","267899","20221104125000","115","0","彰化縣","福興鄉","120.425","24.045","10"
"902","267900","20221104125000","683","2","彰化縣","福興鄉","120.430","24.045","825"
"39","267904","20221104125000","340","0","彰化縣","福興鄉","120.430","24.050","45"
"206","267908","20221104125000","138","2","彰化縣","福興鄉","120.430","24.020","231"
"31","267913","20221104125000","28","1","彰化縣","福興鄉","120.425","24.030","23"
"37","267926","20221104125000","29","2","彰化縣","福興鄉","120.405","24.030","38"
"216","267928","20221104125000","210","1","彰化縣","福興鄉","120.415","24.030","255"
"115","267935","20221104125000","64","3","彰化縣","秀水鄉","120.500","24.060","132"
"289","267946","20221104125000","230","2","彰化縣","秀水鄉","120.490","24.050","300"
"165","267947","20221104125000","59","3","彰化縣","秀水鄉","120.495","24.050","159"
"187","267949","20221104125000","531","0","彰化縣","秀水鄉","120.500","24.050","167"
"50","267955","20221104125000","238","0","彰化縣","秀水鄉","120.495","24.060","49"
"184","267957","20221104125000","830","0","彰化縣","秀水鄉","120.500","24.030","201"
"383","267959","20221104125000","683","0","彰化縣","秀水鄉","120.495","24.035","394"
"181","267960","20221104125000","765","0","彰化縣","秀水鄉","120.500","24.035","169"
"848","267964","20221104125000","91","3","彰化縣","秀水鄉","120.520","24.025","764"
"60","267966","20221104125000","456","0","彰化縣","秀水鄉","120.520","24.030","56"
"361","267972","20221104125000","324","1","彰化縣","鹿港鎮","120.435","24.065","344"
"459","267973","20221104125000","437","1","彰化縣","鹿港鎮","120.440","24.065","442"
"261","267975","20221104125000","268","0","彰化縣","鹿港鎮","120.435","24.070","266"
"32","267978","20221104125000","317","0","彰化縣","鹿港鎮","120.425","24.075","45"
"2337","267984","20221104125000","1924","2","彰化縣","鹿港鎮","120.410","24.080","2433"
"285","267987","20221104125000","155","3","彰化縣","鹿港鎮","120.425","24.080","252"
"24","267991","20221104125000","323","0","彰化縣","鹿港鎮","120.445","24.080","25"
"920","267999","20221104125000","700","2","彰化縣","鹿港鎮","120.415","24.080","921"
"699","268001","20221104125000","417","3","彰化縣","鹿港鎮","120.425","24.085","678"
"821","268005","20221104125000","469","3","彰化縣","鹿港鎮","120.445","24.085","748"
"652","268020","20221104125000","396","3","彰化縣","鹿港鎮","120.475","24.065","625"
"32","268028","20221104125000","271","0","彰化縣","鹿港鎮","120.485","24.080","35"
"1433","268031","20221104125000","445","3","彰化縣","鹿港鎮","120.485","24.085","979"
"1025","268032","20221104125000","1354","0","彰化縣","鹿港鎮","120.430","24.060","1001"
"410","268034","20221104125000","537","0","彰化縣","彰化市","120.525","24.060","471"
"794","268035","20221104125000","876","0","彰化縣","彰化市","120.525","24.065","731"
"147","268044","20221104125000","434","0","彰化縣","鹿港鎮","120.450","24.095","183"
"98","268053","20221104125000","19","3","彰化縣","鹿港鎮","120.470","24.075","101"
"472","268057","20221104125000","1092","0","彰化縣","鹿港鎮","120.475","24.080","454"
"605","268061","20221104125000","365","3","彰化縣","鹿港鎮","120.430","24.055","425"
"44","268068","20221104125000","143","0","彰化縣","芬園鄉","120.625","24.025","38"
"32","268073","20221104125000","28","1","彰化縣","芬園鄉","120.615","24.015","28"
"62","268074","20221104125000","72","0","彰化縣","芬園鄉","120.620","24.015","61"
"70","268077","20221104125000","461","0","彰化縣","福興鄉","120.480","24.045","56"
"1032","268085","20221104125000","951","1","彰化縣","鹿港鎮","120.470","24.055","1159"
"117","268089","20221104125000","134","0","彰化縣","鹿港鎮","120.460","24.060","130"
"437","268108","20221104125000","392","1","彰化縣","鹿港鎮","120.385","24.060","429"
"513","268109","20221104125000","380","2","彰化縣","鹿港鎮","120.390","24.060","497"
"546","268110","20221104125000","541","1","彰化縣","鹿港鎮","120.395","24.060","512"
"25","268126","20221104125000","33","0","彰化縣","鹿港鎮","120.390","24.065","22"
"727","268128","20221104125000","336","3","彰化縣","鹿港鎮","120.400","24.065","730"
"279","268129","20221104125000","263","1","彰化縣","鹿港鎮","120.405","24.065","249"
"280","268130","20221104125000","304","0","彰化縣","鹿港鎮","120.410","24.065","345"
"502","268134","20221104125000","447","1","彰化縣","鹿港鎮","120.430","24.065","544"
"173","268144","20221104125000","190","0","彰化縣","鹿港鎮","120.395","24.070","184"
"566","268157","20221104125000","394","2","彰化縣","鹿港鎮","120.390","24.075","519"
"118","268158","20221104125000","236","0","彰化縣","鹿港鎮","120.395","24.075","135"
"304","268161","20221104125000","248","2","彰化縣","鹿港鎮","120.410","24.075","325"
"32","268162","20221104125000","47","0","彰化縣","鹿港鎮","120.415","24.075","26"
"1284","268170","20221104125000","1086","1","彰化縣","鹿港鎮","120.395","24.080","1236"
"1931","268172","20221104125000","1700","1","彰化縣","鹿港鎮","120.440","24.055","1758"
"200","268173","20221104125000","1213","0","彰化縣","鹿港鎮","120.440","24.060","218"
"2472","268175","20221104125000","2026","2","彰化縣","福興鄉","120.440","24.045","2435"
"30","268176","20221104125000","157","0","彰化縣","花壇鄉","120.550","24.040","26"
"42","268203","20221104125000","31","2","彰化縣","芬園鄉","120.595","24.035","35"
"231","268205","20221104125000","161","2","彰化縣","芬園鄉","120.605","24.035","207"
"578","268224","20221104125000","396","2","彰化縣","芬園鄉","120.650","24.020","587"
"225","268226","20221104125000","309","0","彰化縣","芬園鄉","120.635","24.025","212"
"268","268233","20221104125000","333","0","彰化縣","福興鄉","120.440","24.035","263"
"761","268245","20221104125000","347","3","彰化縣","秀水鄉","120.490","24.070","727"
"484","268249","20221104125000","189","3","彰化縣","秀水鄉","120.505","24.030","437"
"333","268253","20221104125000","720","0","彰化縣","秀水鄉","120.505","24.040","317"
"92","268258","20221104125000","269","0","彰化縣","秀水鄉","120.515","24.020","71"
"21","268261","20221104125000","385","0","彰化縣","福興鄉","120.450","24.030","28"
"573","268262","20221104125000","384","2","彰化縣","福興鄉","120.455","24.030","551"
"983","268271","20221104125000","736","2","彰化縣","福興鄉","120.420","24.035","963"
"58","268274","20221104125000","444","0","彰化縣","福興鄉","120.425","24.035","51"
"952","268277","20221104125000","497","3","彰化縣","芬園鄉","120.660","24.015","937"
"135","268289","20221104125000","479","0","彰化縣","芬園鄉","120.625","24.020","141"
"133","268296","20221104125000","484","0","彰化縣","福興鄉","120.470","24.020","145"
"765","268297","20221104125000","257","3","彰化縣","秀水鄉","120.505","24.035","809"
"45","268301","20221104125000","280","0","彰化縣","秀水鄉","120.495","24.040","40"
"72","268303","20221104125000","332","0","彰化縣","秀水鄉","120.500","24.040","58"
"1018","268308","20221104125000","274","3","彰化縣","秀水鄉","120.510","24.045","949"
"558","268316","20221104125000","474","1","彰化縣","花壇鄉","120.530","24.020","620"
"21","268321","20221104125000","359","0","彰化縣","花壇鄉","120.530","24.040","18"
"94","268322","20221104125000","201","0","彰化縣","花壇鄉","120.520","24.045","97"
"71","268324","20221104125000","714","0","彰化縣","花壇鄉","120.530","24.045","80"
"178","268327","20221104125000","208","0","彰化縣","花壇鄉","120.535","24.030","196"
"523","268328","20221104125000","462","1","彰化縣","花壇鄉","120.535","24.035","497"
"85","268329","20221104125000","275","0","彰化縣","花壇鄉","120.535","24.040","93"
"93","268331","20221104125000","435","0","彰化縣","花壇鄉","120.545","24.040","75"
"385","268333","20221104125000","282","2","彰化縣","花壇鄉","120.540","24.040","417"
"374","268335","20221104125000","335","1","彰化縣","花壇鄉","120.555","24.020","355"
"165","268336","20221104125000","681","0","彰化縣","花壇鄉","120.540","24.025","159"
"549","268338","20221104125000","420","2","彰化縣","花壇鄉","120.550","24.025","524"
"141","268339","20221104125000","132","1","彰化縣","花壇鄉","120.555","24.025","142"
"139","268347","20221104125000","106","2","彰化縣","花壇鄉","120.565","24.020","173"
"32","268352","20221104125000","42","0","彰化縣","花壇鄉","120.575","24.030","42"
"111","268356","20221104125000","121","0","彰化縣","花壇鄉","120.575","24.035","88"
"12","268362","20221104125000","15","0","彰化縣","花壇鄉","120.585","24.040","12"
"85","268370","20221104125000","128","0","彰化縣","花壇鄉","120.560","24.015","91"
"133","268371","20221104125000","133","1","彰化縣","花壇鄉","120.570","24.020","130"
"30","268375","20221104125000","31","0","彰化縣","花壇鄉","120.595","24.020","26"
"267","268381","20221104125000","649","0","彰化縣","花壇鄉","120.545","24.045","238"
"84","268391","20221104125000","32","3","彰化縣","花壇鄉","120.540","24.020","81"
"1904","268393","20221104125000","1420","2","彰化縣","花壇鄉","120.535","24.025","1736"
"39","268399","20221104125000","279","0","彰化縣","福興鄉","120.480","24.020","60"
"35","269403","20221104125000","37","0","彰化縣","鹿港鎮","120.395","24.105","42"
"719","274405","20221104125000","967","0","臺中市","太平區","120.720","24.135","814"
"1554","274408","20221104125000","1226","2","臺中市","太平區","120.720","24.115","1571"
"82","274410","20221104125000","65","2","臺中市","太平區","120.755","24.120","79"
"14","274433","20221104125000","65","0","臺中市","太平區","120.760","24.130","14"
"232","274476","20221104125000","223","1","臺中市","太平區","120.810","24.140","175"
"5353","274515","20221104125000","2281","3","臺中市","南屯區","120.645","24.135","5223"
"2768","274516","20221104125000","3071","0","臺中市","南屯區","120.650","24.140","2705"
"2811","274517","20221104125000","2533","1","臺中市","南屯區","120.650","24.150","2784"
"862","274518","20221104125000","1011","0","臺中市","西屯區","120.650","24.155","919"
"122","274519","20221104125000","654","0","臺中市","南屯區","120.650","24.135","111"
"1314","274520","20221104125000","1135","1","臺中市","南屯區","120.650","24.130","1231"
"441","274521","20221104125000","301","2","臺中市","南屯區","120.610","24.150","501"
"2723","274522","20221104125000","1296","3","臺中市","南屯區","120.615","24.150","2633"
"83","274523","20221104125000","28","3","臺中市","南屯區","120.620","24.150","53"
"1430","274524","20221104125000","918","3","臺中市","南屯區","120.605","24.155","1338"
"386","274525","20221104125000","386","1","臺中市","南屯區","120.610","24.155","398"
"25","274528","20221104125000","31","0","臺中市","南屯區","120.590","24.160","29"
"384","274530","20221104125000","371","1","臺中市","南屯區","120.600","24.160","392"
"1513","274531","20221104125000","1476","1","臺中市","南屯區","120.605","24.160","1472"
"27","274532","20221104125000","33","0","臺中市","南屯區","120.610","24.160","27"
"743","274534","20221104125000","397","3","臺中市","南屯區","120.590","24.165","727"
"1552","274535","20221104125000","1572","0","臺中市","北區","120.690","24.155","1602"
"1828","274536","20221104125000","1983","0","臺中市","北屯區","120.695","24.165","1872"
"1781","274537","20221104125000","1253","2","臺中市","北屯區","120.700","24.160","1744"
"1635","274538","20221104125000","1486","1","臺中市","北區","120.690","24.160","1696"
"1500","274539","20221104125000","2085","0","臺中市","北區","120.680","24.150","1507"
"5664","274540","20221104125000","3456","3","臺中市","北區","120.685","24.150","5820"
"1253","274541","20221104125000","1739","0","臺中市","南區","120.660","24.125","1482"
"1799","274543","20221104125000","1894","0","臺中市","南區","120.675","24.125","1775"
"100","274544","20221104125000","80","2","臺中市","北屯區","120.665","24.185","88"
"658","274545","20221104125000","640","1","臺中市","北屯區","120.725","24.170","620"
"697","274546","20221104125000","1225","0","臺中市","北屯區","120.720","24.175","707"
"1763","274547","20221104125000","1297","2","臺中市","北屯區","120.725","24.175","1763"
"2141","274549","20221104125000","1814","1","臺中市","北屯區","120.725","24.180","2132"
"704","274551","20221104125000","498","2","臺中市","北屯區","120.735","24.180","671"
"2114","274554","20221104125000","2907","0","臺中市","西區","120.675","24.140","1980"
"956","274556","20221104125000","1012","0","臺中市","大里區","120.675","24.105","898"
"474","274558","20221104125000","535","0","臺中市","大里區","120.675","24.115","526"
"1525","274559","20221104125000","1429","1","臺中市","西屯區","120.615","24.175","1675"
"927","274560","20221104125000","910","1","臺中市","西屯區","120.630","24.175","976"
"2496","274561","20221104125000","2585","0","臺中市","西屯區","120.615","24.180","2250"
"1739","274562","20221104125000","1792","0","臺中市","西屯區","120.625","24.180","1771"
"866","274564","20221104125000","768","1","臺中市","西屯區","120.630","24.180","766"
"1903","274566","20221104125000","2037","0","臺中市","西屯區","120.640","24.175","1866"
"1316","274567","20221104125000","1409","0","臺中市","西屯區","120.635","24.175","1383"
"2833","274568","20221104125000","875","3","臺中市","西屯區","120.635","24.180","2659"
"94","274569","20221104125000","975","0","臺中市","西屯區","120.630","24.185","98"
"151","274571","20221104125000","546","0","臺中市","北屯區","120.715","24.175","155"
"881","274572","20221104125000","782","1","臺中市","北屯區","120.715","24.180","928"
"439","274575","20221104125000","613","0","臺中市","北屯區","120.715","24.185","403"
"79","274577","20221104125000","68","1","臺中市","北屯區","120.730","24.185","85"
"868","274578","20221104125000","422","3","臺中市","北屯區","120.720","24.185","866"
"1410","274581","20221104125000","2109","0","臺中市","北區","120.665","24.165","1407"
"2037","274582","20221104125000","2139","0","臺中市","北區","120.670","24.165","2025"
"499","274583","20221104125000","388","2","臺中市","南區","120.670","24.125","479"
"1133","274585","20221104125000","1185","0","臺中市","西屯區","120.610","24.185","1107"
"2226","274586","20221104125000","2424","0","臺中市","西屯區","120.600","24.180","2131"
"1395","274587","20221104125000","1417","0","臺中市","西屯區","120.605","24.180","1230"
"296","274591","20221104125000","1407","0","臺中市","龍井區","120.530","24.180","292"
"707","274593","20221104125000","1438","0","臺中市","烏日區","120.635","24.100","640"
"1848","274595","20221104125000","2173","0","臺中市","烏日區","120.635","24.105","1767"
"904","274596","20221104125000","1022","0","臺中市","烏日區","120.640","24.105","897"
"123","274603","20221104125000","526","0","臺中市","大肚區","120.530","24.160","106"
"4774","274608","20221104125000","3522","2","臺中市","西區","120.670","24.135","4818"
"912","274609","20221104125000","1878","0","臺中市","西區","120.655","24.150","941"
"2446","274610","20221104125000","2372","1","臺中市","西區","120.655","24.135","2418"
"2097","274611","20221104125000","2952","0","臺中市","西區","120.655","24.145","2046"
"1848","274612","20221104125000","2030","0","臺中市","西區","120.670","24.130","1733"
"231","274615","20221104125000","255","0","臺中市","太平區","120.735","24.135","195"
"41","274616","20221104125000","37","1","臺中市","太平區","120.740","24.140","51"
"2002","274620","20221104125000","1447","2","臺中市","北區","120.685","24.160","1949"
"1963","274621","20221104125000","1615","2","臺中市","北區","120.675","24.150","1920"
"2012","274623","20221104125000","1585","2","臺中市","北區","120.690","24.150","2067"
"2012","274624","20221104125000","1296","3","臺中市","南區","120.680","24.120","2010"
"2298","274625","20221104125000","1780","2","臺中市","大里區","120.685","24.120","2401"
"763","274626","20221104125000","599","2","臺中市","南區","120.660","24.120","749"
"1151","274627","20221104125000","902","2","臺中市","南區","120.675","24.120","1221"
"1337","274628","20221104125000","1858","0","臺中市","東區","120.695","24.130","1316"
"2464","274629","20221104125000","3199","0","臺中市","西屯區","120.620","24.185","2412"
"796","274630","20221104125000","518","3","臺中市","西屯區","120.615","24.185","737"
"641","274631","20221104125000","1016","0","臺中市","西屯區","120.620","24.190","660"
"4275","274632","20221104125000","3281","2","臺中市","西屯區","120.605","24.185","4313"
"2564","274634","20221104125000","1529","3","臺中市","西屯區","120.600","24.185","2636"
"867","274636","20221104125000","544","3","臺中市","東區","120.705","24.130","885"
"205","274637","20221104125000","513","0","臺中市","東區","120.705","24.135","195"
"2645","274639","20221104125000","1837","2","臺中市","東區","120.695","24.145","2647"
"83","274640","20221104125000","160","0","臺中市","東區","120.700","24.145","126"
"1845","274641","20221104125000","1167","3","臺中市","東區","120.695","24.125","1855"
"2821","274642","20221104125000","2286","2","臺中市","大里區","120.680","24.110","2672"
"215","274644","20221104125000","225","0","臺中市","大里區","120.665","24.100","202"
"81","274646","20221104125000","597","0","臺中市","大里區","120.665","24.105","93"
"441","274647","20221104125000","365","2","臺中市","大里區","120.670","24.105","456"
"119","274648","20221104125000","746","0","臺中市","大里區","120.665","24.110","79"
"880","274649","20221104125000","745","1","臺中市","大里區","120.670","24.110","917"
"505","274650","20221104125000","458","1","臺中市","大里區","120.700","24.105","550"
"16","274669","20221104125000","139","0","臺中市","太平區","120.780","24.105","16"
"226","274683","20221104125000","234","0","臺中市","太平區","120.765","24.110","231"
"61","274707","20221104125000","79","0","臺中市","太平區","120.795","24.115","78"
"24","274708","20221104125000","27","0","臺中市","太平區","120.800","24.115","17"
"271","274737","20221104125000","349","0","臺中市","太平區","120.720","24.140","270"
"726","274738","20221104125000","466","3","臺中市","太平區","120.725","24.135","707"
"960","274739","20221104125000","641","2","臺中市","大里區","120.695","24.120","960"
"140","274741","20221104125000","131","1","臺中市","東區","120.700","24.130","134"
"139","274742","20221104125000","105","2","臺中市","東區","120.700","24.135","142"
"1691","274744","20221104125000","1890","0","臺中市","大里區","120.685","24.105","1727"
"27","274758","20221104125000","21","2","臺中市","新社區","120.825","24.145","20"
"16","274762","20221104125000","45","0","臺中市","新社區","120.845","24.145","17"
"33","274764","20221104125000","85","0","臺中市","新社區","120.825","24.150","30"
"246","274781","20221104125000","110","3","臺中市","新社區","120.825","24.165","323"
"110","274785","20221104125000","85","2","臺中市","新社區","120.835","24.170","113"
"742","274786","20221104125000","483","3","臺中市","西屯區","120.610","24.180","702"
"129","274787","20221104125000","576","0","臺中市","南區","120.680","24.125","143"
"1899","274788","20221104125000","1406","2","臺中市","東區","120.685","24.135","1813"
"6471","274789","20221104125000","4615","2","臺中市","北區","120.685","24.145","6592"
"3544","274790","20221104125000","3653","0","臺中市","北屯區","120.670","24.175","3521"
"900","274792","20221104125000","747","2","臺中市","東區","120.695","24.135","877"
"71","274805","20221104125000","71","1","臺中市","新社區","120.825","24.155","68"
"546","274823","20221104125000","312","3","臺中市","新社區","120.800","24.180","526"
"22","274827","20221104125000","13","3","臺中市","新社區","120.800","24.185","22"
"183","274835","20221104125000","1359","0","臺中市","大肚區","120.540","24.150","208"
"192","274842","20221104125000","311","0","臺中市","大肚區","120.540","24.170","197"
"17","274852","20221104125000","24","0","臺中市","大肚區","120.525","24.175","26"
"134","274869","20221104125000","519","0","臺中市","大肚區","120.545","24.135","147"
"35","274873","20221104125000","282","0","臺中市","大肚區","120.550","24.140","42"
"154","274874","20221104125000","221","0","臺中市","大肚區","120.555","24.140","159"
"1788","274883","20221104125000","1772","1","臺中市","北區","120.670","24.155","1719"
"1068","274884","20221104125000","553","3","臺中市","西屯區","120.655","24.175","1124"
"224","274885","20221104125000","589","0","臺中市","西屯區","120.660","24.175","231"
"2857","274889","20221104125000","1438","3","臺中市","大肚區","120.580","24.110","2699"
"64","274891","20221104125000","388","0","臺中市","大肚區","120.570","24.115","56"
"158","274895","20221104125000","155","1","臺中市","大肚區","120.545","24.145","167"
"214","274897","20221104125000","1320","0","臺中市","大肚區","120.550","24.150","268"
"1314","274905","20221104125000","847","3","臺中市","南區","120.650","24.115","1283"
"636","274907","20221104125000","1082","0","臺中市","南區","120.650","24.120","803"
"1172","274908","20221104125000","825","2","臺中市","南區","120.655","24.120","1277"
"962","274910","20221104125000","838","1","臺中市","南區","120.645","24.110","965"
"1953","274911","20221104125000","1407","2","臺中市","南區","120.650","24.110","2021"
"1057","274912","20221104125000","1243","0","臺中市","南區","120.655","24.110","1005"
"513","274913","20221104125000","939","0","臺中市","南區","120.670","24.115","543"
"461","274917","20221104125000","297","3","臺中市","龍井區","120.575","24.180","509"
"991","274918","20221104125000","721","2","臺中市","龍井區","120.580","24.180","1042"
"248","274921","20221104125000","251","0","臺中市","龍井區","120.580","24.185","250"
"288","274926","20221104125000","246","1","臺中市","新社區","120.815","24.180","248"
"21","274937","20221104125000","21","1","臺中市","新社區","120.880","24.105","21"
"105","274950","20221104125000","109","0","南投縣","國姓鄉","120.855","24.120","131"
"75","274969","20221104125000","76","0","臺中市","新社區","120.840","24.130","52"
"102","274972","20221104125000","50","3","臺中市","新社區","120.855","24.130","90"
"65","274982","20221104125000","64","1","臺中市","新社區","120.855","24.135","59"
"14","275017","20221104125000","78","0","臺中市","新社區","120.865","24.155","15"
"16","275019","20221104125000","83","0","臺中市","新社區","120.875","24.155","19"
"457","275027","20221104125000","177","3","臺中市","新社區","120.885","24.160","474"
"32","275030","20221104125000","165","0","臺中市","新社區","120.885","24.165","30"
"1431","275034","20221104125000","1786","0","臺中市","北區","120.675","24.165","1453"
"4762","275035","20221104125000","2908","3","臺中市","北區","120.680","24.165","4538"
"1357","275036","20221104125000","1844","0","臺中市","北區","120.675","24.170","1383"
"948","275037","20221104125000","1038","0","臺中市","南區","120.655","24.115","989"
"1030","275038","20221104125000","2186","0","臺中市","南區","120.660","24.115","940"
"2178","275039","20221104125000","1941","1","臺中市","南區","120.665","24.120","2106"
"2227","275040","20221104125000","1578","2","臺中市","南區","120.670","24.120","2080"
"188","275041","20221104125000","571","0","臺中市","太平區","120.715","24.115","205"
"968","275042","20221104125000","962","1","臺中市","太平區","120.720","24.120","983"
"2272","275043","20221104125000","2895","0","臺中市","西屯區","120.645","24.175","2044"
"3313","275044","20221104125000","2975","1","臺中市","西屯區","120.650","24.175","3295"
"1464","275045","20221104125000","1194","2","臺中市","西屯區","120.640","24.185","1548"
"391","275048","20221104125000","183","3","臺中市","西屯區","120.625","24.155","483"
"954","275049","20221104125000","957","0","臺中市","西屯區","120.625","24.160","924"
"195","275052","20221104125000","1119","0","臺中市","龍井區","120.585","24.180","152"
"3172","275053","20221104125000","2225","2","臺中市","西屯區","120.590","24.185","3036"
"419","275054","20221104125000","503","0","臺中市","龍井區","120.585","24.185","394"
"634","275055","20221104125000","1157","0","臺中市","龍井區","120.590","24.180","619"
"399","275056","20221104125000","276","2","臺中市","西屯區","120.595","24.190","421"
"476","275061","20221104125000","626","0","臺中市","東區","120.710","24.145","444"
"1589","275062","20221104125000","1137","2","臺中市","東區","120.710","24.140","1659"
"237","275064","20221104125000","198","1","臺中市","大里區","120.695","24.100","267"
"296","275065","20221104125000","365","0","臺中市","大里區","120.700","24.100","283"
"1179","275066","20221104125000","1165","1","臺中市","大里區","120.685","24.110","1170"
"603","275067","20221104125000","398","3","臺中市","大里區","120.690","24.110","628"
"131","275069","20221104125000","659","0","臺中市","太平區","120.730","24.100","142"
"620","275075","20221104125000","800","0","臺中市","太平區","120.730","24.105","612"
"596","275076","20221104125000","337","3","臺中市","太平區","120.735","24.120","606"
"20","275081","20221104125000","13","3","臺中市","太平區","120.745","24.125","15"
"453","275082","20221104125000","292","3","臺中市","太平區","120.740","24.130","436"
"4159","275083","20221104125000","3320","2","臺中市","北區","120.680","24.155","4278"
"258","275084","20221104125000","256","1","臺中市","太平區","120.750","24.125","249"
"100","275090","20221104125000","52","3","臺中市","太平區","120.755","24.135","71"
"660","275099","20221104125000","535","2","臺中市","太平區","120.735","24.110","678"
"889","275110","20221104125000","743","1","臺中市","西區","120.665","24.130","877"
"1118","275111","20221104125000","1127","0","臺中市","東區","120.690","24.125","1213"
"16","275112","20221104125000","107","0","臺中市","東區","120.685","24.125","18"
"1557","275114","20221104125000","1240","2","臺中市","西區","120.665","24.135","1429"
"2186","275115","20221104125000","2246","0","臺中市","西區","120.670","24.140","2488"
"970","275116","20221104125000","782","2","臺中市","南區","120.655","24.130","1007"
"1010","275118","20221104125000","1140","0","臺中市","北區","120.695","24.155","934"
"1870","275119","20221104125000","1640","1","臺中市","北區","120.695","24.160","1843"
"6683","275120","20221104125000","4582","2","臺中市","西區","120.660","24.135","6528"
"1233","275121","20221104125000","1137","1","臺中市","東區","120.685","24.130","1225"
"1631","275122","20221104125000","1070","3","臺中市","南區","120.675","24.130","1598"
"1995","275123","20221104125000","1528","2","臺中市","南屯區","120.635","24.145","2020"
"4695","275124","20221104125000","2937","3","臺中市","南屯區","120.640","24.145","4716"
"2805","275125","20221104125000","2370","1","臺中市","西區","120.670","24.145","2960"
"3364","275126","20221104125000","2955","1","臺中市","北區","120.665","24.160","3411"
"1465","275128","20221104125000","2116","0","臺中市","北區","120.675","24.160","1376"
"1531","275129","20221104125000","1698","0","臺中市","北區","120.675","24.145","1565"
"1266","275130","20221104125000","1160","1","臺中市","北屯區","120.700","24.185","1246"
"622","275133","20221104125000","235","3","臺中市","北屯區","120.660","24.185","647"
"1639","275134","20221104125000","1157","2","臺中市","北屯區","120.660","24.180","1539"
"270","275137","20221104125000","207","2","臺中市","龍井區","120.565","24.175","248"
"4068","275141","20221104125000","4214","0","臺中市","南屯區","120.655","24.140","3909"
"403","275142","20221104125000","1044","0","臺中市","西區","120.665","24.140","410"
"710","275143","20221104125000","461","3","臺中市","西屯區","120.625","24.185","817"
"2729","275144","20221104125000","2272","2","臺中市","西屯區","120.655","24.160","2627"
"1712","275145","20221104125000","960","3","臺中市","西屯區","120.650","24.165","1756"
"3446","275146","20221104125000","3171","1","臺中市","西屯區","120.655","24.165","3393"
"76","275147","20221104125000","587","0","臺中市","烏日區","120.600","24.120","85"
"108","275154","20221104125000","446","0","臺中市","烏日區","120.605","24.125","106"
"74","275159","20221104125000","91","0","臺中市","南屯區","120.600","24.130","80"
"51","275166","20221104125000","54","0","臺中市","烏日區","120.590","24.110","60"
"2684","275167","20221104125000","1754","3","臺中市","烏日區","120.595","24.110","2453"
"2513","275174","20221104125000","1204","3","臺中市","烏日區","120.615","24.105","2358"
"1985","275175","20221104125000","2084","0","臺中市","烏日區","120.615","24.110","2008"
"386","275177","20221104125000","949","0","臺中市","烏日區","120.625","24.110","417"
"23","275178","20221104125000","154","0","臺中市","烏日區","120.615","24.115","30"
"1457","275179","20221104125000","2220","0","臺中市","北區","120.685","24.165","1420"
"261","275181","20221104125000","1487","0","臺中市","北屯區","120.725","24.160","243"
"274","275185","20221104125000","296","0","臺中市","北屯區","120.725","24.165","285"
"1466","275187","20221104125000","1093","2","臺中市","北屯區","120.735","24.165","1409"
"38","275188","20221104125000","31","2","臺中市","北屯區","120.740","24.165","26"
"309","275189","20221104125000","309","1","臺中市","北屯區","120.730","24.170","264"
"497","275192","20221104125000","755","0","臺中市","北屯區","120.735","24.175","541"
"947","275193","20221104125000","767","2","臺中市","北屯區","120.740","24.175","885"
"2558","275194","20221104125000","1947","2","臺中市","北區","120.670","24.170","2572"
"660","275195","20221104125000","743","0","臺中市","北屯區","120.690","24.170","702"
"1134","275196","20221104125000","586","3","臺中市","北屯區","120.675","24.175","1058"
"4768","275197","20221104125000","3430","2","臺中市","北屯區","120.680","24.175","4800"
"2918","275198","20221104125000","2990","0","臺中市","北屯區","120.685","24.175","2986"
"4487","275199","20221104125000","3550","2","臺中市","南屯區","120.635","24.150","4543"
"1617","275200","20221104125000","1156","2","臺中市","南屯區","120.640","24.150","1489"
"2216","275201","20221104125000","2544","0","臺中市","南屯區","120.635","24.155","2204"
"1749","275202","20221104125000","1098","3","臺中市","北屯區","120.685","24.190","1752"
"36","275203","20221104125000","78","0","臺中市","南屯區","120.620","24.115","43"
"1509","275204","20221104125000","952","3","臺中市","南屯區","120.625","24.115","1350"
"199","275206","20221104125000","248","0","臺中市","南屯區","120.625","24.120","240"
"2196","275207","20221104125000","2086","1","臺中市","西屯區","120.650","24.180","2200"
"1929","275208","20221104125000","1459","2","臺中市","西屯區","120.635","24.185","1823"
"3481","275209","20221104125000","3753","0","臺中市","西屯區","120.645","24.180","3435"
"2441","275210","20221104125000","2490","0","臺中市","西屯區","120.640","24.180","2455"
"619","275211","20221104125000","332","3","臺中市","西屯區","120.655","24.185","618"
"1101","275212","20221104125000","803","2","臺中市","西屯區","120.660","24.165","1072"
"4446","275213","20221104125000","3222","2","臺中市","西屯區","120.650","24.160","4249"
"232","275214","20221104125000","373","0","臺中市","西屯區","120.665","24.170","360"
"477","275215","20221104125000","445","1","臺中市","大里區","120.710","24.110","586"
"641","275217","20221104125000","985","0","臺中市","太平區","120.710","24.115","585"
"297","275219","20221104125000","286","1","臺中市","太平區","120.710","24.120","300"
"700","275221","20221104125000","744","0","臺中市","太平區","120.705","24.125","671"
"770","275222","20221104125000","695","1","臺中市","太平區","120.710","24.125","762"
"1384","275223","20221104125000","1570","0","臺中市","太平區","120.715","24.125","1372"
"1290","275227","20221104125000","1073","2","臺中市","北屯區","120.670","24.180","1267"
"600","275228","20221104125000","429","2","臺中市","北屯區","120.665","24.180","649"
"145","275229","20221104125000","599","0","臺中市","北屯區","120.700","24.165","147"
"1384","275230","20221104125000","1919","0","臺中市","北屯區","120.700","24.170","1373"
"754","275231","20221104125000","466","3","臺中市","北屯區","120.705","24.165","772"
"1616","275232","20221104125000","1057","3","臺中市","北屯區","120.675","24.180","1981"
"605","275233","20221104125000","418","2","臺中市","北屯區","120.675","24.185","648"
"2708","275234","20221104125000","1810","2","臺中市","北屯區","120.680","24.180","2615"
"1533","275235","20221104125000","1235","2","臺中市","北屯區","120.670","24.185","1437"
"1113","275237","20221104125000","412","3","臺中市","北屯區","120.675","24.190","1130"
"139","275238","20221104125000","749","0","臺中市","北屯區","120.680","24.185","133"
"3006","275239","20221104125000","3379","0","臺中市","北區","120.680","24.160","2954"
"2108","275240","20221104125000","1798","1","臺中市","南區","120.660","24.110","2126"
"2251","275241","20221104125000","1988","1","臺中市","南區","120.665","24.115","2134"
"1451","275242","20221104125000","1634","0","臺中市","南區","120.665","24.125","1548"
"926","275243","20221104125000","893","1","臺中市","南區","120.655","24.125","907"
"2756","275245","20221104125000","2502","1","臺中市","南屯區","120.645","24.145","2659"
"2864","275246","20221104125000","3048","0","臺中市","西區","120.650","24.145","2995"
"289","275247","20221104125000","427","0","臺中市","南屯區","120.600","24.140","261"
"371","275249","20221104125000","247","3","臺中市","南屯區","120.610","24.140","364"
"340","275250","20221104125000","134","3","臺中市","南屯區","120.615","24.140","347"
"2162","275251","20221104125000","1346","3","臺中市","南屯區","120.600","24.145","2109"
"2264","275252","20221104125000","1450","3","臺中市","南屯區","120.605","24.145","2236"
"765","275253","20221104125000","440","3","臺中市","南屯區","120.610","24.145","756"
"793","275254","20221104125000","821","0","臺中市","南屯區","120.615","24.145","803"
"724","275255","20221104125000","995","0","臺中市","南屯區","120.620","24.145","702"
"135","275256","20221104125000","131","1","臺中市","南屯區","120.595","24.150","136"
"702","275257","20221104125000","344","3","臺中市","南屯區","120.600","24.150","688"
"31","275258","20221104125000","31","1","臺中市","南屯區","120.605","24.150","30"
"15","275259","20221104125000","26","0","臺中市","南屯區","120.580","24.155","18"
"11","275261","20221104125000","13","0","臺中市","南屯區","120.590","24.155","17"
"1728","275267","20221104125000","1978","0","臺中市","北屯區","120.690","24.185","1798"
"24","275268","20221104125000","23","1","臺中市","北屯區","120.690","24.190","16"
"371","275270","20221104125000","370","1","臺中市","大肚區","120.555","24.130","359"
"535","275272","20221104125000","506","1","臺中市","大肚區","120.555","24.135","501"
"1083","275278","20221104125000","881","2","臺中市","南屯區","120.620","24.140","1119"
"516","275280","20221104125000","455","1","臺中市","南屯區","120.625","24.145","505"
"949","275281","20221104125000","655","2","臺中市","南屯區","120.630","24.145","975"
"339","275284","20221104125000","312","1","臺中市","南屯區","120.610","24.130","345"
"604","275286","20221104125000","307","3","臺中市","南屯區","120.600","24.135","552"
"47","275288","20221104125000","321","0","臺中市","南屯區","120.610","24.135","54"
"13","275290","20221104125000","11","1","臺中市","烏日區","120.590","24.135","18"
"191","275291","20221104125000","256","0","臺中市","南屯區","120.595","24.135","188"
"1428","275293","20221104125000","1160","2","臺中市","南屯區","120.605","24.135","1421"
"1818","275294","20221104125000","1481","2","臺中市","南屯區","120.615","24.135","1859"
"33","275297","20221104125000","20","3","臺中市","南屯區","120.590","24.140","30"
"55","275298","20221104125000","98","0","臺中市","南屯區","120.595","24.140","67"
"1228","275302","20221104125000","782","3","臺中市","南屯區","120.590","24.145","1278"
"56","275303","20221104125000","203","0","臺中市","南屯區","120.595","24.145","53"
"788","275307","20221104125000","425","3","臺中市","南屯區","120.590","24.150","773"
"125","275309","20221104125000","122","1","臺中市","南屯區","120.630","24.115","125"
"119","275311","20221104125000","284","0","臺中市","南屯區","120.630","24.120","107"
"664","275312","20221104125000","444","2","臺中市","南屯區","120.635","24.120","609"
"291","275314","20221104125000","94","3","臺中市","南屯區","120.625","24.135","323"
"2837","275315","20221104125000","2056","2","臺中市","南屯區","120.630","24.135","2675"
"1760","275316","20221104125000","1093","3","臺中市","南屯區","120.630","24.140","1765"
"3499","275317","20221104125000","1894","3","臺中市","南屯區","120.635","24.140","3349"
"2310","275318","20221104125000","1340","3","臺中市","南屯區","120.645","24.150","2227"
"1966","275319","20221104125000","1295","3","臺中市","南屯區","120.640","24.140","1893"
"2907","275320","20221104125000","2307","2","臺中市","南屯區","120.645","24.140","2943"
"429","275322","20221104125000","232","3","臺中市","南屯區","120.635","24.125","462"
"607","275325","20221104125000","317","3","臺中市","南屯區","120.635","24.130","670"
"3900","275326","20221104125000","2352","3","臺中市","南屯區","120.645","24.130","3849"
"1726","275328","20221104125000","634","3","臺中市","南屯區","120.640","24.135","1795"
"176","275329","20221104125000","418","0","臺中市","南屯區","120.640","24.130","209"
"137","275330","20221104125000","189","0","臺中市","南屯區","120.620","24.125","143"
"749","275332","20221104125000","364","3","臺中市","南屯區","120.630","24.125","735"
"169","275333","20221104125000","109","3","臺中市","南屯區","120.620","24.130","154"
"274","275336","20221104125000","127","3","臺中市","南屯區","120.640","24.125","269"
"494","275337","20221104125000","456","1","臺中市","南屯區","120.620","24.135","486"
"1225","275340","20221104125000","1574","0","臺中市","太平區","120.700","24.150","1209"
"1384","275341","20221104125000","735","3","臺中市","北區","120.700","24.155","1408"
"2937","275343","20221104125000","1769","3","臺中市","北屯區","120.685","24.180","3004"
"1130","275344","20221104125000","844","2","臺中市","北屯區","120.690","24.180","1093"
"274","275350","20221104125000","356","0","臺中市","北屯區","120.745","24.160","273"
"292","275354","20221104125000","333","0","臺中市","太平區","120.770","24.160","285"
"76","275362","20221104125000","153","0","臺中市","北屯區","120.745","24.170","166"
"293","275365","20221104125000","284","1","臺中市","北屯區","120.760","24.170","322"
"29","275378","20221104125000","30","0","臺中市","北屯區","120.765","24.175","41"
"36","275380","20221104125000","217","0","臺中市","北屯區","120.775","24.175","32"
"275","275382","20221104125000","98","3","臺中市","北屯區","120.785","24.175","139"
"110","275386","20221104125000","107","1","臺中市","北屯區","120.750","24.180","102"
"779","275391","20221104125000","988","0","臺中市","北屯區","120.710","24.160","746"
"281","275392","20221104125000","371","0","臺中市","北屯區","120.715","24.160","336"
"240","275393","20221104125000","322","0","臺中市","北屯區","120.710","24.165","262"
"1326","275394","20221104125000","736","3","臺中市","北屯區","120.715","24.165","1105"
"770","275395","20221104125000","470","3","臺中市","北屯區","120.720","24.165","738"
"1653","275396","20221104125000","1371","2","臺中市","北屯區","120.710","24.170","1655"
"268","275397","20221104125000","302","0","臺中市","北屯區","120.715","24.170","263"
"956","275398","20221104125000","830","1","臺中市","北屯區","120.720","24.170","989"
"188","275399","20221104125000","82","3","臺中市","大肚區","120.570","24.150","187"
"138","275400","20221104125000","285","0","臺中市","大肚區","120.570","24.155","149"
"941","275403","20221104125000","896","1","臺中市","大肚區","120.570","24.160","949"
"34","275420","20221104125000","25","2","臺中市","大肚區","120.535","24.150","30"
"2737","275421","20221104125000","2765","0","臺中市","西區","120.655","24.155","2750"
"3683","275422","20221104125000","2775","2","臺中市","西區","120.660","24.155","3496"
"747","275423","20221104125000","613","2","臺中市","西區","120.660","24.160","660"
"175","275424","20221104125000","198","0","臺中市","大里區","120.675","24.100","216"
"319","275425","20221104125000","449","0","臺中市","大里區","120.680","24.100","362"
"488","275426","20221104125000","317","3","臺中市","大里區","120.680","24.105","514"
"2450","275427","20221104125000","1814","2","臺中市","西區","120.680","24.135","2554"
"642","275428","20221104125000","1009","0","臺中市","中區","120.680","24.145","590"
"3696","275429","20221104125000","2495","2","臺中市","中區","120.680","24.140","3641"
"2327","275430","20221104125000","1541","3","臺中市","北屯區","120.680","24.170","2128"
"592","275431","20221104125000","1211","0","臺中市","北屯區","120.685","24.170","569"
"650","275432","20221104125000","859","0","臺中市","北屯區","120.690","24.165","626"
"1082","275433","20221104125000","1316","0","臺中市","北屯區","120.695","24.170","1035"
"2732","275434","20221104125000","2250","2","臺中市","北屯區","120.695","24.175","2757"
"2498","275435","20221104125000","2457","1","臺中市","北屯區","120.690","24.175","2502"
"1815","275436","20221104125000","1832","0","臺中市","南屯區","120.630","24.150","1780"
"1318","275437","20221104125000","818","3","臺中市","南屯區","120.630","24.155","1264"
"356","275439","20221104125000","960","0","臺中市","北屯區","120.710","24.175","346"
"371","275440","20221104125000","379","0","臺中市","北屯區","120.695","24.185","329"
"641","275442","20221104125000","753","0","臺中市","北屯區","120.710","24.180","642"
"608","275443","20221104125000","630","0","臺中市","北屯區","120.705","24.180","633"
"712","275445","20221104125000","661","1","臺中市","北屯區","120.705","24.185","677"
"1909","275457","20221104125000","1482","2","臺中市","北區","120.670","24.160","1798"
"3382","275458","20221104125000","3063","1","臺中市","北區","120.685","24.155","3328"
"1379","275459","20221104125000","1002","2","臺中市","北屯區","120.700","24.175","1351"
"680","275461","20221104125000","443","3","臺中市","大里區","120.710","24.100","645"
"1475","275462","20221104125000","1341","1","臺中市","大里區","120.715","24.100","1478"
"1414","275463","20221104125000","1815","0","臺中市","大里區","120.690","24.105","1307"
"380","275464","20221104125000","713","0","臺中市","大里區","120.695","24.105","360"
"721","275466","20221104125000","1017","0","臺中市","大里區","120.685","24.100","804"
"3842","275467","20221104125000","2288","3","臺中市","大里區","120.680","24.115","3764"
"33","275468","20221104125000","438","0","臺中市","大里區","120.685","24.115","32"
"1058","275469","20221104125000","1087","0","臺中市","南屯區","120.635","24.135","1007"
"71","275471","20221104125000","543","0","臺中市","大里區","120.695","24.110","66"
"1378","275477","20221104125000","883","3","臺中市","太平區","120.715","24.155","1368"
"1263","275478","20221104125000","538","3","臺中市","北屯區","120.705","24.170","1268"
"601","275479","20221104125000","400","3","臺中市","北屯區","120.740","24.180","636"
"44","275480","20221104125000","175","0","臺中市","北屯區","120.745","24.180","53"
"13","275487","20221104125000","125","0","臺中市","北屯區","120.745","24.185","22"
"26","275492","20221104125000","21","2","臺中市","北屯區","120.770","24.185","21"
"16","275495","20221104125000","46","0","臺中市","北屯區","120.780","24.185","18"
"12","275498","20221104125000","62","0","臺中市","北屯區","120.750","24.185","12"
"67","275502","20221104125000","77","0","臺中市","北屯區","120.765","24.185","68"
"1189","275504","20221104125000","1350","0","臺中市","北屯區","120.695","24.180","1111"
"1553","275505","20221104125000","1322","1","臺中市","西屯區","120.665","24.175","1524"
"851","275506","20221104125000","757","1","臺中市","西屯區","120.640","24.155","840"
"2510","275507","20221104125000","3359","0","臺中市","西屯區","120.645","24.155","2368"
"2274","275508","20221104125000","3421","0","臺中市","西屯區","120.640","24.160","2475"
"2360","275509","20221104125000","1891","2","臺中市","西屯區","120.645","24.160","2235"
"307","275510","20221104125000","1309","0","臺中市","西屯區","120.640","24.165","305"
"5561","275511","20221104125000","5746","0","臺中市","西屯區","120.645","24.165","5219"
"1193","275512","20221104125000","874","2","臺中市","西屯區","120.650","24.170","1210"
"694","275513","20221104125000","466","2","臺中市","太平區","120.720","24.145","709"
"482","275515","20221104125000","465","1","臺中市","太平區","120.715","24.145","516"
"1389","275517","20221104125000","1287","1","臺中市","大里區","120.690","24.115","1450"
"417","275518","20221104125000","398","1","臺中市","大里區","120.690","24.120","409"
"534","275519","20221104125000","236","3","臺中市","東區","120.700","24.125","474"
"17","275540","20221104125000","48","0","臺中市","和平區","120.880","24.180","17"
"57","275662","20221104125000","35","3","臺中市","和平區","120.955","24.160","57"
"41","275685","20221104125000","115","0","臺中市","和平區","120.950","24.165","64"
"11","275710","20221104125000","67","0","臺中市","和平區","120.945","24.170","13"
"16","275716","20221104125000","102","0","臺中市","和平區","120.975","24.170","31"
"22","275771","20221104125000","123","0","臺中市","和平區","120.980","24.180","28"
"219","275829","20221104125000","135","3","臺中市","和平區","120.990","24.185","283"
"21","276004","20221104125000","13","3","臺中市","和平區","120.910","24.180","10"
"337","276007","20221104125000","223","3","臺中市","和平區","120.925","24.180","345"
"219","276027","20221104125000","586","0","臺中市","北屯區","120.700","24.180","210"
"1332","276028","20221104125000","1663","0","臺中市","南區","120.680","24.130","1206"
"1209","276029","20221104125000","1835","0","臺中市","西屯區","120.620","24.180","1142"
"2683","276033","20221104125000","2085","2","臺中市","西屯區","120.650","24.185","2704"
"16","276034","20221104125000","222","0","臺中市","西屯區","120.650","24.190","29"
"24","276036","20221104125000","54","0","臺中市","西屯區","120.630","24.160","33"
"2026","276037","20221104125000","1514","2","臺中市","西屯區","120.635","24.160","1997"
"2506","276039","20221104125000","2437","1","臺中市","西屯區","120.635","24.165","2293"
"409","276040","20221104125000","303","2","臺中市","西屯區","120.630","24.170","420"
"190","276041","20221104125000","643","0","臺中市","西屯區","120.635","24.170","574"
"2025","276043","20221104125000","1322","3","臺中市","太平區","120.715","24.140","2055"
"119","276044","20221104125000","807","0","臺中市","太平區","120.720","24.155","112"
"2130","276045","20221104125000","2453","0","臺中市","西區","120.660","24.140","2122"
"2085","276046","20221104125000","2493","0","臺中市","西區","120.660","24.145","1987"
"1572","276048","20221104125000","1008","3","臺中市","南區","120.660","24.130","1512"
"116","276451","20221104125000","600","0","花蓮縣","秀林鄉","121.285","24.140","150"
"264","276521","20221104125000","269","0","花蓮縣","秀林鄉","121.635","24.140","234"
"15","276664","20221104125000","124","0","花蓮縣","秀林鄉","121.625","24.150","11"
"208","276735","20221104125000","105","3","花蓮縣","秀林鄉","121.625","24.155","156"
"18","276802","20221104125000","27","0","花蓮縣","秀林鄉","121.615","24.160","21"
"180","276803","20221104125000","215","0","花蓮縣","秀林鄉","121.620","24.160","183"
"18","276923","20221104125000","31","0","花蓮縣","秀林鄉","121.530","24.170","29"
"65","276945","20221104125000","286","0","花蓮縣","秀林鄉","121.300","24.175","78"
"10","276961","20221104125000","30","0","花蓮縣","秀林鄉","121.380","24.175","12"
"10","276996","20221104125000","26","0","花蓮縣","秀林鄉","121.550","24.175","23"
"25","276998","20221104125000","55","0","花蓮縣","秀林鄉","121.560","24.175","51"
"149","277000","20221104125000","101","2","花蓮縣","秀林鄉","121.570","24.175","127"
"32","277001","20221104125000","87","0","花蓮縣","秀林鄉","121.575","24.175","39"
"45","277006","20221104125000","46","0","花蓮縣","秀林鄉","121.600","24.175","27"
"10","277055","20221104125000","38","0","花蓮縣","秀林鄉","121.510","24.180","19"
"290","277116","20221104125000","280","1","花蓮縣","秀林鄉","121.495","24.180","341"
"649","277183","20221104125000","581","1","花蓮縣","秀林鄉","121.655","24.125","766"
"118","277187","20221104125000","62","3","花蓮縣","秀林鄉","121.645","24.135","121"
"228","277214","20221104125000","260","0","花蓮縣","秀林鄉","121.650","24.155","221"
"182","277223","20221104125000","242","0","花蓮縣","秀林鄉","121.655","24.160","223"
"113","277237","20221104125000","143","0","花蓮縣","秀林鄉","121.655","24.170","125"
"11","277255","20221104125000","21","0","花蓮縣","秀林鄉","121.660","24.180","25"
"1581","277409","20221104125000","2985","0","臺中市","西屯區","120.645","24.170","1604"
"403","277410","20221104125000","303","2","臺中市","太平區","120.730","24.155","383"
"279","277411","20221104125000","591","0","臺中市","太平區","120.735","24.155","265"
"33","277415","20221104125000","195","0","臺中市","大肚區","120.550","24.120","36"
"796","277420","20221104125000","817","0","臺中市","大肚區","120.570","24.120","839"
"137","277421","20221104125000","637","0","臺中市","大肚區","120.575","24.120","119"
"507","277423","20221104125000","477","1","臺中市","大肚區","120.570","24.125","497"
"76","277425","20221104125000","455","0","臺中市","大肚區","120.580","24.125","73"
"32","277426","20221104125000","328","0","臺中市","大肚區","120.570","24.130","49"
"431","277434","20221104125000","357","2","臺中市","大肚區","120.585","24.135","503"
"1514","277437","20221104125000","1527","0","臺中市","大里區","120.705","24.105","1438"
"413","277439","20221104125000","377","1","臺中市","大里區","120.705","24.110","448"
"45","277440","20221104125000","281","0","臺中市","太平區","120.705","24.150","37"
"478","277441","20221104125000","550","0","臺中市","太平區","120.710","24.150","471"
"385","277442","20221104125000","304","2","臺中市","烏日區","120.625","24.100","454"
"856","277443","20221104125000","800","1","臺中市","烏日區","120.630","24.100","812"
"1437","277444","20221104125000","1078","2","臺中市","烏日區","120.620","24.105","1409"
"956","277445","20221104125000","417","3","臺中市","烏日區","120.625","24.105","1005"
"558","277450","20221104125000","262","3","臺中市","西屯區","120.595","24.165","554"
"664","277451","20221104125000","620","1","臺中市","西屯區","120.600","24.165","646"
"786","277452","20221104125000","676","1","臺中市","西屯區","120.605","24.165","760"
"783","277453","20221104125000","727","1","臺中市","西屯區","120.610","24.165","855"
"43","277456","20221104125000","234","0","臺中市","西屯區","120.585","24.170","36"
"1969","277457","20221104125000","2001","0","臺中市","西屯區","120.590","24.170","1953"
"390","277458","20221104125000","200","3","臺中市","西屯區","120.595","24.170","402"
"30","277459","20221104125000","43","0","臺中市","西屯區","120.600","24.170","30"
"302","277460","20221104125000","261","1","臺中市","西屯區","120.605","24.170","301"
"1016","277461","20221104125000","1115","0","臺中市","西屯區","120.610","24.170","1002"
"155","277462","20221104125000","182","0","臺中市","西屯區","120.615","24.170","138"
"848","277463","20221104125000","860","0","臺中市","西屯區","120.620","24.170","789"
"64","277465","20221104125000","345","0","臺中市","西屯區","120.585","24.175","57"
"383","277467","20221104125000","467","0","臺中市","西屯區","120.605","24.175","397"
"1564","277468","20221104125000","880","3","臺中市","西屯區","120.595","24.175","1536"
"686","277471","20221104125000","407","3","臺中市","西屯區","120.620","24.175","527"
"62","277472","20221104125000","68","0","臺中市","西屯區","120.625","24.175","96"
"741","277473","20221104125000","1493","0","臺中市","西屯區","120.595","24.180","733"
"877","277474","20221104125000","601","2","臺中市","西屯區","120.595","24.185","821"
"1028","277475","20221104125000","1086","0","臺中市","西屯區","120.600","24.175","1115"
"1776","277477","20221104125000","1880","0","臺中市","太平區","120.720","24.130","1776"
"54","277478","20221104125000","445","0","臺中市","太平區","120.710","24.130","58"
"166","277480","20221104125000","1276","0","臺中市","太平區","120.715","24.135","200"
"1023","277481","20221104125000","1390","0","臺中市","太平區","120.730","24.150","1088"
"42","277483","20221104125000","205","0","臺中市","大肚區","120.575","24.170","42"
"535","277484","20221104125000","783","0","臺中市","大肚區","120.580","24.170","540"
"1345","277487","20221104125000","1436","0","臺中市","大肚區","120.545","24.155","1362"
"114","277488","20221104125000","505","0","臺中市","大肚區","120.540","24.160","105"
"529","277489","20221104125000","513","1","臺中市","大肚區","120.545","24.160","488"
"714","277492","20221104125000","337","3","臺中市","大肚區","120.535","24.165","720"
"631","277493","20221104125000","919","0","臺中市","大里區","120.690","24.100","594"
"668","277496","20221104125000","384","3","臺中市","太平區","120.735","24.105","670"
"868","277503","20221104125000","723","2","臺中市","太平區","120.730","24.140","857"
"1534","277504","20221104125000","1348","1","臺中市","太平區","120.735","24.140","1483"
"78","277507","20221104125000","42","3","臺中市","太平區","120.730","24.145","67"
"545","277508","20221104125000","998","0","臺中市","太平區","120.735","24.145","638"
"1203","277520","20221104125000","995","2","臺中市","太平區","120.740","24.155","1180"
"333","277531","20221104125000","1120","0","臺中市","太平區","120.730","24.125","306"
"100","277532","20221104125000","215","0","臺中市","太平區","120.725","24.130","115"
"1283","277533","20221104125000","1591","0","臺中市","東區","120.690","24.130","1307"
"1968","277534","20221104125000","1952","1","臺中市","東區","120.690","24.140","1901"
"3169","277535","20221104125000","2867","1","臺中市","中區","120.685","24.140","3257"
"20","277537","20221104125000","153","0","臺中市","太平區","120.735","24.130","26"
"704","277538","20221104125000","1321","0","臺中市","太平區","120.720","24.100","666"
"217","277540","20221104125000","834","0","臺中市","太平區","120.720","24.105","207"
"890","277541","20221104125000","899","0","臺中市","太平區","120.725","24.140","851"
"465","277542","20221104125000","411","1","臺中市","太平區","120.730","24.135","494"
"1499","277544","20221104125000","852","3","臺中市","龍井區","120.540","24.175","1511"
"1270","277557","20221104125000","424","3","臺中市","大肚區","120.560","24.125","1240"
"85","277558","20221104125000","437","0","臺中市","大肚區","120.565","24.125","91"
"475","277564","20221104125000","505","0","臺中市","龍井區","120.575","24.175","458"
"457","277565","20221104125000","644","0","臺中市","龍井區","120.580","24.175","492"
"841","277566","20221104125000","608","2","臺中市","太平區","120.725","24.145","809"
"676","277567","20221104125000","623","1","臺中市","太平區","120.720","24.125","723"
"41","277587","20221104125000","34","2","臺中市","東勢區","120.855","24.175","38"
"102","277597","20221104125000","91","1","臺中市","東勢區","120.840","24.185","118"
"40","277611","20221104125000","33","2","臺中市","東勢區","120.865","24.185","58"
"533","277614","20221104125000","649","0","臺中市","太平區","120.710","24.135","510"
"1270","277615","20221104125000","1371","0","臺中市","東區","120.705","24.140","1212"
"1247","277617","20221104125000","1059","1","臺中市","東區","120.695","24.150","1095"
"253","277618","20221104125000","1304","0","臺中市","太平區","120.705","24.155","228"
"570","277619","20221104125000","628","0","臺中市","太平區","120.705","24.160","562"
"1384","277620","20221104125000","768","3","臺中市","太平區","120.710","24.155","1344"
"1414","277621","20221104125000","1246","1","臺中市","東區","120.690","24.135","1341"
"625","277622","20221104125000","574","1","臺中市","東區","120.690","24.145","594"
"1968","277623","20221104125000","1512","2","臺中市","東區","120.700","24.140","1942"
"2430","277624","20221104125000","2167","1","臺中市","北區","120.675","24.155","2348"
"1651","277625","20221104125000","1834","0","臺中市","西區","120.660","24.150","1514"
"3499","277626","20221104125000","3633","0","臺中市","西區","120.665","24.155","3402"
"36","277630","20221104125000","277","0","臺中市","龍井區","120.550","24.185","26"
"108","277637","20221104125000","180","0","臺中市","烏日區","120.650","24.105","144"
"534","277638","20221104125000","577","0","臺中市","烏日區","120.655","24.105","559"
"4030","277639","20221104125000","2991","2","臺中市","西屯區","120.640","24.170","3741"
"1092","277640","20221104125000","1751","0","臺中市","西屯區","120.655","24.170","1023"
"4610","277641","20221104125000","4193","1","臺中市","西屯區","120.660","24.170","4502"
"1344","277642","20221104125000","1515","0","臺中市","太平區","120.720","24.150","1328"
"198","277643","20221104125000","158","2","臺中市","太平區","120.725","24.150","232"
"1027","277644","20221104125000","985","1","臺中市","太平區","120.725","24.155","1072"
"974","277646","20221104125000","565","3","臺中市","烏日區","120.605","24.105","1026"
"1191","277647","20221104125000","468","3","臺中市","烏日區","120.610","24.105","405"
"195","277648","20221104125000","226","0","臺中市","烏日區","120.600","24.110","200"
"1816","277649","20221104125000","1914","0","臺中市","烏日區","120.605","24.110","1748"
"40","277650","20221104125000","24","3","臺中市","烏日區","120.610","24.110","30"
"369","277652","20221104125000","350","1","臺中市","烏日區","120.605","24.115","359"
"976","277653","20221104125000","581","3","臺中市","烏日區","120.610","24.115","965"
"171","277655","20221104125000","119","2","臺中市","烏日區","120.595","24.120","172"
"404","277656","20221104125000","1251","0","臺中市","烏日區","120.635","24.110","391"
"865","277657","20221104125000","804","1","臺中市","烏日區","120.640","24.110","868"
"5480","277661","20221104125000","2964","3","臺中市","西區","120.665","24.150","5206"
"669","277662","20221104125000","863","0","臺中市","西區","120.670","24.150","744"
"1654","277663","20221104125000","2498","0","臺中市","西區","120.675","24.135","1620"
"2378","277664","20221104125000","2015","1","臺中市","西區","120.665","24.145","2358"
"225","277681","20221104125000","241","0","花蓮縣","秀林鄉","121.630","24.115","302"
"119","277712","20221104125000","96","2","花蓮縣","秀林鄉","121.630","24.125","138"
"220","277713","20221104125000","196","1","花蓮縣","秀林鄉","121.635","24.125","248"
"224","277756","20221104125000","218","1","花蓮縣","新城鄉","121.615","24.100","218"
"306","277759","20221104125000","316","0","花蓮縣","新城鄉","121.620","24.105","433"
"331","277766","20221104125000","469","0","花蓮縣","新城鄉","121.640","24.115","304"
"114","277799","20221104125000","78","2","花蓮縣","新城鄉","121.650","24.125","107"
"303","277805","20221104125000","329","0","花蓮縣","新城鄉","121.645","24.130","278"
"39","277807","20221104125000","38","1","彰化縣","彰化市","120.545","24.100","46"
"250","277812","20221104125000","1045","0","彰化縣","和美鎮","120.495","24.115","1273"
"313","277817","20221104125000","271","1","彰化縣","彰化市","120.560","24.105","318"
"378","277821","20221104125000","150","3","彰化縣","和美鎮","120.505","24.140","402"
"1088","277830","20221104125000","1142","0","彰化縣","和美鎮","120.500","24.105","1078"
"3326","277831","20221104125000","2295","2","彰化縣","和美鎮","120.495","24.110","2697"
"1792","277832","20221104125000","1358","2","彰化縣","和美鎮","120.500","24.110","1761"
"101","277834","20221104125000","835","0","彰化縣","伸港鄉","120.480","24.140","122"
"125","277848","20221104125000","102","2","南投縣","國姓鄉","120.895","24.110","126"
"24","277865","20221104125000","21","1","南投縣","國姓鄉","120.850","24.105","24"
"86","277866","20221104125000","64","2","南投縣","國姓鄉","120.855","24.105","96"
"468","277889","20221104125000","411","1","彰化縣","和美鎮","120.490","24.110","446"
"251","277890","20221104125000","268","0","彰化縣","和美鎮","120.490","24.115","216"
"223","277892","20221104125000","258","0","彰化縣","和美鎮","120.515","24.125","224"
"52","277895","20221104125000","43","2","彰化縣","和美鎮","120.520","24.130","74"
"443","277898","20221104125000","331","2","彰化縣","和美鎮","120.515","24.135","507"
"365","277902","20221104125000","320","1","彰化縣","和美鎮","120.500","24.130","325"
"35","277906","20221104125000","33","1","彰化縣","和美鎮","120.505","24.135","27"
"30","277907","20221104125000","33","0","彰化縣","和美鎮","120.510","24.135","49"
"1953","277912","20221104125000","1116","3","彰化縣","和美鎮","120.490","24.120","1534"
"494","277913","20221104125000","471","1","彰化縣","和美鎮","120.495","24.120","520"
"251","277919","20221104125000","521","0","彰化縣","伸港鄉","120.510","24.160","259"
"357","277922","20221104125000","259","2","彰化縣","伸港鄉","120.510","24.165","335"
"345","277925","20221104125000","1175","0","彰化縣","伸港鄉","120.505","24.170","335"
"427","277926","20221104125000","271","3","彰化縣","伸港鄉","120.510","24.170","588"
"304","277931","20221104125000","137","3","彰化縣","伸港鄉","120.505","24.180","342"
"1040","277935","20221104125000","718","2","彰化縣","彰化市","120.575","24.100","1028"
"53","277953","20221104125000","459","0","彰化縣","和美鎮","120.530","24.110","54"
"137","277967","20221104125000","861","0","彰化縣","和美鎮","120.545","24.110","136"
"18","277968","20221104125000","26","0","彰化縣","和美鎮","120.540","24.115","21"
"52","277971","20221104125000","45","1","彰化縣","和美鎮","120.530","24.100","65"
"1213","277975","20221104125000","1043","1","彰化縣","和美鎮","120.525","24.115","1031"
"40","277978","20221104125000","19","3","彰化縣","和美鎮","120.485","24.135","35"
"138","277979","20221104125000","159","0","彰化縣","和美鎮","120.485","24.140","120"
"853","277980","20221104125000","2001","0","彰化縣","伸港鄉","120.485","24.145","1001"
"278","277982","20221104125000","500","0","彰化縣","伸港鄉","120.490","24.150","292"
"332","277984","20221104125000","136","3","彰化縣","伸港鄉","120.470","24.145","293"
"130","277985","20221104125000","296","0","彰化縣","伸港鄉","120.475","24.145","115"
"244","277994","20221104125000","523","0","彰化縣","伸港鄉","120.500","24.140","220"
"157","277998","20221104125000","204","0","彰化縣","伸港鄉","120.480","24.155","133"
"52","278003","20221104125000","94","0","彰化縣","和美鎮","120.490","24.125","53"
"413","278011","20221104125000","396","1","彰化縣","和美鎮","120.515","24.105","416"
"246","278018","20221104125000","460","0","彰化縣","和美鎮","120.510","24.150","251"
"25","278019","20221104125000","151","0","彰化縣","伸港鄉","120.510","24.155","29"
"101","278026","20221104125000","560","0","彰化縣","線西鄉","120.455","24.145","101"
"580","278032","20221104125000","276","3","彰化縣","伸港鄉","120.450","24.155","806"
"1033","278037","20221104125000","903","1","彰化縣","和美鎮","120.500","24.115","771"
"1356","278047","20221104125000","634","3","彰化縣","和美鎮","120.490","24.130","1289"
"1193","278050","20221104125000","515","3","彰化縣","和美鎮","120.490","24.100","1021"
"1889","278052","20221104125000","615","3","彰化縣","和美鎮","120.515","24.100","1888"
"863","278053","20221104125000","556","3","彰化縣","和美鎮","120.520","24.100","991"
"146","278058","20221104125000","96","3","彰化縣","和美鎮","120.485","24.100","135"
"370","278060","20221104125000","390","0","彰化縣","和美鎮","120.485","24.110","342"
"112","278065","20221104125000","160","0","彰化縣","伸港鄉","120.475","24.155","167"
"83","278066","20221104125000","24","3","彰化縣","伸港鄉","120.470","24.160","90"
"33","278084","20221104125000","24","2","彰化縣","伸港鄉","120.485","24.180","37"
"837","278099","20221104125000","771","1","彰化縣","和美鎮","120.530","24.105","841"
"498","278100","20221104125000","428","1","彰化縣","和美鎮","120.515","24.120","509"
"144","278175","20221104125000","188","0","南投縣","仁愛鄉","121.190","24.145","188"
"448","278457","20221104125000","394","1","南投縣","仁愛鄉","121.205","24.110","387"
"357","278506","20221104125000","820","0","南投縣","仁愛鄉","121.270","24.140","437"
"91","278518","20221104125000","195","0","南投縣","仁愛鄉","121.285","24.160","97"
"140","278973","20221104125000","115","2","南投縣","仁愛鄉","121.185","24.120","160"
"300","279090","20221104125000","365","0","南投縣","仁愛鄉","121.170","24.155","331"
"60","279213","20221104125000","63","0","南投縣","仁愛鄉","121.200","24.180","67"
"137","279218","20221104125000","198","0","南投縣","仁愛鄉","121.225","24.180","193"
"562","279255","20221104125000","1711","0","彰化縣","伸港鄉","120.485","24.160","544"
"354","279258","20221104125000","641","0","彰化縣","伸港鄉","120.495","24.160","319"
"116","279282","20221104125000","92","2","彰化縣","線西鄉","120.420","24.130","105"
"76","279286","20221104125000","394","0","彰化縣","和美鎮","120.480","24.105","89"
"57","279292","20221104125000","363","0","彰化縣","鹿港鎮","120.460","24.105","51"
"44","279293","20221104125000","386","0","彰化縣","鹿港鎮","120.465","24.105","35"
"1392","279295","20221104125000","269","3","彰化縣","鹿港鎮","120.465","24.110","1368"
"699","279296","20221104125000","183","3","彰化縣","鹿港鎮","120.460","24.115","728"
"1886","279303","20221104125000","1127","3","彰化縣","線西鄉","120.465","24.130","1821"
"175","279311","20221104125000","609","0","彰化縣","線西鄉","120.435","24.140","204"
"1299","279350","20221104125000","384","3","彰化縣","鹿港鎮","120.450","24.115","1229"
"498","279359","20221104125000","176","3","彰化縣","鹿港鎮","120.455","24.120","497"
"29","279366","20221104125000","30","0","彰化縣","線西鄉","120.460","24.130","40"
"1544","279368","20221104125000","1126","2","彰化縣","線西鄉","120.430","24.130","1513"
"1349","279371","20221104125000","803","3","彰化縣","線西鄉","120.425","24.135","1568"
"33","279375","20221104125000","277","0","彰化縣","線西鄉","120.470","24.135","58"
"388","279379","20221104125000","145","3","彰化縣","線西鄉","120.440","24.150","531"
"626","279387","20221104125000","439","2","彰化縣","線西鄉","120.445","24.150","626"
"452","279389","20221104125000","352","2","彰化縣","線西鄉","120.480","24.115","489"
"317","279392","20221104125000","227","2","彰化縣","和美鎮","120.485","24.120","290"
"344","279396","20221104125000","378","0","彰化縣","線西鄉","120.480","24.125","321"
"765","279398","20221104125000","514","2","彰化縣","線西鄉","120.470","24.130","754"
"20","285400","20221104125000","24","0","臺中市","清水區","120.555","24.270","37"
"246","285401","20221104125000","265","0","臺中市","清水區","120.560","24.270","285"
"2196","285403","20221104125000","1561","2","臺中市","清水區","120.550","24.275","2158"
"521","285405","20221104125000","565","0","臺中市","清水區","120.540","24.275","516"
"160","285406","20221104125000","495","0","臺中市","北屯區","120.665","24.195","143"
"894","285409","20221104125000","575","3","臺中市","北屯區","120.680","24.195","874"
"600","285410","20221104125000","518","1","臺中市","北屯區","120.665","24.200","605"
"543","285412","20221104125000","491","1","臺中市","北屯區","120.675","24.200","517"
"476","285413","20221104125000","371","2","臺中市","北屯區","120.680","24.200","451"
"625","285414","20221104125000","578","1","臺中市","北屯區","120.685","24.200","566"
"39","285415","20221104125000","29","2","臺中市","北屯區","120.665","24.190","52"
"949","285416","20221104125000","568","3","臺中市","北屯區","120.670","24.190","936"
"30","285418","20221104125000","778","0","臺中市","沙鹿區","120.560","24.240","45"
"2480","285419","20221104125000","2617","0","臺中市","沙鹿區","120.565","24.240","2350"
"37","285422","20221104125000","36","1","臺中市","沙鹿區","120.565","24.245","52"
"195","285423","20221104125000","457","0","臺中市","沙鹿區","120.570","24.245","199"
"341","285425","20221104125000","345","0","臺中市","沙鹿區","120.560","24.250","374"
"407","285428","20221104125000","416","0","臺中市","沙鹿區","120.565","24.255","419"
"1076","285431","20221104125000","668","3","臺中市","清水區","120.575","24.275","1027"
"895","285434","20221104125000","995","0","臺中市","潭子區","120.715","24.205","1093"
"589","285437","20221104125000","416","2","臺中市","潭子區","120.700","24.200","561"
"723","285439","20221104125000","386","3","臺中市","潭子區","120.700","24.205","670"
"477","285440","20221104125000","459","1","臺中市","潭子區","120.700","24.210","456"
"193","285441","20221104125000","1464","0","臺中市","潭子區","120.705","24.210","1618"
"891","285442","20221104125000","1380","0","臺中市","潭子區","120.700","24.215","804"
"113","285443","20221104125000","175","0","臺中市","潭子區","120.710","24.195","94"
"44","285444","20221104125000","46","0","臺中市","潭子區","120.705","24.200","48"
"54","285445","20221104125000","407","0","臺中市","潭子區","120.710","24.200","66"
"1139","285446","20221104125000","1308","0","臺中市","潭子區","120.705","24.205","1052"
"2245","285447","20221104125000","1650","2","臺中市","潭子區","120.710","24.205","2167"
"1215","285453","20221104125000","610","3","臺中市","潭子區","120.720","24.195","1118"
"1183","285454","20221104125000","1187","0","臺中市","潭子區","120.725","24.195","1238"
"910","285459","20221104125000","582","3","臺中市","潭子區","120.725","24.200","817"
"1338","285460","20221104125000","1521","0","臺中市","潭子區","120.730","24.200","1262"
"14","285463","20221104125000","42","0","臺中市","潭子區","120.735","24.205","12"
"92","285468","20221104125000","96","0","臺中市","潭子區","120.745","24.210","94"
"3147","285469","20221104125000","2325","2","臺中市","北屯區","120.705","24.190","3162"
"50","285470","20221104125000","64","0","臺中市","北屯區","120.705","24.195","52"
"131","285471","20221104125000","139","0","臺中市","西屯區","120.645","24.190","151"
"383","285472","20221104125000","290","2","臺中市","大雅區","120.615","24.235","363"
"469","285473","20221104125000","281","3","臺中市","沙鹿區","120.610","24.240","471"
"129","285474","20221104125000","547","0","臺中市","沙鹿區","120.615","24.240","140"
"20","285488","20221104125000","130","0","臺中市","沙鹿區","120.575","24.240","24"
"230","285500","20221104125000","222","1","臺中市","沙鹿區","120.560","24.225","222"
"823","285503","20221104125000","942","0","臺中市","沙鹿區","120.565","24.225","693"
"125","285504","20221104125000","425","0","臺中市","神岡區","120.655","24.250","125"
"17","285505","20221104125000","12","2","臺中市","神岡區","120.660","24.250","18"
"45","285507","20221104125000","62","0","臺中市","神岡區","120.660","24.255","46"
"31","285509","20221104125000","401","0","臺中市","神岡區","120.675","24.260","33"
"694","285515","20221104125000","685","1","臺中市","神岡區","120.680","24.265","656"
"88","285519","20221104125000","536","0","臺中市","神岡區","120.655","24.275","102"
"686","285522","20221104125000","1586","0","臺中市","豐原區","120.705","24.240","697"
"737","285523","20221104125000","609","2","臺中市","豐原區","120.700","24.245","846"
"734","285524","20221104125000","939","0","臺中市","豐原區","120.705","24.245","719"
"291","285525","20221104125000","242","2","臺中市","龍井區","120.560","24.190","329"
"657","285526","20221104125000","317","3","臺中市","龍井區","120.535","24.195","619"
"34","285527","20221104125000","33","1","臺中市","龍井區","120.540","24.195","29"
"343","285528","20221104125000","349","0","臺中市","龍井區","120.545","24.195","311"
"326","285531","20221104125000","341","0","臺中市","龍井區","120.560","24.195","385"
"446","285533","20221104125000","509","0","臺中市","龍井區","120.545","24.200","414"
"237","285536","20221104125000","188","2","臺中市","龍井區","120.560","24.200","213"
"980","285538","20221104125000","784","2","臺中市","潭子區","120.705","24.215","888"
"70","285539","20221104125000","52","2","臺中市","潭子區","120.700","24.220","79"
"2509","285540","20221104125000","2020","2","臺中市","潭子區","120.705","24.220","2500"
"3912","285541","20221104125000","3343","1","臺中市","潭子區","120.705","24.225","3973"
"259","285542","20221104125000","270","0","臺中市","龍井區","120.590","24.190","220"
"372","285544","20221104125000","336","1","臺中市","西屯區","120.605","24.190","362"
"1606","285547","20221104125000","779","3","臺中市","神岡區","120.690","24.265","1486"
"388","285549","20221104125000","152","3","臺中市","神岡區","120.685","24.270","348"
"270","285551","20221104125000","140","3","臺中市","神岡區","120.675","24.275","300"
"526","285553","20221104125000","444","1","臺中市","神岡區","120.685","24.275","530"
"658","285559","20221104125000","226","3","臺中市","神岡區","120.690","24.275","701"
"630","285561","20221104125000","720","0","臺中市","神岡區","120.680","24.240","594"
"449","285565","20221104125000","389","1","臺中市","神岡區","120.680","24.245","437"
"79","285567","20221104125000","769","0","臺中市","神岡區","120.675","24.250","69"
"1377","285568","20221104125000","1064","2","臺中市","神岡區","120.685","24.245","1334"
"76","285569","20221104125000","37","3","臺中市","神岡區","120.680","24.250","85"
"40","285570","20221104125000","235","0","臺中市","神岡區","120.685","24.250","47"
"165","285571","20221104125000","121","2","臺中市","神岡區","120.690","24.250","141"
"317","285573","20221104125000","276","1","臺中市","神岡區","120.685","24.255","317"
"124","285574","20221104125000","126","0","臺中市","神岡區","120.690","24.255","138"
"1943","285581","20221104125000","1523","2","臺中市","沙鹿區","120.555","24.230","1954"
"2330","285582","20221104125000","2197","1","臺中市","沙鹿區","120.555","24.235","2226"
"153","285584","20221104125000","434","0","臺中市","沙鹿區","120.580","24.250","151"
"839","285593","20221104125000","865","0","臺中市","沙鹿區","120.600","24.255","879"
"378","285599","20221104125000","304","2","臺中市","沙鹿區","120.600","24.260","380"
"748","285602","20221104125000","303","3","臺中市","沙鹿區","120.585","24.265","617"
"360","285607","20221104125000","238","3","臺中市","大雅區","120.655","24.210","497"
"307","285613","20221104125000","546","0","臺中市","大雅區","120.665","24.220","342"
"86","285618","20221104125000","363","0","臺中市","新社區","120.805","24.250","74"
"713","285621","20221104125000","363","3","臺中市","新社區","120.805","24.255","708"
"1109","285626","20221104125000","1358","0","臺中市","梧棲區","120.515","24.260","1050"
"633","285627","20221104125000","467","2","臺中市","梧棲區","120.520","24.260","771"
"123","285630","20221104125000","389","0","臺中市","梧棲區","120.515","24.270","138"
"1114","285634","20221104125000","1121","0","臺中市","梧棲區","120.535","24.255","1078"
"700","285635","20221104125000","390","3","臺中市","梧棲區","120.550","24.255","667"
"325","285637","20221104125000","562","0","臺中市","梧棲區","120.560","24.255","321"
"783","285638","20221104125000","715","1","臺中市","梧棲區","120.540","24.260","787"
"358","285642","20221104125000","519","0","臺中市","梧棲區","120.555","24.240","349"
"2272","285644","20221104125000","1256","3","臺中市","梧棲區","120.545","24.245","2245"
"966","285646","20221104125000","1509","0","臺中市","神岡區","120.695","24.245","1060"
"555","285648","20221104125000","559","0","臺中市","神岡區","120.695","24.255","580"
"484","285657","20221104125000","374","2","臺中市","梧棲區(海)","120.490","24.255","470"
"43","285659","20221104125000","128","0","臺中市","梧棲區(海)","120.500","24.255","53"
"618","285667","20221104125000","480","2","臺中市","梧棲區(海)","120.500","24.265","526"
"187","285671","20221104125000","141","2","臺中市","梧棲區(海)","120.500","24.270","169"
"119","285677","20221104125000","129","0","臺中市","梧棲區(海)","120.505","24.275","120"
"22","285681","20221104125000","177","0","臺中市","梧棲區","120.525","24.260","22"
"135","285682","20221104125000","137","0","臺中市","梧棲區","120.530","24.260","130"
"305","285683","20221104125000","278","1","臺中市","北屯區","120.790","24.205","310"
"400","285685","20221104125000","248","3","臺中市","新社區","120.805","24.190","551"
"110","285695","20221104125000","120","0","臺中市","新社區","120.815","24.200","123"
"139","285697","20221104125000","215","0","臺中市","新社區","120.805","24.205","174"
"189","285701","20221104125000","113","3","臺中市","新社區","120.805","24.210","177"
"38","285707","20221104125000","270","0","臺中市","新社區","120.800","24.220","49"
"71","285713","20221104125000","118","0","臺中市","新社區","120.795","24.235","66"
"60","285717","20221104125000","311","0","臺中市","新社區","120.795","24.230","65"
"99","285720","20221104125000","148","0","臺中市","新社區","120.780","24.230","84"
"102","285727","20221104125000","366","0","臺中市","新社區","120.785","24.235","133"
"785","285738","20221104125000","656","1","臺中市","神岡區","120.700","24.250","748"
"1053","285742","20221104125000","445","3","臺中市","神岡區","120.645","24.250","1054"
"131","285745","20221104125000","177","0","臺中市","神岡區","120.645","24.255","143"
"282","285747","20221104125000","149","3","臺中市","神岡區","120.635","24.260","258"
"558","285750","20221104125000","1090","0","臺中市","豐原區","120.710","24.245","553"
"1210","285752","20221104125000","687","3","臺中市","豐原區","120.720","24.260","1305"
"1803","285754","20221104125000","2188","0","臺中市","豐原區","120.720","24.265","1787"
"331","285758","20221104125000","291","1","臺中市","豐原區","120.715","24.275","412"
"929","285759","20221104125000","426","3","臺中市","豐原區","120.720","24.275","1001"
"301","285761","20221104125000","327","0","臺中市","豐原區","120.720","24.280","257"
"810","285764","20221104125000","813","0","臺中市","梧棲區","120.545","24.240","780"
"1915","285765","20221104125000","2265","0","臺中市","梧棲區","120.540","24.245","2022"
"1018","285766","20221104125000","669","3","臺中市","梧棲區","120.520","24.255","953"
"1482","285767","20221104125000","1133","2","臺中市","梧棲區","120.525","24.255","1192"
"200","285773","20221104125000","212","0","臺中市","新社區","120.810","24.225","199"
"946","285777","20221104125000","525","3","臺中市","新社區","120.805","24.230","889"
"2140","285782","20221104125000","1426","3","臺中市","豐原區","120.725","24.255","2267"
"689","285783","20221104125000","742","0","臺中市","豐原區","120.705","24.250","641"
"772","285785","20221104125000","473","3","臺中市","豐原區","120.720","24.240","741"
"1706","285787","20221104125000","1215","2","臺中市","豐原區","120.715","24.235","1662"
"1508","285788","20221104125000","1405","1","臺中市","豐原區","120.720","24.235","1450"
"452","285789","20221104125000","472","0","臺中市","豐原區","120.725","24.235","480"
"2961","285791","20221104125000","1522","3","臺中市","豐原區","120.715","24.245","3215"
"62","285792","20221104125000","59","1","臺中市","豐原區","120.710","24.240","82"
"80","285793","20221104125000","74","1","臺中市","豐原區","120.725","24.250","83"
"321","285796","20221104125000","216","2","臺中市","豐原區","120.740","24.240","360"
"772","285799","20221104125000","994","0","臺中市","豐原區","120.730","24.245","769"
"651","285800","20221104125000","428","3","臺中市","豐原區","120.735","24.245","571"
"301","285803","20221104125000","482","0","臺中市","豐原區","120.730","24.250","272"
"833","285804","20221104125000","584","2","臺中市","豐原區","120.735","24.250","970"
"733","285805","20221104125000","654","1","臺中市","豐原區","120.740","24.250","789"
"41","285806","20221104125000","553","0","臺中市","龍井區","120.525","24.210","46"
"576","285812","20221104125000","630","0","臺中市","龍井區","120.515","24.215","525"
"834","285819","20221104125000","778","1","臺中市","龍井區","120.510","24.220","819"
"786","285821","20221104125000","552","2","臺中市","龍井區","120.520","24.220","742"
"1888","285822","20221104125000","819","3","臺中市","龍井區","120.525","24.220","1930"
"351","285849","20221104125000","819","0","臺中市","新社區","120.805","24.240","319"
"258","285852","20221104125000","144","3","臺中市","新社區","120.820","24.205","229"
"17","285856","20221104125000","121","0","臺中市","北屯區","120.780","24.210","24"
"40","285859","20221104125000","202","0","臺中市","新社區","120.795","24.210","31"
"720","285862","20221104125000","264","3","臺中市","新社區","120.780","24.215","716"
"323","285867","20221104125000","269","2","臺中市","新社區","120.775","24.220","267"
"193","285871","20221104125000","110","3","臺中市","新社區","120.775","24.225","193"
"277","285886","20221104125000","177","3","臺中市","梧棲區","120.515","24.225","276"
"133","285894","20221104125000","192","0","臺中市","清水區","120.635","24.265","152"
"927","285910","20221104125000","804","1","臺中市","梧棲區","120.535","24.250","921"
"28","285912","20221104125000","318","0","臺中市","梧棲區","120.545","24.250","27"
"246","285914","20221104125000","356","0","臺中市","梧棲區","120.540","24.255","275"
"327","285916","20221104125000","352","0","臺中市","豐原區","120.700","24.230","354"
"696","285918","20221104125000","821","0","臺中市","豐原區","120.705","24.235","670"
"327","285919","20221104125000","296","1","臺中市","豐原區","120.700","24.235","312"
"337","285920","20221104125000","285","1","臺中市","豐原區","120.700","24.240","415"
"28","285921","20221104125000","27","1","臺中市","豐原區","120.760","24.235","46"
"33","285923","20221104125000","39","0","臺中市","豐原區","120.755","24.240","23"
"16","285925","20221104125000","20","0","臺中市","豐原區","120.765","24.240","27"
"67","285927","20221104125000","86","0","臺中市","豐原區","120.750","24.245","54"
"94","285933","20221104125000","286","0","臺中市","豐原區","120.745","24.250","92"
"126","285937","20221104125000","70","3","臺中市","豐原區","120.765","24.250","135"
"25","285943","20221104125000","15","3","臺中市","豐原區","120.765","24.255","32"
"181","285948","20221104125000","126","2","臺中市","石岡區","120.770","24.260","171"
"42","285949","20221104125000","58","0","臺中市","豐原區","120.760","24.265","46"
"101","285953","20221104125000","153","0","臺中市","石岡區","120.765","24.270","90"
"1086","285954","20221104125000","718","3","臺中市","豐原區","120.730","24.255","536"
"690","285955","20221104125000","719","0","臺中市","豐原區","120.735","24.255","710"
"1571","285956","20221104125000","1168","2","臺中市","豐原區","120.745","24.255","1559"
"128","285957","20221104125000","359","0","臺中市","豐原區","120.740","24.260","153"
"438","285958","20221104125000","302","2","臺中市","豐原區","120.745","24.260","551"
"65","285959","20221104125000","316","0","臺中市","豐原區","120.750","24.260","52"
"205","285960","20221104125000","251","0","臺中市","豐原區","120.755","24.265","191"
"2253","285962","20221104125000","2074","1","臺中市","豐原區","120.725","24.240","2128"
"1125","285963","20221104125000","1241","0","臺中市","豐原區","120.730","24.240","1118"
"74","285964","20221104125000","132","0","臺中市","龍井區","120.580","24.190","88"
"44","285965","20221104125000","40","1","臺中市","龍井區","120.585","24.190","43"
"33","285980","20221104125000","315","0","臺中市","沙鹿區","120.570","24.225","23"
"1524","285981","20221104125000","1550","0","臺中市","沙鹿區","120.570","24.230","1657"
"335","285983","20221104125000","773","0","臺中市","沙鹿區","120.565","24.215","342"
"2232","285984","20221104125000","1449","3","臺中市","沙鹿區","120.555","24.220","2304"
"176","285985","20221104125000","140","2","臺中市","沙鹿區","120.560","24.220","175"
"77","285990","20221104125000","205","0","臺中市","沙鹿區","120.575","24.200","61"
"1320","285991","20221104125000","1083","2","臺中市","沙鹿區","120.580","24.200","1275"
"250","285994","20221104125000","216","1","臺中市","沙鹿區","120.570","24.205","292"
"327","285999","20221104125000","421","0","臺中市","沙鹿區","120.575","24.210","335"
"363","286001","20221104125000","345","1","臺中市","沙鹿區","120.560","24.235","353"
"661","286002","20221104125000","714","0","臺中市","豐原區","120.710","24.250","780"
"4129","286003","20221104125000","3303","2","臺中市","豐原區","120.715","24.250","3796"
"421","286005","20221104125000","531","0","臺中市","豐原區","120.725","24.225","422"
"262","286006","20221104125000","234","1","臺中市","豐原區","120.730","24.225","285"
"633","286008","20221104125000","407","3","臺中市","豐原區","120.725","24.230","618"
"239","286010","20221104125000","153","3","臺中市","豐原區","120.735","24.230","235"
"462","286012","20221104125000","457","1","臺中市","豐原區","120.730","24.230","505"
"1151","286014","20221104125000","1079","1","臺中市","北屯區","120.660","24.190","1089"
"135","286015","20221104125000","163","0","臺中市","龍井區","120.500","24.230","145"
"1695","286023","20221104125000","479","3","臺中市","龍井區","120.520","24.205","1705"
"730","286024","20221104125000","132","3","臺中市","龍井區","120.525","24.205","738"
"1246","286027","20221104125000","431","3","臺中市","龍井區","120.505","24.210","1218"
"93","286031","20221104125000","60","3","臺中市","龍井區","120.545","24.205","89"
"798","286036","20221104125000","831","0","臺中市","龍井區","120.550","24.210","815"
"296","286039","20221104125000","249","1","臺中市","龍井區","120.545","24.215","325"
"338","286043","20221104125000","168","3","臺中市","東勢區","120.830","24.235","345"
"600","286047","20221104125000","490","2","臺中市","東勢區","120.830","24.240","614"
"821","286051","20221104125000","978","0","臺中市","東勢區","120.830","24.245","807"
"251","286052","20221104125000","155","3","臺中市","東勢區","120.835","24.245","259"
"83","286053","20221104125000","357","0","臺中市","東勢區","120.840","24.245","83"
"1203","286054","20221104125000","869","2","臺中市","東勢區","120.825","24.255","1136"
"94","286060","20221104125000","77","2","臺中市","東勢區","120.845","24.275","100"
"173","286071","20221104125000","139","2","臺中市","清水區","120.580","24.270","169"
"1338","286072","20221104125000","1084","2","臺中市","北屯區","120.685","24.185","1384"
"41","286075","20221104125000","176","0","臺中市","北屯區","120.690","24.195","38"
"3779","286078","20221104125000","2575","2","臺中市","豐原區","120.720","24.250","3835"
"2986","286079","20221104125000","2566","1","臺中市","梧棲區","120.535","24.260","3110"
"476","286081","20221104125000","595","0","臺中市","梧棲區","120.530","24.265","504"
"1163","286084","20221104125000","1095","1","臺中市","梧棲區","120.530","24.270","1210"
"41","286088","20221104125000","381","0","臺中市","沙鹿區","120.565","24.200","33"
"191","286090","20221104125000","142","2","臺中市","沙鹿區","120.560","24.205","182"
"31","286091","20221104125000","450","0","臺中市","沙鹿區","120.565","24.205","26"
"71","286092","20221104125000","375","0","臺中市","沙鹿區","120.555","24.210","58"
"41","286093","20221104125000","140","0","臺中市","沙鹿區","120.560","24.210","25"
"76","286094","20221104125000","133","0","臺中市","沙鹿區","120.565","24.210","153"
"81","286095","20221104125000","113","0","臺中市","沙鹿區","120.555","24.215","97"
"131","286097","20221104125000","121","1","臺中市","沙鹿區","120.605","24.240","122"
"207","286098","20221104125000","242","0","臺中市","沙鹿區","120.605","24.245","260"
"1202","286099","20221104125000","760","3","臺中市","沙鹿區","120.610","24.245","1188"
"725","286100","20221104125000","330","3","臺中市","沙鹿區","120.600","24.250","710"
"150","286105","20221104125000","245","0","臺中市","北屯區","120.685","24.195","177"
"323","286108","20221104125000","298","1","臺中市","北屯區","120.750","24.190","306"
"133","286113","20221104125000","130","1","臺中市","北屯區","120.750","24.195","127"
"15","286116","20221104125000","102","0","臺中市","北屯區","120.765","24.195","19"
"20","286118","20221104125000","16","2","臺中市","北屯區","120.745","24.200","16"
"18","286121","20221104125000","27","0","臺中市","北屯區","120.760","24.200","19"
"1900","286135","20221104125000","697","3","臺中市","北屯區","120.680","24.190","1856"
"507","286137","20221104125000","490","1","臺中市","清水區","120.545","24.265","502"
"448","286140","20221104125000","507","0","臺中市","清水區","120.545","24.270","406"
"242","286141","20221104125000","295","0","臺中市","清水區","120.550","24.270","244"
"974","286147","20221104125000","1548","0","臺中市","潭子區","120.710","24.215","956"
"36","286149","20221104125000","401","0","臺中市","潭子區","120.710","24.220","27"
"40","286151","20221104125000","28","2","臺中市","潭子區","120.715","24.225","35"
"58","286153","20221104125000","344","0","臺中市","豐原區","120.720","24.230","62"
"322","286156","20221104125000","443","0","臺中市","潭子區","120.680","24.225","315"
"800","286159","20221104125000","668","1","臺中市","潭子區","120.685","24.230","756"
"2471","286161","20221104125000","1884","2","臺中市","潭子區","120.690","24.225","2537"
"325","286162","20221104125000","447","0","臺中市","潭子區","120.695","24.225","334"
"716","286167","20221104125000","798","0","臺中市","梧棲區","120.525","24.225","671"
"78","286169","20221104125000","775","0","臺中市","梧棲區","120.510","24.230","93"
"38","286172","20221104125000","34","1","臺中市","梧棲區","120.525","24.230","64"
"314","286173","20221104125000","269","1","臺中市","梧棲區","120.505","24.235","307"
"62","286175","20221104125000","51","2","臺中市","梧棲區","120.515","24.235","54"
"1964","286177","20221104125000","2149","0","臺中市","梧棲區","120.525","24.235","1873"
"68","286179","20221104125000","38","3","臺中市","梧棲區","120.505","24.240","83"
"565","286180","20221104125000","628","0","臺中市","梧棲區","120.510","24.240","567"
"300","286181","20221104125000","217","2","臺中市","梧棲區","120.515","24.240","320"
"398","286183","20221104125000","512","0","臺中市","梧棲區","120.525","24.240","409"
"295","286186","20221104125000","223","2","臺中市","梧棲區","120.510","24.245","326"
"457","286187","20221104125000","526","0","臺中市","梧棲區","120.515","24.245","398"
"864","286190","20221104125000","767","1","臺中市","梧棲區","120.530","24.245","884"
"220","286195","20221104125000","236","0","臺中市","梧棲區","120.525","24.250","158"
"1214","286199","20221104125000","905","2","臺中市","沙鹿區","120.580","24.220","1204"
"1372","286203","20221104125000","1420","0","臺中市","沙鹿區","120.575","24.225","1218"
"544","286204","20221104125000","680","0","臺中市","沙鹿區","120.580","24.225","596"
"414","286205","20221104125000","613","0","臺中市","沙鹿區","120.585","24.225","410"
"499","286208","20221104125000","462","1","臺中市","沙鹿區","120.575","24.230","450"
"635","286209","20221104125000","839","0","臺中市","沙鹿區","120.580","24.230","871"
"203","286210","20221104125000","218","0","臺中市","沙鹿區","120.585","24.230","342"
"158","286215","20221104125000","723","0","臺中市","沙鹿區","120.550","24.225","157"
"29","286221","20221104125000","22","2","臺中市","北屯區","120.770","24.195","22"
"38","286224","20221104125000","298","0","臺中市","北屯區","120.780","24.195","40"
"869","286244","20221104125000","1617","0","臺中市","大雅區","120.650","24.225","867"
"242","286246","20221104125000","221","1","臺中市","大雅區","120.605","24.225","269"
"255","286248","20221104125000","223","1","臺中市","大雅區","120.615","24.225","240"
"354","286260","20221104125000","317","1","臺中市","大雅區","120.620","24.235","338"
"1312","286262","20221104125000","1084","2","臺中市","大雅區","120.645","24.215","1259"
"340","286263","20221104125000","192","3","臺中市","大雅區","120.645","24.220","370"
"633","286264","20221104125000","564","1","臺中市","大雅區","120.645","24.225","562"
"750","286266","20221104125000","492","3","臺中市","大雅區","120.635","24.205","724"
"72","286267","20221104125000","384","0","臺中市","大雅區","120.640","24.205","67"
"6011","286269","20221104125000","3755","3","臺中市","大雅區","120.615","24.210","8842"
"1325","286270","20221104125000","867","3","臺中市","大雅區","120.620","24.210","1377"
"966","286272","20221104125000","718","2","臺中市","大雅區","120.630","24.210","912"
"387","286273","20221104125000","276","2","臺中市","大雅區","120.635","24.210","410"
"604","286276","20221104125000","598","1","臺中市","大雅區","120.605","24.215","712"
"1936","286279","20221104125000","2532","0","臺中市","大雅區","120.620","24.215","2122"
"32","286280","20221104125000","144","0","臺中市","大雅區","120.625","24.215","34"
"803","286281","20221104125000","594","2","臺中市","大雅區","120.635","24.215","771"
"45","286282","20221104125000","52","0","臺中市","大雅區","120.600","24.220","51"
"137","286284","20221104125000","259","0","臺中市","大雅區","120.610","24.220","152"
"696","286285","20221104125000","325","3","臺中市","大雅區","120.615","24.220","670"
"802","286287","20221104125000","457","3","臺中市","大雅區","120.640","24.220","752"
"221","286288","20221104125000","205","1","臺中市","大雅區","120.630","24.215","206"
"66","286289","20221104125000","98","0","臺中市","大雅區","120.625","24.220","65"
"1290","286292","20221104125000","1348","0","臺中市","大雅區","120.625","24.225","1374"
"2070","286293","20221104125000","2143","0","臺中市","大雅區","120.630","24.225","1998"
"2466","286296","20221104125000","1205","3","臺中市","大雅區","120.620","24.230","2491"
"283","286300","20221104125000","168","3","臺中市","大雅區","120.625","24.230","362"
"459","286302","20221104125000","433","1","臺中市","潭子區","120.670","24.205","492"
"132","286305","20221104125000","93","2","臺中市","大雅區","120.670","24.215","109"
"1055","286306","20221104125000","371","3","臺中市","大雅區","120.675","24.215","984"
"653","286307","20221104125000","811","0","臺中市","大雅區","120.670","24.220","686"
"549","286318","20221104125000","288","3","臺中市","東勢區","120.835","24.220","572"
"64","286321","20221104125000","334","0","臺中市","東勢區","120.825","24.270","86"
"306","286323","20221104125000","155","3","臺中市","東勢區","120.820","24.275","272"
"324","286344","20221104125000","280","1","臺中市","東勢區","120.850","24.260","293"
"530","286377","20221104125000","855","0","臺中市","沙鹿區","120.565","24.235","515"
"2673","286384","20221104125000","2425","1","臺中市","沙鹿區","120.570","24.240","2654"
"935","286386","20221104125000","919","1","臺中市","東勢區","120.830","24.255","922"
"50","286388","20221104125000","655","0","臺中市","東勢區","120.825","24.250","46"
"170","286389","20221104125000","272","0","臺中市","梧棲區","120.530","24.230","174"
"625","286392","20221104125000","542","1","臺中市","梧棲區","120.545","24.230","605"
"1426","286398","20221104125000","820","3","臺中市","豐原區","120.715","24.255","1375"
"220","286399","20221104125000","1099","0","臺中市","豐原區","120.720","24.255","244"
"1837","286400","20221104125000","642","3","臺中市","豐原區","120.735","24.270","1860"
"138","286406","20221104125000","471","0","臺中市","豐原區","120.745","24.275","159"
"744","286408","20221104125000","383","3","臺中市","豐原區","120.755","24.275","714"
"741","286413","20221104125000","564","2","臺中市","東勢區","120.760","24.280","715"
"401","286418","20221104125000","188","3","臺中市","豐原區","120.725","24.275","418"
"714","286422","20221104125000","198","3","臺中市","豐原區","120.735","24.280","702"
"143","286436","20221104125000","155","0","臺中市","豐原區","120.760","24.230","123"
"128","286446","20221104125000","115","1","臺中市","豐原區","120.740","24.235","123"
"141","286447","20221104125000","106","2","臺中市","豐原區","120.745","24.235","151"
"228","286461","20221104125000","1097","0","臺中市","龍井區","120.520","24.195","227"
"1299","286465","20221104125000","322","3","臺中市","龍井區","120.500","24.200","1250"
"567","286475","20221104125000","222","3","臺中市","龍井區","120.510","24.200","571"
"151","286482","20221104125000","496","0","臺中市","龍井區","120.515","24.205","151"
"114","286485","20221104125000","266","0","臺中市","石岡區","120.770","24.280","30"
"1300","286486","20221104125000","835","3","臺中市","石岡區","120.775","24.275","1351"
"157","286489","20221104125000","418","0","臺中市","石岡區","120.795","24.270","155"
"156","286497","20221104125000","107","2","臺中市","石岡區","120.775","24.255","150"
"23","286500","20221104125000","17","2","臺中市","石岡區","120.775","24.260","26"
"92","286510","20221104125000","167","0","臺中市","石岡區","120.770","24.275","24"
"226","286511","20221104125000","125","3","臺中市","新社區","120.795","24.245","207"
"16","286515","20221104125000","83","0","臺中市","石岡區","120.790","24.255","22"
"71","286517","20221104125000","259","0","臺中市","石岡區","120.785","24.260","63"
"576","286522","20221104125000","509","1","臺中市","潭子區","120.695","24.230","517"
"71","286525","20221104125000","547","0","臺中市","神岡區","120.695","24.235","75"
"777","286526","20221104125000","338","3","臺中市","神岡區","120.690","24.240","832"
"135","286528","20221104125000","416","0","臺中市","豐原區","120.740","24.265","134"
"3447","286530","20221104125000","3131","1","臺中市","清水區","120.570","24.265","3414"
"490","286531","20221104125000","406","2","臺中市","清水區","120.570","24.270","549"
"761","286535","20221104125000","453","3","臺中市","清水區","120.630","24.275","732"
"196","286541","20221104125000","106","3","臺中市","清水區","120.565","24.275","184"
"591","286544","20221104125000","422","2","臺中市","西屯區","120.640","24.190","562"
"22","286545","20221104125000","18","2","臺中市","西屯區","120.635","24.195","21"
"426","286547","20221104125000","433","0","臺中市","西屯區","120.645","24.195","415"
"826","286549","20221104125000","585","2","臺中市","西屯區","120.645","24.200","804"
"111","286550","20221104125000","522","0","臺中市","西屯區","120.650","24.200","109"
"78","286551","20221104125000","84","0","臺中市","西屯區","120.650","24.205","90"
"88","286554","20221104125000","432","0","臺中市","神岡區","120.670","24.255","80"
"1472","286555","20221104125000","1026","2","臺中市","神岡區","120.675","24.255","1437"
"2039","286556","20221104125000","826","3","臺中市","神岡區","120.665","24.260","2020"
"15","286557","20221104125000","12","2","臺中市","神岡區","120.650","24.260","24"
"21","286558","20221104125000","115","0","臺中市","神岡區","120.655","24.265","17"
"303","286561","20221104125000","217","2","臺中市","神岡區","120.665","24.270","302"
"416","286563","20221104125000","161","3","臺中市","神岡區","120.665","24.275","353"
"196","286566","20221104125000","230","0","臺中市","神岡區","120.645","24.265","196"
"179","286569","20221104125000","190","0","臺中市","神岡區","120.650","24.270","167"
"658","286570","20221104125000","292","3","臺中市","神岡區","120.655","24.270","671"
"98","286572","20221104125000","512","0","臺中市","神岡區","120.650","24.275","102"
"789","286574","20221104125000","487","3","臺中市","神岡區","120.660","24.275","817"
"374","286598","20221104125000","131","3","臺中市","和平區","120.895","24.230","329"
"80","286652","20221104125000","74","1","臺中市","和平區","120.905","24.240","98"
"207","286658","20221104125000","190","1","臺中市","和平區","120.935","24.240","236"
"47","286685","20221104125000","47","1","臺中市","和平區","120.975","24.245","52"
"98","286690","20221104125000","114","0","臺中市","和平區","120.900","24.250","135"
"172","286794","20221104125000","151","1","臺中市","和平區","121.015","24.195","167"
"358","286822","20221104125000","234","3","臺中市","和平區","121.005","24.200","406"
"372","286823","20221104125000","318","1","臺中市","和平區","121.010","24.200","322"
"137","286853","20221104125000","108","2","臺中市","和平區","121.015","24.205","158"
"46","286950","20221104125000","46","1","臺中市","和平區","120.965","24.225","63"
"13","286952","20221104125000","19","0","臺中市","和平區","120.975","24.225","13"
"16","286996","20221104125000","19","0","臺中市","和平區","121.065","24.230","14"
"33","287004","20221104125000","26","2","臺中市","和平區","120.980","24.235","52"
"114","287119","20221104125000","192","0","臺中市","和平區","121.010","24.255","163"
"10","287154","20221104125000","23","0","臺中市","和平區","121.000","24.265","12"
"130","287173","20221104125000","78","3","臺中市","和平區","121.015","24.270","143"
"162","287561","20221104125000","195","0","臺中市","和平區","121.095","24.235","125"
"262","287678","20221104125000","176","2","臺中市","和平區","121.245","24.245","195"
"351","287725","20221104125000","132","3","臺中市","和平區","121.245","24.250","287"
"263","287726","20221104125000","165","3","臺中市","和平區","121.250","24.250","237"
"48","287756","20221104125000","31","3","臺中市","和平區","121.165","24.255","52"
"19","287766","20221104125000","36","0","臺中市","和平區","121.215","24.255","32"
"175","287770","20221104125000","165","1","臺中市","和平區","121.235","24.255","170"
"443","287774","20221104125000","242","3","臺中市","和平區","121.255","24.255","353"
"139","287776","20221104125000","181","0","臺中市","和平區","121.265","24.255","140"
"12","287809","20221104125000","15","0","臺中市","和平區","121.190","24.260","16"
"283","287823","20221104125000","366","0","臺中市","和平區","121.260","24.260","336"
"54","288103","20221104125000","33","3","臺中市","和平區","120.890","24.275","56"
"21","288133","20221104125000","21","1","臺中市","和平區","120.945","24.280","21"
"112","288159","20221104125000","38","3","臺中市","和平區","121.025","24.280","93"
"362","288160","20221104125000","388","0","臺中市","清水區","120.555","24.260","338"
"50","288161","20221104125000","419","0","臺中市","清水區","120.560","24.260","39"
"525","288163","20221104125000","585","0","臺中市","清水區","120.550","24.265","533"
"405","288166","20221104125000","1184","0","臺中市","清水區","120.565","24.265","463"
"861","288169","20221104125000","729","1","臺中市","清水區","120.560","24.275","812"
"223","288179","20221104125000","287","0","臺中市","清水區","120.605","24.275","216"
"413","288182","20221104125000","447","0","臺中市","清水區","120.600","24.275","366"
"109","288184","20221104125000","110","0","臺中市","清水區","120.610","24.275","100"
"424","288192","20221104125000","255","3","臺中市","潭子區","120.725","24.215","372"
"390","288194","20221104125000","378","1","臺中市","潭子區","120.735","24.215","425"
"393","288198","20221104125000","452","0","臺中市","潭子區","120.720","24.220","424"
"1053","288207","20221104125000","1105","0","臺中市","潭子區","120.680","24.205","1200"
"679","288209","20221104125000","507","2","臺中市","北屯區","120.690","24.205","765"
"169","288212","20221104125000","126","2","臺中市","潭子區","120.690","24.210","187"
"1374","288215","20221104125000","800","3","臺中市","潭子區","120.685","24.215","1312"
"1144","288216","20221104125000","1231","0","臺中市","潭子區","120.690","24.215","1056"
"266","288219","20221104125000","247","1","臺中市","潭子區","120.690","24.220","326"
"1990","288223","20221104125000","1651","2","臺中市","潭子區","120.710","24.230","2113"
"505","288224","20221104125000","352","2","臺中市","豐原區","120.715","24.230","758"
"1135","288225","20221104125000","979","1","臺中市","潭子區","120.705","24.230","1123"
"3176","288228","20221104125000","1512","3","臺中市","神岡區","120.660","24.260","3258"
"1043","288232","20221104125000","1084","0","臺中市","神岡區","120.700","24.265","1004"
"903","288240","20221104125000","953","0","臺中市","神岡區","120.710","24.255","921"
"718","288242","20221104125000","542","2","臺中市","神岡區","120.705","24.260","712"
"219","288243","20221104125000","824","0","臺中市","神岡區","120.710","24.260","185"
"850","288247","20221104125000","778","1","臺中市","神岡區","120.705","24.275","848"
"1091","288250","20221104125000","938","1","臺中市","神岡區","120.710","24.275","1102"
"113","288252","20221104125000","78","2","臺中市","西屯區","120.605","24.195","90"
"187","288253","20221104125000","133","2","臺中市","西屯區","120.610","24.195","102"
"184","288259","20221104125000","116","3","臺中市","西屯區","120.600","24.200","183"
"455","288260","20221104125000","353","2","臺中市","西屯區","120.605","24.200","481"
"113","288261","20221104125000","157","0","臺中市","西屯區","120.610","24.200","113"
"1185","288262","20221104125000","1387","0","臺中市","西屯區","120.615","24.200","1261"
"100","288264","20221104125000","413","0","臺中市","西屯區","120.625","24.200","88"
"636","288265","20221104125000","539","1","臺中市","西屯區","120.630","24.200","605"
"74","288267","20221104125000","84","0","臺中市","西屯區","120.595","24.205","78"
"714","288268","20221104125000","425","3","臺中市","西屯區","120.600","24.205","643"
"835","288269","20221104125000","990","0","臺中市","西屯區","120.605","24.205","932"
"600","288270","20221104125000","298","3","臺中市","西屯區","120.610","24.205","664"
"1749","288271","20221104125000","1760","0","臺中市","西屯區","120.615","24.205","1788"
"2218","288272","20221104125000","1724","2","臺中市","西屯區","120.620","24.205","2201"
"713","288276","20221104125000","704","1","臺中市","西屯區","120.605","24.210","1028"
"3281","288277","20221104125000","4426","0","臺中市","西屯區","120.610","24.210","5884"
"2408","288279","20221104125000","2323","1","臺中市","西屯區","120.610","24.190","2065"
"278","288281","20221104125000","154","3","臺中市","西屯區","120.625","24.190","219"
"124","288284","20221104125000","38","3","臺中市","西屯區","120.595","24.195","132"
"319","288287","20221104125000","160","3","臺中市","西屯區","120.655","24.190","301"
"815","288289","20221104125000","556","2","臺中市","西屯區","120.655","24.195","774"
"688","288290","20221104125000","667","1","臺中市","西屯區","120.660","24.195","733"
"813","288291","20221104125000","545","2","臺中市","西屯區","120.655","24.200","802"
"19","288293","20221104125000","17","1","臺中市","西屯區","120.655","24.205","21"
"268","288294","20221104125000","303","0","臺中市","西屯區","120.660","24.205","247"
"476","288298","20221104125000","360","2","臺中市","東勢區","120.850","24.240","462"
"199","288299","20221104125000","101","3","臺中市","東勢區","120.845","24.245","182"
"350","288302","20221104125000","440","0","臺中市","東勢區","120.825","24.260","381"
"931","288304","20221104125000","964","0","臺中市","東勢區","120.825","24.265","1017"
"58","288312","20221104125000","143","0","臺中市","東勢區","120.835","24.230","54"
"52","288317","20221104125000","325","0","臺中市","東勢區","120.840","24.235","52"
"142","288339","20221104125000","75","3","臺中市","東勢區","120.875","24.215","160"
"25","288351","20221104125000","100","0","臺中市","東勢區","120.895","24.220","22"
"23","288365","20221104125000","149","0","臺中市","東勢區","120.880","24.230","13"
"13","288382","20221104125000","100","0","臺中市","東勢區","120.865","24.240","16"
"1294","288395","20221104125000","699","3","臺中市","沙鹿區","120.560","24.230","1152"
"518","288396","20221104125000","688","0","臺中市","潭子區","120.710","24.235","579"
"270","288397","20221104125000","980","0","臺中市","豐原區","120.715","24.240","236"
"726","288401","20221104125000","797","0","臺中市","清水區","120.570","24.260","692"
"40","288402","20221104125000","130","0","臺中市","清水區","120.575","24.270","31"
"1695","288403","20221104125000","2324","0","臺中市","清水區","120.580","24.275","1632"
"241","288407","20221104125000","821","0","臺中市","潭子區","120.700","24.190","248"
"14","288428","20221104125000","18","0","花蓮縣","秀林鄉","121.710","24.235","14"
"139","288459","20221104125000","168","0","花蓮縣","秀林鄉","121.715","24.245","103"
"57","288610","20221104125000","33","3","花蓮縣","秀林鄉","121.740","24.260","50"
"89","288819","20221104125000","187","0","花蓮縣","秀林鄉","121.485","24.190","140"
"17","288993","20221104125000","25","0","花蓮縣","秀林鄉","121.480","24.205","32"
"19","289039","20221104125000","22","0","花蓮縣","秀林鄉","121.450","24.210","17"
"11","289656","20221104125000","24","0","花蓮縣","秀林鄉","121.685","24.215","16"
"11","289677","20221104125000","81","0","花蓮縣","秀林鄉","121.690","24.220","19"
"957","289851","20221104125000","1247","0","臺中市","大雅區","120.650","24.220","929"
"607","289852","20221104125000","868","0","臺中市","大雅區","120.655","24.220","169"
"534","289853","20221104125000","338","3","臺中市","大雅區","120.660","24.220","496"
"3086","289854","20221104125000","2144","2","臺中市","大雅區","120.655","24.225","2902"
"16","289855","20221104125000","123","0","臺中市","大雅區","120.660","24.225","17"
"1143","289860","20221104125000","1052","1","臺中市","大雅區","120.635","24.235","1106"
"1040","289863","20221104125000","881","1","臺中市","大雅區","120.630","24.240","1066"
"266","289868","20221104125000","230","1","臺中市","大雅區","120.635","24.245","246"
"1340","289875","20221104125000","973","2","臺中市","大雅區","120.645","24.230","1360"
"847","289879","20221104125000","651","2","臺中市","大雅區","120.655","24.230","815"
"702","289882","20221104125000","313","3","臺中市","大雅區","120.655","24.235","765"
"393","289884","20221104125000","191","3","臺中市","大雅區","120.645","24.240","400"
"1588","289886","20221104125000","715","3","臺中市","大雅區","120.655","24.240","1508"
"448","289893","20221104125000","432","1","臺中市","豐原區","120.735","24.260","571"
"924","289895","20221104125000","431","3","臺中市","豐原區","120.750","24.265","896"
"114","289907","20221104125000","106","1","臺中市","新社區","120.815","24.240","111"
"95","289909","20221104125000","714","0","臺中市","豐原區","120.720","24.245","90"
"1722","289910","20221104125000","1570","1","臺中市","豐原區","120.725","24.245","1707"
"493","289912","20221104125000","441","1","臺中市","大雅區","120.670","24.225","524"
"463","289916","20221104125000","963","0","臺中市","大雅區","120.650","24.230","456"
"73","289918","20221104125000","473","0","臺中市","大雅區","120.645","24.210","71"
"1444","289919","20221104125000","1377","1","臺中市","大雅區","120.650","24.210","1390"
"759","289920","20221104125000","768","0","臺中市","大雅區","120.650","24.215","919"
"215","289921","20221104125000","1213","0","臺中市","大雅區","120.660","24.230","235"
"315","289922","20221104125000","359","0","臺中市","大雅區","120.665","24.230","304"
"1251","289923","20221104125000","1199","1","臺中市","大雅區","120.670","24.230","1213"
"347","289927","20221104125000","619","0","臺中市","大雅區","120.675","24.240","339"
"1434","289928","20221104125000","906","3","臺中市","東勢區","120.830","24.250","1440"
"468","289929","20221104125000","400","1","臺中市","東勢區","120.835","24.250","477"
"491","289937","20221104125000","532","0","臺中市","石岡區","120.785","24.275","509"
"895","289944","20221104125000","468","3","臺中市","石岡區","120.815","24.260","912"
"90","289946","20221104125000","235","0","臺中市","石岡區","120.805","24.265","82"
"53","289955","20221104125000","206","0","臺中市","石岡區","120.795","24.275","48"
"759","289964","20221104125000","466","3","臺中市","龍井區","120.480","24.210","779"
"954","289976","20221104125000","471","3","臺中市","龍井區","120.485","24.220","987"
"505","289982","20221104125000","449","1","臺中市","龍井區","120.490","24.225","498"
"1005","289983","20221104125000","682","2","臺中市","龍井區","120.495","24.225","930"
"121","289992","20221104125000","176","0","臺中市","龍井區","120.490","24.230","169"
"65","289993","20221104125000","394","0","臺中市","龍井區","120.495","24.230","61"
"368","289996","20221104125000","472","0","臺中市","沙鹿區","120.580","24.210","378"
"129","289999","20221104125000","585","0","臺中市","沙鹿區","120.575","24.215","102"
"462","290000","20221104125000","516","0","臺中市","沙鹿區","120.580","24.215","439"
"375","290001","20221104125000","383","0","臺中市","沙鹿區","120.585","24.215","335"
"760","290004","20221104125000","656","1","臺中市","沙鹿區","120.570","24.220","773"
"261","290005","20221104125000","183","2","臺中市","沙鹿區","120.575","24.220","286"
"39","290008","20221104125000","31","2","臺中市","東勢區","120.840","24.190","41"
"52","290010","20221104125000","87","0","臺中市","東勢區","120.835","24.195","81"
"359","290015","20221104125000","208","3","臺中市","東勢區","120.840","24.200","324"
"213","290025","20221104125000","164","2","臺中市","東勢區","120.840","24.210","225"
"27","290037","20221104125000","298","0","臺中市","東勢區","120.850","24.195","26"
"854","290046","20221104125000","698","2","臺中市","龍井區","120.545","24.190","841"
"127","290051","20221104125000","110","1","臺中市","潭子區","120.695","24.195","113"
"1957","290052","20221104125000","1349","2","臺中市","潭子區","120.700","24.195","1875"
"38","290107","20221104125000","26","2","南投縣","仁愛鄉","121.305","24.205","17"
"11","290125","20221104125000","36","0","南投縣","仁愛鄉","121.310","24.210","11"
"31","290171","20221104125000","19","3","南投縣","仁愛鄉","121.290","24.225","27"
"146","290182","20221104125000","106","2","南投縣","仁愛鄉","121.260","24.230","110"
"29","290191","20221104125000","18","3","南投縣","仁愛鄉","121.305","24.230","18"
"124","290292","20221104125000","117","1","南投縣","仁愛鄉","121.220","24.190","147"
"185","290293","20221104125000","124","2","南投縣","仁愛鄉","121.225","24.190","221"
"51","296900","20221104125000","76","0","宜蘭縣","南澳鄉","121.750","24.320","52"
"295","296924","20221104125000","167","3","宜蘭縣","南澳鄉","121.745","24.330","248"
"27","296929","20221104125000","42","0","宜蘭縣","南澳鄉","121.770","24.330","36"
"29","296946","20221104125000","26","1","宜蘭縣","南澳鄉","121.770","24.335","147"
"35","296987","20221104125000","54","0","宜蘭縣","南澳鄉","121.775","24.345","101"
"469","297399","20221104125000","390","2","臺中市","清水區","120.580","24.280","451"
"943","297407","20221104125000","1094","0","臺中市","外埔區","120.620","24.335","879"
"330","297413","20221104125000","290","1","臺中市","神岡區","120.650","24.280","341"
"738","297416","20221104125000","531","2","臺中市","神岡區","120.640","24.285","712"
"83","297422","20221104125000","38","3","臺中市","神岡區","120.640","24.290","85"
"522","297424","20221104125000","271","3","臺中市","神岡區","120.650","24.290","536"
"303","297433","20221104125000","2321","0","臺中市","大甲區","120.620","24.345","312"
"378","297434","20221104125000","279","2","臺中市","梧棲區(海)","120.510","24.280","333"
"127","297444","20221104125000","154","0","臺中市","清水區","120.620","24.285","196"
"131","297446","20221104125000","107","2","臺中市","大甲區","120.640","24.345","126"
"931","297450","20221104125000","1031","0","臺中市","大甲區","120.630","24.355","853"
"961","297453","20221104125000","705","2","臺中市","大甲區","120.645","24.355","1025"
"17","297456","20221104125000","13","2","臺中市","大甲區","120.645","24.360","14"
"202","297457","20221104125000","83","3","臺中市","大甲區","120.650","24.360","202"
"67","297458","20221104125000","483","0","臺中市","大甲區","120.640","24.365","55"
"130","297462","20221104125000","191","0","臺中市","東勢區","120.795","24.295","168"
"107","297485","20221104125000","110","0","臺中市","東勢區","120.785","24.310","123"
"339","297494","20221104125000","235","2","臺中市","東勢區","120.780","24.315","304"
"215","297510","20221104125000","186","1","臺中市","東勢區","120.870","24.280","245"
"128","297533","20221104125000","95","2","臺中市","清水區","120.560","24.310","112"
"25","297539","20221104125000","177","0","臺中市","清水區","120.555","24.305","16"
"44","297540","20221104125000","134","0","臺中市","清水區","120.550","24.310","41"
"349","297546","20221104125000","349","1","臺中市","清水區","120.560","24.320","329"
"47","297575","20221104125000","31","3","臺中市","清水區","120.540","24.300","43"
"234","297586","20221104125000","264","0","臺中市","清水區","120.545","24.305","196"
"219","297618","20221104125000","182","2","臺中市","后里區","120.665","24.305","175"
"577","297627","20221104125000","404","2","臺中市","后里區","120.680","24.310","550"
"800","297639","20221104125000","456","3","臺中市","后里區","120.725","24.285","684"
"36","297641","20221104125000","14","3","臺中市","后里區","120.735","24.285","30"
"221","297645","20221104125000","310","0","臺中市","后里區","120.725","24.290","229"
"1034","297646","20221104125000","668","3","臺中市","后里區","120.730","24.290","1056"
"282","297647","20221104125000","89","3","臺中市","后里區","120.735","24.290","282"
"393","297648","20221104125000","95","3","臺中市","后里區","120.740","24.290","323"
"832","297654","20221104125000","813","1","臺中市","后里區","120.730","24.295","798"
"33","297656","20221104125000","35","0","臺中市","后里區","120.740","24.295","35"
"158","297659","20221104125000","168","0","臺中市","后里區","120.755","24.295","127"
"46","297662","20221104125000","52","0","臺中市","后里區","120.725","24.300","35"
"55","297664","20221104125000","60","0","臺中市","后里區","120.735","24.300","66"
"683","297671","20221104125000","769","0","臺中市","后里區","120.725","24.305","647"
"51","297672","20221104125000","11","3","臺中市","后里區","120.735","24.305","59"
"517","297689","20221104125000","506","1","臺中市","大安區","120.585","24.365","497"
"2191","297697","20221104125000","1612","2","臺中市","大甲區","120.630","24.350","2138"
"36","297698","20221104125000","68","0","臺中市","大甲區","120.620","24.350","29"
"26","297701","20221104125000","21","2","苗栗縣","苑裡鎮","120.700","24.365","27"
"1231","297704","20221104125000","1019","2","臺中市","大甲區","120.625","24.350","1168"
"1742","297705","20221104125000","1443","2","臺中市","大甲區","120.620","24.355","1725"
"1763","297706","20221104125000","1750","1","臺中市","大甲區","120.615","24.345","1730"
"778","297725","20221104125000","779","0","臺中市","大甲區","120.635","24.370","818"
"285","297760","20221104125000","208","2","臺中市","清水區","120.605","24.305","291"
"697","297763","20221104125000","606","1","臺中市","清水區","120.605","24.310","798"
"303","297775","20221104125000","926","0","臺中市","后里區","120.710","24.305","203"
"366","297776","20221104125000","198","3","臺中市","后里區","120.700","24.310","323"
"253","297778","20221104125000","111","3","臺中市","后里區","120.735","24.310","233"
"32","297782","20221104125000","39","0","臺中市","后里區","120.755","24.310","27"
"557","297783","20221104125000","301","3","臺中市","后里區","120.740","24.315","487"
"152","297795","20221104125000","179","0","臺中市","后里區","120.735","24.325","131"
"412","297801","20221104125000","502","0","臺中市","后里區","120.740","24.330","419"
"773","297811","20221104125000","296","3","臺中市","后里區","120.725","24.340","698"
"254","297831","20221104125000","305","0","臺中市","外埔區","120.700","24.345","284"
"753","297868","20221104125000","679","1","臺中市","外埔區","120.645","24.320","742"
"592","297883","20221104125000","389","3","臺中市","外埔區","120.670","24.320","588"
"269","297885","20221104125000","206","2","臺中市","外埔區","120.680","24.320","223"
"589","297886","20221104125000","567","1","臺中市","外埔區","120.665","24.325","647"
"738","297921","20221104125000","443","3","臺中市","外埔區","120.650","24.330","805"
"1553","297922","20221104125000","1542","1","臺中市","外埔區","120.655","24.330","1584"
"2133","297926","20221104125000","1940","1","臺中市","外埔區","120.635","24.340","2206"
"296","297928","20221104125000","216","2","臺中市","外埔區","120.645","24.340","298"
"712","297941","20221104125000","459","3","臺中市","外埔區","120.625","24.320","795"
"442","297947","20221104125000","428","1","臺中市","外埔區","120.630","24.325","566"
"77","297954","20221104125000","58","2","臺中市","外埔區","120.635","24.330","88"
"233","297957","20221104125000","232","1","臺中市","外埔區","120.630","24.335","294"
"246","297959","20221104125000","245","1","臺中市","外埔區","120.685","24.325","254"
"43","297961","20221104125000","87","0","臺中市","外埔區","120.675","24.330","34"
"391","297967","20221104125000","309","2","臺中市","后里區","120.710","24.330","346"
"104","297988","20221104125000","400","0","臺中市","外埔區","120.665","24.340","124"
"353","297992","20221104125000","240","2","臺中市","外埔區","120.685","24.340","358"
"696","297995","20221104125000","744","0","臺中市","大安區","120.585","24.345","629"
"30","298020","20221104125000","24","2","臺中市","大安區","120.570","24.340","21"
"50","298024","20221104125000","58","0","臺中市","大安區","120.570","24.345","42"
"257","298036","20221104125000","227","1","臺中市","大安區","120.590","24.335","230"
"301","298040","20221104125000","415","0","臺中市","大安區","120.590","24.340","305"
"109","298043","20221104125000","460","0","臺中市","大安區","120.605","24.365","95"
"1617","298045","20221104125000","1332","2","臺中市","后里區","120.720","24.310","1683"
"578","298047","20221104125000","748","0","臺中市","后里區","120.720","24.320","702"
"144","298050","20221104125000","672","0","臺中市","后里區","120.725","24.315","147"
"443","298051","20221104125000","432","1","臺中市","后里區","120.730","24.315","386"
"5048","298052","20221104125000","3756","2","臺中市","后里區","120.725","24.320","5458"
"510","298053","20221104125000","611","0","臺中市","后里區","120.730","24.320","498"
"251","298054","20221104125000","266","0","臺中市","后里區","120.735","24.320","282"
"235","298056","20221104125000","217","1","臺中市","后里區","120.725","24.325","215"
"192","298059","20221104125000","567","0","臺中市","后里區","120.710","24.310","171"
"160","298060","20221104125000","205","0","臺中市","后里區","120.715","24.310","178"
"586","298062","20221104125000","226","3","臺中市","后里區","120.710","24.315","527"
"106","298066","20221104125000","86","2","臺中市","后里區","120.705","24.320","102"
"138","298069","20221104125000","394","0","臺中市","外埔區","120.695","24.325","183"
"825","298070","20221104125000","654","2","臺中市","后里區","120.700","24.325","1210"
"261","298074","20221104125000","450","0","臺中市","后里區","120.705","24.325","291"
"1083","298075","20221104125000","890","2","臺中市","后里區","120.710","24.325","982"
"392","298078","20221104125000","446","0","臺中市","后里區","120.705","24.330","412"
"46","298081","20221104125000","150","0","臺中市","后里區","120.745","24.325","44"
"111","298082","20221104125000","117","0","臺中市","后里區","120.750","24.325","121"
"122","298092","20221104125000","119","1","臺中市","后里區","120.680","24.315","120"
"33","298093","20221104125000","59","0","臺中市","后里區","120.685","24.315","48"
"441","298094","20221104125000","557","0","臺中市","后里區","120.690","24.315","491"
"710","298095","20221104125000","502","2","臺中市","后里區","120.695","24.315","742"
"334","298096","20221104125000","200","3","臺中市","外埔區","120.685","24.320","354"
"84","298098","20221104125000","451","0","臺中市","大安區","120.600","24.345","73"
"58","298100","20221104125000","459","0","臺中市","大安區","120.600","24.350","60"
"164","298108","20221104125000","125","2","臺中市","大甲區","120.680","24.365","171"
"330","298116","20221104125000","276","1","臺中市","大甲區","120.675","24.370","349"
"572","298125","20221104125000","854","0","臺中市","大甲區","120.625","24.340","712"
"359","298126","20221104125000","600","0","臺中市","大甲區","120.630","24.340","342"
"161","298128","20221104125000","136","1","臺中市","大甲區","120.620","24.340","176"
"2418","298129","20221104125000","2878","0","臺中市","大甲區","120.625","24.345","2343"
"212","298135","20221104125000","236","0","臺中市","后里區","120.715","24.295","230"
"1401","298141","20221104125000","1402","0","臺中市","后里區","120.715","24.305","1294"
"334","298142","20221104125000","383","0","臺中市","后里區","120.720","24.305","308"
"150","298151","20221104125000","470","0","臺中市","清水區","120.610","24.290","151"
"222","298155","20221104125000","133","3","臺中市","清水區","120.610","24.295","211"
"1791","298159","20221104125000","1283","2","臺中市","大甲區","120.615","24.350","1770"
"588","298177","20221104125000","473","2","臺中市","大甲區","120.605","24.325","601"
"146","298178","20221104125000","282","0","臺中市","大甲區","120.595","24.330","158"
"1934","298182","20221104125000","1133","3","臺中市","后里區","120.725","24.310","1782"
"52","298183","20221104125000","120","0","臺中市","后里區","120.730","24.305","86"
"214","298184","20221104125000","364","0","臺中市","后里區","120.730","24.310","205"
"75","298185","20221104125000","32","3","臺中市","后里區","120.735","24.315","65"
"354","298202","20221104125000","186","3","臺中市","后里區","120.700","24.285","321"
"48","298208","20221104125000","308","0","臺中市","后里區","120.675","24.290","43"
"465","298213","20221104125000","355","2","臺中市","后里區","120.700","24.290","463"
"32","298360","20221104125000","40","0","臺中市","和平區","121.280","24.305","23"
"424","298427","20221104125000","362","1","臺中市","和平區","121.295","24.315","422"
"74","298504","20221104125000","79","0","臺中市","和平區","121.310","24.325","80"
"195","298630","20221104125000","159","2","臺中市","和平區","121.310","24.335","192"
"106","298631","20221104125000","102","1","臺中市","和平區","121.315","24.335","82"
"18","298632","20221104125000","31","0","臺中市","和平區","121.320","24.335","25"
"68","298723","20221104125000","59","1","臺中市","和平區","121.310","24.345","104"
"215","298770","20221104125000","146","2","臺中市","和平區","121.310","24.350","220"
"15","298772","20221104125000","49","0","臺中市","和平區","121.320","24.350","15"
"79","298818","20221104125000","90","0","臺中市","和平區","121.315","24.355","113"
"68","298866","20221104125000","53","2","臺中市","和平區","121.315","24.360","37"
"16","298968","20221104125000","22","0","臺中市","和平區","121.340","24.370","16"
"18","299078","20221104125000","22","0","臺中市","和平區","121.265","24.285","25"
"14","299174","20221104125000","13","1","臺中市","和平區","121.275","24.295","11"
"114","299584","20221104125000","107","1","臺中市","和平區","120.905","24.290","116"
"63","299602","20221104125000","60","1","臺中市","和平區","120.930","24.295","64"
"102","299659","20221104125000","57","3","臺中市","和平區","120.940","24.300","98"
"25","299678","20221104125000","10","3","臺中市","和平區","120.925","24.305","22"
"114","299703","20221104125000","91","2","臺中市","和平區","120.940","24.310","96"
"13","299748","20221104125000","11","1","臺中市","和平區","120.965","24.320","11"
"67","299761","20221104125000","42","3","臺中市","和平區","120.930","24.325","56"
"141","299779","20221104125000","96","2","臺中市","和平區","120.925","24.325","126"
"205","299781","20221104125000","234","0","臺中市","和平區","120.935","24.325","230"
"31","299796","20221104125000","20","3","臺中市","和平區","120.920","24.330","29"
"568","299822","20221104125000","713","0","臺中市","清水區","120.565","24.290","570"
"45","299823","20221104125000","319","0","臺中市","清水區","120.560","24.295","43"
"304","299826","20221104125000","309","0","臺中市","清水區","120.600","24.280","342"
"54","299828","20221104125000","34","3","臺中市","清水區","120.610","24.280","68"
"391","299830","20221104125000","280","2","臺中市","清水區","120.600","24.285","395"
"436","299831","20221104125000","491","0","臺中市","清水區","120.575","24.285","466"
"404","299835","20221104125000","420","0","臺中市","清水區","120.575","24.300","393"
"90","299845","20221104125000","91","0","臺中市","東勢區","120.790","24.285","89"
"393","299852","20221104125000","224","3","臺中市","東勢區","120.795","24.285","363"
"15","299869","20221104125000","186","0","臺中市","東勢區","120.810","24.300","16"
"318","299873","20221104125000","266","1","臺中市","清水區","120.555","24.280","311"
"227","299884","20221104125000","1018","0","臺中市","清水區","120.540","24.285","253"
"118","299886","20221104125000","1118","0","臺中市","清水區","120.525","24.290","111"
"28","299888","20221104125000","16","3","臺中市","清水區","120.535","24.290","34"
"251","299892","20221104125000","214","1","臺中市","清水區","120.520","24.295","248"
"844","299901","20221104125000","635","2","臺中市","清水區","120.630","24.290","872"
"162","299913","20221104125000","106","3","臺中市","清水區","120.630","24.300","155"
"103","299923","20221104125000","116","0","臺中市","清水區","120.580","24.290","98"
"636","299926","20221104125000","424","3","臺中市","清水區","120.590","24.295","607"
"24","300010","20221104125000","19","2","花蓮縣","秀林鄉","121.745","24.280","24"
"79","300134","20221104125000","22","3","花蓮縣","秀林鄉","121.755","24.290","22"
"308","300263","20221104125000","188","3","花蓮縣","秀林鄉","121.755","24.300","270"
"432","300401","20221104125000","344","2","花蓮縣","秀林鄉","121.750","24.310","435"
"181","300404","20221104125000","110","3","花蓮縣","秀林鄉","121.765","24.310","154"
"33","300405","20221104125000","29","1","花蓮縣","秀林鄉","121.765","24.305","37"
"13","300719","20221104125000","26","0","花蓮縣","秀林鄉","121.675","24.335","12"
"31","300877","20221104125000","135","0","苗栗縣","三義鄉","120.740","24.365","43"
"27","300914","20221104125000","115","0","苗栗縣","三義鄉","120.765","24.340","24"
"73","300918","20221104125000","66","1","苗栗縣","三義鄉","120.750","24.345","91"
"63","300926","20221104125000","228","0","苗栗縣","三義鄉","120.745","24.350","75"
"82","300932","20221104125000","506","0","苗栗縣","三義鄉","120.735","24.355","64"
"173","300935","20221104125000","76","3","苗栗縣","三義鄉","120.750","24.355","198"
"26","300937","20221104125000","117","0","苗栗縣","三義鄉","120.760","24.355","24"
"29","300943","20221104125000","118","0","苗栗縣","三義鄉","120.770","24.355","22"
"156","300949","20221104125000","178","0","苗栗縣","三義鄉","120.780","24.360","187"
"19","300965","20221104125000","81","0","苗栗縣","三義鄉","120.795","24.370","14"
"212","300971","20221104125000","190","1","苗栗縣","卓蘭鎮","120.835","24.300","239"
"17","300972","20221104125000","16","1","苗栗縣","卓蘭鎮","120.830","24.305","17"
"33","300982","20221104125000","25","2","苗栗縣","卓蘭鎮","120.845","24.310","32"
"37","301006","20221104125000","161","0","臺中市","東勢區","120.805","24.280","42"
"27","301007","20221104125000","238","0","臺中市","東勢區","120.810","24.280","31"
"526","301021","20221104125000","499","1","苗栗縣","卓蘭鎮","120.830","24.310","631"
"575","301030","20221104125000","235","3","苗栗縣","卓蘭鎮","120.845","24.320","302"
"42","301060","20221104125000","223","0","苗栗縣","卓蘭鎮","120.810","24.330","32"
"489","301079","20221104125000","482","1","苗栗縣","卓蘭鎮","120.785","24.330","439"
"304","301082","20221104125000","571","0","苗栗縣","卓蘭鎮","120.825","24.330","360"
"57","301093","20221104125000","78","0","苗栗縣","卓蘭鎮","120.805","24.335","73"
"113","301097","20221104125000","42","3","苗栗縣","卓蘭鎮","120.825","24.335","100"
"15","301117","20221104125000","13","1","苗栗縣","苑裡鎮","120.700","24.370","15"
"28","301176","20221104125000","43","0","臺中市","和平區","121.040","24.295","32"
"18","301578","20221104125000","71","0","苗栗縣","泰安鄉","120.945","24.360","17"
"88","301582","20221104125000","61","2","苗栗縣","泰安鄉","120.965","24.360","84"
"143","301609","20221104125000","84","3","苗栗縣","泰安鄉","120.960","24.370","148"
"24","301626","20221104125000","162","0","苗栗縣","卓蘭鎮","120.845","24.295","30"
"77","301629","20221104125000","110","0","苗栗縣","卓蘭鎮","120.860","24.295","95"
"13","301632","20221104125000","12","1","苗栗縣","卓蘭鎮","120.875","24.295","18"
"140","301639","20221104125000","57","3","苗栗縣","卓蘭鎮","120.840","24.300","134"
"87","301640","20221104125000","66","2","苗栗縣","卓蘭鎮","120.845","24.300","87"
"60","301669","20221104125000","48","2","苗栗縣","卓蘭鎮","120.880","24.315","64"
"141","301723","20221104125000","163","0","苗栗縣","卓蘭鎮","120.850","24.340","161"
"224","301727","20221104125000","107","3","苗栗縣","卓蘭鎮","120.870","24.340","205"
"82","301752","20221104125000","111","0","苗栗縣","卓蘭鎮","120.825","24.305","96"
"862","301756","20221104125000","652","2","苗栗縣","卓蘭鎮","120.820","24.315","821"
"1032","301757","20221104125000","824","2","苗栗縣","卓蘭鎮","120.825","24.315","1003"
"25","301775","20221104125000","80","0","苗栗縣","卓蘭鎮","120.855","24.355","20"
"48","301787","20221104125000","32","3","苗栗縣","大湖鄉","120.870","24.360","72"
"39","301810","20221104125000","165","0","苗栗縣","大湖鄉","120.825","24.345","27"
"14","301816","20221104125000","11","2","苗栗縣","大湖鄉","120.800","24.350","14"
"60","301882","20221104125000","106","0","苗栗縣","大湖鄉","120.875","24.365","86"
"12","307890","20221104125000","41","0","宜蘭縣","南澳鄉","121.780","24.365","16"
"18","307940","20221104125000","33","0","宜蘭縣","南澳鄉","121.790","24.400","24"
"15","307967","20221104125000","14","1","宜蘭縣","南澳鄉","121.790","24.415","14"
"17","308048","20221104125000","22","0","宜蘭縣","南澳鄉","121.765","24.440","23"
"140","308051","20221104125000","22","3","宜蘭縣","南澳鄉","121.780","24.440","79"
"15","308125","20221104125000","39","0","宜蘭縣","南澳鄉","121.775","24.450","49"
"147","308964","20221104125000","149","0","宜蘭縣","南澳鄉","121.750","24.425","149"
"86","309298","20221104125000","163","0","宜蘭縣","大同鄉","121.355","24.395","91"
"370","309501","20221104125000","328","1","宜蘭縣","大同鄉","121.380","24.435","341"
"95","309740","20221104125000","83","1","宜蘭縣","蘇澳鎮","121.805","24.445","100"
"168","309750","20221104125000","248","0","宜蘭縣","蘇澳鎮","121.790","24.455","216"
"411","309853","20221104125000","460","0","臺中市","大甲區","120.640","24.410","486"
"162","309860","20221104125000","735","0","臺中市","大甲區","120.630","24.415","101"
"272","309867","20221104125000","297","0","臺中市","大甲區","120.635","24.390","304"
"253","309881","20221104125000","638","0","臺中市","大甲區","120.635","24.410","239"
"497","309883","20221104125000","503","0","臺中市","大甲區","120.640","24.415","456"
"22","309891","20221104125000","318","0","臺中市","大安區","120.600","24.370","28"
"376","309899","20221104125000","407","0","臺中市","大安區","120.605","24.385","373"
"260","309910","20221104125000","277","0","臺中市","大安區","120.600","24.395","239"
"76","309925","20221104125000","571","0","臺中市","大甲區","120.670","24.380","64"
"39","309935","20221104125000","31","2","臺中市","大甲區","120.665","24.390","43"
"118","309937","20221104125000","1235","0","臺中市","大甲區","120.660","24.395","128"
"1753","309939","20221104125000","1184","2","苗栗縣","苑裡鎮","120.665","24.400","1751"
"496","309942","20221104125000","436","1","臺中市","大甲區","120.645","24.400","468"
"1712","309947","20221104125000","2011","0","臺中市","大甲區","120.650","24.405","1571"
"1924","309948","20221104125000","1698","1","臺中市","大甲區","120.655","24.405","1784"
"134","309960","20221104125000","213","0","臺中市","大安區","120.595","24.385","150"
"59","309972","20221104125000","281","0","臺中市","大安區","120.585","24.375","62"
"356","309973","20221104125000","364","0","臺中市","大安區","120.590","24.375","344"
"28","309975","20221104125000","23","2","臺中市","大安區","120.585","24.380","31"
"75","309977","20221104125000","57","2","臺中市","大安區","120.610","24.375","77"
"797","309986","20221104125000","356","3","臺中市","大甲區","120.660","24.370","796"
"1139","310004","20221104125000","1751","0","臺中市","大甲區","120.655","24.380","1146"
"76","310009","20221104125000","982","0","臺中市","大甲區","120.650","24.390","86"
"415","310033","20221104125000","360","1","臺中市","大甲區","120.615","24.415","334"
"24","310149","20221104125000","31","0","臺中市","和平區","121.305","24.380","35"
"34","310150","20221104125000","37","0","臺中市","和平區","121.310","24.380","44"
"71","310180","20221104125000","63","1","臺中市","和平區","121.300","24.385","76"
"29","310235","20221104125000","47","0","臺中市","和平區","121.305","24.395","58"
"61","310389","20221104125000","109","0","苗栗縣","三義鄉","120.775","24.385","67"
"272","310390","20221104125000","461","0","苗栗縣","三義鄉","120.780","24.385","254"
"326","310395","20221104125000","441","0","苗栗縣","三義鄉","120.750","24.395","364"
"442","310396","20221104125000","465","0","苗栗縣","三義鄉","120.755","24.395","404"
"23","310399","20221104125000","24","0","苗栗縣","三義鄉","120.770","24.395","30"
"2118","310412","20221104125000","1859","1","苗栗縣","三義鄉","120.760","24.405","2245"
"572","310415","20221104125000","803","0","苗栗縣","三義鄉","120.765","24.410","797"
"779","310419","20221104125000","1008","0","苗栗縣","三義鄉","120.770","24.415","717"
"651","310423","20221104125000","572","1","苗栗縣","三義鄉","120.745","24.370","559"
"51","310429","20221104125000","50","1","苗栗縣","三義鄉","120.770","24.370","54"
"50","310433","20221104125000","487","0","苗栗縣","三義鄉","120.750","24.375","48"
"370","310441","20221104125000","420","0","苗栗縣","三義鄉","120.750","24.380","360"
"621","310450","20221104125000","268","3","苗栗縣","三義鄉","120.755","24.385","652"
"56","310451","20221104125000","225","0","苗栗縣","三義鄉","120.760","24.385","55"
"521","310456","20221104125000","447","1","苗栗縣","三義鄉","120.755","24.390","526"
"133","310458","20221104125000","130","1","苗栗縣","三義鄉","120.760","24.390","172"
"55","310469","20221104125000","74","0","苗栗縣","三義鄉","120.780","24.375","97"
"489","310489","20221104125000","589","0","苗栗縣","三義鄉","120.775","24.420","496"
"152","310506","20221104125000","243","0","苗栗縣","三義鄉","120.770","24.435","159"
"68","310521","20221104125000","69","0","苗栗縣","三義鄉","120.805","24.385","65"
"82","310527","20221104125000","100","0","苗栗縣","三義鄉","120.795","24.390","64"
"15","310531","20221104125000","20","0","苗栗縣","三義鄉","120.780","24.395","13"
"38","310542","20221104125000","33","1","苗栗縣","三義鄉","120.775","24.405","87"
"194","310551","20221104125000","229","0","苗栗縣","三義鄉","120.790","24.410","202"
"34","310552","20221104125000","44","0","苗栗縣","三義鄉","120.795","24.410","40"
"202","310580","20221104125000","176","1","苗栗縣","公館鄉","120.860","24.460","206"
"23","310595","20221104125000","18","2","苗栗縣","苑裡鎮","120.660","24.430","25"
"476","310596","20221104125000","461","1","苗栗縣","苑裡鎮","120.665","24.430","451"
"42","310601","20221104125000","233","0","苗栗縣","苑裡鎮","120.710","24.375","40"
"65","310623","20221104125000","79","0","苗栗縣","苑裡鎮","120.695","24.400","68"
"422","310636","20221104125000","402","1","苗栗縣","苑裡鎮","120.660","24.440","384"
"66","310637","20221104125000","56","1","苗栗縣","苑裡鎮","120.655","24.445","73"
"19","310639","20221104125000","17","1","苗栗縣","苑裡鎮","120.665","24.445","26"
"54","310640","20221104125000","18","3","苗栗縣","通霄鎮","120.660","24.450","58"
"599","310644","20221104125000","638","0","苗栗縣","苑裡鎮","120.655","24.450","774"
"56","310647","20221104125000","59","0","苗栗縣","通霄鎮","120.660","24.455","68"
"23","310648","20221104125000","14","3","苗栗縣","苑裡鎮","120.650","24.460","30"
"26","310656","20221104125000","238","0","苗栗縣","三義鄉","120.745","24.395","38"
"37","310670","20221104125000","222","0","苗栗縣","苑裡鎮","120.715","24.410","56"
"92","310685","20221104125000","53","3","苗栗縣","苑裡鎮","120.710","24.420","82"
"43","310688","20221104125000","38","1","苗栗縣","苑裡鎮","120.660","24.435","47"
"215","310695","20221104125000","238","0","苗栗縣","苑裡鎮","120.670","24.405","303"
"266","310698","20221104125000","179","2","苗栗縣","苑裡鎮","120.690","24.410","258"
"175","310699","20221104125000","77","3","苗栗縣","苑裡鎮","120.690","24.415","163"
"52","310721","20221104125000","421","0","苗栗縣","苑裡鎮","120.645","24.435","61"
"176","310722","20221104125000","110","3","苗栗縣","苑裡鎮","120.650","24.435","206"
"448","310727","20221104125000","333","2","苗栗縣","苑裡鎮","120.635","24.445","373"
"19","310728","20221104125000","22","0","苗栗縣","苑裡鎮","120.655","24.410","25"
"20","310729","20221104125000","12","3","苗栗縣","苑裡鎮","120.650","24.415","17"
"387","310730","20221104125000","364","1","苗栗縣","苑裡鎮","120.655","24.415","372"
"367","310737","20221104125000","349","1","苗栗縣","苑裡鎮","120.650","24.425","347"
"293","310752","20221104125000","219","2","苗栗縣","苑裡鎮","120.700","24.435","303"
"53","310755","20221104125000","43","2","苗栗縣","苑裡鎮","120.680","24.440","39"
"238","310758","20221104125000","202","1","苗栗縣","苑裡鎮","120.700","24.385","257"
"238","310763","20221104125000","213","1","苗栗縣","苑裡鎮","120.695","24.395","250"
"18","310764","20221104125000","10","3","苗栗縣","苑裡鎮","120.685","24.400","18"
"39","310766","20221104125000","13","3","苗栗縣","苑裡鎮","120.685","24.405","46"
"1035","310776","20221104125000","881","1","苗栗縣","大湖鄉","120.870","24.425","988"
"49","310779","20221104125000","37","2","苗栗縣","大湖鄉","120.885","24.425","33"
"315","310796","20221104125000","254","2","苗栗縣","大湖鄉","120.865","24.400","298"
"38","310800","20221104125000","38","1","苗栗縣","大湖鄉","120.855","24.405","49"
"24","310825","20221104125000","197","0","苗栗縣","大湖鄉","120.900","24.410","27"
"245","310860","20221104125000","99","3","苗栗縣","大湖鄉","120.870","24.405","320"
"21","310881","20221104125000","262","0","苗栗縣","大湖鄉","120.860","24.420","24"
"20","310888","20221104125000","146","0","苗栗縣","苑裡鎮","120.695","24.370","15"
"661","310894","20221104125000","850","0","苗栗縣","苑裡鎮","120.655","24.440","642"
"22","310899","20221104125000","23","0","苗栗縣","苑裡鎮","120.690","24.375","18"
"1176","310905","20221104125000","1086","1","苗栗縣","苑裡鎮","120.680","24.385","1037"
"98","310911","20221104125000","97","1","苗栗縣","苑裡鎮","120.660","24.410","97"
"271","310914","20221104125000","117","3","苗栗縣","苑裡鎮","120.660","24.415","280"
"80","310926","20221104125000","28","3","苗栗縣","苑裡鎮","120.720","24.395","78"
"40","310927","20221104125000","176","0","苗栗縣","苑裡鎮","120.725","24.395","34"
"35","310930","20221104125000","12","3","苗栗縣","苑裡鎮","120.715","24.400","31"
"25","310938","20221104125000","43","0","苗栗縣","苑裡鎮","120.705","24.410","32"
"34","310941","20221104125000","53","0","苗栗縣","苑裡鎮","120.675","24.400","23"
"22","310942","20221104125000","19","1","苗栗縣","苑裡鎮","120.680","24.400","12"
"54","310943","20221104125000","332","0","苗栗縣","苑裡鎮","120.675","24.405","51"
"17","310949","20221104125000","141","0","苗栗縣","苑裡鎮","120.670","24.415","13"
"32","310953","20221104125000","14","3","苗栗縣","苑裡鎮","120.670","24.425","23"
"27","310959","20221104125000","15","3","苗栗縣","苑裡鎮","120.680","24.410","32"
"288","310964","20221104125000","1087","0","苗栗縣","苑裡鎮","120.685","24.415","289"
"202","310996","20221104125000","160","2","苗栗縣","銅鑼鄉","120.810","24.465","190"
"34","310999","20221104125000","153","0","苗栗縣","銅鑼鄉","120.755","24.445","22"
"61","311009","20221104125000","80","0","苗栗縣","銅鑼鄉","120.765","24.460","67"
"1204","311014","20221104125000","502","3","苗栗縣","銅鑼鄉","120.760","24.460","1111"
"153","311016","20221104125000","199","0","苗栗縣","銅鑼鄉","120.770","24.465","133"
"144","311031","20221104125000","66","3","苗栗縣","銅鑼鄉","120.810","24.405","115"
"175","311073","20221104125000","83","3","苗栗縣","銅鑼鄉","120.835","24.420","158"
"512","311108","20221104125000","210","3","苗栗縣","銅鑼鄉","120.780","24.450","426"
"550","311118","20221104125000","356","3","苗栗縣","銅鑼鄉","120.780","24.465","519"
"2067","311279","20221104125000","2139","0","苗栗縣","苑裡鎮","120.650","24.440","2033"
"320","311283","20221104125000","296","1","苗栗縣","苑裡鎮","120.650","24.450","309"
"102","311310","20221104125000","82","2","苗栗縣","泰安鄉","120.925","24.390","88"
"38","311446","20221104125000","28","2","苗栗縣","泰安鄉","120.980","24.445","28"
"157","311474","20221104125000","127","2","苗栗縣","泰安鄉","120.935","24.420","185"
"35","311478","20221104125000","214","0","苗栗縣","泰安鄉","120.925","24.420","49"
"24","311666","20221104125000","120","0","苗栗縣","泰安鄉","120.980","24.390","41"
"24","312076","20221104125000","52","0","苗栗縣","泰安鄉","121.015","24.425","86"
"30","312522","20221104125000","117","0","苗栗縣","泰安鄉","120.925","24.440","31"
"159","312590","20221104125000","113","2","苗栗縣","通霄鎮","120.735","24.410","135"
"186","312624","20221104125000","185","1","苗栗縣","通霄鎮","120.680","24.455","181"
"78","312636","20221104125000","69","1","苗栗縣","通霄鎮","120.690","24.465","85"
"11","312655","20221104125000","159","0","苗栗縣","通霄鎮","120.740","24.440","11"
"84","312656","20221104125000","132","0","苗栗縣","通霄鎮","120.745","24.440","129"
"134","312664","20221104125000","76","3","苗栗縣","通霄鎮","120.725","24.450","137"
"21","312666","20221104125000","14","3","苗栗縣","通霄鎮","120.735","24.450","13"
"85","312668","20221104125000","120","0","苗栗縣","通霄鎮","120.720","24.425","86"
"118","312670","20221104125000","229","0","苗栗縣","通霄鎮","120.720","24.430","105"
"264","312677","20221104125000","202","2","苗栗縣","通霄鎮","120.715","24.440","312"
"201","312691","20221104125000","229","0","苗栗縣","通霄鎮","120.700","24.455","173"
"46","312717","20221104125000","32","2","苗栗縣","通霄鎮","120.730","24.460","55"
"10","312741","20221104125000","10","1","苗栗縣","大湖鄉","120.850","24.430","10"
"126","312744","20221104125000","87","2","苗栗縣","大湖鄉","120.865","24.430","143"
"31","312752","20221104125000","261","0","苗栗縣","大湖鄉","120.865","24.435","29"
"223","312778","20221104125000","166","2","苗栗縣","大湖鄉","120.905","24.445","240"
"13","312782","20221104125000","89","0","苗栗縣","大湖鄉","120.880","24.450","13"
"314","312784","20221104125000","271","1","苗栗縣","大湖鄉","120.875","24.455","248"
"98","312785","20221104125000","984","0","苗栗縣","大湖鄉","120.865","24.420","87"
"241","312798","20221104125000","247","0","苗栗縣","大湖鄉","120.900","24.375","211"
"532","312833","20221104125000","399","2","苗栗縣","三義鄉","120.820","24.380","545"
"145","312851","20221104125000","113","2","苗栗縣","大湖鄉","120.865","24.375","141"
"85","312863","20221104125000","216","0","苗栗縣","大湖鄉","120.850","24.385","65"
"41","317431","20221104125000","101","0","宜蘭縣","蘇澳鎮","121.845","24.520","36"
"622","319889","20221104125000","462","2","宜蘭縣","南澳鄉","121.800","24.465","651"
"507","319890","20221104125000","508","0","宜蘭縣","蘇澳鎮","121.805","24.465","540"
"83","319894","20221104125000","77","1","宜蘭縣","南澳鄉","121.810","24.470","79"
"259","320020","20221104125000","140","3","宜蘭縣","蘇澳鎮","121.830","24.515","221"
"45","320043","20221104125000","45","1","宜蘭縣","南澳鄉","121.830","24.530","44"
"62","320054","20221104125000","75","0","宜蘭縣","南澳鄉","121.835","24.535","79"
"205","320197","20221104125000","149","2","宜蘭縣","南澳鄉","121.790","24.470","197"
"10","320298","20221104125000","23","0","宜蘭縣","南澳鄉","121.785","24.460","23"
"19","320310","20221104125000","11","3","宜蘭縣","南澳鄉","121.765","24.465","13"
"96","320807","20221104125000","73","2","宜蘭縣","大同鄉","121.430","24.485","107"
"159","320829","20221104125000","157","1","宜蘭縣","大同鄉","121.430","24.490","147"
"35","321164","20221104125000","153","0","宜蘭縣","南澳鄉","121.535","24.495","47"
"242","321192","20221104125000","305","0","宜蘭縣","大同鄉","121.530","24.500","235"
"27","321195","20221104125000","128","0","宜蘭縣","大同鄉","121.545","24.500","72"
"38","321219","20221104125000","125","0","宜蘭縣","大同鄉","121.530","24.505","107"
"94","321263","20221104125000","88","1","宜蘭縣","南澳鄉","121.610","24.505","173"
"20","321421","20221104125000","51","0","宜蘭縣","大同鄉","121.505","24.545","10"
"16","321422","20221104125000","19","0","宜蘭縣","大同鄉","121.510","24.545","25"
"81","321699","20221104125000","92","0","宜蘭縣","大同鄉","121.450","24.530","76"
"365","321823","20221104125000","285","2","宜蘭縣","蘇澳鎮","121.840","24.485","326"
"71","321846","20221104125000","61","1","宜蘭縣","蘇澳鎮","121.835","24.510","108"
"199","321850","20221104125000","154","2","宜蘭縣","蘇澳鎮","121.835","24.520","209"
"155","321880","20221104125000","107","2","宜蘭縣","蘇澳鎮","121.820","24.460","157"
"52","321882","20221104125000","86","0","宜蘭縣","蘇澳鎮","121.820","24.465","33"
"100","321898","20221104125000","84","1","宜蘭縣","蘇澳鎮","121.825","24.485","89"
"51","322586","20221104125000","72","0","新竹縣","五峰鄉","121.090","24.500","85"
"71","322590","20221104125000","104","0","新竹縣","五峰鄉","121.075","24.505","86"
"50","322609","20221104125000","128","0","新竹縣","五峰鄉","121.115","24.510","72"
"52","322716","20221104125000","104","0","新竹縣","五峰鄉","121.110","24.525","55"
"119","322717","20221104125000","70","3","新竹縣","五峰鄉","121.115","24.525","112"
"16","322744","20221104125000","28","0","新竹縣","五峰鄉","121.125","24.530","22"
"51","322792","20221104125000","135","0","新竹縣","五峰鄉","121.125","24.540","69"
"70","322897","20221104125000","49","2","新竹縣","五峰鄉","121.130","24.560","44"
"82","322913","20221104125000","318","0","苗栗縣","公館鄉","120.820","24.495","88"
"29","322918","20221104125000","201","0","苗栗縣","公館鄉","120.815","24.510","30"
"146","322920","20221104125000","218","0","苗栗縣","公館鄉","120.815","24.515","170"
"301","322921","20221104125000","310","0","苗栗縣","銅鑼鄉","120.810","24.515","316"
"198","322933","20221104125000","186","1","苗栗縣","公館鄉","120.835","24.510","208"
"26","322937","20221104125000","83","0","苗栗縣","公館鄉","120.835","24.520","133"
"291","322941","20221104125000","274","1","苗栗縣","公館鄉","120.835","24.530","269"
"12","322961","20221104125000","106","0","苗栗縣","公館鄉","120.850","24.530","12"
"73","322992","20221104125000","103","0","苗栗縣","公館鄉","120.890","24.540","75"
"146","323065","20221104125000","106","2","苗栗縣","公館鄉","120.835","24.500","136"
"110","323078","20221104125000","134","0","苗栗縣","公館鄉","120.835","24.545","134"
"836","323086","20221104125000","714","1","苗栗縣","公館鄉","120.825","24.510","851"
"86","323090","20221104125000","711","0","苗栗縣","公館鄉","120.820","24.515","91"
"172","323092","20221104125000","296","0","苗栗縣","公館鄉","120.825","24.520","178"
"89","323094","20221104125000","383","0","苗栗縣","公館鄉","120.825","24.465","92"
"177","323105","20221104125000","186","0","苗栗縣","公館鄉","120.835","24.465","148"
"51","323120","20221104125000","81","0","苗栗縣","公館鄉","120.855","24.475","96"
"402","323126","20221104125000","338","1","苗栗縣","公館鄉","120.825","24.475","423"
"319","323131","20221104125000","381","0","苗栗縣","公館鄉","120.820","24.480","375"
"43","323137","20221104125000","414","0","苗栗縣","公館鄉","120.830","24.485","47"
"498","323139","20221104125000","569","0","苗栗縣","公館鄉","120.825","24.500","436"
"571","323140","20221104125000","599","0","苗栗縣","公館鄉","120.825","24.505","581"
"967","323143","20221104125000","1090","0","苗栗縣","公館鄉","120.820","24.500","923"
"40","323150","20221104125000","247","0","苗栗縣","公館鄉","120.830","24.530","38"
"17","323152","20221104125000","172","0","苗栗縣","公館鄉","120.830","24.535","25"
"584","323159","20221104125000","471","2","苗栗縣","公館鄉","120.825","24.530","771"
"245","323161","20221104125000","157","3","苗栗縣","苗栗市","120.835","24.555","203"
"721","323164","20221104125000","1257","0","苗栗縣","苗栗市","120.820","24.560","783"
"23","323168","20221104125000","61","0","苗栗縣","通霄鎮","120.705","24.540","21"
"179","323174","20221104125000","237","0","苗栗縣","通霄鎮","120.700","24.550","176"
"186","323187","20221104125000","249","0","苗栗縣","通霄鎮","120.695","24.475","176"
"40","323189","20221104125000","360","0","苗栗縣","通霄鎮","120.685","24.480","41"
"146","323210","20221104125000","66","3","苗栗縣","通霄鎮","120.730","24.490","129"
"24","323218","20221104125000","67","0","苗栗縣","通霄鎮","120.740","24.495","22"
"22","323221","20221104125000","21","1","苗栗縣","通霄鎮","120.750","24.485","14"
"23","323223","20221104125000","16","2","苗栗縣","通霄鎮","120.760","24.485","22"
"84","323237","20221104125000","93","0","苗栗縣","通霄鎮","120.720","24.505","77"
"79","323242","20221104125000","70","1","苗栗縣","通霄鎮","120.740","24.505","77"
"90","323248","20221104125000","49","3","苗栗縣","通霄鎮","120.730","24.510","74"
"34","323299","20221104125000","36","0","苗栗縣","南庄鄉","120.960","24.520","32"
"10","323301","20221104125000","29","0","苗栗縣","南庄鄉","120.970","24.520","10"
"33","323333","20221104125000","101","0","苗栗縣","南庄鄉","120.965","24.535","40"
"16","323356","20221104125000","155","0","苗栗縣","南庄鄉","120.970","24.545","24"
"3200","323391","20221104125000","2443","2","苗栗縣","苗栗市","120.825","24.555","3190"
"27","323392","20221104125000","23","1","苗栗縣","苗栗市","120.820","24.540","20"
"672","323394","20221104125000","518","2","苗栗縣","苗栗市","120.825","24.545","675"
"111","323395","20221104125000","2067","0","苗栗縣","苗栗市","120.815","24.550","139"
"110","323396","20221104125000","102","1","苗栗縣","苗栗市","120.820","24.550","97"
"1843","323397","20221104125000","1826","1","苗栗縣","苗栗市","120.815","24.555","1736"
"452","323400","20221104125000","420","1","苗栗縣","苗栗市","120.820","24.555","495"
"486","323402","20221104125000","546","0","苗栗縣","苗栗市","120.830","24.555","579"
"508","323403","20221104125000","310","3","苗栗縣","苗栗市","120.825","24.565","505"
"14","323405","20221104125000","37","0","苗栗縣","苗栗市","120.790","24.525","23"
"297","323411","20221104125000","324","0","苗栗縣","苗栗市","120.785","24.535","299"
"244","323412","20221104125000","249","0","苗栗縣","苗栗市","120.790","24.535","259"
"206","323414","20221104125000","87","3","苗栗縣","苗栗市","120.800","24.535","223"
"62","323530","20221104125000","57","1","苗栗縣","南庄鄉","121.025","24.535","54"
"52","323545","20221104125000","58","0","苗栗縣","南庄鄉","121.030","24.540","70"
"62","323601","20221104125000","59","1","苗栗縣","頭屋鄉","120.855","24.555","60"
"24","323631","20221104125000","38","0","苗栗縣","頭屋鄉","120.870","24.560","32"
"17","323651","20221104125000","55","0","苗栗縣","通霄鎮","120.760","24.480","17"
"13","323656","20221104125000","10","2","苗栗縣","銅鑼鄉","120.765","24.490","13"
"134","323661","20221104125000","180","0","苗栗縣","銅鑼鄉","120.775","24.495","138"
"23","323663","20221104125000","39","0","苗栗縣","西湖鄉","120.770","24.500","29"
"11","323666","20221104125000","80","0","苗栗縣","銅鑼鄉","120.780","24.505","14"
"226","323674","20221104125000","247","0","苗栗縣","銅鑼鄉","120.790","24.470","205"
"682","323678","20221104125000","362","3","苗栗縣","銅鑼鄉","120.790","24.475","623"
"94","323679","20221104125000","102","0","苗栗縣","銅鑼鄉","120.795","24.475","94"
"397","323682","20221104125000","465","0","苗栗縣","銅鑼鄉","120.785","24.480","433"
"678","323683","20221104125000","664","1","苗栗縣","銅鑼鄉","120.790","24.480","721"
"267","323685","20221104125000","481","0","苗栗縣","銅鑼鄉","120.785","24.485","247"
"1454","323686","20221104125000","1237","1","苗栗縣","銅鑼鄉","120.785","24.490","1380"
"101","323691","20221104125000","103","0","苗栗縣","通霄鎮","120.725","24.520","93"
"20","323700","20221104125000","65","0","苗栗縣","通霄鎮","120.735","24.525","24"
"37","323727","20221104125000","92","0","苗栗縣","通霄鎮","120.675","24.485","31"
"1468","323728","20221104125000","825","3","苗栗縣","苗栗市","120.810","24.545","1482"
"78","323734","20221104125000","55","2","苗栗縣","西湖鄉","120.790","24.550","62"
"11","323736","20221104125000","32","0","苗栗縣","苗栗市","120.800","24.550","13"
"178","323738","20221104125000","183","0","苗栗縣","苗栗市","120.795","24.555","179"
"307","323740","20221104125000","247","2","苗栗縣","苗栗市","120.805","24.555","262"
"200","323743","20221104125000","214","0","苗栗縣","苗栗市","120.800","24.560","199"
"169","323744","20221104125000","270","0","苗栗縣","苗栗市","120.805","24.560","217"
"515","323747","20221104125000","432","1","苗栗縣","苗栗市","120.815","24.530","447"
"1069","323751","20221104125000","1286","0","苗栗縣","苗栗市","120.815","24.540","1070"
"179","323752","20221104125000","154","1","苗栗縣","苗栗市","120.805","24.545","178"
"34","323753","20221104125000","46","0","苗栗縣","苗栗市","120.805","24.550","41"
"86","323763","20221104125000","249","0","苗栗縣","西湖鄉","120.730","24.555","80"
"114","323770","20221104125000","146","0","苗栗縣","西湖鄉","120.745","24.555","116"
"102","323782","20221104125000","67","3","苗栗縣","西湖鄉","120.765","24.520","131"
"133","323800","20221104125000","144","0","苗栗縣","西湖鄉","120.785","24.525","182"
"70","323808","20221104125000","43","3","苗栗縣","西湖鄉","120.745","24.525","80"
"47","323810","20221104125000","61","0","苗栗縣","西湖鄉","120.740","24.530","48"
"30","323815","20221104125000","40","0","苗栗縣","西湖鄉","120.750","24.535","40"
"151","323828","20221104125000","123","2","苗栗縣","通霄鎮","120.680","24.500","194"
"204","323830","20221104125000","234","0","苗栗縣","通霄鎮","120.690","24.500","219"
"34","323838","20221104125000","34","1","苗栗縣","通霄鎮","120.690","24.510","42"
"182","323845","20221104125000","204","0","苗栗縣","通霄鎮","120.695","24.515","183"
"79","323854","20221104125000","94","0","苗栗縣","通霄鎮","120.695","24.530","61"
"253","323864","20221104125000","79","3","苗栗縣","通霄鎮","120.675","24.490","273"
"1996","323865","20221104125000","1778","1","苗栗縣","通霄鎮","120.680","24.490","1812"
"1280","323876","20221104125000","1069","1","苗栗縣","銅鑼鄉","120.800","24.490","1331"
"459","323879","20221104125000","554","0","苗栗縣","銅鑼鄉","120.800","24.495","417"
"185","323881","20221104125000","170","1","苗栗縣","銅鑼鄉","120.810","24.495","209"
"26","323884","20221104125000","161","0","苗栗縣","銅鑼鄉","120.805","24.500","22"
"27","323893","20221104125000","192","0","苗栗縣","銅鑼鄉","120.805","24.510","24"
"74","323896","20221104125000","82","0","苗栗縣","銅鑼鄉","120.810","24.520","72"
"467","323898","20221104125000","482","0","苗栗縣","銅鑼鄉","120.760","24.465","566"
"180","323899","20221104125000","196","0","苗栗縣","銅鑼鄉","120.765","24.465","172"
"12","323904","20221104125000","164","0","苗栗縣","銅鑼鄉","120.770","24.470","11"
"144","323913","20221104125000","194","0","苗栗縣","銅鑼鄉","120.790","24.485","134"
"767","323918","20221104125000","279","3","苗栗縣","銅鑼鄉","120.790","24.505","778"
"95","323920","20221104125000","61","3","苗栗縣","銅鑼鄉","120.785","24.510","123"
"425","323923","20221104125000","395","1","苗栗縣","西湖鄉","120.785","24.515","384"
"92","323948","20221104125000","74","2","苗栗縣","泰安鄉","120.950","24.465","110"
"86","323952","20221104125000","126","0","苗栗縣","泰安鄉","120.970","24.465","101"
"124","323970","20221104125000","106","1","苗栗縣","泰安鄉","120.945","24.470","119"
"74","323976","20221104125000","58","2","苗栗縣","泰安鄉","120.975","24.470","63"
"48","324020","20221104125000","46","1","苗栗縣","泰安鄉","120.965","24.480","42"
"20","324112","20221104125000","18","1","苗栗縣","獅潭鄉","120.910","24.505","21"
"21","324115","20221104125000","66","0","苗栗縣","獅潭鄉","120.925","24.505","12"
"70","324130","20221104125000","38","3","苗栗縣","獅潭鄉","120.910","24.510","62"
"14","324167","20221104125000","20","0","苗栗縣","獅潭鄉","120.935","24.515","10"
"11","324185","20221104125000","11","1","苗栗縣","獅潭鄉","120.930","24.530","11"
"479","324200","20221104125000","304","3","苗栗縣","獅潭鄉","120.920","24.540","478"
"170","324206","20221104125000","183","0","苗栗縣","獅潭鄉","120.950","24.540","150"
"124","324257","20221104125000","93","2","苗栗縣","獅潭鄉","120.935","24.555","112"
"65","324281","20221104125000","65","1","苗栗縣","獅潭鄉","120.910","24.465","62"
"18","324283","20221104125000","14","2","苗栗縣","獅潭鄉","120.870","24.470","15"
"60","324285","20221104125000","206","0","苗栗縣","獅潭鄉","120.880","24.470","71"
"31","324297","20221104125000","28","1","苗栗縣","獅潭鄉","120.915","24.475","50"
"85","324301","20221104125000","71","1","苗栗縣","獅潭鄉","120.900","24.485","102"
"49","324306","20221104125000","37","2","苗栗縣","獅潭鄉","120.900","24.490","45"
"73","324349","20221104125000","71","1","苗栗縣","泰安鄉","120.945","24.485","63"
"73","324615","20221104125000","71","1","苗栗縣","泰安鄉","121.070","24.495","58"
"14","324700","20221104125000","13","1","苗栗縣","通霄鎮","120.700","24.505","21"
"25","324701","20221104125000","15","3","苗栗縣","通霄鎮","120.705","24.505","19"
"77","324706","20221104125000","93","0","苗栗縣","通霄鎮","120.715","24.510","83"
"83","324721","20221104125000","88","0","苗栗縣","西湖鄉","120.780","24.550","89"
"90","324736","20221104125000","64","2","苗栗縣","西湖鄉","120.755","24.495","108"
"15","324754","20221104125000","12","2","苗栗縣","西湖鄉","120.775","24.530","15"
"448","324766","20221104125000","409","1","苗栗縣","西湖鄉","120.785","24.540","458"
"35","324767","20221104125000","40","0","苗栗縣","西湖鄉","120.755","24.545","34"
"81","324782","20221104125000","66","2","苗栗縣","通霄鎮","120.680","24.465","171"
"335","324784","20221104125000","405","0","苗栗縣","通霄鎮","120.665","24.470","364"
"146","324791","20221104125000","854","0","苗栗縣","通霄鎮","120.675","24.475","151"
"348","324812","20221104125000","411","0","苗栗縣","通霄鎮","120.710","24.555","322"
"11","324828","20221104125000","17","0","苗栗縣","通霄鎮","120.700","24.500","11"
"50","324833","20221104125000","269","0","苗栗縣","通霄鎮","120.710","24.505","60"
"44","324850","20221104125000","38","1","苗栗縣","通霄鎮","120.715","24.480","52"
"59","324851","20221104125000","41","2","苗栗縣","通霄鎮","120.720","24.480","45"
"182","324858","20221104125000","162","1","苗栗縣","通霄鎮","120.720","24.465","175"
"141","324872","20221104125000","92","3","苗栗縣","通霄鎮","120.685","24.485","149"
"72","324877","20221104125000","611","0","苗栗縣","通霄鎮","120.690","24.495","57"
"47","324879","20221104125000","259","0","苗栗縣","通霄鎮","120.695","24.500","52"
"129","328071","20221104125000","102","2","宜蘭縣","蘇澳鎮","121.860","24.600","96"
"155","328073","20221104125000","256","0","宜蘭縣","蘇澳鎮","121.870","24.600","148"
"453","328074","20221104125000","387","1","宜蘭縣","蘇澳鎮","121.880","24.600","419"
"72","328390","20221104125000","63","1","宜蘭縣","蘇澳鎮","121.880","24.605","28"
"273","331880","20221104125000","259","1","宜蘭縣","冬山鄉","121.750","24.645","270"
"16","332040","20221104125000","23","0","宜蘭縣","南澳鄉","121.750","24.605","15"
"1975","332115","20221104125000","1631","2","宜蘭縣","蘇澳鎮","121.865","24.580","2170"
"310","332120","20221104125000","168","3","宜蘭縣","冬山鄉","121.815","24.630","322"
"853","332122","20221104125000","796","1","宜蘭縣","冬山鄉","121.810","24.630","800"
"831","332124","20221104125000","364","3","宜蘭縣","冬山鄉","121.820","24.630","835"
"475","332146","20221104125000","289","3","宜蘭縣","冬山鄉","121.710","24.635","310"
"431","332186","20221104125000","384","1","宜蘭縣","冬山鄉","121.770","24.630","433"
"284","332216","20221104125000","550","0","宜蘭縣","冬山鄉","121.785","24.625","312"
"140","332233","20221104125000","304","0","宜蘭縣","冬山鄉","121.730","24.650","201"
"266","332244","20221104125000","219","2","宜蘭縣","冬山鄉","121.805","24.625","284"
"10","332272","20221104125000","17","0","宜蘭縣","大同鄉","121.500","24.555","22"
"38","332340","20221104125000","60","0","宜蘭縣","大同鄉","121.495","24.570","59"
"120","332362","20221104125000","92","2","宜蘭縣","大同鄉","121.480","24.575","93"
"66","332385","20221104125000","90","0","宜蘭縣","大同鄉","121.495","24.580","102"
"23","332698","20221104125000","41","0","宜蘭縣","大同鄉","121.685","24.610","15"
"155","332699","20221104125000","112","2","宜蘭縣","大同鄉","121.690","24.610","174"
"20","332745","20221104125000","107","0","宜蘭縣","大同鄉","121.685","24.625","20"
"117","332848","20221104125000","179","0","宜蘭縣","大同鄉","121.635","24.615","162"
"14","332886","20221104125000","12","1","宜蘭縣","大同鄉","121.590","24.630","23"
"54","332889","20221104125000","134","0","宜蘭縣","大同鄉","121.605","24.630","82"
"26","332899","20221104125000","18","2","宜蘭縣","三星鄉","121.605","24.635","32"
"122","332902","20221104125000","117","1","宜蘭縣","大同鄉","121.560","24.640","96"
"127","333040","20221104125000","163","0","宜蘭縣","大同鄉","121.530","24.595","126"
"50","333196","20221104125000","56","0","宜蘭縣","大同鄉","121.525","24.610","49"
"81","333282","20221104125000","93","0","宜蘭縣","大同鄉","121.525","24.630","110"
"12","333283","20221104125000","22","0","宜蘭縣","大同鄉","121.530","24.630","13"
"12","333448","20221104125000","185","0","宜蘭縣","蘇澳鎮","121.865","24.575","12"
"287","333450","20221104125000","482","0","宜蘭縣","蘇澳鎮","121.870","24.580","300"
"609","333451","20221104125000","637","0","宜蘭縣","蘇澳鎮","121.875","24.580","591"
"1223","333457","20221104125000","890","2","宜蘭縣","蘇澳鎮","121.855","24.595","1252"
"149","333458","20221104125000","113","2","宜蘭縣","蘇澳鎮","121.875","24.600","115"
"17","333460","20221104125000","16","1","宜蘭縣","蘇澳鎮","121.860","24.605","17"
"98","333462","20221104125000","35","3","宜蘭縣","蘇澳鎮","121.870","24.605","60"
"12","333463","20221104125000","54","0","宜蘭縣","蘇澳鎮","121.875","24.605","18"
"399","333474","20221104125000","357","1","宜蘭縣","蘇澳鎮","121.835","24.590","424"
"795","333478","20221104125000","893","0","宜蘭縣","蘇澳鎮","121.835","24.595","862"
"284","333479","20221104125000","469","0","宜蘭縣","蘇澳鎮","121.840","24.595","281"
"183","333488","20221104125000","134","2","宜蘭縣","蘇澳鎮","121.835","24.605","176"
"97","333492","20221104125000","41","3","宜蘭縣","蘇澳鎮","121.830","24.610","108"
"973","333495","20221104125000","884","1","宜蘭縣","蘇澳鎮","121.830","24.615","985"
"1378","333504","20221104125000","1119","2","宜蘭縣","五結鄉","121.835","24.650","1393"
"268","333511","20221104125000","199","2","宜蘭縣","冬山鄉","121.795","24.640","240"
"24","333515","20221104125000","28","0","宜蘭縣","冬山鄉","121.780","24.650","32"
"215","333516","20221104125000","109","3","宜蘭縣","冬山鄉","121.785","24.650","221"
"576","333519","20221104125000","527","1","宜蘭縣","蘇澳鎮","121.835","24.620","573"
"1175","333520","20221104125000","1019","1","宜蘭縣","蘇澳鎮","121.840","24.620","1171"
"93","333521","20221104125000","81","1","宜蘭縣","蘇澳鎮","121.845","24.620","83"
"390","333522","20221104125000","373","1","宜蘭縣","蘇澳鎮","121.835","24.625","403"
"84","333545","20221104125000","96","0","宜蘭縣","蘇澳鎮","121.845","24.565","81"
"104","333557","20221104125000","97","1","宜蘭縣","蘇澳鎮","121.840","24.575","91"
"42","333558","20221104125000","39","1","宜蘭縣","蘇澳鎮","121.845","24.575","40"
"228","333564","20221104125000","410","0","宜蘭縣","蘇澳鎮","121.855","24.605","221"
"94","333566","20221104125000","109","0","宜蘭縣","蘇澳鎮","121.850","24.610","94"
"593","333569","20221104125000","551","1","宜蘭縣","蘇澳鎮","121.850","24.615","655"
"552","333653","20221104125000","556","0","宜蘭縣","三星鄉","121.615","24.650","551"
"421","333661","20221104125000","401","1","宜蘭縣","冬山鄉","121.805","24.640","400"
"154","333695","20221104125000","133","1","宜蘭縣","蘇澳鎮","121.850","24.575","203"
"39","333704","20221104125000","30","2","宜蘭縣","蘇澳鎮","121.845","24.580","52"
"33","333737","20221104125000","342","0","宜蘭縣","蘇澳鎮","121.815","24.610","16"
"217","333739","20221104125000","389","0","宜蘭縣","蘇澳鎮","121.815","24.615","247"
"1006","333742","20221104125000","789","2","宜蘭縣","蘇澳鎮","121.815","24.620","1017"
"763","333751","20221104125000","697","1","宜蘭縣","冬山鄉","121.765","24.650","781"
"155","333753","20221104125000","278","0","宜蘭縣","冬山鄉","121.795","24.630","179"
"533","333754","20221104125000","534","0","宜蘭縣","冬山鄉","121.800","24.630","550"
"43","333764","20221104125000","57","0","宜蘭縣","冬山鄉","121.725","24.625","50"
"41","333769","20221104125000","91","0","宜蘭縣","冬山鄉","121.750","24.625","75"
"28","333770","20221104125000","37","0","宜蘭縣","冬山鄉","121.760","24.625","35"
"23","333774","20221104125000","82","0","宜蘭縣","冬山鄉","121.740","24.630","25"
"396","333781","20221104125000","289","2","宜蘭縣","冬山鄉","121.750","24.635","400"
"142","333789","20221104125000","122","1","宜蘭縣","冬山鄉","121.765","24.640","146"
"57","333791","20221104125000","66","0","宜蘭縣","冬山鄉","121.760","24.645","55"
"949","333802","20221104125000","824","1","宜蘭縣","冬山鄉","121.790","24.635","958"
"1304","333804","20221104125000","996","2","宜蘭縣","冬山鄉","121.795","24.635","1317"
"42","333808","20221104125000","18","3","宜蘭縣","蘇澳鎮","121.845","24.635","26"
"1012","333809","20221104125000","583","3","宜蘭縣","蘇澳鎮","121.835","24.640","1116"
"122","333810","20221104125000","175","0","宜蘭縣","蘇澳鎮","121.840","24.640","111"
"1364","333814","20221104125000","1049","2","宜蘭縣","蘇澳鎮","121.830","24.630","1409"
"504","333818","20221104125000","384","2","宜蘭縣","蘇澳鎮","121.830","24.640","484"
"499","333821","20221104125000","498","1","宜蘭縣","蘇澳鎮","121.830","24.645","459"
"36","333893","20221104125000","23","3","新竹縣","北埔鄉","121.065","24.645","39"
"171","333899","20221104125000","149","1","新竹縣","竹東鎮","121.095","24.645","163"
"147","334213","20221104125000","114","2","新竹縣","尖石鄉","121.340","24.650","206"
"116","334309","20221104125000","152","0","新竹縣","尖石鄉","121.310","24.570","143"
"15","334343","20221104125000","30","0","新竹縣","尖石鄉","121.335","24.575","15"
"70","334366","20221104125000","58","2","新竹縣","尖石鄉","121.305","24.580","67"
"69","334372","20221104125000","55","2","新竹縣","尖石鄉","121.335","24.580","104"
"37","334487","20221104125000","59","0","新竹縣","尖石鄉","121.290","24.605","32"
"211","334532","20221104125000","213","0","新竹縣","尖石鄉","121.295","24.610","193"
"120","334547","20221104125000","93","2","新竹縣","尖石鄉","121.285","24.615","80"
"124","334623","20221104125000","37","3","新竹縣","尖石鄉","121.275","24.640","109"
"121","334698","20221104125000","104","1","新竹縣","峨眉鄉","121.025","24.655","76"
"135","334725","20221104125000","180","0","宜蘭縣","蘇澳鎮","121.850","24.590","138"
"921","334726","20221104125000","993","0","宜蘭縣","蘇澳鎮","121.845","24.595","946"
"28","334737","20221104125000","73","0","新竹縣","五峰鄉","121.090","24.605","49"
"86","334763","20221104125000","18","3","新竹縣","五峰鄉","121.105","24.615","100"
"52","334770","20221104125000","49","1","新竹縣","五峰鄉","121.085","24.625","36"
"200","334783","20221104125000","228","0","新竹縣","五峰鄉","121.120","24.630","206"
"407","334790","20221104125000","506","0","新竹縣","五峰鄉","121.100","24.640","418"
"39","334829","20221104125000","26","3","新竹縣","五峰鄉","121.090","24.565","46"
"19","334833","20221104125000","24","0","新竹縣","五峰鄉","121.110","24.565","15"
"20","334864","20221104125000","25","0","新竹縣","五峰鄉","121.085","24.580","37"
"157","334868","20221104125000","134","1","新竹縣","五峰鄉","121.105","24.580","138"
"18","334869","20221104125000","48","0","新竹縣","五峰鄉","121.110","24.580","14"
"67","334891","20221104125000","69","0","新竹縣","五峰鄉","121.115","24.590","81"
"86","334969","20221104125000","111","0","新竹縣","五峰鄉","121.125","24.590","81"
"49","335076","20221104125000","57","0","新竹縣","五峰鄉","121.155","24.610","58"
"73","335109","20221104125000","64","1","新竹縣","五峰鄉","121.110","24.620","77"
"20","335134","20221104125000","23","0","新竹縣","五峰鄉","121.145","24.625","38"
"59","335187","20221104125000","66","0","新竹縣","五峰鄉","121.150","24.645","75"
"129","335195","20221104125000","90","2","新竹縣","竹東鎮","121.125","24.650","108"
"44","335200","20221104125000","53","0","新竹縣","五峰鄉","121.150","24.650","49"
"82","335230","20221104125000","112","0","新竹縣","五峰鄉","121.180","24.655","85"
"126","335366","20221104125000","178","0","桃園市","復興區","121.400","24.640","220"
"40","335480","20221104125000","37","1","苗栗縣","三灣鄉","120.960","24.610","37"
"17","335488","20221104125000","74","0","苗栗縣","三灣鄉","120.950","24.615","14"
"159","335520","20221104125000","82","3","苗栗縣","三灣鄉","120.925","24.640","149"
"495","335553","20221104125000","320","3","苗栗縣","三灣鄉","121.005","24.645","411"
"210","335569","20221104125000","866","0","苗栗縣","三灣鄉","120.955","24.650","217"
"102","335581","20221104125000","50","3","苗栗縣","三灣鄉","120.945","24.655","86"
"132","335594","20221104125000","99","2","苗栗縣","三灣鄉","120.975","24.645","165"
"138","335619","20221104125000","118","1","苗栗縣","三灣鄉","120.905","24.625","160"
"278","335630","20221104125000","210","2","苗栗縣","後龍鎮","120.770","24.615","317"
"121","335632","20221104125000","80","3","苗栗縣","後龍鎮","120.765","24.620","133"
"890","335635","20221104125000","890","1","苗栗縣","後龍鎮","120.780","24.620","874"
"74","335639","20221104125000","731","0","苗栗縣","後龍鎮","120.780","24.625","71"
"283","335647","20221104125000","367","0","苗栗縣","苗栗市","120.830","24.560","266"
"593","335648","20221104125000","319","3","苗栗縣","苗栗市","120.835","24.560","666"
"599","335652","20221104125000","530","1","苗栗縣","苗栗市","120.825","24.585","633"
"343","335655","20221104125000","335","1","苗栗縣","苗栗市","120.815","24.595","376"
"499","335657","20221104125000","365","2","苗栗縣","苗栗市","120.825","24.595","518"
"653","335658","20221104125000","360","3","苗栗縣","苗栗市","120.825","24.575","684"
"441","335660","20221104125000","1036","0","苗栗縣","苗栗市","120.825","24.580","413"
"167","335662","20221104125000","169","0","苗栗縣","苗栗市","120.810","24.560","159"
"2775","335663","20221104125000","2628","1","苗栗縣","苗栗市","120.815","24.560","2536"
"15","335664","20221104125000","177","0","苗栗縣","苗栗市","120.805","24.565","15"
"291","335666","20221104125000","353","0","苗栗縣","通霄鎮","120.715","24.560","268"
"120","335669","20221104125000","67","3","苗栗縣","通霄鎮","120.715","24.565","108"
"62","335671","20221104125000","708","0","苗栗縣","通霄鎮","120.710","24.570","42"
"183","335675","20221104125000","226","0","苗栗縣","通霄鎮","120.710","24.565","203"
"167","335689","20221104125000","145","1","苗栗縣","南庄鄉","121.005","24.615","155"
"119","335701","20221104125000","97","2","苗栗縣","南庄鄉","121.010","24.635","139"
"2701","335706","20221104125000","2230","2","苗栗縣","苗栗市","120.820","24.565","2693"
"139","335707","20221104125000","1165","0","苗栗縣","苗栗市","120.820","24.570","163"
"718","335708","20221104125000","688","1","苗栗縣","苗栗市","120.820","24.575","679"
"22","335716","20221104125000","171","0","苗栗縣","後龍鎮","120.770","24.650","34"
"375","335717","20221104125000","353","1","苗栗縣","後龍鎮","120.775","24.650","405"
"42","335748","20221104125000","249","0","苗栗縣","南庄鄉","120.985","24.635","37"
"625","335753","20221104125000","473","2","苗栗縣","苗栗市","120.830","24.575","672"
"161","335754","20221104125000","102","3","苗栗縣","苗栗市","120.830","24.580","178"
"114","335762","20221104125000","1614","0","苗栗縣","苗栗市","120.830","24.570","134"
"786","335763","20221104125000","677","1","苗栗縣","苗栗市","120.835","24.570","781"
"94","335766","20221104125000","187","0","苗栗縣","苗栗市","120.840","24.575","85"
"23","335767","20221104125000","247","0","苗栗縣","苗栗市","120.835","24.580","26"
"48","335776","20221104125000","222","0","苗栗縣","頭屋鄉","120.845","24.595","49"
"44","335787","20221104125000","44","1","苗栗縣","頭屋鄉","120.860","24.570","57"
"37","335795","20221104125000","166","0","苗栗縣","頭屋鄉","120.855","24.580","39"
"123","335796","20221104125000","116","1","苗栗縣","頭屋鄉","120.860","24.580","131"
"54","335799","20221104125000","290","0","苗栗縣","頭屋鄉","120.875","24.580","51"
"103","335801","20221104125000","300","0","苗栗縣","頭屋鄉","120.850","24.570","109"
"19","335802","20221104125000","72","0","苗栗縣","頭屋鄉","120.855","24.570","16"
"274","335804","20221104125000","372","0","苗栗縣","頭屋鄉","120.850","24.575","256"
"134","335805","20221104125000","360","0","苗栗縣","頭屋鄉","120.855","24.575","130"
"126","335817","20221104125000","149","0","苗栗縣","後龍鎮","120.730","24.590","136"
"146","335832","20221104125000","167","0","苗栗縣","後龍鎮","120.735","24.605","189"
"17","335861","20221104125000","29","0","苗栗縣","南庄鄉","121.000","24.560","22"
"20","335881","20221104125000","114","0","苗栗縣","南庄鄉","120.985","24.570","25"
"15","335884","20221104125000","25","0","苗栗縣","南庄鄉","121.000","24.570","12"
"15","335915","20221104125000","184","0","苗栗縣","南庄鄉","120.995","24.585","21"
"26","335931","20221104125000","197","0","苗栗縣","南庄鄉","121.015","24.595","23"
"528","335948","20221104125000","429","2","苗栗縣","南庄鄉","120.955","24.640","516"
"961","335954","20221104125000","822","1","苗栗縣","南庄鄉","121.000","24.600","952"
"456","335959","20221104125000","467","0","苗栗縣","南庄鄉","121.000","24.605","454"
"184","336014","20221104125000","66","3","苗栗縣","南庄鄉","121.035","24.585","60"
"34","336050","20221104125000","95","0","苗栗縣","南庄鄉","121.040","24.600","32"
"419","336097","20221104125000","385","1","苗栗縣","南庄鄉","121.035","24.620","448"
"41","336103","20221104125000","41","1","苗栗縣","南庄鄉","121.020","24.620","42"
"100","336149","20221104125000","225","0","苗栗縣","頭屋鄉","120.890","24.585","134"
"304","336180","20221104125000","224","2","苗栗縣","頭屋鄉","120.885","24.600","290"
"35","336185","20221104125000","379","0","苗栗縣","頭屋鄉","120.845","24.560","32"
"31","336218","20221104125000","34","0","苗栗縣","頭屋鄉","120.895","24.570","55"
"36","336244","20221104125000","260","0","苗栗縣","頭份鎮","120.880","24.645","27"
"175","336248","20221104125000","178","0","苗栗縣","頭份鎮","120.880","24.650","157"
"395","336249","20221104125000","364","1","苗栗縣","頭份鎮","120.885","24.650","331"
"30","336255","20221104125000","15","3","苗栗縣","頭份鎮","120.895","24.650","11"
"860","336266","20221104125000","976","0","苗栗縣","後龍鎮","120.785","24.610","857"
"39","336275","20221104125000","20","3","苗栗縣","後龍鎮","120.825","24.615","47"
"483","336278","20221104125000","470","1","苗栗縣","後龍鎮","120.810","24.620","436"
"181","336282","20221104125000","218","0","苗栗縣","造橋鄉","120.815","24.625","182"
"1322","336283","20221104125000","1268","1","苗栗縣","苗栗市","120.810","24.565","1316"
"1441","336284","20221104125000","1048","2","苗栗縣","苗栗市","120.815","24.565","1481"
"139","336285","20221104125000","137","1","苗栗縣","苗栗市","120.805","24.570","145"
"46","336287","20221104125000","765","0","苗栗縣","苗栗市","120.815","24.570","45"
"70","336288","20221104125000","57","2","苗栗縣","苗栗市","120.810","24.575","74"
"523","336292","20221104125000","463","1","苗栗縣","苗栗市","120.810","24.585","482"
"406","336295","20221104125000","334","2","苗栗縣","苗栗市","120.810","24.590","388"
"30","336298","20221104125000","338","0","苗栗縣","苗栗市","120.810","24.595","44"
"21","336306","20221104125000","16","2","苗栗縣","苗栗市","120.790","24.570","21"
"16","336318","20221104125000","19","0","苗栗縣","苗栗市","120.795","24.580","22"
"16","336321","20221104125000","12","2","苗栗縣","苗栗市","120.785","24.585","10"
"28","336323","20221104125000","46","0","苗栗縣","苗栗市","120.795","24.585","26"
"464","336331","20221104125000","851","0","苗栗縣","苗栗市","120.825","24.570","484"
"25","336351","20221104125000","173","0","苗栗縣","後龍鎮","120.800","24.645","16"
"167","336352","20221104125000","448","0","苗栗縣","後龍鎮","120.805","24.645","161"
"145","336359","20221104125000","101","2","苗栗縣","後龍鎮","120.805","24.650","140"
"1967","336369","20221104125000","1560","2","苗栗縣","後龍鎮","120.790","24.610","1912"
"104","336376","20221104125000","320","0","苗栗縣","後龍鎮","120.810","24.610","88"
"287","336382","20221104125000","247","1","苗栗縣","後龍鎮","120.800","24.625","352"
"197","336386","20221104125000","149","2","苗栗縣","後龍鎮","120.800","24.630","190"
"43","336390","20221104125000","178","0","苗栗縣","後龍鎮","120.800","24.635","36"
"239","336395","20221104125000","223","1","苗栗縣","後龍鎮","120.825","24.605","235"
"130","336400","20221104125000","219","0","苗栗縣","後龍鎮","120.825","24.610","131"
"97","336426","20221104125000","303","0","苗栗縣","造橋鄉","120.890","24.620","100"
"260","336440","20221104125000","165","3","苗栗縣","造橋鄉","120.925","24.600","234"
"77","336466","20221104125000","50","3","苗栗縣","造橋鄉","120.910","24.620","76"
"93","336470","20221104125000","265","0","苗栗縣","造橋鄉","120.865","24.605","95"
"457","336492","20221104125000","85","3","苗栗縣","造橋鄉","120.855","24.620","403"
"11","336494","20221104125000","59","0","苗栗縣","造橋鄉","120.865","24.620","11"
"47","336501","20221104125000","262","0","苗栗縣","造橋鄉","120.865","24.630","44"
"51","336504","20221104125000","31","3","苗栗縣","造橋鄉","120.860","24.645","66"
"562","336511","20221104125000","253","3","苗栗縣","造橋鄉","120.860","24.655","670"
"147","336512","20221104125000","112","2","苗栗縣","造橋鄉","120.865","24.655","127"
"178","336520","20221104125000","132","2","苗栗縣","造橋鄉","120.850","24.645","176"
"253","336523","20221104125000","197","2","苗栗縣","造橋鄉","120.845","24.650","230"
"73","336526","20221104125000","347","0","苗栗縣","造橋鄉","120.840","24.650","84"
"67","336531","20221104125000","97","0","苗栗縣","造橋鄉","120.855","24.655","61"
"135","336542","20221104125000","174","0","苗栗縣","造橋鄉","120.840","24.610","129"
"23","336543","20221104125000","22","1","苗栗縣","造橋鄉","120.845","24.610","20"
"38","336546","20221104125000","45","0","苗栗縣","造橋鄉","120.840","24.615","69"
"17","336549","20221104125000","19","0","苗栗縣","造橋鄉","120.830","24.620","17"
"470","336556","20221104125000","315","2","苗栗縣","造橋鄉","120.840","24.625","507"
"169","336559","20221104125000","134","2","苗栗縣","造橋鄉","120.855","24.625","188"
"10","336561","20221104125000","38","0","苗栗縣","造橋鄉","120.855","24.630","10"
"121","336569","20221104125000","85","2","苗栗縣","造橋鄉","120.860","24.640","122"
"220","336572","20221104125000","223","0","苗栗縣","造橋鄉","120.875","24.640","240"
"179","336573","20221104125000","131","2","苗栗縣","造橋鄉","120.865","24.645","224"
"129","336574","20221104125000","160","0","苗栗縣","造橋鄉","120.870","24.645","121"
"118","336587","20221104125000","55","3","苗栗縣","造橋鄉","120.820","24.630","119"
"15","336594","20221104125000","13","1","苗栗縣","造橋鄉","120.835","24.635","17"
"17","336597","20221104125000","127","0","苗栗縣","造橋鄉","120.825","24.640","16"
"33","336604","20221104125000","17","3","苗栗縣","造橋鄉","120.840","24.645","53"
"33","336605","20221104125000","117","0","苗栗縣","造橋鄉","120.830","24.650","33"
"220","336610","20221104125000","103","3","苗栗縣","造橋鄉","120.840","24.655","312"
"15","336614","20221104125000","69","0","苗栗縣","獅潭鄉","120.940","24.560","13"
"74","336662","20221104125000","374","0","苗栗縣","獅潭鄉","120.940","24.590","62"
"195","336672","20221104125000","762","0","苗栗縣","頭份鎮","120.890","24.625","206"
"115","336679","20221104125000","160","0","苗栗縣","頭份鎮","120.885","24.635","160"
"151","336689","20221104125000","119","2","苗栗縣","頭份鎮","120.885","24.645","159"
"11","336694","20221104125000","17","0","苗栗縣","頭份鎮","120.905","24.650","19"
"49","336696","20221104125000","160","0","苗栗縣","後龍鎮","120.815","24.635","45"
"370","336716","20221104125000","421","0","苗栗縣","後龍鎮","120.765","24.590","296"
"116","336717","20221104125000","121","0","苗栗縣","後龍鎮","120.750","24.595","102"
"148","336734","20221104125000","126","1","苗栗縣","後龍鎮","120.760","24.635","123"
"42","336737","20221104125000","53","0","苗栗縣","後龍鎮","120.775","24.635","48"
"136","336741","20221104125000","128","1","苗栗縣","後龍鎮","120.770","24.640","160"
"686","336749","20221104125000","494","2","苗栗縣","後龍鎮","120.825","24.600","635"
"781","336751","20221104125000","316","3","苗栗縣","後龍鎮","120.815","24.605","756"
"30","336767","20221104125000","153","0","苗栗縣","後龍鎮","120.790","24.590","49"
"105","336777","20221104125000","521","0","苗栗縣","後龍鎮","120.780","24.600","95"
"13","336802","20221104125000","115","0","苗栗縣","後龍鎮","120.755","24.610","13"
"252","336816","20221104125000","654","0","苗栗縣","西湖鄉","120.755","24.560","240"
"423","336818","20221104125000","371","1","苗栗縣","西湖鄉","120.755","24.565","422"
"164","336840","20221104125000","203","0","苗栗縣","苗栗市","120.825","24.560","163"
"81","336841","20221104125000","712","0","苗栗縣","後龍鎮","120.790","24.615","87"
"339","336849","20221104125000","304","1","苗栗縣","後龍鎮","120.735","24.570","300"
"76","336867","20221104125000","81","0","苗栗縣","後龍鎮","120.725","24.590","77"
"23","336873","20221104125000","51","0","苗栗縣","後龍鎮","120.725","24.600","18"
"886","345384","20221104125000","735","2","宜蘭縣","員山鄉","121.730","24.730","930"
"473","345386","20221104125000","382","2","宜蘭縣","冬山鄉","121.750","24.655","486"
"947","345394","20221104125000","846","1","宜蘭縣","員山鄉","121.725","24.740","969"
"690","345398","20221104125000","581","1","宜蘭縣","員山鄉","121.725","24.745","647"
"281","345405","20221104125000","209","2","宜蘭縣","員山鄉","121.705","24.730","279"
"235","345413","20221104125000","130","3","宜蘭縣","員山鄉","121.715","24.735","223"
"285","345414","20221104125000","334","0","宜蘭縣","員山鄉","121.720","24.735","286"
"40","345418","20221104125000","394","0","宜蘭縣","宜蘭市","121.760","24.755","37"
"1746","345419","20221104125000","2090","0","宜蘭縣","宜蘭市","121.755","24.755","1791"
"209","345420","20221104125000","229","0","宜蘭縣","員山鄉","121.730","24.710","198"
"568","345431","20221104125000","478","1","宜蘭縣","宜蘭市","121.740","24.725","604"
"106","345442","20221104125000","95","1","宜蘭縣","員山鄉","121.630","24.690","117"
"12","345460","20221104125000","29","0","宜蘭縣","員山鄉","121.645","24.700","12"
"116","345472","20221104125000","102","1","宜蘭縣","員山鄉","121.645","24.705","115"
"97","345493","20221104125000","82","1","宜蘭縣","員山鄉","121.665","24.710","80"
"115","345545","20221104125000","116","0","宜蘭縣","員山鄉","121.680","24.715","85"
"532","345546","20221104125000","487","1","宜蘭縣","員山鄉","121.685","24.715","498"
"493","345550","20221104125000","380","2","宜蘭縣","員山鄉","121.685","24.720","464"
"1019","345564","20221104125000","702","2","宜蘭縣","冬山鄉","121.705","24.655","1008"
"337","345567","20221104125000","371","0","宜蘭縣","冬山鄉","121.745","24.670","375"
"24","345571","20221104125000","190","0","宜蘭縣","羅東鎮","121.750","24.685","30"
"31","345574","20221104125000","22","2","宜蘭縣","冬山鄉","121.730","24.660","18"
"405","345575","20221104125000","301","2","宜蘭縣","冬山鄉","121.735","24.660","380"
"469","345579","20221104125000","444","1","宜蘭縣","冬山鄉","121.745","24.665","404"
"742","345580","20221104125000","427","3","宜蘭縣","冬山鄉","121.750","24.670","693"
"329","345593","20221104125000","262","2","宜蘭縣","冬山鄉","121.735","24.680","342"
"177","345596","20221104125000","198","0","宜蘭縣","冬山鄉","121.730","24.685","181"
"353","345600","20221104125000","231","3","宜蘭縣","冬山鄉","121.740","24.690","390"
"47","345608","20221104125000","157","0","宜蘭縣","壯圍鄉","121.780","24.725","68"
"579","345621","20221104125000","386","3","宜蘭縣","宜蘭市","121.755","24.765","575"
"403","345623","20221104125000","434","0","宜蘭縣","三星鄉","121.685","24.700","446"
"231","345646","20221104125000","159","2","宜蘭縣","五結鄉","121.775","24.700","230"
"60","345649","20221104125000","170","0","宜蘭縣","五結鄉","121.790","24.700","71"
"237","345652","20221104125000","251","0","宜蘭縣","五結鄉","121.785","24.705","218"
"221","345678","20221104125000","330","0","宜蘭縣","三星鄉","121.675","24.685","233"
"227","345685","20221104125000","325","0","宜蘭縣","三星鄉","121.670","24.690","239"
"41","345695","20221104125000","180","0","宜蘭縣","三星鄉","121.685","24.695","52"
"307","345711","20221104125000","211","2","宜蘭縣","三星鄉","121.630","24.665","328"
"1142","345715","20221104125000","1168","0","宜蘭縣","宜蘭市","121.755","24.760","1104"
"421","345716","20221104125000","318","2","宜蘭縣","三星鄉","121.655","24.670","404"
"1594","345720","20221104125000","1422","1","宜蘭縣","三星鄉","121.650","24.665","1592"
"549","345726","20221104125000","802","0","宜蘭縣","壯圍鄉","121.815","24.760","599"
"194","345731","20221104125000","270","0","宜蘭縣","大同鄉","121.600","24.675","231"
"210","345738","20221104125000","204","1","宜蘭縣","大同鄉","121.610","24.680","213"
"109","345857","20221104125000","144","0","宜蘭縣","大同鄉","121.580","24.655","96"
"126","345897","20221104125000","126","1","宜蘭縣","大同鄉","121.590","24.665","149"
"19","345918","20221104125000","45","0","宜蘭縣","大同鄉","121.590","24.670","38"
"298","345998","20221104125000","287","1","宜蘭縣","宜蘭市","121.745","24.760","271"
"375","346004","20221104125000","392","0","宜蘭縣","壯圍鄉","121.820","24.725","373"
"437","346010","20221104125000","446","0","宜蘭縣","員山鄉","121.685","24.730","475"
"419","346029","20221104125000","241","3","宜蘭縣","員山鄉","121.705","24.710","425"
"139","346033","20221104125000","160","0","宜蘭縣","員山鄉","121.725","24.710","151"
"948","346041","20221104125000","818","1","宜蘭縣","員山鄉","121.720","24.725","954"
"253","346048","20221104125000","179","2","宜蘭縣","員山鄉","121.700","24.745","252"
"383","346057","20221104125000","123","3","宜蘭縣","員山鄉","121.700","24.755","194"
"14","346150","20221104125000","16","0","宜蘭縣","員山鄉","121.670","24.745","18"
"246","346153","20221104125000","219","1","宜蘭縣","員山鄉","121.685","24.745","287"
"11","346164","20221104125000","51","0","宜蘭縣","員山鄉","121.640","24.750","11"
"40","346184","20221104125000","98","0","宜蘭縣","員山鄉","121.640","24.755","60"
"130","346231","20221104125000","93","2","宜蘭縣","冬山鄉","121.790","24.655","115"
"407","346234","20221104125000","438","0","宜蘭縣","冬山鄉","121.805","24.655","379"
"882","346247","20221104125000","803","1","宜蘭縣","羅東鎮","121.775","24.685","909"
"191","346248","20221104125000","177","1","宜蘭縣","五結鄉","121.775","24.690","227"
"883","346251","20221104125000","762","1","宜蘭縣","五結鄉","121.770","24.695","870"
"373","346252","20221104125000","301","2","宜蘭縣","五結鄉","121.775","24.695","358"
"3589","346254","20221104125000","3584","1","宜蘭縣","羅東鎮","121.770","24.680","3475"
"32","346256","20221104125000","18","3","宜蘭縣","員山鄉","121.720","24.760","30"
"2689","346259","20221104125000","1877","2","宜蘭縣","五結鄉","121.770","24.705","2661"
"96","346261","20221104125000","674","0","宜蘭縣","五結鄉","121.785","24.685","92"
"1950","346263","20221104125000","1807","1","宜蘭縣","五結鄉","121.795","24.685","1916"
"924","346264","20221104125000","774","1","宜蘭縣","五結鄉","121.800","24.685","885"
"1376","346266","20221104125000","1300","1","宜蘭縣","五結鄉","121.795","24.690","1480"
"604","346267","20221104125000","549","1","宜蘭縣","五結鄉","121.795","24.695","647"
"871","346274","20221104125000","1070","0","宜蘭縣","五結鄉","121.820","24.665","836"
"523","346280","20221104125000","456","1","宜蘭縣","五結鄉","121.810","24.675","533"
"97","346281","20221104125000","91","1","宜蘭縣","五結鄉","121.815","24.675","112"
"323","346284","20221104125000","288","1","宜蘭縣","五結鄉","121.815","24.680","310"
"202","346286","20221104125000","141","2","宜蘭縣","五結鄉","121.800","24.680","204"
"39","346292","20221104125000","311","0","宜蘭縣","壯圍鄉","121.795","24.760","35"
"44","346357","20221104125000","12","3","宜蘭縣","壯圍鄉","121.815","24.740","44"
"215","346360","20221104125000","267","0","宜蘭縣","壯圍鄉","121.815","24.745","208"
"23","346378","20221104125000","24","0","宜蘭縣","壯圍鄉","121.805","24.765","22"
"2671","346379","20221104125000","2419","1","宜蘭縣","宜蘭市","121.750","24.750","2719"
"342","346389","20221104125000","308","1","宜蘭縣","五結鄉","121.810","24.700","333"
"144","346394","20221104125000","209","0","宜蘭縣","五結鄉","121.830","24.675","135"
"608","346399","20221104125000","841","0","宜蘭縣","五結鄉","121.825","24.680","630"
"46","346400","20221104125000","79","0","宜蘭縣","五結鄉","121.830","24.680","27"
"10","346401","20221104125000","20","0","宜蘭縣","五結鄉","121.835","24.680","13"
"37","346403","20221104125000","100","0","宜蘭縣","五結鄉","121.825","24.685","42"
"98","346410","20221104125000","38","3","宜蘭縣","五結鄉","121.835","24.655","90"
"628","346413","20221104125000","472","2","宜蘭縣","五結鄉","121.835","24.660","616"
"283","346416","20221104125000","269","1","宜蘭縣","五結鄉","121.835","24.665","288"
"608","346420","20221104125000","713","0","宜蘭縣","五結鄉","121.795","24.680","678"
"659","346421","20221104125000","485","2","宜蘭縣","五結鄉","121.800","24.675","630"
"823","346423","20221104125000","460","3","宜蘭縣","五結鄉","121.785","24.680","864"
"496","346429","20221104125000","342","2","宜蘭縣","冬山鄉","121.775","24.660","451"
"160","346430","20221104125000","261","0","宜蘭縣","冬山鄉","121.770","24.665","144"
"228","346431","20221104125000","528","0","宜蘭縣","宜蘭市","121.745","24.755","234"
"323","346436","20221104125000","538","0","宜蘭縣","宜蘭市","121.750","24.740","346"
"1677","346437","20221104125000","1320","2","宜蘭縣","宜蘭市","121.750","24.760","1599"
"216","346442","20221104125000","235","0","宜蘭縣","冬山鄉","121.780","24.660","206"
"376","346443","20221104125000","241","3","宜蘭縣","冬山鄉","121.785","24.660","352"
"117","346456","20221104125000","164","0","宜蘭縣","宜蘭市","121.770","24.720","124"
"803","346457","20221104125000","708","1","宜蘭縣","宜蘭市","121.760","24.720","801"
"125","346458","20221104125000","194","0","宜蘭縣","宜蘭市","121.765","24.720","134"
"151","346461","20221104125000","215","0","宜蘭縣","五結鄉","121.820","24.695","188"
"195","346470","20221104125000","163","1","宜蘭縣","五結鄉","121.810","24.705","190"
"423","346472","20221104125000","439","0","宜蘭縣","五結鄉","121.820","24.705","483"
"245","346534","20221104125000","291","0","宜蘭縣","三星鄉","121.680","24.665","261"
"218","346538","20221104125000","227","0","宜蘭縣","三星鄉","121.680","24.670","224"
"315","346540","20221104125000","369","0","宜蘭縣","宜蘭市","121.740","24.760","307"
"246","346545","20221104125000","633","0","宜蘭縣","員山鄉","121.710","24.750","210"
"310","346553","20221104125000","201","3","宜蘭縣","員山鄉","121.715","24.760","293"
"592","346555","20221104125000","433","2","宜蘭縣","羅東鎮","121.765","24.690","586"
"699","346556","20221104125000","789","0","宜蘭縣","五結鄉","121.770","24.690","662"
"182","346558","20221104125000","192","0","宜蘭縣","壯圍鄉","121.800","24.730","205"
"1434","346566","20221104125000","1309","1","宜蘭縣","壯圍鄉","121.785","24.745","1549"
"249","346572","20221104125000","331","0","宜蘭縣","三星鄉","121.690","24.680","298"
"29","346590","20221104125000","23","2","宜蘭縣","三星鄉","121.695","24.660","21"
"444","346599","20221104125000","422","1","宜蘭縣","三星鄉","121.700","24.665","474"
"415","346607","20221104125000","397","1","宜蘭縣","三星鄉","121.710","24.670","379"
"572","346608","20221104125000","427","2","宜蘭縣","三星鄉","121.715","24.670","527"
"255","346611","20221104125000","187","2","宜蘭縣","冬山鄉","121.730","24.670","276"
"20","346623","20221104125000","18","1","宜蘭縣","三星鄉","121.615","24.660","25"
"461","346626","20221104125000","573","0","宜蘭縣","員山鄉","121.725","24.765","465"
"1748","346628","20221104125000","4112","0","宜蘭縣","羅東鎮","121.770","24.675","1692"
"2203","346629","20221104125000","2657","0","宜蘭縣","羅東鎮","121.760","24.680","2186"
"2635","346630","20221104125000","2471","1","宜蘭縣","羅東鎮","121.760","24.675","2627"
"321","346634","20221104125000","244","2","宜蘭縣","宜蘭市","121.775","24.735","386"
"722","346635","20221104125000","695","1","宜蘭縣","宜蘭市","121.765","24.740","775"
"1097","346642","20221104125000","1230","0","宜蘭縣","宜蘭市","121.770","24.750","1092"
"43","346652","20221104125000","98","0","宜蘭縣","壯圍鄉","121.805","24.720","55"
"3641","346668","20221104125000","2690","2","宜蘭縣","宜蘭市","121.750","24.755","3566"
"546","346672","20221104125000","654","0","宜蘭縣","冬山鄉","121.770","24.655","562"
"747","346673","20221104125000","612","2","宜蘭縣","冬山鄉","121.755","24.660","767"
"314","346674","20221104125000","293","1","宜蘭縣","冬山鄉","121.760","24.660","317"
"459","346675","20221104125000","336","2","宜蘭縣","冬山鄉","121.765","24.660","472"
"1835","346678","20221104125000","1261","2","宜蘭縣","羅東鎮","121.780","24.675","1813"
"474","346684","20221104125000","519","0","宜蘭縣","宜蘭市","121.770","24.725","435"
"409","346685","20221104125000","454","0","宜蘭縣","宜蘭市","121.765","24.725","454"
"2769","346692","20221104125000","3105","0","宜蘭縣","宜蘭市","121.755","24.745","2794"
"364","346698","20221104125000","276","2","宜蘭縣","三星鄉","121.725","24.690","346"
"550","346702","20221104125000","486","1","宜蘭縣","三星鄉","121.730","24.695","491"
"417","346710","20221104125000","407","1","宜蘭縣","羅東鎮","121.755","24.670","433"
"753","346712","20221104125000","830","0","宜蘭縣","羅東鎮","121.765","24.670","802"
"621","346713","20221104125000","480","2","宜蘭縣","五結鄉","121.800","24.690","641"
"892","346714","20221104125000","762","1","宜蘭縣","五結鄉","121.800","24.695","901"
"436","346718","20221104125000","440","0","宜蘭縣","五結鄉","121.790","24.705","480"
"172","346731","20221104125000","221","0","宜蘭縣","三星鄉","121.745","24.700","175"
"1964","346739","20221104125000","1734","1","新竹縣","竹東鎮","121.100","24.720","1914"
"160","346747","20221104125000","240","0","新竹縣","竹東鎮","121.035","24.760","177"
"2117","346754","20221104125000","1546","2","新竹縣","竹東鎮","121.090","24.745","2090"
"22","346765","20221104125000","17","2","新竹縣","竹東鎮","121.105","24.665","20"
"653","346790","20221104125000","683","0","新竹市","香山區","120.955","24.750","654"
"65","346791","20221104125000","105","0","新竹市","香山區","120.940","24.755","60"
"169","346792","20221104125000","137","2","新竹市","香山區","120.945","24.755","159"
"1086","346793","20221104125000","1347","0","新竹市","香山區","120.950","24.755","1228"
"100","346794","20221104125000","80","2","新竹市","香山區","120.920","24.720","109"
"550","346797","20221104125000","473","1","新竹市","香山區","120.915","24.730","600"
"175","346804","20221104125000","155","1","新竹市","香山區","120.915","24.735","166"
"411","346806","20221104125000","605","0","新竹市","香山區","120.915","24.740","406"
"887","346812","20221104125000","649","2","新竹市","香山區","120.910","24.745","859"
"142","346817","20221104125000","199","0","新竹市","香山區","120.880","24.735","143"
"346","346825","20221104125000","438","0","新竹市","香山區","120.895","24.740","325"
"16","346835","20221104125000","53","0","新竹市","香山區","120.925","24.715","13"
"31","346841","20221104125000","77","0","新竹市","香山區","120.930","24.725","18"
"333","346860","20221104125000","236","2","新竹縣","關西鎮","121.210","24.760","350"
"124","346867","20221104125000","98","2","新竹縣","關西鎮","121.215","24.765","102"
"105","346868","20221104125000","81","2","新竹縣","關西鎮","121.220","24.765","118"
"89","346896","20221104125000","77","1","新竹縣","關西鎮","121.240","24.765","96"
"195","346907","20221104125000","148","2","新竹縣","關西鎮","121.230","24.770","233"
"15","346915","20221104125000","18","0","新竹縣","關西鎮","121.270","24.770","15"
"4390","346918","20221104125000","4334","1","新竹市","東區","121.020","24.760","4465"
"729","346919","20221104125000","344","3","新竹市","東區","121.025","24.760","708"
"2565","346920","20221104125000","2472","1","新竹市","東區","121.020","24.765","2504"
"3743","346921","20221104125000","3277","1","新竹市","東區","121.025","24.765","3940"
"31732","346922","20221104125000","17518","3","新竹市","東區","121.015","24.770","31836"
"5544","346923","20221104125000","6280","0","新竹市","東區","121.020","24.770","5559"
"4243","346924","20221104125000","3036","2","新竹市","東區","121.025","24.770","4286"
"80","346936","20221104125000","413","0","新竹縣","橫山鄉","121.100","24.710","67"
"388","346937","20221104125000","404","0","新竹縣","竹東鎮","121.100","24.715","391"
"598","346949","20221104125000","889","0","新竹縣","橫山鄉","121.180","24.705","664"
"261","346961","20221104125000","265","0","新竹縣","橫山鄉","121.165","24.710","255"
"380","346964","20221104125000","274","2","新竹縣","橫山鄉","121.150","24.715","362"
"19","346967","20221104125000","91","0","新竹縣","橫山鄉","121.165","24.715","17"
"468","347497","20221104125000","560","0","新竹市","東區","120.975","24.765","515"
"396","347498","20221104125000","248","3","新竹市","東區","120.980","24.765","369"
"317","347499","20221104125000","228","2","新竹市","東區","120.970","24.770","301"
"1138","347500","20221104125000","1014","1","新竹市","東區","120.975","24.770","1093"
"380","347505","20221104125000","288","2","新竹市","東區","120.965","24.765","429"
"454","347506","20221104125000","658","0","新竹市","東區","120.970","24.765","464"
"687","347508","20221104125000","801","0","新竹縣","竹東鎮","121.085","24.735","657"
"258","347515","20221104125000","327","0","新竹縣","竹東鎮","121.075","24.725","230"
"496","347520","20221104125000","455","1","新竹縣","竹東鎮","121.090","24.730","481"
"944","347521","20221104125000","845","1","新竹縣","竹東鎮","121.085","24.740","960"
"772","347522","20221104125000","577","2","新竹縣","竹東鎮","121.100","24.745","733"
"455","347533","20221104125000","471","0","新竹縣","芎林鄉","121.125","24.725","418"
"379","347538","20221104125000","342","1","新竹縣","芎林鄉","121.120","24.735","358"
"580","347547","20221104125000","498","1","新竹縣","芎林鄉","121.135","24.745","577"
"38","347573","20221104125000","109","0","新竹縣","關西鎮","121.185","24.755","37"
"11","347589","20221104125000","16","0","新竹縣","關西鎮","121.185","24.770","10"
"185","347621","20221104125000","144","2","新竹縣","關西鎮","121.195","24.750","181"
"204","347640","20221104125000","209","0","新竹縣","關西鎮","121.180","24.745","236"
"15","347650","20221104125000","31","0","新竹縣","關西鎮","121.170","24.755","20"
"116","347665","20221104125000","71","3","新竹縣","關西鎮","121.170","24.765","93"
"176","347670","20221104125000","168","1","新竹縣","關西鎮","121.170","24.770","161"
"3722","347702","20221104125000","2980","2","新竹縣","竹東鎮","121.090","24.740","3526"
"222","347705","20221104125000","206","1","新竹縣","竹東鎮","121.100","24.695","202"
"1407","347714","20221104125000","2123","0","新竹縣","竹東鎮","121.050","24.770","1299"
"160","347720","20221104125000","111","2","新竹縣","寶山鄉","121.030","24.735","138"
"14","347723","20221104125000","122","0","新竹縣","寶山鄉","121.020","24.740","15"
"283","347740","20221104125000","194","2","新竹縣","寶山鄉","121.030","24.750","295"
"10","347750","20221104125000","11","0","新竹縣","寶山鄉","120.970","24.715","10"
"162","347774","20221104125000","106","3","新竹縣","寶山鄉","121.050","24.730","174"
"109","347788","20221104125000","82","2","新竹縣","寶山鄉","121.040","24.745","114"
"125","347794","20221104125000","95","2","新竹縣","寶山鄉","121.045","24.745","112"
"11","347799","20221104125000","18","0","新竹縣","寶山鄉","121.050","24.750","11"
"150","347805","20221104125000","246","0","新竹縣","寶山鄉","120.960","24.725","140"
"93","347806","20221104125000","75","2","新竹縣","寶山鄉","120.965","24.725","102"
"170","347809","20221104125000","137","2","新竹縣","寶山鄉","120.980","24.725","177"
"36","347818","20221104125000","125","0","新竹縣","寶山鄉","120.970","24.735","28"
"84","347821","20221104125000","44","3","新竹縣","寶山鄉","120.985","24.735","60"
"259","347823","20221104125000","170","3","新竹縣","寶山鄉","120.970","24.740","217"
"85","347832","20221104125000","68","2","新竹縣","寶山鄉","120.980","24.745","71"
"91","347835","20221104125000","108","0","新竹縣","寶山鄉","120.980","24.755","93"
"70","347842","20221104125000","107","0","新竹縣","寶山鄉","121.000","24.715","86"
"95","347845","20221104125000","82","1","新竹縣","寶山鄉","121.015","24.715","87"
"577","347878","20221104125000","401","2","新竹縣","寶山鄉","120.940","24.725","514"
"126","347889","20221104125000","94","2","新竹縣","寶山鄉","120.960","24.745","119"
"1282","347925","20221104125000","1159","1","新竹縣","北埔鄉","121.055","24.695","1164"
"140","347926","20221104125000","126","1","新竹縣","北埔鄉","121.045","24.700","165"
"229","347927","20221104125000","151","3","新竹縣","北埔鄉","121.050","24.700","243"
"30","347931","20221104125000","24","2","新竹縣","北埔鄉","121.050","24.705","25"
"122","347934","20221104125000","95","2","新竹縣","北埔鄉","121.045","24.715","120"
"10","347940","20221104125000","23","0","新竹縣","北埔鄉","121.070","24.665","15"
"364","347949","20221104125000","298","2","新竹縣","北埔鄉","121.065","24.675","365"
"397","347958","20221104125000","320","2","新竹縣","橫山鄉","121.130","24.725","368"
"340","347976","20221104125000","371","0","新竹縣","橫山鄉","121.140","24.720","339"
"39","347986","20221104125000","57","0","新竹縣","橫山鄉","121.130","24.700","23"
"133","347995","20221104125000","188","0","新竹縣","橫山鄉","121.115","24.710","200"
"336","348000","20221104125000","363","0","新竹縣","橫山鄉","121.110","24.715","340"
"128","348001","20221104125000","110","1","新竹縣","橫山鄉","121.115","24.715","126"
"39","348003","20221104125000","55","0","新竹縣","橫山鄉","121.125","24.715","10"
"62","348006","20221104125000","172","0","新竹縣","橫山鄉","121.115","24.720","59"
"311","348007","20221104125000","412","0","新竹縣","橫山鄉","121.120","24.720","301"
"23","348008","20221104125000","51","0","新竹縣","橫山鄉","121.125","24.720","33"
"414","348022","20221104125000","291","2","新竹縣","橫山鄉","121.160","24.740","384"
"98","348032","20221104125000","69","2","新竹縣","橫山鄉","121.165","24.745","103"
"112","348040","20221104125000","73","3","新竹縣","橫山鄉","121.105","24.680","120"
"55","348074","20221104125000","48","1","新竹縣","橫山鄉","121.165","24.730","42"
"16","348083","20221104125000","26","0","新竹縣","橫山鄉","121.180","24.735","20"
"14","348089","20221104125000","18","0","新竹縣","關西鎮","121.185","24.740","14"
"304","348136","20221104125000","195","3","新竹縣","橫山鄉","121.140","24.700","293"
"1267","348137","20221104125000","1091","1","新竹縣","竹東鎮","121.095","24.735","1256"
"1641","348138","20221104125000","1417","1","新竹縣","竹東鎮","121.100","24.735","1699"
"59","348144","20221104125000","41","2","新竹縣","芎林鄉","121.110","24.770","77"
"697","348163","20221104125000","826","0","新竹縣","芎林鄉","121.085","24.765","712"
"98","348164","20221104125000","19","3","新竹縣","芎林鄉","121.085","24.770","84"
"433","348165","20221104125000","380","1","新竹縣","芎林鄉","121.095","24.760","372"
"93","348190","20221104125000","69","2","新竹縣","芎林鄉","121.125","24.755","117"
"11","348191","20221104125000","12","0","新竹縣","芎林鄉","121.130","24.755","16"
"193","348207","20221104125000","295","0","新竹縣","寶山鄉","120.985","24.750","213"
"272","348212","20221104125000","273","0","新竹縣","寶山鄉","120.995","24.755","239"
"983","348213","20221104125000","996","0","新竹縣","寶山鄉","120.985","24.760","930"
"641","348217","20221104125000","700","0","新竹縣","寶山鄉","120.990","24.765","657"
"360","348225","20221104125000","362","0","新竹縣","尖石鄉","121.200","24.705","396"
"21","348257","20221104125000","26","0","新竹縣","尖石鄉","121.235","24.720","13"
"97","348272","20221104125000","75","2","新竹縣","尖石鄉","121.225","24.730","83"
"52","348276","20221104125000","45","1","新竹縣","尖石鄉","121.245","24.730","53"
"108","348320","20221104125000","91","1","新竹縣","尖石鄉","121.260","24.705","118"
"89","348345","20221104125000","125","0","新竹縣","尖石鄉","121.270","24.715","88"
"128","348353","20221104125000","201","0","新竹縣","尖石鄉","121.250","24.720","129"
"122","348419","20221104125000","169","0","新竹縣","尖石鄉","121.265","24.745","116"
"37","348468","20221104125000","29","2","新竹縣","尖石鄉","121.195","24.670","42"
"88","348470","20221104125000","86","1","新竹縣","尖石鄉","121.205","24.670","63"
"88","348506","20221104125000","61","2","新竹縣","尖石鄉","121.350","24.660","128"
"87","348549","20221104125000","129","0","新竹縣","尖石鄉","121.310","24.685","121"
"269","348577","20221104125000","233","1","新竹縣","尖石鄉","121.280","24.665","262"
"176","348584","20221104125000","186","0","新竹縣","五峰鄉","121.150","24.670","215"
"14","348588","20221104125000","106","0","新竹縣","尖石鄉","121.170","24.670","11"
"29","348599","20221104125000","97","0","新竹縣","尖石鄉","121.170","24.680","39"
"112","348600","20221104125000","123","0","新竹縣","尖石鄉","121.175","24.680","124"
"19","348608","20221104125000","23","0","新竹縣","尖石鄉","121.185","24.685","20"
"26","348686","20221104125000","39","0","新竹縣","尖石鄉","121.270","24.670","29"
"41","348708","20221104125000","59","0","新竹縣","尖石鄉","121.235","24.680","49"
"148","348711","20221104125000","107","2","新竹縣","尖石鄉","121.250","24.680","128"
"135","348720","20221104125000","160","0","新竹縣","尖石鄉","121.220","24.685","131"
"42","348736","20221104125000","106","0","新竹縣","尖石鄉","121.220","24.690","34"
"473","348785","20221104125000","307","3","新竹縣","尖石鄉","121.220","24.705","519"
"124","348819","20221104125000","37","3","新竹縣","峨眉鄉","121.035","24.695","124"
"83","348820","20221104125000","212","0","新竹縣","北埔鄉","121.040","24.695","60"
"99","348822","20221104125000","91","1","新竹縣","峨眉鄉","121.035","24.700","122"
"69","348831","20221104125000","76","0","新竹縣","峨眉鄉","120.985","24.685","66"
"39","348834","20221104125000","28","2","新竹縣","峨眉鄉","120.970","24.690","36"
"57","348835","20221104125000","23","3","新竹縣","峨眉鄉","120.975","24.690","55"
"95","348838","20221104125000","110","0","新竹縣","峨眉鄉","120.990","24.690","93"
"61","348845","20221104125000","94","0","新竹縣","峨眉鄉","120.985","24.700","75"
"74","348851","20221104125000","39","3","新竹縣","峨眉鄉","120.990","24.705","66"
"402","348861","20221104125000","389","1","新竹縣","峨眉鄉","121.025","24.685","439"
"106","348863","20221104125000","228","0","新竹縣","峨眉鄉","121.020","24.690","98"
"42","348870","20221104125000","140","0","新竹縣","北埔鄉","121.055","24.685","47"
"191","348889","20221104125000","116","3","新竹縣","北埔鄉","121.090","24.690","178"
"110","348892","20221104125000","57","3","新竹縣","北埔鄉","121.070","24.695","127"
"44","348903","20221104125000","42","1","新竹縣","北埔鄉","121.075","24.700","46"
"551","348909","20221104125000","717","0","新竹縣","北埔鄉","121.060","24.700","536"
"255","348910","20221104125000","136","3","新竹縣","北埔鄉","121.065","24.700","186"
"18","348921","20221104125000","92","0","新竹縣","北埔鄉","121.070","24.710","31"
"116","348944","20221104125000","28","3","新竹縣","寶山鄉","121.000","24.720","164"
"128","348947","20221104125000","117","1","新竹縣","寶山鄉","121.000","24.725","113"
"22","348952","20221104125000","48","0","新竹縣","寶山鄉","121.005","24.730","16"
"246","348957","20221104125000","195","2","新竹縣","寶山鄉","120.990","24.740","219"
"43","348958","20221104125000","50","0","新竹縣","寶山鄉","120.995","24.740","55"
"103","348969","20221104125000","61","3","新竹縣","寶山鄉","121.005","24.745","98"
"519","348971","20221104125000","801","0","新竹縣","寶山鄉","121.005","24.750","458"
"646","348978","20221104125000","491","2","新竹縣","寶山鄉","121.020","24.755","620"
"313","348983","20221104125000","479","0","新竹縣","寶山鄉","121.000","24.765","332"
"3653","348986","20221104125000","5113","0","新竹縣","寶山鄉","121.015","24.765","3812"
"1854","348987","20221104125000","2241","0","新竹縣","寶山鄉","121.000","24.770","1948"
"741","348988","20221104125000","212","3","新竹縣","寶山鄉","121.005","24.770","777"
"768","348989","20221104125000","2107","0","新竹縣","寶山鄉","121.010","24.770","791"
"59","348993","20221104125000","56","1","新竹縣","峨眉鄉","120.990","24.665","58"
"45","349000","20221104125000","65","0","新竹縣","峨眉鄉","120.995","24.670","53"
"193","349005","20221104125000","66","3","新竹縣","峨眉鄉","120.985","24.675","200"
"123","349012","20221104125000","142","0","新竹縣","峨眉鄉","120.990","24.680","94"
"160","349031","20221104125000","94","3","新竹縣","峨眉鄉","121.000","24.700","128"
"503","349060","20221104125000","513","0","新竹縣","竹東鎮","121.060","24.750","515"
"167","349062","20221104125000","168","0","新竹縣","竹東鎮","121.070","24.750","165"
"527","349066","20221104125000","820","0","新竹縣","竹東鎮","121.070","24.755","498"
"1340","349070","20221104125000","1086","2","新竹縣","竹東鎮","121.065","24.760","1362"
"2690","349073","20221104125000","2762","0","新竹縣","竹東鎮","121.060","24.765","2774"
"116","349074","20221104125000","89","2","新竹縣","竹東鎮","121.065","24.765","112"
"141","349079","20221104125000","120","1","新竹縣","竹東鎮","121.120","24.660","171"
"115","349087","20221104125000","198","0","新竹縣","竹東鎮","121.090","24.720","118"
"1211","349088","20221104125000","1390","0","新竹縣","竹東鎮","121.095","24.720","1212"
"1671","349089","20221104125000","1605","1","新竹縣","竹東鎮","121.090","24.725","1673"
"419","349090","20221104125000","504","0","新竹縣","竹東鎮","121.095","24.725","402"
"1679","349092","20221104125000","1478","1","新竹縣","竹東鎮","121.095","24.730","1627"
"303","349094","20221104125000","332","0","新竹縣","竹東鎮","121.105","24.730","309"
"216","349096","20221104125000","271","0","新竹縣","竹東鎮","121.055","24.755","203"
"164","349099","20221104125000","245","0","新竹縣","竹東鎮","121.045","24.765","171"
"600","349103","20221104125000","432","2","新竹縣","竹東鎮","121.060","24.770","615"
"355","349105","20221104125000","314","1","新竹縣","竹東鎮","121.080","24.735","367"
"17","349109","20221104125000","48","0","新竹縣","竹東鎮","121.080","24.740","24"
"60","349110","20221104125000","41","2","新竹縣","竹東鎮","121.075","24.745","69"
"567","349113","20221104125000","770","0","新竹縣","竹東鎮","121.080","24.745","548"
"1043","349114","20221104125000","1031","1","新竹縣","竹東鎮","121.085","24.745","1021"
"282","349115","20221104125000","241","1","新竹縣","竹東鎮","121.080","24.750","327"
"562","349118","20221104125000","522","1","宜蘭縣","宜蘭市","121.780","24.750","595"
"867","349120","20221104125000","741","1","宜蘭縣","宜蘭市","121.765","24.755","835"
"387","349124","20221104125000","594","0","宜蘭縣","宜蘭市","121.765","24.760","411"
"325","349125","20221104125000","327","0","宜蘭縣","宜蘭市","121.770","24.760","363"
"439","349130","20221104125000","265","3","宜蘭縣","宜蘭市","121.760","24.725","514"
"534","349131","20221104125000","379","2","宜蘭縣","宜蘭市","121.755","24.730","514"
"60","349132","20221104125000","53","1","宜蘭縣","宜蘭市","121.760","24.730","50"
"651","349136","20221104125000","778","0","宜蘭縣","宜蘭市","121.755","24.740","732"
"407","349139","20221104125000","518","0","宜蘭縣","宜蘭市","121.735","24.755","453"
"1276","349140","20221104125000","1284","0","宜蘭縣","宜蘭市","121.740","24.755","1244"
"23","349143","20221104125000","47","0","宜蘭縣","羅東鎮","121.755","24.680","27"
"2345","349144","20221104125000","2004","1","宜蘭縣","羅東鎮","121.775","24.680","2379"
"1706","349145","20221104125000","1561","1","宜蘭縣","羅東鎮","121.775","24.675","1736"
"753","349146","20221104125000","659","1","宜蘭縣","羅東鎮","121.750","24.675","799"
"937","349147","20221104125000","840","1","宜蘭縣","羅東鎮","121.770","24.685","907"
"289","349149","20221104125000","247","1","宜蘭縣","羅東鎮","121.750","24.680","269"
"201","349158","20221104125000","97","3","新竹市","香山區","120.930","24.745","236"
"182","349160","20221104125000","122","2","新竹市","香山區","120.925","24.750","184"
"335","349162","20221104125000","284","1","新竹市","香山區","120.915","24.760","354"
"697","349166","20221104125000","851","0","新竹市","香山區","120.915","24.765","621"
"208","349176","20221104125000","174","1","新竹市","香山區","120.955","24.760","230"
"162","349177","20221104125000","142","1","新竹市","東區","120.960","24.760","133"
"660","349183","20221104125000","566","1","新竹市","香山區","120.955","24.770","688"
"64","349184","20221104125000","239","0","新竹市","香山區","120.960","24.770","58"
"19","349194","20221104125000","54","0","新竹市","香山區","120.905","24.760","19"
"120","349196","20221104125000","159","0","新竹市","香山區","120.920","24.760","108"
"70","349198","20221104125000","49","2","新竹市","香山區","120.930","24.760","59"
"48","349203","20221104125000","80","0","宜蘭縣","宜蘭市","121.765","24.745","47"
"1980","349204","20221104125000","1763","1","宜蘭縣","宜蘭市","121.760","24.750","1931"
"822","349205","20221104125000","689","1","宜蘭縣","宜蘭市","121.765","24.750","814"
"1368","349206","20221104125000","1706","0","宜蘭縣","羅東鎮","121.775","24.670","1439"
"1139","349207","20221104125000","1126","1","宜蘭縣","羅東鎮","121.755","24.675","1101"
"201","349208","20221104125000","207","0","宜蘭縣","羅東鎮","121.755","24.690","199"
"65","349210","20221104125000","116","0","宜蘭縣","羅東鎮","121.755","24.695","69"
"611","349211","20221104125000","504","2","宜蘭縣","羅東鎮","121.760","24.695","570"
"869","349214","20221104125000","1538","0","宜蘭縣","羅東鎮","121.770","24.670","750"
"408","349216","20221104125000","542","0","宜蘭縣","羅東鎮","121.800","24.665","418"
"1046","349222","20221104125000","524","3","宜蘭縣","羅東鎮","121.795","24.675","1020"
"647","349224","20221104125000","699","0","宜蘭縣","羅東鎮","121.785","24.675","660"
"3416","349225","20221104125000","2547","2","宜蘭縣","羅東鎮","121.780","24.680","3396"
"1416","349227","20221104125000","1388","1","宜蘭縣","宜蘭市","121.750","24.745","1455"
"725","349228","20221104125000","735","0","宜蘭縣","員山鄉","121.735","24.745","762"
"2082","349229","20221104125000","2323","0","宜蘭縣","宜蘭市","121.740","24.745","2078"
"1823","349230","20221104125000","1538","1","宜蘭縣","宜蘭市","121.745","24.745","1910"
"416","349231","20221104125000","446","0","宜蘭縣","宜蘭市","121.730","24.750","423"
"1101","349232","20221104125000","1249","0","宜蘭縣","宜蘭市","121.735","24.750","1074"
"1171","349234","20221104125000","1175","0","宜蘭縣","羅東鎮","121.765","24.675","1191"
"709","349235","20221104125000","706","1","宜蘭縣","宜蘭市","121.760","24.760","705"
"865","349236","20221104125000","713","2","宜蘭縣","宜蘭市","121.750","24.765","829"
"471","349237","20221104125000","523","0","宜蘭縣","宜蘭市","121.745","24.750","462"
"468","349238","20221104125000","415","1","宜蘭縣","宜蘭市","121.760","24.765","443"
"577","349240","20221104125000","548","1","宜蘭縣","羅東鎮","121.755","24.685","527"
"24","349296","20221104125000","40","0","桃園市","復興區","121.350","24.760","31"
"60","349422","20221104125000","77","0","桃園市","復興區","121.390","24.660","112"
"40","349482","20221104125000","53","0","桃園市","復興區","121.385","24.680","78"
"133","349502","20221104125000","176","0","桃園市","復興區","121.395","24.685","54"
"163","349582","20221104125000","176","0","桃園市","復興區","121.410","24.705","67"
"32","349642","20221104125000","40","0","桃園市","復興區","121.365","24.695","27"
"12","349676","20221104125000","30","0","桃園市","復興區","121.350","24.705","49"
"38","349762","20221104125000","64","0","桃園市","復興區","121.345","24.725","48"
"17","349768","20221104125000","18","0","桃園市","復興區","121.375","24.725","15"
"19","349769","20221104125000","23","0","桃園市","復興區","121.380","24.725","26"
"10","349794","20221104125000","15","0","桃園市","復興區","121.375","24.730","13"
"23","349865","20221104125000","35","0","桃園市","復興區","121.365","24.740","35"
"199","349883","20221104125000","137","2","新竹市","香山區","120.940","24.760","157"
"77","349889","20221104125000","118","0","新竹市","香山區","120.935","24.770","132"
"181","349896","20221104125000","214","0","新竹市","香山區","120.905","24.750","173"
"547","349897","20221104125000","310","3","新竹市","香山區","120.910","24.750","561"
"2385","349904","20221104125000","2126","1","新竹縣","竹東鎮","121.030","24.770","2581"
"57","349937","20221104125000","49","1","桃園市","復興區","121.365","24.675","62"
"53","349983","20221104125000","156","0","苗栗縣","三灣鄉","120.965","24.665","47"
"55","349985","20221104125000","256","0","苗栗縣","三灣鄉","120.975","24.665","58"
"33","350003","20221104125000","214","0","苗栗縣","三灣鄉","120.950","24.670","26"
"249","350012","20221104125000","87","3","苗栗縣","頭份鎮","120.955","24.680","229"
"69","350014","20221104125000","287","0","苗栗縣","頭份鎮","120.965","24.680","65"
"50","350017","20221104125000","260","0","苗栗縣","頭份鎮","120.960","24.685","66"
"83","350018","20221104125000","192","0","苗栗縣","頭份鎮","120.965","24.685","76"
"144","350019","20221104125000","78","3","苗栗縣","竹南鎮","120.880","24.680","140"
"2955","350021","20221104125000","1996","2","苗栗縣","竹南鎮","120.885","24.685","2891"
"13","350023","20221104125000","13","1","苗栗縣","頭份鎮","120.925","24.690","13"
"1201","350024","20221104125000","545","3","苗栗縣","頭份鎮","120.930","24.690","1103"
"197","350031","20221104125000","179","1","苗栗縣","頭份鎮","120.920","24.665","188"
"47","350036","20221104125000","310","0","苗栗縣","頭份鎮","120.920","24.670","39"
"452","350042","20221104125000","222","3","苗栗縣","頭份鎮","120.925","24.675","419"
"64","350052","20221104125000","168","0","苗栗縣","後龍鎮","120.820","24.660","50"
"361","350068","20221104125000","329","1","苗栗縣","頭份鎮","120.910","24.690","379"
"1062","350073","20221104125000","515","3","苗栗縣","竹南鎮","120.885","24.695","914"
"488","350075","20221104125000","382","2","苗栗縣","頭份鎮","120.890","24.695","449"
"1908","350077","20221104125000","1084","3","苗栗縣","頭份鎮","120.910","24.695","1869"
"905","350078","20221104125000","560","3","苗栗縣","頭份鎮","120.910","24.700","835"
"455","350080","20221104125000","414","1","苗栗縣","頭份鎮","120.940","24.680","419"
"287","350082","20221104125000","238","2","苗栗縣","頭份鎮","120.950","24.680","223"
"353","350085","20221104125000","354","0","苗栗縣","頭份鎮","120.925","24.685","340"
"767","350087","20221104125000","546","2","苗栗縣","頭份鎮","120.935","24.685","694"
"1129","350090","20221104125000","888","2","苗栗縣","頭份鎮","120.895","24.690","1142"
"1703","350091","20221104125000","2935","0","苗栗縣","頭份鎮","120.905","24.690","2044"
"816","350092","20221104125000","1276","0","苗栗縣","頭份鎮","120.905","24.685","677"
"85","350095","20221104125000","210","0","苗栗縣","頭份鎮","120.945","24.690","85"
"10","350099","20221104125000","35","0","苗栗縣","頭份鎮","120.950","24.695","11"
"23","350102","20221104125000","119","0","苗栗縣","頭份鎮","120.935","24.700","26"
"48","350103","20221104125000","237","0","苗栗縣","頭份鎮","120.940","24.695","36"
"138","350109","20221104125000","138","1","苗栗縣","頭份鎮","120.940","24.700","124"
"163","350110","20221104125000","70","3","苗栗縣","頭份鎮","120.945","24.700","139"
"351","350112","20221104125000","556","0","苗栗縣","頭份鎮","120.930","24.705","543"
"380","350117","20221104125000","346","1","苗栗縣","頭份鎮","120.935","24.710","363"
"659","350118","20221104125000","588","1","苗栗縣","頭份鎮","120.885","24.665","602"
"66","350124","20221104125000","392","0","苗栗縣","頭份鎮","120.885","24.675","76"
"255","350127","20221104125000","302","0","苗栗縣","頭份鎮","120.905","24.700","274"
"700","350128","20221104125000","1077","0","苗栗縣","頭份鎮","120.900","24.695","633"
"668","350129","20221104125000","718","0","苗栗縣","頭份鎮","120.905","24.695","680"
"188","350131","20221104125000","278","0","苗栗縣","頭份鎮","120.915","24.690","144"
"768","350132","20221104125000","1197","0","苗栗縣","頭份鎮","120.915","24.695","741"
"34","350142","20221104125000","29","1","苗栗縣","頭份鎮","120.915","24.665","32"
"63","350146","20221104125000","324","0","苗栗縣","頭份鎮","120.915","24.670","59"
"589","350150","20221104125000","707","0","苗栗縣","竹南鎮","120.860","24.695","567"
"665","350151","20221104125000","350","3","苗栗縣","竹南鎮","120.865","24.695","670"
"207","350154","20221104125000","520","0","苗栗縣","竹南鎮","120.870","24.695","239"
"122","350155","20221104125000","380","0","苗栗縣","竹南鎮","120.880","24.695","134"
"307","350156","20221104125000","207","2","苗栗縣","竹南鎮","120.865","24.680","292"
"602","350157","20221104125000","753","0","苗栗縣","竹南鎮","120.910","24.710","718"
"975","350159","20221104125000","870","1","苗栗縣","竹南鎮","120.920","24.705","945"
"1116","350160","20221104125000","1433","0","苗栗縣","頭份鎮","120.925","24.705","1188"
"588","350161","20221104125000","397","2","苗栗縣","竹南鎮","120.915","24.705","546"
"3817","350162","20221104125000","2946","2","苗栗縣","竹南鎮","120.915","24.710","3840"
"609","350163","20221104125000","553","1","苗栗縣","竹南鎮","120.920","24.710","600"
"445","350165","20221104125000","425","1","苗栗縣","竹南鎮","120.930","24.710","416"
"1364","350166","20221104125000","1239","1","苗栗縣","竹南鎮","120.915","24.715","1553"
"182","350167","20221104125000","228","0","苗栗縣","竹南鎮","120.920","24.715","186"
"2358","350169","20221104125000","1624","2","苗栗縣","頭份鎮","120.910","24.685","2204"
"1909","350170","20221104125000","1475","2","苗栗縣","頭份鎮","120.895","24.700","1859"
"1799","350172","20221104125000","955","3","苗栗縣","頭份鎮","120.905","24.680","1733"
"409","350173","20221104125000","353","1","苗栗縣","竹南鎮","120.875","24.700","373"
"1117","350174","20221104125000","423","3","苗栗縣","竹南鎮","120.870","24.700","1032"
"266","350176","20221104125000","339","0","苗栗縣","頭份鎮","120.920","24.690","283"
"94","350177","20221104125000","79","1","苗栗縣","頭份鎮","120.880","24.660","100"
"499","350179","20221104125000","586","0","苗栗縣","頭份鎮","120.900","24.700","484"
"31","350180","20221104125000","29","1","苗栗縣","竹南鎮","120.910","24.705","32"
"545","350182","20221104125000","595","0","苗栗縣","頭份鎮","120.920","24.700","349"
"601","350183","20221104125000","779","0","苗栗縣","頭份鎮","120.895","24.695","569"
"237","350203","20221104125000","196","2","苗栗縣","竹南鎮","120.860","24.685","290"
"38","350206","20221104125000","170","0","苗栗縣","竹南鎮","120.865","24.700","45"
"75","350208","20221104125000","249","0","苗栗縣","竹南鎮","120.875","24.705","79"
"577","350209","20221104125000","985","0","苗栗縣","竹南鎮","120.880","24.700","711"
"758","350210","20221104125000","652","1","苗栗縣","頭份鎮","120.885","24.700","809"
"370","350211","20221104125000","245","3","苗栗縣","竹南鎮","120.880","24.705","433"
"149","350214","20221104125000","159","0","苗栗縣","竹南鎮","120.865","24.705","141"
"57","350220","20221104125000","525","0","苗栗縣","竹南鎮","120.880","24.710","68"
"13","350223","20221104125000","161","0","苗栗縣","竹南鎮","120.865","24.715","15"
"203","350224","20221104125000","219","0","苗栗縣","竹南鎮","120.870","24.715","200"
"385","350225","20221104125000","393","0","苗栗縣","竹南鎮","120.875","24.715","397"
"63","350226","20221104125000","57","1","苗栗縣","竹南鎮","120.880","24.715","133"
"119","350229","20221104125000","123","0","苗栗縣","竹南鎮","120.865","24.720","129"
"106","350236","20221104125000","107","0","苗栗縣","竹南鎮","120.870","24.725","116"
"178","350240","20221104125000","146","2","苗栗縣","竹南鎮","120.890","24.725","200"
"70","350247","20221104125000","73","0","苗栗縣","竹南鎮","120.880","24.685","82"
"1413","350248","20221104125000","1629","0","苗栗縣","竹南鎮","120.880","24.690","1530"
"2129","350250","20221104125000","1610","2","苗栗縣","竹南鎮","120.890","24.690","1627"
"2998","350251","20221104125000","3174","0","苗栗縣","竹南鎮","120.875","24.685","2868"
"319","350258","20221104125000","266","1","苗栗縣","竹南鎮","120.855","24.675","134"
"16","350259","20221104125000","39","0","苗栗縣","竹南鎮","120.860","24.675","29"
"42","350264","20221104125000","220","0","苗栗縣","竹南鎮","120.850","24.680","55"
"35","350275","20221104125000","255","0","苗栗縣","竹南鎮","120.850","24.670","31"
"943","350277","20221104125000","550","3","苗栗縣","竹南鎮","120.860","24.670","1011"
"145","350278","20221104125000","182","0","苗栗縣","竹南鎮","120.845","24.675","126"
"61","350279","20221104125000","62","0","苗栗縣","造橋鄉","120.855","24.660","50"
"117","350285","20221104125000","224","0","苗栗縣","頭份鎮","120.900","24.685","115"
"411","350286","20221104125000","573","0","苗栗縣","頭份鎮","120.895","24.675","387"
"720","350288","20221104125000","984","0","苗栗縣","頭份鎮","120.890","24.680","850"
"965","350290","20221104125000","719","2","苗栗縣","頭份鎮","120.900","24.680","963"
"142","350291","20221104125000","395","0","苗栗縣","頭份鎮","120.945","24.685","144"
"149","350303","20221104125000","100","2","苗栗縣","頭份鎮","120.960","24.700","151"
"89","350311","20221104125000","70","2","苗栗縣","頭份鎮","120.965","24.705","93"
"428","350314","20221104125000","1579","0","苗栗縣","竹南鎮","120.870","24.690","367"
"900","350316","20221104125000","425","3","苗栗縣","竹南鎮","120.855","24.690","937"
"1061","350319","20221104125000","955","1","苗栗縣","竹南鎮","120.865","24.685","1007"
"745","350320","20221104125000","874","0","苗栗縣","竹南鎮","120.875","24.695","724"
"223","350321","20221104125000","1125","0","苗栗縣","竹南鎮","120.875","24.690","230"
"1384","350326","20221104125000","1163","1","苗栗縣","竹南鎮","120.910","24.720","1363"
"43","350330","20221104125000","375","0","苗栗縣","竹南鎮","120.905","24.725","36"
"133","350331","20221104125000","689","0","苗栗縣","竹南鎮","120.910","24.725","133"
"1128","350334","20221104125000","695","3","苗栗縣","竹南鎮","120.905","24.730","1048"
"15","350336","20221104125000","77","0","新竹市","香山區","120.900","24.735","15"
"74","350338","20221104125000","402","0","新竹市","香山區","120.905","24.740","79"
"610","350340","20221104125000","597","1","苗栗縣","竹南鎮","120.875","24.660","503"
"293","350347","20221104125000","619","0","苗栗縣","竹南鎮","120.865","24.675","327"
"79","350349","20221104125000","311","0","苗栗縣","竹南鎮","120.875","24.675","67"
"749","350350","20221104125000","833","0","苗栗縣","竹南鎮","120.880","24.675","821"
"339","350351","20221104125000","244","2","苗栗縣","竹南鎮","120.870","24.680","356"
"320","350352","20221104125000","301","1","苗栗縣","竹南鎮","120.875","24.680","330"
"2087","350353","20221104125000","1991","1","苗栗縣","竹南鎮","120.870","24.685","2106"
"182","350357","20221104125000","489","0","苗栗縣","竹南鎮","120.890","24.705","180"
"373","350358","20221104125000","326","1","苗栗縣","竹南鎮","120.895","24.705","349"
"465","350359","20221104125000","355","2","苗栗縣","竹南鎮","120.900","24.705","446"
"287","350363","20221104125000","243","1","苗栗縣","竹南鎮","120.900","24.710","302"
"308","350364","20221104125000","110","3","苗栗縣","竹南鎮","120.905","24.710","311"
"198","350365","20221104125000","149","2","苗栗縣","竹南鎮","120.895","24.715","208"
"451","350367","20221104125000","401","1","苗栗縣","竹南鎮","120.905","24.715","401"
"292","350368","20221104125000","305","0","苗栗縣","竹南鎮","120.910","24.715","310"
"103","350369","20221104125000","121","0","苗栗縣","竹南鎮","120.895","24.720","90"
"239","356638","20221104125000","346","0","宜蘭縣","頭城鎮","121.940","24.840","363"
"808","360378","20221104125000","556","2","宜蘭縣","礁溪鄉","121.765","24.825","861"
"1386","360379","20221104125000","1637","0","宜蘭縣","礁溪鄉","121.770","24.825","1584"
"562","360380","20221104125000","580","0","宜蘭縣","礁溪鄉","121.775","24.825","702"
"445","360392","20221104125000","304","2","宜蘭縣","礁溪鄉","121.810","24.815","409"
"206","360394","20221104125000","186","1","宜蘭縣","礁溪鄉","121.795","24.815","256"
"32","360410","20221104125000","201","0","宜蘭縣","礁溪鄉","121.720","24.815","37"
"204","360417","20221104125000","232","0","宜蘭縣","礁溪鄉","121.720","24.820","237"
"94","360419","20221104125000","121","0","宜蘭縣","礁溪鄉","121.730","24.820","84"
"74","360427","20221104125000","283","0","宜蘭縣","礁溪鄉","121.725","24.820","58"
"310","360433","20221104125000","207","2","宜蘭縣","礁溪鄉","121.755","24.820","305"
"141","360437","20221104125000","445","0","宜蘭縣","礁溪鄉","121.740","24.825","220"
"1645","360439","20221104125000","1618","1","宜蘭縣","宜蘭市","121.755","24.770","1741"
"343","360442","20221104125000","254","2","宜蘭縣","宜蘭市","121.745","24.775","356"
"625","360449","20221104125000","597","1","宜蘭縣","壯圍鄉","121.785","24.775","648"
"17","360451","20221104125000","14","2","宜蘭縣","壯圍鄉","121.780","24.780","22"
"216","360457","20221104125000","205","1","宜蘭縣","壯圍鄉","121.795","24.790","241"
"149","360471","20221104125000","334","0","宜蘭縣","頭城鎮","121.820","24.855","208"
"114","360474","20221104125000","165","0","宜蘭縣","頭城鎮","121.835","24.885","148"
"121","360476","20221104125000","148","0","宜蘭縣","頭城鎮","121.845","24.885","159"
"575","360478","20221104125000","688","0","宜蘭縣","頭城鎮","121.830","24.855","566"
"764","360482","20221104125000","1027","0","宜蘭縣","頭城鎮","121.820","24.860","834"
"215","360484","20221104125000","182","1","宜蘭縣","頭城鎮","121.815","24.860","221"
"660","360485","20221104125000","658","1","宜蘭縣","頭城鎮","121.820","24.865","701"
"210","360486","20221104125000","293","0","宜蘭縣","頭城鎮","121.810","24.865","236"
"156","360502","20221104125000","191","0","宜蘭縣","頭城鎮","121.815","24.850","156"
"629","360507","20221104125000","820","0","宜蘭縣","頭城鎮","121.825","24.865","582"
"29","360516","20221104125000","149","0","宜蘭縣","頭城鎮","121.830","24.865","44"
"425","360520","20221104125000","492","0","宜蘭縣","頭城鎮","121.835","24.870","487"
"16","360521","20221104125000","47","0","宜蘭縣","頭城鎮","121.840","24.870","18"
"191","360524","20221104125000","174","1","宜蘭縣","頭城鎮","121.840","24.875","208"
"57","360537","20221104125000","51","1","新北市","三峽區","121.345","24.845","75"
"115","360552","20221104125000","152","0","新北市","三峽區","121.360","24.855","122"
"12","360554","20221104125000","23","0","新北市","三峽區","121.370","24.855","12"
"18","360559","20221104125000","43","0","新北市","三峽區","121.365","24.860","14"
"70","360569","20221104125000","68","1","新北市","三峽區","121.355","24.870","96"
"32","360573","20221104125000","31","1","新北市","三峽區","121.375","24.870","36"
"43","360625","20221104125000","36","1","宜蘭縣","頭城鎮","121.820","24.825","45"
"124","360631","20221104125000","221","0","宜蘭縣","頭城鎮","121.790","24.845","130"
"213","360639","20221104125000","254","0","宜蘭縣","頭城鎮","121.795","24.855","191"
"433","360641","20221104125000","387","1","宜蘭縣","頭城鎮","121.805","24.855","454"
"279","360684","20221104125000","225","2","宜蘭縣","礁溪鄉","121.765","24.800","262"
"217","360687","20221104125000","219","0","宜蘭縣","礁溪鄉","121.760","24.810","214"
"12","360688","20221104125000","202","0","宜蘭縣","礁溪鄉","121.765","24.810","10"
"230","360689","20221104125000","210","1","宜蘭縣","礁溪鄉","121.755","24.815","217"
"110","360694","20221104125000","110","1","宜蘭縣","員山鄉","121.700","24.780","138"
"25","360702","20221104125000","45","0","宜蘭縣","礁溪鄉","121.680","24.785","31"
"166","360788","20221104125000","174","0","宜蘭縣","礁溪鄉","121.780","24.810","168"
"333","360803","20221104125000","362","0","宜蘭縣","壯圍鄉","121.810","24.800","344"
"435","360806","20221104125000","395","1","宜蘭縣","壯圍鄉","121.815","24.805","426"
"439","360817","20221104125000","399","1","宜蘭縣","礁溪鄉","121.780","24.785","490"
"479","360820","20221104125000","549","0","宜蘭縣","礁溪鄉","121.775","24.815","502"
"1384","360822","20221104125000","1163","1","宜蘭縣","礁溪鄉","121.770","24.820","1404"
"201","360828","20221104125000","221","0","宜蘭縣","礁溪鄉","121.730","24.790","213"
"120","360848","20221104125000","99","2","宜蘭縣","礁溪鄉","121.710","24.810","112"
"469","360876","20221104125000","463","1","宜蘭縣","礁溪鄉","121.760","24.785","515"
"114","360877","20221104125000","108","1","宜蘭縣","礁溪鄉","121.750","24.790","167"
"352","360879","20221104125000","305","1","宜蘭縣","礁溪鄉","121.760","24.790","406"
"519","360881","20221104125000","461","1","宜蘭縣","礁溪鄉","121.765","24.815","479"
"507","360883","20221104125000","495","1","宜蘭縣","礁溪鄉","121.765","24.820","468"
"310","360888","20221104125000","350","0","宜蘭縣","礁溪鄉","121.755","24.825","447"
"313","360889","20221104125000","303","1","宜蘭縣","礁溪鄉","121.760","24.825","305"
"37","360898","20221104125000","126","0","宜蘭縣","礁溪鄉","121.745","24.830","68"
"11","360964","20221104125000","55","0","新北市","三峽區","121.410","24.865","11"
"330","360967","20221104125000","413","0","新北市","三峽區","121.410","24.870","336"
"148","360994","20221104125000","132","1","新北市","三峽區","121.415","24.885","166"
"13","361049","20221104125000","39","0","新北市","三峽區","121.450","24.825","25"
"39","361075","20221104125000","145","0","新北市","三峽區","121.445","24.830","91"
"22","361124","20221104125000","22","1","新北市","三峽區","121.430","24.845","18"
"18","361127","20221104125000","38","0","新北市","三峽區","121.445","24.845","38"
"15","361150","20221104125000","15","1","新北市","三峽區","121.465","24.850","18"
"19","361179","20221104125000","82","0","新北市","三峽區","121.435","24.860","33"
"12","361193","20221104125000","19","0","新北市","三峽區","121.430","24.865","14"
"48","361195","20221104125000","39","2","新北市","三峽區","121.440","24.865","69"
"13","361279","20221104125000","17","0","新北市","三峽區","121.390","24.875","13"
"44","361286","20221104125000","45","0","新北市","三峽區","121.380","24.880","39"
"55","361304","20221104125000","69","0","新北市","三峽區","121.375","24.885","59"
"14","361308","20221104125000","63","0","新北市","三峽區","121.400","24.885","26"
"637","361316","20221104125000","637","1","宜蘭縣","員山鄉","121.720","24.770","675"
"316","361349","20221104125000","291","1","宜蘭縣","員山鄉","121.715","24.775","351"
"312","361393","20221104125000","265","1","宜蘭縣","壯圍鄉","121.800","24.770","296"
"308","361412","20221104125000","224","2","宜蘭縣","宜蘭市","121.735","24.775","286"
"19","361413","20221104125000","35","0","宜蘭縣","宜蘭市","121.740","24.775","23"
"329","361414","20221104125000","264","2","宜蘭縣","宜蘭市","121.730","24.780","366"
"19","361433","20221104125000","14","2","宜蘭縣","頭城鎮","121.800","24.830","15"
"789","361441","20221104125000","583","2","宜蘭縣","頭城鎮","121.790","24.835","826"
"10","361450","20221104125000","14","0","宜蘭縣","頭城鎮","121.790","24.850","11"
"25","361466","20221104125000","88","0","新北市","坪林區","121.770","24.865","25"
"441","361479","20221104125000","466","0","宜蘭縣","頭城鎮","121.815","24.835","464"
"425","361482","20221104125000","306","2","宜蘭縣","頭城鎮","121.810","24.845","486"
"3702","361485","20221104125000","2977","2","新竹市","東區","120.985","24.800","3668"
"2115","361486","20221104125000","1972","1","新竹市","東區","120.985","24.810","2086"
"82","361496","20221104125000","70","1","桃園市","大溪區","121.325","24.880","198"
"132","361502","20221104125000","172","0","桃園市","大溪區","121.330","24.880","199"
"113","361509","20221104125000","160","0","桃園市","大溪區","121.325","24.885","125"
"106","361515","20221104125000","74","2","桃園市","大溪區","121.325","24.890","110"
"14","361517","20221104125000","23","0","桃園市","大溪區","121.335","24.890","16"
"501","361521","20221104125000","637","0","桃園市","大溪區","121.250","24.865","406"
"274","361525","20221104125000","108","3","桃園市","大溪區","121.255","24.870","246"
"394","361530","20221104125000","540","0","桃園市","大溪區","121.260","24.875","439"
"426","361536","20221104125000","403","1","桃園市","大溪區","121.260","24.880","451"
"173","361538","20221104125000","216","0","桃園市","大溪區","121.275","24.880","240"
"990","361539","20221104125000","1093","0","桃園市","大溪區","121.250","24.880","911"
"322","361545","20221104125000","193","3","桃園市","大溪區","121.275","24.885","313"
"136","361546","20221104125000","250","0","桃園市","大溪區","121.280","24.885","157"
"542","361547","20221104125000","468","1","桃園市","大溪區","121.275","24.890","510"
"1224","361550","20221104125000","828","2","桃園市","大溪區","121.295","24.885","1178"
"167","361551","20221104125000","153","1","桃園市","大溪區","121.300","24.880","138"
"185","361552","20221104125000","416","0","桃園市","大溪區","121.290","24.880","159"
"56","361556","20221104125000","56","1","新竹縣","新埔鎮","121.080","24.835","49"
"423","361565","20221104125000","281","3","新竹縣","新埔鎮","121.080","24.840","516"
"67","361570","20221104125000","41","3","新竹縣","新埔鎮","121.130","24.860","62"
"123","361585","20221104125000","87","2","新竹縣","新埔鎮","121.135","24.875","119"
"734","361597","20221104125000","498","2","新竹縣","新豐鄉","120.995","24.885","713"
"1702","361600","20221104125000","1861","0","新竹縣","新豐鄉","121.010","24.885","1664"
"1701","361602","20221104125000","1208","2","新竹市","東區","120.975","24.805","1489"
"2492","361603","20221104125000","4477","0","新竹市","東區","120.980","24.805","2548"
"1141","361604","20221104125000","970","1","新竹市","東區","120.980","24.810","1143"
"858","361605","20221104125000","910","0","新竹市","東區","120.975","24.800","722"
"36","361609","20221104125000","368","0","新竹市","東區","120.985","24.785","36"
"5194","361610","20221104125000","4324","2","新竹市","東區","121.020","24.780","5098"
"1731","361611","20221104125000","2272","0","新竹市","東區","121.015","24.785","1726"
"150","361614","20221104125000","126","1","新竹縣","新埔鎮","121.105","24.845","151"
"63","361621","20221104125000","45","2","新竹縣","新埔鎮","121.120","24.850","79"
"135","361624","20221104125000","145","0","新竹縣","新埔鎮","121.105","24.855","152"
"77","361630","20221104125000","64","2","新竹縣","新埔鎮","121.105","24.860","41"
"48","361635","20221104125000","83","0","新竹縣","新埔鎮","121.105","24.865","40"
"98","361642","20221104125000","195","0","新竹縣","新埔鎮","121.115","24.875","197"
"535","361646","20221104125000","715","0","新竹縣","新埔鎮","121.070","24.825","549"
"805","361648","20221104125000","693","1","新竹縣","新埔鎮","121.080","24.825","798"
"380","361651","20221104125000","349","1","新竹縣","新埔鎮","121.070","24.830","367"
"114","361655","20221104125000","75","3","新竹縣","新埔鎮","121.135","24.845","107"
"486","361668","20221104125000","571","0","新竹縣","新豐鄉","120.980","24.870","580"
"819","361683","20221104125000","836","0","新竹縣","竹東鎮","121.030","24.775","795"
"662","361685","20221104125000","1253","0","新竹縣","湖口鄉","121.010","24.855","646"
"1232","361687","20221104125000","1126","1","新竹縣","湖口鄉","121.020","24.855","1178"
"363","361688","20221104125000","362","1","新竹縣","湖口鄉","121.025","24.855","388"
"2489","361692","20221104125000","2241","1","新竹縣","湖口鄉","121.010","24.860","2426"
"117","361693","20221104125000","43","3","新竹縣","湖口鄉","121.015","24.860","126"
"2653","361694","20221104125000","3321","0","新竹縣","湖口鄉","120.995","24.865","2719"
"1858","361695","20221104125000","1204","3","新竹縣","湖口鄉","121.000","24.865","1841"
"159","361696","20221104125000","592","0","新竹縣","湖口鄉","121.005","24.865","136"
"952","361697","20221104125000","467","3","新竹縣","湖口鄉","121.010","24.865","781"
"3311","361698","20221104125000","2707","2","新竹縣","湖口鄉","121.000","24.870","3113"
"612","361700","20221104125000","1530","0","新竹縣","湖口鄉","121.010","24.870","15601"
"4968","361702","20221104125000","1179","3","新竹縣","湖口鄉","121.010","24.875","7136"
"81","361703","20221104125000","630","0","新竹縣","竹北市","121.030","24.810","76"
"2103","361704","20221104125000","1232","3","新竹縣","竹北市","121.035","24.810","2031"
"219","361705","20221104125000","213","1","新竹縣","竹北市","121.030","24.815","260"
"471","361712","20221104125000","701","0","桃園市","大溪區","121.260","24.890","455"
"323","361715","20221104125000","427","0","新竹市","香山區","120.920","24.810","304"
"298","361721","20221104125000","199","2","新竹市","香山區","120.925","24.815","308"
"180","361725","20221104125000","162","1","新竹市","香山區","120.915","24.820","181"
"474","361727","20221104125000","429","1","新竹市","香山區","120.925","24.820","439"
"550","361733","20221104125000","386","2","新竹市","北區","120.925","24.825","491"
"1873","361736","20221104125000","1895","0","新竹市","香山區","120.930","24.790","1761"
"780","361738","20221104125000","500","3","新竹市","香山區","120.930","24.795","804"
"464","361744","20221104125000","370","2","新竹市","香山區","120.915","24.780","493"
"161","361752","20221104125000","334","0","新竹市","香山區","120.920","24.785","183"
"834","361756","20221104125000","1051","0","新竹市","香山區","120.920","24.805","871"
"616","361758","20221104125000","505","2","新竹市","香山區","120.935","24.805","537"
"497","361761","20221104125000","586","0","新竹市","香山區","120.940","24.805","507"
"1842","361763","20221104125000","1812","1","新竹市","香山區","120.945","24.795","1815"
"820","361765","20221104125000","1119","0","新竹市","香山區","120.940","24.790","780"
"247","361767","20221104125000","269","0","新竹市","香山區","120.935","24.800","234"
"491","361768","20221104125000","642","0","新竹市","香山區","120.940","24.795","616"
"16","361981","20221104125000","16","1","新北市","坪林區","121.665","24.885","20"
"40","362002","20221104125000","55","0","新竹縣","關西鎮","121.260","24.775","40"
"234","362027","20221104125000","243","0","新竹縣","湖口鄉","121.030","24.880","228"
"599","362033","20221104125000","777","0","新竹縣","湖口鄉","121.025","24.885","569"
"949","362036","20221104125000","902","1","新竹縣","竹北市","120.965","24.860","908"
"374","362039","20221104125000","285","2","新竹縣","竹北市","120.980","24.860","332"
"1731","362056","20221104125000","1802","0","新竹縣","竹北市","121.015","24.825","1706"
"2672","362057","20221104125000","3005","0","新竹縣","竹北市","121.010","24.830","2471"
"885","362059","20221104125000","651","2","新竹縣","竹北市","121.035","24.815","825"
"3850","362063","20221104125000","2664","2","新竹縣","竹北市","121.030","24.820","3925"
"1236","362064","20221104125000","1288","0","新竹縣","竹北市","121.035","24.820","1173"
"661","362066","20221104125000","1115","0","新竹縣","竹北市","121.020","24.825","624"
"158","362067","20221104125000","319","0","新竹縣","竹北市","121.025","24.825","125"
"2705","362068","20221104125000","3229","0","新竹縣","竹北市","121.030","24.825","2613"
"769","362069","20221104125000","931","0","新竹縣","竹北市","121.035","24.825","691"
"2727","362070","20221104125000","2562","1","新竹縣","竹北市","121.015","24.830","2358"
"866","362071","20221104125000","764","1","新竹縣","竹北市","121.020","24.830","757"
"1162","362072","20221104125000","915","2","新竹縣","竹北市","121.025","24.830","1261"
"778","362073","20221104125000","742","1","新竹縣","新埔鎮","121.030","24.830","859"
"374","362076","20221104125000","384","0","新竹縣","竹北市","120.995","24.855","350"
"355","362077","20221104125000","399","0","新竹縣","竹北市","120.990","24.860","322"
"132","362079","20221104125000","163","0","新竹縣","竹北市","120.995","24.860","209"
"4107","362081","20221104125000","2101","3","新竹市","東區","120.995","24.800","4072"
"506","362082","20221104125000","570","0","新竹市","東區","121.000","24.805","458"
"418","362086","20221104125000","465","0","新竹市","東區","121.005","24.810","381"
"874","362087","20221104125000","565","3","新竹市","東區","121.010","24.810","860"
"963","362088","20221104125000","764","2","新竹市","東區","120.995","24.815","944"
"4010","362092","20221104125000","3351","1","新竹市","東區","121.010","24.775","3974"
"2813","362093","20221104125000","2207","2","新竹市","東區","121.015","24.775","2767"
"3173","362094","20221104125000","3006","1","新竹市","東區","121.020","24.775","3012"
"5022","362095","20221104125000","4391","1","新竹市","東區","121.025","24.775","4990"
"3571","362096","20221104125000","2795","2","新竹市","東區","120.990","24.780","3620"
"4937","362097","20221104125000","3499","2","新竹市","東區","121.005","24.775","4776"
"2763","362098","20221104125000","2318","1","新竹市","東區","121.005","24.780","2778"
"773","362099","20221104125000","1107","0","新竹市","東區","121.010","24.780","759"
"990","362100","20221104125000","971","1","新竹市","東區","121.015","24.780","994"
"8205","362101","20221104125000","4113","3","新竹市","東區","121.005","24.785","7911"
"446","362102","20221104125000","903","0","新竹市","東區","121.010","24.785","459"
"255","362103","20221104125000","273","0","新竹市","北區","120.945","24.835","256"
"356","362104","20221104125000","526","0","新竹市","北區","120.950","24.835","354"
"534","362107","20221104125000","421","2","新竹縣","竹東鎮","121.045","24.785","547"
"130","362108","20221104125000","122","1","新竹縣","竹東鎮","121.050","24.785","118"
"536","362117","20221104125000","444","2","新竹縣","竹東鎮","121.035","24.790","528"
"268","362122","20221104125000","865","0","新竹縣","竹東鎮","121.030","24.795","265"
"261","362128","20221104125000","189","2","新竹縣","竹北市","120.960","24.855","247"
"442","362141","20221104125000","412","1","新竹縣","竹北市","120.955","24.870","492"
"1755","362143","20221104125000","1614","1","新竹縣","竹北市","121.015","24.835","1604"
"38","362150","20221104125000","18","3","新竹縣","新豐鄉","120.955","24.885","26"
"226","362158","20221104125000","230","0","新竹縣","新豐鄉","120.975","24.890","221"
"1474","362159","20221104125000","1458","1","新竹市","東區","121.005","24.790","1427"
"2660","362160","20221104125000","2131","2","新竹市","東區","121.015","24.790","2661"
"20","362249","20221104125000","73","0","新北市","烏來區","121.525","24.830","33"
"76","362275","20221104125000","140","0","新北市","烏來區","121.525","24.835","96"
"13","362568","20221104125000","19","0","新北市","烏來區","121.590","24.850","13"
"210","362673","20221104125000","194","1","新北市","烏來區","121.550","24.875","188"
"46","362692","20221104125000","91","0","新北市","烏來區","121.545","24.880","61"
"126","362700","20221104125000","184","0","新北市","烏來區","121.550","24.885","147"
"145","362717","20221104125000","266","0","新北市","烏來區","121.555","24.845","168"
"26","362723","20221104125000","14","3","新北市","烏來區","121.550","24.850","26"
"135","362740","20221104125000","98","2","新北市","烏來區","121.560","24.860","109"
"465","362744","20221104125000","834","0","新北市","烏來區","121.550","24.865","502"
"13","362745","20221104125000","26","0","新北市","烏來區","121.555","24.865","15"
"98","362793","20221104125000","92","1","新北市","烏來區","121.510","24.775","65"
"1392","362984","20221104125000","1616","0","新竹市","東區","120.960","24.795","1282"
"3795","362985","20221104125000","3609","1","新竹市","東區","121.020","24.790","3571"
"812","362988","20221104125000","897","0","新竹市","東區","120.970","24.775","858"
"2239","362990","20221104125000","2592","0","新竹市","東區","120.985","24.805","2144"
"1176","362992","20221104125000","1445","0","新竹市","北區","120.960","24.805","1129"
"284","362994","20221104125000","260","1","新竹縣","竹北市","120.945","24.850","308"
"841","362996","20221104125000","881","0","新竹縣","竹北市","120.945","24.855","780"
"1082","362998","20221104125000","1000","1","新竹縣","竹北市","120.995","24.840","1066"
"806","362999","20221104125000","1396","0","新竹縣","竹北市","121.000","24.840","878"
"88","363002","20221104125000","391","0","新竹縣","竹北市","121.035","24.800","83"
"2357","363004","20221104125000","559","3","新竹縣","竹北市","121.025","24.805","2366"
"1621","363005","20221104125000","890","3","新竹縣","竹北市","121.030","24.805","1627"
"4588","363006","20221104125000","3374","2","新竹縣","竹北市","121.035","24.805","4825"
"2662","363007","20221104125000","2506","1","新竹縣","竹北市","121.025","24.810","2618"
"1765","363013","20221104125000","1118","3","新竹縣","竹北市","121.050","24.805","1680"
"289","363016","20221104125000","417","0","新竹縣","竹北市","121.045","24.810","406"
"2580","363021","20221104125000","2215","1","新竹縣","竹北市","121.005","24.840","2658"
"4740","363023","20221104125000","2606","3","新竹縣","竹北市","121.020","24.840","4616"
"1265","363024","20221104125000","1465","0","新竹縣","竹北市","121.000","24.845","1262"
"1793","363025","20221104125000","387","3","新竹縣","竹北市","121.000","24.855","1759"
"1812","363026","20221104125000","1516","1","新竹縣","竹北市","121.010","24.845","1812"
"495","363027","20221104125000","815","0","新竹縣","新埔鎮","121.015","24.850","552"
"812","363028","20221104125000","760","1","新竹縣","竹北市","121.020","24.845","728"
"1142","363032","20221104125000","968","1","新竹縣","芎林鄉","121.080","24.775","1055"
"23","363046","20221104125000","20","1","新竹縣","關西鎮","121.140","24.790","18"
"30","363048","20221104125000","22","2","新竹縣","關西鎮","121.150","24.790","21"
"114","363062","20221104125000","111","1","新竹縣","關西鎮","121.185","24.800","116"
"651","363073","20221104125000","855","0","新竹縣","關西鎮","121.200","24.810","668"
"1371","363082","20221104125000","1002","2","新竹縣","關西鎮","121.180","24.820","1468"
"243","363084","20221104125000","172","2","新竹縣","關西鎮","121.175","24.825","234"
"1258","363085","20221104125000","1158","1","桃園市","龍潭區","121.180","24.825","1187"
"1071","363086","20221104125000","1044","1","新竹市","東區","120.975","24.795","895"
"1066","363088","20221104125000","1144","0","新竹縣","寶山鄉","120.985","24.775","1041"
"308","363090","20221104125000","234","2","新竹市","東區","120.980","24.780","297"
"947","363093","20221104125000","941","1","新竹市","東區","120.980","24.785","977"
"1537","363094","20221104125000","1164","2","新竹縣","新豐鄉","121.000","24.875","1534"
"611","363095","20221104125000","626","0","新竹縣","新豐鄉","120.995","24.880","586"
"317","363096","20221104125000","337","0","新竹縣","新豐鄉","121.000","24.880","273"
"508","363097","20221104125000","348","2","新竹縣","新豐鄉","121.005","24.880","427"
"1538","363098","20221104125000","1025","3","新竹縣","新豐鄉","120.990","24.870","1268"
"3100","363099","20221104125000","3769","0","新竹縣","新豐鄉","120.995","24.870","3068"
"1092","363100","20221104125000","1078","1","新竹縣","新豐鄉","120.985","24.865","1149"
"771","363101","20221104125000","744","1","新竹縣","新豐鄉","120.990","24.865","733"
"456","363103","20221104125000","322","2","新竹縣","新豐鄉","120.985","24.875","435"
"602","363109","20221104125000","560","1","新竹縣","關西鎮","121.145","24.805","607"
"70","363127","20221104125000","98","0","新竹縣","關西鎮","121.120","24.780","81"
"241","363143","20221104125000","188","2","新竹縣","關西鎮","121.130","24.790","266"
"108","363153","20221104125000","53","3","新竹縣","關西鎮","121.200","24.775","124"
"832","363158","20221104125000","879","0","新竹縣","關西鎮","121.175","24.785","811"
"1265","363160","20221104125000","998","2","新竹縣","關西鎮","121.185","24.790","1151"
"456","363164","20221104125000","635","0","新竹縣","關西鎮","121.190","24.795","402"
"126","363187","20221104125000","122","1","新竹縣","關西鎮","121.195","24.785","161"
"157","363195","20221104125000","158","0","新竹縣","關西鎮","121.195","24.790","153"
"54","363197","20221104125000","26","3","新竹縣","關西鎮","121.205","24.790","47"
"96","363217","20221104125000","97","0","新竹縣","關西鎮","121.230","24.795","106"
"122","363223","20221104125000","166","0","新竹縣","關西鎮","121.235","24.800","167"
"19","363229","20221104125000","19","1","新竹縣","關西鎮","121.135","24.820","14"
"304","363233","20221104125000","309","0","新竹縣","關西鎮","121.115","24.825","289"
"169","363245","20221104125000","181","0","新竹縣","關西鎮","121.115","24.830","215"
"792","363256","20221104125000","705","1","新竹縣","關西鎮","121.165","24.830","840"
"102","363258","20221104125000","54","3","新竹縣","新埔鎮","121.125","24.835","69"
"212","363272","20221104125000","236","0","新竹縣","關西鎮","121.150","24.840","209"
"933","363274","20221104125000","777","2","新竹縣","關西鎮","121.135","24.810","844"
"674","363291","20221104125000","605","1","新竹縣","關西鎮","121.165","24.800","625"
"2420","363304","20221104125000","2209","1","新竹縣","關西鎮","121.175","24.790","2320"
"230","363306","20221104125000","259","0","新竹縣","關西鎮","121.175","24.795","219"
"156","363308","20221104125000","98","3","新竹縣","關西鎮","121.175","24.805","136"
"1768","363344","20221104125000","1633","1","桃園市","龍潭區","121.230","24.875","1869"
"896","363345","20221104125000","783","1","桃園市","龍潭區","121.230","24.880","1042"
"948","363346","20221104125000","949","0","桃園市","龍潭區","121.225","24.855","930"
"205","363347","20221104125000","142","2","桃園市","龍潭區","121.230","24.855","196"
"88","363355","20221104125000","40","3","桃園市","龍潭區","121.235","24.865","88"
"132","363358","20221104125000","245","0","桃園市","龍潭區","121.230","24.870","125"
"472","363359","20221104125000","405","1","桃園市","龍潭區","121.235","24.870","453"
"37","363361","20221104125000","13","3","桃園市","龍潭區","121.245","24.870","57"
"346","363362","20221104125000","610","0","桃園市","平鎮區","121.245","24.875","333"
"620","363365","20221104125000","677","0","桃園市","龍潭區","121.235","24.840","596"
"986","363366","20221104125000","1066","0","桃園市","龍潭區","121.240","24.835","920"
"327","363369","20221104125000","388","0","桃園市","龍潭區","121.240","24.845","327"
"622","363370","20221104125000","406","3","桃園市","龍潭區","121.245","24.850","626"
"1390","363371","20221104125000","1181","1","桃園市","龍潭區","121.250","24.850","1351"
"1064","363374","20221104125000","829","2","桃園市","龍潭區","121.250","24.855","1109"
"496","363376","20221104125000","782","0","桃園市","龍潭區","121.255","24.860","475"
"445","363377","20221104125000","346","2","桃園市","龍潭區","121.180","24.870","409"
"653","363380","20221104125000","690","0","桃園市","龍潭區","121.195","24.870","619"
"716","363388","20221104125000","543","2","桃園市","龍潭區","121.185","24.880","693"
"4103","363392","20221104125000","2753","2","桃園市","龍潭區","121.185","24.885","4789"
"161","363394","20221104125000","117","2","桃園市","龍潭區","121.180","24.885","134"
"383","363396","20221104125000","473","0","桃園市","龍潭區","121.190","24.885","364"
"215","363397","20221104125000","189","1","桃園市","龍潭區","121.190","24.890","209"
"6028","363481","20221104125000","6374","0","新竹市","東區","120.975","24.810","5715"
"4797","363482","20221104125000","4596","1","新竹市","東區","120.970","24.800","4550"
"1463","363483","20221104125000","1374","1","新竹市","東區","120.970","24.810","1383"
"414","363484","20221104125000","585","0","新竹市","東區","120.970","24.785","437"
"1010","363485","20221104125000","761","2","新竹市","東區","120.975","24.785","930"
"3468","363486","20221104125000","3407","1","新竹市","東區","120.965","24.795","3208"
"1521","363502","20221104125000","1102","2","桃園市","龍潭區","121.185","24.840","1543"
"962","363507","20221104125000","803","1","桃園市","龍潭區","121.185","24.845","1037"
"10","363509","20221104125000","142","0","桃園市","龍潭區","121.170","24.850","10"
"143","363511","20221104125000","54","3","桃園市","龍潭區","121.180","24.850","142"
"112","363514","20221104125000","212","0","桃園市","龍潭區","121.195","24.850","112"
"318","363523","20221104125000","146","3","桃園市","龍潭區","121.190","24.860","316"
"577","363528","20221104125000","637","0","桃園市","龍潭區","121.245","24.835","586"
"283","363532","20221104125000","327","0","桃園市","龍潭區","121.245","24.840","280"
"164","363536","20221104125000","81","3","桃園市","龍潭區","121.245","24.845","151"
"104","363557","20221104125000","125","0","桃園市","龍潭區","121.240","24.830","100"
"478","363560","20221104125000","408","1","桃園市","龍潭區","121.230","24.835","424"
"64","363589","20221104125000","93","0","桃園市","龍潭區","121.160","24.870","109"
"803","363593","20221104125000","690","1","桃園市","龍潭區","121.210","24.840","818"
"369","363597","20221104125000","247","2","桃園市","龍潭區","121.200","24.855","406"
"574","363599","20221104125000","739","0","桃園市","龍潭區","121.210","24.855","501"
"1403","363602","20221104125000","753","3","桃園市","龍潭區","121.225","24.845","1172"
"242","363603","20221104125000","566","0","桃園市","龍潭區","121.230","24.845","291"
"35","363605","20221104125000","26","2","桃園市","龍潭區","121.225","24.850","44"
"936","363611","20221104125000","986","0","桃園市","龍潭區","121.220","24.850","957"
"1799","363613","20221104125000","1476","2","桃園市","龍潭區","121.215","24.865","1783"
"654","363614","20221104125000","944","0","桃園市","龍潭區","121.220","24.865","659"
"645","363615","20221104125000","762","0","桃園市","龍潭區","121.210","24.870","631"
"1041","363616","20221104125000","854","2","桃園市","龍潭區","121.215","24.870","1038"
"327","363620","20221104125000","463","0","桃園市","龍潭區","121.220","24.860","336"
"453","363625","20221104125000","625","0","桃園市","龍潭區","121.205","24.865","405"
"169","363626","20221104125000","119","2","桃園市","龍潭區","121.200","24.870","198"
"1599","363627","20221104125000","788","3","桃園市","龍潭區","121.205","24.870","1482"
"2272","363628","20221104125000","2183","1","新竹縣","竹北市","121.020","24.835","3099"
"1258","363629","20221104125000","1448","0","新竹縣","竹北市","121.025","24.835","1227"
"1100","363630","20221104125000","1158","0","新竹縣","竹北市","121.010","24.835","1042"
"201","363633","20221104125000","181","1","新竹市","東區","120.960","24.780","184"
"438","363634","20221104125000","358","2","新竹市","東區","120.965","24.780","461"
"958","363637","20221104125000","813","1","新竹市","東區","120.965","24.785","900"
"3372","363639","20221104125000","3112","1","新竹市","東區","120.965","24.790","3298"
"1995","363641","20221104125000","2337","0","新竹市","東區","121.020","24.785","1955"
"357","363642","20221104125000","377","0","新竹縣","竹東鎮","121.025","24.785","361"
"761","363644","20221104125000","614","2","新竹縣","竹東鎮","121.035","24.775","770"
"2675","363646","20221104125000","1278","3","新竹縣","竹東鎮","121.045","24.775","2529"
"1476","363648","20221104125000","1641","0","新竹縣","竹東鎮","121.030","24.780","1473"
"382","363651","20221104125000","479","0","新竹縣","竹東鎮","121.045","24.780","424"
"1087","363655","20221104125000","1214","0","桃園市","龍潭區","121.235","24.880","1089"
"762","363658","20221104125000","750","1","桃園市","龍潭區","121.240","24.880","733"
"112","363661","20221104125000","137","0","桃園市","龍潭區","121.240","24.810","124"
"656","363663","20221104125000","831","0","桃園市","龍潭區","121.240","24.815","610"
"55","363664","20221104125000","71","0","桃園市","龍潭區","121.235","24.820","48"
"230","363667","20221104125000","256","0","桃園市","龍潭區","121.230","24.825","231"
"527","363668","20221104125000","563","0","桃園市","龍潭區","121.235","24.825","568"
"560","363676","20221104125000","536","1","桃園市","龍潭區","121.230","24.840","583"
"682","363677","20221104125000","913","0","新竹縣","竹北市","121.005","24.845","680"
"1322","363682","20221104125000","1179","1","新竹縣","芎林鄉","121.080","24.780","1299"
"862","363687","20221104125000","747","1","新竹縣","芎林鄉","121.070","24.790","839"
"569","363696","20221104125000","604","0","新竹縣","芎林鄉","121.060","24.795","555"
"616","363709","20221104125000","607","1","新竹縣","芎林鄉","121.090","24.775","634"
"12","363713","20221104125000","31","0","新竹縣","芎林鄉","121.110","24.775","12"
"64","363725","20221104125000","99","0","新竹縣","芎林鄉","121.100","24.780","54"
"231","363728","20221104125000","175","2","新竹縣","芎林鄉","121.100","24.785","227"
"896","363737","20221104125000","685","2","新竹縣","竹北市","120.985","24.835","869"
"442","363744","20221104125000","281","3","新竹縣","竹北市","120.975","24.840","463"
"612","363746","20221104125000","575","1","新竹縣","竹北市","120.955","24.840","572"
"341","363748","20221104125000","298","1","新竹縣","竹北市","120.965","24.840","362"
"40","363765","20221104125000","306","0","宜蘭縣","礁溪鄉","121.790","24.795","52"
"57","363769","20221104125000","160","0","宜蘭縣","礁溪鄉","121.780","24.800","65"
"196","363770","20221104125000","272","0","宜蘭縣","礁溪鄉","121.785","24.800","198"
"186","363777","20221104125000","266","0","宜蘭縣","礁溪鄉","121.790","24.810","182"
"938","363779","20221104125000","1380","0","宜蘭縣","礁溪鄉","121.775","24.830","998"
"720","363783","20221104125000","546","2","宜蘭縣","礁溪鄉","121.780","24.835","707"
"394","363797","20221104125000","496","0","宜蘭縣","礁溪鄉","121.790","24.830","347"
"32","363798","20221104125000","87","0","宜蘭縣","礁溪鄉","121.785","24.835","24"
"1058","363803","20221104125000","752","2","桃園市","平鎮區","121.200","24.890","1050"
"1338","363805","20221104125000","1403","0","新竹市","北區","120.955","24.805","1318"
"386","363808","20221104125000","619","0","新竹市","北區","120.945","24.815","365"
"19","363811","20221104125000","41","0","新竹市","北區","120.955","24.785","18"
"1630","363814","20221104125000","1353","2","新竹市","北區","120.955","24.790","1707"
"465","363815","20221104125000","611","0","新竹市","香山區","120.950","24.795","456"
"1621","363816","20221104125000","1568","1","桃園市","大溪區","121.290","24.885","1679"
"3793","363817","20221104125000","3251","1","新竹縣","寶山鄉","120.990","24.775","4034"
"3208","363818","20221104125000","2130","3","新竹縣","寶山鄉","120.995","24.775","3508"
"6931","363819","20221104125000","6122","1","新竹縣","寶山鄉","121.000","24.775","7675"
"6165","363821","20221104125000","4470","2","新竹市","東區","120.995","24.780","6924"
"681","363824","20221104125000","848","0","新竹縣","竹北市","121.010","24.820","664"
"1774","363825","20221104125000","2029","0","新竹縣","竹北市","121.015","24.820","1543"
"2352","363826","20221104125000","1783","2","新竹縣","竹北市","121.005","24.825","2380"
"2968","363827","20221104125000","2362","2","新竹縣","竹北市","121.010","24.825","2833"
"1426","363828","20221104125000","1479","0","新竹縣","竹北市","121.005","24.830","1423"
"475","363835","20221104125000","393","2","新竹縣","新埔鎮","121.050","24.835","462"
"460","363837","20221104125000","547","0","新竹縣","新埔鎮","121.045","24.840","456"
"25","363850","20221104125000","26","0","新竹縣","新埔鎮","121.035","24.840","34"
"1186","363852","20221104125000","1028","1","新竹縣","新埔鎮","121.025","24.845","1126"
"51","363855","20221104125000","178","0","新竹縣","新埔鎮","121.040","24.845","57"
"84","363864","20221104125000","43","3","桃園市","龍潭區","121.210","24.875","72"
"1002","363865","20221104125000","1038","0","桃園市","龍潭區","121.205","24.880","1016"
"209","363866","20221104125000","188","1","新竹縣","竹北市","120.980","24.840","210"
"407","363870","20221104125000","455","0","新竹縣","竹北市","120.975","24.850","427"
"263","363871","20221104125000","397","0","新竹縣","竹北市","120.980","24.850","248"
"160","363872","20221104125000","195","0","新竹縣","竹東鎮","121.055","24.775","163"
"395","363875","20221104125000","377","1","新竹縣","竹東鎮","121.055","24.780","381"
"257","363877","20221104125000","204","2","新竹縣","竹東鎮","121.055","24.785","223"
"67","363882","20221104125000","75","0","宜蘭縣","礁溪鄉","121.745","24.800","73"
"172","363884","20221104125000","168","1","宜蘭縣","礁溪鄉","121.755","24.800","198"
"1193","363890","20221104125000","685","3","宜蘭縣","礁溪鄉","121.740","24.780","1184"
"183","363899","20221104125000","165","1","宜蘭縣","礁溪鄉","121.740","24.790","210"
"42","363932","20221104125000","41","1","新竹市","香山區","120.915","24.775","47"
"445","363936","20221104125000","664","0","新竹市","香山區","120.950","24.775","445"
"298","363940","20221104125000","210","2","新竹市","香山區","120.950","24.780","267"
"419","363941","20221104125000","473","0","新竹市","香山區","120.935","24.795","382"
"358","363948","20221104125000","341","1","新竹市","香山區","120.925","24.800","335"
"2777","363957","20221104125000","1488","3","新竹縣","竹北市","120.995","24.835","2741"
"535","363960","20221104125000","888","0","新竹縣","竹北市","121.000","24.825","512"
"363","363961","20221104125000","381","0","新竹縣","竹北市","120.990","24.830","349"
"667","363963","20221104125000","621","1","新竹縣","竹北市","121.000","24.830","682"
"1892","363964","20221104125000","1550","2","新竹縣","竹北市","121.000","24.835","1847"
"527","363965","20221104125000","526","1","新竹縣","竹北市","121.005","24.835","525"
"549","363968","20221104125000","473","1","新竹縣","竹北市","120.970","24.835","540"
"2894","363976","20221104125000","2788","1","桃園市","龍潭區","121.215","24.860","2817"
"1050","363977","20221104125000","964","1","桃園市","龍潭區","121.210","24.865","1091"
"253","363980","20221104125000","151","3","新竹縣","新埔鎮","121.110","24.815","215"
"488","363985","20221104125000","520","0","新竹縣","新埔鎮","121.090","24.825","479"
"305","363989","20221104125000","280","1","新竹縣","關西鎮","121.110","24.825","270"
"1975","363994","20221104125000","1853","1","新竹市","北區","120.970","24.820","2037"
"1888","363995","20221104125000","2155","0","新竹市","北區","120.955","24.810","1775"
"2038","363996","20221104125000","1920","1","新竹市","北區","120.960","24.810","2004"
"859","363997","20221104125000","964","0","宜蘭縣","頭城鎮","121.825","24.860","927"
"12","364009","20221104125000","86","0","桃園市","大溪區","121.290","24.835","11"
"27","364010","20221104125000","56","0","桃園市","大溪區","121.295","24.835","31"
"21","364011","20221104125000","26","0","桃園市","大溪區","121.300","24.835","12"
"37","364012","20221104125000","35","1","桃園市","大溪區","121.305","24.835","55"
"56","364013","20221104125000","70","0","桃園市","大溪區","121.280","24.840","66"
"24","364014","20221104125000","56","0","桃園市","大溪區","121.285","24.840","25"
"16","364017","20221104125000","15","1","桃園市","大溪區","121.300","24.840","16"
"805","364024","20221104125000","690","1","桃園市","大溪區","121.285","24.850","769"
"24","364032","20221104125000","249","0","桃園市","大溪區","121.295","24.855","24"
"24","364043","20221104125000","35","0","桃園市","大溪區","121.305","24.860","20"
"201","364050","20221104125000","206","0","桃園市","大溪區","121.295","24.865","193"
"90","364052","20221104125000","82","1","桃園市","大溪區","121.305","24.865","94"
"357","364061","20221104125000","189","3","桃園市","大溪區","121.300","24.870","339"
"119","364068","20221104125000","193","0","桃園市","大溪區","121.300","24.875","134"
"65","364070","20221104125000","38","3","桃園市","大溪區","121.310","24.875","65"
"252","364110","20221104125000","368","0","桃園市","大溪區","121.270","24.840","264"
"10","364116","20221104125000","17","0","桃園市","大溪區","121.275","24.850","10"
"482","364119","20221104125000","465","1","新竹縣","新豐鄉","121.005","24.885","479"
"536","364123","20221104125000","402","2","新竹縣","新豐鄉","121.005","24.890","555"
"291","364126","20221104125000","259","1","新竹縣","湖口鄉","121.020","24.890","277"
"42","364127","20221104125000","59","0","新竹縣","新豐鄉","120.995","24.875","32"
"237","364129","20221104125000","231","1","新竹縣","新豐鄉","120.990","24.880","232"
"220","364130","20221104125000","261","0","新竹縣","新豐鄉","120.990","24.885","215"
"1569","364132","20221104125000","1393","1","新竹縣","新豐鄉","120.990","24.890","1564"
"372","364139","20221104125000","332","1","新竹縣","湖口鄉","121.025","24.890","301"
"449","364141","20221104125000","451","0","新竹縣","湖口鄉","121.035","24.890","465"
"1476","364143","20221104125000","1181","2","新竹縣","湖口鄉","121.020","24.860","1499"
"378","364146","20221104125000","328","1","新竹縣","湖口鄉","121.015","24.865","377"
"961","364147","20221104125000","717","2","新竹縣","湖口鄉","121.020","24.865","941"
"1189","364148","20221104125000","1117","1","新竹縣","湖口鄉","121.025","24.865","1223"
"590","364149","20221104125000","837","0","新竹縣","湖口鄉","121.030","24.865","576"
"1078","364163","20221104125000","910","1","新竹縣","湖口鄉","121.035","24.875","1149"
"1499","364164","20221104125000","1693","0","新竹縣","湖口鄉","121.040","24.875","1426"
"360","364168","20221104125000","312","1","新竹縣","湖口鄉","121.035","24.880","307"
"278","364171","20221104125000","297","0","新竹縣","湖口鄉","121.050","24.880","277"
"56","364179","20221104125000","28","3","新竹縣","湖口鄉","121.065","24.875","39"
"26","364180","20221104125000","20","2","新竹縣","湖口鄉","121.070","24.875","37"
"257","364189","20221104125000","329","0","新竹縣","湖口鄉","121.075","24.880","282"
"178","364194","20221104125000","147","2","新竹縣","湖口鄉","121.070","24.885","181"
"338","364195","20221104125000","235","2","新竹縣","湖口鄉","121.075","24.885","296"
"962","364201","20221104125000","757","2","新竹縣","湖口鄉","121.055","24.880","871"
"316","364202","20221104125000","567","0","新竹縣","湖口鄉","121.060","24.880","266"
"342","364205","20221104125000","353","0","新竹縣","湖口鄉","121.050","24.885","320"
"42","364211","20221104125000","50","0","新竹縣","湖口鄉","121.105","24.880","65"
"521","364216","20221104125000","485","1","新竹縣","湖口鄉","121.090","24.885","505"
"176","364222","20221104125000","155","1","新竹縣","湖口鄉","121.100","24.885","164"
"364","364228","20221104125000","358","1","新竹縣","湖口鄉","121.110","24.890","326"
"372","364231","20221104125000","276","2","新竹縣","湖口鄉","121.085","24.885","391"
"315","364236","20221104125000","221","2","新竹縣","湖口鄉","121.080","24.890","325"
"404","364238","20221104125000","372","1","新竹縣","湖口鄉","121.090","24.890","402"
"3743","364239","20221104125000","3565","1","新竹縣","湖口鄉","121.015","24.870","3508"
"456","364240","20221104125000","654","0","新竹縣","湖口鄉","121.015","24.875","451"
"2787","364242","20221104125000","1786","3","新竹縣","湖口鄉","121.025","24.875","2781"
"4025","364243","20221104125000","861","3","新竹縣","湖口鄉","121.010","24.880","1148"
"2769","364244","20221104125000","2901","0","新竹市","北區","120.965","24.805","2894"
"12","364290","20221104125000","22","0","新北市","新店區","121.510","24.890","19"
"32","364291","20221104125000","29","1","新北市","新店區","121.515","24.890","32"
"270","364296","20221104125000","416","0","桃園市","大溪區","121.265","24.885","268"
"381","364314","20221104125000","472","0","桃園市","大溪區","121.280","24.870","1302"
"69","364340","20221104125000","104","0","桃園市","大溪區","121.285","24.820","79"
"33","364349","20221104125000","44","0","桃園市","大溪區","121.295","24.825","29"
"136","364352","20221104125000","172","0","桃園市","大溪區","121.310","24.825","126"
"76","364355","20221104125000","86","0","桃園市","大溪區","121.300","24.830","101"
"66","364359","20221104125000","136","0","桃園市","大溪區","121.305","24.830","138"
"25","364384","20221104125000","68","0","桃園市","大溪區","121.335","24.845","13"
"573","364405","20221104125000","553","1","桃園市","大溪區","121.300","24.890","493"
"578","364409","20221104125000","525","1","新竹縣","湖口鄉","121.045","24.890","543"
"117","364419","20221104125000","61","3","新竹縣","湖口鄉","121.040","24.860","144"
"719","364424","20221104125000","698","1","新竹縣","湖口鄉","121.035","24.865","759"
"610","364429","20221104125000","399","3","新竹縣","湖口鄉","121.020","24.870","602"
"1031","364430","20221104125000","1737","0","新竹縣","湖口鄉","121.025","24.870","1003"
"996","364431","20221104125000","817","2","新竹縣","湖口鄉","121.030","24.870","977"
"1369","364432","20221104125000","1230","1","新竹縣","湖口鄉","121.035","24.870","1322"
"1484","364436","20221104125000","1708","0","新竹縣","湖口鄉","121.030","24.875","1466"
"12","364448","20221104125000","23","0","新竹縣","新埔鎮","121.095","24.805","17"
"462","364453","20221104125000","336","2","新竹縣","新埔鎮","121.090","24.810","390"
"103","364470","20221104125000","87","1","新竹縣","新埔鎮","121.095","24.855","125"
"403","364480","20221104125000","420","0","新竹縣","新埔鎮","121.060","24.835","403"
"199","364482","20221104125000","164","2","新竹縣","新埔鎮","121.060","24.840","239"
"1883","364497","20221104125000","2007","0","新竹縣","新埔鎮","121.085","24.830","1845"
"31","364505","20221104125000","41","0","新竹縣","芎林鄉","121.085","24.790","198"
"88","364507","20221104125000","84","1","新竹縣","新埔鎮","121.085","24.795","69"
"304","364516","20221104125000","58","3","新竹縣","新埔鎮","121.080","24.810","178"
"163","364518","20221104125000","145","1","新竹縣","新埔鎮","121.080","24.815","142"
"551","364538","20221104125000","515","1","新竹縣","新埔鎮","121.120","24.840","520"
"538","364549","20221104125000","516","1","新竹縣","新埔鎮","121.060","24.820","508"
"79","364555","20221104125000","189","0","新竹縣","新埔鎮","121.060","24.825","84"
"668","364558","20221104125000","804","0","新竹縣","新埔鎮","121.040","24.830","694"
"2313","364561","20221104125000","2079","1","新竹縣","新埔鎮","121.030","24.835","2246"
"31","364571","20221104125000","57","0","新竹縣","新埔鎮","121.145","24.855","24"
"1202","364579","20221104125000","1086","1","新竹縣","新埔鎮","121.080","24.830","1209"
"331","364581","20221104125000","320","1","宜蘭縣","宜蘭市","121.760","24.770","365"
"424","364583","20221104125000","267","3","宜蘭縣","宜蘭市","121.770","24.770","411"
"124","364585","20221104125000","134","0","宜蘭縣","宜蘭市","121.765","24.770","126"
"188","364586","20221104125000","148","2","宜蘭縣","宜蘭市","121.760","24.775","213"
"374","364587","20221104125000","288","2","宜蘭縣","宜蘭市","121.760","24.780","351"
"137","364588","20221104125000","107","2","桃園市","平鎮區","121.185","24.890","121"
"482","364590","20221104125000","363","2","桃園市","大溪區","121.285","24.865","434"
"513","364594","20221104125000","447","1","桃園市","大溪區","121.285","24.875","477"
"1036","364597","20221104125000","970","1","桃園市","大溪區","121.285","24.880","988"
"624","364599","20221104125000","966","0","桃園市","大溪區","121.295","24.880","635"
"1099","364601","20221104125000","1062","1","桃園市","大溪區","121.270","24.880","1128"
"170","364607","20221104125000","222","0","桃園市","楊梅區","121.180","24.890","180"
"276","364609","20221104125000","271","1","桃園市","龍潭區","121.235","24.875","255"
"552","364612","20221104125000","474","1","桃園市","龍潭區","121.220","24.870","541"
"645","364613","20221104125000","485","2","桃園市","龍潭區","121.225","24.870","647"
"418","364614","20221104125000","346","2","桃園市","龍潭區","121.205","24.885","425"
"72","364615","20221104125000","162","0","桃園市","龍潭區","121.205","24.890","56"
"1559","364616","20221104125000","1555","1","桃園市","龍潭區","121.210","24.885","1548"
"220","364618","20221104125000","194","1","新竹縣","竹北市","120.990","24.835","166"
"424","364620","20221104125000","368","1","新竹縣","竹北市","120.990","24.840","431"
"344","364623","20221104125000","386","0","新竹縣","竹北市","120.990","24.845","366"
"549","364629","20221104125000","1140","0","新竹縣","竹北市","121.045","24.795","504"
"1082","364631","20221104125000","910","1","新竹縣","竹北市","121.040","24.800","973"
"900","364632","20221104125000","348","3","新竹縣","竹北市","121.045","24.800","828"
"457","364633","20221104125000","626","0","新竹縣","竹北市","121.050","24.800","447"
"3182","364634","20221104125000","2400","2","新竹縣","竹北市","121.040","24.805","3000"
"877","364635","20221104125000","592","2","新竹縣","竹北市","121.045","24.805","867"
"2025","364637","20221104125000","2045","0","新竹縣","竹北市","121.020","24.810","2079"
"1267","364639","20221104125000","1284","0","新竹縣","竹北市","121.020","24.815","1161"
"1843","364640","20221104125000","2947","0","新竹縣","竹北市","121.025","24.815","1841"
"297","364641","20221104125000","395","0","新竹縣","竹北市","121.020","24.820","1611"
"1605","364642","20221104125000","3089","0","新竹縣","竹北市","121.025","24.820","1543"
"817","364648","20221104125000","650","2","新竹市","北區","120.925","24.840","796"
"561","364657","20221104125000","681","0","桃園市","龍潭區","121.210","24.890","591"
"61","364662","20221104125000","64","0","桃園市","復興區","121.325","24.775","69"
"21","364692","20221104125000","28","0","桃園市","復興區","121.335","24.790","29"
"130","364720","20221104125000","200","0","桃園市","復興區","121.345","24.805","159"
"316","364731","20221104125000","306","1","桃園市","復興區","121.350","24.815","349"
"136","364735","20221104125000","247","0","桃園市","復興區","121.350","24.820","143"
"316","364741","20221104125000","152","3","桃園市","復興區","121.370","24.825","264"
"13","364744","20221104125000","23","0","桃園市","復興區","121.365","24.830","11"
"112","364767","20221104125000","213","0","桃園市","復興區","121.375","24.800","118"
"27","364824","20221104125000","57","0","桃園市","復興區","121.375","24.785","40"
"29","364825","20221104125000","28","1","桃園市","復興區","121.380","24.785","38"
"42","364828","20221104125000","39","1","桃園市","復興區","121.395","24.785","39"
"163","364934","20221104125000","190","0","桃園市","復興區","121.305","24.800","142"
"31","364969","20221104125000","28","1","桃園市","復興區","121.400","24.805","26"
"39","364990","20221104125000","17","3","桃園市","復興區","121.375","24.815","54"
"48","365017","20221104125000","52","0","桃園市","復興區","121.390","24.825","47"
"159","365042","20221104125000","247","0","桃園市","復興區","121.385","24.835","272"
"229","365054","20221104125000","324","0","桃園市","楊梅區","121.155","24.880","265"
"124","365058","20221104125000","150","0","桃園市","楊梅區","121.155","24.885","127"
"402","365063","20221104125000","339","1","桃園市","楊梅區","121.150","24.885","405"
"159","365065","20221104125000","154","1","桃園市","楊梅區","121.160","24.885","152"
"74","365067","20221104125000","151","0","桃園市","楊梅區","121.150","24.890","89"
"506","365068","20221104125000","570","0","桃園市","楊梅區","121.155","24.890","463"
"783","365070","20221104125000","432","3","桃園市","楊梅區","121.170","24.885","791"
"1877","365073","20221104125000","2413","0","新竹市","北區","120.955","24.795","1881"
"358","365074","20221104125000","401","0","新竹市","香山區","120.955","24.780","327"
"1555","365075","20221104125000","1385","1","新竹市","香山區","120.945","24.790","1613"
"455","365076","20221104125000","317","2","新竹市","香山區","120.950","24.790","460"
"664","365079","20221104125000","745","0","新竹市","香山區","120.925","24.790","673"
"1178","365080","20221104125000","1490","0","新竹市","香山區","120.925","24.795","1115"
"992","365083","20221104125000","684","2","新竹市","香山區","120.940","24.775","888"
"845","365086","20221104125000","665","2","新竹市","香山區","120.940","24.780","710"
"228","365089","20221104125000","262","0","新竹市","香山區","120.935","24.785","281"
"1762","365090","20221104125000","1839","0","新竹縣","竹北市","121.015","24.840","1737"
"4504","365091","20221104125000","4232","1","新竹縣","竹北市","121.010","24.840","4297"
"738","365092","20221104125000","545","2","桃園市","龍潭區","121.210","24.880","754"
"375","365093","20221104125000","382","0","桃園市","龍潭區","121.215","24.880","363"
"614","365094","20221104125000","472","2","桃園市","龍潭區","121.215","24.885","588"
"413","365099","20221104125000","532","0","桃園市","龍潭區","121.200","24.875","371"
"367","365102","20221104125000","458","0","桃園市","龍潭區","121.195","24.885","372"
"444","365105","20221104125000","312","2","桃園市","龍潭區","121.200","24.885","409"
"721","365121","20221104125000","779","0","桃園市","龍潭區","121.180","24.835","767"
"478","365122","20221104125000","452","1","桃園市","龍潭區","121.185","24.835","478"
"1279","365124","20221104125000","1132","1","桃園市","龍潭區","121.195","24.835","1144"
"599","365133","20221104125000","844","0","桃園市","龍潭區","121.200","24.850","610"
"570","365138","20221104125000","537","1","桃園市","龍潭區","121.210","24.810","572"
"226","365145","20221104125000","253","0","桃園市","龍潭區","121.205","24.820","230"
"266","365150","20221104125000","314","0","桃園市","龍潭區","121.205","24.825","263"
"233","365153","20221104125000","164","2","桃園市","龍潭區","121.220","24.825","221"
"1401","365158","20221104125000","1086","2","桃園市","龍潭區","121.205","24.835","1516"
"66","365159","20221104125000","60","1","桃園市","龍潭區","121.210","24.835","64"
"742","365161","20221104125000","733","1","桃園市","龍潭區","121.205","24.840","764"
"233","365169","20221104125000","304","0","桃園市","龍潭區","121.230","24.885","226"
"829","365173","20221104125000","893","0","新竹市","北區","120.965","24.815","787"
"782","365174","20221104125000","678","1","新竹市","北區","120.960","24.820","695"
"1123","365175","20221104125000","1051","1","新竹市","北區","120.960","24.800","1112"
"2076","365176","20221104125000","1955","1","新竹市","東區","120.980","24.795","2271"
"1547","365177","20221104125000","1670","0","新竹市","東區","120.985","24.795","1527"
"12","365178","20221104125000","249","0","新竹市","東區","120.985","24.790","22"
"1319","365183","20221104125000","999","2","新竹市","北區","120.975","24.820","1418"
"887","365184","20221104125000","816","1","新竹市","北區","120.975","24.825","900"
"511","365185","20221104125000","570","0","新竹市","北區","120.980","24.825","511"
"1481","365210","20221104125000","1420","1","新竹市","東區","121.000","24.800","1440"
"2167","365211","20221104125000","2774","0","新竹市","東區","121.000","24.795","2117"
"599","365212","20221104125000","504","1","新竹市","東區","121.025","24.780","610"
"632","365213","20221104125000","648","0","桃園市","龍潭區","121.245","24.880","596"
"556","365219","20221104125000","629","0","桃園市","平鎮區","121.240","24.890","525"
"951","365221","20221104125000","1017","0","新竹市","北區","120.930","24.835","895"
"566","365222","20221104125000","634","0","新竹市","北區","120.935","24.835","547"
"2417","365223","20221104125000","1854","2","新竹市","北區","120.970","24.825","2436"
"2785","365224","20221104125000","3381","0","新竹市","東區","120.975","24.815","2999"
"3225","365225","20221104125000","3463","0","新竹市","東區","120.980","24.815","3167"
"1134","365226","20221104125000","887","2","新竹市","北區","120.965","24.825","1131"
"434","365227","20221104125000","319","2","新竹市","北區","120.965","24.830","429"
"366","365229","20221104125000","384","0","桃園市","楊梅區","121.140","24.885","380"
"178","365231","20221104125000","163","1","桃園市","楊梅區","121.135","24.885","154"
"711","365234","20221104125000","779","0","桃園市","楊梅區","121.135","24.890","696"
"229","365235","20221104125000","278","0","桃園市","楊梅區","121.140","24.890","232"
"507","365236","20221104125000","764","0","桃園市","楊梅區","121.145","24.890","531"
"650","365237","20221104125000","609","1","新竹市","北區","120.950","24.805","644"
"928","365238","20221104125000","795","1","新竹市","北區","120.940","24.840","909"
"669","365240","20221104125000","895","0","新竹市","北區","120.930","24.840","670"
"713","365241","20221104125000","570","2","新竹市","北區","120.935","24.840","684"
"401","365243","20221104125000","377","1","新竹市","北區","120.925","24.845","368"
"675","365244","20221104125000","677","0","新竹市","北區","120.930","24.845","672"
"1879","365253","20221104125000","2404","0","新竹市","東區","120.965","24.800","1903"
"3915","365254","20221104125000","3867","1","新竹市","東區","121.005","24.795","3734"
"2381","365255","20221104125000","2408","0","新竹市","東區","121.010","24.795","2327"
"849","365258","20221104125000","802","1","新竹市","東區","121.015","24.795","850"
"899","365259","20221104125000","605","2","新竹市","東區","120.970","24.790","1083"
"645","365261","20221104125000","806","0","新竹市","北區","120.955","24.815","669"
"3857","365262","20221104125000","4016","0","新竹市","北區","120.960","24.815","3939"
"676","365264","20221104125000","633","1","新竹市","北區","120.955","24.825","605"
"4175","365265","20221104125000","3597","1","新竹市","東區","121.010","24.790","3992"
"479","365266","20221104125000","837","0","新竹市","東區","120.970","24.795","477"
"1467","365267","20221104125000","1568","0","新竹市","東區","120.980","24.790","1308"
"3234","365268","20221104125000","3313","0","新竹市","東區","120.970","24.805","3100"
"524","365269","20221104125000","685","0","新竹市","北區","120.945","24.805","574"
"673","365270","20221104125000","671","1","新竹市","香山區","120.950","24.800","684"
"1496","365271","20221104125000","1317","1","新竹市","北區","120.955","24.800","1455"
"95","365292","20221104125000","230","0","桃園市","復興區","121.340","24.820","90"
"13","365296","20221104125000","63","0","桃園市","復興區","121.340","24.825","15"
"13","365300","20221104125000","66","0","桃園市","復興區","121.335","24.830","15"
"228","365304","20221104125000","287","0","桃園市","大溪區","121.330","24.835","218"
"87","365315","20221104125000","162","0","桃園市","復興區","121.350","24.835","99"
"1572","365322","20221104125000","1510","1","新竹市","東區","120.970","24.815","1579"
"3519","365323","20221104125000","3335","1","新竹市","北區","120.965","24.810","3484"
"4072","365324","20221104125000","4139","0","新竹市","東區","120.990","24.800","4473"
"148","365325","20221104125000","433","0","新竹市","東區","120.990","24.805","132"
"179","365326","20221104125000","191","0","新竹市","東區","120.995","24.805","189"
"1344","365327","20221104125000","2943","0","新竹市","東區","120.995","24.785","1387"
"1063","365328","20221104125000","1198","0","新竹市","東區","121.000","24.780","1123"
"1185","365330","20221104125000","900","2","新竹市","東區","120.990","24.785","959"
"1972","365331","20221104125000","2786","0","新竹市","東區","121.000","24.790","1967"
"865","365332","20221104125000","984","0","新竹市","東區","121.000","24.785","842"
"1011","365334","20221104125000","783","2","新竹市","東區","120.990","24.795","923"
"2741","365335","20221104125000","2186","2","新竹市","東區","120.990","24.790","2929"
"1847","365336","20221104125000","1765","1","新竹市","東區","120.995","24.795","1744"
"1480","365337","20221104125000","1675","0","新竹市","東區","120.995","24.790","1350"
"539","365338","20221104125000","501","1","新竹市","北區","120.960","24.790","496"
"1007","365339","20221104125000","984","1","新竹市","東區","120.980","24.800","1087"
"370","365340","20221104125000","384","0","新竹市","東區","120.990","24.810","344"
"1176","365341","20221104125000","1696","0","新竹市","東區","120.985","24.815","1176"
"902","365346","20221104125000","1169","0","新竹市","東區","120.995","24.820","906"
"48","365347","20221104125000","137","0","新竹市","東區","121.005","24.800","46"
"33","365352","20221104125000","403","0","新竹市","東區","121.015","24.805","52"
"268","365356","20221104125000","463","0","桃園市","楊梅區","121.130","24.885","309"
"121","365363","20221104125000","97","2","桃園市","楊梅區","121.125","24.890","102"
"183","365364","20221104125000","251","0","桃園市","楊梅區","121.130","24.890","238"
"68","367498","20221104125000","94","0","宜蘭縣","頭城鎮","121.880","24.910","72"
"36","369694","20221104125000","72","0","宜蘭縣","頭城鎮","121.895","24.940","39"
"49","369695","20221104125000","284","0","宜蘭縣","頭城鎮","121.900","24.940","35"
"299","373866","20221104125000","391","0","新北市","板橋區","121.435","24.985","319"
"2301","373867","20221104125000","3094","0","新北市","中和區","121.515","24.990","2320"
"45","373876","20221104125000","94","0","宜蘭縣","頭城鎮","121.850","24.895","66"
"360","373895","20221104125000","256","2","宜蘭縣","頭城鎮","121.890","24.940","242"
"68","373934","20221104125000","115","0","宜蘭縣","頭城鎮","121.900","24.945","96"
"25","373935","20221104125000","36","0","宜蘭縣","頭城鎮","121.900","24.950","38"
"32","373940","20221104125000","52","0","宜蘭縣","頭城鎮","121.915","24.950","38"
"179","373951","20221104125000","241","0","宜蘭縣","頭城鎮","121.920","24.960","276"
"213","373977","20221104125000","204","1","新北市","雙溪區","121.795","24.900","111"
"182","373991","20221104125000","229","0","宜蘭縣","頭城鎮","121.865","24.905","177"
"82","373993","20221104125000","129","0","宜蘭縣","頭城鎮","121.850","24.905","94"
"10","374026","20221104125000","18","0","宜蘭縣","頭城鎮","121.945","24.980","10"
"1498","374034","20221104125000","1846","0","新北市","中和區","121.525","24.990","1483"
"2182","374036","20221104125000","3925","0","新北市","土城區","121.465","24.985","2300"
"2430","374037","20221104125000","2331","1","新北市","土城區","121.470","24.990","2389"
"1072","374042","20221104125000","1005","1","新北市","土城區","121.470","24.975","1068"
"824","374045","20221104125000","1849","0","新北市","新店區","121.545","24.980","801"
"778","374046","20221104125000","553","2","新北市","中和區","121.480","24.965","826"
"32","374051","20221104125000","40","0","新北市","中和區","121.490","24.970","42"
"48","374054","20221104125000","42","1","新北市","中和區","121.495","24.975","46"
"220","374055","20221104125000","277","0","新北市","中和區","121.495","24.980","251"
"1030","374056","20221104125000","1133","0","新北市","中和區","121.505","24.985","1044"
"759","374067","20221104125000","610","2","新北市","三峽區","121.380","24.925","749"
"1524","374070","20221104125000","1644","0","新北市","三峽區","121.370","24.930","1531"
"457","374083","20221104125000","361","2","新北市","三峽區","121.405","24.905","393"
"63","374086","20221104125000","40","3","新北市","三峽區","121.380","24.910","48"
"79","374097","20221104125000","60","2","新北市","三峽區","121.350","24.895","80"
"49","374103","20221104125000","55","0","新北市","三峽區","121.350","24.900","53"
"194","374104","20221104125000","180","1","新北市","三峽區","121.355","24.900","193"
"125","374106","20221104125000","124","1","新北市","三峽區","121.365","24.900","88"
"231","374107","20221104125000","170","2","新北市","三峽區","121.360","24.905","212"
"65","374108","20221104125000","400","0","新北市","三峽區","121.365","24.905","541"
"731","374109","20221104125000","765","0","新北市","三峽區","121.365","24.910","642"
"189","374111","20221104125000","188","1","新北市","三峽區","121.365","24.920","196"
"42","374139","20221104125000","40","1","新北市","三峽區","121.465","24.915","41"
"39","374147","20221104125000","41","0","新北市","三峽區","121.455","24.920","75"
"149","374167","20221104125000","133","1","新北市","三峽區","121.445","24.925","139"
"148","374179","20221104125000","157","0","新北市","三峽區","121.455","24.930","185"
"15","374183","20221104125000","71","0","新北市","三峽區","121.445","24.935","20"
"2564","374196","20221104125000","2780","0","新北市","新店區","121.550","24.970","2520"
"813","374198","20221104125000","1236","0","新北市","新店區","121.550","24.975","819"
"449","374199","20221104125000","577","0","新北市","土城區","121.455","24.990","470"
"1048","374200","20221104125000","845","2","新北市","土城區","121.440","24.980","1041"
"539","374201","20221104125000","338","3","新北市","土城區","121.445","24.980","559"
"3570","374203","20221104125000","3280","1","新北市","中和區","121.495","24.990","3750"
"1647","374204","20221104125000","1744","0","新北市","中和區","121.510","24.985","1699"
"6801","374205","20221104125000","6468","1","新北市","新店區","121.545","24.975","6819"
"1829","374206","20221104125000","1581","1","新北市","新店區","121.550","24.980","1833"
"1244","374207","20221104125000","1740","0","新北市","中和區","121.505","24.980","1227"
"50","374212","20221104125000","36","2","新北市","中和區","121.485","24.980","48"
"265","374215","20221104125000","221","1","新北市","中和區","121.485","24.990","307"
"104","374216","20221104125000","131","0","新北市","中和區","121.500","24.970","142"
"128","374217","20221104125000","114","1","新北市","中和區","121.500","24.975","101"
"558","374219","20221104125000","418","2","新北市","新店區","121.510","24.975","532"
"86","374220","20221104125000","56","3","新北市","中和區","121.500","24.980","65"
"2716","374221","20221104125000","3217","0","新北市","樹林區","121.375","24.945","2909"
"973","374222","20221104125000","1034","0","新北市","三峽區","121.370","24.925","1034"
"870","374223","20221104125000","1340","0","新北市","三峽區","121.365","24.930","874"
"144","374240","20221104125000","88","3","新北市","三峽區","121.345","24.915","146"
"44","374252","20221104125000","161","0","新北市","三峽區","121.360","24.925","51"
"207","374255","20221104125000","172","2","新北市","三峽區","121.420","24.925","186"
"382","374266","20221104125000","221","3","新北市","中和區","121.500","24.985","352"
"301","374267","20221104125000","930","0","新北市","中和區","121.500","24.990","258"
"3875","374268","20221104125000","4056","0","新北市","中和區","121.510","24.990","3935"
"2316","374272","20221104125000","2491","0","新北市","三峽區","121.370","24.935","2318"
"490","374277","20221104125000","409","1","新北市","三峽區","121.370","24.900","443"
"228","374283","20221104125000","170","2","新北市","三峽區","121.395","24.935","190"
"485","374286","20221104125000","429","1","新北市","三峽區","121.400","24.940","459"
"191","374288","20221104125000","332","0","新北市","三峽區","121.405","24.945","214"
"333","374295","20221104125000","289","1","新北市","三峽區","121.390","24.930","332"
"440","374297","20221104125000","309","2","新北市","三峽區","121.400","24.930","445"
"345","374300","20221104125000","237","2","新北市","三峽區","121.415","24.925","339"
"606","374302","20221104125000","481","2","新北市","三峽區","121.410","24.930","566"
"34","374321","20221104125000","37","0","新北市","三峽區","121.420","24.900","30"
"150","374335","20221104125000","87","3","新北市","三峽區","121.435","24.905","147"
"71","374343","20221104125000","99","0","新北市","三峽區","121.420","24.910","73"
"160","374363","20221104125000","98","3","新北市","三峽區","121.425","24.920","166"
"11","374364","20221104125000","62","0","新北市","三峽區","121.430","24.920","14"
"182","374371","20221104125000","176","1","新北市","三峽區","121.425","24.925","200"
"42","374390","20221104125000","426","0","新北市","三峽區","121.360","24.935","273"
"2171","374391","20221104125000","2120","1","新北市","三峽區","121.365","24.935","2484"
"901","374393","20221104125000","884","1","新北市","三峽區","121.375","24.935","843"
"359","374394","20221104125000","266","2","新北市","三峽區","121.380","24.935","374"
"1469","374396","20221104125000","1532","0","新北市","三峽區","121.380","24.940","1517"
"2025","374402","20221104125000","1999","1","新北市","三峽區","121.370","24.940","2053"
"1659","374403","20221104125000","1899","0","新北市","三峽區","121.375","24.940","1659"
"326","374405","20221104125000","259","2","新北市","三峽區","121.370","24.945","259"
"410","374408","20221104125000","306","2","新北市","三峽區","121.365","24.925","434"
"594","374412","20221104125000","577","1","新北市","三峽區","121.375","24.925","595"
"44","374414","20221104125000","25","3","新北市","三峽區","121.340","24.900","50"
"249","374418","20221104125000","309","0","新北市","三峽區","121.355","24.910","234"
"1217","374420","20221104125000","1408","0","新北市","三峽區","121.375","24.930","1304"
"299","374421","20221104125000","552","0","新北市","三峽區","121.385","24.930","313"
"1641","374422","20221104125000","2571","0","新北市","中和區","121.505","24.990","1620"
"473","374423","20221104125000","1694","0","新北市","土城區","121.455","24.985","461"
"1086","374424","20221104125000","839","2","新北市","土城區","121.470","24.985","997"
"384","374427","20221104125000","39","3","宜蘭縣","頭城鎮","121.870","24.910","368"
"68","374433","20221104125000","38","3","宜蘭縣","頭城鎮","121.880","24.920","55"
"67","374451","20221104125000","56","1","宜蘭縣","頭城鎮","121.885","24.935","74"
"1889","374458","20221104125000","2601","0","新北市","中和區","121.520","24.990","1840"
"2212","374459","20221104125000","2379","0","新北市","樹林區","121.415","24.980","2244"
"1409","374462","20221104125000","1605","0","新北市","樹林區","121.385","24.955","1366"
"81","374467","20221104125000","106","0","新北市","樹林區","121.385","24.970","57"
"166","374493","20221104125000","557","0","新北市","新店區","121.535","24.990","134"
"381","374494","20221104125000","196","3","新北市","新店區","121.530","24.955","398"
"889","374496","20221104125000","837","1","新北市","新店區","121.535","24.960","914"
"218","374498","20221104125000","315","0","新北市","新店區","121.520","24.970","203"
"1222","374500","20221104125000","1749","0","新北市","新店區","121.515","24.975","1224"
"1273","374512","20221104125000","1568","0","新北市","樹林區","121.420","24.990","1308"
"2713","374513","20221104125000","2129","2","新北市","中和區","121.510","24.980","2768"
"799","374514","20221104125000","708","1","新北市","土城區","121.460","24.975","788"
"246","374515","20221104125000","305","0","新北市","新店區","121.520","24.980","262"
"612","374516","20221104125000","991","0","新北市","新店區","121.520","24.985","599"
"165","374517","20221104125000","140","1","桃園市","大溪區","121.310","24.895","162"
"66","374520","20221104125000","77","0","桃園市","大溪區","121.330","24.895","73"
"24","374524","20221104125000","35","0","桃園市","大溪區","121.320","24.905","28"
"17","374544","20221104125000","60","0","桃園市","大溪區","121.305","24.925","22"
"600","374548","20221104125000","600","1","桃園市","中壢區","121.240","24.940","569"
"378","374549","20221104125000","122","3","桃園市","中壢區","121.245","24.940","374"
"148","374550","20221104125000","115","2","桃園市","中壢區","121.235","24.945","136"
"774","374551","20221104125000","777","0","桃園市","中壢區","121.240","24.945","732"
"1143","374552","20221104125000","1016","1","桃園市","中壢區","121.240","24.980","1076"
"355","374554","20221104125000","356","0","桃園市","中壢區","121.240","24.930","431"
"227","374555","20221104125000","298","0","桃園市","中壢區","121.245","24.930","253"
"469","374556","20221104125000","689","0","桃園市","中壢區","121.235","24.930","459"
"2460","374558","20221104125000","1961","2","桃園市","中壢區","121.250","24.930","2612"
"204","374560","20221104125000","204","1","桃園市","平鎮區","121.205","24.930","181"
"1000","374561","20221104125000","943","1","桃園市","平鎮區","121.200","24.935","1024"
"164","374562","20221104125000","128","2","桃園市","平鎮區","121.205","24.935","158"
"780","374563","20221104125000","858","0","桃園市","平鎮區","121.205","24.940","769"
"1778","374564","20221104125000","2436","0","桃園市","平鎮區","121.210","24.955","1751"
"1833","374565","20221104125000","1723","1","桃園市","平鎮區","121.205","24.955","1898"
"549","374566","20221104125000","661","0","桃園市","平鎮區","121.240","24.910","585"
"220","374575","20221104125000","62","3","桃園市","平鎮區","121.195","24.945","237"
"1683","374577","20221104125000","2248","0","桃園市","平鎮區","121.200","24.950","1751"
"1266","374578","20221104125000","1547","0","桃園市","平鎮區","121.200","24.955","1213"
"1354","374579","20221104125000","1177","1","桃園市","平鎮區","121.215","24.950","1386"
"1095","374580","20221104125000","367","3","新北市","樹林區","121.365","24.950","1097"
"513","374587","20221104125000","562","0","新竹縣","新豐鄉","120.980","24.910","524"
"281","374593","20221104125000","65","3","新竹縣","新豐鄉","120.985","24.915","285"
"457","374594","20221104125000","425","1","新竹縣","新豐鄉","120.970","24.920","449"
"1673","374598","20221104125000","1728","0","桃園市","中壢區","121.245","24.970","1518"
"1975","374599","20221104125000","1539","2","桃園市","中壢區","121.240","24.975","1852"
"1038","374600","20221104125000","1006","1","桃園市","中壢區","121.250","24.980","1019"
"1722","374601","20221104125000","1335","2","桃園市","中壢區","121.250","24.975","1715"
"1440","374602","20221104125000","1908","0","桃園市","中壢區","121.260","24.975","1911"
"570","374603","20221104125000","798","0","桃園市","中壢區","121.210","24.960","567"
"1112","374604","20221104125000","1019","1","新北市","中和區","121.490","24.990","736"
"215","374605","20221104125000","415","0","新北市","土城區","121.445","24.990","224"
"169","374606","20221104125000","144","1","新北市","新店區","121.545","24.960","167"
"2530","374607","20221104125000","2740","0","新北市","新店區","121.535","24.965","2444"
"2210","374608","20221104125000","1937","1","新北市","新店區","121.535","24.970","2166"
"1743","374609","20221104125000","1255","2","新北市","鶯歌區","121.350","24.955","1725"
"1366","374610","20221104125000","1275","1","新北市","鶯歌區","121.345","24.950","1452"
"233","374612","20221104125000","156","2","桃園市","龜山區","121.335","24.980","241"
"1656","374613","20221104125000","1544","1","新北市","鶯歌區","121.335","24.975","1628"
"841","374614","20221104125000","924","0","新北市","鶯歌區","121.340","24.940","857"
"93","374617","20221104125000","287","0","新北市","鶯歌區","121.335","24.945","99"
"491","374618","20221104125000","466","1","新北市","鶯歌區","121.340","24.945","467"
"216","374620","20221104125000","275","0","新北市","鶯歌區","121.330","24.950","218"
"2605","374622","20221104125000","2590","1","新北市","鶯歌區","121.345","24.955","2603"
"138","374623","20221104125000","76","3","新北市","鶯歌區","121.365","24.955","108"
"420","374626","20221104125000","198","3","新北市","鶯歌區","121.370","24.960","413"
"183","374630","20221104125000","114","3","新北市","鶯歌區","121.375","24.965","212"
"172","374631","20221104125000","136","2","新北市","樹林區","121.380","24.965","165"
"135","374641","20221104125000","114","1","新北市","鶯歌區","121.355","24.975","131"
"1921","374648","20221104125000","1504","2","桃園市","中壢區","121.250","24.935","1846"
"2111","374654","20221104125000","2261","0","桃園市","中壢區","121.225","24.965","2109"
"192","374656","20221104125000","201","0","桃園市","大溪區","121.250","24.895","200"
"333","374659","20221104125000","276","2","桃園市","大溪區","121.265","24.895","289"
"320","374662","20221104125000","618","0","桃園市","大溪區","121.265","24.900","331"
"1142","374664","20221104125000","1348","0","桃園市","大溪區","121.260","24.905","1151"
"8414","374674","20221104125000","7874","1","新北市","新店區","121.535","24.985","8643"
"791","374675","20221104125000","640","2","新北市","新店區","121.540","24.985","754"
"152","374676","20221104125000","810","0","新北市","新店區","121.505","24.945","172"
"747","374679","20221104125000","567","2","新北市","新店區","121.500","24.955","853"
"660","374680","20221104125000","655","1","新北市","新店區","121.505","24.955","620"
"134","374683","20221104125000","115","1","新北市","新店區","121.500","24.960","134"
"1931","374685","20221104125000","2575","0","新北市","新店區","121.510","24.960","1911"
"218","374692","20221104125000","424","0","新北市","中和區","121.490","24.980","228"
"591","374694","20221104125000","584","1","新北市","中和區","121.490","24.985","620"
"182","374695","20221104125000","179","1","新北市","中和區","121.495","24.985","187"
"10","374714","20221104125000","44","0","新北市","坪林區","121.735","24.950","10"
"127","374733","20221104125000","193","0","新北市","坪林區","121.700","24.960","145"
"175","374748","20221104125000","140","2","新北市","坪林區","121.725","24.960","111"
"138","374755","20221104125000","290","0","新北市","坪林區","121.705","24.935","157"
"115","374759","20221104125000","369","0","新北市","坪林區","121.710","24.940","136"
"450","374760","20221104125000","427","1","新北市","坪林區","121.720","24.940","505"
"59","374766","20221104125000","288","0","新北市","坪林區","121.700","24.950","70"
"12","374772","20221104125000","18","0","新北市","坪林區","121.710","24.890","20"
"42","374784","20221104125000","57","0","新北市","坪林區","121.700","24.905","45"
"147","374804","20221104125000","177","0","新北市","坪林區","121.695","24.925","146"
"373","374823","20221104125000","396","0","新北市","坪林區","121.715","24.925","432"
"26","374907","20221104125000","28","0","新北市","坪林區","121.785","24.955","22"
"34","374921","20221104125000","51","0","新北市","坪林區","121.730","24.965","32"
"11","374929","20221104125000","24","0","新北市","坪林區","121.770","24.965","13"
"13","374932","20221104125000","17","0","新北市","坪林區","121.785","24.965","19"
"11","374980","20221104125000","32","0","新北市","坪林區","121.730","24.895","14"
"14","375116","20221104125000","60","0","新北市","坪林區","121.680","24.915","37"
"85","375126","20221104125000","129","0","新北市","坪林區","121.680","24.930","112"
"119","375135","20221104125000","107","1","新北市","石碇區","121.665","24.940","123"
"1440","375152","20221104125000","1308","1","新北市","新店區","121.535","24.980","1407"
"268","375153","20221104125000","343","0","新北市","新店區","121.495","24.945","285"
"378","375154","20221104125000","396","0","新北市","新店區","121.495","24.950","400"
"2247","375155","20221104125000","3274","0","新北市","新店區","121.545","24.970","2220"
"428","375159","20221104125000","337","2","新北市","新店區","121.535","24.940","399"
"357","375160","20221104125000","194","3","新北市","新店區","121.540","24.940","361"
"1982","375167","20221104125000","2032","0","桃園市","八德區","121.295","24.960","1991"
"350","375168","20221104125000","353","0","桃園市","中壢區","121.205","24.965","444"
"58","375176","20221104125000","68","0","桃園市","中壢區","121.210","24.975","44"
"1999","375180","20221104125000","2910","0","桃園市","中壢區","121.255","24.975","2168"
"1098","375181","20221104125000","1040","1","桃園市","平鎮區","121.220","24.950","1138"
"1694","375182","20221104125000","1491","1","桃園市","中壢區","121.225","24.945","1651"
"2628","375183","20221104125000","2278","1","桃園市","中壢區","121.230","24.955","2597"
"518","375185","20221104125000","722","0","桃園市","中壢區","121.220","24.985","469"
"2087","375190","20221104125000","2241","0","桃園市","八德區","121.300","24.960","2046"
"1137","375191","20221104125000","986","1","新竹縣","湖口鄉","121.050","24.905","1111"
"428","375194","20221104125000","449","0","新竹縣","湖口鄉","121.055","24.910","437"
"313","375195","20221104125000","255","2","新竹縣","湖口鄉","121.050","24.915","346"
"1211","375199","20221104125000","1545","0","桃園市","楊梅區","121.060","24.920","1198"
"308","375200","20221104125000","206","2","新竹縣","湖口鄉","121.055","24.925","324"
"1466","375202","20221104125000","1670","0","桃園市","八德區","121.295","24.965","1371"
"2648","375203","20221104125000","2212","1","桃園市","中壢區","121.225","24.955","2625"
"1601","375204","20221104125000","1531","1","桃園市","中壢區","121.225","24.960","1650"
"1035","375206","20221104125000","1286","0","桃園市","中壢區","121.260","24.965","1036"
"808","375207","20221104125000","972","0","桃園市","八德區","121.300","24.970","827"
"2096","375208","20221104125000","1630","2","桃園市","桃園區","121.305","24.975","2094"
"1398","375209","20221104125000","1620","0","桃園市","八德區","121.300","24.975","1432"
"116","375211","20221104125000","32","3","桃園市","八德區","121.315","24.940","117"
"294","375215","20221104125000","267","1","桃園市","八德區","121.300","24.925","271"
"1302","375216","20221104125000","678","3","新北市","土城區","121.450","24.990","1329"
"1256","375217","20221104125000","1786","0","新北市","土城區","121.440","24.975","1230"
"1380","375218","20221104125000","1295","1","新北市","土城區","121.465","24.975","1325"
"1401","375220","20221104125000","1315","1","新北市","新店區","121.540","24.970","1429"
"12","375228","20221104125000","74","0","新北市","新店區","121.470","24.940","12"
"219","375229","20221104125000","277","0","新北市","新店區","121.475","24.940","188"
"67","375230","20221104125000","365","0","新北市","新店區","121.480","24.940","66"
"174","375239","20221104125000","220","0","新北市","新店區","121.485","24.950","156"
"980","375244","20221104125000","1088","0","新北市","新店區","121.510","24.970","790"
"756","375246","20221104125000","975","0","新北市","新店區","121.515","24.970","698"
"1333","375247","20221104125000","1850","0","桃園市","中壢區","121.210","24.965","1266"
"2174","375250","20221104125000","2540","0","桃園市","中壢區","121.235","24.970","2112"
"869","375252","20221104125000","687","2","桃園市","中壢區","121.235","24.975","859"
"607","375253","20221104125000","1393","0","桃園市","中壢區","121.235","24.980","536"
"274","375255","20221104125000","447","0","桃園市","中壢區","121.235","24.985","234"
"1475","375256","20221104125000","1518","0","桃園市","中壢區","121.230","24.990","1497"
"1539","375258","20221104125000","1252","2","桃園市","八德區","121.295","24.945","1513"
"363","375259","20221104125000","435","0","桃園市","八德區","121.295","24.950","371"
"1156","375260","20221104125000","879","2","桃園市","八德區","121.275","24.965","1146"
"647","375261","20221104125000","563","1","桃園市","八德區","121.280","24.970","600"
"1000","375264","20221104125000","1885","0","桃園市","中壢區","121.195","24.960","1093"
"139","375265","20221104125000","163","0","桃園市","中壢區","121.200","24.960","136"
"3496","375266","20221104125000","3623","0","桃園市","平鎮區","121.190","24.965","3595"
"833","375269","20221104125000","803","1","桃園市","平鎮區","121.190","24.970","858"
"2881","375271","20221104125000","1837","3","桃園市","中壢區","121.205","24.960","2692"
"1355","375272","20221104125000","1306","1","桃園市","中壢區","121.260","24.950","1393"
"1842","375273","20221104125000","1219","3","桃園市","中壢區","121.260","24.955","1871"
"517","375274","20221104125000","414","2","桃園市","八德區","121.290","24.960","514"
"778","375275","20221104125000","1043","0","桃園市","八德區","121.265","24.970","736"
"623","375276","20221104125000","1021","0","桃園市","八德區","121.275","24.970","586"
"842","375278","20221104125000","796","1","桃園市","八德區","121.270","24.970","857"
"1106","375279","20221104125000","1028","1","桃園市","八德區","121.275","24.975","1107"
"811","375281","20221104125000","894","0","桃園市","八德區","121.295","24.925","874"
"259","375296","20221104125000","226","1","新竹縣","新豐鄉","121.005","24.925","237"
"248","375299","20221104125000","226","1","新竹縣","新豐鄉","121.020","24.925","248"
"189","375303","20221104125000","147","2","新竹縣","新豐鄉","120.965","24.895","188"
"296","375308","20221104125000","295","1","新竹縣","新豐鄉","120.970","24.900","319"
"1457","375316","20221104125000","2151","0","新北市","土城區","121.420","24.960","1592"
"278","375317","20221104125000","450","0","新北市","土城區","121.410","24.955","329"
"867","375318","20221104125000","711","2","新北市","土城區","121.415","24.955","894"
"143","375319","20221104125000","146","0","新北市","新店區","121.515","24.980","140"
"140","375320","20221104125000","42","3","新北市","新店區","121.515","24.945","151"
"225","375321","20221104125000","328","0","新北市","新店區","121.520","24.945","223"
"47","375323","20221104125000","72","0","新北市","新店區","121.520","24.950","60"
"56","375324","20221104125000","19","3","新北市","新店區","121.525","24.950","59"
"329","375325","20221104125000","375","0","新北市","新店區","121.515","24.955","299"
"1203","375326","20221104125000","553","3","新北市","新店區","121.520","24.955","1111"
"313","375330","20221104125000","238","2","新北市","新店區","121.530","24.960","292"
"720","375332","20221104125000","607","1","新北市","新店區","121.525","24.965","727"
"43","375333","20221104125000","610","0","新北市","新店區","121.520","24.965","41"
"1589","375335","20221104125000","2120","0","新北市","新店區","121.540","24.975","1527"
"749","375346","20221104125000","1322","0","新北市","新店區","121.505","24.920","803"
"314","375357","20221104125000","332","0","新北市","新店區","121.510","24.925","332"
"47","375361","20221104125000","29","3","新北市","新店區","121.530","24.925","53"
"4667","375369","20221104125000","5207","0","新北市","新店區","121.540","24.980","4785"
"695","375370","20221104125000","821","0","新北市","新店區","121.530","24.950","674"
"887","375371","20221104125000","816","1","新北市","新店區","121.550","24.955","868"
"85","375372","20221104125000","217","0","新北市","新店區","121.555","24.955","91"
"291","375374","20221104125000","365","0","新北市","新店區","121.555","24.965","259"
"30","375384","20221104125000","71","0","新北市","新店區","121.500","24.920","34"
"122","375390","20221104125000","94","2","新北市","新店區","121.505","24.930","116"
"11","375394","20221104125000","18","0","新北市","新店區","121.510","24.935","14"
"412","375399","20221104125000","350","1","新北市","新店區","121.505","24.940","382"
"1081","375400","20221104125000","887","2","桃園市","八德區","121.320","24.960","1106"
"1359","375401","20221104125000","1218","1","桃園市","八德區","121.325","24.970","1297"
"568","375402","20221104125000","501","1","桃園市","八德區","121.300","24.930","541"
"364","375403","20221104125000","806","0","桃園市","八德區","121.305","24.930","541"
"130","375404","20221104125000","87","2","桃園市","八德區","121.300","24.935","119"
"542","375405","20221104125000","694","0","桃園市","八德區","121.305","24.935","603"
"106","375407","20221104125000","169","0","桃園市","八德區","121.300","24.940","100"
"498","375408","20221104125000","454","1","桃園市","八德區","121.305","24.940","462"
"671","375410","20221104125000","630","1","桃園市","八德區","121.255","24.920","754"
"10","375411","20221104125000","57","0","桃園市","八德區","121.260","24.920","20"
"314","375417","20221104125000","354","0","桃園市","八德區","121.260","24.925","296"
"1329","375419","20221104125000","938","2","桃園市","八德區","121.270","24.975","1339"
"3884","375420","20221104125000","4197","0","桃園市","中壢區","121.240","24.955","4024"
"1538","375421","20221104125000","2204","0","桃園市","中壢區","121.240","24.960","1595"
"832","375422","20221104125000","1029","0","桃園市","中壢區","121.245","24.960","866"
"38","375423","20221104125000","48","0","桃園市","中壢區","121.245","24.965","58"
"38","375426","20221104125000","47","0","桃園市","中壢區","121.255","24.955","42"
"1441","375427","20221104125000","1090","2","桃園市","中壢區","121.255","24.960","1361"
"119","375435","20221104125000","149","0","新竹縣","新豐鄉","121.005","24.930","132"
"12","375443","20221104125000","11","1","新竹縣","新豐鄉","121.015","24.935","23"
"137","375452","20221104125000","144","0","新竹縣","新豐鄉","121.000","24.905","141"
"361","375460","20221104125000","299","2","新竹縣","新豐鄉","121.010","24.910","331"
"262","375465","20221104125000","290","0","新竹縣","新豐鄉","121.025","24.915","246"
"309","375468","20221104125000","223","2","新竹縣","新豐鄉","121.035","24.930","291"
"1216","375480","20221104125000","1234","0","新竹縣","新豐鄉","120.985","24.900","1203"
"771","375481","20221104125000","588","2","新竹縣","新豐鄉","120.990","24.900","549"
"313","375484","20221104125000","1202","0","桃園市","中壢區","121.235","24.950","321"
"2593","375485","20221104125000","2383","1","新北市","土城區","121.445","24.970","2547"
"712","375486","20221104125000","626","1","新北市","土城區","121.445","24.975","756"
"1976","375487","20221104125000","2247","0","新北市","新店區","121.530","24.970","1899"
"1201","375488","20221104125000","1096","1","新北市","新店區","121.525","24.975","1162"
"884","375489","20221104125000","632","2","新北市","新店區","121.530","24.975","882"
"175","375490","20221104125000","83","3","新北市","新店區","121.525","24.980","190"
"1671","375492","20221104125000","1562","1","新北市","土城區","121.435","24.970","1605"
"2198","375493","20221104125000","2977","0","新北市","新店區","121.545","24.965","2255"
"3652","375495","20221104125000","4896","0","新北市","新店區","121.535","24.975","4145"
"243","375515","20221104125000","302","0","新北市","新店區","121.555","24.930","283"
"85","375517","20221104125000","38","3","新北市","新店區","121.565","24.930","86"
"662","375521","20221104125000","521","2","新北市","新店區","121.550","24.935","706"
"552","375529","20221104125000","829","0","新北市","新店區","121.530","24.965","531"
"428","375530","20221104125000","1016","0","新北市","新店區","121.475","24.955","468"
"590","375534","20221104125000","636","0","新北市","中和區","121.485","24.965","605"
"755","375536","20221104125000","723","1","桃園市","中壢區","121.245","24.935","755"
"1441","375537","20221104125000","1279","1","桃園市","中壢區","121.260","24.970","1288"
"598","375539","20221104125000","1017","0","桃園市","中壢區","121.255","24.935","611"
"613","375540","20221104125000","560","1","桃園市","中壢區","121.260","24.935","608"
"783","375541","20221104125000","1142","0","桃園市","中壢區","121.250","24.940","767"
"287","375542","20221104125000","302","0","桃園市","中壢區","121.260","24.940","306"
"1484","375543","20221104125000","1300","1","桃園市","中壢區","121.240","24.950","1466"
"344","375544","20221104125000","333","1","桃園市","中壢區","121.245","24.950","333"
"909","375548","20221104125000","616","2","桃園市","觀音區","121.150","24.965","922"
"355","375551","20221104125000","345","1","桃園市","觀音區","121.140","24.975","326"
"92","375559","20221104125000","126","0","桃園市","觀音區","121.135","24.985","134"
"830","375569","20221104125000","848","0","桃園市","觀音區","121.165","24.990","825"
"381","375572","20221104125000","349","1","桃園市","八德區","121.320","24.945","383"
"682","375574","20221104125000","471","2","桃園市","八德區","121.315","24.950","686"
"704","375577","20221104125000","1139","0","桃園市","八德區","121.315","24.955","731"
"721","375578","20221104125000","818","0","桃園市","八德區","121.295","24.970","741"
"320","375581","20221104125000","388","0","桃園市","蘆竹區","121.270","24.990","250"
"98","375593","20221104125000","313","0","新北市","石碇區","121.675","24.970","137"
"38","375644","20221104125000","44","0","新北市","石碇區","121.635","24.950","39"
"41","375652","20221104125000","65","0","新北市","石碇區","121.635","24.955","54"
"41","375653","20221104125000","58","0","新北市","石碇區","121.640","24.955","34"
"126","375655","20221104125000","161","0","新北市","石碇區","121.650","24.955","109"
"121","375667","20221104125000","153","0","新北市","石碇區","121.630","24.965","126"
"30","375811","20221104125000","54","0","新北市","石碇區","121.645","24.930","44"
"49","375839","20221104125000","90","0","新北市","石碇區","121.670","24.980","53"
"185","375840","20221104125000","47","3","新北市","石碇區","121.675","24.980","215"
"58","375891","20221104125000","52","1","新北市","石碇區","121.660","24.975","62"
"57","375897","20221104125000","127","0","新北市","石碇區","121.665","24.980","44"
"41","375941","20221104125000","32","2","新北市","貢寮區","121.885","24.985","33"
"18","375959","20221104125000","102","0","新北市","土城區","121.445","24.960","22"
"848","375963","20221104125000","966","0","新北市","土城區","121.435","24.975","903"
"962","375967","20221104125000","882","1","新北市","土城區","121.440","24.970","951"
"735","375969","20221104125000","605","2","新北市","土城區","121.455","24.970","660"
"150","375970","20221104125000","159","0","新北市","新店區","121.550","24.960","146"
"332","375971","20221104125000","339","0","新北市","新店區","121.550","24.965","326"
"61","375972","20221104125000","48","2","新北市","新店區","121.580","24.910","69"
"59","375994","20221104125000","65","0","新北市","新店區","121.590","24.930","85"
"39","376005","20221104125000","44","0","新北市","新店區","121.570","24.940","69"
"135","376023","20221104125000","174","0","新北市","新店區","121.580","24.950","140"
"50","376024","20221104125000","65","0","新北市","新店區","121.585","24.950","57"
"13","376031","20221104125000","11","1","新北市","新店區","121.595","24.955","19"
"24","376033","20221104125000","21","1","新北市","新店區","121.605","24.955","23"
"48","376045","20221104125000","223","0","新北市","新店區","121.500","24.935","28"
"135","376049","20221104125000","40","3","新北市","新店區","121.500","24.940","63"
"1778","376051","20221104125000","1714","1","新北市","新店區","121.490","24.945","1705"
"308","376052","20221104125000","347","0","新北市","新店區","121.490","24.950","314"
"421","376060","20221104125000","413","1","新北市","新店區","121.545","24.955","433"
"613","376063","20221104125000","679","0","新北市","新店區","121.560","24.955","618"
"811","376064","20221104125000","727","1","新北市","新店區","121.565","24.955","839"
"58","376065","20221104125000","103","0","新北市","新店區","121.570","24.955","63"
"15","376068","20221104125000","64","0","新北市","新店區","121.560","24.960","24"
"28","376096","20221104125000","11","3","新北市","新店區","121.570","24.900","27"
"30","376099","20221104125000","298","0","新北市","新店區","121.555","24.905","46"
"390","376101","20221104125000","491","0","新北市","新店區","121.545","24.910","414"
"650","376106","20221104125000","503","2","桃園市","觀音區","121.155","24.975","673"
"262","376109","20221104125000","244","1","桃園市","觀音區","121.150","24.980","278"
"546","376115","20221104125000","332","3","桃園市","觀音區","121.135","24.990","496"
"1609","376118","20221104125000","2444","0","新北市","新店區","121.515","24.985","1609"
"395","376123","20221104125000","593","0","新北市","土城區","121.445","24.950","381"
"12","376124","20221104125000","49","0","新北市","土城區","121.450","24.950","10"
"288","376130","20221104125000","180","3","新北市","土城區","121.440","24.965","296"
"639","376131","20221104125000","679","0","新北市","土城區","121.430","24.970","635"
"1623","376132","20221104125000","1418","1","新北市","土城區","121.435","24.965","1569"
"564","376133","20221104125000","456","2","新北市","板橋區","121.430","24.975","520"
"1820","376134","20221104125000","2057","0","臺北市","文山區","121.545","24.985","1646"
"605","376135","20221104125000","645","0","新北市","新店區","121.510","24.950","579"
"1047","376136","20221104125000","919","1","新北市","新店區","121.515","24.960","987"
"177","376137","20221104125000","1395","0","新北市","新店區","121.515","24.965","196"
"1803","376141","20221104125000","2178","0","桃園市","八德區","121.320","24.965","1730"
"554","376145","20221104125000","447","2","新竹縣","湖口鄉","121.060","24.895","601"
"432","376148","20221104125000","1110","0","新北市","土城區","121.455","24.980","417"
"401","376149","20221104125000","1173","0","新北市","土城區","121.450","24.980","399"
"210","376150","20221104125000","758","0","新北市","新店區","121.540","24.955","194"
"223","376151","20221104125000","627","0","桃園市","中壢區","121.255","24.940","211"
"795","376153","20221104125000","912","0","桃園市","中壢區","121.250","24.965","751"
"1258","376154","20221104125000","1935","0","桃園市","中壢區","121.255","24.965","1266"
"3811","376155","20221104125000","5694","0","桃園市","中壢區","121.250","24.970","3923"
"218","376156","20221104125000","146","2","桃園市","八德區","121.320","24.955","182"
"234","376157","20221104125000","546","0","桃園市","八德區","121.325","24.955","254"
"518","376160","20221104125000","438","1","桃園市","八德區","121.325","24.965","551"
"1908","376161","20221104125000","2659","0","桃園市","桃園區","121.280","24.990","1853"
"117","376176","20221104125000","124","0","新北市","樹林區","121.405","24.990","124"
"40","376177","20221104125000","40","1","新北市","樹林區","121.410","24.990","37"
"699","376178","20221104125000","466","3","桃園市","平鎮區","121.205","24.895","757"
"537","376179","20221104125000","549","0","桃園市","平鎮區","121.195","24.895","535"
"1386","376180","20221104125000","1769","0","桃園市","平鎮區","121.200","24.895","1344"
"1151","376181","20221104125000","860","2","桃園市","平鎮區","121.195","24.900","1078"
"325","376183","20221104125000","168","3","桃園市","平鎮區","121.205","24.900","296"
"869","376184","20221104125000","742","1","桃園市","平鎮區","121.195","24.905","853"
"609","376185","20221104125000","649","0","桃園市","平鎮區","121.200","24.905","571"
"99","376189","20221104125000","139","0","桃園市","平鎮區","121.215","24.900","121"
"220","376192","20221104125000","290","0","桃園市","平鎮區","121.215","24.905","220"
"1837","376194","20221104125000","1891","0","桃園市","桃園區","121.315","24.985","1732"
"784","376195","20221104125000","823","0","桃園市","中壢區","121.245","24.945","808"
"486","376196","20221104125000","433","1","桃園市","中壢區","121.250","24.945","456"
"417","376199","20221104125000","353","1","新北市","石碇區","121.660","24.990","413"
"123","376200","20221104125000","52","3","新北市","石碇區","121.685","24.960","130"
"49","376205","20221104125000","71","0","新北市","石碇區","121.680","24.970","49"
"257","376222","20221104125000","330","0","新北市","石碇區","121.690","24.980","271"
"11","376241","20221104125000","16","0","新北市","石碇區","121.715","24.990","11"
"170","376245","20221104125000","400","0","新北市","鶯歌區","121.340","24.960","165"
"286","376246","20221104125000","281","1","新北市","鶯歌區","121.340","24.965","257"
"127","376248","20221104125000","109","1","新北市","鶯歌區","121.340","24.970","148"
"444","376251","20221104125000","526","0","新北市","鶯歌區","121.345","24.975","484"
"300","376258","20221104125000","203","2","新北市","鶯歌區","121.320","24.935","283"
"844","376259","20221104125000","746","1","新北市","鶯歌區","121.325","24.935","833"
"498","376260","20221104125000","651","0","新北市","鶯歌區","121.330","24.935","477"
"597","376263","20221104125000","600","0","新北市","鶯歌區","121.330","24.940","628"
"299","376265","20221104125000","320","0","新北市","鶯歌區","121.335","24.930","312"
"552","376268","20221104125000","500","1","新北市","鶯歌區","121.345","24.935","531"
"2010","376269","20221104125000","2068","0","新北市","鶯歌區","121.355","24.955","2120"
"626","376270","20221104125000","772","0","新北市","鶯歌區","121.360","24.955","655"
"466","376273","20221104125000","575","0","新北市","鶯歌區","121.355","24.940","457"
"379","376274","20221104125000","363","1","新北市","鶯歌區","121.350","24.945","373"
"526","376277","20221104125000","516","1","新北市","鶯歌區","121.350","24.950","476"
"1317","376280","20221104125000","1139","1","新北市","樹林區","121.395","24.970","1143"
"988","376281","20221104125000","1078","0","桃園市","楊梅區","121.185","24.915","1010"
"823","376282","20221104125000","767","1","桃園市","楊梅區","121.180","24.920","822"
"451","376283","20221104125000","366","2","桃園市","楊梅區","121.185","24.920","435"
"545","376284","20221104125000","472","1","桃園市","中壢區","121.215","24.960","568"
"1196","376285","20221104125000","2594","0","桃園市","中壢區","121.215","24.965","1166"
"547","376287","20221104125000","71","3","桃園市","中壢區","121.175","24.975","472"
"251","376293","20221104125000","282","0","桃園市","中壢區","121.190","24.980","274"
"28","376295","20221104125000","32","0","桃園市","中壢區","121.175","24.980","28"
"1168","376297","20221104125000","960","2","桃園市","中壢區","121.185","24.980","1139"
"201","376300","20221104125000","270","0","桃園市","中壢區","121.175","24.985","194"
"141","376301","20221104125000","153","0","桃園市","中壢區","121.180","24.985","148"
"1706","376307","20221104125000","951","3","桃園市","八德區","121.260","24.930","1618"
"1122","376308","20221104125000","1117","1","桃園市","平鎮區","121.220","24.945","1095"
"1595","376309","20221104125000","1978","0","桃園市","楊梅區","121.150","24.905","1553"
"318","376311","20221104125000","383","0","桃園市","平鎮區","121.220","24.920","308"
"432","376312","20221104125000","439","0","桃園市","平鎮區","121.220","24.925","450"
"951","376313","20221104125000","606","3","桃園市","平鎮區","121.205","24.915","892"
"1410","376315","20221104125000","1277","1","新北市","樹林區","121.390","24.960","1342"
"113","376320","20221104125000","60","3","新北市","樹林區","121.395","24.965","89"
"30","376321","20221104125000","143","0","新北市","樹林區","121.400","24.965","34"
"453","376325","20221104125000","295","3","新北市","樹林區","121.405","24.970","411"
"2713","376326","20221104125000","2949","0","新北市","樹林區","121.380","24.945","2770"
"639","376327","20221104125000","487","2","新北市","樹林區","121.385","24.945","593"
"2430","376330","20221104125000","1648","2","新北市","樹林區","121.380","24.950","2626"
"427","376331","20221104125000","462","0","新北市","樹林區","121.385","24.950","384"
"2591","376333","20221104125000","2297","1","新北市","樹林區","121.395","24.950","2560"
"319","376335","20221104125000","344","0","新北市","板橋區","121.435","24.990","294"
"3612","376337","20221104125000","3348","1","新北市","土城區","121.450","24.985","3524"
"1883","376338","20221104125000","1118","3","桃園市","中壢區","121.245","24.985","1833"
"1834","376341","20221104125000","1918","0","桃園市","中壢區","121.240","24.990","1853"
"491","376344","20221104125000","713","0","桃園市","中壢區","121.255","24.990","471"
"957","376345","20221104125000","935","1","桃園市","中壢區","121.255","24.980","970"
"378","376347","20221104125000","442","0","桃園市","中壢區","121.260","24.945","344"
"276","376348","20221104125000","383","0","桃園市","中壢區","121.255","24.950","282"
"879","376349","20221104125000","822","1","桃園市","中壢區","121.165","24.960","910"
"323","376350","20221104125000","422","0","桃園市","中壢區","121.170","24.960","364"
"906","376351","20221104125000","862","1","桃園市","新屋區","121.155","24.960","828"
"383","376352","20221104125000","278","2","桃園市","中壢區","121.155","24.965","372"
"245","376353","20221104125000","675","0","桃園市","中壢區","121.160","24.965","292"
"10","376358","20221104125000","225","0","桃園市","中壢區","121.160","24.970","10"
"1541","376361","20221104125000","1341","1","桃園市","中壢區","121.175","24.970","1683"
"965","376370","20221104125000","887","1","新北市","樹林區","121.420","24.980","932"
"717","376373","20221104125000","756","0","新北市","樹林區","121.420","24.975","693"
"2794","376375","20221104125000","2475","1","新北市","板橋區","121.425","24.985","2837"
"1515","376380","20221104125000","2053","0","新北市","板橋區","121.430","24.985","1526"
"816","376381","20221104125000","748","1","桃園市","平鎮區","121.250","24.925","783"
"40","376385","20221104125000","50","0","桃園市","龜山區","121.350","24.985","37"
"470","376391","20221104125000","461","1","桃園市","龜山區","121.360","24.990","448"
"27","376392","20221104125000","12","3","桃園市","龜山區","121.365","24.990","17"
"131","376393","20221104125000","125","1","桃園市","龜山區","121.370","24.990","149"
"90","376400","20221104125000","268","0","桃園市","楊梅區","121.105","24.910","86"
"157","376403","20221104125000","165","0","桃園市","楊梅區","121.120","24.910","171"
"211","376407","20221104125000","317","0","桃園市","楊梅區","121.100","24.915","198"
"922","376412","20221104125000","689","2","桃園市","楊梅區","121.125","24.915","931"
"85","376419","20221104125000","161","0","新竹縣","湖口鄉","121.105","24.895","80"
"18","376422","20221104125000","100","0","桃園市","楊梅區","121.085","24.900","21"
"677","376427","20221104125000","487","2","桃園市","楊梅區","121.060","24.905","683"
"320","376431","20221104125000","261","2","桃園市","楊梅區","121.080","24.905","326"
"415","376438","20221104125000","412","1","桃園市","楊梅區","121.070","24.910","408"
"247","376440","20221104125000","192","2","桃園市","楊梅區","121.080","24.910","243"
"364","376443","20221104125000","332","1","桃園市","楊梅區","121.095","24.910","355"
"323","376447","20221104125000","392","0","桃園市","楊梅區","121.075","24.915","300"
"544","376456","20221104125000","798","0","桃園市","楊梅區","121.125","24.940","561"
"567","376457","20221104125000","231","3","桃園市","楊梅區","121.130","24.940","538"
"122","376471","20221104125000","209","0","新北市","深坑區","121.620","24.980","136"
"292","376485","20221104125000","549","0","新北市","樹林區","121.415","24.985","288"
"2123","376486","20221104125000","1799","1","新北市","樹林區","121.425","24.990","2143"
"736","376487","20221104125000","845","0","桃園市","平鎮區","121.200","24.945","784"
"4339","376488","20221104125000","3080","2","桃園市","平鎮區","121.205","24.945","4163"
"1206","376490","20221104125000","1621","0","桃園市","平鎮區","121.210","24.950","1151"
"1084","376491","20221104125000","1401","0","桃園市","平鎮區","121.210","24.900","1069"
"1505","376492","20221104125000","1418","1","桃園市","平鎮區","121.210","24.905","1480"
"10","376500","20221104125000","41","0","新北市","土城區","121.445","24.940","39"
"17","376502","20221104125000","33","0","新北市","土城區","121.415","24.945","14"
"496","376508","20221104125000","176","3","新北市","土城區","121.410","24.950","404"
"150","376509","20221104125000","143","1","新北市","土城區","121.415","24.950","144"
"2229","376510","20221104125000","1977","1","桃園市","中壢區","121.230","24.945","2247"
"1957","376511","20221104125000","2132","0","桃園市","中壢區","121.235","24.955","1901"
"16","376512","20221104125000","20","0","桃園市","中壢區","121.220","24.970","15"
"603","376514","20221104125000","606","0","桃園市","中壢區","121.220","24.975","514"
"637","376517","20221104125000","404","3","桃園市","中壢區","121.215","24.980","628"
"47","376518","20221104125000","173","0","桃園市","中壢區","121.220","24.980","52"
"3666","376521","20221104125000","3375","1","桃園市","中壢區","121.220","24.960","3506"
"307","376522","20221104125000","207","2","新竹縣","新豐鄉","121.000","24.895","228"
"13","376524","20221104125000","76","0","新竹縣","新豐鄉","121.010","24.895","14"
"661","376531","20221104125000","642","1","桃園市","平鎮區","121.255","24.925","688"
"776","376532","20221104125000","668","1","新北市","樹林區","121.415","24.975","785"
"393","376533","20221104125000","606","0","新北市","樹林區","121.400","24.970","362"
"2039","376539","20221104125000","1907","1","新北市","樹林區","121.420","24.985","2073"
"2708","376540","20221104125000","2209","2","新北市","土城區","121.460","24.980","2600"
"1126","376541","20221104125000","1288","0","新北市","土城區","121.460","24.985","1076"
"1696","376542","20221104125000","2000","0","新北市","板橋區","121.430","24.990","1715"
"32","376544","20221104125000","61","0","新北市","平溪區","121.725","24.975","40"
"13","376575","20221104125000","13","1","新北市","平溪區","121.760","24.990","13"
"3753","376577","20221104125000","3381","1","新北市","板橋區","121.460","24.990","3796"
"346","376578","20221104125000","933","0","新北市","土城區","121.465","24.980","351"
"274","376584","20221104125000","492","0","新北市","土城區","121.425","24.960","283"
"599","376586","20221104125000","895","0","新北市","土城區","121.435","24.960","574"
"758","376587","20221104125000","1650","0","新北市","土城區","121.430","24.965","769"
"2209","376588","20221104125000","1713","2","桃園市","八德區","121.305","24.965","2253"
"1705","376589","20221104125000","681","3","桃園市","桃園區","121.295","24.975","1733"
"720","376592","20221104125000","602","1","桃園市","中壢區","121.230","24.940","732"
"979","376594","20221104125000","856","1","桃園市","平鎮區","121.245","24.915","939"
"2677","376595","20221104125000","1571","3","桃園市","八德區","121.295","24.955","2545"
"355","376607","20221104125000","483","0","新竹縣","新豐鄉","120.985","24.920","363"
"885","376614","20221104125000","796","1","新竹縣","新豐鄉","120.990","24.930","914"
"562","376622","20221104125000","585","0","桃園市","中壢區","121.230","24.970","537"
"607","376623","20221104125000","524","1","桃園市","中壢區","121.225","24.975","607"
"976","376624","20221104125000","1085","0","桃園市","中壢區","121.230","24.975","877"
"1305","376627","20221104125000","1075","2","桃園市","中壢區","121.230","24.980","1327"
"148","376629","20221104125000","107","2","新竹縣","湖口鄉","121.040","24.900","144"
"1164","376633","20221104125000","839","2","新竹縣","湖口鄉","121.040","24.895","1145"
"593","376636","20221104125000","413","2","新竹縣","湖口鄉","121.040","24.915","602"
"69","376641","20221104125000","158","0","新竹縣","湖口鄉","121.040","24.925","61"
"181","376651","20221104125000","139","2","新竹縣","湖口鄉","121.045","24.935","173"
"1474","376653","20221104125000","1611","0","桃園市","中壢區","121.235","24.965","1453"
"216","376655","20221104125000","140","3","桃園市","中壢區","121.240","24.970","209"
"136","376656","20221104125000","549","0","桃園市","中壢區","121.255","24.930","146"
"519","376658","20221104125000","416","2","新竹縣","湖口鄉","121.065","24.895","457"
"384","376665","20221104125000","459","0","新北市","鶯歌區","121.355","24.950","409"
"628","376666","20221104125000","648","0","新北市","鶯歌區","121.335","24.955","640"
"1944","376667","20221104125000","1801","1","新北市","鶯歌區","121.330","24.960","1994"
"83","376668","20221104125000","158","0","新北市","鶯歌區","121.335","24.960","73"
"24","376669","20221104125000","135","0","新北市","鶯歌區","121.335","24.950","24"
"457","376670","20221104125000","328","2","新北市","鶯歌區","121.340","24.950","459"
"1056","376674","20221104125000","950","1","新北市","鶯歌區","121.330","24.965","1030"
"1148","376675","20221104125000","1612","0","新北市","樹林區","121.425","24.980","1135"
"21","376678","20221104125000","178","0","新北市","樹林區","121.400","24.955","23"
"68","376679","20221104125000","188","0","新北市","樹林區","121.405","24.955","67"
"687","376680","20221104125000","582","1","新北市","樹林區","121.405","24.960","675"
"1213","376682","20221104125000","803","3","新北市","樹林區","121.410","24.970","1089"
"321","376685","20221104125000","266","2","新北市","樹林區","121.400","24.975","317"
"884","376686","20221104125000","484","3","新北市","樹林區","121.405","24.975","853"
"1601","376687","20221104125000","1789","0","新北市","樹林區","121.410","24.975","1543"
"80","376690","20221104125000","126","0","新北市","樹林區","121.400","24.980","85"
"13","376691","20221104125000","12","1","新北市","樹林區","121.405","24.980","13"
"1221","376699","20221104125000","1329","0","新北市","樹林區","121.410","24.980","1219"
"584","376700","20221104125000","558","1","新北市","樹林區","121.415","24.990","589"
"1043","376701","20221104125000","761","2","新北市","新店區","121.500","24.945","992"
"142","376703","20221104125000","154","0","新北市","新店區","121.565","24.905","145"
"410","376717","20221104125000","414","0","新北市","新店區","121.550","24.920","433"
"2526","376725","20221104125000","1870","2","新北市","新店區","121.540","24.960","2487"
"33","376752","20221104125000","34","0","新北市","新店區","121.535","24.905","33"
"34","376759","20221104125000","36","0","新北市","新店區","121.535","24.910","46"
"14","376764","20221104125000","87","0","新北市","新店區","121.535","24.915","17"
"53","376766","20221104125000","63","0","新北市","新店區","121.545","24.915","53"
"1962","376768","20221104125000","2578","0","新北市","土城區","121.445","24.985","1920"
"1909","376769","20221104125000","1426","2","新北市","土城區","121.450","24.975","1873"
"471","376770","20221104125000","483","0","新北市","土城區","121.455","24.975","452"
"16","376771","20221104125000","299","0","新北市","土城區","121.410","24.960","16"
"2830","376772","20221104125000","2951","0","新北市","土城區","121.415","24.960","2757"
"424","376774","20221104125000","1886","0","新北市","土城區","121.420","24.965","709"
"884","376775","20221104125000","1300","0","新北市","土城區","121.425","24.965","841"
"858","376777","20221104125000","782","1","新北市","土城區","121.425","24.970","833"
"243","376787","20221104125000","261","0","新北市","土城區","121.470","24.960","287"
"197","376788","20221104125000","189","1","新北市","土城區","121.455","24.965","205"
"12","376790","20221104125000","49","0","新北市","土城區","121.465","24.965","17"
"16","376792","20221104125000","14","1","新北市","土城區","121.475","24.965","22"
"683","376796","20221104125000","847","0","新北市","土城區","121.460","24.970","650"
"3795","376798","20221104125000","3951","0","新北市","新店區","121.540","24.965","3745"
"11","376801","20221104125000","11","1","桃園市","大溪區","121.305","24.895","17"
"45","376808","20221104125000","125","0","桃園市","八德區","121.280","24.930","47"
"905","376809","20221104125000","1008","0","桃園市","八德區","121.285","24.930","910"
"376","376810","20221104125000","358","1","桃園市","八德區","121.280","24.935","341"
"535","376813","20221104125000","514","1","桃園市","八德區","121.270","24.930","519"
"50","376815","20221104125000","41","2","桃園市","八德區","121.270","24.935","56"
"997","376823","20221104125000","820","2","桃園市","八德區","121.280","24.925","950"
"1371","376824","20221104125000","1202","1","桃園市","八德區","121.285","24.925","1401"
"3001","376825","20221104125000","4517","0","桃園市","中壢區","121.220","24.955","3032"
"1525","376826","20221104125000","1606","0","桃園市","中壢區","121.230","24.965","1515"
"1271","376828","20221104125000","1006","2","桃園市","八德區","121.275","24.980","1258"
"273","376829","20221104125000","548","0","桃園市","八德區","121.280","24.980","286"
"1533","376831","20221104125000","2025","0","新竹縣","湖口鄉","121.050","24.900","1549"
"2306","376832","20221104125000","2631","0","新竹縣","湖口鄉","121.045","24.900","2310"
"362","376845","20221104125000","570","0","桃園市","平鎮區","121.230","24.930","352"
"1358","376847","20221104125000","1053","2","桃園市","中壢區","121.230","24.935","1351"
"793","376848","20221104125000","745","1","桃園市","中壢區","121.225","24.940","797"
"1554","376849","20221104125000","1469","1","桃園市","中壢區","121.245","24.975","1549"
"1897","376850","20221104125000","2199","0","桃園市","中壢區","121.245","24.980","1859"
"572","376851","20221104125000","498","1","桃園市","中壢區","121.250","24.985","587"
"486","376852","20221104125000","472","1","桃園市","中壢區","121.240","24.985","483"
"1280","376853","20221104125000","1246","1","桃園市","八德區","121.295","24.935","1239"
"230","376854","20221104125000","242","0","桃園市","八德區","121.295","24.940","253"
"1108","376855","20221104125000","1122","0","桃園市","八德區","121.295","24.930","1123"
"468","376856","20221104125000","446","1","桃園市","龜山區","121.335","24.985","466"
"2163","376857","20221104125000","2831","0","桃園市","龜山區","121.335","24.990","2256"
"615","376860","20221104125000","938","0","桃園市","龜山區","121.345","24.980","699"
"22","376865","20221104125000","116","0","桃園市","龜山區","121.360","24.985","24"
"2143","376866","20221104125000","1663","2","桃園市","平鎮區","121.220","24.940","2100"
"308","376871","20221104125000","297","1","桃園市","楊梅區","121.185","24.905","296"
"163","376875","20221104125000","150","1","桃園市","平鎮區","121.200","24.910","143"
"869","376878","20221104125000","551","3","桃園市","平鎮區","121.200","24.915","879"
"126","376881","20221104125000","256","0","桃園市","平鎮區","121.200","24.920","131"
"690","376882","20221104125000","1167","0","桃園市","楊梅區","121.180","24.945","794"
"812","376886","20221104125000","664","2","桃園市","平鎮區","121.185","24.955","798"
"751","376887","20221104125000","693","1","桃園市","中壢區","121.175","24.960","726"
"763","376889","20221104125000","705","1","桃園市","平鎮區","121.185","24.960","721"
"794","376892","20221104125000","772","1","桃園市","中壢區","121.185","24.970","784"
"244","376894","20221104125000","274","0","桃園市","平鎮區","121.190","24.930","224"
"568","376895","20221104125000","41","3","桃園市","楊梅區","121.185","24.935","550"
"103","376899","20221104125000","299","0","桃園市","平鎮區","121.190","24.940","106"
"706","376900","20221104125000","492","2","桃園市","平鎮區","121.195","24.940","627"
"267","376915","20221104125000","430","0","桃園市","大溪區","121.310","24.930","260"
"618","376925","20221104125000","497","2","桃園市","大溪區","121.275","24.895","621"
"1161","376927","20221104125000","1009","1","桃園市","大溪區","121.280","24.895","1141"
"634","376929","20221104125000","640","0","桃園市","大溪區","121.285","24.905","567"
"405","376930","20221104125000","419","0","桃園市","大溪區","121.280","24.900","393"
"1296","376931","20221104125000","590","3","桃園市","大溪區","121.280","24.905","1104"
"1097","376932","20221104125000","1103","0","桃園市","龜山區","121.325","24.990","1093"
"1170","376933","20221104125000","1060","1","桃園市","桃園區","121.325","24.980","1127"
"2652","376934","20221104125000","2164","2","桃園市","龜山區","121.330","24.980","2449"
"2703","376936","20221104125000","1771","3","桃園市","桃園區","121.320","24.985","2622"
"4758","376937","20221104125000","3893","2","桃園市","龜山區","121.325","24.985","4747"
"623","376938","20221104125000","1132","0","桃園市","龜山區","121.330","24.985","633"
"289","376940","20221104125000","252","1","桃園市","新屋區","121.055","24.975","283"
"180","376956","20221104125000","233","0","桃園市","新屋區","121.125","24.955","202"
"520","376971","20221104125000","461","1","桃園市","新屋區","121.135","24.970","552"
"82","376972","20221104125000","137","0","桃園市","觀音區","121.140","24.970","81"
"496","376974","20221104125000","680","0","桃園市","龜山區","121.330","24.990","519"
"3894","376975","20221104125000","5446","0","桃園市","桃園區","121.310","24.990","3994"
"1395","376976","20221104125000","1496","0","桃園市","楊梅區","121.170","24.910","1391"
"403","376978","20221104125000","458","0","桃園市","楊梅區","121.175","24.915","410"
"981","376979","20221104125000","1341","0","桃園市","楊梅區","121.170","24.920","967"
"580","376984","20221104125000","690","0","桃園市","楊梅區","121.110","24.925","593"
"529","376995","20221104125000","691","0","桃園市","楊梅區","121.125","24.930","515"
"157","376998","20221104125000","125","2","桃園市","楊梅區","121.115","24.940","147"
"140","377001","20221104125000","142","0","桃園市","楊梅區","121.175","24.900","124"
"1110","377002","20221104125000","1181","0","桃園市","楊梅區","121.180","24.900","1120"
"1663","377003","20221104125000","1821","0","桃園市","楊梅區","121.175","24.905","1664"
"76","377004","20221104125000","32","3","桃園市","楊梅區","121.180","24.905","78"
"190","377007","20221104125000","151","2","桃園市","楊梅區","121.095","24.930","191"
"801","377008","20221104125000","616","2","桃園市","楊梅區","121.100","24.930","801"
"726","377010","20221104125000","421","3","桃園市","楊梅區","121.090","24.935","740"
"487","377027","20221104125000","470","1","桃園市","新屋區","121.090","24.955","457"
"15","377028","20221104125000","289","0","桃園市","楊梅區","121.155","24.895","16"
"355","377030","20221104125000","385","0","桃園市","楊梅區","121.160","24.900","349"
"828","377031","20221104125000","807","1","桃園市","楊梅區","121.155","24.900","865"
"473","377033","20221104125000","597","0","桃園市","楊梅區","121.085","24.935","462"
"403","377034","20221104125000","427","0","桃園市","楊梅區","121.075","24.940","404"
"822","377039","20221104125000","558","2","桃園市","桃園區","121.285","24.990","816"
"566","377041","20221104125000","457","2","桃園市","桃園區","121.295","24.980","552"
"4471","377042","20221104125000","5908","0","桃園市","桃園區","121.300","24.990","4194"
"190","377043","20221104125000","185","1","桃園市","桃園區","121.300","24.980","189"
"2127","377045","20221104125000","1875","1","桃園市","桃園區","121.300","24.985","2088"
"424","377046","20221104125000","673","0","桃園市","楊梅區","121.175","24.910","470"
"1290","377047","20221104125000","1306","0","桃園市","八德區","121.300","24.965","1294"
"868","377051","20221104125000","733","1","桃園市","八德區","121.305","24.955","795"
"569","377052","20221104125000","410","2","桃園市","八德區","121.310","24.955","513"
"77","377054","20221104125000","262","0","桃園市","八德區","121.300","24.945","76"
"429","377056","20221104125000","416","1","桃園市","八德區","121.275","24.940","433"
"650","377058","20221104125000","884","0","桃園市","八德區","121.285","24.940","693"
"452","377059","20221104125000","204","3","桃園市","八德區","121.280","24.945","464"
"296","377061","20221104125000","380","0","桃園市","八德區","121.290","24.950","317"
"27","377068","20221104125000","77","0","桃園市","八德區","121.290","24.955","23"
"411","377069","20221104125000","257","3","桃園市","八德區","121.280","24.960","400"
"689","377070","20221104125000","495","2","桃園市","八德區","121.285","24.960","635"
"2439","377071","20221104125000","2548","0","桃園市","桃園區","121.290","24.985","2478"
"3967","377072","20221104125000","3612","1","桃園市","中壢區","121.220","24.965","3868"
"1457","377073","20221104125000","1492","0","桃園市","中壢區","121.215","24.955","1398"
"505","377077","20221104125000","390","2","桃園市","中壢區","121.205","24.980","444"
"836","377084","20221104125000","517","3","桃園市","中壢區","121.205","24.990","835"
"1628","377086","20221104125000","1044","3","桃園市","中壢區","121.255","24.970","1694"
"1642","377088","20221104125000","1610","1","桃園市","楊梅區","121.155","24.910","1543"
"487","377089","20221104125000","395","2","桃園市","楊梅區","121.160","24.910","511"
"1076","377092","20221104125000","1079","0","桃園市","平鎮區","121.205","24.910","1054"
"1428","377093","20221104125000","1398","1","桃園市","平鎮區","121.205","24.920","1547"
"188","377099","20221104125000","158","1","桃園市","新屋區","121.010","24.960","184"
"705","377106","20221104125000","614","1","桃園市","新屋區","121.120","24.970","638"
"359","377111","20221104125000","218","3","桃園市","新屋區","121.130","24.975","353"
"1330","377117","20221104125000","1228","1","桃園市","新屋區","121.110","24.980","1271"
"556","377122","20221104125000","578","0","桃園市","新屋區","121.110","24.985","573"
"441","377125","20221104125000","529","0","桃園市","新屋區","121.125","24.985","443"
"366","377128","20221104125000","358","1","桃園市","新屋區","121.125","24.990","360"
"649","377135","20221104125000","892","0","桃園市","新屋區","121.100","24.990","633"
"65","377136","20221104125000","32","3","桃園市","新屋區","121.105","24.990","67"
"186","377148","20221104125000","63","3","桃園市","新屋區","121.095","24.960","173"
"280","377155","20221104125000","294","0","桃園市","新屋區","121.070","24.970","313"
"140","377159","20221104125000","147","0","桃園市","新屋區","121.020","24.970","133"
"561","377173","20221104125000","574","0","桃園市","新屋區","121.015","24.985","582"
"313","377175","20221104125000","336","0","桃園市","新屋區","120.990","24.940","372"
"135","377179","20221104125000","82","3","桃園市","新屋區","121.000","24.945","143"
"231","377183","20221104125000","280","0","桃園市","新屋區","121.010","24.950","256"
"517","377187","20221104125000","484","1","桃園市","新屋區","121.080","24.975","521"
"290","377195","20221104125000","282","1","桃園市","新屋區","121.075","24.990","299"
"249","377204","20221104125000","408","0","桃園市","新屋區","121.140","24.960","293"
"731","377205","20221104125000","945","0","桃園市","新屋區","121.145","24.960","697"
"544","377209","20221104125000","340","3","桃園市","新屋區","121.160","24.960","497"
"100","377211","20221104125000","38","3","桃園市","觀音區","121.145","24.970","104"
"22","377247","20221104125000","13","3","新北市","貢寮區","121.910","24.990","33"
"230","377249","20221104125000","392","0","桃園市","平鎮區","121.210","24.895","203"
"858","377259","20221104125000","776","1","桃園市","桃園區","121.285","24.980","870"
"1507","377261","20221104125000","1161","2","桃園市","楊梅區","121.145","24.915","1472"
"607","377263","20221104125000","603","1","桃園市","楊梅區","121.145","24.910","616"
"86","377264","20221104125000","324","0","桃園市","楊梅區","121.130","24.915","92"
"555","377268","20221104125000","469","1","桃園市","楊梅區","121.130","24.920","532"
"447","377270","20221104125000","582","0","桃園市","楊梅區","121.140","24.920","488"
"2012","377280","20221104125000","2000","1","桃園市","楊梅區","121.145","24.900","2129"
"350","377285","20221104125000","274","2","桃園市","楊梅區","121.170","24.900","392"
"654","377288","20221104125000","562","1","桃園市","楊梅區","121.185","24.925","660"
"415","377289","20221104125000","614","0","桃園市","平鎮區","121.190","24.925","435"
"709","377292","20221104125000","570","2","桃園市","平鎮區","121.195","24.925","747"
"169","377295","20221104125000","369","0","桃園市","平鎮區","121.210","24.935","167"
"2040","377296","20221104125000","1522","2","桃園市","桃園區","121.295","24.990","2047"
"2554","377297","20221104125000","2439","1","桃園市","桃園區","121.285","24.985","2557"
"844","377303","20221104125000","525","3","桃園市","新屋區","121.120","24.950","917"
"195","377308","20221104125000","283","0","桃園市","新屋區","121.100","24.960","209"
"962","377310","20221104125000","426","3","桃園市","新屋區","121.110","24.960","857"
"856","377311","20221104125000","758","1","桃園市","新屋區","121.095","24.965","837"
"641","377322","20221104125000","544","1","桃園市","新屋區","121.045","24.960","638"
"205","377333","20221104125000","165","2","桃園市","新屋區","121.045","24.970","243"
"1783","377335","20221104125000","1905","0","桃園市","桃園區","121.320","24.990","1861"
"1240","377337","20221104125000","1230","1","桃園市","平鎮區","121.250","24.920","1163"
"650","377339","20221104125000","696","0","桃園市","平鎮區","121.240","24.925","644"
"938","377340","20221104125000","1147","0","桃園市","桃園區","121.305","24.985","949"
"1149","377342","20221104125000","1069","1","桃園市","桃園區","121.325","24.975","1037"
"2560","377344","20221104125000","2144","1","桃園市","桃園區","121.320","24.975","2490"
"2729","377345","20221104125000","1614","3","新北市","鶯歌區","121.330","24.975","2399"
"949","377346","20221104125000","1115","0","桃園市","桃園區","121.320","24.980","954"
"1203","377347","20221104125000","1014","1","桃園市","中壢區","121.230","24.960","1240"
"1234","377348","20221104125000","1425","0","桃園市","中壢區","121.235","24.960","1231"
"332","377349","20221104125000","692","0","桃園市","中壢區","121.230","24.950","359"
"1546","377350","20221104125000","1472","1","桃園市","中壢區","121.225","24.950","1560"
"494","377361","20221104125000","490","1","桃園市","新屋區","121.030","24.950","496"
"277","377372","20221104125000","411","0","桃園市","新屋區","121.090","24.980","293"
"1076","377380","20221104125000","1341","0","桃園市","新屋區","121.110","24.970","1077"
"208","377381","20221104125000","131","3","桃園市","新屋區","121.110","24.975","171"
"2587","377384","20221104125000","2444","1","桃園市","新屋區","121.105","24.975","2465"
"205","377428","20221104125000","143","2","桃園市","新屋區","121.040","24.980","211"
"1191","377433","20221104125000","1093","1","桃園市","新屋區","121.035","24.985","1177"
"501","377434","20221104125000","452","1","桃園市","新屋區","121.040","24.985","498"
"1569","377446","20221104125000","1305","2","桃園市","桃園區","121.315","24.990","1518"
"1364","377447","20221104125000","934","2","桃園市","桃園區","121.270","24.980","1295"
"2265","377449","20221104125000","1964","1","桃園市","桃園區","121.275","24.990","2297"
"2410","377450","20221104125000","2333","1","桃園市","桃園區","121.265","24.975","2434"
"1444","377452","20221104125000","1539","0","桃園市","桃園區","121.265","24.980","1451"
"80","377454","20221104125000","58","2","桃園市","桃園區","121.265","24.985","75"
"1746","377455","20221104125000","2147","0","桃園市","桃園區","121.290","24.990","1768"
"300","377456","20221104125000","530","0","桃園市","平鎮區","121.245","24.905","259"
"77","377457","20221104125000","210","0","桃園市","平鎮區","121.250","24.905","62"
"162","377459","20221104125000","203","0","桃園市","平鎮區","121.250","24.915","145"
"907","377460","20221104125000","687","2","桃園市","平鎮區","121.215","24.935","814"
"1495","377461","20221104125000","1471","1","桃園市","平鎮區","121.215","24.940","1539"
"1677","377462","20221104125000","1392","2","桃園市","平鎮區","121.215","24.945","1622"
"2059","377463","20221104125000","2141","0","桃園市","桃園區","121.310","24.980","2080"
"1749","377464","20221104125000","1796","0","桃園市","桃園區","121.310","24.985","1676"
"1817","377468","20221104125000","1533","1","桃園市","桃園區","121.305","24.980","1649"
"135","377469","20221104125000","120","1","桃園市","楊梅區","121.175","24.950","147"
"992","377470","20221104125000","1103","0","桃園市","楊梅區","121.170","24.955","1070"
"399","377473","20221104125000","385","1","桃園市","楊梅區","121.115","24.900","423"
"100","377476","20221104125000","130","0","桃園市","楊梅區","121.125","24.910","108"
"479","377481","20221104125000","414","1","桃園市","楊梅區","121.150","24.940","511"
"164","377483","20221104125000","394","0","桃園市","楊梅區","121.150","24.920","162"
"900","377484","20221104125000","952","0","桃園市","楊梅區","121.155","24.920","882"
"1124","377488","20221104125000","733","3","桃園市","楊梅區","121.150","24.925","1194"
"473","377489","20221104125000","409","1","桃園市","楊梅區","121.155","24.925","445"
"30","377490","20221104125000","12","3","桃園市","楊梅區","121.160","24.925","32"
"819","377491","20221104125000","804","1","桃園市","楊梅區","121.165","24.925","950"
"243","377493","20221104125000","391","0","桃園市","楊梅區","121.145","24.930","281"
"1541","377497","20221104125000","1202","2","桃園市","楊梅區","121.160","24.930","1638"
"530","377498","20221104125000","782","0","桃園市","楊梅區","121.165","24.930","535"
"1427","377499","20221104125000","915","3","桃園市","楊梅區","121.170","24.930","1419"
"225","377501","20221104125000","344","0","桃園市","楊梅區","121.140","24.930","256"
"1287","377508","20221104125000","1208","1","桃園市","平鎮區","121.210","24.940","1273"
"1300","377509","20221104125000","1235","1","桃園市","平鎮區","121.210","24.945","1318"
"606","377513","20221104125000","489","2","桃園市","平鎮區","121.210","24.930","643"
"1243","377519","20221104125000","983","2","桃園市","平鎮區","121.230","24.900","1260"
"325","377522","20221104125000","395","0","桃園市","平鎮區","121.245","24.900","315"
"793","377529","20221104125000","1065","0","桃園市","平鎮區","121.225","24.910","770"
"1057","377530","20221104125000","609","3","桃園市","平鎮區","121.230","24.910","1033"
"2587","377532","20221104125000","2226","1","桃園市","桃園區","121.305","24.990","2500"
"881","377533","20221104125000","955","0","新北市","鶯歌區","121.330","24.970","852"
"294","377534","20221104125000","485","0","新北市","鶯歌區","121.335","24.965","288"
"616","377535","20221104125000","454","2","桃園市","桃園區","121.320","24.970","627"
"1593","377538","20221104125000","1697","0","桃園市","桃園區","121.315","24.980","1629"
"1599","377539","20221104125000","849","3","桃園市","楊梅區","121.175","24.925","1554"
"565","377542","20221104125000","689","0","桃園市","楊梅區","121.180","24.925","664"
"343","377546","20221104125000","174","3","桃園市","楊梅區","121.180","24.930","344"
"716","377547","20221104125000","677","1","桃園市","楊梅區","121.160","24.935","697"
"204","377551","20221104125000","108","3","桃園市","楊梅區","121.180","24.935","161"
"99","377559","20221104125000","77","2","桃園市","楊梅區","121.150","24.945","107"
"39","377561","20221104125000","20","3","桃園市","楊梅區","121.160","24.945","35"
"1583","377564","20221104125000","495","3","桃園市","楊梅區","121.175","24.945","1594"
"1101","377565","20221104125000","653","3","桃園市","新屋區","121.150","24.950","1108"
"293","377566","20221104125000","267","1","桃園市","楊梅區","121.155","24.950","279"
"776","377570","20221104125000","931","0","桃園市","蘆竹區","121.265","24.990","810"
"740","377571","20221104125000","1343","0","桃園市","龜山區","121.340","24.980","1923"
"95","377572","20221104125000","329","0","桃園市","龜山區","121.340","24.985","121"
"1868","377573","20221104125000","2134","0","桃園市","龜山區","121.345","24.985","1833"
"702","377574","20221104125000","594","1","桃園市","龜山區","121.340","24.990","623"
"424","377575","20221104125000","298","2","桃園市","龜山區","121.345","24.990","429"
"10","377617","20221104125000","309","0","新北市","雙溪區","121.785","24.920","18"
"16","377679","20221104125000","28","0","新北市","雙溪區","121.830","24.940","21"
"26","377742","20221104125000","37","0","新北市","雙溪區","121.820","24.965","29"
"19","377753","20221104125000","12","3","新北市","雙溪區","121.810","24.970","14"
"16","377756","20221104125000","24","0","新北市","雙溪區","121.825","24.970","26"
"21","377787","20221104125000","32","0","新北市","雙溪區","121.845","24.980","16"
"1482","377821","20221104125000","1479","1","桃園市","楊梅區","121.145","24.905","1465"
"1505","377823","20221104125000","1523","0","桃園市","楊梅區","121.165","24.910","1532"
"166","377824","20221104125000","256","0","桃園市","楊梅區","121.165","24.915","144"
"19","377826","20221104125000","181","0","桃園市","大溪區","121.280","24.910","32"
"1143","377827","20221104125000","693","3","桃園市","大溪區","121.285","24.910","1048"
"1035","377831","20221104125000","869","1","桃園市","大溪區","121.280","24.915","1019"
"298","377833","20221104125000","338","0","桃園市","大溪區","121.290","24.915","250"
"733","377835","20221104125000","652","1","桃園市","大溪區","121.280","24.920","764"
"804","377837","20221104125000","1034","0","桃園市","大溪區","121.290","24.920","786"
"484","377839","20221104125000","505","0","桃園市","大溪區","121.275","24.900","503"
"829","377841","20221104125000","524","3","桃園市","大溪區","121.275","24.905","715"
"1541","377843","20221104125000","1841","0","桃園市","楊梅區","121.180","24.910","1536"
"1088","377844","20221104125000","901","2","桃園市","楊梅區","121.180","24.915","1038"
"233","377845","20221104125000","248","0","桃園市","平鎮區","121.225","24.925","218"
"495","377847","20221104125000","640","0","桃園市","平鎮區","121.220","24.935","448"
"2248","377848","20221104125000","1918","1","桃園市","平鎮區","121.225","24.930","2226"
"598","377849","20221104125000","577","1","桃園市","平鎮區","121.220","24.930","596"
"332","377851","20221104125000","232","2","桃園市","平鎮區","121.230","24.925","309"
"508","377852","20221104125000","540","0","桃園市","中壢區","121.245","24.925","531"
"1733","377853","20221104125000","1209","2","桃園市","楊梅區","121.150","24.910","1639"
"747","377854","20221104125000","613","2","桃園市","楊梅區","121.150","24.915","717"
"81","377858","20221104125000","93","0","桃園市","楊梅區","121.130","24.905","86"
"802","377859","20221104125000","507","3","桃園市","楊梅區","121.135","24.905","696"
"164","377862","20221104125000","186","0","桃園市","楊梅區","121.135","24.910","141"
"574","377866","20221104125000","373","3","桃園市","楊梅區","121.070","24.930","564"
"522","377868","20221104125000","557","0","桃園市","楊梅區","121.065","24.935","494"
"262","377877","20221104125000","251","1","桃園市","楊梅區","121.100","24.920","261"
"169","377879","20221104125000","260","0","桃園市","楊梅區","121.070","24.925","145"
"211","377895","20221104125000","809","0","桃園市","楊梅區","121.085","24.930","209"
"273","377896","20221104125000","380","0","桃園市","楊梅區","121.160","24.950","257"
"3011","377898","20221104125000","2107","2","桃園市","楊梅區","121.160","24.955","3065"
"663","377901","20221104125000","221","3","桃園市","楊梅區","121.120","24.895","589"
"304","377906","20221104125000","54","3","桃園市","楊梅區","121.125","24.900","322"
"311","377909","20221104125000","225","2","桃園市","平鎮區","121.210","24.910","314"
"2169","377914","20221104125000","1713","2","桃園市","平鎮區","121.210","24.920","2161"
"199","377919","20221104125000","316","0","桃園市","平鎮區","121.195","24.930","211"
"390","377920","20221104125000","616","0","桃園市","平鎮區","121.200","24.940","390"
"123","377924","20221104125000","363","0","桃園市","八德區","121.290","24.945","140"
"1380","377925","20221104125000","1080","2","桃園市","八德區","121.290","24.930","1349"
"820","377933","20221104125000","1142","0","桃園市","八德區","121.275","24.960","807"
"1795","377940","20221104125000","1828","0","臺北市","文山區","121.555","24.985","1704"
"586","377941","20221104125000","436","2","臺北市","文山區","121.560","24.985","578"
"839","377942","20221104125000","1074","0","臺北市","文山區","121.565","24.980","890"
"52","377946","20221104125000","67","0","新北市","新店區","121.575","24.965","71"
"125","377947","20221104125000","308","0","臺北市","文山區","121.580","24.965","171"
"1081","377948","20221104125000","1099","0","臺北市","文山區","121.560","24.970","1113"
"146","377953","20221104125000","132","1","臺北市","文山區","121.560","24.975","130"
"70","377955","20221104125000","89","0","臺北市","文山區","121.570","24.975","52"
"27","377956","20221104125000","37","0","臺北市","文山區","121.575","24.975","25"
"354","377957","20221104125000","741","0","臺北市","文山區","121.570","24.980","366"
"1810","377958","20221104125000","1766","1","臺北市","文山區","121.565","24.985","1635"
"219","377962","20221104125000","307","0","臺北市","文山區","121.610","24.965","250"
"157","377964","20221104125000","145","1","臺北市","文山區","121.590","24.965","158"
"14","377974","20221104125000","20","0","臺北市","文山區","121.600","24.970","18"
"307","377978","20221104125000","147","3","臺北市","文山區","121.580","24.975","269"
"282","377979","20221104125000","370","0","臺北市","文山區","121.585","24.975","302"
"249","377980","20221104125000","298","0","臺北市","文山區","121.590","24.975","223"
"1179","377982","20221104125000","1395","0","臺北市","文山區","121.575","24.980","1128"
"400","377989","20221104125000","580","0","臺北市","文山區","121.585","24.985","397"
"312","377990","20221104125000","701","0","臺北市","文山區","121.590","24.985","285"
"867","377994","20221104125000","655","2","臺北市","文山區","121.590","24.990","962"
"153","377995","20221104125000","142","1","臺北市","文山區","121.595","24.990","124"
"2232","377997","20221104125000","2208","1","臺北市","文山區","121.560","24.990","2017"
"1251","377998","20221104125000","2431","0","臺北市","文山區","121.575","24.985","1322"
"830","377999","20221104125000","935","0","臺北市","文山區","121.580","24.985","862"
"3138","378000","20221104125000","2276","2","臺北市","文山區","121.575","24.990","3069"
"751","378001","20221104125000","596","2","臺北市","文山區","121.580","24.990","678"
"1727","378002","20221104125000","1821","0","臺北市","文山區","121.550","24.985","1816"
"1049","378003","20221104125000","1516","0","臺北市","文山區","121.565","24.990","1010"
"2302","378004","20221104125000","2578","0","臺北市","文山區","121.570","24.990","2322"
"2612","378005","20221104125000","2431","1","臺北市","文山區","121.555","24.980","2530"
"2233","378006","20221104125000","2244","0","臺北市","文山區","121.560","24.980","2341"
"1057","378007","20221104125000","964","1","臺北市","文山區","121.555","24.975","1024"
"2661","378008","20221104125000","2706","0","臺北市","文山區","121.570","24.985","2563"
"2628","378009","20221104125000","2684","0","臺北市","文山區","121.545","24.990","2549"
"3087","378010","20221104125000","3394","0","臺北市","文山區","121.540","24.990","3098"
"414","378011","20221104125000","674","0","臺北市","文山區","121.550","24.990","424"
"195","378012","20221104125000","327","0","臺北市","文山區","121.555","24.990","309"
"53","378561","20221104125000","42","2","新北市","貢寮區","121.990","24.995","67"
"83","379975","20221104125000","80","1","新北市","貢寮區","122.005","25.015","137"
"2511","382513","20221104125000","2405","1","新北市","新莊區","121.450","25.035","2368"
"950","382514","20221104125000","577","3","新北市","新莊區","121.415","25.020","994"
"2159","382515","20221104125000","2032","1","新北市","板橋區","121.430","24.995","2178"
"648","382517","20221104125000","755","0","新北市","新莊區","121.435","25.005","669"
"671","382519","20221104125000","785","0","新北市","板橋區","121.440","25.010","668"
"1315","382521","20221104125000","1706","0","新北市","新莊區","121.430","25.020","1330"
"1500","382522","20221104125000","1590","0","新北市","新莊區","121.430","25.015","1520"
"25","382523","20221104125000","185","0","新北市","新莊區","121.420","25.020","42"
"1413","382525","20221104125000","1697","0","新北市","新莊區","121.410","25.025","1453"
"82","382526","20221104125000","105","0","新北市","新莊區","121.400","25.030","86"
"2750","382528","20221104125000","3615","0","新北市","板橋區","121.470","25.015","2788"
"2298","382530","20221104125000","2185","1","新北市","板橋區","121.465","25.025","2340"
"3798","382531","20221104125000","4091","0","新北市","板橋區","121.460","25.025","3999"
"2662","382532","20221104125000","2261","1","新北市","中和區","121.480","24.995","2649"
"1185","382534","20221104125000","1759","0","新北市","板橋區","121.445","25.000","1207"
"1961","382536","20221104125000","2546","0","新北市","中和區","121.520","24.995","1933"
"1623","382537","20221104125000","2288","0","新北市","板橋區","121.455","25.025","1683"
"758","382538","20221104125000","776","0","臺北市","文山區","121.530","24.995","821"
"584","382539","20221104125000","789","0","新北市","汐止區","121.620","25.045","546"
"990","382546","20221104125000","1080","0","新北市","樹林區","121.410","25.010","972"
"2078","382547","20221104125000","2692","0","新北市","新莊區","121.425","25.015","1977"
"1444","382548","20221104125000","1651","0","新北市","中和區","121.495","24.995","1392"
"1908","382549","20221104125000","2104","0","臺北市","萬華區","121.490","25.015","1907"
"210","382550","20221104125000","255","0","新北市","三重區","121.480","25.050","199"
"1997","382552","20221104125000","1781","1","新北市","中和區","121.480","25.000","1840"
"1736","382553","20221104125000","2201","0","新北市","中和區","121.475","25.005","1720"
"3850","382554","20221104125000","3519","1","新北市","中和區","121.470","25.005","3853"
"2634","382555","20221104125000","3650","0","新北市","中和區","121.500","24.995","2585"
"2730","382556","20221104125000","2626","1","新北市","中和區","121.495","25.005","2708"
"1670","382557","20221104125000","2752","0","新北市","中和區","121.500","25.005","1689"
"832","382558","20221104125000","2024","0","新北市","三重區","121.490","25.055","835"
"1299","382559","20221104125000","1143","1","新北市","三重區","121.475","25.045","1174"
"1140","382560","20221104125000","1595","0","新北市","板橋區","121.445","25.005","1132"
"455","382561","20221104125000","464","0","新北市","板橋區","121.445","25.010","443"
"824","382562","20221104125000","917","0","新北市","板橋區","121.450","25.005","739"
"715","382563","20221104125000","809","0","新北市","板橋區","121.450","25.020","705"
"1988","382564","20221104125000","2034","0","新北市","中和區","121.505","25.005","1917"
"1948","382565","20221104125000","2169","0","新北市","三重區","121.485","25.055","1932"
"1857","382567","20221104125000","1895","0","新北市","三重區","121.495","25.055","1928"
"1399","382568","20221104125000","1461","0","新北市","三重區","121.500","25.045","1473"
"3528","382571","20221104125000","2947","1","新北市","中和區","121.490","25.005","3521"
"3585","382572","20221104125000","3057","1","新北市","中和區","121.490","25.000","3610"
"1152","382574","20221104125000","833","2","新北市","中和區","121.485","25.010","1226"
"3408","382575","20221104125000","3874","0","新北市","中和區","121.485","24.995","3426"
"2608","382576","20221104125000","4740","0","新北市","中和區","121.490","24.995","2581"
"2784","382577","20221104125000","3322","0","新北市","中和區","121.505","24.995","2735"
"250","382579","20221104125000","369","0","新北市","板橋區","121.460","25.030","242"
"2412","382580","20221104125000","2452","0","新北市","板橋區","121.455","25.015","2247"
"251","382582","20221104125000","449","0","新北市","板橋區","121.450","25.025","263"
"325","382583","20221104125000","463","0","新北市","泰山區","121.420","25.045","324"
"534","382584","20221104125000","1134","0","新北市","泰山區","121.425","25.045","531"
"259","382589","20221104125000","174","2","新北市","三重區","121.485","25.045","290"
"857","382592","20221104125000","648","2","新北市","三重區","121.485","25.050","829"
"1647","382593","20221104125000","1522","1","新北市","三重區","121.490","25.050","1639"
"587","382594","20221104125000","341","3","桃園市","龜山區","121.410","25.020","562"
"1517","382595","20221104125000","1573","0","新北市","新莊區","121.460","25.050","1485"
"2528","382596","20221104125000","2293","1","新北市","新莊區","121.465","25.050","2445"
"414","382597","20221104125000","753","0","新北市","新莊區","121.460","25.055","351"
"1893","382598","20221104125000","1779","1","新北市","新莊區","121.465","25.055","1782"
"2154","382600","20221104125000","2142","1","新北市","三重區","121.470","25.045","2082"
"2287","382601","20221104125000","1693","2","新北市","三重區","121.470","25.050","2100"
"879","382602","20221104125000","579","3","新北市","三重區","121.470","25.055","809"
"3663","382603","20221104125000","3036","2","新北市","中和區","121.480","25.010","3712"
"3448","382604","20221104125000","3035","1","新北市","板橋區","121.475","25.010","3441"
"977","382605","20221104125000","1547","0","新北市","中和區","121.465","24.995","904"
"2112","382606","20221104125000","2090","1","新北市","新莊區","121.450","25.040","2125"
"2154","382607","20221104125000","2696","0","新北市","新莊區","121.445","25.040","2150"
"2781","382608","20221104125000","3248","0","新北市","新莊區","121.425","25.020","2868"
"321","382609","20221104125000","1610","0","新北市","新莊區","121.455","25.045","334"
"1651","382610","20221104125000","1868","0","新北市","板橋區","121.465","25.005","1642"
"2650","382611","20221104125000","2139","2","新北市","板橋區","121.460","25.005","2569"
"61","382614","20221104125000","151","0","新北市","深坑區","121.630","25.010","88"
"144","382615","20221104125000","128","1","新北市","深坑區","121.620","25.010","164"
"51","382618","20221104125000","214","0","新北市","深坑區","121.630","25.015","64"
"452","382623","20221104125000","833","0","新北市","深坑區","121.605","25.000","416"
"1316","382624","20221104125000","1279","1","新北市","新莊區","121.435","25.015","1312"
"46","382625","20221104125000","335","0","新北市","板橋區","121.450","25.000","60"
"827","382626","20221104125000","628","2","新北市","中和區","121.470","24.995","742"
"86","382627","20221104125000","51","3","新北市","中和區","121.480","24.990","83"
"395","382628","20221104125000","1318","0","新北市","中和區","121.475","25.000","412"
"367","382629","20221104125000","688","0","新北市","中和區","121.505","25.000","382"
"2137","382630","20221104125000","2223","0","新北市","永和區","121.525","25.005","2060"
"1582","382634","20221104125000","1392","1","新北市","樹林區","121.420","24.995","1597"
"1468","382637","20221104125000","1098","2","新北市","樹林區","121.420","25.000","1497"
"741","382638","20221104125000","684","1","新北市","新莊區","121.440","25.030","772"
"2231","382639","20221104125000","1814","2","新北市","新莊區","121.420","25.025","2329"
"1822","382640","20221104125000","2268","0","新北市","新莊區","121.455","25.050","1966"
"2139","382641","20221104125000","2069","1","新北市","中和區","121.470","25.000","1791"
"6233","382642","20221104125000","3461","3","新北市","板橋區","121.455","25.005","6361"
"426","382643","20221104125000","294","2","新北市","板橋區","121.445","25.020","435"
"556","382644","20221104125000","611","0","新北市","板橋區","121.440","25.000","560"
"4078","382645","20221104125000","5898","0","新北市","永和區","121.520","25.010","4051"
"1166","382646","20221104125000","1147","1","新北市","樹林區","121.415","25.000","1089"
"725","382647","20221104125000","550","2","新北市","樹林區","121.415","25.005","711"
"2394","382648","20221104125000","3059","0","新北市","土城區","121.455","24.995","2329"
"34","382660","20221104125000","36","0","新北市","平溪區","121.710","25.020","33"
"3013","382667","20221104125000","2299","2","新北市","新莊區","121.460","25.040","3099"
"4251","382668","20221104125000","3986","1","新北市","新莊區","121.460","25.045","4156"
"734","382671","20221104125000","908","0","新北市","板橋區","121.445","25.015","789"
"5697","382673","20221104125000","4077","2","新北市","板橋區","121.450","24.995","5476"
"2789","382674","20221104125000","2349","1","新北市","板橋區","121.455","25.000","2780"
"4189","382675","20221104125000","3025","2","新北市","永和區","121.520","25.015","4523"
"2667","382676","20221104125000","3559","0","新北市","永和區","121.515","25.015","2657"
"1570","382677","20221104125000","2107","0","新北市","新莊區","121.445","25.030","1577"
"3804","382678","20221104125000","2572","2","新北市","新莊區","121.455","25.035","3639"
"33","382679","20221104125000","706","0","新北市","板橋區","121.460","25.035","30"
"1290","382680","20221104125000","1129","1","新北市","新莊區","121.465","25.040","1289"
"708","382683","20221104125000","500","2","桃園市","中壢區","121.215","25.000","670"
"297","382686","20221104125000","216","2","桃園市","觀音區","121.125","25.030","254"
"1939","382699","20221104125000","2433","0","新北市","板橋區","121.485","25.020","1896"
"6364","382700","20221104125000","6233","1","新北市","板橋區","121.460","25.010","6579"
"3696","382701","20221104125000","2256","3","新北市","板橋區","121.460","24.995","3596"
"871","382702","20221104125000","813","1","新北市","樹林區","121.420","25.015","858"
"752","382703","20221104125000","747","1","新北市","新莊區","121.435","25.010","699"
"1419","382706","20221104125000","1278","1","新北市","新莊區","121.440","25.020","1410"
"174","382710","20221104125000","177","0","新北市","新莊區","121.445","25.025","161"
"2426","382711","20221104125000","2316","1","新北市","永和區","121.505","25.010","2508"
"2327","382712","20221104125000","3135","0","新北市","板橋區","121.475","25.020","2494"
"2585","382713","20221104125000","1977","2","新北市","新莊區","121.430","25.025","2544"
"1173","382715","20221104125000","1295","0","新北市","新莊區","121.425","25.025","1151"
"1028","382716","20221104125000","1073","0","臺北市","萬華區","121.500","25.015","1075"
"1336","382717","20221104125000","1183","1","新北市","新莊區","121.450","25.030","1420"
"218","382724","20221104125000","263","0","桃園市","中壢區","121.180","25.005","221"
"564","382730","20221104125000","540","1","桃園市","中壢區","121.190","25.010","583"
"418","382732","20221104125000","256","3","桃園市","中壢區","121.185","25.015","377"
"400","382735","20221104125000","380","1","桃園市","大園區","121.180","25.025","422"
"1039","382741","20221104125000","1022","1","桃園市","觀音區","121.160","24.995","1062"
"415","382743","20221104125000","428","0","桃園市","觀音區","121.155","25.000","427"
"618","382759","20221104125000","729","0","桃園市","觀音區","121.160","25.020","678"
"19","382763","20221104125000","10","3","桃園市","觀音區","121.150","25.025","18"
"986","382780","20221104125000","665","2","桃園市","觀音區","121.105","25.040","1023"
"262","382785","20221104125000","253","1","桃園市","觀音區","121.130","25.020","219"
"505","382813","20221104125000","773","0","桃園市","觀音區","121.110","25.050","515"
"1745","382814","20221104125000","1579","1","桃園市","觀音區","121.115","25.050","1856"
"972","382815","20221104125000","512","3","桃園市","觀音區","121.120","25.050","835"
"240","382816","20221104125000","147","3","桃園市","觀音區","121.125","25.050","252"
"668","382820","20221104125000","364","3","桃園市","觀音區","121.120","25.055","619"
"748","382821","20221104125000","1305","0","桃園市","觀音區","121.125","25.055","769"
"1016","382830","20221104125000","880","1","桃園市","觀音區","121.080","25.035","1018"
"893","382842","20221104125000","541","3","桃園市","觀音區","121.095","25.050","894"
"320","382853","20221104125000","389","0","桃園市","觀音區","121.145","25.040","326"
"1546","382855","20221104125000","2167","0","桃園市","觀音區","121.140","25.045","1561"
"1012","382857","20221104125000","935","1","桃園市","觀音區","121.130","25.050","961"
"483","382858","20221104125000","421","1","桃園市","觀音區","121.135","25.050","502"
"342","382868","20221104125000","191","3","桃園市","觀音區","121.115","25.000","347"
"1384","382888","20221104125000","1086","2","桃園市","蘆竹區","121.270","25.010","1472"
"245","382890","20221104125000","225","1","桃園市","蘆竹區","121.265","25.015","228"
"1605","382891","20221104125000","1727","0","桃園市","蘆竹區","121.240","25.025","1525"
"880","382893","20221104125000","614","2","桃園市","蘆竹區","121.250","25.025","782"
"321","382894","20221104125000","707","0","桃園市","大園區","121.235","25.025","296"
"1605","382896","20221104125000","896","3","桃園市","蘆竹區","121.245","25.025","2597"
"334","382898","20221104125000","231","2","桃園市","蘆竹區","121.240","25.030","319"
"126","382911","20221104125000","130","0","新北市","石碇區","121.670","25.010","113"
"108","382935","20221104125000","149","0","新北市","石碇區","121.670","25.030","111"
"10","382938","20221104125000","16","0","新北市","石碇區","121.685","25.030","28"
"153","382953","20221104125000","105","2","新北市","石碇區","121.690","25.005","89"
"116","382971","20221104125000","87","2","新北市","石碇區","121.700","25.015","113"
"151","382976","20221104125000","203","0","新北市","石碇區","121.660","24.995","173"
"91","382980","20221104125000","153","0","新北市","石碇區","121.650","25.000","115"
"39","382991","20221104125000","47","0","新北市","貢寮區","121.885","24.995","51"
"25","382996","20221104125000","16","3","新北市","貢寮區","121.885","25.000","21"
"32","383019","20221104125000","98","0","新北市","貢寮區","122.000","25.005","33"
"119","383024","20221104125000","123","0","新北市","貢寮區","121.990","25.010","132"
"44","383035","20221104125000","83","0","新北市","貢寮區","121.985","25.020","64"
"1842","383037","20221104125000","2784","0","新北市","永和區","121.520","25.000","1780"
"3511","383038","20221104125000","3309","1","新北市","板橋區","121.475","25.025","3546"
"265","383039","20221104125000","510","0","新北市","新莊區","121.410","25.030","268"
"441","383040","20221104125000","383","1","新北市","新莊區","121.415","25.030","441"
"98","383045","20221104125000","70","2","新北市","新莊區","121.405","25.040","98"
"1943","383046","20221104125000","2358","0","新北市","新莊區","121.455","25.055","1922"
"1106","383047","20221104125000","1948","0","新北市","新莊區","121.435","25.030","1084"
"1846","383048","20221104125000","1465","2","新北市","新莊區","121.425","25.030","1796"
"1100","383049","20221104125000","2432","0","新北市","新莊區","121.430","25.030","1222"
"1504","383050","20221104125000","1534","0","新北市","新莊區","121.430","25.035","1588"
"3144","383054","20221104125000","4060","0","新北市","新莊區","121.445","25.050","3079"
"3683","383055","20221104125000","3127","1","新北市","新莊區","121.450","25.045","3649"
"2670","383056","20221104125000","1625","3","桃園市","蘆竹區","121.290","25.050","2657"
"3106","383057","20221104125000","2867","1","桃園市","蘆竹區","121.280","25.055","2997"
"481","383058","20221104125000","507","0","桃園市","蘆竹區","121.285","25.045","508"
"1908","383059","20221104125000","1861","1","桃園市","蘆竹區","121.285","25.050","1868"
"1707","383060","20221104125000","2188","0","桃園市","蘆竹區","121.285","25.055","1671"
"1501","383094","20221104125000","1809","0","桃園市","觀音區","121.050","25.025","1381"
"281","383096","20221104125000","488","0","桃園市","觀音區","121.080","25.030","245"
"887","383099","20221104125000","790","1","桃園市","觀音區","121.085","25.035","881"
"953","383113","20221104125000","771","2","桃園市","觀音區","121.120","25.025","962"
"346","383117","20221104125000","421","0","桃園市","觀音區","121.115","25.025","335"
"1470","383118","20221104125000","1339","1","新北市","樹林區","121.410","25.015","1364"
"1255","383121","20221104125000","1736","0","新北市","泰山區","121.440","25.045","1241"
"46","383122","20221104125000","316","0","新北市","泰山區","121.430","25.050","64"
"336","383124","20221104125000","292","1","新北市","泰山區","121.440","25.050","356"
"297","383125","20221104125000","493","0","新北市","泰山區","121.435","25.055","285"
"698","383126","20221104125000","660","1","新北市","泰山區","121.425","25.050","690"
"885","383127","20221104125000","961","0","新北市","新莊區","121.440","25.055","840"
"1583","383128","20221104125000","1909","0","新北市","新莊區","121.445","25.055","1681"
"2986","383129","20221104125000","2820","1","新北市","新莊區","121.450","25.055","2960"
"2688","383130","20221104125000","3426","0","新北市","新莊區","121.450","25.050","2748"
"620","383131","20221104125000","740","0","新北市","新莊區","121.455","25.040","644"
"280","383132","20221104125000","35","3","新北市","板橋區","121.435","24.995","300"
"966","383134","20221104125000","940","1","新北市","板橋區","121.445","24.995","951"
"3193","383141","20221104125000","3847","0","新北市","永和區","121.515","25.005","3117"
"3349","383142","20221104125000","3793","0","新北市","板橋區","121.470","25.025","3375"
"3301","383143","20221104125000","2904","1","新北市","板橋區","121.475","25.030","3254"
"1408","383144","20221104125000","1653","0","新北市","新莊區","121.445","25.045","1556"
"522","383152","20221104125000","281","3","新北市","泰山區","121.400","25.055","550"
"1537","383156","20221104125000","1524","1","新北市","汐止區","121.625","25.040","1505"
"26","383165","20221104125000","41","0","新北市","雙溪區","121.865","25.045","37"
"16","383202","20221104125000","113","0","新北市","雙溪區","121.800","25.015","14"
"367","383204","20221104125000","377","0","新北市","中和區","121.490","25.010","365"
"328","383205","20221104125000","542","0","新北市","樹林區","121.430","25.000","321"
"1672","383207","20221104125000","2367","0","新北市","永和區","121.515","24.995","1666"
"1581","383208","20221104125000","1839","0","桃園市","桃園區","121.315","25.005","1528"
"487","383209","20221104125000","614","0","桃園市","桃園區","121.315","25.010","463"
"466","383210","20221104125000","463","1","臺北市","萬華區","121.495","25.010","450"
"765","383211","20221104125000","1066","0","新北市","永和區","121.500","25.010","758"
"3071","383212","20221104125000","2838","1","新北市","永和區","121.510","25.015","3084"
"411","383214","20221104125000","651","0","新北市","汐止區","121.625","25.050","447"
"783","383218","20221104125000","852","0","桃園市","蘆竹區","121.290","25.055","767"
"676","383219","20221104125000","590","1","桃園市","蘆竹區","121.295","25.050","752"
"1079","383220","20221104125000","1659","0","桃園市","蘆竹區","121.300","25.050","1138"
"925","383222","20221104125000","969","0","桃園市","蘆竹區","121.300","25.055","954"
"78","383225","20221104125000","22","3","桃園市","蘆竹區","121.315","25.055","82"
"270","383229","20221104125000","306","0","新北市","石碇區","121.645","25.005","322"
"11","383234","20221104125000","24","0","新北市","石碇區","121.700","24.995","22"
"90","383253","20221104125000","94","0","新北市","石碇區","121.665","25.010","102"
"351","383254","20221104125000","459","0","新北市","石碇區","121.645","25.010","373"
"41","383261","20221104125000","80","0","新北市","石碇區","121.655","25.015","56"
"409","383272","20221104125000","365","1","桃園市","觀音區","121.100","25.005","433"
"497","383277","20221104125000","505","0","桃園市","觀音區","121.095","25.020","499"
"372","383281","20221104125000","405","0","桃園市","觀音區","121.095","25.025","362"
"1422","383283","20221104125000","1831","0","桃園市","桃園區","121.285","24.995","1547"
"316","383284","20221104125000","304","1","桃園市","桃園區","121.290","24.995","345"
"800","383285","20221104125000","546","2","桃園市","桃園區","121.285","25.000","746"
"3077","383286","20221104125000","3340","0","桃園市","蘆竹區","121.290","25.045","3093"
"278","383287","20221104125000","165","3","桃園市","桃園區","121.280","25.030","295"
"508","383290","20221104125000","609","0","桃園市","蘆竹區","121.280","25.035","489"
"959","383291","20221104125000","956","1","桃園市","蘆竹區","121.285","25.035","988"
"1731","383294","20221104125000","1190","2","桃園市","蘆竹區","121.285","25.040","1749"
"1639","383295","20221104125000","2690","0","桃園市","蘆竹區","121.290","25.040","1622"
"52","383299","20221104125000","175","0","桃園市","蘆竹區","121.255","25.025","32"
"243","383301","20221104125000","296","0","桃園市","蘆竹區","121.250","25.035","266"
"246","383311","20221104125000","178","2","桃園市","蘆竹區","121.240","25.040","255"
"233","383313","20221104125000","105","3","桃園市","蘆竹區","121.255","25.040","208"
"42","383315","20221104125000","271","0","桃園市","蘆竹區","121.250","25.045","35"
"352","383318","20221104125000","556","0","桃園市","蘆竹區","121.265","25.025","346"
"747","383325","20221104125000","668","1","桃園市","蘆竹區","121.275","25.030","705"
"43","383357","20221104125000","70","0","新北市","雙溪區","121.880","25.020","65"
"11","383364","20221104125000","68","0","新北市","雙溪區","121.870","25.030","23"
"5323","383376","20221104125000","6598","0","新北市","中和區","121.485","25.000","5355"
"3539","383377","20221104125000","4546","0","新北市","中和區","121.485","25.005","3535"
"2832","383378","20221104125000","3938","0","新北市","中和區","121.500","25.000","2839"
"3192","383379","20221104125000","3566","0","新北市","板橋區","121.465","25.010","3195"
"2742","383380","20221104125000","2688","1","新北市","板橋區","121.470","25.010","2886"
"642","383384","20221104125000","521","2","新北市","汐止區","121.635","25.040","632"
"268","383424","20221104125000","338","0","桃園市","蘆竹區","121.255","25.050","210"
"591","383426","20221104125000","513","1","桃園市","蘆竹區","121.265","25.050","567"
"441","383435","20221104125000","404","1","桃園市","蘆竹區","121.275","25.055","445"
"391","383437","20221104125000","363","1","桃園市","大園區","121.160","25.030","388"
"461","383449","20221104125000","440","1","桃園市","觀音區","121.155","25.050","433"
"1429","383456","20221104125000","1417","1","桃園市","觀音區","121.140","25.010","1451"
"394","383457","20221104125000","466","0","桃園市","觀音區","121.145","25.010","425"
"476","383463","20221104125000","416","1","桃園市","觀音區","121.130","25.005","394"
"262","383469","20221104125000","288","0","桃園市","觀音區","121.060","25.025","264"
"361","383475","20221104125000","399","0","桃園市","觀音區","121.065","25.025","347"
"22","383478","20221104125000","15","2","桃園市","觀音區","121.060","25.030","24"
"348","383483","20221104125000","474","0","桃園市","觀音區","121.060","25.035","319"
"255","383485","20221104125000","359","0","桃園市","觀音區","121.070","25.035","224"
"305","383489","20221104125000","281","1","桃園市","觀音區","121.070","25.040","290"
"1998","383492","20221104125000","2270","0","新北市","三重區","121.475","25.050","2344"
"2307","383493","20221104125000","2858","0","新北市","中和區","121.510","24.995","2354"
"3362","383494","20221104125000","3901","0","新北市","中和區","121.510","25.000","3289"
"3356","383495","20221104125000","3208","1","新北市","板橋區","121.455","25.010","3446"
"2728","383496","20221104125000","2688","1","新北市","板橋區","121.455","25.020","2745"
"2165","383500","20221104125000","2317","0","新北市","樹林區","121.425","24.995","2106"
"168","383502","20221104125000","473","0","新北市","樹林區","121.405","25.005","178"
"168","383503","20221104125000","261","0","新北市","樹林區","121.410","25.005","160"
"1376","383507","20221104125000","1287","1","新北市","永和區","121.505","25.015","1394"
"202","383513","20221104125000","249","0","桃園市","中壢區","121.245","24.995","228"
"1782","383515","20221104125000","1958","0","桃園市","中壢區","121.225","25.000","1727"
"22","383518","20221104125000","225","0","桃園市","中壢區","121.240","25.000","16"
"603","383519","20221104125000","474","2","桃園市","中壢區","121.245","25.000","584"
"861","383520","20221104125000","635","2","桃園市","中壢區","121.250","25.000","809"
"287","383521","20221104125000","196","2","桃園市","中壢區","121.230","25.005","271"
"581","383524","20221104125000","547","1","桃園市","中壢區","121.245","25.005","567"
"274","383526","20221104125000","499","0","桃園市","大園區","121.245","25.010","272"
"1021","383529","20221104125000","795","2","桃園市","中壢區","121.175","24.995","974"
"450","383553","20221104125000","564","0","桃園市","中壢區","121.220","25.005","447"
"115","383554","20221104125000","326","0","桃園市","中壢區","121.215","25.010","108"
"80","383556","20221104125000","401","0","桃園市","中壢區","121.215","25.015","80"
"1058","383557","20221104125000","580","3","桃園市","中壢區","121.220","25.015","1090"
"1088","383559","20221104125000","1272","0","新北市","板橋區","121.480","25.030","1096"
"398","383560","20221104125000","361","1","新北市","樹林區","121.420","25.005","409"
"2337","383562","20221104125000","1793","2","新北市","新莊區","121.430","25.005","2411"
"786","383563","20221104125000","1112","0","新北市","樹林區","121.425","25.010","826"
"246","383564","20221104125000","1081","0","新北市","樹林區","121.425","25.000","265"
"2488","383565","20221104125000","2312","1","新北市","永和區","121.515","25.000","2450"
"2569","383566","20221104125000","2820","0","新北市","永和區","121.520","25.005","2633"
"1759","383567","20221104125000","1386","2","新北市","中和區","121.480","25.005","1795"
"1679","383568","20221104125000","1419","1","新北市","泰山區","121.415","25.050","1685"
"1116","383572","20221104125000","1716","0","新北市","泰山區","121.430","25.055","1051"
"2070","383573","20221104125000","1626","2","新北市","板橋區","121.460","25.000","2073"
"4483","383574","20221104125000","3964","1","新北市","中和區","121.495","25.000","4410"
"1758","383575","20221104125000","2065","0","新北市","板橋區","121.465","25.030","1760"
"3381","383576","20221104125000","3637","0","新北市","板橋區","121.470","25.030","3449"
"26","383582","20221104125000","458","0","新北市","深坑區","121.620","25.005","22"
"237","383589","20221104125000","591","0","新北市","深坑區","121.615","25.000","290"
"292","383590","20221104125000","520","0","新北市","深坑區","121.620","25.000","308"
"824","383591","20221104125000","786","1","新北市","深坑區","121.625","25.000","814"
"366","383599","20221104125000","213","3","新北市","深坑區","121.635","25.005","356"
"1199","383600","20221104125000","1163","1","新北市","深坑區","121.615","25.005","1195"
"2508","383602","20221104125000","2597","0","新北市","板橋區","121.480","25.025","2545"
"4259","383603","20221104125000","3840","1","新北市","新莊區","121.445","25.035","4099"
"114","383604","20221104125000","430","0","新北市","永和區","121.530","25.000","248"
"2137","383605","20221104125000","3107","0","新北市","板橋區","121.480","25.020","2060"
"3151","383606","20221104125000","3047","1","新北市","板橋區","121.480","25.015","3207"
"1310","383607","20221104125000","1439","0","桃園市","桃園區","121.310","25.010","1312"
"2515","383608","20221104125000","2116","1","桃園市","桃園區","121.310","25.015","2615"
"2290","383609","20221104125000","3119","0","新北市","永和區","121.510","25.010","2281"
"2505","383610","20221104125000","2700","0","新北市","永和區","121.515","25.010","2480"
"2886","383611","20221104125000","3257","0","新北市","板橋區","121.460","25.015","3042"
"1251","383612","20221104125000","2511","0","新北市","板橋區","121.465","25.000","1198"
"1601","383614","20221104125000","1137","2","桃園市","桃園區","121.300","25.010","1547"
"2995","383615","20221104125000","2337","2","桃園市","桃園區","121.315","24.995","2930"
"772","383616","20221104125000","923","0","新北市","深坑區","121.605","25.005","714"
"150","383618","20221104125000","226","0","新北市","深坑區","121.600","25.010","135"
"1864","383631","20221104125000","2229","0","新北市","深坑區","121.600","25.005","1968"
"1266","383632","20221104125000","1667","0","新北市","中和區","121.485","25.015","1313"
"2284","383633","20221104125000","2102","1","新北市","板橋區","121.475","25.015","2363"
"2921","383634","20221104125000","3950","0","新北市","板橋區","121.450","25.015","2962"
"1445","383635","20221104125000","1868","0","新北市","永和區","121.510","25.005","1425"
"2157","383636","20221104125000","2508","0","新北市","板橋區","121.450","25.010","2261"
"609","383637","20221104125000","806","0","新北市","樹林區","121.405","25.015","625"
"847","383638","20221104125000","753","1","新北市","樹林區","121.420","25.010","862"
"1298","383639","20221104125000","1152","1","新北市","樹林區","121.415","25.015","1290"
"51","383641","20221104125000","72","0","新北市","平溪區","121.765","25.035","79"
"269","383658","20221104125000","387","0","新北市","平溪區","121.775","25.040","266"
"182","383678","20221104125000","163","1","新北市","平溪區","121.740","25.025","163"
"107","383679","20221104125000","117","0","新北市","平溪區","121.745","25.025","112"
"87","383682","20221104125000","38","3","新北市","平溪區","121.745","25.030","87"
"28","383718","20221104125000","39","0","新北市","平溪區","121.780","25.025","35"
"10","383746","20221104125000","19","0","新北市","平溪區","121.765","25.020","12"
"39","383787","20221104125000","55","0","新北市","平溪區","121.750","25.005","45"
"50","383811","20221104125000","337","0","新北市","平溪區","121.715","25.020","60"
"47","383820","20221104125000","18","3","新北市","平溪區","121.735","25.020","32"
"648","383828","20221104125000","1629","0","新北市","中和區","121.475","24.995","649"
"3599","383829","20221104125000","4366","0","新北市","板橋區","121.470","25.020","3654"
"191","383830","20221104125000","202","0","新北市","板橋區","121.440","25.005","200"
"948","383831","20221104125000","876","1","新北市","新莊區","121.440","25.015","962"
"857","383833","20221104125000","1519","0","新北市","永和區","121.515","25.020","876"
"181","383834","20221104125000","164","1","新北市","汐止區","121.645","25.030","189"
"228","383848","20221104125000","201","1","新北市","汐止區","121.645","25.040","209"
"40","383859","20221104125000","86","0","新北市","汐止區","121.670","25.045","75"
"30","383862","20221104125000","71","0","新北市","汐止區","121.660","25.050","33"
"435","383865","20221104125000","488","0","新北市","永和區","121.530","25.005","436"
"3209","383866","20221104125000","2912","1","新北市","新莊區","121.465","25.045","3158"
"1225","383867","20221104125000","1776","0","新北市","新莊區","121.415","25.025","1232"
"1314","383868","20221104125000","1703","0","新北市","中和區","121.525","24.995","1273"
"648","383871","20221104125000","1038","0","桃園市","中壢區","121.200","25.010","557"
"495","383880","20221104125000","405","2","桃園市","中壢區","121.200","25.020","497"
"6845","383889","20221104125000","6121","1","新北市","板橋區","121.465","25.015","6676"
"55","383890","20221104125000","171","0","新北市","板橋區","121.475","25.035","51"
"1002","383891","20221104125000","778","2","新北市","板橋區","121.480","25.035","996"
"5216","383893","20221104125000","5288","0","新北市","板橋區","121.465","25.020","5349"
"2563","383894","20221104125000","2610","0","新北市","板橋區","121.460","25.020","2738"
"2163","383895","20221104125000","1904","1","新北市","永和區","121.525","25.010","2172"
"3383","383896","20221104125000","3460","0","新北市","永和區","121.525","25.000","3320"
"1723","383897","20221104125000","1658","1","桃園市","龜山區","121.365","25.030","1593"
"1496","383900","20221104125000","1485","1","桃園市","龜山區","121.360","25.040","1498"
"922","383902","20221104125000","1042","0","桃園市","龜山區","121.360","25.045","995"
"1537","383903","20221104125000","1047","2","桃園市","龜山區","121.360","25.050","1813"
"938","383904","20221104125000","1349","0","桃園市","龜山區","121.365","25.050","924"
"1097","383905","20221104125000","1242","0","桃園市","龜山區","121.360","25.055","1119"
"1643","383906","20221104125000","1823","0","桃園市","龜山區","121.365","25.055","1889"
"2688","383907","20221104125000","2703","0","桃園市","龜山區","121.375","25.035","2681"
"1526","383908","20221104125000","1030","2","桃園市","龜山區","121.370","25.040","1516"
"365","383909","20221104125000","492","0","桃園市","龜山區","121.375","25.040","346"
"186","383910","20221104125000","319","0","桃園市","龜山區","121.365","25.045","198"
"1713","383911","20221104125000","2030","0","桃園市","龜山區","121.370","25.045","1726"
"238","383912","20221104125000","404","0","桃園市","龜山區","121.375","25.045","246"
"1779","383913","20221104125000","2288","0","桃園市","龜山區","121.370","25.050","1700"
"6440","383914","20221104125000","3386","3","桃園市","龜山區","121.375","25.050","6342"
"1190","383915","20221104125000","1250","0","桃園市","龜山區","121.370","25.055","1254"
"1794","383916","20221104125000","1771","1","桃園市","龜山區","121.375","25.055","1765"
"430","383919","20221104125000","591","0","桃園市","龜山區","121.360","25.000","430"
"210","383920","20221104125000","224","0","桃園市","龜山區","121.365","25.000","202"
"470","383922","20221104125000","524","0","桃園市","龜山區","121.340","25.000","482"
"352","383924","20221104125000","301","1","桃園市","龜山區","121.340","25.005","373"
"1028","383928","20221104125000","927","1","桃園市","龜山區","121.365","25.005","1068"
"434","383930","20221104125000","348","2","桃園市","龜山區","121.355","25.010","431"
"431","383939","20221104125000","450","0","桃園市","龜山區","121.360","25.020","435"
"988","383940","20221104125000","923","1","桃園市","龜山區","121.365","25.015","923"
"159","383941","20221104125000","198","0","桃園市","龜山區","121.370","25.020","150"
"174","383945","20221104125000","146","1","桃園市","龜山區","121.365","25.020","164"
"54","383952","20221104125000","49","1","桃園市","龜山區","121.380","25.025","73"
"1822","383958","20221104125000","1258","2","桃園市","龜山區","121.335","24.995","1788"
"248","383959","20221104125000","526","0","桃園市","龜山區","121.345","25.005","206"
"651","383962","20221104125000","448","2","桃園市","龜山區","121.345","25.010","426"
"71","383966","20221104125000","302","0","桃園市","龜山區","121.345","25.015","306"
"413","383978","20221104125000","401","1","桃園市","龜山區","121.350","25.020","422"
"52","383987","20221104125000","33","3","桃園市","龜山區","121.345","25.030","40"
"173","383989","20221104125000","138","2","桃園市","龜山區","121.355","25.030","208"
"137","383991","20221104125000","222","0","桃園市","龜山區","121.380","25.020","147"
"414","383995","20221104125000","645","0","桃園市","龜山區","121.385","25.025","386"
"215","383996","20221104125000","293","0","桃園市","龜山區","121.390","25.025","223"
"10","383997","20221104125000","12","0","桃園市","龜山區","121.395","25.025","10"
"2230","384001","20221104125000","1945","1","桃園市","龜山區","121.390","25.030","2340"
"649","384003","20221104125000","800","0","桃園市","龜山區","121.385","25.035","651"
"1561","384004","20221104125000","985","3","桃園市","龜山區","121.390","25.035","1533"
"23","384008","20221104125000","23","1","桃園市","龜山區","121.385","25.040","31"
"704","384009","20221104125000","803","0","桃園市","龜山區","121.390","25.040","669"
"1018","384015","20221104125000","2055","0","桃園市","龜山區","121.380","25.050","1003"
"229","384017","20221104125000","260","0","桃園市","龜山區","121.390","25.050","255"
"238","384019","20221104125000","512","0","桃園市","龜山區","121.380","25.055","237"
"7408","384021","20221104125000","7838","0","臺北市","中山區","121.525","25.050","7350"
"9429","384022","20221104125000","8828","1","臺北市","中山區","121.530","25.055","9653"
"602","384040","20221104125000","588","1","桃園市","大園區","121.185","25.045","620"
"618","384041","20221104125000","339","3","桃園市","大園區","121.190","25.045","676"
"11","384045","20221104125000","66","0","桃園市","大園區","121.180","25.055","13"
"122","384058","20221104125000","138","0","桃園市","龜山區","121.355","24.995","124"
"495","384060","20221104125000","352","2","桃園市","龜山區","121.355","25.000","475"
"1920","384064","20221104125000","1754","1","新北市","永和區","121.510","25.020","1847"
"2317","384065","20221104125000","2582","0","臺北市","中正區","121.515","25.025","2476"
"1347","384066","20221104125000","2616","0","臺北市","中正區","121.525","25.020","1352"
"2253","384067","20221104125000","2872","0","臺北市","中正區","121.515","25.040","2189"
"15983","384068","20221104125000","17199","0","臺北市","中正區","121.515","25.045","15729"
"12079","384069","20221104125000","11012","1","臺北市","中山區","121.535","25.055","11903"
"1144","384070","20221104125000","1325","0","臺北市","文山區","121.560","25.005","1154"
"333","384071","20221104125000","404","0","臺北市","大安區","121.560","25.010","357"
"497","384072","20221104125000","1227","0","桃園市","桃園區","121.310","24.995","454"
"5965","384073","20221104125000","5632","1","臺北市","中山區","121.535","25.045","5874"
"4657","384074","20221104125000","6092","0","臺北市","中山區","121.535","25.050","4534"
"6454","384075","20221104125000","5458","1","臺北市","中正區","121.515","25.030","6146"
"6191","384076","20221104125000","6959","0","臺北市","信義區","121.565","25.025","6165"
"1274","384077","20221104125000","1441","0","臺北市","信義區","121.575","25.045","1191"
"281","384078","20221104125000","358","0","臺北市","信義區","121.585","25.035","265"
"622","384079","20221104125000","743","0","臺北市","信義區","121.565","25.020","446"
"977","384081","20221104125000","925","1","桃園市","桃園區","121.290","25.010","923"
"1048","384082","20221104125000","1303","0","桃園市","桃園區","121.285","25.015","997"
"764","384083","20221104125000","735","1","桃園市","桃園區","121.290","25.015","779"
"6720","384084","20221104125000","7985","0","臺北市","中正區","121.525","25.045","7080"
"6610","384085","20221104125000","5575","1","臺北市","中正區","121.530","25.045","6382"
"3252","384086","20221104125000","4157","0","臺北市","中正區","121.530","25.010","3206"
"6796","384087","20221104125000","7727","0","臺北市","中山區","121.525","25.055","6824"
"4057","384088","20221104125000","3790","1","臺北市","中山區","121.540","25.045","4042"
"3966","384089","20221104125000","5251","0","臺北市","大安區","121.540","25.040","4710"
"4018","384090","20221104125000","4380","0","臺北市","中正區","121.520","25.030","4041"
"3494","384091","20221104125000","3103","1","臺北市","中正區","121.520","25.035","3301"
"10237","384092","20221104125000","9603","1","臺北市","中正區","121.520","25.040","10347"
"9374","384093","20221104125000","10072","0","臺北市","中正區","121.525","25.040","9227"
"200","384094","20221104125000","597","0","臺北市","中正區","121.525","25.015","227"
"1407","384100","20221104125000","851","3","桃園市","中壢區","121.200","25.000","1462"
"32","384101","20221104125000","176","0","桃園市","中壢區","121.205","25.000","38"
"542","384103","20221104125000","261","3","桃園市","中壢區","121.200","25.005","547"
"1023","384104","20221104125000","1174","0","新北市","泰山區","121.420","25.030","1039"
"351","384106","20221104125000","405","0","新北市","泰山區","121.425","25.035","324"
"2374","384109","20221104125000","2292","1","新北市","泰山區","121.420","25.040","2420"
"1116","384111","20221104125000","930","2","新北市","泰山區","121.425","25.040","1075"
"2822","384112","20221104125000","2415","1","新北市","泰山區","121.430","25.040","2999"
"252","384113","20221104125000","89","3","桃園市","龜山區","121.330","24.995","222"
"403","384129","20221104125000","200","3","桃園市","龜山區","121.375","25.010","475"
"658","384131","20221104125000","573","1","桃園市","龜山區","121.385","25.010","675"
"334","384132","20221104125000","270","2","桃園市","龜山區","121.390","25.010","321"
"1319","384140","20221104125000","1318","1","桃園市","龜山區","121.395","25.020","1391"
"619","384141","20221104125000","528","1","桃園市","龜山區","121.400","25.020","610"
"1167","384142","20221104125000","1004","1","桃園市","龜山區","121.340","24.995","1155"
"1645","384145","20221104125000","1500","1","桃園市","龜山區","121.345","25.000","1714"
"8487","384146","20221104125000","11404","0","臺北市","中山區","121.520","25.055","8908"
"759","384147","20221104125000","1053","0","桃園市","桃園區","121.305","25.025","706"
"87","384149","20221104125000","64","2","桃園市","新屋區","121.030","25.000","96"
"250","384152","20221104125000","257","0","桃園市","新屋區","121.030","25.005","210"
"149","384164","20221104125000","104","2","桃園市","新屋區","121.060","24.995","137"
"141","384167","20221104125000","164","0","桃園市","新屋區","121.060","25.000","150"
"440","384185","20221104125000","515","0","桃園市","新屋區","121.075","25.005","428"
"242","384188","20221104125000","647","0","桃園市","桃園區","121.325","25.000","228"
"355","384189","20221104125000","326","1","桃園市","桃園區","121.320","25.005","401"
"1186","384190","20221104125000","1022","1","桃園市","桃園區","121.325","25.005","1104"
"2216","384194","20221104125000","3031","0","臺北市","中正區","121.510","25.025","2174"
"52","384227","20221104125000","47","1","新北市","貢寮區","121.955","25.005","56"
"21","384234","20221104125000","77","0","新北市","貢寮區","121.950","25.010","33"
"307","384241","20221104125000","326","0","新北市","貢寮區","121.945","25.015","325"
"54","384254","20221104125000","59","0","新北市","貢寮區","121.970","25.025","65"
"323","384267","20221104125000","391","0","新北市","貢寮區","121.905","25.020","319"
"19","384270","20221104125000","45","0","新北市","貢寮區","121.900","25.025","20"
"17","384288","20221104125000","30","0","新北市","貢寮區","121.930","25.000","32"
"230","384299","20221104125000","144","3","新北市","貢寮區","121.920","25.010","176"
"76","384306","20221104125000","68","1","新北市","貢寮區","121.930","25.015","101"
"25","384338","20221104125000","30","0","新北市","貢寮區","121.905","25.010","30"
"326","384342","20221104125000","321","1","新北市","貢寮區","121.945","25.020","330"
"147","384349","20221104125000","149","0","新北市","貢寮區","121.930","25.030","143"
"1819","384355","20221104125000","1639","1","桃園市","龜山區","121.400","25.015","1849"
"2502","384356","20221104125000","2529","0","桃園市","龜山區","121.405","25.020","2437"
"237","384362","20221104125000","211","1","桃園市","新屋區","121.045","25.005","256"
"481","384367","20221104125000","312","3","桃園市","桃園區","121.320","24.995","438"
"1253","384368","20221104125000","1327","0","桃園市","桃園區","121.325","24.995","1376"
"1388","384371","20221104125000","1454","0","桃園市","桃園區","121.295","25.000","1343"
"538","384372","20221104125000","417","2","桃園市","桃園區","121.280","25.005","515"
"925","384373","20221104125000","464","3","桃園市","桃園區","121.285","25.005","905"
"1062","384374","20221104125000","2030","0","桃園市","桃園區","121.280","25.010","1022"
"1313","384375","20221104125000","2095","0","桃園市","桃園區","121.300","25.000","1339"
"1112","384376","20221104125000","1116","0","桃園市","桃園區","121.305","25.000","1116"
"975","384377","20221104125000","887","1","桃園市","桃園區","121.310","25.025","1026"
"320","384378","20221104125000","300","1","桃園市","桃園區","121.310","25.020","320"
"809","384379","20221104125000","528","3","桃園市","桃園區","121.315","25.025","917"
"2279","384382","20221104125000","2014","1","桃園市","桃園區","121.300","25.025","2187"
"1286","384383","20221104125000","1076","1","桃園市","桃園區","121.305","25.020","1264"
"162","384386","20221104125000","107","3","桃園市","桃園區","121.300","25.030","145"
"135","384387","20221104125000","42","3","桃園市","桃園區","121.295","24.995","131"
"3672","384388","20221104125000","4111","0","臺北市","中山區","121.530","25.050","3681"
"2818","384389","20221104125000","3136","0","桃園市","桃園區","121.295","25.025","2771"
"176","384391","20221104125000","142","2","桃園市","蘆竹區","121.295","25.035","185"
"4185","384392","20221104125000","3384","2","桃園市","蘆竹區","121.295","25.040","4056"
"2719","384393","20221104125000","2760","0","桃園市","桃園區","121.300","25.015","2639"
"4480","384394","20221104125000","3713","2","桃園市","桃園區","121.295","25.015","4448"
"2091","384395","20221104125000","1843","1","桃園市","桃園區","121.320","25.010","2048"
"1637","384398","20221104125000","978","3","桃園市","桃園區","121.310","25.000","1601"
"617","384399","20221104125000","630","0","桃園市","桃園區","121.315","25.000","592"
"433","384400","20221104125000","395","1","桃園市","桃園區","121.320","25.000","400"
"801","384401","20221104125000","596","2","桃園市","桃園區","121.310","25.005","748"
"342","384402","20221104125000","278","2","臺北市","南港區","121.590","25.035","392"
"553","384403","20221104125000","330","3","臺北市","大安區","121.550","25.015","624"
"2420","384404","20221104125000","3211","0","臺北市","大安區","121.555","25.020","2337"
"7926","384405","20221104125000","8406","0","臺北市","大安區","121.550","25.020","7672"
"1268","384408","20221104125000","1313","0","桃園市","桃園區","121.305","25.010","1270"
"2896","384409","20221104125000","4442","0","臺北市","中正區","121.530","25.015","3167"
"7780","384410","20221104125000","6105","2","臺北市","中正區","121.525","25.035","7965"
"3635","384411","20221104125000","4340","0","臺北市","中山區","121.540","25.050","3646"
"873","384412","20221104125000","970","0","桃園市","桃園區","121.290","25.020","800"
"5102","384413","20221104125000","6391","0","臺北市","信義區","121.560","25.045","5050"
"161","384415","20221104125000","264","0","桃園市","桃園區","121.300","24.995","203"
"1253","384416","20221104125000","1411","0","桃園市","桃園區","121.290","25.025","1351"
"913","384417","20221104125000","737","2","桃園市","桃園區","121.290","25.005","899"
"1740","384418","20221104125000","1337","2","桃園市","桃園區","121.295","25.005","1634"
"903","384419","20221104125000","1208","0","桃園市","桃園區","121.295","25.010","912"
"4605","384420","20221104125000","5446","0","臺北市","大同區","121.510","25.055","4612"
"748","384421","20221104125000","956","0","臺北市","中正區","121.520","25.020","832"
"3916","384422","20221104125000","3515","1","臺北市","信義區","121.570","25.025","3740"
"14","384423","20221104125000","22","0","臺北市","信義區","121.575","25.025","13"
"1813","384424","20221104125000","1497","2","臺北市","信義區","121.570","25.030","1793"
"1378","384425","20221104125000","1778","0","臺北市","信義區","121.575","25.030","1419"
"5501","384426","20221104125000","6924","0","臺北市","大同區","121.515","25.050","5278"
"8146","384427","20221104125000","8439","0","臺北市","中山區","121.520","25.050","8326"
"2494","384428","20221104125000","2746","0","臺北市","大同區","121.515","25.055","2668"
"2679","384429","20221104125000","2403","1","桃園市","桃園區","121.305","24.995","2626"
"1850","384430","20221104125000","1950","0","桃園市","桃園區","121.300","25.005","1769"
"1258","384431","20221104125000","1074","1","臺北市","大同區","121.505","25.050","1300"
"4840","384432","20221104125000","5000","0","臺北市","大同區","121.510","25.050","4939"
"1015","384433","20221104125000","2172","0","臺北市","大安區","121.555","25.040","1145"
"7145","384434","20221104125000","7690","0","臺北市","大安區","121.555","25.030","6949"
"5002","384435","20221104125000","4347","1","臺北市","大安區","121.530","25.025","5447"
"2028","384436","20221104125000","3940","0","臺北市","大安區","121.525","25.030","2101"
"6128","384437","20221104125000","6868","0","臺北市","大安區","121.525","25.025","6111"
"4658","384438","20221104125000","4557","1","臺北市","大安區","121.545","25.035","4529"
"8334","384439","20221104125000","9877","0","臺北市","大安區","121.545","25.030","8304"
"4872","384440","20221104125000","5590","0","臺北市","大安區","121.555","25.035","5013"
"3839","384441","20221104125000","6281","0","臺北市","大安區","121.550","25.025","3992"
"5854","384442","20221104125000","5509","1","臺北市","中正區","121.530","25.035","5820"
"6310","384443","20221104125000","6229","1","臺北市","中正區","121.510","25.045","6319"
"577","384446","20221104125000","446","2","桃園市","蘆竹區","121.270","25.015","526"
"328","384447","20221104125000","383","0","桃園市","蘆竹區","121.260","25.025","292"
"1187","384448","20221104125000","956","2","桃園市","蘆竹區","121.265","25.020","1162"
"262","384449","20221104125000","320","0","桃園市","蘆竹區","121.270","25.020","277"
"33","384450","20221104125000","13","3","桃園市","蘆竹區","121.270","25.025","24"
"13","384454","20221104125000","29","0","桃園市","蘆竹區","121.255","25.000","20"
"61","384461","20221104125000","107","0","桃園市","蘆竹區","121.260","25.010","66"
"41","384463","20221104125000","151","0","桃園市","蘆竹區","121.250","25.015","40"
"385","384466","20221104125000","420","0","桃園市","蘆竹區","121.250","25.020","352"
"1265","384467","20221104125000","946","2","桃園市","蘆竹區","121.255","25.020","1305"
"1662","384468","20221104125000","1904","0","桃園市","蘆竹區","121.260","25.020","1649"
"2737","384469","20221104125000","2846","0","桃園市","蘆竹區","121.295","25.055","2669"
"936","384473","20221104125000","899","1","桃園市","桃園區","121.305","25.030","881"
"361","384480","20221104125000","448","0","桃園市","龜山區","121.305","25.035","301"
"572","384489","20221104125000","629","0","桃園市","蘆竹區","121.295","25.045","554"
"1167","384497","20221104125000","2072","0","桃園市","龜山區","121.305","25.045","1129"
"278","384499","20221104125000","899","0","桃園市","龜山區","121.315","25.045","264"
"32","384502","20221104125000","17","3","桃園市","龜山區","121.330","25.045","42"
"387","384507","20221104125000","212","3","桃園市","龜山區","121.320","25.050","365"
"434","384514","20221104125000","317","2","桃園市","龜山區","121.335","25.055","463"
"500","384517","20221104125000","724","0","桃園市","龜山區","121.340","25.035","524"
"276","384521","20221104125000","232","1","桃園市","龜山區","121.345","25.040","279"
"201","384522","20221104125000","238","0","桃園市","龜山區","121.350","25.040","237"
"51","384523","20221104125000","65","0","桃園市","龜山區","121.355","25.040","48"
"709","384525","20221104125000","681","1","桃園市","龜山區","121.350","25.045","667"
"391","384526","20221104125000","609","0","桃園市","龜山區","121.355","25.045","407"
"31","384527","20221104125000","56","0","桃園市","龜山區","121.345","25.050","13"
"681","384528","20221104125000","747","0","桃園市","龜山區","121.350","25.050","779"
"396","384532","20221104125000","259","3","桃園市","龜山區","121.350","25.055","344"
"5930","384533","20221104125000","6729","0","臺北市","信義區","121.570","25.035","5666"
"2346","384534","20221104125000","2690","0","臺北市","信義區","121.575","25.035","2311"
"38","384537","20221104125000","29","2","臺北市","南港區","121.625","25.020","58"
"66","384549","20221104125000","130","0","臺北市","南港區","121.630","25.030","72"
"658","384552","20221104125000","626","1","臺北市","南港區","121.620","25.035","654"
"67","384554","20221104125000","66","1","新北市","汐止區","121.630","25.035","77"
"819","384555","20221104125000","688","1","臺北市","南港區","121.620","25.040","833"
"3546","384556","20221104125000","4526","0","臺北市","信義區","121.575","25.040","3655"
"3595","384557","20221104125000","4437","0","臺北市","南港區","121.585","25.045","3486"
"87","384572","20221104125000","80","1","新北市","雙溪區","121.825","25.025","120"
"38","384581","20221104125000","10","3","新北市","雙溪區","121.830","25.030","41"
"14","384597","20221104125000","33","0","新北市","雙溪區","121.850","25.010","28"
"708","384614","20221104125000","908","0","新北市","雙溪區","121.865","25.035","755"
"51","384624","20221104125000","60","0","新北市","雙溪區","121.830","25.000","43"
"20","384641","20221104125000","42","0","新北市","雙溪區","121.805","25.015","21"
"86","384662","20221104125000","90","0","新北市","雙溪區","121.840","25.035","102"
"258","384679","20221104125000","232","1","新北市","雙溪區","121.865","25.040","276"
"47","384696","20221104125000","62","0","新北市","雙溪區","121.845","24.995","57"
"520","384710","20221104125000","442","1","桃園市","桃園區","121.275","25.020","513"
"430","384711","20221104125000","376","1","桃園市","桃園區","121.280","25.020","403"
"12","384715","20221104125000","245","0","臺北市","信義區","121.560","25.025","16"
"2121","384716","20221104125000","2547","0","臺北市","信義區","121.565","25.030","3082"
"11740","384717","20221104125000","12862","0","臺北市","信義區","121.560","25.030","11417"
"2887","384718","20221104125000","4187","0","臺北市","中正區","121.520","25.025","2826"
"708","384719","20221104125000","1017","0","桃園市","大園區","121.210","25.005","663"
"1202","384720","20221104125000","1000","2","桃園市","大園區","121.210","25.010","1209"
"2170","384721","20221104125000","2097","1","桃園市","大園區","121.210","25.015","2441"
"1477","384722","20221104125000","1470","1","桃園市","大園區","121.210","25.020","1462"
"260","384723","20221104125000","346","0","桃園市","大園區","121.220","25.020","250"
"701","384726","20221104125000","702","0","桃園市","大園區","121.220","25.025","725"
"490","384729","20221104125000","564","0","桃園市","大園區","121.215","25.025","456"
"433","384731","20221104125000","483","0","桃園市","大園區","121.205","25.035","391"
"359","384739","20221104125000","260","2","桃園市","大園區","121.205","25.050","359"
"66","384743","20221104125000","67","0","桃園市","大園區","121.210","25.055","54"
"3585","384744","20221104125000","4230","0","臺北市","信義區","121.580","25.040","3652"
"1209","384745","20221104125000","1541","0","臺北市","中正區","121.510","25.030","1070"
"8993","384746","20221104125000","7736","1","臺北市","中正區","121.520","25.045","9553"
"2216","384747","20221104125000","3079","0","臺北市","中正區","121.505","25.030","2280"
"5252","384748","20221104125000","4817","1","臺北市","中正區","121.510","25.035","5264"
"1765","384749","20221104125000","1481","1","臺北市","中正區","121.515","25.035","1908"
"5708","384750","20221104125000","6925","0","臺北市","中正區","121.510","25.040","5589"
"2231","384751","20221104125000","2089","1","桃園市","桃園區","121.305","25.015","2262"
"1127","384752","20221104125000","1650","0","桃園市","桃園區","121.300","25.020","1202"
"2968","384754","20221104125000","2646","1","桃園市","桃園區","121.295","25.020","2988"
"2258","384756","20221104125000","2557","0","桃園市","桃園區","121.315","25.015","2275"
"419","384757","20221104125000","1199","0","桃園市","桃園區","121.315","25.020","408"
"1671","384759","20221104125000","1656","1","桃園市","桃園區","121.305","25.005","1655"
"3474","384760","20221104125000","4493","0","臺北市","信義區","121.570","25.045","3409"
"461","384761","20221104125000","443","1","臺北市","信義區","121.575","25.015","442"
"529","384763","20221104125000","581","0","臺北市","信義區","121.575","25.020","500"
"336","384770","20221104125000","412","0","桃園市","大園區","121.225","25.015","333"
"492","384775","20221104125000","692","0","桃園市","大園區","121.230","25.020","527"
"219","384776","20221104125000","120","3","桃園市","大園區","121.235","25.020","250"
"232","384777","20221104125000","506","0","桃園市","大園區","121.240","25.020","246"
"176","384783","20221104125000","157","1","桃園市","大園區","121.230","25.025","231"
"194","384787","20221104125000","125","3","桃園市","大園區","121.220","25.035","186"
"550","384788","20221104125000","535","1","桃園市","大園區","121.225","25.035","510"
"596","384790","20221104125000","517","1","桃園市","大園區","121.165","25.050","574"
"506","384794","20221104125000","592","0","桃園市","大園區","121.160","25.055","484"
"339","384798","20221104125000","213","3","桃園市","大園區","121.175","25.055","324"
"311","384806","20221104125000","385","0","桃園市","大園區","121.175","25.030","304"
"274","384811","20221104125000","167","3","桃園市","大園區","121.180","25.035","262"
"271","384818","20221104125000","210","2","桃園市","大園區","121.215","25.035","235"
"366","384824","20221104125000","450","0","桃園市","大園區","121.215","25.045","352"
"110","384830","20221104125000","106","1","桃園市","大園區","121.215","25.055","105"
"481","384831","20221104125000","622","0","桃園市","大園區","121.220","25.055","503"
"4624","384843","20221104125000","6274","0","臺北市","松山區","121.550","25.045","4696"
"1990","384844","20221104125000","2286","0","臺北市","信義區","121.565","25.045","2088"
"118","384845","20221104125000","54","3","臺北市","南港區","121.595","25.035","116"
"4371","384846","20221104125000","4190","1","臺北市","大安區","121.535","25.020","4392"
"882","384847","20221104125000","1129","0","臺北市","大安區","121.535","25.030","900"
"1057","384848","20221104125000","988","1","臺北市","文山區","121.575","25.000","1067"
"91","384849","20221104125000","99","0","臺北市","文山區","121.590","25.000","81"
"303","384853","20221104125000","450","0","臺北市","文山區","121.585","25.005","311"
"228","384856","20221104125000","202","1","臺北市","文山區","121.570","25.010","240"
"110","384857","20221104125000","143","0","臺北市","文山區","121.575","25.010","94"
"58","384858","20221104125000","93","0","臺北市","文山區","121.580","25.010","82"
"84","384862","20221104125000","93","0","臺北市","文山區","121.590","25.010","90"
"1736","384864","20221104125000","858","3","臺北市","大安區","121.540","25.010","1882"
"2767","384865","20221104125000","2496","1","臺北市","文山區","121.540","25.005","2850"
"1132","384868","20221104125000","1170","0","臺北市","萬華區","121.490","25.035","1123"
"4078","384871","20221104125000","3866","1","臺北市","文山區","121.560","25.000","3919"
"1168","384874","20221104125000","1213","0","臺北市","萬華區","121.495","25.015","1130"
"126","384876","20221104125000","126","1","臺北市","信義區","121.565","25.015","132"
"4983","384878","20221104125000","5074","0","臺北市","大安區","121.550","25.035","4996"
"4787","384879","20221104125000","3979","2","臺北市","中正區","121.530","25.040","4501"
"13723","384880","20221104125000","11091","2","臺北市","大安區","121.550","25.030","13650"
"3527","384881","20221104125000","4070","0","臺北市","信義區","121.555","25.025","3482"
"755","384882","20221104125000","526","2","臺北市","文山區","121.550","24.995","728"
"2060","384883","20221104125000","2089","0","臺北市","文山區","121.550","25.000","2051"
"2869","384884","20221104125000","3376","0","臺北市","萬華區","121.500","25.020","2864"
"4663","384885","20221104125000","4644","1","臺北市","大安區","121.530","25.020","4250"
"6657","384886","20221104125000","6399","1","臺北市","大安區","121.540","25.035","6289"
"382","384888","20221104125000","216","3","臺北市","文山區","121.565","25.000","267"
"281","384889","20221104125000","339","0","臺北市","文山區","121.565","25.005","317"
"872","384890","20221104125000","823","1","臺北市","文山區","121.570","25.005","700"
"257","384893","20221104125000","657","0","臺北市","文山區","121.585","24.995","278"
"330","384895","20221104125000","264","2","臺北市","文山區","121.580","25.000","341"
"233","384896","20221104125000","63","3","臺北市","文山區","121.585","25.000","226"
"575","384897","20221104125000","458","2","新北市","深坑區","121.600","25.000","547"
"3488","384898","20221104125000","4025","0","臺北市","文山區","121.540","24.995","3459"
"200","384899","20221104125000","190","1","臺北市","文山區","121.570","24.995","211"
"1283","384900","20221104125000","1153","1","臺北市","文山區","121.570","25.000","1142"
"3602","384901","20221104125000","3498","1","臺北市","文山區","121.540","25.000","3517"
"892","384903","20221104125000","1310","0","臺北市","萬華區","121.505","25.020","953"
"1172","384904","20221104125000","1116","1","臺北市","文山區","121.555","24.995","1156"
"1248","384905","20221104125000","1050","1","臺北市","文山區","121.560","24.995","1257"
"1303","384906","20221104125000","1652","0","臺北市","文山區","121.555","25.000","1424"
"1191","384907","20221104125000","1041","1","臺北市","文山區","121.550","25.005","1189"
"332","384908","20221104125000","272","2","臺北市","大安區","121.550","25.010","336"
"1889","384909","20221104125000","2479","0","臺北市","大安區","121.540","25.015","1915"
"3673","384911","20221104125000","5140","0","臺北市","中正區","121.535","25.010","3639"
"802","384913","20221104125000","1268","0","臺北市","大安區","121.545","25.010","812"
"5030","384914","20221104125000","5193","0","臺北市","大安區","121.535","25.015","4643"
"899","384916","20221104125000","1108","0","臺北市","大安區","121.545","25.015","946"
"7435","384917","20221104125000","10249","0","臺北市","大安區","121.550","25.040","8866"
"2020","384918","20221104125000","956","3","臺北市","文山區","121.535","24.995","1931"
"4127","384919","20221104125000","4658","0","臺北市","松山區","121.545","25.045","4091"
"3363","384920","20221104125000","3389","0","臺北市","萬華區","121.500","25.040","3244"
"701","384922","20221104125000","678","1","臺北市","萬華區","121.490","25.030","662"
"7225","384923","20221104125000","8353","0","臺北市","萬華區","121.505","25.045","7148"
"1582","384924","20221104125000","2069","0","臺北市","南港區","121.585","25.050","1714"
"1195","384925","20221104125000","1646","0","臺北市","南港區","121.590","25.050","1168"
"860","384926","20221104125000","1073","0","臺北市","南港區","121.590","25.040","699"
"294","384927","20221104125000","423","0","臺北市","南港區","121.590","25.045","369"
"803","384929","20221104125000","897","0","臺北市","南港區","121.595","25.040","759"
"323","384931","20221104125000","535","0","臺北市","南港區","121.595","25.045","295"
"187","384932","20221104125000","253","0","臺北市","南港區","121.600","25.045","224"
"2243","384933","20221104125000","2316","0","臺北市","南港區","121.595","25.050","2188"
"3223","384935","20221104125000","3614","0","臺北市","萬華區","121.495","25.030","3237"
"2149","384936","20221104125000","1285","3","臺北市","萬華區","121.490","25.025","2049"
"1040","384937","20221104125000","517","3","臺北市","文山區","121.555","25.010","1163"
"127","384938","20221104125000","178","0","臺北市","信義區","121.565","25.010","121"
"1476","384940","20221104125000","1826","0","臺北市","大安區","121.560","25.015","1484"
"6243","384941","20221104125000","5645","1","臺北市","松山區","121.550","25.050","6399"
"688","384942","20221104125000","679","1","臺北市","大安區","121.540","25.020","805"
"169","384943","20221104125000","1512","0","臺北市","大安區","121.540","25.025","183"
"10182","384944","20221104125000","10156","1","臺北市","松山區","121.555","25.050","10003"
"1660","384945","20221104125000","1497","1","臺北市","萬華區","121.495","25.035","1607"
"376","384946","20221104125000","429","0","臺北市","萬華區","121.495","25.040","392"
"595","384947","20221104125000","566","1","臺北市","文山區","121.565","24.995","557"
"6061","384948","20221104125000","5120","1","臺北市","松山區","121.560","25.050","5863"
"4651","384949","20221104125000","6204","0","臺北市","松山區","121.565","25.050","3884"
"1289","384950","20221104125000","902","2","臺北市","萬華區","121.490","25.020","1243"
"1577","384951","20221104125000","935","3","臺北市","萬華區","121.500","25.030","1546"
"3922","384952","20221104125000","4521","0","臺北市","萬華區","121.505","25.040","4068"
"6082","384955","20221104125000","6795","0","臺北市","大安區","121.535","25.040","5797"
"3582","384956","20221104125000","2662","2","臺北市","松山區","121.555","25.045","3805"
"2104","384957","20221104125000","1975","1","臺北市","松山區","121.575","25.050","2205"
"6875","384958","20221104125000","7163","0","臺北市","南港區","121.580","25.050","6802"
"329","384960","20221104125000","518","0","臺北市","信義區","121.580","25.030","363"
"2261","384961","20221104125000","3318","0","臺北市","信義區","121.580","25.035","2250"
"1472","384962","20221104125000","3258","0","臺北市","信義區","121.580","25.045","1455"
"2900","384963","20221104125000","4739","0","臺北市","萬華區","121.500","25.035","2651"
"5529","384964","20221104125000","6989","0","臺北市","松山區","121.545","25.050","5592"
"1226","384965","20221104125000","1168","1","臺北市","萬華區","121.495","25.020","1303"
"1807","384966","20221104125000","1973","0","臺北市","萬華區","121.500","25.025","1847"
"303","384968","20221104125000","223","2","臺北市","信義區","121.570","25.015","293"
"136","384969","20221104125000","1055","0","臺北市","信義區","121.570","25.020","129"
"2884","384970","20221104125000","5284","0","臺北市","信義區","121.560","25.040","3262"
"4096","384971","20221104125000","5127","0","臺北市","大安區","121.535","25.035","4031"
"1398","384972","20221104125000","1331","1","臺北市","文山區","121.545","24.995","1361"
"1046","384973","20221104125000","1068","0","臺北市","大安區","121.555","25.015","1026"
"2435","384974","20221104125000","3213","0","臺北市","大安區","121.540","25.030","2612"
"115","384975","20221104125000","90","2","臺北市","文山區","121.545","25.005","116"
"486","384976","20221104125000","519","0","臺北市","文山區","121.535","25.000","495"
"283","384977","20221104125000","773","0","臺北市","文山區","121.535","25.005","271"
"2623","384978","20221104125000","3248","0","臺北市","萬華區","121.505","25.025","2675"
"1240","384983","20221104125000","1054","1","臺北市","南港區","121.610","25.050","1157"
"253","384984","20221104125000","210","2","臺北市","南港區","121.615","25.050","305"
"2217","384986","20221104125000","1885","1","臺北市","南港區","121.615","25.040","2321"
"995","384987","20221104125000","2275","0","臺北市","南港區","121.615","25.045","940"
"29","384992","20221104125000","23","2","臺北市","南港區","121.595","25.015","28"
"45","384996","20221104125000","46","0","臺北市","南港區","121.600","25.020","43"
"194","384997","20221104125000","257","0","臺北市","南港區","121.605","25.020","218"
"34","385006","20221104125000","34","1","臺北市","南港區","121.620","25.025","30"
"872","385010","20221104125000","747","1","臺北市","南港區","121.610","25.030","1007"
"4390","385016","20221104125000","4285","1","臺北市","大安區","121.535","25.025","4283"
"4846","385018","20221104125000","5570","0","臺北市","大安區","121.545","25.020","4961"
"10695","385019","20221104125000","11483","0","臺北市","信義區","121.565","25.040","10256"
"10303","385020","20221104125000","8727","1","臺北市","信義區","121.570","25.040","10161"
"1594","385021","20221104125000","3304","0","臺北市","信義區","121.560","25.035","1683"
"8699","385022","20221104125000","8007","1","臺北市","信義區","121.565","25.035","8900"
"200","385023","20221104125000","173","1","臺北市","文山區","121.555","25.005","209"
"1309","385025","20221104125000","1266","1","臺北市","文山區","121.545","25.000","1306"
"4711","385026","20221104125000","4825","0","臺北市","萬華區","121.505","25.035","4486"
"1755","385027","20221104125000","2122","0","臺北市","萬華區","121.495","25.025","1749"
"9888","385028","20221104125000","10976","0","臺北市","大安區","121.545","25.040","8967"
"1541","385029","20221104125000","1801","0","臺北市","信義區","121.560","25.020","1551"
"24","385032","20221104125000","29","0","臺北市","信義區","121.590","25.030","34"
"2289","385033","20221104125000","2557","0","臺北市","信義區","121.585","25.040","2242"
"4636","385034","20221104125000","4982","0","臺北市","大安區","121.530","25.030","4639"
"4417","385035","20221104125000","3840","1","臺北市","大安區","121.545","25.025","4295"
"88","387378","20221104125000","115","0","新北市","貢寮區","121.920","25.075","131"
"717","391023","20221104125000","827","0","桃園市","大園區","121.240","25.115","759"
"286","392790","20221104125000","570","0","新北市","林口區","121.360","25.135","302"
"1208","392791","20221104125000","1275","0","基隆市","中正區(海)","121.745","25.135","1152"
"127","392792","20221104125000","266","0","新北市","瑞芳區","121.805","25.135","174"
"971","393254","20221104125000","924","1","基隆市","中正區(海)","121.750","25.140","876"
"2479","394037","20221104125000","2883","0","基隆市","七堵區","121.700","25.085","2398"
"104","394044","20221104125000","64","3","基隆市","七堵區","121.715","25.105","96"
"27","394049","20221104125000","29","0","基隆市","安樂區","121.710","25.120","33"
"475","394050","20221104125000","650","0","基隆市","中正區","121.760","25.140","480"
"874","394051","20221104125000","841","1","基隆市","中正區","121.755","25.135","842"
"1091","394053","20221104125000","877","2","基隆市","安樂區","121.720","25.125","936"
"566","394054","20221104125000","741","0","基隆市","中山區","121.730","25.145","552"
"1119","394055","20221104125000","1437","0","新北市","三重區","121.475","25.065","1080"
"1314","394056","20221104125000","1016","2","新北市","三重區","121.490","25.070","1445"
"2426","394057","20221104125000","2536","0","新北市","汐止區","121.635","25.065","2382"
"2361","394058","20221104125000","2178","1","新北市","汐止區","121.660","25.065","2469"
"24","394059","20221104125000","23","1","新北市","汐止區","121.665","25.050","27"
"527","394060","20221104125000","574","0","新北市","汐止區","121.670","25.055","545"
"745","394062","20221104125000","983","0","新北市","汐止區","121.665","25.055","746"
"1123","394064","20221104125000","2499","0","新北市","汐止區","121.660","25.060","1226"
"691","394066","20221104125000","533","2","基隆市","七堵區","121.695","25.080","679"
"881","394068","20221104125000","876","1","基隆市","七堵區","121.720","25.100","837"
"951","394069","20221104125000","1544","0","基隆市","中正區","121.750","25.135","948"
"57","394070","20221104125000","338","0","基隆市","中正區","121.755","25.140","57"
"161","394071","20221104125000","72","3","基隆市","中正區","121.795","25.145","93"
"403","394072","20221104125000","391","1","基隆市","中正區","121.770","25.145","422"
"575","394074","20221104125000","666","0","基隆市","暖暖區","121.730","25.095","558"
"623","394075","20221104125000","631","0","基隆市","暖暖區","121.735","25.105","576"
"325","394076","20221104125000","426","0","基隆市","暖暖區","121.735","25.110","299"
"353","394077","20221104125000","402","0","基隆市","暖暖區","121.740","25.100","333"
"664","394078","20221104125000","782","0","基隆市","中山區","121.735","25.135","642"
"37","394082","20221104125000","255","0","基隆市","安樂區","121.705","25.140","35"
"85","394085","20221104125000","51","3","基隆市","安樂區","121.700","25.145","87"
"1132","394090","20221104125000","1014","1","基隆市","安樂區","121.715","25.125","1006"
"2329","394091","20221104125000","2275","1","基隆市","仁愛區","121.740","25.125","2323"
"696","394092","20221104125000","752","0","臺北市","大同區","121.510","25.070","689"
"2748","394093","20221104125000","2504","1","新北市","三重區","121.500","25.055","2839"
"3458","394094","20221104125000","3842","0","新北市","三重區","121.500","25.065","3794"
"704","394095","20221104125000","789","0","基隆市","中山區","121.740","25.135","697"
"3043","394096","20221104125000","3136","0","基隆市","信義區","121.755","25.130","3003"
"504","394097","20221104125000","709","0","基隆市","仁愛區","121.735","25.125","488"
"307","394098","20221104125000","289","1","基隆市","安樂區","121.725","25.140","303"
"171","394099","20221104125000","730","0","基隆市","安樂區","121.730","25.130","185"
"1758","394102","20221104125000","2049","0","新北市","五股區","121.450","25.105","1752"
"934","394106","20221104125000","870","1","新北市","五股區","121.440","25.090","884"
"600","394108","20221104125000","629","0","新北市","五股區","121.440","25.095","650"
"191","394109","20221104125000","234","0","新北市","五股區","121.430","25.100","194"
"91","394115","20221104125000","301","0","新北市","五股區","121.445","25.075","78"
"910","394118","20221104125000","1097","0","新北市","五股區","121.460","25.075","896"
"892","394121","20221104125000","828","1","新北市","五股區","121.455","25.080","899"
"18","394125","20221104125000","75","0","新北市","五股區","121.430","25.085","17"
"1152","394126","20221104125000","1643","0","新北市","五股區","121.435","25.085","1202"
"70","394127","20221104125000","59","1","新北市","五股區","121.420","25.090","76"
"1158","394129","20221104125000","2205","0","新北市","五股區","121.430","25.070","1231"
"1290","394130","20221104125000","1173","1","新北市","五股區","121.435","25.070","1273"
"20","394135","20221104125000","225","0","新北市","五股區","121.425","25.070","23"
"56","394136","20221104125000","36","3","新北市","林口區","121.405","25.075","50"
"137","394138","20221104125000","65","3","新北市","五股區","121.405","25.080","173"
"1408","394139","20221104125000","2114","0","新北市","新莊區","121.450","25.060","1408"
"3639","394141","20221104125000","3850","0","新北市","新莊區","121.455","25.060","3700"
"1502","394142","20221104125000","1597","0","新北市","五股區","121.450","25.070","1537"
"2034","394144","20221104125000","1421","2","新北市","五股區","121.455","25.070","2024"
"1402","394146","20221104125000","1271","1","新北市","五股區","121.465","25.070","1408"
"90","394147","20221104125000","335","0","新北市","五股區","121.465","25.075","104"
"311","394149","20221104125000","304","1","新北市","五股區","121.435","25.105","302"
"195","394150","20221104125000","170","1","新北市","五股區","121.420","25.110","223"
"73","394155","20221104125000","70","1","新北市","五股區","121.420","25.115","74"
"49","394166","20221104125000","65","0","新北市","五股區","121.425","25.120","53"
"128","394170","20221104125000","250","0","新北市","五股區","121.420","25.125","112"
"989","394174","20221104125000","883","1","基隆市","信義區","121.765","25.125","858"
"833","394175","20221104125000","937","0","基隆市","信義區","121.760","25.130","810"
"545","394176","20221104125000","499","1","基隆市","中正區","121.760","25.135","552"
"226","394178","20221104125000","159","2","基隆市","七堵區","121.700","25.070","222"
"479","394179","20221104125000","408","1","基隆市","七堵區","121.695","25.075","474"
"1280","394181","20221104125000","1596","0","基隆市","七堵區","121.715","25.095","1378"
"560","394182","20221104125000","563","0","基隆市","七堵區","121.720","25.095","535"
"623","394185","20221104125000","607","1","基隆市","中山區","121.720","25.140","591"
"1674","394186","20221104125000","1834","0","基隆市","中山區","121.725","25.145","1615"
"681","394187","20221104125000","547","2","新北市","五股區","121.435","25.090","660"
"812","394188","20221104125000","1080","0","新北市","五股區","121.440","25.080","865"
"542","394189","20221104125000","1026","0","新北市","五股區","121.440","25.085","534"
"264","394193","20221104125000","246","1","新北市","五股區","121.415","25.090","253"
"49","394196","20221104125000","115","0","新北市","五股區","121.410","25.100","60"
"202","394202","20221104125000","270","0","新北市","五股區","121.405","25.110","210"
"33","394207","20221104125000","84","0","新北市","五股區","121.410","25.110","35"
"51","394208","20221104125000","49","1","新北市","八里區","121.400","25.115","58"
"348","394211","20221104125000","415","0","新北市","五股區","121.425","25.095","337"
"206","394216","20221104125000","223","0","新北市","五股區","121.415","25.075","190"
"99","394218","20221104125000","105","0","新北市","五股區","121.425","25.075","136"
"597","394220","20221104125000","585","1","新北市","五股區","121.435","25.075","554"
"118","394223","20221104125000","117","1","新北市","五股區","121.420","25.080","114"
"665","394226","20221104125000","741","0","新北市","五股區","121.435","25.080","706"
"564","394227","20221104125000","741","0","新北市","五股區","121.445","25.090","541"
"674","394229","20221104125000","516","2","新北市","五股區","121.445","25.095","693"
"75","394230","20221104125000","245","0","新北市","五股區","121.450","25.095","81"
"446","394234","20221104125000","918","0","新北市","五股區","121.450","25.100","496"
"3102","394235","20221104125000","3454","0","新北市","三重區","121.495","25.070","3277"
"2234","394236","20221104125000","2095","1","新北市","三重區","121.500","25.070","2276"
"4261","394237","20221104125000","4639","0","新北市","三重區","121.490","25.065","4289"
"1816","394238","20221104125000","1470","2","基隆市","中正區","121.785","25.135","1703"
"1180","394242","20221104125000","1682","0","基隆市","安樂區","121.720","25.120","1042"
"868","394243","20221104125000","1350","0","新北市","三重區","121.505","25.060","882"
"2385","394244","20221104125000","3166","0","新北市","三重區","121.480","25.060","2408"
"1476","394247","20221104125000","1341","1","新北市","三重區","121.485","25.070","1516"
"1005","394248","20221104125000","501","3","基隆市","中正區","121.790","25.135","972"
"974","394252","20221104125000","898","1","基隆市","信義區","121.765","25.130","1035"
"69","394254","20221104125000","275","0","基隆市","信義區","121.770","25.135","62"
"1023","394258","20221104125000","1186","0","基隆市","信義區","121.770","25.130","964"
"628","394259","20221104125000","765","0","基隆市","信義區","121.775","25.130","645"
"55","394262","20221104125000","88","0","基隆市","信義區","121.790","25.115","55"
"142","394265","20221104125000","129","1","基隆市","信義區","121.790","25.120","194"
"338","394266","20221104125000","267","2","基隆市","信義區","121.785","25.125","331"
"1149","394270","20221104125000","1270","0","基隆市","信義區","121.775","25.135","1097"
"416","394272","20221104125000","433","0","基隆市","安樂區","121.725","25.135","409"
"1072","394273","20221104125000","1027","1","基隆市","安樂區","121.715","25.140","1004"
"1755","394275","20221104125000","2280","0","基隆市","中山區","121.735","25.130","1766"
"257","394276","20221104125000","739","0","基隆市","安樂區","121.725","25.125","250"
"811","394277","20221104125000","743","1","基隆市","安樂區","121.725","25.130","744"
"55","394278","20221104125000","174","0","基隆市","中山區","121.720","25.145","47"
"2669","394280","20221104125000","3149","0","基隆市","仁愛區","121.740","25.130","2817"
"709","394281","20221104125000","653","1","基隆市","安樂區","121.730","25.135","697"
"2346","394282","20221104125000","2116","1","新北市","三重區","121.490","25.075","2425"
"3164","394283","20221104125000","3843","0","新北市","三重區","121.490","25.060","3412"
"1635","394284","20221104125000","2063","0","新北市","三重區","121.495","25.060","1687"
"761","394285","20221104125000","659","1","基隆市","中山區","121.740","25.145","772"
"1030","394288","20221104125000","1163","0","基隆市","安樂區","121.710","25.140","1201"
"1198","394290","20221104125000","997","2","基隆市","安樂區","121.710","25.150","1231"
"411","394291","20221104125000","300","2","基隆市","中山區","121.715","25.145","408"
"334","394292","20221104125000","425","0","新北市","三重區","121.485","25.065","342"
"453","394293","20221104125000","591","0","臺北市","大同區","121.510","25.075","473"
"3561","394294","20221104125000","3543","1","新北市","三重區","121.500","25.060","3720"
"2595","394295","20221104125000","2070","2","新北市","三重區","121.475","25.055","2874"
"422","394297","20221104125000","356","1","新北市","五股區","121.460","25.070","427"
"2008","394298","20221104125000","1155","3","新北市","三重區","121.470","25.060","1759"
"731","394299","20221104125000","1069","0","新北市","三重區","121.470","25.065","764"
"345","394301","20221104125000","413","0","新北市","三重區","121.505","25.075","342"
"1444","394302","20221104125000","1726","0","新北市","三重區","121.485","25.080","1412"
"236","394303","20221104125000","245","0","基隆市","中山區","121.740","25.140","245"
"1502","394304","20221104125000","1389","1","新北市","三重區","121.470","25.070","1508"
"197","394305","20221104125000","182","1","基隆市","信義區","121.780","25.135","187"
"514","394306","20221104125000","1020","0","基隆市","信義區","121.780","25.130","529"
"555","394307","20221104125000","527","1","基隆市","信義區","121.780","25.140","541"
"382","394308","20221104125000","346","1","基隆市","中正區","121.785","25.140","371"
"117","394312","20221104125000","71","3","基隆市","信義區","121.775","25.125","105"
"708","394313","20221104125000","689","1","基隆市","信義區","121.780","25.125","670"
"92","394317","20221104125000","107","0","新北市","瑞芳區","121.760","25.110","110"
"148","394320","20221104125000","123","2","基隆市","信義區","121.765","25.115","141"
"999","394324","20221104125000","1205","0","基隆市","信義區","121.760","25.125","1089"
"1383","394325","20221104125000","1733","0","新北市","三重區","121.490","25.085","1379"
"505","394326","20221104125000","484","1","新北市","三重區","121.490","25.090","454"
"21","394327","20221104125000","65","0","新北市","三重區","121.495","25.090","19"
"1606","394329","20221104125000","1401","1","新北市","三重區","121.475","25.070","1662"
"1980","394330","20221104125000","2330","0","新北市","三重區","121.480","25.070","2033"
"1792","394332","20221104125000","1156","3","新北市","泰山區","121.430","25.065","1519"
"734","394333","20221104125000","1094","0","新北市","泰山區","121.440","25.060","747"
"444","394335","20221104125000","410","1","基隆市","中山區","121.735","25.140","450"
"68","394336","20221104125000","782","0","基隆市","中山區","121.730","25.140","66"
"166","394337","20221104125000","411","0","基隆市","暖暖區","121.735","25.100","185"
"61","394358","20221104125000","82","0","基隆市","暖暖區","121.755","25.075","70"
"41","394364","20221104125000","38","1","基隆市","暖暖區","121.745","25.085","47"
"336","394398","20221104125000","318","1","基隆市","暖暖區","121.740","25.090","312"
"34","394401","20221104125000","175","0","基隆市","暖暖區","121.735","25.095","33"
"39","394402","20221104125000","366","0","基隆市","暖暖區","121.740","25.095","31"
"3119","394404","20221104125000","2523","2","基隆市","暖暖區","121.755","25.095","2478"
"53","394405","20221104125000","390","0","基隆市","暖暖區","121.750","25.090","50"
"160","394407","20221104125000","197","0","基隆市","暖暖區","121.750","25.095","65"
"1387","394413","20221104125000","1315","1","基隆市","暖暖區","121.740","25.105","1283"
"387","394418","20221104125000","386","1","基隆市","暖暖區","121.730","25.100","362"
"1111","394422","20221104125000","1129","0","基隆市","安樂區","121.705","25.145","991"
"1088","394423","20221104125000","801","2","基隆市","安樂區","121.710","25.145","884"
"1797","394426","20221104125000","2260","0","新北市","三重區","121.490","25.080","1786"
"1399","394427","20221104125000","1607","0","新北市","三重區","121.485","25.075","1426"
"2913","394428","20221104125000","2679","1","新北市","三重區","121.480","25.075","2855"
"50","394429","20221104125000","176","0","基隆市","中山區","121.735","25.145","42"
"3833","394430","20221104125000","4184","0","新北市","三重區","121.495","25.065","3961"
"12","394434","20221104125000","74","0","基隆市","中正區","121.800","25.140","10"
"2588","394435","20221104125000","2756","0","基隆市","仁愛區","121.745","25.125","2694"
"473","394436","20221104125000","703","0","基隆市","仁愛區","121.745","25.120","463"
"2573","394438","20221104125000","2154","1","新北市","三重區","121.485","25.060","2566"
"95","394441","20221104125000","1023","0","基隆市","暖暖區","121.750","25.100","1012"
"604","394442","20221104125000","648","0","基隆市","安樂區","121.730","25.115","564"
"5151","394444","20221104125000","3737","2","基隆市","安樂區","121.725","25.120","4927"
"789","394447","20221104125000","868","0","新北市","三重區","121.495","25.075","845"
"1222","394450","20221104125000","1522","0","新北市","三重區","121.495","25.085","1312"
"3463","394451","20221104125000","3559","0","新北市","三重區","121.480","25.065","3566"
"271","394458","20221104125000","264","1","基隆市","暖暖區","121.730","25.110","263"
"328","394461","20221104125000","245","2","基隆市","七堵區","121.700","25.075","329"
"307","394464","20221104125000","266","1","基隆市","七堵區","121.705","25.085","315"
"1098","394466","20221104125000","1054","1","基隆市","七堵區","121.705","25.090","1104"
"387","394467","20221104125000","406","0","基隆市","七堵區","121.700","25.095","434"
"446","394470","20221104125000","416","1","基隆市","七堵區","121.665","25.090","455"
"89","394480","20221104125000","50","3","基隆市","七堵區","121.670","25.100","45"
"427","394492","20221104125000","284","3","基隆市","七堵區","121.670","25.105","402"
"38","394500","20221104125000","50","0","基隆市","七堵區","121.660","25.115","48"
"60","394518","20221104125000","67","0","基隆市","七堵區","121.660","25.130","65"
"91","394538","20221104125000","224","0","基隆市","七堵區","121.695","25.085","84"
"1146","394546","20221104125000","1323","0","基隆市","七堵區","121.685","25.075","1116"
"548","394547","20221104125000","394","2","基隆市","七堵區","121.690","25.075","517"
"949","394550","20221104125000","725","2","基隆市","七堵區","121.690","25.085","979"
"4859","394551","20221104125000","6213","0","基隆市","中正區","121.745","25.130","5067"
"119","394552","20221104125000","252","0","基隆市","仁愛區","121.740","25.120","99"
"2196","394553","20221104125000","2687","0","基隆市","信義區","121.750","25.130","2239"
"27","394554","20221104125000","440","0","基隆市","仁愛區","121.750","25.125","34"
"318","394555","20221104125000","630","0","基隆市","中正區","121.765","25.140","296"
"499","394556","20221104125000","193","3","基隆市","中正區","121.795","25.125","624"
"179","394559","20221104125000","123","2","基隆市","中正區","121.795","25.130","164"
"1411","394564","20221104125000","1334","1","基隆市","中正區","121.790","25.140","1366"
"1169","394565","20221104125000","1113","1","基隆市","中正區","121.795","25.140","1086"
"1908","394567","20221104125000","1468","2","基隆市","中正區","121.760","25.145","1931"
"504","394570","20221104125000","421","1","基隆市","安樂區","121.715","25.120","524"
"667","394576","20221104125000","773","0","基隆市","安樂區","121.715","25.130","696"
"257","394582","20221104125000","243","1","基隆市","仁愛區","121.740","25.110","260"
"228","394583","20221104125000","144","3","基隆市","仁愛區","121.745","25.110","221"
"280","394586","20221104125000","340","0","基隆市","仁愛區","121.745","25.115","275"
"27","394590","20221104125000","148","0","基隆市","七堵區","121.710","25.100","35"
"2444","394592","20221104125000","2027","2","基隆市","七堵區","121.715","25.100","2485"
"1214","394611","20221104125000","1335","0","基隆市","七堵區","121.710","25.090","1188"
"253","394613","20221104125000","425","0","基隆市","七堵區","121.720","25.090","291"
"112","394617","20221104125000","58","3","基隆市","七堵區","121.680","25.100","89"
"222","394625","20221104125000","161","2","基隆市","七堵區","121.695","25.105","207"
"55","394632","20221104125000","53","1","基隆市","七堵區","121.690","25.115","68"
"141","394634","20221104125000","109","2","基隆市","七堵區","121.700","25.115","132"
"50","394645","20221104125000","91","0","基隆市","安樂區","121.700","25.130","59"
"11","394648","20221104125000","13","0","基隆市","七堵區","121.690","25.135","14"
"30","394660","20221104125000","83","0","基隆市","七堵區","121.680","25.120","30"
"30","394663","20221104125000","28","1","基隆市","七堵區","121.680","25.125","34"
"224","394685","20221104125000","182","2","新北市","蘆洲區","121.485","25.090","216"
"1324","394686","20221104125000","1154","1","新北市","汐止區","121.630","25.060","1314"
"2560","394687","20221104125000","1126","3","新北市","汐止區","121.620","25.065","2679"
"2017","394688","20221104125000","2012","1","新北市","汐止區","121.625","25.065","1910"
"35","394694","20221104125000","42","0","新北市","八里區","121.415","25.145","36"
"516","394705","20221104125000","950","0","新北市","八里區","121.450","25.140","501"
"77","394716","20221104125000","140","0","新北市","八里區","121.415","25.130","72"
"304","394724","20221104125000","225","2","新北市","八里區","121.410","25.145","281"
"54","394725","20221104125000","177","0","新北市","八里區","121.405","25.150","55"
"334","394726","20221104125000","329","1","新北市","八里區","121.410","25.150","330"
"98","394731","20221104125000","172","0","新北市","八里區","121.405","25.125","102"
"15","394736","20221104125000","13","1","新北市","八里區","121.395","25.135","15"
"1222","394740","20221104125000","1192","1","新北市","蘆洲區","121.465","25.090","1189"
"2143","394741","20221104125000","2135","1","新北市","蘆洲區","121.460","25.085","2157"
"939","394742","20221104125000","1305","0","新北市","蘆洲區","121.465","25.085","888"
"840","394743","20221104125000","1571","0","新北市","蘆洲區","121.460","25.090","878"
"338","394744","20221104125000","1458","0","新北市","蘆洲區","121.460","25.095","353"
"219","394745","20221104125000","383","0","新北市","蘆洲區","121.475","25.075","230"
"607","394746","20221104125000","687","0","新北市","蘆洲區","121.475","25.090","526"
"931","394747","20221104125000","1049","0","新北市","蘆洲區","121.470","25.095","1109"
"28","394748","20221104125000","198","0","新北市","蘆洲區","121.475","25.095","31"
"1205","394749","20221104125000","326","3","新北市","蘆洲區","121.470","25.100","1042"
"1196","394750","20221104125000","1568","0","新北市","新莊區","121.460","25.060","1178"
"2319","394751","20221104125000","2302","1","新北市","新莊區","121.465","25.060","2301"
"1482","394752","20221104125000","1135","2","新北市","五股區","121.465","25.065","1435"
"520","394787","20221104125000","581","0","新北市","瑞芳區","121.770","25.100","502"
"66","394788","20221104125000","72","0","新北市","瑞芳區","121.775","25.100","77"
"67","394798","20221104125000","87","0","新北市","瑞芳區","121.825","25.085","98"
"17","394809","20221104125000","37","0","新北市","瑞芳區","121.815","25.120","18"
"455","394810","20221104125000","480","0","新北市","瑞芳區","121.820","25.120","444"
"1018","394819","20221104125000","870","1","新北市","五股區","121.430","25.090","1007"
"2140","394821","20221104125000","1709","2","新北市","八里區","121.395","25.145","2065"
"16","394822","20221104125000","68","0","新北市","八里區","121.390","25.150","19"
"1315","394824","20221104125000","1044","2","新北市","八里區","121.400","25.150","1309"
"20","394825","20221104125000","26","0","新北市","八里區","121.395","25.085","22"
"70","394829","20221104125000","70","1","新北市","八里區","121.400","25.100","74"
"47","394833","20221104125000","113","0","新北市","八里區","121.390","25.110","39"
"296","394843","20221104125000","446","0","新北市","林口區","121.375","25.120","324"
"419","394854","20221104125000","485","0","新北市","八里區","121.385","25.130","430"
"1466","394858","20221104125000","1834","0","新北市","瑞芳區","121.805","25.105","1491"
"43","394863","20221104125000","68","0","新北市","瑞芳區","121.795","25.085","43"
"276","394867","20221104125000","208","2","新北市","瑞芳區","121.795","25.090","375"
"838","394873","20221104125000","717","1","新北市","瑞芳區","121.785","25.095","861"
"344","394878","20221104125000","316","1","新北市","瑞芳區","121.790","25.100","378"
"483","394885","20221104125000","433","1","新北市","瑞芳區","121.790","25.110","508"
"118","394888","20221104125000","37","3","新北市","瑞芳區","121.820","25.075","128"
"72","394894","20221104125000","138","0","新北市","瑞芳區","121.825","25.090","175"
"181","394924","20221104125000","141","2","新北市","瑞芳區","121.760","25.100","186"
"40","394926","20221104125000","33","2","新北市","瑞芳區","121.760","25.105","27"
"69","394932","20221104125000","68","1","新北市","瑞芳區","121.775","25.110","80"
"45","394934","20221104125000","45","1","新北市","瑞芳區","121.770","25.115","52"
"544","394937","20221104125000","779","0","新北市","瑞芳區","121.845","25.110","546"
"100","394943","20221104125000","111","0","新北市","瑞芳區","121.830","25.095","107"
"287","394949","20221104125000","319","0","新北市","瑞芳區","121.840","25.095","332"
"292","394954","20221104125000","325","0","新北市","瑞芳區","121.850","25.105","303"
"172","394965","20221104125000","225","0","新北市","瑞芳區","121.815","25.105","190"
"91","394966","20221104125000","98","0","新北市","五股區","121.455","25.115","112"
"376","394972","20221104125000","302","2","新北市","八里區","121.450","25.125","353"
"1022","394973","20221104125000","944","1","新北市","八里區","121.455","25.125","1078"
"598","394979","20221104125000","565","1","新北市","八里區","121.450","25.130","586"
"470","394985","20221104125000","426","1","新北市","八里區","121.450","25.135","482"
"994","394986","20221104125000","1014","0","新北市","汐止區","121.640","25.065","915"
"1080","394991","20221104125000","1016","1","桃園市","觀音區","121.120","25.060","1064"
"925","394992","20221104125000","755","2","桃園市","觀音區","121.125","25.060","938"
"107","394993","20221104125000","329","0","桃園市","觀音區","121.130","25.060","71"
"1097","394996","20221104125000","900","2","桃園市","觀音區","121.110","25.065","1046"
"1272","395000","20221104125000","1128","1","桃園市","觀音區","121.130","25.065","1239"
"389","395008","20221104125000","424","0","桃園市","觀音區","121.135","25.060","413"
"1773","395014","20221104125000","1794","0","桃園市","蘆竹區","121.285","25.070","1807"
"197","395019","20221104125000","619","0","桃園市","蘆竹區","121.285","25.075","192"
"593","395023","20221104125000","539","1","桃園市","蘆竹區","121.285","25.080","609"
"864","395029","20221104125000","939","0","桃園市","蘆竹區","121.255","25.110","896"
"467","395030","20221104125000","598","0","桃園市","蘆竹區","121.260","25.110","493"
"318","395031","20221104125000","371","0","桃園市","蘆竹區","121.265","25.110","323"
"486","395032","20221104125000","370","2","桃園市","蘆竹區","121.270","25.110","480"
"200","395038","20221104125000","221","0","桃園市","蘆竹區","121.255","25.115","237"
"652","395042","20221104125000","1124","0","桃園市","蘆竹區","121.295","25.060","675"
"605","395043","20221104125000","608","0","桃園市","蘆竹區","121.300","25.060","577"
"73","395046","20221104125000","34","3","桃園市","蘆竹區","121.315","25.060","86"
"40","395052","20221104125000","53","0","桃園市","蘆竹區","121.305","25.065","46"
"199","395057","20221104125000","348","0","新北市","瑞芳區","121.860","25.125","242"
"150","395083","20221104125000","479","0","新北市","雙溪區","121.875","25.090","190"
"145","395098","20221104125000","53","3","新北市","貢寮區","121.915","25.095","164"
"60","395109","20221104125000","238","0","新北市","貢寮區","121.920","25.105","74"
"296","395119","20221104125000","282","1","新北市","貢寮區","121.925","25.055","308"
"333","395121","20221104125000","278","1","新北市","貢寮區","121.925","25.060","322"
"86","395125","20221104125000","78","1","新北市","貢寮區","121.925","25.065","84"
"1105","395129","20221104125000","1034","1","新北市","新莊區","121.455","25.065","1053"
"1107","395130","20221104125000","832","2","新北市","五股區","121.445","25.065","1046"
"412","395131","20221104125000","526","0","新北市","泰山區","121.435","25.060","416"
"1320","395132","20221104125000","1482","0","新北市","汐止區","121.645","25.060","1280"
"1928","395133","20221104125000","1797","1","新北市","汐止區","121.665","25.065","1983"
"327","395134","20221104125000","394","0","桃園市","蘆竹區","121.270","25.060","351"
"883","395135","20221104125000","1146","0","桃園市","蘆竹區","121.275","25.060","849"
"952","395137","20221104125000","804","1","桃園市","蘆竹區","121.265","25.065","937"
"935","395141","20221104125000","1092","0","桃園市","蘆竹區","121.270","25.070","896"
"2334","395143","20221104125000","2498","0","新北市","蘆洲區","121.470","25.090","2282"
"32","395145","20221104125000","111","0","新北市","瑞芳區","121.835","25.110","45"
"279","395146","20221104125000","10","3","新北市","瑞芳區","121.840","25.110","294"
"19","395147","20221104125000","11","3","新北市","瑞芳區","121.830","25.115","19"
"191","395149","20221104125000","289","0","新北市","瑞芳區","121.840","25.115","311"
"46","395156","20221104125000","216","0","新北市","瑞芳區","121.830","25.125","40"
"51","395157","20221104125000","40","2","新北市","瑞芳區","121.835","25.125","86"
"340","395163","20221104125000","697","0","新北市","瑞芳區","121.815","25.130","334"
"1038","395173","20221104125000","1038","1","新北市","瑞芳區","121.810","25.105","986"
"2020","395174","20221104125000","2666","0","新北市","泰山區","121.445","25.060","2120"
"2592","395175","20221104125000","1725","3","新北市","五股區","121.450","25.065","2447"
"1811","395176","20221104125000","1909","0","新北市","新莊區","121.460","25.065","1785"
"39","395186","20221104125000","69","0","新北市","萬里區","121.605","25.145","53"
"2146","395203","20221104125000","2244","0","新北市","蘆洲區","121.470","25.085","2149"
"95","395204","20221104125000","243","0","新北市","蘆洲區","121.465","25.095","145"
"46","395205","20221104125000","36","2","新北市","蘆洲區","121.465","25.100","49"
"1987","395206","20221104125000","1804","1","新北市","汐止區","121.630","25.065","1970"
"1265","395207","20221104125000","1228","1","新北市","汐止區","121.630","25.070","1201"
"1100","395208","20221104125000","1359","0","新北市","汐止區","121.645","25.065","1037"
"64","395223","20221104125000","74","0","新北市","瑞芳區","121.820","25.060","98"
"134","395239","20221104125000","50","3","新北市","瑞芳區","121.840","25.105","192"
"295","395245","20221104125000","351","0","新北市","瑞芳區","121.855","25.105","285"
"131","395253","20221104125000","160","0","新北市","瑞芳區","121.915","25.120","175"
"352","395254","20221104125000","559","0","新北市","瑞芳區","121.915","25.125","420"
"348","395256","20221104125000","215","3","新北市","瑞芳區","121.795","25.110","383"
"41","395257","20221104125000","585","0","新北市","瑞芳區","121.800","25.110","39"
"249","395269","20221104125000","171","2","新北市","泰山區","121.385","25.065","239"
"557","395270","20221104125000","257","3","桃園市","龜山區","121.390","25.060","558"
"272","395273","20221104125000","161","3","新北市","泰山區","121.390","25.065","293"
"900","395280","20221104125000","1119","0","新北市","淡水區","121.465","25.135","878"
"12","395284","20221104125000","29","0","新北市","雙溪區","121.855","25.050","17"
"238","395287","20221104125000","222","1","新北市","雙溪區","121.850","25.055","222"
"2228","395319","20221104125000","2351","0","新北市","三重區","121.495","25.080","2317"
"886","395320","20221104125000","1478","0","新北市","三重區","121.475","25.060","897"
"392","395322","20221104125000","672","0","新北市","五股區","121.455","25.105","414"
"67","395323","20221104125000","76","0","新北市","五股區","121.450","25.110","68"
"60","395324","20221104125000","103","0","新北市","五股區","121.455","25.110","68"
"277","395329","20221104125000","619","0","新北市","五股區","121.445","25.105","254"
"108","395331","20221104125000","200","0","新北市","五股區","121.445","25.110","108"
"38","395344","20221104125000","91","0","新北市","八里區","121.375","25.140","23"
"330","395346","20221104125000","468","0","新北市","八里區","121.385","25.140","306"
"85","395349","20221104125000","40","3","新北市","瑞芳區","121.800","25.100","88"
"486","395350","20221104125000","545","0","新北市","瑞芳區","121.800","25.105","501"
"301","395351","20221104125000","291","1","新北市","瑞芳區","121.820","25.105","278"
"12","395352","20221104125000","15","0","新北市","瑞芳區","121.825","25.105","18"
"187","395356","20221104125000","336","0","新北市","汐止區","121.670","25.065","208"
"643","395357","20221104125000","835","0","新北市","汐止區","121.670","25.070","596"
"1471","395361","20221104125000","1291","1","桃園市","蘆竹區","121.285","25.060","1563"
"1187","395362","20221104125000","614","3","桃園市","蘆竹區","121.290","25.060","1178"
"334","395363","20221104125000","584","0","桃園市","蘆竹區","121.320","25.060","348"
"528","395367","20221104125000","466","1","桃園市","觀音區","121.140","25.065","567"
"727","395388","20221104125000","380","3","桃園市","蘆竹區","121.265","25.085","732"
"215","395395","20221104125000","253","0","桃園市","蘆竹區","121.265","25.095","198"
"741","395397","20221104125000","336","3","桃園市","蘆竹區","121.275","25.095","741"
"1435","395400","20221104125000","972","2","桃園市","蘆竹區","121.260","25.100","1483"
"20","395417","20221104125000","12","3","桃園市","蘆竹區","121.330","25.065","32"
"130","395420","20221104125000","84","3","桃園市","蘆竹區","121.325","25.065","138"
"100","395423","20221104125000","66","3","桃園市","蘆竹區","121.340","25.070","134"
"517","395424","20221104125000","320","3","桃園市","蘆竹區","121.345","25.065","459"
"29","395433","20221104125000","162","0","桃園市","蘆竹區","121.315","25.075","52"
"32","395434","20221104125000","113","0","桃園市","蘆竹區","121.320","25.075","24"
"156","395436","20221104125000","119","2","桃園市","蘆竹區","121.330","25.075","138"
"212","395447","20221104125000","207","1","桃園市","蘆竹區","121.300","25.080","204"
"185","395448","20221104125000","160","1","桃園市","蘆竹區","121.305","25.080","208"
"39","395464","20221104125000","61","0","桃園市","蘆竹區","121.325","25.090","41"
"1017","395471","20221104125000","870","1","桃園市","蘆竹區","121.280","25.085","977"
"793","395473","20221104125000","664","1","桃園市","蘆竹區","121.290","25.085","798"
"11","395480","20221104125000","14","0","桃園市","蘆竹區","121.295","25.095","19"
"1767","395483","20221104125000","2232","0","新北市","蘆洲區","121.470","25.080","2089"
"2638","395484","20221104125000","3061","0","新北市","蘆洲區","121.465","25.080","2658"
"3379","395485","20221104125000","4395","0","新北市","三重區","121.485","25.085","3318"
"1490","395486","20221104125000","1527","0","新北市","蘆洲區","121.455","25.090","1523"
"1559","395487","20221104125000","1575","0","新北市","蘆洲區","121.475","25.080","1467"
"1159","395488","20221104125000","969","1","新北市","汐止區","121.665","25.075","1205"
"9492","395489","20221104125000","8280","1","新北市","汐止區","121.650","25.060","9174"
"2437","395490","20221104125000","1890","2","新北市","汐止區","121.655","25.060","2404"
"215","395491","20221104125000","140","3","新北市","汐止區","121.625","25.070","216"
"324","395492","20221104125000","238","2","新北市","汐止區","121.625","25.075","300"
"862","395493","20221104125000","720","1","新北市","汐止區","121.630","25.080","902"
"286","395495","20221104125000","360","0","新北市","汐止區","121.650","25.080","253"
"858","395499","20221104125000","921","0","新北市","汐止區","121.645","25.090","907"
"157","395501","20221104125000","52","3","新北市","汐止區","121.655","25.090","159"
"338","395508","20221104125000","451","0","新北市","汐止區","121.650","25.055","334"
"1420","395509","20221104125000","1523","0","新北市","汐止區","121.655","25.055","1380"
"699","395512","20221104125000","952","0","新北市","汐止區","121.655","25.065","710"
"34","395526","20221104125000","54","0","新北市","汐止區","121.715","25.055","45"
"169","395530","20221104125000","151","1","新北市","汐止區","121.700","25.060","215"
"2532","395539","20221104125000","2505","1","新北市","汐止區","121.635","25.055","2459"
"1498","395541","20221104125000","1819","0","新北市","汐止區","121.635","25.060","1632"
"2254","395542","20221104125000","1945","1","新北市","汐止區","121.640","25.060","2297"
"1778","395544","20221104125000","2354","0","新北市","林口區","121.375","25.070","1819"
"1428","395546","20221104125000","1004","2","新北市","林口區","121.400","25.075","1441"
"1331","395548","20221104125000","1046","2","新北市","林口區","121.400","25.080","1239"
"220","395549","20221104125000","306","0","新北市","林口區","121.400","25.085","183"
"440","395550","20221104125000","416","1","新北市","林口區","121.405","25.085","458"
"68","395553","20221104125000","48","2","新北市","林口區","121.405","25.095","74"
"251","395555","20221104125000","248","1","新北市","林口區","121.405","25.100","243"
"225","395557","20221104125000","287","0","新北市","林口區","121.400","25.065","249"
"2323","395558","20221104125000","2343","0","新北市","林口區","121.390","25.075","2327"
"706","395559","20221104125000","1080","0","新北市","林口區","121.395","25.075","694"
"135","395560","20221104125000","88","3","新北市","林口區","121.385","25.090","144"
"972","395561","20221104125000","799","2","新北市","林口區","121.390","25.090","933"
"543","395565","20221104125000","622","0","新北市","林口區","121.385","25.100","547"
"237","395570","20221104125000","273","0","新北市","林口區","121.385","25.110","230"
"4691","395571","20221104125000","2749","3","新北市","林口區","121.375","25.075","4672"
"707","395572","20221104125000","1035","0","新北市","林口區","121.380","25.075","724"
"1204","395574","20221104125000","1299","0","新北市","林口區","121.370","25.080","1223"
"1336","395575","20221104125000","706","3","新北市","林口區","121.375","25.080","1417"
"1324","395576","20221104125000","616","3","新北市","林口區","121.380","25.080","1290"
"692","395579","20221104125000","557","2","新北市","林口區","121.370","25.085","792"
"1248","395580","20221104125000","1607","0","新北市","林口區","121.375","25.085","1284"
"91","395587","20221104125000","83","1","新北市","林口區","121.365","25.110","89"
"45","395603","20221104125000","42","1","新北市","林口區","121.390","25.080","48"
"280","395604","20221104125000","271","1","新北市","林口區","121.385","25.085","278"
"874","395606","20221104125000","645","2","新北市","汐止區","121.655","25.070","797"
"851","395607","20221104125000","1381","0","新北市","汐止區","121.660","25.070","845"
"101","395616","20221104125000","60","3","桃園市","大園區","121.260","25.065","103"
"277","395617","20221104125000","261","1","新北市","汐止區","121.635","25.070","301"
"1565","395618","20221104125000","1013","3","新北市","汐止區","121.640","25.070","1642"
"343","395619","20221104125000","388","0","新北市","汐止區","121.640","25.075","338"
"1108","395622","20221104125000","1018","1","新北市","汐止區","121.640","25.080","1130"
"185","395623","20221104125000","191","0","新北市","汐止區","121.635","25.085","183"
"435","395625","20221104125000","355","2","新北市","汐止區","121.635","25.075","474"
"133","395628","20221104125000","148","0","新北市","汐止區","121.640","25.100","125"
"81","395641","20221104125000","51","3","新北市","汐止區","121.620","25.115","83"
"72","395643","20221104125000","83","0","新北市","汐止區","121.630","25.115","84"
"36","395653","20221104125000","47","0","新北市","汐止區","121.605","25.125","30"
"456","395667","20221104125000","374","2","新北市","汐止區","121.615","25.135","454"
"940","395672","20221104125000","926","1","新北市","淡水區","121.460","25.130","987"
"2390","395673","20221104125000","3336","0","新北市","淡水區","121.460","25.135","2393"
"3462","395675","20221104125000","3733","0","新北市","淡水區","121.460","25.140","3282"
"620","395676","20221104125000","504","2","新北市","淡水區","121.465","25.140","612"
"765","395691","20221104125000","681","1","新北市","汐止區","121.675","25.065","736"
"913","395692","20221104125000","991","0","新北市","汐止區","121.665","25.080","896"
"314","395698","20221104125000","373","0","新北市","汐止區","121.670","25.075","305"
"733","395699","20221104125000","1189","0","新北市","汐止區","121.675","25.075","841"
"204","395701","20221104125000","185","1","新北市","汐止區","121.610","25.105","208"
"155","395703","20221104125000","150","1","新北市","汐止區","121.605","25.110","148"
"70","395704","20221104125000","16","3","新北市","汐止區","121.610","25.110","90"
"1251","395715","20221104125000","1469","0","新北市","泰山區","121.430","25.060","1066"
"66","395716","20221104125000","425","0","新北市","泰山區","121.425","25.060","77"
"1000","395717","20221104125000","1608","0","新北市","泰山區","121.425","25.065","1177"
"1805","395718","20221104125000","1837","0","新北市","蘆洲區","121.480","25.090","1805"
"569","395719","20221104125000","679","0","新北市","蘆洲區","121.480","25.095","572"
"48","395724","20221104125000","47","1","桃園市","蘆竹區","121.300","25.100","61"
"215","395727","20221104125000","308","0","新北市","林口區","121.290","25.105","237"
"824","395732","20221104125000","696","1","新北市","林口區","121.315","25.105","770"
"180","395735","20221104125000","234","0","新北市","林口區","121.295","25.110","232"
"117","395748","20221104125000","154","0","新北市","林口區","121.295","25.115","96"
"231","395749","20221104125000","309","0","新北市","林口區","121.300","25.115","239"
"309","395752","20221104125000","286","1","新北市","林口區","121.295","25.120","260"
"2100","395755","20221104125000","2695","0","新北市","林口區","121.385","25.080","2015"
"933","395756","20221104125000","517","3","新北市","林口區","121.380","25.085","1023"
"796","395757","20221104125000","890","0","新北市","林口區","121.375","25.090","762"
"2793","395768","20221104125000","3217","0","新北市","林口區","121.365","25.065","2823"
"2162","395769","20221104125000","1769","2","新北市","汐止區","121.665","25.070","2172"
"663","395773","20221104125000","531","2","新北市","汐止區","121.675","25.070","616"
"825","395774","20221104125000","778","1","新北市","汐止區","121.680","25.070","825"
"294","395775","20221104125000","233","2","新北市","汐止區","121.685","25.070","251"
"254","395777","20221104125000","310","0","新北市","汐止區","121.675","25.080","242"
"420","395784","20221104125000","372","1","新北市","汐止區","121.645","25.080","441"
"27","395791","20221104125000","97","0","新北市","汐止區","121.640","25.095","47"
"333","395805","20221104125000","372","0","新北市","林口區","121.390","25.070","362"
"776","395806","20221104125000","385","3","新北市","林口區","121.385","25.075","765"
"258","395809","20221104125000","265","0","新北市","林口區","121.345","25.085","265"
"103","395828","20221104125000","56","3","新北市","林口區","121.315","25.100","158"
"34","395833","20221104125000","76","0","新北市","林口區","121.340","25.100","29"
"73","395837","20221104125000","25","3","新北市","林口區","121.330","25.105","66"
"3940","395840","20221104125000","2381","3","桃園市","龜山區","121.375","25.065","4020"
"2007","395843","20221104125000","814","3","新北市","林口區","121.360","25.065","1989"
"192","395844","20221104125000","154","2","新北市","林口區","121.350","25.070","175"
"1228","395846","20221104125000","1017","2","新北市","林口區","121.360","25.070","1295"
"4100","395847","20221104125000","3024","2","新北市","林口區","121.370","25.070","4117"
"120","395848","20221104125000","101","1","新北市","林口區","121.345","25.075","120"
"992","395850","20221104125000","771","2","新北市","林口區","121.355","25.075","893"
"1901","395853","20221104125000","894","3","新北市","林口區","121.370","25.075","1770"
"682","395854","20221104125000","989","0","新北市","林口區","121.350","25.080","703"
"382","395858","20221104125000","337","1","新北市","林口區","121.345","25.100","403"
"97","395862","20221104125000","93","1","新北市","林口區","121.340","25.105","92"
"145","395869","20221104125000","93","3","新北市","林口區","121.340","25.110","192"
"232","395881","20221104125000","294","0","新北市","林口區","121.320","25.115","282"
"15","395883","20221104125000","23","0","新北市","林口區","121.330","25.115","10"
"178","395900","20221104125000","117","3","新北市","林口區","121.345","25.125","172"
"4450","395909","20221104125000","4987","0","新北市","蘆洲區","121.480","25.080","4517"
"2757","395911","20221104125000","2742","1","新北市","林口區","121.365","25.070","2749"
"23","395919","20221104125000","31","0","新北市","平溪區","121.770","25.050","26"
"73","395949","20221104125000","115","0","新北市","平溪區","121.790","25.070","82"
"1761","395961","20221104125000","1554","1","新北市","汐止區","121.630","25.055","1873"
"1383","395962","20221104125000","1355","1","新北市","汐止區","121.625","25.060","1381"
"1241","395965","20221104125000","1555","0","新北市","蘆洲區","121.470","25.075","1233"
"8388","395966","20221104125000","5819","2","桃園市","龜山區","121.370","25.060","8116"
"1596","395968","20221104125000","1285","2","桃園市","龜山區","121.380","25.060","1563"
"1988","395969","20221104125000","937","3","桃園市","龜山區","121.375","25.060","1911"
"8971","395972","20221104125000","10365","0","臺北市","中山區","121.530","25.060","9053"
"1053","395973","20221104125000","1208","0","桃園市","大園區","121.245","25.105","1073"
"18","395977","20221104125000","16","1","桃園市","大園區","121.250","25.110","23"
"725","395980","20221104125000","707","1","桃園市","大園區","121.180","25.065","708"
"726","395981","20221104125000","994","0","桃園市","大園區","121.190","25.060","666"
"451","395982","20221104125000","288","3","桃園市","大園區","121.195","25.060","420"
"495","395983","20221104125000","469","1","桃園市","大園區","121.185","25.065","481"
"807","395984","20221104125000","793","1","桃園市","大園區","121.190","25.065","764"
"1512","395990","20221104125000","1483","1","桃園市","大園區","121.250","25.095","1511"
"117","395991","20221104125000","57","3","桃園市","大園區","121.255","25.095","95"
"69","395992","20221104125000","81","0","桃園市","大園區","121.235","25.100","63"
"751","395998","20221104125000","993","0","桃園市","大園區","121.260","25.070","712"
"968","395999","20221104125000","764","2","桃園市","大園區","121.255","25.075","985"
"1901","396009","20221104125000","1973","0","臺北市","中山區","121.530","25.070","1873"
"10","396010","20221104125000","312","0","臺北市","中山區","121.540","25.075","21"
"3013","396012","20221104125000","3795","0","臺北市","中山區","121.530","25.065","3050"
"5394","396013","20221104125000","6573","0","臺北市","中山區","121.540","25.060","5301"
"254","396014","20221104125000","273","0","臺北市","中山區","121.555","25.075","274"
"1637","396015","20221104125000","1850","0","臺北市","中山區","121.550","25.080","1680"
"2694","396016","20221104125000","2287","1","臺北市","中山區","121.555","25.080","2711"
"1634","396018","20221104125000","1548","1","臺北市","中山區","121.525","25.080","1532"
"190","396020","20221104125000","267","0","臺北市","中山區","121.535","25.080","192"
"1496","396021","20221104125000","1642","0","臺北市","中山區","121.540","25.080","1429"
"74","396022","20221104125000","183","0","臺北市","中山區","121.535","25.085","74"
"1885","396025","20221104125000","1968","0","新北市","蘆洲區","121.480","25.085","1905"
"1351","396033","20221104125000","1642","0","新北市","泰山區","121.420","25.065","1321"
"448","396035","20221104125000","172","3","新北市","泰山區","121.440","25.065","469"
"98","396038","20221104125000","112","0","新北市","泰山區","121.410","25.070","88"
"118","396040","20221104125000","282","0","新北市","淡水區","121.460","25.145","111"
"2008","396044","20221104125000","2421","0","臺北市","大同區","121.510","25.065","1976"
"2163","396045","20221104125000","2183","0","臺北市","大同區","121.515","25.075","2093"
"3404","396046","20221104125000","3158","1","臺北市","大同區","121.510","25.060","3448"
"5454","396047","20221104125000","5097","1","臺北市","松山區","121.545","25.060","5502"
"7268","396048","20221104125000","8307","0","臺北市","中山區","121.525","25.060","7273"
"1082","396049","20221104125000","1627","0","新北市","蘆洲區","121.460","25.080","1057"
"2488","396050","20221104125000","2533","0","新北市","蘆洲區","121.475","25.085","2374"
"383","396053","20221104125000","508","0","新北市","貢寮區","121.920","25.050","429"
"22","396054","20221104125000","197","0","新北市","貢寮區","121.925","25.050","32"
"30","396057","20221104125000","33","0","新北市","貢寮區","121.900","25.050","32"
"41","396059","20221104125000","51","0","新北市","貢寮區","121.890","25.055","57"
"77","396074","20221104125000","61","2","新北市","貢寮區","121.900","25.065","85"
"496","396088","20221104125000","384","2","新北市","瑞芳區","121.805","25.110","487"
"161","396089","20221104125000","66","3","新北市","瑞芳區","121.810","25.110","170"
"1765","396099","20221104125000","1072","3","桃園市","龜山區","121.385","25.060","1754"
"1995","396100","20221104125000","2080","0","臺北市","中山區","121.540","25.055","2038"
"1516","396101","20221104125000","1813","0","臺北市","松山區","121.540","25.070","1474"
"1119","396102","20221104125000","1442","0","臺北市","中山區","121.535","25.070","1158"
"305","396103","20221104125000","171","3","臺北市","內湖區","121.615","25.075","313"
"3139","396104","20221104125000","3428","0","臺北市","內湖區","121.610","25.070","3071"
"2516","396105","20221104125000","2428","1","臺北市","北投區","121.500","25.140","2504"
"1332","396106","20221104125000","1898","0","臺北市","北投區","121.505","25.140","1312"
"455","396112","20221104125000","387","1","臺北市","北投區","121.485","25.115","469"
"136","396118","20221104125000","145","0","臺北市","北投區","121.485","25.120","149"
"2243","396121","20221104125000","2285","0","臺北市","北投區","121.500","25.120","2155"
"3910","396123","20221104125000","2557","3","臺北市","北投區","121.500","25.125","3820"
"2500","396124","20221104125000","2283","1","臺北市","北投區","121.510","25.115","2460"
"2803","396126","20221104125000","3154","0","臺北市","中山區","121.535","25.065","2689"
"1868","396127","20221104125000","1978","0","臺北市","中山區","121.550","25.085","1833"
"1549","396128","20221104125000","1555","0","臺北市","中山區","121.555","25.085","1582"
"1466","396130","20221104125000","1832","0","新北市","三重區","121.505","25.065","1597"
"1784","396131","20221104125000","2505","0","臺北市","中山區","121.525","25.070","1730"
"2240","396132","20221104125000","1768","2","新北市","三重區","121.505","25.070","2161"
"929","396133","20221104125000","467","3","桃園市","蘆竹區","121.280","25.065","1028"
"2209","396134","20221104125000","1848","1","桃園市","蘆竹區","121.285","25.065","2146"
"699","396135","20221104125000","475","2","桃園市","蘆竹區","121.290","25.065","646"
"1158","396136","20221104125000","894","2","桃園市","蘆竹區","121.275","25.070","1113"
"630","396144","20221104125000","915","0","桃園市","龜山區","121.355","25.060","592"
"3003","396145","20221104125000","4032","0","桃園市","龜山區","121.365","25.060","3071"
"389","396146","20221104125000","274","2","桃園市","蘆竹區","121.340","25.065","392"
"626","396149","20221104125000","467","2","新北市","林口區","121.355","25.065","633"
"218","396150","20221104125000","203","1","桃園市","龜山區","121.355","25.055","231"
"1413","396151","20221104125000","1485","0","新北市","林口區","121.370","25.065","1530"
"2676","396157","20221104125000","2886","0","臺北市","內湖區","121.620","25.070","2701"
"3010","396158","20221104125000","3128","0","臺北市","內湖區","121.595","25.080","2898"
"230","396159","20221104125000","355","0","臺北市","內湖區","121.600","25.080","228"
"29","396164","20221104125000","63","0","臺北市","北投區","121.505","25.150","48"
"400","396165","20221104125000","253","3","臺北市","北投區","121.505","25.125","433"
"794","396166","20221104125000","570","2","臺北市","北投區","121.510","25.125","797"
"1232","396168","20221104125000","996","2","臺北市","北投區","121.505","25.130","1190"
"19","396169","20221104125000","40","0","臺北市","北投區","121.510","25.130","25"
"190","396170","20221104125000","203","0","臺北市","北投區","121.515","25.130","209"
"323","396172","20221104125000","332","0","臺北市","北投區","121.510","25.105","356"
"416","396173","20221104125000","407","1","臺北市","北投區","121.505","25.110","389"
"2092","396175","20221104125000","2130","0","臺北市","南港區","121.595","25.055","2186"
"1162","396176","20221104125000","1710","0","臺北市","南港區","121.600","25.050","1174"
"1116","396177","20221104125000","1410","0","臺北市","南港區","121.590","25.055","1094"
"3325","396178","20221104125000","3373","0","臺北市","內湖區","121.595","25.060","3307"
"692","396179","20221104125000","732","0","臺北市","內湖區","121.600","25.060","754"
"51","396189","20221104125000","38","2","新北市","雙溪區","121.880","25.060","43"
"14","396205","20221104125000","15","0","新北市","雙溪區","121.845","25.060","17"
"10","396211","20221104125000","37","0","新北市","瑞芳區","121.830","25.070","14"
"33","396219","20221104125000","48","0","新北市","雙溪區","121.850","25.075","32"
"2116","396233","20221104125000","2366","0","桃園市","龜山區","121.360","25.060","2047"
"1290","396237","20221104125000","1216","1","臺北市","士林區","121.545","25.100","1392"
"1185","396238","20221104125000","1082","1","臺北市","士林區","121.550","25.100","1262"
"117","396243","20221104125000","118","0","臺北市","士林區","121.560","25.105","117"
"1691","396246","20221104125000","1637","1","臺北市","士林區","121.535","25.105","1700"
"73","396247","20221104125000","101","0","臺北市","士林區","121.545","25.110","62"
"863","396248","20221104125000","1016","0","臺北市","士林區","121.535","25.110","889"
"43","396249","20221104125000","70","0","臺北市","士林區","121.550","25.115","47"
"32","396253","20221104125000","23","2","臺北市","士林區","121.570","25.135","40"
"153","396255","20221104125000","174","0","臺北市","士林區","121.560","25.140","99"
"48","396258","20221104125000","62","0","臺北市","士林區","121.555","25.145","54"
"127","396259","20221104125000","186","0","臺北市","士林區","121.560","25.145","117"
"236","396260","20221104125000","418","0","臺北市","士林區","121.565","25.145","297"
"187","396262","20221104125000","207","0","臺北市","士林區","121.555","25.150","232"
"89","396263","20221104125000","120","0","臺北市","士林區","121.560","25.150","74"
"1926","396266","20221104125000","2129","0","臺北市","士林區","121.510","25.085","1965"
"2477","396267","20221104125000","3159","0","臺北市","北投區","121.520","25.110","2450"
"3529","396268","20221104125000","3149","1","臺北市","北投區","121.520","25.115","3498"
"1208","396269","20221104125000","1275","0","臺北市","北投區","121.520","25.105","1098"
"1573","396270","20221104125000","1974","0","臺北市","士林區","121.525","25.100","1565"
"35","396271","20221104125000","33","1","臺北市","士林區","121.545","25.130","38"
"3718","396273","20221104125000","3375","1","臺北市","士林區","121.540","25.135","3847"
"343","396274","20221104125000","365","0","臺北市","士林區","121.545","25.135","299"
"2746","396276","20221104125000","2416","1","臺北市","士林區","121.545","25.140","2151"
"180","396278","20221104125000","145","2","臺北市","士林區","121.550","25.145","197"
"1639","396280","20221104125000","961","3","臺北市","士林區","121.530","25.100","1607"
"638","396281","20221104125000","938","0","臺北市","士林區","121.535","25.100","677"
"1895","396282","20221104125000","1844","1","臺北市","士林區","121.530","25.085","2486"
"86","396283","20221104125000","75","1","臺北市","士林區","121.530","25.090","82"
"1567","396285","20221104125000","1973","0","臺北市","士林區","121.530","25.095","1474"
"563","396286","20221104125000","588","0","臺北市","士林區","121.535","25.095","548"
"1594","396289","20221104125000","1385","1","臺北市","士林區","121.520","25.080","1667"
"2962","396290","20221104125000","2682","1","臺北市","士林區","121.525","25.085","3110"
"284","396294","20221104125000","371","0","臺北市","士林區","121.565","25.105","262"
"8814","396296","20221104125000","7419","1","臺北市","內湖區","121.575","25.075","8763"
"731","396297","20221104125000","674","1","臺北市","內湖區","121.575","25.085","727"
"884","396299","20221104125000","859","1","臺北市","北投區","121.495","25.145","938"
"5666","396301","20221104125000","5608","1","臺北市","士林區","121.525","25.115","5527"
"3596","396302","20221104125000","3740","0","臺北市","內湖區","121.575","25.055","3675"
"2847","396303","20221104125000","3409","0","臺北市","內湖區","121.575","25.060","2906"
"2821","396304","20221104125000","2309","2","臺北市","內湖區","121.585","25.055","2619"
"2480","396305","20221104125000","2382","1","臺北市","內湖區","121.580","25.065","2588"
"1286","396306","20221104125000","1315","0","臺北市","內湖區","121.575","25.065","1352"
"2709","396307","20221104125000","2688","1","臺北市","內湖區","121.575","25.070","2608"
"1908","396308","20221104125000","1637","1","臺北市","內湖區","121.585","25.065","1936"
"4034","396309","20221104125000","3879","1","臺北市","中山區","121.570","25.075","3984"
"3488","396310","20221104125000","3221","1","臺北市","內湖區","121.580","25.070","3436"
"77","396311","20221104125000","55","2","臺北市","內湖區","121.585","25.080","73"
"2432","396312","20221104125000","2723","0","臺北市","內湖區","121.590","25.080","2380"
"610","396313","20221104125000","638","0","臺北市","內湖區","121.585","25.085","578"
"567","396314","20221104125000","488","1","臺北市","內湖區","121.595","25.065","580"
"722","396315","20221104125000","905","0","臺北市","內湖區","121.600","25.065","740"
"3093","396316","20221104125000","3891","0","臺北市","內湖區","121.595","25.070","2981"
"1130","396317","20221104125000","1011","1","臺北市","內湖區","121.600","25.070","1093"
"215","396318","20221104125000","154","2","桃園市","大園區","121.200","25.060","204"
"339","396320","20221104125000","240","2","桃園市","大園區","121.200","25.065","324"
"348","396322","20221104125000","326","1","桃園市","大園區","121.200","25.070","356"
"86","396333","20221104125000","186","0","桃園市","大園區","121.230","25.095","66"
"275","396335","20221104125000","189","2","桃園市","大園區","121.210","25.100","223"
"229","396349","20221104125000","218","1","桃園市","大園區","121.230","25.110","255"
"994","396355","20221104125000","1242","0","臺北市","北投區","121.505","25.120","987"
"1969","396356","20221104125000","1832","1","臺北市","北投區","121.510","25.120","1938"
"530","396357","20221104125000","528","1","臺北市","北投區","121.510","25.135","544"
"648","396358","20221104125000","435","2","臺北市","北投區","121.515","25.135","603"
"304","396360","20221104125000","194","3","臺北市","北投區","121.510","25.140","298"
"147","396361","20221104125000","445","0","臺北市","北投區","121.515","25.140","151"
"333","396363","20221104125000","379","0","臺北市","北投區","121.525","25.145","333"
"974","396366","20221104125000","992","0","臺北市","北投區","121.485","25.135","889"
"1123","396368","20221104125000","923","2","臺北市","北投區","121.485","25.140","1081"
"4408","396370","20221104125000","4755","0","臺北市","士林區","121.525","25.105","4290"
"3394","396371","20221104125000","3775","0","臺北市","士林區","121.530","25.105","3422"
"3324","396372","20221104125000","3258","1","臺北市","北投區","121.515","25.110","2882"
"1709","396373","20221104125000","1880","0","臺北市","士林區","121.520","25.100","1764"
"913","396376","20221104125000","1481","0","臺北市","士林區","121.530","25.125","952"
"348","396377","20221104125000","396","0","臺北市","北投區","121.525","25.130","328"
"620","396378","20221104125000","538","1","臺北市","北投區","121.530","25.130","571"
"30","396380","20221104125000","16","3","臺北市","士林區","121.530","25.135","18"
"3198","396382","20221104125000","3451","0","臺北市","北投區","121.515","25.115","3259"
"1232","396383","20221104125000","1526","0","臺北市","北投區","121.515","25.120","1312"
"2899","396384","20221104125000","3374","0","臺北市","北投區","121.520","25.120","3024"
"3211","396385","20221104125000","2997","1","臺北市","北投區","121.525","25.120","3416"
"876","396395","20221104125000","1163","0","臺北市","松山區","121.545","25.070","974"
"436","396397","20221104125000","361","2","臺北市","中山區","121.540","25.065","420"
"780","396398","20221104125000","603","2","臺北市","中山區","121.535","25.075","805"
"528","396399","20221104125000","306","3","臺北市","松山區","121.550","25.075","498"
"4765","396400","20221104125000","5261","0","臺北市","中山區","121.545","25.080","4447"
"1856","396401","20221104125000","1455","2","臺北市","中山區","121.545","25.085","1971"
"971","396404","20221104125000","896","1","臺北市","北投區","121.495","25.140","978"
"573","396405","20221104125000","1513","0","臺北市","北投區","121.515","25.105","600"
"6887","396406","20221104125000","8282","0","臺北市","中山區","121.525","25.065","6840"
"3570","396407","20221104125000","3995","0","臺北市","士林區","121.535","25.115","3821"
"1851","396408","20221104125000","2610","0","臺北市","士林區","121.525","25.090","1823"
"611","396409","20221104125000","535","1","臺北市","士林區","121.560","25.115","672"
"368","396410","20221104125000","499","0","臺北市","士林區","121.560","25.120","335"
"99","396412","20221104125000","88","1","臺北市","士林區","121.560","25.125","89"
"155","396416","20221104125000","241","0","臺北市","士林區","121.560","25.135","134"
"3786","396417","20221104125000","4708","0","臺北市","士林區","121.520","25.085","4074"
"2482","396418","20221104125000","3056","0","臺北市","內湖區","121.580","25.080","2420"
"942","396419","20221104125000","958","0","臺北市","內湖區","121.580","25.085","903"
"335","396422","20221104125000","491","0","桃園市","大園區","121.240","25.065","324"
"75","396424","20221104125000","75","1","桃園市","大園區","121.250","25.065","82"
"64","396433","20221104125000","199","0","桃園市","大園區","121.255","25.070","53"
"652","396435","20221104125000","605","1","桃園市","大園區","121.185","25.070","632"
"804","396436","20221104125000","666","2","桃園市","大園區","121.190","25.070","770"
"1600","396438","20221104125000","957","3","桃園市","大園區","121.175","25.075","1391"
"332","396439","20221104125000","873","0","桃園市","大園區","121.180","25.075","725"
"1416","396440","20221104125000","1092","2","桃園市","大園區","121.185","25.075","1278"
"172","396443","20221104125000","153","1","桃園市","大園區","121.180","25.080","131"
"273","396447","20221104125000","234","1","桃園市","大園區","121.185","25.085","277"
"396","396462","20221104125000","320","2","桃園市","大園區","121.160","25.075","397"
"396","396471","20221104125000","242","3","桃園市","大園區","121.165","25.060","384"
"303","396472","20221104125000","419","0","桃園市","大園區","121.170","25.060","333"
"967","396473","20221104125000","894","1","桃園市","大園區","121.175","25.060","960"
"843","396496","20221104125000","658","2","桃園市","大園區","121.210","25.060","878"
"836","396505","20221104125000","505","3","桃園市","大園區","121.220","25.070","857"
"3777","396517","20221104125000","2132","3","桃園市","大園區","121.230","25.075","3355"
"438","396518","20221104125000","341","2","桃園市","大園區","121.235","25.075","336"
"1474","396524","20221104125000","1156","2","桃園市","大園區","121.235","25.080","1516"
"1096","396531","20221104125000","899","2","桃園市","大園區","121.240","25.085","1018"
"1010","396532","20221104125000","736","2","桃園市","大園區","121.245","25.085","1001"
"847","396533","20221104125000","719","1","桃園市","大園區","121.250","25.085","665"
"1818","396537","20221104125000","1035","3","桃園市","大園區","121.245","25.090","1828"
"515","396541","20221104125000","375","2","桃園市","大園區","121.240","25.100","483"
"1991","396542","20221104125000","1736","1","桃園市","大園區","121.195","25.065","2071"
"2035","396543","20221104125000","1889","1","桃園市","大園區","121.195","25.070","1976"
"82","396549","20221104125000","222","0","桃園市","大園區","121.235","25.065","107"
"260","396555","20221104125000","324","0","桃園市","大園區","121.200","25.085","264"
"344","396560","20221104125000","281","2","桃園市","大園區","121.225","25.090","290"
"4933","396561","20221104125000","5908","0","臺北市","士林區","121.520","25.095","5168"
"1607","396562","20221104125000","1348","1","臺北市","南港區","121.600","25.055","1643"
"5242","396563","20221104125000","6017","0","臺北市","南港區","121.605","25.055","4810"
"36","396564","20221104125000","39","0","臺北市","內湖區","121.615","25.080","47"
"1033","396567","20221104125000","1339","0","臺北市","內湖區","121.615","25.070","1077"
"2635","396568","20221104125000","3002","0","臺北市","內湖區","121.590","25.065","2590"
"495","396569","20221104125000","565","0","臺北市","內湖區","121.585","25.070","464"
"2236","396570","20221104125000","1622","2","臺北市","內湖區","121.590","25.070","2260"
"222","396571","20221104125000","302","0","臺北市","北投區","121.500","25.145","228"
"464","396572","20221104125000","494","0","臺北市","內湖區","121.620","25.075","483"
"12","396573","20221104125000","23","0","臺北市","內湖區","121.620","25.080","99"
"158","396574","20221104125000","146","1","新北市","汐止區","121.625","25.080","150"
"75","396576","20221104125000","82","0","臺北市","內湖區","121.625","25.085","87"
"24","396587","20221104125000","50","0","臺北市","內湖區","121.610","25.100","22"
"689","396590","20221104125000","798","0","臺北市","內湖區","121.610","25.065","783"
"488","396592","20221104125000","623","0","臺北市","內湖區","121.605","25.085","476"
"671","396594","20221104125000","723","0","臺北市","內湖區","121.600","25.090","648"
"11","396599","20221104125000","33","0","臺北市","內湖區","121.605","25.095","21"
"2542","396603","20221104125000","3150","0","臺北市","北投區","121.500","25.130","2601"
"1597","396604","20221104125000","1205","2","新北市","汐止區","121.620","25.055","1205"
"2246","396605","20221104125000","2593","0","臺北市","士林區","121.505","25.085","2221"
"574","396606","20221104125000","851","0","臺北市","士林區","121.515","25.085","36"
"680","396607","20221104125000","634","1","臺北市","內湖區","121.590","25.085","700"
"1771","396608","20221104125000","1895","0","臺北市","內湖區","121.595","25.085","1890"
"5369","396609","20221104125000","5033","1","臺北市","內湖區","121.575","25.080","5359"
"6415","396611","20221104125000","7231","0","臺北市","北投區","121.470","25.125","6514"
"515","396612","20221104125000","659","0","臺北市","北投區","121.475","25.125","493"
"1086","396615","20221104125000","1073","1","臺北市","北投區","121.465","25.130","1066"
"910","396616","20221104125000","968","0","臺北市","北投區","121.470","25.130","920"
"92","396617","20221104125000","126","0","臺北市","北投區","121.475","25.130","72"
"2158","396619","20221104125000","2326","0","臺北市","北投區","121.470","25.135","2265"
"32","396620","20221104125000","17","3","臺北市","北投區","121.475","25.135","31"
"18","396621","20221104125000","24","0","臺北市","北投區","121.475","25.140","16"
"1327","396622","20221104125000","1201","1","臺北市","南港區","121.610","25.055","1292"
"2023","396623","20221104125000","1588","2","臺北市","內湖區","121.605","25.065","2082"
"5650","396624","20221104125000","6248","0","臺北市","中山區","121.520","25.060","6156"
"495","396625","20221104125000","755","0","臺北市","中山區","121.530","25.075","474"
"380","396626","20221104125000","471","0","臺北市","內湖區","121.570","25.065","353"
"1131","396628","20221104125000","1395","0","臺北市","松山區","121.550","25.070","1219"
"79","396629","20221104125000","126","0","臺北市","松山區","121.555","25.070","125"
"385","396630","20221104125000","479","0","臺北市","松山區","121.560","25.070","395"
"18","396632","20221104125000","58","0","臺北市","中山區","121.565","25.075","15"
"180","396633","20221104125000","2151","0","臺北市","松山區","121.555","25.055","173"
"3203","396634","20221104125000","5176","0","臺北市","松山區","121.570","25.055","3179"
"2823","396635","20221104125000","2861","0","臺北市","士林區","121.530","25.115","2517"
"38","396636","20221104125000","295","0","臺北市","士林區","121.495","25.095","30"
"1598","396637","20221104125000","1722","0","臺北市","士林區","121.500","25.095","1580"
"278","396639","20221104125000","332","0","臺北市","士林區","121.490","25.100","293"
"107","396643","20221104125000","110","0","臺北市","士林區","121.480","25.110","94"
"462","396644","20221104125000","492","0","臺北市","士林區","121.495","25.110","432"
"7516","396647","20221104125000","7949","0","臺北市","松山區","121.550","25.060","7572"
"3644","396648","20221104125000","4104","0","臺北市","松山區","121.555","25.060","3626"
"766","396649","20221104125000","874","0","臺北市","松山區","121.560","25.065","885"
"1439","396650","20221104125000","1866","0","臺北市","松山區","121.555","25.065","1435"
"1052","396651","20221104125000","1230","0","臺北市","中山區","121.545","25.075","1041"
"44","396655","20221104125000","140","0","臺北市","內湖區","121.605","25.080","42"
"1757","396656","20221104125000","1343","2","臺北市","內湖區","121.600","25.085","1702"
"4283","396657","20221104125000","3868","1","臺北市","松山區","121.550","25.065","4263"
"2491","396658","20221104125000","2716","0","臺北市","松山區","121.545","25.065","2554"
"2873","396659","20221104125000","3709","0","臺北市","松山區","121.565","25.055","2823"
"4866","396660","20221104125000","4441","1","臺北市","松山區","121.560","25.060","4991"
"235","396661","20221104125000","1014","0","臺北市","內湖區","121.570","25.060","244"
"2328","396662","20221104125000","2656","0","臺北市","松山區","121.565","25.060","2310"
"206","396663","20221104125000","241","0","臺北市","中山區","121.560","25.075","235"
"791","396665","20221104125000","707","1","臺北市","松山區","121.570","25.070","852"
"4763","396666","20221104125000","5291","0","臺北市","中山區","121.560","25.080","4911"
"7399","396667","20221104125000","10543","0","臺北市","松山區","121.550","25.055","7565"
"391","396669","20221104125000","519","0","臺北市","士林區","121.535","25.125","413"
"131","396672","20221104125000","105","2","臺北市","士林區","121.535","25.135","142"
"2921","396674","20221104125000","2394","2","臺北市","士林區","121.530","25.120","2968"
"4820","396675","20221104125000","5171","0","臺北市","士林區","121.530","25.110","4670"
"5038","396676","20221104125000","10284","0","臺北市","松山區","121.545","25.055","5031"
"3301","396677","20221104125000","3012","1","臺北市","松山區","121.560","25.055","3283"
"2454","396678","20221104125000","2654","0","臺北市","內湖區","121.580","25.075","2417"
"1859","396680","20221104125000","1951","0","臺北市","內湖區","121.590","25.060","1861"
"1781","396683","20221104125000","1594","1","臺北市","內湖區","121.590","25.090","1721"
"56","396684","20221104125000","15","3","臺北市","內湖區","121.595","25.090","72"
"62","396688","20221104125000","227","0","臺北市","內湖區","121.590","25.100","80"
"139","396690","20221104125000","181","0","臺北市","內湖區","121.580","25.105","136"
"71","396693","20221104125000","149","0","臺北市","內湖區","121.595","25.105","83"
"1802","396701","20221104125000","3064","0","臺北市","北投區","121.495","25.135","1830"
"192","396703","20221104125000","129","2","臺北市","北投區","121.505","25.100","170"
"343","396707","20221104125000","403","0","臺北市","北投區","121.500","25.110","339"
"132","396710","20221104125000","168","0","臺北市","北投區","121.530","25.140","152"
"81","396716","20221104125000","127","0","臺北市","北投區","121.535","25.150","89"
"321","396719","20221104125000","335","0","臺北市","士林區","121.555","25.115","333"
"199","396722","20221104125000","233","0","臺北市","士林區","121.550","25.125","187"
"1683","396727","20221104125000","1796","0","臺北市","士林區","121.510","25.080","1692"
"179","396731","20221104125000","239","0","臺北市","士林區","121.480","25.105","171"
"561","396732","20221104125000","505","1","臺北市","士林區","121.485","25.105","504"
"321","396735","20221104125000","704","0","臺北市","北投區","121.470","25.110","310"
"156","396737","20221104125000","137","1","臺北市","士林區","121.485","25.110","124"
"172","396739","20221104125000","83","3","臺北市","士林區","121.460","25.110","175"
"4247","396740","20221104125000","4085","1","臺北市","大同區","121.515","25.060","4263"
"3150","396741","20221104125000","4306","0","臺北市","中山區","121.520","25.065","3066"
"1330","396742","20221104125000","1456","0","臺北市","內湖區","121.615","25.065","1295"
"2402","396743","20221104125000","2185","1","臺北市","內湖區","121.605","25.070","2333"
"82","396744","20221104125000","318","0","臺北市","內湖區","121.605","25.075","104"
"2482","396745","20221104125000","2400","1","臺北市","內湖區","121.610","25.075","2488"
"519","396746","20221104125000","428","2","臺北市","內湖區","121.585","25.090","524"
"9018","396754","20221104125000","7988","1","臺北市","南港區","121.610","25.060","8592"
"6703","396755","20221104125000","2972","3","臺北市","南港區","121.620","25.060","3760"
"2409","396756","20221104125000","2266","1","臺北市","南港區","121.615","25.060","2397"
"3096","396758","20221104125000","3518","0","臺北市","南港區","121.615","25.055","2997"
"1719","396759","20221104125000","1620","1","臺北市","北投區","121.505","25.145","1757"
"426","396762","20221104125000","585","0","臺北市","北投區","121.465","25.115","385"
"3757","396765","20221104125000","3096","2","臺北市","北投區","121.465","25.120","3573"
"1329","396766","20221104125000","1600","0","臺北市","北投區","121.470","25.120","1299"
"2644","396767","20221104125000","3141","0","臺北市","士林區","121.525","25.095","2596"
"1481","396768","20221104125000","1197","2","臺北市","士林區","121.505","25.090","1525"
"1237","396769","20221104125000","785","3","臺北市","士林區","121.510","25.090","1222"
"580","396771","20221104125000","726","0","新北市","三重區","121.500","25.075","595"
"2787","396773","20221104125000","2954","0","臺北市","內湖區","121.585","25.075","2766"
"1004","396774","20221104125000","984","1","臺北市","內湖區","121.590","25.075","1010"
"509","396775","20221104125000","499","1","臺北市","內湖區","121.595","25.075","543"
"659","396776","20221104125000","661","0","臺北市","內湖區","121.600","25.075","663"
"5321","396777","20221104125000","6563","0","臺北市","中山區","121.535","25.060","5497"
"3963","396778","20221104125000","4710","0","臺北市","大同區","121.515","25.070","3843"
"2854","396779","20221104125000","3430","0","臺北市","大同區","121.515","25.065","2824"
"2316","396781","20221104125000","2835","0","臺北市","北投區","121.510","25.110","2275"
"1389","396785","20221104125000","1488","0","臺北市","北投區","121.490","25.145","1463"
"1544","396788","20221104125000","1973","0","臺北市","北投區","121.505","25.115","1524"
"489","396789","20221104125000","541","0","臺北市","北投區","121.515","25.100","486"
"1939","396790","20221104125000","2095","0","臺北市","士林區","121.525","25.110","1792"
"1893","396791","20221104125000","1805","1","臺北市","中山區","121.520","25.070","1844"
"1673","396792","20221104125000","1680","0","臺北市","大同區","121.520","25.075","1752"
"13","396793","20221104125000","769","0","臺北市","士林區","121.515","25.080","17"
"822","396794","20221104125000","813","1","臺北市","內湖區","121.605","25.060","902"
"1448","396798","20221104125000","1309","1","臺北市","內湖區","121.585","25.060","1399"
"2783","396799","20221104125000","3237","0","臺北市","北投區","121.505","25.135","2871"
"66","396802","20221104125000","52","2","臺北市","士林區","121.575","25.120","75"
"33","396803","20221104125000","29","1","臺北市","士林區","121.570","25.125","29"
"178","396804","20221104125000","163","1","臺北市","士林區","121.575","25.125","190"
"51","396806","20221104125000","52","0","臺北市","士林區","121.570","25.130","49"
"110","396807","20221104125000","230","0","臺北市","士林區","121.575","25.130","113"
"25","396809","20221104125000","12","3","臺北市","士林區","121.575","25.135","25"
"32","396812","20221104125000","55","0","臺北市","士林區","121.580","25.140","30"
"608","396819","20221104125000","689","0","臺北市","士林區","121.515","25.090","645"
"3814","396820","20221104125000","3987","0","臺北市","士林區","121.520","25.090","3924"
"2929","396821","20221104125000","2971","0","臺北市","士林區","121.515","25.095","2909"
"2604","396822","20221104125000","2378","1","臺北市","北投區","121.500","25.135","2579"
"1995","396823","20221104125000","1979","1","臺北市","士林區","121.525","25.075","1965"
"596","396824","20221104125000","793","0","臺北市","士林區","121.540","25.110","644"
"523","396826","20221104125000","492","1","臺北市","士林區","121.545","25.115","537"
"274","396828","20221104125000","140","3","臺北市","士林區","121.540","25.125","294"
"517","396831","20221104125000","500","1","臺北市","士林區","121.505","25.095","560"
"901","396832","20221104125000","353","3","臺北市","士林區","121.540","25.095","861"
"1229","396833","20221104125000","989","2","臺北市","士林區","121.545","25.105","1290"
"304","396834","20221104125000","389","0","臺北市","士林區","121.540","25.105","276"
"111","396839","20221104125000","142","0","臺北市","士林區","121.560","25.110","121"
"58","396841","20221104125000","41","2","臺北市","士林區","121.570","25.110","73"
"114","396848","20221104125000","105","1","臺北市","士林區","121.580","25.115","101"
"44","396852","20221104125000","69","0","臺北市","士林區","121.580","25.120","41"
"83","396853","20221104125000","125","0","臺北市","士林區","121.585","25.120","76"
"378","396856","20221104125000","237","3","新北市","汐止區","121.600","25.120","415"
"2598","396878","20221104125000","2986","0","臺北市","內湖區","121.580","25.055","2634"
"2575","396879","20221104125000","2520","1","臺北市","內湖區","121.580","25.060","2530"
"544","396880","20221104125000","839","0","臺北市","內湖區","121.565","25.090","603"
"9781","396884","20221104125000","10391","0","臺北市","內湖區","121.565","25.080","9857"
"1321","396885","20221104125000","1287","1","臺北市","內湖區","121.560","25.085","1313"
"3234","396886","20221104125000","3021","1","臺北市","內湖區","121.565","25.085","3360"
"288","396888","20221104125000","326","0","臺北市","內湖區","121.560","25.090","311"
"8992","396890","20221104125000","8286","1","臺北市","內湖區","121.570","25.080","8764"
"1592","396891","20221104125000","1228","2","臺北市","內湖區","121.570","25.085","1609"
"1934","396892","20221104125000","2659","0","臺北市","松山區","121.570","25.050","1895"
"876","396893","20221104125000","950","0","臺北市","松山區","121.565","25.065","881"
"1123","398951","20221104125000","564","3","新北市","八里區","121.390","25.165","1170"
"129","398956","20221104125000","211","0","基隆市","安樂區","121.710","25.165","147"
"81","399938","20221104125000","188","0","基隆市","安樂區","121.710","25.175","95"
"48","402902","20221104125000","109","0","新北市","萬里區","121.680","25.200","63"
"557","403910","20221104125000","701","0","新北市","萬里區","121.700","25.210","933"
"162","406949","20221104125000","191","0","新北市","金山區","121.635","25.240","185"
"39","409009","20221104125000","66","0","新北市","金山區","121.635","25.255","45"
"130","409527","20221104125000","170","0","新北市","三芝區","121.475","25.260","120"
"479","413221","20221104125000","652","0","新北市","石門區","121.565","25.290","488"
"25","413222","20221104125000","29","0","新北市","石門區","121.590","25.290","34"
"112","413767","20221104125000","220","0","新北市","石門區","121.580","25.295","129"
"398","414895","20221104125000","386","1","基隆市","中正區","121.770","25.155","402"
"542","414896","20221104125000","578","0","基隆市","中正區","121.765","25.155","571"
"215","414897","20221104125000","250","0","基隆市","中正區","121.765","25.160","259"
"611","414900","20221104125000","885","0","基隆市","中正區","121.780","25.145","735"
"1045","414901","20221104125000","1262","0","基隆市","中正區","121.775","25.150","1133"
"65","414906","20221104125000","63","1","基隆市","安樂區","121.695","25.150","65"
"636","414907","20221104125000","529","2","基隆市","安樂區","121.700","25.150","590"
"617","414909","20221104125000","675","0","基隆市","安樂區","121.695","25.155","587"
"224","414910","20221104125000","228","0","基隆市","安樂區","121.700","25.155","231"
"189","414912","20221104125000","90","3","基隆市","安樂區","121.695","25.160","188"
"33","414913","20221104125000","133","0","基隆市","安樂區","121.700","25.160","46"
"277","414921","20221104125000","264","1","基隆市","中山區","121.750","25.145","273"
"697","414923","20221104125000","685","1","基隆市","中山區","121.720","25.150","696"
"374","414929","20221104125000","300","2","基隆市","中山區","121.745","25.150","382"
"695","414936","20221104125000","918","0","新北市","三芝區","121.495","25.250","692"
"159","414948","20221104125000","276","0","新北市","三芝區","121.490","25.270","149"
"586","414949","20221104125000","499","1","基隆市","中山區","121.740","25.150","594"
"270","414951","20221104125000","403","0","基隆市","中山區","121.740","25.155","303"
"307","414985","20221104125000","411","0","新北市","三芝區","121.510","25.215","347"
"186","415028","20221104125000","158","1","新北市","三芝區","121.530","25.230","203"
"1358","415040","20221104125000","1343","1","新北市","三芝區","121.505","25.255","1332"
"391","415041","20221104125000","483","0","新北市","三芝區","121.505","25.260","350"
"2192","415044","20221104125000","2018","1","新北市","三芝區","121.500","25.255","2251"
"223","415063","20221104125000","185","2","新北市","三芝區","121.505","25.205","119"
"1895","415070","20221104125000","2109","0","基隆市","中正區","121.770","25.150","1814"
"22","415072","20221104125000","16","2","基隆市","中山區","121.730","25.150","19"
"184","415078","20221104125000","150","2","新北市","三芝區","121.465","25.240","210"
"373","415083","20221104125000","320","1","新北市","三芝區","121.455","25.245","306"
"80","415087","20221104125000","73","1","新北市","三芝區","121.475","25.245","79"
"128","415093","20221104125000","279","0","新北市","三芝區","121.465","25.250","187"
"387","415100","20221104125000","459","0","新北市","三芝區","121.475","25.250","408"
"57","415103","20221104125000","66","0","新北市","三芝區","121.505","25.265","66"
"1787","415124","20221104125000","697","3","新北市","三芝區","121.535","25.245","1827"
"88","415149","20221104125000","102","0","新北市","三芝區","121.520","25.225","89"
"32","415158","20221104125000","130","0","新北市","三芝區","121.525","25.185","24"
"254","415181","20221104125000","299","0","新北市","三芝區","121.500","25.210","260"
"92","415188","20221104125000","196","0","新北市","三芝區","121.510","25.255","91"
"237","415196","20221104125000","175","2","新北市","三芝區","121.495","25.235","170"
"33","415202","20221104125000","23","2","新北市","三芝區","121.490","25.245","35"
"150","415205","20221104125000","239","0","新北市","三芝區","121.495","25.245","303"
"412","415211","20221104125000","390","1","基隆市","中山區","121.735","25.150","430"
"198","415212","20221104125000","148","2","基隆市","中山區","121.730","25.155","203"
"524","415214","20221104125000","854","0","基隆市","中正區","121.785","25.145","589"
"260","415224","20221104125000","352","0","新北市","八里區","121.415","25.155","291"
"1291","415226","20221104125000","1298","0","新北市","八里區","121.415","25.160","1279"
"878","415229","20221104125000","1004","0","新北市","八里區","121.420","25.160","916"
"109","415237","20221104125000","111","0","新北市","八里區","121.440","25.155","131"
"457","415239","20221104125000","446","1","新北市","八里區","121.430","25.155","465"
"172","415242","20221104125000","324","0","新北市","八里區","121.430","25.160","195"
"668","415250","20221104125000","670","0","新北市","八里區","121.395","25.160","670"
"455","415252","20221104125000","349","2","新北市","八里區","121.405","25.155","488"
"229","415257","20221104125000","296","0","新北市","萬里區","121.675","25.180","271"
"16","415259","20221104125000","37","0","新北市","萬里區","121.685","25.180","12"
"329","415264","20221104125000","356","0","新北市","萬里區","121.640","25.210","309"
"54","415271","20221104125000","65","0","新北市","萬里區","121.645","25.150","61"
"184","415286","20221104125000","181","1","新北市","萬里區","121.665","25.160","202"
"53","415301","20221104125000","54","0","新北市","萬里區","121.625","25.150","52"
"17","415332","20221104125000","14","2","新北市","萬里區","121.615","25.190","14"
"89","415357","20221104125000","104","0","新北市","萬里區","121.620","25.200","112"
"464","415363","20221104125000","490","0","新北市","萬里區","121.650","25.200","544"
"974","415369","20221104125000","898","1","新北市","萬里區","121.690","25.175","945"
"965","415372","20221104125000","750","2","新北市","萬里區","121.690","25.180","1071"
"2223","415375","20221104125000","1774","2","新北市","淡水區","121.440","25.175","2214"
"235","415378","20221104125000","326","0","新北市","淡水區","121.450","25.160","250"
"768","415379","20221104125000","740","1","新北市","淡水區","121.455","25.160","765"
"346","415380","20221104125000","397","0","新北市","淡水區","121.460","25.160","332"
"910","415383","20221104125000","711","2","新北市","淡水區","121.450","25.165","881"
"33","415388","20221104125000","171","0","新北市","淡水區","121.445","25.200","34"
"55","415391","20221104125000","40","2","新北市","淡水區","121.430","25.205","67"
"80","415394","20221104125000","127","0","新北市","淡水區","121.445","25.205","78"
"302","415395","20221104125000","324","0","新北市","淡水區","121.450","25.205","313"
"323","415396","20221104125000","268","2","新北市","淡水區","121.455","25.205","339"
"26","415398","20221104125000","101","0","新北市","淡水區","121.440","25.210","25"
"225","415408","20221104125000","388","0","新北市","淡水區","121.460","25.215","260"
"42","415409","20221104125000","38","1","新北市","淡水區","121.465","25.215","36"
"360","415412","20221104125000","342","1","新北市","淡水區","121.450","25.220","347"
"12","415428","20221104125000","32","0","新北市","石門區","121.580","25.240","14"
"58","415437","20221104125000","146","0","新北市","石門區","121.580","25.245","59"
"112","415462","20221104125000","95","1","新北市","石門區","121.530","25.285","96"
"181","415465","20221104125000","316","0","新北市","石門區","121.535","25.290","150"
"398","415468","20221104125000","599","0","新北市","石門區","121.540","25.290","466"
"117","415521","20221104125000","165","0","新北市","石門區","121.550","25.285","121"
"119","415532","20221104125000","238","0","新北市","石門區","121.515","25.275","108"
"39","415541","20221104125000","34","1","新北市","石門區","121.515","25.285","30"
"151","415546","20221104125000","128","1","新北市","石門區","121.570","25.255","182"
"173","415568","20221104125000","201","0","新北市","石門區","121.550","25.255","156"
"75","415594","20221104125000","87","0","新北市","石門區","121.595","25.270","88"
"69","415595","20221104125000","112","0","新北市","石門區","121.590","25.275","84"
"439","415599","20221104125000","323","2","新北市","石門區","121.590","25.285","440"
"40","415623","20221104125000","40","1","新北市","石門區","121.600","25.280","41"
"110","415625","20221104125000","181","0","新北市","石門區","121.610","25.280","102"
"51","415630","20221104125000","69","0","新北市","萬里區","121.685","25.165","59"
"233","415649","20221104125000","124","3","新北市","萬里區","121.655","25.200","220"
"875","415654","20221104125000","882","0","新北市","萬里區","121.690","25.200","927"
"78","415655","20221104125000","78","1","新北市","萬里區","121.655","25.205","84"
"253","415656","20221104125000","243","1","新北市","萬里區","121.660","25.205","245"
"275","415657","20221104125000","227","2","新北市","萬里區","121.690","25.205","298"
"124","415674","20221104125000","279","0","新北市","淡水區","121.520","25.175","144"
"49","415676","20221104125000","50","0","新北市","淡水區","121.480","25.180","45"
"127","415677","20221104125000","84","3","新北市","淡水區","121.485","25.180","120"
"161","415685","20221104125000","116","2","新北市","淡水區","121.470","25.185","154"
"89","415687","20221104125000","95","0","新北市","淡水區","121.480","25.185","96"
"457","415688","20221104125000","529","0","新北市","淡水區","121.485","25.185","379"
"160","415696","20221104125000","142","1","新北市","淡水區","121.475","25.190","150"
"144","415697","20221104125000","104","2","新北市","淡水區","121.490","25.190","116"
"26","415699","20221104125000","22","1","新北市","淡水區","121.500","25.190","23"
"651","415701","20221104125000","898","0","新北市","淡水區","121.440","25.180","684"
"212","415706","20221104125000","217","0","新北市","淡水區","121.485","25.165","214"
"66","415713","20221104125000","74","0","新北市","淡水區","121.485","25.170","71"
"146","415717","20221104125000","115","2","新北市","淡水區","121.485","25.175","154"
"102","415718","20221104125000","623","0","新北市","淡水區","121.415","25.180","107"
"151","415720","20221104125000","87","3","新北市","淡水區","121.410","25.185","138"
"1367","415722","20221104125000","1000","2","新北市","淡水區","121.420","25.185","1325"
"804","415723","20221104125000","849","0","新北市","淡水區","121.425","25.185","796"
"739","415724","20221104125000","934","0","新北市","淡水區","121.430","25.185","740"
"96","415731","20221104125000","34","3","新北市","淡水區","121.420","25.195","71"
"834","415732","20221104125000","588","2","新北市","淡水區","121.425","25.195","880"
"540","415734","20221104125000","592","0","新北市","淡水區","121.420","25.175","526"
"111","415735","20221104125000","82","2","新北市","淡水區","121.425","25.175","100"
"136","415737","20221104125000","148","0","新北市","淡水區","121.430","25.180","111"
"40","415738","20221104125000","32","2","新北市","淡水區","121.475","25.210","35"
"31","415743","20221104125000","30","1","新北市","淡水區","121.475","25.215","57"
"52","415744","20221104125000","30","3","新北市","淡水區","121.480","25.215","48"
"139","415745","20221104125000","275","0","新北市","淡水區","121.485","25.215","117"
"46","415753","20221104125000","110","0","新北市","淡水區","121.445","25.225","45"
"220","415754","20221104125000","400","0","新北市","淡水區","121.450","25.225","231"
"143","415755","20221104125000","135","1","新北市","淡水區","121.455","25.225","122"
"93","415761","20221104125000","77","2","新北市","淡水區","121.445","25.230","79"
"134","415762","20221104125000","102","2","新北市","淡水區","121.450","25.230","128"
"126","415775","20221104125000","210","0","新北市","萬里區","121.635","25.165","132"
"131","415799","20221104125000","72","3","新北市","萬里區","121.650","25.175","120"
"245","415830","20221104125000","361","0","新北市","萬里區","121.685","25.190","345"
"161","415832","20221104125000","121","2","新北市","萬里區","121.680","25.195","177"
"439","415838","20221104125000","485","0","新北市","淡水區","121.430","25.175","473"
"1612","415839","20221104125000","1877","0","新北市","淡水區","121.435","25.175","1574"
"1224","415840","20221104125000","1436","0","新北市","淡水區","121.435","25.180","1227"
"683","415841","20221104125000","956","0","新北市","淡水區","121.435","25.170","701"
"217","415852","20221104125000","186","1","新北市","三芝區","121.480","25.235","223"
"2617","415853","20221104125000","2570","1","新北市","淡水區","121.445","25.175","2628"
"4250","415854","20221104125000","5434","0","新北市","淡水區","121.450","25.175","4208"
"1738","415857","20221104125000","1956","0","新北市","淡水區","121.460","25.155","1701"
"790","415860","20221104125000","829","0","新北市","淡水區","121.455","25.155","825"
"396","415861","20221104125000","537","0","新北市","淡水區","121.465","25.160","417"
"176","415870","20221104125000","155","1","新北市","金山區","121.615","25.240","195"
"72","415905","20221104125000","61","1","新北市","金山區","121.590","25.235","74"
"1180","415910","20221104125000","1574","0","新北市","淡水區","121.445","25.180","1154"
"1359","415911","20221104125000","1757","0","新北市","淡水區","121.450","25.180","1418"
"47","415912","20221104125000","124","0","新北市","淡水區","121.455","25.180","63"
"863","415916","20221104125000","1111","0","新北市","淡水區","121.445","25.185","859"
"43","415918","20221104125000","22","3","新北市","淡水區","121.455","25.185","40"
"1103","415921","20221104125000","1159","0","新北市","淡水區","121.455","25.175","1102"
"2877","415922","20221104125000","3172","0","新北市","淡水區","121.440","25.170","2935"
"238","415924","20221104125000","216","1","新北市","淡水區","121.485","25.155","261"
"264","415927","20221104125000","340","0","新北市","淡水區","121.485","25.160","276"
"165","415931","20221104125000","201","0","新北市","淡水區","121.470","25.165","163"
"479","415932","20221104125000","430","1","新北市","淡水區","121.440","25.190","486"
"1435","415933","20221104125000","1535","0","新北市","淡水區","121.445","25.190","1435"
"313","415936","20221104125000","463","0","新北市","淡水區","121.460","25.190","320"
"1121","415942","20221104125000","1406","0","新北市","淡水區","121.450","25.200","1039"
"355","415944","20221104125000","380","0","新北市","淡水區","121.460","25.200","363"
"499","415946","20221104125000","634","0","新北市","淡水區","121.420","25.180","530"
"1827","415947","20221104125000","1606","1","新北市","淡水區","121.450","25.170","1687"
"444","415948","20221104125000","671","0","新北市","淡水區","121.455","25.170","403"
"307","415951","20221104125000","357","0","新北市","淡水區","121.455","25.235","329"
"805","415961","20221104125000","590","2","新北市","淡水區","121.435","25.185","754"
"210","415962","20221104125000","297","0","新北市","淡水區","121.440","25.185","199"
"1351","415963","20221104125000","1122","2","新北市","淡水區","121.435","25.190","1314"
"563","415964","20221104125000","439","2","新北市","淡水區","121.430","25.195","514"
"411","415968","20221104125000","282","2","新北市","淡水區","121.430","25.200","411"
"1367","415969","20221104125000","1391","0","新北市","淡水區","121.435","25.200","1384"
"248","415971","20221104125000","225","1","新北市","淡水區","121.425","25.205","209"
"79","415972","20221104125000","46","3","新北市","淡水區","121.435","25.205","76"
"180","415975","20221104125000","433","0","新北市","淡水區","121.445","25.170","172"
"35","415977","20221104125000","32","1","新北市","淡水區","121.485","25.190","33"
"29","415979","20221104125000","93","0","新北市","淡水區","121.470","25.195","43"
"135","415984","20221104125000","168","0","新北市","淡水區","121.470","25.200","129"
"162","415986","20221104125000","151","1","新北市","淡水區","121.480","25.200","160"
"1291","416009","20221104125000","1870","0","新北市","金山區","121.640","25.220","1438"
"24","416022","20221104125000","53","0","新北市","金山區","121.625","25.270","38"
"411","416030","20221104125000","482","0","新北市","金山區","121.640","25.225","350"
"323","416031","20221104125000","429","0","新北市","金山區","121.645","25.225","492"
"169","416033","20221104125000","179","0","新北市","金山區","121.645","25.230","174"
"84","416038","20221104125000","79","1","臺北市","北投區","121.500","25.155","90"
"306","416050","20221104125000","329","0","新北市","金山區","121.630","25.225","373"
"265","416051","20221104125000","256","1","新北市","金山區","121.635","25.225","250"
"219","416060","20221104125000","167","2","新北市","金山區","121.615","25.245","202"
"86","416062","20221104125000","109","0","新北市","金山區","121.605","25.245","107"
"69","416063","20221104125000","52","2","新北市","金山區","121.610","25.245","50"
"22","416066","20221104125000","23","0","新北市","金山區","121.605","25.250","19"
"42","416067","20221104125000","51","0","新北市","金山區","121.610","25.250","40"
"107","416122","20221104125000","160","0","新北市","金山區","121.595","25.200","136"
"390","416123","20221104125000","232","3","新北市","金山區","121.600","25.200","473"
"142","416146","20221104125000","152","0","新北市","金山區","121.600","25.215","138"
"636","416155","20221104125000","714","0","新北市","金山區","121.630","25.220","676"
"636","416156","20221104125000","613","1","新北市","金山區","121.635","25.220","599"
"48","416160","20221104125000","89","0","臺北市","士林區","121.555","25.155","61"
"22","416162","20221104125000","32","0","臺北市","士林區","121.565","25.155","49"
"14","416168","20221104125000","133","0","臺北市","士林區","121.575","25.165","50"
"66","416182","20221104125000","101","0","臺北市","士林區","121.570","25.190","53"
"82","416192","20221104125000","81","1","臺北市","北投區","121.530","25.155","83"
"2234","416202","20221104125000","2678","0","新北市","淡水區","121.445","25.165","2091"
"257","416204","20221104125000","233","1","臺北市","北投區","121.540","25.155","194"
"287","416205","20221104125000","413","0","臺北市","北投區","121.545","25.150","242"
"13","416209","20221104125000","85","0","臺北市","北投區","121.545","25.155","20"
"18","416212","20221104125000","41","0","臺北市","北投區","121.540","25.160","16"
"57","416213","20221104125000","69","0","臺北市","北投區","121.545","25.160","52"
"311","416221","20221104125000","226","2","臺北市","北投區","121.540","25.165","326"
"277","416225","20221104125000","278","0","臺北市","北投區","121.560","25.165","362"
"138","416236","20221104125000","651","0","臺北市","北投區","121.535","25.175","144"
"158","416246","20221104125000","212","0","臺北市","北投區","121.545","25.180","108"
"99","416251","20221104125000","247","0","臺北市","北投區","121.535","25.185","128"
"39","416275","20221104125000","96","0","臺北市","北投區","121.490","25.155","42"
"16","616904","20221104125000","23","0","金門縣","金城鎮","118.320","24.390","21"
"15","617429","20221104125000","225","0","金門縣","金城鎮","118.305","24.400","20"
"1154","617430","20221104125000","957","2","金門縣","金城鎮","118.310","24.400","1140"
"383","617700","20221104125000","329","1","金門縣","金城鎮","118.305","24.405","377"
"321","617704","20221104125000","230","2","金門縣","金城鎮","118.325","24.405","300"
"26","617966","20221104125000","24","1","金門縣","烈嶼鄉","118.225","24.405","36"
"73","617974","20221104125000","76","0","金門縣","金城鎮","118.290","24.405","71"
"230","617990","20221104125000","155","2","金門縣","金湖鎮","118.430","24.410","172"
"62","617991","20221104125000","68","0","金門縣","金湖鎮","118.435","24.410","92"
"247","618255","20221104125000","224","1","金門縣","金城鎮","118.285","24.410","320"
"133","618257","20221104125000","220","0","金門縣","金城鎮","118.295","24.410","131"
"137","618258","20221104125000","160","0","金門縣","金城鎮","118.300","24.410","141"
"59","618259","20221104125000","30","3","金門縣","金城鎮","118.305","24.410","63"
"64","618260","20221104125000","57","1","金門縣","金城鎮","118.310","24.410","65"
"10","618262","20221104125000","185","0","金門縣","金城鎮","118.320","24.410","12"
"190","618263","20221104125000","155","2","金門縣","金城鎮","118.325","24.410","161"
"666","618264","20221104125000","508","2","金門縣","金城鎮","118.330","24.410","653"
"180","618266","20221104125000","154","1","金門縣","金城鎮","118.335","24.410","206"
"416","618273","20221104125000","331","2","金門縣","金湖鎮","118.435","24.415","422"
"437","618274","20221104125000","564","0","金門縣","金湖鎮","118.440","24.415","406"
"77","618530","20221104125000","286","0","金門縣","烈嶼鄉","118.230","24.415","67"
"340","618532","20221104125000","566","0","金門縣","烈嶼鄉","118.240","24.415","372"
"197","618541","20221104125000","283","0","金門縣","金城鎮","118.290","24.415","275"
"524","618545","20221104125000","604","0","金門縣","金城鎮","118.310","24.415","541"
"552","618547","20221104125000","689","0","金門縣","金城鎮","118.315","24.415","564"
"275","618552","20221104125000","146","3","金門縣","金寧鄉","118.340","24.415","265"
"167","618560","20221104125000","170","0","金門縣","金湖鎮","118.440","24.420","169"
"480","618813","20221104125000","472","1","金門縣","烈嶼鄉","118.220","24.420","560"
"52","618818","20221104125000","25","3","金門縣","烈嶼鄉","118.245","24.420","66"
"30","618832","20221104125000","808","0","金門縣","金城鎮","118.310","24.420","41"
"141","618833","20221104125000","94","3","金門縣","金城鎮","118.315","24.420","147"
"56","618834","20221104125000","78","0","金門縣","金城鎮","118.320","24.420","51"
"42","618835","20221104125000","35","2","金門縣","金城鎮","118.325","24.420","39"
"170","618836","20221104125000","156","1","金門縣","金寧鄉","118.330","24.420","200"
"33","618838","20221104125000","11","3","金門縣","金寧鄉","118.340","24.420","38"
"299","618851","20221104125000","220","2","金門縣","金湖鎮","118.440","24.425","289"
"1500","619113","20221104125000","1305","1","金門縣","烈嶼鄉","118.245","24.425","1514"
"600","619116","20221104125000","255","3","金門縣","烈嶼鄉","118.260","24.425","567"
"97","619117","20221104125000","78","2","金門縣","烈嶼鄉","118.265","24.425","138"
"46","619126","20221104125000","38","2","金門縣","金城鎮","118.315","24.425","58"
"1647","619127","20221104125000","1342","2","金門縣","金城鎮","118.320","24.425","1575"
"98","619131","20221104125000","198","0","金門縣","金寧鄉","118.340","24.425","78"
"127","619133","20221104125000","158","0","金門縣","金寧鄉","118.350","24.425","136"
"339","619146","20221104125000","370","0","金門縣","金湖鎮","118.430","24.425","363"
"106","619151","20221104125000","96","1","金門縣","金湖鎮","118.455","24.430","109"
"45","619406","20221104125000","66","0","金門縣","烈嶼鄉","118.230","24.430","60"
"14","619412","20221104125000","11","2","金門縣","烈嶼鄉","118.260","24.430","12"
"113","619420","20221104125000","1227","0","金門縣","金城鎮","118.310","24.430","140"
"1258","619421","20221104125000","1540","0","金門縣","金城鎮","118.315","24.430","1169"
"1080","619422","20221104125000","1332","0","金門縣","金城鎮","118.320","24.430","1184"
"147","619424","20221104125000","145","1","金門縣","金寧鄉","118.330","24.430","118"
"883","619426","20221104125000","757","1","金門縣","金寧鄉","118.340","24.430","881"
"201","619430","20221104125000","103","3","金門縣","金寧鄉","118.360","24.430","143"
"431","619440","20221104125000","798","0","金門縣","金湖鎮","118.410","24.430","431"
"404","619442","20221104125000","400","1","金門縣","金湖鎮","118.420","24.430","389"
"391","619709","20221104125000","359","1","金門縣","烈嶼鄉","118.255","24.435","320"
"26","619710","20221104125000","30","0","金門縣","烈嶼鄉","118.260","24.435","28"
"498","619718","20221104125000","471","1","金門縣","金城鎮","118.310","24.435","478"
"3130","619719","20221104125000","3383","0","金門縣","金城鎮","118.315","24.435","3234"
"46","619721","20221104125000","969","0","金門縣","金城鎮","118.325","24.435","44"
"121","619722","20221104125000","325","0","金門縣","金寧鄉","118.330","24.435","112"
"48","619726","20221104125000","82","0","金門縣","金寧鄉","118.350","24.435","53"
"85","619728","20221104125000","37","3","金門縣","金寧鄉","118.360","24.435","116"
"776","619729","20221104125000","495","3","金門縣","金湖鎮","118.365","24.435","879"
"166","619731","20221104125000","96","3","金門縣","金湖鎮","118.375","24.435","163"
"168","619734","20221104125000","172","0","金門縣","金湖鎮","118.390","24.435","150"
"758","619737","20221104125000","1429","0","金門縣","金湖鎮","118.405","24.435","699"
"39","619739","20221104125000","89","0","金門縣","金湖鎮","118.415","24.435","48"
"108","619747","20221104125000","102","1","金門縣","金湖鎮","118.455","24.435","106"
"647","620010","20221104125000","318","3","金門縣","金城鎮","118.310","24.440","639"
"3460","620011","20221104125000","2337","2","金門縣","金城鎮","118.315","24.440","3911"
"748","620012","20221104125000","569","2","金門縣","金寧鄉","118.320","24.440","802"
"84","620013","20221104125000","80","1","金門縣","金城鎮","118.325","24.440","87"
"52","620015","20221104125000","547","0","金門縣","金寧鄉","118.335","24.440","44"
"14","620020","20221104125000","158","0","金門縣","金寧鄉","118.360","24.440","18"
"148","620024","20221104125000","94","3","金門縣","金湖鎮","118.380","24.440","135"
"628","620025","20221104125000","798","0","金門縣","金湖鎮","118.385","24.440","659"
"141","620027","20221104125000","65","3","金門縣","金湖鎮","118.395","24.440","140"
"46","620029","20221104125000","153","0","金門縣","金湖鎮","118.405","24.440","52"
"1317","620031","20221104125000","3143","0","金門縣","金湖鎮","118.415","24.440","1283"
"1400","620032","20221104125000","1966","0","金門縣","金湖鎮","118.420","24.440","1323"
"12","620037","20221104125000","160","0","金門縣","金湖鎮","118.445","24.440","13"
"33","620040","20221104125000","115","0","金門縣","金湖鎮","118.460","24.440","20"
"79","620293","20221104125000","379","0","金門縣","烈嶼鄉","118.240","24.440","77"
"888","620304","20221104125000","676","2","金門縣","金寧鄉","118.310","24.445","905"
"254","620306","20221104125000","270","0","金門縣","金寧鄉","118.320","24.445","246"
"55","620312","20221104125000","582","0","金門縣","金寧鄉","118.350","24.445","70"
"12","620315","20221104125000","57","0","金門縣","金湖鎮","118.365","24.445","12"
"67","620317","20221104125000","288","0","金門縣","金湖鎮","118.375","24.445","53"
"489","620318","20221104125000","276","3","金門縣","金湖鎮","118.380","24.445","469"
"67","620323","20221104125000","23","3","金門縣","金湖鎮","118.405","24.445","49"
"111","620326","20221104125000","45","3","金門縣","金湖鎮","118.420","24.445","119"
"35","620327","20221104125000","314","0","金門縣","金湖鎮","118.425","24.445","44"
"16","620335","20221104125000","14","1","金門縣","金湖鎮","118.465","24.445","20"
"135","620336","20221104125000","216","0","金門縣","金湖鎮","118.470","24.445","134"
"163","620593","20221104125000","138","1","金門縣","烈嶼鄉","118.250","24.445","167"
"98","620594","20221104125000","150","0","金門縣","烈嶼鄉","118.255","24.445","106"
"292","620595","20221104125000","57","3","金門縣","烈嶼鄉","118.260","24.445","347"
"269","620604","20221104125000","358","0","金門縣","金寧鄉","118.305","24.450","298"
"780","620605","20221104125000","396","3","金門縣","金寧鄉","118.310","24.450","733"
"343","620607","20221104125000","444","0","金門縣","金寧鄉","118.320","24.450","254"
"601","620608","20221104125000","341","3","金門縣","金寧鄉","118.325","24.450","580"
"1217","620609","20221104125000","1401","0","金門縣","金寧鄉","118.330","24.450","1294"
"639","620610","20221104125000","579","1","金門縣","金寧鄉","118.335","24.450","624"
"377","620611","20221104125000","431","0","金門縣","金寧鄉","118.340","24.450","381"
"62","620613","20221104125000","47","2","金門縣","金寧鄉","118.350","24.450","64"
"140","620618","20221104125000","75","3","金門縣","金湖鎮","118.375","24.450","146"
"53","620625","20221104125000","50","1","金門縣","金湖鎮","118.410","24.450","61"
"21","620634","20221104125000","96","0","金門縣","金沙鎮","118.455","24.450","14"
"480","620912","20221104125000","257","3","金門縣","金寧鄉","118.335","24.455","490"
"10","620916","20221104125000","45","0","金門縣","金寧鄉","118.355","24.455","10"
"367","620919","20221104125000","270","2","金門縣","金湖鎮","118.370","24.455","352"
"256","620920","20221104125000","284","0","金門縣","金湖鎮","118.375","24.455","399"
"344","620921","20221104125000","379","0","金門縣","金湖鎮","118.380","24.455","405"
"109","620922","20221104125000","49","3","金門縣","金湖鎮","118.385","24.455","96"
"28","620927","20221104125000","24","1","金門縣","金湖鎮","118.410","24.455","26"
"57","620928","20221104125000","58","0","金門縣","金湖鎮","118.415","24.455","65"
"37","620930","20221104125000","30","2","金門縣","金湖鎮","118.425","24.455","46"
"418","621210","20221104125000","552","0","金門縣","金寧鄉","118.305","24.455","437"
"13","621211","20221104125000","166","0","金門縣","金寧鄉","118.310","24.455","13"
"28","621214","20221104125000","609","0","金門縣","金寧鄉","118.325","24.455","34"
"221","621221","20221104125000","225","0","金門縣","金寧鄉","118.360","24.460","242"
"15","621226","20221104125000","12","2","金門縣","金沙鎮","118.385","24.460","17"
"159","621230","20221104125000","135","1","金門縣","金沙鎮","118.405","24.460","148"
"130","621231","20221104125000","456","0","金門縣","金湖鎮","118.410","24.460","122"
"61","621233","20221104125000","22","3","金門縣","金湖鎮","118.420","24.460","58"
"22","621239","20221104125000","33","0","金門縣","金沙鎮","118.450","24.460","25"
"636","621509","20221104125000","682","0","金門縣","金寧鄉","118.315","24.460","585"
"164","621510","20221104125000","189","0","金門縣","金寧鄉","118.320","24.460","159"
"231","621511","20221104125000","147","3","金門縣","金寧鄉","118.325","24.460","235"
"30","621523","20221104125000","141","0","金門縣","金沙鎮","118.385","24.465","15"
"17","621529","20221104125000","13","2","金門縣","金沙鎮","118.415","24.465","14"
"31","621530","20221104125000","28","1","金門縣","金湖鎮","118.420","24.465","40"
"74","621533","20221104125000","105","0","金門縣","金沙鎮","118.435","24.465","85"
"196","621810","20221104125000","203","0","金門縣","金沙鎮","118.390","24.465","192"
"105","621816","20221104125000","752","0","金門縣","金沙鎮","118.420","24.470","76"
"380","621823","20221104125000","259","2","金門縣","金沙鎮","118.455","24.470","364"
"323","622075","20221104125000","10","3","金門縣","金寧鄉","118.295","24.470","296"
"532","622079","20221104125000","495","1","金門縣","金寧鄉","118.315","24.470","575"
"342","622096","20221104125000","406","0","金門縣","金沙鎮","118.400","24.470","362"
"13","622101","20221104125000","16","0","金門縣","金沙鎮","118.425","24.475","18"
"71","622102","20221104125000","60","1","金門縣","金沙鎮","118.430","24.475","82"
"247","622377","20221104125000","92","3","金門縣","金沙鎮","118.390","24.475","236"
"232","622643","20221104125000","368","0","金門縣","金寧鄉","118.305","24.480","228"
"118","622644","20221104125000","66","3","金門縣","金寧鄉","118.310","24.480","118"
"30","622657","20221104125000","220","0","金門縣","金沙鎮","118.390","24.480","29"
"169","622658","20221104125000","104","3","金門縣","金沙鎮","118.395","24.480","157"
"13","622921","20221104125000","18","0","金門縣","金寧鄉","118.300","24.485","14"
"1183","622937","20221104125000","813","2","金門縣","金沙鎮","118.415","24.485","1185"
"127","622938","20221104125000","95","2","金門縣","金沙鎮","118.420","24.485","131"
"45","622941","20221104125000","39","1","金門縣","金沙鎮","118.435","24.485","47"
"159","622942","20221104125000","76","3","金門縣","金沙鎮","118.440","24.485","168"
"434","623206","20221104125000","440","0","金門縣","金沙鎮","118.410","24.490","501"
"730","623207","20221104125000","620","1","金門縣","金沙鎮","118.415","24.490","757"
"14","623208","20221104125000","11","2","金門縣","金沙鎮","118.420","24.490","24"
"89","623210","20221104125000","69","2","金門縣","金沙鎮","118.430","24.490","83"
"484","623474","20221104125000","778","0","金門縣","金沙鎮","118.415","24.495","588"
"48","623478","20221104125000","411","0","金門縣","金沙鎮","118.435","24.495","43"
"111","623734","20221104125000","87","2","金門縣","金沙鎮","118.400","24.500","108"
"116","623738","20221104125000","36","3","金門縣","金沙鎮","118.420","24.500","87"
"185","623993","20221104125000","196","0","金門縣","金沙鎮","118.405","24.505","206"
"41","623999","20221104125000","41","1","金門縣","金沙鎮","118.435","24.505","48"
"267","624000","20221104125000","169","3","金門縣","金沙鎮","118.440","24.505","350"
"243","624511","20221104125000","191","2","金門縣","金沙鎮","118.405","24.515","241"
"163","624771","20221104125000","220","0","金門縣","金沙鎮","118.415","24.515","174"
"22","625280","20221104125000","14","3","金門縣","金沙鎮","118.410","24.525","21"
"217","653049","20221104125000","402","0","連江縣","莒光鄉","119.975","25.960","320"
"20","653081","20221104125000","22","0","連江縣","莒光鄉","119.930","25.970","24"
"192","653082","20221104125000","293","0","連江縣","莒光鄉","119.935","25.970","172"
"161","653097","20221104125000","242","0","連江縣","莒光鄉","119.930","25.975","213"
"22","653099","20221104125000","12","3","連江縣","莒光鄉","119.940","25.975","38"
"388","653173","20221104125000","217","3","連江縣","南竿鄉","119.925","26.140","415"
"67","653187","20221104125000","101","0","連江縣","南竿鄉","119.930","26.145","72"
"117","653198","20221104125000","78","3","連江縣","南竿鄉","119.915","26.145","111"
"50","653200","20221104125000","71","0","連江縣","南竿鄉","119.925","26.145","49"
"506","653203","20221104125000","439","1","連江縣","南竿鄉","119.940","26.145","319"
"77","653217","20221104125000","66","1","連江縣","南竿鄉","119.925","26.150","99"
"306","653219","20221104125000","370","0","連江縣","南竿鄉","119.935","26.150","302"
"43","653221","20221104125000","59","0","連江縣","南竿鄉","119.945","26.150","43"
"188","653231","20221104125000","280","0","連江縣","南竿鄉","119.920","26.155","133"
"560","653235","20221104125000","442","2","連江縣","南竿鄉","119.940","26.155","510"
"850","653238","20221104125000","806","1","連江縣","南竿鄉","119.955","26.155","833"
"172","653248","20221104125000","106","3","連江縣","南竿鄉","119.920","26.160","174"
"1138","653255","20221104125000","892","2","連江縣","南竿鄉","119.955","26.160","1129"
"42","653257","20221104125000","38","1","連江縣","南竿鄉","119.965","26.160","45"
"552","653272","20221104125000","612","0","連江縣","南竿鄉","119.950","26.165","559"
"113","653282","20221104125000","214","0","連江縣","南竿鄉","119.925","26.170","128"
"214","653344","20221104125000","229","0","連江縣","北竿鄉","119.970","26.205","214"
"114","653365","20221104125000","116","0","連江縣","北竿鄉","119.975","26.215","146"
"55","653382","20221104125000","48","1","連江縣","北竿鄉","120.000","26.220","55"
"12","653393","20221104125000","22","0","連江縣","北竿鄉","119.980","26.225","16"
"841","653396","20221104125000","1099","0","連江縣","北竿鄉","119.995","26.225","715"
"394","653397","20221104125000","404","0","連江縣","北竿鄉","120.000","26.225","405"
"111","653411","20221104125000","104","1","連江縣","北竿鄉","120.000","26.230","130"
"26","653580","20221104125000","43","0","連江縣","東引鄉","120.485","26.360","24"
"52","653590","20221104125000","49","1","連江縣","東引鄉","120.490","26.360","66"
"293","653592","20221104125000","955","0","連江縣","東引鄉","120.500","26.360","311"
"663","653602","20221104125000","777","0","連江縣","東引鄉","120.490","26.365","694"
"95","653603","20221104125000","48","3","連江縣","東引鄉","120.495","26.365","92"
"104","653623","20221104125000","127","0","連江縣","東引鄉","120.480","26.375","104"
