"POPULATION","G_ID","time","avg","idx","City","Town","x","y","prePop"
"168","286276","20220620030000","132","2","臺中市","大雅區","120.605","24.215","153"
"439","286279","20220620030000","564","0","臺中市","大雅區","120.620","24.215","445"
"777","286281","20220620030000","559","2","臺中市","大雅區","120.635","24.215","787"
"87","286282","20220620030000","71","2","臺中市","大雅區","120.600","24.220","86"
"81","286284","20220620030000","84","0","臺中市","大雅區","120.610","24.220","76"
"247","286285","20220620030000","83","3","臺中市","大雅區","120.615","24.220","251"
"706","286287","20220620030000","275","3","臺中市","大雅區","120.640","24.220","688"
"194","286288","20220620030000","161","2","臺中市","大雅區","120.630","24.215","209"
"42","286289","20220620030000","63","0","臺中市","大雅區","120.625","24.220","46"
"614","286292","20220620030000","505","2","臺中市","大雅區","120.625","24.225","629"
"1141","286293","20220620030000","952","1","臺中市","大雅區","120.630","24.225","1158"
"465","286296","20220620030000","242","3","臺中市","大雅區","120.620","24.230","479"
"268","286300","20220620030000","153","3","臺中市","大雅區","120.625","24.230","249"
"493","286302","20220620030000","373","2","臺中市","潭子區","120.670","24.205","491"
"99","286305","20220620030000","81","2","臺中市","大雅區","120.670","24.215","97"
"412","286306","20220620030000","249","3","臺中市","大雅區","120.675","24.215","432"
"701","286307","20220620030000","680","1","臺中市","大雅區","120.670","24.220","698"
"582","286318","20220620030000","369","3","臺中市","東勢區","120.835","24.220","544"
"238","286323","20220620030000","187","2","臺中市","東勢區","120.820","24.275","229"
"369","286344","20220620030000","349","1","臺中市","東勢區","120.850","24.260","363"
"189","286375","20220620030000","131","2","臺中市","沙鹿區","120.590","24.230","195"
"461","286377","20220620030000","588","0","臺中市","沙鹿區","120.565","24.235","548"
"2508","286384","20220620030000","2749","0","臺中市","沙鹿區","120.570","24.240","2503"
"534","286386","20220620030000","736","0","臺中市","東勢區","120.830","24.255","519"
"455","286388","20220620030000","638","0","臺中市","東勢區","120.825","24.250","468"
"385","286389","20220620030000","385","1","臺中市","梧棲區","120.530","24.230","408"
"699","286392","20220620030000","787","0","臺中市","梧棲區","120.545","24.230","675"
"963","286398","20220620030000","983","0","臺中市","豐原區","120.715","24.255","922"
"84","286399","20220620030000","1188","0","臺中市","豐原區","120.720","24.255","1210"
"2345","286400","20220620030000","438","3","臺中市","豐原區","120.735","24.270","2299"
"50","286406","20220620030000","273","0","臺中市","豐原區","120.745","24.275","52"
"431","286408","20220620030000","267","3","臺中市","豐原區","120.755","24.275","421"
"641","286413","20220620030000","562","1","臺中市","東勢區","120.760","24.280","648"
"311","286418","20220620030000","101","3","臺中市","豐原區","120.725","24.275","331"
"588","286422","20220620030000","99","3","臺中市","豐原區","120.735","24.280","598"
"160","286436","20220620030000","148","1","臺中市","豐原區","120.760","24.230","160"
"184","286446","20220620030000","107","3","臺中市","豐原區","120.740","24.235","189"
"213","286447","20220620030000","93","3","臺中市","豐原區","120.745","24.235","210"
"154","286461","20220620030000","1453","0","臺中市","龍井區","120.520","24.195","139"
"1099","286465","20220620030000","307","3","臺中市","龍井區","120.500","24.200","1106"
"570","286475","20220620030000","210","3","臺中市","龍井區","120.510","24.200","587"
"55","286482","20220620030000","258","0","臺中市","龍井區","120.515","24.205","64"
"328","286485","20220620030000","182","3","臺中市","石岡區","120.770","24.280","332"
"1000","286486","20220620030000","846","1","臺中市","石岡區","120.775","24.275","1017"
"458","286489","20220620030000","377","2","臺中市","石岡區","120.795","24.270","490"
"100","286497","20220620030000","75","2","臺中市","石岡區","120.775","24.255","101"
"24","286500","20220620030000","21","1","臺中市","石岡區","120.775","24.260","21"
"189","286510","20220620030000","128","2","臺中市","石岡區","120.770","24.275","174"
"127","286511","20220620030000","98","2","臺中市","新社區","120.795","24.245","117"
"261","286517","20220620030000","188","2","臺中市","石岡區","120.785","24.260","265"
"441","286522","20220620030000","336","2","臺中市","潭子區","120.695","24.230","469"
"547","286525","20220620030000","365","2","臺中市","神岡區","120.695","24.235","517"
"445","286526","20220620030000","326","2","臺中市","神岡區","120.690","24.240","444"
"41","286528","20220620030000","352","0","臺中市","豐原區","120.740","24.265","43"
"2459","286530","20220620030000","2345","1","臺中市","清水區","120.570","24.265","2459"
"380","286531","20220620030000","277","2","臺中市","清水區","120.570","24.270","379"
"536","286535","20220620030000","428","2","臺中市","清水區","120.630","24.275","515"
"111","286541","20220620030000","114","0","臺中市","清水區","120.565","24.275","119"
"175","286544","20220620030000","108","3","臺中市","西屯區","120.640","24.190","174"
"307","286547","20220620030000","340","0","臺中市","西屯區","120.645","24.195","303"
"536","286549","20220620030000","206","3","臺中市","西屯區","120.645","24.200","525"
"37","286550","20220620030000","304","0","臺中市","西屯區","120.650","24.200","34"
"18","286551","20220620030000","38","0","臺中市","西屯區","120.650","24.205","17"
"35","286554","20220620030000","420","0","臺中市","神岡區","120.670","24.255","46"
"902","286555","20220620030000","786","1","臺中市","神岡區","120.675","24.255","870"
"1037","286556","20220620030000","564","3","臺中市","神岡區","120.665","24.260","733"
"12","286558","20220620030000","132","0","臺中市","神岡區","120.655","24.265","17"
"377","286561","20220620030000","283","2","臺中市","神岡區","120.665","24.270","339"
"121","286563","20220620030000","41","3","臺中市","神岡區","120.665","24.275","75"
"284","286566","20220620030000","248","1","臺中市","神岡區","120.645","24.265","295"
"38","286569","20220620030000","89","0","臺中市","神岡區","120.650","24.270","33"
"516","286570","20220620030000","317","3","臺中市","神岡區","120.655","24.270","486"
"42","286572","20220620030000","473","0","臺中市","神岡區","120.650","24.275","41"
"562","286574","20220620030000","456","2","臺中市","神岡區","120.660","24.275","477"
"96","286598","20220620030000","79","2","臺中市","和平區","120.895","24.230","113"
"36","286652","20220620030000","29","2","臺中市","和平區","120.905","24.240","35"
"115","286658","20220620030000","87","2","臺中市","和平區","120.935","24.240","131"
"92","286690","20220620030000","74","2","臺中市","和平區","120.900","24.250","78"
"74","286794","20220620030000","59","2","臺中市","和平區","121.015","24.195","55"
"212","286822","20220620030000","149","2","臺中市","和平區","121.005","24.200","190"
"203","286823","20220620030000","328","0","臺中市","和平區","121.010","24.200","167"
"93","286853","20220620030000","163","0","臺中市","和平區","121.015","24.205","118"
"15","286950","20220620030000","10","3","臺中市","和平區","120.965","24.225","15"
"95","287119","20220620030000","94","1","臺中市","和平區","121.010","24.255","98"
"19","287154","20220620030000","11","3","臺中市","和平區","121.000","24.265","20"
"23","287173","20220620030000","15","3","臺中市","和平區","121.015","24.270","19"
"169","287678","20220620030000","145","1","臺中市","和平區","121.245","24.245","152"
"170","287725","20220620030000","102","3","臺中市","和平區","121.245","24.250","176"
"166","287726","20220620030000","132","2","臺中市","和平區","121.250","24.250","162"
"17","287756","20220620030000","16","1","臺中市","和平區","121.165","24.255","20"
"21","287766","20220620030000","11","3","臺中市","和平區","121.215","24.255","21"
"199","287770","20220620030000","127","3","臺中市","和平區","121.235","24.255","207"
"240","287774","20220620030000","183","2","臺中市","和平區","121.255","24.255","167"
"167","287776","20220620030000","129","2","臺中市","和平區","121.265","24.255","167"
"430","287823","20220620030000","326","2","臺中市","和平區","121.260","24.260","440"
"48","288103","20220620030000","29","3","臺中市","和平區","120.890","24.275","52"
"14","288133","20220620030000","14","1","臺中市","和平區","120.945","24.280","10"
"14","288159","20220620030000","18","0","臺中市","和平區","121.025","24.280","18"
"820","288160","20220620030000","774","1","臺中市","清水區","120.555","24.260","784"
"759","288161","20220620030000","760","0","臺中市","清水區","120.560","24.260","774"
"1248","288163","20220620030000","1044","1","臺中市","清水區","120.550","24.265","1281"
"548","288166","20220620030000","1115","0","臺中市","清水區","120.565","24.265","536"
"1413","288169","20220620030000","978","2","臺中市","清水區","120.560","24.275","1390"
"326","288179","20220620030000","333","0","臺中市","清水區","120.605","24.275","338"
"63","288182","20220620030000","137","0","臺中市","清水區","120.600","24.275","47"
"97","288184","20220620030000","69","2","臺中市","清水區","120.610","24.275","98"
"142","288192","20220620030000","142","1","臺中市","潭子區","120.725","24.215","139"
"255","288194","20220620030000","238","1","臺中市","潭子區","120.735","24.215","257"
"482","288198","20220620030000","516","0","臺中市","潭子區","120.720","24.220","473"
"1507","288207","20220620030000","1239","2","臺中市","潭子區","120.680","24.205","1501"
"43","288208","20220620030000","47","0","臺中市","潭子區","120.685","24.205","48"
"534","288209","20220620030000","477","1","臺中市","北屯區","120.690","24.205","518"
"142","288212","20220620030000","65","3","臺中市","潭子區","120.690","24.210","135"
"709","288215","20220620030000","653","1","臺中市","潭子區","120.685","24.215","724"
"1251","288216","20220620030000","1281","0","臺中市","潭子區","120.690","24.215","1233"
"432","288219","20220620030000","417","1","臺中市","潭子區","120.690","24.220","422"
"1540","288223","20220620030000","1238","2","臺中市","潭子區","120.710","24.230","1548"
"249","288224","20220620030000","232","1","臺中市","豐原區","120.715","24.230","259"
"883","288225","20220620030000","581","3","臺中市","潭子區","120.705","24.230","902"
"2094","288228","20220620030000","1226","3","臺中市","神岡區","120.660","24.260","1376"
"956","288232","20220620030000","859","1","臺中市","神岡區","120.700","24.265","946"
"1146","288240","20220620030000","1126","1","臺中市","神岡區","120.710","24.255","1166"
"655","288242","20220620030000","318","3","臺中市","神岡區","120.705","24.260","655"
"102","288243","20220620030000","1094","0","臺中市","神岡區","120.710","24.260","103"
"684","288247","20220620030000","580","1","臺中市","神岡區","120.705","24.275","680"
"429","288250","20220620030000","344","2","臺中市","神岡區","120.710","24.275","421"
"112","288252","20220620030000","99","1","臺中市","西屯區","120.605","24.195","125"
"125","288253","20220620030000","152","0","臺中市","西屯區","120.610","24.195","126"
"36","288259","20220620030000","32","1","臺中市","西屯區","120.600","24.200","35"
"29","288260","20220620030000","23","2","臺中市","西屯區","120.605","24.200","37"
"11","288261","20220620030000","21","0","臺中市","西屯區","120.610","24.200","11"
"724","288262","20220620030000","615","1","臺中市","西屯區","120.615","24.200","751"
"626","288264","20220620030000","380","3","臺中市","西屯區","120.625","24.200","664"
"530","288265","20220620030000","425","2","臺中市","西屯區","120.630","24.200","511"
"22","288267","20220620030000","19","1","臺中市","西屯區","120.595","24.205","19"
"619","288268","20220620030000","317","3","臺中市","西屯區","120.600","24.205","564"
"189","288269","20220620030000","220","0","臺中市","西屯區","120.605","24.205","171"
"145","288270","20220620030000","229","0","臺中市","西屯區","120.610","24.205","152"
"537","288271","20220620030000","483","1","臺中市","西屯區","120.615","24.205","527"
"725","288272","20220620030000","625","1","臺中市","西屯區","120.620","24.205","686"
"11","288275","20220620030000","15","0","臺中市","西屯區","120.600","24.210","11"
"207","288276","20220620030000","177","1","臺中市","西屯區","120.605","24.210","186"
"1038","288277","20220620030000","1017","1","臺中市","西屯區","120.610","24.210","1086"
"3801","288279","20220620030000","3388","1","臺中市","西屯區","120.610","24.190","3820"
"253","288281","20220620030000","106","3","臺中市","西屯區","120.625","24.190","250"
"86","288284","20220620030000","32","3","臺中市","西屯區","120.595","24.195","80"
"118","288287","20220620030000","63","3","臺中市","西屯區","120.655","24.190","123"
"694","288289","20220620030000","263","3","臺中市","西屯區","120.655","24.195","593"
"1210","288290","20220620030000","1023","1","臺中市","西屯區","120.660","24.195","1231"
"407","288291","20220620030000","190","3","臺中市","西屯區","120.655","24.200","378"
"206","288294","20220620030000","179","1","臺中市","西屯區","120.660","24.205","205"
"503","288298","20220620030000","426","1","臺中市","東勢區","120.850","24.240","600"
"288","288299","20220620030000","161","3","臺中市","東勢區","120.845","24.245","516"
"371","288302","20220620030000","480","0","臺中市","東勢區","120.825","24.260","357"
"1013","288304","20220620030000","920","1","臺中市","東勢區","120.825","24.265","1013"
"252","288312","20220620030000","162","3","臺中市","東勢區","120.835","24.230","221"
"17","288317","20220620030000","295","0","臺中市","東勢區","120.840","24.235","337"
"71","288339","20220620030000","40","3","臺中市","東勢區","120.875","24.215","62"
"56","288351","20220620030000","37","3","臺中市","東勢區","120.895","24.220","64"
"124","288382","20220620030000","86","2","臺中市","東勢區","120.865","24.240","131"
"737","288395","20220620030000","424","3","臺中市","沙鹿區","120.560","24.230","750"
"1237","288396","20220620030000","1243","0","臺中市","潭子區","120.710","24.235","1213"
"179","288397","20220620030000","1510","0","臺中市","豐原區","120.715","24.240","196"
"818","288401","20220620030000","1055","0","臺中市","清水區","120.570","24.260","850"
"13","288402","20220620030000","122","0","臺中市","清水區","120.575","24.270","13"
"1797","288403","20220620030000","1983","0","臺中市","清水區","120.580","24.275","1826"
"291","288407","20220620030000","1241","0","臺中市","潭子區","120.700","24.190","281"
"84","288459","20220620030000","65","2","花蓮縣","秀林鄉","121.715","24.245","89"
"95","288610","20220620030000","59","3","花蓮縣","秀林鄉","121.740","24.260","109"
"42","288819","20220620030000","28","3","花蓮縣","秀林鄉","121.485","24.190","28"
"25","288993","20220620030000","24","1","花蓮縣","秀林鄉","121.480","24.205","27"
"17","289039","20220620030000","20","0","花蓮縣","秀林鄉","121.450","24.210","21"
"1274","289851","20220620030000","1267","1","臺中市","大雅區","120.650","24.220","1228"
"566","289852","20220620030000","963","0","臺中市","大雅區","120.655","24.220","536"
"427","289853","20220620030000","236","3","臺中市","大雅區","120.660","24.220","401"
"3682","289854","20220620030000","2550","2","臺中市","大雅區","120.655","24.225","3675"
"109","289855","20220620030000","101","1","臺中市","大雅區","120.660","24.225","116"
"990","289860","20220620030000","962","1","臺中市","大雅區","120.635","24.235","1008"
"1274","289863","20220620030000","1010","2","臺中市","大雅區","120.630","24.240","1315"
"281","289868","20220620030000","261","1","臺中市","大雅區","120.635","24.245","283"
"15","289874","20220620030000","21","0","臺中市","大雅區","120.635","24.255","21"
"1925","289875","20220620030000","1134","3","臺中市","大雅區","120.645","24.230","1898"
"895","289879","20220620030000","691","2","臺中市","大雅區","120.655","24.230","856"
"634","289882","20220620030000","534","1","臺中市","大雅區","120.655","24.235","635"
"319","289884","20220620030000","190","3","臺中市","大雅區","120.645","24.240","304"
"1059","289886","20220620030000","665","3","臺中市","大雅區","120.655","24.240","915"
"253","289893","20220620030000","278","0","臺中市","豐原區","120.735","24.260","274"
"965","289895","20220620030000","353","3","臺中市","豐原區","120.750","24.265","970"
"427","289898","20220620030000","322","2","臺中市","豐原區","120.735","24.265","419"
"125","289907","20220620030000","120","1","臺中市","新社區","120.815","24.240","128"
"33","289909","20220620030000","397","0","臺中市","豐原區","120.720","24.245","31"
"1118","289910","20220620030000","969","1","臺中市","豐原區","120.725","24.245","1096"
"446","289912","20220620030000","446","1","臺中市","大雅區","120.670","24.225","428"
"658","289916","20220620030000","1269","0","臺中市","大雅區","120.650","24.230","662"
"31","289918","20220620030000","221","0","臺中市","大雅區","120.645","24.210","26"
"757","289919","20220620030000","660","1","臺中市","大雅區","120.650","24.210","745"
"258","289920","20220620030000","491","0","臺中市","大雅區","120.650","24.215","250"
"1237","289921","20220620030000","916","2","臺中市","大雅區","120.660","24.230","1192"
"600","289922","20220620030000","636","0","臺中市","大雅區","120.665","24.230","587"
"1740","289923","20220620030000","1656","1","臺中市","大雅區","120.670","24.230","1701"
"436","289927","20220620030000","464","0","臺中市","大雅區","120.675","24.240","454"
"983","289928","20220620030000","798","2","臺中市","東勢區","120.830","24.250","1006"
"702","289929","20220620030000","664","1","臺中市","東勢區","120.835","24.250","727"
"636","289937","20220620030000","482","2","臺中市","石岡區","120.785","24.275","651"
"741","289944","20220620030000","490","3","臺中市","石岡區","120.815","24.260","719"
"45","289946","20220620030000","243","0","臺中市","石岡區","120.805","24.265","55"
"25","289955","20220620030000","268","0","臺中市","石岡區","120.795","24.275","26"
"777","289964","20220620030000","156","3","臺中市","龍井區","120.480","24.210","763"
"181","289976","20220620030000","143","2","臺中市","龍井區","120.485","24.220","175"
"127","289982","20220620030000","105","2","臺中市","龍井區","120.490","24.225","129"
"366","289983","20220620030000","210","3","臺中市","龍井區","120.495","24.225","425"
"40","289992","20220620030000","76","0","臺中市","龍井區","120.490","24.230","53"
"10","289993","20220620030000","135","0","臺中市","龍井區","120.495","24.230","10"
"776","289996","20220620030000","828","0","臺中市","沙鹿區","120.580","24.210","761"
"106","289999","20220620030000","1105","0","臺中市","沙鹿區","120.575","24.215","117"
"429","290000","20220620030000","484","0","臺中市","沙鹿區","120.580","24.215","455"
"239","290001","20220620030000","190","2","臺中市","沙鹿區","120.585","24.215","214"
"1220","290004","20220620030000","913","2","臺中市","沙鹿區","120.570","24.220","1210"
"450","290005","20220620030000","358","2","臺中市","沙鹿區","120.575","24.220","451"
"33","290008","20220620030000","33","1","臺中市","東勢區","120.840","24.190","28"
"80","290010","20220620030000","39","3","臺中市","東勢區","120.835","24.195","77"
"383","290015","20220620030000","277","2","臺中市","東勢區","120.840","24.200","318"
"158","290025","20220620030000","169","0","臺中市","東勢區","120.840","24.210","139"
"717","290046","20220620030000","833","0","臺中市","龍井區","120.545","24.190","720"
"184","290051","20220620030000","178","1","臺中市","潭子區","120.695","24.195","188"
"2009","290052","20220620030000","1770","1","臺中市","潭子區","120.700","24.195","2015"
"77","290182","20220620030000","92","0","南投縣","仁愛鄉","121.260","24.230","71"
"119","290292","20220620030000","85","2","南投縣","仁愛鄉","121.220","24.190","131"
"193","290293","20220620030000","86","3","南投縣","仁愛鄉","121.225","24.190","180"
"54","296900","20220620030000","34","3","宜蘭縣","南澳鄉","121.750","24.320","48"
"324","296924","20220620030000","152","3","宜蘭縣","南澳鄉","121.745","24.330","352"
"638","297399","20220620030000","462","2","臺中市","清水區","120.580","24.280","630"
"1397","297407","20220620030000","1327","1","臺中市","外埔區","120.620","24.335","1360"
"173","297413","20220620030000","118","2","臺中市","神岡區","120.650","24.280","142"
"267","297416","20220620030000","151","3","臺中市","神岡區","120.640","24.285","244"
"63","297422","20220620030000","58","1","臺中市","神岡區","120.640","24.290","71"
"163","297424","20220620030000","125","2","臺中市","神岡區","120.650","24.290","143"
"139","297433","20220620030000","1157","0","臺中市","大甲區","120.620","24.345","147"
"145","297434","20220620030000","148","0","臺中市","梧棲區(海)","120.510","24.280","180"
"35","297444","20220620030000","14","3","臺中市","清水區","120.620","24.285","33"
"83","297446","20220620030000","65","2","臺中市","大甲區","120.640","24.345","101"
"1114","297450","20220620030000","1049","1","臺中市","大甲區","120.630","24.355","1136"
"499","297453","20220620030000","531","0","臺中市","大甲區","120.645","24.355","475"
"29","297457","20220620030000","39","0","臺中市","大甲區","120.650","24.360","32"
"44","297458","20220620030000","291","0","臺中市","大甲區","120.640","24.365","53"
"102","297462","20220620030000","187","0","臺中市","東勢區","120.795","24.295","114"
"134","297485","20220620030000","109","2","臺中市","東勢區","120.785","24.310","128"
"260","297494","20220620030000","258","1","臺中市","東勢區","120.780","24.315","262"
"104","297510","20220620030000","210","0","臺中市","東勢區","120.870","24.280","77"
"109","297533","20220620030000","88","2","臺中市","清水區","120.560","24.310","115"
"13","297539","20220620030000","236","0","臺中市","清水區","120.555","24.305","13"
"189","297540","20220620030000","168","1","臺中市","清水區","120.550","24.310","186"
"458","297546","20220620030000","451","1","臺中市","清水區","120.560","24.320","414"
"11","297575","20220620030000","12","0","臺中市","清水區","120.540","24.300","12"
"166","297586","20220620030000","216","0","臺中市","清水區","120.545","24.305","165"
"173","297618","20220620030000","210","0","臺中市","后里區","120.665","24.305","171"
"518","297627","20220620030000","476","1","臺中市","后里區","120.680","24.310","504"
"171","297639","20220620030000","150","1","臺中市","后里區","120.725","24.285","182"
"292","297645","20220620030000","256","1","臺中市","后里區","120.725","24.290","294"
"276","297646","20220620030000","168","3","臺中市","后里區","120.730","24.290","308"
"107","297647","20220620030000","68","3","臺中市","后里區","120.735","24.290","85"
"165","297648","20220620030000","71","3","臺中市","后里區","120.740","24.290","177"
"264","297654","20220620030000","503","0","臺中市","后里區","120.730","24.295","270"
"48","297656","20220620030000","44","1","臺中市","后里區","120.740","24.295","49"
"193","297659","20220620030000","191","1","臺中市","后里區","120.755","24.295","185"
"53","297664","20220620030000","54","0","臺中市","后里區","120.735","24.300","48"
"717","297671","20220620030000","563","2","臺中市","后里區","120.725","24.305","708"
"57","297672","20220620030000","16","3","臺中市","后里區","120.735","24.305","60"
"619","297689","20220620030000","439","2","臺中市","大安區","120.585","24.365","588"
"1779","297697","20220620030000","1730","1","臺中市","大甲區","120.630","24.350","1728"
"15","297701","20220620030000","16","0","苗栗縣","苑裡鎮","120.700","24.365","16"
"1631","297704","20220620030000","826","3","臺中市","大甲區","120.625","24.350","1664"
"1822","297705","20220620030000","1757","1","臺中市","大甲區","120.620","24.355","1806"
"1887","297706","20220620030000","1025","3","臺中市","大甲區","120.615","24.345","1868"
"740","297725","20220620030000","705","1","臺中市","大甲區","120.635","24.370","712"
"353","297760","20220620030000","296","1","臺中市","清水區","120.605","24.305","348"
"454","297763","20220620030000","419","1","臺中市","清水區","120.605","24.310","460"
"139","297775","20220620030000","1103","0","臺中市","后里區","120.710","24.305","149"
"169","297776","20220620030000","132","2","臺中市","后里區","120.700","24.310","175"
"214","297778","20220620030000","151","2","臺中市","后里區","120.735","24.310","233"
"48","297782","20220620030000","48","1","臺中市","后里區","120.755","24.310","44"
"224","297783","20220620030000","260","0","臺中市","后里區","120.740","24.315","223"
"19","297787","20220620030000","14","2","臺中市","后里區","120.760","24.315","19"
"181","297795","20220620030000","165","1","臺中市","后里區","120.735","24.325","170"
"331","297801","20220620030000","293","1","臺中市","后里區","120.740","24.330","324"
"293","297811","20220620030000","218","2","臺中市","后里區","120.725","24.340","285"
"330","297831","20220620030000","372","0","臺中市","外埔區","120.700","24.345","334"
"634","297868","20220620030000","611","1","臺中市","外埔區","120.645","24.320","601"
"482","297883","20220620030000","396","2","臺中市","外埔區","120.670","24.320","469"
"198","297885","20220620030000","183","1","臺中市","外埔區","120.680","24.320","187"
"849","297886","20220620030000","765","1","臺中市","外埔區","120.665","24.325","895"
"680","297921","20220620030000","447","3","臺中市","外埔區","120.650","24.330","667"
"2039","297922","20220620030000","2097","0","臺中市","外埔區","120.655","24.330","2005"
"2519","297926","20220620030000","2543","0","臺中市","外埔區","120.635","24.340","2493"
"354","297928","20220620030000","332","1","臺中市","外埔區","120.645","24.340","370"
"179","297941","20220620030000","227","0","臺中市","外埔區","120.625","24.320","180"
"356","297947","20220620030000","300","1","臺中市","外埔區","120.630","24.325","351"
"53","297954","20220620030000","39","2","臺中市","外埔區","120.635","24.330","53"
"329","297957","20220620030000","227","2","臺中市","外埔區","120.630","24.335","328"
"282","297959","20220620030000","238","1","臺中市","外埔區","120.685","24.325","290"
"47","297961","20220620030000","67","0","臺中市","外埔區","120.675","24.330","42"
"256","297967","20220620030000","192","2","臺中市","后里區","120.710","24.330","236"
"552","297988","20220620030000","445","2","臺中市","外埔區","120.665","24.340","573"
"425","297992","20220620030000","255","3","臺中市","外埔區","120.685","24.340","436"
"774","297995","20220620030000","892","0","臺中市","大安區","120.585","24.345","788"
"25","298020","20220620030000","19","2","臺中市","大安區","120.570","24.340","22"
"60","298024","20220620030000","87","0","臺中市","大安區","120.570","24.345","95"
"352","298036","20220620030000","292","2","臺中市","大安區","120.590","24.335","334"
"334","298040","20220620030000","420","0","臺中市","大安區","120.590","24.340","329"
"55","298043","20220620030000","685","0","臺中市","大安區","120.605","24.365","53"
"1327","298045","20220620030000","1348","0","臺中市","后里區","120.720","24.310","1326"
"345","298047","20220620030000","402","0","臺中市","后里區","120.720","24.320","300"
"122","298050","20220620030000","746","0","臺中市","后里區","120.725","24.315","120"
"332","298051","20220620030000","293","1","臺中市","后里區","120.730","24.315","338"
"1598","298052","20220620030000","960","3","臺中市","后里區","120.725","24.320","1556"
"108","298053","20220620030000","135","0","臺中市","后里區","120.730","24.320","118"
"38","298054","20220620030000","47","0","臺中市","后里區","120.735","24.320","54"
"69","298056","20220620030000","85","0","臺中市","后里區","120.725","24.325","65"
"880","298059","20220620030000","582","3","臺中市","后里區","120.710","24.310","864"
"161","298060","20220620030000","142","1","臺中市","后里區","120.715","24.310","174"
"330","298062","20220620030000","125","3","臺中市","后里區","120.710","24.315","317"
"176","298066","20220620030000","100","3","臺中市","后里區","120.705","24.320","202"
"56","298069","20220620030000","127","0","臺中市","外埔區","120.695","24.325","21"
"206","298070","20220620030000","264","0","臺中市","后里區","120.700","24.325","206"
"23","298074","20220620030000","21","1","臺中市","后里區","120.705","24.325","19"
"321","298075","20220620030000","346","0","臺中市","后里區","120.710","24.325","317"
"349","298078","20220620030000","292","1","臺中市","后里區","120.705","24.330","321"
"39","298081","20220620030000","216","0","臺中市","后里區","120.745","24.325","25"
"116","298082","20220620030000","95","2","臺中市","后里區","120.750","24.325","108"
"166","298092","20220620030000","129","2","臺中市","后里區","120.680","24.315","137"
"52","298093","20220620030000","40","2","臺中市","后里區","120.685","24.315","58"
"636","298094","20220620030000","533","1","臺中市","后里區","120.690","24.315","627"
"484","298095","20220620030000","344","2","臺中市","后里區","120.695","24.315","514"
"98","298096","20220620030000","111","0","臺中市","外埔區","120.685","24.320","99"
"38","298098","20220620030000","492","0","臺中市","大安區","120.600","24.345","55"
"36","298100","20220620030000","489","0","臺中市","大安區","120.600","24.350","39"
"107","298108","20220620030000","91","1","臺中市","大甲區","120.680","24.365","112"
"254","298116","20220620030000","265","0","臺中市","大甲區","120.675","24.370","259"
"661","298125","20220620030000","731","0","臺中市","大甲區","120.625","24.340","650"
"342","298126","20220620030000","368","0","臺中市","大甲區","120.630","24.340","344"
"159","298128","20220620030000","131","2","臺中市","大甲區","120.620","24.340","164"
"2523","298129","20220620030000","2197","1","臺中市","大甲區","120.625","24.345","2529"
"205","298135","20220620030000","246","0","臺中市","后里區","120.715","24.295","194"
"1291","298141","20220620030000","1536","0","臺中市","后里區","120.715","24.305","1318"
"316","298142","20220620030000","449","0","臺中市","后里區","120.720","24.305","320"
"483","298151","20220620030000","482","1","臺中市","清水區","120.610","24.290","478"
"143","298155","20220620030000","148","0","臺中市","清水區","120.610","24.295","155"
"1064","298159","20220620030000","793","2","臺中市","大甲區","120.615","24.350","1046"
"287","298177","20220620030000","250","1","臺中市","大甲區","120.605","24.325","286"
"255","298178","20220620030000","241","1","臺中市","大甲區","120.595","24.330","253"
"1312","298182","20220620030000","885","2","臺中市","后里區","120.725","24.310","1310"
"128","298183","20220620030000","126","1","臺中市","后里區","120.730","24.305","115"
"391","298184","20220620030000","477","0","臺中市","后里區","120.730","24.310","386"
"35","298185","20220620030000","27","2","臺中市","后里區","120.735","24.315","37"
"105","298202","20220620030000","100","1","臺中市","后里區","120.700","24.285","97"
"19","298208","20220620030000","243","0","臺中市","后里區","120.675","24.290","16"
"360","298213","20220620030000","331","1","臺中市","后里區","120.700","24.290","364"
"25","298360","20220620030000","27","0","臺中市","和平區","121.280","24.305","20"
"503","298427","20220620030000","325","3","臺中市","和平區","121.295","24.315","481"
"101","298504","20220620030000","56","3","臺中市","和平區","121.310","24.325","98"
"144","298630","20220620030000","121","1","臺中市","和平區","121.310","24.335","150"
"88","298631","20220620030000","69","2","臺中市","和平區","121.315","24.335","78"
"66","298723","20220620030000","107","0","臺中市","和平區","121.310","24.345","48"
"174","298770","20220620030000","127","2","臺中市","和平區","121.310","24.350","114"
"10","298772","20220620030000","15","0","臺中市","和平區","121.320","24.350","15"
"59","298818","20220620030000","63","0","臺中市","和平區","121.315","24.355","37"
"31","298866","20220620030000","33","0","臺中市","和平區","121.315","24.360","28"
"21","298968","20220620030000","13","3","臺中市","和平區","121.340","24.370","17"
"25","299078","20220620030000","15","3","臺中市","和平區","121.265","24.285","19"
"18","299174","20220620030000","11","3","臺中市","和平區","121.275","24.295","16"
"78","299584","20220620030000","82","0","臺中市","和平區","120.905","24.290","93"
"58","299602","20220620030000","51","1","臺中市","和平區","120.930","24.295","54"
"56","299659","20220620030000","48","1","臺中市","和平區","120.940","24.300","48"
"70","299703","20220620030000","49","2","臺中市","和平區","120.940","24.310","66"
"19","299761","20220620030000","15","2","臺中市","和平區","120.930","24.325","51"
"100","299779","20220620030000","76","2","臺中市","和平區","120.925","24.325","61"
"114","299781","20220620030000","136","0","臺中市","和平區","120.935","24.325","128"
"11","299796","20220620030000","19","0","臺中市","和平區","120.920","24.330","11"
"1047","299822","20220620030000","1058","0","臺中市","清水區","120.565","24.290","1040"
"39","299823","20220620030000","407","0","臺中市","清水區","120.560","24.295","26"
"48","299826","20220620030000","41","1","臺中市","清水區","120.600","24.280","71"
"23","299828","20220620030000","12","3","臺中市","清水區","120.610","24.280","27"
"93","299830","20220620030000","79","1","臺中市","清水區","120.600","24.285","82"
"659","299831","20220620030000","663","0","臺中市","清水區","120.575","24.285","634"
"547","299835","20220620030000","480","1","臺中市","清水區","120.575","24.300","543"
"88","299845","20220620030000","101","0","臺中市","東勢區","120.790","24.285","100"
"292","299852","20220620030000","247","1","臺中市","東勢區","120.795","24.285","279"
"43","299868","20220620030000","20","3","臺中市","東勢區","120.805","24.300","42"
"183","299869","20220620030000","180","1","臺中市","東勢區","120.810","24.300","165"
"519","299873","20220620030000","392","2","臺中市","清水區","120.555","24.280","521"
"197","299884","20220620030000","978","0","臺中市","清水區","120.540","24.285","158"
"18","299886","20220620030000","290","0","臺中市","清水區","120.525","24.290","21"
"43","299892","20220620030000","36","1","臺中市","清水區","120.520","24.295","41"
"519","299901","20220620030000","428","2","臺中市","清水區","120.630","24.290","519"
"35","299913","20220620030000","38","0","臺中市","清水區","120.630","24.300","39"
"60","299923","20220620030000","103","0","臺中市","清水區","120.580","24.290","63"
"618","299926","20220620030000","535","1","臺中市","清水區","120.590","24.295","606"
"74","300263","20220620030000","55","2","花蓮縣","秀林鄉","121.755","24.300","83"
"253","300401","20220620030000","146","3","花蓮縣","秀林鄉","121.750","24.310","245"
"65","300404","20220620030000","26","3","花蓮縣","秀林鄉","121.765","24.310","43"
"24","300405","20220620030000","13","3","花蓮縣","秀林鄉","121.765","24.305","19"
"11","300877","20220620030000","53","0","苗栗縣","三義鄉","120.740","24.365","11"
"54","300918","20220620030000","37","2","苗栗縣","三義鄉","120.750","24.345","56"
"168","300926","20220620030000","115","2","苗栗縣","三義鄉","120.745","24.350","160"
"107","300935","20220620030000","62","3","苗栗縣","三義鄉","120.750","24.355","94"
"51","300943","20220620030000","28","3","苗栗縣","三義鄉","120.770","24.355","52"
"76","300949","20220620030000","74","1","苗栗縣","三義鄉","120.780","24.360","72"
"218","300971","20220620030000","173","2","苗栗縣","卓蘭鎮","120.835","24.300","217"
"33","300982","20220620030000","27","2","苗栗縣","卓蘭鎮","120.845","24.310","33"
"18","301006","20220620030000","200","0","臺中市","東勢區","120.805","24.280","20"
"292","301007","20220620030000","228","2","臺中市","東勢區","120.810","24.280","284"
"644","301021","20220620030000","518","2","苗栗縣","卓蘭鎮","120.830","24.310","665"
"309","301030","20220620030000","183","3","苗栗縣","卓蘭鎮","120.845","24.320","260"
"236","301060","20220620030000","187","2","苗栗縣","卓蘭鎮","120.810","24.330","278"
"180","301079","20220620030000","159","1","苗栗縣","卓蘭鎮","120.785","24.330","160"
"180","301082","20220620030000","152","1","苗栗縣","卓蘭鎮","120.825","24.330","206"
"42","301093","20220620030000","27","3","苗栗縣","卓蘭鎮","120.805","24.335","41"
"28","301097","20220620030000","20","2","苗栗縣","卓蘭鎮","120.825","24.335","28"
"10","301117","20220620030000","10","1","苗栗縣","苑裡鎮","120.700","24.370","12"
"32","301176","20220620030000","14","3","臺中市","和平區","121.040","24.295","21"
"87","301582","20220620030000","60","2","苗栗縣","泰安鄉","120.965","24.360","109"
"145","301609","20220620030000","93","3","苗栗縣","泰安鄉","120.960","24.370","153"
"116","301629","20220620030000","114","1","苗栗縣","卓蘭鎮","120.860","24.295","115"
"107","301639","20220620030000","53","3","苗栗縣","卓蘭鎮","120.840","24.300","112"
"58","301640","20220620030000","51","1","苗栗縣","卓蘭鎮","120.845","24.300","53"
"63","301669","20220620030000","37","3","苗栗縣","卓蘭鎮","120.880","24.315","61"
"164","301723","20220620030000","168","0","苗栗縣","卓蘭鎮","120.850","24.340","166"
"161","301727","20220620030000","96","3","苗栗縣","卓蘭鎮","120.870","24.340","169"
"110","301752","20220620030000","140","0","苗栗縣","卓蘭鎮","120.825","24.305","120"
"625","301756","20220620030000","573","1","苗栗縣","卓蘭鎮","120.820","24.315","618"
"835","301757","20220620030000","647","2","苗栗縣","卓蘭鎮","120.825","24.315","851"
"14","301775","20220620030000","57","0","苗栗縣","卓蘭鎮","120.855","24.355","120"
"58","301787","20220620030000","34","3","苗栗縣","大湖鄉","120.870","24.360","55"
"19","301816","20220620030000","10","3","苗栗縣","大湖鄉","120.800","24.350","16"
"114","301882","20220620030000","106","1","苗栗縣","大湖鄉","120.875","24.365","109"
"15","308048","20220620030000","18","0","宜蘭縣","南澳鄉","121.765","24.440","16"
"10","308051","20220620030000","11","0","宜蘭縣","南澳鄉","121.780","24.440","13"
"25","308125","20220620030000","19","2","宜蘭縣","南澳鄉","121.775","24.450","26"
"277","308964","20220620030000","245","1","宜蘭縣","南澳鄉","121.750","24.425","284"
"47","309060","20220620030000","54","0","宜蘭縣","南澳鄉","121.750","24.435","36"
"45","309298","20220620030000","20","3","宜蘭縣","大同鄉","121.355","24.395","50"
"441","309501","20220620030000","237","3","宜蘭縣","大同鄉","121.380","24.435","471"
"99","309740","20220620030000","66","3","宜蘭縣","蘇澳鎮","121.805","24.445","98"
"186","309750","20220620030000","162","1","宜蘭縣","蘇澳鎮","121.790","24.455","194"
"103","309853","20220620030000","74","2","臺中市","大甲區","120.640","24.410","89"
"90","309860","20220620030000","834","0","臺中市","大甲區","120.630","24.415","74"
"350","309867","20220620030000","323","1","臺中市","大甲區","120.635","24.390","341"
"56","309881","20220620030000","468","0","臺中市","大甲區","120.635","24.410","65"
"616","309883","20220620030000","605","1","臺中市","大甲區","120.640","24.415","569"
"15","309891","20220620030000","359","0","臺中市","大安區","120.600","24.370","17"
"401","309899","20220620030000","373","1","臺中市","大安區","120.605","24.385","394"
"404","309910","20220620030000","311","2","臺中市","大安區","120.600","24.395","412"
"32","309925","20220620030000","420","0","臺中市","大甲區","120.670","24.380","19"
"17","309935","20220620030000","18","0","臺中市","大甲區","120.665","24.390","13"
"17","309937","20220620030000","362","0","臺中市","大甲區","120.660","24.395","18"
"457","309939","20220620030000","476","0","苗栗縣","苑裡鎮","120.665","24.400","449"
"687","309942","20220620030000","480","2","臺中市","大甲區","120.645","24.400","686"
"1619","309947","20220620030000","1777","0","臺中市","大甲區","120.650","24.405","1535"
"342","309948","20220620030000","441","0","臺中市","大甲區","120.655","24.405","345"
"189","309960","20220620030000","211","0","臺中市","大安區","120.595","24.385","177"
"45","309972","20220620030000","324","0","臺中市","大安區","120.585","24.375","38"
"422","309973","20220620030000","419","1","臺中市","大安區","120.590","24.375","424"
"50","309975","20220620030000","50","1","臺中市","大安區","120.585","24.380","53"
"36","309977","20220620030000","39","0","臺中市","大安區","120.610","24.375","47"
"324","309986","20220620030000","292","1","臺中市","大甲區","120.660","24.370","332"
"1483","310004","20220620030000","1734","0","臺中市","大甲區","120.655","24.380","1486"
"34","310009","20220620030000","1088","0","臺中市","大甲區","120.650","24.390","37"
"400","310033","20220620030000","330","2","臺中市","大甲區","120.615","24.415","392"
"513","310040","20220620030000","499","1","臺中市","大甲區","120.620","24.370","494"
"31","310149","20220620030000","46","0","臺中市","和平區","121.305","24.380","31"
"33","310150","20220620030000","44","0","臺中市","和平區","121.310","24.380","37"
"61","310180","20220620030000","36","3","臺中市","和平區","121.300","24.385","33"
"42","310235","20220620030000","34","2","臺中市","和平區","121.305","24.395","27"
"44","310390","20220620030000","46","0","苗栗縣","三義鄉","120.780","24.385","47"
"171","310395","20220620030000","165","1","苗栗縣","三義鄉","120.750","24.395","184"
"347","310396","20220620030000","288","2","苗栗縣","三義鄉","120.755","24.395","337"
"1874","310412","20220620030000","1685","1","苗栗縣","三義鄉","120.760","24.405","1882"
"409","310415","20220620030000","380","1","苗栗縣","三義鄉","120.765","24.410","414"
"809","310419","20220620030000","926","0","苗栗縣","三義鄉","120.770","24.415","789"
"130","310423","20220620030000","145","0","苗栗縣","三義鄉","120.745","24.370","153"
"21","310429","20220620030000","33","0","苗栗縣","三義鄉","120.770","24.370","26"
"152","310433","20220620030000","128","1","苗栗縣","三義鄉","120.750","24.375","151"
"34","310441","20220620030000","29","1","苗栗縣","三義鄉","120.750","24.380","27"
"71","310450","20220620030000","45","3","苗栗縣","三義鄉","120.755","24.385","64"
"20","310451","20220620030000","166","0","苗栗縣","三義鄉","120.760","24.385","22"
"11","310456","20220620030000","11","1","苗栗縣","三義鄉","120.755","24.390","11"
"87","310458","20220620030000","129","0","苗栗縣","三義鄉","120.760","24.390","70"
"25","310469","20220620030000","41","0","苗栗縣","三義鄉","120.780","24.375","24"
"579","310489","20220620030000","605","0","苗栗縣","三義鄉","120.775","24.420","609"
"138","310506","20220620030000","134","1","苗栗縣","三義鄉","120.770","24.435","135"
"30","310521","20220620030000","39","0","苗栗縣","三義鄉","120.805","24.385","25"
"25","310527","20220620030000","24","1","苗栗縣","三義鄉","120.795","24.390","30"
"16","310542","20220620030000","15","1","苗栗縣","三義鄉","120.775","24.405","15"
"290","310551","20220620030000","288","1","苗栗縣","三義鄉","120.790","24.410","287"
"17","310552","20220620030000","23","0","苗栗縣","三義鄉","120.795","24.410","17"
"135","310580","20220620030000","102","2","苗栗縣","公館鄉","120.860","24.460","147"
"15","310595","20220620030000","19","0","苗栗縣","苑裡鎮","120.660","24.430","19"
"748","310596","20220620030000","586","2","苗栗縣","苑裡鎮","120.665","24.430","763"
"27","310601","20220620030000","226","0","苗栗縣","苑裡鎮","120.710","24.375","522"
"69","310623","20220620030000","69","1","苗栗縣","苑裡鎮","120.695","24.400","78"
"19","310630","20220620030000","11","3","苗栗縣","苑裡鎮","120.670","24.445","18"
"616","310636","20220620030000","423","2","苗栗縣","苑裡鎮","120.660","24.440","596"
"35","310637","20220620030000","40","0","苗栗縣","苑裡鎮","120.655","24.445","34"
"33","310639","20220620030000","16","3","苗栗縣","苑裡鎮","120.665","24.445","16"
"22","310640","20220620030000","15","2","苗栗縣","通霄鎮","120.660","24.450","20"
"517","310644","20220620030000","385","2","苗栗縣","苑裡鎮","120.655","24.450","502"
"37","310647","20220620030000","75","0","苗栗縣","通霄鎮","120.660","24.455","43"
"14","310656","20220620030000","179","0","苗栗縣","三義鄉","120.745","24.395","16"
"18","310670","20220620030000","104","0","苗栗縣","苑裡鎮","120.715","24.410","10"
"73","310685","20220620030000","81","0","苗栗縣","苑裡鎮","120.710","24.420","79"
"43","310688","20220620030000","26","3","苗栗縣","苑裡鎮","120.660","24.435","45"
"265","310695","20220620030000","246","1","苗栗縣","苑裡鎮","120.670","24.405","272"
"192","310698","20220620030000","256","0","苗栗縣","苑裡鎮","120.690","24.410","172"
"89","310699","20220620030000","61","2","苗栗縣","苑裡鎮","120.690","24.415","97"
"37","310721","20220620030000","442","0","苗栗縣","苑裡鎮","120.645","24.435","37"
"105","310722","20220620030000","83","2","苗栗縣","苑裡鎮","120.650","24.435","115"
"572","310727","20220620030000","437","2","苗栗縣","苑裡鎮","120.635","24.445","543"
"11","310729","20220620030000","10","1","苗栗縣","苑裡鎮","120.650","24.415","12"
"440","310730","20220620030000","328","2","苗栗縣","苑裡鎮","120.655","24.415","443"
"296","310737","20220620030000","303","0","苗栗縣","苑裡鎮","120.650","24.425","310"
"228","310752","20220620030000","233","0","苗栗縣","苑裡鎮","120.700","24.435","252"
"32","310755","20220620030000","42","0","苗栗縣","苑裡鎮","120.680","24.440","46"
"329","310758","20220620030000","305","1","苗栗縣","苑裡鎮","120.700","24.385","313"
"246","310763","20220620030000","330","0","苗栗縣","苑裡鎮","120.695","24.395","248"
"29","310766","20220620030000","14","3","苗栗縣","苑裡鎮","120.685","24.405","28"
"1043","310776","20220620030000","1005","1","苗栗縣","大湖鄉","120.870","24.425","1020"
"15","310779","20220620030000","14","1","苗栗縣","大湖鄉","120.885","24.425","16"
"280","310796","20220620030000","212","2","苗栗縣","大湖鄉","120.865","24.400","269"
"45","310800","20220620030000","48","0","苗栗縣","大湖鄉","120.855","24.405","47"
"17","310825","20220620030000","177","0","苗栗縣","大湖鄉","120.900","24.410","16"
"192","310860","20220620030000","115","3","苗栗縣","大湖鄉","120.870","24.405","192"
"12","310881","20220620030000","220","0","苗栗縣","大湖鄉","120.860","24.420","11"
"11","310888","20220620030000","202","0","苗栗縣","苑裡鎮","120.695","24.370","11"
"412","310894","20220620030000","504","0","苗栗縣","苑裡鎮","120.655","24.440","411"
"1102","310905","20220620030000","1023","1","苗栗縣","苑裡鎮","120.680","24.385","1097"
"135","310911","20220620030000","124","1","苗栗縣","苑裡鎮","120.660","24.410","136"
"311","310914","20220620030000","114","3","苗栗縣","苑裡鎮","120.660","24.415","337"
"45","310926","20220620030000","38","1","苗栗縣","苑裡鎮","120.720","24.395","36"
"11","310930","20220620030000","12","0","苗栗縣","苑裡鎮","120.715","24.400","14"
"29","310938","20220620030000","25","1","苗栗縣","苑裡鎮","120.705","24.410","34"
"21","310941","20220620030000","57","0","苗栗縣","苑裡鎮","120.675","24.400","22"
"13","310942","20220620030000","15","0","苗栗縣","苑裡鎮","120.680","24.400","18"
"25","310943","20220620030000","480","0","苗栗縣","苑裡鎮","120.675","24.405","40"
"360","310949","20220620030000","238","3","苗栗縣","苑裡鎮","120.670","24.415","377"
"11","310953","20220620030000","14","0","苗栗縣","苑裡鎮","120.670","24.425","11"
"19","310959","20220620030000","16","1","苗栗縣","苑裡鎮","120.680","24.410","10"
"142","310964","20220620030000","1020","0","苗栗縣","苑裡鎮","120.685","24.415","156"
"211","310996","20220620030000","150","2","苗栗縣","銅鑼鄉","120.810","24.465","204"
"11","310999","20220620030000","21","0","苗栗縣","銅鑼鄉","120.755","24.445","11"
"194","311014","20220620030000","88","3","苗栗縣","銅鑼鄉","120.760","24.460","181"
"44","311016","20220620030000","59","0","苗栗縣","銅鑼鄉","120.770","24.465","44"
"109","311031","20220620030000","64","3","苗栗縣","銅鑼鄉","120.810","24.405","105"
"129","311073","20220620030000","54","3","苗栗縣","銅鑼鄉","120.835","24.420","126"
"18","311089","20220620030000","12","3","苗栗縣","銅鑼鄉","120.765","24.435","16"
"141","311108","20220620030000","148","0","苗栗縣","銅鑼鄉","120.780","24.450","150"
"331","311118","20220620030000","344","0","苗栗縣","銅鑼鄉","120.780","24.465","353"
"1780","311279","20220620030000","2041","0","苗栗縣","苑裡鎮","120.650","24.440","1787"
"162","311280","20220620030000","189","0","苗栗縣","苑裡鎮","120.650","24.445","173"
"15","311281","20220620030000","17","0","苗栗縣","苑裡鎮","120.645","24.445","11"
"346","311283","20220620030000","400","0","苗栗縣","苑裡鎮","120.650","24.450","381"
"71","311310","20220620030000","50","2","苗栗縣","泰安鄉","120.925","24.390","66"
"14","311446","20220620030000","10","2","苗栗縣","泰安鄉","120.980","24.445","11"
"115","311474","20220620030000","96","1","苗栗縣","泰安鄉","120.935","24.420","119"
"224","311478","20220620030000","179","2","苗栗縣","泰安鄉","120.925","24.420","174"
"101","312522","20220620030000","92","1","苗栗縣","泰安鄉","120.925","24.440","112"
"130","312590","20220620030000","113","1","苗栗縣","通霄鎮","120.735","24.410","131"
"152","312624","20220620030000","134","1","苗栗縣","通霄鎮","120.680","24.455","142"
"72","312636","20220620030000","70","1","苗栗縣","通霄鎮","120.690","24.465","90"
"19","312656","20220620030000","27","0","苗栗縣","通霄鎮","120.745","24.440","19"
"111","312664","20220620030000","52","3","苗栗縣","通霄鎮","120.725","24.450","124"
"10","312666","20220620030000","16","0","苗栗縣","通霄鎮","120.735","24.450","12"
"47","312668","20220620030000","108","0","苗栗縣","通霄鎮","120.720","24.425","60"
"55","312670","20220620030000","220","0","苗栗縣","通霄鎮","120.720","24.430","62"
"206","312677","20220620030000","200","1","苗栗縣","通霄鎮","120.715","24.440","200"
"218","312691","20220620030000","228","0","苗栗縣","通霄鎮","120.700","24.455","211"
"40","312717","20220620030000","30","2","苗栗縣","通霄鎮","120.730","24.460","29"
"65","312744","20220620030000","85","0","苗栗縣","大湖鄉","120.865","24.430","65"
"27","312752","20220620030000","166","0","苗栗縣","大湖鄉","120.865","24.435","28"
"56","312778","20220620030000","55","1","苗栗縣","大湖鄉","120.905","24.445","56"
"34","312782","20220620030000","24","2","苗栗縣","大湖鄉","120.880","24.450","39"
"202","312784","20220620030000","167","2","苗栗縣","大湖鄉","120.875","24.455","193"
"56","312785","20220620030000","667","0","苗栗縣","大湖鄉","120.865","24.420","62"
"193","312798","20220620030000","268","0","苗栗縣","大湖鄉","120.900","24.375","203"
"334","312833","20220620030000","292","1","苗栗縣","三義鄉","120.820","24.380","290"
"143","312851","20220620030000","99","2","苗栗縣","大湖鄉","120.865","24.375","153"
"51","312863","20220620030000","191","0","苗栗縣","大湖鄉","120.850","24.385","55"
"29","317431","20220620030000","30","0","宜蘭縣","蘇澳鎮","121.845","24.520","23"
"364","319889","20220620030000","259","2","宜蘭縣","南澳鄉","121.800","24.465","362"
"446","319890","20220620030000","457","0","宜蘭縣","蘇澳鎮","121.805","24.465","437"
"28","319894","20220620030000","20","2","宜蘭縣","南澳鄉","121.810","24.470","15"
"90","320020","20220620030000","67","2","宜蘭縣","蘇澳鎮","121.830","24.515","95"
"12","320043","20220620030000","12","1","宜蘭縣","南澳鄉","121.830","24.530","11"
"23","320054","20220620030000","17","2","宜蘭縣","南澳鄉","121.835","24.535","16"
"32","320069","20220620030000","38","0","宜蘭縣","蘇澳鎮","121.850","24.535","32"
"250","320197","20220620030000","168","2","宜蘭縣","南澳鄉","121.790","24.470","252"
"22","320298","20220620030000","22","1","宜蘭縣","南澳鄉","121.785","24.460","19"
"162","320807","20220620030000","83","3","宜蘭縣","大同鄉","121.430","24.485","171"
"171","320829","20220620030000","117","2","宜蘭縣","大同鄉","121.430","24.490","184"
"108","321192","20220620030000","86","2","宜蘭縣","大同鄉","121.530","24.500","97"
"18","321219","20220620030000","17","1","宜蘭縣","大同鄉","121.530","24.505","15"
"86","321699","20220620030000","58","2","宜蘭縣","大同鄉","121.450","24.530","83"
"13","321804","20220620030000","13","1","宜蘭縣","蘇澳鎮","121.810","24.465","14"
"119","321823","20220620030000","139","0","宜蘭縣","蘇澳鎮","121.840","24.485","178"
"47","321846","20220620030000","30","3","宜蘭縣","蘇澳鎮","121.835","24.510","38"
"216","321850","20220620030000","118","3","宜蘭縣","蘇澳鎮","121.835","24.520","195"
"19","321871","20220620030000","13","2","宜蘭縣","蘇澳鎮","121.870","24.535","10"
"159","321880","20220620030000","72","3","宜蘭縣","蘇澳鎮","121.820","24.460","157"
"12","321882","20220620030000","12","1","宜蘭縣","蘇澳鎮","121.820","24.465","15"
"33","321898","20220620030000","24","2","宜蘭縣","蘇澳鎮","121.825","24.485","24"
"10","322586","20220620030000","15","0","新竹縣","五峰鄉","121.090","24.500","10"
"117","322716","20220620030000","97","2","新竹縣","五峰鄉","121.110","24.525","76"
"28","322717","20220620030000","40","0","新竹縣","五峰鄉","121.115","24.525","17"
"46","322744","20220620030000","22","3","新竹縣","五峰鄉","121.125","24.530","42"
"65","322792","20220620030000","68","0","新竹縣","五峰鄉","121.125","24.540","55"
"12","322897","20220620030000","20","0","新竹縣","五峰鄉","121.130","24.560","10"
"68","322913","20220620030000","416","0","苗栗縣","公館鄉","120.820","24.495","52"
"18","322918","20220620030000","159","0","苗栗縣","公館鄉","120.815","24.510","19"
"189","322920","20220620030000","304","0","苗栗縣","公館鄉","120.815","24.515","190"
"391","322921","20220620030000","336","1","苗栗縣","銅鑼鄉","120.810","24.515","408"
"272","322933","20220620030000","229","1","苗栗縣","公館鄉","120.835","24.510","268"
"387","322941","20220620030000","438","0","苗栗縣","公館鄉","120.835","24.530","427"
"76","322992","20220620030000","56","2","苗栗縣","公館鄉","120.890","24.540","79"
"135","323065","20220620030000","129","1","苗栗縣","公館鄉","120.835","24.500","150"
"154","323078","20220620030000","155","0","苗栗縣","公館鄉","120.835","24.545","164"
"1068","323086","20220620030000","779","2","苗栗縣","公館鄉","120.825","24.510","1073"
"53","323090","20220620030000","737","0","苗栗縣","公館鄉","120.820","24.515","42"
"315","323092","20220620030000","494","0","苗栗縣","公館鄉","120.825","24.520","313"
"412","323094","20220620030000","279","2","苗栗縣","公館鄉","120.825","24.465","440"
"125","323105","20220620030000","189","0","苗栗縣","公館鄉","120.835","24.465","126"
"48","323120","20220620030000","38","2","苗栗縣","公館鄉","120.855","24.475","52"
"437","323126","20220620030000","398","1","苗栗縣","公館鄉","120.825","24.475","451"
"363","323131","20220620030000","471","0","苗栗縣","公館鄉","120.820","24.480","356"
"624","323137","20220620030000","510","2","苗栗縣","公館鄉","120.830","24.485","624"
"531","323139","20220620030000","350","3","苗栗縣","公館鄉","120.825","24.500","527"
"744","323140","20220620030000","805","0","苗栗縣","公館鄉","120.825","24.505","779"
"1184","323143","20220620030000","1418","0","苗栗縣","公館鄉","120.820","24.500","1183"
"456","323150","20220620030000","190","3","苗栗縣","公館鄉","120.830","24.530","454"
"209","323152","20220620030000","156","2","苗栗縣","公館鄉","120.830","24.535","211"
"840","323159","20220620030000","613","2","苗栗縣","公館鄉","120.825","24.530","887"
"167","323161","20220620030000","106","3","苗栗縣","苗栗市","120.835","24.555","179"
"427","323164","20220620030000","631","0","苗栗縣","苗栗市","120.820","24.560","853"
"33","323166","20220620030000","35","0","苗栗縣","通霄鎮","120.695","24.540","26"
"248","323174","20220620030000","113","3","苗栗縣","通霄鎮","120.700","24.550","262"
"232","323187","20220620030000","199","1","苗栗縣","通霄鎮","120.695","24.475","223"
"15","323189","20220620030000","491","0","苗栗縣","通霄鎮","120.685","24.480","17"
"63","323210","20220620030000","52","2","苗栗縣","通霄鎮","120.730","24.490","68"
"19","323218","20220620030000","50","0","苗栗縣","通霄鎮","120.740","24.495","13"
"17","323221","20220620030000","17","1","苗栗縣","通霄鎮","120.750","24.485","17"
"17","323223","20220620030000","11","3","苗栗縣","通霄鎮","120.760","24.485","12"
"92","323237","20220620030000","84","1","苗栗縣","通霄鎮","120.720","24.505","88"
"10","323239","20220620030000","35","0","苗栗縣","通霄鎮","120.730","24.505","15"
"96","323242","20220620030000","67","2","苗栗縣","通霄鎮","120.740","24.505","88"
"51","323248","20220620030000","48","1","苗栗縣","通霄鎮","120.730","24.510","52"
"35","323299","20220620030000","25","2","苗栗縣","南庄鄉","120.960","24.520","24"
"111","323333","20220620030000","130","0","苗栗縣","南庄鄉","120.965","24.535","113"
"17","323356","20220620030000","147","0","苗栗縣","南庄鄉","120.970","24.545","13"
"2410","323391","20220620030000","2147","1","苗栗縣","苗栗市","120.825","24.555","2336"
"19","323392","20220620030000","20","0","苗栗縣","苗栗市","120.820","24.540","22"
"1019","323394","20220620030000","669","3","苗栗縣","苗栗市","120.825","24.545","1007"
"814","323395","20220620030000","1620","0","苗栗縣","苗栗市","120.815","24.550","859"
"69","323396","20220620030000","79","0","苗栗縣","苗栗市","120.820","24.550","76"
"1490","323397","20220620030000","1252","1","苗栗縣","苗栗市","120.815","24.555","1480"
"687","323400","20220620030000","526","2","苗栗縣","苗栗市","120.820","24.555","707"
"200","323402","20220620030000","176","1","苗栗縣","苗栗市","120.830","24.555","201"
"613","323403","20220620030000","326","3","苗栗縣","苗栗市","120.825","24.565","588"
"17","323405","20220620030000","30","0","苗栗縣","苗栗市","120.790","24.525","21"
"113","323411","20220620030000","155","0","苗栗縣","苗栗市","120.785","24.535","93"
"33","323412","20220620030000","33","1","苗栗縣","苗栗市","120.790","24.535","29"
"288","323414","20220620030000","97","3","苗栗縣","苗栗市","120.800","24.535","287"
"39","323530","20220620030000","32","2","苗栗縣","南庄鄉","121.025","24.535","21"
"45","323545","20220620030000","40","1","苗栗縣","南庄鄉","121.030","24.540","22"
"99","323601","20220620030000","64","3","苗栗縣","頭屋鄉","120.855","24.555","99"
"15","323631","20220620030000","49","0","苗栗縣","頭屋鄉","120.870","24.560","21"
"14","323638","20220620030000","14","1","苗栗縣","頭屋鄉","120.905","24.550","11"
"10","323656","20220620030000","10","1","苗栗縣","銅鑼鄉","120.765","24.490","10"
"200","323661","20220620030000","169","1","苗栗縣","銅鑼鄉","120.775","24.495","199"
"25","323663","20220620030000","27","0","苗栗縣","西湖鄉","120.770","24.500","25"
"290","323674","20220620030000","154","3","苗栗縣","銅鑼鄉","120.790","24.470","258"
"329","323678","20220620030000","274","2","苗栗縣","銅鑼鄉","120.790","24.475","345"
"27","323679","20220620030000","39","0","苗栗縣","銅鑼鄉","120.795","24.475","29"
"491","323682","20220620030000","430","1","苗栗縣","銅鑼鄉","120.785","24.480","480"
"481","323683","20220620030000","419","1","苗栗縣","銅鑼鄉","120.790","24.480","494"
"432","323685","20220620030000","549","0","苗栗縣","銅鑼鄉","120.785","24.485","447"
"725","323686","20220620030000","939","0","苗栗縣","銅鑼鄉","120.785","24.490","765"
"53","323691","20220620030000","51","1","苗栗縣","通霄鎮","120.725","24.520","61"
"20","323727","20220620030000","153","0","苗栗縣","通霄鎮","120.675","24.485","22"
"677","323728","20220620030000","645","1","苗栗縣","苗栗市","120.810","24.545","604"
"73","323734","20220620030000","51","2","苗栗縣","西湖鄉","120.790","24.550","62"
"129","323738","20220620030000","141","0","苗栗縣","苗栗市","120.795","24.555","136"
"469","323740","20220620030000","411","1","苗栗縣","苗栗市","120.805","24.555","470"
"369","323743","20220620030000","348","1","苗栗縣","苗栗市","120.800","24.560","350"
"89","323744","20220620030000","240","0","苗栗縣","苗栗市","120.805","24.560","88"
"461","323747","20220620030000","388","1","苗栗縣","苗栗市","120.815","24.530","431"
"1304","323751","20220620030000","1554","0","苗栗縣","苗栗市","120.815","24.540","1333"
"243","323752","20220620030000","139","3","苗栗縣","苗栗市","120.805","24.545","245"
"31","323753","20220620030000","51","0","苗栗縣","苗栗市","120.805","24.550","18"
"49","323763","20220620030000","219","0","苗栗縣","西湖鄉","120.730","24.555","64"
"140","323770","20220620030000","136","1","苗栗縣","西湖鄉","120.745","24.555","154"
"82","323782","20220620030000","76","1","苗栗縣","西湖鄉","120.765","24.520","84"
"174","323800","20220620030000","139","2","苗栗縣","西湖鄉","120.785","24.525","171"
"75","323808","20220620030000","44","3","苗栗縣","西湖鄉","120.745","24.525","83"
"38","323810","20220620030000","79","0","苗栗縣","西湖鄉","120.740","24.530","26"
"32","323815","20220620030000","31","1","苗栗縣","西湖鄉","120.750","24.535","37"
"157","323828","20220620030000","408","0","苗栗縣","通霄鎮","120.680","24.500","156"
"223","323830","20220620030000","478","0","苗栗縣","通霄鎮","120.690","24.500","241"
"144","323838","20220620030000","124","1","苗栗縣","通霄鎮","120.690","24.510","145"
"200","323845","20220620030000","195","1","苗栗縣","通霄鎮","120.695","24.515","191"
"80","323854","20220620030000","73","1","苗栗縣","通霄鎮","120.695","24.530","70"
"10","323864","20220620030000","48","0","苗栗縣","通霄鎮","120.675","24.490","19"
"1237","323865","20220620030000","1992","0","苗栗縣","通霄鎮","120.680","24.490","1266"
"691","323876","20220620030000","602","1","苗栗縣","銅鑼鄉","120.800","24.490","695"
"408","323879","20220620030000","504","0","苗栗縣","銅鑼鄉","120.800","24.495","404"
"248","323881","20220620030000","271","0","苗栗縣","銅鑼鄉","120.810","24.495","271"
"23","323884","20220620030000","167","0","苗栗縣","銅鑼鄉","120.805","24.500","21"
"208","323893","20220620030000","178","1","苗栗縣","銅鑼鄉","120.805","24.510","209"
"52","323896","20220620030000","60","0","苗栗縣","銅鑼鄉","120.810","24.520","49"
"172","323898","20220620030000","144","1","苗栗縣","銅鑼鄉","120.760","24.465","159"
"53","323899","20220620030000","99","0","苗栗縣","銅鑼鄉","120.765","24.465","51"
"183","323904","20220620030000","158","1","苗栗縣","銅鑼鄉","120.770","24.470","173"
"202","323913","20220620030000","216","0","苗栗縣","銅鑼鄉","120.790","24.485","188"
"151","323918","20220620030000","139","1","苗栗縣","銅鑼鄉","120.790","24.505","158"
"101","323920","20220620030000","54","3","苗栗縣","銅鑼鄉","120.785","24.510","99"
"288","323923","20220620030000","320","0","苗栗縣","西湖鄉","120.785","24.515","280"
"44","323948","20220620030000","54","0","苗栗縣","泰安鄉","120.950","24.465","66"
"56","323952","20220620030000","173","0","苗栗縣","泰安鄉","120.970","24.465","53"
"152","323970","20220620030000","150","1","苗栗縣","泰安鄉","120.945","24.470","123"
"84","323976","20220620030000","106","0","苗栗縣","泰安鄉","120.975","24.470","62"
"16","324112","20220620030000","25","0","苗栗縣","獅潭鄉","120.910","24.505","21"
"42","324130","20220620030000","24","3","苗栗縣","獅潭鄉","120.910","24.510","38"
"260","324200","20220620030000","131","3","苗栗縣","獅潭鄉","120.920","24.540","257"
"50","324206","20220620030000","41","2","苗栗縣","獅潭鄉","120.950","24.540","56"
"80","324257","20220620030000","91","0","苗栗縣","獅潭鄉","120.935","24.555","84"
"46","324281","20220620030000","47","0","苗栗縣","獅潭鄉","120.910","24.465","37"
"124","324285","20220620030000","151","0","苗栗縣","獅潭鄉","120.880","24.470","128"
"28","324297","20220620030000","20","2","苗栗縣","獅潭鄉","120.915","24.475","26"
"60","324301","20220620030000","70","0","苗栗縣","獅潭鄉","120.900","24.485","64"
"67","324306","20220620030000","42","3","苗栗縣","獅潭鄉","120.900","24.490","65"
"59","324349","20220620030000","54","1","苗栗縣","泰安鄉","120.945","24.485","60"
"52","324420","20220620030000","40","2","苗栗縣","泰安鄉","121.205","24.465","30"
"17","324615","20220620030000","14","2","苗栗縣","泰安鄉","121.070","24.495","16"
"19","324701","20220620030000","15","2","苗栗縣","通霄鎮","120.705","24.505","20"
"70","324706","20220620030000","51","2","苗栗縣","通霄鎮","120.715","24.510","68"
"70","324721","20220620030000","70","1","苗栗縣","西湖鄉","120.780","24.550","79"
"86","324736","20220620030000","42","3","苗栗縣","西湖鄉","120.755","24.495","97"
"13","324754","20220620030000","10","2","苗栗縣","西湖鄉","120.775","24.530","10"
"47","324766","20220620030000","23","3","苗栗縣","西湖鄉","120.785","24.540","42"
"48","324767","20220620030000","42","1","苗栗縣","西湖鄉","120.755","24.545","53"
"37","324782","20220620030000","32","1","苗栗縣","通霄鎮","120.680","24.465","31"
"453","324784","20220620030000","570","0","苗栗縣","通霄鎮","120.665","24.470","448"
"80","324791","20220620030000","1210","0","苗栗縣","通霄鎮","120.675","24.475","93"
"284","324812","20220620030000","343","0","苗栗縣","通霄鎮","120.710","24.555","272"
"12","324828","20220620030000","15","0","苗栗縣","通霄鎮","120.700","24.500","17"
"31","324833","20220620030000","179","0","苗栗縣","通霄鎮","120.710","24.505","21"
"111","324841","20220620030000","88","2","苗栗縣","通霄鎮","120.705","24.475","104"
"16","324850","20220620030000","27","0","苗栗縣","通霄鎮","120.715","24.480","16"
"48","324851","20220620030000","52","0","苗栗縣","通霄鎮","120.720","24.480","55"
"247","324858","20220620030000","168","2","苗栗縣","通霄鎮","120.720","24.465","247"
"89","324872","20220620030000","76","1","苗栗縣","通霄鎮","120.685","24.485","97"
"43","324877","20220620030000","744","0","苗栗縣","通霄鎮","120.690","24.495","41"
"29","324879","20220620030000","308","0","苗栗縣","通霄鎮","120.695","24.500","25"
"114","328071","20220620030000","89","2","宜蘭縣","蘇澳鎮","121.860","24.600","102"
"73","328073","20220620030000","74","0","宜蘭縣","蘇澳鎮","121.870","24.600","68"
"465","328074","20220620030000","189","3","宜蘭縣","蘇澳鎮","121.880","24.600","335"
"32","328390","20220620030000","24","2","宜蘭縣","蘇澳鎮","121.880","24.605","17"
"295","331880","20220620030000","258","1","宜蘭縣","冬山鄉","121.750","24.645","296"
"18","331921","20220620030000","12","3","宜蘭縣","南澳鄉","121.805","24.555","20"
"1384","332115","20220620030000","1061","2","宜蘭縣","蘇澳鎮","121.865","24.580","1323"
"129","332120","20220620030000","81","3","宜蘭縣","冬山鄉","121.815","24.630","127"
"157","332121","20220620030000","85","3","宜蘭縣","蘇澳鎮","121.820","24.625","143"
"582","332122","20220620030000","568","1","宜蘭縣","冬山鄉","121.810","24.630","588"
"254","332124","20220620030000","163","3","宜蘭縣","冬山鄉","121.820","24.630","253"
"265","332146","20220620030000","241","1","宜蘭縣","冬山鄉","121.710","24.635","249"
"77","332175","20220620030000","91","0","宜蘭縣","冬山鄉","121.765","24.620","84"
"659","332186","20220620030000","559","1","宜蘭縣","冬山鄉","121.770","24.630","652"
"476","332216","20220620030000","521","0","宜蘭縣","冬山鄉","121.785","24.625","479"
"206","332233","20220620030000","224","0","宜蘭縣","冬山鄉","121.730","24.650","210"
"268","332244","20220620030000","161","3","宜蘭縣","冬山鄉","121.805","24.625","281"
"46","332362","20220620030000","28","3","宜蘭縣","大同鄉","121.480","24.575","52"
"62","332385","20220620030000","71","0","宜蘭縣","大同鄉","121.495","24.580","58"
"16","332698","20220620030000","25","0","宜蘭縣","大同鄉","121.685","24.610","18"
"150","332699","20220620030000","118","2","宜蘭縣","大同鄉","121.690","24.610","148"
"23","332745","20220620030000","52","0","宜蘭縣","大同鄉","121.685","24.625","26"
"15","332848","20220620030000","13","1","宜蘭縣","大同鄉","121.635","24.615","17"
"12","332886","20220620030000","10","2","宜蘭縣","大同鄉","121.590","24.630","12"
"55","332889","20220620030000","67","0","宜蘭縣","大同鄉","121.605","24.630","45"
"39","332899","20220620030000","14","3","宜蘭縣","三星鄉","121.605","24.635","30"
"66","332902","20220620030000","68","0","宜蘭縣","大同鄉","121.560","24.640","61"
"81","333040","20220620030000","95","0","宜蘭縣","大同鄉","121.530","24.595","90"
"22","333263","20220620030000","102","0","宜蘭縣","大同鄉","121.540","24.625","35"
"87","333282","20220620030000","67","2","宜蘭縣","大同鄉","121.525","24.630","91"
"66","333370","20220620030000","51","2","宜蘭縣","大同鄉","121.480","24.650","50"
"18","333448","20220620030000","213","0","宜蘭縣","蘇澳鎮","121.865","24.575","10"
"345","333450","20220620030000","469","0","宜蘭縣","蘇澳鎮","121.870","24.580","349"
"434","333451","20220620030000","552","0","宜蘭縣","蘇澳鎮","121.875","24.580","430"
"942","333457","20220620030000","810","1","宜蘭縣","蘇澳鎮","121.855","24.595","922"
"29","333458","20220620030000","52","0","宜蘭縣","蘇澳鎮","121.875","24.600","83"
"11","333460","20220620030000","12","0","宜蘭縣","蘇澳鎮","121.860","24.605","14"
"60","333462","20220620030000","42","2","宜蘭縣","蘇澳鎮","121.870","24.605","45"
"624","333474","20220620030000","347","3","宜蘭縣","蘇澳鎮","121.835","24.590","637"
"1030","333478","20220620030000","1115","0","宜蘭縣","蘇澳鎮","121.835","24.595","1006"
"333","333479","20220620030000","284","1","宜蘭縣","蘇澳鎮","121.840","24.595","316"
"160","333488","20220620030000","107","2","宜蘭縣","蘇澳鎮","121.835","24.605","163"
"47","333492","20220620030000","46","1","宜蘭縣","蘇澳鎮","121.830","24.610","46"
"642","333495","20220620030000","458","2","宜蘭縣","蘇澳鎮","121.830","24.615","648"
"702","333504","20220620030000","601","1","宜蘭縣","五結鄉","121.835","24.650","729"
"353","333511","20220620030000","234","3","宜蘭縣","冬山鄉","121.795","24.640","366"
"49","333515","20220620030000","40","2","宜蘭縣","冬山鄉","121.780","24.650","47"
"218","333516","20220620030000","145","3","宜蘭縣","冬山鄉","121.785","24.650","208"
"638","333519","20220620030000","537","1","宜蘭縣","蘇澳鎮","121.835","24.620","649"
"1709","333520","20220620030000","1497","1","宜蘭縣","蘇澳鎮","121.840","24.620","1713"
"121","333521","20220620030000","87","2","宜蘭縣","蘇澳鎮","121.845","24.620","100"
"539","333522","20220620030000","358","3","宜蘭縣","蘇澳鎮","121.835","24.625","539"
"32","333545","20220620030000","38","0","宜蘭縣","蘇澳鎮","121.845","24.565","33"
"170","333557","20220620030000","146","1","宜蘭縣","蘇澳鎮","121.840","24.575","166"
"21","333558","20220620030000","14","3","宜蘭縣","蘇澳鎮","121.845","24.575","24"
"172","333564","20220620030000","247","0","宜蘭縣","蘇澳鎮","121.855","24.605","218"
"88","333566","20220620030000","75","1","宜蘭縣","蘇澳鎮","121.850","24.610","94"
"537","333569","20220620030000","473","1","宜蘭縣","蘇澳鎮","121.850","24.615","543"
"450","333653","20220620030000","399","1","宜蘭縣","三星鄉","121.615","24.650","431"
"667","333661","20220620030000","518","2","宜蘭縣","冬山鄉","121.805","24.640","649"
"131","333695","20220620030000","78","3","宜蘭縣","蘇澳鎮","121.850","24.575","136"
"24","333704","20220620030000","19","2","宜蘭縣","蘇澳鎮","121.845","24.580","16"
"34","333737","20220620030000","24","2","宜蘭縣","蘇澳鎮","121.815","24.610","19"
"146","333739","20220620030000","141","1","宜蘭縣","蘇澳鎮","121.815","24.615","143"
"56","333741","20220620030000","41","2","宜蘭縣","蘇澳鎮","121.825","24.615","58"
"403","333742","20220620030000","326","2","宜蘭縣","蘇澳鎮","121.815","24.620","409"
"245","333747","20220620030000","120","3","宜蘭縣","蘇澳鎮","121.830","24.625","242"
"995","333751","20220620030000","875","1","宜蘭縣","冬山鄉","121.765","24.650","973"
"262","333753","20220620030000","381","0","宜蘭縣","冬山鄉","121.795","24.630","272"
"660","333754","20220620030000","508","2","宜蘭縣","冬山鄉","121.800","24.630","681"
"37","333764","20220620030000","38","0","宜蘭縣","冬山鄉","121.725","24.625","40"
"26","333769","20220620030000","21","2","宜蘭縣","冬山鄉","121.750","24.625","24"
"35","333770","20220620030000","21","3","宜蘭縣","冬山鄉","121.760","24.625","37"
"18","333774","20220620030000","65","0","宜蘭縣","冬山鄉","121.740","24.630","17"
"138","333781","20220620030000","159","0","宜蘭縣","冬山鄉","121.750","24.635","142"
"208","333789","20220620030000","151","2","宜蘭縣","冬山鄉","121.765","24.640","208"
"39","333791","20220620030000","69","0","宜蘭縣","冬山鄉","121.760","24.645","49"
"884","333802","20220620030000","679","2","宜蘭縣","冬山鄉","121.790","24.635","912"
"1292","333804","20220620030000","985","2","宜蘭縣","冬山鄉","121.795","24.635","1298"
"999","333809","20220620030000","336","3","宜蘭縣","蘇澳鎮","121.835","24.640","951"
"63","333810","20220620030000","77","0","宜蘭縣","蘇澳鎮","121.840","24.640","62"
"689","333814","20220620030000","593","1","宜蘭縣","蘇澳鎮","121.830","24.630","678"
"670","333818","20220620030000","444","3","宜蘭縣","蘇澳鎮","121.830","24.640","671"
"700","333821","20220620030000","599","1","宜蘭縣","蘇澳鎮","121.830","24.645","682"
"14","333875","20220620030000","10","2","新竹縣","北埔鄉","121.060","24.635","12"
"12","333893","20220620030000","10","2","新竹縣","北埔鄉","121.065","24.645","16"
"59","333899","20220620030000","51","1","新竹縣","竹東鎮","121.095","24.645","56"
"129","334213","20220620030000","65","3","新竹縣","尖石鄉","121.340","24.650","136"
"80","334309","20220620030000","57","2","新竹縣","尖石鄉","121.310","24.570","65"
"85","334366","20220620030000","71","1","新竹縣","尖石鄉","121.305","24.580","85"
"65","334372","20220620030000","49","2","新竹縣","尖石鄉","121.335","24.580","54"
"27","334487","20220620030000","32","0","新竹縣","尖石鄉","121.290","24.605","29"
"262","334532","20220620030000","198","2","新竹縣","尖石鄉","121.295","24.610","217"
"43","334547","20220620030000","41","1","新竹縣","尖石鄉","121.285","24.615","37"
"23","334623","20220620030000","19","2","新竹縣","尖石鄉","121.275","24.640","31"
"34","334698","20220620030000","33","1","新竹縣","峨眉鄉","121.025","24.655","36"
"115","334723","20220620030000","72","3","宜蘭縣","蘇澳鎮","121.840","24.590","123"
"50","334725","20220620030000","63","0","宜蘭縣","蘇澳鎮","121.850","24.590","65"
"705","334726","20220620030000","687","1","宜蘭縣","蘇澳鎮","121.845","24.595","714"
"32","334737","20220620030000","29","1","新竹縣","五峰鄉","121.090","24.605","22"
"29","334763","20220620030000","22","2","新竹縣","五峰鄉","121.105","24.615","32"
"21","334770","20220620030000","24","0","新竹縣","五峰鄉","121.085","24.625","28"
"120","334783","20220620030000","96","2","新竹縣","五峰鄉","121.120","24.630","141"
"376","334790","20220620030000","347","1","新竹縣","五峰鄉","121.100","24.640","352"
"25","334829","20220620030000","14","3","新竹縣","五峰鄉","121.090","24.565","24"
"12","334833","20220620030000","10","2","新竹縣","五峰鄉","121.110","24.565","12"
"84","334868","20220620030000","41","3","新竹縣","五峰鄉","121.105","24.580","83"
"25","334869","20220620030000","12","3","新竹縣","五峰鄉","121.110","24.580","17"
"75","334891","20220620030000","50","3","新竹縣","五峰鄉","121.115","24.590","83"
"99","334969","20220620030000","70","2","新竹縣","五峰鄉","121.125","24.590","73"
"46","335076","20220620030000","18","3","新竹縣","五峰鄉","121.155","24.610","36"
"60","335109","20220620030000","34","3","新竹縣","五峰鄉","121.110","24.620","66"
"20","335134","20220620030000","16","2","新竹縣","五峰鄉","121.145","24.625","27"
"83","335187","20220620030000","53","3","新竹縣","五峰鄉","121.150","24.645","72"
"110","335195","20220620030000","68","3","新竹縣","竹東鎮","121.125","24.650","96"
"24","335200","20220620030000","61","0","新竹縣","五峰鄉","121.150","24.650","36"
"124","335230","20220620030000","82","3","新竹縣","五峰鄉","121.180","24.655","136"
"193","335366","20220620030000","127","3","桃園市","復興區","121.400","24.640","130"
"24","335480","20220620030000","26","0","苗栗縣","三灣鄉","120.960","24.610","22"
"88","335520","20220620030000","83","1","苗栗縣","三灣鄉","120.925","24.640","86"
"222","335553","20220620030000","251","0","苗栗縣","三灣鄉","121.005","24.645","231"
"78","335569","20220620030000","919","0","苗栗縣","三灣鄉","120.955","24.650","88"
"39","335581","20220620030000","29","2","苗栗縣","三灣鄉","120.945","24.655","40"
"131","335594","20220620030000","60","3","苗栗縣","三灣鄉","120.975","24.645","125"
"187","335619","20220620030000","135","2","苗栗縣","三灣鄉","120.905","24.625","191"
"366","335630","20220620030000","262","2","苗栗縣","後龍鎮","120.770","24.615","363"
"73","335632","20220620030000","59","2","苗栗縣","後龍鎮","120.765","24.620","74"
"556","335635","20220620030000","660","0","苗栗縣","後龍鎮","120.780","24.620","552"
"33","335639","20220620030000","590","0","苗栗縣","後龍鎮","120.780","24.625","37"
"424","335647","20220620030000","544","0","苗栗縣","苗栗市","120.830","24.560","423"
"245","335648","20220620030000","204","2","苗栗縣","苗栗市","120.835","24.560","251"
"784","335652","20220620030000","651","2","苗栗縣","苗栗市","120.825","24.585","790"
"102","335655","20220620030000","129","0","苗栗縣","苗栗市","120.815","24.595","114"
"141","335657","20220620030000","123","1","苗栗縣","苗栗市","120.825","24.595","171"
"769","335658","20220620030000","312","3","苗栗縣","苗栗市","120.825","24.575","804"
"1618","335660","20220620030000","1553","1","苗栗縣","苗栗市","120.825","24.580","1603"
"258","335662","20220620030000","245","1","苗栗縣","苗栗市","120.810","24.560","284"
"1621","335663","20220620030000","2130","0","苗栗縣","苗栗市","120.815","24.560","1634"
"180","335666","20220620030000","231","0","苗栗縣","通霄鎮","120.715","24.560","171"
"120","335669","20220620030000","99","2","苗栗縣","通霄鎮","120.715","24.565","52"
"101","335671","20220620030000","99","1","苗栗縣","通霄鎮","120.710","24.570","114"
"161","335675","20220620030000","242","0","苗栗縣","通霄鎮","120.710","24.565","152"
"118","335689","20220620030000","127","0","苗栗縣","南庄鄉","121.005","24.615","128"
"152","335701","20220620030000","87","3","苗栗縣","南庄鄉","121.010","24.635","168"
"1765","335706","20220620030000","1881","0","苗栗縣","苗栗市","120.820","24.565","1774"
"96","335707","20220620030000","909","0","苗栗縣","苗栗市","120.820","24.570","109"
"346","335708","20220620030000","417","0","苗栗縣","苗栗市","120.820","24.575","331"
"474","335717","20220620030000","421","1","苗栗縣","後龍鎮","120.775","24.650","470"
"23","335748","20220620030000","293","0","苗栗縣","南庄鄉","120.985","24.635","16"
"1056","335753","20220620030000","610","3","苗栗縣","苗栗市","120.830","24.575","1053"
"261","335754","20220620030000","138","3","苗栗縣","苗栗市","120.830","24.580","269"
"66","335762","20220620030000","1862","0","苗栗縣","苗栗市","120.830","24.570","63"
"1029","335763","20220620030000","807","2","苗栗縣","苗栗市","120.835","24.570","1057"
"24","335766","20220620030000","148","0","苗栗縣","苗栗市","120.840","24.575","25"
"487","335767","20220620030000","273","3","苗栗縣","苗栗市","120.835","24.580","482"
"290","335776","20220620030000","296","0","苗栗縣","頭屋鄉","120.845","24.595","295"
"51","335787","20220620030000","38","2","苗栗縣","頭屋鄉","120.860","24.570","59"
"301","335795","20220620030000","181","3","苗栗縣","頭屋鄉","120.855","24.580","302"
"175","335796","20220620030000","176","0","苗栗縣","頭屋鄉","120.860","24.580","189"
"14","335799","20220620030000","283","0","苗栗縣","頭屋鄉","120.875","24.580","18"
"26","335801","20220620030000","246","0","苗栗縣","頭屋鄉","120.850","24.570","34"
"60","335802","20220620030000","50","2","苗栗縣","頭屋鄉","120.855","24.570","61"
"421","335804","20220620030000","398","1","苗栗縣","頭屋鄉","120.850","24.575","436"
"73","335805","20220620030000","234","0","苗栗縣","頭屋鄉","120.855","24.575","62"
"130","335817","20220620030000","124","1","苗栗縣","後龍鎮","120.730","24.590","102"
"142","335832","20220620030000","130","1","苗栗縣","後龍鎮","120.735","24.605","148"
"23","335884","20220620030000","40","0","苗栗縣","南庄鄉","121.000","24.570","17"
"148","335931","20220620030000","166","0","苗栗縣","南庄鄉","121.015","24.595","141"
"425","335948","20220620030000","384","1","苗栗縣","南庄鄉","120.955","24.640","407"
"355","335954","20220620030000","341","1","苗栗縣","南庄鄉","121.000","24.600","341"
"419","335959","20220620030000","394","1","苗栗縣","南庄鄉","121.000","24.605","368"
"29","336014","20220620030000","31","0","苗栗縣","南庄鄉","121.035","24.585","38"
"13","336050","20220620030000","119","0","苗栗縣","南庄鄉","121.040","24.600","17"
"182","336097","20220620030000","167","1","苗栗縣","南庄鄉","121.035","24.620","172"
"53","336103","20220620030000","42","2","苗栗縣","南庄鄉","121.020","24.620","48"
"26","336149","20220620030000","187","0","苗栗縣","頭屋鄉","120.890","24.585","24"
"158","336180","20220620030000","141","1","苗栗縣","頭屋鄉","120.885","24.600","156"
"193","336185","20220620030000","209","0","苗栗縣","頭屋鄉","120.845","24.560","226"
"18","336218","20220620030000","23","0","苗栗縣","頭屋鄉","120.895","24.570","12"
"42","336244","20220620030000","318","0","苗栗縣","頭份鎮","120.880","24.645","39"
"167","336248","20220620030000","171","0","苗栗縣","頭份鎮","120.880","24.650","204"
"483","336249","20220620030000","395","2","苗栗縣","頭份鎮","120.885","24.650","485"
"11","336255","20220620030000","12","0","苗栗縣","頭份鎮","120.895","24.650","11"
"733","336266","20220620030000","762","0","苗栗縣","後龍鎮","120.785","24.610","759"
"312","336274","20220620030000","295","1","苗栗縣","後龍鎮","120.820","24.615","325"
"46","336275","20220620030000","20","3","苗栗縣","後龍鎮","120.825","24.615","45"
"574","336278","20220620030000","525","1","苗栗縣","後龍鎮","120.810","24.620","556"
"156","336282","20220620030000","165","0","苗栗縣","造橋鄉","120.815","24.625","154"
"1925","336283","20220620030000","1381","2","苗栗縣","苗栗市","120.810","24.565","1961"
"1488","336284","20220620030000","989","3","苗栗縣","苗栗市","120.815","24.565","1637"
"195","336285","20220620030000","166","1","苗栗縣","苗栗市","120.805","24.570","189"
"18","336287","20220620030000","324","0","苗栗縣","苗栗市","120.815","24.570","21"
"67","336288","20220620030000","68","0","苗栗縣","苗栗市","120.810","24.575","67"
"404","336292","20220620030000","384","1","苗栗縣","苗栗市","120.810","24.585","407"
"177","336295","20220620030000","152","1","苗栗縣","苗栗市","120.810","24.590","183"
"13","336306","20220620030000","12","1","苗栗縣","苗栗市","120.790","24.570","18"
"26","336318","20220620030000","17","3","苗栗縣","苗栗市","120.795","24.580","22"
"40","336323","20220620030000","38","1","苗栗縣","苗栗市","120.795","24.585","34"
"478","336331","20220620030000","1059","0","苗栗縣","苗栗市","120.825","24.570","489"
"85","336352","20220620030000","594","0","苗栗縣","後龍鎮","120.805","24.645","105"
"151","336359","20220620030000","99","3","苗栗縣","後龍鎮","120.805","24.650","156"
"2001","336369","20220620030000","1436","2","苗栗縣","後龍鎮","120.790","24.610","2021"
"82","336376","20220620030000","413","0","苗栗縣","後龍鎮","120.810","24.610","89"
"133","336382","20220620030000","138","0","苗栗縣","後龍鎮","120.800","24.625","126"
"164","336386","20220620030000","112","2","苗栗縣","後龍鎮","120.800","24.630","133"
"326","336390","20220620030000","216","3","苗栗縣","後龍鎮","120.800","24.635","304"
"74","336395","20220620030000","69","1","苗栗縣","後龍鎮","120.825","24.605","79"
"188","336400","20220620030000","202","0","苗栗縣","後龍鎮","120.825","24.610","166"
"34","336426","20220620030000","357","0","苗栗縣","造橋鄉","120.890","24.620","375"
"86","336440","20220620030000","79","1","苗栗縣","造橋鄉","120.925","24.600","75"
"80","336466","20220620030000","47","3","苗栗縣","造橋鄉","120.910","24.620","76"
"35","336470","20220620030000","99","0","苗栗縣","造橋鄉","120.865","24.605","33"
"70","336492","20220620030000","70","1","苗栗縣","造橋鄉","120.855","24.620","65"
"17","336494","20220620030000","16","1","苗栗縣","造橋鄉","120.865","24.620","23"
"23","336501","20220620030000","151","0","苗栗縣","造橋鄉","120.865","24.630","21"
"32","336504","20220620030000","23","2","苗栗縣","造橋鄉","120.860","24.645","36"
"253","336507","20220620030000","187","2","苗栗縣","造橋鄉","120.870","24.650","263"
"291","336511","20220620030000","110","3","苗栗縣","造橋鄉","120.860","24.655","302"
"101","336512","20220620030000","62","3","苗栗縣","造橋鄉","120.865","24.655","158"
"202","336520","20220620030000","87","3","苗栗縣","造橋鄉","120.850","24.645","217"
"237","336523","20220620030000","217","1","苗栗縣","造橋鄉","120.845","24.650","228"
"176","336526","20220620030000","187","0","苗栗縣","造橋鄉","120.840","24.650","178"
"27","336528","20220620030000","32","0","苗栗縣","造橋鄉","120.850","24.650","29"
"77","336531","20220620030000","96","0","苗栗縣","造橋鄉","120.855","24.655","70"
"179","336542","20220620030000","201","0","苗栗縣","造橋鄉","120.840","24.610","187"
"48","336546","20220620030000","27","3","苗栗縣","造橋鄉","120.840","24.615","49"
"132","336556","20220620030000","102","2","苗栗縣","造橋鄉","120.840","24.625","131"
"32","336559","20220620030000","32","1","苗栗縣","造橋鄉","120.855","24.625","43"
"53","336569","20220620030000","47","1","苗栗縣","造橋鄉","120.860","24.640","62"
"300","336572","20220620030000","333","0","苗栗縣","造橋鄉","120.875","24.640","298"
"224","336573","20220620030000","137","3","苗栗縣","造橋鄉","120.865","24.645","220"
"92","336574","20220620030000","88","1","苗栗縣","造橋鄉","120.870","24.645","82"
"50","336587","20220620030000","31","3","苗栗縣","造橋鄉","120.820","24.630","43"
"29","336604","20220620030000","25","1","苗栗縣","造橋鄉","120.840","24.645","25"
"127","336605","20220620030000","45","3","苗栗縣","造橋鄉","120.830","24.650","140"
"60","336610","20220620030000","57","1","苗栗縣","造橋鄉","120.840","24.655","69"
"272","336662","20220620030000","221","2","苗栗縣","獅潭鄉","120.940","24.590","271"
"1257","336672","20220620030000","892","2","苗栗縣","頭份鎮","120.890","24.625","1263"
"269","336679","20220620030000","229","1","苗栗縣","頭份鎮","120.885","24.635","268"
"197","336689","20220620030000","88","3","苗栗縣","頭份鎮","120.885","24.645","207"
"16","336694","20220620030000","14","1","苗栗縣","頭份鎮","120.905","24.650","18"
"156","336696","20220620030000","93","3","苗栗縣","後龍鎮","120.815","24.635","153"
"180","336716","20220620030000","153","1","苗栗縣","後龍鎮","120.765","24.590","166"
"144","336717","20220620030000","73","3","苗栗縣","後龍鎮","120.750","24.595","153"
"206","336734","20220620030000","149","2","苗栗縣","後龍鎮","120.760","24.635","190"
"22","336737","20220620030000","28","0","苗栗縣","後龍鎮","120.775","24.635","28"
"128","336741","20220620030000","133","0","苗栗縣","後龍鎮","120.770","24.640","127"
"416","336749","20220620030000","411","1","苗栗縣","後龍鎮","120.825","24.600","394"
"191","336751","20220620030000","293","0","苗栗縣","後龍鎮","120.815","24.605","178"
"144","336767","20220620030000","158","0","苗栗縣","後龍鎮","120.790","24.590","128"
"41","336777","20220620030000","325","0","苗栗縣","後龍鎮","120.780","24.600","47"
"201","336816","20220620030000","313","0","苗栗縣","西湖鄉","120.755","24.560","212"
"365","336818","20220620030000","307","1","苗栗縣","西湖鄉","120.755","24.565","355"
"39","336841","20220620030000","619","0","苗栗縣","後龍鎮","120.790","24.615","29"
"242","336849","20220620030000","233","1","苗栗縣","後龍鎮","120.735","24.570","238"
"64","336860","20220620030000","61","1","苗栗縣","後龍鎮","120.715","24.585","62"
"79","336867","20220620030000","63","2","苗栗縣","後龍鎮","120.725","24.590","60"
"16","336873","20220620030000","12","2","苗栗縣","後龍鎮","120.725","24.600","12"
"1149","345384","20220620030000","841","2","宜蘭縣","員山鄉","121.730","24.730","1138"
"748","345386","20220620030000","432","3","宜蘭縣","冬山鄉","121.750","24.655","729"
"1004","345394","20220620030000","833","2","宜蘭縣","員山鄉","121.725","24.740","1004"
"924","345398","20220620030000","718","2","宜蘭縣","員山鄉","121.725","24.745","1025"
"184","345405","20220620030000","161","1","宜蘭縣","員山鄉","121.705","24.730","198"
"289","345413","20220620030000","95","3","宜蘭縣","員山鄉","121.715","24.735","289"
"400","345414","20220620030000","378","1","宜蘭縣","員山鄉","121.720","24.735","372"
"21","345418","20220620030000","713","0","宜蘭縣","宜蘭市","121.760","24.755","21"
"887","345419","20220620030000","1325","0","宜蘭縣","宜蘭市","121.755","24.755","866"
"302","345420","20220620030000","232","2","宜蘭縣","員山鄉","121.730","24.710","286"
"663","345431","20220620030000","474","2","宜蘭縣","宜蘭市","121.740","24.725","642"
"61","345442","20220620030000","50","2","宜蘭縣","員山鄉","121.630","24.690","60"
"20","345460","20220620030000","36","0","宜蘭縣","員山鄉","121.645","24.700","24"
"103","345472","20220620030000","77","2","宜蘭縣","員山鄉","121.645","24.705","100"
"57","345493","20220620030000","60","0","宜蘭縣","員山鄉","121.665","24.710","67"
"42","345545","20220620030000","38","1","宜蘭縣","員山鄉","121.680","24.715","34"
"333","345546","20220620030000","247","2","宜蘭縣","員山鄉","121.685","24.715","352"
"424","345550","20220620030000","306","2","宜蘭縣","員山鄉","121.685","24.720","421"
"1022","345564","20220620030000","689","2","宜蘭縣","冬山鄉","121.705","24.655","1000"
"486","345567","20220620030000","259","3","宜蘭縣","冬山鄉","121.745","24.670","487"
"28","345571","20220620030000","466","0","宜蘭縣","羅東鎮","121.750","24.685","29"
"426","345575","20220620030000","279","3","宜蘭縣","冬山鄉","121.735","24.660","416"
"498","345579","20220620030000","384","2","宜蘭縣","冬山鄉","121.745","24.665","485"
"592","345580","20220620030000","197","3","宜蘭縣","冬山鄉","121.750","24.670","604"
"423","345593","20220620030000","278","3","宜蘭縣","冬山鄉","121.735","24.680","389"
"330","345596","20220620030000","200","3","宜蘭縣","冬山鄉","121.730","24.685","319"
"519","345600","20220620030000","136","3","宜蘭縣","冬山鄉","121.740","24.690","529"
"297","345608","20220620030000","209","2","宜蘭縣","壯圍鄉","121.780","24.725","307"
"633","345621","20220620030000","244","3","宜蘭縣","宜蘭市","121.755","24.765","615"
"213","345623","20220620030000","267","0","宜蘭縣","三星鄉","121.685","24.700","230"
"276","345646","20220620030000","204","2","宜蘭縣","五結鄉","121.775","24.700","273"
"50","345649","20220620030000","261","0","宜蘭縣","五結鄉","121.790","24.700","37"
"311","345652","20220620030000","209","2","宜蘭縣","五結鄉","121.785","24.705","342"
"306","345678","20220620030000","250","2","宜蘭縣","三星鄉","121.675","24.685","306"
"384","345685","20220620030000","244","3","宜蘭縣","三星鄉","121.670","24.690","315"
"30","345695","20220620030000","150","0","宜蘭縣","三星鄉","121.685","24.695","34"
"261","345711","20220620030000","192","2","宜蘭縣","三星鄉","121.630","24.665","268"
"911","345715","20220620030000","980","0","宜蘭縣","宜蘭市","121.755","24.760","889"
"499","345716","20220620030000","328","3","宜蘭縣","三星鄉","121.655","24.670","535"
"1366","345720","20220620030000","1169","1","宜蘭縣","三星鄉","121.650","24.665","1406"
"934","345726","20220620030000","985","0","宜蘭縣","壯圍鄉","121.815","24.760","938"
"225","345731","20220620030000","208","1","宜蘭縣","大同鄉","121.600","24.675","200"
"193","345738","20220620030000","118","3","宜蘭縣","大同鄉","121.610","24.680","183"
"114","345857","20220620030000","102","1","宜蘭縣","大同鄉","121.580","24.655","115"
"190","345897","20220620030000","116","3","宜蘭縣","大同鄉","121.590","24.665","160"
"35","345918","20220620030000","41","0","宜蘭縣","大同鄉","121.590","24.670","22"
"400","345998","20220620030000","418","0","宜蘭縣","宜蘭市","121.745","24.760","391"
"423","346004","20220620030000","417","1","宜蘭縣","壯圍鄉","121.820","24.725","430"
"510","346010","20220620030000","472","1","宜蘭縣","員山鄉","121.685","24.730","515"
"402","346029","20220620030000","171","3","宜蘭縣","員山鄉","121.705","24.710","411"
"138","346033","20220620030000","96","2","宜蘭縣","員山鄉","121.725","24.710","120"
"1155","346041","20220620030000","680","3","宜蘭縣","員山鄉","121.720","24.725","1146"
"327","346048","20220620030000","208","3","宜蘭縣","員山鄉","121.700","24.745","315"
"25","346150","20220620030000","23","1","宜蘭縣","員山鄉","121.670","24.745","23"
"298","346153","20220620030000","211","2","宜蘭縣","員山鄉","121.685","24.745","296"
"22","346184","20220620030000","28","0","宜蘭縣","員山鄉","121.640","24.755","29"
"227","346231","20220620030000","134","3","宜蘭縣","冬山鄉","121.790","24.655","237"
"482","346234","20220620030000","393","2","宜蘭縣","冬山鄉","121.805","24.655","483"
"669","346247","20220620030000","590","1","宜蘭縣","羅東鎮","121.775","24.685","673"
"311","346248","20220620030000","286","1","宜蘭縣","五結鄉","121.775","24.690","321"
"903","346251","20220620030000","493","3","宜蘭縣","五結鄉","121.770","24.695","900"
"407","346252","20220620030000","265","3","宜蘭縣","五結鄉","121.775","24.695","397"
"2535","346254","20220620030000","2132","1","宜蘭縣","羅東鎮","121.770","24.680","2559"
"37","346256","20220620030000","25","2","宜蘭縣","員山鄉","121.720","24.760","47"
"2828","346259","20220620030000","1873","3","宜蘭縣","五結鄉","121.770","24.705","2724"
"1219","346261","20220620030000","356","3","宜蘭縣","五結鄉","121.785","24.685","1169"
"2098","346263","20220620030000","1755","1","宜蘭縣","五結鄉","121.795","24.685","2121"
"1048","346264","20220620030000","865","2","宜蘭縣","五結鄉","121.800","24.685","1020"
"1353","346266","20220620030000","1193","1","宜蘭縣","五結鄉","121.795","24.690","1361"
"747","346267","20220620030000","655","1","宜蘭縣","五結鄉","121.795","24.695","737"
"976","346274","20220620030000","1031","0","宜蘭縣","五結鄉","121.820","24.665","945"
"42","346275","20220620030000","13","3","宜蘭縣","五結鄉","121.825","24.665","40"
"566","346280","20220620030000","349","3","宜蘭縣","五結鄉","121.810","24.675","584"
"113","346281","20220620030000","111","1","宜蘭縣","五結鄉","121.815","24.675","108"
"485","346284","20220620030000","387","2","宜蘭縣","五結鄉","121.815","24.680","499"
"225","346286","20220620030000","131","3","宜蘭縣","五結鄉","121.800","24.680","228"
"42","346292","20220620030000","224","0","宜蘭縣","壯圍鄉","121.795","24.760","268"
"20","346296","20220620030000","14","2","宜蘭縣","三星鄉","121.665","24.675","20"
"15","346343","20220620030000","10","3","宜蘭縣","三星鄉","121.700","24.695","17"
"267","346360","20220620030000","309","0","宜蘭縣","壯圍鄉","121.815","24.745","254"
"43","346378","20220620030000","26","3","宜蘭縣","壯圍鄉","121.805","24.765","34"
"2065","346379","20220620030000","2057","1","宜蘭縣","宜蘭市","121.750","24.750","2120"
"405","346389","20220620030000","330","2","宜蘭縣","五結鄉","121.810","24.700","430"
"266","346394","20220620030000","127","3","宜蘭縣","五結鄉","121.830","24.675","275"
"391","346399","20220620030000","699","0","宜蘭縣","五結鄉","121.825","24.680","388"
"37","346400","20220620030000","66","0","宜蘭縣","五結鄉","121.830","24.680","32"
"24","346401","20220620030000","19","2","宜蘭縣","五結鄉","121.835","24.680","24"
"48","346403","20220620030000","59","0","宜蘭縣","五結鄉","121.825","24.685","46"
"146","346413","20220620030000","113","2","宜蘭縣","五結鄉","121.835","24.660","140"
"236","346416","20220620030000","59","3","宜蘭縣","五結鄉","121.835","24.665","233"
"734","346420","20220620030000","905","0","宜蘭縣","五結鄉","121.795","24.680","709"
"765","346421","20220620030000","537","2","宜蘭縣","五結鄉","121.800","24.675","719"
"637","346423","20220620030000","254","3","宜蘭縣","五結鄉","121.785","24.680","671"
"701","346429","20220620030000","207","3","宜蘭縣","冬山鄉","121.775","24.660","705"
"238","346430","20220620030000","195","2","宜蘭縣","冬山鄉","121.770","24.665","245"
"542","346431","20220620030000","381","2","宜蘭縣","宜蘭市","121.745","24.755","527"
"639","346436","20220620030000","419","3","宜蘭縣","宜蘭市","121.750","24.740","920"
"867","346437","20220620030000","764","1","宜蘭縣","宜蘭市","121.750","24.760","839"
"53","346440","20220620030000","66","0","宜蘭縣","冬山鄉","121.765","24.665","56"
"312","346442","20220620030000","270","1","宜蘭縣","冬山鄉","121.780","24.660","312"
"552","346443","20220620030000","318","3","宜蘭縣","冬山鄉","121.785","24.660","518"
"155","346456","20220620030000","106","2","宜蘭縣","宜蘭市","121.770","24.720","152"
"1001","346457","20220620030000","579","3","宜蘭縣","宜蘭市","121.760","24.720","901"
"289","346458","20220620030000","218","2","宜蘭縣","宜蘭市","121.765","24.720","256"
"156","346461","20220620030000","156","1","宜蘭縣","五結鄉","121.820","24.695","142"
"179","346470","20220620030000","82","3","宜蘭縣","五結鄉","121.810","24.705","177"
"564","346472","20220620030000","529","1","宜蘭縣","五結鄉","121.820","24.705","586"
"236","346534","20220620030000","162","2","宜蘭縣","三星鄉","121.680","24.665","234"
"360","346538","20220620030000","238","3","宜蘭縣","三星鄉","121.680","24.670","341"
"429","346540","20220620030000","409","1","宜蘭縣","宜蘭市","121.740","24.760","451"
"342","346545","20220620030000","763","0","宜蘭縣","員山鄉","121.710","24.750","286"
"355","346553","20220620030000","150","3","宜蘭縣","員山鄉","121.715","24.760","382"
"680","346555","20220620030000","492","2","宜蘭縣","羅東鎮","121.765","24.690","648"
"559","346556","20220620030000","660","0","宜蘭縣","五結鄉","121.770","24.690","539"
"356","346558","20220620030000","216","3","宜蘭縣","壯圍鄉","121.800","24.730","350"
"1908","346566","20220620030000","1456","2","宜蘭縣","壯圍鄉","121.785","24.745","1884"
"379","346572","20220620030000","350","1","宜蘭縣","三星鄉","121.690","24.680","382"
"100","346599","20220620030000","236","0","宜蘭縣","三星鄉","121.700","24.665","119"
"688","346607","20220620030000","412","3","宜蘭縣","三星鄉","121.710","24.670","671"
"652","346608","20220620030000","548","1","宜蘭縣","三星鄉","121.715","24.670","619"
"324","346611","20220620030000","187","3","宜蘭縣","冬山鄉","121.730","24.670","309"
"561","346626","20220620030000","735","0","宜蘭縣","員山鄉","121.725","24.765","554"
"1790","346628","20220620030000","3440","0","宜蘭縣","羅東鎮","121.770","24.675","1787"
"3402","346629","20220620030000","2751","2","宜蘭縣","羅東鎮","121.760","24.680","3410"
"2327","346630","20220620030000","2190","1","宜蘭縣","羅東鎮","121.760","24.675","2265"
"301","346634","20220620030000","233","2","宜蘭縣","宜蘭市","121.775","24.735","317"
"839","346635","20220620030000","551","3","宜蘭縣","宜蘭市","121.765","24.740","843"
"1504","346642","20220620030000","1645","0","宜蘭縣","宜蘭市","121.770","24.750","1444"
"16","346652","20220620030000","62","0","宜蘭縣","壯圍鄉","121.805","24.720","22"
"1626","346668","20220620030000","899","3","宜蘭縣","宜蘭市","121.750","24.755","1661"
"936","346672","20220620030000","786","1","宜蘭縣","冬山鄉","121.770","24.655","923"
"1089","346673","20220620030000","899","2","宜蘭縣","冬山鄉","121.755","24.660","1078"
"488","346674","20220620030000","427","1","宜蘭縣","冬山鄉","121.760","24.660","509"
"729","346675","20220620030000","452","3","宜蘭縣","冬山鄉","121.765","24.660","708"
"1014","346678","20220620030000","656","3","宜蘭縣","羅東鎮","121.780","24.675","999"
"479","346684","20220620030000","445","1","宜蘭縣","宜蘭市","121.770","24.725","490"
"458","346685","20220620030000","410","1","宜蘭縣","宜蘭市","121.765","24.725","450"
"11","346689","20220620030000","10","1","宜蘭縣","宜蘭市","121.760","24.735","12"
"1943","346692","20220620030000","1340","2","宜蘭縣","宜蘭市","121.755","24.745","1916"
"549","346698","20220620030000","157","3","宜蘭縣","三星鄉","121.725","24.690","590"
"581","346702","20220620030000","442","2","宜蘭縣","三星鄉","121.730","24.695","552"
"646","346710","20220620030000","580","1","宜蘭縣","羅東鎮","121.755","24.670","631"
"718","346712","20220620030000","778","0","宜蘭縣","羅東鎮","121.765","24.670","682"
"804","346713","20220620030000","480","3","宜蘭縣","五結鄉","121.800","24.690","818"
"1113","346714","20220620030000","936","1","宜蘭縣","五結鄉","121.800","24.695","1120"
"381","346718","20220620030000","445","0","宜蘭縣","五結鄉","121.790","24.705","388"
"254","346731","20220620030000","261","0","宜蘭縣","三星鄉","121.745","24.700","281"
"2508","346739","20220620030000","2288","1","新竹縣","竹東鎮","121.100","24.720","2478"
"63","346747","20220620030000","48","2","新竹縣","竹東鎮","121.035","24.760","68"
"2818","346754","20220620030000","1685","3","新竹縣","竹東鎮","121.090","24.745","2830"
"857","346790","20220620030000","689","2","新竹市","香山區","120.955","24.750","857"
"96","346791","20220620030000","89","1","新竹市","香山區","120.940","24.755","89"
"254","346792","20220620030000","192","2","新竹市","香山區","120.945","24.755","263"
"672","346793","20220620030000","867","0","新竹市","香山區","120.950","24.755","863"
"183","346794","20220620030000","90","3","新竹市","香山區","120.920","24.720","194"
"495","346797","20220620030000","399","2","新竹市","香山區","120.915","24.730","522"
"291","346804","20220620030000","177","3","新竹市","香山區","120.915","24.735","293"
"353","346806","20220620030000","362","0","新竹市","香山區","120.915","24.740","365"
"1126","346812","20220620030000","720","3","新竹市","香山區","120.910","24.745","1158"
"106","346817","20220620030000","130","0","新竹市","香山區","120.880","24.735","93"
"14","346819","20220620030000","23","0","新竹市","香山區","120.890","24.735","15"
"342","346825","20220620030000","288","1","新竹市","香山區","120.895","24.740","328"
"113","346835","20220620030000","91","2","新竹市","香山區","120.925","24.715","113"
"148","346841","20220620030000","108","2","新竹市","香山區","120.930","24.725","137"
"155","346860","20220620030000","112","2","新竹縣","關西鎮","121.210","24.760","118"
"33","346863","20220620030000","38","0","新竹縣","關西鎮","121.225","24.760","25"
"53","346867","20220620030000","80","0","新竹縣","關西鎮","121.215","24.765","48"
"117","346868","20220620030000","55","3","新竹縣","關西鎮","121.220","24.765","123"
"112","346896","20220620030000","73","3","新竹縣","關西鎮","121.240","24.765","115"
"253","346907","20220620030000","86","3","新竹縣","關西鎮","121.230","24.770","236"
"1228","346918","20220620030000","1171","1","新竹市","東區","121.020","24.760","1243"
"42","346919","20220620030000","70","0","新竹市","東區","121.025","24.760","40"
"382","346920","20220620030000","443","0","新竹市","東區","121.020","24.765","397"
"872","346921","20220620030000","723","2","新竹市","東區","121.025","24.765","880"
"3627","346922","20220620030000","2755","2","新竹市","東區","121.015","24.770","3656"
"943","346923","20220620030000","1444","0","新竹市","東區","121.020","24.770","918"
"291","346924","20220620030000","256","1","新竹市","東區","121.025","24.770","302"
"107","346931","20220620030000","971","0","新竹縣","竹東鎮","121.090","24.735","177"
"574","346936","20220620030000","250","3","新竹縣","橫山鄉","121.100","24.710","536"
"879","346937","20220620030000","710","2","新竹縣","竹東鎮","121.100","24.715","866"
"471","346949","20220620030000","412","1","新竹縣","橫山鄉","121.180","24.705","421"
"222","346961","20220620030000","194","1","新竹縣","橫山鄉","121.165","24.710","218"
"176","346964","20220620030000","146","2","新竹縣","橫山鄉","121.150","24.715","180"
"10","346967","20220620030000","35","0","新竹縣","橫山鄉","121.165","24.715","11"
"996","347497","20220620030000","1154","0","新竹市","東區","120.975","24.765","988"
"867","347498","20220620030000","458","3","新竹市","東區","120.980","24.765","898"
"336","347499","20220620030000","277","2","新竹市","東區","120.970","24.770","328"
"1895","347500","20220620030000","1554","2","新竹市","東區","120.975","24.770","1915"
"417","347505","20220620030000","262","3","新竹市","東區","120.965","24.765","408"
"971","347506","20220620030000","876","1","新竹市","東區","120.970","24.765","1011"
"90","347507","20220620030000","72","2","新竹市","東區","120.965","24.770","84"
"1290","347508","20220620030000","820","3","新竹縣","竹東鎮","121.085","24.735","1317"
"344","347515","20220620030000","478","0","新竹縣","竹東鎮","121.075","24.725","278"
"421","347520","20220620030000","398","1","新竹縣","竹東鎮","121.090","24.730","386"
"1529","347521","20220620030000","1321","1","新竹縣","竹東鎮","121.085","24.740","1481"
"899","347522","20220620030000","843","1","新竹縣","竹東鎮","121.100","24.745","946"
"456","347533","20220620030000","385","1","新竹縣","芎林鄉","121.125","24.725","434"
"285","347538","20220620030000","270","1","新竹縣","芎林鄉","121.120","24.735","282"
"164","347547","20220620030000","137","1","新竹縣","芎林鄉","121.135","24.745","176"
"52","347555","20220620030000","40","2","新竹縣","芎林鄉","121.140","24.750","47"
"95","347573","20220620030000","68","2","新竹縣","關西鎮","121.185","24.755","87"
"10","347587","20220620030000","34","0","新竹縣","關西鎮","121.205","24.765","10"
"24","347621","20220620030000","21","1","新竹縣","關西鎮","121.195","24.750","19"
"29","347630","20220620030000","28","1","新竹縣","關西鎮","121.205","24.755","27"
"34","347640","20220620030000","81","0","新竹縣","關西鎮","121.180","24.745","35"
"39","347650","20220620030000","35","1","新竹縣","關西鎮","121.170","24.755","40"
"136","347665","20220620030000","53","3","新竹縣","關西鎮","121.170","24.765","124"
"185","347670","20220620030000","140","2","新竹縣","關西鎮","121.170","24.770","191"
"2864","347702","20220620030000","2683","1","新竹縣","竹東鎮","121.090","24.740","2889"
"291","347705","20220620030000","245","1","新竹縣","竹東鎮","121.100","24.695","270"
"1459","347714","20220620030000","1129","2","新竹縣","竹東鎮","121.050","24.770","1423"
"161","347720","20220620030000","79","3","新竹縣","寶山鄉","121.030","24.735","166"
"27","347723","20220620030000","92","0","新竹縣","寶山鄉","121.020","24.740","24"
"127","347740","20220620030000","169","0","新竹縣","寶山鄉","121.030","24.750","129"
"108","347774","20220620030000","58","3","新竹縣","寶山鄉","121.050","24.730","111"
"138","347788","20220620030000","64","3","新竹縣","寶山鄉","121.040","24.745","130"
"85","347794","20220620030000","81","1","新竹縣","寶山鄉","121.045","24.745","104"
"23","347799","20220620030000","14","3","新竹縣","寶山鄉","121.050","24.750","20"
"193","347805","20220620030000","155","2","新竹縣","寶山鄉","120.960","24.725","183"
"135","347806","20220620030000","116","1","新竹縣","寶山鄉","120.965","24.725","140"
"25","347808","20220620030000","13","3","新竹縣","寶山鄉","120.975","24.725","25"
"181","347809","20220620030000","179","1","新竹縣","寶山鄉","120.980","24.725","191"
"224","347812","20220620030000","291","0","新竹縣","寶山鄉","120.965","24.730","236"
"21","347818","20220620030000","14","3","新竹縣","寶山鄉","120.970","24.735","14"
"69","347821","20220620030000","49","2","新竹縣","寶山鄉","120.985","24.735","63"
"104","347823","20220620030000","94","1","新竹縣","寶山鄉","120.970","24.740","106"
"102","347832","20220620030000","76","2","新竹縣","寶山鄉","120.980","24.745","101"
"222","347835","20220620030000","181","2","新竹縣","寶山鄉","120.980","24.755","203"
"89","347842","20220620030000","66","2","新竹縣","寶山鄉","121.000","24.715","78"
"124","347845","20220620030000","67","3","新竹縣","寶山鄉","121.015","24.715","123"
"532","347878","20220620030000","491","1","新竹縣","寶山鄉","120.940","24.725","504"
"56","347882","20220620030000","42","2","新竹縣","寶山鄉","120.945","24.740","54"
"135","347889","20220620030000","132","1","新竹縣","寶山鄉","120.960","24.745","136"
"12","347900","20220620030000","65","0","新竹縣","北埔鄉","121.055","24.670","59"
"1433","347925","20220620030000","1201","1","新竹縣","北埔鄉","121.055","24.695","1387"
"145","347926","20220620030000","141","1","新竹縣","北埔鄉","121.045","24.700","156"
"385","347927","20220620030000","144","3","新竹縣","北埔鄉","121.050","24.700","389"
"55","347930","20220620030000","35","3","新竹縣","北埔鄉","121.045","24.705","45"
"25","347931","20220620030000","26","0","新竹縣","北埔鄉","121.050","24.705","28"
"75","347934","20220620030000","64","1","新竹縣","北埔鄉","121.045","24.715","67"
"299","347949","20220620030000","207","2","新竹縣","北埔鄉","121.065","24.675","288"
"433","347958","20220620030000","364","1","新竹縣","橫山鄉","121.130","24.725","446"
"295","347972","20220620030000","283","1","新竹縣","橫山鄉","121.140","24.715","281"
"402","347976","20220620030000","338","1","新竹縣","橫山鄉","121.140","24.720","417"
"20","347986","20220620030000","17","1","新竹縣","橫山鄉","121.130","24.700","23"
"88","347995","20220620030000","105","0","新竹縣","橫山鄉","121.115","24.710","91"
"468","348000","20220620030000","360","2","新竹縣","橫山鄉","121.110","24.715","502"
"147","348001","20220620030000","131","1","新竹縣","橫山鄉","121.115","24.715","133"
"12","348003","20220620030000","81","0","新竹縣","橫山鄉","121.125","24.715","68"
"135","348006","20220620030000","140","0","新竹縣","橫山鄉","121.115","24.720","136"
"532","348007","20220620030000","647","0","新竹縣","橫山鄉","121.120","24.720","515"
"16","348008","20220620030000","31","0","新竹縣","橫山鄉","121.125","24.720","74"
"349","348022","20220620030000","249","2","新竹縣","橫山鄉","121.160","24.740","328"
"126","348032","20220620030000","49","3","新竹縣","橫山鄉","121.165","24.745","132"
"60","348040","20220620030000","29","3","新竹縣","橫山鄉","121.105","24.680","52"
"70","348074","20220620030000","51","2","新竹縣","橫山鄉","121.165","24.730","65"
"11","348079","20220620030000","31","0","新竹縣","橫山鄉","121.190","24.730","12"
"36","348081","20220620030000","33","1","新竹縣","橫山鄉","121.170","24.735","33"
"21","348083","20220620030000","20","1","新竹縣","橫山鄉","121.180","24.735","23"
"12","348089","20220620030000","14","0","新竹縣","關西鎮","121.185","24.740","11"
"270","348136","20220620030000","103","3","新竹縣","橫山鄉","121.140","24.700","271"
"1100","348137","20220620030000","1039","1","新竹縣","竹東鎮","121.095","24.735","1077"
"1634","348138","20220620030000","1521","1","新竹縣","竹東鎮","121.100","24.735","1613"
"35","348144","20220620030000","31","1","新竹縣","芎林鄉","121.110","24.770","37"
"747","348163","20220620030000","584","2","新竹縣","芎林鄉","121.085","24.765","704"
"12","348164","20220620030000","23","0","新竹縣","芎林鄉","121.085","24.770","16"
"360","348165","20220620030000","374","0","新竹縣","芎林鄉","121.095","24.760","352"
"88","348190","20220620030000","59","2","新竹縣","芎林鄉","121.125","24.755","85"
"13","348191","20220620030000","13","1","新竹縣","芎林鄉","121.130","24.755","13"
"277","348207","20220620030000","208","2","新竹縣","寶山鄉","120.985","24.750","261"
"228","348212","20220620030000","242","0","新竹縣","寶山鄉","120.995","24.755","220"
"1612","348213","20220620030000","1016","3","新竹縣","寶山鄉","120.985","24.760","1579"
"847","348217","20220620030000","640","2","新竹縣","寶山鄉","120.990","24.765","794"
"165","348225","20220620030000","130","2","新竹縣","尖石鄉","121.200","24.705","154"
"33","348257","20220620030000","34","0","新竹縣","尖石鄉","121.235","24.720","33"
"68","348272","20220620030000","28","3","新竹縣","尖石鄉","121.225","24.730","86"
"83","348276","20220620030000","29","3","新竹縣","尖石鄉","121.245","24.730","82"
"58","348320","20220620030000","52","1","新竹縣","尖石鄉","121.260","24.705","72"
"139","348345","20220620030000","125","1","新竹縣","尖石鄉","121.270","24.715","147"
"167","348353","20220620030000","119","2","新竹縣","尖石鄉","121.250","24.720","162"
"101","348419","20220620030000","108","0","新竹縣","尖石鄉","121.265","24.745","111"
"32","348461","20220620030000","28","1","新竹縣","尖石鄉","121.185","24.665","36"
"75","348468","20220620030000","43","3","新竹縣","尖石鄉","121.195","24.670","71"
"34","348469","20220620030000","29","1","新竹縣","尖石鄉","121.200","24.670","41"
"45","348470","20220620030000","59","0","新竹縣","尖石鄉","121.205","24.670","48"
"17","348485","20220620030000","20","0","新竹縣","尖石鄉","121.300","24.655","20"
"93","348506","20220620030000","48","3","新竹縣","尖石鄉","121.350","24.660","74"
"56","348549","20220620030000","48","1","新竹縣","尖石鄉","121.310","24.685","46"
"185","348577","20220620030000","118","3","新竹縣","尖石鄉","121.280","24.665","169"
"156","348584","20220620030000","133","1","新竹縣","五峰鄉","121.150","24.670","123"
"47","348588","20220620030000","45","1","新竹縣","尖石鄉","121.170","24.670","47"
"37","348599","20220620030000","28","2","新竹縣","尖石鄉","121.170","24.680","28"
"97","348600","20220620030000","89","1","新竹縣","尖石鄉","121.175","24.680","96"
"25","348608","20220620030000","16","3","新竹縣","尖石鄉","121.185","24.685","25"
"20","348708","20220620030000","12","3","新竹縣","尖石鄉","121.235","24.680","29"
"183","348711","20220620030000","80","3","新竹縣","尖石鄉","121.250","24.680","179"
"62","348720","20220620030000","109","0","新竹縣","尖石鄉","121.220","24.685","75"
"372","348785","20220620030000","140","3","新竹縣","尖石鄉","121.220","24.705","355"
"50","348819","20220620030000","43","1","新竹縣","峨眉鄉","121.035","24.695","51"
"192","348820","20220620030000","162","1","新竹縣","北埔鄉","121.040","24.695","189"
"116","348822","20220620030000","85","2","新竹縣","峨眉鄉","121.035","24.700","103"
"94","348831","20220620030000","86","1","新竹縣","峨眉鄉","120.985","24.685","89"
"42","348834","20220620030000","30","2","新竹縣","峨眉鄉","120.970","24.690","32"
"136","348838","20220620030000","100","2","新竹縣","峨眉鄉","120.990","24.690","138"
"59","348845","20220620030000","48","2","新竹縣","峨眉鄉","120.985","24.700","58"
"41","348851","20220620030000","36","1","新竹縣","峨眉鄉","120.990","24.705","46"
"437","348861","20220620030000","306","2","新竹縣","峨眉鄉","121.025","24.685","431"
"255","348863","20220620030000","181","2","新竹縣","峨眉鄉","121.020","24.690","258"
"144","348870","20220620030000","185","0","新竹縣","北埔鄉","121.055","24.685","141"
"157","348889","20220620030000","114","2","新竹縣","北埔鄉","121.090","24.690","150"
"90","348892","20220620030000","64","2","新竹縣","北埔鄉","121.070","24.695","82"
"550","348909","20220620030000","474","1","新竹縣","北埔鄉","121.060","24.700","545"
"41","348910","20220620030000","43","0","新竹縣","北埔鄉","121.065","24.700","50"
"22","348919","20220620030000","18","2","新竹縣","北埔鄉","121.060","24.710","19"
"138","348947","20220620030000","99","2","新竹縣","寶山鄉","121.000","24.725","144"
"46","348952","20220620030000","44","1","新竹縣","寶山鄉","121.005","24.730","38"
"381","348957","20220620030000","199","3","新竹縣","寶山鄉","120.990","24.740","381"
"89","348958","20220620030000","50","3","新竹縣","寶山鄉","120.995","24.740","93"
"32","348968","20220620030000","304","0","新竹縣","寶山鄉","120.990","24.745","29"
"41","348969","20220620030000","46","0","新竹縣","寶山鄉","121.005","24.745","50"
"835","348971","20220620030000","882","0","新竹縣","寶山鄉","121.005","24.750","825"
"671","348978","20220620030000","576","1","新竹縣","寶山鄉","121.020","24.755","653"
"321","348983","20220620030000","265","2","新竹縣","寶山鄉","121.000","24.765","316"
"835","348986","20220620030000","881","0","新竹縣","寶山鄉","121.015","24.765","849"
"659","348987","20220620030000","631","1","新竹縣","寶山鄉","121.000","24.770","670"
"60","348988","20220620030000","44","2","新竹縣","寶山鄉","121.005","24.770","64"
"251","348989","20220620030000","427","0","新竹縣","寶山鄉","121.010","24.770","230"
"61","348993","20220620030000","61","1","新竹縣","峨眉鄉","120.990","24.665","67"
"31","349000","20220620030000","21","2","新竹縣","峨眉鄉","120.995","24.670","22"
"65","349005","20220620030000","36","3","新竹縣","峨眉鄉","120.985","24.675","74"
"96","349012","20220620030000","65","2","新竹縣","峨眉鄉","120.990","24.680","84"
"130","349031","20220620030000","115","1","新竹縣","峨眉鄉","121.000","24.700","166"
"1342","349060","20220620030000","1148","1","新竹縣","竹東鎮","121.060","24.750","1323"
"323","349062","20220620030000","317","1","新竹縣","竹東鎮","121.070","24.750","316"
"885","349066","20220620030000","786","1","新竹縣","竹東鎮","121.070","24.755","870"
"1926","349070","20220620030000","1572","2","新竹縣","竹東鎮","121.065","24.760","1948"
"5411","349073","20220620030000","4472","2","新竹縣","竹東鎮","121.060","24.765","5470"
"93","349074","20220620030000","90","1","新竹縣","竹東鎮","121.065","24.765","82"
"151","349079","20220620030000","102","2","新竹縣","竹東鎮","121.120","24.660","147"
"414","349087","20220620030000","337","2","新竹縣","竹東鎮","121.090","24.720","392"
"2211","349088","20220620030000","1720","2","新竹縣","竹東鎮","121.095","24.720","2187"
"2984","349089","20220620030000","2383","2","新竹縣","竹東鎮","121.090","24.725","3036"
"832","349090","20220620030000","679","2","新竹縣","竹東鎮","121.095","24.725","836"
"1939","349092","20220620030000","917","3","新竹縣","竹東鎮","121.095","24.730","1968"
"302","349094","20220620030000","371","0","新竹縣","竹東鎮","121.105","24.730","298"
"315","349096","20220620030000","403","0","新竹縣","竹東鎮","121.055","24.755","325"
"59","349099","20220620030000","70","0","新竹縣","竹東鎮","121.045","24.765","55"
"832","349103","20220620030000","682","2","新竹縣","竹東鎮","121.060","24.770","838"
"861","349105","20220620030000","391","3","新竹縣","竹東鎮","121.080","24.735","833"
"117","349109","20220620030000","83","2","新竹縣","竹東鎮","121.080","24.740","131"
"111","349110","20220620030000","43","3","新竹縣","竹東鎮","121.075","24.745","114"
"1083","349113","20220620030000","1236","0","新竹縣","竹東鎮","121.080","24.745","1090"
"1930","349114","20220620030000","1235","3","新竹縣","竹東鎮","121.085","24.745","1893"
"258","349115","20220620030000","199","2","新竹縣","竹東鎮","121.080","24.750","240"
"652","349118","20220620030000","687","0","宜蘭縣","宜蘭市","121.780","24.750","660"
"865","349120","20220620030000","524","3","宜蘭縣","宜蘭市","121.765","24.755","1090"
"574","349124","20220620030000","658","0","宜蘭縣","宜蘭市","121.765","24.760","567"
"388","349125","20220620030000","451","0","宜蘭縣","宜蘭市","121.770","24.760","382"
"85","349130","20220620030000","88","0","宜蘭縣","宜蘭市","121.760","24.725","79"
"506","349131","20220620030000","305","3","宜蘭縣","宜蘭市","121.755","24.730","510"
"60","349132","20220620030000","29","3","宜蘭縣","宜蘭市","121.760","24.730","67"
"455","349136","20220620030000","450","1","宜蘭縣","宜蘭市","121.755","24.740","525"
"403","349139","20220620030000","361","1","宜蘭縣","宜蘭市","121.735","24.755","384"
"1056","349140","20220620030000","1067","0","宜蘭縣","宜蘭市","121.740","24.755","1092"
"22","349143","20220620030000","30","0","宜蘭縣","羅東鎮","121.755","24.680","27"
"2111","349144","20220620030000","1577","2","宜蘭縣","羅東鎮","121.775","24.680","2096"
"1606","349145","20220620030000","1553","1","宜蘭縣","羅東鎮","121.775","24.675","1591"
"917","349146","20220620030000","639","2","宜蘭縣","羅東鎮","121.750","24.675","954"
"652","349147","20220620030000","550","1","宜蘭縣","羅東鎮","121.770","24.685","624"
"353","349149","20220620030000","142","3","宜蘭縣","羅東鎮","121.750","24.680","331"
"202","349158","20220620030000","54","3","新竹市","香山區","120.930","24.745","203"
"87","349160","20220620030000","78","1","新竹市","香山區","120.925","24.750","95"
"429","349162","20220620030000","365","1","新竹市","香山區","120.915","24.760","428"
"932","349166","20220620030000","740","2","新竹市","香山區","120.915","24.765","908"
"83","349176","20220620030000","106","0","新竹市","香山區","120.955","24.760","80"
"18","349177","20220620030000","29","0","新竹市","東區","120.960","24.760","21"
"1402","349183","20220620030000","1254","1","新竹市","香山區","120.955","24.770","1393"
"424","349184","20220620030000","346","2","新竹市","香山區","120.960","24.770","420"
"77","349186","20220620030000","65","1","新竹市","香山區","120.910","24.755","83"
"13","349194","20220620030000","70","0","新竹市","香山區","120.905","24.760","13"
"356","349196","20220620030000","298","1","新竹市","香山區","120.920","24.760","365"
"84","349198","20220620030000","59","2","新竹市","香山區","120.930","24.760","92"
"135","349199","20220620030000","53","3","新竹市","香山區","120.935","24.760","127"
"95","349203","20220620030000","83","1","宜蘭縣","宜蘭市","121.765","24.745","85"
"911","349204","20220620030000","1123","0","宜蘭縣","宜蘭市","121.760","24.750","949"
"1016","349205","20220620030000","696","2","宜蘭縣","宜蘭市","121.765","24.750","1010"
"2008","349206","20220620030000","2046","0","宜蘭縣","羅東鎮","121.775","24.670","1922"
"1107","349207","20220620030000","1050","1","宜蘭縣","羅東鎮","121.755","24.675","1049"
"32","349208","20220620030000","158","0","宜蘭縣","羅東鎮","121.755","24.690","29"
"70","349210","20220620030000","104","0","宜蘭縣","羅東鎮","121.755","24.695","72"
"827","349211","20220620030000","483","3","宜蘭縣","羅東鎮","121.760","24.695","822"
"981","349214","20220620030000","1695","0","宜蘭縣","羅東鎮","121.770","24.670","942"
"585","349216","20220620030000","764","0","宜蘭縣","羅東鎮","121.800","24.665","604"
"1184","349222","20220620030000","317","3","宜蘭縣","羅東鎮","121.795","24.675","1191"
"775","349224","20220620030000","695","1","宜蘭縣","羅東鎮","121.785","24.675","781"
"2698","349225","20220620030000","1658","3","宜蘭縣","羅東鎮","121.780","24.680","2635"
"1441","349227","20220620030000","1374","1","宜蘭縣","宜蘭市","121.750","24.745","1693"
"1135","349228","20220620030000","1075","1","宜蘭縣","員山鄉","121.735","24.745","1127"
"2023","349229","20220620030000","1965","1","宜蘭縣","宜蘭市","121.740","24.745","2012"
"1534","349230","20220620030000","843","3","宜蘭縣","宜蘭市","121.745","24.745","1539"
"491","349231","20220620030000","346","2","宜蘭縣","宜蘭市","121.730","24.750","476"
"1575","349232","20220620030000","1558","1","宜蘭縣","宜蘭市","121.735","24.750","1597"
"1526","349234","20220620030000","1290","1","宜蘭縣","羅東鎮","121.765","24.675","1531"
"777","349235","20220620030000","844","0","宜蘭縣","宜蘭市","121.760","24.760","795"
"861","349236","20220620030000","613","2","宜蘭縣","宜蘭市","121.750","24.765","842"
"528","349237","20220620030000","356","2","宜蘭縣","宜蘭市","121.745","24.750","553"
"552","349238","20220620030000","412","2","宜蘭縣","宜蘭市","121.760","24.765","534"
"822","349240","20220620030000","683","2","宜蘭縣","羅東鎮","121.755","24.685","817"
"19","349296","20220620030000","18","1","桃園市","復興區","121.350","24.760","22"
"48","349304","20220620030000","43","1","桃園市","復興區","121.360","24.770","45"
"75","349422","20220620030000","55","2","桃園市","復興區","121.390","24.660","77"
"27","349482","20220620030000","25","1","桃園市","復興區","121.385","24.680","24"
"198","349502","20220620030000","135","2","桃園市","復興區","121.395","24.685","171"
"303","349582","20220620030000","100","3","桃園市","復興區","121.410","24.705","244"
"14","349676","20220620030000","17","0","桃園市","復興區","121.350","24.705","12"
"51","349762","20220620030000","35","2","桃園市","復興區","121.345","24.725","60"
"24","349769","20220620030000","13","3","桃園市","復興區","121.380","24.725","24"
"20","349865","20220620030000","13","3","桃園市","復興區","121.365","24.740","15"
"154","349883","20220620030000","175","0","新竹市","香山區","120.940","24.760","172"
"285","349889","20220620030000","157","3","新竹市","香山區","120.935","24.770","385"
"325","349896","20220620030000","254","2","新竹市","香山區","120.905","24.750","318"
"515","349897","20220620030000","197","3","新竹市","香山區","120.910","24.750","535"
"903","349904","20220620030000","862","1","新竹縣","竹東鎮","121.030","24.770","886"
"59","349937","20220620030000","39","3","桃園市","復興區","121.365","24.675","58"
"14","349983","20220620030000","106","0","苗栗縣","三灣鄉","120.965","24.665","15"
"296","349985","20220620030000","223","2","苗栗縣","三灣鄉","120.975","24.665","315"
"154","350003","20220620030000","186","0","苗栗縣","三灣鄉","120.950","24.670","123"
"165","350012","20220620030000","119","2","苗栗縣","頭份鎮","120.955","24.680","157"
"378","350014","20220620030000","276","2","苗栗縣","頭份鎮","120.965","24.680","373"
"40","350017","20220620030000","340","0","苗栗縣","頭份鎮","120.960","24.685","37"
"326","350018","20220620030000","215","3","苗栗縣","頭份鎮","120.965","24.685","320"
"165","350019","20220620030000","144","1","苗栗縣","竹南鎮","120.880","24.680","162"
"3017","350021","20220620030000","2403","2","苗栗縣","竹南鎮","120.885","24.685","3017"
"23","350023","20220620030000","26","0","苗栗縣","頭份鎮","120.925","24.690","29"
"1048","350024","20220620030000","749","2","苗栗縣","頭份鎮","120.930","24.690","1054"
"407","350031","20220620030000","346","1","苗栗縣","頭份鎮","120.920","24.665","405"
"47","350036","20220620030000","433","0","苗栗縣","頭份鎮","120.920","24.670","52"
"285","350042","20220620030000","318","0","苗栗縣","頭份鎮","120.925","24.675","276"
"36","350052","20220620030000","138","0","苗栗縣","後龍鎮","120.820","24.660","41"
"365","350068","20220620030000","278","2","苗栗縣","頭份鎮","120.910","24.690","349"
"894","350073","20220620030000","668","2","苗栗縣","竹南鎮","120.885","24.695","869"
"946","350075","20220620030000","509","3","苗栗縣","頭份鎮","120.890","24.695","1015"
"1603","350077","20220620030000","1036","3","苗栗縣","頭份鎮","120.910","24.695","1630"
"935","350078","20220620030000","725","2","苗栗縣","頭份鎮","120.910","24.700","946"
"657","350080","20220620030000","454","2","苗栗縣","頭份鎮","120.940","24.680","645"
"183","350082","20220620030000","274","0","苗栗縣","頭份鎮","120.950","24.680","179"
"716","350085","20220620030000","635","1","苗栗縣","頭份鎮","120.925","24.685","710"
"425","350087","20220620030000","368","1","苗栗縣","頭份鎮","120.935","24.685","409"
"2062","350090","20220620030000","1314","3","苗栗縣","頭份鎮","120.895","24.690","2083"
"1132","350091","20220620030000","1138","0","苗栗縣","頭份鎮","120.905","24.690","1121"
"450","350092","20220620030000","1176","0","苗栗縣","頭份鎮","120.905","24.685","408"
"158","350095","20220620030000","403","0","苗栗縣","頭份鎮","120.945","24.690","160"
"29","350102","20220620030000","209","0","苗栗縣","頭份鎮","120.935","24.700","37"
"39","350103","20220620030000","356","0","苗栗縣","頭份鎮","120.940","24.695","33"
"131","350109","20220620030000","133","0","苗栗縣","頭份鎮","120.940","24.700","134"
"10","350110","20220620030000","21","0","苗栗縣","頭份鎮","120.945","24.700","17"
"733","350112","20220620030000","383","3","苗栗縣","頭份鎮","120.930","24.705","707"
"193","350117","20220620030000","192","1","苗栗縣","頭份鎮","120.935","24.710","192"
"444","350118","20220620030000","411","1","苗栗縣","頭份鎮","120.885","24.665","416"
"31","350124","20220620030000","289","0","苗栗縣","頭份鎮","120.885","24.675","35"
"433","350127","20220620030000","546","0","苗栗縣","頭份鎮","120.905","24.700","439"
"855","350128","20220620030000","1221","0","苗栗縣","頭份鎮","120.900","24.695","824"
"1165","350129","20220620030000","1015","1","苗栗縣","頭份鎮","120.905","24.695","1102"
"150","350131","20220620030000","437","0","苗栗縣","頭份鎮","120.915","24.690","144"
"1343","350132","20220620030000","1443","0","苗栗縣","頭份鎮","120.915","24.695","1339"
"25","350142","20220620030000","26","0","苗栗縣","頭份鎮","120.915","24.665","19"
"73","350146","20220620030000","541","0","苗栗縣","頭份鎮","120.915","24.670","65"
"771","350150","20220620030000","539","2","苗栗縣","竹南鎮","120.860","24.695","804"
"856","350151","20220620030000","399","3","苗栗縣","竹南鎮","120.865","24.695","839"
"266","350154","20220620030000","885","0","苗栗縣","竹南鎮","120.870","24.695","271"
"115","350155","20220620030000","596","0","苗栗縣","竹南鎮","120.880","24.695","112"
"355","350156","20220620030000","312","1","苗栗縣","竹南鎮","120.865","24.680","355"
"429","350157","20220620030000","235","3","苗栗縣","竹南鎮","120.910","24.710","411"
"658","350159","20220620030000","684","0","苗栗縣","竹南鎮","120.920","24.705","628"
"355","350160","20220620030000","514","0","苗栗縣","頭份鎮","120.925","24.705","352"
"134","350161","20220620030000","107","2","苗栗縣","竹南鎮","120.915","24.705","124"
"1113","350162","20220620030000","1153","0","苗栗縣","竹南鎮","120.915","24.710","1149"
"326","350163","20220620030000","286","1","苗栗縣","竹南鎮","120.920","24.710","327"
"77","350165","20220620030000","113","0","苗栗縣","竹南鎮","120.930","24.710","112"
"265","350166","20220620030000","295","0","苗栗縣","竹南鎮","120.915","24.715","253"
"181","350167","20220620030000","238","0","苗栗縣","竹南鎮","120.920","24.715","162"
"1496","350169","20220620030000","1445","1","苗栗縣","頭份鎮","120.910","24.685","1527"
"2847","350170","20220620030000","2877","0","苗栗縣","頭份鎮","120.895","24.700","2782"
"1491","350172","20220620030000","826","3","苗栗縣","頭份鎮","120.905","24.680","1522"
"779","350173","20220620030000","607","2","苗栗縣","竹南鎮","120.875","24.700","795"
"836","350174","20220620030000","585","2","苗栗縣","竹南鎮","120.870","24.700","865"
"392","350176","20220620030000","351","1","苗栗縣","頭份鎮","120.920","24.690","379"
"121","350177","20220620030000","112","1","苗栗縣","頭份鎮","120.880","24.660","137"
"845","350179","20220620030000","1107","0","苗栗縣","頭份鎮","120.900","24.700","858"
"29","350180","20220620030000","28","1","苗栗縣","竹南鎮","120.910","24.705","29"
"498","350182","20220620030000","530","0","苗栗縣","頭份鎮","120.920","24.700","504"
"1046","350183","20220620030000","1248","0","苗栗縣","頭份鎮","120.895","24.695","1037"
"519","350203","20220620030000","292","3","苗栗縣","竹南鎮","120.860","24.685","515"
"34","350206","20220620030000","280","0","苗栗縣","竹南鎮","120.865","24.700","30"
"654","350208","20220620030000","320","3","苗栗縣","竹南鎮","120.875","24.705","614"
"1179","350209","20220620030000","1124","1","苗栗縣","竹南鎮","120.880","24.700","1201"
"1020","350210","20220620030000","612","3","苗栗縣","頭份鎮","120.885","24.700","1079"
"704","350211","20220620030000","278","3","苗栗縣","竹南鎮","120.880","24.705","681"
"116","350214","20220620030000","109","1","苗栗縣","竹南鎮","120.865","24.705","98"
"34","350220","20220620030000","269","0","苗栗縣","竹南鎮","120.880","24.710","34"
"140","350223","20220620030000","125","1","苗栗縣","竹南鎮","120.865","24.715","145"
"351","350224","20220620030000","369","0","苗栗縣","竹南鎮","120.870","24.715","352"
"216","350225","20220620030000","347","0","苗栗縣","竹南鎮","120.875","24.715","220"
"52","350226","20220620030000","58","0","苗栗縣","竹南鎮","120.880","24.715","51"
"22","350229","20220620030000","27","0","苗栗縣","竹南鎮","120.865","24.720","34"
"77","350236","20220620030000","78","0","苗栗縣","竹南鎮","120.870","24.725","79"
"294","350240","20220620030000","201","2","苗栗縣","竹南鎮","120.890","24.725","308"
"48","350247","20220620030000","59","0","苗栗縣","竹南鎮","120.880","24.685","54"
"1922","350248","20220620030000","1535","2","苗栗縣","竹南鎮","120.880","24.690","1927"
"1552","350250","20220620030000","1859","0","苗栗縣","竹南鎮","120.890","24.690","1569"
"2182","350251","20220620030000","2442","0","苗栗縣","竹南鎮","120.875","24.685","2169"
"424","350258","20220620030000","241","3","苗栗縣","竹南鎮","120.855","24.675","455"
"10","350259","20220620030000","35","0","苗栗縣","竹南鎮","120.860","24.675","15"
"345","350264","20220620030000","278","2","苗栗縣","竹南鎮","120.850","24.680","337"
"22","350275","20220620030000","187","0","苗栗縣","竹南鎮","120.850","24.670","22"
"1231","350277","20220620030000","977","2","苗栗縣","竹南鎮","120.860","24.670","1154"
"43","350278","20220620030000","29","2","苗栗縣","竹南鎮","120.845","24.675","34"
"94","350279","20220620030000","81","1","苗栗縣","造橋鄉","120.855","24.660","83"
"89","350285","20220620030000","194","0","苗栗縣","頭份鎮","120.900","24.685","102"
"273","350286","20220620030000","290","0","苗栗縣","頭份鎮","120.895","24.675","259"
"632","350288","20220620030000","541","1","苗栗縣","頭份鎮","120.890","24.680","604"
"1099","350290","20220620030000","1093","1","苗栗縣","頭份鎮","120.900","24.680","1040"
"513","350291","20220620030000","425","2","苗栗縣","頭份鎮","120.945","24.685","509"
"162","350303","20220620030000","132","2","苗栗縣","頭份鎮","120.960","24.700","158"
"99","350311","20220620030000","67","2","苗栗縣","頭份鎮","120.965","24.705","104"
"922","350314","20220620030000","1271","0","苗栗縣","竹南鎮","120.870","24.690","901"
"656","350316","20220620030000","554","1","苗栗縣","竹南鎮","120.855","24.690","670"
"1267","350319","20220620030000","1328","0","苗栗縣","竹南鎮","120.865","24.685","1291"
"811","350320","20220620030000","948","0","苗栗縣","竹南鎮","120.875","24.695","814"
"128","350321","20220620030000","630","0","苗栗縣","竹南鎮","120.875","24.690","108"
"120","350326","20220620030000","110","1","苗栗縣","竹南鎮","120.910","24.720","120"
"114","350328","20220620030000","36","3","苗栗縣","竹南鎮","120.895","24.725","112"
"13","350330","20220620030000","243","0","苗栗縣","竹南鎮","120.905","24.725","12"
"188","350331","20220620030000","131","2","苗栗縣","竹南鎮","120.910","24.725","186"
"275","350334","20220620030000","182","3","苗栗縣","竹南鎮","120.905","24.730","268"
"102","350336","20220620030000","60","3","新竹市","香山區","120.900","24.735","106"
"15","350338","20220620030000","259","0","新竹市","香山區","120.905","24.740","17"
"648","350340","20220620030000","635","1","苗栗縣","竹南鎮","120.875","24.660","636"
"1128","350347","20220620030000","1035","1","苗栗縣","竹南鎮","120.865","24.675","1166"
"46","350349","20220620030000","289","0","苗栗縣","竹南鎮","120.875","24.675","41"
"514","350350","20220620030000","503","1","苗栗縣","竹南鎮","120.880","24.675","542"
"701","350351","20220620030000","377","3","苗栗縣","竹南鎮","120.870","24.680","713"
"430","350352","20220620030000","533","0","苗栗縣","竹南鎮","120.875","24.680","448"
"2111","350353","20220620030000","2071","1","苗栗縣","竹南鎮","120.870","24.685","2147"
"84","350357","20220620030000","432","0","苗栗縣","竹南鎮","120.890","24.705","80"
"247","350358","20220620030000","202","2","苗栗縣","竹南鎮","120.895","24.705","254"
"819","350359","20220620030000","460","3","苗栗縣","竹南鎮","120.900","24.705","796"
"363","350363","20220620030000","536","0","苗栗縣","竹南鎮","120.900","24.710","361"
"252","350364","20220620030000","146","3","苗栗縣","竹南鎮","120.905","24.710","245"
"224","350365","20220620030000","202","1","苗栗縣","竹南鎮","120.895","24.715","238"
"494","350367","20220620030000","377","2","苗栗縣","竹南鎮","120.905","24.715","487"
"132","350369","20220620030000","106","2","苗栗縣","竹南鎮","120.895","24.720","114"
"115","356638","20220620030000","81","2","宜蘭縣","頭城鎮","121.940","24.840","104"
"926","360378","20220620030000","761","2","宜蘭縣","礁溪鄉","121.765","24.825","904"
"1504","360379","20220620030000","2346","0","宜蘭縣","礁溪鄉","121.770","24.825","1400"
"583","360380","20220620030000","732","0","宜蘭縣","礁溪鄉","121.775","24.825","541"
"545","360392","20220620030000","404","2","宜蘭縣","礁溪鄉","121.810","24.815","514"
"150","360394","20220620030000","129","1","宜蘭縣","礁溪鄉","121.795","24.815","138"
"28","360410","20220620030000","73","0","宜蘭縣","礁溪鄉","121.720","24.815","19"
"46","360417","20220620030000","90","0","宜蘭縣","礁溪鄉","121.720","24.820","64"
"78","360419","20220620030000","49","3","宜蘭縣","礁溪鄉","121.730","24.820","87"
"107","360427","20220620030000","249","0","宜蘭縣","礁溪鄉","121.725","24.820","102"
"360","360433","20220620030000","291","2","宜蘭縣","礁溪鄉","121.755","24.820","412"
"28","360437","20220620030000","62","0","宜蘭縣","礁溪鄉","121.740","24.825","36"
"1824","360439","20220620030000","1553","1","宜蘭縣","宜蘭市","121.755","24.770","1852"
"459","360442","20220620030000","319","2","宜蘭縣","宜蘭市","121.745","24.775","471"
"1019","360449","20220620030000","733","2","宜蘭縣","壯圍鄉","121.785","24.775","1052"
"375","360457","20220620030000","254","2","宜蘭縣","壯圍鄉","121.795","24.790","420"
"165","360471","20220620030000","126","2","宜蘭縣","頭城鎮","121.820","24.855","159"
"47","360474","20220620030000","30","3","宜蘭縣","頭城鎮","121.835","24.885","47"
"99","360476","20220620030000","88","1","宜蘭縣","頭城鎮","121.845","24.885","81"
"590","360478","20220620030000","641","0","宜蘭縣","頭城鎮","121.830","24.855","586"
"664","360482","20220620030000","774","0","宜蘭縣","頭城鎮","121.820","24.860","683"
"358","360484","20220620030000","197","3","宜蘭縣","頭城鎮","121.815","24.860","350"
"653","360485","20220620030000","532","2","宜蘭縣","頭城鎮","121.820","24.865","655"
"263","360486","20220620030000","242","1","宜蘭縣","頭城鎮","121.810","24.865","262"
"157","360502","20220620030000","113","2","宜蘭縣","頭城鎮","121.815","24.850","152"
"672","360507","20220620030000","694","0","宜蘭縣","頭城鎮","121.825","24.865","667"
"163","360520","20220620030000","111","2","宜蘭縣","頭城鎮","121.835","24.870","148"
"32","360521","20220620030000","48","0","宜蘭縣","頭城鎮","121.840","24.870","30"
"214","360524","20220620030000","130","3","宜蘭縣","頭城鎮","121.840","24.875","192"
"39","360537","20220620030000","18","3","新北市","三峽區","121.345","24.845","42"
"91","360552","20220620030000","91","1","新北市","三峽區","121.360","24.855","82"
"20","360554","20220620030000","14","2","新北市","三峽區","121.370","24.855","19"
"20","360559","20220620030000","22","0","新北市","三峽區","121.365","24.860","23"
"73","360569","20220620030000","54","2","新北市","三峽區","121.355","24.870","70"
"48","360573","20220620030000","25","3","新北市","三峽區","121.375","24.870","51"
"37","360625","20220620030000","27","2","宜蘭縣","頭城鎮","121.820","24.825","44"
"63","360631","20220620030000","84","0","宜蘭縣","頭城鎮","121.790","24.845","71"
"300","360639","20220620030000","242","2","宜蘭縣","頭城鎮","121.795","24.855","273"
"571","360641","20220620030000","427","2","宜蘭縣","頭城鎮","121.805","24.855","574"
"190","360684","20220620030000","139","2","宜蘭縣","礁溪鄉","121.765","24.800","202"
"264","360687","20220620030000","247","1","宜蘭縣","礁溪鄉","121.760","24.810","261"
"285","360689","20220620030000","282","1","宜蘭縣","礁溪鄉","121.755","24.815","284"
"100","360694","20220620030000","100","1","宜蘭縣","員山鄉","121.700","24.780","103"
"50","360702","20220620030000","43","1","宜蘭縣","礁溪鄉","121.680","24.785","48"
"184","360788","20220620030000","197","0","宜蘭縣","礁溪鄉","121.780","24.810","184"
"496","360803","20220620030000","342","2","宜蘭縣","壯圍鄉","121.810","24.800","535"
"537","360806","20220620030000","404","2","宜蘭縣","壯圍鄉","121.815","24.805","550"
"510","360817","20220620030000","479","1","宜蘭縣","礁溪鄉","121.780","24.785","537"
"559","360820","20220620030000","578","0","宜蘭縣","礁溪鄉","121.775","24.815","573"
"989","360822","20220620030000","851","1","宜蘭縣","礁溪鄉","121.770","24.820","980"
"239","360828","20220620030000","257","0","宜蘭縣","礁溪鄉","121.730","24.790","238"
"98","360848","20220620030000","81","2","宜蘭縣","礁溪鄉","121.710","24.810","107"
"574","360876","20220620030000","481","1","宜蘭縣","礁溪鄉","121.760","24.785","565"
"89","360877","20220620030000","68","2","宜蘭縣","礁溪鄉","121.750","24.790","96"
"438","360879","20220620030000","255","3","宜蘭縣","礁溪鄉","121.760","24.790","423"
"508","360881","20220620030000","368","2","宜蘭縣","礁溪鄉","121.765","24.815","529"
"639","360883","20220620030000","419","3","宜蘭縣","礁溪鄉","121.765","24.820","609"
"377","360888","20220620030000","218","3","宜蘭縣","礁溪鄉","121.755","24.825","310"
"527","360889","20220620030000","531","0","宜蘭縣","礁溪鄉","121.760","24.825","536"
"19","360898","20220620030000","18","1","宜蘭縣","礁溪鄉","121.745","24.830","15"
"56","360964","20220620030000","29","3","新北市","三峽區","121.410","24.865","55"
"171","360967","20220620030000","274","0","新北市","三峽區","121.410","24.870","155"
"102","360994","20220620030000","61","3","新北市","三峽區","121.415","24.885","102"
"16","361075","20220620030000","18","0","新北市","三峽區","121.445","24.830","17"
"27","361124","20220620030000","15","3","新北市","三峽區","121.430","24.845","21"
"25","361179","20220620030000","24","1","新北市","三峽區","121.435","24.860","25"
"21","361195","20220620030000","13","3","新北市","三峽區","121.440","24.865","30"
"10","361256","20220620030000","18","0","新北市","三峽區","121.450","24.890","10"
"33","361304","20220620030000","25","2","新北市","三峽區","121.375","24.885","32"
"25","361308","20220620030000","21","1","新北市","三峽區","121.400","24.885","26"
"690","361316","20220620030000","547","2","宜蘭縣","員山鄉","121.720","24.770","695"
"203","361349","20220620030000","205","0","宜蘭縣","員山鄉","121.715","24.775","199"
"400","361393","20220620030000","286","2","宜蘭縣","壯圍鄉","121.800","24.770","423"
"252","361412","20220620030000","221","1","宜蘭縣","宜蘭市","121.735","24.775","276"
"12","361413","20220620030000","13","0","宜蘭縣","宜蘭市","121.740","24.775","11"
"133","361414","20220620030000","116","1","宜蘭縣","宜蘭市","121.730","24.780","130"
"16","361433","20220620030000","10","3","宜蘭縣","頭城鎮","121.800","24.830","13"
"651","361441","20220620030000","615","1","宜蘭縣","頭城鎮","121.790","24.835","680"
"23","361461","20220620030000","17","2","宜蘭縣","頭城鎮","121.775","24.860","20"
"16","361466","20220620030000","16","1","新北市","坪林區","121.770","24.865","13"
"580","361479","20220620030000","467","2","宜蘭縣","頭城鎮","121.815","24.835","566"
"504","361482","20220620030000","218","3","宜蘭縣","頭城鎮","121.810","24.845","516"
"4173","361485","20220620030000","3627","1","新竹市","東區","120.985","24.800","4197"
"2578","361486","20220620030000","2044","2","新竹市","東區","120.985","24.810","2597"
"181","361502","20220620030000","93","3","桃園市","大溪區","121.330","24.880","117"
"147","361509","20220620030000","101","2","桃園市","大溪區","121.325","24.885","144"
"26","361515","20220620030000","33","0","桃園市","大溪區","121.325","24.890","26"
"22","361517","20220620030000","35","0","桃園市","大溪區","121.335","24.890","19"
"295","361521","20220620030000","262","1","桃園市","大溪區","121.250","24.865","298"
"29","361525","20220620030000","40","0","桃園市","大溪區","121.255","24.870","31"
"398","361530","20220620030000","564","0","桃園市","大溪區","121.260","24.875","500"
"648","361536","20220620030000","403","3","桃園市","大溪區","121.260","24.880","680"
"76","361538","20220620030000","104","0","桃園市","大溪區","121.275","24.880","120"
"820","361539","20220620030000","717","1","桃園市","大溪區","121.250","24.880","838"
"343","361545","20220620030000","257","2","桃園市","大溪區","121.275","24.885","356"
"173","361546","20220620030000","109","3","桃園市","大溪區","121.280","24.885","182"
"497","361547","20220620030000","263","3","桃園市","大溪區","121.275","24.890","497"
"1518","361550","20220620030000","963","3","桃園市","大溪區","121.295","24.885","1509"
"101","361551","20220620030000","86","1","桃園市","大溪區","121.300","24.880","102"
"100","361552","20220620030000","212","0","桃園市","大溪區","121.290","24.880","107"
"75","361556","20220620030000","84","0","新竹縣","新埔鎮","121.080","24.835","84"
"349","361565","20220620030000","309","1","新竹縣","新埔鎮","121.080","24.840","371"
"64","361570","20220620030000","32","3","新竹縣","新埔鎮","121.130","24.860","66"
"17","361574","20220620030000","15","1","新竹縣","新埔鎮","121.135","24.865","16"
"34","361579","20220620030000","27","2","新竹縣","新埔鎮","121.140","24.870","33"
"100","361585","20220620030000","64","3","新竹縣","新埔鎮","121.135","24.875","105"
"890","361597","20220620030000","578","3","新竹縣","新豐鄉","120.995","24.885","927"
"1239","361600","20220620030000","1048","1","新竹縣","新豐鄉","121.010","24.885","1261"
"634","361602","20220620030000","410","3","新竹市","東區","120.975","24.805","644"
"2285","361603","20220620030000","2101","1","新竹市","東區","120.980","24.805","2334"
"944","361604","20220620030000","737","2","新竹市","東區","120.980","24.810","952"
"1015","361605","20220620030000","1008","1","新竹市","東區","120.975","24.800","1045"
"50","361609","20220620030000","57","0","新竹市","東區","120.985","24.785","46"
"6985","361610","20220620030000","4736","2","新竹市","東區","121.020","24.780","7012"
"3114","361611","20220620030000","2341","2","新竹市","東區","121.015","24.785","3180"
"170","361614","20220620030000","171","0","新竹縣","新埔鎮","121.105","24.845","183"
"59","361615","20220620030000","44","2","新竹縣","新埔鎮","121.115","24.845","62"
"66","361621","20220620030000","41","3","新竹縣","新埔鎮","121.120","24.850","72"
"35","361623","20220620030000","26","2","新竹縣","新埔鎮","121.100","24.855","37"
"75","361624","20220620030000","54","2","新竹縣","新埔鎮","121.105","24.855","66"
"29","361628","20220620030000","28","1","新竹縣","新埔鎮","121.125","24.855","25"
"18","361635","20220620030000","24","0","新竹縣","新埔鎮","121.105","24.865","19"
"121","361642","20220620030000","83","2","新竹縣","新埔鎮","121.115","24.875","128"
"665","361646","20220620030000","630","1","新竹縣","新埔鎮","121.070","24.825","599"
"904","361648","20220620030000","691","2","新竹縣","新埔鎮","121.080","24.825","920"
"436","361651","20220620030000","336","2","新竹縣","新埔鎮","121.070","24.830","461"
"132","361655","20220620030000","57","3","新竹縣","新埔鎮","121.135","24.845","143"
"439","361668","20220620030000","352","2","新竹縣","新豐鄉","120.980","24.870","419"
"43","361671","20220620030000","18","3","新竹縣","新豐鄉","120.970","24.880","37"
"2600","361683","20220620030000","1430","3","新竹縣","竹東鎮","121.030","24.775","2599"
"205","361685","20220620030000","273","0","新竹縣","湖口鄉","121.010","24.855","223"
"340","361687","20220620030000","268","2","新竹縣","湖口鄉","121.020","24.855","336"
"187","361688","20220620030000","348","0","新竹縣","湖口鄉","121.025","24.855","187"
"1262","361692","20220620030000","1290","0","新竹縣","湖口鄉","121.010","24.860","1234"
"3033","361694","20220620030000","2911","1","新竹縣","湖口鄉","120.995","24.865","3093"
"1034","361695","20220620030000","819","2","新竹縣","湖口鄉","121.000","24.865","1067"
"79","361696","20220620030000","82","0","新竹縣","湖口鄉","121.005","24.865","68"
"164","361697","20220620030000","109","3","新竹縣","湖口鄉","121.010","24.865","174"
"1348","361698","20220620030000","1219","1","新竹縣","湖口鄉","121.000","24.870","1770"
"900","361700","20220620030000","208","3","新竹縣","湖口鄉","121.010","24.870","11318"
"3441","361702","20220620030000","555","3","新竹縣","湖口鄉","121.010","24.875","15645"
"790","361703","20220620030000","812","0","新竹縣","竹北市","121.030","24.810","778"
"1559","361704","20220620030000","1440","1","新竹縣","竹北市","121.035","24.810","1550"
"557","361705","20220620030000","338","3","新竹縣","竹北市","121.030","24.815","537"
"305","361712","20220620030000","321","0","桃園市","大溪區","121.260","24.890","272"
"297","361715","20220620030000","257","1","新竹市","香山區","120.920","24.810","285"
"322","361721","20220620030000","174","3","新竹市","香山區","120.925","24.815","343"
"102","361725","20220620030000","88","1","新竹市","香山區","120.915","24.820","99"
"629","361727","20220620030000","621","1","新竹市","香山區","120.925","24.820","657"
"703","361733","20220620030000","337","3","新竹市","北區","120.925","24.825","697"
"1307","361736","20220620030000","1413","0","新竹市","香山區","120.930","24.790","1329"
"767","361738","20220620030000","412","3","新竹市","香山區","120.930","24.795","788"
"398","361744","20220620030000","368","1","新竹市","香山區","120.915","24.780","407"
"237","361752","20220620030000","198","1","新竹市","香山區","120.920","24.785","224"
"1300","361756","20220620030000","1277","1","新竹市","香山區","120.920","24.805","1321"
"1026","361758","20220620030000","674","3","新竹市","香山區","120.935","24.805","1030"
"901","361761","20220620030000","858","1","新竹市","香山區","120.940","24.805","854"
"3475","361763","20220620030000","2486","2","新竹市","香山區","120.945","24.795","3652"
"375","361765","20220620030000","552","0","新竹市","香山區","120.940","24.790","378"
"83","361766","20220620030000","834","0","新竹市","香山區","120.935","24.790","89"
"133","361767","20220620030000","192","0","新竹市","香山區","120.935","24.800","129"
"619","361768","20220620030000","590","1","新竹市","香山區","120.940","24.795","594"
"50","362002","20220620030000","38","2","新竹縣","關西鎮","121.260","24.775","53"
"77","362027","20220620030000","114","0","新竹縣","湖口鄉","121.030","24.880","75"
"858","362033","20220620030000","798","1","新竹縣","湖口鄉","121.025","24.885","847"
"1036","362036","20220620030000","923","1","新竹縣","竹北市","120.965","24.860","1036"
"125","362037","20220620030000","99","2","新竹縣","竹北市","120.970","24.860","115"
"413","362039","20220620030000","406","1","新竹縣","竹北市","120.980","24.860","428"
"103","362040","20220620030000","87","1","新竹縣","竹北市","120.970","24.865","98"
"1711","362056","20220620030000","1480","1","新竹縣","竹北市","121.015","24.825","1732"
"1575","362057","20220620030000","1783","0","新竹縣","竹北市","121.010","24.830","1569"
"265","362058","20220620030000","164","3","新竹縣","竹北市","121.040","24.810","284"
"1604","362059","20220620030000","1256","2","新竹縣","竹北市","121.035","24.815","1596"
"106","362060","20220620030000","253","0","新竹縣","竹北市","121.040","24.815","106"
"2725","362063","20220620030000","3088","0","新竹縣","竹北市","121.030","24.820","2718"
"1416","362064","20220620030000","1281","1","新竹縣","竹北市","121.035","24.820","1452"
"1048","362066","20220620030000","1038","1","新竹縣","竹北市","121.020","24.825","1090"
"1010","362067","20220620030000","926","1","新竹縣","竹北市","121.025","24.825","996"
"4649","362068","20220620030000","3985","1","新竹縣","竹北市","121.030","24.825","4722"
"1804","362069","20220620030000","1199","3","新竹縣","竹北市","121.035","24.825","1787"
"2062","362070","20220620030000","1679","2","新竹縣","竹北市","121.015","24.830","2067"
"1063","362071","20220620030000","938","1","新竹縣","竹北市","121.020","24.830","1052"
"2149","362072","20220620030000","764","3","新竹縣","竹北市","121.025","24.830","2150"
"1787","362073","20220620030000","1451","2","新竹縣","新埔鎮","121.030","24.830","1577"
"48","362075","20220620030000","14","3","新竹縣","竹北市","120.990","24.855","49"
"509","362076","20220620030000","460","1","新竹縣","竹北市","120.995","24.855","549"
"342","362077","20220620030000","307","1","新竹縣","竹北市","120.990","24.860","343"
"134","362079","20220620030000","77","3","新竹縣","竹北市","120.995","24.860","132"
"3266","362081","20220620030000","1347","3","新竹市","東區","120.995","24.800","3339"
"668","362082","20220620030000","585","1","新竹市","東區","121.000","24.805","662"
"97","362085","20220620030000","274","0","新竹市","東區","121.000","24.810","94"
"645","362086","20220620030000","221","3","新竹市","東區","121.005","24.810","651"
"1000","362087","20220620030000","677","2","新竹市","東區","121.010","24.810","974"
"715","362088","20220620030000","605","1","新竹市","東區","120.995","24.815","718"
"1079","362092","20220620030000","929","1","新竹市","東區","121.010","24.775","1039"
"871","362093","20220620030000","711","2","新竹市","東區","121.015","24.775","848"
"2149","362094","20220620030000","1969","1","新竹市","東區","121.020","24.775","2153"
"4054","362095","20220620030000","3497","1","新竹市","東區","121.025","24.775","4133"
"2851","362096","20220620030000","2604","1","新竹市","東區","120.990","24.780","2883"
"579","362097","20220620030000","662","0","新竹市","東區","121.005","24.775","498"
"945","362098","20220620030000","689","2","新竹市","東區","121.005","24.780","924"
"1471","362099","20220620030000","763","3","新竹市","東區","121.010","24.780","1428"
"2425","362100","20220620030000","2102","1","新竹市","東區","121.015","24.780","2408"
"1285","362101","20220620030000","1279","1","新竹市","東區","121.005","24.785","1317"
"1487","362102","20220620030000","1221","2","新竹市","東區","121.010","24.785","1469"
"510","362103","20220620030000","541","0","新竹市","北區","120.945","24.835","527"
"373","362104","20220620030000","350","1","新竹市","北區","120.950","24.835","351"
"797","362107","20220620030000","647","2","新竹縣","竹東鎮","121.045","24.785","766"
"208","362108","20220620030000","212","0","新竹縣","竹東鎮","121.050","24.785","186"
"1387","362117","20220620030000","954","2","新竹縣","竹東鎮","121.035","24.790","1398"
"806","362122","20220620030000","645","2","新竹縣","竹東鎮","121.030","24.795","819"
"142","362128","20220620030000","156","0","新竹縣","竹北市","120.960","24.855","155"
"591","362141","20220620030000","483","2","新竹縣","竹北市","120.955","24.870","542"
"2004","362143","20220620030000","1484","2","新竹縣","竹北市","121.015","24.835","1988"
"231","362158","20220620030000","137","3","新竹縣","新豐鄉","120.975","24.890","219"
"2147","362159","20220620030000","1724","2","新竹市","東區","121.005","24.790","2174"
"6057","362160","20220620030000","2720","3","新竹市","東區","121.015","24.790","6224"
"46","362275","20220620030000","41","1","新北市","烏來區","121.525","24.835","40"
"19","362568","20220620030000","12","3","新北市","烏來區","121.590","24.850","14"
"117","362673","20220620030000","122","0","新北市","烏來區","121.550","24.875","139"
"56","362692","20220620030000","58","0","新北市","烏來區","121.545","24.880","50"
"100","362700","20220620030000","130","0","新北市","烏來區","121.550","24.885","102"
"147","362717","20220620030000","184","0","新北市","烏來區","121.555","24.845","144"
"21","362721","20220620030000","10","3","新北市","烏來區","121.540","24.850","19"
"54","362740","20220620030000","50","1","新北市","烏來區","121.560","24.860","48"
"282","362744","20220620030000","472","0","新北市","烏來區","121.550","24.865","288"
"63","362793","20220620030000","42","3","新北市","烏來區","121.510","24.775","56"
"1767","362984","20220620030000","1491","1","新竹市","東區","120.960","24.795","1810"
"7125","362985","20220620030000","4960","2","新竹市","東區","121.020","24.790","7158"
"1413","362988","20220620030000","1341","1","新竹市","東區","120.970","24.775","1437"
"2718","362990","20220620030000","1792","3","新竹市","東區","120.985","24.805","2666"
"27","362991","20220620030000","25","1","新竹市","東區","120.965","24.775","33"
"1104","362992","20220620030000","1350","0","新竹市","北區","120.960","24.805","1011"
"500","362994","20220620030000","430","1","新竹縣","竹北市","120.945","24.850","523"
"857","362996","20220620030000","756","1","新竹縣","竹北市","120.945","24.855","885"
"1940","362998","20220620030000","1804","1","新竹縣","竹北市","120.995","24.840","1918"
"1665","362999","20220620030000","1418","1","新竹縣","竹北市","121.000","24.840","1718"
"516","363002","20220620030000","636","0","新竹縣","竹北市","121.035","24.800","537"
"947","363004","20220620030000","995","0","新竹縣","竹北市","121.025","24.805","970"
"1548","363005","20220620030000","1623","0","新竹縣","竹北市","121.030","24.805","1551"
"3494","363006","20220620030000","2177","3","新竹縣","竹北市","121.035","24.805","3495"
"3954","363007","20220620030000","2936","2","新竹縣","竹北市","121.025","24.810","4001"
"100","363008","20220620030000","71","2","新竹縣","芎林鄉","121.065","24.790","87"
"712","363013","20220620030000","570","2","新竹縣","竹北市","121.050","24.805","718"
"252","363016","20220620030000","297","0","新竹縣","竹北市","121.045","24.810","243"
"2840","363021","20220620030000","2626","1","新竹縣","竹北市","121.005","24.840","2836"
"615","363023","20220620030000","371","3","新竹縣","竹北市","121.020","24.840","614"
"1684","363024","20220620030000","1210","2","新竹縣","竹北市","121.000","24.845","1696"
"967","363025","20220620030000","613","3","新竹縣","竹北市","121.000","24.855","959"
"695","363026","20220620030000","504","2","新竹縣","竹北市","121.010","24.845","699"
"254","363027","20220620030000","394","0","新竹縣","新埔鎮","121.015","24.850","253"
"292","363028","20220620030000","197","2","新竹縣","竹北市","121.020","24.845","303"
"73","363029","20220620030000","79","0","新竹縣","竹北市","121.000","24.850","78"
"1468","363032","20220620030000","792","3","新竹縣","芎林鄉","121.080","24.775","1471"
"15","363046","20220620030000","12","2","新竹縣","關西鎮","121.140","24.790","12"
"10","363048","20220620030000","13","0","新竹縣","關西鎮","121.150","24.790","12"
"120","363062","20220620030000","96","2","新竹縣","關西鎮","121.185","24.800","118"
"370","363073","20220620030000","242","3","新竹縣","關西鎮","121.200","24.810","358"
"85","363082","20220620030000","140","0","新竹縣","關西鎮","121.180","24.820","71"
"85","363084","20220620030000","78","1","新竹縣","關西鎮","121.175","24.825","85"
"891","363085","20220620030000","719","2","桃園市","龍潭區","121.180","24.825","919"
"951","363086","20220620030000","808","1","新竹市","東區","120.975","24.795","862"
"1377","363088","20220620030000","953","2","新竹縣","寶山鄉","120.985","24.775","1409"
"540","363090","20220620030000","387","2","新竹市","東區","120.980","24.780","515"
"1408","363093","20220620030000","1315","1","新竹市","東區","120.980","24.785","1427"
"1514","363094","20220620030000","923","3","新竹縣","新豐鄉","121.000","24.875","1488"
"1056","363095","20220620030000","894","1","新竹縣","新豐鄉","120.995","24.880","1028"
"594","363096","20220620030000","384","3","新竹縣","新豐鄉","121.000","24.880","710"
"401","363097","20220620030000","267","3","新竹縣","新豐鄉","121.005","24.880","403"
"2233","363098","20220620030000","1180","3","新竹縣","新豐鄉","120.990","24.870","2253"
"3726","363099","20220620030000","3323","1","新竹縣","新豐鄉","120.995","24.870","3708"
"1839","363100","20220620030000","1402","2","新竹縣","新豐鄉","120.985","24.865","1843"
"514","363101","20220620030000","362","2","新竹縣","新豐鄉","120.990","24.865","483"
"107","363102","20220620030000","567","0","新竹縣","新豐鄉","120.985","24.870","110"
"747","363103","20220620030000","540","2","新竹縣","新豐鄉","120.985","24.875","768"
"608","363109","20220620030000","581","1","新竹縣","關西鎮","121.145","24.805","600"
"42","363127","20220620030000","43","0","新竹縣","關西鎮","121.120","24.780","42"
"18","363131","20220620030000","16","1","新竹縣","關西鎮","121.115","24.785","20"
"174","363143","20220620030000","115","3","新竹縣","關西鎮","121.130","24.790","180"
"103","363153","20220620030000","40","3","新竹縣","關西鎮","121.200","24.775","94"
"1064","363158","20220620030000","898","1","新竹縣","關西鎮","121.175","24.785","1088"
"44","363159","20220620030000","48","0","新竹縣","關西鎮","121.180","24.790","55"
"1089","363160","20220620030000","879","2","新竹縣","關西鎮","121.185","24.790","1099"
"396","363164","20220620030000","321","2","新竹縣","關西鎮","121.190","24.795","389"
"20","363183","20220620030000","23","0","新竹縣","關西鎮","121.205","24.780","19"
"252","363195","20220620030000","101","3","新竹縣","關西鎮","121.195","24.790","232"
"10","363197","20220620030000","12","0","新竹縣","關西鎮","121.205","24.790","14"
"59","363217","20220620030000","48","2","新竹縣","關西鎮","121.230","24.795","52"
"85","363223","20220620030000","63","2","新竹縣","關西鎮","121.235","24.800","74"
"24","363229","20220620030000","13","3","新竹縣","關西鎮","121.135","24.820","18"
"533","363233","20220620030000","483","1","新竹縣","關西鎮","121.115","24.825","440"
"649","363256","20220620030000","400","3","新竹縣","關西鎮","121.165","24.830","632"
"79","363258","20220620030000","45","3","新竹縣","新埔鎮","121.125","24.835","73"
"203","363272","20220620030000","220","0","新竹縣","關西鎮","121.150","24.840","212"
"1102","363274","20220620030000","920","1","新竹縣","關西鎮","121.135","24.810","1081"
"60","363279","20220620030000","49","2","新竹縣","關西鎮","121.130","24.815","51"
"19","363288","20220620030000","19","1","新竹縣","關西鎮","121.165","24.795","15"
"472","363291","20220620030000","401","1","新竹縣","關西鎮","121.165","24.800","477"
"2651","363304","20220620030000","1957","2","新竹縣","關西鎮","121.175","24.790","2763"
"218","363305","20220620030000","257","0","新竹縣","關西鎮","121.170","24.795","215"
"336","363306","20220620030000","366","0","新竹縣","關西鎮","121.175","24.795","219"
"55","363308","20220620030000","79","0","新竹縣","關西鎮","121.175","24.805","62"
"3173","363344","20220620030000","1658","3","桃園市","龍潭區","121.230","24.875","3152"
"340","363345","20220620030000","450","0","桃園市","龍潭區","121.230","24.880","340"
"906","363346","20220620030000","849","1","桃園市","龍潭區","121.225","24.855","900"
"90","363347","20220620030000","50","3","桃園市","龍潭區","121.230","24.855","76"
"41","363355","20220620030000","27","3","桃園市","龍潭區","121.235","24.865","38"
"72","363358","20220620030000","500","0","桃園市","龍潭區","121.230","24.870","86"
"551","363359","20220620030000","563","0","桃園市","龍潭區","121.235","24.870","566"
"273","363362","20220620030000","422","0","桃園市","平鎮區","121.245","24.875","231"
"1069","363365","20220620030000","1078","0","桃園市","龍潭區","121.235","24.840","1102"
"1366","363366","20220620030000","1225","1","桃園市","龍潭區","121.240","24.835","1317"
"196","363369","20220620030000","103","3","桃園市","龍潭區","121.240","24.845","195"
"181","363370","20220620030000","89","3","桃園市","龍潭區","121.245","24.850","179"
"85","363371","20220620030000","50","3","桃園市","龍潭區","121.250","24.850","75"
"403","363374","20220620030000","175","3","桃園市","龍潭區","121.250","24.855","395"
"14","363376","20220620030000","20","0","桃園市","龍潭區","121.255","24.860","15"
"258","363377","20220620030000","208","2","桃園市","龍潭區","121.180","24.870","260"
"1064","363380","20220620030000","1024","1","桃園市","龍潭區","121.195","24.870","1080"
"445","363388","20220620030000","350","2","桃園市","龍潭區","121.185","24.880","444"
"1379","363392","20220620030000","818","3","桃園市","龍潭區","121.185","24.885","1355"
"29","363394","20220620030000","22","2","桃園市","龍潭區","121.180","24.885","29"
"240","363396","20220620030000","227","1","桃園市","龍潭區","121.190","24.885","238"
"81","363397","20220620030000","91","0","桃園市","龍潭區","121.190","24.890","98"
"4351","363481","20220620030000","3675","1","新竹市","東區","120.975","24.810","4335"
"2802","363482","20220620030000","2190","2","新竹市","東區","120.970","24.800","2732"
"905","363483","20220620030000","821","1","新竹市","東區","120.970","24.810","907"
"717","363484","20220620030000","586","2","新竹市","東區","120.970","24.785","746"
"1509","363485","20220620030000","693","3","新竹市","東區","120.975","24.785","1513"
"4544","363486","20220620030000","3733","2","新竹市","東區","120.965","24.795","4549"
"615","363502","20220620030000","583","1","桃園市","龍潭區","121.185","24.840","606"
"463","363507","20220620030000","471","0","桃園市","龍潭區","121.185","24.845","468"
"161","363514","20220620030000","166","0","桃園市","龍潭區","121.195","24.850","152"
"234","363523","20220620030000","216","1","桃園市","龍潭區","121.190","24.860","242"
"417","363528","20220620030000","511","0","桃園市","龍潭區","121.245","24.835","396"
"301","363532","20220620030000","192","3","桃園市","龍潭區","121.245","24.840","292"
"88","363557","20220620030000","91","0","桃園市","龍潭區","121.240","24.830","86"
"663","363560","20220620030000","496","2","桃園市","龍潭區","121.230","24.835","694"
"49","363589","20220620030000","27","3","桃園市","龍潭區","121.160","24.870","48"
"791","363593","20220620030000","564","2","桃園市","龍潭區","121.210","24.840","815"
"386","363597","20220620030000","287","2","桃園市","龍潭區","121.200","24.855","382"
"592","363599","20220620030000","645","0","桃園市","龍潭區","121.210","24.855","618"
"1319","363602","20220620030000","639","3","桃園市","龍潭區","121.225","24.845","1316"
"308","363603","20220620030000","605","0","桃園市","龍潭區","121.230","24.845","321"
"16","363605","20220620030000","11","2","桃園市","龍潭區","121.225","24.850","16"
"1588","363611","20220620030000","1420","1","桃園市","龍潭區","121.220","24.850","1604"
"1153","363613","20220620030000","987","1","桃園市","龍潭區","121.215","24.865","1167"
"599","363614","20220620030000","571","1","桃園市","龍潭區","121.220","24.865","587"
"490","363615","20220620030000","472","1","桃園市","龍潭區","121.210","24.870","471"
"860","363616","20220620030000","829","1","桃園市","龍潭區","121.215","24.870","891"
"608","363620","20220620030000","541","1","桃園市","龍潭區","121.220","24.860","593"
"330","363625","20220620030000","339","0","桃園市","龍潭區","121.205","24.865","354"
"165","363626","20220620030000","154","1","桃園市","龍潭區","121.200","24.870","167"
"1692","363627","20220620030000","795","3","桃園市","龍潭區","121.205","24.870","1718"
"3511","363628","20220620030000","2797","2","新竹縣","竹北市","121.020","24.835","3519"
"2472","363629","20220620030000","1694","2","新竹縣","竹北市","121.025","24.835","2471"
"1074","363630","20220620030000","1233","0","新竹縣","竹北市","121.010","24.835","1093"
"460","363633","20220620030000","374","2","新竹市","東區","120.960","24.780","449"
"640","363634","20220620030000","447","2","新竹市","東區","120.965","24.780","649"
"1515","363637","20220620030000","1250","2","新竹市","東區","120.965","24.785","1542"
"3895","363639","20220620030000","3508","1","新竹市","東區","120.965","24.790","3960"
"2394","363641","20220620030000","2916","0","新竹市","東區","121.020","24.785","2346"
"464","363642","20220620030000","265","3","新竹縣","竹東鎮","121.025","24.785","438"
"1032","363644","20220620030000","823","2","新竹縣","竹東鎮","121.035","24.775","1005"
"192","363646","20220620030000","84","3","新竹縣","竹東鎮","121.045","24.775","189"
"3222","363648","20220620030000","2059","3","新竹縣","竹東鎮","121.030","24.780","3226"
"325","363649","20220620030000","731","0","新竹縣","竹東鎮","121.035","24.780","307"
"95","363651","20220620030000","377","0","新竹縣","竹東鎮","121.045","24.780","79"
"1043","363655","20220620030000","1006","1","桃園市","龍潭區","121.235","24.880","1090"
"986","363658","20220620030000","890","1","桃園市","龍潭區","121.240","24.880","959"
"54","363661","20220620030000","45","2","桃園市","龍潭區","121.240","24.810","59"
"589","363663","20220620030000","543","1","桃園市","龍潭區","121.240","24.815","608"
"300","363667","20220620030000","302","0","桃園市","龍潭區","121.230","24.825","313"
"661","363668","20220620030000","597","1","桃園市","龍潭區","121.235","24.825","650"
"972","363676","20220620030000","788","2","桃園市","龍潭區","121.230","24.840","953"
"563","363677","20220620030000","467","2","新竹縣","竹北市","121.005","24.845","587"
"1596","363682","20220620030000","1142","2","新竹縣","芎林鄉","121.080","24.780","1579"
"218","363685","20220620030000","150","2","新竹縣","芎林鄉","121.075","24.785","233"
"1223","363687","20220620030000","1153","1","新竹縣","芎林鄉","121.070","24.790","1235"
"838","363696","20220620030000","413","3","新竹縣","芎林鄉","121.060","24.795","851"
"22","363707","20220620030000","16","2","新竹縣","芎林鄉","121.065","24.810","25"
"746","363709","20220620030000","626","1","新竹縣","芎林鄉","121.090","24.775","745"
"19","363713","20220620030000","19","1","新竹縣","芎林鄉","121.110","24.775","20"
"12","363719","20220620030000","10","2","新竹縣","芎林鄉","121.110","24.785","10"
"38","363721","20220620030000","31","2","新竹縣","芎林鄉","121.085","24.780","37"
"60","363725","20220620030000","56","1","新竹縣","芎林鄉","121.100","24.780","73"
"318","363728","20220620030000","242","2","新竹縣","芎林鄉","121.100","24.785","304"
"1228","363737","20220620030000","980","2","新竹縣","竹北市","120.985","24.835","1232"
"639","363744","20220620030000","353","3","新竹縣","竹北市","120.975","24.840","715"
"759","363746","20220620030000","492","3","新竹縣","竹北市","120.955","24.840","758"
"550","363748","20220620030000","429","2","新竹縣","竹北市","120.965","24.840","459"
"147","363755","20220620030000","122","2","新竹縣","竹北市","120.960","24.850","133"
"61","363765","20220620030000","246","0","宜蘭縣","礁溪鄉","121.790","24.795","261"
"31","363769","20220620030000","139","0","宜蘭縣","礁溪鄉","121.780","24.800","34"
"216","363770","20220620030000","160","2","宜蘭縣","礁溪鄉","121.785","24.800","236"
"226","363777","20220620030000","199","1","宜蘭縣","礁溪鄉","121.790","24.810","200"
"966","363779","20220620030000","1127","0","宜蘭縣","礁溪鄉","121.775","24.830","838"
"669","363783","20220620030000","599","1","宜蘭縣","礁溪鄉","121.780","24.835","664"
"383","363797","20220620030000","308","2","宜蘭縣","礁溪鄉","121.790","24.830","391"
"20","363798","20220620030000","35","0","宜蘭縣","礁溪鄉","121.785","24.835","17"
"1399","363803","20220620030000","828","3","桃園市","平鎮區","121.200","24.890","1415"
"1678","363805","20220620030000","1703","0","新竹市","北區","120.955","24.805","1704"
"517","363808","20220620030000","609","0","新竹市","北區","120.945","24.815","513"
"43","363811","20220620030000","33","2","新竹市","北區","120.955","24.785","36"
"2491","363814","20220620030000","1961","2","新竹市","北區","120.955","24.790","2509"
"876","363815","20220620030000","806","1","新竹市","香山區","120.950","24.795","870"
"1070","363816","20220620030000","1039","1","桃園市","大溪區","121.290","24.885","1051"
"1407","363817","20220620030000","1391","1","新竹縣","寶山鄉","120.990","24.775","1426"
"587","363818","20220620030000","383","3","新竹縣","寶山鄉","120.995","24.775","712"
"1296","363819","20220620030000","1306","0","新竹縣","寶山鄉","121.000","24.775","1311"
"1082","363821","20220620030000","855","2","新竹市","東區","120.995","24.780","1008"
"2168","363824","20220620030000","797","3","新竹縣","竹北市","121.010","24.820","2182"
"1905","363825","20220620030000","1629","1","新竹縣","竹北市","121.015","24.820","1920"
"2131","363826","20220620030000","1658","2","新竹縣","竹北市","121.005","24.825","2223"
"3464","363827","20220620030000","2644","2","新竹縣","竹北市","121.010","24.825","3439"
"2570","363828","20220620030000","1790","2","新竹縣","竹北市","121.005","24.830","2596"
"622","363835","20220620030000","363","3","新竹縣","新埔鎮","121.050","24.835","631"
"684","363837","20220620030000","532","2","新竹縣","新埔鎮","121.045","24.840","687"
"227","363839","20220620030000","36","3","新竹縣","新埔鎮","121.055","24.840","233"
"824","363852","20220620030000","607","2","新竹縣","新埔鎮","121.025","24.845","847"
"219","363854","20220620030000","60","3","新竹縣","新埔鎮","121.035","24.845","210"
"108","363855","20220620030000","274","0","新竹縣","新埔鎮","121.040","24.845","100"
"25","363860","20220620030000","18","2","新竹縣","新埔鎮","121.030","24.850","20"
"11","363864","20220620030000","14","0","桃園市","龍潭區","121.210","24.875","15"
"1521","363865","20220620030000","1294","1","桃園市","龍潭區","121.205","24.880","1518"
"362","363866","20220620030000","336","1","新竹縣","竹北市","120.980","24.840","347"
"882","363870","20220620030000","883","0","新竹縣","竹北市","120.975","24.850","915"
"573","363871","20220620030000","338","3","新竹縣","竹北市","120.980","24.850","582"
"82","363872","20220620030000","240","0","新竹縣","竹東鎮","121.055","24.775","76"
"890","363875","20220620030000","346","3","新竹縣","竹東鎮","121.055","24.780","907"
"146","363877","20220620030000","169","0","新竹縣","竹東鎮","121.055","24.785","151"
"58","363882","20220620030000","42","2","宜蘭縣","礁溪鄉","121.745","24.800","73"
"248","363884","20220620030000","233","1","宜蘭縣","礁溪鄉","121.755","24.800","235"
"1296","363890","20220620030000","678","3","宜蘭縣","礁溪鄉","121.740","24.780","1286"
"143","363899","20220620030000","107","2","宜蘭縣","礁溪鄉","121.740","24.790","137"
"478","363936","20220620030000","420","1","新竹市","香山區","120.950","24.775","466"
"12","363937","20220620030000","12","1","新竹市","香山區","120.955","24.775","12"
"524","363940","20220620030000","420","2","新竹市","香山區","120.950","24.780","521"
"296","363941","20220620030000","294","1","新竹市","香山區","120.935","24.795","273"
"642","363948","20220620030000","506","2","新竹市","香山區","120.925","24.800","643"
"2628","363957","20220620030000","1517","3","新竹縣","竹北市","120.995","24.835","2611"
"752","363960","20220620030000","826","0","新竹縣","竹北市","121.000","24.825","754"
"587","363961","20220620030000","513","1","新竹縣","竹北市","120.990","24.830","606"
"1258","363963","20220620030000","1010","2","新竹縣","竹北市","121.000","24.830","1228"
"1754","363964","20220620030000","1596","1","新竹縣","竹北市","121.000","24.835","1781"
"671","363965","20220620030000","666","1","新竹縣","竹北市","121.005","24.835","658"
"671","363968","20220620030000","587","1","新竹縣","竹北市","120.970","24.835","705"
"3065","363976","20220620030000","2667","1","桃園市","龍潭區","121.215","24.860","3052"
"1055","363977","20220620030000","553","3","桃園市","龍潭區","121.210","24.865","1099"
"350","363980","20220620030000","173","3","新竹縣","新埔鎮","121.110","24.815","363"
"46","363983","20220620030000","41","1","新竹縣","新埔鎮","121.100","24.820","61"
"659","363985","20220620030000","447","2","新竹縣","新埔鎮","121.090","24.825","645"
"341","363989","20220620030000","193","3","新竹縣","關西鎮","121.110","24.825","272"
"189","363993","20220620030000","517","0","新竹市","北區","120.965","24.820","182"
"2736","363994","20220620030000","2098","2","新竹市","北區","120.970","24.820","2712"
"2062","363995","20220620030000","2552","0","新竹市","北區","120.955","24.810","2029"
"3054","363996","20220620030000","2541","2","新竹市","北區","120.960","24.810","3100"
"825","363997","20220620030000","742","1","宜蘭縣","頭城鎮","121.825","24.860","818"
"33","364010","20220620030000","24","2","桃園市","大溪區","121.295","24.835","35"
"35","364013","20220620030000","41","0","桃園市","大溪區","121.280","24.840","49"
"12","364014","20220620030000","17","0","桃園市","大溪區","121.285","24.840","12"
"709","364024","20220620030000","522","2","桃園市","大溪區","121.285","24.850","713"
"21","364032","20220620030000","242","0","桃園市","大溪區","121.295","24.855","22"
"23","364043","20220620030000","17","2","桃園市","大溪區","121.305","24.860","19"
"281","364050","20220620030000","261","1","桃園市","大溪區","121.295","24.865","274"
"107","364052","20220620030000","78","2","桃園市","大溪區","121.305","24.865","78"
"321","364061","20220620030000","200","3","桃園市","大溪區","121.300","24.870","317"
"204","364068","20220620030000","205","0","桃園市","大溪區","121.300","24.875","200"
"205","364110","20220620030000","219","0","桃園市","大溪區","121.270","24.840","199"
"32","364116","20220620030000","22","2","桃園市","大溪區","121.275","24.850","27"
"710","364119","20220620030000","419","3","新竹縣","新豐鄉","121.005","24.885","723"
"891","364123","20220620030000","620","2","新竹縣","新豐鄉","121.005","24.890","871"
"431","364126","20220620030000","366","1","新竹縣","湖口鄉","121.020","24.890","422"
"124","364127","20220620030000","43","3","新竹縣","新豐鄉","120.995","24.875","122"
"481","364129","20220620030000","449","1","新竹縣","新豐鄉","120.990","24.880","470"
"160","364130","20220620030000","238","0","新竹縣","新豐鄉","120.990","24.885","184"
"1353","364132","20220620030000","1332","1","新竹縣","新豐鄉","120.990","24.890","1398"
"277","364139","20220620030000","270","1","新竹縣","湖口鄉","121.025","24.890","288"
"777","364141","20220620030000","766","1","新竹縣","湖口鄉","121.035","24.890","771"
"696","364143","20220620030000","554","2","新竹縣","湖口鄉","121.020","24.860","722"
"145","364146","20220620030000","144","1","新竹縣","湖口鄉","121.015","24.865","154"
"274","364147","20220620030000","81","3","新竹縣","湖口鄉","121.020","24.865","259"
"1807","364148","20220620030000","1442","2","新竹縣","湖口鄉","121.025","24.865","1861"
"589","364149","20220620030000","563","1","新竹縣","湖口鄉","121.030","24.865","589"
"179","364163","20220620030000","491","0","新竹縣","湖口鄉","121.035","24.875","183"
"833","364164","20220620030000","756","1","新竹縣","湖口鄉","121.040","24.875","784"
"321","364168","20220620030000","411","0","新竹縣","湖口鄉","121.035","24.880","344"
"326","364171","20220620030000","349","0","新竹縣","湖口鄉","121.050","24.880","341"
"202","364189","20220620030000","160","2","新竹縣","湖口鄉","121.075","24.880","199"
"219","364194","20220620030000","193","1","新竹縣","湖口鄉","121.070","24.885","206"
"268","364195","20220620030000","166","3","新竹縣","湖口鄉","121.075","24.885","275"
"678","364201","20220620030000","681","0","新竹縣","湖口鄉","121.055","24.880","672"
"384","364202","20220620030000","178","3","新竹縣","湖口鄉","121.060","24.880","359"
"745","364205","20220620030000","602","2","新竹縣","湖口鄉","121.050","24.885","750"
"82","364211","20220620030000","80","1","新竹縣","湖口鄉","121.105","24.880","84"
"407","364216","20220620030000","396","1","新竹縣","湖口鄉","121.090","24.885","432"
"145","364221","20220620030000","118","2","新竹縣","湖口鄉","121.095","24.885","135"
"33","364222","20220620030000","27","2","新竹縣","湖口鄉","121.100","24.885","46"
"66","364228","20220620030000","55","2","新竹縣","湖口鄉","121.110","24.890","70"
"215","364231","20220620030000","109","3","新竹縣","湖口鄉","121.085","24.885","194"
"492","364236","20220620030000","342","2","新竹縣","湖口鄉","121.080","24.890","498"
"343","364238","20220620030000","311","1","新竹縣","湖口鄉","121.090","24.890","320"
"2499","364239","20220620030000","2425","1","新竹縣","湖口鄉","121.015","24.870","2698"
"538","364240","20220620030000","625","0","新竹縣","湖口鄉","121.015","24.875","536"
"923","364242","20220620030000","751","2","新竹縣","湖口鄉","121.025","24.875","908"
"519","364243","20220620030000","436","1","新竹縣","湖口鄉","121.010","24.880","1031"
"3423","364244","20220620030000","2259","3","新竹市","北區","120.965","24.805","3334"
"30","364290","20220620030000","25","2","新北市","新店區","121.510","24.890","20"
"19","364291","20220620030000","15","2","新北市","新店區","121.515","24.890","20"
"526","364296","20220620030000","629","0","桃園市","大溪區","121.265","24.885","521"
"443","364314","20220620030000","221","3","桃園市","大溪區","121.280","24.870","433"
"26","364340","20220620030000","32","0","桃園市","大溪區","121.285","24.820","19"
"94","364352","20220620030000","78","2","桃園市","大溪區","121.310","24.825","96"
"31","364359","20220620030000","20","3","桃園市","大溪區","121.305","24.830","28"
"16","364384","20220620030000","70","0","桃園市","大溪區","121.335","24.845","16"
"62","364400","20220620030000","68","0","桃園市","大溪區","121.285","24.885","43"
"721","364405","20220620030000","465","3","桃園市","大溪區","121.300","24.890","725"
"209","364408","20220620030000","170","2","新竹縣","湖口鄉","121.055","24.885","222"
"860","364409","20220620030000","543","3","新竹縣","湖口鄉","121.045","24.890","888"
"63","364410","20220620030000","104","0","新竹縣","湖口鄉","121.050","24.890","68"
"143","364419","20220620030000","135","1","新竹縣","湖口鄉","121.040","24.860","157"
"1380","364424","20220620030000","1141","2","新竹縣","湖口鄉","121.035","24.865","1351"
"102","364429","20220620030000","100","1","新竹縣","湖口鄉","121.020","24.870","128"
"1079","364430","20220620030000","1456","0","新竹縣","湖口鄉","121.025","24.870","1055"
"1346","364431","20220620030000","1253","1","新竹縣","湖口鄉","121.030","24.870","1331"
"1217","364432","20220620030000","1683","0","新竹縣","湖口鄉","121.035","24.870","1361"
"785","364436","20220620030000","443","3","新竹縣","湖口鄉","121.030","24.875","809"
"38","364448","20220620030000","27","2","新竹縣","新埔鎮","121.095","24.805","31"
"284","364453","20220620030000","252","1","新竹縣","新埔鎮","121.090","24.810","244"
"70","364455","20220620030000","56","2","新竹縣","新埔鎮","121.100","24.810","66"
"145","364470","20220620030000","70","3","新竹縣","新埔鎮","121.095","24.855","112"
"371","364480","20220620030000","476","0","新竹縣","新埔鎮","121.060","24.835","363"
"326","364482","20220620030000","182","3","新竹縣","新埔鎮","121.060","24.840","312"
"2173","364497","20220620030000","1967","1","新竹縣","新埔鎮","121.085","24.830","2209"
"52","364505","20220620030000","49","1","新竹縣","芎林鄉","121.085","24.790","62"
"80","364507","20220620030000","41","3","新竹縣","新埔鎮","121.085","24.795","86"
"77","364516","20220620030000","37","3","新竹縣","新埔鎮","121.080","24.810","69"
"196","364518","20220620030000","159","2","新竹縣","新埔鎮","121.080","24.815","200"
"590","364538","20220620030000","426","2","新竹縣","新埔鎮","121.120","24.840","564"
"592","364549","20220620030000","600","0","新竹縣","新埔鎮","121.060","24.820","582"
"158","364555","20220620030000","154","1","新竹縣","新埔鎮","121.060","24.825","170"
"47","364557","20220620030000","917","0","新竹縣","新埔鎮","121.035","24.830","37"
"828","364558","20220620030000","551","3","新竹縣","新埔鎮","121.040","24.830","836"
"2925","364561","20220620030000","2005","2","新竹縣","新埔鎮","121.030","24.835","2993"
"30","364571","20220620030000","49","0","新竹縣","新埔鎮","121.145","24.855","32"
"1302","364579","20220620030000","1043","2","新竹縣","新埔鎮","121.080","24.830","1298"
"63","364580","20220620030000","59","1","新竹縣","新埔鎮","121.075","24.830","55"
"291","364581","20220620030000","247","1","宜蘭縣","宜蘭市","121.760","24.770","253"
"410","364583","20220620030000","219","3","宜蘭縣","宜蘭市","121.770","24.770","407"
"138","364585","20220620030000","137","1","宜蘭縣","宜蘭市","121.765","24.770","148"
"238","364586","20220620030000","147","3","宜蘭縣","宜蘭市","121.760","24.775","239"
"432","364587","20220620030000","341","2","宜蘭縣","宜蘭市","121.760","24.780","421"
"19","364588","20220620030000","25","0","桃園市","平鎮區","121.185","24.890","22"
"314","364590","20220620030000","181","3","桃園市","大溪區","121.285","24.865","294"
"699","364594","20220620030000","465","3","桃園市","大溪區","121.285","24.875","717"
"1216","364597","20220620030000","1198","1","桃園市","大溪區","121.285","24.880","1250"
"914","364599","20220620030000","1155","0","桃園市","大溪區","121.295","24.880","902"
"1273","364601","20220620030000","1216","1","桃園市","大溪區","121.270","24.880","1315"
"15","364604","20220620030000","12","2","桃園市","楊梅區","121.175","24.885","15"
"294","364607","20220620030000","234","2","桃園市","楊梅區","121.180","24.890","294"
"464","364609","20220620030000","496","0","桃園市","龍潭區","121.235","24.875","462"
"559","364612","20220620030000","492","1","桃園市","龍潭區","121.220","24.870","534"
"1020","364613","20220620030000","695","2","桃園市","龍潭區","121.225","24.870","1004"
"706","364614","20220620030000","487","2","桃園市","龍潭區","121.205","24.885","716"
"143","364615","20220620030000","62","3","桃園市","龍潭區","121.205","24.890","149"
"1015","364616","20220620030000","1010","1","桃園市","龍潭區","121.210","24.885","993"
"380","364618","20220620030000","352","1","新竹縣","竹北市","120.990","24.835","389"
"414","364620","20220620030000","422","0","新竹縣","竹北市","120.990","24.840","414"
"676","364623","20220620030000","684","0","新竹縣","竹北市","120.990","24.845","675"
"785","364629","20220620030000","1129","0","新竹縣","竹北市","121.045","24.795","806"
"1558","364631","20220620030000","1243","2","新竹縣","竹北市","121.040","24.800","1566"
"734","364632","20220620030000","649","1","新竹縣","竹北市","121.045","24.800","753"
"565","364633","20220620030000","564","1","新竹縣","竹北市","121.050","24.800","563"
"1209","364634","20220620030000","954","2","新竹縣","竹北市","121.040","24.805","1023"
"561","364635","20220620030000","430","2","新竹縣","竹北市","121.045","24.805","572"
"2035","364637","20220620030000","1143","3","新竹縣","竹北市","121.020","24.810","2053"
"2353","364639","20220620030000","1871","2","新竹縣","竹北市","121.020","24.815","2408"
"2073","364640","20220620030000","1922","1","新竹縣","竹北市","121.025","24.815","2026"
"432","364641","20220620030000","262","3","新竹縣","竹北市","121.020","24.820","444"
"2204","364642","20220620030000","2743","0","新竹縣","竹北市","121.025","24.820","2245"
"1379","364648","20220620030000","1051","2","新竹市","北區","120.925","24.840","1413"
"760","364657","20220620030000","760","1","桃園市","龍潭區","121.210","24.890","794"
"62","364662","20220620030000","29","3","桃園市","復興區","121.325","24.775","64"
"10","364692","20220620030000","20","0","桃園市","復興區","121.335","24.790","31"
"123","364720","20220620030000","114","1","桃園市","復興區","121.345","24.805","112"
"178","364731","20220620030000","134","2","桃園市","復興區","121.350","24.815","184"
"95","364735","20220620030000","82","1","桃園市","復興區","121.350","24.820","97"
"78","364741","20220620030000","61","2","桃園市","復興區","121.370","24.825","77"
"112","364767","20220620030000","120","0","桃園市","復興區","121.375","24.800","122"
"30","364824","20220620030000","30","1","桃園市","復興區","121.375","24.785","32"
"34","364825","20220620030000","23","2","桃園市","復興區","121.380","24.785","24"
"56","364828","20220620030000","23","3","桃園市","復興區","121.395","24.785","45"
"12","364892","20220620030000","10","2","桃園市","復興區","121.275","24.790","11"
"86","364934","20220620030000","87","0","桃園市","復興區","121.305","24.800","88"
"29","364969","20220620030000","21","2","桃園市","復興區","121.400","24.805","23"
"39","365017","20220620030000","40","0","桃園市","復興區","121.390","24.825","42"
"68","365042","20220620030000","41","3","桃園市","復興區","121.385","24.835","38"
"183","365054","20220620030000","225","0","桃園市","楊梅區","121.155","24.880","196"
"93","365058","20220620030000","78","1","桃園市","楊梅區","121.155","24.885","84"
"348","365063","20220620030000","369","0","桃園市","楊梅區","121.150","24.885","323"
"209","365065","20220620030000","218","0","桃園市","楊梅區","121.160","24.885","211"
"40","365067","20220620030000","151","0","桃園市","楊梅區","121.150","24.890","38"
"990","365068","20220620030000","922","1","桃園市","楊梅區","121.155","24.890","1009"
"1149","365070","20220620030000","760","3","桃園市","楊梅區","121.170","24.885","1139"
"3101","365073","20220620030000","2824","1","新竹市","北區","120.955","24.795","3103"
"148","365074","20220620030000","126","1","新竹市","香山區","120.955","24.780","148"
"1895","365075","20220620030000","1397","2","新竹市","香山區","120.945","24.790","1936"
"671","365076","20220620030000","468","2","新竹市","香山區","120.950","24.790","731"
"1043","365079","20220620030000","942","1","新竹市","香山區","120.925","24.790","1054"
"2637","365080","20220620030000","2675","0","新竹市","香山區","120.925","24.795","2628"
"1024","365083","20220620030000","931","1","新竹市","香山區","120.940","24.775","986"
"102","365084","20220620030000","79","2","新竹市","香山區","120.930","24.780","92"
"358","365086","20220620030000","318","1","新竹市","香山區","120.940","24.780","374"
"332","365089","20220620030000","172","3","新竹市","香山區","120.935","24.785","339"
"2129","365090","20220620030000","955","3","新竹縣","竹北市","121.015","24.840","2127"
"4102","365091","20220620030000","3476","1","新竹縣","竹北市","121.010","24.840","4112"
"1073","365092","20220620030000","942","1","桃園市","龍潭區","121.210","24.880","1078"
"587","365093","20220620030000","365","3","桃園市","龍潭區","121.215","24.880","582"
"650","365094","20220620030000","668","0","桃園市","龍潭區","121.215","24.885","634"
"421","365099","20220620030000","397","1","桃園市","龍潭區","121.200","24.875","430"
"573","365102","20220620030000","573","1","桃園市","龍潭區","121.195","24.885","566"
"256","365105","20220620030000","185","2","桃園市","龍潭區","121.200","24.885","245"
"912","365121","20220620030000","763","1","桃園市","龍潭區","121.180","24.835","948"
"341","365122","20220620030000","462","0","桃園市","龍潭區","121.185","24.835","362"
"416","365124","20220620030000","515","0","桃園市","龍潭區","121.195","24.835","437"
"655","365133","20220620030000","721","0","桃園市","龍潭區","121.200","24.850","638"
"506","365138","20220620030000","379","2","桃園市","龍潭區","121.210","24.810","507"
"64","365145","20220620030000","88","0","桃園市","龍潭區","121.205","24.820","71"
"139","365150","20220620030000","138","1","桃園市","龍潭區","121.205","24.825","135"
"54","365153","20220620030000","54","1","桃園市","龍潭區","121.220","24.825","60"
"512","365158","20220620030000","425","2","桃園市","龍潭區","121.205","24.835","521"
"832","365161","20220620030000","652","2","桃園市","龍潭區","121.205","24.840","829"
"390","365169","20220620030000","360","1","桃園市","龍潭區","121.230","24.885","401"
"1323","365173","20220620030000","1325","0","新竹市","北區","120.965","24.815","1298"
"940","365174","20220620030000","853","1","新竹市","北區","120.960","24.820","954"
"1546","365175","20220620030000","1497","1","新竹市","北區","120.960","24.800","1593"
"2265","365176","20220620030000","1853","2","新竹市","東區","120.980","24.795","2320"
"1210","365177","20220620030000","1295","0","新竹市","東區","120.985","24.795","1245"
"57","365178","20220620030000","173","0","新竹市","東區","120.985","24.790","54"
"2218","365183","20220620030000","1303","3","新竹市","北區","120.975","24.820","2225"
"1515","365184","20220620030000","1423","1","新竹市","北區","120.975","24.825","1486"
"684","365185","20220620030000","392","3","新竹市","北區","120.980","24.825","661"
"1668","365210","20220620030000","1358","2","新竹市","東區","121.000","24.800","1689"
"1465","365211","20220620030000","1644","0","新竹市","東區","121.000","24.795","1518"
"1128","365212","20220620030000","707","3","新竹市","東區","121.025","24.780","1175"
"285","365213","20220620030000","283","1","桃園市","龍潭區","121.245","24.880","305"
"376","365219","20220620030000","399","0","桃園市","平鎮區","121.240","24.890","373"
"1495","365221","20220620030000","1274","1","新竹市","北區","120.930","24.835","1533"
"1020","365222","20220620030000","851","1","新竹市","北區","120.935","24.835","1011"
"4228","365223","20220620030000","3198","2","新竹市","北區","120.970","24.825","4269"
"4972","365224","20220620030000","3565","2","新竹市","東區","120.975","24.815","4846"
"2890","365225","20220620030000","2195","2","新竹市","東區","120.980","24.815","2872"
"1938","365226","20220620030000","762","3","新竹市","北區","120.965","24.825","1951"
"636","365227","20220620030000","481","2","新竹市","北區","120.965","24.830","662"
"104","365229","20220620030000","98","1","桃園市","楊梅區","121.140","24.885","112"
"102","365231","20220620030000","90","1","桃園市","楊梅區","121.135","24.885","114"
"239","365234","20220620030000","83","3","桃園市","楊梅區","121.135","24.890","255"
"365","365235","20220620030000","320","1","桃園市","楊梅區","121.140","24.890","345"
"593","365236","20220620030000","771","0","桃園市","楊梅區","121.145","24.890","598"
"1092","365237","20220620030000","1005","1","新竹市","北區","120.950","24.805","1087"
"1511","365238","20220620030000","1307","1","新竹市","北區","120.940","24.840","1523"
"1022","365240","20220620030000","895","1","新竹市","北區","120.930","24.840","1032"
"854","365241","20220620030000","737","1","新竹市","北區","120.935","24.840","867"
"92","365242","20220620030000","63","2","新竹市","北區","120.920","24.845","94"
"166","365243","20220620030000","143","1","新竹市","北區","120.925","24.845","154"
"915","365244","20220620030000","825","1","新竹市","北區","120.930","24.845","936"
"1615","365253","20220620030000","1431","1","新竹市","東區","120.965","24.800","1634"
"5930","365254","20220620030000","4736","2","新竹市","東區","121.005","24.795","5976"
"3828","365255","20220620030000","3044","2","新竹市","東區","121.010","24.795","3877"
"1140","365258","20220620030000","988","1","新竹市","東區","121.015","24.795","1130"
"1055","365259","20220620030000","520","3","新竹市","東區","120.970","24.790","1041"
"1199","365261","20220620030000","697","3","新竹市","北區","120.955","24.815","1195"
"5910","365262","20220620030000","4729","2","新竹市","北區","120.960","24.815","5919"
"17","365263","20220620030000","268","0","新竹市","北區","120.955","24.820","19"
"958","365264","20220620030000","805","1","新竹市","北區","120.955","24.825","947"
"2888","365265","20220620030000","2599","1","新竹市","東區","121.010","24.790","2945"
"580","365266","20220620030000","1174","0","新竹市","東區","120.970","24.795","612"
"1087","365267","20220620030000","932","1","新竹市","東區","120.980","24.790","1099"
"2112","365268","20220620030000","1590","2","新竹市","東區","120.970","24.805","2105"
"655","365269","20220620030000","643","1","新竹市","北區","120.945","24.805","654"
"854","365270","20220620030000","1085","0","新竹市","香山區","120.950","24.800","860"
"2252","365271","20220620030000","2040","1","新竹市","北區","120.955","24.800","2233"
"56","365292","20220620030000","83","0","桃園市","復興區","121.340","24.820","62"
"56","365296","20220620030000","33","3","桃園市","復興區","121.340","24.825","48"
"226","365304","20220620030000","191","1","桃園市","大溪區","121.330","24.835","228"
"88","365315","20220620030000","90","0","桃園市","復興區","121.350","24.835","100"
"1683","365322","20220620030000","1516","1","新竹市","東區","120.970","24.815","1704"
"3330","365323","20220620030000","2680","2","新竹市","北區","120.965","24.810","3264"
"2553","365324","20220620030000","1761","2","新竹市","東區","120.990","24.800","2508"
"27","365325","20220620030000","57","0","新竹市","東區","120.990","24.805","37"
"56","365326","20220620030000","64","0","新竹市","東區","120.995","24.805","60"
"555","365327","20220620030000","690","0","新竹市","東區","120.995","24.785","614"
"307","365328","20220620030000","594","0","新竹市","東區","121.000","24.780","360"
"95","365330","20220620030000","178","0","新竹市","東區","120.990","24.785","124"
"1609","365331","20220620030000","1811","0","新竹市","東區","121.000","24.790","1815"
"1213","365332","20220620030000","810","2","新竹市","東區","121.000","24.785","1258"
"213","365334","20220620030000","369","0","新竹市","東區","120.990","24.795","290"
"1162","365335","20220620030000","1428","0","新竹市","東區","120.990","24.790","1435"
"1720","365336","20220620030000","1532","1","新竹市","東區","120.995","24.795","1706"
"1651","365337","20220620030000","1017","3","新竹市","東區","120.995","24.790","1722"
"879","365338","20220620030000","776","1","新竹市","北區","120.960","24.790","868"
"1365","365339","20220620030000","1238","1","新竹市","東區","120.980","24.800","1417"
"357","365340","20220620030000","308","1","新竹市","東區","120.990","24.810","357"
"1736","365341","20220620030000","1321","2","新竹市","東區","120.985","24.815","1743"
"698","365346","20220620030000","661","1","新竹市","東區","120.995","24.820","680"
"22","365352","20220620030000","118","0","新竹市","東區","121.015","24.805","20"
"243","365356","20220620030000","249","0","桃園市","楊梅區","121.130","24.885","235"
"138","365363","20220620030000","148","0","桃園市","楊梅區","121.125","24.890","141"
"205","365364","20220620030000","201","1","桃園市","楊梅區","121.130","24.890","185"
"31","367498","20220620030000","30","1","宜蘭縣","頭城鎮","121.880","24.910","23"
"66","369694","20220620030000","55","2","宜蘭縣","頭城鎮","121.895","24.940","61"
"16","369695","20220620030000","162","0","宜蘭縣","頭城鎮","121.900","24.940","26"
"509","373866","20220620030000","633","0","新北市","板橋區","121.435","24.985","512"
"2142","373867","20220620030000","3143","0","新北市","中和區","121.515","24.990","2095"
"23","373876","20220620030000","29","0","宜蘭縣","頭城鎮","121.850","24.895","25"
"214","373895","20220620030000","241","0","宜蘭縣","頭城鎮","121.890","24.940","207"
"72","373934","20220620030000","82","0","宜蘭縣","頭城鎮","121.900","24.945","78"
"21","373935","20220620030000","11","3","宜蘭縣","頭城鎮","121.900","24.950","22"
"34","373940","20220620030000","16","3","宜蘭縣","頭城鎮","121.915","24.950","26"
"132","373951","20220620030000","116","1","宜蘭縣","頭城鎮","121.920","24.960","138"
"83","373977","20220620030000","144","0","新北市","雙溪區","121.795","24.900","112"
"226","373991","20220620030000","250","0","宜蘭縣","頭城鎮","121.865","24.905","209"
"69","373993","20220620030000","66","1","宜蘭縣","頭城鎮","121.850","24.905","70"
"2512","374034","20220620030000","2819","0","新北市","中和區","121.525","24.990","2434"
"3082","374036","20220620030000","6063","0","新北市","土城區","121.465","24.985","3333"
"3275","374037","20220620030000","3076","1","新北市","土城區","121.470","24.990","3291"
"930","374042","20220620030000","953","0","新北市","土城區","121.470","24.975","889"
"1197","374045","20220620030000","2224","0","新北市","新店區","121.545","24.980","1189"
"843","374046","20220620030000","951","0","新北市","中和區","121.480","24.965","812"
"21","374051","20220620030000","22","0","新北市","中和區","121.490","24.970","23"
"17","374054","20220620030000","18","0","新北市","中和區","121.495","24.975","12"
"405","374055","20220620030000","390","1","新北市","中和區","121.495","24.980","410"
"1445","374056","20220620030000","1770","0","新北市","中和區","121.505","24.985","1420"
"527","374067","20220620030000","479","1","新北市","三峽區","121.380","24.925","541"
"1843","374070","20220620030000","1615","1","新北市","三峽區","121.370","24.930","1955"
"375","374083","20220620030000","157","3","新北市","三峽區","121.405","24.905","368"
"66","374086","20220620030000","29","3","新北市","三峽區","121.380","24.910","60"
"45","374103","20220620030000","46","0","新北市","三峽區","121.350","24.900","49"
"109","374104","20220620030000","87","2","新北市","三峽區","121.355","24.900","98"
"64","374106","20220620030000","82","0","新北市","三峽區","121.365","24.900","52"
"382","374107","20220620030000","242","3","新北市","三峽區","121.360","24.905","359"
"84","374108","20220620030000","114","0","新北市","三峽區","121.365","24.905","90"
"767","374109","20220620030000","699","1","新北市","三峽區","121.365","24.910","749"
"174","374111","20220620030000","145","2","新北市","三峽區","121.365","24.920","166"
"52","374139","20220620030000","49","1","新北市","三峽區","121.465","24.915","56"
"63","374147","20220620030000","39","3","新北市","三峽區","121.455","24.920","65"
"20","374151","20220620030000","11","3","新北市","三峽區","121.475","24.920","17"
"138","374167","20220620030000","94","2","新北市","三峽區","121.445","24.925","130"
"157","374179","20220620030000","102","3","新北市","三峽區","121.455","24.930","173"
"43","374183","20220620030000","45","0","新北市","三峽區","121.445","24.935","46"
"3107","374196","20220620030000","2465","2","新北市","新店區","121.550","24.970","3107"
"580","374198","20220620030000","563","1","新北市","新店區","121.550","24.975","564"
"748","374199","20220620030000","707","1","新北市","土城區","121.455","24.990","752"
"1383","374200","20220620030000","832","3","新北市","土城區","121.440","24.980","1331"
"248","374201","20220620030000","441","0","新北市","土城區","121.445","24.980","252"
"3214","374203","20220620030000","2831","1","新北市","中和區","121.495","24.990","3240"
"2171","374204","20220620030000","2103","1","新北市","中和區","121.510","24.985","2130"
"5135","374205","20220620030000","4647","1","新北市","新店區","121.545","24.975","5081"
"1250","374206","20220620030000","1189","1","新北市","新店區","121.550","24.980","1276"
"2156","374207","20220620030000","2826","0","新北市","中和區","121.505","24.980","2131"
"33","374212","20220620030000","26","2","新北市","中和區","121.485","24.980","37"
"208","374215","20220620030000","222","0","新北市","中和區","121.485","24.990","210"
"83","374216","20220620030000","62","2","新北市","中和區","121.500","24.970","79"
"122","374217","20220620030000","108","1","新北市","中和區","121.500","24.975","123"
"822","374218","20220620030000","610","2","新北市","中和區","121.505","24.975","808"
"512","374219","20220620030000","480","1","新北市","新店區","121.510","24.975","532"
"30","374220","20220620030000","20","3","新北市","中和區","121.500","24.980","30"
"4114","374221","20220620030000","3647","1","新北市","樹林區","121.375","24.945","4181"
"1184","374222","20220620030000","995","1","新北市","三峽區","121.370","24.925","1173"
"1263","374223","20220620030000","1750","0","新北市","三峽區","121.365","24.930","1169"
"170","374240","20220620030000","73","3","新北市","三峽區","121.345","24.915","165"
"23","374252","20220620030000","120","0","新北市","三峽區","121.360","24.925","19"
"155","374255","20220620030000","101","3","新北市","三峽區","121.420","24.925","150"
"908","374266","20220620030000","543","3","新北市","中和區","121.500","24.985","910"
"298","374267","20220620030000","1477","0","新北市","中和區","121.500","24.990","257"
"5629","374268","20220620030000","5901","0","新北市","中和區","121.510","24.990","5593"
"2566","374272","20220620030000","2489","1","新北市","三峽區","121.370","24.935","2714"
"368","374277","20220620030000","306","2","新北市","三峽區","121.370","24.900","375"
"160","374283","20220620030000","160","1","新北市","三峽區","121.395","24.935","163"
"289","374286","20220620030000","226","2","新北市","三峽區","121.400","24.940","294"
"88","374288","20220620030000","109","0","新北市","三峽區","121.405","24.945","95"
"517","374295","20220620030000","312","3","新北市","三峽區","121.390","24.930","505"
"484","374297","20220620030000","323","2","新北市","三峽區","121.400","24.930","493"
"202","374300","20220620030000","130","3","新北市","三峽區","121.415","24.925","211"
"477","374302","20220620030000","392","2","新北市","三峽區","121.410","24.930","482"
"24","374321","20220620030000","17","2","新北市","三峽區","121.420","24.900","13"
"93","374335","20220620030000","47","3","新北市","三峽區","121.435","24.905","107"
"108","374343","20220620030000","93","1","新北市","三峽區","121.420","24.910","106"
"186","374363","20220620030000","72","3","新北市","三峽區","121.425","24.920","183"
"12","374364","20220620030000","56","0","新北市","三峽區","121.430","24.920","10"
"167","374371","20220620030000","128","2","新北市","三峽區","121.425","24.925","169"
"105","374390","20220620030000","125","0","新北市","三峽區","121.360","24.935","84"
"2578","374391","20220620030000","1956","2","新北市","三峽區","121.365","24.935","2604"
"898","374393","20220620030000","819","1","新北市","三峽區","121.375","24.935","968"
"674","374394","20220620030000","427","3","新北市","三峽區","121.380","24.935","755"
"1717","374396","20220620030000","1381","2","新北市","三峽區","121.380","24.940","1772"
"1685","374402","20220620030000","1369","2","新北市","三峽區","121.370","24.940","1664"
"1478","374403","20220620030000","2232","0","新北市","三峽區","121.375","24.940","1472"
"203","374405","20220620030000","177","1","新北市","三峽區","121.370","24.945","209"
"688","374408","20220620030000","572","2","新北市","三峽區","121.365","24.925","678"
"43","374410","20220620030000","37","1","新北市","三峽區","121.370","24.920","50"
"780","374412","20220620030000","563","2","新北市","三峽區","121.375","24.925","828"
"11","374414","20220620030000","14","0","新北市","三峽區","121.340","24.900","11"
"538","374418","20220620030000","532","1","新北市","三峽區","121.355","24.910","544"
"1888","374420","20220620030000","1735","1","新北市","三峽區","121.375","24.930","1945"
"585","374421","20220620030000","544","1","新北市","三峽區","121.385","24.930","570"
"2425","374422","20220620030000","3806","0","新北市","中和區","121.505","24.990","2342"
"929","374423","20220620030000","1982","0","新北市","土城區","121.455","24.985","1095"
"1978","374424","20220620030000","995","3","新北市","土城區","121.470","24.985","1981"
"212","374427","20220620030000","27","3","宜蘭縣","頭城鎮","121.870","24.910","201"
"27","374433","20220620030000","21","2","宜蘭縣","頭城鎮","121.880","24.920","29"
"39","374451","20220620030000","29","2","宜蘭縣","頭城鎮","121.885","24.935","31"
"3002","374458","20220620030000","3948","0","新北市","中和區","121.520","24.990","2911"
"3723","374459","20220620030000","3495","1","新北市","樹林區","121.415","24.980","3707"
"947","374462","20220620030000","965","0","新北市","樹林區","121.385","24.955","947"
"53","374467","20220620030000","109","0","新北市","樹林區","121.385","24.970","57"
"142","374493","20220620030000","857","0","新北市","新店區","121.535","24.990","139"
"388","374494","20220620030000","177","3","新北市","新店區","121.530","24.955","363"
"1007","374496","20220620030000","795","2","新北市","新店區","121.535","24.960","1002"
"286","374498","20220620030000","368","0","新北市","新店區","121.520","24.970","222"
"1824","374500","20220620030000","1930","0","新北市","新店區","121.515","24.975","1818"
"1830","374512","20220620030000","2030","0","新北市","樹林區","121.420","24.990","1732"
"4192","374513","20220620030000","2938","2","新北市","中和區","121.510","24.980","4220"
"1690","374514","20220620030000","1490","1","新北市","土城區","121.460","24.975","1666"
"600","374515","20220620030000","619","0","新北市","新店區","121.520","24.980","607"
"1113","374516","20220620030000","1404","0","新北市","新店區","121.520","24.985","1078"
"129","374517","20220620030000","114","1","桃園市","大溪區","121.310","24.895","136"
"14","374520","20220620030000","15","0","桃園市","大溪區","121.330","24.895","13"
"26","374524","20220620030000","25","1","桃園市","大溪區","121.320","24.905","27"
"51","374544","20220620030000","45","1","桃園市","大溪區","121.305","24.925","58"
"934","374548","20220620030000","705","2","桃園市","中壢區","121.240","24.940","936"
"116","374549","20220620030000","64","3","桃園市","中壢區","121.245","24.940","116"
"240","374550","20220620030000","173","2","桃園市","中壢區","121.235","24.945","236"
"809","374551","20220620030000","674","2","桃園市","中壢區","121.240","24.945","782"
"211","374552","20220620030000","345","0","桃園市","中壢區","121.240","24.980","271"
"747","374554","20220620030000","496","3","桃園市","中壢區","121.240","24.930","735"
"236","374555","20220620030000","462","0","桃園市","中壢區","121.245","24.930","228"
"902","374556","20220620030000","850","1","桃園市","中壢區","121.235","24.930","908"
"2178","374558","20220620030000","2002","1","桃園市","中壢區","121.250","24.930","2180"
"379","374560","20220620030000","380","0","桃園市","平鎮區","121.205","24.930","367"
"1123","374561","20220620030000","1003","1","桃園市","平鎮區","121.200","24.935","1140"
"93","374562","20220620030000","103","0","桃園市","平鎮區","121.205","24.935","100"
"864","374563","20220620030000","1124","0","桃園市","平鎮區","121.205","24.940","859"
"1825","374564","20220620030000","2189","0","桃園市","平鎮區","121.210","24.955","1839"
"1752","374565","20220620030000","1558","1","桃園市","平鎮區","121.205","24.955","1707"
"711","374566","20220620030000","628","1","桃園市","平鎮區","121.240","24.910","707"
"89","374575","20220620030000","57","3","桃園市","平鎮區","121.195","24.945","89"
"2315","374577","20220620030000","2605","0","桃園市","平鎮區","121.200","24.950","2307"
"1629","374578","20220620030000","1362","1","桃園市","平鎮區","121.200","24.955","1695"
"1167","374579","20220620030000","1168","0","桃園市","平鎮區","121.215","24.950","1201"
"245","374580","20220620030000","260","0","新北市","樹林區","121.365","24.950","267"
"471","374582","20220620030000","420","1","新北市","樹林區","121.375","24.950","472"
"658","374587","20220620030000","676","0","新竹縣","新豐鄉","120.980","24.910","657"
"39","374593","20220620030000","35","1","新竹縣","新豐鄉","120.985","24.915","41"
"493","374594","20220620030000","283","3","新竹縣","新豐鄉","120.970","24.920","505"
"1903","374598","20220620030000","1929","0","桃園市","中壢區","121.245","24.970","1908"
"770","374599","20220620030000","704","1","桃園市","中壢區","121.240","24.975","768"
"1729","374600","20220620030000","920","3","桃園市","中壢區","121.250","24.980","1689"
"755","374601","20220620030000","705","1","桃園市","中壢區","121.250","24.975","774"
"1955","374602","20220620030000","1574","2","桃園市","中壢區","121.260","24.975","1859"
"526","374603","20220620030000","552","0","桃園市","中壢區","121.210","24.960","522"
"972","374604","20220620030000","929","1","新北市","中和區","121.490","24.990","960"
"245","374605","20220620030000","259","0","新北市","土城區","121.445","24.990","235"
"258","374606","20220620030000","255","1","新北市","新店區","121.545","24.960","257"
"1827","374607","20220620030000","1601","1","新北市","新店區","121.535","24.965","1787"
"3358","374608","20220620030000","2710","2","新北市","新店區","121.535","24.970","3311"
"1756","374609","20220620030000","1141","3","新北市","鶯歌區","121.350","24.955","1755"
"1908","374610","20220620030000","1680","1","新北市","鶯歌區","121.345","24.950","1868"
"359","374612","20220620030000","217","3","桃園市","龜山區","121.335","24.980","364"
"2565","374613","20220620030000","2088","2","新北市","鶯歌區","121.335","24.975","2527"
"1436","374614","20220620030000","1535","0","新北市","鶯歌區","121.340","24.940","1440"
"122","374617","20220620030000","138","0","新北市","鶯歌區","121.335","24.945","145"
"565","374618","20220620030000","511","1","新北市","鶯歌區","121.340","24.945","563"
"127","374620","20220620030000","156","0","新北市","鶯歌區","121.330","24.950","121"
"3112","374622","20220620030000","2582","2","新北市","鶯歌區","121.345","24.955","3190"
"69","374623","20220620030000","69","1","新北市","鶯歌區","121.365","24.955","67"
"241","374626","20220620030000","120","3","新北市","鶯歌區","121.370","24.960","198"
"219","374630","20220620030000","230","0","新北市","鶯歌區","121.375","24.965","219"
"235","374631","20220620030000","205","1","新北市","樹林區","121.380","24.965","238"
"57","374641","20220620030000","60","0","新北市","鶯歌區","121.355","24.975","58"
"2687","374648","20220620030000","1659","3","桃園市","中壢區","121.250","24.935","2744"
"68","374649","20220620030000","49","2","新竹縣","新豐鄉","120.980","24.895","54"
"690","374653","20220620030000","628","1","桃園市","八德區","121.300","24.955","707"
"1714","374654","20220620030000","1636","1","桃園市","中壢區","121.225","24.965","1763"
"68","374656","20220620030000","59","1","桃園市","大溪區","121.250","24.895","81"
"279","374659","20220620030000","331","0","桃園市","大溪區","121.265","24.895","269"
"308","374662","20220620030000","487","0","桃園市","大溪區","121.265","24.900","298"
"728","374664","20220620030000","934","0","桃園市","大溪區","121.260","24.905","719"
"3437","374674","20220620030000","3386","1","新北市","新店區","121.535","24.985","3432"
"69","374675","20220620030000","105","0","新北市","新店區","121.540","24.985","57"
"68","374676","20220620030000","1246","0","新北市","新店區","121.505","24.945","58"
"752","374679","20220620030000","637","1","新北市","新店區","121.500","24.955","677"
"480","374680","20220620030000","390","2","新北市","新店區","121.505","24.955","455"
"36","374683","20220620030000","31","1","新北市","新店區","121.500","24.960","41"
"3258","374685","20220620030000","3769","0","新北市","新店區","121.510","24.960","3275"
"364","374692","20220620030000","574","0","新北市","中和區","121.490","24.980","371"
"1348","374694","20220620030000","1144","1","新北市","中和區","121.490","24.985","1316"
"448","374695","20220620030000","260","3","新北市","中和區","121.495","24.985","423"
"18","374714","20220620030000","22","0","新北市","坪林區","121.735","24.950","15"
"140","374733","20220620030000","145","0","新北市","坪林區","121.700","24.960","141"
"124","374748","20220620030000","98","2","新北市","坪林區","121.725","24.960","110"
"36","374749","20220620030000","34","1","新北市","坪林區","121.705","24.965","38"
"182","374755","20220620030000","136","2","新北市","坪林區","121.705","24.935","188"
"30","374759","20220620030000","86","0","新北市","坪林區","121.710","24.940","39"
"103","374760","20220620030000","109","0","新北市","坪林區","121.720","24.940","86"
"18","374766","20220620030000","24","0","新北市","坪林區","121.700","24.950","13"
"10","374772","20220620030000","20","0","新北市","坪林區","121.710","24.890","26"
"44","374784","20220620030000","29","3","新北市","坪林區","121.700","24.905","33"
"30","374792","20220620030000","30","1","新北市","坪林區","121.700","24.915","25"
"29","374801","20220620030000","25","1","新北市","坪林區","121.700","24.920","37"
"191","374804","20220620030000","143","2","新北市","坪林區","121.695","24.925","180"
"150","374823","20220620030000","182","0","新北市","坪林區","121.715","24.925","149"
"35","374907","20220620030000","30","1","新北市","坪林區","121.785","24.955","30"
"43","374921","20220620030000","45","0","新北市","坪林區","121.730","24.965","37"
"19","374929","20220620030000","12","3","新北市","坪林區","121.770","24.965","17"
"13","375116","20220620030000","38","0","新北市","坪林區","121.680","24.915","11"
"69","375126","20220620030000","74","0","新北市","坪林區","121.680","24.930","60"
"53","375135","20220620030000","55","0","新北市","石碇區","121.665","24.940","40"
"983","375152","20220620030000","1203","0","新北市","新店區","121.535","24.980","998"
"555","375153","20220620030000","602","0","新北市","新店區","121.495","24.945","547"
"840","375154","20220620030000","456","3","新北市","新店區","121.495","24.950","900"
"2306","375155","20220620030000","4510","0","新北市","新店區","121.545","24.970","2192"
"422","375159","20220620030000","366","1","新北市","新店區","121.535","24.940","461"
"456","375160","20220620030000","197","3","新北市","新店區","121.540","24.940","475"
"2548","375167","20220620030000","2167","1","桃園市","八德區","121.295","24.960","2541"
"448","375168","20220620030000","350","2","桃園市","中壢區","121.205","24.965","589"
"13","375172","20220620030000","12","1","桃園市","中壢區","121.190","24.975","12"
"29","375176","20220620030000","48","0","桃園市","中壢區","121.210","24.975","38"
"2194","375180","20220620030000","2256","0","桃園市","中壢區","121.255","24.975","2279"
"1318","375181","20220620030000","1336","0","桃園市","平鎮區","121.220","24.950","1306"
"1701","375182","20220620030000","1082","3","桃園市","中壢區","121.225","24.945","1699"
"3613","375183","20220620030000","2714","2","桃園市","中壢區","121.230","24.955","3590"
"430","375185","20220620030000","435","0","桃園市","中壢區","121.220","24.985","403"
"2482","375190","20220620030000","2236","1","桃園市","八德區","121.300","24.960","2426"
"1719","375191","20220620030000","1614","1","新竹縣","湖口鄉","121.050","24.905","1700"
"777","375194","20220620030000","743","1","新竹縣","湖口鄉","121.055","24.910","809"
"506","375195","20220620030000","399","2","新竹縣","湖口鄉","121.050","24.915","492"
"1406","375199","20220620030000","976","2","桃園市","楊梅區","121.060","24.920","1383"
"233","375200","20220620030000","222","1","新竹縣","湖口鄉","121.055","24.925","227"
"1739","375202","20220620030000","1875","0","桃園市","八德區","121.295","24.965","1705"
"1557","375203","20220620030000","1454","1","桃園市","中壢區","121.225","24.955","1578"
"1610","375204","20220620030000","1581","1","桃園市","中壢區","121.225","24.960","1628"
"1523","375206","20220620030000","1809","0","桃園市","中壢區","121.260","24.965","1483"
"1405","375207","20220620030000","998","2","桃園市","八德區","121.300","24.970","1378"
"3092","375208","20220620030000","2230","2","桃園市","桃園區","121.305","24.975","3145"
"1188","375209","20220620030000","921","2","桃園市","八德區","121.300","24.975","1192"
"11","375211","20220620030000","13","0","桃園市","八德區","121.315","24.940","11"
"528","375215","20220620030000","405","2","桃園市","八德區","121.300","24.925","536"
"1656","375216","20220620030000","1102","3","新北市","土城區","121.450","24.990","1669"
"1408","375217","20220620030000","2059","0","新北市","土城區","121.440","24.975","1377"
"2118","375218","20220620030000","1798","1","新北市","土城區","121.465","24.975","2091"
"923","375220","20220620030000","1764","0","新北市","新店區","121.540","24.970","968"
"92","375228","20220620030000","92","1","新北市","新店區","121.470","24.940","85"
"264","375229","20220620030000","257","1","新北市","新店區","121.475","24.940","244"
"67","375230","20220620030000","654","0","新北市","新店區","121.480","24.940","48"
"260","375239","20220620030000","350","0","新北市","新店區","121.485","24.950","247"
"79","375241","20220620030000","152","0","新北市","新店區","121.510","24.965","86"
"1132","375244","20220620030000","1436","0","新北市","新店區","121.510","24.970","1122"
"1125","375246","20220620030000","1399","0","新北市","新店區","121.515","24.970","1101"
"1259","375247","20220620030000","1773","0","桃園市","中壢區","121.210","24.965","1306"
"1309","375250","20220620030000","916","2","桃園市","中壢區","121.235","24.970","1278"
"499","375252","20220620030000","422","1","桃園市","中壢區","121.235","24.975","504"
"214","375253","20220620030000","322","0","桃園市","中壢區","121.235","24.980","225"
"44","375255","20220620030000","197","0","桃園市","中壢區","121.235","24.985","46"
"1228","375256","20220620030000","1054","1","桃園市","中壢區","121.230","24.990","1207"
"2289","375258","20220620030000","1622","2","桃園市","八德區","121.295","24.945","2322"
"406","375259","20220620030000","422","0","桃園市","八德區","121.295","24.950","420"
"1035","375260","20220620030000","589","3","桃園市","八德區","121.275","24.965","1056"
"461","375261","20220620030000","420","1","桃園市","八德區","121.280","24.970","485"
"997","375264","20220620030000","1072","0","桃園市","中壢區","121.195","24.960","1022"
"59","375265","20220620030000","248","0","桃園市","中壢區","121.200","24.960","71"
"2353","375266","20220620030000","2313","1","桃園市","平鎮區","121.190","24.965","3118"
"547","375269","20220620030000","769","0","桃園市","平鎮區","121.190","24.970","654"
"2867","375271","20220620030000","1494","3","桃園市","中壢區","121.205","24.960","2969"
"2580","375272","20220620030000","1939","2","桃園市","中壢區","121.260","24.950","2519"
"2746","375273","20220620030000","1516","3","桃園市","中壢區","121.260","24.955","2711"
"606","375274","20220620030000","634","0","桃園市","八德區","121.290","24.960","631"
"810","375275","20220620030000","849","0","桃園市","八德區","121.265","24.970","935"
"183","375276","20220620030000","238","0","桃園市","八德區","121.275","24.970","195"
"478","375278","20220620030000","463","1","桃園市","八德區","121.270","24.970","473"
"1200","375279","20220620030000","902","2","桃園市","八德區","121.275","24.975","1151"
"1096","375281","20220620030000","984","1","桃園市","八德區","121.295","24.925","1074"
"363","375296","20220620030000","291","2","新竹縣","新豐鄉","121.005","24.925","372"
"292","375299","20220620030000","366","0","新竹縣","新豐鄉","121.020","24.925","279"
"157","375303","20220620030000","144","1","新竹縣","新豐鄉","120.965","24.895","160"
"238","375308","20220620030000","142","3","新竹縣","新豐鄉","120.970","24.900","254"
"1036","375316","20220620030000","1056","0","新北市","土城區","121.420","24.960","924"
"648","375317","20220620030000","750","0","新北市","土城區","121.410","24.955","642"
"1202","375318","20220620030000","1091","1","新北市","土城區","121.415","24.955","1203"
"236","375319","20220620030000","244","0","新北市","新店區","121.515","24.980","230"
"141","375320","20220620030000","78","3","新北市","新店區","121.515","24.945","162"
"434","375321","20220620030000","496","0","新北市","新店區","121.520","24.945","397"
"45","375323","20220620030000","47","0","新北市","新店區","121.520","24.950","45"
"70","375324","20220620030000","21","3","新北市","新店區","121.525","24.950","64"
"382","375325","20220620030000","532","0","新北市","新店區","121.515","24.955","372"
"1258","375326","20220620030000","546","3","新北市","新店區","121.520","24.955","1261"
"214","375330","20220620030000","151","2","新北市","新店區","121.530","24.960","233"
"620","375332","20220620030000","660","0","新北市","新店區","121.525","24.965","590"
"2291","375335","20220620030000","2838","0","新北市","新店區","121.540","24.975","2219"
"625","375346","20220620030000","776","0","新北市","新店區","121.505","24.920","576"
"679","375357","20220620030000","628","1","新北市","新店區","121.510","24.925","687"
"21","375361","20220620030000","17","2","新北市","新店區","121.530","24.925","25"
"3836","375369","20220620030000","3995","0","新北市","新店區","121.540","24.980","3854"
"1141","375370","20220620030000","1330","0","新北市","新店區","121.530","24.950","1175"
"1750","375371","20220620030000","1240","2","新北市","新店區","121.550","24.955","1704"
"153","375372","20220620030000","561","0","新北市","新店區","121.555","24.955","152"
"692","375374","20220620030000","507","2","新北市","新店區","121.555","24.965","669"
"80","375384","20220620030000","82","0","新北市","新店區","121.500","24.920","81"
"86","375390","20220620030000","73","1","新北市","新店區","121.505","24.930","85"
"39","375394","20220620030000","38","1","新北市","新店區","121.510","24.935","39"
"687","375399","20220620030000","521","2","新北市","新店區","121.505","24.940","638"
"1453","375400","20220620030000","991","2","桃園市","八德區","121.320","24.960","1420"
"1792","375401","20220620030000","1238","2","桃園市","八德區","121.325","24.970","1807"
"838","375402","20220620030000","669","2","桃園市","八德區","121.300","24.930","833"
"481","375403","20220620030000","453","1","桃園市","八德區","121.305","24.930","423"
"154","375404","20220620030000","136","1","桃園市","八德區","121.300","24.935","168"
"369","375405","20220620030000","413","0","桃園市","八德區","121.305","24.935","374"
"262","375407","20220620030000","276","0","桃園市","八德區","121.300","24.940","250"
"631","375408","20220620030000","540","1","桃園市","八德區","121.305","24.940","620"
"679","375410","20220620030000","743","0","桃園市","八德區","121.255","24.920","687"
"319","375417","20220620030000","283","1","桃園市","八德區","121.260","24.925","326"
"1125","375419","20220620030000","868","2","桃園市","八德區","121.270","24.975","1129"
"2760","375420","20220620030000","3395","0","桃園市","中壢區","121.240","24.955","2814"
"1046","375421","20220620030000","1863","0","桃園市","中壢區","121.240","24.960","1047"
"734","375422","20220620030000","800","0","桃園市","中壢區","121.245","24.960","709"
"2293","375427","20220620030000","1193","3","桃園市","中壢區","121.255","24.960","2310"
"143","375435","20220620030000","178","0","新竹縣","新豐鄉","121.005","24.930","155"
"226","375452","20220620030000","216","1","新竹縣","新豐鄉","121.000","24.905","224"
"480","375460","20220620030000","491","0","新竹縣","新豐鄉","121.010","24.910","477"
"540","375465","20220620030000","365","2","新竹縣","新豐鄉","121.025","24.915","549"
"430","375468","20220620030000","232","3","新竹縣","新豐鄉","121.035","24.930","447"
"1434","375480","20220620030000","1334","1","新竹縣","新豐鄉","120.985","24.900","1438"
"951","375481","20220620030000","527","3","新竹縣","新豐鄉","120.990","24.900","926"
"930","375484","20220620030000","1384","0","桃園市","中壢區","121.235","24.950","959"
"2806","375485","20220620030000","2183","2","新北市","土城區","121.445","24.970","2817"
"994","375486","20220620030000","899","1","新北市","土城區","121.445","24.975","992"
"2909","375487","20220620030000","2773","1","新北市","新店區","121.530","24.970","2979"
"2269","375488","20220620030000","1733","2","新北市","新店區","121.525","24.975","2253"
"1150","375489","20220620030000","1042","1","新北市","新店區","121.530","24.975","1149"
"176","375490","20220620030000","156","1","新北市","新店區","121.525","24.980","179"
"2204","375492","20220620030000","1580","2","新北市","土城區","121.435","24.970","2155"
"2576","375493","20220620030000","3244","0","新北市","新店區","121.545","24.965","2612"
"3780","375495","20220620030000","5085","0","新北市","新店區","121.535","24.975","3716"
"488","375515","20220620030000","442","1","新北市","新店區","121.555","24.930","477"
"43","375517","20220620030000","39","1","新北市","新店區","121.565","24.930","40"
"589","375521","20220620030000","520","1","新北市","新店區","121.550","24.935","502"
"930","375529","20220620030000","867","1","新北市","新店區","121.530","24.965","898"
"1576","375530","20220620030000","2228","0","新北市","新店區","121.475","24.955","839"
"1140","375534","20220620030000","1193","0","新北市","中和區","121.485","24.965","1106"
"1750","375536","20220620030000","1487","1","桃園市","中壢區","121.245","24.935","1787"
"1474","375537","20220620030000","1289","1","桃園市","中壢區","121.260","24.970","1474"
"615","375539","20220620030000","648","0","桃園市","中壢區","121.255","24.935","656"
"381","375540","20220620030000","500","0","桃園市","中壢區","121.260","24.935","476"
"1236","375541","20220620030000","1626","0","桃園市","中壢區","121.250","24.940","1254"
"632","375542","20220620030000","719","0","桃園市","中壢區","121.260","24.940","604"
"2113","375543","20220620030000","1853","1","桃園市","中壢區","121.240","24.950","2109"
"514","375544","20220620030000","499","1","桃園市","中壢區","121.245","24.950","480"
"1074","375548","20220620030000","777","2","桃園市","觀音區","121.150","24.965","1082"
"320","375551","20220620030000","310","1","桃園市","觀音區","121.140","24.975","318"
"174","375559","20220620030000","147","1","桃園市","觀音區","121.135","24.985","150"
"1068","375569","20220620030000","969","1","桃園市","觀音區","121.165","24.990","1089"
"437","375572","20220620030000","491","0","桃園市","八德區","121.320","24.945","431"
"162","375574","20220620030000","288","0","桃園市","八德區","121.315","24.950","162"
"820","375577","20220620030000","967","0","桃園市","八德區","121.315","24.955","822"
"1276","375578","20220620030000","1180","1","桃園市","八德區","121.295","24.970","1271"
"370","375581","20220620030000","251","2","桃園市","蘆竹區","121.270","24.990","392"
"34","375593","20220620030000","44","0","新北市","石碇區","121.675","24.970","28"
"23","375644","20220620030000","27","0","新北市","石碇區","121.635","24.950","24"
"50","375652","20220620030000","37","2","新北市","石碇區","121.635","24.955","49"
"50","375653","20220620030000","39","2","新北市","石碇區","121.640","24.955","44"
"114","375655","20220620030000","104","1","新北市","石碇區","121.650","24.955","117"
"90","375667","20220620030000","90","1","新北市","石碇區","121.630","24.965","87"
"14","375811","20220620030000","14","1","新北市","石碇區","121.645","24.930","14"
"15","375836","20220620030000","14","1","新北市","石碇區","121.660","24.950","19"
"29","375839","20220620030000","34","0","新北市","石碇區","121.670","24.980","27"
"24","375840","20220620030000","14","3","新北市","石碇區","121.675","24.980","24"
"75","375891","20220620030000","62","2","新北市","石碇區","121.660","24.975","82"
"31","375897","20220620030000","27","1","新北市","石碇區","121.665","24.980","28"
"45","375941","20220620030000","22","3","新北市","貢寮區","121.885","24.985","44"
"186","375959","20220620030000","141","2","新北市","土城區","121.445","24.960","178"
"699","375963","20220620030000","672","1","新北市","土城區","121.435","24.975","688"
"1448","375967","20220620030000","1316","1","新北市","土城區","121.440","24.970","1400"
"420","375969","20220620030000","419","1","新北市","土城區","121.455","24.970","403"
"350","375970","20220620030000","236","2","新北市","新店區","121.550","24.960","317"
"667","375971","20220620030000","654","1","新北市","新店區","121.550","24.965","669"
"40","375972","20220620030000","25","3","新北市","新店區","121.580","24.910","36"
"220","375990","20220620030000","249","0","新北市","新店區","121.570","24.930","230"
"55","375994","20220620030000","45","2","新北市","新店區","121.590","24.930","63"
"87","376023","20220620030000","76","1","新北市","新店區","121.580","24.950","83"
"37","376024","20220620030000","41","0","新北市","新店區","121.585","24.950","41"
"24","376033","20220620030000","20","2","新北市","新店區","121.605","24.955","23"
"245","376045","20220620030000","317","0","新北市","新店區","121.500","24.935","241"
"43","376049","20220620030000","56","0","新北市","新店區","121.500","24.940","26"
"106","376050","20220620030000","115","0","新北市","新店區","121.485","24.945","91"
"2124","376051","20220620030000","2238","0","新北市","新店區","121.490","24.945","2129"
"349","376052","20220620030000","394","0","新北市","新店區","121.490","24.950","352"
"602","376060","20220620030000","503","1","新北市","新店區","121.545","24.955","632"
"1222","376063","20220620030000","1190","1","新北市","新店區","121.560","24.955","1212"
"1414","376064","20220620030000","1113","2","新北市","新店區","121.565","24.955","1438"
"61","376065","20220620030000","47","2","新北市","新店區","121.570","24.955","61"
"12","376068","20220620030000","88","0","新北市","新店區","121.560","24.960","11"
"23","376099","20220620030000","229","0","新北市","新店區","121.555","24.905","20"
"501","376101","20220620030000","483","1","新北市","新店區","121.545","24.910","424"
"794","376106","20220620030000","669","1","桃園市","觀音區","121.155","24.975","795"
"433","376109","20220620030000","353","2","桃園市","觀音區","121.150","24.980","406"
"245","376115","20220620030000","280","0","桃園市","觀音區","121.135","24.990","263"
"2800","376118","20220620030000","3663","0","新北市","新店區","121.515","24.985","2726"
"582","376123","20220620030000","611","0","新北市","土城區","121.445","24.950","575"
"214","376130","20220620030000","119","3","新北市","土城區","121.440","24.965","208"
"244","376131","20220620030000","293","0","新北市","土城區","121.430","24.970","244"
"756","376132","20220620030000","752","1","新北市","土城區","121.435","24.965","774"
"269","376133","20220620030000","322","0","新北市","板橋區","121.430","24.975","267"
"1629","376134","20220620030000","2547","0","臺北市","文山區","121.545","24.985","1600"
"356","376135","20220620030000","536","0","新北市","新店區","121.510","24.950","392"
"1327","376136","20220620030000","1327","1","新北市","新店區","121.515","24.960","1336"
"107","376137","20220620030000","1770","0","新北市","新店區","121.515","24.965","76"
"1578","376141","20220620030000","1624","0","桃園市","八德區","121.320","24.965","1603"
"585","376145","20220620030000","486","2","新竹縣","湖口鄉","121.060","24.895","591"
"150","376148","20220620030000","1185","0","新北市","土城區","121.455","24.980","147"
"458","376149","20220620030000","939","0","新北市","土城區","121.450","24.980","476"
"184","376150","20220620030000","816","0","新北市","新店區","121.540","24.955","178"
"238","376151","20220620030000","687","0","桃園市","中壢區","121.255","24.940","277"
"1358","376153","20220620030000","1253","1","桃園市","中壢區","121.250","24.965","1289"
"2284","376154","20220620030000","2627","0","桃園市","中壢區","121.255","24.965","2277"
"1848","376155","20220620030000","2845","0","桃園市","中壢區","121.250","24.970","1887"
"50","376156","20220620030000","66","0","桃園市","八德區","121.320","24.955","43"
"77","376157","20220620030000","223","0","桃園市","八德區","121.325","24.955","95"
"895","376160","20220620030000","748","1","桃園市","八德區","121.325","24.965","902"
"3929","376161","20220620030000","3387","1","桃園市","桃園區","121.280","24.990","3931"
"162","376176","20220620030000","146","1","新北市","樹林區","121.405","24.990","156"
"915","376178","20220620030000","413","3","桃園市","平鎮區","121.205","24.895","955"
"202","376179","20220620030000","252","0","桃園市","平鎮區","121.195","24.895","208"
"1067","376180","20220620030000","1049","1","桃園市","平鎮區","121.200","24.895","997"
"720","376181","20220620030000","403","3","桃園市","平鎮區","121.195","24.900","754"
"380","376183","20220620030000","281","2","桃園市","平鎮區","121.205","24.900","380"
"163","376184","20220620030000","206","0","桃園市","平鎮區","121.195","24.905","163"
"273","376185","20220620030000","278","0","桃園市","平鎮區","121.200","24.905","242"
"181","376189","20220620030000","133","2","桃園市","平鎮區","121.215","24.900","188"
"682","376192","20220620030000","584","1","桃園市","平鎮區","121.215","24.905","585"
"2100","376194","20220620030000","1496","2","桃園市","桃園區","121.315","24.985","2112"
"1274","376195","20220620030000","1144","1","桃園市","中壢區","121.245","24.945","1283"
"798","376196","20220620030000","738","1","桃園市","中壢區","121.250","24.945","772"
"247","376199","20220620030000","167","2","新北市","石碇區","121.660","24.990","245"
"63","376200","20220620030000","45","2","新北市","石碇區","121.685","24.960","65"
"54","376205","20220620030000","52","1","新北市","石碇區","121.680","24.970","49"
"176","376222","20220620030000","211","0","新北市","石碇區","121.690","24.980","167"
"373","376245","20220620030000","565","0","新北市","鶯歌區","121.340","24.960","351"
"181","376246","20220620030000","155","1","新北市","鶯歌區","121.340","24.965","186"
"164","376248","20220620030000","150","1","新北市","鶯歌區","121.340","24.970","175"
"470","376251","20220620030000","388","2","新北市","鶯歌區","121.345","24.975","441"
"148","376258","20220620030000","128","1","新北市","鶯歌區","121.320","24.935","141"
"753","376259","20220620030000","774","0","新北市","鶯歌區","121.325","24.935","769"
"333","376260","20220620030000","423","0","新北市","鶯歌區","121.330","24.935","319"
"256","376263","20220620030000","264","0","新北市","鶯歌區","121.330","24.940","236"
"232","376265","20220620030000","201","1","新北市","鶯歌區","121.335","24.930","244"
"536","376268","20220620030000","519","1","新北市","鶯歌區","121.345","24.935","533"
"2340","376269","20220620030000","2070","1","新北市","鶯歌區","121.355","24.955","2371"
"838","376270","20220620030000","592","2","新北市","鶯歌區","121.360","24.955","814"
"676","376273","20220620030000","594","1","新北市","鶯歌區","121.355","24.940","701"
"194","376274","20220620030000","331","0","新北市","鶯歌區","121.350","24.945","185"
"448","376277","20220620030000","461","0","新北市","鶯歌區","121.350","24.950","466"
"1612","376280","20220620030000","1611","1","新北市","樹林區","121.395","24.970","1624"
"738","376281","20220620030000","676","1","桃園市","楊梅區","121.185","24.915","739"
"610","376282","20220620030000","700","0","桃園市","楊梅區","121.180","24.920","604"
"566","376283","20220620030000","287","3","桃園市","楊梅區","121.185","24.920","566"
"406","376284","20220620030000","397","1","桃園市","中壢區","121.215","24.960","458"
"1116","376285","20220620030000","1494","0","桃園市","中壢區","121.215","24.965","1157"
"160","376293","20220620030000","171","0","桃園市","中壢區","121.190","24.980","163"
"43","376295","20220620030000","53","0","桃園市","中壢區","121.175","24.980","42"
"1175","376297","20220620030000","1051","1","桃園市","中壢區","121.185","24.980","1201"
"301","376300","20220620030000","251","1","桃園市","中壢區","121.175","24.985","294"
"177","376301","20220620030000","160","1","桃園市","中壢區","121.180","24.985","197"
"1867","376307","20220620030000","1105","3","桃園市","八德區","121.260","24.930","2160"
"1459","376308","20220620030000","1588","0","桃園市","平鎮區","121.220","24.945","1463"
"1259","376309","20220620030000","1118","1","桃園市","楊梅區","121.150","24.905","1237"
"417","376311","20220620030000","329","2","桃園市","平鎮區","121.220","24.920","407"
"566","376312","20220620030000","624","0","桃園市","平鎮區","121.220","24.925","539"
"1319","376313","20220620030000","672","3","桃園市","平鎮區","121.205","24.915","1283"
"696","376315","20220620030000","554","2","新北市","樹林區","121.390","24.960","661"
"17","376320","20220620030000","31","0","新北市","樹林區","121.395","24.965","19"
"125","376325","20220620030000","115","1","新北市","樹林區","121.405","24.970","138"
"4567","376326","20220620030000","4828","0","新北市","樹林區","121.380","24.945","4490"
"697","376327","20220620030000","593","1","新北市","樹林區","121.385","24.945","677"
"2334","376330","20220620030000","2032","1","新北市","樹林區","121.380","24.950","2369"
"638","376331","20220620030000","700","0","新北市","樹林區","121.385","24.950","625"
"1477","376333","20220620030000","1358","1","新北市","樹林區","121.395","24.950","1455"
"567","376335","20220620030000","686","0","新北市","板橋區","121.435","24.990","570"
"5431","376337","20220620030000","3980","2","新北市","土城區","121.450","24.985","5171"
"435","376338","20220620030000","398","1","桃園市","中壢區","121.245","24.985","389"
"796","376341","20220620030000","856","0","桃園市","中壢區","121.240","24.990","780"
"396","376344","20220620030000","394","1","桃園市","中壢區","121.255","24.990","404"
"1670","376345","20220620030000","1565","1","桃園市","中壢區","121.255","24.980","1677"
"668","376347","20220620030000","677","0","桃園市","中壢區","121.260","24.945","634"
"322","376348","20220620030000","337","0","桃園市","中壢區","121.255","24.950","371"
"1507","376349","20220620030000","736","3","桃園市","中壢區","121.165","24.960","1486"
"465","376350","20220620030000","366","2","桃園市","中壢區","121.170","24.960","412"
"771","376351","20220620030000","537","2","桃園市","新屋區","121.155","24.960","769"
"12","376352","20220620030000","11","1","桃園市","中壢區","121.155","24.965","11"
"460","376353","20220620030000","375","2","桃園市","中壢區","121.160","24.965","487"
"235","376358","20220620030000","204","1","桃園市","中壢區","121.160","24.970","227"
"1834","376361","20220620030000","1589","1","桃園市","中壢區","121.175","24.970","1863"
"1401","376370","20220620030000","1465","0","新北市","樹林區","121.420","24.980","1406"
"1462","376373","20220620030000","1306","1","新北市","樹林區","121.420","24.975","1432"
"2963","376375","20220620030000","1730","3","新北市","板橋區","121.425","24.985","2933"
"2907","376380","20220620030000","2867","1","新北市","板橋區","121.430","24.985","2882"
"1122","376381","20220620030000","1068","1","桃園市","平鎮區","121.250","24.925","1153"
"17","376385","20220620030000","44","0","桃園市","龜山區","121.350","24.985","15"
"545","376391","20220620030000","665","0","桃園市","龜山區","121.360","24.990","540"
"42","376392","20220620030000","25","3","桃園市","龜山區","121.365","24.990","37"
"85","376393","20220620030000","74","1","桃園市","龜山區","121.370","24.990","95"
"151","376400","20220620030000","296","0","桃園市","楊梅區","121.105","24.910","127"
"303","376403","20220620030000","299","1","桃園市","楊梅區","121.120","24.910","303"
"250","376407","20220620030000","198","2","桃園市","楊梅區","121.100","24.915","229"
"1351","376412","20220620030000","888","3","桃園市","楊梅區","121.125","24.915","1365"
"155","376419","20220620030000","153","1","新竹縣","湖口鄉","121.105","24.895","151"
"12","376422","20220620030000","76","0","桃園市","楊梅區","121.085","24.900","18"
"909","376427","20220620030000","718","2","桃園市","楊梅區","121.060","24.905","945"
"401","376431","20220620030000","369","1","桃園市","楊梅區","121.080","24.905","386"
"598","376438","20220620030000","552","1","桃園市","楊梅區","121.070","24.910","588"
"335","376440","20220620030000","248","2","桃園市","楊梅區","121.080","24.910","336"
"438","376443","20220620030000","478","0","桃園市","楊梅區","121.095","24.910","452"
"649","376447","20220620030000","610","1","桃園市","楊梅區","121.075","24.915","603"
"503","376456","20220620030000","427","1","桃園市","楊梅區","121.125","24.940","500"
"437","376457","20220620030000","165","3","桃園市","楊梅區","121.130","24.940","430"
"161","376471","20220620030000","216","0","新北市","深坑區","121.620","24.980","165"
"687","376485","20220620030000","690","0","新北市","樹林區","121.415","24.985","688"
"1699","376486","20220620030000","1229","2","新北市","樹林區","121.425","24.990","1737"
"1000","376487","20220620030000","872","1","桃園市","平鎮區","121.200","24.945","929"
"3803","376488","20220620030000","3143","2","桃園市","平鎮區","121.205","24.945","3796"
"1462","376490","20220620030000","1739","0","桃園市","平鎮區","121.210","24.950","1460"
"1304","376491","20220620030000","1158","1","桃園市","平鎮區","121.210","24.900","1325"
"2105","376492","20220620030000","1773","1","桃園市","平鎮區","121.210","24.905","2150"
"12","376500","20220620030000","10","2","新北市","土城區","121.445","24.940","16"
"40","376502","20220620030000","37","1","新北市","土城區","121.415","24.945","35"
"194","376508","20220620030000","270","0","新北市","土城區","121.410","24.950","186"
"292","376509","20220620030000","287","1","新北市","土城區","121.415","24.950","294"
"3485","376510","20220620030000","2618","2","桃園市","中壢區","121.230","24.945","3545"
"2480","376511","20220620030000","2442","1","桃園市","中壢區","121.235","24.955","2481"
"491","376514","20220620030000","566","0","桃園市","中壢區","121.220","24.975","450"
"882","376517","20220620030000","481","3","桃園市","中壢區","121.215","24.980","826"
"21","376518","20220620030000","76","0","桃園市","中壢區","121.220","24.980","20"
"2831","376521","20220620030000","2977","0","桃園市","中壢區","121.220","24.960","2789"
"410","376522","20220620030000","340","2","新竹縣","新豐鄉","121.000","24.895","391"
"103","376524","20220620030000","91","1","新竹縣","新豐鄉","121.010","24.895","106"
"954","376531","20220620030000","801","1","桃園市","平鎮區","121.255","24.925","962"
"738","376532","20220620030000","647","1","新北市","樹林區","121.415","24.975","714"
"312","376533","20220620030000","446","0","新北市","樹林區","121.400","24.970","315"
"2781","376539","20220620030000","1661","3","新北市","樹林區","121.420","24.985","2837"
"3672","376540","20220620030000","2826","2","新北市","土城區","121.460","24.980","3786"
"1721","376541","20220620030000","2083","0","新北市","土城區","121.460","24.985","1648"
"2808","376542","20220620030000","3073","0","新北市","板橋區","121.430","24.990","2656"
"30","376544","20220620030000","25","2","新北市","平溪區","121.725","24.975","29"
"5177","376577","20220620030000","3906","2","新北市","板橋區","121.460","24.990","5180"
"551","376578","20220620030000","981","0","新北市","土城區","121.465","24.980","543"
"461","376584","20220620030000","684","0","新北市","土城區","121.425","24.960","452"
"365","376586","20220620030000","234","3","新北市","土城區","121.435","24.960","343"
"855","376587","20220620030000","1005","0","新北市","土城區","121.430","24.965","839"
"3199","376588","20220620030000","2586","2","桃園市","八德區","121.305","24.965","3269"
"1129","376589","20220620030000","402","3","桃園市","桃園區","121.295","24.975","1151"
"1016","376592","20220620030000","956","1","桃園市","中壢區","121.230","24.940","1029"
"1886","376594","20220620030000","1085","3","桃園市","平鎮區","121.245","24.915","1943"
"1903","376595","20220620030000","1522","2","桃園市","八德區","121.295","24.955","1897"
"87","376597","20220620030000","68","2","新竹縣","新豐鄉","120.980","24.925","94"
"487","376607","20220620030000","338","2","新竹縣","新豐鄉","120.985","24.920","452"
"1482","376614","20220620030000","1176","2","新竹縣","新豐鄉","120.990","24.930","1492"
"860","376622","20220620030000","666","2","桃園市","中壢區","121.230","24.970","858"
"863","376623","20220620030000","770","1","桃園市","中壢區","121.225","24.975","880"
"1278","376624","20220620030000","1099","1","桃園市","中壢區","121.230","24.975","1161"
"575","376627","20220620030000","616","0","桃園市","中壢區","121.230","24.980","541"
"108","376628","20220620030000","71","3","新竹縣","湖口鄉","121.035","24.900","105"
"92","376629","20220620030000","113","0","新竹縣","湖口鄉","121.040","24.900","89"
"1101","376633","20220620030000","958","1","新竹縣","湖口鄉","121.040","24.895","1121"
"999","376636","20220620030000","595","3","新竹縣","湖口鄉","121.040","24.915","984"
"306","376641","20220620030000","252","2","新竹縣","湖口鄉","121.040","24.925","294"
"329","376651","20220620030000","217","3","新竹縣","湖口鄉","121.045","24.935","304"
"1365","376653","20220620030000","1247","1","桃園市","中壢區","121.235","24.965","1365"
"29","376655","20220620030000","23","2","桃園市","中壢區","121.240","24.970","27"
"208","376656","20220620030000","1150","0","桃園市","中壢區","121.255","24.930","212"
"722","376658","20220620030000","626","1","新竹縣","湖口鄉","121.065","24.895","723"
"352","376665","20220620030000","313","1","新北市","鶯歌區","121.355","24.950","350"
"687","376666","20220620030000","738","0","新北市","鶯歌區","121.335","24.955","704"
"2156","376667","20220620030000","2063","1","新北市","鶯歌區","121.330","24.960","2136"
"229","376668","20220620030000","208","1","新北市","鶯歌區","121.335","24.960","243"
"453","376670","20220620030000","333","2","新北市","鶯歌區","121.340","24.950","439"
"1452","376674","20220620030000","1112","2","新北市","鶯歌區","121.330","24.965","1395"
"1940","376675","20220620030000","1773","1","新北市","樹林區","121.425","24.980","2044"
"72","376679","20220620030000","47","3","新北市","樹林區","121.405","24.955","73"
"543","376680","20220620030000","503","1","新北市","樹林區","121.405","24.960","534"
"381","376682","20220620030000","313","2","新北市","樹林區","121.410","24.970","396"
"300","376685","20220620030000","243","2","新北市","樹林區","121.400","24.975","283"
"358","376686","20220620030000","245","2","新北市","樹林區","121.405","24.975","372"
"1252","376687","20220620030000","1063","1","新北市","樹林區","121.410","24.975","1253"
"77","376690","20220620030000","78","0","新北市","樹林區","121.400","24.980","71"
"1585","376699","20220620030000","1810","0","新北市","樹林區","121.410","24.980","1569"
"806","376700","20220620030000","934","0","新北市","樹林區","121.415","24.990","797"
"1824","376701","20220620030000","1283","2","新北市","新店區","121.500","24.945","1740"
"61","376703","20220620030000","58","1","新北市","新店區","121.565","24.905","62"
"435","376717","20220620030000","399","1","新北市","新店區","121.550","24.920","510"
"3412","376725","20220620030000","1659","3","新北市","新店區","121.540","24.960","3378"
"15","376752","20220620030000","13","1","新北市","新店區","121.535","24.905","13"
"32","376759","20220620030000","31","1","新北市","新店區","121.535","24.910","35"
"24","376761","20220620030000","15","3","新北市","新店區","121.520","24.915","17"
"60","376764","20220620030000","62","0","新北市","新店區","121.535","24.915","58"
"47","376766","20220620030000","44","1","新北市","新店區","121.545","24.915","59"
"2852","376768","20220620030000","3152","0","新北市","土城區","121.445","24.985","2899"
"806","376769","20220620030000","870","0","新北市","土城區","121.450","24.975","820"
"602","376770","20220620030000","785","0","新北市","土城區","121.455","24.975","584"
"1602","376772","20220620030000","1397","1","新北市","土城區","121.415","24.960","1612"
"82","376774","20220620030000","929","0","新北市","土城區","121.420","24.965","83"
"395","376775","20220620030000","685","0","新北市","土城區","121.425","24.965","583"
"224","376777","20220620030000","264","0","新北市","土城區","121.425","24.970","204"
"92","376787","20220620030000","89","1","新北市","土城區","121.470","24.960","82"
"66","376788","20220620030000","47","2","新北市","土城區","121.455","24.965","69"
"34","376791","20220620030000","37","0","新北市","土城區","121.470","24.965","32"
"901","376796","20220620030000","919","0","新北市","土城區","121.460","24.970","931"
"5292","376798","20220620030000","4772","1","新北市","新店區","121.540","24.965","5279"
"23","376801","20220620030000","13","3","桃園市","大溪區","121.305","24.895","27"
"18","376808","20220620030000","138","0","桃園市","八德區","121.280","24.930","24"
"1672","376809","20220620030000","1524","1","桃園市","八德區","121.285","24.930","1599"
"570","376810","20220620030000","451","2","桃園市","八德區","121.280","24.935","572"
"756","376813","20220620030000","525","2","桃園市","八德區","121.270","24.930","754"
"44","376815","20220620030000","102","0","桃園市","八德區","121.270","24.935","66"
"1683","376823","20220620030000","1014","3","桃園市","八德區","121.280","24.925","1694"
"1663","376824","20220620030000","1347","2","桃園市","八德區","121.285","24.925","1674"
"1666","376825","20220620030000","1669","0","桃園市","中壢區","121.220","24.955","1680"
"2222","376826","20220620030000","2531","0","桃園市","中壢區","121.230","24.965","2244"
"1657","376828","20220620030000","1514","1","桃園市","八德區","121.275","24.980","1690"
"492","376829","20220620030000","351","2","桃園市","八德區","121.280","24.980","482"
"1738","376831","20220620030000","1208","2","新竹縣","湖口鄉","121.050","24.900","1758"
"3433","376832","20220620030000","2746","2","新竹縣","湖口鄉","121.045","24.900","3443"
"111","376834","20220620030000","104","1","新竹縣","湖口鄉","121.030","24.900","118"
"121","376835","20220620030000","112","1","新竹縣","湖口鄉","121.025","24.905","139"
"601","376845","20220620030000","1115","0","桃園市","平鎮區","121.230","24.930","583"
"2589","376847","20220620030000","1111","3","桃園市","中壢區","121.230","24.935","2592"
"1093","376848","20220620030000","1092","1","桃園市","中壢區","121.225","24.940","1093"
"2020","376849","20220620030000","1595","2","桃園市","中壢區","121.245","24.975","2197"
"2225","376850","20220620030000","1926","1","桃園市","中壢區","121.245","24.980","2203"
"807","376851","20220620030000","639","2","桃園市","中壢區","121.250","24.985","868"
"127","376852","20220620030000","123","1","桃園市","中壢區","121.240","24.985","126"
"1114","376853","20220620030000","1049","1","桃園市","八德區","121.295","24.935","1155"
"268","376854","20220620030000","237","1","桃園市","八德區","121.295","24.940","273"
"1245","376855","20220620030000","1242","1","桃園市","八德區","121.295","24.930","1239"
"730","376856","20220620030000","820","0","桃園市","龜山區","121.335","24.985","743"
"2317","376857","20220620030000","2482","0","桃園市","龜山區","121.335","24.990","2279"
"517","376860","20220620030000","646","0","桃園市","龜山區","121.345","24.980","482"
"23","376865","20220620030000","115","0","桃園市","龜山區","121.360","24.985","13"
"2487","376866","20220620030000","1613","3","桃園市","平鎮區","121.220","24.940","2509"
"327","376871","20220620030000","235","2","桃園市","楊梅區","121.185","24.905","315"
"228","376875","20220620030000","195","1","桃園市","平鎮區","121.200","24.910","242"
"1440","376878","20220620030000","524","3","桃園市","平鎮區","121.200","24.915","1408"
"226","376881","20220620030000","229","0","桃園市","平鎮區","121.200","24.920","214"
"454","376882","20220620030000","660","0","桃園市","楊梅區","121.180","24.945","431"
"981","376886","20220620030000","916","1","桃園市","平鎮區","121.185","24.955","1024"
"822","376887","20220620030000","873","0","桃園市","中壢區","121.175","24.960","787"
"749","376889","20220620030000","649","1","桃園市","平鎮區","121.185","24.960","738"
"435","376892","20220620030000","446","0","桃園市","中壢區","121.185","24.970","430"
"247","376894","20220620030000","176","2","桃園市","平鎮區","121.190","24.930","269"
"258","376899","20220620030000","171","3","桃園市","平鎮區","121.190","24.940","251"
"554","376900","20220620030000","520","1","桃園市","平鎮區","121.195","24.940","545"
"298","376915","20220620030000","154","3","桃園市","大溪區","121.310","24.930","311"
"877","376925","20220620030000","633","2","桃園市","大溪區","121.275","24.895","948"
"1449","376927","20220620030000","1208","1","桃園市","大溪區","121.280","24.895","1463"
"865","376929","20220620030000","706","2","桃園市","大溪區","121.285","24.905","888"
"675","376930","20220620030000","576","1","桃園市","大溪區","121.280","24.900","688"
"535","376931","20220620030000","389","2","桃園市","大溪區","121.280","24.905","550"
"1414","376932","20220620030000","778","3","桃園市","龜山區","121.325","24.990","1370"
"506","376933","20220620030000","535","0","桃園市","桃園區","121.325","24.980","487"
"1361","376934","20220620030000","1469","0","桃園市","龜山區","121.330","24.980","1369"
"1743","376936","20220620030000","1455","1","桃園市","桃園區","121.320","24.985","1751"
"2148","376937","20220620030000","1798","1","桃園市","龜山區","121.325","24.985","2164"
"707","376938","20220620030000","911","0","桃園市","龜山區","121.330","24.985","712"
"367","376940","20220620030000","298","2","桃園市","新屋區","121.055","24.975","380"
"162","376956","20220620030000","134","2","桃園市","新屋區","121.125","24.955","180"
"363","376971","20220620030000","284","2","桃園市","新屋區","121.135","24.970","406"
"83","376972","20220620030000","93","0","桃園市","觀音區","121.140","24.970","82"
"634","376974","20220620030000","610","1","桃園市","龜山區","121.330","24.990","623"
"1354","376975","20220620030000","2698","0","桃園市","桃園區","121.310","24.990","1391"
"2069","376976","20220620030000","1965","1","桃園市","楊梅區","121.170","24.910","2060"
"728","376978","20220620030000","687","1","桃園市","楊梅區","121.175","24.915","692"
"1116","376979","20220620030000","1082","1","桃園市","楊梅區","121.170","24.920","1076"
"485","376984","20220620030000","390","2","桃園市","楊梅區","121.110","24.925","474"
"813","376995","20220620030000","726","1","桃園市","楊梅區","121.125","24.930","823"
"137","376998","20220620030000","141","0","桃園市","楊梅區","121.115","24.940","121"
"300","377001","20220620030000","294","1","桃園市","楊梅區","121.175","24.900","357"
"906","377002","20220620030000","783","1","桃園市","楊梅區","121.180","24.900","1003"
"3015","377003","20220620030000","2444","2","桃園市","楊梅區","121.175","24.905","2821"
"112","377004","20220620030000","69","3","桃園市","楊梅區","121.180","24.905","110"
"58","377007","20220620030000","49","1","桃園市","楊梅區","121.095","24.930","50"
"509","377008","20220620030000","441","1","桃園市","楊梅區","121.100","24.930","494"
"1176","377010","20220620030000","633","3","桃園市","楊梅區","121.090","24.935","1190"
"391","377027","20220620030000","422","0","桃園市","新屋區","121.090","24.955","388"
"554","377030","20220620030000","437","2","桃園市","楊梅區","121.160","24.900","539"
"1282","377031","20220620030000","1151","1","桃園市","楊梅區","121.155","24.900","1328"
"555","377033","20220620030000","664","0","桃園市","楊梅區","121.085","24.935","577"
"355","377034","20220620030000","380","0","桃園市","楊梅區","121.075","24.940","341"
"891","377039","20220620030000","841","1","桃園市","桃園區","121.285","24.990","895"
"845","377041","20220620030000","760","1","桃園市","桃園區","121.295","24.980","910"
"2250","377042","20220620030000","3061","0","桃園市","桃園區","121.300","24.990","2342"
"339","377043","20220620030000","253","2","桃園市","桃園區","121.300","24.980","329"
"3226","377045","20220620030000","2775","1","桃園市","桃園區","121.300","24.985","2776"
"901","377046","20220620030000","1077","0","桃園市","楊梅區","121.175","24.910","903"
"2104","377047","20220620030000","1211","3","桃園市","八德區","121.300","24.965","2066"
"1377","377051","20220620030000","786","3","桃園市","八德區","121.305","24.955","1373"
"442","377052","20220620030000","368","2","桃園市","八德區","121.310","24.955","457"
"246","377054","20220620030000","267","0","桃園市","八德區","121.300","24.945","251"
"517","377056","20220620030000","355","2","桃園市","八德區","121.275","24.940","535"
"854","377058","20220620030000","1081","0","桃園市","八德區","121.285","24.940","828"
"181","377059","20220620030000","175","1","桃園市","八德區","121.280","24.945","190"
"347","377061","20220620030000","370","0","桃園市","八德區","121.290","24.950","352"
"135","377068","20220620030000","95","2","桃園市","八德區","121.290","24.955","136"
"334","377069","20220620030000","277","2","桃園市","八德區","121.280","24.960","356"
"860","377070","20220620030000","638","2","桃園市","八德區","121.285","24.960","827"
"3594","377071","20220620030000","3103","1","桃園市","桃園區","121.290","24.985","3718"
"3941","377072","20220620030000","3066","2","桃園市","中壢區","121.220","24.965","3881"
"775","377073","20220620030000","744","1","桃園市","中壢區","121.215","24.955","765"
"374","377077","20220620030000","384","0","桃園市","中壢區","121.205","24.980","428"
"355","377084","20220620030000","229","3","桃園市","中壢區","121.205","24.990","353"
"1570","377086","20220620030000","1441","1","桃園市","中壢區","121.255","24.970","1521"
"1758","377088","20220620030000","1917","0","桃園市","楊梅區","121.155","24.910","1815"
"888","377089","20220620030000","688","2","桃園市","楊梅區","121.160","24.910","907"
"1795","377092","20220620030000","1503","1","桃園市","平鎮區","121.205","24.910","1777"
"2073","377093","20220620030000","1814","1","桃園市","平鎮區","121.205","24.920","2077"
"185","377099","20220620030000","121","3","桃園市","新屋區","121.010","24.960","172"
"582","377106","20220620030000","529","1","桃園市","新屋區","121.120","24.970","583"
"343","377111","20220620030000","157","3","桃園市","新屋區","121.130","24.975","309"
"1097","377117","20220620030000","978","1","桃園市","新屋區","121.110","24.980","1083"
"543","377122","20220620030000","456","1","桃園市","新屋區","121.110","24.985","519"
"437","377125","20220620030000","434","1","桃園市","新屋區","121.125","24.985","542"
"436","377128","20220620030000","402","1","桃園市","新屋區","121.125","24.990","407"
"620","377135","20220620030000","617","1","桃園市","新屋區","121.100","24.990","644"
"11","377136","20220620030000","21","0","桃園市","新屋區","121.105","24.990","11"
"63","377148","20220620030000","90","0","桃園市","新屋區","121.095","24.960","70"
"278","377155","20220620030000","317","0","桃園市","新屋區","121.070","24.970","274"
"159","377159","20220620030000","132","2","桃園市","新屋區","121.020","24.970","158"
"273","377173","20220620030000","249","1","桃園市","新屋區","121.015","24.985","290"
"185","377175","20220620030000","200","0","桃園市","新屋區","120.990","24.940","189"
"176","377179","20220620030000","60","3","桃園市","新屋區","121.000","24.945","177"
"269","377183","20220620030000","264","1","桃園市","新屋區","121.010","24.950","266"
"610","377187","20220620030000","506","2","桃園市","新屋區","121.080","24.975","606"
"402","377195","20220620030000","235","3","桃園市","新屋區","121.075","24.990","375"
"229","377204","20220620030000","271","0","桃園市","新屋區","121.140","24.960","233"
"510","377205","20220620030000","551","0","桃園市","新屋區","121.145","24.960","514"
"361","377209","20220620030000","194","3","桃園市","新屋區","121.160","24.960","329"
"48","377211","20220620030000","28","3","桃園市","觀音區","121.145","24.970","38"
"436","377249","20220620030000","658","0","桃園市","平鎮區","121.210","24.895","429"
"801","377259","20220620030000","949","0","桃園市","桃園區","121.285","24.980","775"
"1381","377261","20220620030000","620","3","桃園市","楊梅區","121.145","24.915","1419"
"293","377263","20220620030000","317","0","桃園市","楊梅區","121.145","24.910","279"
"16","377264","20220620030000","174","0","桃園市","楊梅區","121.130","24.915","16"
"577","377268","20220620030000","609","0","桃園市","楊梅區","121.130","24.920","579"
"628","377270","20220620030000","546","1","桃園市","楊梅區","121.140","24.920","554"
"3195","377280","20220620030000","2927","1","桃園市","楊梅區","121.145","24.900","3197"
"730","377285","20220620030000","447","3","桃園市","楊梅區","121.170","24.900","781"
"830","377288","20220620030000","838","0","桃園市","楊梅區","121.185","24.925","837"
"691","377289","20220620030000","676","1","桃園市","平鎮區","121.190","24.925","693"
"615","377292","20220620030000","572","1","桃園市","平鎮區","121.195","24.925","630"
"258","377295","20220620030000","571","0","桃園市","平鎮區","121.210","24.935","304"
"1857","377296","20220620030000","1724","1","桃園市","桃園區","121.295","24.990","1937"
"2922","377297","20220620030000","2612","1","桃園市","桃園區","121.285","24.985","2918"
"760","377303","20220620030000","685","1","桃園市","新屋區","121.120","24.950","729"
"323","377308","20220620030000","324","0","桃園市","新屋區","121.100","24.960","309"
"421","377310","20220620030000","347","2","桃園市","新屋區","121.110","24.960","428"
"603","377311","20220620030000","269","3","桃園市","新屋區","121.095","24.965","597"
"694","377322","20220620030000","595","1","桃園市","新屋區","121.045","24.960","705"
"195","377333","20220620030000","118","3","桃園市","新屋區","121.045","24.970","227"
"1604","377335","20220620030000","1366","1","桃園市","桃園區","121.320","24.990","1670"
"2046","377337","20220620030000","1761","1","桃園市","平鎮區","121.250","24.920","2072"
"691","377339","20220620030000","638","1","桃園市","平鎮區","121.240","24.925","678"
"1252","377340","20220620030000","1259","0","桃園市","桃園區","121.305","24.985","1269"
"1206","377342","20220620030000","1148","1","桃園市","桃園區","121.325","24.975","1208"
"2558","377344","20220620030000","2112","2","桃園市","桃園區","121.320","24.975","2518"
"706","377345","20220620030000","314","3","新北市","鶯歌區","121.330","24.975","676"
"640","377346","20220620030000","575","1","桃園市","桃園區","121.320","24.980","659"
"1501","377347","20220620030000","874","3","桃園市","中壢區","121.230","24.960","1349"
"1362","377348","20220620030000","1437","0","桃園市","中壢區","121.235","24.960","1311"
"622","377349","20220620030000","992","0","桃園市","中壢區","121.230","24.950","619"
"1718","377350","20220620030000","1435","1","桃園市","中壢區","121.225","24.950","1731"
"449","377361","20220620030000","461","0","桃園市","新屋區","121.030","24.950","459"
"441","377372","20220620030000","555","0","桃園市","新屋區","121.090","24.980","436"
"1165","377380","20220620030000","1164","1","桃園市","新屋區","121.110","24.970","1170"
"66","377381","20220620030000","75","0","桃園市","新屋區","121.110","24.975","62"
"2323","377384","20220620030000","2351","0","桃園市","新屋區","121.105","24.975","2363"
"102","377428","20220620030000","70","2","桃園市","新屋區","121.040","24.980","103"
"869","377433","20220620030000","910","0","桃園市","新屋區","121.035","24.985","847"
"427","377434","20220620030000","396","1","桃園市","新屋區","121.040","24.985","352"
"1101","377446","20220620030000","1001","1","桃園市","桃園區","121.315","24.990","1122"
"2376","377447","20220620030000","1303","3","桃園市","桃園區","121.270","24.980","2377"
"3490","377449","20220620030000","2453","2","桃園市","桃園區","121.275","24.990","3508"
"1050","377450","20220620030000","1365","0","桃園市","桃園區","121.265","24.975","1029"
"2231","377452","20220620030000","1969","1","桃園市","桃園區","121.265","24.980","2208"
"28","377454","20220620030000","26","1","桃園市","桃園區","121.265","24.985","29"
"2200","377455","20220620030000","1777","2","桃園市","桃園區","121.290","24.990","2216"
"474","377456","20220620030000","471","1","桃園市","平鎮區","121.245","24.905","451"
"31","377457","20220620030000","56","0","桃園市","平鎮區","121.250","24.905","19"
"243","377459","20220620030000","283","0","桃園市","平鎮區","121.250","24.915","249"
"735","377460","20220620030000","729","1","桃園市","平鎮區","121.215","24.935","710"
"1876","377461","20220620030000","1774","1","桃園市","平鎮區","121.215","24.940","1867"
"1792","377462","20220620030000","1478","2","桃園市","平鎮區","121.215","24.945","1775"
"2632","377463","20220620030000","1917","2","桃園市","桃園區","121.310","24.980","2606"
"1114","377464","20220620030000","1496","0","桃園市","桃園區","121.310","24.985","1116"
"2196","377468","20220620030000","2052","1","桃園市","桃園區","121.305","24.980","2221"
"163","377469","20220620030000","141","1","桃園市","楊梅區","121.175","24.950","169"
"1780","377470","20220620030000","1221","2","桃園市","楊梅區","121.170","24.955","1774"
"285","377473","20220620030000","169","3","桃園市","楊梅區","121.115","24.900","285"
"153","377476","20220620030000","331","0","桃園市","楊梅區","121.125","24.910","164"
"462","377481","20220620030000","403","1","桃園市","楊梅區","121.150","24.940","468"
"219","377483","20220620030000","153","2","桃園市","楊梅區","121.150","24.920","214"
"1112","377484","20220620030000","725","3","桃園市","楊梅區","121.155","24.920","1078"
"770","377488","20220620030000","656","1","桃園市","楊梅區","121.150","24.925","724"
"33","377489","20220620030000","64","0","桃園市","楊梅區","121.155","24.925","38"
"35","377490","20220620030000","24","2","桃園市","楊梅區","121.160","24.925","35"
"681","377491","20220620030000","628","1","桃園市","楊梅區","121.165","24.925","686"
"409","377493","20220620030000","372","1","桃園市","楊梅區","121.145","24.930","399"
"306","377497","20220620030000","285","1","桃園市","楊梅區","121.160","24.930","322"
"103","377498","20220620030000","278","0","桃園市","楊梅區","121.165","24.930","101"
"524","377499","20220620030000","238","3","桃園市","楊梅區","121.170","24.930","484"
"397","377501","20220620030000","358","1","桃園市","楊梅區","121.140","24.930","319"
"2072","377508","20220620030000","1929","1","桃園市","平鎮區","121.210","24.940","2053"
"2424","377509","20220620030000","1999","2","桃園市","平鎮區","121.210","24.945","2418"
"664","377513","20220620030000","600","1","桃園市","平鎮區","121.210","24.930","677"
"1400","377519","20220620030000","861","3","桃園市","平鎮區","121.230","24.900","1404"
"315","377522","20220620030000","270","1","桃園市","平鎮區","121.245","24.900","323"
"972","377529","20220620030000","1135","0","桃園市","平鎮區","121.225","24.910","969"
"443","377530","20220620030000","352","2","桃園市","平鎮區","121.230","24.910","431"
"1674","377532","20220620030000","1246","2","桃園市","桃園區","121.305","24.990","1693"
"1082","377533","20220620030000","874","2","新北市","鶯歌區","121.330","24.970","1049"
"443","377534","20220620030000","459","0","新北市","鶯歌區","121.335","24.965","458"
"757","377535","20220620030000","707","1","桃園市","桃園區","121.320","24.970","870"
"1987","377538","20220620030000","2102","0","桃園市","桃園區","121.315","24.980","1960"
"688","377539","20220620030000","467","2","桃園市","楊梅區","121.175","24.925","668"
"341","377542","20220620030000","111","3","桃園市","楊梅區","121.180","24.925","346"
"314","377546","20220620030000","221","2","桃園市","楊梅區","121.180","24.930","300"
"834","377547","20220620030000","589","2","桃園市","楊梅區","121.160","24.935","805"
"65","377551","20220620030000","81","0","桃園市","楊梅區","121.180","24.935","69"
"41","377559","20220620030000","50","0","桃園市","楊梅區","121.150","24.945","37"
"10","377561","20220620030000","10","1","桃園市","楊梅區","121.160","24.945","17"
"294","377564","20220620030000","272","1","桃園市","楊梅區","121.175","24.945","299"
"588","377565","20220620030000","600","0","桃園市","新屋區","121.150","24.950","571"
"441","377566","20220620030000","306","2","桃園市","楊梅區","121.155","24.950","406"
"32","377568","20220620030000","18","3","桃園市","楊梅區","121.170","24.950","28"
"782","377570","20220620030000","651","2","桃園市","蘆竹區","121.265","24.990","767"
"231","377571","20220620030000","158","2","桃園市","龜山區","121.340","24.980","245"
"22","377572","20220620030000","36","0","桃園市","龜山區","121.340","24.985","23"
"2426","377573","20220620030000","2347","1","桃園市","龜山區","121.345","24.985","2445"
"985","377574","20220620030000","1156","0","桃園市","龜山區","121.340","24.990","999"
"605","377575","20220620030000","579","1","桃園市","龜山區","121.345","24.990","615"
"17","377679","20220620030000","12","2","新北市","雙溪區","121.830","24.940","19"
"12","377742","20220620030000","14","0","新北市","雙溪區","121.820","24.965","13"
"11","377756","20220620030000","12","0","新北市","雙溪區","121.825","24.970","13"
"14","377787","20220620030000","12","1","新北市","雙溪區","121.845","24.980","13"
"1304","377821","20220620030000","1346","0","桃園市","楊梅區","121.145","24.905","1259"
"1580","377823","20220620030000","1621","0","桃園市","楊梅區","121.165","24.910","1466"
"21","377824","20220620030000","72","0","桃園市","楊梅區","121.165","24.915","17"
"342","377826","20220620030000","254","2","桃園市","大溪區","121.280","24.910","329"
"997","377827","20220620030000","1034","0","桃園市","大溪區","121.285","24.910","1033"
"1324","377831","20220620030000","865","3","桃園市","大溪區","121.280","24.915","1320"
"313","377833","20220620030000","314","0","桃園市","大溪區","121.290","24.915","310"
"822","377835","20220620030000","808","1","桃園市","大溪區","121.280","24.920","829"
"722","377837","20220620030000","937","0","桃園市","大溪區","121.290","24.920","702"
"751","377839","20220620030000","576","2","桃園市","大溪區","121.275","24.900","661"
"823","377841","20220620030000","522","3","桃園市","大溪區","121.275","24.905","852"
"2585","377843","20220620030000","2430","1","桃園市","楊梅區","121.180","24.910","2564"
"1329","377844","20220620030000","975","2","桃園市","楊梅區","121.180","24.915","1342"
"312","377845","20220620030000","301","1","桃園市","平鎮區","121.225","24.925","309"
"549","377847","20220620030000","573","0","桃園市","平鎮區","121.220","24.935","539"
"3349","377848","20220620030000","2297","2","桃園市","平鎮區","121.225","24.930","3366"
"868","377849","20220620030000","617","2","桃園市","平鎮區","121.220","24.930","849"
"565","377851","20220620030000","366","3","桃園市","平鎮區","121.230","24.925","576"
"572","377852","20220620030000","510","1","桃園市","中壢區","121.245","24.925","550"
"1618","377853","20220620030000","1343","2","桃園市","楊梅區","121.150","24.910","1611"
"920","377854","20220620030000","676","2","桃園市","楊梅區","121.150","24.915","942"
"84","377858","20220620030000","73","1","桃園市","楊梅區","121.130","24.905","85"
"620","377859","20220620030000","596","1","桃園市","楊梅區","121.135","24.905","606"
"67","377862","20220620030000","112","0","桃園市","楊梅區","121.135","24.910","56"
"277","377866","20220620030000","155","3","桃園市","楊梅區","121.070","24.930","317"
"365","377868","20220620030000","350","1","桃園市","楊梅區","121.065","24.935","369"
"341","377877","20220620030000","287","1","桃園市","楊梅區","121.100","24.920","354"
"76","377879","20220620030000","443","0","桃園市","楊梅區","121.070","24.925","86"
"519","377895","20220620030000","1285","0","桃園市","楊梅區","121.085","24.930","529"
"175","377896","20220620030000","131","2","桃園市","楊梅區","121.160","24.950","177"
"3398","377898","20220620030000","2368","2","桃園市","楊梅區","121.160","24.955","3439"
"128","377901","20220620030000","153","0","桃園市","楊梅區","121.120","24.895","134"
"77","377906","20220620030000","75","1","桃園市","楊梅區","121.125","24.900","72"
"292","377909","20220620030000","186","3","桃園市","平鎮區","121.210","24.910","271"
"2148","377914","20220620030000","1551","2","桃園市","平鎮區","121.210","24.920","2096"
"240","377919","20220620030000","243","0","桃園市","平鎮區","121.195","24.930","249"
"977","377920","20220620030000","705","2","桃園市","平鎮區","121.200","24.940","942"
"175","377924","20220620030000","449","0","桃園市","八德區","121.290","24.945","158"
"1857","377925","20220620030000","1204","3","桃園市","八德區","121.290","24.930","1832"
"1102","377933","20220620030000","863","2","桃園市","八德區","121.275","24.960","1155"
"1784","377940","20220620030000","1859","0","臺北市","文山區","121.555","24.985","1784"
"847","377941","20220620030000","732","1","臺北市","文山區","121.560","24.985","860"
"1503","377942","20220620030000","1582","0","臺北市","文山區","121.565","24.980","1395"
"34","377946","20220620030000","33","1","新北市","新店區","121.575","24.965","40"
"96","377947","20220620030000","124","0","臺北市","文山區","121.580","24.965","111"
"247","377948","20220620030000","226","1","臺北市","文山區","121.560","24.970","280"
"248","377953","20220620030000","252","0","臺北市","文山區","121.560","24.975","256"
"124","377955","20220620030000","158","0","臺北市","文山區","121.570","24.975","119"
"316","377957","20220620030000","975","0","臺北市","文山區","121.570","24.980","452"
"2332","377958","20220620030000","2561","0","臺北市","文山區","121.565","24.985","2348"
"181","377962","20220620030000","187","0","臺北市","文山區","121.610","24.965","195"
"128","377964","20220620030000","28","3","臺北市","文山區","121.590","24.965","118"
"65","377978","20220620030000","114","0","臺北市","文山區","121.580","24.975","82"
"420","377979","20220620030000","540","0","臺北市","文山區","121.585","24.975","416"
"100","377980","20220620030000","132","0","臺北市","文山區","121.590","24.975","63"
"1157","377982","20220620030000","1460","0","臺北市","文山區","121.575","24.980","1280"
"886","377989","20220620030000","906","0","臺北市","文山區","121.585","24.985","906"
"969","377990","20220620030000","1533","0","臺北市","文山區","121.590","24.985","943"
"777","377994","20220620030000","25","3","臺北市","文山區","121.590","24.990","765"
"38","377995","20220620030000","23","3","臺北市","文山區","121.595","24.990","55"
"3309","377997","20220620030000","2480","2","臺北市","文山區","121.560","24.990","3326"
"460","377998","20220620030000","1769","0","臺北市","文山區","121.575","24.985","495"
"1024","377999","20220620030000","1172","0","臺北市","文山區","121.580","24.985","1057"
"2134","378000","20220620030000","1530","2","臺北市","文山區","121.575","24.990","2271"
"1111","378001","20220620030000","945","1","臺北市","文山區","121.580","24.990","1098"
"1121","378002","20220620030000","1571","0","臺北市","文山區","121.550","24.985","1145"
"1437","378003","20220620030000","2560","0","臺北市","文山區","121.565","24.990","1487"
"2194","378004","20220620030000","2691","0","臺北市","文山區","121.570","24.990","2196"
"1765","378005","20220620030000","1865","0","臺北市","文山區","121.555","24.980","1737"
"2739","378006","20220620030000","2346","1","臺北市","文山區","121.560","24.980","2785"
"353","378007","20220620030000","428","0","臺北市","文山區","121.555","24.975","337"
"2797","378008","20220620030000","2845","0","臺北市","文山區","121.570","24.985","2876"
"2362","378009","20220620030000","2608","0","臺北市","文山區","121.545","24.990","2371"
"2864","378010","20220620030000","3012","0","臺北市","文山區","121.540","24.990","2923"
"395","378011","20220620030000","651","0","臺北市","文山區","121.550","24.990","376"
"590","378012","20220620030000","610","0","臺北市","文山區","121.555","24.990","598"
"18","378561","20220620030000","19","0","新北市","貢寮區","121.990","24.995","30"
"18","378916","20220620030000","14","2","新北市","貢寮區","122.000","25.000","21"
"45","379975","20220620030000","30","3","新北市","貢寮區","122.005","25.015","48"
"2002","382513","20220620030000","1862","1","新北市","新莊區","121.450","25.035","1942"
"924","382514","20220620030000","890","1","新北市","新莊區","121.415","25.020","937"
"2818","382515","20220620030000","1965","2","新北市","板橋區","121.430","24.995","2862"
"776","382517","20220620030000","668","1","新北市","新莊區","121.435","25.005","789"
"586","382519","20220620030000","630","0","新北市","板橋區","121.440","25.010","558"
"1633","382521","20220620030000","1879","0","新北市","新莊區","121.430","25.020","1650"
"2310","382522","20220620030000","1863","2","新北市","新莊區","121.430","25.015","2396"
"2851","382525","20220620030000","2231","2","新北市","新莊區","121.410","25.025","2850"
"144","382526","20220620030000","127","1","新北市","新莊區","121.400","25.030","133"
"4317","382528","20220620030000","4820","0","新北市","板橋區","121.470","25.015","4319"
"2860","382530","20220620030000","3323","0","新北市","板橋區","121.465","25.025","2912"
"6022","382531","20220620030000","5836","1","新北市","板橋區","121.460","25.025","6012"
"2542","382532","20220620030000","2591","0","新北市","中和區","121.480","24.995","2631"
"2031","382534","20220620030000","2861","0","新北市","板橋區","121.445","25.000","1964"
"3354","382536","20220620030000","3992","0","新北市","中和區","121.520","24.995","3318"
"2959","382537","20220620030000","2795","1","新北市","板橋區","121.455","25.025","2967"
"1476","382538","20220620030000","1549","0","臺北市","文山區","121.530","24.995","1317"
"1250","382539","20220620030000","1206","1","新北市","汐止區","121.620","25.045","1211"
"653","382546","20220620030000","593","1","新北市","樹林區","121.410","25.010","636"
"2611","382547","20220620030000","2721","0","新北市","新莊區","121.425","25.015","2567"
"2285","382548","20220620030000","2010","1","新北市","中和區","121.495","24.995","2296"
"579","382549","20220620030000","575","1","臺北市","萬華區","121.490","25.015","560"
"66","382550","20220620030000","60","1","新北市","三重區","121.480","25.050","70"
"2569","382552","20220620030000","2334","1","新北市","中和區","121.480","25.000","2626"
"1277","382553","20220620030000","1752","0","新北市","中和區","121.475","25.005","1280"
"7050","382554","20220620030000","5010","2","新北市","中和區","121.470","25.005","7076"
"4738","382555","20220620030000","6836","0","新北市","中和區","121.500","24.995","4706"
"3167","382556","20220620030000","1959","3","新北市","中和區","121.495","25.005","3230"
"2599","382557","20220620030000","3655","0","新北市","中和區","121.500","25.005","2537"
"2106","382558","20220620030000","1889","1","新北市","三重區","121.490","25.055","2107"
"755","382559","20220620030000","408","3","新北市","三重區","121.475","25.045","777"
"1852","382560","20220620030000","1782","1","新北市","板橋區","121.445","25.005","1831"
"616","382561","20220620030000","573","1","新北市","板橋區","121.445","25.010","613"
"467","382562","20220620030000","586","0","新北市","板橋區","121.450","25.005","474"
"895","382563","20220620030000","875","1","新北市","板橋區","121.450","25.020","814"
"2810","382564","20220620030000","2791","1","新北市","中和區","121.505","25.005","2758"
"2203","382565","20220620030000","2545","0","新北市","三重區","121.485","25.055","2181"
"2486","382567","20220620030000","2778","0","新北市","三重區","121.495","25.055","2444"
"1580","382568","20220620030000","1581","0","新北市","三重區","121.500","25.045","1540"
"1070","382571","20220620030000","904","1","新北市","中和區","121.490","25.005","1090"
"1223","382572","20220620030000","805","3","新北市","中和區","121.490","25.000","1173"
"1203","382574","20220620030000","846","2","新北市","中和區","121.485","25.010","1170"
"3903","382575","20220620030000","2990","2","新北市","中和區","121.485","24.995","3769"
"2613","382576","20220620030000","2826","0","新北市","中和區","121.490","24.995","2595"
"4305","382577","20220620030000","4281","1","新北市","中和區","121.505","24.995","4286"
"55","382579","20220620030000","58","0","新北市","板橋區","121.460","25.030","60"
"3348","382580","20220620030000","3609","0","新北市","板橋區","121.455","25.015","3341"
"326","382582","20220620030000","794","0","新北市","板橋區","121.450","25.025","300"
"468","382583","20220620030000","681","0","新北市","泰山區","121.420","25.045","508"
"848","382584","20220620030000","1048","0","新北市","泰山區","121.425","25.045","840"
"252","382589","20220620030000","133","3","新北市","三重區","121.485","25.045","217"
"1298","382592","20220620030000","925","2","新北市","三重區","121.485","25.050","1302"
"2763","382593","20220620030000","2563","1","新北市","三重區","121.490","25.050","2801"
"793","382594","20220620030000","385","3","桃園市","龜山區","121.410","25.020","796"
"2129","382595","20220620030000","1865","1","新北市","新莊區","121.460","25.050","2232"
"1361","382596","20220620030000","1310","1","新北市","新莊區","121.465","25.050","1361"
"417","382597","20220620030000","782","0","新北市","新莊區","121.460","25.055","423"
"1103","382598","20220620030000","1346","0","新北市","新莊區","121.465","25.055","970"
"1101","382600","20220620030000","1079","1","新北市","三重區","121.470","25.045","1073"
"784","382601","20220620030000","600","2","新北市","三重區","121.470","25.050","804"
"2424","382603","20220620030000","2134","1","新北市","中和區","121.480","25.010","2423"
"3829","382604","20220620030000","3326","1","新北市","板橋區","121.475","25.010","3926"
"2125","382605","20220620030000","2227","0","新北市","中和區","121.465","24.995","2085"
"2752","382606","20220620030000","2716","1","新北市","新莊區","121.450","25.040","2770"
"3742","382607","20220620030000","3233","1","新北市","新莊區","121.445","25.040","3798"
"3675","382608","20220620030000","4565","0","新北市","新莊區","121.425","25.020","3388"
"212","382609","20220620030000","2551","0","新北市","新莊區","121.455","25.045","224"
"2493","382610","20220620030000","2309","1","新北市","板橋區","121.465","25.005","2560"
"3243","382611","20220620030000","2848","1","新北市","板橋區","121.460","25.005","3255"
"98","382614","20220620030000","268","0","新北市","深坑區","121.630","25.010","91"
"271","382615","20220620030000","259","1","新北市","深坑區","121.620","25.010","284"
"103","382618","20220620030000","365","0","新北市","深坑區","121.630","25.015","108"
"267","382623","20220620030000","455","0","新北市","深坑區","121.605","25.000","252"
"1946","382624","20220620030000","2009","0","新北市","新莊區","121.435","25.015","1890"
"33","382625","20220620030000","420","0","新北市","板橋區","121.450","25.000","22"
"671","382626","20220620030000","606","1","新北市","中和區","121.470","24.995","678"
"131","382627","20220620030000","115","1","新北市","中和區","121.480","24.990","131"
"457","382628","20220620030000","1695","0","新北市","中和區","121.475","25.000","424"
"170","382629","20220620030000","477","0","新北市","中和區","121.505","25.000","146"
"2833","382630","20220620030000","3507","0","新北市","永和區","121.525","25.005","2904"
"1545","382634","20220620030000","1118","2","新北市","樹林區","121.420","24.995","1585"
"802","382637","20220620030000","692","1","新北市","樹林區","121.420","25.000","796"
"415","382638","20220620030000","498","0","新北市","新莊區","121.440","25.030","415"
"2765","382639","20220620030000","2109","2","新北市","新莊區","121.420","25.025","2771"
"3122","382640","20220620030000","3328","0","新北市","新莊區","121.455","25.050","3176"
"4225","382641","20220620030000","2894","2","新北市","中和區","121.470","25.000","4233"
"7468","382642","20220620030000","3469","3","新北市","板橋區","121.455","25.005","7472"
"937","382643","20220620030000","246","3","新北市","板橋區","121.445","25.020","957"
"1153","382644","20220620030000","974","1","新北市","板橋區","121.440","25.000","1120"
"5562","382645","20220620030000","8734","0","新北市","永和區","121.520","25.010","5361"
"1049","382646","20220620030000","944","1","新北市","樹林區","121.415","25.000","1012"
"1155","382647","20220620030000","993","1","新北市","樹林區","121.415","25.005","1201"
"2633","382648","20220620030000","3387","0","新北市","土城區","121.455","24.995","2658"
"18","382660","20220620030000","20","0","新北市","平溪區","121.710","25.020","12"
"1210","382667","20220620030000","1284","0","新北市","新莊區","121.460","25.040","1273"
"4186","382668","20220620030000","3733","1","新北市","新莊區","121.460","25.045","4114"
"1023","382671","20220620030000","1057","0","新北市","板橋區","121.445","25.015","1034"
"5040","382673","20220620030000","3366","2","新北市","板橋區","121.450","24.995","5077"
"1650","382674","20220620030000","2190","0","新北市","板橋區","121.455","25.000","1637"
"5392","382675","20220620030000","3414","3","新北市","永和區","121.520","25.015","5402"
"2499","382676","20220620030000","3357","0","新北市","永和區","121.515","25.015","2421"
"2575","382677","20220620030000","3000","0","新北市","新莊區","121.445","25.030","2688"
"2953","382678","20220620030000","2029","2","新北市","新莊區","121.455","25.035","2997"
"26","382679","20220620030000","1072","0","新北市","板橋區","121.460","25.035","19"
"578","382680","20220620030000","551","1","新北市","新莊區","121.465","25.040","576"
"1107","382683","20220620030000","624","3","桃園市","中壢區","121.215","25.000","1273"
"479","382686","20220620030000","327","2","桃園市","觀音區","121.125","25.030","490"
"3617","382699","20220620030000","3078","1","新北市","板橋區","121.485","25.020","3551"
"5161","382700","20220620030000","3718","2","新北市","板橋區","121.460","25.010","5100"
"3707","382701","20220620030000","1575","3","新北市","板橋區","121.460","24.995","3795"
"1664","382702","20220620030000","1068","3","新北市","樹林區","121.420","25.015","1701"
"759","382703","20220620030000","473","3","新北市","新莊區","121.435","25.010","783"
"977","382706","20220620030000","682","2","新北市","新莊區","121.440","25.020","872"
"319","382710","20220620030000","314","1","新北市","新莊區","121.445","25.025","330"
"4691","382711","20220620030000","3830","2","新北市","永和區","121.505","25.010","4782"
"3266","382712","20220620030000","3206","1","新北市","板橋區","121.475","25.020","3465"
"2879","382713","20220620030000","2400","1","新北市","新莊區","121.430","25.025","3016"
"16","382714","20220620030000","13","2","新北市","新莊區","121.435","25.025","16"
"1545","382715","20220620030000","1761","0","新北市","新莊區","121.425","25.025","1662"
"1359","382716","20220620030000","1042","2","臺北市","萬華區","121.500","25.015","1304"
"2664","382717","20220620030000","1936","2","新北市","新莊區","121.450","25.030","2485"
"284","382724","20220620030000","302","0","桃園市","中壢區","121.180","25.005","299"
"712","382730","20220620030000","487","2","桃園市","中壢區","121.190","25.010","712"
"849","382732","20220620030000","318","3","桃園市","中壢區","121.185","25.015","834"
"699","382735","20220620030000","535","2","桃園市","大園區","121.180","25.025","645"
"1054","382741","20220620030000","929","1","桃園市","觀音區","121.160","24.995","1014"
"459","382743","20220620030000","412","1","桃園市","觀音區","121.155","25.000","457"
"1024","382759","20220620030000","645","3","桃園市","觀音區","121.160","25.020","1033"
"319","382780","20220620030000","289","1","桃園市","觀音區","121.105","25.040","357"
"215","382785","20220620030000","147","2","桃園市","觀音區","121.130","25.020","210"
"167","382813","20220620030000","183","0","桃園市","觀音區","121.110","25.050","135"
"1449","382814","20220620030000","1140","2","桃園市","觀音區","121.115","25.050","1396"
"1591","382815","20220620030000","834","3","桃園市","觀音區","121.120","25.050","1566"
"383","382816","20220620030000","172","3","桃園市","觀音區","121.125","25.050","372"
"184","382820","20220620030000","87","3","桃園市","觀音區","121.120","25.055","140"
"863","382821","20220620030000","812","1","桃園市","觀音區","121.125","25.055","859"
"679","382830","20220620030000","565","2","桃園市","觀音區","121.080","25.035","698"
"450","382842","20220620030000","186","3","桃園市","觀音區","121.095","25.050","447"
"456","382853","20220620030000","409","1","桃園市","觀音區","121.145","25.040","436"
"3194","382855","20220620030000","2411","2","桃園市","觀音區","121.140","25.045","3118"
"716","382857","20220620030000","572","2","桃園市","觀音區","121.130","25.050","775"
"209","382858","20220620030000","108","3","桃園市","觀音區","121.135","25.050","217"
"450","382868","20220620030000","208","3","桃園市","觀音區","121.115","25.000","449"
"1627","382888","20220620030000","1259","2","桃園市","蘆竹區","121.270","25.010","1609"
"33","382890","20220620030000","47","0","桃園市","蘆竹區","121.265","25.015","36"
"1120","382891","20220620030000","977","1","桃園市","蘆竹區","121.240","25.025","1125"
"1288","382893","20220620030000","536","3","桃園市","蘆竹區","121.250","25.025","1280"
"418","382894","20220620030000","390","1","桃園市","大園區","121.235","25.025","423"
"1024","382896","20220620030000","859","1","桃園市","蘆竹區","121.245","25.025","980"
"467","382898","20220620030000","355","2","桃園市","蘆竹區","121.240","25.030","472"
"152","382911","20220620030000","154","0","新北市","石碇區","121.670","25.010","153"
"55","382935","20220620030000","72","0","新北市","石碇區","121.670","25.030","57"
"124","382953","20220620030000","77","3","新北市","石碇區","121.690","25.005","123"
"38","382971","20220620030000","41","0","新北市","石碇區","121.700","25.015","38"
"87","382976","20220620030000","73","1","新北市","石碇區","121.660","24.995","77"
"42","382980","20220620030000","45","0","新北市","石碇區","121.650","25.000","42"
"25","382991","20220620030000","30","0","新北市","貢寮區","121.885","24.995","25"
"23","382996","20220620030000","10","3","新北市","貢寮區","121.885","25.000","18"
"22","383019","20220620030000","28","0","新北市","貢寮區","122.000","25.005","33"
"68","383024","20220620030000","33","3","新北市","貢寮區","121.990","25.010","81"
"59","383035","20220620030000","48","2","新北市","貢寮區","121.985","25.020","55"
"2208","383037","20220620030000","3675","0","新北市","永和區","121.520","25.000","2172"
"4716","383038","20220620030000","4106","1","新北市","板橋區","121.475","25.025","4741"
"557","383039","20220620030000","1045","0","新北市","新莊區","121.410","25.030","555"
"712","383040","20220620030000","746","0","新北市","新莊區","121.415","25.030","713"
"67","383045","20220620030000","61","1","新北市","新莊區","121.405","25.040","63"
"3388","383046","20220620030000","4029","0","新北市","新莊區","121.455","25.055","3345"
"1018","383047","20220620030000","1062","0","新北市","新莊區","121.435","25.030","1054"
"1626","383048","20220620030000","1181","2","新北市","新莊區","121.425","25.030","1758"
"509","383049","20220620030000","1143","0","新北市","新莊區","121.430","25.030","484"
"725","383050","20220620030000","851","0","新北市","新莊區","121.430","25.035","709"
"4065","383054","20220620030000","5125","0","新北市","新莊區","121.445","25.050","4118"
"4096","383055","20220620030000","3457","1","新北市","新莊區","121.450","25.045","4245"
"1304","383056","20220620030000","1309","0","桃園市","蘆竹區","121.290","25.050","1327"
"1420","383057","20220620030000","1188","1","桃園市","蘆竹區","121.280","25.055","1414"
"526","383058","20220620030000","468","1","桃園市","蘆竹區","121.285","25.045","527"
"1684","383059","20220620030000","682","3","桃園市","蘆竹區","121.285","25.050","1667"
"889","383060","20220620030000","1094","0","桃園市","蘆竹區","121.285","25.055","895"
"451","383094","20220620030000","495","0","桃園市","觀音區","121.050","25.025","456"
"420","383096","20220620030000","597","0","桃園市","觀音區","121.080","25.030","406"
"730","383099","20220620030000","718","1","桃園市","觀音區","121.085","25.035","731"
"1344","383113","20220620030000","546","3","桃園市","觀音區","121.120","25.025","1302"
"459","383117","20220620030000","387","1","桃園市","觀音區","121.115","25.025","480"
"958","383118","20220620030000","827","1","新北市","樹林區","121.410","25.015","961"
"1280","383121","20220620030000","1264","1","新北市","泰山區","121.440","25.045","1297"
"34","383122","20220620030000","290","0","新北市","泰山區","121.430","25.050","31"
"1040","383124","20220620030000","581","3","新北市","泰山區","121.440","25.050","1032"
"92","383125","20220620030000","491","0","新北市","泰山區","121.435","25.055","78"
"1371","383126","20220620030000","960","2","新北市","泰山區","121.425","25.050","1350"
"1078","383127","20220620030000","532","3","新北市","新莊區","121.440","25.055","1094"
"1141","383128","20220620030000","2123","0","新北市","新莊區","121.445","25.055","1200"
"4132","383129","20220620030000","4087","1","新北市","新莊區","121.450","25.055","4074"
"4594","383130","20220620030000","5890","0","新北市","新莊區","121.450","25.050","4761"
"1120","383131","20220620030000","1210","0","新北市","新莊區","121.455","25.040","1118"
"190","383132","20220620030000","34","3","新北市","板橋區","121.435","24.995","192"
"1334","383134","20220620030000","1402","0","新北市","板橋區","121.445","24.995","1305"
"3039","383141","20220620030000","3616","0","新北市","永和區","121.515","25.005","3516"
"4214","383142","20220620030000","4166","1","新北市","板橋區","121.470","25.025","4135"
"4518","383143","20220620030000","4490","1","新北市","板橋區","121.475","25.030","4475"
"2463","383144","20220620030000","2542","0","新北市","新莊區","121.445","25.045","2546"
"126","383152","20220620030000","106","1","新北市","泰山區","121.400","25.055","121"
"3864","383156","20220620030000","2808","2","新北市","汐止區","121.625","25.040","3374"
"24","383164","20220620030000","21","1","新北市","雙溪區","121.860","25.045","24"
"21","383165","20220620030000","41","0","新北市","雙溪區","121.865","25.045","23"
"111","383202","20220620030000","95","1","新北市","雙溪區","121.800","25.015","103"
"539","383204","20220620030000","606","0","新北市","中和區","121.490","25.010","541"
"351","383205","20220620030000","508","0","新北市","樹林區","121.430","25.000","342"
"3075","383207","20220620030000","2635","1","新北市","永和區","121.515","24.995","3098"
"2277","383208","20220620030000","1854","2","桃園市","桃園區","121.315","25.005","2302"
"865","383209","20220620030000","1322","0","桃園市","桃園區","121.315","25.010","875"
"508","383210","20220620030000","553","0","臺北市","萬華區","121.495","25.010","449"
"1313","383211","20220620030000","1943","0","新北市","永和區","121.500","25.010","1317"
"4172","383212","20220620030000","3259","2","新北市","永和區","121.510","25.015","4228"
"609","383214","20220620030000","563","1","新北市","汐止區","121.625","25.050","628"
"585","383218","20220620030000","430","2","桃園市","蘆竹區","121.290","25.055","571"
"1140","383219","20220620030000","774","2","桃園市","蘆竹區","121.295","25.050","1075"
"1473","383220","20220620030000","1914","0","桃園市","蘆竹區","121.300","25.050","1491"
"2149","383222","20220620030000","1648","2","桃園市","蘆竹區","121.300","25.055","2156"
"175","383229","20220620030000","112","3","新北市","石碇區","121.645","25.005","158"
"29","383234","20220620030000","23","2","新北市","石碇區","121.700","24.995","29"
"66","383253","20220620030000","72","0","新北市","石碇區","121.665","25.010","58"
"148","383254","20220620030000","122","2","新北市","石碇區","121.645","25.010","136"
"108","383261","20220620030000","78","2","新北市","石碇區","121.655","25.015","95"
"471","383272","20220620030000","440","1","桃園市","觀音區","121.100","25.005","479"
"674","383277","20220620030000","616","1","桃園市","觀音區","121.095","25.020","679"
"310","383281","20220620030000","311","0","桃園市","觀音區","121.095","25.025","301"
"1641","383283","20220620030000","1770","0","桃園市","桃園區","121.285","24.995","1669"
"249","383284","20220620030000","306","0","桃園市","桃園區","121.290","24.995","248"
"627","383285","20220620030000","540","1","桃園市","桃園區","121.285","25.000","590"
"4021","383286","20220620030000","3500","1","桃園市","蘆竹區","121.290","25.045","3990"
"264","383287","20220620030000","176","3","桃園市","桃園區","121.280","25.030","237"
"617","383290","20220620030000","538","1","桃園市","蘆竹區","121.280","25.035","617"
"1537","383291","20220620030000","1597","0","桃園市","蘆竹區","121.285","25.035","1561"
"2701","383294","20220620030000","1653","3","桃園市","蘆竹區","121.285","25.040","2675"
"3211","383295","20220620030000","4067","0","桃園市","蘆竹區","121.290","25.040","3311"
"16","383299","20220620030000","116","0","桃園市","蘆竹區","121.255","25.025","17"
"295","383301","20220620030000","303","0","桃園市","蘆竹區","121.250","25.035","313"
"263","383311","20220620030000","231","1","桃園市","蘆竹區","121.240","25.040","220"
"156","383313","20220620030000","121","2","桃園市","蘆竹區","121.255","25.040","159"
"17","383315","20220620030000","76","0","桃園市","蘆竹區","121.250","25.045","21"
"573","383318","20220620030000","592","0","桃園市","蘆竹區","121.265","25.025","551"
"745","383325","20220620030000","307","3","桃園市","蘆竹區","121.275","25.030","761"
"40","383357","20220620030000","44","0","新北市","雙溪區","121.880","25.020","47"
"19","383364","20220620030000","29","0","新北市","雙溪區","121.870","25.030","17"
"1959","383376","20220620030000","2534","0","新北市","中和區","121.485","25.000","1869"
"2281","383377","20220620030000","2876","0","新北市","中和區","121.485","25.005","2322"
"2564","383378","20220620030000","4335","0","新北市","中和區","121.500","25.000","2536"
"2581","383379","20220620030000","3674","0","新北市","板橋區","121.465","25.010","2637"
"3608","383380","20220620030000","2655","2","新北市","板橋區","121.470","25.010","3649"
"1180","383384","20220620030000","937","2","新北市","汐止區","121.635","25.040","1143"
"240","383424","20220620030000","258","0","桃園市","蘆竹區","121.255","25.050","221"
"636","383426","20220620030000","304","3","桃園市","蘆竹區","121.265","25.050","623"
"67","383430","20220620030000","37","3","桃園市","蘆竹區","121.250","25.055","70"
"456","383435","20220620030000","283","3","桃園市","蘆竹區","121.275","25.055","458"
"509","383437","20220620030000","443","1","桃園市","大園區","121.160","25.030","486"
"485","383449","20220620030000","425","1","桃園市","觀音區","121.155","25.050","426"
"1370","383456","20220620030000","1138","2","桃園市","觀音區","121.140","25.010","1383"
"678","383457","20220620030000","689","0","桃園市","觀音區","121.145","25.010","675"
"557","383463","20220620030000","399","2","桃園市","觀音區","121.130","25.005","551"
"189","383469","20220620030000","196","0","桃園市","觀音區","121.060","25.025","173"
"323","383475","20220620030000","329","0","桃園市","觀音區","121.065","25.025","249"
"105","383483","20220620030000","98","1","桃園市","觀音區","121.060","25.035","96"
"87","383485","20220620030000","141","0","桃園市","觀音區","121.070","25.035","91"
"91","383489","20220620030000","75","2","桃園市","觀音區","121.070","25.040","89"
"1263","383492","20220620030000","1281","0","新北市","三重區","121.475","25.050","1293"
"4319","383493","20220620030000","3567","2","新北市","中和區","121.510","24.995","4278"
"4799","383494","20220620030000","5154","0","新北市","中和區","121.510","25.000","4719"
"2812","383495","20220620030000","2686","1","新北市","板橋區","121.455","25.010","2788"
"4099","383496","20220620030000","4153","0","新北市","板橋區","121.455","25.020","4024"
"2382","383500","20220620030000","3120","0","新北市","樹林區","121.425","24.995","2452"
"224","383502","20220620030000","531","0","新北市","樹林區","121.405","25.005","194"
"86","383503","20220620030000","716","0","新北市","樹林區","121.410","25.005","63"
"2662","383507","20220620030000","2472","1","新北市","永和區","121.505","25.015","2723"
"40","383513","20220620030000","55","0","桃園市","中壢區","121.245","24.995","19"
"1136","383515","20220620030000","877","2","桃園市","中壢區","121.225","25.000","1161"
"255","383519","20220620030000","404","0","桃園市","中壢區","121.245","25.000","401"
"427","383520","20220620030000","396","1","桃園市","中壢區","121.250","25.000","447"
"378","383521","20220620030000","198","3","桃園市","中壢區","121.230","25.005","375"
"604","383524","20220620030000","470","2","桃園市","中壢區","121.245","25.005","539"
"464","383526","20220620030000","440","1","桃園市","大園區","121.245","25.010","478"
"1358","383529","20220620030000","724","3","桃園市","中壢區","121.175","24.995","1344"
"757","383553","20220620030000","564","2","桃園市","中壢區","121.220","25.005","744"
"136","383554","20220620030000","142","0","桃園市","中壢區","121.215","25.010","117"
"13","383556","20220620030000","56","0","桃園市","中壢區","121.215","25.015","11"
"905","383557","20220620030000","678","2","桃園市","中壢區","121.220","25.015","911"
"1621","383559","20220620030000","1728","0","新北市","板橋區","121.480","25.030","1636"
"264","383560","20220620030000","214","2","新北市","樹林區","121.420","25.005","268"
"2396","383562","20220620030000","1797","2","新北市","新莊區","121.430","25.005","2399"
"1097","383563","20220620030000","1228","0","新北市","樹林區","121.425","25.010","1104"
"240","383564","20220620030000","667","0","新北市","樹林區","121.425","25.000","236"
"4186","383565","20220620030000","3554","1","新北市","永和區","121.515","25.000","4136"
"3383","383566","20220620030000","2639","2","新北市","永和區","121.520","25.005","3171"
"2369","383567","20220620030000","1377","3","新北市","中和區","121.480","25.005","2347"
"435","383568","20220620030000","360","2","新北市","泰山區","121.415","25.050","464"
"1943","383572","20220620030000","1494","2","新北市","泰山區","121.430","25.055","1924"
"2852","383573","20220620030000","2219","2","新北市","板橋區","121.460","25.000","2838"
"4248","383574","20220620030000","3840","1","新北市","中和區","121.495","25.000","4190"
"2234","383575","20220620030000","2495","0","新北市","板橋區","121.465","25.030","2150"
"4530","383576","20220620030000","3474","2","新北市","板橋區","121.470","25.030","4496"
"10","383582","20220620030000","782","0","新北市","深坑區","121.620","25.005","11"
"194","383589","20220620030000","188","1","新北市","深坑區","121.615","25.000","198"
"500","383590","20220620030000","799","0","新北市","深坑區","121.620","25.000","473"
"1466","383591","20220620030000","1273","1","新北市","深坑區","121.625","25.000","1495"
"513","383599","20220620030000","300","3","新北市","深坑區","121.635","25.005","505"
"1494","383600","20220620030000","1284","1","新北市","深坑區","121.615","25.005","1451"
"4411","383602","20220620030000","4445","0","新北市","板橋區","121.480","25.025","4396"
"3546","383603","20220620030000","4011","0","新北市","新莊區","121.445","25.035","3548"
"308","383604","20220620030000","786","0","新北市","永和區","121.530","25.000","282"
"2428","383605","20220620030000","3268","0","新北市","板橋區","121.480","25.020","2422"
"4654","383606","20220620030000","4402","1","新北市","板橋區","121.480","25.015","4666"
"1523","383607","20220620030000","1491","1","桃園市","桃園區","121.310","25.010","1566"
"3688","383608","20220620030000","2318","3","桃園市","桃園區","121.310","25.015","3672"
"3523","383609","20220620030000","4003","0","新北市","永和區","121.510","25.010","3290"
"4343","383610","20220620030000","3945","1","新北市","永和區","121.515","25.010","4138"
"2676","383611","20220620030000","2593","1","新北市","板橋區","121.460","25.015","2698"
"2587","383612","20220620030000","3079","0","新北市","板橋區","121.465","25.000","2566"
"1992","383614","20220620030000","1374","2","桃園市","桃園區","121.300","25.010","2018"
"3060","383615","20220620030000","2517","2","桃園市","桃園區","121.315","24.995","3063"
"179","383616","20220620030000","195","0","新北市","深坑區","121.605","25.005","196"
"87","383618","20220620030000","99","0","新北市","深坑區","121.600","25.010","91"
"1849","383631","20220620030000","1811","1","新北市","深坑區","121.600","25.005","1892"
"2347","383632","20220620030000","2230","1","新北市","中和區","121.485","25.015","2337"
"3050","383633","20220620030000","2991","1","新北市","板橋區","121.475","25.015","3006"
"4582","383634","20220620030000","3888","1","新北市","板橋區","121.450","25.015","4787"
"2497","383635","20220620030000","2984","0","新北市","永和區","121.510","25.005","2434"
"2887","383636","20220620030000","2279","2","新北市","板橋區","121.450","25.010","2796"
"839","383637","20220620030000","915","0","新北市","樹林區","121.405","25.015","879"
"213","383638","20220620030000","177","2","新北市","樹林區","121.420","25.010","210"
"1334","383639","20220620030000","1039","2","新北市","樹林區","121.415","25.015","1311"
"45","383641","20220620030000","26","3","新北市","平溪區","121.765","25.035","45"
"183","383658","20220620030000","178","1","新北市","平溪區","121.775","25.040","193"
"107","383678","20220620030000","78","2","新北市","平溪區","121.740","25.025","115"
"123","383679","20220620030000","93","2","新北市","平溪區","121.745","25.025","119"
"24","383682","20220620030000","21","1","新北市","平溪區","121.745","25.030","22"
"15","383718","20220620030000","11","2","新北市","平溪區","121.780","25.025","14"
"39","383787","20220620030000","32","2","新北市","平溪區","121.750","25.005","38"
"64","383811","20220620030000","214","0","新北市","平溪區","121.715","25.020","61"
"1173","383828","20220620030000","2219","0","新北市","中和區","121.475","24.995","1119"
"4455","383829","20220620030000","6027","0","新北市","板橋區","121.470","25.020","4433"
"429","383830","20220620030000","382","1","新北市","板橋區","121.440","25.005","423"
"846","383831","20220620030000","729","1","新北市","新莊區","121.440","25.015","805"
"1565","383833","20220620030000","2594","0","新北市","永和區","121.515","25.020","1548"
"174","383834","20220620030000","147","1","新北市","汐止區","121.645","25.030","180"
"367","383848","20220620030000","210","3","新北市","汐止區","121.645","25.040","359"
"13","383859","20220620030000","25","0","新北市","汐止區","121.670","25.045","17"
"38","383862","20220620030000","136","0","新北市","汐止區","121.660","25.050","35"
"650","383865","20220620030000","620","1","新北市","永和區","121.530","25.005","628"
"602","383866","20220620030000","686","0","新北市","新莊區","121.465","25.045","610"
"1731","383867","20220620030000","1794","0","新北市","新莊區","121.415","25.025","1720"
"2087","383868","20220620030000","2379","0","新北市","中和區","121.525","24.995","2026"
"1003","383871","20220620030000","1170","0","桃園市","中壢區","121.200","25.010","1000"
"713","383880","20220620030000","546","2","桃園市","中壢區","121.200","25.020","707"
"84","383883","20220620030000","132","0","新北市","深坑區","121.635","25.010","87"
"2942","383889","20220620030000","1431","3","新北市","板橋區","121.465","25.015","2931"
"18","383890","20220620030000","258","0","新北市","板橋區","121.475","25.035","13"
"1172","383891","20220620030000","1062","1","新北市","板橋區","121.480","25.035","1126"
"5421","383893","20220620030000","4903","1","新北市","板橋區","121.465","25.020","5403"
"2327","383894","20220620030000","2582","0","新北市","板橋區","121.460","25.020","2407"
"3445","383895","20220620030000","2479","2","新北市","永和區","121.525","25.010","3484"
"4944","383896","20220620030000","4490","1","新北市","永和區","121.525","25.000","4997"
"337","383897","20220620030000","382","0","桃園市","龜山區","121.365","25.030","314"
"489","383900","20220620030000","495","0","桃園市","龜山區","121.360","25.040","460"
"603","383902","20220620030000","742","0","桃園市","龜山區","121.360","25.045","628"
"1480","383903","20220620030000","1105","2","桃園市","龜山區","121.360","25.050","1541"
"1202","383904","20220620030000","2037","0","桃園市","龜山區","121.365","25.050","1194"
"1517","383905","20220620030000","1442","1","桃園市","龜山區","121.360","25.055","1499"
"3724","383906","20220620030000","1943","3","桃園市","龜山區","121.365","25.055","3832"
"1183","383907","20220620030000","793","2","桃園市","龜山區","121.375","25.035","1181"
"279","383908","20220620030000","267","1","桃園市","龜山區","121.370","25.040","339"
"324","383909","20220620030000","146","3","桃園市","龜山區","121.375","25.040","333"
"100","383910","20220620030000","65","3","桃園市","龜山區","121.365","25.045","100"
"523","383911","20220620030000","274","3","桃園市","龜山區","121.370","25.045","567"
"268","383913","20220620030000","303","0","桃園市","龜山區","121.370","25.050","268"
"334","383914","20220620030000","185","3","桃園市","龜山區","121.375","25.050","364"
"1714","383915","20220620030000","1798","0","桃園市","龜山區","121.370","25.055","1707"
"2124","383916","20220620030000","1456","2","桃園市","龜山區","121.375","25.055","2079"
"484","383919","20220620030000","525","0","桃園市","龜山區","121.360","25.000","493"
"397","383920","20220620030000","377","1","桃園市","龜山區","121.365","25.000","432"
"867","383922","20220620030000","766","1","桃園市","龜山區","121.340","25.000","881"
"527","383924","20220620030000","344","3","桃園市","龜山區","121.340","25.005","544"
"17","383925","20220620030000","17","1","桃園市","龜山區","121.350","25.005","14"
"986","383928","20220620030000","963","1","桃園市","龜山區","121.365","25.005","959"
"329","383930","20220620030000","245","2","桃園市","龜山區","121.355","25.010","346"
"206","383939","20220620030000","263","0","桃園市","龜山區","121.360","25.020","199"
"577","383940","20220620030000","529","1","桃園市","龜山區","121.365","25.015","583"
"144","383941","20220620030000","202","0","桃園市","龜山區","121.370","25.020","134"
"115","383945","20220620030000","128","0","桃園市","龜山區","121.365","25.020","111"
"1298","383958","20220620030000","1001","2","桃園市","龜山區","121.335","24.995","1262"
"997","383959","20220620030000","1023","0","桃園市","龜山區","121.345","25.005","1056"
"817","383962","20220620030000","751","1","桃園市","龜山區","121.345","25.010","835"
"525","383966","20220620030000","485","1","桃園市","龜山區","121.345","25.015","540"
"226","383978","20220620030000","236","0","桃園市","龜山區","121.350","25.020","230"
"26","383987","20220620030000","31","0","桃園市","龜山區","121.345","25.030","35"
"93","383989","20220620030000","94","0","桃園市","龜山區","121.355","25.030","94"
"42","383991","20220620030000","70","0","桃園市","龜山區","121.380","25.020","40"
"286","383995","20220620030000","416","0","桃園市","龜山區","121.385","25.025","266"
"110","383996","20220620030000","269","0","桃園市","龜山區","121.390","25.025","100"
"933","384001","20220620030000","1422","0","桃園市","龜山區","121.390","25.030","984"
"453","384003","20220620030000","224","3","桃園市","龜山區","121.385","25.035","439"
"1024","384004","20220620030000","955","1","桃園市","龜山區","121.390","25.035","980"
"49","384008","20220620030000","19","3","桃園市","龜山區","121.385","25.040","63"
"1374","384009","20220620030000","994","2","桃園市","龜山區","121.390","25.040","1389"
"1503","384015","20220620030000","573","3","桃園市","龜山區","121.380","25.050","1526"
"157","384019","20220620030000","621","0","桃園市","龜山區","121.380","25.055","170"
"5909","384021","20220620030000","6673","0","臺北市","中山區","121.525","25.050","5976"
"5705","384022","20220620030000","5400","1","臺北市","中山區","121.530","25.055","5827"
"373","384040","20220620030000","375","0","桃園市","大園區","121.185","25.045","388"
"287","384041","20220620030000","246","1","桃園市","大園區","121.190","25.045","290"
"206","384058","20220620030000","173","1","桃園市","龜山區","121.355","24.995","203"
"216","384060","20220620030000","138","3","桃園市","龜山區","121.355","25.000","221"
"2203","384064","20220620030000","2537","0","新北市","永和區","121.510","25.020","2248"
"2566","384065","20220620030000","2778","0","臺北市","中正區","121.515","25.025","2495"
"1678","384066","20220620030000","3646","0","臺北市","中正區","121.525","25.020","1656"
"364","384067","20220620030000","410","0","臺北市","中正區","121.515","25.040","375"
"3233","384068","20220620030000","3935","0","臺北市","中正區","121.515","25.045","3325"
"4326","384069","20220620030000","3351","2","臺北市","中山區","121.535","25.055","4454"
"1776","384070","20220620030000","1700","1","臺北市","文山區","121.560","25.005","1746"
"833","384071","20220620030000","772","1","臺北市","大安區","121.560","25.010","838"
"292","384072","20220620030000","1194","0","桃園市","桃園區","121.310","24.995","301"
"3746","384073","20220620030000","3076","2","臺北市","中山區","121.535","25.045","3567"
"1582","384074","20220620030000","2232","0","臺北市","中山區","121.535","25.050","1576"
"2710","384075","20220620030000","1989","2","臺北市","中正區","121.515","25.030","2889"
"4102","384076","20220620030000","6167","0","臺北市","信義區","121.565","25.025","4035"
"1580","384077","20220620030000","1787","0","臺北市","信義區","121.575","25.045","1608"
"493","384078","20220620030000","531","0","臺北市","信義區","121.585","25.035","498"
"1248","384079","20220620030000","1292","0","臺北市","信義區","121.565","25.020","1272"
"867","384081","20220620030000","780","1","桃園市","桃園區","121.290","25.010","883"
"919","384082","20220620030000","1469","0","桃園市","桃園區","121.285","25.015","869"
"1037","384083","20220620030000","959","1","桃園市","桃園區","121.290","25.015","1092"
"3175","384084","20220620030000","3541","0","臺北市","中正區","121.525","25.045","3161"
"3874","384085","20220620030000","2436","3","臺北市","中正區","121.530","25.045","3874"
"1279","384086","20220620030000","2294","0","臺北市","中正區","121.530","25.010","1300"
"4528","384087","20220620030000","4819","0","臺北市","中山區","121.525","25.055","4479"
"2388","384088","20220620030000","2476","0","臺北市","中山區","121.540","25.045","2474"
"3176","384089","20220620030000","3380","0","臺北市","大安區","121.540","25.040","3171"
"2834","384090","20220620030000","2538","1","臺北市","中正區","121.520","25.030","2906"
"955","384091","20220620030000","797","1","臺北市","中正區","121.520","25.035","932"
"1879","384092","20220620030000","1792","1","臺北市","中正區","121.520","25.040","1865"
"6402","384093","20220620030000","7137","0","臺北市","中正區","121.525","25.040","6478"
"312","384094","20220620030000","913","0","臺北市","中正區","121.525","25.015","326"
"1507","384100","20220620030000","893","3","桃園市","中壢區","121.200","25.000","1506"
"133","384101","20220620030000","117","1","桃園市","中壢區","121.205","25.000","168"
"670","384103","20220620030000","558","2","桃園市","中壢區","121.200","25.005","624"
"1005","384104","20220620030000","1132","0","新北市","泰山區","121.420","25.030","1012"
"418","384106","20220620030000","305","2","新北市","泰山區","121.425","25.035","430"
"2004","384109","20220620030000","2303","0","新北市","泰山區","121.420","25.040","1952"
"1252","384111","20220620030000","1073","1","新北市","泰山區","121.425","25.040","1263"
"1739","384112","20220620030000","1044","3","新北市","泰山區","121.430","25.040","1675"
"116","384113","20220620030000","82","2","桃園市","龜山區","121.330","24.995","135"
"46","384129","20220620030000","41","1","桃園市","龜山區","121.375","25.010","51"
"458","384131","20220620030000","389","1","桃園市","龜山區","121.385","25.010","449"
"140","384132","20220620030000","147","0","桃園市","龜山區","121.390","25.010","146"
"1171","384140","20220620030000","960","2","桃園市","龜山區","121.395","25.020","1137"
"474","384141","20220620030000","548","0","桃園市","龜山區","121.400","25.020","454"
"1327","384142","20220620030000","1202","1","桃園市","龜山區","121.340","24.995","1365"
"2107","384145","20220620030000","1794","1","桃園市","龜山區","121.345","25.000","2011"
"4548","384146","20220620030000","5259","0","臺北市","中山區","121.520","25.055","4508"
"1238","384147","20220620030000","886","2","桃園市","桃園區","121.305","25.025","1198"
"59","384149","20220620030000","58","1","桃園市","新屋區","121.030","25.000","79"
"131","384152","20220620030000","149","0","桃園市","新屋區","121.030","25.005","138"
"87","384164","20220620030000","140","0","桃園市","新屋區","121.060","24.995","101"
"292","384167","20220620030000","239","2","桃園市","新屋區","121.060","25.000","308"
"645","384185","20220620030000","617","1","桃園市","新屋區","121.075","25.005","647"
"13","384188","20220620030000","37","0","桃園市","桃園區","121.325","25.000","10"
"77","384189","20220620030000","76","1","桃園市","桃園區","121.320","25.005","69"
"889","384190","20220620030000","774","1","桃園市","桃園區","121.325","25.005","887"
"2844","384194","20220620030000","3002","0","臺北市","中正區","121.510","25.025","2827"
"28","384227","20220620030000","33","0","新北市","貢寮區","121.955","25.005","30"
"17","384234","20220620030000","18","0","新北市","貢寮區","121.950","25.010","14"
"319","384241","20220620030000","289","1","新北市","貢寮區","121.945","25.015","325"
"47","384254","20220620030000","34","2","新北市","貢寮區","121.970","25.025","70"
"41","384264","20220620030000","37","1","新北市","貢寮區","121.890","25.020","41"
"320","384267","20220620030000","281","1","新北市","貢寮區","121.905","25.020","327"
"16","384270","20220620030000","27","0","新北市","貢寮區","121.900","25.025","19"
"123","384299","20220620030000","111","1","新北市","貢寮區","121.920","25.010","112"
"22","384306","20220620030000","16","2","新北市","貢寮區","121.930","25.015","31"
"14","384313","20220620030000","14","1","新北市","貢寮區","121.925","25.025","15"
"28","384338","20220620030000","19","2","新北市","貢寮區","121.905","25.010","26"
"304","384342","20220620030000","249","2","新北市","貢寮區","121.945","25.020","280"
"86","384349","20220620030000","57","3","新北市","貢寮區","121.930","25.030","88"
"2350","384355","20220620030000","1647","2","桃園市","龜山區","121.400","25.015","2318"
"2956","384356","20220620030000","2450","2","桃園市","龜山區","121.405","25.020","2982"
"196","384362","20220620030000","170","1","桃園市","新屋區","121.045","25.005","205"
"236","384367","20220620030000","241","0","桃園市","桃園區","121.320","24.995","223"
"1508","384368","20220620030000","1503","1","桃園市","桃園區","121.325","24.995","1535"
"1690","384371","20220620030000","1695","0","桃園市","桃園區","121.295","25.000","1716"
"481","384372","20220620030000","452","1","桃園市","桃園區","121.280","25.005","488"
"119","384373","20220620030000","54","3","桃園市","桃園區","121.285","25.005","71"
"870","384374","20220620030000","833","1","桃園市","桃園區","121.280","25.010","914"
"1684","384375","20220620030000","1998","0","桃園市","桃園區","121.300","25.000","1749"
"1379","384376","20220620030000","1338","1","桃園市","桃園區","121.305","25.000","1370"
"1188","384377","20220620030000","1025","1","桃園市","桃園區","121.310","25.025","1188"
"505","384378","20220620030000","300","3","桃園市","桃園區","121.310","25.020","495"
"879","384379","20220620030000","575","3","桃園市","桃園區","121.315","25.025","901"
"1086","384382","20220620030000","1201","0","桃園市","桃園區","121.300","25.025","1092"
"809","384383","20220620030000","740","1","桃園市","桃園區","121.305","25.020","799"
"34","384387","20220620030000","25","2","桃園市","桃園區","121.295","24.995","33"
"2365","384388","20220620030000","3510","0","臺北市","中山區","121.530","25.050","2313"
"4048","384389","20220620030000","4069","0","桃園市","桃園區","121.295","25.025","4067"
"2870","384392","20220620030000","2564","1","桃園市","蘆竹區","121.295","25.040","2897"
"2155","384393","20220620030000","2340","0","桃園市","桃園區","121.300","25.015","2195"
"5258","384394","20220620030000","3788","2","桃園市","桃園區","121.295","25.015","5237"
"3194","384395","20220620030000","2647","2","桃園市","桃園區","121.320","25.010","3258"
"1748","384398","20220620030000","726","3","桃園市","桃園區","121.310","25.000","1751"
"820","384399","20220620030000","815","1","桃園市","桃園區","121.315","25.000","826"
"402","384400","20220620030000","390","1","桃園市","桃園區","121.320","25.000","390"
"842","384401","20220620030000","757","1","桃園市","桃園區","121.310","25.005","888"
"352","384402","20220620030000","316","1","臺北市","南港區","121.590","25.035","343"
"284","384403","20220620030000","310","0","臺北市","大安區","121.550","25.015","255"
"3542","384404","20220620030000","4409","0","臺北市","大安區","121.555","25.020","3725"
"4790","384405","20220620030000","4446","1","臺北市","大安區","121.550","25.020","4719"
"2313","384408","20220620030000","2067","1","桃園市","桃園區","121.305","25.010","2248"
"3136","384409","20220620030000","3302","0","臺北市","中正區","121.530","25.015","3183"
"3012","384410","20220620030000","2849","1","臺北市","中正區","121.525","25.035","3003"
"1435","384411","20220620030000","2191","0","臺北市","中山區","121.540","25.050","1474"
"1343","384412","20220620030000","1134","1","桃園市","桃園區","121.290","25.020","1389"
"3786","384413","20220620030000","4557","0","臺北市","信義區","121.560","25.045","3784"
"49","384415","20220620030000","208","0","桃園市","桃園區","121.300","24.995","56"
"1840","384416","20220620030000","1862","0","桃園市","桃園區","121.290","25.025","1737"
"822","384417","20220620030000","690","1","桃園市","桃園區","121.290","25.005","872"
"2066","384418","20220620030000","1913","1","桃園市","桃園區","121.295","25.005","2053"
"1139","384419","20220620030000","1687","0","桃園市","桃園區","121.295","25.010","1129"
"3058","384420","20220620030000","3382","0","臺北市","大同區","121.510","25.055","3085"
"1743","384421","20220620030000","1377","2","臺北市","中正區","121.520","25.020","1752"
"5804","384422","20220620030000","3980","2","臺北市","信義區","121.570","25.025","5341"
"1516","384424","20220620030000","1193","2","臺北市","信義區","121.570","25.030","1552"
"1593","384425","20220620030000","1544","1","臺北市","信義區","121.575","25.030","1141"
"2531","384426","20220620030000","2643","0","臺北市","大同區","121.515","25.050","2506"
"3519","384427","20220620030000","2985","1","臺北市","中山區","121.520","25.050","3527"
"2261","384428","20220620030000","2505","0","臺北市","大同區","121.515","25.055","2288"
"2547","384429","20220620030000","2036","2","桃園市","桃園區","121.305","24.995","2474"
"2823","384430","20220620030000","2200","2","桃園市","桃園區","121.300","25.005","2843"
"588","384431","20220620030000","556","1","臺北市","大同區","121.505","25.050","605"
"1533","384432","20220620030000","1668","0","臺北市","大同區","121.510","25.050","1485"
"240","384433","20220620030000","818","0","臺北市","大安區","121.555","25.040","247"
"5686","384434","20220620030000","6325","0","臺北市","大安區","121.555","25.030","5490"
"3595","384435","20220620030000","2793","2","臺北市","大安區","121.530","25.025","3788"
"891","384436","20220620030000","2438","0","臺北市","大安區","121.525","25.030","873"
"3771","384437","20220620030000","4107","0","臺北市","大安區","121.525","25.025","3751"
"2361","384438","20220620030000","2411","0","臺北市","大安區","121.545","25.035","2381"
"5186","384439","20220620030000","5946","0","臺北市","大安區","121.545","25.030","5164"
"3846","384440","20220620030000","3717","1","臺北市","大安區","121.555","25.035","4517"
"2986","384441","20220620030000","5104","0","臺北市","大安區","121.550","25.025","2854"
"5467","384442","20220620030000","4962","1","臺北市","中正區","121.530","25.035","5482"
"2372","384443","20220620030000","2215","1","臺北市","中正區","121.510","25.045","2342"
"375","384446","20220620030000","398","0","桃園市","蘆竹區","121.270","25.015","355"
"584","384447","20220620030000","280","3","桃園市","蘆竹區","121.260","25.025","556"
"1599","384448","20220620030000","1164","2","桃園市","蘆竹區","121.265","25.020","1637"
"285","384449","20220620030000","443","0","桃園市","蘆竹區","121.270","25.020","273"
"19","384454","20220620030000","16","1","桃園市","蘆竹區","121.255","25.000","19"
"23","384461","20220620030000","61","0","桃園市","蘆竹區","121.260","25.010","16"
"14","384463","20220620030000","85","0","桃園市","蘆竹區","121.250","25.015","18"
"556","384466","20220620030000","408","2","桃園市","蘆竹區","121.250","25.020","560"
"1802","384467","20220620030000","1219","2","桃園市","蘆竹區","121.255","25.020","1751"
"3087","384468","20220620030000","2006","3","桃園市","蘆竹區","121.260","25.020","3113"
"2867","384469","20220620030000","2991","0","桃園市","蘆竹區","121.295","25.055","2907"
"363","384473","20220620030000","332","1","桃園市","桃園區","121.305","25.030","372"
"96","384480","20220620030000","111","0","桃園市","龜山區","121.305","25.035","81"
"956","384489","20220620030000","832","1","桃園市","蘆竹區","121.295","25.045","975"
"866","384497","20220620030000","939","0","桃園市","龜山區","121.305","25.045","828"
"178","384499","20220620030000","208","0","桃園市","龜山區","121.315","25.045","181"
"28","384502","20220620030000","19","2","桃園市","龜山區","121.330","25.045","23"
"88","384507","20220620030000","144","0","桃園市","龜山區","121.320","25.050","110"
"182","384514","20220620030000","216","0","桃園市","龜山區","121.335","25.055","187"
"366","384517","20220620030000","418","0","桃園市","龜山區","121.340","25.035","345"
"287","384521","20220620030000","235","2","桃園市","龜山區","121.345","25.040","283"
"215","384522","20220620030000","120","3","桃園市","龜山區","121.350","25.040","234"
"16","384523","20220620030000","14","1","桃園市","龜山區","121.355","25.040","12"
"255","384525","20220620030000","387","0","桃園市","龜山區","121.350","25.045","266"
"491","384526","20220620030000","291","3","桃園市","龜山區","121.355","25.045","491"
"27","384527","20220620030000","28","0","桃園市","龜山區","121.345","25.050","28"
"527","384528","20220620030000","711","0","桃園市","龜山區","121.350","25.050","554"
"367","384532","20220620030000","277","2","桃園市","龜山區","121.350","25.055","353"
"885","384533","20220620030000","1427","0","臺北市","信義區","121.570","25.035","832"
"2564","384534","20220620030000","3151","0","臺北市","信義區","121.575","25.035","2448"
"25","384549","20220620030000","36","0","臺北市","南港區","121.630","25.030","16"
"1165","384552","20220620030000","868","2","臺北市","南港區","121.620","25.035","1178"
"103","384554","20220620030000","81","2","新北市","汐止區","121.630","25.035","102"
"569","384555","20220620030000","910","0","臺北市","南港區","121.620","25.040","1213"
"3295","384556","20220620030000","4744","0","臺北市","信義區","121.575","25.040","3305"
"5072","384557","20220620030000","3914","2","臺北市","南港區","121.585","25.045","5137"
"107","384572","20220620030000","37","3","新北市","雙溪區","121.825","25.025","104"
"76","384613","20220620030000","80","0","新北市","雙溪區","121.860","25.035","81"
"827","384614","20220620030000","694","1","新北市","雙溪區","121.865","25.035","804"
"30","384624","20220620030000","32","0","新北市","雙溪區","121.830","25.000","34"
"30","384641","20220620030000","37","0","新北市","雙溪區","121.805","25.015","23"
"122","384662","20220620030000","118","1","新北市","雙溪區","121.840","25.035","132"
"301","384679","20220620030000","241","2","新北市","雙溪區","121.865","25.040","304"
"36","384696","20220620030000","30","2","新北市","雙溪區","121.845","24.995","27"
"483","384710","20220620030000","397","2","桃園市","桃園區","121.275","25.020","485"
"389","384711","20220620030000","424","0","桃園市","桃園區","121.280","25.020","388"
"214","384716","20220620030000","562","0","臺北市","信義區","121.565","25.030","216"
"7041","384717","20220620030000","6702","1","臺北市","信義區","121.560","25.030","7239"
"2533","384718","20220620030000","3646","0","臺北市","中正區","121.520","25.025","2627"
"1273","384719","20220620030000","1056","2","桃園市","大園區","121.210","25.005","1218"
"720","384720","20220620030000","742","0","桃園市","大園區","121.210","25.010","705"
"1598","384721","20220620030000","941","3","桃園市","大園區","121.210","25.015","1656"
"848","384722","20220620030000","665","2","桃園市","大園區","121.210","25.020","816"
"121","384723","20220620030000","110","1","桃園市","大園區","121.220","25.020","131"
"739","384726","20220620030000","671","1","桃園市","大園區","121.220","25.025","750"
"580","384729","20220620030000","603","0","桃園市","大園區","121.215","25.025","558"
"693","384731","20220620030000","587","1","桃園市","大園區","121.205","25.035","675"
"486","384739","20220620030000","344","2","桃園市","大園區","121.205","25.050","469"
"43","384743","20220620030000","61","0","桃園市","大園區","121.210","25.055","41"
"3097","384744","20220620030000","3573","0","臺北市","信義區","121.580","25.040","3033"
"691","384745","20220620030000","1149","0","臺北市","中正區","121.510","25.030","703"
"1796","384746","20220620030000","1838","0","臺北市","中正區","121.520","25.045","1910"
"2585","384747","20220620030000","3220","0","臺北市","中正區","121.505","25.030","2872"
"1406","384748","20220620030000","1030","2","臺北市","中正區","121.510","25.035","1469"
"199","384749","20220620030000","147","2","臺北市","中正區","121.515","25.035","199"
"1087","384750","20220620030000","1374","0","臺北市","中正區","121.510","25.040","1121"
"1827","384751","20220620030000","1560","1","桃園市","桃園區","121.305","25.015","1881"
"2000","384752","20220620030000","2373","0","桃園市","桃園區","121.300","25.020","2070"
"3847","384754","20220620030000","3389","1","桃園市","桃園區","121.295","25.020","3919"
"3763","384756","20220620030000","3348","1","桃園市","桃園區","121.315","25.015","3765"
"696","384757","20220620030000","2317","0","桃園市","桃園區","121.315","25.020","683"
"1995","384759","20220620030000","2384","0","桃園市","桃園區","121.305","25.005","1984"
"3645","384760","20220620030000","3853","0","臺北市","信義區","121.570","25.045","3642"
"779","384761","20220620030000","669","1","臺北市","信義區","121.575","25.015","720"
"35","384763","20220620030000","768","0","臺北市","信義區","121.575","25.020","668"
"585","384770","20220620030000","427","2","桃園市","大園區","121.225","25.015","600"
"684","384775","20220620030000","711","0","桃園市","大園區","121.230","25.020","723"
"32","384776","20220620030000","22","2","桃園市","大園區","121.235","25.020","26"
"439","384777","20220620030000","466","0","桃園市","大園區","121.240","25.020","463"
"151","384783","20220620030000","159","0","桃園市","大園區","121.230","25.025","146"
"106","384787","20220620030000","80","2","桃園市","大園區","121.220","25.035","89"
"560","384788","20220620030000","606","0","桃園市","大園區","121.225","25.035","585"
"471","384790","20220620030000","348","2","桃園市","大園區","121.165","25.050","444"
"657","384794","20220620030000","599","1","桃園市","大園區","121.160","25.055","683"
"282","384798","20220620030000","196","2","桃園市","大園區","121.175","25.055","240"
"469","384806","20220620030000","463","1","桃園市","大園區","121.175","25.030","491"
"302","384811","20220620030000","117","3","桃園市","大園區","121.180","25.035","301"
"216","384818","20220620030000","190","1","桃園市","大園區","121.215","25.035","231"
"428","384824","20220620030000","495","0","桃園市","大園區","121.215","25.045","421"
"175","384830","20220620030000","165","1","桃園市","大園區","121.215","25.055","161"
"669","384831","20220620030000","739","0","桃園市","大園區","121.220","25.055","644"
"3215","384843","20220620030000","4312","0","臺北市","松山區","121.550","25.045","3206"
"1927","384844","20220620030000","2145","0","臺北市","信義區","121.565","25.045","1920"
"72","384845","20220620030000","67","1","臺北市","南港區","121.595","25.035","73"
"2073","384846","20220620030000","2392","0","臺北市","大安區","121.535","25.020","2165"
"506","384847","20220620030000","499","1","臺北市","大安區","121.535","25.030","493"
"1340","384848","20220620030000","804","3","臺北市","文山區","121.575","25.000","1367"
"33","384849","20220620030000","48","0","臺北市","文山區","121.590","25.000","36"
"123","384853","20220620030000","120","1","臺北市","文山區","121.585","25.005","102"
"545","384856","20220620030000","365","2","臺北市","文山區","121.570","25.010","562"
"112","384857","20220620030000","133","0","臺北市","文山區","121.575","25.010","121"
"48","384862","20220620030000","24","3","臺北市","文山區","121.590","25.010","43"
"438","384864","20220620030000","549","0","臺北市","大安區","121.540","25.010","415"
"3775","384865","20220620030000","3497","1","臺北市","文山區","121.540","25.005","3709"
"1411","384868","20220620030000","1475","0","臺北市","萬華區","121.490","25.035","1421"
"2644","384871","20220620030000","2423","1","臺北市","文山區","121.560","25.000","2465"
"1192","384874","20220620030000","1413","0","臺北市","萬華區","121.495","25.015","1214"
"125","384876","20220620030000","53","3","臺北市","信義區","121.565","25.015","125"
"2785","384878","20220620030000","3123","0","臺北市","大安區","121.550","25.035","3471"
"3389","384879","20220620030000","3131","1","臺北市","中正區","121.530","25.040","3404"
"9785","384880","20220620030000","6969","2","臺北市","大安區","121.550","25.030","9176"
"3923","384881","20220620030000","4891","0","臺北市","信義區","121.555","25.025","4037"
"1431","384882","20220620030000","697","3","臺北市","文山區","121.550","24.995","1438"
"3771","384883","20220620030000","2880","2","臺北市","文山區","121.550","25.000","3857"
"3996","384884","20220620030000","4060","0","臺北市","萬華區","121.500","25.020","3991"
"3860","384885","20220620030000","3663","1","臺北市","大安區","121.530","25.020","4086"
"4085","384886","20220620030000","3403","2","臺北市","大安區","121.540","25.035","4058"
"527","384888","20220620030000","447","1","臺北市","文山區","121.565","25.000","523"
"225","384889","20220620030000","345","0","臺北市","文山區","121.565","25.005","246"
"865","384890","20220620030000","1063","0","臺北市","文山區","121.570","25.005","934"
"86","384891","20220620030000","19","3","臺北市","文山區","121.575","24.995","83"
"47","384893","20220620030000","34","2","臺北市","文山區","121.585","24.995","42"
"355","384895","20220620030000","327","1","臺北市","文山區","121.580","25.000","340"
"241","384897","20220620030000","318","0","新北市","深坑區","121.600","25.000","270"
"3598","384898","20220620030000","4361","0","臺北市","文山區","121.540","24.995","3538"
"168","384899","20220620030000","191","0","臺北市","文山區","121.570","24.995","178"
"1825","384900","20220620030000","1471","2","臺北市","文山區","121.570","25.000","1793"
"5013","384901","20220620030000","5020","0","臺北市","文山區","121.540","25.000","4990"
"1200","384903","20220620030000","1072","1","臺北市","萬華區","121.505","25.020","1220"
"1427","384904","20220620030000","1436","0","臺北市","文山區","121.555","24.995","1440"
"1226","384905","20220620030000","1251","0","臺北市","文山區","121.560","24.995","1272"
"1625","384906","20220620030000","2178","0","臺北市","文山區","121.555","25.000","1543"
"2021","384907","20220620030000","1888","1","臺北市","文山區","121.550","25.005","2015"
"612","384908","20220620030000","325","3","臺北市","大安區","121.550","25.010","650"
"1307","384909","20220620030000","1452","0","臺北市","大安區","121.540","25.015","1334"
"581","384911","20220620030000","1432","0","臺北市","中正區","121.535","25.010","637"
"396","384913","20220620030000","866","0","臺北市","大安區","121.545","25.010","440"
"2569","384914","20220620030000","2435","1","臺北市","大安區","121.535","25.015","2690"
"667","384916","20220620030000","809","0","臺北市","大安區","121.545","25.015","751"
"3712","384917","20220620030000","4348","0","臺北市","大安區","121.550","25.040","3521"
"702","384918","20220620030000","936","0","臺北市","文山區","121.535","24.995","712"
"2802","384919","20220620030000","2352","1","臺北市","松山區","121.545","25.045","2752"
"3265","384920","20220620030000","2985","1","臺北市","萬華區","121.500","25.040","3317"
"742","384922","20220620030000","764","0","臺北市","萬華區","121.490","25.030","731"
"5441","384923","20220620030000","5613","0","臺北市","萬華區","121.505","25.045","5523"
"1912","384924","20220620030000","2494","0","臺北市","南港區","121.585","25.050","1842"
"991","384925","20220620030000","1457","0","臺北市","南港區","121.590","25.050","983"
"2150","384926","20220620030000","2069","1","臺北市","南港區","121.590","25.040","2130"
"495","384927","20220620030000","539","0","臺北市","南港區","121.590","25.045","465"
"1513","384929","20220620030000","1611","0","臺北市","南港區","121.595","25.040","1525"
"372","384931","20220620030000","612","0","臺北市","南港區","121.595","25.045","391"
"39","384932","20220620030000","50","0","臺北市","南港區","121.600","25.045","33"
"1374","384933","20220620030000","996","2","臺北市","南港區","121.595","25.050","1385"
"3571","384935","20220620030000","4128","0","臺北市","萬華區","121.495","25.030","3564"
"1673","384936","20220620030000","1152","2","臺北市","萬華區","121.490","25.025","1664"
"30","384937","20220620030000","41","0","臺北市","文山區","121.555","25.010","44"
"108","384938","20220620030000","112","0","臺北市","信義區","121.565","25.010","124"
"2447","384940","20220620030000","2946","0","臺北市","大安區","121.560","25.015","2416"
"3522","384941","20220620030000","2580","2","臺北市","松山區","121.550","25.050","3463"
"125","384942","20220620030000","254","0","臺北市","大安區","121.540","25.020","59"
"67","384943","20220620030000","1706","0","臺北市","大安區","121.540","25.025","63"
"6672","384944","20220620030000","6441","1","臺北市","松山區","121.555","25.050","6779"
"2009","384945","20220620030000","1535","2","臺北市","萬華區","121.495","25.035","1960"
"397","384946","20220620030000","342","1","臺北市","萬華區","121.495","25.040","402"
"1183","384947","20220620030000","1096","1","臺北市","文山區","121.565","24.995","1143"
"3416","384948","20220620030000","2725","2","臺北市","松山區","121.560","25.050","3455"
"3264","384949","20220620030000","4494","0","臺北市","松山區","121.565","25.050","3277"
"1753","384950","20220620030000","1160","3","臺北市","萬華區","121.490","25.020","1843"
"621","384951","20220620030000","638","0","臺北市","萬華區","121.500","25.030","627"
"3780","384952","20220620030000","3800","0","臺北市","萬華區","121.505","25.040","3682"
"3954","384955","20220620030000","4656","0","臺北市","大安區","121.535","25.040","4100"
"3688","384956","20220620030000","1911","3","臺北市","松山區","121.555","25.045","3742"
"2497","384957","20220620030000","1944","2","臺北市","松山區","121.575","25.050","2581"
"4726","384958","20220620030000","4320","1","臺北市","南港區","121.580","25.050","4702"
"221","384960","20220620030000","266","0","臺北市","信義區","121.580","25.030","218"
"2252","384961","20220620030000","3179","0","臺北市","信義區","121.580","25.035","2206"
"2598","384962","20220620030000","4240","0","臺北市","信義區","121.580","25.045","2584"
"1573","384963","20220620030000","3167","0","臺北市","萬華區","121.500","25.035","1632"
"3878","384964","20220620030000","4113","0","臺北市","松山區","121.545","25.050","3955"
"2290","384965","20220620030000","1654","2","臺北市","萬華區","121.495","25.020","2263"
"2468","384966","20220620030000","2290","1","臺北市","萬華區","121.500","25.025","2420"
"503","384968","20220620030000","419","2","臺北市","信義區","121.570","25.015","529"
"167","384969","20220620030000","1588","0","臺北市","信義區","121.570","25.020","149"
"1044","384970","20220620030000","2308","0","臺北市","信義區","121.560","25.040","1048"
"3395","384971","20220620030000","4270","0","臺北市","大安區","121.535","25.035","3397"
"1959","384972","20220620030000","1975","0","臺北市","文山區","121.545","24.995","1957"
"2018","384973","20220620030000","1387","2","臺北市","大安區","121.555","25.015","1956"
"2969","384974","20220620030000","3218","0","臺北市","大安區","121.540","25.030","2915"
"208","384975","20220620030000","195","1","臺北市","文山區","121.545","25.005","237"
"797","384976","20220620030000","687","1","臺北市","文山區","121.535","25.000","789"
"705","384977","20220620030000","809","0","臺北市","文山區","121.535","25.005","686"
"3495","384978","20220620030000","4294","0","臺北市","萬華區","121.505","25.025","3516"
"1260","384983","20220620030000","1246","1","臺北市","南港區","121.610","25.050","1247"
"13","384984","20220620030000","79","0","臺北市","南港區","121.615","25.050","13"
"905","384986","20220620030000","626","2","臺北市","南港區","121.615","25.040","861"
"2159","384987","20220620030000","2246","0","臺北市","南港區","121.615","25.045","2184"
"22","384992","20220620030000","19","1","臺北市","南港區","121.595","25.015","20"
"46","384996","20220620030000","40","1","臺北市","南港區","121.600","25.020","45"
"37","384997","20220620030000","30","2","臺北市","南港區","121.605","25.020","45"
"59","385006","20220620030000","59","1","臺北市","南港區","121.620","25.025","58"
"999","385010","20220620030000","653","3","臺北市","南港區","121.610","25.030","1013"
"21","385015","20220620030000","612","0","臺北市","南港區","121.615","25.035","21"
"3642","385016","20220620030000","3198","1","臺北市","大安區","121.535","25.025","3647"
"2301","385018","20220620030000","2546","0","臺北市","大安區","121.545","25.020","2477"
"2064","385019","20220620030000","2183","0","臺北市","信義區","121.565","25.040","1984"
"2765","385020","20220620030000","2920","0","臺北市","信義區","121.570","25.040","2838"
"1864","385021","20220620030000","2947","0","臺北市","信義區","121.560","25.035","1343"
"1226","385022","20220620030000","1321","0","臺北市","信義區","121.565","25.035","1257"
"356","385023","20220620030000","304","1","臺北市","文山區","121.555","25.005","359"
"2269","385025","20220620030000","1971","1","臺北市","文山區","121.545","25.000","2406"
"3639","385026","20220620030000","3386","1","臺北市","萬華區","121.505","25.035","3780"
"1503","385027","20220620030000","1241","2","臺北市","萬華區","121.495","25.025","1465"
"4920","385028","20220620030000","5284","0","臺北市","大安區","121.545","25.040","4978"
"1804","385029","20220620030000","1470","2","臺北市","信義區","121.560","25.020","1908"
"3893","385033","20220620030000","3245","1","臺北市","信義區","121.585","25.040","3902"
"3920","385034","20220620030000","3122","2","臺北市","大安區","121.530","25.030","3967"
"3139","385035","20220620030000","3075","1","臺北市","大安區","121.545","25.025","3142"
"78","387378","20220620030000","31","3","新北市","貢寮區","121.920","25.075","82"
"272","391023","20220620030000","218","2","桃園市","大園區","121.240","25.115","258"
"192","392790","20220620030000","168","1","新北市","林口區","121.360","25.135","184"
"653","392791","20220620030000","515","2","基隆市","中正區(海)","121.745","25.135","661"
"98","392792","20220620030000","78","2","新北市","瑞芳區","121.805","25.135","99"
"947","393254","20220620030000","903","1","基隆市","中正區(海)","121.750","25.140","973"
"3275","394037","20220620030000","3394","0","基隆市","七堵區","121.700","25.085","3272"
"99","394044","20220620030000","48","3","基隆市","七堵區","121.715","25.105","95"
"760","394050","20220620030000","603","2","基隆市","中正區","121.760","25.140","753"
"912","394051","20220620030000","939","0","基隆市","中正區","121.755","25.135","890"
"1920","394053","20220620030000","1293","2","基隆市","安樂區","121.720","25.125","1881"
"986","394054","20220620030000","737","2","基隆市","中山區","121.730","25.145","965"
"1429","394055","20220620030000","1526","0","新北市","三重區","121.475","25.065","1530"
"1555","394056","20220620030000","1526","1","新北市","三重區","121.490","25.070","1550"
"4440","394057","20220620030000","3597","2","新北市","汐止區","121.635","25.065","4380"
"2811","394058","20220620030000","1941","2","新北市","汐止區","121.660","25.065","2900"
"16","394059","20220620030000","14","1","新北市","汐止區","121.665","25.050","14"
"952","394060","20220620030000","833","1","新北市","汐止區","121.670","25.055","967"
"1018","394062","20220620030000","1430","0","新北市","汐止區","121.665","25.055","1228"
"1370","394064","20220620030000","2891","0","新北市","汐止區","121.660","25.060","1613"
"953","394066","20220620030000","532","3","基隆市","七堵區","121.695","25.080","965"
"1022","394068","20220620030000","1133","0","基隆市","七堵區","121.720","25.100","1308"
"1180","394069","20220620030000","1619","0","基隆市","中正區","121.750","25.135","1173"
"152","394070","20220620030000","174","0","基隆市","中正區","121.755","25.140","138"
"549","394072","20220620030000","491","1","基隆市","中正區","121.770","25.145","553"
"969","394074","20220620030000","1017","0","基隆市","暖暖區","121.730","25.095","962"
"329","394075","20220620030000","339","0","基隆市","暖暖區","121.735","25.105","343"
"419","394076","20220620030000","468","0","基隆市","暖暖區","121.735","25.110","404"
"588","394077","20220620030000","375","3","基隆市","暖暖區","121.740","25.100","561"
"704","394078","20220620030000","737","0","基隆市","中山區","121.735","25.135","723"
"272","394082","20220620030000","269","1","基隆市","安樂區","121.705","25.140","42"
"27","394085","20220620030000","15","3","基隆市","安樂區","121.700","25.145","34"
"1923","394090","20220620030000","1670","1","基隆市","安樂區","121.715","25.125","1944"
"2246","394091","20220620030000","2322","0","基隆市","仁愛區","121.740","25.125","2227"
"1244","394092","20220620030000","757","3","臺北市","大同區","121.510","25.070","1231"
"4820","394093","20220620030000","3148","3","新北市","三重區","121.500","25.055","4842"
"5609","394094","20220620030000","4865","1","新北市","三重區","121.500","25.065","5613"
"419","394095","20220620030000","371","1","基隆市","中山區","121.740","25.135","429"
"3127","394096","20220620030000","3491","0","基隆市","信義區","121.755","25.130","3075"
"1007","394097","20220620030000","1084","0","基隆市","仁愛區","121.735","25.125","1008"
"453","394098","20220620030000","432","1","基隆市","安樂區","121.725","25.140","463"
"198","394099","20220620030000","988","0","基隆市","安樂區","121.730","25.130","221"
"3149","394102","20220620030000","2914","1","新北市","五股區","121.450","25.105","3151"
"1340","394106","20220620030000","698","3","新北市","五股區","121.440","25.090","1328"
"1191","394108","20220620030000","1159","1","新北市","五股區","121.440","25.095","1213"
"282","394109","20220620030000","191","2","新北市","五股區","121.430","25.100","247"
"102","394115","20220620030000","221","0","新北市","五股區","121.445","25.075","108"
"1268","394118","20220620030000","1214","1","新北市","五股區","121.460","25.075","1196"
"1660","394121","20220620030000","986","3","新北市","五股區","121.455","25.080","1657"
"63","394125","20220620030000","166","0","新北市","五股區","121.430","25.085","75"
"1607","394126","20220620030000","1771","0","新北市","五股區","121.435","25.085","1628"
"31","394127","20220620030000","22","2","新北市","五股區","121.420","25.090","35"
"2413","394129","20220620030000","2205","1","新北市","五股區","121.430","25.070","2466"
"2239","394130","20220620030000","2059","1","新北市","五股區","121.435","25.070","2215"
"246","394135","20220620030000","296","0","新北市","五股區","121.425","25.070","252"
"36","394136","20220620030000","24","3","新北市","林口區","121.405","25.075","38"
"30","394138","20220620030000","27","1","新北市","五股區","121.405","25.080","32"
"360","394139","20220620030000","494","0","新北市","新莊區","121.450","25.060","380"
"699","394141","20220620030000","746","0","新北市","新莊區","121.455","25.060","700"
"188","394142","20220620030000","202","0","新北市","五股區","121.450","25.070","201"
"401","394144","20220620030000","372","1","新北市","五股區","121.455","25.070","420"
"1283","394146","20220620030000","1242","1","新北市","五股區","121.465","25.070","1293"
"518","394147","20220620030000","502","1","新北市","五股區","121.465","25.075","544"
"116","394149","20220620030000","103","1","新北市","五股區","121.435","25.105","122"
"127","394150","20220620030000","93","2","新北市","五股區","121.420","25.110","124"
"49","394166","20220620030000","31","3","新北市","五股區","121.425","25.120","60"
"115","394170","20220620030000","94","2","新北市","五股區","121.420","25.125","92"
"1295","394174","20220620030000","1254","1","基隆市","信義區","121.765","25.125","1303"
"1101","394175","20220620030000","749","2","基隆市","信義區","121.760","25.130","1136"
"771","394176","20220620030000","508","3","基隆市","中正區","121.760","25.135","691"
"351","394178","20220620030000","306","1","基隆市","七堵區","121.700","25.070","379"
"542","394179","20220620030000","573","0","基隆市","七堵區","121.695","25.075","526"
"1074","394181","20220620030000","1067","1","基隆市","七堵區","121.715","25.095","1076"
"889","394182","20220620030000","847","1","基隆市","七堵區","121.720","25.095","917"
"971","394185","20220620030000","958","1","基隆市","中山區","121.720","25.140","957"
"2634","394186","20220620030000","2856","0","基隆市","中山區","121.725","25.145","2648"
"1341","394187","20220620030000","988","2","新北市","五股區","121.435","25.090","1373"
"573","394188","20220620030000","552","1","新北市","五股區","121.440","25.080","513"
"863","394189","20220620030000","1419","0","新北市","五股區","121.440","25.085","840"
"61","394191","20220620030000","45","2","新北市","五股區","121.415","25.085","57"
"82","394193","20220620030000","84","0","新北市","五股區","121.415","25.090","82"
"63","394196","20220620030000","66","0","新北市","五股區","121.410","25.100","69"
"182","394202","20220620030000","170","1","新北市","五股區","121.405","25.110","173"
"33","394207","20220620030000","60","0","新北市","五股區","121.410","25.110","34"
"16","394208","20220620030000","18","0","新北市","八里區","121.400","25.115","14"
"223","394211","20220620030000","216","1","新北市","五股區","121.425","25.095","243"
"96","394214","20220620030000","424","0","新北市","泰山區","121.435","25.065","104"
"126","394216","20220620030000","113","1","新北市","五股區","121.415","25.075","130"
"116","394218","20220620030000","114","1","新北市","五股區","121.425","25.075","122"
"915","394220","20220620030000","778","1","新北市","五股區","121.435","25.075","916"
"46","394223","20220620030000","35","2","新北市","五股區","121.420","25.080","39"
"1046","394226","20220620030000","991","1","新北市","五股區","121.435","25.080","1004"
"1461","394227","20220620030000","1077","2","新北市","五股區","121.445","25.090","1487"
"1135","394229","20220620030000","944","2","新北市","五股區","121.445","25.095","1120"
"37","394230","20220620030000","409","0","新北市","五股區","121.450","25.095","40"
"837","394234","20220620030000","1721","0","新北市","五股區","121.450","25.100","824"
"4996","394235","20220620030000","4206","1","新北市","三重區","121.495","25.070","5033"
"3562","394236","20220620030000","3010","1","新北市","三重區","121.500","25.070","3573"
"4436","394237","20220620030000","4427","1","新北市","三重區","121.490","25.065","4413"
"4284","394238","20220620030000","1495","3","基隆市","中正區","121.785","25.135","4301"
"3236","394242","20220620030000","2755","1","基隆市","安樂區","121.720","25.120","3247"
"1489","394243","20220620030000","2327","0","新北市","三重區","121.505","25.060","1539"
"4182","394244","20220620030000","4254","0","新北市","三重區","121.480","25.060","4256"
"2473","394247","20220620030000","2239","1","新北市","三重區","121.485","25.070","2415"
"1160","394248","20220620030000","437","3","基隆市","中正區","121.790","25.135","1178"
"1290","394252","20220620030000","823","3","基隆市","信義區","121.765","25.130","1270"
"81","394254","20220620030000","458","0","基隆市","信義區","121.770","25.135","78"
"1556","394258","20220620030000","1911","0","基隆市","信義區","121.770","25.130","1526"
"979","394259","20220620030000","917","1","基隆市","信義區","121.775","25.130","952"
"74","394262","20220620030000","42","3","基隆市","信義區","121.790","25.115","58"
"96","394265","20220620030000","50","3","基隆市","信義區","121.790","25.120","57"
"392","394266","20220620030000","398","0","基隆市","信義區","121.785","25.125","544"
"2132","394270","20220620030000","2215","0","基隆市","信義區","121.775","25.135","2172"
"643","394272","20220620030000","550","1","基隆市","安樂區","121.725","25.135","636"
"1717","394273","20220620030000","1741","0","基隆市","安樂區","121.715","25.140","1759"
"2075","394275","20220620030000","2206","0","基隆市","中山區","121.735","25.130","2060"
"331","394276","20220620030000","1037","0","基隆市","安樂區","121.725","25.125","342"
"1543","394277","20220620030000","1517","1","基隆市","安樂區","121.725","25.130","1536"
"218","394278","20220620030000","256","0","基隆市","中山區","121.720","25.145","204"
"1450","394280","20220620030000","1340","1","基隆市","仁愛區","121.740","25.130","1463"
"1021","394281","20220620030000","720","2","基隆市","安樂區","121.730","25.135","1017"
"3274","394282","20220620030000","2991","1","新北市","三重區","121.490","25.075","3269"
"4597","394283","20220620030000","4680","0","新北市","三重區","121.490","25.060","4661"
"2339","394284","20220620030000","3014","0","新北市","三重區","121.495","25.060","2328"
"682","394285","20220620030000","534","2","基隆市","中山區","121.740","25.145","666"
"1737","394288","20220620030000","1680","1","基隆市","安樂區","121.710","25.140","1737"
"1317","394290","20220620030000","1083","2","基隆市","安樂區","121.710","25.150","1298"
"944","394291","20220620030000","497","3","基隆市","中山區","121.715","25.145","941"
"57","394292","20220620030000","289","0","新北市","三重區","121.485","25.065","59"
"807","394293","20220620030000","1129","0","臺北市","大同區","121.510","25.075","819"
"4402","394294","20220620030000","4113","1","新北市","三重區","121.500","25.060","4445"
"1554","394295","20220620030000","959","3","新北市","三重區","121.475","25.055","1564"
"218","394297","20220620030000","199","1","新北市","五股區","121.460","25.070","218"
"276","394298","20220620030000","235","1","新北市","三重區","121.470","25.060","282"
"800","394299","20220620030000","709","1","新北市","三重區","121.470","25.065","773"
"800","394301","20220620030000","760","1","新北市","三重區","121.505","25.075","776"
"2800","394302","20220620030000","2417","1","新北市","三重區","121.485","25.080","2727"
"266","394303","20220620030000","347","0","基隆市","中山區","121.740","25.140","265"
"1081","394304","20220620030000","991","1","新北市","三重區","121.470","25.070","1107"
"226","394305","20220620030000","286","0","基隆市","信義區","121.780","25.135","204"
"849","394306","20220620030000","1751","0","基隆市","信義區","121.780","25.130","859"
"1162","394307","20220620030000","1044","1","基隆市","信義區","121.780","25.140","1141"
"744","394308","20220620030000","670","1","基隆市","中正區","121.785","25.140","749"
"269","394312","20220620030000","152","3","基隆市","信義區","121.775","25.125","266"
"1033","394313","20220620030000","1093","0","基隆市","信義區","121.780","25.125","1009"
"91","394317","20220620030000","91","1","新北市","瑞芳區","121.760","25.110","106"
"30","394320","20220620030000","34","0","基隆市","信義區","121.765","25.115","26"
"373","394321","20220620030000","293","2","基隆市","信義區","121.765","25.120","372"
"1011","394324","20220620030000","781","2","基隆市","信義區","121.760","25.125","1022"
"1614","394325","20220620030000","1817","0","新北市","三重區","121.490","25.085","1582"
"573","394326","20220620030000","614","0","新北市","三重區","121.490","25.090","586"
"212","394327","20220620030000","98","3","新北市","三重區","121.495","25.090","205"
"1747","394329","20220620030000","1379","2","新北市","三重區","121.475","25.070","1732"
"3131","394330","20220620030000","2961","1","新北市","三重區","121.480","25.070","3110"
"2438","394332","20220620030000","922","3","新北市","泰山區","121.430","25.065","2443"
"925","394333","20220620030000","914","1","新北市","泰山區","121.440","25.060","910"
"456","394335","20220620030000","390","1","基隆市","中山區","121.735","25.140","461"
"83","394336","20220620030000","959","0","基隆市","中山區","121.730","25.140","70"
"124","394337","20220620030000","323","0","基隆市","暖暖區","121.735","25.100","112"
"38","394358","20220620030000","58","0","基隆市","暖暖區","121.755","25.075","35"
"49","394364","20220620030000","37","2","基隆市","暖暖區","121.745","25.085","52"
"737","394398","20220620030000","465","3","基隆市","暖暖區","121.740","25.090","739"
"22","394401","20220620030000","205","0","基隆市","暖暖區","121.735","25.095","22"
"14","394402","20220620030000","664","0","基隆市","暖暖區","121.740","25.095","21"
"4280","394404","20220620030000","3867","1","基隆市","暖暖區","121.755","25.095","4264"
"57","394405","20220620030000","1014","0","基隆市","暖暖區","121.750","25.090","57"
"439","394407","20220620030000","327","2","基隆市","暖暖區","121.750","25.095","477"
"1612","394413","20220620030000","1257","2","基隆市","暖暖區","121.740","25.105","1641"
"221","394418","20220620030000","257","0","基隆市","暖暖區","121.730","25.100","247"
"1156","394422","20220620030000","996","1","基隆市","安樂區","121.705","25.145","1181"
"1897","394423","20220620030000","1180","3","基隆市","安樂區","121.710","25.145","2046"
"2852","394426","20220620030000","3206","0","新北市","三重區","121.490","25.080","2781"
"1687","394427","20220620030000","1618","1","新北市","三重區","121.485","25.075","1666"
"4169","394428","20220620030000","3905","1","新北市","三重區","121.480","25.075","4235"
"23","394429","20220620030000","231","0","基隆市","中山區","121.735","25.145","18"
"5257","394430","20220620030000","5405","0","新北市","三重區","121.495","25.065","5283"
"2508","394435","20220620030000","2403","1","基隆市","仁愛區","121.745","25.125","2541"
"863","394436","20220620030000","863","1","基隆市","仁愛區","121.745","25.120","786"
"2725","394438","20220620030000","3275","0","新北市","三重區","121.485","25.060","2603"
"1644","394441","20220620030000","1444","1","基隆市","暖暖區","121.750","25.100","1659"
"843","394442","20220620030000","873","0","基隆市","安樂區","121.730","25.115","864"
"2814","394444","20220620030000","2159","2","基隆市","安樂區","121.725","25.120","2812"
"672","394447","20220620030000","1108","0","新北市","三重區","121.495","25.075","693"
"2809","394450","20220620030000","2504","1","新北市","三重區","121.495","25.085","2836"
"4711","394451","20220620030000","3965","1","新北市","三重區","121.480","25.065","4738"
"293","394458","20220620030000","292","1","基隆市","暖暖區","121.730","25.110","307"
"704","394461","20220620030000","313","3","基隆市","七堵區","121.700","25.075","703"
"167","394464","20220620030000","191","0","基隆市","七堵區","121.705","25.085","165"
"819","394466","20220620030000","736","1","基隆市","七堵區","121.705","25.090","856"
"232","394467","20220620030000","199","1","基隆市","七堵區","121.700","25.095","222"
"849","394470","20220620030000","722","1","基隆市","七堵區","121.665","25.090","820"
"27","394480","20220620030000","16","3","基隆市","七堵區","121.670","25.100","26"
"480","394492","20220620030000","227","3","基隆市","七堵區","121.670","25.105","494"
"47","394500","20220620030000","38","2","基隆市","七堵區","121.660","25.115","43"
"73","394518","20220620030000","73","1","基隆市","七堵區","121.660","25.130","83"
"72","394538","20220620030000","222","0","基隆市","七堵區","121.695","25.085","65"
"1348","394546","20220620030000","1179","1","基隆市","七堵區","121.685","25.075","1372"
"485","394547","20220620030000","388","2","基隆市","七堵區","121.690","25.075","476"
"1057","394550","20220620030000","874","2","基隆市","七堵區","121.690","25.085","1123"
"2592","394551","20220620030000","2484","1","基隆市","中正區","121.745","25.130","5185"
"121","394552","20220620030000","379","0","基隆市","仁愛區","121.740","25.120","123"
"1786","394553","20220620030000","1375","2","基隆市","信義區","121.750","25.130","1778"
"240","394554","20220620030000","465","0","基隆市","仁愛區","121.750","25.125","534"
"538","394555","20220620030000","677","0","基隆市","中正區","121.765","25.140","543"
"261","394556","20220620030000","195","2","基隆市","中正區","121.795","25.125","265"
"268","394559","20220620030000","117","3","基隆市","中正區","121.795","25.130","262"
"1464","394564","20220620030000","1432","1","基隆市","中正區","121.790","25.140","1562"
"1258","394565","20220620030000","1121","1","基隆市","中正區","121.795","25.140","1247"
"1614","394567","20220620030000","1329","2","基隆市","中正區","121.760","25.145","1623"
"1053","394570","20220620030000","1044","1","基隆市","安樂區","121.715","25.120","1073"
"1308","394576","20220620030000","1105","1","基隆市","安樂區","121.715","25.130","1264"
"33","394582","20220620030000","32","1","基隆市","仁愛區","121.740","25.110","40"
"109","394583","20220620030000","66","3","基隆市","仁愛區","121.745","25.110","105"
"487","394586","20220620030000","525","0","基隆市","仁愛區","121.745","25.115","530"
"97","394587","20220620030000","91","1","基隆市","仁愛區","121.750","25.115","98"
"294","394590","20220620030000","104","3","基隆市","七堵區","121.710","25.100","111"
"2937","394592","20220620030000","2491","1","基隆市","七堵區","121.715","25.100","3094"
"84","394607","20220620030000","50","3","基隆市","七堵區","121.710","25.085","76"
"1671","394611","20220620030000","1866","0","基隆市","七堵區","121.710","25.090","1721"
"197","394613","20220620030000","164","2","基隆市","七堵區","121.720","25.090","193"
"31","394617","20220620030000","24","2","基隆市","七堵區","121.680","25.100","28"
"59","394625","20220620030000","54","1","基隆市","七堵區","121.695","25.105","58"
"43","394632","20220620030000","35","2","基隆市","七堵區","121.690","25.115","47"
"46","394634","20220620030000","37","2","基隆市","七堵區","121.700","25.115","42"
"12","394645","20220620030000","11","1","基隆市","安樂區","121.700","25.130","15"
"93","394660","20220620030000","76","2","基隆市","七堵區","121.680","25.120","93"
"36","394663","20220620030000","20","3","基隆市","七堵區","121.680","25.125","40"
"249","394685","20220620030000","245","1","新北市","蘆洲區","121.485","25.090","251"
"654","394686","20220620030000","641","1","新北市","汐止區","121.630","25.060","663"
"2106","394687","20220620030000","995","3","新北市","汐止區","121.620","25.065","2069"
"2088","394688","20220620030000","1899","1","新北市","汐止區","121.625","25.065","2075"
"13","394694","20220620030000","18","0","新北市","八里區","121.415","25.145","14"
"797","394705","20220620030000","889","0","新北市","八里區","121.450","25.140","788"
"36","394716","20220620030000","37","0","新北市","八里區","121.415","25.130","34"
"104","394724","20220620030000","99","1","新北市","八里區","121.410","25.145","109"
"19","394725","20220620030000","218","0","新北市","八里區","121.405","25.150","18"
"433","394726","20220620030000","490","0","新北市","八里區","121.410","25.150","445"
"77","394731","20220620030000","80","0","新北市","八里區","121.405","25.125","72"
"1782","394740","20220620030000","1581","1","新北市","蘆洲區","121.465","25.090","1815"
"3177","394741","20220620030000","3043","1","新北市","蘆洲區","121.460","25.085","3176"
"1720","394742","20220620030000","1894","0","新北市","蘆洲區","121.465","25.085","1742"
"2038","394743","20220620030000","1983","1","新北市","蘆洲區","121.460","25.090","1946"
"755","394744","20220620030000","1201","0","新北市","蘆洲區","121.460","25.095","788"
"227","394745","20220620030000","573","0","新北市","蘆洲區","121.475","25.075","234"
"1103","394746","20220620030000","1011","1","新北市","蘆洲區","121.475","25.090","1088"
"2219","394747","20220620030000","1349","3","新北市","蘆洲區","121.470","25.095","2391"
"28","394748","20220620030000","270","0","新北市","蘆洲區","121.475","25.095","22"
"271","394749","20220620030000","387","0","新北市","蘆洲區","121.470","25.100","252"
"554","394750","20220620030000","1626","0","新北市","新莊區","121.460","25.060","569"
"1896","394751","20220620030000","2268","0","新北市","新莊區","121.465","25.060","1980"
"1370","394752","20220620030000","1075","2","新北市","五股區","121.465","25.065","1388"
"334","394787","20220620030000","464","0","新北市","瑞芳區","121.770","25.100","357"
"13","394788","20220620030000","16","0","新北市","瑞芳區","121.775","25.100","14"
"70","394798","20220620030000","34","3","新北市","瑞芳區","121.825","25.085","69"
"467","394810","20220620030000","424","1","新北市","瑞芳區","121.820","25.120","470"
"1306","394819","20220620030000","1200","1","新北市","五股區","121.430","25.090","1314"
"2184","394821","20220620030000","1776","2","新北市","八里區","121.395","25.145","2174"
"27","394822","20220620030000","23","1","新北市","八里區","121.390","25.150","23"
"1942","394824","20220620030000","1524","2","新北市","八里區","121.400","25.150","1938"
"52","394829","20220620030000","43","2","新北市","八里區","121.400","25.100","50"
"70","394833","20220620030000","70","1","新北市","八里區","121.390","25.110","66"
"241","394843","20220620030000","297","0","新北市","林口區","121.375","25.120","248"
"472","394854","20220620030000","400","1","新北市","八里區","121.385","25.130","460"
"1696","394858","20220620030000","1504","1","新北市","瑞芳區","121.805","25.105","1639"
"11","394863","20220620030000","22","0","新北市","瑞芳區","121.795","25.085","14"
"49","394867","20220620030000","41","1","新北市","瑞芳區","121.795","25.090","54"
"676","394873","20220620030000","284","3","新北市","瑞芳區","121.785","25.095","639"
"73","394878","20220620030000","61","1","新北市","瑞芳區","121.790","25.100","82"
"513","394885","20220620030000","483","1","新北市","瑞芳區","121.790","25.110","524"
"71","394894","20220620030000","60","1","新北市","瑞芳區","121.825","25.090","73"
"323","394924","20220620030000","189","3","新北市","瑞芳區","121.760","25.100","329"
"19","394926","20220620030000","23","0","新北市","瑞芳區","121.760","25.105","15"
"14","394932","20220620030000","19","0","新北市","瑞芳區","121.775","25.110","31"
"25","394934","20220620030000","20","2","新北市","瑞芳區","121.770","25.115","23"
"187","394937","20220620030000","471","0","新北市","瑞芳區","121.845","25.110","332"
"100","394943","20220620030000","91","1","新北市","瑞芳區","121.830","25.095","94"
"355","394949","20220620030000","281","2","新北市","瑞芳區","121.840","25.095","356"
"237","394954","20220620030000","237","1","新北市","瑞芳區","121.850","25.105","247"
"234","394965","20220620030000","256","0","新北市","瑞芳區","121.815","25.105","246"
"82","394966","20220620030000","128","0","新北市","五股區","121.455","25.115","87"
"667","394972","20220620030000","500","2","新北市","八里區","121.450","25.125","649"
"935","394973","20220620030000","964","0","新北市","八里區","121.455","25.125","969"
"932","394979","20220620030000","851","1","新北市","八里區","121.450","25.130","941"
"529","394985","20220620030000","455","1","新北市","八里區","121.450","25.135","510"
"2562","394986","20220620030000","2069","2","新北市","汐止區","121.640","25.065","2560"
"247","394991","20220620030000","238","1","桃園市","觀音區","121.120","25.060","261"
"329","394992","20220620030000","228","2","桃園市","觀音區","121.125","25.060","320"
"312","394996","20220620030000","258","2","桃園市","觀音區","121.110","25.065","300"
"493","395000","20220620030000","417","1","桃園市","觀音區","121.130","25.065","480"
"123","395008","20220620030000","113","1","桃園市","觀音區","121.135","25.060","135"
"1014","395014","20220620030000","1086","0","桃園市","蘆竹區","121.285","25.070","990"
"150","395019","20220620030000","327","0","桃園市","蘆竹區","121.285","25.075","160"
"366","395023","20220620030000","292","2","桃園市","蘆竹區","121.285","25.080","363"
"652","395029","20220620030000","590","1","桃園市","蘆竹區","121.255","25.110","675"
"145","395030","20220620030000","169","0","桃園市","蘆竹區","121.260","25.110","134"
"201","395031","20220620030000","222","0","桃園市","蘆竹區","121.265","25.110","225"
"370","395032","20220620030000","240","3","桃園市","蘆竹區","121.270","25.110","377"
"203","395038","20220620030000","152","2","桃園市","蘆竹區","121.255","25.115","198"
"1589","395042","20220620030000","1666","0","桃園市","蘆竹區","121.295","25.060","1619"
"1295","395043","20220620030000","1143","1","桃園市","蘆竹區","121.300","25.060","1311"
"15","395046","20220620030000","10","3","桃園市","蘆竹區","121.315","25.060","16"
"256","395057","20220620030000","207","2","新北市","瑞芳區","121.860","25.125","248"
"16","395074","20220620030000","19","0","新北市","貢寮區","121.910","25.085","23"
"384","395083","20220620030000","206","3","新北市","雙溪區","121.875","25.090","378"
"40","395098","20220620030000","23","3","新北市","貢寮區","121.915","25.095","36"
"81","395109","20220620030000","62","2","新北市","貢寮區","121.920","25.105","81"
"359","395119","20220620030000","343","1","新北市","貢寮區","121.925","25.055","358"
"271","395121","20220620030000","245","1","新北市","貢寮區","121.925","25.060","273"
"55","395125","20220620030000","34","3","新北市","貢寮區","121.925","25.065","55"
"118","395129","20220620030000","452","0","新北市","新莊區","121.455","25.065","119"
"831","395130","20220620030000","746","1","新北市","五股區","121.445","25.065","909"
"411","395131","20220620030000","440","0","新北市","泰山區","121.435","25.060","418"
"161","395132","20220620030000","280","0","新北市","汐止區","121.645","25.060","157"
"3295","395133","20220620030000","2361","2","新北市","汐止區","121.665","25.065","3451"
"196","395134","20220620030000","161","2","桃園市","蘆竹區","121.270","25.060","195"
"361","395135","20220620030000","567","0","桃園市","蘆竹區","121.275","25.060","380"
"754","395137","20220620030000","660","1","桃園市","蘆竹區","121.265","25.065","747"
"777","395141","20220620030000","718","1","桃園市","蘆竹區","121.270","25.070","770"
"2948","395143","20220620030000","3235","0","新北市","蘆洲區","121.470","25.090","2949"
"31","395145","20220620030000","28","1","新北市","瑞芳區","121.835","25.110","26"
"15","395147","20220620030000","15","1","新北市","瑞芳區","121.830","25.115","15"
"340","395149","20220620030000","127","3","新北市","瑞芳區","121.840","25.115","219"
"190","395156","20220620030000","166","1","新北市","瑞芳區","121.830","25.125","198"
"16","395157","20220620030000","10","3","新北市","瑞芳區","121.835","25.125","16"
"170","395163","20220620030000","412","0","新北市","瑞芳區","121.815","25.130","149"
"1637","395173","20220620030000","1590","1","新北市","瑞芳區","121.810","25.105","1630"
"2493","395174","20220620030000","1861","2","新北市","泰山區","121.445","25.060","2468"
"726","395175","20220620030000","554","2","新北市","五股區","121.450","25.065","686"
"1306","395176","20220620030000","1238","1","新北市","新莊區","121.460","25.065","1298"
"48","395186","20220620030000","42","1","新北市","萬里區","121.605","25.145","42"
"2403","395203","20220620030000","1968","2","新北市","蘆洲區","121.470","25.085","2483"
"62","395204","20220620030000","251","0","新北市","蘆洲區","121.465","25.095","65"
"15","395205","20220620030000","11","2","新北市","蘆洲區","121.465","25.100","22"
"2730","395206","20220620030000","2358","1","新北市","汐止區","121.630","25.065","2735"
"2710","395207","20220620030000","1774","3","新北市","汐止區","121.630","25.070","2684"
"1640","395208","20220620030000","1601","1","新北市","汐止區","121.645","25.065","1668"
"27","395223","20220620030000","24","1","新北市","瑞芳區","121.820","25.060","22"
"85","395239","20220620030000","29","3","新北市","瑞芳區","121.840","25.105","60"
"163","395245","20220620030000","120","2","新北市","瑞芳區","121.855","25.105","154"
"112","395253","20220620030000","91","2","新北市","瑞芳區","121.915","25.120","95"
"242","395254","20220620030000","247","0","新北市","瑞芳區","121.915","25.125","296"
"265","395256","20220620030000","112","3","新北市","瑞芳區","121.795","25.110","256"
"15","395257","20220620030000","356","0","新北市","瑞芳區","121.800","25.110","13"
"39","395269","20220620030000","23","3","新北市","泰山區","121.385","25.065","32"
"459","395270","20220620030000","212","3","桃園市","龜山區","121.390","25.060","451"
"165","395273","20220620030000","82","3","新北市","泰山區","121.390","25.065","171"
"1553","395280","20220620030000","1716","0","新北市","淡水區","121.465","25.135","1734"
"15","395284","20220620030000","15","1","新北市","雙溪區","121.855","25.050","17"
"265","395287","20220620030000","247","1","新北市","雙溪區","121.850","25.055","280"
"3264","395319","20220620030000","3857","0","新北市","三重區","121.495","25.080","3289"
"2018","395320","20220620030000","2334","0","新北市","三重區","121.475","25.060","2012"
"730","395322","20220620030000","611","1","新北市","五股區","121.455","25.105","753"
"46","395323","20220620030000","42","1","新北市","五股區","121.450","25.110","50"
"52","395324","20220620030000","71","0","新北市","五股區","121.455","25.110","49"
"172","395329","20220620030000","971","0","新北市","五股區","121.445","25.105","175"
"39","395331","20220620030000","58","0","新北市","五股區","121.445","25.110","39"
"18","395344","20220620030000","108","0","新北市","八里區","121.375","25.140","26"
"302","395346","20220620030000","267","1","新北市","八里區","121.385","25.140","307"
"112","395349","20220620030000","87","2","新北市","瑞芳區","121.800","25.100","113"
"701","395350","20220620030000","760","0","新北市","瑞芳區","121.800","25.105","694"
"459","395351","20220620030000","418","1","新北市","瑞芳區","121.820","25.105","448"
"626","395356","20220620030000","890","0","新北市","汐止區","121.670","25.065","537"
"1145","395357","20220620030000","1019","1","新北市","汐止區","121.670","25.070","1149"
"711","395361","20220620030000","645","1","桃園市","蘆竹區","121.285","25.060","729"
"1361","395362","20220620030000","517","3","桃園市","蘆竹區","121.290","25.060","1371"
"30","395363","20220620030000","35","0","桃園市","蘆竹區","121.320","25.060","26"
"261","395367","20220620030000","199","2","桃園市","觀音區","121.140","25.065","258"
"754","395388","20220620030000","624","2","桃園市","蘆竹區","121.265","25.085","755"
"103","395395","20220620030000","85","2","桃園市","蘆竹區","121.265","25.095","93"
"301","395397","20220620030000","162","3","桃園市","蘆竹區","121.275","25.095","301"
"706","395400","20220620030000","634","1","桃園市","蘆竹區","121.260","25.100","721"
"17","395417","20220620030000","30","0","桃園市","蘆竹區","121.330","25.065","17"
"161","395420","20220620030000","71","3","桃園市","蘆竹區","121.325","25.065","155"
"80","395423","20220620030000","56","2","桃園市","蘆竹區","121.340","25.070","81"
"193","395424","20220620030000","179","1","桃園市","蘆竹區","121.345","25.065","168"
"10","395433","20220620030000","116","0","桃園市","蘆竹區","121.315","25.075","11"
"35","395436","20220620030000","38","0","桃園市","蘆竹區","121.330","25.075","48"
"135","395447","20220620030000","245","0","桃園市","蘆竹區","121.300","25.080","142"
"239","395448","20220620030000","185","2","桃園市","蘆竹區","121.305","25.080","240"
"61","395464","20220620030000","37","3","桃園市","蘆竹區","121.325","25.090","60"
"1208","395471","20220620030000","1034","1","桃園市","蘆竹區","121.280","25.085","1222"
"926","395473","20220620030000","627","2","桃園市","蘆竹區","121.290","25.085","907"
"13","395480","20220620030000","16","0","桃園市","蘆竹區","121.295","25.095","11"
"2931","395483","20220620030000","2588","1","新北市","蘆洲區","121.470","25.080","2961"
"5015","395484","20220620030000","4471","1","新北市","蘆洲區","121.465","25.080","5055"
"5254","395485","20220620030000","6052","0","新北市","三重區","121.485","25.085","5247"
"2933","395486","20220620030000","2782","1","新北市","蘆洲區","121.455","25.090","2900"
"1822","395487","20220620030000","2132","0","新北市","蘆洲區","121.475","25.080","1813"
"1302","395488","20220620030000","1133","1","新北市","汐止區","121.665","25.075","1269"
"647","395489","20220620030000","579","1","新北市","汐止區","121.650","25.060","625"
"3623","395490","20220620030000","2421","2","新北市","汐止區","121.655","25.060","3718"
"27","395491","20220620030000","18","3","新北市","汐止區","121.625","25.070","24"
"427","395492","20220620030000","347","2","新北市","汐止區","121.625","25.075","436"
"1640","395493","20220620030000","1458","1","新北市","汐止區","121.630","25.080","1673"
"408","395495","20220620030000","393","1","新北市","汐止區","121.650","25.080","422"
"1299","395499","20220620030000","1234","1","新北市","汐止區","121.645","25.090","1317"
"23","395501","20220620030000","36","0","新北市","汐止區","121.655","25.090","22"
"179","395508","20220620030000","327","0","新北市","汐止區","121.650","25.055","185"
"3012","395509","20220620030000","2442","2","新北市","汐止區","121.655","25.055","3329"
"824","395512","20220620030000","1166","0","新北市","汐止區","121.655","25.065","825"
"30","395526","20220620030000","25","2","新北市","汐止區","121.715","25.055","25"
"162","395530","20220620030000","118","2","新北市","汐止區","121.700","25.060","173"
"1016","395539","20220620030000","1031","0","新北市","汐止區","121.635","25.055","990"
"2400","395541","20220620030000","2060","1","新北市","汐止區","121.635","25.060","2385"
"2430","395542","20220620030000","1603","3","新北市","汐止區","121.640","25.060","2399"
"3158","395544","20220620030000","1932","3","新北市","林口區","121.375","25.070","3184"
"1301","395546","20220620030000","665","3","新北市","林口區","121.400","25.075","1294"
"343","395548","20220620030000","285","2","新北市","林口區","121.400","25.080","329"
"109","395549","20220620030000","123","0","新北市","林口區","121.400","25.085","100"
"249","395550","20220620030000","225","1","新北市","林口區","121.405","25.085","250"
"24","395553","20220620030000","13","3","新北市","林口區","121.405","25.095","22"
"67","395555","20220620030000","216","0","新北市","林口區","121.405","25.100","71"
"85","395557","20220620030000","195","0","新北市","林口區","121.400","25.065","98"
"2435","395558","20220620030000","1538","3","新北市","林口區","121.390","25.075","2412"
"1010","395559","20220620030000","1009","1","新北市","林口區","121.395","25.075","1036"
"14","395560","20220620030000","14","1","新北市","林口區","121.385","25.090","14"
"793","395561","20220620030000","755","1","新北市","林口區","121.390","25.090","819"
"627","395565","20220620030000","579","1","新北市","林口區","121.385","25.100","597"
"93","395570","20220620030000","63","2","新北市","林口區","121.385","25.110","79"
"5311","395571","20220620030000","2815","3","新北市","林口區","121.375","25.075","5328"
"1155","395572","20220620030000","1156","0","新北市","林口區","121.380","25.075","1164"
"1844","395574","20220620030000","1874","0","新北市","林口區","121.370","25.080","1840"
"1455","395575","20220620030000","1263","1","新北市","林口區","121.375","25.080","1424"
"1477","395576","20220620030000","684","3","新北市","林口區","121.380","25.080","1485"
"860","395579","20220620030000","642","2","新北市","林口區","121.370","25.085","882"
"2320","395580","20220620030000","2239","1","新北市","林口區","121.375","25.085","2309"
"29","395587","20220620030000","33","0","新北市","林口區","121.365","25.110","32"
"12","395603","20220620030000","21","0","新北市","林口區","121.390","25.080","12"
"459","395604","20220620030000","368","2","新北市","林口區","121.385","25.085","450"
"597","395606","20220620030000","826","0","新北市","汐止區","121.655","25.070","623"
"1935","395607","20220620030000","1480","2","新北市","汐止區","121.660","25.070","1935"
"25","395616","20220620030000","15","3","桃園市","大園區","121.260","25.065","23"
"602","395617","20220620030000","525","1","新北市","汐止區","121.635","25.070","797"
"2794","395618","20220620030000","1338","3","新北市","汐止區","121.640","25.070","2719"
"675","395619","20220620030000","829","0","新北市","汐止區","121.640","25.075","674"
"2512","395622","20220620030000","1875","2","新北市","汐止區","121.640","25.080","2529"
"474","395623","20220620030000","497","0","新北市","汐止區","121.635","25.085","478"
"455","395625","20220620030000","546","0","新北市","汐止區","121.635","25.075","435"
"221","395628","20220620030000","198","1","新北市","汐止區","121.640","25.100","226"
"120","395641","20220620030000","60","3","新北市","汐止區","121.620","25.115","121"
"43","395643","20220620030000","49","0","新北市","汐止區","121.630","25.115","39"
"26","395653","20220620030000","31","0","新北市","汐止區","121.605","25.125","35"
"523","395667","20220620030000","215","3","新北市","汐止區","121.615","25.135","535"
"1712","395672","20220620030000","1486","1","新北市","淡水區","121.460","25.130","1698"
"2733","395673","20220620030000","3349","0","新北市","淡水區","121.460","25.135","2649"
"1879","395675","20220620030000","2561","0","新北市","淡水區","121.460","25.140","1953"
"1086","395676","20220620030000","946","1","新北市","淡水區","121.465","25.140","821"
"1202","395691","20220620030000","1129","1","新北市","汐止區","121.675","25.065","1267"
"1407","395692","20220620030000","1660","0","新北市","汐止區","121.665","25.080","1926"
"297","395698","20220620030000","397","0","新北市","汐止區","121.670","25.075","319"
"574","395699","20220620030000","811","0","新北市","汐止區","121.675","25.075","606"
"374","395701","20220620030000","289","2","新北市","汐止區","121.610","25.105","394"
"127","395703","20220620030000","145","0","新北市","汐止區","121.605","25.110","111"
"1615","395715","20220620030000","1566","1","新北市","泰山區","121.430","25.060","1610"
"524","395717","20220620030000","1891","0","新北市","泰山區","121.425","25.065","531"
"3229","395718","20220620030000","3057","1","新北市","蘆洲區","121.480","25.090","3211"
"425","395719","20220620030000","533","0","新北市","蘆洲區","121.480","25.095","450"
"48","395724","20220620030000","20","3","桃園市","蘆竹區","121.300","25.100","35"
"195","395727","20220620030000","146","2","新北市","林口區","121.290","25.105","182"
"167","395732","20220620030000","198","0","新北市","林口區","121.315","25.105","175"
"26","395735","20220620030000","37","0","新北市","林口區","121.295","25.110","25"
"66","395748","20220620030000","70","0","新北市","林口區","121.295","25.115","64"
"145","395749","20220620030000","104","2","新北市","林口區","121.300","25.115","126"
"68","395752","20220620030000","58","1","新北市","林口區","121.295","25.120","58"
"2807","395755","20220620030000","2382","1","新北市","林口區","121.385","25.080","2797"
"986","395756","20220620030000","901","1","新北市","林口區","121.380","25.085","1010"
"550","395757","20220620030000","464","1","新北市","林口區","121.375","25.090","573"
"3704","395768","20220620030000","3334","1","新北市","林口區","121.365","25.065","3717"
"3184","395769","20220620030000","2612","2","新北市","汐止區","121.665","25.070","3265"
"19","395773","20220620030000","12","3","新北市","汐止區","121.675","25.070","18"
"526","395774","20220620030000","462","1","新北市","汐止區","121.680","25.070","562"
"191","395775","20220620030000","199","0","新北市","汐止區","121.685","25.070","174"
"341","395777","20220620030000","630","0","新北市","汐止區","121.675","25.080","746"
"568","395784","20220620030000","371","3","新北市","汐止區","121.645","25.080","542"
"38","395791","20220620030000","91","0","新北市","汐止區","121.640","25.095","31"
"378","395805","20220620030000","545","0","新北市","林口區","121.390","25.070","359"
"827","395806","20220620030000","443","3","新北市","林口區","121.385","25.075","951"
"151","395809","20220620030000","97","3","新北市","林口區","121.345","25.085","156"
"18","395833","20220620030000","45","0","新北市","林口區","121.340","25.100","18"
"28","395837","20220620030000","28","1","新北市","林口區","121.330","25.105","27"
"2589","395840","20220620030000","1995","2","桃園市","龜山區","121.375","25.065","2564"
"1157","395843","20220620030000","898","2","新北市","林口區","121.360","25.065","1178"
"301","395844","20220620030000","120","3","新北市","林口區","121.350","25.070","316"
"1806","395846","20220620030000","1155","3","新北市","林口區","121.360","25.070","1776"
"3891","395847","20220620030000","3341","1","新北市","林口區","121.370","25.070","3902"
"63","395848","20220620030000","39","3","新北市","林口區","121.345","25.075","63"
"1440","395850","20220620030000","1181","2","新北市","林口區","121.355","25.075","1499"
"1953","395853","20220620030000","1487","2","新北市","林口區","121.370","25.075","1971"
"1358","395854","20220620030000","1104","2","新北市","林口區","121.350","25.080","1328"
"280","395858","20220620030000","252","1","新北市","林口區","121.345","25.100","291"
"54","395862","20220620030000","80","0","新北市","林口區","121.340","25.105","71"
"79","395869","20220620030000","57","2","新北市","林口區","121.340","25.110","87"
"96","395881","20220620030000","68","2","新北市","林口區","121.320","25.115","91"
"13","395883","20220620030000","22","0","新北市","林口區","121.330","25.115","14"
"99","395900","20220620030000","66","3","新北市","林口區","121.345","25.125","103"
"6632","395909","20220620030000","6287","1","新北市","蘆洲區","121.480","25.080","6733"
"179","395910","20220620030000","352","0","新北市","蘆洲區","121.455","25.085","189"
"3052","395911","20220620030000","2682","1","新北市","林口區","121.365","25.070","3069"
"49","395949","20220620030000","40","2","新北市","平溪區","121.790","25.070","48"
"535","395961","20220620030000","551","0","新北市","汐止區","121.630","25.055","541"
"728","395962","20220620030000","645","1","新北市","汐止區","121.625","25.060","734"
"1040","395965","20220620030000","1091","0","新北市","蘆洲區","121.470","25.075","995"
"1797","395966","20220620030000","1805","0","桃園市","龜山區","121.370","25.060","1826"
"1489","395968","20220620030000","984","3","桃園市","龜山區","121.380","25.060","1508"
"407","395969","20220620030000","314","2","桃園市","龜山區","121.375","25.060","392"
"4810","395972","20220620030000","5201","0","臺北市","中山區","121.530","25.060","4839"
"743","395973","20220620030000","992","0","桃園市","大園區","121.245","25.105","742"
"10","395977","20220620030000","14","0","桃園市","大園區","121.250","25.110","10"
"519","395980","20220620030000","637","0","桃園市","大園區","121.180","25.065","502"
"1005","395981","20220620030000","959","1","桃園市","大園區","121.190","25.060","1030"
"232","395982","20220620030000","327","0","桃園市","大園區","121.195","25.060","246"
"251","395983","20220620030000","268","0","桃園市","大園區","121.185","25.065","247"
"757","395984","20220620030000","716","1","桃園市","大園區","121.190","25.065","774"
"341","395990","20220620030000","251","2","桃園市","大園區","121.250","25.095","309"
"56","395992","20220620030000","85","0","桃園市","大園區","121.235","25.100","57"
"1106","395998","20220620030000","1037","1","桃園市","大園區","121.260","25.070","1107"
"776","395999","20220620030000","768","1","桃園市","大園區","121.255","25.075","783"
"2728","396009","20220620030000","2291","1","臺北市","中山區","121.530","25.070","2776"
"2354","396012","20220620030000","3720","0","臺北市","中山區","121.530","25.065","2375"
"3801","396013","20220620030000","3905","0","臺北市","中山區","121.540","25.060","3801"
"247","396014","20220620030000","445","0","臺北市","中山區","121.555","25.075","291"
"1456","396015","20220620030000","1494","0","臺北市","中山區","121.550","25.080","1448"
"2532","396016","20220620030000","1494","3","臺北市","中山區","121.555","25.080","2528"
"1344","396018","20220620030000","1228","1","臺北市","中山區","121.525","25.080","1304"
"195","396020","20220620030000","276","0","臺北市","中山區","121.535","25.080","229"
"1203","396021","20220620030000","1052","1","臺北市","中山區","121.540","25.080","1226"
"127","396022","20220620030000","276","0","臺北市","中山區","121.535","25.085","126"
"3364","396025","20220620030000","2657","2","新北市","蘆洲區","121.480","25.085","3302"
"958","396033","20220620030000","1378","0","新北市","泰山區","121.420","25.065","934"
"241","396035","20220620030000","303","0","新北市","泰山區","121.440","25.065","257"
"58","396038","20220620030000","81","0","新北市","泰山區","121.410","25.070","57"
"49","396040","20220620030000","122","0","新北市","淡水區","121.460","25.145","53"
"2284","396044","20220620030000","2430","0","臺北市","大同區","121.510","25.065","2261"
"1604","396045","20220620030000","1460","1","臺北市","大同區","121.515","25.075","1598"
"3106","396046","20220620030000","2590","1","臺北市","大同區","121.510","25.060","3176"
"3896","396047","20220620030000","3289","1","臺北市","松山區","121.545","25.060","3943"
"4390","396048","20220620030000","4880","0","臺北市","中山區","121.525","25.060","4646"
"2126","396049","20220620030000","2323","0","新北市","蘆洲區","121.460","25.080","2140"
"3245","396050","20220620030000","2181","2","新北市","蘆洲區","121.475","25.085","3238"
"504","396053","20220620030000","423","1","新北市","貢寮區","121.920","25.050","492"
"81","396054","20220620030000","62","2","新北市","貢寮區","121.925","25.050","84"
"36","396057","20220620030000","25","2","新北市","貢寮區","121.900","25.050","39"
"40","396059","20220620030000","22","3","新北市","貢寮區","121.890","25.055","29"
"80","396074","20220620030000","54","2","新北市","貢寮區","121.900","25.065","84"
"648","396088","20220620030000","312","3","新北市","瑞芳區","121.805","25.110","633"
"171","396089","20220620030000","54","3","新北市","瑞芳區","121.810","25.110","162"
"1614","396099","20220620030000","1005","3","桃園市","龜山區","121.385","25.060","1640"
"1487","396100","20220620030000","2076","0","臺北市","中山區","121.540","25.055","1505"
"1691","396101","20220620030000","1916","0","臺北市","松山區","121.540","25.070","1720"
"817","396102","20220620030000","1046","0","臺北市","中山區","121.535","25.070","848"
"634","396103","20220620030000","258","3","臺北市","內湖區","121.615","25.075","617"
"4174","396104","20220620030000","3979","1","臺北市","內湖區","121.610","25.070","4199"
"3316","396105","20220620030000","2983","1","臺北市","北投區","121.500","25.140","3342"
"1727","396106","20220620030000","2581","0","臺北市","北投區","121.505","25.140","1772"
"349","396112","20220620030000","199","3","臺北市","北投區","121.485","25.115","316"
"51","396118","20220620030000","52","0","臺北市","北投區","121.485","25.120","35"
"1501","396121","20220620030000","1528","0","臺北市","北投區","121.500","25.120","1519"
"3099","396123","20220620030000","1557","3","臺北市","北投區","121.500","25.125","3124"
"3530","396124","20220620030000","3068","1","臺北市","北投區","121.510","25.115","3513"
"2809","396126","20220620030000","2968","0","臺北市","中山區","121.535","25.065","2946"
"1719","396127","20220620030000","2002","0","臺北市","中山區","121.550","25.085","1701"
"460","396128","20220620030000","823","0","臺北市","中山區","121.555","25.085","473"
"2039","396130","20220620030000","2242","0","新北市","三重區","121.505","25.065","2195"
"2025","396131","20220620030000","2506","0","臺北市","中山區","121.525","25.070","2040"
"1758","396132","20220620030000","1833","0","新北市","三重區","121.505","25.070","1810"
"204","396133","20220620030000","116","3","桃園市","蘆竹區","121.280","25.065","207"
"1282","396134","20220620030000","765","3","桃園市","蘆竹區","121.285","25.065","1209"
"675","396135","20220620030000","249","3","桃園市","蘆竹區","121.290","25.065","625"
"396","396136","20220620030000","315","2","桃園市","蘆竹區","121.275","25.070","397"
"415","396144","20220620030000","481","0","桃園市","龜山區","121.355","25.060","417"
"2278","396145","20220620030000","2802","0","桃園市","龜山區","121.365","25.060","2146"
"96","396146","20220620030000","91","1","桃園市","蘆竹區","121.340","25.065","100"
"355","396149","20220620030000","363","0","新北市","林口區","121.355","25.065","369"
"197","396150","20220620030000","135","2","桃園市","龜山區","121.355","25.055","208"
"804","396151","20220620030000","723","1","新北市","林口區","121.370","25.065","745"
"4430","396157","20220620030000","4577","0","臺北市","內湖區","121.620","25.070","4455"
"3960","396158","20220620030000","3355","1","臺北市","內湖區","121.595","25.080","3983"
"302","396159","20220620030000","404","0","臺北市","內湖區","121.600","25.080","302"
"29","396164","20220620030000","58","0","臺北市","北投區","121.505","25.150","31"
"766","396165","20220620030000","318","3","臺北市","北投區","121.505","25.125","759"
"1493","396166","20220620030000","586","3","臺北市","北投區","121.510","25.125","1518"
"1428","396168","20220620030000","1223","1","臺北市","北投區","121.505","25.130","1465"
"284","396170","20220620030000","372","0","臺北市","北投區","121.515","25.130","290"
"49","396172","20220620030000","28","3","臺北市","北投區","121.510","25.105","53"
"198","396173","20220620030000","275","0","臺北市","北投區","121.505","25.110","220"
"990","396175","20220620030000","1085","0","臺北市","南港區","121.595","25.055","939"
"495","396176","20220620030000","801","0","臺北市","南港區","121.600","25.050","509"
"942","396177","20220620030000","1122","0","臺北市","南港區","121.590","25.055","934"
"3550","396178","20220620030000","3182","1","臺北市","內湖區","121.595","25.060","3492"
"941","396179","20220620030000","584","3","臺北市","內湖區","121.600","25.060","927"
"60","396189","20220620030000","29","3","新北市","雙溪區","121.880","25.060","74"
"28","396219","20220620030000","21","2","新北市","雙溪區","121.850","25.075","23"
"2870","396233","20220620030000","2137","2","桃園市","龜山區","121.360","25.060","2891"
"469","396237","20220620030000","520","0","臺北市","士林區","121.545","25.100","456"
"701","396238","20220620030000","626","1","臺北市","士林區","121.550","25.100","731"
"104","396243","20220620030000","99","1","臺北市","士林區","121.560","25.105","100"
"1526","396246","20220620030000","1213","2","臺北市","士林區","121.535","25.105","1541"
"60","396247","20220620030000","256","0","臺北市","士林區","121.545","25.110","62"
"921","396248","20220620030000","997","0","臺北市","士林區","121.535","25.110","936"
"56","396249","20220620030000","75","0","臺北市","士林區","121.550","25.115","58"
"20","396253","20220620030000","16","2","臺北市","士林區","121.570","25.135","23"
"30","396258","20220620030000","70","0","臺北市","士林區","121.555","25.145","27"
"96","396259","20220620030000","119","0","臺北市","士林區","121.560","25.145","99"
"208","396260","20220620030000","223","0","臺北市","士林區","121.565","25.145","208"
"169","396262","20220620030000","183","0","臺北市","士林區","121.555","25.150","186"
"110","396263","20220620030000","94","1","臺北市","士林區","121.560","25.150","84"
"2598","396266","20220620030000","2505","1","臺北市","士林區","121.510","25.085","2593"
"3499","396267","20220620030000","4431","0","臺北市","北投區","121.520","25.110","3456"
"1793","396268","20220620030000","1405","2","臺北市","北投區","121.520","25.115","1771"
"1510","396269","20220620030000","1467","1","臺北市","北投區","121.520","25.105","1504"
"1664","396270","20220620030000","2207","0","臺北市","士林區","121.525","25.100","1693"
"27","396271","20220620030000","27","1","臺北市","士林區","121.545","25.130","28"
"730","396273","20220620030000","1831","0","臺北市","士林區","121.540","25.135","753"
"228","396274","20220620030000","253","0","臺北市","士林區","121.545","25.135","249"
"1606","396276","20220620030000","1686","0","臺北市","士林區","121.545","25.140","1698"
"205","396278","20220620030000","162","2","臺北市","士林區","121.550","25.145","233"
"1424","396280","20220620030000","1216","1","臺北市","士林區","121.530","25.100","1440"
"870","396281","20220620030000","1149","0","臺北市","士林區","121.535","25.100","844"
"709","396282","20220620030000","536","2","臺北市","士林區","121.530","25.085","677"
"31","396283","20220620030000","18","3","臺北市","士林區","121.530","25.090","29"
"1099","396285","20220620030000","1213","0","臺北市","士林區","121.530","25.095","1093"
"403","396286","20220620030000","395","1","臺北市","士林區","121.535","25.095","408"
"2022","396289","20220620030000","1989","1","臺北市","士林區","121.520","25.080","1941"
"1750","396290","20220620030000","1381","2","臺北市","士林區","121.525","25.085","1781"
"343","396294","20220620030000","461","0","臺北市","士林區","121.565","25.105","359"
"2143","396296","20220620030000","2144","0","臺北市","內湖區","121.575","25.075","1980"
"1429","396297","20220620030000","988","2","臺北市","內湖區","121.575","25.085","314"
"1418","396299","20220620030000","1326","1","臺北市","北投區","121.495","25.145","1437"
"3949","396301","20220620030000","4120","0","臺北市","士林區","121.525","25.115","3917"
"963","396302","20220620030000","972","0","臺北市","內湖區","121.575","25.055","970"
"438","396303","20220620030000","452","0","臺北市","內湖區","121.575","25.060","430"
"330","396304","20220620030000","290","1","臺北市","內湖區","121.585","25.055","305"
"928","396305","20220620030000","1105","0","臺北市","內湖區","121.580","25.065","949"
"289","396306","20220620030000","261","1","臺北市","內湖區","121.575","25.065","289"
"612","396307","20220620030000","640","0","臺北市","內湖區","121.575","25.070","598"
"744","396308","20220620030000","738","1","臺北市","內湖區","121.585","25.065","746"
"185","396309","20220620030000","414","0","臺北市","中山區","121.570","25.075","209"
"1213","396310","20220620030000","1188","1","臺北市","內湖區","121.580","25.070","1216"
"140","396311","20220620030000","106","2","臺北市","內湖區","121.585","25.080","133"
"2985","396312","20220620030000","3046","0","臺北市","內湖區","121.590","25.080","3062"
"815","396313","20220620030000","865","0","臺北市","內湖區","121.585","25.085","830"
"650","396314","20220620030000","630","1","臺北市","內湖區","121.595","25.065","675"
"1097","396315","20220620030000","1327","0","臺北市","內湖區","121.600","25.065","1100"
"978","396316","20220620030000","2036","0","臺北市","內湖區","121.595","25.070","918"
"1086","396317","20220620030000","924","1","臺北市","內湖區","121.600","25.070","1036"
"160","396318","20220620030000","132","2","桃園市","大園區","121.200","25.060","166"
"265","396320","20220620030000","242","1","桃園市","大園區","121.200","25.065","256"
"302","396322","20220620030000","185","3","桃園市","大園區","121.200","25.070","316"
"85","396333","20220620030000","143","0","桃園市","大園區","121.230","25.095","98"
"114","396335","20220620030000","76","3","桃園市","大園區","121.210","25.100","139"
"285","396349","20220620030000","171","3","桃園市","大園區","121.230","25.110","299"
"1991","396355","20220620030000","1931","1","臺北市","北投區","121.505","25.120","1970"
"2871","396356","20220620030000","2603","1","臺北市","北投區","121.510","25.120","2874"
"390","396357","20220620030000","404","0","臺北市","北投區","121.510","25.135","419"
"610","396358","20220620030000","282","3","臺北市","北投區","121.515","25.135","563"
"280","396360","20220620030000","178","3","臺北市","北投區","121.510","25.140","294"
"277","396361","20220620030000","749","0","臺北市","北投區","121.515","25.140","275"
"111","396363","20220620030000","155","0","臺北市","北投區","121.525","25.145","120"
"1014","396366","20220620030000","965","1","臺北市","北投區","121.485","25.135","838"
"2093","396368","20220620030000","1399","2","臺北市","北投區","121.485","25.140","2172"
"2605","396370","20220620030000","2316","1","臺北市","士林區","121.525","25.105","2582"
"3623","396371","20220620030000","3538","1","臺北市","士林區","121.530","25.105","3677"
"2762","396372","20220620030000","2623","1","臺北市","北投區","121.515","25.110","2752"
"2188","396373","20220620030000","1870","1","臺北市","士林區","121.520","25.100","2226"
"1662","396376","20220620030000","2549","0","臺北市","士林區","121.530","25.125","1553"
"568","396377","20220620030000","710","0","臺北市","北投區","121.525","25.130","619"
"1009","396378","20220620030000","847","1","臺北市","北投區","121.530","25.130","984"
"27","396380","20220620030000","35","0","臺北市","士林區","121.530","25.135","29"
"2592","396382","20220620030000","2863","0","臺北市","北投區","121.515","25.115","2539"
"543","396383","20220620030000","1352","0","臺北市","北投區","121.515","25.120","619"
"1740","396384","20220620030000","1802","0","臺北市","北投區","121.520","25.120","1691"
"4051","396385","20220620030000","3755","1","臺北市","北投區","121.525","25.120","4091"
"371","396395","20220620030000","407","0","臺北市","松山區","121.545","25.070","384"
"227","396397","20220620030000","194","1","臺北市","中山區","121.540","25.065","221"
"870","396398","20220620030000","707","2","臺北市","中山區","121.535","25.075","900"
"783","396399","20220620030000","510","3","臺北市","松山區","121.550","25.075","766"
"3328","396400","20220620030000","3238","1","臺北市","中山區","121.545","25.080","3316"
"880","396401","20220620030000","766","1","臺北市","中山區","121.545","25.085","880"
"1525","396404","20220620030000","1309","1","臺北市","北投區","121.495","25.140","1571"
"889","396405","20220620030000","2129","0","臺北市","北投區","121.515","25.105","851"
"4845","396406","20220620030000","5952","0","臺北市","中山區","121.525","25.065","5003"
"3816","396407","20220620030000","4420","0","臺北市","士林區","121.535","25.115","3725"
"1308","396408","20220620030000","1777","0","臺北市","士林區","121.525","25.090","1329"
"1226","396409","20220620030000","884","2","臺北市","士林區","121.560","25.115","1208"
"415","396410","20220620030000","480","0","臺北市","士林區","121.560","25.120","398"
"191","396412","20220620030000","174","1","臺北市","士林區","121.560","25.125","194"
"188","396416","20220620030000","255","0","臺北市","士林區","121.560","25.135","178"
"4406","396417","20220620030000","5003","0","臺北市","士林區","121.520","25.085","4522"
"2847","396418","20220620030000","3023","0","臺北市","內湖區","121.580","25.080","2838"
"1169","396419","20220620030000","1087","1","臺北市","內湖區","121.580","25.085","1134"
"415","396422","20220620030000","411","1","桃園市","大園區","121.240","25.065","400"
"19","396424","20220620030000","18","1","桃園市","大園區","121.250","25.065","18"
"29","396433","20220620030000","194","0","桃園市","大園區","121.255","25.070","27"
"228","396435","20220620030000","219","1","桃園市","大園區","121.185","25.070","208"
"363","396436","20220620030000","340","1","桃園市","大園區","121.190","25.070","346"
"858","396438","20220620030000","692","2","桃園市","大園區","121.175","25.075","839"
"369","396439","20220620030000","434","0","桃園市","大園區","121.180","25.075","372"
"443","396440","20220620030000","381","1","桃園市","大園區","121.185","25.075","467"
"112","396443","20220620030000","134","0","桃園市","大園區","121.180","25.080","117"
"305","396447","20220620030000","242","2","桃園市","大園區","121.185","25.085","323"
"368","396462","20220620030000","293","2","桃園市","大園區","121.160","25.075","356"
"271","396471","20220620030000","200","2","桃園市","大園區","121.165","25.060","279"
"309","396472","20220620030000","252","2","桃園市","大園區","121.170","25.060","316"
"946","396473","20220620030000","973","0","桃園市","大園區","121.175","25.060","964"
"579","396496","20220620030000","565","1","桃園市","大園區","121.210","25.060","587"
"41","396505","20220620030000","78","0","桃園市","大園區","121.220","25.070","44"
"871","396517","20220620030000","640","2","桃園市","大園區","121.230","25.075","861"
"54","396518","20220620030000","82","0","桃園市","大園區","121.235","25.075","78"
"348","396524","20220620030000","302","1","桃園市","大園區","121.235","25.080","345"
"268","396531","20220620030000","311","0","桃園市","大園區","121.240","25.085","273"
"146","396532","20220620030000","105","2","桃園市","大園區","121.245","25.085","156"
"630","396533","20220620030000","671","0","桃園市","大園區","121.250","25.085","667"
"618","396537","20220620030000","180","3","桃園市","大園區","121.245","25.090","610"
"461","396541","20220620030000","292","3","桃園市","大園區","121.240","25.100","446"
"1243","396542","20220620030000","1208","1","桃園市","大園區","121.195","25.065","1209"
"1892","396543","20220620030000","1552","2","桃園市","大園區","121.195","25.070","1846"
"119","396549","20220620030000","252","0","桃園市","大園區","121.235","25.065","105"
"262","396555","20220620030000","281","0","桃園市","大園區","121.200","25.085","280"
"251","396560","20220620030000","254","0","桃園市","大園區","121.225","25.090","247"
"3108","396561","20220620030000","3568","0","臺北市","士林區","121.520","25.095","3162"
"1002","396562","20220620030000","1091","0","臺北市","南港區","121.600","25.055","1020"
"3081","396563","20220620030000","3108","0","臺北市","南港區","121.605","25.055","3064"
"41","396564","20220620030000","40","1","臺北市","內湖區","121.615","25.080","45"
"1576","396567","20220620030000","1891","0","臺北市","內湖區","121.615","25.070","1615"
"3372","396568","20220620030000","2566","2","臺北市","內湖區","121.590","25.065","3107"
"58","396569","20220620030000","54","1","臺北市","內湖區","121.585","25.070","69"
"1930","396570","20220620030000","1219","3","臺北市","內湖區","121.590","25.070","2023"
"600","396571","20220620030000","350","3","臺北市","北投區","121.500","25.145","572"
"929","396572","20220620030000","912","1","臺北市","內湖區","121.620","25.075","891"
"239","396574","20220620030000","197","2","新北市","汐止區","121.625","25.080","242"
"107","396576","20220620030000","93","1","臺北市","內湖區","121.625","25.085","111"
"21","396587","20220620030000","48","0","臺北市","內湖區","121.610","25.100","16"
"1358","396590","20220620030000","1148","1","臺北市","內湖區","121.610","25.065","1414"
"418","396592","20220620030000","442","0","臺北市","內湖區","121.605","25.085","419"
"1178","396594","20220620030000","1604","0","臺北市","內湖區","121.600","25.090","1183"
"13","396599","20220620030000","13","1","臺北市","內湖區","121.605","25.095","14"
"2901","396603","20220620030000","3105","0","臺北市","北投區","121.500","25.130","2825"
"711","396604","20220620030000","743","0","新北市","汐止區","121.620","25.055","701"
"3133","396605","20220620030000","3656","0","臺北市","士林區","121.505","25.085","3180"
"1064","396606","20220620030000","1528","0","臺北市","士林區","121.515","25.085","1065"
"1340","396607","20220620030000","1046","2","臺北市","內湖區","121.590","25.085","1353"
"2100","396608","20220620030000","2012","1","臺北市","內湖區","121.595","25.085","2117"
"2366","396609","20220620030000","1669","2","臺北市","內湖區","121.575","25.080","2514"
"1417","396611","20220620030000","1181","1","臺北市","北投區","121.470","25.125","1422"
"175","396612","20220620030000","285","0","臺北市","北投區","121.475","25.125","159"
"1486","396615","20220620030000","1585","0","臺北市","北投區","121.465","25.130","1469"
"607","396616","20220620030000","850","0","臺北市","北投區","121.470","25.130","633"
"169","396617","20220620030000","156","1","臺北市","北投區","121.475","25.130","187"
"1280","396619","20220620030000","1213","1","臺北市","北投區","121.470","25.135","1519"
"68","396620","20220620030000","36","3","臺北市","北投區","121.475","25.135","71"
"16","396621","20220620030000","17","0","臺北市","北投區","121.475","25.140","17"
"104","396622","20220620030000","94","1","臺北市","南港區","121.610","25.055","83"
"1034","396623","20220620030000","535","3","臺北市","內湖區","121.605","25.065","1053"
"4737","396624","20220620030000","4703","1","臺北市","中山區","121.520","25.060","4670"
"179","396625","20220620030000","244","0","臺北市","中山區","121.530","25.075","173"
"426","396626","20220620030000","596","0","臺北市","內湖區","121.570","25.065","405"
"1094","396628","20220620030000","890","2","臺北市","松山區","121.550","25.070","1006"
"179","396629","20220620030000","216","0","臺北市","松山區","121.555","25.070","165"
"135","396630","20220620030000","134","1","臺北市","松山區","121.560","25.070","148"
"116","396633","20220620030000","2632","0","臺北市","松山區","121.555","25.055","111"
"4627","396634","20220620030000","3925","1","臺北市","松山區","121.570","25.055","4579"
"2096","396635","20220620030000","1927","1","臺北市","士林區","121.530","25.115","2051"
"27","396636","20220620030000","241","0","臺北市","士林區","121.495","25.095","26"
"1554","396637","20220620030000","1600","0","臺北市","士林區","121.500","25.095","1570"
"259","396639","20220620030000","280","0","臺北市","士林區","121.490","25.100","251"
"119","396643","20220620030000","109","1","臺北市","士林區","121.480","25.110","115"
"269","396644","20220620030000","284","0","臺北市","士林區","121.495","25.110","282"
"2472","396647","20220620030000","3063","0","臺北市","松山區","121.550","25.060","2499"
"3114","396648","20220620030000","3714","0","臺北市","松山區","121.555","25.060","3079"
"295","396649","20220620030000","404","0","臺北市","松山區","121.560","25.065","326"
"1560","396650","20220620030000","1899","0","臺北市","松山區","121.555","25.065","1550"
"1114","396651","20220620030000","1029","1","臺北市","中山區","121.545","25.075","1124"
"137","396655","20220620030000","148","0","臺北市","內湖區","121.605","25.080","123"
"2817","396656","20220620030000","1702","3","臺北市","內湖區","121.600","25.085","2867"
"3748","396657","20220620030000","2437","3","臺北市","松山區","121.550","25.065","3781"
"1343","396658","20220620030000","1469","0","臺北市","松山區","121.545","25.065","1345"
"3529","396659","20220620030000","3950","0","臺北市","松山區","121.565","25.055","3527"
"3760","396660","20220620030000","3697","1","臺北市","松山區","121.560","25.060","3845"
"260","396661","20220620030000","1422","0","臺北市","內湖區","121.570","25.060","278"
"2302","396662","20220620030000","2311","0","臺北市","松山區","121.565","25.060","2346"
"266","396663","20220620030000","246","1","臺北市","中山區","121.560","25.075","258"
"45","396665","20220620030000","43","1","臺北市","松山區","121.570","25.070","47"
"2290","396666","20220620030000","2774","0","臺北市","中山區","121.560","25.080","2237"
"3425","396667","20220620030000","4706","0","臺北市","松山區","121.550","25.055","3511"
"425","396669","20220620030000","583","0","臺北市","士林區","121.535","25.125","397"
"118","396672","20220620030000","132","0","臺北市","士林區","121.535","25.135","105"
"4471","396674","20220620030000","3372","2","臺北市","士林區","121.530","25.120","4843"
"5208","396675","20220620030000","5271","0","臺北市","士林區","121.530","25.110","5243"
"1862","396676","20220620030000","3637","0","臺北市","松山區","121.545","25.055","1833"
"3392","396677","20220620030000","3395","0","臺北市","松山區","121.560","25.055","3451"
"3050","396678","20220620030000","3635","0","臺北市","內湖區","121.580","25.075","3003"
"986","396680","20220620030000","1042","0","臺北市","內湖區","121.590","25.060","1167"
"3767","396683","20220620030000","3166","1","臺北市","內湖區","121.590","25.090","3796"
"86","396684","20220620030000","17","3","臺北市","內湖區","121.595","25.090","63"
"57","396688","20220620030000","140","0","臺北市","內湖區","121.590","25.100","58"
"101","396690","20220620030000","154","0","臺北市","內湖區","121.580","25.105","102"
"116","396693","20220620030000","95","2","臺北市","內湖區","121.595","25.105","118"
"2420","396701","20220620030000","3280","0","臺北市","北投區","121.495","25.135","2418"
"286","396703","20220620030000","258","1","臺北市","北投區","121.505","25.100","291"
"204","396707","20220620030000","217","0","臺北市","北投區","121.500","25.110","218"
"33","396710","20220620030000","42","0","臺北市","北投區","121.530","25.140","31"
"94","396716","20220620030000","119","0","臺北市","北投區","121.535","25.150","93"
"377","396719","20220620030000","443","0","臺北市","士林區","121.555","25.115","380"
"189","396722","20220620030000","215","0","臺北市","士林區","121.550","25.125","206"
"2305","396727","20220620030000","2320","0","臺北市","士林區","121.510","25.080","2261"
"219","396731","20220620030000","265","0","臺北市","士林區","121.480","25.105","223"
"329","396732","20220620030000","373","0","臺北市","士林區","121.485","25.105","338"
"179","396735","20220620030000","600","0","臺北市","北投區","121.470","25.110","165"
"135","396737","20220620030000","123","1","臺北市","士林區","121.485","25.110","117"
"52","396739","20220620030000","23","3","臺北市","士林區","121.460","25.110","31"
"3835","396740","20220620030000","3272","1","臺北市","大同區","121.515","25.060","3876"
"2396","396741","20220620030000","2542","0","臺北市","中山區","121.520","25.065","2407"
"914","396742","20220620030000","1146","0","臺北市","內湖區","121.615","25.065","923"
"2934","396743","20220620030000","2423","2","臺北市","內湖區","121.605","25.070","2927"
"502","396744","20220620030000","295","3","臺北市","內湖區","121.605","25.075","489"
"2880","396745","20220620030000","2866","1","臺北市","內湖區","121.610","25.075","2829"
"844","396746","20220620030000","601","2","臺北市","內湖區","121.585","25.090","861"
"1499","396754","20220620030000","1150","2","臺北市","南港區","121.610","25.060","1513"
"592","396755","20220620030000","631","0","臺北市","南港區","121.620","25.060","610"
"2283","396756","20220620030000","2258","1","臺北市","南港區","121.615","25.060","2239"
"3405","396758","20220620030000","3048","1","臺北市","南港區","121.615","25.055","3412"
"2203","396759","20220620030000","1737","2","臺北市","北投區","121.505","25.145","2190"
"415","396762","20220620030000","536","0","臺北市","北投區","121.465","25.115","428"
"3104","396765","20220620030000","2028","3","臺北市","北投區","121.465","25.120","3120"
"729","396766","20220620030000","797","0","臺北市","北投區","121.470","25.120","747"
"2405","396767","20220620030000","2148","1","臺北市","士林區","121.525","25.095","2382"
"2186","396768","20220620030000","1487","2","臺北市","士林區","121.505","25.090","2190"
"1983","396769","20220620030000","1088","3","臺北市","士林區","121.510","25.090","1994"
"684","396771","20220620030000","800","0","新北市","三重區","121.500","25.075","714"
"3511","396773","20220620030000","3183","1","臺北市","內湖區","121.585","25.075","3520"
"1673","396774","20220620030000","1541","1","臺北市","內湖區","121.590","25.075","1639"
"1144","396775","20220620030000","1050","1","臺北市","內湖區","121.595","25.075","1130"
"952","396776","20220620030000","1034","0","臺北市","內湖區","121.600","25.075","982"
"3660","396777","20220620030000","4389","0","臺北市","中山區","121.535","25.060","3656"
"2108","396778","20220620030000","2004","1","臺北市","大同區","121.515","25.070","2111"
"1794","396779","20220620030000","2115","0","臺北市","大同區","121.515","25.065","1780"
"3125","396781","20220620030000","3413","0","臺北市","北投區","121.510","25.110","3137"
"1837","396785","20220620030000","2096","0","臺北市","北投區","121.490","25.145","1973"
"2442","396788","20220620030000","2967","0","臺北市","北投區","121.505","25.115","2446"
"514","396789","20220620030000","434","1","臺北市","北投區","121.515","25.100","525"
"2279","396790","20220620030000","2686","0","臺北市","士林區","121.525","25.110","2316"
"1342","396791","20220620030000","1108","2","臺北市","中山區","121.520","25.070","1276"
"1839","396792","20220620030000","1649","1","臺北市","大同區","121.520","25.075","1903"
"11","396793","20220620030000","685","0","臺北市","士林區","121.515","25.080","12"
"427","396794","20220620030000","538","0","臺北市","內湖區","121.605","25.060","459"
"2334","396798","20220620030000","2051","1","臺北市","內湖區","121.585","25.060","2396"
"3852","396799","20220620030000","3763","1","臺北市","北投區","121.505","25.135","3861"
"34","396802","20220620030000","35","0","臺北市","士林區","121.575","25.120","28"
"23","396803","20220620030000","23","1","臺北市","士林區","121.570","25.125","28"
"213","396804","20220620030000","175","2","臺北市","士林區","121.575","25.125","221"
"20","396806","20220620030000","31","0","臺北市","士林區","121.570","25.130","15"
"219","396807","20220620030000","302","0","臺北市","士林區","121.575","25.130","241"
"32","396809","20220620030000","24","2","臺北市","士林區","121.575","25.135","29"
"51","396812","20220620030000","48","1","臺北市","士林區","121.580","25.140","46"
"511","396819","20220620030000","595","0","臺北市","士林區","121.515","25.090","497"
"5407","396820","20220620030000","4289","2","臺北市","士林區","121.520","25.090","5399"
"969","396821","20220620030000","1010","0","臺北市","士林區","121.515","25.095","985"
"2752","396822","20220620030000","2046","2","臺北市","北投區","121.500","25.135","2778"
"1399","396823","20220620030000","830","3","臺北市","士林區","121.525","25.075","1254"
"1073","396824","20220620030000","1306","0","臺北市","士林區","121.540","25.110","1115"
"573","396826","20220620030000","313","3","臺北市","士林區","121.545","25.115","580"
"238","396828","20220620030000","186","2","臺北市","士林區","121.540","25.125","219"
"764","396831","20220620030000","755","1","臺北市","士林區","121.505","25.095","754"
"1054","396832","20220620030000","327","3","臺北市","士林區","121.540","25.095","1069"
"603","396833","20220620030000","431","2","臺北市","士林區","121.545","25.105","615"
"297","396834","20220620030000","270","1","臺北市","士林區","121.540","25.105","292"
"93","396839","20220620030000","90","1","臺北市","士林區","121.560","25.110","116"
"41","396841","20220620030000","42","0","臺北市","士林區","121.570","25.110","46"
"106","396848","20220620030000","92","1","臺北市","士林區","121.580","25.115","89"
"61","396852","20220620030000","61","1","臺北市","士林區","121.580","25.120","63"
"75","396853","20220620030000","97","0","臺北市","士林區","121.585","25.120","69"
"225","396856","20220620030000","164","2","新北市","汐止區","121.600","25.120","218"
"1680","396878","20220620030000","1931","0","臺北市","內湖區","121.580","25.055","1619"
"2553","396879","20220620030000","2321","1","臺北市","內湖區","121.580","25.060","2563"
"761","396880","20220620030000","1120","0","臺北市","內湖區","121.565","25.090","768"
"2924","396884","20220620030000","3035","0","臺北市","內湖區","121.565","25.080","2978"
"1316","396885","20220620030000","1180","1","臺北市","內湖區","121.560","25.085","1281"
"3461","396886","20220620030000","2935","1","臺北市","內湖區","121.565","25.085","3464"
"760","396888","20220620030000","657","1","臺北市","內湖區","121.560","25.090","765"
"1473","396890","20220620030000","1373","1","臺北市","內湖區","121.570","25.080","1460"
"2464","396891","20220620030000","2114","1","臺北市","內湖區","121.570","25.085","2945"
"2866","396892","20220620030000","3165","0","臺北市","松山區","121.570","25.050","2805"
"1109","396893","20220620030000","1106","1","臺北市","松山區","121.565","25.065","1077"
"188","398951","20220620030000","128","2","新北市","八里區","121.390","25.165","2463"
"51","398956","20220620030000","24","3","基隆市","安樂區","121.710","25.165","48"
"68","399938","20220620030000","54","2","基隆市","安樂區","121.710","25.175","59"
"15","402902","20220620030000","21","0","新北市","萬里區","121.680","25.200","25"
"351","403910","20220620030000","213","3","新北市","萬里區","121.700","25.210","301"
"157","406949","20220620030000","92","3","新北市","金山區","121.635","25.240","172"
"39","409009","20220620030000","47","0","新北市","金山區","121.635","25.255","36"
"79","409527","20220620030000","93","0","新北市","三芝區","121.475","25.260","91"
"476","413221","20220620030000","519","0","新北市","石門區","121.565","25.290","482"
"90","413767","20220620030000","75","2","新北市","石門區","121.580","25.295","76"
"178","414894","20220620030000","59","3","基隆市","中正區","121.765","25.145","181"
"418","414895","20220620030000","401","1","基隆市","中正區","121.770","25.155","382"
"559","414896","20220620030000","449","2","基隆市","中正區","121.765","25.155","571"
"52","414897","20220620030000","51","1","基隆市","中正區","121.765","25.160","52"
"122","414900","20220620030000","327","0","基隆市","中正區","121.780","25.145","95"
"520","414901","20220620030000","626","0","基隆市","中正區","121.775","25.150","510"
"143","414906","20220620030000","137","1","基隆市","安樂區","121.695","25.150","155"
"405","414907","20220620030000","398","1","基隆市","安樂區","121.700","25.150","388"
"1182","414909","20220620030000","1065","1","基隆市","安樂區","121.695","25.155","1199"
"441","414910","20220620030000","318","2","基隆市","安樂區","121.700","25.155","431"
"304","414912","20220620030000","171","3","基隆市","安樂區","121.695","25.160","309"
"11","414913","20220620030000","119","0","基隆市","安樂區","121.700","25.160","16"
"256","414921","20220620030000","180","2","基隆市","中山區","121.750","25.145","262"
"1302","414923","20220620030000","1406","0","基隆市","中山區","121.720","25.150","1326"
"278","414929","20220620030000","230","2","基隆市","中山區","121.745","25.150","350"
"973","414936","20220620030000","838","1","新北市","三芝區","121.495","25.250","1003"
"186","414948","20220620030000","203","0","新北市","三芝區","121.490","25.270","326"
"807","414949","20220620030000","576","2","基隆市","中山區","121.740","25.150","812"
"200","414951","20220620030000","189","1","基隆市","中山區","121.740","25.155","206"
"298","414985","20220620030000","264","1","新北市","三芝區","121.510","25.215","332"
"62","415028","20220620030000","66","0","新北市","三芝區","121.530","25.230","65"
"2210","415040","20220620030000","2182","1","新北市","三芝區","121.505","25.255","2219"
"608","415041","20220620030000","441","2","新北市","三芝區","121.505","25.260","610"
"2307","415044","20220620030000","2008","1","新北市","三芝區","121.500","25.255","2468"
"196","415063","20220620030000","91","3","新北市","三芝區","121.505","25.205","210"
"1840","415070","20220620030000","1703","1","基隆市","中正區","121.770","25.150","1797"
"163","415078","20220620030000","125","2","新北市","三芝區","121.465","25.240","155"
"230","415083","20220620030000","192","1","新北市","三芝區","121.455","25.245","235"
"145","415087","20220620030000","61","3","新北市","三芝區","121.475","25.245","60"
"99","415093","20220620030000","126","0","新北市","三芝區","121.465","25.250","110"
"277","415100","20220620030000","253","1","新北市","三芝區","121.475","25.250","290"
"64","415103","20220620030000","67","0","新北市","三芝區","121.505","25.265","60"
"1080","415124","20220620030000","563","3","新北市","三芝區","121.535","25.245","1050"
"114","415149","20220620030000","109","1","新北市","三芝區","121.520","25.225","122"
"272","415181","20220620030000","185","2","新北市","三芝區","121.500","25.210","263"
"335","415188","20220620030000","502","0","新北市","三芝區","121.510","25.255","333"
"115","415196","20220620030000","100","1","新北市","三芝區","121.495","25.235","144"
"22","415202","20220620030000","13","3","新北市","三芝區","121.490","25.245","22"
"388","415205","20220620030000","435","0","新北市","三芝區","121.495","25.245","414"
"354","415211","20220620030000","306","1","基隆市","中山區","121.735","25.150","357"
"231","415212","20220620030000","78","3","基隆市","中山區","121.730","25.155","226"
"369","415214","20220620030000","326","1","基隆市","中正區","121.785","25.145","373"
"252","415224","20220620030000","262","0","新北市","八里區","121.415","25.155","225"
"1421","415226","20220620030000","1360","1","新北市","八里區","121.415","25.160","1454"
"696","415229","20220620030000","689","1","新北市","八里區","121.420","25.160","689"
"98","415237","20220620030000","84","1","新北市","八里區","121.440","25.155","105"
"295","415239","20220620030000","306","0","新北市","八里區","121.430","25.155","315"
"195","415242","20220620030000","155","2","新北市","八里區","121.430","25.160","174"
"173","415250","20220620030000","163","1","新北市","八里區","121.395","25.160","199"
"177","415252","20220620030000","219","0","新北市","八里區","121.405","25.155","174"
"273","415257","20220620030000","282","0","新北市","萬里區","121.675","25.180","272"
"11","415259","20220620030000","45","0","新北市","萬里區","121.685","25.180","13"
"458","415264","20220620030000","397","1","新北市","萬里區","121.640","25.210","423"
"50","415271","20220620030000","43","1","新北市","萬里區","121.645","25.150","55"
"106","415286","20220620030000","86","2","新北市","萬里區","121.665","25.160","106"
"47","415301","20220620030000","38","2","新北市","萬里區","121.625","25.150","51"
"91","415357","20220620030000","28","3","新北市","萬里區","121.620","25.200","19"
"126","415363","20220620030000","219","0","新北市","萬里區","121.650","25.200","193"
"1105","415369","20220620030000","836","2","新北市","萬里區","121.690","25.175","1097"
"662","415372","20220620030000","592","1","新北市","萬里區","121.690","25.180","666"
"2311","415375","20220620030000","2193","1","新北市","淡水區","121.440","25.175","2304"
"462","415378","20220620030000","463","0","新北市","淡水區","121.450","25.160","461"
"1531","415379","20220620030000","1166","2","新北市","淡水區","121.455","25.160","1592"
"468","415380","20220620030000","742","0","新北市","淡水區","121.460","25.160","641"
"738","415383","20220620030000","619","1","新北市","淡水區","121.450","25.165","714"
"13","415391","20220620030000","21","0","新北市","淡水區","121.430","25.205","13"
"34","415394","20220620030000","76","0","新北市","淡水區","121.445","25.205","27"
"256","415395","20220620030000","242","1","新北市","淡水區","121.450","25.205","252"
"146","415396","20220620030000","138","1","新北市","淡水區","121.455","25.205","168"
"21","415398","20220620030000","22","0","新北市","淡水區","121.440","25.210","19"
"226","415408","20220620030000","233","0","新北市","淡水區","121.460","25.215","221"
"55","415409","20220620030000","58","0","新北市","淡水區","121.465","25.215","53"
"428","415412","20220620030000","334","2","新北市","淡水區","121.450","25.220","432"
"51","415462","20220620030000","23","3","新北市","石門區","121.530","25.285","43"
"92","415465","20220620030000","116","0","新北市","石門區","121.535","25.290","99"
"462","415468","20220620030000","361","2","新北市","石門區","121.540","25.290","445"
"129","415521","20220620030000","171","0","新北市","石門區","121.550","25.285","136"
"199","415532","20220620030000","137","2","新北市","石門區","121.515","25.275","221"
"47","415541","20220620030000","11","3","新北市","石門區","121.515","25.285","58"
"218","415546","20220620030000","81","3","新北市","石門區","121.570","25.255","220"
"106","415568","20220620030000","166","0","新北市","石門區","121.550","25.255","100"
"54","415594","20220620030000","54","1","新北市","石門區","121.595","25.270","54"
"30","415595","20220620030000","14","3","新北市","石門區","121.590","25.275","25"
"58","415599","20220620030000","62","0","新北市","石門區","121.590","25.285","64"
"110","415625","20220620030000","89","2","新北市","石門區","121.610","25.280","107"
"243","415628","20220620030000","218","1","新北市","萬里區","121.675","25.165","245"
"35","415630","20220620030000","28","2","新北市","萬里區","121.685","25.165","30"
"18","415649","20220620030000","12","3","新北市","萬里區","121.655","25.200","18"
"768","415654","20220620030000","632","2","新北市","萬里區","121.690","25.200","822"
"72","415655","20220620030000","45","3","新北市","萬里區","121.655","25.205","73"
"78","415656","20220620030000","62","2","新北市","萬里區","121.660","25.205","93"
"209","415657","20220620030000","132","3","新北市","萬里區","121.690","25.205","252"
"21","415664","20220620030000","20","1","新北市","淡水區","121.465","25.175","19"
"80","415674","20220620030000","54","2","新北市","淡水區","121.520","25.175","73"
"56","415676","20220620030000","109","0","新北市","淡水區","121.480","25.180","51"
"153","415677","20220620030000","130","1","新北市","淡水區","121.485","25.180","161"
"118","415685","20220620030000","110","1","新北市","淡水區","121.470","25.185","119"
"18","415687","20220620030000","109","0","新北市","淡水區","121.480","25.185","23"
"533","415688","20220620030000","499","1","新北市","淡水區","121.485","25.185","509"
"112","415696","20220620030000","135","0","新北市","淡水區","121.475","25.190","124"
"218","415697","20220620030000","152","2","新北市","淡水區","121.490","25.190","211"
"15","415699","20220620030000","13","1","新北市","淡水區","121.500","25.190","15"
"398","415701","20220620030000","939","0","新北市","淡水區","121.440","25.180","400"
"142","415706","20220620030000","233","0","新北市","淡水區","121.485","25.165","142"
"52","415713","20220620030000","69","0","新北市","淡水區","121.485","25.170","54"
"120","415717","20220620030000","160","0","新北市","淡水區","121.485","25.175","114"
"33","415718","20220620030000","299","0","新北市","淡水區","121.415","25.180","24"
"72","415720","20220620030000","62","1","新北市","淡水區","121.410","25.185","93"
"1769","415722","20220620030000","1575","1","新北市","淡水區","121.420","25.185","1742"
"1106","415723","20220620030000","1140","0","新北市","淡水區","121.425","25.185","1105"
"967","415724","20220620030000","1033","0","新北市","淡水區","121.430","25.185","988"
"934","415730","20220620030000","509","3","新北市","淡水區","121.430","25.190","949"
"31","415731","20220620030000","27","1","新北市","淡水區","121.420","25.195","33"
"826","415732","20220620030000","644","2","新北市","淡水區","121.425","25.195","839"
"602","415734","20220620030000","525","1","新北市","淡水區","121.420","25.175","611"
"160","415735","20220620030000","123","2","新北市","淡水區","121.425","25.175","142"
"59","415738","20220620030000","49","2","新北市","淡水區","121.475","25.210","66"
"19","415743","20220620030000","20","0","新北市","淡水區","121.475","25.215","21"
"54","415744","20220620030000","46","1","新北市","淡水區","121.480","25.215","55"
"158","415745","20220620030000","191","0","新北市","淡水區","121.485","25.215","158"
"11","415749","20220620030000","77","0","新北市","淡水區","121.475","25.220","11"
"43","415753","20220620030000","114","0","新北市","淡水區","121.445","25.225","45"
"134","415754","20220620030000","204","0","新北市","淡水區","121.450","25.225","149"
"160","415755","20220620030000","150","1","新北市","淡水區","121.455","25.225","148"
"16","415761","20220620030000","40","0","新北市","淡水區","121.445","25.230","19"
"185","415762","20220620030000","148","2","新北市","淡水區","121.450","25.230","168"
"121","415775","20220620030000","87","2","新北市","萬里區","121.635","25.165","126"
"71","415799","20220620030000","37","3","新北市","萬里區","121.650","25.175","77"
"292","415830","20220620030000","263","1","新北市","萬里區","121.685","25.190","292"
"152","415832","20220620030000","79","3","新北市","萬里區","121.680","25.195","145"
"198","415838","20220620030000","186","1","新北市","淡水區","121.430","25.175","233"
"1676","415839","20220620030000","1763","0","新北市","淡水區","121.435","25.175","1638"
"2023","415840","20220620030000","2468","0","新北市","淡水區","121.435","25.180","2045"
"515","415841","20220620030000","437","1","新北市","淡水區","121.435","25.170","472"
"17","415849","20220620030000","17","1","新北市","淡水區","121.485","25.230","16"
"166","415852","20220620030000","159","1","新北市","三芝區","121.480","25.235","172"
"3111","415853","20220620030000","2957","1","新北市","淡水區","121.445","25.175","3209"
"3077","415854","20220620030000","3803","0","新北市","淡水區","121.450","25.175","3047"
"2098","415857","20220620030000","2057","1","新北市","淡水區","121.460","25.155","2101"
"1287","415860","20220620030000","1210","1","新北市","淡水區","121.455","25.155","1308"
"168","415861","20220620030000","909","0","新北市","淡水區","121.465","25.160","239"
"12","415863","20220620030000","78","0","新北市","淡水區","121.470","25.155","12"
"75","415870","20220620030000","60","2","新北市","金山區","121.615","25.240","68"
"62","415905","20220620030000","51","2","新北市","金山區","121.590","25.235","44"
"2079","415910","20220620030000","2758","0","新北市","淡水區","121.445","25.180","2156"
"2468","415911","20220620030000","2356","1","新北市","淡水區","121.450","25.180","2398"
"42","415912","20220620030000","146","0","新北市","淡水區","121.455","25.180","49"
"1095","415916","20220620030000","1640","0","新北市","淡水區","121.445","25.185","1048"
"1604","415921","20220620030000","1760","0","新北市","淡水區","121.455","25.175","1571"
"2861","415922","20220620030000","2380","2","新北市","淡水區","121.440","25.170","2477"
"137","415924","20220620030000","132","1","新北市","淡水區","121.485","25.155","156"
"452","415927","20220620030000","391","1","新北市","淡水區","121.485","25.160","373"
"290","415931","20220620030000","231","2","新北市","淡水區","121.470","25.165","285"
"488","415932","20220620030000","298","3","新北市","淡水區","121.440","25.190","491"
"1889","415933","20220620030000","1940","0","新北市","淡水區","121.445","25.190","1870"
"45","415936","20220620030000","56","0","新北市","淡水區","121.460","25.190","42"
"746","415942","20220620030000","591","2","新北市","淡水區","121.450","25.200","758"
"198","415944","20220620030000","180","1","新北市","淡水區","121.460","25.200","193"
"755","415946","20220620030000","766","0","新北市","淡水區","121.420","25.180","769"
"2351","415947","20220620030000","2104","1","新北市","淡水區","121.450","25.170","2345"
"917","415948","20220620030000","994","0","新北市","淡水區","121.455","25.170","926"
"249","415951","20220620030000","289","0","新北市","淡水區","121.455","25.235","261"
"1291","415961","20220620030000","783","3","新北市","淡水區","121.435","25.185","1280"
"432","415962","20220620030000","413","1","新北市","淡水區","121.440","25.185","423"
"2625","415963","20220620030000","2111","2","新北市","淡水區","121.435","25.190","2669"
"789","415964","20220620030000","892","0","新北市","淡水區","121.430","25.195","835"
"655","415968","20220620030000","397","3","新北市","淡水區","121.430","25.200","618"
"1407","415969","20220620030000","1523","0","新北市","淡水區","121.435","25.200","1419"
"476","415971","20220620030000","353","2","新北市","淡水區","121.425","25.205","457"
"24","415972","20220620030000","19","2","新北市","淡水區","121.435","25.205","19"
"63","415975","20220620030000","423","0","新北市","淡水區","121.445","25.170","73"
"46","415977","20220620030000","46","1","新北市","淡水區","121.485","25.190","47"
"30","415979","20220620030000","123","0","新北市","淡水區","121.470","25.195","28"
"171","415984","20220620030000","180","0","新北市","淡水區","121.470","25.200","171"
"92","415986","20220620030000","97","0","新北市","淡水區","121.480","25.200","90"
"22","415989","20220620030000","20","1","新北市","淡水區","121.470","25.205","22"
"1319","416009","20220620030000","1153","1","新北市","金山區","121.640","25.220","1402"
"25","416022","20220620030000","13","3","新北市","金山區","121.625","25.270","22"
"296","416030","20220620030000","261","1","新北市","金山區","121.640","25.225","328"
"171","416031","20220620030000","181","0","新北市","金山區","121.645","25.225","171"
"240","416033","20220620030000","211","1","新北市","金山區","121.645","25.230","247"
"61","416038","20220620030000","79","0","臺北市","北投區","121.500","25.155","67"
"256","416050","20220620030000","278","0","新北市","金山區","121.630","25.225","291"
"455","416051","20220620030000","370","2","新北市","金山區","121.635","25.225","465"
"153","416060","20220620030000","114","2","新北市","金山區","121.615","25.245","161"
"29","416062","20220620030000","20","2","新北市","金山區","121.605","25.245","40"
"20","416063","20220620030000","16","2","新北市","金山區","121.610","25.245","18"
"16","416067","20220620030000","17","0","新北市","金山區","121.610","25.250","25"
"151","416122","20220620030000","151","1","新北市","金山區","121.595","25.200","162"
"253","416123","20220620030000","176","2","新北市","金山區","121.600","25.200","239"
"99","416146","20220620030000","71","2","新北市","金山區","121.600","25.215","97"
"547","416155","20220620030000","593","0","新北市","金山區","121.630","25.220","559"
"1149","416156","20220620030000","571","3","新北市","金山區","121.635","25.220","1161"
"38","416160","20220620030000","40","0","臺北市","士林區","121.555","25.155","48"
"16","416182","20220620030000","20","0","臺北市","士林區","121.570","25.190","21"
"23","416192","20220620030000","48","0","臺北市","北投區","121.530","25.155","27"
"2079","416202","20220620030000","2236","0","新北市","淡水區","121.445","25.165","1994"
"198","416204","20220620030000","143","2","臺北市","北投區","121.540","25.155","206"
"140","416205","20220620030000","144","0","臺北市","北投區","121.545","25.150","130"
"12","416212","20220620030000","11","1","臺北市","北投區","121.540","25.160","12"
"44","416213","20220620030000","26","3","臺北市","北投區","121.545","25.160","41"
"261","416221","20220620030000","109","3","臺北市","北投區","121.540","25.165","269"
"351","416225","20220620030000","24","3","臺北市","北投區","121.560","25.165","272"
"40","416236","20220620030000","41","0","臺北市","北投區","121.535","25.175","40"
"63","416246","20220620030000","60","1","臺北市","北投區","121.545","25.180","59"
"87","416251","20220620030000","97","0","臺北市","北投區","121.535","25.185","97"
"57","416275","20220620030000","102","0","臺北市","北投區","121.490","25.155","59"
"19","617429","20220620030000","174","0","金門縣","金城鎮","118.305","24.400","17"
"1266","617430","20220620030000","1090","1","金門縣","金城鎮","118.310","24.400","1218"
"427","617700","20220620030000","448","0","金門縣","金城鎮","118.305","24.405","427"
"274","617704","20220620030000","277","0","金門縣","金城鎮","118.325","24.405","273"
"22","617966","20220620030000","21","1","金門縣","烈嶼鄉","118.225","24.405","15"
"59","617974","20220620030000","45","2","金門縣","金城鎮","118.290","24.405","59"
"58","617990","20220620030000","51","1","金門縣","金湖鎮","118.430","24.410","75"
"73","617991","20220620030000","65","1","金門縣","金湖鎮","118.435","24.410","61"
"69","618255","20220620030000","67","1","金門縣","金城鎮","118.285","24.410","75"
"87","618257","20220620030000","354","0","金門縣","金城鎮","118.295","24.410","102"
"176","618258","20220620030000","193","0","金門縣","金城鎮","118.300","24.410","173"
"31","618259","20220620030000","36","0","金門縣","金城鎮","118.305","24.410","27"
"55","618260","20220620030000","65","0","金門縣","金城鎮","118.310","24.410","58"
"193","618263","20220620030000","196","0","金門縣","金城鎮","118.325","24.410","173"
"803","618264","20220620030000","532","3","金門縣","金城鎮","118.330","24.410","787"
"206","618266","20220620030000","178","1","金門縣","金城鎮","118.335","24.410","198"
"366","618273","20220620030000","320","1","金門縣","金湖鎮","118.435","24.415","352"
"578","618274","20220620030000","487","1","金門縣","金湖鎮","118.440","24.415","611"
"54","618530","20220620030000","336","0","金門縣","烈嶼鄉","118.230","24.415","44"
"380","618532","20220620030000","441","0","金門縣","烈嶼鄉","118.240","24.415","381"
"168","618541","20220620030000","145","1","金門縣","金城鎮","118.290","24.415","150"
"502","618545","20220620030000","556","0","金門縣","金城鎮","118.310","24.415","517"
"672","618547","20220620030000","776","0","金門縣","金城鎮","118.315","24.415","673"
"264","618552","20220620030000","125","3","金門縣","金寧鄉","118.340","24.415","269"
"168","618560","20220620030000","149","1","金門縣","金湖鎮","118.440","24.420","177"
"442","618813","20220620030000","459","0","金門縣","烈嶼鄉","118.220","24.420","493"
"40","618818","20220620030000","20","3","金門縣","烈嶼鄉","118.245","24.420","38"
"27","618832","20220620030000","887","0","金門縣","金城鎮","118.310","24.420","31"
"114","618833","20220620030000","80","2","金門縣","金城鎮","118.315","24.420","119"
"45","618834","20220620030000","74","0","金門縣","金城鎮","118.320","24.420","43"
"31","618835","20220620030000","29","1","金門縣","金城鎮","118.325","24.420","34"
"110","618836","20220620030000","178","0","金門縣","金寧鄉","118.330","24.420","113"
"57","618837","20220620030000","44","2","金門縣","金寧鄉","118.335","24.420","57"
"12","618838","20220620030000","10","2","金門縣","金寧鄉","118.340","24.420","15"
"1486","619113","20220620030000","1108","2","金門縣","烈嶼鄉","118.245","24.425","1489"
"315","619116","20220620030000","166","3","金門縣","烈嶼鄉","118.260","24.425","329"
"29","619117","20220620030000","27","1","金門縣","烈嶼鄉","118.265","24.425","26"
"1466","619127","20220620030000","1091","2","金門縣","金城鎮","118.320","24.425","1490"
"172","619131","20220620030000","123","2","金門縣","金寧鄉","118.340","24.425","144"
"151","619133","20220620030000","184","0","金門縣","金寧鄉","118.350","24.425","154"
"260","619146","20220620030000","224","1","金門縣","金湖鎮","118.430","24.425","255"
"125","619151","20220620030000","88","2","金門縣","金湖鎮","118.455","24.430","126"
"73","619406","20220620030000","67","1","金門縣","烈嶼鄉","118.230","24.430","10"
"73","619420","20220620030000","1178","0","金門縣","金城鎮","118.310","24.430","69"
"725","619421","20220620030000","1414","0","金門縣","金城鎮","118.315","24.430","723"
"921","619422","20220620030000","1063","0","金門縣","金城鎮","118.320","24.430","914"
"104","619424","20220620030000","166","0","金門縣","金寧鄉","118.330","24.430","113"
"253","619426","20220620030000","244","1","金門縣","金寧鄉","118.340","24.430","255"
"97","619430","20220620030000","38","3","金門縣","金寧鄉","118.360","24.430","121"
"468","619440","20220620030000","791","0","金門縣","金湖鎮","118.410","24.430","22"
"424","619442","20220620030000","404","1","金門縣","金湖鎮","118.420","24.430","436"
"232","619709","20220620030000","321","0","金門縣","烈嶼鄉","118.255","24.435","216"
"24","619710","20220620030000","29","0","金門縣","烈嶼鄉","118.260","24.435","28"
"630","619718","20220620030000","609","1","金門縣","金城鎮","118.310","24.435","626"
"2273","619719","20220620030000","2754","0","金門縣","金城鎮","118.315","24.435","2177"
"32","619721","20220620030000","941","0","金門縣","金城鎮","118.325","24.435","35"
"278","619722","20220620030000","386","0","金門縣","金寧鄉","118.330","24.435","299"
"43","619729","20220620030000","32","2","金門縣","金湖鎮","118.365","24.435","36"
"160","619731","20220620030000","88","3","金門縣","金湖鎮","118.375","24.435","152"
"128","619734","20220620030000","135","0","金門縣","金湖鎮","118.390","24.435","139"
"251","619736","20220620030000","305","0","金門縣","金湖鎮","118.400","24.435","265"
"1448","619737","20220620030000","1201","2","金門縣","金湖鎮","118.405","24.435","1454"
"52","619739","20220620030000","79","0","金門縣","金湖鎮","118.415","24.435","102"
"117","619747","20220620030000","83","2","金門縣","金湖鎮","118.455","24.435","124"
"185","620001","20220620030000","111","3","金門縣","烈嶼鄉","118.250","24.440","167"
"496","620010","20220620030000","233","3","金門縣","金城鎮","118.310","24.440","523"
"4138","620011","20220620030000","1493","3","金門縣","金城鎮","118.315","24.440","4152"
"681","620012","20220620030000","371","3","金門縣","金寧鄉","118.320","24.440","716"
"83","620013","20220620030000","62","2","金門縣","金城鎮","118.325","24.440","83"
"338","620015","20220620030000","341","0","金門縣","金寧鄉","118.335","24.440","359"
"21","620021","20220620030000","22","0","金門縣","金湖鎮","118.365","24.440","21"
"101","620024","20220620030000","119","0","金門縣","金湖鎮","118.380","24.440","114"
"708","620025","20220620030000","815","0","金門縣","金湖鎮","118.385","24.440","700"
"52","620027","20220620030000","55","0","金門縣","金湖鎮","118.395","24.440","72"
"83","620029","20220620030000","229","0","金門縣","金湖鎮","118.405","24.440","82"
"810","620031","20220620030000","3312","0","金門縣","金湖鎮","118.415","24.440","796"
"1021","620032","20220620030000","1171","0","金門縣","金湖鎮","118.420","24.440","1029"
"291","620037","20220620030000","90","3","金門縣","金湖鎮","118.445","24.440","278"
"143","620040","20220620030000","125","1","金門縣","金湖鎮","118.460","24.440","131"
"378","620293","20220620030000","355","1","金門縣","烈嶼鄉","118.240","24.440","397"
"814","620304","20220620030000","907","0","金門縣","金寧鄉","118.310","24.445","839"
"160","620306","20220620030000","206","0","金門縣","金寧鄉","118.320","24.445","159"
"23","620312","20220620030000","415","0","金門縣","金寧鄉","118.350","24.445","19"
"20","620317","20220620030000","256","0","金門縣","金湖鎮","118.375","24.445","19"
"313","620318","20220620030000","205","3","金門縣","金湖鎮","118.380","24.445","321"
"32","620319","20220620030000","24","2","金門縣","金湖鎮","118.385","24.445","29"
"26","620323","20220620030000","16","3","金門縣","金湖鎮","118.405","24.445","32"
"26","620326","20220620030000","16","3","金門縣","金湖鎮","118.420","24.445","21"
"24","620327","20220620030000","302","0","金門縣","金湖鎮","118.425","24.445","21"
"14","620335","20220620030000","15","0","金門縣","金湖鎮","118.465","24.445","14"
"111","620336","20220620030000","131","0","金門縣","金湖鎮","118.470","24.445","139"
"142","620593","20220620030000","156","0","金門縣","烈嶼鄉","118.250","24.445","154"
"101","620594","20220620030000","96","1","金門縣","烈嶼鄉","118.255","24.445","92"
"205","620604","20220620030000","365","0","金門縣","金寧鄉","118.305","24.450","195"
"728","620605","20220620030000","290","3","金門縣","金寧鄉","118.310","24.450","715"
"187","620607","20220620030000","430","0","金門縣","金寧鄉","118.320","24.450","191"
"534","620608","20220620030000","205","3","金門縣","金寧鄉","118.325","24.450","541"
"1654","620609","20220620030000","1549","1","金門縣","金寧鄉","118.330","24.450","1616"
"658","620610","20220620030000","455","2","金門縣","金寧鄉","118.335","24.450","663"
"434","620611","20220620030000","384","1","金門縣","金寧鄉","118.340","24.450","410"
"80","620613","20220620030000","47","3","金門縣","金寧鄉","118.350","24.450","85"
"36","620618","20220620030000","59","0","金門縣","金湖鎮","118.375","24.450","46"
"56","620623","20220620030000","41","2","金門縣","金湖鎮","118.400","24.450","59"
"35","620624","20220620030000","43","0","金門縣","金湖鎮","118.405","24.450","40"
"80","620625","20220620030000","62","2","金門縣","金湖鎮","118.410","24.450","62"
"85","620634","20220620030000","53","3","金門縣","金沙鎮","118.455","24.450","92"
"549","620912","20220620030000","196","3","金門縣","金寧鄉","118.335","24.455","540"
"334","620919","20220620030000","285","1","金門縣","金湖鎮","118.370","24.455","340"
"366","620920","20220620030000","270","2","金門縣","金湖鎮","118.375","24.455","364"
"412","620921","20220620030000","379","1","金門縣","金湖鎮","118.380","24.455","435"
"87","620922","20220620030000","43","3","金門縣","金湖鎮","118.385","24.455","117"
"48","620927","20220620030000","26","3","金門縣","金湖鎮","118.410","24.455","61"
"45","620928","20220620030000","48","0","金門縣","金湖鎮","118.415","24.455","49"
"25","620930","20220620030000","29","0","金門縣","金湖鎮","118.425","24.455","25"
"344","621210","20220620030000","523","0","金門縣","金寧鄉","118.305","24.455","372"
"30","621214","20220620030000","647","0","金門縣","金寧鄉","118.325","24.455","24"
"239","621221","20220620030000","279","0","金門縣","金寧鄉","118.360","24.460","234"
"12","621226","20220620030000","15","0","金門縣","金沙鎮","118.385","24.460","13"
"62","621230","20220620030000","117","0","金門縣","金沙鎮","118.405","24.460","59"
"795","621231","20220620030000","489","3","金門縣","金湖鎮","118.410","24.460","781"
"52","621233","20220620030000","16","3","金門縣","金湖鎮","118.420","24.460","62"
"32","621239","20220620030000","27","1","金門縣","金沙鎮","118.450","24.460","32"
"601","621509","20220620030000","833","0","金門縣","金寧鄉","118.315","24.460","589"
"156","621510","20220620030000","156","1","金門縣","金寧鄉","118.320","24.460","151"
"215","621511","20220620030000","162","2","金門縣","金寧鄉","118.325","24.460","208"
"162","621523","20220620030000","126","2","金門縣","金沙鎮","118.385","24.465","167"
"20","621529","20220620030000","16","2","金門縣","金沙鎮","118.415","24.465","18"
"14","621530","20220620030000","10","2","金門縣","金湖鎮","118.420","24.465","12"
"138","621533","20220620030000","78","3","金門縣","金沙鎮","118.435","24.465","147"
"69","621534","20220620030000","66","1","金門縣","金沙鎮","118.440","24.465","70"
"218","621810","20220620030000","273","0","金門縣","金沙鎮","118.390","24.465","210"
"811","621816","20220620030000","689","1","金門縣","金沙鎮","118.420","24.470","883"
"266","621823","20220620030000","241","1","金門縣","金沙鎮","118.455","24.470","277"
"388","622079","20220620030000","508","0","金門縣","金寧鄉","118.315","24.470","464"
"96","622096","20220620030000","259","0","金門縣","金沙鎮","118.400","24.470","88"
"16","622101","20220620030000","14","1","金門縣","金沙鎮","118.425","24.475","18"
"69","622102","20220620030000","56","2","金門縣","金沙鎮","118.430","24.475","81"
"249","622377","20220620030000","127","3","金門縣","金沙鎮","118.390","24.475","268"
"216","622643","20220620030000","322","0","金門縣","金寧鄉","118.305","24.480","202"
"63","622644","20220620030000","75","0","金門縣","金寧鄉","118.310","24.480","55"
"351","622657","20220620030000","231","3","金門縣","金沙鎮","118.390","24.480","359"
"148","622658","20220620030000","90","3","金門縣","金沙鎮","118.395","24.480","140"
"17","622921","20220620030000","19","0","金門縣","金寧鄉","118.300","24.485","14"
"1190","622937","20220620030000","807","2","金門縣","金沙鎮","118.415","24.485","1178"
"85","622938","20220620030000","120","0","金門縣","金沙鎮","118.420","24.485","78"
"38","622941","20220620030000","40","0","金門縣","金沙鎮","118.435","24.485","36"
"45","622942","20220620030000","88","0","金門縣","金沙鎮","118.440","24.485","82"
"182","623204","20220620030000","182","1","金門縣","金沙鎮","118.400","24.490","179"
"542","623206","20220620030000","393","2","金門縣","金沙鎮","118.410","24.490","488"
"499","623207","20220620030000","462","1","金門縣","金沙鎮","118.415","24.490","504"
"11","623208","20220620030000","11","1","金門縣","金沙鎮","118.420","24.490","11"
"92","623210","20220620030000","76","2","金門縣","金沙鎮","118.430","24.490","90"
"801","623474","20220620030000","721","1","金門縣","金沙鎮","118.415","24.495","791"
"281","623478","20220620030000","399","0","金門縣","金沙鎮","118.435","24.495","286"
"65","623734","20220620030000","77","0","金門縣","金沙鎮","118.400","24.500","66"
"32","623738","20220620030000","43","0","金門縣","金沙鎮","118.420","24.500","35"
"258","623993","20220620030000","198","2","金門縣","金沙鎮","118.405","24.505","282"
"13","623999","20220620030000","19","0","金門縣","金沙鎮","118.435","24.505","16"
"235","624000","20220620030000","259","0","金門縣","金沙鎮","118.440","24.505","255"
"224","624511","20220620030000","161","2","金門縣","金沙鎮","118.405","24.515","217"
"240","624771","20220620030000","148","3","金門縣","金沙鎮","118.415","24.515","246"
"384","653049","20220620030000","322","1","連江縣","莒光鄉","119.975","25.960","349"
"12","653081","20220620030000","12","1","連江縣","莒光鄉","119.930","25.970","12"
"216","653082","20220620030000","195","1","連江縣","莒光鄉","119.935","25.970","171"
"93","653097","20220620030000","112","0","連江縣","莒光鄉","119.930","25.975","97"
"31","653099","20220620030000","22","2","連江縣","莒光鄉","119.940","25.975","28"
"514","653173","20220620030000","289","3","連江縣","南竿鄉","119.925","26.140","478"
"78","653187","20220620030000","43","3","連江縣","南竿鄉","119.930","26.145","64"
"170","653198","20220620030000","108","3","連江縣","南竿鄉","119.915","26.145","155"
"53","653200","20220620030000","69","0","連江縣","南竿鄉","119.925","26.145","51"
"257","653203","20220620030000","361","0","連江縣","南竿鄉","119.940","26.145","304"
"21","653217","20220620030000","43","0","連江縣","南竿鄉","119.925","26.150","17"
"413","653219","20220620030000","338","2","連江縣","南竿鄉","119.935","26.150","407"
"53","653221","20220620030000","51","1","連江縣","南竿鄉","119.945","26.150","52"
"222","653231","20220620030000","281","0","連江縣","南竿鄉","119.920","26.155","232"
"572","653235","20220620030000","385","2","連江縣","南竿鄉","119.940","26.155","537"
"946","653238","20220620030000","795","1","連江縣","南竿鄉","119.955","26.155","875"
"154","653248","20220620030000","45","3","連江縣","南竿鄉","119.920","26.160","145"
"987","653255","20220620030000","743","2","連江縣","南竿鄉","119.955","26.160","965"
"443","653272","20220620030000","295","3","連江縣","南竿鄉","119.950","26.165","447"
"87","653282","20220620030000","86","1","連江縣","南竿鄉","119.925","26.170","110"
"175","653344","20220620030000","97","3","連江縣","北竿鄉","119.970","26.205","124"
"145","653365","20220620030000","125","1","連江縣","北竿鄉","119.975","26.215","133"
"24","653380","20220620030000","26","0","連江縣","北竿鄉","119.990","26.220","36"
"17","653382","20220620030000","25","0","連江縣","北竿鄉","120.000","26.220","18"
"676","653396","20220620030000","875","0","連江縣","北竿鄉","119.995","26.225","705"
"448","653397","20220620030000","349","2","連江縣","北竿鄉","120.000","26.225","401"
"50","653399","20220620030000","15","3","連江縣","北竿鄉","120.010","26.225","45"
"119","653411","20220620030000","70","3","連江縣","北竿鄉","120.000","26.230","85"
"62","653590","20220620030000","39","3","連江縣","東引鄉","120.490","26.360","60"
"296","653592","20220620030000","460","0","連江縣","東引鄉","120.500","26.360","267"
"969","653602","20220620030000","626","3","連江縣","東引鄉","120.490","26.365","855"
"75","653603","20220620030000","33","3","連江縣","東引鄉","120.495","26.365","84"
"126","653623","20220620030000","86","2","連江縣","東引鄉","120.480","26.375","105"
"152","6258","20220620030000","95","3","屏東縣","恆春鎮","120.745","21.945","128"
"21","6267","20220620030000","148","0","屏東縣","恆春鎮","120.790","21.945","16"
"108","9415","20220620030000","81","2","屏東縣","恆春鎮","120.715","21.970","100"
"90","9416","20220620030000","59","3","屏東縣","恆春鎮","120.845","21.970","84"
"264","15716","20220620030000","178","2","臺東縣","蘭嶼鄉","121.535","22.025","207"
"28","15719","20220620030000","296","0","臺東縣","蘭嶼鄉","121.550","22.025","22"
"39","18068","20220620030000","59","0","屏東縣","車城鄉","120.695","22.045","37"
"130","20191","20220620030000","595","0","臺東縣","蘭嶼鄉","121.570","22.065","119"
"75","40369","20220620030000","62","2","屏東縣","枋山鄉","120.660","22.245","77"
"73","46865","20220620030000","61","1","臺東縣","大武鄉","120.890","22.305","78"
"237","49782","20220620030000","189","2","屏東縣","琉球鄉","120.355","22.330","212"
"482","52213","20220620030000","240","3","屏東縣","琉球鄉","120.380","22.355","433"
"25","57589","20220620030000","16","3","屏東縣","春日鄉","120.660","22.365","12"
"96","57606","20220620030000","40","3","屏東縣","春日鄉","120.665","22.365","83"
"73","57748","20220620030000","56","2","屏東縣","春日鄉","120.750","22.405","100"
"214","57758","20220620030000","159","2","屏東縣","春日鄉","120.625","22.365","198"
"12","57858","20220620030000","202","0","屏東縣","恆春鎮","120.730","21.985","18"
"15","57868","20220620030000","171","0","屏東縣","車城鄉","120.730","22.055","17"
"91","57949","20220620030000","65","2","屏東縣","車城鄉","120.715","22.050","91"
"161","57952","20220620030000","138","1","屏東縣","枋寮鄉","120.595","22.375","175"
"706","57962","20220620030000","321","3","屏東縣","枋寮鄉","120.595","22.385","671"
"336","57963","20220620030000","405","0","屏東縣","枋寮鄉","120.600","22.385","370"
"22","57992","20220620030000","18","2","屏東縣","滿州鄉","120.890","22.090","17"
"15","58112","20220620030000","14","1","屏東縣","滿州鄉","120.805","22.015","15"
"114","58150","20220620030000","68","3","屏東縣","滿州鄉","120.875","22.115","108"
"144","58209","20220620030000","81","3","屏東縣","滿州鄉","120.840","21.985","118"
"44","58243","20220620030000","29","3","屏東縣","滿州鄉","120.840","22.015","57"
"250","58245","20220620030000","209","1","屏東縣","滿州鄉","120.835","22.020","248"
"18","58246","20220620030000","17","1","屏東縣","滿州鄉","120.840","22.020","15"
"131","58248","20220620030000","119","1","屏東縣","滿州鄉","120.830","22.025","98"
"308","58265","20220620030000","251","2","屏東縣","滿州鄉","120.830","21.995","323"
"29","58303","20220620030000","23","2","屏東縣","滿州鄉","120.850","22.020","29"
"76","58452","20220620030000","36","3","屏東縣","滿州鄉","120.830","22.075","78"
"26","58493","20220620030000","19","2","屏東縣","滿州鄉","120.830","22.095","27"
"21","58500","20220620030000","17","2","屏東縣","滿州鄉","120.840","22.100","18"
"97","58514","20220620030000","57","3","屏東縣","枋山鄉","120.665","22.240","72"
"161","58522","20220620030000","127","2","屏東縣","枋山鄉","120.650","22.260","158"
"24","58529","20220620030000","164","0","屏東縣","枋山鄉","120.690","22.190","32"
"24","58531","20220620030000","89","0","屏東縣","枋山鄉","120.690","22.195","29"
"346","58554","20220620030000","456","0","屏東縣","恆春鎮","120.740","22.030","322"
"22","58568","20220620030000","164","0","屏東縣","恆春鎮","120.735","22.040","26"
"91","58585","20220620030000","32","3","屏東縣","恆春鎮","120.720","22.045","92"
"15","58609","20220620030000","41","0","屏東縣","恆春鎮","120.750","21.955","10"
"43","58614","20220620030000","440","0","屏東縣","恆春鎮","120.755","21.960","34"
"18","58615","20220620030000","15","2","屏東縣","恆春鎮","120.760","21.960","18"
"314","58618","20220620030000","458","0","屏東縣","恆春鎮","120.755","21.965","319"
"461","58656","20220620030000","180","3","屏東縣","恆春鎮","120.730","22.010","451"
"317","58663","20220620030000","382","0","屏東縣","恆春鎮","120.745","22.005","302"
"266","58680","20220620030000","262","1","屏東縣","恆春鎮","120.730","21.995","250"
"18","58690","20220620030000","11","3","屏東縣","恆春鎮","120.740","21.920","20"
"277","58691","20220620030000","248","1","屏東縣","恆春鎮","120.725","21.925","229"
"24","58698","20220620030000","25","0","屏東縣","恆春鎮","120.715","21.935","22"
"61","58707","20220620030000","51","1","屏東縣","恆春鎮","120.715","21.945","59"
"246","58723","20220620030000","179","2","屏東縣","恆春鎮","120.720","21.960","212"
"1162","58725","20220620030000","1156","1","屏東縣","恆春鎮","120.740","22.010","1133"
"16","58785","20220620030000","62","0","屏東縣","恆春鎮","120.720","22.040","24"
"85","58793","20220620030000","41","3","屏東縣","恆春鎮","120.695","22.020","77"
"21","58796","20220620030000","17","2","屏東縣","恆春鎮","120.710","22.020","23"
"98","58818","20220620030000","114","0","屏東縣","恆春鎮","120.850","21.905","116"
"19","58819","20220620030000","16","1","屏東縣","恆春鎮","120.855","21.905","34"
"74","58824","20220620030000","79","0","屏東縣","恆春鎮","120.850","21.910","68"
"195","58829","20220620030000","124","3","屏東縣","恆春鎮","120.850","21.915","163"
"55","58837","20220620030000","65","0","屏東縣","恆春鎮","120.830","21.925","52"
"171","58849","20220620030000","147","1","屏東縣","恆春鎮","120.825","21.935","194"
"11","58859","20220620030000","14","0","屏東縣","恆春鎮","120.840","21.940","11"
"234","58893","20220620030000","240","0","屏東縣","車城鄉","120.715","22.070","229"
"77","58924","20220620030000","34","3","屏東縣","獅子鄉","120.730","22.195","87"
"14","58958","20220620030000","100","0","屏東縣","獅子鄉","120.750","22.205","10"
"99","58971","20220620030000","84","1","屏東縣","獅子鄉","120.725","22.210","114"
"19","58997","20220620030000","15","2","屏東縣","獅子鄉","120.785","22.215","22"
"59","59115","20220620030000","431","0","屏東縣","琉球鄉","120.380","22.350","61"
"50","59117","20220620030000","342","0","屏東縣","琉球鄉","120.365","22.325","35"
"352","59120","20220620030000","271","2","屏東縣","琉球鄉","120.370","22.335","324"
"69","59149","20220620030000","127","0","屏東縣","獅子鄉","120.660","22.275","77"
"80","59469","20220620030000","62","2","屏東縣","獅子鄉","120.650","22.315","87"
"145","59772","20220620030000","89","3","屏東縣","獅子鄉","120.685","22.225","137"
"153","60023","20220620030000","155","0","屏東縣","獅子鄉","120.700","22.165","160"
"13","60076","20220620030000","11","1","屏東縣","獅子鄉","120.805","22.235","13"
"1793","60172","20220620030000","1548","1","屏東縣","琉球鄉","120.370","22.340","1698"
"10","60173","20220620030000","23","0","屏東縣","琉球鄉","120.370","22.345","13"
"96","60174","20220620030000","97","0","屏東縣","琉球鄉","120.375","22.345","96"
"106","60189","20220620030000","92","1","屏東縣","車城鄉","120.700","22.040","99"
"58","60193","20220620030000","46","2","屏東縣","車城鄉","120.700","22.050","64"
"43","60196","20220620030000","27","3","屏東縣","琉球鄉","120.365","22.340","33"
"11","60197","20220620030000","27","0","屏東縣","琉球鄉","120.365","22.345","19"
"220","60198","20220620030000","203","1","屏東縣","琉球鄉","120.370","22.350","225"
"358","60206","20220620030000","174","3","屏東縣","車城鄉","120.715","22.065","363"
"18","60213","20220620030000","151","0","屏東縣","車城鄉","120.720","22.090","13"
"34","60234","20220620030000","20","3","屏東縣","車城鄉","120.715","22.115","36"
"1045","60246","20220620030000","412","3","屏東縣","琉球鄉","120.385","22.350","969"
"68","60260","20220620030000","67","1","屏東縣","車城鄉","120.740","22.085","59"
"224","60283","20220620030000","206","1","屏東縣","車城鄉","120.750","22.095","213"
"13","60314","20220620030000","149","0","屏東縣","枋寮鄉","120.555","22.390","12"
"38","60322","20220620030000","340","0","屏東縣","車城鄉","120.715","22.075","42"
"168","60328","20220620030000","132","2","屏東縣","車城鄉","120.730","22.075","150"
"22","60338","20220620030000","16","2","屏東縣","枋寮鄉","120.595","22.390","23"
"183","60350","20220620030000","166","1","屏東縣","枋寮鄉","120.590","22.405","187"
"329","60361","20220620030000","323","1","屏東縣","枋寮鄉","120.595","22.365","311"
"44","60369","20220620030000","257","0","屏東縣","枋寮鄉","120.620","22.405","43"
"92","60374","20220620030000","61","3","屏東縣","枋寮鄉","120.590","22.370","91"
"176","60377","20220620030000","157","1","屏東縣","枋寮鄉","120.580","22.375","172"
"756","60401","20220620030000","698","1","屏東縣","枋寮鄉","120.575","22.405","754"
"314","60404","20220620030000","147","3","屏東縣","佳冬鄉","120.565","22.410","321"
"1340","60421","20220620030000","1193","1","屏東縣","枋寮鄉","120.600","22.360","1288"
"371","60428","20220620030000","309","2","屏東縣","枋寮鄉","120.600","22.365","385"
"87","60441","20220620030000","62","2","屏東縣","枋山鄉","120.645","22.295","81"
"63","60442","20220620030000","48","2","屏東縣","獅子鄉","120.640","22.310","68"
"259","60446","20220620030000","189","2","屏東縣","枋山鄉","120.630","22.320","267"
"118","60449","20220620030000","74","3","屏東縣","枋山鄉","120.615","22.330","112"
"255","60455","20220620030000","58","3","屏東縣","枋山鄉","120.620","22.335","298"
"131","60456","20220620030000","73","3","屏東縣","枋山鄉","120.625","22.335","137"
"1000","60532","20220620030000","498","3","屏東縣","恆春鎮","120.740","22.000","970"
"568","60533","20220620030000","274","3","屏東縣","恆春鎮","120.740","22.005","611"
"150","60535","20220620030000","271","0","屏東縣","恆春鎮","120.815","21.935","119"
"211","60537","20220620030000","165","2","屏東縣","恆春鎮","120.805","21.940","157"
"61","60539","20220620030000","324","0","屏東縣","恆春鎮","120.795","21.945","39"
"674","60540","20220620030000","649","1","屏東縣","恆春鎮","120.800","21.945","552"
"457","60541","20220620030000","449","1","屏東縣","恆春鎮","120.805","21.945","229"
"94","60543","20220620030000","77","2","屏東縣","恆春鎮","120.780","21.950","79"
"219","60544","20220620030000","103","3","屏東縣","恆春鎮","120.785","21.950","159"
"179","60568","20220620030000","170","1","屏東縣","恆春鎮","120.810","21.955","154"
"76","60589","20220620030000","47","3","屏東縣","恆春鎮","120.815","21.965","90"
"48","60623","20220620030000","350","0","屏東縣","恆春鎮","120.735","21.950","498"
"69","60646","20220620030000","60","1","屏東縣","恆春鎮","120.720","21.975","87"
"95","60651","20220620030000","88","1","屏東縣","恆春鎮","120.715","21.985","110"
"278","60656","20220620030000","160","3","屏東縣","恆春鎮","120.705","21.995","272"
"765","60671","20220620030000","882","0","屏東縣","恆春鎮","120.740","21.995","810"
"477","60672","20220620030000","173","3","屏東縣","恆春鎮","120.745","21.995","440"
"628","60680","20220620030000","621","1","屏東縣","恆春鎮","120.745","22.000","582"
"36","60694","20220620030000","54","0","屏東縣","恆春鎮","120.765","22.000","32"
"38","60732","20220620030000","55","0","屏東縣","牡丹鄉","120.815","22.075","36"
"38","60771","20220620030000","49","0","屏東縣","滿州鄉","120.890","22.140","38"
"258","60791","20220620030000","46","3","屏東縣","牡丹鄉","120.890","22.165","76"
"62","60821","20220620030000","74","0","屏東縣","牡丹鄉","120.880","22.185","51"
"29","60825","20220620030000","32","0","屏東縣","牡丹鄉","120.880","22.190","28"
"77","60827","20220620030000","50","3","屏東縣","牡丹鄉","120.885","22.190","54"
"33","60884","20220620030000","25","2","屏東縣","牡丹鄉","120.850","22.185","29"
"165","60907","20220620030000","49","3","屏東縣","牡丹鄉","120.855","22.200","75"
"17","60936","20220620030000","13","2","屏東縣","牡丹鄉","120.815","22.150","20"
"62","60994","20220620030000","43","2","屏東縣","牡丹鄉","120.835","22.175","81"
"98","61141","20220620030000","52","3","屏東縣","牡丹鄉","120.770","22.125","109"
"251","61160","20220620030000","216","1","屏東縣","牡丹鄉","120.780","22.130","244"
"16","61331","20220620030000","106","0","屏東縣","牡丹鄉","120.840","22.115","11"
"187","61332","20220620030000","174","1","屏東縣","牡丹鄉","120.845","22.115","189"
"82","61441","20220620030000","56","2","臺東縣","大武鄉","120.880","22.325","107"
"32","61469","20220620030000","154","0","臺東縣","大武鄉","120.905","22.360","34"
"274","61472","20220620030000","212","2","臺東縣","大武鄉","120.905","22.365","282"
"261","61501","20220620030000","223","1","臺東縣","大武鄉","120.910","22.380","267"
"67","61562","20220620030000","289","0","臺東縣","大武鄉","120.885","22.340","55"
"241","61604","20220620030000","230","1","臺東縣","蘭嶼鄉","121.525","22.080","256"
"225","61605","20220620030000","190","1","臺東縣","蘭嶼鄉","121.530","22.080","241"
"29","61620","20220620030000","23","2","臺東縣","蘭嶼鄉","121.590","22.005","25"
"213","61703","20220620030000","153","2","臺東縣","蘭嶼鄉","121.510","22.055","193"
"231","61734","20220620030000","247","0","臺東縣","蘭嶼鄉","121.555","22.025","196"
"27","61738","20220620030000","27","1","臺東縣","蘭嶼鄉","121.535","22.030","42"
"104","61830","20220620030000","84","2","臺東縣","達仁鄉","120.885","22.285","48"
"138","61933","20220620030000","92","3","臺東縣","達仁鄉","120.885","22.295","162"
"55","62017","20220620030000","49","1","臺東縣","達仁鄉","120.855","22.320","51"
"74","62301","20220620030000","45","3","臺東縣","達仁鄉","120.860","22.380","76"
"81","62355","20220620030000","36","3","臺東縣","達仁鄉","120.855","22.390","76"
"37","62479","20220620030000","35","1","臺東縣","達仁鄉","120.855","22.275","49"
"35","62493","20220620030000","48","0","臺東縣","達仁鄉","120.875","22.290","33"
"28","63917","20220620030000","16","3","臺東縣","大武鄉","120.930","22.415","41"
"233","65292","20220620030000","251","0","屏東縣","東港鎮","120.480","22.430","242"
"27","72794","20220620030000","37","0","高雄市","小港區","120.360","22.510","29"
"211","80997","20220620030000","150","2","屏東縣","新埤鄉","120.560","22.475","216"
"211","81026","20220620030000","121","3","屏東縣","新埤鄉","120.540","22.495","211"
"473","81045","20220620030000","418","1","屏東縣","新埤鄉","120.545","22.465","491"
"115","81049","20220620030000","81","2","屏東縣","新埤鄉","120.565","22.465","109"
"16","81063","20220620030000","31","0","屏東縣","新埤鄉","120.610","22.450","28"
"142","81079","20220620030000","124","1","屏東縣","新埤鄉","120.610","22.460","128"
"578","81134","20220620030000","500","1","屏東縣","新埤鄉","120.580","22.505","572"
"297","81174","20220620030000","222","2","屏東縣","新埤鄉","120.615","22.470","298"
"86","81486","20220620030000","54","3","屏東縣","春日鄉","120.630","22.425","89"
"193","81488","20220620030000","75","3","屏東縣","春日鄉","120.640","22.425","191"
"694","81506","20220620030000","397","3","屏東縣","新園鄉","120.435","22.500","702"
"86","81517","20220620030000","39","3","屏東縣","新園鄉","120.440","22.510","74"
"395","81529","20220620030000","500","0","屏東縣","萬巒鄉","120.610","22.590","368"
"873","81547","20220620030000","1372","0","屏東縣","林邊鄉","120.515","22.435","865"
"556","81552","20220620030000","258","3","屏東縣","林邊鄉","120.520","22.430","580"
"17","81557","20220620030000","17","1","屏東縣","林邊鄉","120.490","22.430","17"
"55","81560","20220620030000","31","3","屏東縣","東港鎮","120.495","22.460","71"
"302","81569","20220620030000","239","2","屏東縣","東港鎮","120.455","22.460","295"
"28","81573","20220620030000","29","0","屏東縣","東港鎮","120.465","22.440","28"
"52","81584","20220620030000","39","2","屏東縣","東港鎮","120.455","22.450","52"
"49","81816","20220620030000","56","0","屏東縣","來義鄉","120.680","22.525","67"
"73","81919","20220620030000","49","2","屏東縣","來義鄉","120.640","22.435","82"
"78","82042","20220620030000","65","2","屏東縣","來義鄉","120.635","22.525","71"
"39","82186","20220620030000","36","1","屏東縣","來義鄉","120.665","22.560","38"
"20","82194","20220620030000","335","0","屏東縣","佳冬鄉","120.550","22.415","473"
"911","82204","20220620030000","724","2","屏東縣","佳冬鄉","120.545","22.415","842"
"621","82217","20220620030000","542","1","屏東縣","竹田鄉","120.515","22.575","636"
"248","82239","20220620030000","142","3","屏東縣","東港鎮","120.495","22.455","241"
"42","82241","20220620030000","586","0","屏東縣","東港鎮","120.490","22.455","51"
"477","82243","20220620030000","512","0","屏東縣","東港鎮","120.445","22.465","481"
"192","82245","20220620030000","584","0","屏東縣","東港鎮","120.445","22.460","198"
"849","82256","20220620030000","698","2","屏東縣","東港鎮","120.455","22.470","842"
"58","82257","20220620030000","44","2","屏東縣","東港鎮","120.460","22.470","71"
"1602","82262","20220620030000","435","3","屏東縣","東港鎮","120.460","22.475","1533"
"164","82266","20220620030000","564","0","屏東縣","東港鎮","120.465","22.480","174"
"76","82270","20220620030000","350","0","屏東縣","東港鎮","120.475","22.485","80"
"54","82283","20220620030000","56","0","屏東縣","泰武鄉","120.625","22.590","52"
"107","82284","20220620030000","79","2","屏東縣","泰武鄉","120.635","22.590","125"
"346","82290","20220620030000","320","1","屏東縣","林邊鄉","120.520","22.435","340"
"328","82303","20220620030000","331","0","屏東縣","新園鄉","120.460","22.540","318"
"841","82306","20220620030000","690","2","屏東縣","新園鄉","120.460","22.545","856"
"53","82311","20220620030000","355","0","屏東縣","東港鎮","120.450","22.470","56"
"17","82316","20220620030000","14","2","屏東縣","竹田鄉","120.540","22.570","19"
"545","82324","20220620030000","520","1","屏東縣","竹田鄉","120.540","22.585","521"
"94","82325","20220620030000","96","0","屏東縣","竹田鄉","120.545","22.585","93"
"939","82333","20220620030000","548","3","屏東縣","新園鄉","120.455","22.525","928"
"359","82340","20220620030000","222","3","屏東縣","新園鄉","120.465","22.530","340"
"293","82347","20220620030000","225","2","屏東縣","新園鄉","120.440","22.475","297"
"264","82362","20220620030000","251","1","屏東縣","萬丹鄉","120.460","22.590","276"
"41","82367","20220620030000","49","0","屏東縣","萬丹鄉","120.465","22.595","42"
"329","82441","20220620030000","198","3","屏東縣","泰武鄉","120.650","22.570","310"
"11","82445","20220620030000","171","0","屏東縣","泰武鄉","120.635","22.580","18"
"67","82467","20220620030000","68","0","屏東縣","泰武鄉","120.660","22.570","70"
"48","82513","20220620030000","41","1","屏東縣","泰武鄉","120.665","22.585","53"
"14","82564","20220620030000","39","0","屏東縣","萬丹鄉","120.485","22.570","15"
"34","82568","20220620030000","35","0","屏東縣","萬丹鄉","120.490","22.575","36"
"327","82569","20220620030000","242","2","屏東縣","新園鄉","120.450","22.475","298"
"256","82576","20220620030000","207","2","屏東縣","新園鄉","120.445","22.515","256"
"144","82591","20220620030000","109","2","屏東縣","新園鄉","120.450","22.525","150"
"42","82614","20220620030000","352","0","屏東縣","佳冬鄉","120.515","22.415","36"
"18","82630","20220620030000","353","0","屏東縣","佳冬鄉","120.560","22.430","17"
"159","82634","20220620030000","500","0","屏東縣","佳冬鄉","120.560","22.435","175"
"84","82638","20220620030000","45","3","屏東縣","佳冬鄉","120.535","22.425","80"
"234","82649","20220620030000","596","0","屏東縣","佳冬鄉","120.555","22.420","221"
"251","82700","20220620030000","150","3","屏東縣","來義鄉","120.635","22.515","262"
"84","82715","20220620030000","36","3","屏東縣","來義鄉","120.660","22.525","90"
"12","82720","20220620030000","169","0","屏東縣","南州鄉","120.500","22.480","11"
"16","82722","20220620030000","85","0","屏東縣","南州鄉","120.490","22.485","22"
"200","82723","20220620030000","168","1","屏東縣","南州鄉","120.495","22.485","205"
"284","82736","20220620030000","214","2","屏東縣","南州鄉","120.530","22.465","310"
"17","82738","20220620030000","11","3","屏東縣","南州鄉","120.525","22.470","15"
"233","82740","20220620030000","185","2","屏東縣","南州鄉","120.535","22.470","224"
"632","82742","20220620030000","732","0","屏東縣","南州鄉","120.520","22.475","670"
"122","82751","20220620030000","112","1","屏東縣","南州鄉","120.540","22.485","124"
"40","82754","20220620030000","23","3","屏東縣","南州鄉","120.535","22.490","46"
"34","82763","20220620030000","22","3","屏東縣","崁頂鄉","120.520","22.495","28"
"104","82767","20220620030000","48","3","屏東縣","內埔鄉","120.560","22.585","121"
"28","82779","20220620030000","127","0","屏東縣","萬丹鄉","120.495","22.550","26"
"582","82796","20220620030000","528","1","屏東縣","新園鄉","120.460","22.505","545"
"72","82807","20220620030000","305","0","屏東縣","崁頂鄉","120.505","22.540","75"
"319","82809","20220620030000","289","1","屏東縣","崁頂鄉","120.515","22.540","328"
"24","82821","20220620030000","265","0","屏東縣","崁頂鄉","120.490","22.510","331"
"101","82835","20220620030000","89","1","屏東縣","崁頂鄉","120.520","22.530","95"
"980","82839","20220620030000","524","3","屏東縣","南州鄉","120.510","22.495","980"
"43","82881","20220620030000","147","0","屏東縣","佳冬鄉","120.560","22.445","40"
"146","82883","20220620030000","85","3","屏東縣","佳冬鄉","120.560","22.450","149"
"227","82893","20220620030000","252","0","屏東縣","萬丹鄉","120.495","22.545","245"
"62","82901","20220620030000","37","3","屏東縣","崁頂鄉","120.510","22.510","48"
"426","82906","20220620030000","402","1","屏東縣","崁頂鄉","120.515","22.515","406"
"35","82941","20220620030000","24","2","屏東縣","崁頂鄉","120.490","22.500","33"
"16","82951","20220620030000","31","0","屏東縣","內埔鄉","120.570","22.590","16"
"550","82954","20220620030000","477","1","屏東縣","新園鄉","120.460","22.495","556"
"152","82963","20220620030000","126","2","屏東縣","新園鄉","120.475","22.550","160"
"542","82970","20220620030000","548","0","屏東縣","新園鄉","120.455","22.545","533"
"83","82987","20220620030000","462","0","屏東縣","新園鄉","120.460","22.490","76"
"76","82992","20220620030000","298","0","屏東縣","新園鄉","120.445","22.500","80"
"456","82997","20220620030000","178","3","屏東縣","新園鄉","120.440","22.480","452"
"215","82998","20220620030000","185","1","屏東縣","新園鄉","120.445","22.480","210"
"102","83002","20220620030000","53","3","屏東縣","新園鄉","120.440","22.485","93"
"129","83015","20220620030000","149","0","屏東縣","新埤鄉","120.550","22.505","142"
"429","83024","20220620030000","380","1","屏東縣","潮州鎮","120.530","22.545","441"
"1825","83025","20220620030000","751","3","屏東縣","潮州鎮","120.535","22.545","1838"
"143","83047","20220620030000","143","1","屏東縣","潮州鎮","120.555","22.550","141"
"343","83049","20220620030000","225","3","屏東縣","潮州鎮","120.565","22.550","336"
"501","83055","20220620030000","349","2","屏東縣","萬丹鄉","120.470","22.560","494"
"42","83064","20220620030000","180","0","屏東縣","萬巒鄉","120.600","22.590","34"
"160","83080","20220620030000","534","0","屏東縣","東港鎮","120.450","22.465","144"
"382","83093","20220620030000","222","3","屏東縣","萬巒鄉","120.595","22.565","376"
"70","83095","20220620030000","335","0","屏東縣","萬巒鄉","120.605","22.565","69"
"155","83096","20220620030000","85","3","屏東縣","萬巒鄉","120.600","22.570","155"
"220","83142","20220620030000","136","3","屏東縣","新埤鄉","120.625","22.525","227"
"44","83161","20220620030000","406","0","屏東縣","萬巒鄉","120.620","22.545","40"
"448","83162","20220620030000","434","1","屏東縣","泰武鄉","120.625","22.545","444"
"165","83177","20220620030000","137","2","屏東縣","萬巒鄉","120.580","22.590","161"
"705","83201","20220620030000","508","2","屏東縣","萬巒鄉","120.570","22.570","697"
"332","83206","20220620030000","337","0","屏東縣","萬巒鄉","120.565","22.575","319"
"179","83210","20220620030000","130","2","屏東縣","內埔鄉","120.565","22.580","173"
"18","83216","20220620030000","15","2","屏東縣","萬丹鄉","120.485","22.555","15"
"14","83222","20220620030000","115","0","屏東縣","東港鎮","120.470","22.485","19"
"31","83231","20220620030000","26","1","屏東縣","東港鎮","120.460","22.460","24"
"859","83232","20220620030000","629","2","屏東縣","東港鎮","120.465","22.460","890"
"640","83234","20220620030000","628","1","屏東縣","東港鎮","120.455","22.465","689"
"135","83235","20220620030000","73","3","屏東縣","東港鎮","120.460","22.465","140"
"156","83236","20220620030000","791","0","屏東縣","東港鎮","120.465","22.465","150"
"17","83237","20220620030000","16","1","屏東縣","東港鎮","120.470","22.465","14"
"581","83241","20220620030000","490","1","屏東縣","東港鎮","120.440","22.460","583"
"697","83257","20220620030000","740","0","屏東縣","竹田鄉","120.525","22.575","687"
"183","83258","20220620030000","75","3","屏東縣","潮州鎮","120.530","22.525","182"
"236","83261","20220620030000","202","1","屏東縣","潮州鎮","120.540","22.525","212"
"193","83267","20220620030000","87","3","屏東縣","潮州鎮","120.535","22.535","190"
"337","83269","20220620030000","264","2","屏東縣","潮州鎮","120.535","22.540","335"
"83","83271","20220620030000","59","2","屏東縣","枋寮鄉","120.580","22.410","84"
"67","83278","20220620030000","55","2","屏東縣","枋寮鄉","120.580","22.415","74"
"35","83323","20220620030000","56","0","屏東縣","枋寮鄉","120.620","22.425","34"
"31","83342","20220620030000","37","0","屏東縣","枋寮鄉","120.595","22.435","46"
"346","83378","20220620030000","213","3","屏東縣","萬丹鄉","120.460","22.575","321"
"39","83380","20220620030000","41","0","屏東縣","萬丹鄉","120.470","22.575","39"
"19","83382","20220620030000","17","1","屏東縣","竹田鄉","120.530","22.595","18"
"298","83383","20220620030000","309","0","屏東縣","竹田鄉","120.535","22.595","314"
"19","83404","20220620030000","19","1","屏東縣","林邊鄉","120.505","22.435","19"
"56","83414","20220620030000","43","2","屏東縣","林邊鄉","120.525","22.455","64"
"131","83430","20220620030000","137","0","屏東縣","萬丹鄉","120.485","22.580","148"
"452","83431","20220620030000","458","0","屏東縣","萬丹鄉","120.490","22.580","455"
"85","83433","20220620030000","67","2","屏東縣","萬丹鄉","120.480","22.565","72"
"886","83435","20220620030000","767","1","屏東縣","竹田鄉","120.490","22.565","885"
"111","83437","20220620030000","82","2","屏東縣","萬丹鄉","120.480","22.570","96"
"53","83438","20220620030000","38","2","屏東縣","萬丹鄉","120.490","22.550","53"
"53","83439","20220620030000","46","1","屏東縣","萬丹鄉","120.490","22.555","52"
"835","83442","20220620030000","748","1","屏東縣","潮州鎮","120.545","22.545","843"
"450","83443","20220620030000","301","2","屏東縣","潮州鎮","120.550","22.545","458"
"1038","83448","20220620030000","784","2","屏東縣","潮州鎮","120.550","22.555","1071"
"541","83455","20220620030000","420","2","屏東縣","潮州鎮","120.560","22.515","539"
"112","83457","20220620030000","135","0","屏東縣","潮州鎮","120.570","22.515","101"
"682","83473","20220620030000","582","1","屏東縣","潮州鎮","120.530","22.560","664"
"349","83483","20220620030000","375","0","屏東縣","萬丹鄉","120.465","22.565","358"
"1405","83504","20220620030000","1133","2","屏東縣","潮州鎮","120.540","22.555","1415"
"25","83508","20220620030000","121","0","屏東縣","潮州鎮","120.550","22.560","15"
"399","83516","20220620030000","331","2","屏東縣","潮州鎮","120.540","22.545","393"
"14","83518","20220620030000","14","1","屏東縣","潮州鎮","120.545","22.550","24"
"581","83525","20220620030000","490","1","屏東縣","潮州鎮","120.530","22.540","590"
"168","83540","20220620030000","106","3","屏東縣","潮州鎮","120.580","22.555","148"
"1058","83567","20220620030000","667","3","屏東縣","萬丹鄉","120.490","22.590","1043"
"13","83574","20220620030000","13","1","屏東縣","潮州鎮","120.550","22.535","15"
"318","83576","20220620030000","239","2","屏東縣","潮州鎮","120.550","22.540","321"
"566","83577","20220620030000","385","2","屏東縣","潮州鎮","120.535","22.550","582"
"68","83578","20220620030000","635","0","屏東縣","潮州鎮","120.535","22.555","68"
"69","83582","20220620030000","57","2","屏東縣","萬丹鄉","120.500","22.595","62"
"504","83585","20220620030000","460","1","屏東縣","萬丹鄉","120.485","22.585","489"
"177","83586","20220620030000","454","0","屏東縣","萬丹鄉","120.490","22.585","426"
"409","83599","20220620030000","304","2","屏東縣","南州鄉","120.505","22.490","386"
"705","83623","20220620030000","286","3","屏東縣","南州鄉","120.510","22.490","711"
"193","83624","20220620030000","146","2","屏東縣","潮州鎮","120.530","22.510","176"
"181","83625","20220620030000","132","2","屏東縣","潮州鎮","120.535","22.510","158"
"444","83646","20220620030000","281","3","屏東縣","潮州鎮","120.530","22.550","463"
"1090","83648","20220620030000","910","1","高雄市","鳳山區","120.325","22.595","1102"
"457","83650","20220620030000","499","0","高雄市","前鎮區","120.320","22.595","496"
"1171","83651","20220620030000","1484","0","高雄市","小港區","120.360","22.565","1183"
"133","83652","20220620030000","109","2","高雄市","小港區(海)","120.335","22.550","160"
"274","83653","20220620030000","227","2","高雄市","小港區","120.335","22.555","296"
"312","83655","20220620030000","300","1","高雄市","小港區","120.340","22.560","314"
"42","83657","20220620030000","58","0","高雄市","小港區","120.370","22.530","45"
"91","83658","20220620030000","97","0","高雄市","小港區","120.365","22.535","79"
"17","83660","20220620030000","98","0","高雄市","小港區","120.370","22.540","19"
"26","83661","20220620030000","19","2","高雄市","小港區","120.375","22.540","27"
"282","83662","20220620030000","111","3","高雄市","小港區","120.370","22.545","292"
"38","83666","20220620030000","49","0","高雄市","小港區","120.375","22.545","41"
"15","83669","20220620030000","146","0","高雄市","小港區","120.375","22.550","13"
"245","83670","20220620030000","96","3","高雄市","小港區","120.370","22.555","238"
"48","83671","20220620030000","640","0","高雄市","小港區","120.365","22.560","56"
"650","83673","20220620030000","518","2","高雄市","小港區","120.375","22.560","673"
"544","83674","20220620030000","1091","0","高雄市","小港區","120.365","22.565","527"
"362","83675","20220620030000","371","0","高雄市","小港區","120.370","22.565","347"
"812","83677","20220620030000","1607","0","高雄市","小港區","120.355","22.570","848"
"726","83684","20220620030000","640","1","高雄市","大寮區","120.380","22.590","735"
"35","83692","20220620030000","505","0","高雄市","大寮區","120.385","22.590","42"
"589","83694","20220620030000","285","3","高雄市","大寮區","120.395","22.590","593"
"74","83701","20220620030000","80","0","高雄市","大寮區","120.420","22.585","75"
"21","83702","20220620030000","275","0","高雄市","大寮區","120.410","22.590","25"
"181","83703","20220620030000","91","3","高雄市","大寮區","120.415","22.590","181"
"906","83704","20220620030000","893","1","高雄市","大寮區","120.420","22.590","949"
"525","83705","20220620030000","423","2","高雄市","大寮區","120.410","22.595","493"
"426","83706","20220620030000","211","3","高雄市","大寮區","120.415","22.595","443"
"14","83712","20220620030000","75","0","高雄市","前鎮區","120.310","22.580","17"
"28","83713","20220620030000","629","0","高雄市","小港區","120.345","22.565","46"
"12","83764","20220620030000","12","1","臺東縣","大武鄉","120.935","22.435","16"
"78","83802","20220620030000","59","2","臺東縣","大武鄉","120.925","22.415","69"
"19","83805","20220620030000","523","0","高雄市","小港區","120.345","22.525","30"
"123","83815","20220620030000","106","1","高雄市","林園區","120.405","22.495","126"
"39","83819","20220620030000","50","0","高雄市","林園區","120.400","22.500","32"
"15","83820","20220620030000","159","0","高雄市","林園區","120.410","22.495","18"
"335","83822","20220620030000","329","1","高雄市","林園區","120.390","22.505","328"
"57","83828","20220620030000","36","3","高雄市","林園區","120.415","22.485","50"
"322","83831","20220620030000","407","0","高雄市","前鎮區","120.315","22.580","327"
"1562","83836","20220620030000","1077","2","高雄市","大寮區","120.405","22.545","1553"
"21","83838","20220620030000","124","0","高雄市","前鎮區","120.300","22.590","18"
"29","83839","20220620030000","263","0","高雄市","前鎮區","120.300","22.585","23"
"149","83840","20220620030000","95","3","高雄市","前鎮區","120.295","22.590","146"
"81","83842","20220620030000","207","0","高雄市","前鎮區","120.305","22.590","246"
"112","83843","20220620030000","82","2","高雄市","前鎮區","120.290","22.595","136"
"153","83844","20220620030000","102","3","高雄市","前鎮區","120.295","22.595","154"
"236","83845","20220620030000","261","0","高雄市","前鎮區","120.310","22.585","242"
"212","83862","20220620030000","159","2","臺東縣","達仁鄉","120.905","22.475","206"
"185","84086","20220620030000","123","3","臺東縣","達仁鄉","120.885","22.455","191"
"342","84511","20220620030000","271","2","臺東縣","金峰鄉","120.960","22.595","320"
"250","85294","20220620030000","146","3","臺東縣","太麻里鄉","120.960","22.530","218"
"480","85296","20220620030000","391","2","高雄市","林園區","120.410","22.480","503"
"12","85297","20220620030000","14","0","高雄市","林園區","120.395","22.490","11"
"385","85301","20220620030000","312","2","高雄市","林園區","120.360","22.505","397"
"488","85302","20220620030000","274","3","高雄市","林園區","120.365","22.505","484"
"356","85305","20220620030000","939","0","高雄市","小港區","120.335","22.560","365"
"395","85307","20220620030000","331","1","高雄市","鳳山區","120.345","22.585","379"
"492","85308","20220620030000","496","0","高雄市","鳳山區","120.355","22.590","593"
"549","85309","20220620030000","491","1","高雄市","鳳山區","120.360","22.590","554"
"78","85310","20220620030000","424","0","高雄市","鳳山區","120.365","22.590","77"
"1841","85311","20220620030000","1315","2","高雄市","鳳山區","120.355","22.595","1859"
"516","85315","20220620030000","263","3","高雄市","鳳山區","120.360","22.595","611"
"343","85322","20220620030000","672","0","高雄市","小港區","120.350","22.560","352"
"810","85323","20220620030000","616","2","高雄市","小港區","120.355","22.560","778"
"1821","85325","20220620030000","1414","2","高雄市","鳳山區","120.360","22.585","1843"
"91","85327","20220620030000","384","0","高雄市","小港區","120.370","22.570","73"
"113","85328","20220620030000","84","2","高雄市","小港區","120.355","22.565","102"
"419","85329","20220620030000","258","3","高雄市","小港區","120.375","22.570","421"
"43","85331","20220620030000","175","0","高雄市","小港區","120.370","22.575","40"
"817","85332","20220620030000","775","1","高雄市","小港區","120.375","22.575","800"
"63","85337","20220620030000","101","0","高雄市","小港區","120.355","22.540","65"
"71","85340","20220620030000","82","0","高雄市","小港區","120.350","22.540","75"
"232","85343","20220620030000","122","3","高雄市","小港區","120.360","22.540","219"
"52","85345","20220620030000","31","3","高雄市","小港區","120.340","22.545","35"
"214","85347","20220620030000","157","2","高雄市","小港區","120.350","22.545","191"
"36","85353","20220620030000","37","0","高雄市","小港區","120.350","22.550","51"
"93","85354","20220620030000","74","2","高雄市","小港區","120.355","22.550","71"
"173","85355","20220620030000","118","2","高雄市","小港區","120.360","22.550","179"
"16","85356","20220620030000","46","0","高雄市","小港區","120.345","22.555","20"
"258","85359","20220620030000","216","1","高雄市","小港區","120.355","22.555","235"
"283","85360","20220620030000","186","3","高雄市","小港區","120.345","22.560","284"
"101","85367","20220620030000","79","2","高雄市","小港區","120.345","22.530","94"
"32","85368","20220620030000","43","0","高雄市","小港區","120.350","22.530","31"
"141","85370","20220620030000","136","1","高雄市","小港區","120.355","22.530","143"
"249","85371","20220620030000","216","1","高雄市","小港區","120.360","22.530","249"
"102","85372","20220620030000","143","0","高雄市","小港區","120.335","22.535","135"
"110","85374","20220620030000","92","1","高雄市","小港區","120.345","22.535","100"
"88","85377","20220620030000","72","2","高雄市","小港區(海)","120.330","22.540","124"
"229","85382","20220620030000","115","3","高雄市","小港區","120.320","22.545","227"
"900","85384","20220620030000","827","1","高雄市","前鎮區","120.325","22.570","938"
"980","85385","20220620030000","1005","0","高雄市","前鎮區","120.325","22.575","903"
"498","85386","20220620030000","1285","0","高雄市","前鎮區","120.315","22.590","485"
"320","85387","20220620030000","301","1","高雄市","前鎮區","120.305","22.595","311"
"648","85389","20220620030000","652","0","高雄市","前鎮區","120.310","22.595","633"
"386","85391","20220620030000","252","3","高雄市","前鎮區","120.315","22.575","374"
"254","85392","20220620030000","176","2","高雄市","前鎮區","120.320","22.575","249"
"857","85393","20220620030000","1352","0","高雄市","前鎮區","120.325","22.580","862"
"649","85396","20220620030000","600","1","高雄市","前鎮區","120.330","22.585","639"
"491","85398","20220620030000","519","0","高雄市","鳳山區","120.340","22.585","531"
"174","85400","20220620030000","126","2","臺東縣","太麻里鄉","120.940","22.460","167"
"12","85417","20220620030000","10","2","臺東縣","太麻里鄉","120.950","22.480","18"
"55","85451","20220620030000","55","1","臺東縣","太麻里鄉","120.955","22.510","58"
"167","85475","20220620030000","93","3","臺東縣","太麻里鄉","120.935","22.520","175"
"413","85487","20220620030000","258","3","高雄市","鳳山區","120.325","22.585","390"
"943","85489","20220620030000","364","3","高雄市","鳳山區","120.350","22.590","942"
"1304","85490","20220620030000","1027","2","高雄市","鳳山區","120.345","22.595","1345"
"610","85491","20220620030000","768","0","高雄市","鳳山區","120.330","22.590","603"
"2416","85492","20220620030000","1502","3","高雄市","鳳山區","120.325","22.590","2402"
"1145","85493","20220620030000","825","2","高雄市","前鎮區","120.320","22.585","1171"
"616","85496","20220620030000","400","3","高雄市","前鎮區","120.330","22.580","605"
"488","85517","20220620030000","397","2","高雄市","大寮區","120.410","22.560","496"
"259","85519","20220620030000","181","2","高雄市","大寮區","120.420","22.560","251"
"327","85533","20220620030000","260","2","高雄市","大寮區","120.405","22.580","365"
"1295","85535","20220620030000","1233","1","高雄市","鳳山區","120.335","22.595","1299"
"142","85536","20220620030000","421","0","高雄市","小港區","120.360","22.570","148"
"713","85537","20220620030000","541","2","高雄市","林園區","120.385","22.490","704"
"525","85543","20220620030000","474","1","高雄市","鳳山區","120.330","22.595","552"
"245","85544","20220620030000","221","1","高雄市","小港區","120.355","22.515","223"
"87","85546","20220620030000","71","2","高雄市","小港區","120.360","22.525","78"
"400","85559","20220620030000","388","1","臺東縣","太麻里鄉","120.965","22.530","372"
"21","85590","20220620030000","16","2","臺東縣","太麻里鄉","120.965","22.545","25"
"270","85656","20220620030000","87","3","臺東縣","太麻里鄉","120.990","22.575","241"
"28","85660","20220620030000","68","0","臺東縣","太麻里鄉","120.990","22.580","29"
"763","85678","20220620030000","580","2","高雄市","鳳山區","120.350","22.595","764"
"275","85680","20220620030000","314","0","高雄市","鳳山區","120.340","22.595","267"
"551","85681","20220620030000","436","2","高雄市","林園區","120.375","22.500","560"
"1239","85683","20220620030000","1129","1","高雄市","林園區","120.385","22.500","1253"
"119","85684","20220620030000","430","0","高雄市","林園區","120.395","22.485","119"
"248","85685","20220620030000","226","1","高雄市","林園區","120.375","22.505","270"
"303","85689","20220620030000","1047","0","高雄市","前鎮區","120.310","22.590","311"
"671","85700","20220620030000","622","1","高雄市","小港區","120.340","22.565","684"
"308","85708","20220620030000","274","1","高雄市","小港區","120.380","22.545","299"
"73","85713","20220620030000","114","0","高雄市","小港區","120.390","22.545","71"
"451","85719","20220620030000","430","1","高雄市","小港區","120.385","22.555","461"
"535","85721","20220620030000","499","1","高雄市","小港區","120.390","22.560","523"
"167","85723","20220620030000","241","0","高雄市","小港區","120.380","22.555","186"
"353","85724","20220620030000","283","2","高雄市","小港區","120.380","22.560","351"
"176","85725","20220620030000","56","3","高雄市","小港區","120.385","22.560","188"
"140","85726","20220620030000","132","1","高雄市","小港區","120.380","22.565","139"
"172","85727","20220620030000","73","3","高雄市","小港區","120.385","22.565","173"
"516","85728","20220620030000","287","3","高雄市","大寮區","120.400","22.590","519"
"18","85729","20220620030000","57","0","高雄市","大寮區","120.390","22.595","18"
"46","85731","20220620030000","37","2","高雄市","大寮區","120.415","22.535","42"
"108","85751","20220620030000","82","2","高雄市","大寮區","120.425","22.555","103"
"215","85754","20220620030000","154","2","高雄市","大寮區","120.425","22.560","216"
"1143","85755","20220620030000","695","3","高雄市","前鎮區","120.315","22.585","1127"
"261","85756","20220620030000","181","2","高雄市","前鎮區","120.305","22.585","283"
"137","85758","20220620030000","255","0","高雄市","小港區","120.345","22.570","151"
"565","85759","20220620030000","1231","0","高雄市","小港區","120.350","22.570","588"
"287","85764","20220620030000","333","0","高雄市","小港區","120.350","22.575","281"
"331","85768","20220620030000","308","1","高雄市","小港區","120.350","22.580","319"
"648","85770","20220620030000","1028","0","高雄市","鳳山區","120.350","22.585","633"
"2249","85771","20220620030000","2287","0","高雄市","鳳山區","120.355","22.585","2180"
"1573","85772","20220620030000","1588","0","高雄市","小港區","120.350","22.565","1528"
"16","85776","20220620030000","27","0","高雄市","小港區","120.325","22.565","16"
"810","85777","20220620030000","687","1","高雄市","小港區","120.330","22.565","839"
"637","85778","20220620030000","480","2","高雄市","前鎮區","120.330","22.570","613"
"1071","85779","20220620030000","871","2","高雄市","小港區","120.335","22.570","1100"
"303","85780","20220620030000","145","3","高雄市","小港區","120.335","22.565","313"
"10","85783","20220620030000","190","0","高雄市","小港區","120.360","22.515","10"
"673","85790","20220620030000","574","1","高雄市","鳳山區","120.340","22.590","678"
"396","85791","20220620030000","340","1","高雄市","鳳山區","120.345","22.590","412"
"1506","85793","20220620030000","1260","1","高雄市","鳳山區","120.335","22.590","1494"
"520","85794","20220620030000","215","3","高雄市","前鎮區","120.335","22.585","527"
"102","85806","20220620030000","136","0","高雄市","小港區(海)","120.330","22.550","146"
"201","85816","20220620030000","91","3","高雄市","小港區(海)","120.315","22.550","175"
"94","85817","20220620030000","105","0","高雄市","旗津區","120.310","22.555","63"
"42","85821","20220620030000","54","0","高雄市","旗津區(海)","120.300","22.575","40"
"20","85823","20220620030000","49","0","高雄市","前鎮區(海)","120.295","22.585","20"
"139","85826","20220620030000","207","0","高雄市","旗津區(海)","120.295","22.580","139"
"245","85827","20220620030000","141","3","高雄市","旗津區","120.290","22.585","203"
"27","85829","20220620030000","101","0","高雄市","大寮區","120.430","22.560","27"
"27","85834","20220620030000","85","0","高雄市","大寮區","120.430","22.565","26"
"178","85835","20220620030000","157","1","高雄市","大寮區","120.435","22.565","194"
"123","85837","20220620030000","76","3","高雄市","大寮區","120.420","22.570","105"
"414","85839","20220620030000","347","1","高雄市","大寮區","120.430","22.570","375"
"17","85845","20220620030000","15","1","高雄市","大寮區","120.435","22.580","16"
"71","85858","20220620030000","54","2","高雄市","大寮區","120.410","22.575","58"
"297","85859","20220620030000","237","2","高雄市","大寮區","120.415","22.575","297"
"212","85864","20220620030000","184","1","高雄市","大寮區","120.420","22.580","200"
"205","85865","20220620030000","176","1","高雄市","大寮區","120.425","22.580","199"
"29","85866","20220620030000","203","0","高雄市","大寮區","120.430","22.580","26"
"50","85867","20220620030000","62","0","高雄市","大寮區","120.425","22.585","51"
"22","85869","20220620030000","23","0","高雄市","大寮區","120.435","22.585","25"
"15","85872","20220620030000","135","0","高雄市","大寮區","120.425","22.590","22"
"113","85873","20220620030000","118","0","高雄市","大寮區","120.430","22.590","111"
"25","85880","20220620030000","256","0","高雄市","大寮區","120.400","22.595","26"
"483","85881","20220620030000","448","1","高雄市","大寮區","120.405","22.595","597"
"265","85887","20220620030000","304","0","高雄市","前鎮區","120.320","22.570","288"
"146","85888","20220620030000","91","3","高雄市","前鎮區(海)","120.305","22.575","138"
"614","85894","20220620030000","359","3","高雄市","小港區","120.365","22.585","621"
"922","85896","20220620030000","665","2","高雄市","前鎮區","120.320","22.590","918"
"302","85897","20220620030000","318","0","高雄市","林園區","120.395","22.505","295"
"1521","85898","20220620030000","936","3","高雄市","林園區","120.395","22.510","1495"
"253","85910","20220620030000","189","2","高雄市","林園區","120.405","22.500","249"
"73","85911","20220620030000","78","0","高雄市","林園區","120.410","22.500","74"
"355","85915","20220620030000","295","2","高雄市","林園區","120.405","22.505","363"
"49","85916","20220620030000","29","3","高雄市","林園區","120.410","22.505","43"
"221","85920","20220620030000","201","1","高雄市","林園區","120.405","22.510","223"
"432","85929","20220620030000","276","3","高雄市","林園區","120.405","22.520","425"
"227","85936","20220620030000","215","1","高雄市","林園區","120.390","22.525","230"
"143","85937","20220620030000","168","0","高雄市","林園區","120.395","22.525","141"
"23","85945","20220620030000","94","0","高雄市","前鎮區","120.300","22.595","26"
"1125","85946","20220620030000","512","3","高雄市","前鎮區","120.325","22.600","1134"
"121","85948","20220620030000","464","0","高雄市","林園區","120.390","22.510","128"
"16","85949","20220620030000","17","0","高雄市","林園區","120.390","22.515","15"
"194","85950","20220620030000","196","0","高雄市","林園區","120.400","22.480","212"
"98","85953","20220620030000","75","2","高雄市","旗津區","120.310","22.560","118"
"59","85954","20220620030000","31","3","高雄市","旗津區","120.305","22.565","62"
"341","85955","20220620030000","319","1","高雄市","旗津區","120.300","22.570","361"
"54","85960","20220620030000","262","0","高雄市","林園區","120.395","22.530","56"
"231","85961","20220620030000","206","1","高雄市","林園區","120.400","22.530","231"
"19","85963","20220620030000","15","2","高雄市","林園區","120.385","22.505","20"
"56","85971","20220620030000","308","0","高雄市","旗津區","120.280","22.595","59"
"182","85972","20220620030000","110","3","高雄市","旗津區","120.285","22.585","206"
"198","85975","20220620030000","111","3","高雄市","旗津區","120.285","22.590","167"
"551","85978","20220620030000","413","2","高雄市","林園區","120.390","22.500","573"
"76","85982","20220620030000","803","0","高雄市","林園區","120.380","22.500","78"
"86","85983","20220620030000","682","0","高雄市","林園區","120.395","22.500","74"
"168","85988","20220620030000","131","2","高雄市","林園區","120.395","22.535","140"
"359","85989","20220620030000","216","3","高雄市","林園區","120.400","22.535","379"
"42","88407","20220620030000","90","0","高雄市","鼓山區","120.260","22.625","51"
"257","93129","20220620030000","139","3","臺東縣","綠島鄉","121.485","22.680","235"
"348","94971","20220620030000","136","3","高雄市","左營區","120.275","22.700","413"
"24","97490","20220620030000","460","0","屏東縣","屏東市","120.480","22.650","31"
"363","97491","20220620030000","329","1","屏東縣","屏東市","120.485","22.650","363"
"334","97497","20220620030000","536","0","屏東縣","屏東市","120.485","22.645","350"
"20","97500","20220620030000","15","2","屏東縣","屏東市","120.500","22.660","20"
"314","97501","20220620030000","304","1","屏東縣","屏東市","120.500","22.665","298"
"29","97502","20220620030000","272","0","屏東縣","九如鄉","120.490","22.730","29"
"1010","97503","20220620030000","827","2","屏東縣","九如鄉","120.490","22.735","1014"
"286","97504","20220620030000","197","2","屏東縣","九如鄉","120.490","22.710","266"
"23","97506","20220620030000","25","0","屏東縣","九如鄉","120.490","22.715","21"
"510","97516","20220620030000","366","2","屏東縣","九如鄉","120.500","22.735","515"
"85","97518","20220620030000","89","0","屏東縣","九如鄉","120.505","22.735","90"
"434","97519","20220620030000","394","1","屏東縣","屏東市","120.475","22.655","467"
"332","97520","20220620030000","140","3","屏東縣","屏東市","120.480","22.655","327"
"18","97528","20220620030000","21","0","屏東縣","屏東市","120.455","22.635","22"
"15","97529","20220620030000","15","1","屏東縣","屏東市","120.460","22.635","17"
"51","97542","20220620030000","42","2","屏東縣","屏東市","120.495","22.625","54"
"542","97544","20220620030000","478","1","屏東縣","屏東市","120.505","22.625","536"
"1940","97550","20220620030000","1686","1","屏東縣","長治鄉","120.510","22.680","2006"
"663","97552","20220620030000","433","3","屏東縣","屏東市","120.485","22.670","677"
"81","97565","20220620030000","66","2","屏東縣","內埔鄉","120.570","22.650","83"
"18","97566","20220620030000","118","0","屏東縣","內埔鄉","120.575","22.650","18"
"14","97567","20220620030000","26","0","屏東縣","內埔鄉","120.560","22.655","15"
"486","97588","20220620030000","197","3","屏東縣","屏東市","120.505","22.690","498"
"1346","97589","20220620030000","1489","0","屏東縣","屏東市","120.495","22.685","1495"
"22","97597","20220620030000","230","0","屏東縣","屏東市","120.510","22.700","21"
"38","97598","20220620030000","52","0","屏東縣","屏東市","120.495","22.705","47"
"179","97600","20220620030000","77","3","屏東縣","屏東市","120.505","22.705","188"
"1155","97606","20220620030000","1043","1","屏東縣","屏東市","120.475","22.660","1152"
"178","97607","20220620030000","369","0","屏東縣","屏東市","120.480","22.660","177"
"2332","97613","20220620030000","1337","3","屏東縣","屏東市","120.475","22.690","2411"
"67","97614","20220620030000","124","0","屏東縣","屏東市","120.470","22.690","79"
"22","97625","20220620030000","22","1","屏東縣","屏東市","120.485","22.700","12"
"312","97627","20220620030000","238","2","屏東縣","屏東市","120.480","22.670","307"
"270","97628","20220620030000","291","0","屏東縣","屏東市","120.495","22.670","295"
"332","97638","20220620030000","292","1","屏東縣","竹田鄉","120.525","22.605","314"
"733","97642","20220620030000","710","1","屏東縣","屏東市","120.495","22.665","762"
"503","97643","20220620030000","518","0","屏東縣","屏東市","120.480","22.640","503"
"486","97654","20220620030000","297","3","屏東縣","鹽埔鄉","120.605","22.725","489"
"13","97655","20220620030000","13","1","屏東縣","屏東市","120.500","22.650","17"
"48","97656","20220620030000","32","3","屏東縣","屏東市","120.505","22.650","40"
"555","97657","20220620030000","340","3","屏東縣","屏東市","120.480","22.675","505"
"1395","97658","20220620030000","800","3","屏東縣","屏東市","120.490","22.655","1385"
"530","97660","20220620030000","236","3","屏東縣","屏東市","120.490","22.660","533"
"68","97661","20220620030000","82","0","屏東縣","屏東市","120.495","22.660","71"
"154","97663","20220620030000","52","3","屏東縣","屏東市","120.460","22.665","179"
"37","97701","20220620030000","470","0","屏東縣","鹽埔鄉","120.540","22.730","27"
"47","97715","20220620030000","358","0","屏東縣","鹽埔鄉","120.555","22.735","27"
"162","97722","20220620030000","105","3","屏東縣","鹽埔鄉","120.520","22.735","161"
"85","97744","20220620030000","297","0","屏東縣","長治鄉","120.530","22.690","90"
"30","97746","20220620030000","25","2","屏東縣","長治鄉","120.530","22.695","33"
"362","97752","20220620030000","415","0","屏東縣","屏東市","120.485","22.655","354"
"346","97754","20220620030000","288","2","屏東縣","屏東市","120.490","22.675","333"
"237","97761","20220620030000","813","0","屏東縣","屏東市","120.470","22.655","221"
"28","97765","20220620030000","30","0","屏東縣","屏東市","120.510","22.645","25"
"860","97771","20220620030000","691","2","屏東縣","屏東市","120.495","22.680","856"
"798","97772","20220620030000","265","3","屏東縣","屏東市","120.495","22.675","818"
"155","97773","20220620030000","393","0","屏東縣","屏東市","120.500","22.685","161"
"1537","97774","20220620030000","1343","1","屏東縣","屏東市","120.505","22.685","1518"
"1036","97775","20220620030000","613","3","屏東縣","屏東市","120.510","22.685","1053"
"697","97777","20220620030000","469","2","屏東縣","屏東市","120.500","22.675","725"
"184","97783","20220620030000","85","3","屏東縣","內埔鄉","120.600","22.650","168"
"151","97786","20220620030000","639","0","屏東縣","內埔鄉","120.615","22.650","375"
"107","97791","20220620030000","642","0","屏東縣","內埔鄉","120.600","22.660","79"
"287","97800","20220620030000","181","3","屏東縣","麟洛鄉","120.535","22.650","269"
"135","97814","20220620030000","109","2","屏東縣","麟洛鄉","120.550","22.660","123"
"84","97818","20220620030000","85","0","屏東縣","麟洛鄉","120.535","22.665","80"
"22","97823","20220620030000","33","0","屏東縣","麟洛鄉","120.515","22.640","24"
"322","97842","20220620030000","235","2","屏東縣","麟洛鄉","120.520","22.645","336"
"22","97844","20220620030000","17","2","屏東縣","屏東市","120.515","22.650","20"
"37","97849","20220620030000","516","0","屏東縣","麟洛鄉","120.525","22.650","28"
"103","97851","20220620030000","532","0","屏東縣","麟洛鄉","120.520","22.655","94"
"53","97914","20220620030000","359","0","屏東縣","萬丹鄉","120.460","22.595","57"
"737","97916","20220620030000","607","2","屏東縣","屏東市","120.490","22.680","687"
"840","97917","20220620030000","552","3","屏東縣","屏東市","120.490","22.685","901"
"1279","97918","20220620030000","630","3","屏東縣","屏東市","120.490","22.690","1278"
"596","97919","20220620030000","606","0","屏東縣","屏東市","120.505","22.670","600"
"1518","97920","20220620030000","1408","1","屏東縣","長治鄉","120.510","22.670","1531"
"142","97925","20220620030000","362","0","屏東縣","長治鄉","120.545","22.690","151"
"399","97947","20220620030000","297","2","屏東縣","屏東市","120.475","22.680","402"
"128","97948","20220620030000","306","0","屏東縣","屏東市","120.480","22.680","134"
"82","97953","20220620030000","147","0","屏東縣","屏東市","120.465","22.685","80"
"299","97954","20220620030000","210","2","屏東縣","屏東市","120.470","22.685","286"
"223","97955","20220620030000","355","0","屏東縣","屏東市","120.475","22.685","215"
"812","97964","20220620030000","860","0","屏東縣","屏東市","120.510","22.655","852"
"416","97965","20220620030000","464","0","屏東縣","屏東市","120.505","22.660","420"
"203","97967","20220620030000","529","0","屏東縣","屏東市","120.515","22.660","207"
"723","97969","20220620030000","740","0","屏東縣","屏東市","120.505","22.665","743"
"32","97974","20220620030000","863","0","屏東縣","屏東市","120.505","22.675","38"
"428","97978","20220620030000","409","1","屏東縣","屏東市","120.475","22.670","426"
"476","97984","20220620030000","364","2","屏東縣","萬丹鄉","120.485","22.610","467"
"325","97985","20220620030000","229","2","屏東縣","萬丹鄉","120.490","22.610","324"
"51","97991","20220620030000","217","0","屏東縣","萬丹鄉","120.490","22.620","59"
"16","98035","20220620030000","14","1","屏東縣","泰武鄉","120.700","22.610","21"
"23","98173","20220620030000","109","0","屏東縣","泰武鄉","120.640","22.625","27"
"133","98233","20220620030000","466","0","屏東縣","萬丹鄉","120.470","22.620","133"
"177","98245","20220620030000","144","2","屏東縣","萬丹鄉","120.470","22.610","180"
"202","98249","20220620030000","145","2","屏東縣","內埔鄉","120.600","22.675","201"
"158","98252","20220620030000","74","3","屏東縣","內埔鄉","120.585","22.640","160"
"72","98255","20220620030000","650","0","屏東縣","內埔鄉","120.590","22.645","57"
"330","98266","20220620030000","131","3","屏東縣","瑪家鄉","120.650","22.700","329"
"366","98270","20220620030000","296","2","屏東縣","內埔鄉","120.645","22.705","326"
"963","98276","20220620030000","751","2","屏東縣","內埔鄉","120.565","22.635","979"
"206","98277","20220620030000","187","1","屏東縣","內埔鄉","120.545","22.640","205"
"644","98281","20220620030000","442","2","屏東縣","麟洛鄉","120.540","22.645","662"
"347","98298","20220620030000","425","0","屏東縣","內埔鄉","120.555","22.600","348"
"985","98309","20220620030000","674","2","屏東縣","內埔鄉","120.595","22.630","950"
"366","98311","20220620030000","205","3","屏東縣","內埔鄉","120.590","22.635","339"
"92","98316","20220620030000","378","0","屏東縣","內埔鄉","120.600","22.640","92"
"11","98321","20220620030000","85","0","屏東縣","內埔鄉","120.605","22.645","10"
"12","98322","20220620030000","114","0","屏東縣","內埔鄉","120.610","22.645","12"
"157","98328","20220620030000","76","3","屏東縣","瑪家鄉","120.630","22.650","139"
"16","98341","20220620030000","297","0","屏東縣","內埔鄉","120.580","22.620","13"
"33","98346","20220620030000","32","1","屏東縣","內埔鄉","120.545","22.630","36"
"54","98348","20220620030000","290","0","屏東縣","內埔鄉","120.540","22.635","49"
"374","98362","20220620030000","159","3","屏東縣","內埔鄉","120.640","22.695","358"
"73","98378","20220620030000","356","0","屏東縣","長治鄉","120.550","22.680","80"
"31","98380","20220620030000","25","2","屏東縣","長治鄉","120.540","22.685","40"
"85","98392","20220620030000","459","0","屏東縣","長治鄉","120.550","22.695","95"
"45","98396","20220620030000","28","3","屏東縣","長治鄉","120.535","22.705","44"
"114","98407","20220620030000","128","0","屏東縣","長治鄉","120.545","22.710","132"
"46","98408","20220620030000","240","0","屏東縣","長治鄉","120.525","22.715","49"
"26","98410","20220620030000","80","0","屏東縣","長治鄉","120.535","22.715","28"
"78","98418","20220620030000","338","0","屏東縣","萬丹鄉","120.470","22.615","80"
"158","98422","20220620030000","120","2","屏東縣","萬丹鄉","120.520","22.595","162"
"212","98443","20220620030000","217","0","屏東縣","屏東市","120.495","22.640","208"
"425","98446","20220620030000","353","2","屏東縣","屏東市","120.490","22.645","416"
"223","98453","20220620030000","149","2","屏東縣","屏東市","120.485","22.625","198"
"466","98457","20220620030000","510","0","屏東縣","屏東市","120.480","22.635","472"
"18","98458","20220620030000","25","0","屏東縣","屏東市","120.485","22.635","20"
"250","98459","20220620030000","227","1","屏東縣","屏東市","120.490","22.635","242"
"25","98460","20220620030000","321","0","屏東縣","屏東市","120.485","22.640","24"
"53","98462","20220620030000","411","0","屏東縣","內埔鄉","120.565","22.610","65"
"23","98463","20220620030000","25","0","屏東縣","內埔鄉","120.570","22.610","22"
"1069","98464","20220620030000","893","1","屏東縣","內埔鄉","120.570","22.615","1076"
"564","98467","20220620030000","631","0","屏東縣","內埔鄉","120.560","22.605","549"
"21","98471","20220620030000","291","0","屏東縣","內埔鄉","120.560","22.600","27"
"333","98472","20220620030000","390","0","屏東縣","內埔鄉","120.565","22.600","346"
"32","98486","20220620030000","156","0","屏東縣","內埔鄉","120.595","22.675","33"
"876","98496","20220620030000","931","0","屏東縣","屏東市","120.485","22.685","852"
"1197","98497","20220620030000","392","3","屏東縣","屏東市","120.480","22.690","1196"
"750","98498","20220620030000","837","0","屏東縣","屏東市","120.485","22.690","775"
"941","98502","20220620030000","769","2","屏東縣","內埔鄉","120.545","22.625","950"
"20","98511","20220620030000","12","3","屏東縣","內埔鄉","120.570","22.640","17"
"872","98532","20220620030000","635","2","屏東縣","內埔鄉","120.560","22.620","851"
"540","98533","20220620030000","473","1","屏東縣","內埔鄉","120.565","22.620","540"
"306","98544","20220620030000","279","1","屏東縣","內埔鄉","120.600","22.690","283"
"331","98558","20220620030000","328","1","屏東縣","內埔鄉","120.610","22.700","331"
"19","98563","20220620030000","11","3","屏東縣","內埔鄉","120.600","22.665","22"
"365","98589","20220620030000","370","0","屏東縣","屏東市","120.505","22.695","376"
"174","98591","20220620030000","133","2","屏東縣","屏東市","120.445","22.640","173"
"348","98594","20220620030000","264","2","屏東縣","屏東市","120.460","22.640","346"
"67","98598","20220620030000","51","2","屏東縣","屏東市","120.455","22.645","71"
"338","98607","20220620030000","256","2","屏東縣","屏東市","120.465","22.650","327"
"266","98633","20220620030000","181","2","屏東縣","三地門鄉","120.640","22.715","244"
"376","98636","20220620030000","414","0","屏東縣","三地門鄉","120.655","22.715","439"
"65","98648","20220620030000","69","0","屏東縣","三地門鄉","120.670","22.720","69"
"305","98723","20220620030000","254","2","屏東縣","屏東市","120.495","22.690","299"
"700","98724","20220620030000","378","3","屏東縣","屏東市","120.500","22.690","687"
"846","98725","20220620030000","657","2","屏東縣","屏東市","120.480","22.665","889"
"457","98726","20220620030000","262","3","屏東縣","屏東市","120.495","22.695","477"
"257","98729","20220620030000","231","1","屏東縣","屏東市","120.500","22.695","261"
"749","98734","20220620030000","304","3","屏東縣","屏東市","120.490","22.670","742"
"86","98776","20220620030000","53","3","屏東縣","萬巒鄉","120.625","22.630","76"
"65","98782","20220620030000","41","3","屏東縣","萬巒鄉","120.625","22.640","65"
"49","98803","20220620030000","65","0","屏東縣","萬巒鄉","120.615","22.605","43"
"496","98804","20220620030000","271","3","屏東縣","萬巒鄉","120.620","22.605","445"
"72","98822","20220620030000","57","2","屏東縣","長治鄉","120.535","22.670","75"
"1311","98826","20220620030000","903","2","屏東縣","長治鄉","120.525","22.675","1294"
"259","98837","20220620030000","250","1","屏東縣","長治鄉","120.515","22.685","254"
"46","98842","20220620030000","938","0","屏東縣","長治鄉","120.510","22.665","47"
"428","98843","20220620030000","437","0","屏東縣","長治鄉","120.515","22.665","432"
"24","98844","20220620030000","32","0","屏東縣","長治鄉","120.520","22.665","28"
"13","98884","20220620030000","21","0","屏東縣","瑪家鄉","120.705","22.675","13"
"156","98968","20220620030000","113","2","屏東縣","瑪家鄉","120.670","22.675","145"
"26","99003","20220620030000","27","0","屏東縣","瑪家鄉","120.655","22.705","23"
"100","99078","20220620030000","111","0","屏東縣","瑪家鄉","120.640","22.685","102"
"96","99094","20220620030000","75","2","屏東縣","竹田鄉","120.530","22.630","97"
"165","99099","20220620030000","162","1","屏東縣","竹田鄉","120.535","22.640","178"
"17","99104","20220620030000","19","0","屏東縣","竹田鄉","120.545","22.600","16"
"231","99110","20220620030000","233","0","屏東縣","竹田鄉","120.520","22.615","248"
"222","99116","20220620030000","273","0","屏東縣","竹田鄉","120.525","22.620","229"
"76","99293","20220620030000","483","0","屏東縣","萬丹鄉","120.465","22.605","78"
"304","99294","20220620030000","215","2","屏東縣","萬丹鄉","120.470","22.605","294"
"671","99299","20220620030000","669","1","屏東縣","萬丹鄉","120.495","22.595","662"
"543","99310","20220620030000","530","1","屏東縣","長治鄉","120.520","22.680","566"
"74","99313","20220620030000","107","0","屏東縣","長治鄉","120.525","22.685","61"
"15","99317","20220620030000","283","0","屏東縣","長治鄉","120.565","22.670","13"
"709","99340","20220620030000","392","3","屏東縣","長治鄉","120.590","22.695","712"
"350","99352","20220620030000","488","0","屏東縣","長治鄉","120.575","22.705","389"
"82","99358","20220620030000","59","2","屏東縣","長治鄉","120.580","22.710","92"
"31","99371","20220620030000","24","2","屏東縣","鹽埔鄉","120.580","22.720","35"
"106","99390","20220620030000","91","1","屏東縣","長治鄉","120.570","22.700","107"
"10","99551","20220620030000","38","0","屏東縣","霧台鄉","120.755","22.730","10"
"12","99607","20220620030000","13","0","屏東縣","高樹鄉","120.630","22.735","14"
"53","99617","20220620030000","38","2","屏東縣","萬丹鄉","120.450","22.620","58"
"17","99627","20220620030000","284","0","屏東縣","萬丹鄉","120.465","22.625","21"
"26","99670","20220620030000","129","0","屏東縣","九如鄉","120.485","22.735","33"
"892","99671","20220620030000","848","1","屏東縣","屏東市","120.490","22.665","845"
"12","99677","20220620030000","12","1","屏東縣","屏東市","120.485","22.705","12"
"16","99680","20220620030000","132","0","屏東縣","九如鄉","120.480","22.710","13"
"294","99690","20220620030000","162","3","屏東縣","九如鄉","120.520","22.710","307"
"307","99716","20220620030000","220","2","臺東縣","綠島鄉","121.470","22.670","257"
"386","99719","20220620030000","168","3","臺東縣","綠島鄉","121.470","22.675","355"
"12","99724","20220620030000","16","0","臺東縣","綠島鄉","121.495","22.640","12"
"87","99732","20220620030000","74","1","臺東縣","綠島鄉","121.500","22.645","83"
"47","99739","20220620030000","19","3","臺東縣","綠島鄉","121.505","22.655","24"
"324","99759","20220620030000","108","3","臺東縣","綠島鄉","121.490","22.675","308"
"20","99760","20220620030000","24","0","臺東縣","綠島鄉","121.495","22.675","25"
"57","99762","20220620030000","50","1","臺東縣","綠島鄉","121.505","22.675","105"
"101","99767","20220620030000","43","3","臺東縣","綠島鄉","121.475","22.650","77"
"96","99769","20220620030000","76","2","臺東縣","綠島鄉","121.485","22.650","69"
"178","99774","20220620030000","212","0","臺東縣","綠島鄉","121.475","22.660","197"
"269","99777","20220620030000","144","3","臺東縣","綠島鄉","121.470","22.665","164"
"685","99779","20220620030000","493","2","臺東縣","綠島鄉","121.465","22.670","649"
"516","99780","20220620030000","325","3","高雄市","楠梓區","120.295","22.715","506"
"145","99782","20220620030000","186","0","高雄市","楠梓區","120.305","22.710","152"
"890","99783","20220620030000","533","3","高雄市","楠梓區","120.300","22.715","884"
"460","99784","20220620030000","404","1","高雄市","楠梓區","120.305","22.715","464"
"88","99785","20220620030000","372","0","高雄市","楠梓區","120.310","22.715","99"
"350","99787","20220620030000","357","0","高雄市","前金區","120.290","22.625","342"
"1098","99788","20220620030000","700","3","高雄市","前金區","120.300","22.620","1113"
"519","99792","20220620030000","547","0","臺東縣","臺東市","121.050","22.705","518"
"406","99796","20220620030000","376","1","臺東縣","臺東市","121.040","22.705","412"
"750","99800","20220620030000","430","3","臺東縣","臺東市","121.045","22.710","731"
"318","99817","20220620030000","261","2","臺東縣","臺東市","121.060","22.710","334"
"711","99819","20220620030000","610","1","臺東縣","臺東市","121.070","22.710","638"
"135","99837","20220620030000","101","2","臺東縣","臺東市","121.070","22.720","123"
"33","99854","20220620030000","59","0","臺東縣","臺東市","121.085","22.730","41"
"55","99856","20220620030000","53","1","高雄市","大寮區","120.415","22.620","49"
"37","99859","20220620030000","28","2","高雄市","大寮區","120.430","22.620","40"
"221","99862","20220620030000","210","1","高雄市","大寮區","120.425","22.625","227"
"2395","99875","20220620030000","1444","3","高雄市","鳥松區","120.335","22.655","2350"
"562","99876","20220620030000","753","0","高雄市","前鎮區","120.315","22.595","548"
"1080","99877","20220620030000","826","2","高雄市","三民區","120.320","22.670","1105"
"275","99885","20220620030000","283","0","臺東縣","臺東市","121.055","22.725","290"
"980","99892","20220620030000","768","2","高雄市","前鎮區","120.305","22.605","948"
"1514","99893","20220620030000","973","3","高雄市","前鎮區","120.315","22.615","1536"
"1461","99894","20220620030000","1111","2","高雄市","前鎮區","120.305","22.600","1448"
"1643","99895","20220620030000","1828","0","高雄市","前鎮區","120.330","22.610","1608"
"19","99897","20220620030000","53","0","高雄市","仁武區","120.330","22.705","20"
"682","99898","20220620030000","466","2","高雄市","仁武區","120.335","22.705","686"
"357","99899","20220620030000","285","2","高雄市","仁武區","120.330","22.710","336"
"295","99900","20220620030000","180","3","高雄市","仁武區","120.335","22.710","289"
"196","99902","20220620030000","172","1","高雄市","楠梓區","120.330","22.720","190"
"34","99905","20220620030000","660","0","高雄市","仁武區","120.355","22.680","30"
"348","99906","20220620030000","1334","0","高雄市","仁武區","120.355","22.685","356"
"684","99908","20220620030000","656","1","高雄市","仁武區","120.345","22.685","638"
"101","99912","20220620030000","78","2","高雄市","仁武區","120.365","22.690","99"
"14","99913","20220620030000","11","2","高雄市","仁武區","120.370","22.690","14"
"157","99914","20220620030000","142","1","高雄市","仁武區","120.375","22.690","166"
"117","99919","20220620030000","91","2","高雄市","仁武區","120.375","22.695","111"
"388","99924","20220620030000","321","2","高雄市","仁武區","120.365","22.700","388"
"143","99927","20220620030000","89","3","高雄市","仁武區","120.380","22.700","138"
"308","99930","20220620030000","174","3","高雄市","仁武區","120.395","22.700","300"
"2118","99933","20220620030000","1761","2","高雄市","鹽埕區","120.285","22.630","2104"
"1626","99935","20220620030000","1647","0","高雄市","楠梓區","120.325","22.725","1671"
"437","99936","20220620030000","238","3","高雄市","楠梓區","120.315","22.735","436"
"923","99937","20220620030000","753","2","高雄市","楠梓區","120.320","22.730","870"
"1498","99940","20220620030000","1154","2","高雄市","楠梓區","120.300","22.710","1525"
"1837","99941","20220620030000","1730","1","高雄市","三民區","120.320","22.650","1861"
"2274","99942","20220620030000","1976","1","高雄市","前金區","120.295","22.630","2259"
"605","99943","20220620030000","731","0","高雄市","三民區","120.290","22.645","607"
"67","99944","20220620030000","725","0","高雄市","鳳山區","120.375","22.635","55"
"2173","99945","20220620030000","1340","3","高雄市","鳳山區","120.365","22.625","2102"
"782","99946","20220620030000","456","3","高雄市","鳳山區","120.370","22.625","807"
"32","99951","20220620030000","193","0","高雄市","大樹區","120.420","22.695","33"
"14","99964","20220620030000","15","0","高雄市","大樹區","120.410","22.690","15"
"11","99968","20220620030000","11","1","高雄市","大樹區","120.405","22.690","15"
"57","99973","20220620030000","48","1","高雄市","大樹區","120.400","22.700","57"
"104","99976","20220620030000","120","0","高雄市","大社區","120.340","22.725","103"
"254","99979","20220620030000","477","0","高雄市","大社區","120.345","22.725","250"
"20","99983","20220620030000","403","0","高雄市","左營區","120.300","22.685","18"
"469","99984","20220620030000","479","0","高雄市","左營區","120.305","22.690","433"
"1469","99985","20220620030000","878","3","高雄市","左營區","120.310","22.685","1504"
"1348","99987","20220620030000","512","3","高雄市","左營區","120.315","22.690","1312"
"1030","99989","20220620030000","849","2","高雄市","新興區","120.305","22.630","1029"
"129","99990","20220620030000","210","0","高雄市","大寮區","120.385","22.615","127"
"834","99993","20220620030000","1066","0","高雄市","大寮區","120.380","22.620","859"
"517","99994","20220620030000","224","3","高雄市","大寮區","120.385","22.620","502"
"22","99999","20220620030000","13","3","高雄市","大寮區","120.375","22.600","12"
"1848","100002","20220620030000","1702","1","高雄市","三民區","120.295","22.635","1866"
"800","100003","20220620030000","648","2","高雄市","前金區","120.300","22.625","813"
"1337","100004","20220620030000","1377","0","高雄市","新興區","120.300","22.630","1372"
"559","100005","20220620030000","818","0","高雄市","大寮區","120.385","22.600","548"
"885","100007","20220620030000","743","1","高雄市","大寮區","120.385","22.610","900"
"106","100010","20220620030000","432","0","高雄市","苓雅區","120.330","22.625","106"
"3275","100011","20220620030000","2642","2","高雄市","鳳山區","120.360","22.635","3337"
"899","100012","20220620030000","801","1","高雄市","鳳山區","120.365","22.630","865"
"356","100013","20220620030000","318","1","高雄市","鳳山區","120.375","22.640","341"
"393","100014","20220620030000","897","0","高雄市","鳳山區","120.350","22.615","382"
"2135","100015","20220620030000","1472","2","高雄市","楠梓區","120.300","22.725","2166"
"1421","100016","20220620030000","1080","2","高雄市","橋頭區","120.300","22.730","1408"
"849","100017","20220620030000","1385","0","高雄市","橋頭區","120.305","22.730","836"
"716","100019","20220620030000","1344","0","高雄市","鳳山區","120.345","22.615","732"
"687","100021","20220620030000","238","3","高雄市","楠梓區","120.285","22.725","733"
"335","100022","20220620030000","1218","0","高雄市","楠梓區","120.290","22.725","314"
"785","100023","20220620030000","561","2","高雄市","橋頭區","120.295","22.730","763"
"301","100025","20220620030000","282","1","高雄市","楠梓區","120.285","22.730","332"
"19","100026","20220620030000","13","2","高雄市","楠梓區","120.290","22.730","14"
"1413","100028","20220620030000","1507","0","高雄市","楠梓區","120.290","22.715","1414"
"1548","100029","20220620030000","1564","0","高雄市","楠梓區","120.290","22.720","1548"
"1031","100032","20220620030000","1195","0","高雄市","苓雅區","120.300","22.610","985"
"1285","100033","20220620030000","1253","1","高雄市","苓雅區","120.335","22.625","1287"
"2788","100034","20220620030000","2421","1","高雄市","前鎮區","120.310","22.615","2802"
"236","100038","20220620030000","142","3","高雄市","大寮區","120.405","22.640","276"
"360","100039","20220620030000","269","2","高雄市","大寮區","120.410","22.640","339"
"2997","100044","20220620030000","1860","3","高雄市","三民區","120.325","22.650","2944"
"943","100045","20220620030000","514","3","高雄市","三民區","120.320","22.655","967"
"841","100047","20220620030000","1468","0","高雄市","鳳山區","120.380","22.630","848"
"4801","100048","20220620030000","3622","2","高雄市","苓雅區","120.320","22.620","4825"
"2041","100049","20220620030000","2699","0","高雄市","新興區","120.310","22.630","2078"
"433","100050","20220620030000","438","0","高雄市","三民區","120.315","22.650","442"
"539","100052","20220620030000","604","0","高雄市","三民區","120.315","22.655","559"
"2283","100053","20220620030000","1101","3","高雄市","三民區","120.330","22.640","2292"
"1616","100054","20220620030000","623","3","高雄市","三民區","120.315","22.640","1635"
"137","100057","20220620030000","216","0","高雄市","前鎮區","120.285","22.605","138"
"125","100058","20220620030000","103","2","高雄市","前鎮區","120.290","22.605","132"
"425","100059","20220620030000","163","3","高雄市","前鎮區","120.300","22.605","460"
"76","100071","20220620030000","38","3","臺東縣","太麻里鄉","121.025","22.670","81"
"141","100074","20220620030000","75","3","臺東縣","太麻里鄉","121.040","22.670","136"
"103","100530","20220620030000","81","2","臺東縣","金峰鄉","120.950","22.640","93"
"131","100729","20220620030000","61","3","臺東縣","金峰鄉","121.000","22.635","120"
"660","100742","20220620030000","586","1","高雄市","鳳山區","120.360","22.625","703"
"971","100743","20220620030000","1363","0","高雄市","三民區","120.305","22.640","983"
"119","100744","20220620030000","1050","0","高雄市","楠梓區","120.295","22.725","110"
"2069","100745","20220620030000","1256","3","高雄市","楠梓區","120.300","22.720","2108"
"106","100746","20220620030000","98","1","高雄市","鳳山區","120.365","22.605","93"
"1314","100747","20220620030000","1307","1","高雄市","鳳山區","120.360","22.610","1295"
"718","100753","20220620030000","485","2","高雄市","鳳山區","120.355","22.605","677"
"160","100755","20220620030000","71","3","高雄市","鳳山區","120.365","22.615","134"
"92","100759","20220620030000","61","3","高雄市","左營區","120.295","22.695","96"
"89","100760","20220620030000","84","1","高雄市","左營區","120.295","22.700","90"
"1794","100762","20220620030000","1352","2","高雄市","三民區","120.315","22.645","1807"
"2728","100764","20220620030000","1932","2","高雄市","三民區","120.310","22.640","2797"
"1715","100765","20220620030000","1537","1","高雄市","前金區","120.290","22.630","1738"
"1784","100766","20220620030000","703","3","高雄市","三民區","120.295","22.645","1749"
"75","100767","20220620030000","51","2","高雄市","仁武區","120.340","22.705","73"
"137","100768","20220620030000","846","0","高雄市","仁武區","120.345","22.705","142"
"142","100771","20220620030000","126","1","高雄市","仁武區","120.340","22.715","142"
"1076","100773","20220620030000","960","1","高雄市","仁武區","120.350","22.690","1049"
"910","100775","20220620030000","535","3","高雄市","仁武區","120.350","22.695","895"
"36","100777","20220620030000","543","0","高雄市","仁武區","120.355","22.700","34"
"53","100778","20220620030000","53","1","高雄市","仁武區","120.350","22.705","53"
"242","100779","20220620030000","196","2","高雄市","仁武區","120.355","22.705","240"
"405","100781","20220620030000","393","1","高雄市","仁武區","120.350","22.710","399"
"130","100783","20220620030000","92","2","高雄市","仁武區","120.345","22.715","119"
"64","100784","20220620030000","120","0","高雄市","仁武區","120.350","22.715","72"
"1207","100786","20220620030000","1520","0","高雄市","前鎮區","120.335","22.605","1184"
"2853","100787","20220620030000","2469","1","高雄市","前鎮區","120.330","22.600","2844"
"2463","100788","20220620030000","1960","2","高雄市","三民區","120.335","22.650","2462"
"928","100789","20220620030000","859","1","高雄市","三民區","120.325","22.655","923"
"25","100790","20220620030000","20","2","臺東縣","太麻里鄉","120.975","22.600","29"
"661","100808","20220620030000","690","0","臺東縣","太麻里鄉","121.005","22.610","624"
"2456","100829","20220620030000","2024","2","高雄市","苓雅區","120.340","22.630","2449"
"1878","100830","20220620030000","1785","1","高雄市","鳳山區","120.345","22.630","1918"
"1245","100831","20220620030000","2440","0","高雄市","鳳山區","120.365","22.640","1276"
"2423","100832","20220620030000","1463","3","高雄市","苓雅區","120.325","22.615","2427"
"1745","100833","20220620030000","1186","2","高雄市","左營區","120.305","22.660","1717"
"2827","100834","20220620030000","2577","1","高雄市","左營區","120.310","22.660","2899"
"2704","100835","20220620030000","2438","1","高雄市","左營區","120.305","22.665","2697"
"1879","100836","20220620030000","2325","0","高雄市","左營區","120.310","22.665","1837"
"2030","100837","20220620030000","2321","0","高雄市","左營區","120.300","22.670","1984"
"1055","100838","20220620030000","818","2","高雄市","左營區","120.305","22.670","1092"
"2482","100839","20220620030000","1944","2","高雄市","左營區","120.300","22.680","2490"
"1637","100842","20220620030000","1376","1","高雄市","新興區","120.305","22.635","1646"
"72","100844","20220620030000","21","3","高雄市","大寮區","120.385","22.635","40"
"2004","100848","20220620030000","1553","2","高雄市","大寮區","120.395","22.640","1974"
"2516","100851","20220620030000","1857","2","高雄市","三民區","120.325","22.675","2574"
"1964","100852","20220620030000","1796","1","高雄市","三民區","120.325","22.660","2006"
"2442","100853","20220620030000","1709","2","高雄市","三民區","120.330","22.660","2424"
"1486","100854","20220620030000","2456","0","高雄市","三民區","120.325","22.665","1482"
"16","100855","20220620030000","382","0","高雄市","鳥松區","120.335","22.665","14"
"48","100856","20220620030000","609","0","高雄市","三民區","120.330","22.665","53"
"494","100858","20220620030000","448","1","高雄市","三民區","120.330","22.670","487"
"2738","100860","20220620030000","2571","1","高雄市","三民區","120.335","22.645","2669"
"112","100861","20220620030000","63","3","高雄市","前鎮區","120.310","22.605","103"
"2499","100862","20220620030000","2895","0","高雄市","前鎮區","120.310","22.610","2448"
"684","100863","20220620030000","1063","0","高雄市","前鎮區","120.315","22.610","679"
"362","100864","20220620030000","191","3","高雄市","左營區","120.290","22.700","281"
"1307","100865","20220620030000","1132","1","高雄市","左營區","120.285","22.680","1391"
"717","100866","20220620030000","424","3","高雄市","左營區","120.290","22.680","695"
"839","100867","20220620030000","872","0","高雄市","鳳山區","120.350","22.640","816"
"2123","100868","20220620030000","1228","3","高雄市","鳳山區","120.350","22.630","2176"
"876","100869","20220620030000","1303","0","高雄市","鳳山區","120.350","22.645","876"
"1362","100870","20220620030000","1668","0","高雄市","鳳山區","120.350","22.635","1351"
"2160","100871","20220620030000","1893","1","高雄市","苓雅區","120.335","22.620","2142"
"1033","100872","20220620030000","2117","0","高雄市","鳳山區","120.340","22.600","1058"
"2828","100873","20220620030000","1363","3","高雄市","三民區","120.320","22.645","2820"
"1829","100874","20220620030000","1793","1","高雄市","三民區","120.325","22.645","1826"
"2133","100875","20220620030000","1066","3","高雄市","三民區","120.290","22.635","2058"
"1651","100877","20220620030000","1669","0","高雄市","三民區","120.325","22.670","1636"
"1159","100878","20220620030000","1508","0","高雄市","三民區","120.315","22.660","1159"
"1483","100879","20220620030000","1748","0","高雄市","三民區","120.320","22.660","1468"
"2248","100880","20220620030000","3256","0","高雄市","三民區","120.315","22.665","2266"
"150","100881","20220620030000","1826","0","高雄市","三民區","120.320","22.665","159"
"1168","100883","20220620030000","615","3","高雄市","前鎮區","120.305","22.610","1039"
"254","100888","20220620030000","677","0","高雄市","大寮區","120.390","22.625","174"
"2649","100890","20220620030000","1981","2","高雄市","三民區","120.335","22.640","2654"
"2653","100891","20220620030000","2665","0","高雄市","鳳山區","120.345","22.635","2666"
"559","100909","20220620030000","535","1","臺東縣","臺東市","121.055","22.705","536"
"186","100915","20220620030000","161","1","臺東縣","太麻里鄉","121.010","22.625","209"
"41","100925","20220620030000","37","1","臺東縣","太麻里鄉","121.015","22.640","37"
"355","100938","20220620030000","356","0","臺東縣","臺東市","121.100","22.725","351"
"172","100946","20220620030000","418","0","高雄市","鳥松區","120.350","22.665","171"
"1445","100947","20220620030000","732","3","高雄市","鳥松區","120.355","22.665","1425"
"355","100948","20220620030000","332","1","高雄市","鳥松區","120.360","22.665","337"
"57","100954","20220620030000","87","0","高雄市","仁武區","120.370","22.680","45"
"10","100961","20220620030000","12","0","高雄市","鳥松區","120.380","22.685","10"
"450","100966","20220620030000","356","2","高雄市","鳥松區","120.395","22.665","475"
"28","100969","20220620030000","69","0","高雄市","鳥松區","120.390","22.675","30"
"1637","100974","20220620030000","1726","0","高雄市","三民區","120.340","22.645","1635"
"275","100975","20220620030000","214","2","高雄市","鳥松區","120.345","22.655","265"
"688","100977","20220620030000","407","3","高雄市","鳥松區","120.340","22.655","648"
"356","100978","20220620030000","166","3","高雄市","鳥松區","120.340","22.660","392"
"350","100982","20220620030000","467","0","高雄市","鳥松區","120.390","22.660","359"
"421","100983","20220620030000","400","1","高雄市","鳥松區","120.395","22.660","419"
"86","100986","20220620030000","1353","0","高雄市","鳳山區","120.360","22.640","92"
"1106","100987","20220620030000","1186","0","高雄市","鳥松區","120.355","22.645","1108"
"155","100988","20220620030000","191","0","高雄市","鳳山區","120.360","22.645","165"
"498","100989","20220620030000","265","3","高雄市","鳥松區","120.365","22.645","500"
"791","100992","20220620030000","640","2","高雄市","鳥松區","120.355","22.650","793"
"467","100995","20220620030000","437","1","高雄市","鳥松區","120.370","22.650","469"
"92","100997","20220620030000","102","0","高雄市","鳥松區","120.355","22.655","85"
"1122","100998","20220620030000","843","2","高雄市","鳥松區","120.360","22.655","1127"
"539","101004","20220620030000","469","1","高雄市","鳥松區","120.360","22.660","546"
"558","101009","20220620030000","515","1","高雄市","鳥松區","120.370","22.665","566"
"50","101010","20220620030000","82","0","高雄市","鳥松區","120.340","22.665","52"
"509","101014","20220620030000","394","2","高雄市","鳥松區","120.370","22.670","504"
"349","101017","20220620030000","224","3","高雄市","鳥松區","120.380","22.655","338"
"219","101018","20220620030000","102","3","高雄市","鳥松區","120.385","22.655","215"
"78","101019","20220620030000","62","2","高雄市","鳥松區","120.370","22.660","76"
"273","101021","20220620030000","269","1","高雄市","鳥松區","120.380","22.660","273"
"11","101023","20220620030000","10","1","高雄市","鳥松區","120.375","22.665","11"
"751","101029","20220620030000","578","2","高雄市","鳳山區","120.355","22.625","759"
"3110","101030","20220620030000","2321","2","高雄市","鳳山區","120.355","22.635","3178"
"25","101034","20220620030000","29","0","高雄市","鳳山區","120.380","22.625","28"
"573","101035","20220620030000","480","1","高雄市","楠梓區","120.325","22.705","597"
"35","101038","20220620030000","30","1","高雄市","仁武區","120.330","22.695","28"
"337","101039","20220620030000","348","0","高雄市","仁武區","120.325","22.700","322"
"508","101043","20220620030000","1327","0","高雄市","前鎮區","120.315","22.605","492"
"2762","101044","20220620030000","2267","2","高雄市","三民區","120.335","22.635","2744"
"183","101045","20220620030000","1278","0","高雄市","三民區","120.345","22.640","177"
"122","101046","20220620030000","1131","0","高雄市","仁武區","120.345","22.675","129"
"722","101047","20220620030000","626","1","高雄市","仁武區","120.350","22.675","664"
"196","101048","20220620030000","724","0","高雄市","仁武區","120.340","22.680","195"
"629","101049","20220620030000","508","2","高雄市","仁武區","120.345","22.680","643"
"1559","101052","20220620030000","1436","1","高雄市","仁武區","120.325","22.685","1600"
"963","101053","20220620030000","812","1","高雄市","仁武區","120.325","22.690","939"
"692","101055","20220620030000","383","3","高雄市","仁武區","120.325","22.695","683"
"365","101056","20220620030000","147","3","高雄市","仁武區","120.320","22.695","393"
"127","101058","20220620030000","215","0","高雄市","仁武區","120.330","22.700","97"
"285","101059","20220620030000","1064","0","高雄市","鳳山區","120.365","22.635","288"
"1129","101061","20220620030000","1127","1","高雄市","苓雅區","120.295","22.615","1170"
"1165","101062","20220620030000","1333","0","高雄市","苓雅區","120.320","22.625","1128"
"1992","101063","20220620030000","1701","1","高雄市","鳳山區","120.375","22.625","1984"
"46","101064","20220620030000","915","0","高雄市","鳳山區","120.375","22.620","45"
"35","101068","20220620030000","42","0","高雄市","鳳山區","120.365","22.620","30"
"571","101069","20220620030000","425","2","高雄市","鳳山區","120.370","22.620","566"
"1668","101074","20220620030000","1817","0","高雄市","左營區","120.290","22.675","1781"
"33","101076","20220620030000","206","0","高雄市","梓官區","120.250","22.730","39"
"931","101077","20220620030000","853","1","高雄市","梓官區","120.255","22.730","915"
"604","101086","20220620030000","543","1","高雄市","楠梓區","120.275","22.725","502"
"15","101090","20220620030000","621","0","高雄市","楠梓區","120.280","22.725","16"
"819","101092","20220620030000","723","1","高雄市","楠梓區","120.280","22.730","794"
"1397","101094","20220620030000","1097","2","高雄市","楠梓區","120.320","22.725","1419"
"1449","101095","20220620030000","1004","2","高雄市","楠梓區","120.285","22.710","1450"
"272","101096","20220620030000","174","3","高雄市","左營區","120.300","22.695","283"
"1622","101100","20220620030000","1483","1","高雄市","苓雅區","120.315","22.625","1609"
"1187","101101","20220620030000","1318","0","高雄市","鹽埕區","120.280","22.625","1162"
"2214","101102","20220620030000","1024","3","高雄市","苓雅區","120.325","22.620","2163"
"430","101103","20220620030000","394","1","高雄市","左營區","120.310","22.670","437"
"1483","101104","20220620030000","954","3","高雄市","左營區","120.315","22.670","1464"
"1727","101105","20220620030000","1639","1","高雄市","左營區","120.300","22.675","1799"
"379","101106","20220620030000","345","1","高雄市","左營區","120.295","22.680","370"
"2269","101107","20220620030000","2099","1","高雄市","左營區","120.305","22.675","2720"
"473","101109","20220620030000","856","0","高雄市","鳳山區","120.340","22.610","470"
"1472","101110","20220620030000","1319","1","高雄市","鳳山區","120.335","22.615","1447"
"110","101111","20220620030000","673","0","高雄市","鳳山區","120.340","22.615","123"
"624","101113","20220620030000","2322","0","高雄市","鳳山區","120.340","22.605","605"
"863","101114","20220620030000","732","1","高雄市","鼓山區","120.280","22.655","865"
"2051","101115","20220620030000","1843","1","高雄市","鼓山區","120.280","22.660","2041"
"1218","101116","20220620030000","1101","1","高雄市","鼓山區","120.285","22.650","1189"
"1492","101117","20220620030000","1347","1","高雄市","鼓山區","120.290","22.650","1495"
"1625","101119","20220620030000","1596","1","高雄市","鼓山區","120.290","22.655","2144"
"711","101120","20220620030000","1002","0","高雄市","鼓山區","120.285","22.660","732"
"1243","101121","20220620030000","1785","0","高雄市","鼓山區","120.290","22.660","1201"
"826","101122","20220620030000","620","2","高雄市","鼓山區","120.290","22.665","804"
"720","101123","20220620030000","1318","0","高雄市","鼓山區","120.285","22.665","741"
"1289","101124","20220620030000","1105","1","高雄市","鼓山區","120.280","22.645","1285"
"1063","101125","20220620030000","849","2","高雄市","鼓山區","120.270","22.625","1079"
"1516","101126","20220620030000","1987","0","高雄市","鼓山區","120.280","22.630","1563"
"36","101127","20220620030000","61","0","高雄市","鼓山區","120.275","22.625","35"
"47","101128","20220620030000","73","0","高雄市","鼓山區","120.270","22.635","45"
"22","101129","20220620030000","35","0","高雄市","鼓山區","120.275","22.635","33"
"1589","101132","20220620030000","1292","2","高雄市","三民區","120.320","22.640","1595"
"974","101133","20220620030000","1678","0","高雄市","鳥松區","120.340","22.650","961"
"3102","101134","20220620030000","2589","1","高雄市","三民區","120.340","22.640","3117"
"1720","101135","20220620030000","2320","0","高雄市","三民區","120.345","22.645","1736"
"219","101137","20220620030000","312","0","高雄市","梓官區","120.260","22.725","201"
"366","101139","20220620030000","262","2","高雄市","梓官區","120.255","22.725","517"
"33","101449","20220620030000","25","2","臺東縣","卑南鄉","120.990","22.690","34"
"239","101488","20220620030000","365","0","臺東縣","卑南鄉","121.020","22.695","246"
"16","101568","20220620030000","152","0","臺東縣","卑南鄉","121.030","22.700","11"
"1135","101748","20220620030000","1303","0","高雄市","苓雅區","120.300","22.615","1132"
"1402","101749","20220620030000","1226","1","高雄市","苓雅區","120.325","22.630","1406"
"833","101750","20220620030000","969","0","高雄市","鳳山區","120.340","22.620","813"
"397","101751","20220620030000","944","0","高雄市","鳳山區","120.370","22.630","386"
"1254","101752","20220620030000","1277","0","高雄市","鳳山區","120.355","22.630","1281"
"463","101753","20220620030000","636","0","高雄市","鳳山區","120.360","22.630","463"
"85","101754","20220620030000","365","0","高雄市","鳳山區","120.330","22.615","85"
"83","101757","20220620030000","1199","0","高雄市","苓雅區","120.325","22.635","94"
"19","101758","20220620030000","286","0","高雄市","仁武區","120.350","22.680","21"
"399","101759","20220620030000","360","1","高雄市","鳥松區","120.355","22.670","400"
"110","101760","20220620030000","1150","0","高雄市","仁武區","120.355","22.675","117"
"15","101761","20220620030000","11","2","高雄市","仁武區","120.340","22.690","15"
"15","101763","20220620030000","12","2","高雄市","仁武區","120.335","22.695","15"
"41","101765","20220620030000","31","2","高雄市","仁武區","120.345","22.695","39"
"152","101766","20220620030000","115","2","高雄市","仁武區","120.340","22.700","159"
"735","101767","20220620030000","697","1","高雄市","仁武區","120.345","22.700","746"
"169","101768","20220620030000","457","0","高雄市","仁武區","120.350","22.700","169"
"23","101777","20220620030000","16","2","高雄市","仁武區","120.375","22.710","15"
"32","101778","20220620030000","82","0","高雄市","仁武區","120.380","22.710","32"
"65","101783","20220620030000","71","0","高雄市","仁武區","120.380","22.715","60"
"40","101785","20220620030000","26","3","高雄市","仁武區","120.390","22.715","34"
"29","101790","20220620030000","24","2","高雄市","仁武區","120.390","22.720","31"
"11","101797","20220620030000","12","0","高雄市","仁武區","120.395","22.725","11"
"437","101808","20220620030000","440","0","高雄市","三民區","120.335","22.670","457"
"894","101809","20220620030000","669","2","高雄市","仁武區","120.335","22.680","888"
"1930","101810","20220620030000","1459","2","高雄市","仁武區","120.335","22.685","1939"
"1127","101815","20220620030000","741","3","高雄市","仁武區","120.330","22.680","1121"
"76","101817","20220620030000","1370","0","高雄市","仁武區","120.330","22.690","83"
"125","101818","20220620030000","535","0","高雄市","仁武區","120.335","22.690","134"
"939","101819","20220620030000","904","1","高雄市","仁武區","120.330","22.675","928"
"215","101820","20220620030000","617","0","高雄市","仁武區","120.335","22.675","204"
"861","101822","20220620030000","690","2","高雄市","前鎮區","120.320","22.605","871"
"418","101823","20220620030000","348","2","高雄市","前鎮區","120.325","22.605","447"
"786","101824","20220620030000","1138","0","高雄市","前鎮區","120.325","22.610","790"
"3133","101825","20220620030000","2530","2","高雄市","前鎮區","120.320","22.610","3152"
"241","101826","20220620030000","184","2","高雄市","左營區","120.290","22.685","255"
"476","101827","20220620030000","315","3","高雄市","左營區","120.275","22.690","404"
"268","101829","20220620030000","105","3","高雄市","左營區","120.285","22.690","273"
"279","101832","20220620030000","203","2","高雄市","左營區","120.285","22.695","291"
"405","101833","20220620030000","441","0","高雄市","左營區","120.290","22.695","367"
"67","101835","20220620030000","212","0","高雄市","左營區","120.285","22.700","74"
"72","101836","20220620030000","115","0","高雄市","左營區","120.280","22.705","76"
"269","101837","20220620030000","201","2","高雄市","楠梓區","120.285","22.705","266"
"1502","101838","20220620030000","2196","0","高雄市","左營區","120.290","22.670","1430"
"1561","101839","20220620030000","1036","3","高雄市","苓雅區","120.335","22.630","1559"
"912","101840","20220620030000","1843","0","高雄市","三民區","120.340","22.635","931"
"1099","101842","20220620030000","984","1","高雄市","鳳山區","120.345","22.625","1084"
"632","101843","20220620030000","731","0","高雄市","鼓山區","120.275","22.660","640"
"316","101852","20220620030000","372","0","臺東縣","太麻里鄉","121.000","22.600","329"
"27","101859","20220620030000","258","0","臺東縣","太麻里鄉","121.010","22.605","18"
"45","101862","20220620030000","56","0","臺東縣","太麻里鄉","121.045","22.675","47"
"402","101876","20220620030000","200","3","臺東縣","太麻里鄉","121.030","22.685","418"
"229","101895","20220620030000","128","3","臺東縣","太麻里鄉","121.050","22.690","224"
"174","101900","20220620030000","179","0","臺東縣","卑南鄉","121.015","22.695","168"
"50","101930","20220620030000","35","2","臺東縣","太麻里鄉","121.020","22.650","46"
"17","101962","20220620030000","101","0","臺東縣","太麻里鄉","121.030","22.660","18"
"836","101964","20220620030000","666","2","高雄市","苓雅區","120.320","22.635","854"
"429","101965","20220620030000","1185","0","高雄市","三民區","120.315","22.635","439"
"2090","101966","20220620030000","2003","1","高雄市","苓雅區","120.330","22.630","2109"
"274","101967","20220620030000","256","1","高雄市","鳳山區","120.350","22.605","275"
"2268","101970","20220620030000","1652","2","高雄市","鳳山區","120.350","22.600","2301"
"2064","101972","20220620030000","1638","2","高雄市","鳳山區","120.335","22.610","2069"
"2691","101973","20220620030000","1435","3","高雄市","苓雅區","120.330","22.635","2738"
"152","101976","20220620030000","85","3","高雄市","大寮區","120.425","22.600","138"
"27","101977","20220620030000","77","0","高雄市","大寮區","120.430","22.600","34"
"43","101981","20220620030000","490","0","高雄市","前金區","120.290","22.620","53"
"1883","101982","20220620030000","1625","1","高雄市","苓雅區","120.340","22.625","1839"
"974","101983","20220620030000","377","3","高雄市","苓雅區","120.330","22.620","1000"
"3018","101984","20220620030000","1941","3","高雄市","鼓山區","120.280","22.650","3061"
"736","101985","20220620030000","1326","0","高雄市","三民區","120.285","22.640","732"
"1311","101988","20220620030000","908","2","高雄市","楠梓區","120.285","22.715","1290"
"2415","101989","20220620030000","1854","2","高雄市","苓雅區","120.305","22.620","2424"
"10","101990","20220620030000","36","0","高雄市","苓雅區","120.320","22.615","10"
"94","101991","20220620030000","1127","0","高雄市","苓雅區","120.320","22.630","96"
"1919","101992","20220620030000","1827","1","高雄市","前金區","120.295","22.620","1934"
"1206","101993","20220620030000","590","3","高雄市","苓雅區","120.325","22.625","1173"
"1331","101995","20220620030000","1331","1","高雄市","鼓山區","120.275","22.620","1382"
"102","101996","20220620030000","103","0","高雄市","鹽埕區","120.280","22.620","113"
"25","101997","20220620030000","679","0","高雄市","左營區","120.295","22.705","23"
"3718","101998","20220620030000","1835","3","高雄市","左營區","120.310","22.675","3944"
"808","101999","20220620030000","828","0","高雄市","左營區","120.315","22.675","789"
"1004","102000","20220620030000","761","2","高雄市","左營區","120.320","22.675","989"
"80","102001","20220620030000","776","0","高雄市","左營區","120.305","22.685","81"
"612","102002","20220620030000","401","3","高雄市","左營區","120.310","22.680","605"
"2735","102003","20220620030000","1694","3","高雄市","左營區","120.320","22.680","2698"
"50","102005","20220620030000","135","0","高雄市","大寮區","120.395","22.600","53"
"300","102006","20220620030000","278","1","高雄市","大寮區","120.390","22.600","317"
"462","102007","20220620030000","346","2","高雄市","大寮區","120.390","22.605","434"
"998","102008","20220620030000","733","2","高雄市","大寮區","120.395","22.605","979"
"664","102010","20220620030000","609","1","高雄市","大寮區","120.400","22.610","669"
"15","102011","20220620030000","15","1","高雄市","大寮區","120.405","22.610","16"
"798","102013","20220620030000","618","2","高雄市","大寮區","120.405","22.615","803"
"797","102015","20220620030000","825","0","高雄市","鳳山區","120.355","22.640","807"
"1037","102017","20220620030000","644","3","高雄市","鼓山區","120.280","22.635","1032"
"1533","102018","20220620030000","885","3","高雄市","鳳山區","120.370","22.635","1525"
"726","102019","20220620030000","1181","0","高雄市","鼓山區","120.295","22.665","680"
"3394","102020","20220620030000","3285","1","高雄市","鼓山區","120.300","22.665","3316"
"16","102021","20220620030000","47","0","高雄市","鼓山區","120.265","22.625","14"
"140","102022","20220620030000","373","0","高雄市","鼓山區","120.265","22.630","214"
"13","102024","20220620030000","113","0","高雄市","鼓山區","120.260","22.635","18"
"224","102030","20220620030000","159","2","高雄市","鼓山區","120.255","22.645","174"
"23","102031","20220620030000","51","0","高雄市","鼓山區","120.260","22.645","28"
"682","102045","20220620030000","742","0","高雄市","鼓山區","120.275","22.650","692"
"679","102046","20220620030000","307","3","高雄市","苓雅區","120.310","22.620","680"
"2140","102047","20220620030000","2144","0","高雄市","左營區","120.295","22.670","3016"
"18","102048","20220620030000","350","0","高雄市","鼓山區","120.285","22.670","492"
"82","102049","20220620030000","1005","0","高雄市","鼓山區","120.280","22.640","79"
"327","102052","20220620030000","280","1","高雄市","大樹區","120.430","22.675","325"
"378","102078","20220620030000","443","0","高雄市","大樹區","120.410","22.675","375"
"201","102079","20220620030000","202","0","高雄市","大樹區","120.405","22.680","196"
"73","102090","20220620030000","37","3","高雄市","大樹區","120.395","22.690","28"
"957","102093","20220620030000","773","2","高雄市","大樹區","120.430","22.690","956"
"471","102098","20220620030000","390","2","高雄市","大樹區","120.435","22.695","448"
"411","102111","20220620030000","540","0","高雄市","大樹區","120.410","22.660","451"
"951","102113","20220620030000","443","3","高雄市","大樹區","120.410","22.665","934"
"314","102120","20220620030000","259","2","高雄市","大樹區","120.445","22.725","332"
"316","102123","20220620030000","302","1","高雄市","大樹區","120.445","22.730","312"
"120","102126","20220620030000","92","2","高雄市","大樹區","120.445","22.735","124"
"130","102132","20220620030000","113","1","高雄市","大樹區","120.425","22.665","128"
"157","102141","20220620030000","61","3","高雄市","大樹區","120.425","22.675","153"
"1363","102143","20220620030000","1426","0","高雄市","左營區","120.295","22.690","1352"
"962","102144","20220620030000","771","2","高雄市","鳳山區","120.360","22.620","977"
"1515","102146","20220620030000","1669","0","高雄市","鳳山區","120.355","22.620","1532"
"501","102147","20220620030000","450","1","高雄市","鳳山區","120.335","22.600","464"
"3170","102148","20220620030000","1897","3","高雄市","新興區","120.315","22.630","3116"
"1303","102149","20220620030000","1010","2","高雄市","苓雅區","120.305","22.615","1321"
"1704","102150","20220620030000","1254","2","高雄市","鳳山區","120.345","22.605","1680"
"2639","102151","20220620030000","1932","2","高雄市","前鎮區","120.330","22.605","2674"
"1755","102152","20220620030000","1255","2","高雄市","鳥松區","120.345","22.650","1786"
"1948","102153","20220620030000","1975","0","高雄市","三民區","120.330","22.650","1928"
"563","102154","20220620030000","1327","0","高雄市","三民區","120.330","22.655","559"
"52","102157","20220620030000","351","0","高雄市","仁武區","120.360","22.675","50"
"104","102159","20220620030000","105","0","高雄市","仁武區","120.365","22.680","103"
"660","102160","20220620030000","582","1","高雄市","仁武區","120.360","22.685","635"
"125","102165","20220620030000","125","1","高雄市","仁武區","120.365","22.685","126"
"151","102172","20220620030000","275","0","高雄市","大寮區","120.425","22.605","157"
"72","102173","20220620030000","371","0","高雄市","大寮區","120.430","22.605","66"
"959","102181","20220620030000","693","2","高雄市","大寮區","120.410","22.615","987"
"23","102185","20220620030000","20","1","高雄市","大寮區","120.430","22.615","25"
"309","102186","20220620030000","168","3","高雄市","大寮區","120.420","22.640","314"
"238","102190","20220620030000","233","1","高雄市","大寮區","120.415","22.640","251"
"452","102200","20220620030000","284","3","高雄市","鼓山區","120.270","22.620","443"
"591","102203","20220620030000","586","1","高雄市","大寮區","120.385","22.640","582"
"316","102206","20220620030000","329","0","高雄市","鳥松區","120.385","22.645","305"
"370","102213","20220620030000","150","3","高雄市","鳥松區","120.390","22.650","392"
"247","102214","20220620030000","184","2","高雄市","鳥松區","120.395","22.650","238"
"703","102215","20220620030000","639","1","高雄市","鳥松區","120.390","22.655","703"
"14","102216","20220620030000","187","0","高雄市","鳥松區","120.395","22.655","11"
"268","102217","20220620030000","131","3","高雄市","鳥松區","120.400","22.655","266"
"638","102227","20220620030000","502","2","高雄市","鼓山區","120.285","22.655","595"
"1413","102228","20220620030000","1336","1","高雄市","三民區","120.295","22.650","1401"
"1877","102229","20220620030000","1155","3","高雄市","鼓山區","120.295","22.655","1848"
"1858","102230","20220620030000","1750","1","高雄市","鼓山區","120.300","22.655","1902"
"1153","102231","20220620030000","1489","0","高雄市","鼓山區","120.305","22.655","1118"
"514","102232","20220620030000","528","0","高雄市","左營區","120.310","22.655","522"
"4888","102233","20220620030000","3165","3","高雄市","鼓山區","120.295","22.660","4778"
"84","102235","20220620030000","505","0","高雄市","楠梓區","120.315","22.715","93"
"1160","102236","20220620030000","1087","1","高雄市","楠梓區","120.315","22.720","1176"
"453","102237","20220620030000","1666","0","高雄市","楠梓區","120.295","22.710","479"
"2345","102238","20220620030000","2060","1","高雄市","苓雅區","120.315","22.620","2303"
"64","102239","20220620030000","72","0","高雄市","旗津區","120.265","22.615","87"
"593","102241","20220620030000","512","1","高雄市","大寮區","120.410","22.620","561"
"364","102243","20220620030000","287","2","高雄市","大寮區","120.410","22.625","359"
"209","102244","20220620030000","169","2","高雄市","大寮區","120.405","22.630","216"
"138","102246","20220620030000","116","1","高雄市","大樹區","120.425","22.715","128"
"12","102251","20220620030000","26","0","高雄市","大樹區","120.425","22.720","13"
"106","102254","20220620030000","937","0","高雄市","大樹區","120.405","22.725","119"
"85","102259","20220620030000","61","2","高雄市","大樹區","120.430","22.725","77"
"84","102260","20220620030000","849","0","高雄市","仁武區","120.400","22.730","51"
"18","102261","20220620030000","150","0","高雄市","大樹區","120.405","22.730","14"
"31","102267","20220620030000","49","0","高雄市","大樹區","120.410","22.735","32"
"554","102273","20220620030000","503","1","高雄市","大樹區","120.415","22.655","571"
"343","102274","20220620030000","291","1","高雄市","大樹區","120.420","22.655","354"
"74","102276","20220620030000","566","0","高雄市","大樹區","120.420","22.660","82"
"111","102278","20220620030000","71","3","高雄市","大樹區","120.410","22.645","128"
"47","102279","20220620030000","35","2","高雄市","大樹區","120.415","22.645","48"
"469","102280","20220620030000","782","0","高雄市","大樹區","120.420","22.645","445"
"394","102282","20220620030000","341","1","高雄市","大樹區","120.425","22.650","382"
"465","102285","20220620030000","423","1","高雄市","大樹區","120.425","22.655","449"
"187","102292","20220620030000","217","0","高雄市","大寮區","120.405","22.605","157"
"56","102296","20220620030000","51","1","高雄市","前鎮區(海)","120.285","22.610","62"
"1031","102302","20220620030000","989","1","高雄市","大寮區","120.390","22.635","1122"
"552","102303","20220620030000","541","1","高雄市","大寮區","120.395","22.635","525"
"102","102304","20220620030000","88","1","高雄市","大寮區","120.400","22.635","96"
"250","102305","20220620030000","81","3","高雄市","大寮區","120.400","22.640","240"
"1297","102306","20220620030000","1299","0","高雄市","三民區","120.305","22.645","1289"
"1838","102307","20220620030000","1184","3","高雄市","三民區","120.305","22.650","1837"
"1908","102308","20220620030000","1513","2","高雄市","鳳山區","120.345","22.620","1756"
"1635","102309","20220620030000","251","3","高雄市","鳳山區","120.350","22.620","1649"
"333","102310","20220620030000","1380","0","高雄市","鳳山區","120.350","22.625","349"
"116","102311","20220620030000","95","2","高雄市","旗津區","120.275","22.605","117"
"146","102312","20220620030000","107","2","高雄市","旗津區(海)","120.275","22.610","129"
"532","102313","20220620030000","542","0","高雄市","旗津區","120.275","22.600","645"
"550","102314","20220620030000","427","2","高雄市","旗津區","120.270","22.610","545"
"84","102316","20220620030000","57","2","高雄市","大社區","120.365","22.715","80"
"339","102319","20220620030000","345","0","高雄市","大社區","120.350","22.720","341"
"74","102326","20220620030000","51","2","高雄市","大社區","120.340","22.730","62"
"525","102327","20220620030000","1077","0","高雄市","大社區","120.350","22.735","536"
"1791","102328","20220620030000","1521","1","高雄市","大社區","120.345","22.730","1798"
"774","102329","20220620030000","1214","0","高雄市","大社區","120.350","22.730","771"
"561","102330","20220620030000","578","0","高雄市","大社區","120.355","22.730","552"
"56","102333","20220620030000","41","2","高雄市","大社區","120.370","22.730","51"
"37","102335","20220620030000","30","2","高雄市","大社區","120.375","22.730","38"
"243","102340","20220620030000","226","1","高雄市","大社區","120.360","22.720","228"
"1194","102341","20220620030000","1192","1","高雄市","大社區","120.350","22.725","1175"
"663","102342","20220620030000","479","2","高雄市","大社區","120.355","22.725","638"
"137","102345","20220620030000","262","0","高雄市","左營區","120.300","22.690","143"
"210","102347","20220620030000","150","2","高雄市","左營區","120.265","22.675","211"
"186","102349","20220620030000","78","3","高雄市","左營區","120.275","22.675","180"
"212","102350","20220620030000","94","3","高雄市","左營區","120.280","22.675","230"
"139","102353","20220620030000","206","0","高雄市","左營區","120.275","22.680","221"
"585","102354","20220620030000","1166","0","高雄市","左營區","120.280","22.680","587"
"353","102356","20220620030000","192","3","高雄市","左營區","120.265","22.680","422"
"93","102357","20220620030000","117","0","高雄市","左營區","120.270","22.680","111"
"321","102358","20220620030000","343","0","高雄市","左營區","120.280","22.685","336"
"215","102360","20220620030000","94","3","高雄市","左營區","120.265","22.685","131"
"359","102361","20220620030000","242","2","高雄市","左營區","120.275","22.685","405"
"26","102364","20220620030000","178","0","高雄市","左營區","120.295","22.685","26"
"2091","102365","20220620030000","1695","2","高雄市","新興區","120.310","22.625","2134"
"1157","102366","20220620030000","677","3","高雄市","新興區","120.305","22.625","1171"
"1750","102370","20220620030000","1199","2","高雄市","仁武區","120.325","22.680","1727"
"2657","102371","20220620030000","2380","1","高雄市","左營區","120.305","22.680","2688"
"744","102372","20220620030000","2348","0","高雄市","左營區","120.315","22.680","740"
"941","102373","20220620030000","896","1","高雄市","左營區","120.315","22.685","951"
"740","102374","20220620030000","869","0","高雄市","仁武區","120.330","22.685","745"
"276","102375","20220620030000","446","0","高雄市","左營區","120.310","22.690","281"
"2591","102376","20220620030000","1815","2","高雄市","左營區","120.320","22.685","2595"
"3430","102377","20220620030000","2949","1","高雄市","三民區","120.310","22.645","3395"
"569","102378","20220620030000","863","0","高雄市","三民區","120.310","22.650","555"
"1825","102380","20220620030000","1382","2","高雄市","三民區","120.325","22.640","1814"
"764","102381","20220620030000","740","1","高雄市","三民區","120.295","22.640","782"
"1623","102382","20220620030000","1538","1","高雄市","三民區","120.300","22.650","1625"
"1240","102383","20220620030000","950","2","高雄市","新興區","120.300","22.635","1221"
"1421","102384","20220620030000","928","3","高雄市","三民區","120.285","22.635","1489"
"1395","102385","20220620030000","1323","1","高雄市","三民區","120.330","22.645","1344"
"20","102386","20220620030000","35","0","高雄市","楠梓區","120.330","22.725","31"
"55","102387","20220620030000","50","1","高雄市","楠梓區","120.330","22.730","63"
"1651","102388","20220620030000","1493","1","高雄市","楠梓區","120.335","22.730","1642"
"2443","102389","20220620030000","1635","2","高雄市","楠梓區","120.325","22.730","2405"
"1549","102390","20220620030000","1416","1","高雄市","楠梓區","120.285","22.720","1551"
"546","102391","20220620030000","644","0","高雄市","楠梓區","120.290","22.705","545"
"106","102393","20220620030000","50","3","高雄市","楠梓區","120.305","22.700","101"
"122","102408","20220620030000","85","2","高雄市","鼓山區(海)","120.295","22.600","122"
"1708","102417","20220620030000","1752","0","高雄市","三民區","120.300","22.645","1692"
"77","102419","20220620030000","109","0","高雄市","新興區","120.310","22.635","63"
"1730","102420","20220620030000","1356","2","高雄市","三民區","120.300","22.640","1726"
"534","102421","20220620030000","542","0","高雄市","鳳山區","120.345","22.600","513"
"2938","102422","20220620030000","3406","0","高雄市","鳳山區","120.345","22.610","2985"
"280","102423","20220620030000","237","1","高雄市","鳳山區","120.355","22.610","265"
"1403","102424","20220620030000","1134","2","高雄市","鹽埕區","120.285","22.625","1337"
"1759","102425","20220620030000","965","3","高雄市","鹽埕區","120.285","22.620","1718"
"321","102426","20220620030000","268","1","高雄市","楠梓區","120.305","22.720","310"
"794","102427","20220620030000","736","1","高雄市","楠梓區","120.310","22.720","809"
"808","102428","20220620030000","594","2","高雄市","楠梓區","120.305","22.725","829"
"974","102429","20220620030000","750","2","高雄市","楠梓區","120.310","22.725","915"
"641","102430","20220620030000","1072","0","高雄市","楠梓區","120.315","22.725","626"
"1357","102431","20220620030000","1231","1","高雄市","楠梓區","120.315","22.730","1329"
"287","102432","20220620030000","167","3","高雄市","楠梓區","120.265","22.705","251"
"37","102441","20220620030000","213","0","高雄市","楠梓區","120.280","22.715","37"
"366","102442","20220620030000","1067","0","高雄市","楠梓區","120.280","22.720","340"
"511","102444","20220620030000","414","2","高雄市","楠梓區","120.320","22.715","502"
"734","102445","20220620030000","544","2","高雄市","楠梓區","120.325","22.720","745"
"41","102447","20220620030000","677","0","高雄市","楠梓區","120.320","22.720","43"
"145","102448","20220620030000","148","0","高雄市","旗津區","120.270","22.605","148"
"207","102466","20220620030000","130","3","高雄市","大樹區","120.415","22.705","221"
"50","102478","20220620030000","247","0","高雄市","大樹區","120.440","22.710","49"
"221","102482","20220620030000","229","0","高雄市","大樹區","120.445","22.715","240"
"110","111108","20220620030000","615","0","屏東縣","九如鄉","120.480","22.750","116"
"16","111134","20220620030000","11","2","屏東縣","九如鄉","120.490","22.740","13"
"297","111142","20220620030000","156","3","屏東縣","九如鄉","120.500","22.740","323"
"20","111145","20220620030000","154","0","屏東縣","九如鄉","120.500","22.745","19"
"33","111157","20220620030000","369","0","屏東縣","九如鄉","120.500","22.760","26"
"128","111163","20220620030000","86","2","屏東縣","九如鄉","120.495","22.745","107"
"280","111167","20220620030000","190","2","屏東縣","九如鄉","120.490","22.755","276"
"17","111171","20220620030000","152","0","屏東縣","九如鄉","120.495","22.760","16"
"246","111186","20220620030000","154","3","屏東縣","高樹鄉","120.570","22.795","247"
"46","111215","20220620030000","33","2","屏東縣","鹽埔鄉","120.545","22.760","55"
"41","111217","20220620030000","119","0","屏東縣","鹽埔鄉","120.555","22.760","39"
"287","111238","20220620030000","176","3","屏東縣","鹽埔鄉","120.545","22.745","302"
"389","111270","20220620030000","343","1","屏東縣","鹽埔鄉","120.550","22.735","368"
"19","111271","20220620030000","25","0","屏東縣","鹽埔鄉","120.560","22.735","20"
"451","111273","20220620030000","318","2","屏東縣","鹽埔鄉","120.555","22.740","455"
"347","111282","20220620030000","169","3","屏東縣","鹽埔鄉","120.560","22.740","340"
"320","111309","20220620030000","215","2","屏東縣","鹽埔鄉","120.515","22.740","326"
"44","111315","20220620030000","193","0","屏東縣","鹽埔鄉","120.580","22.740","40"
"36","111337","20220620030000","373","0","屏東縣","鹽埔鄉","120.580","22.755","26"
"255","111360","20220620030000","855","0","屏東縣","鹽埔鄉","120.575","22.755","242"
"107","111374","20220620030000","110","0","屏東縣","里港鄉","120.480","22.770","121"
"446","111380","20220620030000","376","1","屏東縣","里港鄉","120.480","22.775","453"
"130","111398","20220620030000","98","2","屏東縣","里港鄉","120.490","22.820","134"
"24","111418","20220620030000","228","0","屏東縣","里港鄉","120.490","22.775","27"
"984","111419","20220620030000","725","2","屏東縣","里港鄉","120.495","22.775","954"
"86","111451","20220620030000","183","0","屏東縣","里港鄉","120.535","22.775","83"
"34","111459","20220620030000","473","0","屏東縣","里港鄉","120.520","22.785","42"
"206","111491","20220620030000","179","1","屏東縣","里港鄉","120.500","22.780","204"
"106","111507","20220620030000","292","0","屏東縣","高樹鄉","120.615","22.815","107"
"23","111605","20220620030000","55","0","屏東縣","三地門鄉","120.700","22.790","26"
"21","111824","20220620030000","46","0","屏東縣","三地門鄉","120.700","22.765","17"
"181","111907","20220620030000","117","3","屏東縣","三地門鄉","120.635","22.745","182"
"14","112026","20220620030000","71","0","屏東縣","霧台鄉","120.740","22.740","18"
"380","112600","20220620030000","144","3","屏東縣","里港鄉","120.505","22.810","401"
"241","112635","20220620030000","230","1","屏東縣","里港鄉","120.490","22.805","256"
"324","112659","20220620030000","333","0","屏東縣","里港鄉","120.505","22.815","326"
"168","112669","20220620030000","71","3","屏東縣","里港鄉","120.505","22.820","181"
"211","112687","20220620030000","154","2","屏東縣","里港鄉","120.535","22.825","196"
"165","112714","20220620030000","79","3","屏東縣","里港鄉","120.485","22.765","164"
"1306","112719","20220620030000","888","2","屏東縣","里港鄉","120.495","22.780","1331"
"19","112920","20220620030000","69","0","屏東縣","霧台鄉","120.725","22.740","26"
"228","112942","20220620030000","124","3","屏東縣","高樹鄉","120.595","22.775","201"
"14","112982","20220620030000","14","1","屏東縣","高樹鄉","120.615","22.760","20"
"179","112999","20220620030000","130","2","屏東縣","高樹鄉","120.635","22.770","171"
"212","113006","20220620030000","180","1","屏東縣","高樹鄉","120.620","22.740","209"
"57","113023","20220620030000","34","3","屏東縣","高樹鄉","120.625","22.830","54"
"390","113048","20220620030000","313","2","屏東縣","高樹鄉","120.560","22.785","378"
"24","113075","20220620030000","106","0","屏東縣","高樹鄉","120.590","22.825","32"
"301","113097","20220620030000","250","2","屏東縣","高樹鄉","120.610","22.785","292"
"11","113099","20220620030000","226","0","屏東縣","高樹鄉","120.620","22.785","14"
"33","113103","20220620030000","37","0","屏東縣","高樹鄉","120.610","22.790","35"
"90","113129","20220620030000","45","3","屏東縣","高樹鄉","120.595","22.810","80"
"53","113131","20220620030000","42","2","屏東縣","高樹鄉","120.595","22.815","57"
"1214","113133","20220620030000","962","2","屏東縣","高樹鄉","120.600","22.825","1231"
"1639","113137","20220620030000","2214","0","臺東縣","臺東市","121.155","22.750","1664"
"39","113138","20220620030000","367","0","臺東縣","臺東市","121.135","22.760","55"
"16","113139","20220620030000","25","0","臺東縣","臺東市","121.160","22.760","18"
"2024","113141","20220620030000","909","3","臺東縣","臺東市","121.155","22.755","2049"
"783","113159","20220620030000","492","3","高雄市","永安區","120.225","22.820","768"
"576","113177","20220620030000","290","3","高雄市","永安區","120.250","22.810","561"
"30","113178","20220620030000","310","0","高雄市","岡山區","120.255","22.810","27"
"70","113182","20220620030000","62","1","高雄市","永安區","120.250","22.815","80"
"146","113185","20220620030000","150","0","高雄市","永安區","120.240","22.815","141"
"26","113196","20220620030000","31","0","高雄市","永安區","120.205","22.840","16"
"558","113206","20220620030000","551","1","臺東縣","臺東市","121.130","22.765","536"
"935","113207","20220620030000","1096","0","臺東縣","臺東市","121.120","22.770","896"
"28","113208","20220620030000","390","0","臺東縣","臺東市","121.125","22.770","26"
"639","113213","20220620030000","464","2","臺東縣","臺東市","121.125","22.780","610"
"1552","113214","20220620030000","1384","1","臺東縣","臺東市","121.120","22.785","1518"
"195","113216","20220620030000","132","2","臺東縣","臺東市","121.130","22.770","185"
"1378","113217","20220620030000","481","3","臺東縣","臺東市","121.135","22.770","1324"
"84","113218","20220620030000","107","0","臺東縣","臺東市","121.125","22.775","95"
"434","113219","20220620030000","366","1","臺東縣","臺東市","121.130","22.775","428"
"918","113236","20220620030000","827","1","臺東縣","臺東市","121.115","22.785","902"
"300","113239","20220620030000","209","2","臺東縣","臺東市","121.110","22.790","322"
"32","113251","20220620030000","27","1","臺東縣","臺東市","121.155","22.760","29"
"117","113258","20220620030000","82","2","臺東縣","臺東市","121.175","22.780","87"
"89","113260","20220620030000","74","2","臺東縣","臺東市","121.185","22.790","83"
"536","113263","20220620030000","498","1","臺東縣","臺東市","121.190","22.795","526"
"79","113266","20220620030000","56","2","臺東縣","臺東市","121.195","22.800","62"
"41","113269","20220620030000","37","1","臺東縣","臺東市","121.190","22.810","42"
"146","113273","20220620030000","95","3","臺東縣","臺東市","121.195","22.815","156"
"173","113295","20220620030000","165","1","臺東縣","臺東市","121.175","22.785","165"
"93","113299","20220620030000","122","0","臺東縣","臺東市","121.175","22.790","95"
"123","113310","20220620030000","99","2","臺東縣","臺東市","121.150","22.765","125"
"805","113311","20220620030000","697","1","臺東縣","臺東市","121.155","22.765","817"
"175","113314","20220620030000","999","0","高雄市","岡山區","120.285","22.780","155"
"58","113315","20220620030000","50","1","高雄市","岡山區","120.290","22.780","50"
"94","113317","20220620030000","90","1","高雄市","岡山區","120.290","22.785","88"
"711","113318","20220620030000","660","1","高雄市","岡山區","120.280","22.800","770"
"142","113327","20220620030000","196","0","臺東縣","臺東市","121.065","22.740","144"
"276","113345","20220620030000","271","1","臺東縣","臺東市","121.055","22.760","278"
"198","113347","20220620030000","198","1","臺東縣","臺東市","121.060","22.760","183"
"61","113353","20220620030000","506","0","臺東縣","臺東市","121.140","22.765","69"
"1527","113354","20220620030000","1658","0","臺東縣","臺東市","121.145","22.765","1499"
"298","113355","20220620030000","409","0","臺東縣","臺東市","121.140","22.770","308"
"1519","113356","20220620030000","1281","1","臺東縣","臺東市","121.145","22.770","1481"
"905","113364","20220620030000","892","1","臺東縣","臺東市","121.145","22.745","883"
"604","113366","20220620030000","1156","0","臺東縣","臺東市","121.140","22.750","660"
"324","113367","20220620030000","355","0","臺東縣","臺東市","121.145","22.750","258"
"233","113369","20220620030000","595","0","臺東縣","臺東市","121.145","22.755","193"
"302","113378","20220620030000","145","3","臺東縣","臺東市","121.125","22.790","309"
"540","113380","20220620030000","465","1","臺東縣","臺東市","121.130","22.790","523"
"819","113381","20220620030000","1142","0","臺東縣","臺東市","121.125","22.795","715"
"254","113386","20220620030000","169","3","臺東縣","臺東市","121.125","22.805","254"
"107","113389","20220620030000","50","3","臺東縣","臺東市","121.120","22.810","108"
"1268","113416","20220620030000","1121","1","臺東縣","臺東市","121.105","22.750","1261"
"277","113423","20220620030000","117","3","臺東縣","臺東市","121.105","22.755","254"
"225","113425","20220620030000","259","0","臺東縣","臺東市","121.075","22.760","222"
"356","113434","20220620030000","352","1","臺東縣","臺東市","121.060","22.735","351"
"107","113448","20220620030000","65","3","屏東縣","里港鄉","120.530","22.830","85"
"93","113450","20220620030000","50","3","高雄市","美濃區","120.540","22.830","94"
"238","113466","20220620030000","188","2","高雄市","美濃區","120.530","22.840","225"
"35","113487","20220620030000","27","2","高雄市","大樹區","120.445","22.740","40"
"61","113496","20220620030000","51","1","高雄市","大樹區","120.445","22.745","53"
"582","113505","20220620030000","557","1","高雄市","大樹區","120.445","22.750","591"
"40","113506","20220620030000","31","2","高雄市","大樹區","120.450","22.750","44"
"89","113513","20220620030000","56","3","高雄市","岡山區","120.270","22.775","76"
"206","113514","20220620030000","229","0","高雄市","楠梓區","120.280","22.735","204"
"11","113561","20220620030000","189","0","臺東縣","卑南鄉","121.060","22.775","11"
"316","113564","20220620030000","157","3","臺東縣","卑南鄉","121.075","22.775","318"
"416","113740","20220620030000","354","1","臺東縣","卑南鄉","121.080","22.775","411"
"300","113741","20220620030000","307","0","臺東縣","卑南鄉","121.085","22.775","334"
"480","113742","20220620030000","420","1","臺東縣","卑南鄉","121.090","22.775","468"
"380","113750","20220620030000","170","3","臺東縣","卑南鄉","121.080","22.785","362"
"40","113762","20220620030000","210","0","臺東縣","卑南鄉","121.095","22.790","32"
"322","113792","20220620030000","294","1","臺東縣","卑南鄉","121.100","22.825","293"
"134","113799","20220620030000","75","3","臺東縣","卑南鄉","121.090","22.830","129"
"18","113840","20220620030000","222","0","臺東縣","卑南鄉","121.105","22.795","21"
"485","113843","20220620030000","447","1","臺東縣","卑南鄉","121.090","22.800","493"
"130","113882","20220620030000","117","1","臺東縣","卑南鄉","121.090","22.820","127"
"24","113896","20220620030000","23","1","高雄市","路竹區","120.270","22.840","18"
"406","113902","20220620030000","219","3","高雄市","橋頭區","120.290","22.745","399"
"67","113905","20220620030000","112","0","高雄市","橋頭區","120.295","22.755","71"
"369","113906","20220620030000","316","1","高雄市","楠梓區","120.325","22.755","379"
"89","113911","20220620030000","80","1","高雄市","橋頭區","120.320","22.765","90"
"638","113923","20220620030000","552","1","高雄市","橋頭區","120.305","22.770","654"
"330","113933","20220620030000","254","2","高雄市","橋頭區","120.290","22.760","340"
"394","113934","20220620030000","303","2","高雄市","岡山區","120.280","22.765","384"
"26","113947","20220620030000","27","0","高雄市","路竹區","120.275","22.840","27"
"42","113948","20220620030000","44","0","高雄市","路竹區","120.280","22.840","40"
"234","113950","20220620030000","159","2","高雄市","路竹區","120.275","22.820","255"
"136","113959","20220620030000","118","1","高雄市","路竹區","120.275","22.825","124"
"176","113962","20220620030000","124","2","高雄市","路竹區","120.265","22.830","164"
"17","113965","20220620030000","14","2","高雄市","路竹區","120.265","22.840","18"
"609","113969","20220620030000","456","2","高雄市","路竹區","120.240","22.835","604"
"692","113971","20220620030000","470","2","高雄市","路竹區","120.250","22.835","665"
"287","113978","20220620030000","255","1","高雄市","路竹區","120.245","22.845","290"
"150","113982","20220620030000","135","1","高雄市","路竹區","120.260","22.840","154"
"205","113984","20220620030000","254","0","高雄市","彌陀區","120.245","22.785","218"
"387","113985","20220620030000","215","3","高雄市","彌陀區","120.245","22.790","372"
"58","113992","20220620030000","52","1","高雄市","橋頭區","120.300","22.765","55"
"18","113994","20220620030000","652","0","高雄市","橋頭區","120.320","22.735","23"
"376","113997","20220620030000","272","2","高雄市","橋頭區","120.315","22.745","395"
"511","114001","20220620030000","673","0","高雄市","橋頭區","120.315","22.760","534"
"293","114004","20220620030000","220","2","高雄市","橋頭區","120.310","22.760","283"
"1811","114006","20220620030000","1426","2","高雄市","橋頭區","120.310","22.765","1850"
"408","114050","20220620030000","318","2","高雄市","橋頭區","120.300","22.740","381"
"828","114055","20220620030000","415","3","高雄市","橋頭區","120.295","22.735","827"
"401","114057","20220620030000","472","0","高雄市","橋頭區","120.295","22.740","383"
"60","114059","20220620030000","604","0","高雄市","橋頭區","120.290","22.765","58"
"351","114062","20220620030000","198","3","高雄市","橋頭區","120.270","22.735","332"
"31","114068","20220620030000","421","0","高雄市","橋頭區","120.280","22.745","34"
"486","114075","20220620030000","191","3","高雄市","永安區","120.240","22.820","499"
"84","114077","20220620030000","61","2","高雄市","永安區","120.250","22.820","76"
"125","114094","20220620030000","70","3","高雄市","永安區","120.210","22.810","109"
"31","114108","20220620030000","37","0","高雄市","永安區","120.205","22.825","41"
"1489","114116","20220620030000","1489","1","臺東縣","臺東市","121.150","22.755","1405"
"2295","114117","20220620030000","1371","3","臺東縣","臺東市","121.145","22.760","2269"
"768","114118","20220620030000","729","1","臺東縣","臺東市","121.150","22.760","757"
"417","114125","20220620030000","311","2","臺東縣","臺東市","121.115","22.750","411"
"1800","114128","20220620030000","1216","2","臺東縣","臺東市","121.135","22.755","1791"
"1095","114129","20220620030000","860","2","臺東縣","臺東市","121.140","22.760","1064"
"245","114130","20220620030000","1165","0","臺東縣","臺東市","121.150","22.750","240"
"299","114135","20220620030000","244","2","臺東縣","臺東市","121.100","22.740","301"
"334","114143","20220620030000","523","0","高雄市","燕巢區","120.360","22.765","336"
"801","114144","20220620030000","546","2","高雄市","燕巢區","120.365","22.765","722"
"390","114154","20220620030000","549","0","高雄市","燕巢區","120.360","22.770","407"
"641","114155","20220620030000","475","2","高雄市","岡山區","120.315","22.775","622"
"312","114160","20220620030000","258","2","高雄市","燕巢區","120.340","22.775","290"
"130","114174","20220620030000","95","2","高雄市","燕巢區","120.360","22.775","125"
"99","114194","20220620030000","52","3","高雄市","燕巢區","120.400","22.810","96"
"255","114204","20220620030000","254","1","高雄市","燕巢區","120.340","22.755","250"
"187","114206","20220620030000","182","1","高雄市","燕巢區","120.350","22.755","164"
"526","114207","20220620030000","356","2","高雄市","燕巢區","120.355","22.755","538"
"48","114210","20220620030000","95","0","高雄市","燕巢區","120.335","22.760","38"
"172","114212","20220620030000","188","0","高雄市","燕巢區","120.345","22.760","158"
"20","114214","20220620030000","67","0","高雄市","燕巢區","120.355","22.760","24"
"21","114226","20220620030000","17","2","高雄市","田寮區","120.420","22.820","14"
"11","114268","20220620030000","13","0","高雄市","岡山區","120.270","22.795","10"
"1390","114271","20220620030000","848","3","高雄市","岡山區","120.285","22.795","1400"
"653","114274","20220620030000","417","3","高雄市","岡山區","120.280","22.780","635"
"556","114276","20220620030000","518","1","高雄市","梓官區","120.265","22.750","550"
"665","114278","20220620030000","544","2","高雄市","梓官區","120.260","22.745","663"
"456","114279","20220620030000","147","3","高雄市","梓官區","120.265","22.745","444"
"81","114284","20220620030000","73","1","高雄市","梓官區","120.265","22.765","84"
"862","114288","20220620030000","699","2","高雄市","梓官區","120.265","22.760","863"
"1607","114295","20220620030000","943","3","高雄市","梓官區","120.270","22.760","1609"
"401","114297","20220620030000","302","2","高雄市","梓官區","120.245","22.740","399"
"108","114302","20220620030000","88","2","高雄市","梓官區","120.245","22.750","100"
"525","114304","20220620030000","299","3","高雄市","梓官區","120.250","22.735","513"
"714","114307","20220620030000","1087","0","高雄市","橋頭區","120.310","22.750","723"
"86","114308","20220620030000","46","3","高雄市","橋頭區","120.315","22.755","80"
"972","114309","20220620030000","1202","0","高雄市","橋頭區","120.310","22.755","996"
"518","114311","20220620030000","359","2","高雄市","橋頭區","120.305","22.735","523"
"338","114315","20220620030000","309","1","高雄市","橋頭區","120.305","22.740","341"
"625","114318","20220620030000","609","1","高雄市","橋頭區","120.310","22.745","590"
"408","114322","20220620030000","418","0","高雄市","橋頭區","120.300","22.755","425"
"184","114329","20220620030000","103","3","高雄市","旗山區","120.445","22.775","218"
"61","114344","20220620030000","42","2","高雄市","旗山區","120.440","22.785","68"
"11","114349","20220620030000","31","0","高雄市","旗山區","120.430","22.790","11"
"17","114358","20220620030000","23","0","高雄市","旗山區","120.435","22.795","16"
"154","114363","20220620030000","123","2","高雄市","旗山區","120.460","22.795","159"
"42","114393","20220620030000","31","2","高雄市","旗山區","120.455","22.815","41"
"98","114395","20220620030000","72","2","高雄市","旗山區","120.465","22.815","97"
"675","114407","20220620030000","776","0","高雄市","旗山區","120.465","22.840","668"
"88","114408","20220620030000","65","2","高雄市","旗山區","120.450","22.845","104"
"29","114416","20220620030000","547","0","高雄市","梓官區","120.270","22.765","33"
"60","114421","20220620030000","982","0","高雄市","梓官區","120.260","22.740","58"
"285","114422","20220620030000","289","0","高雄市","橋頭區","120.265","22.740","316"
"15","114424","20220620030000","300","0","臺東縣","卑南鄉","121.160","22.790","17"
"56","114462","20220620030000","57","0","臺東縣","卑南鄉","121.150","22.820","48"
"108","114473","20220620030000","88","2","臺東縣","卑南鄉","121.150","22.830","103"
"105","114575","20220620030000","70","3","臺東縣","卑南鄉","121.055","22.745","111"
"281","114700","20220620030000","270","1","臺東縣","臺東市","121.045","22.760","307"
"125","114840","20220620030000","82","3","臺東縣","卑南鄉","121.070","22.795","103"
"345","114846","20220620030000","259","2","臺東縣","卑南鄉","121.065","22.800","344"
"670","114971","20220620030000","671","0","臺東縣","臺東市","121.125","22.740","654"
"16","114972","20220620030000","534","0","臺東縣","臺東市","121.130","22.740","16"
"992","114977","20220620030000","1170","0","臺東縣","臺東市","121.135","22.740","1008"
"984","114979","20220620030000","880","1","臺東縣","臺東市","121.120","22.735","1021"
"1297","115004","20220620030000","1024","2","高雄市","岡山區","120.285","22.790","1282"
"19","115005","20220620030000","19","1","高雄市","岡山區","120.290","22.790","20"
"364","115006","20220620030000","253","2","高雄市","岡山區","120.295","22.785","338"
"331","115298","20220620030000","200","3","高雄市","田寮區","120.360","22.830","317"
"140","115300","20220620030000","132","1","高雄市","田寮區","120.370","22.830","135"
"125","115304","20220620030000","85","2","高雄市","田寮區","120.355","22.835","134"
"51","115311","20220620030000","55","0","高雄市","田寮區","120.395","22.835","53"
"106","115312","20220620030000","123","0","高雄市","田寮區","120.345","22.840","93"
"38","115319","20220620030000","50","0","高雄市","田寮區","120.345","22.845","46"
"57","115329","20220620030000","64","0","高雄市","旗山區","120.435","22.830","63"
"96","115367","20220620030000","761","0","高雄市","燕巢區","120.355","22.790","101"
"336","115368","20220620030000","210","3","高雄市","燕巢區","120.360","22.790","324"
"119","115374","20220620030000","156","0","高雄市","燕巢區","120.325","22.785","131"
"257","115375","20220620030000","176","2","高雄市","燕巢區","120.330","22.785","223"
"364","115377","20220620030000","291","2","高雄市","燕巢區","120.340","22.785","367"
"104","115380","20220620030000","82","2","高雄市","燕巢區","120.355","22.785","108"
"303","115382","20220620030000","259","1","高雄市","燕巢區","120.340","22.790","324"
"255","115384","20220620030000","218","1","高雄市","燕巢區","120.350","22.790","247"
"17","115394","20220620030000","22","0","高雄市","燕巢區","120.355","22.810","18"
"20","115398","20220620030000","22","0","高雄市","燕巢區","120.375","22.810","21"
"79","115401","20220620030000","79","1","高雄市","燕巢區","120.390","22.810","80"
"55","115402","20220620030000","66","0","高雄市","燕巢區","120.355","22.815","53"
"19","115404","20220620030000","23","0","高雄市","燕巢區","120.365","22.815","22"
"294","115429","20220620030000","221","2","高雄市","燕巢區","120.365","22.790","278"
"450","115436","20220620030000","451","0","高雄市","燕巢區","120.365","22.795","482"
"156","115437","20220620030000","152","1","高雄市","燕巢區","120.370","22.795","162"
"43","115438","20220620030000","45","0","高雄市","燕巢區","120.375","22.795","45"
"382","115447","20220620030000","514","0","高雄市","燕巢區","120.375","22.760","400"
"482","115450","20220620030000","310","3","高雄市","燕巢區","120.375","22.765","475"
"33","115453","20220620030000","32","1","高雄市","燕巢區","120.390","22.765","29"
"17","115458","20220620030000","120","0","高雄市","燕巢區","120.385","22.770","18"
"52","115463","20220620030000","57","0","高雄市","燕巢區","120.410","22.770","51"
"299","115472","20220620030000","294","1","高雄市","燕巢區","120.385","22.775","292"
"155","115473","20220620030000","169","0","高雄市","燕巢區","120.390","22.775","160"
"26","115475","20220620030000","60","0","高雄市","燕巢區","120.400","22.775","26"
"174","115482","20220620030000","103","3","高雄市","燕巢區","120.385","22.780","176"
"115","115486","20220620030000","122","0","高雄市","燕巢區","120.405","22.780","109"
"121","115500","20220620030000","133","0","高雄市","燕巢區","120.420","22.780","129"
"90","115501","20220620030000","47","3","高雄市","燕巢區","120.425","22.780","89"
"10","115507","20220620030000","31","0","高雄市","燕巢區","120.410","22.785","13"
"17","115513","20220620030000","77","0","高雄市","燕巢區","120.405","22.790","18"
"54","115519","20220620030000","73","0","高雄市","燕巢區","120.410","22.795","47"
"98","115523","20220620030000","86","1","高雄市","岡山區","120.315","22.785","100"
"278","115524","20220620030000","181","3","高雄市","燕巢區","120.320","22.785","289"
"18","115528","20220620030000","96","0","高雄市","燕巢區","120.330","22.790","20"
"43","115531","20220620030000","476","0","高雄市","燕巢區","120.325","22.795","48"
"239","115537","20220620030000","368","0","高雄市","燕巢區","120.335","22.800","183"
"831","115543","20220620030000","790","1","高雄市","燕巢區","120.355","22.795","910"
"207","115544","20220620030000","179","1","高雄市","燕巢區","120.360","22.795","204"
"187","115546","20220620030000","231","0","高雄市","燕巢區","120.355","22.800","251"
"912","115555","20220620030000","2015","0","高雄市","楠梓區","120.325","22.735","921"
"1189","115556","20220620030000","463","3","高雄市","楠梓區","120.330","22.735","1189"
"1136","115557","20220620030000","1596","0","高雄市","楠梓區","120.335","22.735","1145"
"958","115559","20220620030000","935","1","高雄市","楠梓區","120.330","22.740","950"
"1103","115560","20220620030000","1080","1","高雄市","楠梓區","120.335","22.740","1185"
"45","115562","20220620030000","490","0","高雄市","楠梓區","120.330","22.745","53"
"37","115563","20220620030000","444","0","高雄市","橋頭區","120.325","22.750","32"
"949","115564","20220620030000","686","2","高雄市","楠梓區","120.330","22.750","914"
"137","115565","20220620030000","86","3","高雄市","岡山區","120.305","22.780","183"
"170","115567","20220620030000","139","2","高雄市","岡山區","120.315","22.825","182"
"301","115568","20220620030000","242","2","高雄市","岡山區","120.325","22.825","306"
"111","115576","20220620030000","123","0","高雄市","岡山區","120.315","22.815","105"
"106","115577","20220620030000","66","3","高雄市","岡山區","120.320","22.815","116"
"13","115580","20220620030000","54","0","高雄市","岡山區","120.325","22.820","13"
"85","115598","20220620030000","921","0","高雄市","岡山區","120.295","22.795","78"
"242","115599","20220620030000","257","0","高雄市","岡山區","120.290","22.800","242"
"606","115600","20220620030000","628","0","高雄市","岡山區","120.295","22.800","616"
"31","115607","20220620030000","32","0","高雄市","彌陀區","120.230","22.800","31"
"628","115616","20220620030000","619","1","臺東縣","臺東市","121.105","22.770","585"
"393","115617","20220620030000","373","1","臺東縣","臺東市","121.110","22.770","434"
"43","115618","20220620030000","641","0","臺東縣","臺東市","121.115","22.770","40"
"46","115620","20220620030000","47","0","高雄市","大樹區","120.440","22.755","49"
"122","115631","20220620030000","40","3","高雄市","大樹區","120.420","22.765","134"
"17","115636","20220620030000","31","0","高雄市","大樹區","120.445","22.765","12"
"225","115644","20220620030000","182","2","高雄市","大樹區","120.450","22.770","235"
"32","115647","20220620030000","31","1","高雄市","旗山區","120.430","22.775","30"
"304","115648","20220620030000","167","3","高雄市","岡山區","120.300","22.815","308"
"1131","115657","20220620030000","836","2","高雄市","岡山區","120.300","22.820","1157"
"567","115660","20220620030000","399","2","高雄市","岡山區","120.315","22.820","562"
"47","115663","20220620030000","32","2","高雄市","岡山區","120.295","22.830","40"
"253","115664","20220620030000","216","1","高雄市","岡山區","120.290","22.795","241"
"856","115665","20220620030000","776","1","高雄市","岡山區","120.285","22.800","860"
"15","115669","20220620030000","171","0","高雄市","燕巢區","120.325","22.800","15"
"15","115670","20220620030000","31","0","高雄市","岡山區","120.310","22.805","15"
"18","115676","20220620030000","57","0","高雄市","岡山區","120.320","22.810","13"
"150","115684","20220620030000","157","0","高雄市","岡山區","120.305","22.775","126"
"27","115686","20220620030000","46","0","高雄市","岡山區","120.310","22.775","33"
"25","115687","20220620030000","296","0","高雄市","岡山區","120.300","22.780","21"
"32","115690","20220620030000","860","0","高雄市","岡山區","120.300","22.785","31"
"47","115691","20220620030000","402","0","高雄市","岡山區","120.290","22.805","46"
"113","115692","20220620030000","219","0","高雄市","岡山區","120.295","22.805","120"
"67","115694","20220620030000","568","0","高雄市","岡山區","120.295","22.790","80"
"172","115706","20220620030000","142","2","高雄市","彌陀區","120.240","22.755","177"
"129","115708","20220620030000","103","2","高雄市","梓官區","120.250","22.755","133"
"148","115709","20220620030000","70","3","高雄市","彌陀區","120.235","22.760","151"
"125","115713","20220620030000","107","1","高雄市","彌陀區","120.240","22.765","136"
"390","115714","20220620030000","515","0","高雄市","彌陀區","120.250","22.780","383"
"725","115717","20220620030000","650","1","臺東縣","臺東市","121.140","22.740","711"
"336","115718","20220620030000","288","1","臺東縣","臺東市","121.130","22.745","329"
"2095","115719","20220620030000","1848","1","臺東縣","臺東市","121.135","22.745","2045"
"42","115720","20220620030000","640","0","臺東縣","臺東市","121.140","22.745","33"
"460","115721","20220620030000","389","1","臺東縣","臺東市","121.130","22.750","437"
"751","115722","20220620030000","665","1","臺東縣","臺東市","121.135","22.750","711"
"405","115724","20220620030000","285","2","臺東縣","臺東市","121.120","22.750","439"
"315","115727","20220620030000","279","1","臺東縣","臺東市","121.130","22.755","307"
"266","115728","20220620030000","289","0","臺東縣","臺東市","121.120","22.760","263"
"57","115732","20220620030000","82","0","臺東縣","臺東市","121.090","22.760","72"
"341","115739","20220620030000","237","2","臺東縣","臺東市","121.095","22.765","324"
"544","115745","20220620030000","487","1","臺東縣","臺東市","121.095","22.770","507"
"152","115749","20220620030000","121","2","高雄市","阿蓮區","120.335","22.835","133"
"1369","115782","20220620030000","615","3","高雄市","岡山區","120.300","22.795","1345"
"1142","115783","20220620030000","1157","0","高雄市","岡山區","120.305","22.795","1126"
"17","115784","20220620030000","26","0","高雄市","岡山區","120.310","22.795","19"
"447","115787","20220620030000","387","1","高雄市","岡山區","120.270","22.780","473"
"91","115788","20220620030000","330","0","高雄市","岡山區","120.270","22.785","91"
"278","115791","20220620030000","784","0","高雄市","岡山區","120.285","22.785","266"
"516","115793","20220620030000","484","1","高雄市","彌陀區","120.250","22.785","501"
"1164","115795","20220620030000","814","2","高雄市","彌陀區","120.235","22.795","1202"
"115","115804","20220620030000","141","0","高雄市","彌陀區","120.245","22.775","124"
"66","115805","20220620030000","67","0","高雄市","彌陀區","120.245","22.765","61"
"239","115808","20220620030000","164","2","高雄市","彌陀區","120.245","22.770","240"
"21","115810","20220620030000","135","0","高雄市","彌陀區","120.255","22.770","302"
"1362","115819","20220620030000","873","3","高雄市","岡山區","120.305","22.785","1374"
"507","115820","20220620030000","1269","0","高雄市","岡山區","120.300","22.790","540"
"861","115821","20220620030000","886","0","高雄市","岡山區","120.305","22.790","850"
"503","115833","20220620030000","173","3","高雄市","岡山區","120.265","22.815","497"
"181","115834","20220620030000","139","2","高雄市","岡山區","120.270","22.815","186"
"147","115836","20220620030000","109","2","高雄市","岡山區","120.255","22.820","126"
"100","115841","20220620030000","85","1","高雄市","岡山區","120.265","22.820","93"
"118","115844","20220620030000","92","2","高雄市","岡山區","120.300","22.830","115"
"551","115849","20220620030000","512","1","高雄市","阿蓮區","120.305","22.835","538"
"42","115851","20220620030000","139","0","高雄市","岡山區","120.280","22.810","32"
"258","115852","20220620030000","145","3","高雄市","岡山區","120.285","22.810","261"
"370","115855","20220620030000","321","1","高雄市","岡山區","120.285","22.815","382"
"35","115856","20220620030000","178","0","高雄市","岡山區","120.290","22.815","26"
"433","115872","20220620030000","297","2","高雄市","彌陀區","120.250","22.775","454"
"22","115876","20220620030000","34","0","高雄市","大社區","120.345","22.735","21"
"12","115878","20220620030000","225","0","高雄市","大社區","120.360","22.740","22"
"83","115879","20220620030000","72","1","高雄市","大社區","120.365","22.740","80"
"210","115883","20220620030000","211","0","高雄市","大社區","120.345","22.740","213"
"967","115886","20220620030000","903","1","高雄市","楠梓區","120.335","22.745","909"
"545","115889","20220620030000","496","1","高雄市","大社區","120.350","22.745","408"
"220","115892","20220620030000","397","0","高雄市","燕巢區","120.340","22.750","220"
"44","115895","20220620030000","42","1","高雄市","大社區","120.355","22.750","40"
"113","115897","20220620030000","135","0","高雄市","大社區","120.365","22.750","124"
"107","115907","20220620030000","116","0","高雄市","大社區","120.375","22.745","122"
"45","115911","20220620030000","53","0","高雄市","大社區","120.395","22.745","48"
"18","115922","20220620030000","30","0","高雄市","大社區","120.405","22.750","12"
"65","115927","20220620030000","52","2","高雄市","大社區","120.390","22.755","66"
"239","115941","20220620030000","130","3","高雄市","大社區","120.370","22.735","245"
"374","115943","20220620030000","352","1","高雄市","大社區","120.380","22.735","356"
"572","115946","20220620030000","501","1","高雄市","岡山區","120.275","22.775","582"
"678","115949","20220620030000","501","2","高雄市","岡山區","120.310","22.790","664"
"983","115953","20220620030000","797","2","高雄市","岡山區","120.300","22.800","980"
"62","115954","20220620030000","489","0","高雄市","岡山區","120.305","22.800","59"
"89","115966","20220620030000","72","2","高雄市","旗山區","120.425","22.815","101"
"14","115972","20220620030000","13","1","高雄市","旗山區","120.435","22.825","11"
"58","124145","20220620030000","402","0","屏東縣","高樹鄉","120.610","22.850","58"
"57","124161","20220620030000","189","0","屏東縣","高樹鄉","120.630","22.865","243"
"75","124176","20220620030000","45","3","屏東縣","高樹鄉","120.640","22.880","72"
"45","124193","20220620030000","37","2","臺南市","仁德區","120.245","22.935","46"
"67","124195","20220620030000","38","3","臺南市","仁德區","120.240","22.940","71"
"687","124197","20220620030000","623","1","臺南市","仁德區","120.250","22.940","681"
"53","124211","20220620030000","23","3","臺南市","關廟區","120.330","22.910","45"
"268","124220","20220620030000","248","1","臺南市","關廟區","120.345","22.915","281"
"54","124243","20220620030000","61","0","高雄市","茄萣區","120.205","22.855","47"
"360","124253","20220620030000","374","0","臺南市","仁德區","120.215","22.910","363"
"301","124255","20220620030000","221","2","高雄市","湖內區","120.225","22.905","274"
"129","124262","20220620030000","314","0","臺南市","南區","120.185","22.920","133"
"17","124268","20220620030000","259","0","臺南市","歸仁區","120.280","22.915","25"
"220","124271","20220620030000","199","1","臺南市","歸仁區","120.270","22.920","248"
"330","124275","20220620030000","176","3","臺南市","歸仁區","120.285","22.920","316"
"206","124278","20220620030000","91","3","臺南市","歸仁區","120.280","22.925","181"
"39","124281","20220620030000","87","0","臺南市","歸仁區","120.270","22.930","40"
"10","124291","20220620030000","113","0","臺南市","南區","120.175","22.940","18"
"224","124293","20220620030000","198","1","臺南市","仁德區","120.245","22.925","214"
"17","124295","20220620030000","20","0","臺南市","仁德區","120.240","22.930","18"
"687","124314","20220620030000","1383","0","臺南市","仁德區","120.260","22.945","672"
"215","124322","20220620030000","378","0","臺南市","歸仁區","120.270","22.905","355"
"772","124323","20220620030000","480","3","臺南市","仁德區","120.255","22.910","713"
"538","124338","20220620030000","338","3","臺南市","仁德區","120.250","22.910","584"
"89","124352","20220620030000","75","1","臺南市","關廟區","120.325","22.950","93"
"234","124363","20220620030000","117","3","臺南市","關廟區","120.335","22.930","226"
"354","124371","20220620030000","184","3","臺南市","關廟區","120.335","22.940","345"
"1165","124386","20220620030000","983","1","臺南市","仁德區","120.255","22.950","1156"
"198","124408","20220620030000","216","0","臺南市","仁德區","120.230","22.945","177"
"277","124415","20220620030000","294","0","臺南市","仁德區","120.260","22.950","289"
"117","124431","20220620030000","113","1","臺南市","歸仁區","120.295","22.925","131"
"206","124453","20220620030000","136","3","臺南市","歸仁區","120.300","22.940","209"
"704","124469","20220620030000","511","2","臺南市","南區","120.180","22.930","717"
"38","124472","20220620030000","136","0","臺南市","南區","120.180","22.935","36"
"133","124474","20220620030000","125","1","臺南市","南區","120.190","22.935","128"
"1227","124477","20220620030000","1120","1","臺南市","南區","120.180","22.925","1269"
"36","124491","20220620030000","304","0","臺南市","歸仁區","120.275","22.910","42"
"136","124494","20220620030000","130","1","臺南市","歸仁區","120.285","22.910","160"
"155","124504","20220620030000","427","0","臺南市","歸仁區","120.275","22.915","142"
"764","124526","20220620030000","652","1","臺南市","歸仁區","120.275","22.950","755"
"181","124527","20220620030000","163","1","臺南市","歸仁區","120.280","22.950","171"
"31","124538","20220620030000","40","0","臺南市","仁德區","120.220","22.920","34"
"204","124546","20220620030000","138","2","臺南市","南區","120.215","22.950","186"
"10","124548","20220620030000","89","0","臺南市","仁德區","120.220","22.945","15"
"136","124549","20220620030000","124","1","臺南市","仁德區","120.220","22.950","160"
"37","124550","20220620030000","488","0","高雄市","湖內區","120.230","22.915","40"
"366","124551","20220620030000","486","0","臺南市","仁德區","120.235","22.915","389"
"440","124552","20220620030000","595","0","臺南市","仁德區","120.225","22.920","437"
"217","124553","20220620030000","368","0","臺南市","仁德區","120.230","22.920","247"
"41","124555","20220620030000","502","0","臺南市","仁德區","120.240","22.920","39"
"223","124557","20220620030000","196","1","臺南市","仁德區","120.250","22.920","222"
"368","124559","20220620030000","389","0","臺南市","仁德區","120.225","22.925","357"
"34","124563","20220620030000","449","0","臺南市","仁德區","120.230","22.930","36"
"505","124565","20220620030000","404","2","臺南市","仁德區","120.220","22.915","543"
"1003","124569","20220620030000","964","1","臺南市","仁德區","120.215","22.915","980"
"657","124585","20220620030000","494","2","臺南市","南區","120.180","22.945","658"
"347","124591","20220620030000","268","2","臺南市","南區","120.185","22.950","344"
"55","124601","20220620030000","44","2","高雄市","茂林區","120.685","22.905","42"
"1534","124642","20220620030000","1285","1","高雄市","茄萣區","120.185","22.895","1489"
"11","124648","20220620030000","14","0","高雄市","內門區","120.450","22.920","13"
"333","124661","20220620030000","152","3","高雄市","美濃區","120.525","22.850","324"
"101","124668","20220620030000","96","1","高雄市","美濃區","120.535","22.850","108"
"284","124671","20220620030000","291","0","高雄市","美濃區","120.550","22.850","295"
"313","124678","20220620030000","352","0","高雄市","美濃區","120.535","22.860","317"
"199","124706","20220620030000","119","3","高雄市","美濃區","120.580","22.920","218"
"15","124745","20220620030000","28","0","高雄市","美濃區","120.585","22.940","13"
"916","124774","20220620030000","831","1","高雄市","美濃區","120.545","22.900","893"
"226","124778","20220620030000","137","3","高雄市","美濃區","120.555","22.905","224"
"304","124780","20220620030000","222","2","高雄市","美濃區","120.545","22.910","301"
"262","124803","20220620030000","178","2","高雄市","美濃區","120.535","22.865","252"
"343","124809","20220620030000","292","1","高雄市","美濃區","120.535","22.875","356"
"255","124812","20220620030000","174","2","高雄市","美濃區","120.535","22.880","254"
"220","124818","20220620030000","167","2","高雄市","美濃區","120.555","22.885","226"
"315","124831","20220620030000","231","2","高雄市","內門區","120.460","22.925","297"
"39","124869","20220620030000","73","0","高雄市","內門區","120.470","22.910","38"
"196","124897","20220620030000","148","2","高雄市","內門區","120.465","22.930","199"
"245","124903","20220620030000","207","1","高雄市","內門區","120.465","22.940","244"
"221","124908","20220620030000","172","2","高雄市","內門區","120.460","22.920","235"
"14","124962","20220620030000","14","1","臺南市","龍崎區","120.380","22.950","13"
"23","124976","20220620030000","19","2","臺南市","龍崎區","120.395","22.930","18"
"78","124995","20220620030000","41","3","臺南市","龍崎區","120.365","22.915","80"
"75","125006","20220620030000","66","1","臺南市","龍崎區","120.350","22.930","66"
"523","125045","20220620030000","415","2","臺南市","龍崎區","120.425","22.940","527"
"10","125051","20220620030000","11","0","臺南市","龍崎區","120.400","22.950","12"
"16","125061","20220620030000","10","3","臺南市","龍崎區","120.420","22.945","11"
"42","125099","20220620030000","195","0","臺東縣","卑南鄉","121.090","22.865","47"
"236","125138","20220620030000","287","0","臺東縣","卑南鄉","121.125","22.870","218"
"77","125172","20220620030000","56","2","臺東縣","卑南鄉","121.190","22.850","74"
"242","125177","20220620030000","226","1","高雄市","湖內區","120.235","22.900","211"
"70","125178","20220620030000","109","0","臺南市","仁德區","120.235","22.905","61"
"414","125179","20220620030000","287","2","高雄市","湖內區","120.230","22.910","366"
"538","125186","20220620030000","404","2","高雄市","路竹區","120.275","22.870","532"
"27","125192","20220620030000","59","0","高雄市","路竹區","120.265","22.885","42"
"461","125206","20220620030000","398","1","高雄市","路竹區","120.270","22.870","472"
"408","125207","20220620030000","408","1","高雄市","路竹區","120.255","22.875","419"
"154","125215","20220620030000","120","2","高雄市","茄萣區","120.180","22.910","147"
"569","125229","20220620030000","352","3","高雄市","路竹區","120.290","22.865","602"
"222","125232","20220620030000","247","0","高雄市","路竹區","120.245","22.860","236"
"1226","125234","20220620030000","816","3","高雄市","路竹區","120.255","22.860","1227"
"63","125242","20220620030000","67","0","高雄市","路竹區","120.250","22.855","64"
"33","125244","20220620030000","42","0","高雄市","路竹區","120.260","22.865","34"
"380","125249","20220620030000","447","0","高雄市","路竹區","120.235","22.860","378"
"553","125257","20220620030000","562","0","高雄市","路竹區","120.260","22.860","569"
"69","125258","20220620030000","55","2","高雄市","路竹區","120.255","22.865","73"
"454","125263","20220620030000","394","1","高雄市","路竹區","120.225","22.855","444"
"167","125284","20220620030000","75","3","高雄市","旗山區","120.515","22.855","153"
"163","125285","20220620030000","144","1","高雄市","旗山區","120.490","22.860","174"
"12","125295","20220620030000","90","0","高雄市","旗山區","120.490","22.880","12"
"324","125296","20220620030000","81","3","高雄市","旗山區","120.495","22.880","324"
"477","125297","20220620030000","417","1","高雄市","旗山區","120.500","22.880","470"
"873","125340","20220620030000","856","1","高雄市","旗山區","120.480","22.895","899"
"145","125343","20220620030000","121","1","高雄市","旗山區","120.480","22.900","146"
"171","125346","20220620030000","363","0","高雄市","旗山區","120.475","22.905","181"
"18","125349","20220620030000","358","0","高雄市","旗山區","120.485","22.905","21"
"76","125360","20220620030000","542","0","高雄市","湖內區","120.250","22.880","77"
"750","125361","20220620030000","676","1","高雄市","湖內區","120.245","22.885","784"
"54","125366","20220620030000","289","0","高雄市","湖內區","120.240","22.890","304"
"514","125367","20220620030000","405","2","高雄市","湖內區","120.245","22.890","486"
"45","125374","20220620030000","49","0","高雄市","旗山區","120.445","22.885","46"
"39","125393","20220620030000","49","0","高雄市","內門區","120.420","22.910","44"
"21","125438","20220620030000","14","3","高雄市","茂林區","120.650","22.880","21"
"16","125444","20220620030000","10","3","高雄市","六龜區","120.650","22.890","16"
"57","125487","20220620030000","53","1","高雄市","六龜區","120.620","22.890","59"
"135","125491","20220620030000","82","3","高雄市","六龜區","120.625","22.895","130"
"114","125506","20220620030000","84","2","高雄市","六龜區","120.635","22.910","115"
"13","125528","20220620030000","10","2","高雄市","六龜區","120.615","22.880","14"
"74","125543","20220620030000","68","1","高雄市","六龜區","120.625","22.885","66"
"88","125591","20220620030000","72","2","高雄市","六龜區","120.645","22.925","104"
"834","125608","20220620030000","643","2","高雄市","路竹區","120.265","22.865","840"
"112","125613","20220620030000","120","0","高雄市","路竹區","120.265","22.850","120"
"98","125614","20220620030000","97","1","高雄市","路竹區","120.260","22.855","96"
"11","125615","20220620030000","794","0","高雄市","路竹區","120.265","22.855","15"
"354","125624","20220620030000","154","3","高雄市","路竹區","120.290","22.875","371"
"45","125626","20220620030000","43","1","高雄市","路竹區","120.295","22.875","36"
"33","125629","20220620030000","66","0","高雄市","路竹區","120.285","22.880","42"
"253","125646","20220620030000","166","3","臺南市","關廟區","120.345","22.905","230"
"303","125659","20220620030000","253","1","高雄市","阿蓮區","120.290","22.895","326"
"166","125660","20220620030000","166","1","高雄市","阿蓮區","120.295","22.895","163"
"228","125667","20220620030000","419","0","臺南市","歸仁區","120.280","22.905","365"
"11","125673","20220620030000","14","0","高雄市","阿蓮區","120.330","22.875","10"
"144","125675","20220620030000","113","2","高雄市","湖內區","120.195","22.910","145"
"251","125676","20220620030000","90","3","高雄市","湖內區","120.200","22.910","267"
"15","125737","20220620030000","215","0","高雄市","田寮區","120.370","22.865","17"
"57","125772","20220620030000","58","0","高雄市","田寮區","120.400","22.890","62"
"26","125779","20220620030000","50","0","高雄市","田寮區","120.400","22.895","24"
"26","125825","20220620030000","13","3","臺東縣","東河鄉","121.270","22.930","27"
"27","125838","20220620030000","24","1","臺東縣","東河鄉","121.275","22.940","32"
"107","125849","20220620030000","71","3","臺東縣","鹿野鄉","121.150","22.930","123"
"674","125884","20220620030000","1004","0","高雄市","旗山區","120.480","22.880","640"
"536","125896","20220620030000","485","1","高雄市","美濃區","120.540","22.900","559"
"25","125917","20220620030000","35","0","高雄市","美濃區","120.535","22.900","20"
"190","125941","20220620030000","142","2","高雄市","美濃區","120.565","22.865","192"
"17","125950","20220620030000","17","1","高雄市","美濃區","120.570","22.870","18"
"42","125951","20220620030000","26","3","高雄市","美濃區","120.575","22.870","39"
"60","125952","20220620030000","61","0","高雄市","美濃區","120.580","22.870","62"
"313","125955","20220620030000","247","2","高雄市","美濃區","120.565","22.875","324"
"105","125966","20220620030000","66","3","高雄市","美濃區","120.545","22.880","96"
"70","125970","20220620030000","70","1","高雄市","美濃區","120.535","22.885","61"
"353","125981","20220620030000","297","1","高雄市","美濃區","120.515","22.875","368"
"122","125989","20220620030000","115","1","高雄市","旗山區","120.505","22.890","121"
"257","125997","20220620030000","290","0","高雄市","美濃區","120.520","22.895","296"
"265","126001","20220620030000","161","3","高雄市","美濃區","120.520","22.900","261"
"454","126010","20220620030000","365","2","高雄市","美濃區","120.560","22.915","462"
"152","126024","20220620030000","128","1","高雄市","美濃區","120.580","22.925","157"
"295","126043","20220620030000","231","2","高雄市","美濃區","120.550","22.865","295"
"332","126059","20220620030000","270","2","高雄市","美濃區","120.575","22.880","325"
"106","126076","20220620030000","81","2","高雄市","美濃區","120.570","22.895","112"
"536","126092","20220620030000","682","0","高雄市","旗山區","120.480","22.885","571"
"263","126096","20220620030000","471","0","高雄市","路竹區","120.265","22.870","272"
"553","126107","20220620030000","618","0","高雄市","路竹區","120.270","22.865","735"
"302","126119","20220620030000","149","3","高雄市","旗山區","120.490","22.920","309"
"412","126120","20220620030000","333","2","高雄市","旗山區","120.495","22.920","362"
"421","126140","20220620030000","173","3","高雄市","路竹區","120.280","22.850","414"
"34","126141","20220620030000","253","0","高雄市","路竹區","120.270","22.855","41"
"1326","126142","20220620030000","1055","2","高雄市","路竹區","120.265","22.860","1306"
"13","126160","20220620030000","24","0","臺東縣","卑南鄉","121.105","22.850","20"
"561","126178","20220620030000","518","1","臺東縣","卑南鄉","121.105","22.860","536"
"94","126183","20220620030000","49","3","臺東縣","卑南鄉","121.100","22.865","96"
"60","126219","20220620030000","344","0","高雄市","茄萣區","120.185","22.890","64"
"357","126227","20220620030000","275","2","高雄市","湖內區","120.235","22.895","379"
"121","126228","20220620030000","98","2","高雄市","湖內區","120.220","22.900","131"
"69","126236","20220620030000","41","3","高雄市","湖內區","120.225","22.880","69"
"571","126244","20220620030000","497","1","高雄市","湖內區","120.225","22.895","553"
"597","126247","20220620030000","398","3","高雄市","湖內區","120.240","22.870","580"
"221","126249","20220620030000","140","3","高雄市","湖內區","120.235","22.875","226"
"373","126256","20220620030000","205","3","高雄市","湖內區","120.240","22.885","359"
"790","126258","20220620030000","603","2","高雄市","湖內區","120.250","22.875","825"
"163","126273","20220620030000","166","0","高雄市","美濃區","120.545","22.895","172"
"251","126301","20220620030000","231","1","臺東縣","鹿野鄉","121.085","22.900","264"
"278","126303","20220620030000","228","2","臺東縣","延平鄉","121.075","22.905","256"
"34","126423","20220620030000","29","1","臺東縣","延平鄉","121.100","22.910","38"
"140","127499","20220620030000","141","0","臺東縣","延平鄉","121.150","22.900","124"
"25","127566","20220620030000","13","3","臺東縣","鹿野鄉","121.120","22.920","18"
"15","127569","20220620030000","156","0","臺東縣","鹿野鄉","121.120","22.925","21"
"13","127570","20220620030000","15","0","臺東縣","鹿野鄉","121.125","22.925","13"
"240","127581","20220620030000","116","3","臺東縣","鹿野鄉","121.120","22.930","214"
"127","127584","20220620030000","99","2","臺東縣","鹿野鄉","121.135","22.930","140"
"53","127600","20220620030000","37","2","臺東縣","鹿野鄉","121.135","22.945","59"
"113","127605","20220620030000","87","2","高雄市","田寮區","120.395","22.850","102"
"81","127613","20220620030000","39","3","高雄市","田寮區","120.380","22.875","79"
"287","127617","20220620030000","256","1","高雄市","田寮區","120.385","22.880","309"
"51","127622","20220620030000","42","2","高雄市","田寮區","120.390","22.885","52"
"39","127652","20220620030000","48","0","高雄市","田寮區","120.360","22.880","44"
"76","127664","20220620030000","55","2","高雄市","田寮區","120.370","22.890","73"
"49","127666","20220620030000","28","3","高雄市","田寮區","120.360","22.895","53"
"31","127698","20220620030000","48","0","高雄市","田寮區","120.425","22.885","26"
"353","127704","20220620030000","408","0","高雄市","茄萣區","120.180","22.900","324"
"69","127705","20220620030000","414","0","高雄市","茄萣區","120.185","22.900","587"
"134","127717","20220620030000","153","0","臺東縣","鹿野鄉","121.100","22.895","114"
"64","127724","20220620030000","36","3","臺東縣","鹿野鄉","121.135","22.895","73"
"16","127727","20220620030000","15","1","臺東縣","鹿野鄉","121.100","22.900","10"
"178","127733","20220620030000","171","1","臺東縣","鹿野鄉","121.135","22.910","185"
"82","127737","20220620030000","91","0","臺東縣","鹿野鄉","121.135","22.920","99"
"11","127748","20220620030000","120","0","臺東縣","鹿野鄉","121.130","22.900","11"
"253","127754","20220620030000","226","1","臺東縣","鹿野鄉","121.120","22.905","250"
"1648","127765","20220620030000","1320","2","臺南市","仁德區","120.220","22.910","1636"
"161","127770","20220620030000","199","0","高雄市","湖內區","120.215","22.905","194"
"61","127835","20220620030000","39","3","臺東縣","東河鄉","121.235","22.940","52"
"165","127852","20220620030000","142","1","臺東縣","東河鄉","121.250","22.895","168"
"95","127889","20220620030000","77","2","臺東縣","東河鄉","121.255","22.915","87"
"21","127890","20220620030000","10","3","臺東縣","東河鄉","121.260","22.915","21"
"17","127912","20220620030000","194","0","臺東縣","東河鄉","121.265","22.925","23"
"193","127933","20220620030000","139","2","臺東縣","東河鄉","121.190","22.860","141"
"53","127935","20220620030000","49","1","臺東縣","東河鄉","121.200","22.860","49"
"729","127958","20220620030000","770","0","臺東縣","東河鄉","121.225","22.870","786"
"105","127984","20220620030000","11","3","臺東縣","東河鄉","121.225","22.880","119"
"125","127998","20220620030000","83","3","臺東縣","東河鄉","121.235","22.880","124"
"58","128028","20220620030000","56","1","臺東縣","東河鄉","121.245","22.890","53"
"48","128038","20220620030000","46","1","臺東縣","東河鄉","121.235","22.895","41"
"156","128060","20220620030000","180","0","高雄市","阿蓮區","120.345","22.860","162"
"45","128066","20220620030000","418","0","高雄市","阿蓮區","120.320","22.850","518"
"124","128071","20220620030000","111","1","高雄市","阿蓮區","120.320","22.855","116"
"266","128073","20220620030000","172","3","高雄市","阿蓮區","120.330","22.855","271"
"1333","128075","20220620030000","783","3","高雄市","阿蓮區","120.325","22.875","1352"
"1554","128076","20220620030000","830","3","高雄市","阿蓮區","120.325","22.880","1460"
"16","128078","20220620030000","177","0","高雄市","路竹區","120.305","22.860","10"
"224","128090","20220620030000","192","1","高雄市","阿蓮區","120.310","22.870","222"
"178","128091","20220620030000","116","3","高雄市","阿蓮區","120.315","22.870","171"
"70","128097","20220620030000","69","1","高雄市","阿蓮區","120.315","22.880","74"
"66","128418","20220620030000","51","2","高雄市","茂林區","120.715","22.910","59"
"68","128722","20220620030000","60","1","高雄市","茂林區","120.665","22.885","64"
"56","128723","20220620030000","29","3","高雄市","茂林區","120.670","22.885","59"
"23","128748","20220620030000","219","0","高雄市","旗山區","120.480","22.890","37"
"27","128751","20220620030000","21","2","高雄市","旗山區","120.475","22.850","26"
"297","128754","20220620030000","230","2","高雄市","路竹區","120.300","22.880","318"
"143","128758","20220620030000","107","2","高雄市","阿蓮區","120.305","22.890","135"
"320","128759","20220620030000","235","2","高雄市","阿蓮區","120.310","22.890","325"
"297","128764","20220620030000","191","3","高雄市","阿蓮區","120.330","22.880","313"
"913","128765","20220620030000","650","2","高雄市","阿蓮區","120.335","22.880","905"
"201","128766","20220620030000","189","1","高雄市","阿蓮區","120.340","22.880","194"
"271","128769","20220620030000","226","1","高雄市","阿蓮區","120.330","22.885","276"
"287","128776","20220620030000","203","2","高雄市","阿蓮區","120.320","22.890","294"
"92","128782","20220620030000","63","2","高雄市","阿蓮區","120.335","22.870","100"
"402","128789","20220620030000","295","2","高雄市","田寮區","120.355","22.870","375"
"564","128797","20220620030000","370","3","高雄市","茄萣區","120.185","22.905","574"
"299","128798","20220620030000","206","2","高雄市","茄萣區","120.190","22.905","298"
"93","128803","20220620030000","57","3","高雄市","茄萣區","120.195","22.855","93"
"51","128807","20220620030000","59","0","高雄市","茄萣區","120.195","22.860","59"
"339","128823","20220620030000","233","2","高雄市","茄萣區","120.190","22.870","333"
"466","128824","20220620030000","350","2","高雄市","茄萣區","120.195","22.870","479"
"135","128825","20220620030000","146","0","高雄市","茄萣區","120.200","22.870","130"
"23","128829","20220620030000","18","2","高雄市","茄萣區","120.190","22.875","24"
"429","128830","20220620030000","336","2","高雄市","茄萣區","120.195","22.875","443"
"143","128833","20220620030000","138","1","高雄市","茄萣區","120.210","22.875","162"
"208","128847","20220620030000","204","1","高雄市","茄萣區","120.190","22.910","208"
"420","128850","20220620030000","525","0","高雄市","茄萣區","120.185","22.910","429"
"209","128866","20220620030000","179","1","高雄市","旗山區","120.475","22.870","210"
"128","128884","20220620030000","85","3","高雄市","旗山區","120.455","22.880","140"
"74","128886","20220620030000","214","0","高雄市","旗山區","120.465","22.880","233"
"15","128887","20220620030000","14","1","高雄市","旗山區","120.470","22.880","18"
"750","128898","20220620030000","496","3","高雄市","旗山區","120.470","22.855","737"
"305","128911","20220620030000","282","1","高雄市","旗山區","120.500","22.925","300"
"255","128916","20220620030000","169","3","高雄市","旗山區","120.500","22.930","260"
"153","128946","20220620030000","140","1","高雄市","杉林區","120.525","22.930","156"
"538","134975","20220620030000","282","3","臺南市","安南區","120.210","23.035","556"
"681","134976","20220620030000","551","2","臺南市","安南區","120.210","23.040","642"
"1360","134977","20220620030000","1068","2","臺南市","安南區","120.215","23.040","1271"
"1107","134978","20220620030000","838","2","臺南市","安南區","120.215","23.030","1190"
"432","134979","20220620030000","250","3","臺南市","安南區","120.215","23.035","436"
"522","134985","20220620030000","497","1","臺南市","安南區","120.195","23.025","483"
"324","134991","20220620030000","271","1","臺南市","關廟區","120.300","22.995","314"
"305","134999","20220620030000","136","3","臺南市","關廟區","120.305","23.000","310"
"105","135010","20220620030000","79","2","臺南市","關廟區","120.320","23.005","102"
"288","135015","20220620030000","149","3","臺南市","關廟區","120.305","23.010","291"
"881","135022","20220620030000","790","1","臺南市","關廟區","120.325","22.965","871"
"20","135028","20220620030000","158","0","臺南市","關廟區","120.360","22.965","21"
"261","135056","20220620030000","255","1","臺南市","關廟區","120.330","22.965","245"
"18","135059","20220620030000","235","0","臺南市","關廟區","120.325","22.975","231"
"2000","135061","20220620030000","1925","1","臺南市","中西區","120.210","22.985","1992"
"210","135062","20220620030000","1257","0","臺南市","永康區","120.235","23.005","206"
"1380","135063","20220620030000","1517","0","臺南市","東區","120.230","22.980","1406"
"244","135064","20220620030000","220","1","臺南市","安南區","120.125","23.040","239"
"201","135074","20220620030000","172","1","臺南市","南區","120.175","22.965","212"
"1623","135079","20220620030000","1739","0","臺南市","南區","120.185","22.970","1655"
"398","135080","20220620030000","411","0","臺南市","南區","120.175","22.975","606"
"281","135081","20220620030000","257","1","臺南市","南區","120.180","22.975","286"
"1123","135083","20220620030000","701","3","臺南市","南區","120.185","22.980","1128"
"1470","135084","20220620030000","809","3","臺南市","北區","120.210","23.020","1424"
"1411","135085","20220620030000","1356","1","臺南市","南區","120.200","22.980","1440"
"18","135086","20220620030000","58","0","臺南市","南區","120.205","22.970","18"
"284","135087","20220620030000","192","2","臺南市","南區","120.195","22.970","298"
"1097","135088","20220620030000","1020","1","臺南市","南區","120.190","22.960","719"
"23","135461","20220620030000","16","2","臺東縣","海端鄉","121.130","23.000","19"
"169","135797","20220620030000","122","2","臺東縣","關山鎮","121.145","23.020","170"
"2109","135951","20220620030000","1485","2","臺南市","永康區","120.230","23.010","2071"
"3443","135952","20220620030000","3076","1","臺南市","永康區","120.225","23.020","3981"
"725","135953","20220620030000","703","1","臺南市","永康區","120.220","23.025","780"
"347","135954","20220620030000","305","1","臺南市","永康區","120.225","23.025","371"
"1407","135956","20220620030000","1253","1","臺南市","永康區","120.235","23.025","1496"
"330","135957","20220620030000","202","3","臺南市","永康區","120.225","23.030","340"
"153","135958","20220620030000","152","1","臺南市","永康區","120.230","23.030","157"
"36","135959","20220620030000","928","0","臺南市","永康區","120.255","22.995","46"
"909","135960","20220620030000","752","2","臺南市","永康區","120.255","23.000","883"
"131","135961","20220620030000","915","0","臺南市","永康區","120.260","23.000","118"
"509","135963","20220620030000","366","2","臺南市","永康區","120.260","23.005","521"
"1638","135966","20220620030000","1242","2","臺南市","安南區","120.205","23.030","1591"
"716","135967","20220620030000","723","0","臺南市","安南區","120.210","23.030","708"
"275","135969","20220620030000","229","2","臺南市","安南區","120.220","23.040","267"
"2148","135971","20220620030000","1724","2","臺南市","中西區","120.190","23.005","2151"
"197","135972","20220620030000","872","0","臺南市","永康區","120.250","23.005","184"
"318","135976","20220620030000","331","0","臺南市","歸仁區","120.300","22.965","319"
"706","135980","20220620030000","401","3","臺南市","南區","120.195","22.980","676"
"1340","135981","20220620030000","1111","2","臺南市","南區","120.190","22.970","1306"
"700","135982","20220620030000","1107","0","臺南市","中西區","120.190","23.000","660"
"1832","135983","20220620030000","845","3","臺南市","中西區","120.195","23.000","1741"
"2629","135984","20220620030000","2229","1","臺南市","中西區","120.175","23.005","2656"
"319","135985","20220620030000","267","1","臺南市","中西區","120.180","23.000","306"
"588","135986","20220620030000","357","3","臺南市","安南區","120.165","23.005","575"
"645","135989","20220620030000","902","0","臺南市","永康區","120.255","23.035","681"
"1101","135990","20220620030000","973","1","臺南市","永康區","120.260","23.030","1130"
"2404","135991","20220620030000","1732","2","臺南市","永康區","120.260","23.035","2682"
"415","135992","20220620030000","338","2","臺南市","永康區","120.255","23.040","379"
"3000","135993","20220620030000","2244","2","臺南市","永康區","120.230","23.015","2910"
"1042","135994","20220620030000","889","1","臺南市","永康區","120.230","23.020","1209"
"599","135995","20220620030000","439","2","臺南市","安南區","120.205","23.035","618"
"948","135997","20220620030000","858","1","臺南市","永康區","120.220","23.020","941"
"1044","135998","20220620030000","564","3","臺南市","北區","120.195","23.010","1006"
"2500","136000","20220620030000","2062","2","臺南市","北區","120.195","23.015","2331"
"645","136001","20220620030000","797","0","臺南市","北區","120.200","23.015","879"
"601","136002","20220620030000","371","3","臺南市","北區","120.195","23.005","566"
"1434","136005","20220620030000","1074","2","臺南市","南區","120.190","22.985","1389"
"44","136006","20220620030000","173","0","臺南市","南區","120.210","22.975","37"
"549","136008","20220620030000","518","1","臺南市","北區","120.185","23.010","549"
"681","136009","20220620030000","645","1","臺南市","北區","120.190","23.010","708"
"168","136012","20220620030000","786","0","臺南市","永康區","120.270","23.010","169"
"1430","136013","20220620030000","1079","2","臺南市","中西區","120.195","22.990","1460"
"948","136014","20220620030000","757","2","臺南市","仁德區","120.255","22.975","947"
"56","136018","20220620030000","87","0","臺南市","仁德區","120.255","22.980","79"
"729","136020","20220620030000","354","3","臺南市","北區","120.200","23.010","699"
"1318","136021","20220620030000","554","3","臺南市","北區","120.200","23.020","1338"
"1408","136022","20220620030000","1000","2","臺南市","北區","120.205","23.015","1431"
"2162","136023","20220620030000","1014","3","臺南市","北區","120.210","23.015","2159"
"258","136025","20220620030000","195","2","臺南市","北區","120.205","23.020","260"
"368","136030","20220620030000","321","1","臺南市","永康區","120.275","23.030","376"
"2033","136034","20220620030000","1061","3","臺南市","永康區","120.235","23.020","2065"
"208","136035","20220620030000","224","0","臺南市","永康區","120.240","23.020","223"
"540","136036","20220620030000","722","0","臺南市","永康區","120.245","23.020","552"
"361","136037","20220620030000","1567","0","臺南市","永康區","120.250","23.020","384"
"578","136042","20220620030000","565","1","臺南市","永康區","120.250","23.025","558"
"669","136043","20220620030000","417","3","臺南市","關廟區","120.330","22.955","640"
"491","136044","20220620030000","368","2","臺南市","關廟區","120.330","22.960","505"
"103","136047","20220620030000","74","2","臺南市","關廟區","120.340","22.970","96"
"1136","136049","20220620030000","545","3","臺南市","關廟區","120.335","22.960","1106"
"246","136054","20220620030000","131","3","臺南市","關廟區","120.345","22.965","254"
"62","136056","20220620030000","60","1","臺南市","關廟區","120.355","22.965","60"
"1659","136059","20220620030000","950","3","臺南市","北區","120.205","23.005","1618"
"870","136061","20220620030000","734","1","臺南市","南區","120.200","22.970","920"
"537","136062","20220620030000","471","1","臺南市","中西區","120.205","22.990","514"
"914","136063","20220620030000","693","2","臺南市","中西區","120.200","22.985","887"
"1531","136064","20220620030000","1077","2","臺南市","中西區","120.200","22.990","1398"
"735","136065","20220620030000","606","2","臺南市","中西區","120.200","22.995","733"
"337","136067","20220620030000","286","1","臺南市","永康區","120.270","22.995","371"
"73","136070","20220620030000","984","0","臺南市","永康區","120.265","23.005","81"
"2426","136071","20220620030000","1665","2","臺南市","永康區","120.255","23.030","2411"
"159","136072","20220620030000","505","0","臺南市","關廟區","120.335","22.955","527"
"609","136080","20220620030000","347","3","臺南市","關廟區","120.325","22.955","580"
"241","136081","20220620030000","261","0","臺南市","關廟區","120.315","22.960","213"
"842","136083","20220620030000","395","3","臺南市","關廟區","120.325","22.960","855"
"160","136085","20220620030000","180","0","臺南市","東區","120.220","22.990","145"
"2875","136087","20220620030000","2097","2","臺南市","東區","120.225","22.985","2793"
"1382","136088","20220620030000","1045","2","臺南市","東區","120.230","22.990","1417"
"2002","136089","20220620030000","1827","1","臺南市","東區","120.230","22.995","1995"
"990","136090","20220620030000","767","2","臺南市","東區","120.235","22.995","1017"
"1557","136091","20220620030000","968","3","臺南市","北區","120.220","23.000","1549"
"645","136093","20220620030000","507","2","臺南市","中西區","120.180","23.005","657"
"2042","136094","20220620030000","1983","1","臺南市","中西區","120.185","23.005","2067"
"1886","136095","20220620030000","1178","3","臺南市","北區","120.225","23.005","1951"
"552","136096","20220620030000","343","3","臺南市","北區","120.225","23.000","555"
"128","136100","20220620030000","96","2","臺南市","仁德區","120.235","22.950","123"
"236","136101","20220620030000","177","2","臺南市","仁德區","120.235","22.955","263"
"1445","136102","20220620030000","1161","2","臺南市","仁德區","120.230","22.955","1435"
"130","136104","20220620030000","107","2","臺南市","仁德區","120.240","22.955","122"
"1792","136105","20220620030000","1271","2","臺南市","仁德區","120.255","22.955","1813"
"216","136109","20220620030000","236","0","臺南市","仁德區","120.250","22.955","229"
"12","136111","20220620030000","18","0","臺南市","仁德區","120.265","22.955","12"
"53","136113","20220620030000","413","0","臺南市","仁德區","120.265","22.960","60"
"949","136115","20220620030000","790","2","臺南市","北區","120.220","23.010","875"
"329","136118","20220620030000","986","0","臺南市","中西區","120.210","22.995","317"
"500","136119","20220620030000","976","0","臺南市","中西區","120.210","22.990","492"
"1385","136120","20220620030000","1270","1","臺南市","北區","120.205","23.000","1365"
"1629","136122","20220620030000","785","3","臺南市","東區","120.225","22.965","1609"
"1249","136123","20220620030000","760","3","臺南市","東區","120.220","22.970","1233"
"96","136124","20220620030000","863","0","臺南市","東區","120.225","22.970","95"
"1137","136125","20220620030000","1699","0","臺南市","東區","120.225","22.990","1138"
"573","136126","20220620030000","632","0","臺南市","東區","120.235","22.990","566"
"714","136128","20220620030000","592","2","臺南市","東區","120.245","22.990","716"
"348","136131","20220620030000","355","0","臺南市","歸仁區","120.275","22.960","356"
"479","136132","20220620030000","395","2","臺南市","歸仁區","120.280","22.960","510"
"19","136145","20220620030000","303","0","臺南市","南區","120.205","22.980","24"
"799","136146","20220620030000","1192","0","臺南市","南區","120.210","22.980","846"
"797","136147","20220620030000","593","2","臺南市","安平區","120.165","22.990","770"
"22","136148","20220620030000","72","0","臺南市","永康區","120.245","22.995","41"
"1041","136149","20220620030000","668","3","臺南市","永康區","120.245","23.005","1077"
"1337","136151","20220620030000","1243","1","臺南市","永康區","120.245","23.010","1347"
"151","136152","20220620030000","1077","0","臺南市","永康區","120.250","23.010","148"
"51","136155","20220620030000","21","3","臺南市","關廟區","120.320","22.970","47"
"43","136163","20220620030000","46","0","臺南市","關廟區","120.310","22.980","42"
"1825","136181","20220620030000","1140","3","臺南市","北區","120.200","23.000","1816"
"53","136182","20220620030000","75","0","臺南市","南區","120.195","22.985","57"
"356","136184","20220620030000","218","3","臺南市","仁德區","120.225","22.960","361"
"373","136185","20220620030000","306","2","臺南市","東區","120.230","22.960","356"
"41","136186","20220620030000","50","0","臺南市","歸仁區","120.275","22.995","43"
"488","136188","20220620030000","394","2","臺南市","歸仁區","120.275","23.000","487"
"353","136195","20220620030000","221","3","臺南市","歸仁區","120.290","22.995","322"
"48","136196","20220620030000","267","0","臺南市","歸仁區","120.295","22.995","44"
"1774","136199","20220620030000","1150","3","臺南市","北區","120.210","23.005","1742"
"1254","136200","20220620030000","479","3","臺南市","東區","120.215","22.995","1284"
"646","136229","20220620030000","582","1","臺南市","安南區","120.195","23.030","635"
"1145","136230","20220620030000","1114","1","臺南市","安南區","120.195","23.035","1188"
"678","136231","20220620030000","489","2","臺南市","南區","120.190","22.965","769"
"13","136248","20220620030000","14","0","臺南市","左鎮區","120.405","22.995","13"
"70","136271","20220620030000","60","1","臺南市","左鎮區","120.420","23.010","76"
"25","136316","20220620030000","72","0","臺南市","左鎮區","120.395","23.010","17"
"42","136343","20220620030000","27","3","臺南市","左鎮區","120.385","23.035","42"
"3679","136422","20220620030000","3376","1","臺南市","東區","120.235","22.985","3683"
"995","136423","20220620030000","442","3","臺南市","東區","120.215","22.990","1022"
"559","136430","20220620030000","501","1","臺南市","歸仁區","120.285","22.980","572"
"194","136438","20220620030000","149","2","臺南市","歸仁區","120.280","22.990","202"
"465","136444","20220620030000","391","1","臺南市","歸仁區","120.295","22.975","471"
"635","136452","20220620030000","482","2","臺南市","歸仁區","120.285","22.960","610"
"656","136453","20220620030000","277","3","臺南市","歸仁區","120.280","22.965","662"
"46","136454","20220620030000","52","0","臺南市","歸仁區","120.285","22.965","45"
"805","136455","20220620030000","569","2","臺南市","歸仁區","120.285","22.970","809"
"32","136457","20220620030000","476","0","臺南市","仁德區","120.270","22.970","36"
"950","136458","20220620030000","764","2","臺南市","歸仁區","120.275","22.970","957"
"509","136459","20220620030000","345","2","臺南市","歸仁區","120.280","22.970","515"
"449","136460","20220620030000","268","3","臺南市","南區","120.200","22.975","423"
"783","136461","20220620030000","321","3","臺南市","南區","120.195","22.960","890"
"2357","136462","20220620030000","1506","3","臺南市","南區","120.190","22.980","2360"
"358","136475","20220620030000","269","2","臺南市","安南區","120.130","23.015","344"
"68","136483","20220620030000","51","2","臺南市","安南區","120.135","23.020","76"
"816","136490","20220620030000","444","3","臺南市","安南區","120.185","23.025","814"
"677","136495","20220620030000","511","2","臺南市","東區","120.235","22.980","701"
"317","136496","20220620030000","215","2","臺南市","永康區","120.255","23.010","304"
"1261","136497","20220620030000","1237","1","臺南市","永康區","120.255","23.015","1265"
"614","136498","20220620030000","773","0","臺南市","永康區","120.260","23.015","619"
"36","136501","20220620030000","249","0","臺南市","永康區","120.280","23.010","35"
"126","136503","20220620030000","622","0","臺南市","永康區","120.270","23.015","132"
"1267","136507","20220620030000","788","3","臺南市","永康區","120.275","23.020","1279"
"87","136508","20220620030000","635","0","臺南市","永康區","120.280","23.020","96"
"119","136509","20220620030000","1536","0","臺南市","安平區","120.175","22.995","112"
"306","136512","20220620030000","205","2","臺南市","安南區","120.160","23.005","322"
"946","136513","20220620030000","499","3","臺南市","安平區","120.190","22.990","935"
"476","136515","20220620030000","490","0","臺南市","永康區","120.220","23.030","444"
"688","136516","20220620030000","560","2","臺南市","東區","120.245","22.980","674"
"802","136517","20220620030000","813","0","臺南市","仁德區","120.250","22.980","797"
"2700","136518","20220620030000","1234","3","臺南市","東區","120.215","22.980","2667"
"2246","136520","20220620030000","2450","0","臺南市","東區","120.245","22.985","2265"
"1353","136521","20220620030000","529","3","臺南市","仁德區","120.250","22.985","1367"
"744","136523","20220620030000","607","2","臺南市","安平區","120.160","22.990","791"
"530","136525","20220620030000","408","2","臺南市","安平區","120.160","22.995","537"
"1036","136532","20220620030000","807","2","臺南市","安平區","120.165","22.985","1052"
"1008","136533","20220620030000","312","3","臺南市","安平區","120.170","22.985","1064"
"659","136534","20220620030000","705","0","臺南市","安平區","120.175","22.985","726"
"1460","136535","20220620030000","832","3","臺南市","安平區","120.170","22.990","1486"
"947","136536","20220620030000","868","1","臺南市","安平區","120.175","22.990","917"
"227","136539","20220620030000","195","1","臺南市","安平區","120.150","22.995","223"
"278","136541","20220620030000","225","2","臺南市","安平區","120.145","23.000","263"
"263","136542","20220620030000","91","3","臺南市","安平區","120.150","23.000","254"
"306","136543","20220620030000","283","1","臺南市","安平區","120.155","23.000","288"
"246","136544","20220620030000","192","2","臺南市","安平區","120.160","23.000","262"
"1030","136545","20220620030000","1300","0","臺南市","東區","120.240","22.980","1045"
"538","136546","20220620030000","515","1","臺南市","東區","120.225","22.995","572"
"1705","136547","20220620030000","1253","2","臺南市","東區","120.235","22.965","1723"
"813","136548","20220620030000","738","1","臺南市","東區","120.220","22.975","774"
"632","136549","20220620030000","604","1","臺南市","歸仁區","120.300","22.960","626"
"49","136550","20220620030000","78","0","臺南市","歸仁區","120.305","22.960","54"
"497","136553","20220620030000","488","1","臺南市","歸仁區","120.285","23.005","484"
"184","136560","20220620030000","1495","0","臺南市","南區","120.195","22.975","197"
"368","136561","20220620030000","1849","0","臺南市","永康區","120.240","23.015","334"
"1028","136562","20220620030000","775","2","臺南市","永康區","120.245","23.015","1023"
"829","136563","20220620030000","867","0","臺南市","永康區","120.250","23.015","823"
"1662","136564","20220620030000","737","3","臺南市","永康區","120.230","23.005","1633"
"2018","136565","20220620030000","2140","0","臺南市","永康區","120.235","23.000","1963"
"2019","136566","20220620030000","1495","2","臺南市","北區","120.230","23.000","1988"
"1072","136567","20220620030000","1168","0","臺南市","永康區","120.270","23.005","1061"
"1409","136568","20220620030000","1268","1","臺南市","永康區","120.265","23.010","1394"
"207","136570","20220620030000","1043","0","臺南市","永康區","120.265","23.020","1601"
"43","136572","20220620030000","506","0","臺南市","永康區","120.260","22.995","39"
"721","136573","20220620030000","738","0","臺南市","永康區","120.265","23.000","728"
"552","136574","20220620030000","480","1","臺南市","安南區","120.200","23.025","543"
"1184","136575","20220620030000","629","3","臺南市","安南區","120.205","23.025","1211"
"1180","136576","20220620030000","676","3","臺南市","安南區","120.210","23.025","1094"
"2858","136577","20220620030000","1882","3","臺南市","北區","120.225","23.010","2869"
"1445","136578","20220620030000","1326","1","臺南市","北區","120.215","23.010","1472"
"1190","136579","20220620030000","821","2","臺南市","北區","120.215","23.015","1220"
"128","136580","20220620030000","297","0","臺南市","南化區","120.495","23.030","124"
"72","136584","20220620030000","27","3","臺南市","南化區","120.500","23.035","74"
"42","136586","20220620030000","33","2","臺南市","南化區","120.465","23.040","37"
"23","136602","20220620030000","18","2","臺南市","南化區","120.465","23.010","25"
"1374","136671","20220620030000","916","3","臺南市","中西區","120.170","23.000","1401"
"1926","136672","20220620030000","1771","1","臺南市","中西區","120.175","23.000","1873"
"420","136674","20220620030000","744","0","臺南市","中西區","120.185","23.000","416"
"1901","136675","20220620030000","1702","1","臺南市","安平區","120.165","22.995","1898"
"613","136676","20220620030000","454","2","臺南市","安平區","120.170","22.995","621"
"1555","136677","20220620030000","1210","2","臺南市","安平區","120.185","22.990","1548"
"291","136678","20220620030000","218","2","臺南市","安平區","120.180","22.995","286"
"961","136679","20220620030000","1077","0","臺南市","安平區","120.185","22.995","985"
"1039","136680","20220620030000","763","2","臺南市","安平區","120.180","22.985","1108"
"1913","136681","20220620030000","1182","3","臺南市","安平區","120.180","22.990","1949"
"25","136684","20220620030000","465","0","臺南市","安南區","120.190","23.040","25"
"293","136690","20220620030000","142","3","臺南市","南區","120.215","22.955","297"
"510","136695","20220620030000","347","2","臺南市","南區","120.210","22.965","504"
"802","136696","20220620030000","791","1","臺南市","南區","120.215","22.965","785"
"2290","136697","20220620030000","1414","3","臺南市","南區","120.185","22.965","2417"
"725","136701","20220620030000","291","3","臺南市","南區","120.170","22.955","694"
"123","136709","20220620030000","68","3","臺南市","南區","120.165","22.965","153"
"623","136712","20220620030000","324","3","臺南市","仁德區","120.220","22.955","615"
"446","136717","20220620030000","301","2","臺南市","仁德區","120.255","22.965","447"
"243","136718","20220620030000","264","0","臺南市","仁德區","120.260","22.965","243"
"35","136720","20220620030000","191","0","臺南市","仁德區","120.270","22.965","39"
"270","136721","20220620030000","1257","0","臺南市","仁德區","120.255","22.970","267"
"662","136722","20220620030000","267","3","臺南市","仁德區","120.260","22.970","674"
"2146","136727","20220620030000","1303","3","臺南市","北區","120.220","23.005","2159"
"1839","136728","20220620030000","1573","1","臺南市","北區","120.200","23.005","1875"
"542","136732","20220620030000","366","2","臺南市","仁德區","120.260","22.985","529"
"1171","136738","20220620030000","571","3","臺南市","仁德區","120.260","22.990","1133"
"34","136741","20220620030000","71","0","臺南市","仁德區","120.265","22.995","27"
"462","136752","20220620030000","160","3","臺南市","安南區","120.185","23.035","468"
"680","136755","20220620030000","537","2","臺南市","安南區","120.185","23.040","711"
"2479","136756","20220620030000","2093","1","臺南市","中西區","120.205","22.995","2478"
"443","136758","20220620030000","418","1","臺南市","永康區","120.250","23.000","479"
"556","136763","20220620030000","454","2","臺南市","安南區","120.200","23.040","541"
"1152","136764","20220620030000","2554","0","臺南市","安南區","120.190","23.025","1128"
"108","136765","20220620030000","115","0","臺南市","安南區","120.140","23.000","113"
"2387","136786","20220620030000","1566","3","臺南市","北區","120.210","23.000","2378"
"1056","136787","20220620030000","375","3","臺南市","中西區","120.195","22.995","1027"
"895","136788","20220620030000","773","1","臺南市","中西區","120.205","22.985","859"
"858","136789","20220620030000","1107","0","臺南市","東區","120.225","22.980","841"
"4546","136790","20220620030000","2542","3","臺南市","東區","120.220","22.985","4514"
"480","136791","20220620030000","480","1","臺南市","永康區","120.225","23.015","468"
"1112","136792","20220620030000","1175","0","臺南市","永康區","120.240","23.005","1141"
"140","136793","20220620030000","820","0","臺南市","永康區","120.240","23.000","149"
"1187","136794","20220620030000","1794","0","臺南市","永康區","120.235","23.010","1204"
"817","136795","20220620030000","453","3","臺南市","永康區","120.245","23.000","822"
"1414","136799","20220620030000","1580","0","臺南市","新化區","120.300","23.035","1477"
"988","136800","20220620030000","1155","0","臺南市","東區","120.215","22.975","957"
"1232","136801","20220620030000","626","3","臺南市","東區","120.230","22.985","1260"
"2377","136802","20220620030000","1640","2","臺南市","東區","120.230","22.975","2395"
"123","136803","20220620030000","218","0","臺南市","東區","120.225","22.975","114"
"661","136804","20220620030000","266","3","臺南市","東區","120.230","22.970","655"
"1332","136805","20220620030000","1154","1","臺南市","東區","120.230","22.965","1353"
"519","136806","20220620030000","416","2","臺南市","南區","120.185","22.975","523"
"865","136808","20220620030000","856","1","臺南市","南區","120.210","22.970","867"
"718","136809","20220620030000","550","2","臺南市","東區","120.215","22.970","752"
"143","136812","20220620030000","294","0","臺南市","仁德區","120.245","22.955","162"
"216","136813","20220620030000","186","1","臺南市","仁德區","120.240","22.960","202"
"189","136814","20220620030000","101","3","臺南市","仁德區","120.245","22.960","180"
"347","136816","20220620030000","679","0","臺南市","仁德區","120.255","22.960","355"
"539","136817","20220620030000","431","2","臺南市","仁德區","120.240","22.965","566"
"59","136820","20220620030000","52","1","臺南市","仁德區","120.240","22.970","53"
"767","136821","20220620030000","452","3","臺南市","仁德區","120.245","22.970","785"
"592","136822","20220620030000","616","0","臺南市","仁德區","120.250","22.970","577"
"1125","136823","20220620030000","497","3","臺南市","仁德區","120.240","22.975","1157"
"1042","136824","20220620030000","913","1","臺南市","仁德區","120.245","22.975","1043"
"576","136825","20220620030000","386","2","臺南市","仁德區","120.250","22.975","599"
"1792","136826","20220620030000","1095","3","臺南市","北區","120.215","23.005","1806"
"313","136851","20220620030000","226","2","高雄市","內門區","120.445","22.975","301"
"20","136927","20220620030000","16","2","臺東縣","池上鄉","121.195","23.040","20"
"28","136939","20220620030000","33","0","高雄市","內門區","120.435","22.955","22"
"95","136953","20220620030000","82","1","高雄市","內門區","120.465","23.000","90"
"152","136958","20220620030000","224","0","高雄市","內門區","120.470","22.960","164"
"77","136970","20220620030000","54","2","高雄市","內門區","120.465","22.975","83"
"47","136996","20220620030000","29","3","高雄市","內門區","120.495","22.955","44"
"97","137008","20220620030000","118","0","高雄市","內門區","120.490","22.970","99"
"51","137020","20220620030000","59","0","高雄市","內門區","120.510","22.980","46"
"268","137023","20220620030000","261","1","高雄市","內門區","120.500","22.985","295"
"27","137048","20220620030000","75","0","高雄市","六龜區","120.660","23.005","22"
"64","137056","20220620030000","116","0","高雄市","六龜區","120.665","23.010","57"
"29","137071","20220620030000","22","2","臺南市","龍崎區","120.350","22.955","23"
"20","137124","20220620030000","17","1","臺南市","龍崎區","120.385","23.005","24"
"69","137130","20220620030000","43","3","臺南市","關廟區","120.370","22.960","60"
"323","137196","20220620030000","883","0","臺南市","安南區","120.190","23.020","329"
"44","137197","20220620030000","45","0","臺南市","南區","120.195","22.965","37"
"79","137201","20220620030000","263","0","臺南市","歸仁區","120.295","22.960","79"
"663","137202","20220620030000","564","1","臺南市","永康區","120.255","23.005","665"
"230","137251","20220620030000","251","0","高雄市","內門區","120.485","23.015","209"
"39","137259","20220620030000","29","2","高雄市","內門區","120.480","22.965","38"
"84","137275","20220620030000","115","0","高雄市","內門區","120.510","23.015","96"
"159","137311","20220620030000","89","3","高雄市","六龜區","120.650","22.975","129"
"668","137325","20220620030000","714","0","高雄市","六龜區","120.660","22.985","714"
"147","137409","20220620030000","98","3","高雄市","六龜區","120.640","22.990","148"
"215","137466","20220620030000","194","1","高雄市","六龜區","120.660","23.035","192"
"827","137491","20220620030000","767","1","高雄市","六龜區","120.635","22.995","852"
"199","137494","20220620030000","146","2","臺南市","安平區","120.165","23.000","194"
"146","137502","20220620030000","197","0","臺南市","安平區","120.150","22.990","133"
"772","137506","20220620030000","381","3","臺南市","永康區","120.260","23.020","777"
"536","137507","20220620030000","426","2","臺南市","永康區","120.250","23.030","544"
"150","137585","20220620030000","94","3","臺東縣","鹿野鄉","121.140","22.975","153"
"186","137592","20220620030000","46","3","臺東縣","鹿野鄉","121.140","22.985","166"
"78","137600","20220620030000","71","1","臺東縣","鹿野鄉","121.155","22.950","66"
"381","137609","20220620030000","341","1","臺東縣","鹿野鄉","121.155","22.955","400"
"556","137617","20220620030000","447","2","高雄市","旗山區","120.510","22.955","551"
"68","137618","20220620030000","103","0","高雄市","旗山區","120.515","22.955","67"
"209","137627","20220620030000","248","0","高雄市","旗山區","120.515","22.970","195"
"1016","137638","20220620030000","1894","0","臺南市","歸仁區","120.290","22.965","1018"
"19","137642","20220620030000","86","0","臺南市","永康區","120.275","23.035","20"
"41","137643","20220620030000","174","0","臺南市","永康區","120.280","23.035","47"
"541","137648","20220620030000","479","1","臺南市","新化區","120.305","23.030","555"
"819","137649","20220620030000","715","1","臺南市","永康區","120.240","23.010","847"
"571","137650","20220620030000","529","1","臺南市","永康區","120.215","23.020","574"
"599","137651","20220620030000","297","3","臺南市","北區","120.220","23.015","635"
"10","138036","20220620030000","63","0","臺東縣","成功鎮","121.315","22.990","10"
"80","138047","20220620030000","46","3","臺東縣","成功鎮","121.320","23.005","96"
"45","138061","20220620030000","38","1","臺東縣","成功鎮","121.325","23.020","47"
"241","138079","20220620030000","225","1","臺東縣","成功鎮","121.335","23.030","250"
"627","138095","20220620030000","164","3","臺東縣","關山鎮","121.170","23.040","615"
"68","138110","20220620030000","50","2","臺東縣","關山鎮","121.145","23.005","78"
"132","138197","20220620030000","121","1","臺東縣","關山鎮","121.175","23.015","146"
"76","138230","20220620030000","64","1","臺東縣","關山鎮","121.185","23.025","68"
"40","138241","20220620030000","24","3","臺東縣","鹿野鄉","121.130","22.955","31"
"185","138251","20220620030000","193","0","臺東縣","鹿野鄉","121.120","22.970","211"
"147","138278","20220620030000","133","1","臺東縣","鹿野鄉","121.150","22.980","151"
"1050","138324","20220620030000","737","2","臺南市","新化區","120.300","23.020","1093"
"166","138325","20220620030000","131","2","臺南市","新化區","120.305","23.020","167"
"360","138337","20220620030000","286","2","臺南市","安南區","120.125","23.035","351"
"192","138363","20220620030000","174","1","臺南市","安南區","120.140","23.030","168"
"323","138367","20220620030000","173","3","臺南市","安南區","120.160","23.030","343"
"215","138369","20220620030000","186","1","臺南市","安南區","120.135","23.035","256"
"91","138375","20220620030000","50","3","臺南市","安南區","120.140","23.040","96"
"437","138376","20220620030000","453","0","臺南市","安南區","120.145","23.040","449"
"236","138377","20220620030000","160","2","臺南市","安南區","120.150","23.040","229"
"163","138378","20220620030000","80","3","臺南市","安南區","120.155","23.040","173"
"28","138379","20220620030000","13","3","臺南市","安南區","120.160","23.040","32"
"27","138760","20220620030000","18","3","高雄市","桃源區","120.715","23.035","28"
"2433","138833","20220620030000","1746","2","臺南市","永康區","120.260","23.025","2402"
"360","138836","20220620030000","325","1","臺南市","永康區","120.265","23.030","366"
"898","138838","20220620030000","691","2","臺南市","永康區","120.265","23.035","856"
"182","138839","20220620030000","597","0","臺南市","永康區","120.265","23.040","172"
"65","138843","20220620030000","635","0","臺南市","新化區","120.300","23.040","53"
"20","138851","20220620030000","12","3","臺南市","新化區","120.375","23.010","14"
"152","138868","20220620030000","1077","0","臺南市","新化區","120.305","23.040","170"
"74","138909","20220620030000","141","0","臺南市","新化區","120.325","23.025","77"
"36","138910","20220620030000","24","3","臺南市","新化區","120.330","23.025","38"
"250","138917","20220620030000","1510","0","臺南市","新化區","120.310","23.035","268"
"2075","138922","20220620030000","760","3","臺南市","東區","120.220","22.980","2128"
"2361","138923","20220620030000","902","3","臺南市","東區","120.235","22.970","2392"
"746","138926","20220620030000","675","1","臺南市","永康區","120.230","23.035","738"
"1323","138928","20220620030000","1145","1","臺南市","永康區","120.235","23.040","1369"
"1301","138932","20220620030000","848","3","臺南市","永康區","120.240","23.035","1290"
"38","138933","20220620030000","262","0","臺南市","永康區","120.245","23.035","41"
"996","138935","20220620030000","458","3","臺南市","永康區","120.240","23.040","1000"
"3078","138936","20220620030000","1495","3","臺南市","永康區","120.245","23.040","3024"
"141","138937","20220620030000","136","1","臺南市","永康區","120.250","23.040","133"
"24","138942","20220620030000","229","0","臺東縣","東河鄉","121.285","23.000","23"
"96","138962","20220620030000","75","2","臺東縣","東河鄉","121.280","23.020","91"
"17","138979","20220620030000","77","0","臺東縣","東河鄉","121.285","23.030","15"
"84","139027","20220620030000","69","2","臺東縣","東河鄉","121.240","22.965","89"
"57","139060","20220620030000","294","0","臺東縣","東河鄉","121.300","22.970","47"
"20","139073","20220620030000","11","3","臺東縣","東河鄉","121.300","22.985","19"
"39","139131","20220620030000","25","3","臺東縣","東河鄉","121.260","22.980","36"
"26","139146","20220620030000","23","1","臺東縣","東河鄉","121.265","22.985","26"
"193","139164","20220620030000","86","3","臺東縣","東河鄉","121.280","22.990","174"
"138","139299","20220620030000","101","2","臺南市","新化區","120.330","23.015","130"
"40","139305","20220620030000","527","0","臺南市","新化區","120.310","23.020","40"
"15","139307","20220620030000","172","0","臺南市","新化區","120.330","23.020","17"
"19","139318","20220620030000","39","0","臺南市","新化區","120.355","23.020","21"
"30","139335","20220620030000","84","0","臺南市","新化區","120.335","23.035","37"
"59","139343","20220620030000","40","2","臺南市","新化區","120.375","23.035","57"
"1172","139358","20220620030000","903","2","臺南市","東區","120.220","22.995","1292"
"26","139360","20220620030000","177","0","臺南市","東區","120.215","23.000","38"
"1141","139362","20220620030000","514","3","臺南市","東區","120.235","22.960","1124"
"292","139635","20220620030000","282","1","高雄市","杉林區","120.540","22.970","299"
"141","139644","20220620030000","140","1","高雄市","杉林區","120.550","22.975","147"
"127","139672","20220620030000","96","2","高雄市","杉林區","120.565","22.985","131"
"10","139688","20220620030000","12","0","高雄市","杉林區","120.575","23.000","10"
"631","139718","20220620030000","435","2","高雄市","杉林區","120.540","22.965","626"
"58","139735","20220620030000","51","1","高雄市","杉林區","120.550","23.020","56"
"18","139762","20220620030000","14","2","高雄市","杉林區","120.535","23.035","18"
"71","139796","20220620030000","95","0","高雄市","杉林區","120.550","23.000","68"
"150","139852","20220620030000","169","0","高雄市","杉林區","120.585","22.995","127"
"139","139897","20220620030000","174","0","高雄市","杉林區","120.565","23.015","142"
"58","139960","20220620030000","56","1","高雄市","杉林區","120.550","23.040","65"
"165","144971","20220620030000","86","3","臺南市","新市區","120.330","23.105","166"
"210","144982","20220620030000","857","0","臺南市","善化區","120.295","23.125","208"
"401","144986","20220620030000","302","2","臺南市","善化區","120.310","23.110","386"
"3769","144989","20220620030000","2774","2","臺南市","善化區","120.305","23.115","3734"
"509","144992","20220620030000","424","2","臺南市","善化區","120.320","23.115","506"
"470","144998","20220620030000","339","2","臺南市","善化區","120.310","23.125","473"
"2411","144999","20220620030000","1322","3","臺南市","善化區","120.315","23.125","2420"
"3722","145002","20220620030000","1318","3","臺南市","新市區","120.300","23.105","3733"
"3659","145007","20220620030000","1528","3","臺南市","善化區","120.295","23.115","3729"
"385","145022","20220620030000","311","2","臺南市","安定區","120.235","23.110","364"
"357","145025","20220620030000","283","2","臺南市","安定區","120.235","23.115","366"
"383","145026","20220620030000","339","1","臺南市","安定區","120.240","23.115","387"
"308","145031","20220620030000","122","3","臺南市","安定區","120.255","23.115","298"
"283","145032","20220620030000","208","2","臺南市","安定區","120.235","23.120","282"
"913","145050","20220620030000","735","2","臺南市","七股區","120.160","23.115","913"
"69","145054","20220620030000","53","2","臺南市","安南區","120.135","23.045","57"
"80","145055","20220620030000","97","0","臺南市","安南區","120.155","23.045","72"
"259","145067","20220620030000","1813","0","臺南市","安南區","120.195","23.045","282"
"126","145080","20220620030000","110","1","臺東縣","池上鄉","121.220","23.090","117"
"30","145103","20220620030000","22","2","臺東縣","池上鄉","121.220","23.100","27"
"53","145114","20220620030000","44","2","臺東縣","池上鄉","121.225","23.105","52"
"67","145631","20220620030000","46","2","臺東縣","海端鄉","121.145","23.045","67"
"346","145817","20220620030000","351","0","臺東縣","海端鄉","121.175","23.095","357"
"421","146198","20220620030000","461","0","臺南市","西港區","120.200","23.115","388"
"609","146199","20220620030000","489","2","臺南市","西港區","120.205","23.115","666"
"1377","146201","20220620030000","1068","2","臺南市","西港區","120.200","23.120","1371"
"134","146215","20220620030000","556","0","臺南市","西港區","120.180","23.115","132"
"26","146227","20220620030000","744","0","臺南市","安南區","120.215","23.045","26"
"1221","146231","20220620030000","557","3","臺南市","安南區","120.215","23.050","1040"
"1746","146234","20220620030000","1312","2","臺南市","安南區","120.220","23.045","1534"
"221","146235","20220620030000","377","0","臺南市","安南區","120.225","23.045","207"
"35","146238","20220620030000","414","0","臺南市","安南區","120.235","23.050","38"
"79","146239","20220620030000","63","2","臺南市","永康區","120.240","23.050","80"
"119","146241","20220620030000","88","2","臺南市","安南區","120.235","23.055","98"
"1073","146244","20220620030000","877","2","臺南市","安南區","120.230","23.060","1094"
"106","146245","20220620030000","47","3","臺南市","安南區","120.235","23.060","101"
"508","146251","20220620030000","471","1","臺南市","西港區","120.210","23.115","486"
"337","146255","20220620030000","304","1","臺南市","西港區","120.220","23.120","350"
"69","146265","20220620030000","64","1","臺南市","大內區","120.390","23.110","64"
"302","146341","20220620030000","238","2","臺南市","安南區","120.110","23.080","293"
"488","146347","20220620030000","676","0","臺南市","安南區","120.205","23.045","499"
"672","146348","20220620030000","394","3","臺南市","安南區","120.210","23.045","544"
"120","146361","20220620030000","77","3","臺南市","大內區","120.395","23.120","115"
"79","146366","20220620030000","47","3","臺南市","大內區","120.420","23.120","77"
"735","146385","20220620030000","279","3","臺南市","安南區","120.220","23.055","690"
"1115","146387","20220620030000","959","1","臺南市","安南區","120.215","23.060","1075"
"413","146388","20220620030000","284","2","臺南市","安南區","120.220","23.060","414"
"1404","146390","20220620030000","1375","1","臺南市","安南區","120.225","23.065","1392"
"65","146400","20220620030000","50","2","臺南市","七股區","120.160","23.100","64"
"17","146423","20220620030000","20","0","臺南市","七股區","120.100","23.120","20"
"2668","146430","20220620030000","1913","2","臺南市","新市區","120.290","23.070","2669"
"132","146431","20220620030000","597","0","臺南市","新市區","120.290","23.075","149"
"1732","146432","20220620030000","971","3","臺南市","新市區","120.290","23.080","1768"
"3169","146433","20220620030000","2522","2","臺南市","新市區","120.295","23.080","3161"
"47","146437","20220620030000","515","0","臺南市","新市區","120.290","23.055","50"
"708","146444","20220620030000","512","2","臺南市","新市區","120.300","23.060","729"
"445","146450","20220620030000","228","3","臺南市","新市區","120.295","23.065","431"
"163","146459","20220620030000","130","2","臺南市","新市區","120.305","23.070","163"
"1596","146460","20220620030000","675","3","臺南市","新市區","120.295","23.075","1607"
"354","146461","20220620030000","252","2","臺南市","新市區","120.300","23.075","348"
"473","146468","20220620030000","438","1","臺南市","新市區","120.300","23.085","497"
"260","146478","20220620030000","221","1","臺南市","新市區","120.325","23.070","254"
"54","146482","20220620030000","33","3","臺南市","新市區","120.320","23.075","52"
"441","146495","20220620030000","317","2","臺南市","新市區","120.280","23.060","436"
"213","146505","20220620030000","133","3","臺南市","新市區","120.280","23.075","212"
"3392","146506","20220620030000","2408","2","臺南市","新市區","120.285","23.075","3444"
"119","146509","20220620030000","74","3","臺南市","新市區","120.285","23.080","124"
"704","146513","20220620030000","341","3","臺南市","新市區","120.280","23.090","669"
"112","146522","20220620030000","227","0","臺南市","新市區","120.255","23.090","99"
"246","146525","20220620030000","197","2","臺南市","新市區","120.270","23.090","240"
"675","146526","20220620030000","295","3","臺南市","新市區","120.275","23.090","702"
"179","146529","20220620030000","130","2","臺南市","新市區","120.255","23.095","162"
"32","146532","20220620030000","40","0","臺南市","新市區","120.270","23.095","27"
"763","146533","20220620030000","945","0","臺南市","新市區","120.275","23.095","766"
"446","146535","20220620030000","192","3","臺南市","新市區","120.250","23.100","429"
"28","146536","20220620030000","90","0","臺南市","新市區","120.260","23.100","37"
"233","146537","20220620030000","150","3","臺南市","新市區","120.260","23.095","238"
"303","146541","20220620030000","426","0","臺南市","新市區","120.280","23.095","285"
"509","146545","20220620030000","383","2","臺南市","新市區","120.255","23.100","528"
"23","146546","20220620030000","17","2","臺南市","善化區","120.260","23.105","19"
"11","146547","20220620030000","11","1","臺南市","新市區","120.265","23.100","13"
"278","146549","20220620030000","134","3","臺南市","新市區","120.275","23.100","279"
"215","146550","20220620030000","180","1","臺南市","新市區","120.280","23.100","209"
"410","146552","20220620030000","366","1","臺南市","新市區","120.265","23.105","433"
"850","146554","20220620030000","509","3","臺南市","新市區","120.275","23.105","884"
"230","146562","20220620030000","275","0","臺南市","七股區","120.145","23.105","221"
"697","146587","20220620030000","297","3","臺南市","安定區","120.225","23.080","688"
"407","146590","20220620030000","331","2","臺南市","安定區","120.230","23.100","402"
"785","146602","20220620030000","447","3","臺南市","西港區","120.210","23.125","751"
"355","146614","20220620030000","131","3","臺南市","安南區","120.155","23.055","330"
"123","146615","20220620030000","110","1","臺南市","安南區","120.165","23.060","123"
"604","146616","20220620030000","536","1","臺南市","安南區","120.175","23.060","606"
"1179","146621","20220620030000","913","2","臺南市","安南區","120.175","23.070","1189"
"100","146652","20220620030000","118","0","臺南市","七股區","120.150","23.120","117"
"539","146661","20220620030000","282","3","臺南市","安南區","120.130","23.070","478"
"22","146695","20220620030000","212","0","臺南市","安南區","120.095","23.060","313"
"87","146704","20220620030000","58","3","臺南市","山上區","120.355","23.085","88"
"49","146707","20220620030000","55","0","臺南市","山上區","120.345","23.090","48"
"138","146712","20220620030000","178","0","臺南市","山上區","120.355","23.095","130"
"185","146713","20220620030000","84","3","臺南市","山上區","120.360","23.095","189"
"99","146727","20220620030000","140","0","臺南市","山上區","120.340","23.110","108"
"45","146773","20220620030000","59","0","臺南市","山上區","120.405","23.105","44"
"33","146783","20220620030000","30","1","臺南市","山上區","120.365","23.075","37"
"16","146806","20220620030000","12","2","臺南市","左鎮區","120.380","23.050","16"
"103","146822","20220620030000","112","0","臺南市","左鎮區","120.365","23.065","171"
"85","146848","20220620030000","95","0","臺南市","左鎮區","120.400","23.055","86"
"207","146850","20220620030000","172","2","臺南市","左鎮區","120.410","23.055","206"
"200","146853","20220620030000","136","2","臺南市","左鎮區","120.390","23.060","199"
"243","146890","20220620030000","238","1","臺南市","安南區","120.160","23.065","254"
"419","146891","20220620030000","328","2","臺南市","安南區","120.160","23.070","398"
"504","146892","20220620030000","433","1","臺南市","安南區","120.165","23.070","527"
"181","146896","20220620030000","104","3","臺南市","安南區","120.200","23.075","175"
"49","146931","20220620030000","992","0","臺南市","安南區","120.130","23.060","45"
"101","146932","20220620030000","484","0","臺南市","安南區","120.135","23.060","53"
"30","146947","20220620030000","185","0","臺南市","安南區","120.115","23.055","231"
"741","146954","20220620030000","586","2","臺南市","安南區","120.125","23.060","855"
"548","146957","20220620030000","472","1","臺南市","安南區","120.125","23.065","522"
"1066","146965","20220620030000","774","2","臺南市","山上區","120.355","23.105","938"
"108","146969","20220620030000","72","3","臺南市","山上區","120.370","23.080","114"
"106","146971","20220620030000","143","0","臺南市","山上區","120.380","23.080","108"
"281","146979","20220620030000","281","1","臺南市","安定區","120.235","23.100","269"
"1734","146988","20220620030000","1138","3","臺南市","永康區","120.255","23.045","1681"
"58","146992","20220620030000","41","2","臺南市","永康區","120.260","23.050","73"
"188","147017","20220620030000","97","3","臺南市","安南區","120.145","23.075","173"
"552","147019","20220620030000","377","2","臺南市","安南區","120.135","23.080","539"
"204","147031","20220620030000","169","2","臺南市","安定區","120.220","23.105","198"
"69","147043","20220620030000","59","1","臺南市","安定區","120.260","23.110","61"
"45","147044","20220620030000","25","3","臺南市","安定區","120.260","23.115","72"
"476","147045","20220620030000","384","2","臺南市","安定區","120.255","23.120","468"
"2243","147046","20220620030000","1599","2","臺南市","安定區","120.260","23.120","2245"
"14","147047","20220620030000","37","0","臺南市","安定區","120.265","23.120","16"
"102","147048","20220620030000","220","0","臺南市","安定區","120.250","23.125","104"
"414","147051","20220620030000","687","0","臺南市","安定區","120.240","23.095","984"
"217","147056","20220620030000","475","0","臺南市","安定區","120.235","23.085","208"
"1241","147068","20220620030000","1132","1","臺南市","安定區","120.235","23.095","1637"
"185","147073","20220620030000","150","2","臺南市","安南區","120.180","23.045","202"
"1885","147074","20220620030000","1736","1","臺南市","安南區","120.185","23.045","1855"
"780","147075","20220620030000","661","1","臺南市","安南區","120.180","23.050","788"
"532","147079","20220620030000","338","3","臺南市","安南區","120.190","23.055","548"
"78","147083","20220620030000","188","0","臺南市","南化區","120.450","23.050","77"
"349","147121","20220620030000","231","3","臺南市","南化區","120.485","23.080","345"
"213","147153","20220620030000","171","2","臺南市","南化區","120.475","23.065","220"
"309","147170","20220620030000","210","2","臺南市","南化區","120.475","23.045","297"
"50","147181","20220620030000","47","1","臺南市","南化區","120.515","23.045","61"
"90","147248","20220620030000","56","3","臺南市","南化區","120.515","23.075","85"
"14","147252","20220620030000","15","0","臺南市","南化區","120.535","23.075","14"
"78","147257","20220620030000","58","2","臺南市","南化區","120.510","23.080","72"
"31","147271","20220620030000","29","1","臺南市","南化區","120.525","23.085","29"
"377","147381","20220620030000","328","1","臺南市","安南區","120.165","23.050","383"
"106","147382","20220620030000","479","0","臺南市","安南區","120.170","23.050","105"
"54","147391","20220620030000","29","3","臺東縣","池上鄉","121.205","23.100","48"
"252","147393","20220620030000","84","3","臺東縣","池上鄉","121.200","23.105","208"
"150","147398","20220620030000","93","3","臺東縣","池上鄉","121.200","23.110","130"
"60","147404","20220620030000","54","1","臺東縣","池上鄉","121.200","23.115","68"
"455","147422","20220620030000","470","0","臺東縣","池上鄉","121.220","23.115","436"
"75","147425","20220620030000","63","1","臺東縣","池上鄉","121.210","23.120","82"
"472","147426","20220620030000","333","2","臺東縣","池上鄉","121.215","23.120","453"
"182","147427","20220620030000","858","0","臺東縣","池上鄉","121.220","23.120","207"
"425","147429","20220620030000","419","1","臺南市","安南區","120.120","23.075","426"
"83","147438","20220620030000","786","0","臺南市","安南區","120.205","23.050","105"
"895","147448","20220620030000","730","2","臺南市","安南區","120.195","23.070","879"
"406","147449","20220620030000","308","2","臺南市","安定區","120.200","23.070","397"
"682","147457","20220620030000","323","3","臺南市","新市區","120.280","23.105","656"
"1313","147458","20220620030000","901","2","臺南市","善化區","120.265","23.110","1281"
"764","147459","20220620030000","877","0","臺南市","善化區","120.270","23.110","984"
"799","147460","20220620030000","491","3","臺南市","善化區","120.275","23.110","785"
"20","147461","20220620030000","13","3","臺南市","善化區","120.280","23.110","22"
"982","147464","20220620030000","793","2","臺南市","善化區","120.270","23.115","1047"
"1074","147465","20220620030000","779","2","臺南市","善化區","120.275","23.115","1110"
"13","147466","20220620030000","11","1","臺南市","善化區","120.280","23.115","10"
"66","147467","20220620030000","64","1","臺南市","善化區","120.285","23.115","63"
"374","147468","20220620030000","190","3","臺南市","善化區","120.270","23.120","365"
"14","147469","20220620030000","68","0","臺南市","善化區","120.275","23.120","14"
"1877","147475","20220620030000","658","3","臺南市","安南區","120.190","23.045","1862"
"175","147479","20220620030000","128","2","臺南市","安定區","120.215","23.075","169"
"613","147503","20220620030000","463","2","臺南市","大內區","120.370","23.115","652"
"164","147511","20220620030000","179","0","臺南市","安定區","120.205","23.080","160"
"465","147522","20220620030000","480","0","臺南市","安定區","120.210","23.090","464"
"591","147528","20220620030000","385","3","臺南市","安定區","120.215","23.095","604"
"513","147531","20220620030000","475","1","臺南市","安定區","120.210","23.095","517"
"907","147539","20220620030000","495","3","臺南市","新市區","120.290","23.085","911"
"747","147540","20220620030000","451","3","臺南市","新市區","120.285","23.090","716"
"1501","147548","20220620030000","1051","2","臺南市","新市區","120.290","23.100","1502"
"164","147550","20220620030000","140","1","臺南市","新市區","120.285","23.105","158"
"19","147563","20220620030000","19","1","臺南市","新市區","120.255","23.070","20"
"59","147564","20220620030000","107","0","臺南市","新市區","120.260","23.070","52"
"121","147567","20220620030000","77","3","臺南市","新市區","120.250","23.075","108"
"89","147570","20220620030000","66","2","臺南市","新市區","120.265","23.075","72"
"120","147571","20220620030000","86","2","臺南市","新市區","120.255","23.080","135"
"206","147576","20220620030000","171","2","臺南市","新市區","120.305","23.090","205"
"635","147580","20220620030000","407","3","臺南市","新市區","120.300","23.100","632"
"437","147587","20220620030000","295","2","臺南市","新市區","120.310","23.100","445"
"445","147594","20220620030000","408","1","臺南市","新市區","120.320","23.085","407"
"1511","147598","20220620030000","635","3","臺南市","新市區","120.315","23.090","1524"
"593","147603","20220620030000","208","3","臺南市","新市區","120.320","23.095","597"
"44","147613","20220620030000","127","0","臺南市","安南區","120.165","23.045","47"
"391","147619","20220620030000","313","2","臺南市","安南區","120.170","23.045","375"
"183","147620","20220620030000","129","2","臺南市","安南區","120.175","23.045","177"
"1017","147621","20220620030000","878","1","臺南市","安南區","120.175","23.050","1059"
"89","147622","20220620030000","332","0","臺南市","安南區","120.175","23.055","92"
"188","147627","20220620030000","85","3","臺南市","七股區","120.120","23.095","175"
"118","147686","20220620030000","100","1","臺南市","七股區","120.075","23.125","103"
"59","147743","20220620030000","27","3","臺南市","七股區","120.050","23.080","48"
"121","147812","20220620030000","131","0","臺南市","七股區","120.090","23.095","127"
"613","147816","20220620030000","385","3","臺南市","七股區","120.110","23.095","625"
"76","147889","20220620030000","55","2","臺東縣","池上鄉","121.220","23.080","74"
"152","147906","20220620030000","119","2","臺東縣","池上鄉","121.230","23.120","154"
"189","147984","20220620030000","154","2","高雄市","甲仙區","120.585","23.080","192"
"209","147985","20220620030000","68","3","高雄市","甲仙區","120.590","23.080","204"
"59","147999","20220620030000","38","3","高雄市","甲仙區","120.610","23.110","61"
"12","148032","20220620030000","10","2","高雄市","甲仙區","120.630","23.115","10"
"170","148097","20220620030000","174","0","高雄市","六龜區","120.670","23.065","176"
"165","148126","20220620030000","67","3","高雄市","六龜區","120.675","23.080","150"
"532","148173","20220620030000","315","3","臺南市","安南區","120.205","23.060","526"
"415","148177","20220620030000","347","1","臺南市","安南區","120.220","23.070","422"
"400","148178","20220620030000","324","2","臺南市","安南區","120.225","23.070","407"
"168","148201","20220620030000","119","2","高雄市","六龜區","120.690","23.095","165"
"223","148224","20220620030000","151","2","高雄市","六龜區","120.690","23.105","195"
"212","148238","20220620030000","231","0","高雄市","六龜區","120.700","23.110","139"
"17","148255","20220620030000","17","1","高雄市","桃源區","120.710","23.115","16"
"94","148271","20220620030000","91","1","高雄市","六龜區","120.720","23.115","109"
"58","148275","20220620030000","25","3","高雄市","桃源區","120.745","23.115","47"
"36","148342","20220620030000","34","1","高雄市","六龜區","120.715","23.065","35"
"17","148372","20220620030000","12","2","臺南市","新化區","120.330","23.055","16"
"71","148373","20220620030000","41","3","臺南市","新化區","120.335","23.055","73"
"46","148376","20220620030000","43","1","臺南市","新化區","120.335","23.060","44"
"92","148377","20220620030000","69","2","臺南市","新化區","120.340","23.060","91"
"17","148378","20220620030000","13","2","臺南市","新化區","120.345","23.060","14"
"671","148380","20220620030000","503","2","臺南市","新化區","120.345","23.065","655"
"178","148386","20220620030000","198","0","臺南市","新化區","120.355","23.070","181"
"158","148418","20220620030000","84","3","臺東縣","池上鄉","121.235","23.120","151"
"107","148429","20220620030000","90","1","臺南市","玉井區","120.425","23.070","118"
"51","148453","20220620030000","41","2","臺南市","玉井區","120.430","23.085","58"
"24","148472","20220620030000","10","3","臺南市","玉井區","120.440","23.095","23"
"23","148477","20220620030000","25","0","臺南市","玉井區","120.450","23.090","21"
"80","148526","20220620030000","74","1","臺南市","玉井區","120.480","23.110","82"
"11","148531","20220620030000","11","1","臺南市","玉井區","120.505","23.110","12"
"1869","148561","20220620030000","1414","2","臺南市","玉井區","120.460","23.120","1799"
"623","148562","20220620030000","535","1","臺南市","玉井區","120.465","23.120","653"
"330","148578","20220620030000","422","0","臺南市","永康區","120.265","23.045","285"
"213","148580","20220620030000","285","0","臺南市","永康區","120.275","23.045","204"
"70","148582","20220620030000","52","2","臺南市","永康區","120.265","23.050","48"
"196","148583","20220620030000","241","0","臺南市","永康區","120.270","23.050","177"
"54","148584","20220620030000","52","1","臺南市","永康區","120.275","23.050","49"
"51","148586","20220620030000","168","0","臺南市","永康區","120.270","23.055","41"
"49","148590","20220620030000","169","0","臺南市","永康區","120.245","23.050","38"
"13","148592","20220620030000","69","0","臺南市","永康區","120.250","23.050","13"
"167","148594","20220620030000","55","3","臺南市","永康區","120.260","23.055","169"
"316","148600","20220620030000","253","2","臺南市","永康區","120.265","23.055","308"
"17","148632","20220620030000","14","2","臺東縣","成功鎮","121.355","23.120","15"
"389","148641","20220620030000","289","2","臺東縣","成功鎮","121.400","23.120","358"
"25","148653","20220620030000","12","3","臺東縣","成功鎮","121.355","23.105","26"
"78","148657","20220620030000","839","0","臺東縣","成功鎮","121.375","23.105","63"
"109","148690","20220620030000","60","3","臺東縣","成功鎮","121.340","23.045","106"
"36","148696","20220620030000","25","2","臺東縣","成功鎮","121.340","23.050","45"
"130","148718","20220620030000","111","1","臺東縣","成功鎮","121.345","23.065","116"
"122","148763","20220620030000","63","3","臺東縣","成功鎮","121.355","23.090","114"
"16","148769","20220620030000","14","1","臺東縣","成功鎮","121.345","23.095","14"
"15","148782","20220620030000","164","0","臺東縣","成功鎮","121.370","23.100","15"
"656","148784","20220620030000","330","3","臺東縣","成功鎮","121.380","23.100","652"
"510","148795","20220620030000","397","2","臺東縣","關山鎮","121.175","23.070","500"
"102","148817","20220620030000","104","0","臺東縣","關山鎮","121.175","23.080","107"
"315","148847","20220620030000","255","2","臺東縣","關山鎮","121.165","23.045","310"
"37","148852","20220620030000","1100","0","臺東縣","關山鎮","121.165","23.050","30"
"464","148873","20220620030000","375","2","臺東縣","關山鎮","121.165","23.055","423"
"368","148879","20220620030000","311","1","臺東縣","關山鎮","121.155","23.045","391"
"491","148883","20220620030000","444","1","高雄市","甲仙區","120.590","23.085","480"
"58","148899","20220620030000","54","1","高雄市","甲仙區","120.590","23.100","54"
"73","148910","20220620030000","43","3","高雄市","甲仙區","120.550","23.055","67"
"95","148925","20220620030000","77","2","高雄市","甲仙區","120.570","23.065","96"
"234","148938","20220620030000","130","3","高雄市","甲仙區","120.575","23.070","215"
"77","148960","20220620030000","71","1","高雄市","甲仙區","120.560","23.050","72"
"410","148978","20220620030000","273","3","臺南市","新化區","120.290","23.045","403"
"175","148986","20220620030000","99","3","臺南市","新化區","120.295","23.055","165"
"155","148988","20220620030000","59","3","臺南市","安南區","120.145","23.045","142"
"40","149026","20220620030000","24","3","高雄市","桃源區","120.720","23.050","40"
"10","149519","20220620030000","93","0","高雄市","六龜區","120.685","23.110","10"
"334","149576","20220620030000","230","2","臺南市","新化區","120.295","23.045","305"
"171","149577","20220620030000","568","0","臺南市","新化區","120.300","23.045","167"
"124","149589","20220620030000","325","0","臺南市","永康區","120.235","23.045","127"
"3730","149590","20220620030000","1446","3","臺南市","永康區","120.240","23.045","3725"
"458","149593","20220620030000","151","3","臺南市","永康區","120.250","23.045","449"
"73","149614","20220620030000","60","2","臺南市","玉井區","120.460","23.100","78"
"15","149636","20220620030000","15","1","臺南市","玉井區","120.490","23.095","22"
"130","149651","20220620030000","103","2","臺南市","玉井區","120.480","23.105","137"
"154","149654","20220620030000","1237","0","臺東縣","成功鎮","121.380","23.105","143"
"67","149658","20220620030000","40","3","臺東縣","東河鄉","121.285","23.045","64"
"70","149682","20220620030000","29","3","臺東縣","東河鄉","121.295","23.055","70"
"20","149761","20220620030000","11","3","臺東縣","東河鄉","121.295","23.080","21"
"14","149846","20220620030000","89","0","臺南市","新化區","120.370","23.045","13"
"47","149865","20220620030000","89","0","臺南市","新化區","120.310","23.045","40"
"130","149866","20220620030000","92","2","臺南市","新化區","120.315","23.045","133"
"21","149869","20220620030000","157","0","臺南市","新化區","120.315","23.050","17"
"34","149873","20220620030000","31","1","臺南市","新化區","120.325","23.055","37"
"25","149908","20220620030000","30","0","高雄市","甲仙區","120.600","23.085","30"
"353","149946","20220620030000","231","3","臺南市","善化區","120.270","23.125","339"
"872","149948","20220620030000","606","2","臺南市","大內區","120.355","23.120","860"
"223","154962","20220620030000","147","3","澎湖縣","七美鄉","119.415","23.195","166"
"936","154965","20220620030000","752","2","臺南市","善化區","120.325","23.140","941"
"433","154980","20220620030000","386","1","臺南市","善化區","120.325","23.135","425"
"2002","154984","20220620030000","1447","2","臺南市","善化區","120.300","23.130","2121"
"551","154985","20220620030000","508","1","臺南市","善化區","120.305","23.130","566"
"1179","154986","20220620030000","555","3","臺南市","善化區","120.310","23.130","1133"
"59","154996","20220620030000","48","2","澎湖縣","七美鄉","119.435","23.200","91"
"121","155092","20220620030000","737","0","臺南市","麻豆區","120.220","23.190","140"
"476","155098","20220620030000","613","0","臺南市","麻豆區","120.245","23.190","462"
"395","155107","20220620030000","142","3","臺南市","佳里區","120.180","23.145","395"
"703","155111","20220620030000","671","1","臺南市","佳里區","120.175","23.150","752"
"212","155114","20220620030000","864","0","臺南市","佳里區","120.175","23.155","1066"
"1025","155129","20220620030000","760","2","臺南市","佳里區","120.195","23.190","1043"
"134","155501","20220620030000","52","3","臺東縣","海端鄉","121.025","23.185","105"
"90","155650","20220620030000","70","2","臺東縣","海端鄉","121.180","23.130","86"
"30","155658","20220620030000","17","3","臺東縣","海端鄉","121.205","23.150","32"
"110","155664","20220620030000","99","1","臺東縣","海端鄉","121.190","23.155","113"
"78","155779","20220620030000","69","1","臺東縣","海端鄉","121.125","23.130","86"
"54","155786","20220620030000","31","3","臺東縣","海端鄉","121.160","23.130","50"
"35","156049","20220620030000","16","3","臺東縣","海端鄉","121.030","23.165","19"
"93","156052","20220620030000","46","3","臺東縣","海端鄉","121.045","23.165","89"
"77","156083","20220620030000","39","3","臺東縣","海端鄉","121.045","23.170","52"
"76","156227","20220620030000","346","0","臺南市","西港區","120.180","23.130","80"
"128","156233","20220620030000","106","2","臺南市","西港區","120.200","23.130","142"
"578","156281","20220620030000","392","2","臺南市","佳里區","120.180","23.165","564"
"34","156284","20220620030000","169","0","臺南市","佳里區","120.180","23.170","36"
"39","156292","20220620030000","26","3","臺南市","佳里區","120.155","23.170","34"
"681","156302","20220620030000","561","2","臺南市","麻豆區","120.215","23.175","704"
"1038","156306","20220620030000","923","1","臺南市","佳里區","120.160","23.160","1105"
"1518","156309","20220620030000","1426","1","臺南市","佳里區","120.175","23.160","1541"
"3846","156314","20220620030000","3542","1","臺南市","佳里區","120.175","23.165","3904"
"19","156316","20220620030000","14","2","臺南市","佳里區","120.170","23.170","17"
"373","156333","20220620030000","147","3","臺南市","七股區","120.140","23.140","360"
"327","156339","20220620030000","276","1","臺南市","七股區","120.150","23.150","336"
"240","156348","20220620030000","165","2","花蓮縣","富里鄉","121.255","23.180","244"
"260","156361","20220620030000","219","1","花蓮縣","富里鄉","121.275","23.190","254"
"368","156391","20220620030000","410","0","臺南市","西港區","120.220","23.140","340"
"630","156401","20220620030000","593","1","臺南市","麻豆區","120.240","23.155","632"
"29","156402","20220620030000","14","3","臺南市","麻豆區","120.240","23.160","25"
"60","156413","20220620030000","632","0","臺南市","麻豆區","120.275","23.190","62"
"187","156420","20220620030000","166","1","臺南市","麻豆區","120.270","23.195","182"
"113","156423","20220620030000","46","3","臺南市","麻豆區","120.285","23.195","109"
"72","156427","20220620030000","274","0","臺南市","麻豆區","120.230","23.180","55"
"268","156446","20220620030000","254","1","臺南市","大內區","120.415","23.150","270"
"36","156474","20220620030000","28","2","臺南市","大內區","120.410","23.165","35"
"15","156651","20220620030000","16","0","花蓮縣","富里鄉","121.280","23.130","16"
"676","156721","20220620030000","404","3","臺南市","善化區","120.270","23.145","709"
"194","156727","20220620030000","892","0","臺南市","善化區","120.275","23.130","214"
"28","156730","20220620030000","19","2","臺南市","大內區","120.405","23.130","26"
"32","156743","20220620030000","68","0","臺南市","大內區","120.430","23.135","32"
"102","156744","20220620030000","74","2","臺南市","玉井區","120.435","23.135","93"
"542","156753","20220620030000","693","0","臺南市","善化區","120.285","23.135","552"
"959","156765","20220620030000","772","2","臺南市","善化區","120.290","23.135","997"
"354","156769","20220620030000","247","2","臺南市","善化區","120.315","23.155","352"
"971","156781","20220620030000","410","3","臺南市","善化區","120.285","23.150","1012"
"38","156784","20220620030000","182","0","臺南市","善化區","120.275","23.155","41"
"693","156792","20220620030000","465","2","臺南市","七股區","120.135","23.140","715"
"263","156851","20220620030000","235","1","臺南市","佳里區","120.155","23.180","279"
"473","156856","20220620030000","375","2","臺南市","佳里區","120.155","23.140","502"
"682","156864","20220620030000","579","1","臺南市","佳里區","120.185","23.145","668"
"165","156865","20220620030000","971","0","臺南市","佳里區","120.180","23.150","174"
"1858","156869","20220620030000","1645","1","臺南市","佳里區","120.180","23.155","1863"
"56","156870","20220620030000","196","0","臺南市","佳里區","120.185","23.155","44"
"869","156873","20220620030000","715","2","臺南市","佳里區","120.155","23.175","853"
"526","156909","20220620030000","518","1","臺南市","麻豆區","120.240","23.190","521"
"47","156922","20220620030000","342","0","臺南市","麻豆區","120.210","23.200","541"
"336","156941","20220620030000","326","1","臺南市","佳里區","120.190","23.190","331"
"268","156942","20220620030000","161","3","臺南市","佳里區","120.185","23.185","267"
"923","156974","20220620030000","778","1","臺南市","七股區","120.090","23.185","935"
"413","156977","20220620030000","146","3","臺南市","西港區","120.200","23.140","409"
"1717","157009","20220620030000","1270","2","臺南市","麻豆區","120.240","23.185","1727"
"961","157010","20220620030000","1006","0","臺南市","麻豆區","120.250","23.185","938"
"181","157011","20220620030000","585","0","臺南市","麻豆區","120.255","23.185","157"
"41","157047","20220620030000","36","1","臺南市","六甲區","120.415","23.205","42"
"96","157077","20220620030000","63","3","臺南市","楠西區","120.505","23.140","99"
"368","157130","20220620030000","355","1","臺南市","將軍區","120.160","23.190","379"
"133","157174","20220620030000","560","0","臺南市","官田區","120.315","23.195","135"
"889","157183","20220620030000","351","3","臺南市","安定區","120.245","23.130","879"
"701","157184","20220620030000","484","2","臺南市","安定區","120.250","23.130","735"
"276","157198","20220620030000","227","2","花蓮縣","富里鄉","121.265","23.155","273"
"54","157258","20220620030000","53","1","臺南市","官田區","120.320","23.200","60"
"165","157259","20220620030000","162","1","臺南市","官田區","120.325","23.200","151"
"61","157263","20220620030000","56","1","臺南市","官田區","120.320","23.205","62"
"84","157265","20220620030000","64","2","臺南市","官田區","120.330","23.205","78"
"54","157312","20220620030000","192","0","臺南市","官田區","120.380","23.185","59"
"139","157333","20220620030000","163","0","臺南市","官田區","120.365","23.195","158"
"123","157334","20220620030000","208","0","臺南市","官田區","120.370","23.195","135"
"18","157335","20220620030000","103","0","臺南市","官田區","120.375","23.195","20"
"94","157360","20220620030000","662","0","臺南市","官田區","120.335","23.180","82"
"171","157382","20220620030000","77","3","臺南市","官田區","120.320","23.170","174"
"25","157394","20220620030000","128","0","臺南市","官田區","120.310","23.175","18"
"287","157399","20220620030000","234","2","臺南市","官田區","120.295","23.185","291"
"37","157419","20220620030000","211","0","臺南市","官田區","120.350","23.160","46"
"66","157422","20220620030000","45","2","臺南市","官田區","120.330","23.165","62"
"75","157424","20220620030000","344","0","臺南市","官田區","120.340","23.165","81"
"32","157463","20220620030000","19","3","臺南市","官田區","120.365","23.180","29"
"53","157477","20220620030000","432","0","臺南市","官田區","120.305","23.195","69"
"779","157478","20220620030000","620","2","臺南市","官田區","120.315","23.190","819"
"59","157597","20220620030000","35","3","臺南市","南化區","120.595","23.165","61"
"57","157624","20220620030000","32","3","臺南市","南化區","120.600","23.175","66"
"82","157646","20220620030000","66","2","臺南市","南化區","120.570","23.185","68"
"373","157733","20220620030000","269","2","臺南市","麻豆區","120.230","23.145","376"
"2178","157737","20220620030000","1712","2","臺南市","麻豆區","120.245","23.180","2179"
"80","157740","20220620030000","52","3","臺南市","麻豆區","120.240","23.195","62"
"859","157752","20220620030000","358","3","臺南市","麻豆區","120.260","23.185","843"
"214","157756","20220620030000","192","1","臺南市","麻豆區","120.265","23.190","226"
"224","157759","20220620030000","131","3","臺南市","麻豆區","120.255","23.190","232"
"45","157773","20220620030000","40","1","臺東縣","池上鄉","121.210","23.125","41"
"156","157789","20220620030000","102","3","臺東縣","池上鄉","121.200","23.140","154"
"238","157809","20220620030000","88","3","臺南市","善化區","120.275","23.145","246"
"281","157818","20220620030000","239","1","花蓮縣","卓溪鄉","121.225","23.160","282"
"131","157895","20220620030000","100","2","花蓮縣","富里鄉","121.250","23.200","131"
"624","157913","20220620030000","880","0","臺南市","善化區","120.295","23.135","622"
"21","157915","20220620030000","23","0","臺南市","善化區","120.305","23.135","26"
"1016","157919","20220620030000","683","2","臺南市","善化區","120.305","23.140","1005"
"827","157924","20220620030000","283","3","臺南市","善化區","120.290","23.145","774"
"332","157961","20220620030000","532","0","臺南市","善化區","120.285","23.130","302"
"78","157991","20220620030000","58","2","花蓮縣","富里鄉","121.235","23.135","91"
"73","157998","20220620030000","75","0","花蓮縣","富里鄉","121.240","23.140","72"
"307","158028","20220620030000","212","2","花蓮縣","富里鄉","121.250","23.170","313"
"420","158030","20220620030000","343","2","花蓮縣","富里鄉","121.250","23.175","387"
"53","158032","20220620030000","41","2","花蓮縣","富里鄉","121.250","23.180","71"
"939","158045","20220620030000","489","3","臺南市","將軍區","120.140","23.205","960"
"1420","158058","20220620030000","1415","1","臺南市","將軍區","120.160","23.200","1412"
"313","158065","20220620030000","262","1","臺南市","七股區","120.135","23.130","317"
"469","158072","20220620030000","324","2","臺南市","七股區","120.110","23.145","436"
"23","158092","20220620030000","18","2","臺南市","七股區","120.130","23.185","20"
"21","158097","20220620030000","13","3","臺南市","七股區","120.145","23.180","19"
"416","158106","20220620030000","220","3","臺南市","佳里區","120.190","23.165","456"
"37","158107","20220620030000","391","0","臺南市","佳里區","120.195","23.165","36"
"153","158122","20220620030000","151","1","臺南市","佳里區","120.180","23.180","140"
"333","158126","20220620030000","260","2","臺南市","佳里區","120.175","23.185","346"
"36","158128","20220620030000","30","2","臺東縣","池上鄉","121.185","23.130","43"
"303","158181","20220620030000","252","2","臺南市","麻豆區","120.265","23.180","322"
"1018","158192","20220620030000","448","3","臺南市","麻豆區","120.245","23.185","1042"
"20","158195","20220620030000","203","0","臺南市","麻豆區","120.240","23.180","14"
"19","158363","20220620030000","14","2","高雄市","桃源區","120.790","23.185","15"
"89","158397","20220620030000","73","2","臺東縣","池上鄉","121.235","23.130","73"
"593","158398","20220620030000","372","3","臺南市","玉井區","120.470","23.130","581"
"208","158400","20220620030000","146","2","臺南市","玉井區","120.480","23.130","216"
"195","158410","20220620030000","139","2","臺南市","玉井區","120.440","23.135","180"
"90","158457","20220620030000","60","3","臺南市","楠西區","120.490","23.190","94"
"67","158502","20220620030000","52","2","臺南市","楠西區","120.515","23.200","65"
"12","158508","20220620030000","17","0","臺南市","楠西區","120.545","23.205","15"
"845","158533","20220620030000","574","2","臺南市","楠西區","120.485","23.175","782"
"288","158546","20220620030000","246","1","臺南市","楠西區","120.485","23.170","293"
"22","158547","20220620030000","345","0","臺南市","楠西區","120.480","23.175","434"
"197","158550","20220620030000","166","1","臺南市","楠西區","120.480","23.185","195"
"26","158572","20220620030000","33","0","臺南市","楠西區","120.505","23.160","30"
"16","158634","20220620030000","18","0","臺南市","楠西區","120.560","23.180","19"
"99","158670","20220620030000","67","2","臺南市","楠西區","120.465","23.190","93"
"39","158687","20220620030000","50","0","臺南市","楠西區","120.490","23.200","30"
"272","158849","20220620030000","200","2","臺東縣","成功鎮","121.400","23.155","259"
"67","158905","20220620030000","62","1","臺東縣","成功鎮","121.400","23.170","77"
"123","158933","20220620030000","90","2","臺東縣","成功鎮","121.395","23.180","109"
"119","159028","20220620030000","105","1","高雄市","甲仙區","120.635","23.150","108"
"12","159158","20220620030000","12","1","高雄市","三民區","120.660","23.200","12"
"202","159527","20220620030000","164","2","高雄市","桃源區","120.765","23.160","177"
"73","159574","20220620030000","58","2","高雄市","桃源區","120.770","23.165","60"
"62","159707","20220620030000","29","3","高雄市","桃源區","120.740","23.135","69"
"166","159838","20220620030000","119","2","臺南市","官田區","120.350","23.150","135"
"71","159846","20220620030000","49","2","臺南市","大內區","120.365","23.155","65"
"264","159859","20220620030000","209","2","臺南市","大內區","120.380","23.145","247"
"59","159883","20220620030000","43","2","臺南市","大內區","120.370","23.160","70"
"65","159912","20220620030000","87","0","臺南市","麻豆區","120.225","23.175","49"
"575","159913","20220620030000","498","1","臺南市","麻豆區","120.220","23.180","563"
"768","159928","20220620030000","638","2","臺南市","麻豆區","120.255","23.180","777"
"975","159936","20220620030000","352","3","臺南市","善化區","120.315","23.145","928"
"873","159943","20220620030000","527","3","臺南市","善化區","120.300","23.150","862"
"40","159947","20220620030000","55","0","臺南市","善化區","120.265","23.130","122"
"314","159950","20220620030000","143","3","臺南市","善化區","120.260","23.135","306"
"201","161053","20220620030000","101","3","澎湖縣","七美鄉","119.430","23.215","159"
"76","162017","20220620030000","42","3","臺東縣","長濱鄉","121.415","23.235","67"
"59","163557","20220620030000","42","2","澎湖縣","望安鄉","119.515","23.255","43"
"326","164970","20220620030000","305","1","澎湖縣","七美鄉","119.425","23.205","328"
"189","164978","20220620030000","114","3","澎湖縣","望安鄉","119.670","23.245","127"
"661","165017","20220620030000","488","2","臺南市","學甲區","120.195","23.215","642"
"538","165030","20220620030000","514","1","臺南市","學甲區","120.195","23.230","561"
"80","165342","20220620030000","32","3","臺東縣","海端鄉","120.985","23.250","47"
"72","165457","20220620030000","57","2","臺東縣","海端鄉","120.990","23.270","56"
"37","165593","20220620030000","330","0","臺南市","下營區","120.240","23.220","44"
"53","165611","20220620030000","120","0","臺南市","下營區","120.240","23.235","55"
"1678","165635","20220620030000","1746","0","臺南市","下營區","120.265","23.240","1680"
"785","165652","20220620030000","636","2","臺南市","下營區","120.270","23.245","808"
"251","165697","20220620030000","171","2","花蓮縣","富里鄉","121.275","23.215","260"
"581","165713","20220620030000","438","2","臺南市","下營區","120.270","23.210","601"
"38","165716","20220620030000","57","0","花蓮縣","富里鄉","121.340","23.280","21"
"184","165718","20220620030000","112","3","花蓮縣","玉里鎮","121.345","23.285","176"
"186","165736","20220620030000","95","3","花蓮縣","玉里鎮","121.285","23.280","187"
"248","165743","20220620030000","100","3","花蓮縣","玉里鎮","121.280","23.285","250"
"148","165775","20220620030000","157","0","花蓮縣","富里鄉","121.290","23.240","139"
"57","165778","20220620030000","39","2","花蓮縣","富里鄉","121.305","23.240","62"
"132","165815","20220620030000","117","1","花蓮縣","富里鄉","121.295","23.255","139"
"33","165844","20220620030000","213","0","臺南市","新營區","120.265","23.270","24"
"315","165847","20220620030000","292","1","臺南市","新營區","120.275","23.275","332"
"53","165852","20220620030000","48","1","臺南市","六甲區","120.345","23.230","51"
"14","165853","20220620030000","165","0","臺南市","六甲區","120.335","23.235","16"
"990","165855","20220620030000","646","3","臺南市","北門區","120.135","23.240","1002"
"105","165858","20220620030000","102","1","臺南市","北門區","120.130","23.250","105"
"56","165860","20220620030000","548","0","臺南市","六甲區","120.350","23.225","62"
"423","165925","20220620030000","384","1","臺南市","六甲區","120.345","23.235","437"
"44","165938","20220620030000","38","1","臺南市","六甲區","120.340","23.250","49"
"26","165969","20220620030000","30","0","臺南市","六甲區","120.400","23.220","29"
"40","165999","20220620030000","271","0","臺南市","柳營區","120.315","23.275","43"
"60","166011","20220620030000","86","0","臺南市","柳營區","120.315","23.265","61"
"44","166028","20220620030000","247","0","臺南市","柳營區","120.295","23.275","45"
"632","166037","20220620030000","260","3","臺南市","柳營區","120.305","23.280","614"
"73","166056","20220620030000","205","0","臺南市","柳營區","120.360","23.280","65"
"139","166060","20220620030000","81","3","臺南市","柳營區","120.355","23.285","142"
"31","166064","20220620030000","200","0","臺南市","柳營區","120.380","23.285","31"
"454","166071","20220620030000","535","0","臺南市","六甲區","120.340","23.225","459"
"67","166077","20220620030000","34","3","臺南市","六甲區","120.315","23.250","60"
"308","166081","20220620030000","261","1","臺南市","六甲區","120.310","23.255","338"
"61","166097","20220620030000","36","3","臺南市","北門區","120.110","23.260","60"
"142","166128","20220620030000","98","2","臺南市","北門區","120.140","23.265","130"
"115","166144","20220620030000","117","0","臺南市","學甲區","120.180","23.285","104"
"511","166153","20220620030000","286","3","臺南市","將軍區","120.165","23.220","496"
"730","166181","20220620030000","394","3","臺南市","北門區","120.095","23.230","760"
"1165","166188","20220620030000","1051","1","臺南市","北門區","120.115","23.235","1181"
"248","166204","20220620030000","285","0","臺南市","下營區","120.275","23.215","257"
"20","166206","20220620030000","242","0","臺南市","下營區","120.270","23.220","20"
"863","166224","20220620030000","792","1","臺南市","北門區","120.135","23.280","841"
"716","166238","20220620030000","692","1","臺南市","北門區","120.125","23.270","736"
"71","166250","20220620030000","52","2","花蓮縣","富里鄉","121.315","23.220","71"
"258","166256","20220620030000","163","3","花蓮縣","富里鄉","121.275","23.225","241"
"161","166326","20220620030000","145","1","花蓮縣","富里鄉","121.305","23.255","154"
"114","166340","20220620030000","72","3","花蓮縣","富里鄉","121.305","23.265","111"
"76","166344","20220620030000","64","1","花蓮縣","富里鄉","121.300","23.270","72"
"12","166349","20220620030000","90","0","臺南市","官田區","120.320","23.210","15"
"18","166350","20220620030000","153","0","臺南市","官田區","120.325","23.210","22"
"315","166354","20220620030000","195","3","臺南市","官田區","120.320","23.215","289"
"76","166356","20220620030000","510","0","臺南市","官田區","120.330","23.215","79"
"205","166363","20220620030000","165","2","臺南市","官田區","120.340","23.220","210"
"107","166377","20220620030000","562","0","臺南市","官田區","120.310","23.215","109"
"221","166389","20220620030000","136","3","臺南市","官田區","120.360","23.210","207"
"399","166391","20220620030000","175","3","臺南市","官田區","120.370","23.210","385"
"218","166424","20220620030000","233","0","臺南市","北門區","120.145","23.285","202"
"264","166429","20220620030000","234","1","臺南市","將軍區","120.160","23.220","262"
"69","166442","20220620030000","567","0","臺南市","下營區","120.260","23.230","53"
"333","166445","20220620030000","153","3","臺南市","六甲區","120.355","23.220","339"
"1998","166446","20220620030000","1884","1","臺南市","六甲區","120.355","23.230","1995"
"46","166455","20220620030000","61","0","臺南市","六甲區","120.370","23.230","53"
"169","166458","20220620030000","141","1","臺南市","六甲區","120.365","23.235","163"
"133","166495","20220620030000","130","1","臺南市","北門區","120.125","23.240","134"
"600","166562","20220620030000","358","3","臺南市","麻豆區","120.220","23.220","565"
"36","166785","20220620030000","29","2","花蓮縣","富里鄉","121.265","23.215","41"
"311","167284","20220620030000","279","1","臺南市","下營區","120.290","23.245","316"
"48","167340","20220620030000","27","3","花蓮縣","富里鄉","121.315","23.275","46"
"204","167482","20220620030000","149","2","臺南市","東山區","120.470","23.260","196"
"64","167491","20220620030000","39","3","臺南市","東山區","120.515","23.260","54"
"212","167497","20220620030000","133","3","臺南市","東山區","120.480","23.265","231"
"227","167501","20220620030000","169","2","臺南市","東山區","120.500","23.265","233"
"65","167565","20220620030000","123","0","臺南市","東山區","120.445","23.265","43"
"296","167568","20220620030000","155","3","臺南市","東山區","120.445","23.270","295"
"96","167588","20220620030000","67","2","臺南市","東山區","120.445","23.290","83"
"36","167626","20220620030000","136","0","臺南市","東山區","120.405","23.285","52"
"34","167655","20220620030000","27","2","臺南市","東山區","120.465","23.280","34"
"19","167656","20220620030000","183","0","臺南市","東山區","120.470","23.280","14"
"55","167674","20220620030000","38","2","臺南市","東山區","120.500","23.285","50"
"41","167688","20220620030000","25","3","臺南市","東山區","120.515","23.290","44"
"212","167707","20220620030000","176","2","臺南市","將軍區","120.085","23.215","205"
"248","167714","20220620030000","142","3","臺南市","將軍區","120.120","23.220","259"
"96","167750","20220620030000","84","1","臺南市","學甲區","120.165","23.270","103"
"536","167786","20220620030000","441","2","臺南市","鹽水區","120.205","23.260","517"
"60","167813","20220620030000","37","3","臺東縣","長濱鄉","121.410","23.215","65"
"113","167824","20220620030000","64","3","臺東縣","長濱鄉","121.415","23.225","104"
"227","167894","20220620030000","230","0","臺東縣","長濱鄉","121.415","23.250","239"
"25","167952","20220620030000","28","0","臺南市","學甲區","120.185","23.230","25"
"963","167953","20220620030000","875","1","臺南市","學甲區","120.185","23.235","976"
"1592","167958","20220620030000","930","3","臺南市","學甲區","120.185","23.225","1550"
"154","167982","20220620030000","103","2","臺南市","學甲區","120.195","23.240","159"
"2282","167993","20220620030000","1788","2","臺南市","學甲區","120.180","23.235","2258"
"42","167995","20220620030000","430","0","臺南市","六甲區","120.345","23.220","25"
"35","167997","20220620030000","130","0","臺南市","六甲區","120.320","23.230","38"
"34","168014","20220620030000","175","0","臺南市","六甲區","120.315","23.245","33"
"11","168046","20220620030000","11","1","高雄市","三民區","120.690","23.215","11"
"179","168093","20220620030000","158","1","高雄市","三民區","120.670","23.235","159"
"81","168132","20220620030000","43","3","高雄市","三民區","120.695","23.235","78"
"110","168149","20220620030000","105","1","高雄市","三民區","120.695","23.240","98"
"67","168296","20220620030000","70","0","高雄市","三民區","120.680","23.265","68"
"16","168304","20220620030000","15","1","高雄市","三民區","120.720","23.265","20"
"161","168347","20220620030000","291","0","高雄市","三民區","120.700","23.275","164"
"292","168351","20220620030000","148","3","高雄市","三民區","120.720","23.275","284"
"741","168445","20220620030000","620","1","臺南市","鹽水區","120.235","23.285","732"
"11","168451","20220620030000","33","0","臺南市","柳營區","120.345","23.270","10"
"24","168459","20220620030000","206","0","臺南市","柳營區","120.335","23.285","32"
"490","168462","20220620030000","764","0","臺南市","柳營區","120.325","23.290","530"
"167","168468","20220620030000","145","1","臺南市","柳營區","120.405","23.235","172"
"114","168484","20220620030000","122","0","臺南市","柳營區","120.420","23.245","119"
"42","168515","20220620030000","430","0","臺南市","柳營區","120.380","23.265","43"
"413","168538","20220620030000","1352","0","臺南市","柳營區","120.315","23.280","406"
"43","168539","20220620030000","380","0","臺南市","柳營區","120.320","23.280","12"
"17","168541","20220620030000","137","0","臺南市","柳營區","120.330","23.280","16"
"78","168545","20220620030000","56","2","臺南市","柳營區","120.380","23.240","67"
"477","168560","20220620030000","407","1","臺南市","柳營區","120.375","23.250","486"
"269","168591","20220620030000","212","2","臺南市","柳營區","120.365","23.265","272"
"145","168619","20220620030000","149","0","臺南市","楠西區","120.495","23.215","150"
"38","168624","20220620030000","24","3","臺南市","楠西區","120.520","23.215","35"
"176","168647","20220620030000","95","3","臺南市","楠西區","120.500","23.225","182"
"23","168692","20220620030000","21","1","臺南市","鹽水區","120.245","23.275","21"
"26","168719","20220620030000","20","2","臺東縣","成功鎮","121.400","23.210","34"
"146","168755","20220620030000","142","1","臺東縣","長濱鄉","121.425","23.275","134"
"24","168771","20220620030000","110","0","臺南市","新營區","120.280","23.285","16"
"74","168825","20220620030000","74","1","高雄市","桃源區","120.805","23.220","76"
"119","168996","20220620030000","36","3","高雄市","桃源區","120.815","23.240","79"
"184","169242","20220620030000","70","3","高雄市","桃源區","120.825","23.265","110"
"200","169480","20220620030000","173","1","臺南市","新營區","120.275","23.265","209"
"141","169490","20220620030000","101","2","臺南市","學甲區","120.195","23.275","149"
"363","169506","20220620030000","339","1","臺南市","學甲區","120.205","23.280","348"
"657","169527","20220620030000","542","2","臺南市","學甲區","120.160","23.245","657"
"467","169555","20220620030000","307","3","臺南市","鹽水區","120.255","23.250","479"
"40","169556","20220620030000","113","0","臺南市","鹽水區","120.250","23.255","41"
"271","169567","20220620030000","288","0","臺南市","將軍區","120.135","23.225","254"
"31","169664","20220620030000","16","3","嘉義縣","大埔鄉","120.625","23.245","29"
"55","169729","20220620030000","40","2","嘉義縣","大埔鄉","120.590","23.270","49"
"29","169739","20220620030000","25","1","嘉義縣","大埔鄉","120.585","23.275","34"
"39","169788","20220620030000","31","2","嘉義縣","大埔鄉","120.545","23.230","41"
"11","169812","20220620030000","11","1","臺南市","東山區","120.520","23.240","12"
"30","169834","20220620030000","29","1","嘉義縣","大埔鄉","120.565","23.245","32"
"14","169837","20220620030000","16","0","嘉義縣","大埔鄉","120.580","23.245","10"
"25","169842","20220620030000","23","1","嘉義縣","大埔鄉","120.535","23.250","25"
"431","174966","20220620030000","339","2","澎湖縣","望安鄉","119.505","23.360","358"
"57","174993","20220620030000","38","3","臺南市","白河區","120.450","23.355","65"
"115","175007","20220620030000","102","1","臺南市","東山區","120.500","23.295","127"
"38","175048","20220620030000","49","0","臺南市","白河區","120.480","23.320","49"
"21","175054","20220620030000","28","0","臺南市","白河區","120.510","23.320","23"
"357","175059","20220620030000","347","1","臺南市","白河區","120.485","23.325","370"
"93","175081","20220620030000","93","1","臺南市","白河區","120.495","23.335","66"
"157","175083","20220620030000","167","0","臺南市","白河區","120.505","23.335","149"
"56","175092","20220620030000","78","0","臺南市","白河區","120.505","23.340","72"
"1247","175108","20220620030000","1127","1","臺南市","新營區","120.310","23.305","1236"
"136","175181","20220620030000","116","1","花蓮縣","玉里鎮","121.335","23.320","129"
"1017","175206","20220620030000","947","1","花蓮縣","玉里鎮","121.310","23.335","985"
"138","175209","20220620030000","73","3","花蓮縣","玉里鎮","121.310","23.340","137"
"71","175217","20220620030000","56","2","花蓮縣","玉里鎮","121.300","23.300","64"
"352","175262","20220620030000","329","1","花蓮縣","玉里鎮","121.300","23.320","322"
"203","175264","20220620030000","141","2","花蓮縣","玉里鎮","121.310","23.320","211"
"37","175284","20220620030000","22","3","花蓮縣","玉里鎮","121.275","23.290","36"
"33","175299","20220620030000","23","2","花蓮縣","玉里鎮","121.290","23.295","25"
"112","175318","20220620030000","651","0","臺南市","白河區","120.410","23.345","125"
"21","175319","20220620030000","376","0","臺南市","白河區","120.405","23.350","28"
"103","175320","20220620030000","501","0","臺南市","白河區","120.410","23.350","102"
"56","175328","20220620030000","44","2","臺南市","白河區","120.460","23.365","53"
"108","175348","20220620030000","233","0","臺南市","白河區","120.440","23.345","103"
"96","175355","20220620030000","108","0","臺南市","新營區","120.330","23.320","92"
"37","175356","20220620030000","422","0","臺南市","新營區","120.335","23.320","26"
"19","175359","20220620030000","17","1","臺南市","新營區","120.350","23.320","18"
"1003","175362","20220620030000","907","1","臺南市","新營區","120.315","23.325","1008"
"125","175369","20220620030000","123","1","臺南市","新營區","120.325","23.310","105"
"37","175372","20220620030000","41","0","臺南市","新營區","120.325","23.305","35"
"636","175398","20220620030000","356","3","臺南市","後壁區","120.315","23.370","598"
"97","175414","20220620030000","528","0","臺南市","後壁區","120.330","23.340","86"
"378","175425","20220620030000","201","3","臺南市","後壁區","120.375","23.330","453"
"75","175446","20220620030000","404","0","臺南市","新營區","120.320","23.320","76"
"400","175467","20220620030000","470","0","臺南市","北門區","120.170","23.300","404"
"209","175484","20220620030000","196","1","臺南市","後壁區","120.330","23.355","224"
"464","175489","20220620030000","449","1","臺南市","新營區","120.270","23.295","462"
"41","175494","20220620030000","195","0","臺南市","新營區","120.280","23.300","30"
"28","175496","20220620030000","145","0","臺南市","新營區","120.280","23.290","29"
"562","175497","20220620030000","694","0","臺南市","後壁區","120.360","23.370","594"
"2752","175499","20220620030000","1874","2","臺南市","後壁區","120.370","23.370","2508"
"1495","175523","20220620030000","1172","2","臺南市","後壁區","120.395","23.370","1485"
"983","175546","20220620030000","780","2","臺南市","新營區","120.310","23.300","991"
"1728","175547","20220620030000","934","3","臺南市","新營區","120.315","23.310","1785"
"2074","175548","20220620030000","1671","2","臺南市","新營區","120.315","23.315","2105"
"177","175564","20220620030000","228","0","臺南市","後壁區","120.355","23.365","171"
"198","175571","20220620030000","1955","0","臺南市","新營區","120.305","23.310","203"
"63","175572","20220620030000","65","0","臺南市","新營區","120.305","23.315","55"
"33","175573","20220620030000","35","0","臺南市","新營區","120.295","23.305","31"
"101","175574","20220620030000","1014","0","臺南市","新營區","120.300","23.305","101"
"1960","175576","20220620030000","765","3","臺南市","新營區","120.300","23.310","1968"
"181","175585","20220620030000","99","3","臺南市","北門區","120.110","23.300","175"
"93","175647","20220620030000","417","0","臺南市","新營區","120.295","23.295","105"
"24","175648","20220620030000","33","0","臺南市","新營區","120.290","23.300","22"
"44","175651","20220620030000","29","3","臺南市","柳營區","120.300","23.295","46"
"15","175712","20220620030000","124","0","臺南市","白河區","120.430","23.330","18"
"474","175737","20220620030000","388","2","臺南市","白河區","120.430","23.355","448"
"29","175874","20220620030000","31","0","花蓮縣","卓溪鄉","121.270","23.305","27"
"167","176357","20220620030000","121","2","花蓮縣","玉里鎮","121.300","23.345","157"
"400","176756","20220620030000","270","2","臺南市","新營區","120.325","23.315","388"
"330","176757","20220620030000","241","2","臺南市","新營區","120.330","23.315","326"
"193","176758","20220620030000","155","2","臺南市","新營區","120.325","23.320","165"
"34","176764","20220620030000","34","1","花蓮縣","玉里鎮","121.330","23.300","27"
"15","176769","20220620030000","16","0","臺南市","後壁區","120.340","23.325","16"
"13","176776","20220620030000","31","0","臺南市","後壁區","120.350","23.330","15"
"20","176782","20220620030000","28","0","臺南市","後壁區","120.310","23.335","18"
"259","176798","20220620030000","100","3","臺南市","後壁區","120.350","23.335","258"
"1165","176811","20220620030000","980","1","臺南市","新營區","120.305","23.300","1134"
"962","176812","20220620030000","634","3","臺南市","新營區","120.315","23.305","939"
"13","176814","20220620030000","10","2","臺南市","東山區","120.385","23.310","11"
"873","176863","20220620030000","737","1","臺南市","東山區","120.405","23.320","863"
"167","176885","20220620030000","172","0","臺南市","東山區","120.405","23.325","149"
"79","176921","20220620030000","307","0","臺南市","東山區","120.390","23.295","78"
"420","176933","20220620030000","385","1","臺南市","東山區","120.415","23.300","397"
"194","176942","20220620030000","198","0","臺南市","東山區","120.345","23.300","183"
"388","176986","20220620030000","433","0","臺南市","白河區","120.395","23.340","430"
"119","176994","20220620030000","78","3","臺南市","白河區","120.400","23.350","113"
"621","177006","20220620030000","804","0","臺南市","鹽水區","120.270","23.325","730"
"767","177007","20220620030000","596","2","嘉義縣","義竹鄉","120.255","23.330","797"
"521","177010","20220620030000","465","1","臺南市","鹽水區","120.270","23.330","521"
"201","177054","20220620030000","150","2","臺東縣","長濱鄉","121.470","23.355","187"
"23","177169","20220620030000","34","0","花蓮縣","玉里鎮","121.370","23.350","14"
"1323","177425","20220620030000","480","3","臺南市","新營區","120.315","23.300","1357"
"407","177432","20220620030000","226","3","臺南市","鹽水區","120.280","23.330","401"
"272","177436","20220620030000","170","3","臺南市","鹽水區","120.290","23.335","322"
"1197","177466","20220620030000","815","2","臺南市","鹽水區","120.270","23.310","1251"
"500","177467","20220620030000","429","1","臺南市","新營區","120.275","23.310","507"
"946","177475","20220620030000","499","3","臺南市","鹽水區","120.265","23.325","1118"
"116","177480","20220620030000","92","2","臺南市","白河區","120.480","23.325","98"
"111","177500","20220620030000","88","2","臺南市","白河區","120.495","23.340","129"
"19","177550","20220620030000","10","3","臺南市","白河區","120.455","23.310","21"
"12","177568","20220620030000","11","1","臺南市","白河區","120.445","23.320","13"
"193","177580","20220620030000","1215","0","臺南市","白河區","120.415","23.350","183"
"137","177585","20220620030000","272","0","臺南市","柳營區","120.340","23.290","119"
"145","177586","20220620030000","116","2","臺南市","柳營區","120.325","23.295","166"
"164","177599","20220620030000","780","0","臺南市","柳營區","120.365","23.295","168"
"44","177602","20220620030000","27","3","臺南市","鹽水區","120.270","23.320","36"
"352","177603","20220620030000","303","1","花蓮縣","玉里鎮","121.320","23.320","353"
"589","177605","20220620030000","253","3","花蓮縣","玉里鎮","121.310","23.325","578"
"283","177606","20220620030000","98","3","花蓮縣","玉里鎮","121.315","23.325","276"
"227","177609","20220620030000","186","2","花蓮縣","玉里鎮","121.310","23.330","236"
"2097","177610","20220620030000","2017","1","花蓮縣","玉里鎮","121.315","23.330","2079"
"1042","177613","20220620030000","933","1","花蓮縣","玉里鎮","121.315","23.340","1056"
"171","177617","20220620030000","123","2","花蓮縣","玉里鎮","121.320","23.345","165"
"460","177619","20220620030000","327","2","花蓮縣","玉里鎮","121.320","23.330","422"
"139","177624","20220620030000","79","3","花蓮縣","玉里鎮","121.320","23.350","134"
"258","177632","20220620030000","205","2","花蓮縣","卓溪鄉","121.320","23.355","251"
"29","177682","20220620030000","18","3","臺東縣","長濱鄉","121.440","23.325","27"
"79","177742","20220620030000","39","3","臺東縣","長濱鄉","121.425","23.290","72"
"32","177750","20220620030000","17","3","臺東縣","長濱鄉","121.420","23.295","26"
"545","177808","20220620030000","466","1","臺東縣","長濱鄉","121.455","23.315","511"
"199","177813","20220620030000","203","0","臺東縣","長濱鄉","121.460","23.320","195"
"100","177815","20220620030000","103","0","臺東縣","長濱鄉","121.445","23.325","107"
"199","177826","20220620030000","143","2","臺東縣","長濱鄉","121.465","23.335","204"
"1022","178630","20220620030000","406","3","臺南市","鹽水區","120.265","23.320","1038"
"239","178643","20220620030000","195","2","臺南市","新營區","120.305","23.320","257"
"85","178644","20220620030000","73","1","臺南市","新營區","120.310","23.320","92"
"39","178697","20220620030000","34","1","嘉義縣","中埔鄉","120.510","23.345","43"
"173","178722","20220620030000","109","3","嘉義縣","中埔鄉","120.540","23.355","180"
"133","178756","20220620030000","59","3","嘉義縣","中埔鄉","120.495","23.370","121"
"10","178763","20220620030000","13","0","臺南市","鹽水區","120.245","23.295","10"
"336","178768","20220620030000","228","2","臺南市","鹽水區","120.260","23.295","354"
"288","178886","20220620030000","120","3","嘉義縣","布袋鎮","120.140","23.335","269"
"427","178930","20220620030000","151","3","嘉義縣","布袋鎮","120.160","23.320","430"
"1136","178938","20220620030000","1088","1","嘉義縣","布袋鎮","120.165","23.325","1136"
"74","178970","20220620030000","37","3","嘉義縣","大埔鄉","120.625","23.300","83"
"23","178978","20220620030000","18","2","嘉義縣","大埔鄉","120.605","23.305","21"
"73","179106","20220620030000","68","1","嘉義縣","大埔鄉","120.590","23.295","75"
"504","179113","20220620030000","487","1","嘉義縣","大埔鄉","120.595","23.295","515"
"97","179189","20220620030000","79","2","嘉義縣","大埔鄉","120.570","23.330","76"
"29","179210","20220620030000","21","2","嘉義縣","大埔鄉","120.555","23.340","32"
"19","179249","20220620030000","13","2","嘉義縣","大埔鄉","120.585","23.360","15"
"29","179312","20220620030000","34","0","嘉義縣","番路鄉","120.605","23.355","26"
"131","179320","20220620030000","145","0","嘉義縣","番路鄉","120.590","23.360","114"
"1362","179352","20220620030000","1178","1","嘉義縣","義竹鄉","120.250","23.340","1402"
"627","179448","20220620030000","635","0","嘉義縣","義竹鄉","120.240","23.335","618"
"60","179461","20220620030000","50","2","嘉義縣","義竹鄉","120.245","23.335","54"
"723","179521","20220620030000","330","3","嘉義縣","義竹鄉","120.195","23.305","742"
"42","179646","20220620030000","27","3","嘉義縣","阿里山鄉","120.680","23.335","38"
"68","179666","20220620030000","36","3","嘉義縣","阿里山鄉","120.680","23.340","78"
"87","179747","20220620030000","79","1","嘉義縣","阿里山鄉","120.665","23.300","98"
"57","179773","20220620030000","65","0","嘉義縣","阿里山鄉","120.695","23.305","63"
"39","179780","20220620030000","31","2","嘉義縣","阿里山鄉","120.665","23.310","44"
"1036","179845","20220620030000","577","3","嘉義縣","義竹鄉","120.225","23.320","1031"
"1126","179874","20220620030000","522","3","嘉義縣","義竹鄉","120.190","23.335","1105"
"557","179880","20220620030000","547","1","嘉義縣","義竹鄉","120.230","23.360","568"
"80","179883","20220620030000","91","0","嘉義縣","義竹鄉","120.245","23.360","73"
"764","179922","20220620030000","653","1","嘉義縣","義竹鄉","120.220","23.360","761"
"226","179933","20220620030000","96","3","嘉義縣","義竹鄉","120.210","23.300","222"
"706","179945","20220620030000","412","3","嘉義縣","義竹鄉","120.270","23.360","735"
"239","180132","20220620030000","193","2","澎湖縣","望安鄉","119.520","23.365","233"
"134","180802","20220620030000","107","2","嘉義縣","布袋鎮","120.140","23.375","112"
"93","180804","20220620030000","68","2","臺東縣","長濱鄉","121.475","23.380","93"
"129","181221","20220620030000","104","2","澎湖縣","望安鄉","119.495","23.380","107"
"176","185223","20220620030000","141","2","嘉義縣","東石鄉","120.135","23.450","156"
"1318","185452","20220620030000","1454","0","嘉義市","東區","120.455","23.450","1322"
"861","185456","20220620030000","922","0","嘉義縣","水上鄉","120.430","23.450","865"
"110","185475","20220620030000","87","2","澎湖縣","望安鄉","119.320","23.395","90"
"52","185491","20220620030000","37","2","花蓮縣","瑞穗鄉","121.350","23.450","47"
"74","185499","20220620030000","784","0","臺南市","白河區","120.405","23.395","87"
"291","185546","20220620030000","234","2","花蓮縣","玉里鎮","121.355","23.385","297"
"17","185565","20220620030000","11","3","花蓮縣","玉里鎮","121.395","23.390","17"
"73","185576","20220620030000","44","3","花蓮縣","玉里鎮","121.355","23.395","69"
"48","185590","20220620030000","37","2","花蓮縣","玉里鎮","121.365","23.405","50"
"90","185598","20220620030000","314","0","臺南市","白河區","120.415","23.380","92"
"307","185635","20220620030000","299","1","臺南市","後壁區","120.380","23.390","302"
"739","185683","20220620030000","769","0","臺南市","後壁區","120.340","23.380","720"
"198","185698","20220620030000","109","3","臺南市","白河區","120.480","23.385","208"
"155","186808","20220620030000","144","1","花蓮縣","卓溪鄉","121.315","23.435","153"
"272","186812","20220620030000","174","3","花蓮縣","卓溪鄉","121.335","23.435","266"
"84","186826","20220620030000","51","3","花蓮縣","卓溪鄉","121.340","23.440","86"
"21","186875","20220620030000","24","0","臺南市","後壁區","120.335","23.380","19"
"33","186914","20220620030000","23","2","臺南市","白河區","120.445","23.380","33"
"22","186915","20220620030000","402","0","臺南市","白河區","120.450","23.380","36"
"239","186921","20220620030000","175","2","臺南市","白河區","120.435","23.390","234"
"14","187008","20220620030000","17","0","臺東縣","長濱鄉","121.480","23.395","14"
"218","187061","20220620030000","183","1","花蓮縣","玉里鎮","121.320","23.395","220"
"132","187086","20220620030000","94","2","花蓮縣","玉里鎮","121.340","23.415","135"
"147","187099","20220620030000","77","3","花蓮縣","玉里鎮","121.345","23.425","145"
"146","187105","20220620030000","110","2","花蓮縣","玉里鎮","121.345","23.430","143"
"15","187111","20220620030000","17","0","花蓮縣","玉里鎮","121.350","23.435","15"
"162","187173","20220620030000","89","3","花蓮縣","玉里鎮","121.395","23.450","157"
"299","187253","20220620030000","170","3","花蓮縣","玉里鎮","121.375","23.425","284"
"318","187296","20220620030000","279","1","臺南市","白河區","120.440","23.400","279"
"158","187322","20220620030000","136","1","花蓮縣","玉里鎮","121.330","23.375","168"
"204","187339","20220620030000","75","3","花蓮縣","玉里鎮","121.325","23.390","227"
"20","187385","20220620030000","21","0","臺東縣","長濱鄉","121.465","23.405","24"
"57","187398","20220620030000","52","1","臺東縣","長濱鄉","121.470","23.410","53"
"175","187401","20220620030000","83","3","臺東縣","長濱鄉","121.485","23.410","159"
"481","188051","20220620030000","577","0","嘉義縣","中埔鄉","120.520","23.430","457"
"370","188063","20220620030000","262","2","嘉義縣","中埔鄉","120.560","23.435","381"
"684","188064","20220620030000","792","0","嘉義縣","中埔鄉","120.520","23.420","671"
"423","188069","20220620030000","243","3","嘉義縣","中埔鄉","120.520","23.425","439"
"81","188090","20220620030000","79","1","嘉義縣","中埔鄉","120.510","23.400","81"
"25","188129","20220620030000","460","0","嘉義縣","中埔鄉","120.460","23.445","27"
"356","188131","20220620030000","270","2","嘉義縣","中埔鄉","120.460","23.450","332"
"493","188132","20220620030000","499","0","嘉義縣","中埔鄉","120.470","23.450","486"
"522","188133","20220620030000","571","0","嘉義縣","中埔鄉","120.475","23.450","560"
"1520","188134","20220620030000","1550","0","嘉義縣","中埔鄉","120.465","23.450","1572"
"119","188136","20220620030000","106","1","嘉義縣","中埔鄉","120.485","23.450","110"
"1419","188141","20220620030000","1243","1","嘉義縣","中埔鄉","120.450","23.435","1412"
"471","188144","20220620030000","537","0","嘉義縣","中埔鄉","120.455","23.445","489"
"468","188147","20220620030000","460","1","嘉義縣","中埔鄉","120.480","23.440","472"
"15","188154","20220620030000","104","0","嘉義縣","中埔鄉","120.490","23.445","14"
"669","188193","20220620030000","497","2","嘉義縣","中埔鄉","120.520","23.385","664"
"185","188241","20220620030000","125","2","嘉義縣","中埔鄉","120.580","23.425","169"
"223","188261","20220620030000","121","3","嘉義縣","中埔鄉","120.540","23.390","226"
"14","188280","20220620030000","73","0","嘉義縣","中埔鄉","120.575","23.380","14"
"35","188314","20220620030000","43","0","嘉義縣","中埔鄉","120.590","23.395","36"
"486","188331","20220620030000","449","1","嘉義縣","中埔鄉","120.555","23.405","474"
"35","188335","20220620030000","11","3","嘉義縣","中埔鄉","120.575","23.405","34"
"752","188368","20220620030000","694","1","嘉義縣","中埔鄉","120.540","23.440","780"
"282","188369","20220620030000","243","1","嘉義縣","中埔鄉","120.545","23.440","254"
"210","188382","20220620030000","210","1","嘉義縣","中埔鄉","120.565","23.445","203"
"346","188390","20220620030000","328","1","嘉義縣","中埔鄉","120.530","23.440","350"
"577","188399","20220620030000","371","3","嘉義縣","中埔鄉","120.535","23.450","563"
"308","188417","20220620030000","311","0","嘉義縣","中埔鄉","120.510","23.435","311"
"480","188421","20220620030000","366","2","嘉義縣","中埔鄉","120.510","23.440","463"
"716","188422","20220620030000","690","1","嘉義縣","中埔鄉","120.495","23.445","730"
"415","188442","20220620030000","388","1","嘉義縣","中埔鄉","120.515","23.410","407"
"260","188445","20220620030000","241","1","嘉義縣","中埔鄉","120.530","23.410","262"
"385","188457","20220620030000","396","0","嘉義縣","中埔鄉","120.505","23.425","365"
"37","188462","20220620030000","26","2","嘉義縣","中埔鄉","120.505","23.375","34"
"132","188463","20220620030000","100","2","嘉義縣","中埔鄉","120.510","23.375","142"
"404","188469","20220620030000","341","1","嘉義縣","鹿草鄉","120.315","23.390","409"
"15","188471","20220620030000","13","1","嘉義縣","鹿草鄉","120.315","23.395","15"
"484","188493","20220620030000","403","2","嘉義縣","鹿草鄉","120.320","23.420","455"
"208","188498","20220620030000","96","3","嘉義縣","鹿草鄉","120.320","23.425","226"
"1065","188503","20220620030000","844","2","嘉義縣","鹿草鄉","120.315","23.410","1059"
"128","188507","20220620030000","108","1","嘉義縣","太保市","120.335","23.430","120"
"148","188508","20220620030000","80","3","嘉義縣","太保市","120.340","23.430","138"
"87","188510","20220620030000","70","2","嘉義縣","鹿草鄉","120.350","23.430","86"
"25","188516","20220620030000","205","0","嘉義縣","太保市","120.340","23.440","20"
"534","188554","20220620030000","360","2","嘉義縣","鹿草鄉","120.340","23.400","523"
"260","188555","20220620030000","245","1","嘉義縣","鹿草鄉","120.290","23.375","251"
"21","188574","20220620030000","334","0","嘉義縣","朴子市","120.245","23.415","22"
"41","188579","20220620030000","256","0","嘉義縣","水上鄉","120.355","23.410","34"
"159","188626","20220620030000","139","1","嘉義縣","鹿草鄉","120.345","23.405","162"
"171","188631","20220620030000","134","2","嘉義縣","鹿草鄉","120.330","23.410","171"
"172","188646","20220620030000","71","3","嘉義縣","朴子市","120.290","23.445","146"
"82","188650","20220620030000","74","1","嘉義縣","朴子市","120.280","23.450","80"
"661","188654","20220620030000","627","1","嘉義縣","布袋鎮","120.170","23.375","664"
"176","188666","20220620030000","127","2","嘉義縣","布袋鎮","120.220","23.390","186"
"189","188716","20220620030000","128","2","嘉義縣","阿里山鄉","120.715","23.390","182"
"85","188874","20220620030000","828","0","嘉義縣","太保市","120.345","23.450","89"
"16","188885","20220620030000","270","0","嘉義縣","太保市","120.320","23.445","26"
"38","188892","20220620030000","322","0","嘉義縣","太保市","120.340","23.450","38"
"114","188897","20220620030000","98","1","嘉義縣","朴子市","120.235","23.440","113"
"18","188921","20220620030000","13","2","嘉義縣","朴子市","120.240","23.450","19"
"131","188949","20220620030000","130","1","嘉義縣","朴子市","120.255","23.410","132"
"527","188956","20220620030000","388","2","嘉義縣","朴子市","120.260","23.420","503"
"111","188966","20220620030000","117","0","嘉義縣","東石鄉","120.145","23.455","114"
"379","188983","20220620030000","270","2","嘉義縣","布袋鎮","120.190","23.375","371"
"29","189028","20220620030000","304","0","嘉義縣","太保市","120.295","23.440","36"
"185","189044","20220620030000","124","2","嘉義縣","東石鄉","120.170","23.430","177"
"211","189051","20220620030000","117","3","嘉義縣","東石鄉","120.180","23.440","235"
"33","189105","20220620030000","144","0","嘉義縣","東石鄉","120.185","23.450","41"
"46","189112","20220620030000","219","0","嘉義縣","東石鄉","120.200","23.455","36"
"461","189144","20220620030000","357","2","嘉義縣","布袋鎮","120.165","23.375","479"
"32","189152","20220620030000","321","0","嘉義縣","東石鄉","120.205","23.425","29"
"207","189184","20220620030000","173","1","嘉義縣","水上鄉","120.410","23.430","205"
"12","189187","20220620030000","251","0","嘉義縣","水上鄉","120.415","23.430","20"
"762","189189","20220620030000","534","2","嘉義縣","水上鄉","120.415","23.435","759"
"270","189192","20220620030000","223","2","嘉義縣","水上鄉","120.420","23.440","267"
"749","189195","20220620030000","616","2","嘉義縣","布袋鎮","120.180","23.375","748"
"121","189210","20220620030000","113","1","嘉義縣","布袋鎮","120.200","23.400","118"
"98","189224","20220620030000","81","2","嘉義縣","水上鄉","120.435","23.430","94"
"209","189225","20220620030000","165","2","嘉義縣","水上鄉","120.420","23.430","228"
"746","189233","20220620030000","521","2","嘉義縣","水上鄉","120.425","23.440","776"
"37","189242","20220620030000","188","0","嘉義縣","水上鄉","120.370","23.415","45"
"135","189246","20220620030000","153","0","嘉義縣","水上鄉","120.370","23.420","126"
"57","189248","20220620030000","116","0","嘉義縣","水上鄉","120.360","23.425","56"
"315","189268","20220620030000","293","1","嘉義縣","水上鄉","120.495","23.400","341"
"57","189286","20220620030000","53","1","嘉義縣","水上鄉","120.450","23.415","68"
"141","189288","20220620030000","136","1","嘉義縣","水上鄉","120.460","23.415","153"
"88","189292","20220620030000","51","3","嘉義縣","水上鄉","120.450","23.420","87"
"49","189296","20220620030000","53","0","嘉義縣","水上鄉","120.410","23.445","48"
"341","189322","20220620030000","290","1","嘉義縣","水上鄉","120.370","23.440","335"
"57","189337","20220620030000","625","0","嘉義縣","水上鄉","120.360","23.445","54"
"268","189343","20220620030000","272","0","嘉義縣","水上鄉","120.425","23.445","285"
"1152","189344","20220620030000","863","2","嘉義縣","水上鄉","120.430","23.445","1161"
"60","189349","20220620030000","44","2","嘉義縣","水上鄉","120.435","23.415","53"
"524","189350","20220620030000","397","2","嘉義縣","水上鄉","120.430","23.420","516"
"785","189351","20220620030000","637","2","嘉義縣","水上鄉","120.435","23.420","779"
"105","189364","20220620030000","58","3","嘉義縣","布袋鎮","120.150","23.375","100"
"416","189365","20220620030000","223","3","嘉義縣","布袋鎮","120.155","23.375","384"
"219","189369","20220620030000","95","3","嘉義縣","布袋鎮","120.150","23.380","223"
"444","189370","20220620030000","327","2","嘉義縣","布袋鎮","120.155","23.380","450"
"62","189382","20220620030000","859","0","嘉義縣","水上鄉","120.470","23.435","74"
"141","189385","20220620030000","113","2","嘉義縣","水上鄉","120.385","23.405","152"
"88","189387","20220620030000","64","2","嘉義縣","水上鄉","120.390","23.410","74"
"225","189388","20220620030000","173","2","嘉義縣","水上鄉","120.385","23.415","226"
"349","189389","20220620030000","359","0","嘉義縣","水上鄉","120.385","23.420","373"
"24","189392","20220620030000","17","2","嘉義縣","水上鄉","120.405","23.450","24"
"455","189393","20220620030000","460","0","嘉義縣","水上鄉","120.435","23.445","446"
"193","189396","20220620030000","329","0","嘉義縣","水上鄉","120.400","23.425","179"
"66","189397","20220620030000","243","0","嘉義縣","水上鄉","120.395","23.430","67"
"1214","189399","20220620030000","1206","1","嘉義縣","水上鄉","120.400","23.430","1223"
"219","189411","20220620030000","255","0","嘉義縣","水上鄉","120.390","23.425","225"
"76","189413","20220620030000","623","0","嘉義縣","水上鄉","120.395","23.435","81"
"417","189416","20220620030000","463","0","嘉義縣","水上鄉","120.400","23.435","393"
"381","189439","20220620030000","352","1","嘉義縣","水上鄉","120.420","23.420","374"
"70","189459","20220620030000","85","0","嘉義縣","水上鄉","120.385","23.425","74"
"393","189461","20220620030000","315","2","嘉義縣","水上鄉","120.380","23.430","394"
"266","189463","20220620030000","289","0","嘉義縣","水上鄉","120.390","23.430","278"
"929","189474","20220620030000","783","1","嘉義縣","鹿草鄉","120.295","23.380","915"
"179","189491","20220620030000","145","2","嘉義縣","鹿草鄉","120.270","23.395","203"
"256","189518","20220620030000","242","1","嘉義縣","鹿草鄉","120.305","23.415","282"
"28","189555","20220620030000","111","0","嘉義縣","鹿草鄉","120.285","23.435","25"
"44","189575","20220620030000","270","0","嘉義縣","朴子市","120.245","23.430","42"
"522","189579","20220620030000","428","2","嘉義縣","朴子市","120.245","23.435","503"
"118","189583","20220620030000","130","0","嘉義縣","朴子市","120.250","23.440","128"
"1554","189591","20220620030000","1508","1","嘉義縣","東石鄉","120.180","23.420","1560"
"273","189607","20220620030000","258","1","嘉義縣","番路鄉","120.660","23.420","267"
"147","189608","20220620030000","77","3","嘉義縣","番路鄉","120.650","23.425","155"
"30","189630","20220620030000","30","1","嘉義縣","番路鄉","120.640","23.440","31"
"148","189633","20220620030000","97","3","嘉義縣","番路鄉","120.655","23.440","142"
"25","189645","20220620030000","28","0","嘉義縣","番路鄉","120.645","23.440","26"
"167","189663","20220620030000","150","1","嘉義縣","番路鄉","120.670","23.445","157"
"157","189673","20220620030000","82","3","嘉義縣","番路鄉","120.645","23.400","169"
"48","189685","20220620030000","22","3","嘉義縣","番路鄉","120.650","23.405","39"
"22","189703","20220620030000","20","1","嘉義縣","番路鄉","120.640","23.415","25"
"53","189705","20220620030000","24","3","嘉義縣","番路鄉","120.605","23.420","47"
"20","189724","20220620030000","26","0","嘉義縣","番路鄉","120.610","23.430","19"
"108","189756","20220620030000","57","3","嘉義縣","番路鄉","120.620","23.375","93"
"159","189823","20220620030000","120","2","嘉義縣","番路鄉","120.600","23.435","159"
"211","189837","20220620030000","185","1","嘉義縣","番路鄉","120.580","23.450","224"
"352","189852","20220620030000","204","3","嘉義縣","布袋鎮","120.170","23.385","358"
"162","189978","20220620030000","114","2","嘉義縣","阿里山鄉","120.665","23.380","155"
"10","189981","20220620030000","11","0","嘉義縣","阿里山鄉","120.680","23.380","10"
"100","190321","20220620030000","84","1","嘉義縣","阿里山鄉","120.750","23.440","111"
"44","190374","20220620030000","33","2","嘉義縣","阿里山鄉","120.755","23.450","82"
"177","190402","20220620030000","138","2","嘉義縣","義竹鄉","120.245","23.385","187"
"351","190407","20220620030000","211","3","嘉義縣","義竹鄉","120.240","23.375","363"
"125","192504","20220620030000","79","3","澎湖縣","馬公市","119.515","23.485","130"
"285","192620","20220620030000","249","1","嘉義縣","東石鄉","120.165","23.490","285"
"112","192621","20220620030000","69","3","花蓮縣","豐濱鄉","121.510","23.490","109"
"28","194053","20220620030000","130","0","澎湖縣","馬公市","119.515","23.510","30"
"504","194584","20220620030000","226","3","澎湖縣","馬公市","119.595","23.520","404"
"358","194849","20220620030000","268","2","澎湖縣","馬公市","119.580","23.525","380"
"167","194852","20220620030000","70","3","澎湖縣","馬公市","119.595","23.525","130"
"1305","194945","20220620030000","888","2","嘉義市","東區","120.455","23.495","1324"
"346","194952","20220620030000","129","3","嘉義市","東區","120.485","23.460","360"
"50","194954","20220620030000","49","1","嘉義市","東區","120.495","23.460","55"
"26","194959","20220620030000","24","1","嘉義市","東區","120.485","23.470","30"
"26","194963","20220620030000","28","0","嘉義市","東區","120.490","23.475","33"
"691","194965","20220620030000","940","0","嘉義市","西區","120.435","23.460","676"
"804","194966","20220620030000","1507","0","嘉義市","西區","120.440","23.460","797"
"499","194967","20220620030000","347","2","嘉義市","西區","120.445","23.460","525"
"16","194968","20220620030000","46","0","嘉義市","西區","120.440","23.475","16"
"843","194969","20220620030000","444","3","嘉義市","西區","120.440","23.490","847"
"1538","194970","20220620030000","1126","2","嘉義市","東區","120.460","23.480","1563"
"899","194971","20220620030000","826","1","嘉義市","東區","120.450","23.480","894"
"1180","194972","20220620030000","470","3","嘉義市","東區","120.450","23.490","1165"
"292","194973","20220620030000","1832","0","嘉義市","東區","120.450","23.495","263"
"1266","194974","20220620030000","908","2","嘉義市","西區","120.415","23.485","1247"
"458","194975","20220620030000","603","0","嘉義市","西區","120.405","23.490","445"
"1114","194980","20220620030000","2241","0","嘉義市","西區","120.425","23.475","1108"
"628","194981","20220620030000","546","1","嘉義市","西區","120.430","23.470","600"
"70","194985","20220620030000","1582","0","嘉義市","東區","120.470","23.490","82"
"480","194986","20220620030000","431","1","嘉義市","東區","120.470","23.495","464"
"367","194988","20220620030000","334","1","嘉義市","東區","120.480","23.495","391"
"859","194993","20220620030000","627","2","嘉義市","東區","120.450","23.500","849"
"47","194994","20220620030000","304","0","嘉義市","東區","120.450","23.505","43"
"726","194995","20220620030000","632","1","嘉義市","東區","120.455","23.505","709"
"193","194996","20220620030000","201","0","嘉義市","東區","120.445","23.510","190"
"528","195001","20220620030000","1410","0","嘉義市","東區","120.485","23.485","494"
"472","195002","20220620030000","313","3","嘉義市","東區","120.490","23.480","490"
"1661","195003","20220620030000","1117","2","嘉義市","東區","120.455","23.490","1574"
"2071","195004","20220620030000","1937","1","嘉義市","東區","120.455","23.480","2067"
"449","195006","20220620030000","228","3","嘉義市","西區","120.420","23.480","409"
"975","195007","20220620030000","944","1","嘉義市","西區","120.430","23.480","1008"
"507","195008","20220620030000","495","1","嘉義市","西區","120.420","23.490","493"
"1069","195009","20220620030000","2414","0","嘉義市","西區","120.430","23.465","1066"
"1213","195011","20220620030000","680","3","嘉義市","西區","120.425","23.485","895"
"858","195012","20220620030000","1516","0","嘉義市","西區","120.435","23.480","838"
"1458","195013","20220620030000","1867","0","嘉義市","西區","120.430","23.485","1506"
"19","195015","20220620030000","22","0","嘉義市","西區","120.395","23.490","19"
"127","195016","20220620030000","53","3","嘉義市","西區","120.400","23.490","145"
"18","195017","20220620030000","20","0","嘉義市","西區","120.390","23.495","13"
"1643","195022","20220620030000","841","3","嘉義市","西區","120.440","23.480","1570"
"696","195024","20220620030000","351","3","嘉義市","西區","120.430","23.495","700"
"1262","195025","20220620030000","1412","0","嘉義市","西區","120.425","23.490","1193"
"1873","195033","20220620030000","753","3","嘉義市","東區","120.450","23.475","1816"
"1704","195036","20220620030000","729","3","嘉義市","東區","120.450","23.460","1718"
"2462","195037","20220620030000","1687","2","嘉義市","東區","120.455","23.455","2555"
"92","195038","20220620030000","1591","0","嘉義市","西區","120.435","23.470","93"
"252","195039","20220620030000","177","2","嘉義市","西區","120.430","23.455","240"
"27","195040","20220620030000","375","0","嘉義市","西區","120.430","23.460","28"
"85","195041","20220620030000","983","0","嘉義市","西區","120.440","23.485","87"
"122","195042","20220620030000","66","3","嘉義市","西區","120.395","23.465","115"
"382","195047","20220620030000","326","1","嘉義市","西區","120.405","23.470","388"
"373","195049","20220620030000","383","0","嘉義市","西區","120.405","23.475","346"
"56","195053","20220620030000","527","0","嘉義市","西區","120.445","23.500","53"
"1646","195054","20220620030000","1776","0","嘉義市","東區","120.465","23.490","1566"
"22","195055","20220620030000","16","2","嘉義市","東區","120.465","23.495","27"
"484","195056","20220620030000","180","3","嘉義市","東區","120.460","23.470","513"
"1790","195057","20220620030000","661","3","嘉義市","東區","120.470","23.480","1822"
"99","195058","20220620030000","742","0","嘉義市","東區","120.465","23.475","96"
"1950","195060","20220620030000","1606","2","嘉義市","西區","120.435","23.475","1964"
"1321","195061","20220620030000","492","3","嘉義市","西區","120.440","23.465","1306"
"14","195062","20220620030000","392","0","嘉義市","西區","120.450","23.465","17"
"1273","195064","20220620030000","1630","0","嘉義市","西區","120.440","23.470","1254"
"10","195065","20220620030000","10","1","嘉義市","東區","120.455","23.485","10"
"44","195066","20220620030000","576","0","嘉義市","東區","120.450","23.485","43"
"466","195069","20220620030000","388","2","嘉義市","西區","120.415","23.475","520"
"1325","195073","20220620030000","2684","0","嘉義市","西區","120.440","23.455","1379"
"2687","195075","20220620030000","2346","1","嘉義市","西區","120.445","23.475","2668"
"1816","195076","20220620030000","1996","0","嘉義市","東區","120.465","23.465","1852"
"1123","195083","20220620030000","673","3","嘉義市","東區","120.445","23.515","1121"
"326","195084","20220620030000","671","0","嘉義市","東區","120.465","23.480","345"
"551","195086","20220620030000","804","0","嘉義市","東區","120.480","23.465","741"
"1267","195090","20220620030000","544","3","嘉義市","東區","120.475","23.475","1275"
"36","195093","20220620030000","618","0","嘉義市","東區","120.470","23.485","34"
"853","195094","20220620030000","440","3","嘉義市","東區","120.475","23.485","844"
"18","195098","20220620030000","13","2","嘉義市","東區","120.500","23.475","16"
"15","195100","20220620030000","281","0","嘉義市","東區","120.485","23.480","11"
"684","195103","20220620030000","422","3","嘉義市","東區","120.500","23.480","672"
"551","195108","20220620030000","403","2","嘉義市","東區","120.490","23.485","520"
"57","195113","20220620030000","640","0","嘉義市","東區","120.470","23.475","62"
"861","195114","20220620030000","472","3","嘉義市","東區","120.455","23.500","850"
"150","195115","20220620030000","58","3","嘉義市","東區","120.475","23.490","153"
"744","195118","20220620030000","548","2","嘉義市","東區","120.480","23.490","742"
"869","195120","20220620030000","1592","0","嘉義市","東區","120.455","23.475","871"
"1446","195121","20220620030000","1529","0","嘉義市","西區","120.430","23.490","1425"
"68","195122","20220620030000","735","0","嘉義市","西區","120.435","23.485","68"
"101","195123","20220620030000","868","0","嘉義市","西區","120.435","23.490","105"
"660","195124","20220620030000","631","1","嘉義市","西區","120.450","23.470","638"
"700","195127","20220620030000","293","3","嘉義市","東區","120.470","23.470","726"
"30","195128","20220620030000","670","0","嘉義市","東區","120.475","23.480","32"
"495","195129","20220620030000","407","2","嘉義市","東區","120.465","23.485","488"
"40","195131","20220620030000","36","1","嘉義市","東區","120.480","23.480","34"
"838","195133","20220620030000","704","1","嘉義市","東區","120.460","23.490","866"
"34","195139","20220620030000","496","0","嘉義市","西區","120.405","23.480","44"
"405","195147","20220620030000","271","2","嘉義市","西區","120.415","23.465","417"
"73","195148","20220620030000","1727","0","嘉義市","西區","120.420","23.465","67"
"833","195150","20220620030000","483","3","嘉義市","西區","120.415","23.470","798"
"54","195151","20220620030000","58","0","嘉義市","西區","120.420","23.470","55"
"845","195154","20220620030000","350","3","嘉義市","西區","120.440","23.495","858"
"72","195158","20220620030000","90","0","嘉義市","東區","120.430","23.505","75"
"188","195159","20220620030000","105","3","嘉義市","西區","120.435","23.505","174"
"796","195160","20220620030000","761","1","嘉義市","西區","120.445","23.485","822"
"2051","195161","20220620030000","1017","3","嘉義市","東區","120.460","23.465","1995"
"660","195162","20220620030000","1152","0","嘉義市","西區","120.445","23.470","675"
"124","195164","20220620030000","70","3","嘉義市","西區","120.425","23.465","134"
"41","195165","20220620030000","75","0","嘉義市","西區","120.425","23.480","43"
"1539","195166","20220620030000","975","3","嘉義市","西區","120.445","23.480","1515"
"846","195167","20220620030000","817","1","嘉義市","東區","120.460","23.455","877"
"287","195169","20220620030000","182","3","嘉義市","東區","120.465","23.460","294"
"1837","195170","20220620030000","1252","2","嘉義市","東區","120.455","23.465","1925"
"625","195171","20220620030000","438","2","嘉義市","東區","120.455","23.470","659"
"527","195183","20220620030000","385","2","澎湖縣","馬公市","119.590","23.515","555"
"373","195202","20220620030000","171","3","澎湖縣","馬公市","119.605","23.525","343"
"170","195219","20220620030000","138","2","花蓮縣","瑞穗鄉","121.375","23.495","175"
"65","195220","20220620030000","63","1","花蓮縣","瑞穗鄉","121.375","23.500","53"
"426","195222","20220620030000","293","2","花蓮縣","瑞穗鄉","121.375","23.505","435"
"267","195231","20220620030000","194","2","花蓮縣","瑞穗鄉","121.390","23.490","266"
"1404","195232","20220620030000","1150","2","花蓮縣","瑞穗鄉","121.380","23.495","1386"
"79","195268","20220620030000","44","3","花蓮縣","瑞穗鄉","121.355","23.465","72"
"66","195289","20220620030000","73","0","花蓮縣","瑞穗鄉","121.360","23.475","80"
"336","195291","20220620030000","282","1","花蓮縣","瑞穗鄉","121.370","23.475","323"
"41","195336","20220620030000","31","2","花蓮縣","瑞穗鄉","121.390","23.520","42"
"11","195428","20220620030000","11","1","花蓮縣","瑞穗鄉","121.435","23.490","13"
"74","195430","20220620030000","42","3","花蓮縣","瑞穗鄉","121.445","23.490","83"
"159","196332","20220620030000","166","0","花蓮縣","瑞穗鄉","121.375","23.515","174"
"63","196345","20220620030000","36","3","花蓮縣","瑞穗鄉","121.360","23.480","53"
"253","196360","20220620030000","166","3","花蓮縣","瑞穗鄉","121.355","23.490","215"
"327","196364","20220620030000","268","2","花蓮縣","瑞穗鄉","121.375","23.490","319"
"59","196368","20220620030000","39","3","花蓮縣","瑞穗鄉","121.360","23.495","65"
"174","196453","20220620030000","115","3","花蓮縣","卓溪鄉","121.325","23.490","177"
"245","196567","20220620030000","153","3","花蓮縣","豐濱鄉","121.505","23.470","260"
"71","196575","20220620030000","27","3","花蓮縣","豐濱鄉","121.505","23.475","87"
"87","196592","20220620030000","60","2","花蓮縣","豐濱鄉","121.510","23.480","67"
"60","196639","20220620030000","58","1","花蓮縣","豐濱鄉","121.500","23.455","66"
"242","196667","20220620030000","100","3","花蓮縣","玉里鎮","121.405","23.465","220"
"127","196709","20220620030000","46","3","花蓮縣","玉里鎮","121.395","23.455","125"
"936","196774","20220620030000","660","2","嘉義縣","中埔鄉","120.465","23.455","946"
"1161","196781","20220620030000","1678","0","嘉義縣","民雄鄉","120.430","23.520","1179"
"412","196789","20220620030000","408","1","嘉義縣","民雄鄉","120.440","23.515","442"
"402","196793","20220620030000","178","3","嘉義縣","六腳鄉","120.290","23.520","413"
"693","196815","20220620030000","611","1","嘉義縣","六腳鄉","120.250","23.510","681"
"40","196825","20220620030000","33","2","嘉義縣","六腳鄉","120.225","23.485","45"
"103","196836","20220620030000","84","2","嘉義縣","六腳鄉","120.285","23.500","101"
"287","196856","20220620030000","136","3","雲林縣","水林鄉","120.225","23.505","273"
"51","196879","20220620030000","268","0","嘉義縣","六腳鄉","120.245","23.485","50"
"352","196886","20220620030000","142","3","嘉義縣","民雄鄉","120.415","23.525","348"
"12","196888","20220620030000","19","0","嘉義縣","民雄鄉","120.425","23.525","18"
"34","196895","20220620030000","146","0","嘉義縣","太保市","120.310","23.460","27"
"74","196913","20220620030000","80","0","嘉義縣","新港鄉","120.375","23.515","81"
"137","196921","20220620030000","810","0","嘉義縣","新港鄉","120.380","23.525","167"
"395","196935","20220620030000","315","2","嘉義縣","六腳鄉","120.280","23.505","390"
"476","196963","20220620030000","410","1","嘉義縣","六腳鄉","120.310","23.500","455"
"1020","197018","20220620030000","735","2","嘉義縣","太保市","120.335","23.490","992"
"657","197019","20220620030000","398","3","嘉義縣","太保市","120.340","23.495","634"
"2634","197036","20220620030000","1978","2","嘉義縣","太保市","120.365","23.500","2691"
"16","197041","20220620030000","78","0","嘉義縣","太保市","120.360","23.510","16"
"598","197046","20220620030000","518","1","嘉義縣","太保市","120.370","23.500","588"
"18","197053","20220620030000","14","2","嘉義縣","六腳鄉","120.265","23.525","17"
"381","197055","20220620030000","285","2","嘉義縣","六腳鄉","120.275","23.525","389"
"117","197536","20220620030000","100","1","南投縣","信義鄉","120.870","23.470","106"
"27","197634","20220620030000","22","2","南投縣","信義鄉","120.825","23.510","28"
"500","197682","20220620030000","782","0","嘉義縣","民雄鄉","120.440","23.520","501"
"1142","197684","20220620030000","1089","1","嘉義縣","民雄鄉","120.440","23.525","1142"
"1158","197685","20220620030000","1634","0","嘉義縣","民雄鄉","120.445","23.525","1143"
"17","197686","20220620030000","31","0","嘉義縣","民雄鄉","120.450","23.525","24"
"72","197696","20220620030000","53","2","嘉義縣","民雄鄉","120.425","23.510","82"
"460","197703","20220620030000","319","2","嘉義縣","民雄鄉","120.465","23.505","447"
"622","197710","20220620030000","435","2","嘉義縣","民雄鄉","120.475","23.515","647"
"31","197714","20220620030000","51","0","嘉義縣","民雄鄉","120.480","23.520","35"
"134","197719","20220620030000","84","3","雲林縣","水林鄉","120.205","23.530","128"
"149","197727","20220620030000","122","2","嘉義縣","太保市","120.380","23.490","109"
"336","197729","20220620030000","168","3","嘉義縣","太保市","120.370","23.495","324"
"202","197749","20220620030000","73","3","嘉義縣","太保市","120.385","23.480","196"
"842","197755","20220620030000","844","0","嘉義縣","朴子市","120.285","23.465","837"
"117","197756","20220620030000","66","3","嘉義縣","朴子市","120.290","23.465","113"
"31","197762","20220620030000","20","3","嘉義縣","太保市","120.290","23.470","29"
"35","197764","20220620030000","144","0","嘉義縣","太保市","120.290","23.475","36"
"214","197766","20220620030000","130","3","嘉義縣","朴子市","120.240","23.470","189"
"24","197770","20220620030000","81","0","嘉義縣","新港鄉","120.310","23.515","19"
"15","197781","20220620030000","102","0","嘉義縣","新港鄉","120.330","23.520","13"
"37","197788","20220620030000","407","0","嘉義縣","朴子市","120.285","23.455","49"
"264","197794","20220620030000","664","0","嘉義縣","朴子市","120.285","23.460","235"
"30","197795","20220620030000","248","0","嘉義縣","朴子市","120.290","23.460","36"
"656","197796","20220620030000","616","1","嘉義縣","朴子市","120.265","23.465","687"
"45","197797","20220620030000","405","0","嘉義縣","朴子市","120.255","23.455","58"
"45","197799","20220620030000","37","2","嘉義縣","朴子市","120.265","23.455","46"
"496","197800","20220620030000","213","3","嘉義縣","朴子市","120.250","23.460","474"
"75","197802","20220620030000","60","2","嘉義縣","朴子市","120.260","23.460","66"
"348","197804","20220620030000","218","3","嘉義縣","朴子市","120.255","23.465","349"
"81","197820","20220620030000","88","0","嘉義縣","新港鄉","120.365","23.515","105"
"67","197822","20220620030000","227","0","嘉義縣","新港鄉","120.350","23.520","59"
"59","197827","20220620030000","370","0","嘉義縣","新港鄉","120.355","23.520","47"
"37","197830","20220620030000","112","0","嘉義縣","新港鄉","120.330","23.510","36"
"58","197832","20220620030000","55","1","嘉義縣","新港鄉","120.340","23.510","63"
"101","197837","20220620030000","72","2","嘉義縣","新港鄉","120.340","23.515","93"
"73","197862","20220620030000","53","2","嘉義縣","阿里山鄉","120.790","23.505","61"
"232","197867","20220620030000","252","0","嘉義縣","阿里山鄉","120.810","23.515","174"
"110","197868","20220620030000","76","2","嘉義縣","阿里山鄉","120.815","23.515","100"
"261","197899","20220620030000","246","1","嘉義縣","太保市","120.335","23.475","292"
"235","197906","20220620030000","254","0","嘉義縣","太保市","120.345","23.480","250"
"43","197913","20220620030000","170","0","嘉義縣","太保市","120.300","23.465","40"
"14","197924","20220620030000","128","0","嘉義縣","太保市","120.300","23.470","12"
"56","197940","20220620030000","40","2","南投縣","信義鄉","120.890","23.490","39"
"92","198035","20220620030000","114","0","雲林縣","水林鄉","120.230","23.515","92"
"573","198046","20220620030000","424","2","雲林縣","水林鄉","120.230","23.520","609"
"1626","198052","20220620030000","1076","3","嘉義縣","朴子市","120.245","23.470","1626"
"39","198053","20220620030000","479","0","嘉義縣","六腳鄉","120.250","23.470","54"
"87","198057","20220620030000","855","0","嘉義縣","朴子市","120.245","23.465","92"
"99","198066","20220620030000","1065","0","嘉義縣","朴子市","120.240","23.465","752"
"337","198068","20220620030000","208","3","嘉義縣","朴子市","120.225","23.460","337"
"142","198071","20220620030000","721","0","嘉義縣","朴子市","120.235","23.465","134"
"523","198076","20220620030000","351","2","嘉義縣","朴子市","120.270","23.480","557"
"53","198087","20220620030000","166","0","嘉義縣","太保市","120.355","23.465","55"
"1696","198089","20220620030000","2371","0","嘉義縣","太保市","120.380","23.500","1666"
"11","198113","20220620030000","75","0","雲林縣","水林鄉","120.225","23.510","11"
"775","198129","20220620030000","293","3","嘉義縣","太保市","120.325","23.455","805"
"32","198131","20220620030000","266","0","嘉義縣","太保市","120.335","23.455","37"
"41","198135","20220620030000","291","0","嘉義縣","太保市","120.335","23.460","48"
"54","198141","20220620030000","595","0","嘉義縣","太保市","120.295","23.455","42"
"74","198144","20220620030000","725","0","嘉義縣","太保市","120.295","23.460","75"
"229","198164","20220620030000","152","3","嘉義縣","東石鄉","120.170","23.480","228"
"13","198175","20220620030000","10","2","嘉義縣","東石鄉","120.195","23.465","14"
"33","198190","20220620030000","32","1","嘉義縣","東石鄉","120.145","23.465","35"
"52","198208","20220620030000","33","3","嘉義縣","梅山鄉","120.710","23.520","51"
"153","198214","20220620030000","119","2","嘉義縣","梅山鄉","120.710","23.525","159"
"653","198237","20220620030000","612","1","嘉義縣","東石鄉","120.170","23.465","639"
"500","198282","20220620030000","452","1","嘉義縣","東石鄉","120.185","23.490","476"
"881","198309","20220620030000","749","1","嘉義縣","東石鄉","120.150","23.460","874"
"208","198354","20220620030000","175","1","嘉義縣","東石鄉","120.155","23.500","232"
"220","198358","20220620030000","176","2","嘉義縣","東石鄉","120.175","23.500","223"
"75","198378","20220620030000","67","1","嘉義縣","東石鄉","120.160","23.510","82"
"250","198419","20220620030000","203","2","嘉義縣","梅山鄉","120.660","23.525","246"
"39","198450","20220620030000","28","2","嘉義縣","民雄鄉","120.450","23.520","35"
"118","198452","20220620030000","89","2","嘉義縣","民雄鄉","120.460","23.520","115"
"38","198455","20220620030000","45","0","嘉義縣","民雄鄉","120.455","23.525","32"
"295","198456","20220620030000","270","1","嘉義縣","民雄鄉","120.460","23.525","302"
"151","198457","20220620030000","133","1","嘉義縣","民雄鄉","120.450","23.530","154"
"752","198458","20220620030000","591","2","嘉義縣","民雄鄉","120.455","23.530","718"
"610","198459","20220620030000","368","3","嘉義縣","民雄鄉","120.460","23.530","618"
"130","198474","20220620030000","102","2","嘉義縣","民雄鄉","120.475","23.525","139"
"19","198490","20220620030000","32","0","嘉義縣","新港鄉","120.390","23.515","20"
"34","198491","20220620030000","46","0","嘉義縣","民雄鄉","120.400","23.515","35"
"673","198495","20220620030000","564","1","嘉義縣","民雄鄉","120.410","23.520","702"
"25","198501","20220620030000","46","0","嘉義縣","民雄鄉","120.415","23.520","31"
"696","198503","20220620030000","718","0","嘉義縣","民雄鄉","120.430","23.530","778"
"335","198542","20220620030000","128","3","嘉義縣","六腳鄉","120.300","23.505","339"
"32","198546","20220620030000","30","1","嘉義縣","六腳鄉","120.300","23.515","30"
"14","198646","20220620030000","99","0","嘉義縣","水上鄉","120.375","23.460","19"
"161","198651","20220620030000","151","1","雲林縣","水林鄉","120.210","23.515","176"
"447","198686","20220620030000","418","1","嘉義縣","水上鄉","120.410","23.455","463"
"280","198687","20220620030000","135","3","嘉義縣","水上鄉","120.415","23.455","275"
"907","198691","20220620030000","330","3","嘉義市","西區","120.415","23.460","883"
"57","198693","20220620030000","108","0","嘉義縣","水上鄉","120.420","23.460","56"
"1481","198697","20220620030000","843","3","嘉義縣","六腳鄉","120.295","23.490","1439"
"328","198713","20220620030000","198","3","雲林縣","口湖鄉","120.185","23.525","310"
"813","198720","20220620030000","642","2","嘉義縣","水上鄉","120.400","23.455","839"
"127","198726","20220620030000","1103","0","嘉義縣","朴子市","120.245","23.460","121"
"28","198735","20220620030000","16","3","嘉義縣","六腳鄉","120.260","23.530","20"
"18","198765","20220620030000","14","2","嘉義縣","竹崎鄉","120.580","23.520","17"
"257","198769","20220620030000","209","2","嘉義縣","番路鄉","120.555","23.465","238"
"744","198770","20220620030000","695","1","嘉義縣","番路鄉","120.560","23.465","737"
"201","198785","20220620030000","187","1","嘉義縣","番路鄉","120.505","23.455","155"
"138","198844","20220620030000","103","2","嘉義縣","番路鄉","120.620","23.480","146"
"22","198849","20220620030000","12","3","嘉義縣","番路鄉","120.625","23.485","23"
"70","198869","20220620030000","59","1","嘉義縣","番路鄉","120.540","23.460","79"
"221","198871","20220620030000","206","1","嘉義縣","番路鄉","120.550","23.460","227"
"96","198874","20220620030000","117","0","嘉義縣","番路鄉","120.540","23.465","77"
"195","198880","20220620030000","121","3","嘉義縣","番路鄉","120.600","23.455","192"
"225","198884","20220620030000","195","1","嘉義縣","番路鄉","120.595","23.460","225"
"59","198885","20220620030000","34","3","嘉義縣","番路鄉","120.600","23.460","73"
"849","198892","20220620030000","718","1","嘉義縣","番路鄉","120.535","23.475","903"
"144","198893","20220620030000","82","3","嘉義縣","番路鄉","120.510","23.480","140"
"43","198896","20220620030000","43","1","嘉義縣","番路鄉","120.525","23.480","78"
"234","198913","20220620030000","216","1","嘉義縣","竹崎鄉","120.685","23.460","220"
"169","198918","20220620030000","103","3","嘉義縣","竹崎鄉","120.695","23.475","156"
"32","198922","20220620030000","36","0","嘉義縣","竹崎鄉","120.700","23.480","36"
"26","198923","20220620030000","15","3","嘉義縣","竹崎鄉","120.705","23.480","20"
"34","198932","20220620030000","32","1","嘉義縣","竹崎鄉","120.705","23.485","32"
"148","198946","20220620030000","119","2","嘉義縣","竹崎鄉","120.695","23.500","115"
"185","198952","20220620030000","196","0","嘉義縣","竹崎鄉","120.695","23.505","170"
"22","198964","20220620030000","22","1","嘉義縣","竹崎鄉","120.660","23.505","15"
"153","198983","20220620030000","111","2","嘉義縣","竹崎鄉","120.635","23.520","152"
"90","199039","20220620030000","53","3","嘉義縣","竹崎鄉","120.650","23.470","88"
"136","199063","20220620030000","109","2","嘉義縣","竹崎鄉","120.680","23.480","143"
"460","199106","20220620030000","507","0","嘉義縣","竹崎鄉","120.570","23.485","434"
"359","199108","20220620030000","257","2","嘉義縣","竹崎鄉","120.555","23.485","367"
"27","199120","20220620030000","28","0","嘉義縣","竹崎鄉","120.540","23.515","26"
"1402","199122","20220620030000","1104","2","嘉義縣","竹崎鄉","120.550","23.515","1439"
"494","199146","20220620030000","419","1","嘉義縣","竹崎鄉","120.570","23.500","481"
"24","199161","20220620030000","363","0","嘉義縣","竹崎鄉","120.550","23.530","27"
"61","199213","20220620030000","39","3","嘉義縣","竹崎鄉","120.590","23.465","64"
"338","199237","20220620030000","137","3","嘉義縣","竹崎鄉","120.605","23.470","348"
"56","199241","20220620030000","56","1","嘉義縣","竹崎鄉","120.585","23.475","50"
"184","199248","20220620030000","170","1","嘉義縣","竹崎鄉","120.575","23.480","179"
"455","199280","20220620030000","374","2","嘉義縣","竹崎鄉","120.505","23.485","470"
"956","199288","20220620030000","722","2","嘉義縣","竹崎鄉","120.500","23.490","1001"
"676","199291","20220620030000","546","2","嘉義縣","竹崎鄉","120.520","23.490","673"
"463","199297","20220620030000","420","1","嘉義縣","竹崎鄉","120.495","23.495","465"
"360","199306","20220620030000","259","2","嘉義縣","竹崎鄉","120.500","23.500","355"
"311","199313","20220620030000","305","1","嘉義縣","竹崎鄉","120.505","23.525","301"
"356","199322","20220620030000","293","2","嘉義縣","竹崎鄉","120.515","23.530","355"
"264","199330","20220620030000","198","2","嘉義縣","竹崎鄉","120.495","23.510","254"
"115","199332","20220620030000","82","2","嘉義縣","竹崎鄉","120.495","23.515","105"
"996","199353","20220620030000","725","2","嘉義縣","竹崎鄉","120.570","23.505","997"
"194","199358","20220620030000","110","3","嘉義縣","竹崎鄉","120.610","23.510","196"
"110","199367","20220620030000","142","0","嘉義縣","竹崎鄉","120.605","23.515","106"
"117","199379","20220620030000","46","3","嘉義縣","竹崎鄉","120.610","23.520","121"
"40","199459","20220620030000","55","0","嘉義縣","阿里山鄉","120.950","23.465","53"
"15","199523","20220620030000","12","2","嘉義縣","阿里山鄉","120.795","23.490","14"
"13","199541","20220620030000","13","1","嘉義縣","阿里山鄉","120.800","23.500","12"
"40","199552","20220620030000","29","2","嘉義縣","阿里山鄉","120.815","23.505","35"
"596","199555","20220620030000","630","0","嘉義縣","阿里山鄉","120.805","23.510","559"
"204","199603","20220620030000","112","3","嘉義縣","阿里山鄉","120.730","23.530","205"
"106","199642","20220620030000","86","2","嘉義縣","阿里山鄉","120.755","23.490","108"
"57","199653","20220620030000","43","2","嘉義縣","阿里山鄉","120.745","23.495","52"
"78","199699","20220620030000","48","3","嘉義縣","阿里山鄉","120.740","23.515","75"
"85","199719","20220620030000","82","1","嘉義縣","阿里山鄉","120.720","23.455","78"
"48","199725","20220620030000","47","1","嘉義縣","阿里山鄉","120.700","23.460","54"
"125","199742","20220620030000","113","1","嘉義縣","阿里山鄉","120.730","23.465","120"
"185","199744","20220620030000","47","3","嘉義縣","竹崎鄉","120.695","23.470","148"
"436","199745","20220620030000","318","2","嘉義縣","阿里山鄉","120.700","23.470","418"
"70","199748","20220620030000","45","3","嘉義縣","阿里山鄉","120.715","23.470","63"
"74","199760","20220620030000","78","0","嘉義縣","阿里山鄉","120.715","23.480","76"
"64","199769","20220620030000","37","3","嘉義縣","阿里山鄉","120.720","23.485","53"
"151","199777","20220620030000","122","2","嘉義縣","阿里山鄉","120.750","23.455","147"
"18","199798","20220620030000","11","3","嘉義縣","阿里山鄉","120.775","23.460","21"
"297","199875","20220620030000","174","3","嘉義縣","竹崎鄉","120.595","23.485","295"
"175","199886","20220620030000","106","3","嘉義縣","竹崎鄉","120.595","23.495","172"
"400","199897","20220620030000","382","1","嘉義縣","竹崎鄉","120.550","23.485","404"
"103","199900","20220620030000","235","0","嘉義縣","竹崎鄉","120.540","23.495","105"
"716","199903","20220620030000","673","1","嘉義縣","竹崎鄉","120.540","23.500","707"
"113","199909","20220620030000","59","3","嘉義縣","竹崎鄉","120.595","23.525","119"
"157","199920","20220620030000","88","3","嘉義縣","竹崎鄉","120.510","23.490","155"
"678","199938","20220620030000","573","1","嘉義縣","竹崎鄉","120.525","23.515","673"
"280","200367","20220620030000","380","0","澎湖縣","馬公市","119.550","23.535","285"
"75","201149","20220620030000","50","3","澎湖縣","馬公市","119.570","23.550","78"
"327","201150","20220620030000","216","3","澎湖縣","馬公市","119.575","23.550","289"
"187","201400","20220620030000","117","3","澎湖縣","馬公市","119.570","23.555","264"
"535","202108","20220620030000","512","1","澎湖縣","西嶼鄉","119.485","23.565","561"
"813","202121","20220620030000","545","2","澎湖縣","馬公市","119.565","23.565","780"
"203","202367","20220620030000","166","2","澎湖縣","馬公市","119.565","23.570","199"
"85","202600","20220620030000","43","3","澎湖縣","西嶼鄉","119.500","23.575","86"
"636","202858","20220620030000","875","0","澎湖縣","馬公市","119.575","23.580","636"
"181","203106","20220620030000","104","3","澎湖縣","馬公市","119.570","23.585","216"
"696","203108","20220620030000","529","2","澎湖縣","馬公市","119.580","23.585","764"
"205","203109","20220620030000","134","3","澎湖縣","馬公市","119.585","23.585","160"
"11","203624","20220620030000","10","1","澎湖縣","湖西鄉","119.670","23.595","18"
"20","203877","20220620030000","13","3","澎湖縣","湖西鄉","119.640","23.600","19"
"22","203940","20220620030000","34","0","澎湖縣","馬公市","119.570","23.560","20"
"846","203941","20220620030000","815","1","澎湖縣","馬公市","119.570","23.565","866"
"1531","203942","20220620030000","1762","0","澎湖縣","馬公市","119.570","23.570","1600"
"349","203945","20220620030000","322","1","澎湖縣","湖西鄉","119.615","23.570","370"
"24","203947","20220620030000","259","0","澎湖縣","湖西鄉","119.625","23.570","21"
"242","203951","20220620030000","198","2","澎湖縣","馬公市","119.600","23.555","195"
"15","203964","20220620030000","215","0","澎湖縣","湖西鄉","119.620","23.600","20"
"366","203989","20220620030000","218","3","澎湖縣","西嶼鄉","119.480","23.565","382"
"268","203992","20220620030000","194","2","澎湖縣","湖西鄉","119.615","23.595","280"
"119","203994","20220620030000","95","2","澎湖縣","湖西鄉","119.665","23.585","132"
"23","204001","20220620030000","15","3","澎湖縣","馬公市","119.590","23.550","21"
"1645","204013","20220620030000","1083","3","澎湖縣","馬公市","119.600","23.570","1567"
"134","204018","20220620030000","648","0","澎湖縣","馬公市","119.580","23.560","96"
"2200","204021","20220620030000","550","3","澎湖縣","馬公市","119.585","23.565","2152"
"1538","204022","20220620030000","528","3","澎湖縣","馬公市","119.590","23.565","1486"
"238","204025","20220620030000","84","3","澎湖縣","湖西鄉","119.630","23.565","255"
"149","204033","20220620030000","191","0","澎湖縣","湖西鄉","119.655","23.565","151"
"339","204042","20220620030000","278","2","澎湖縣","馬公市","119.545","23.540","352"
"262","204045","20220620030000","687","0","澎湖縣","湖西鄉","119.670","23.570","224"
"314","204049","20220620030000","309","1","澎湖縣","馬公市","119.575","23.570","300"
"943","204050","20220620030000","501","3","澎湖縣","馬公市","119.580","23.570","947"
"3031","204052","20220620030000","2671","1","澎湖縣","馬公市","119.575","23.575","3142"
"63","204053","20220620030000","569","0","澎湖縣","馬公市","119.580","23.575","66"
"972","204054","20220620030000","426","3","澎湖縣","馬公市","119.580","23.580","996"
"435","204067","20220620030000","272","3","澎湖縣","馬公市","119.615","23.555","398"
"117","204074","20220620030000","71","3","澎湖縣","湖西鄉","119.620","23.565","144"
"325","204075","20220620030000","289","1","澎湖縣","湖西鄉","119.650","23.570","320"
"589","204080","20220620030000","465","2","澎湖縣","湖西鄉","119.650","23.580","581"
"218","204087","20220620030000","174","2","澎湖縣","西嶼鄉","119.505","23.585","264"
"297","204092","20220620030000","339","0","澎湖縣","西嶼鄉","119.510","23.600","316"
"213","204107","20220620030000","184","1","澎湖縣","馬公市","119.560","23.560","234"
"443","204108","20220620030000","465","0","澎湖縣","馬公市","119.565","23.560","418"
"15","204109","20220620030000","22","0","澎湖縣","馬公市","119.595","23.550","12"
"27","204111","20220620030000","353","0","澎湖縣","馬公市","119.595","23.555","20"
"325","204113","20220620030000","242","2","澎湖縣","馬公市","119.605","23.535","306"
"48","204120","20220620030000","254","0","澎湖縣","馬公市","119.610","23.545","58"
"16","204123","20220620030000","11","2","澎湖縣","馬公市","119.615","23.550","14"
"359","204124","20220620030000","151","3","澎湖縣","馬公市","119.620","23.550","348"
"42","204136","20220620030000","195","0","澎湖縣","湖西鄉","119.640","23.580","46"
"429","204137","20220620030000","315","2","澎湖縣","湖西鄉","119.645","23.580","414"
"188","204161","20220620030000","127","2","澎湖縣","湖西鄉","119.640","23.555","181"
"13","204163","20220620030000","161","0","澎湖縣","湖西鄉","119.635","23.560","12"
"14","204174","20220620030000","353","0","澎湖縣","湖西鄉","119.615","23.590","19"
"74","204179","20220620030000","20","3","澎湖縣","湖西鄉","119.680","23.555","67"
"442","204185","20220620030000","332","2","澎湖縣","湖西鄉","119.670","23.565","438"
"1377","204189","20220620030000","506","3","澎湖縣","馬公市","119.575","23.565","1205"
"40","204191","20220620030000","782","0","澎湖縣","馬公市","119.585","23.555","42"
"802","204192","20220620030000","300","3","澎湖縣","馬公市","119.585","23.560","789"
"35","204194","20220620030000","365","0","澎湖縣","馬公市","119.595","23.560","29"
"1368","204195","20220620030000","1011","2","澎湖縣","馬公市","119.600","23.560","1354"
"59","204307","20220620030000","47","2","花蓮縣","瑞穗鄉","121.370","23.575","66"
"269","204313","20220620030000","210","2","花蓮縣","瑞穗鄉","121.375","23.575","267"
"176","204317","20220620030000","156","1","花蓮縣","瑞穗鄉","121.370","23.580","174"
"115","204319","20220620030000","84","2","花蓮縣","瑞穗鄉","121.380","23.580","131"
"35","204320","20220620030000","36","0","花蓮縣","萬榮鄉","121.355","23.585","37"
"131","204355","20220620030000","104","2","花蓮縣","瑞穗鄉","121.385","23.570","148"
"87","204381","20220620030000","62","2","花蓮縣","瑞穗鄉","121.385","23.580","93"
"39","204384","20220620030000","31","2","花蓮縣","瑞穗鄉","121.400","23.580","40"
"162","204421","20220620030000","121","2","花蓮縣","光復鄉","121.390","23.605","157"
"59","204446","20220620030000","23","3","花蓮縣","光復鄉","121.385","23.605","54"
"182","204758","20220620030000","146","2","花蓮縣","瑞穗鄉","121.375","23.540","175"
"36","205305","20220620030000","17","3","花蓮縣","豐濱鄉","121.525","23.575","32"
"29","205385","20220620030000","14","3","花蓮縣","豐濱鄉","121.520","23.595","27"
"91","205386","20220620030000","49","3","花蓮縣","豐濱鄉","121.525","23.595","92"
"197","205403","20220620030000","130","3","花蓮縣","豐濱鄉","121.520","23.600","200"
"50","205422","20220620030000","45","1","花蓮縣","豐濱鄉","121.530","23.605","66"
"34","205447","20220620030000","37","0","花蓮縣","光復鄉","121.420","23.605","32"
"336","205461","20220620030000","326","1","雲林縣","元長鄉","120.350","23.600","321"
"46","205475","20220620030000","58","0","嘉義縣","民雄鄉","120.400","23.555","42"
"477","205481","20220620030000","430","1","嘉義縣","民雄鄉","120.400","23.560","460"
"237","205482","20220620030000","150","3","嘉義縣","溪口鄉","120.405","23.560","232"
"671","205486","20220620030000","517","2","嘉義縣","民雄鄉","120.420","23.550","711"
"23","205488","20220620030000","33","0","嘉義縣","民雄鄉","120.425","23.555","19"
"465","205494","20220620030000","377","2","嘉義縣","民雄鄉","120.380","23.545","474"
"410","205501","20220620030000","301","2","嘉義縣","民雄鄉","120.445","23.560","396"
"416","205502","20220620030000","297","2","嘉義縣","民雄鄉","120.450","23.560","433"
"32","205523","20220620030000","44","0","嘉義縣","民雄鄉","120.450","23.570","41"
"589","205531","20220620030000","600","0","嘉義縣","民雄鄉","120.435","23.565","571"
"75","205537","20220620030000","150","0","嘉義縣","民雄鄉","120.435","23.535","79"
"186","205548","20220620030000","152","2","嘉義縣","六腳鄉","120.295","23.540","180"
"299","205557","20220620030000","276","1","嘉義縣","六腳鄉","120.300","23.550","310"
"82","205571","20220620030000","224","0","雲林縣","水林鄉","120.245","23.605","87"
"70","205579","20220620030000","30","3","雲林縣","水林鄉","120.220","23.595","60"
"12","205586","20220620030000","221","0","雲林縣","水林鄉","120.235","23.605","11"
"52","205593","20220620030000","388","0","嘉義縣","新港鄉","120.345","23.570","54"
"45","205600","20220620030000","362","0","嘉義縣","新港鄉","120.345","23.550","49"
"202","205605","20220620030000","131","3","嘉義縣","新港鄉","120.330","23.560","206"
"95","205606","20220620030000","68","2","嘉義縣","新港鄉","120.335","23.560","84"
"29","205615","20220620030000","149","0","嘉義縣","新港鄉","120.340","23.575","27"
"340","205623","20220620030000","264","2","雲林縣","元長鄉","120.335","23.610","353"
"155","205641","20220620030000","143","1","嘉義縣","新港鄉","120.350","23.590","160"
"37","205670","20220620030000","23","3","雲林縣","口湖鄉","120.170","23.605","35"
"288","206056","20220620030000","395","0","南投縣","信義鄉","120.925","23.560","295"
"482","206426","20220620030000","482","1","南投縣","信義鄉","120.895","23.595","546"
"38","206756","20220620030000","38","1","嘉義縣","溪口鄉","120.410","23.600","44"
"1093","206759","20220620030000","805","2","嘉義縣","溪口鄉","120.400","23.605","1054"
"699","206766","20220620030000","549","2","嘉義縣","民雄鄉","120.430","23.550","701"
"994","206767","20220620030000","905","1","嘉義縣","民雄鄉","120.430","23.555","1001"
"755","206768","20220620030000","670","1","嘉義縣","民雄鄉","120.435","23.555","790"
"299","206781","20220620030000","290","1","雲林縣","北港鎮","120.325","23.585","287"
"799","206786","20220620030000","815","0","雲林縣","北港鎮","120.295","23.575","655"
"240","206789","20220620030000","262","0","雲林縣","北港鎮","120.300","23.580","255"
"598","206790","20220620030000","616","0","雲林縣","北港鎮","120.305","23.580","605"
"62","206794","20220620030000","51","2","雲林縣","北港鎮","120.310","23.585","54"
"77","206797","20220620030000","658","0","雲林縣","北港鎮","120.310","23.590","70"
"348","206815","20220620030000","235","2","嘉義縣","大林鎮","120.465","23.600","342"
"347","206822","20220620030000","190","3","嘉義縣","大林鎮","120.470","23.605","349"
"57","206825","20220620030000","476","0","嘉義縣","大林鎮","120.485","23.605","52"
"254","206830","20220620030000","273","0","嘉義縣","民雄鄉","120.445","23.545","285"
"25","206834","20220620030000","21","1","嘉義縣","民雄鄉","120.440","23.550","25"
"194","206837","20220620030000","124","3","嘉義縣","民雄鄉","120.455","23.550","206"
"440","206858","20220620030000","307","2","嘉義縣","民雄鄉","120.480","23.535","474"
"96","206869","20220620030000","86","1","嘉義縣","民雄鄉","120.500","23.540","92"
"18","206879","20220620030000","26","0","嘉義縣","民雄鄉","120.415","23.560","22"
"38","206882","20220620030000","30","2","嘉義縣","民雄鄉","120.410","23.565","33"
"11","206903","20220620030000","97","0","雲林縣","水林鄉","120.235","23.580","13"
"341","206905","20220620030000","219","3","雲林縣","水林鄉","120.230","23.585","351"
"33","206932","20220620030000","28","1","雲林縣","水林鄉","120.255","23.600","34"
"127","206936","20220620030000","69","3","雲林縣","水林鄉","120.265","23.605","124"
"912","206940","20220620030000","969","0","雲林縣","北港鎮","120.300","23.565","951"
"379","206943","20220620030000","160","3","雲林縣","北港鎮","120.310","23.575","387"
"477","206964","20220620030000","265","3","嘉義縣","新港鄉","120.360","23.590","474"
"31","206982","20220620030000","416","0","嘉義縣","新港鄉","120.370","23.555","39"
"399","206991","20220620030000","491","0","嘉義縣","新港鄉","120.350","23.555","402"
"487","206992","20220620030000","408","1","嘉義縣","新港鄉","120.355","23.555","471"
"40","206994","20220620030000","792","0","嘉義縣","新港鄉","120.350","23.560","41"
"565","206997","20220620030000","482","1","嘉義縣","新港鄉","120.320","23.565","583"
"15","207025","20220620030000","141","0","嘉義縣","新港鄉","120.335","23.540","13"
"888","207038","20220620030000","330","3","嘉義縣","新港鄉","120.345","23.555","884"
"35","207039","20220620030000","29","2","嘉義縣","新港鄉","120.345","23.560","32"
"19","207040","20220620030000","85","0","嘉義縣","新港鄉","120.345","23.535","15"
"24","207051","20220620030000","283","0","嘉義縣","新港鄉","120.375","23.560","26"
"17","207166","20220620030000","32","0","南投縣","信義鄉","120.915","23.545","20"
"120","207170","20220620030000","105","1","南投縣","信義鄉","120.870","23.550","110"
"113","207172","20220620030000","87","2","南投縣","信義鄉","120.880","23.550","109"
"214","207208","20220620030000","203","1","南投縣","信義鄉","120.905","23.565","232"
"356","207242","20220620030000","266","2","南投縣","信義鄉","120.890","23.590","355"
"969","207256","20220620030000","1007","0","雲林縣","北港鎮","120.305","23.565","993"
"185","207266","20220620030000","146","2","嘉義縣","新港鄉","120.310","23.565","176"
"1930","207275","20220620030000","1432","2","雲林縣","北港鎮","120.290","23.575","1978"
"75","207299","20220620030000","60","2","嘉義縣","梅山鄉","120.600","23.560","63"
"96","207304","20220620030000","108","0","嘉義縣","梅山鄉","120.595","23.565","84"
"244","207305","20220620030000","203","2","嘉義縣","梅山鄉","120.605","23.565","229"
"135","207326","20220620030000","138","0","嘉義縣","梅山鄉","120.625","23.550","135"
"427","207338","20220620030000","375","1","嘉義縣","梅山鄉","120.580","23.545","409"
"1136","207352","20220620030000","898","2","嘉義縣","梅山鄉","120.555","23.585","1081"
"872","207353","20220620030000","838","1","嘉義縣","梅山鄉","120.560","23.585","881"
"444","207356","20220620030000","411","1","嘉義縣","梅山鄉","120.550","23.590","446"
"559","207360","20220620030000","391","2","嘉義縣","大林鎮","120.450","23.605","528"
"80","207361","20220620030000","63","2","嘉義縣","大林鎮","120.410","23.605","84"
"33","207367","20220620030000","366","0","嘉義縣","大林鎮","120.525","23.595","34"
"108","207373","20220620030000","343","0","嘉義縣","大林鎮","120.500","23.605","110"
"794","207387","20220620030000","603","2","雲林縣","北港鎮","120.275","23.600","740"
"247","207403","20220620030000","234","1","雲林縣","北港鎮","120.325","23.595","230"
"492","207414","20220620030000","465","1","雲林縣","北港鎮","120.280","23.560","474"
"194","207435","20220620030000","146","2","雲林縣","古坑鄉","120.540","23.595","212"
"111","207462","20220620030000","120","0","雲林縣","古坑鄉","120.595","23.600","116"
"120","207463","20220620030000","124","0","雲林縣","古坑鄉","120.600","23.600","128"
"132","207465","20220620030000","81","3","雲林縣","古坑鄉","120.610","23.600","129"
"31","207467","20220620030000","18","3","雲林縣","古坑鄉","120.620","23.600","29"
"55","207494","20220620030000","42","2","雲林縣","古坑鄉","120.640","23.605","55"
"17","207498","20220620030000","94","0","雲林縣","古坑鄉","120.570","23.605","14"
"248","207505","20220620030000","236","1","嘉義縣","大林鎮","120.470","23.580","240"
"254","207507","20220620030000","356","0","嘉義縣","大林鎮","120.465","23.585","255"
"62","207511","20220620030000","48","2","嘉義縣","大林鎮","120.505","23.560","66"
"132","207522","20220620030000","187","0","嘉義縣","大林鎮","120.490","23.570","151"
"231","207523","20220620030000","282","0","嘉義縣","大林鎮","120.495","23.570","254"
"41","207556","20220620030000","398","0","嘉義縣","大林鎮","120.500","23.580","37"
"221","207564","20220620030000","176","2","嘉義縣","大林鎮","120.495","23.585","220"
"16","207576","20220620030000","247","0","嘉義縣","大林鎮","120.475","23.590","14"
"244","207578","20220620030000","284","0","嘉義縣","大林鎮","120.465","23.595","231"
"45","207592","20220620030000","495","0","嘉義縣","大林鎮","120.505","23.595","43"
"50","207596","20220620030000","33","3","嘉義縣","大林鎮","120.505","23.600","49"
"115","207602","20220620030000","154","0","嘉義縣","大林鎮","120.455","23.595","131"
"407","207604","20220620030000","760","0","嘉義縣","大林鎮","120.455","23.600","407"
"1150","207605","20220620030000","1302","0","嘉義縣","大林鎮","120.460","23.600","1157"
"132","207606","20220620030000","119","1","嘉義縣","大林鎮","120.460","23.605","143"
"287","207613","20220620030000","277","1","嘉義縣","大林鎮","120.445","23.610","276"
"18","207617","20220620030000","319","0","嘉義縣","大林鎮","120.445","23.595","19"
"1186","207626","20220620030000","930","2","嘉義縣","大林鎮","120.455","23.605","1235"
"208","207628","20220620030000","1487","0","雲林縣","水林鄉","120.240","23.570","200"
"537","207634","20220620030000","471","1","雲林縣","水林鄉","120.250","23.575","540"
"16","207650","20220620030000","13","2","雲林縣","水林鄉","120.265","23.535","14"
"185","207670","20220620030000","159","1","嘉義縣","溪口鄉","120.395","23.600","181"
"79","207674","20220620030000","67","1","嘉義縣","梅山鄉","120.575","23.560","80"
"205","207675","20220620030000","213","0","嘉義縣","梅山鄉","120.580","23.560","208"
"764","207684","20220620030000","755","1","嘉義縣","梅山鄉","120.565","23.575","785"
"31","207691","20220620030000","43","0","嘉義縣","梅山鄉","120.580","23.580","36"
"79","207701","20220620030000","28","3","嘉義縣","梅山鄉","120.600","23.565","73"
"30","207703","20220620030000","82","0","嘉義縣","梅山鄉","120.580","23.570","28"
"360","207707","20220620030000","131","3","嘉義縣","梅山鄉","120.595","23.570","381"
"65","207721","20220620030000","66","0","嘉義縣","梅山鄉","120.600","23.575","79"
"629","207727","20220620030000","452","2","嘉義縣","梅山鄉","120.555","23.545","541"
"88","207736","20220620030000","72","2","嘉義縣","梅山鄉","120.545","23.555","92"
"82","207753","20220620030000","33","3","嘉義縣","梅山鄉","120.715","23.535","82"
"30","207756","20220620030000","37","0","嘉義縣","梅山鄉","120.730","23.535","44"
"236","207761","20220620030000","153","3","嘉義縣","梅山鄉","120.710","23.540","216"
"138","207793","20220620030000","87","3","嘉義縣","梅山鄉","120.740","23.555","135"
"142","207860","20220620030000","159","0","雲林縣","古坑鄉","120.695","23.580","157"
"100","207910","20220620030000","66","3","雲林縣","古坑鄉","120.690","23.595","100"
"52","207945","20220620030000","34","3","雲林縣","古坑鄉","120.710","23.605","51"
"15","207960","20220620030000","18","0","雲林縣","古坑鄉","120.565","23.595","19"
"19","207964","20220620030000","16","1","雲林縣","古坑鄉","120.585","23.595","23"
"209","207970","20220620030000","99","3","雲林縣","古坑鄉","120.590","23.585","207"
"20","207972","20220620030000","13","3","雲林縣","古坑鄉","120.600","23.585","20"
"146","207983","20220620030000","115","2","雲林縣","古坑鄉","120.595","23.595","159"
"76","207985","20220620030000","46","3","雲林縣","古坑鄉","120.585","23.600","87"
"406","207988","20220620030000","342","1","雲林縣","口湖鄉","120.165","23.535","410"
"498","208006","20220620030000","678","0","雲林縣","口湖鄉","120.185","23.585","471"
"67","208021","20220620030000","57","1","嘉義縣","梅山鄉","120.625","23.570","95"
"263","208025","20220620030000","108","3","嘉義縣","梅山鄉","120.625","23.575","268"
"212","208030","20220620030000","234","0","嘉義縣","新港鄉","120.310","23.570","230"
"345","208049","20220620030000","291","1","雲林縣","口湖鄉","120.160","23.560","327"
"15","208080","20220620030000","190","0","雲林縣","口湖鄉","120.150","23.580","264"
"25","208091","20220620030000","13","3","雲林縣","口湖鄉","120.140","23.585","21"
"320","208131","20220620030000","251","2","嘉義縣","民雄鄉","120.410","23.570","325"
"581","208146","20220620030000","476","2","雲林縣","大埤鄉","120.370","23.610","597"
"668","208152","20220620030000","522","2","嘉義縣","梅山鄉","120.560","23.580","681"
"189","208158","20220620030000","162","1","嘉義縣","梅山鄉","120.560","23.565","190"
"280","208165","20220620030000","233","2","嘉義縣","梅山鄉","120.555","23.575","276"
"124","208171","20220620030000","154","0","嘉義縣","梅山鄉","120.680","23.535","116"
"193","208176","20220620030000","163","1","嘉義縣","梅山鄉","120.665","23.540","216"
"123","208180","20220620030000","64","3","嘉義縣","梅山鄉","120.685","23.540","121"
"291","208200","20220620030000","218","2","嘉義縣","梅山鄉","120.665","23.550","266"
"34","208203","20220620030000","30","1","嘉義縣","梅山鄉","120.680","23.550","40"
"147","208265","20220620030000","82","3","嘉義縣","梅山鄉","120.530","23.580","142"
"10","208273","20220620030000","93","0","嘉義縣","梅山鄉","120.535","23.590","10"
"244","208301","20220620030000","196","2","嘉義縣","梅山鄉","120.525","23.550","219"
"183","208303","20220620030000","154","1","嘉義縣","梅山鄉","120.535","23.550","181"
"475","208323","20220620030000","392","2","嘉義縣","民雄鄉","120.465","23.555","497"
"1783","208324","20220620030000","1569","1","嘉義縣","民雄鄉","120.470","23.555","2004"
"105","208325","20220620030000","113","0","嘉義縣","民雄鄉","120.475","23.555","116"
"18","208326","20220620030000","19","0","嘉義縣","民雄鄉","120.480","23.555","16"
"640","208328","20220620030000","523","2","嘉義縣","民雄鄉","120.470","23.560","743"
"451","208329","20220620030000","413","1","嘉義縣","民雄鄉","120.475","23.560","458"
"63","208332","20220620030000","76","0","嘉義縣","民雄鄉","120.475","23.565","76"
"126","208340","20220620030000","92","2","嘉義縣","民雄鄉","120.410","23.545","119"
"523","208347","20220620030000","374","2","嘉義縣","民雄鄉","120.400","23.535","548"
"49","208352","20220620030000","443","0","嘉義縣","民雄鄉","120.460","23.535","44"
"421","208357","20220620030000","329","2","嘉義縣","民雄鄉","120.460","23.545","419"
"1195","208359","20220620030000","1170","1","嘉義縣","民雄鄉","120.425","23.560","1182"
"24","208363","20220620030000","182","0","嘉義縣","民雄鄉","120.425","23.570","34"
"94","208371","20220620030000","139","0","嘉義縣","民雄鄉","120.430","23.575","76"
"323","208380","20220620030000","142","3","嘉義縣","民雄鄉","120.390","23.545","307"
"474","208390","20220620030000","289","3","嘉義縣","民雄鄉","120.420","23.540","505"
"117","208392","20220620030000","99","1","嘉義縣","民雄鄉","120.430","23.540","114"
"200","208407","20220620030000","171","1","雲林縣","口湖鄉","120.175","23.570","207"
"369","208415","20220620030000","322","1","雲林縣","口湖鄉","120.190","23.575","350"
"11","208418","20220620030000","11","1","雲林縣","口湖鄉","120.200","23.580","13"
"443","208452","20220620030000","396","1","嘉義縣","溪口鄉","120.430","23.585","440"
"543","208468","20220620030000","512","1","嘉義縣","溪口鄉","120.385","23.595","571"
"281","208486","20220620030000","167","3","嘉義縣","溪口鄉","120.390","23.605","284"
"422","208497","20220620030000","462","0","嘉義縣","六腳鄉","120.300","23.560","453"
"558","208503","20220620030000","555","1","嘉義縣","六腳鄉","120.290","23.535","572"
"589","208508","20220620030000","409","2","雲林縣","口湖鄉","120.180","23.585","599"
"283","208528","20220620030000","196","2","雲林縣","口湖鄉","120.140","23.550","275"
"463","208546","20220620030000","306","3","雲林縣","口湖鄉","120.150","23.565","369"
"207","208554","20220620030000","189","1","雲林縣","水林鄉","120.270","23.565","196"
"1078","208568","20220620030000","801","2","雲林縣","口湖鄉","120.190","23.545","1139"
"335","208573","20220620030000","322","1","雲林縣","北港鎮","120.285","23.610","337"
"1174","208589","20220620030000","1290","0","雲林縣","北港鎮","120.300","23.570","1185"
"708","208590","20220620030000","786","0","雲林縣","北港鎮","120.300","23.575","747"
"49","208617","20220620030000","473","0","雲林縣","水林鄉","120.220","23.560","40"
"369","208629","20220620030000","252","2","雲林縣","水林鄉","120.205","23.575","362"
"10","208633","20220620030000","12","0","雲林縣","水林鄉","120.225","23.535","15"
"421","208638","20220620030000","283","2","雲林縣","水林鄉","120.230","23.540","406"
"103","208647","20220620030000","329","0","雲林縣","水林鄉","120.250","23.550","108"
"75","208793","20220620030000","80","0","嘉義縣","阿里山鄉","120.750","23.570","74"
"70","208821","20220620030000","39","3","嘉義縣","阿里山鄉","120.750","23.580","75"
"36","208866","20220620030000","28","2","嘉義縣","阿里山鄉","120.750","23.590","34"
"98","209129","20220620030000","115","0","澎湖縣","湖西鄉","119.625","23.605","103"
"155","209899","20220620030000","94","3","澎湖縣","白沙鄉","119.570","23.615","156"
"28","209905","20220620030000","227","0","澎湖縣","白沙鄉","119.605","23.615","28"
"66","210790","20220620030000","34","3","花蓮縣","豐濱鄉","121.535","23.635","59"
"112","210927","20220620030000","114","0","澎湖縣","西嶼鄉","119.530","23.635","99"
"232","210940","20220620030000","209","1","澎湖縣","白沙鄉","119.600","23.635","223"
"26","211725","20220620030000","11","3","澎湖縣","白沙鄉","119.630","23.650","12"
"369","212241","20220620030000","204","3","澎湖縣","白沙鄉","119.655","23.660","375"
"753","212745","20220620030000","438","3","澎湖縣","白沙鄉","119.595","23.665","746"
"29","213442","20220620030000","13","3","澎湖縣","白沙鄉","119.555","23.660","17"
"24","213444","20220620030000","159","0","澎湖縣","白沙鄉","119.590","23.655","26"
"21","213447","20220620030000","24","0","澎湖縣","白沙鄉","119.600","23.650","31"
"246","213454","20220620030000","115","3","澎湖縣","白沙鄉","119.560","23.660","235"
"178","213465","20220620030000","123","2","澎湖縣","白沙鄉","119.595","23.650","166"
"142","213491","20220620030000","133","1","澎湖縣","西嶼鄉","119.510","23.615","153"
"182","213509","20220620030000","193","0","澎湖縣","西嶼鄉","119.515","23.630","187"
"102","213516","20220620030000","97","1","澎湖縣","西嶼鄉","119.515","23.650","100"
"399","213554","20220620030000","377","1","花蓮縣","光復鄉","121.430","23.675","401"
"86","213627","20220620030000","84","1","花蓮縣","光復鄉","121.420","23.660","87"
"324","213652","20220620030000","274","1","花蓮縣","光復鄉","121.420","23.670","323"
"93","213675","20220620030000","61","3","花蓮縣","光復鄉","121.415","23.680","92"
"74","213820","20220620030000","44","3","花蓮縣","光復鄉","121.430","23.635","80"
"71","214398","20220620030000","36","3","花蓮縣","豐濱鄉","121.540","23.655","38"
"25","214415","20220620030000","10","3","花蓮縣","豐濱鄉","121.545","23.670","26"
"71","214424","20220620030000","28","3","花蓮縣","豐濱鄉","121.530","23.680","56"
"35","214495","20220620030000","27","2","花蓮縣","豐濱鄉","121.485","23.640","42"
"44","214521","20220620030000","15","3","雲林縣","四湖鄉","120.185","23.660","37"
"226","214544","20220620030000","205","1","雲林縣","四湖鄉","120.275","23.650","237"
"338","214550","20220620030000","244","2","雲林縣","元長鄉","120.275","23.660","309"
"232","214565","20220620030000","196","1","雲林縣","四湖鄉","120.200","23.640","240"
"137","214566","20220620030000","115","1","雲林縣","四湖鄉","120.205","23.640","141"
"460","214578","20220620030000","352","2","雲林縣","四湖鄉","120.220","23.615","467"
"30","214580","20220620030000","166","0","雲林縣","四湖鄉","120.170","23.640","29"
"288","214640","20220620030000","118","3","花蓮縣","光復鄉","121.450","23.655","273"
"142","214665","20220620030000","143","0","花蓮縣","光復鄉","121.405","23.625","143"
"139","214678","20220620030000","85","3","花蓮縣","光復鄉","121.415","23.645","139"
"29","214691","20220620030000","30","0","花蓮縣","光復鄉","121.415","23.655","31"
"287","214701","20220620030000","189","3","花蓮縣","光復鄉","121.430","23.665","269"
"414","214703","20220620030000","385","1","花蓮縣","光復鄉","121.425","23.670","415"
"646","214705","20220620030000","467","2","花蓮縣","光復鄉","121.420","23.665","634"
"115","214706","20220620030000","73","3","花蓮縣","光復鄉","121.425","23.665","117"
"483","214707","20220620030000","387","2","花蓮縣","光復鄉","121.450","23.660","481"
"213","214728","20220620030000","165","2","雲林縣","元長鄉","120.315","23.675","204"
"11","214731","20220620030000","115","0","雲林縣","元長鄉","120.310","23.680","304"
"37","214762","20220620030000","30","2","雲林縣","元長鄉","120.285","23.640","31"
"328","214797","20220620030000","451","0","雲林縣","元長鄉","120.375","23.645","341"
"177","214824","20220620030000","129","2","雲林縣","東勢鄉","120.260","23.665","179"
"28","214826","20220620030000","265","0","雲林縣","東勢鄉","120.250","23.670","22"
"12","214842","20220620030000","237","0","雲林縣","四湖鄉","120.150","23.625","15"
"32","214846","20220620030000","104","0","雲林縣","口湖鄉","120.155","23.630","37"
"421","214854","20220620030000","330","2","雲林縣","斗南鎮","120.440","23.685","424"
"700","214857","20220620030000","515","2","雲林縣","斗南鎮","120.485","23.685","701"
"168","214861","20220620030000","67","3","雲林縣","斗南鎮","120.490","23.640","158"
"292","214868","20220620030000","323","0","雲林縣","斗南鎮","120.430","23.670","306"
"288","214876","20220620030000","158","3","雲林縣","斗南鎮","120.445","23.675","282"
"1350","214886","20220620030000","1354","0","雲林縣","斗南鎮","120.475","23.665","1366"
"25","214887","20220620030000","196","0","雲林縣","大埤鄉","120.455","23.670","23"
"418","214890","20220620030000","359","1","雲林縣","斗南鎮","120.470","23.670","425"
"1790","214891","20220620030000","1647","1","雲林縣","斗南鎮","120.475","23.670","1728"
"653","214896","20220620030000","603","1","雲林縣","斗南鎮","120.470","23.675","709"
"104","214922","20220620030000","89","1","南投縣","鹿谷鄉","120.790","23.670","48"
"47","214931","20220620030000","35","2","南投縣","鹿谷鄉","120.790","23.675","22"
"206","214932","20220620030000","147","2","南投縣","鹿谷鄉","120.800","23.670","216"
"201","214936","20220620030000","143","2","南投縣","鹿谷鄉","120.795","23.675","143"
"90","214937","20220620030000","52","3","南投縣","鹿谷鄉","120.800","23.675","66"
"272","214940","20220620030000","183","2","南投縣","鹿谷鄉","120.795","23.680","189"
"272","214967","20220620030000","463","0","雲林縣","斗南鎮","120.485","23.640","278"
"489","214975","20220620030000","420","1","雲林縣","斗南鎮","120.480","23.665","486"
"440","214978","20220620030000","144","3","雲林縣","斗南鎮","120.485","23.670","403"
"84","215001","20220620030000","358","0","雲林縣","土庫鎮","120.390","23.665","77"
"576","215006","20220620030000","512","1","雲林縣","土庫鎮","120.380","23.675","539"
"1080","215009","20220620030000","975","1","雲林縣","土庫鎮","120.390","23.680","1094"
"27","215011","20220620030000","89","0","雲林縣","土庫鎮","120.385","23.685","31"
"290","215012","20220620030000","328","0","雲林縣","土庫鎮","120.390","23.685","289"
"154","215013","20220620030000","142","1","雲林縣","土庫鎮","120.365","23.660","155"
"253","215017","20220620030000","238","1","雲林縣","土庫鎮","120.370","23.665","231"
"165","215022","20220620030000","168","0","雲林縣","土庫鎮","120.375","23.670","172"
"281","215044","20220620030000","226","2","雲林縣","元長鄉","120.335","23.615","272"
"302","215049","20220620030000","370","0","雲林縣","元長鄉","120.335","23.620","344"
"40","215072","20220620030000","42","0","雲林縣","元長鄉","120.350","23.615","39"
"276","215075","20220620030000","281","0","雲林縣","元長鄉","120.340","23.635","263"
"54","215100","20220620030000","275","0","雲林縣","元長鄉","120.330","23.660","60"
"713","215115","20220620030000","285","3","雲林縣","口湖鄉","120.165","23.615","591"
"265","215539","20220620030000","204","2","南投縣","信義鄉","120.865","23.625","278"
"72","215550","20220620030000","33","3","南投縣","信義鄉","120.895","23.630","77"
"55","215558","20220620030000","84","0","南投縣","信義鄉","120.880","23.635","71"
"181","215647","20220620030000","135","2","南投縣","信義鄉","120.860","23.665","163"
"63","215656","20220620030000","33","3","南投縣","信義鄉","120.855","23.670","62"
"381","216356","20220620030000","263","2","雲林縣","北港鎮","120.295","23.615","385"
"41","216361","20220620030000","42","0","雲林縣","斗南鎮","120.485","23.675","43"
"47","216367","20220620030000","38","2","雲林縣","斗南鎮","120.500","23.680","48"
"35","216370","20220620030000","338","0","雲林縣","斗南鎮","120.480","23.650","33"
"120","216372","20220620030000","116","1","雲林縣","斗南鎮","120.490","23.650","120"
"470","216377","20220620030000","383","2","雲林縣","斗南鎮","120.475","23.660","449"
"18","216386","20220620030000","14","2","雲林縣","元長鄉","120.335","23.630","23"
"221","216394","20220620030000","180","2","雲林縣","元長鄉","120.355","23.620","214"
"781","216409","20220620030000","735","1","雲林縣","元長鄉","120.360","23.640","781"
"54","216416","20220620030000","55","0","雲林縣","水林鄉","120.250","23.615","49"
"736","216421","20220620030000","342","3","雲林縣","斗南鎮","120.480","23.675","772"
"84","216424","20220620030000","41","3","雲林縣","斗南鎮","120.480","23.670","83"
"18","216438","20220620030000","21","0","雲林縣","斗六市","120.525","23.670","19"
"211","216439","20220620030000","134","3","雲林縣","斗六市","120.530","23.670","220"
"19","216451","20220620030000","23","0","雲林縣","斗六市","120.625","23.685","27"
"48","216459","20220620030000","239","0","雲林縣","土庫鎮","120.345","23.665","58"
"91","216478","20220620030000","67","2","雲林縣","水林鄉","120.260","23.620","114"
"162","216482","20220620030000","173","0","雲林縣","水林鄉","120.265","23.625","159"
"854","216488","20220620030000","454","3","雲林縣","斗南鎮","120.470","23.680","820"
"583","216489","20220620030000","446","2","雲林縣","斗南鎮","120.475","23.680","544"
"1108","216490","20220620030000","820","2","雲林縣","斗南鎮","120.480","23.680","1076"
"56","216498","20220620030000","174","0","雲林縣","斗南鎮","120.515","23.645","49"
"360","216500","20220620030000","198","3","雲林縣","斗南鎮","120.505","23.650","359"
"442","216517","20220620030000","334","2","雲林縣","古坑鄉","120.540","23.660","456"
"313","216519","20220620030000","241","2","雲林縣","斗六市","120.525","23.665","334"
"95","216526","20220620030000","218","0","雲林縣","斗南鎮","120.465","23.685","98"
"291","216543","20220620030000","208","2","雲林縣","斗南鎮","120.505","23.665","282"
"13","216544","20220620030000","130","0","雲林縣","斗南鎮","120.495","23.670","17"
"142","216579","20220620030000","96","2","雲林縣","土庫鎮","120.345","23.660","141"
"96","216583","20220620030000","1210","0","雲林縣","土庫鎮","120.390","23.675","108"
"424","216589","20220620030000","374","1","雲林縣","土庫鎮","120.355","23.685","421"
"99","216593","20220620030000","94","1","雲林縣","北港鎮","120.270","23.615","96"
"46","216595","20220620030000","244","0","雲林縣","大埤鄉","120.465","23.635","56"
"18","216597","20220620030000","139","0","雲林縣","大埤鄉","120.465","23.640","13"
"30","216607","20220620030000","251","0","雲林縣","大埤鄉","120.450","23.650","34"
"58","216617","20220620030000","75","0","南投縣","信義鄉","120.810","23.665","47"
"211","216682","20220620030000","80","3","南投縣","信義鄉","120.865","23.640","199"
"27","216694","20220620030000","21","2","南投縣","信義鄉","120.875","23.660","28"
"71","216737","20220620030000","841","0","雲林縣","古坑鄉","120.565","23.640","67"
"10","216744","20220620030000","137","0","雲林縣","古坑鄉","120.575","23.645","18"
"35","216754","20220620030000","129","0","雲林縣","古坑鄉","120.550","23.610","28"
"20","216766","20220620030000","162","0","雲林縣","古坑鄉","120.540","23.620","17"
"37","216791","20220620030000","32","1","雲林縣","古坑鄉","120.605","23.670","39"
"28","216792","20220620030000","26","1","雲林縣","古坑鄉","120.595","23.670","28"
"21","216800","20220620030000","114","0","雲林縣","古坑鄉","120.590","23.685","24"
"334","216807","20220620030000","315","1","雲林縣","古坑鄉","120.565","23.645","343"
"31","216821","20220620030000","26","1","雲林縣","古坑鄉","120.605","23.655","27"
"251","216832","20220620030000","282","0","雲林縣","古坑鄉","120.575","23.675","247"
"83","216841","20220620030000","545","0","雲林縣","古坑鄉","120.570","23.685","88"
"255","216889","20220620030000","211","2","雲林縣","古坑鄉","120.600","23.685","276"
"15","216891","20220620030000","307","0","雲林縣","古坑鄉","120.610","23.685","19"
"300","216901","20220620030000","205","2","雲林縣","古坑鄉","120.635","23.615","311"
"50","216906","20220620030000","57","0","雲林縣","古坑鄉","120.640","23.620","50"
"32","216928","20220620030000","379","0","雲林縣","古坑鄉","120.560","23.670","37"
"31","216932","20220620030000","24","2","雲林縣","古坑鄉","120.570","23.610","36"
"58","216938","20220620030000","48","2","雲林縣","古坑鄉","120.575","23.615","47"
"160","216939","20220620030000","175","0","雲林縣","古坑鄉","120.580","23.615","131"
"83","216944","20220620030000","482","0","雲林縣","古坑鄉","120.560","23.620","82"
"38","216948","20220620030000","26","2","雲林縣","古坑鄉","120.580","23.620","36"
"316","216990","20220620030000","370","0","嘉義縣","大林鎮","120.470","23.620","324"
"11","217013","20220620030000","114","0","嘉義縣","大林鎮","120.500","23.625","10"
"34","217022","20220620030000","20","3","嘉義縣","大林鎮","120.490","23.615","31"
"12","217030","20220620030000","206","0","嘉義縣","大林鎮","120.420","23.615","208"
"492","217035","20220620030000","333","2","嘉義縣","大林鎮","120.435","23.620","471"
"19","217047","20220620030000","64","0","嘉義縣","大林鎮","120.460","23.620","19"
"60","217057","20220620030000","369","0","雲林縣","大埤鄉","120.395","23.625","64"
"39","217065","20220620030000","278","0","雲林縣","大埤鄉","120.380","23.620","42"
"33","217073","20220620030000","175","0","雲林縣","大埤鄉","120.425","23.665","35"
"31","217076","20220620030000","31","1","雲林縣","大埤鄉","120.415","23.665","30"
"40","217087","20220620030000","224","0","雲林縣","大埤鄉","120.470","23.655","38"
"74","217105","20220620030000","482","0","雲林縣","古坑鄉","120.555","23.625","78"
"100","217110","20220620030000","197","0","雲林縣","古坑鄉","120.555","23.630","93"
"14","217112","20220620030000","110","0","雲林縣","古坑鄉","120.550","23.640","19"
"27","217135","20220620030000","10","3","雲林縣","土庫鎮","120.395","23.680","31"
"39","217149","20220620030000","26","3","雲林縣","古坑鄉","120.710","23.610","12"
"32","217196","20220620030000","21","3","雲林縣","古坑鄉","120.590","23.650","30"
"65","217207","20220620030000","65","1","雲林縣","古坑鄉","120.590","23.660","66"
"36","217209","20220620030000","201","0","雲林縣","古坑鄉","120.575","23.665","30"
"787","217221","20220620030000","410","3","雲林縣","古坑鄉","120.560","23.650","798"
"85","217222","20220620030000","112","0","雲林縣","古坑鄉","120.560","23.655","86"
"24","217230","20220620030000","86","0","雲林縣","古坑鄉","120.515","23.625","18"
"86","217236","20220620030000","109","0","雲林縣","古坑鄉","120.525","23.630","86"
"22","217239","20220620030000","25","0","雲林縣","古坑鄉","120.520","23.635","24"
"46","217259","20220620030000","50","0","雲林縣","大埤鄉","120.420","23.625","37"
"38","217266","20220620030000","409","0","雲林縣","大埤鄉","120.420","23.635","29"
"508","217403","20220620030000","371","2","嘉義縣","溪口鄉","120.410","23.615","521"
"166","217423","20220620030000","102","3","雲林縣","大埤鄉","120.410","23.640","157"
"114","217432","20220620030000","751","0","雲林縣","大埤鄉","120.430","23.645","98"
"24","217442","20220620030000","156","0","雲林縣","大埤鄉","120.415","23.660","31"
"244","217449","20220620030000","87","3","雲林縣","東勢鄉","120.300","23.680","251"
"49","217458","20220620030000","307","0","雲林縣","東勢鄉","120.265","23.675","54"
"82","217463","20220620030000","366","0","雲林縣","東勢鄉","120.255","23.685","102"
"61","217467","20220620030000","663","0","雲林縣","東勢鄉","120.255","23.675","64"
"120","217468","20220620030000","69","3","雲林縣","東勢鄉","120.250","23.680","145"
"60","217492","20220620030000","196","0","雲林縣","四湖鄉","120.155","23.650","58"
"38","217497","20220620030000","141","0","雲林縣","四湖鄉","120.155","23.655","31"
"74","217526","20220620030000","73","1","雲林縣","元長鄉","120.320","23.615","76"
"97","217546","20220620030000","62","3","雲林縣","四湖鄉","120.190","23.620","103"
"11","217550","20220620030000","97","0","雲林縣","四湖鄉","120.185","23.625","11"
"21","217553","20220620030000","10","3","雲林縣","四湖鄉","120.200","23.625","26"
"604","217561","20220620030000","628","0","雲林縣","四湖鄉","120.230","23.635","593"
"318","217585","20220620030000","329","0","雲林縣","斗六市","120.525","23.675","293"
"259","217589","20220620030000","196","2","雲林縣","斗六市","120.520","23.680","277"
"77","217593","20220620030000","527","0","雲林縣","斗六市","120.510","23.685","77"
"46","217594","20220620030000","243","0","雲林縣","斗六市","120.515","23.685","47"
"228","217597","20220620030000","126","3","雲林縣","斗南鎮","120.470","23.630","203"
"35","217604","20220620030000","14","3","雲林縣","斗南鎮","120.480","23.640","33"
"99","217605","20220620030000","21","3","雲林縣","四湖鄉","120.140","23.620","91"
"92","217610","20220620030000","75","2","雲林縣","四湖鄉","120.150","23.630","117"
"831","217637","20220620030000","712","1","雲林縣","口湖鄉","120.160","23.610","799"
"462","217646","20220620030000","435","1","雲林縣","元長鄉","120.305","23.625","462"
"255","217654","20220620030000","159","3","雲林縣","元長鄉","120.325","23.655","244"
"269","217663","20220620030000","178","3","雲林縣","元長鄉","120.315","23.640","247"
"292","217673","20220620030000","1636","0","雲林縣","元長鄉","120.315","23.650","289"
"64","217674","20220620030000","78","0","雲林縣","元長鄉","120.300","23.655","50"
"127","217701","20220620030000","120","1","雲林縣","斗六市","120.560","23.675","118"
"13","217703","20220620030000","36","0","雲林縣","斗六市","120.555","23.680","14"
"349","217705","20220620030000","286","2","雲林縣","古坑鄉","120.565","23.680","350"
"14","217707","20220620030000","284","0","雲林縣","斗六市","120.550","23.685","13"
"119","217708","20220620030000","117","1","雲林縣","斗六市","120.555","23.685","134"
"119","217711","20220620030000","718","0","雲林縣","斗六市","120.540","23.675","117"
"27","217712","20220620030000","130","0","雲林縣","斗六市","120.545","23.675","27"
"1043","217716","20220620030000","660","3","雲林縣","斗六市","120.545","23.680","1000"
"477","217718","20220620030000","499","0","雲林縣","斗六市","120.540","23.685","475"
"31","217728","20220620030000","353","0","雲林縣","大埤鄉","120.450","23.665","35"
"271","217747","20220620030000","203","2","雲林縣","四湖鄉","120.220","23.635","277"
"538","217753","20220620030000","426","2","雲林縣","四湖鄉","120.225","23.645","545"
"61","217774","20220620030000","416","0","雲林縣","四湖鄉","120.175","23.680","64"
"217","217781","20220620030000","159","2","雲林縣","口湖鄉","120.200","23.615","216"
"166","217799","20220620030000","151","1","雲林縣","四湖鄉","120.215","23.635","174"
"550","217801","20220620030000","484","1","雲林縣","四湖鄉","120.225","23.635","558"
"231","217802","20220620030000","208","1","雲林縣","四湖鄉","120.225","23.640","220"
"62","217817","20220620030000","132","0","雲林縣","虎尾鎮","120.405","23.680","64"
"20","217819","20220620030000","77","0","雲林縣","虎尾鎮","120.415","23.680","14"
"398","217821","20220620030000","338","1","雲林縣","虎尾鎮","120.410","23.685","403"
"91","217830","20220620030000","68","2","南投縣","竹山鎮","120.660","23.670","93"
"98","217842","20220620030000","567","0","雲林縣","大埤鄉","120.450","23.630","89"
"27","217845","20220620030000","217","0","雲林縣","大埤鄉","120.465","23.630","29"
"87","217856","20220620030000","62","2","雲林縣","大埤鄉","120.405","23.635","74"
"27","217877","20220620030000","171","0","雲林縣","大埤鄉","120.395","23.650","27"
"279","217883","20220620030000","184","3","雲林縣","大埤鄉","120.400","23.655","287"
"31","217899","20220620030000","144","0","南投縣","竹山鎮","120.670","23.670","34"
"160","218047","20220620030000","162","0","南投縣","竹山鎮","120.795","23.630","124"
"25","218070","20220620030000","18","2","南投縣","竹山鎮","120.795","23.635","29"
"168","218092","20220620030000","147","1","南投縣","竹山鎮","120.790","23.640","113"
"68","218153","20220620030000","125","0","南投縣","竹山鎮","120.765","23.655","49"
"24","218168","20220620030000","31","0","南投縣","竹山鎮","120.745","23.660","34"
"226","218218","20220620030000","362","0","南投縣","竹山鎮","120.760","23.675","204"
"95","218283","20220620030000","105","0","南投縣","竹山鎮","120.655","23.645","108"
"123","218348","20220620030000","90","2","南投縣","竹山鎮","120.665","23.650","107"
"148","218364","20220620030000","88","3","南投縣","竹山鎮","120.665","23.660","135"
"450","218380","20220620030000","290","3","雲林縣","台西鄉","120.210","23.675","480"
"12","218386","20220620030000","170","0","雲林縣","台西鄉","120.225","23.680","12"
"43","218399","20220620030000","323","0","雲林縣","台西鄉","120.180","23.680","35"
"46","218413","20220620030000","168","0","雲林縣","台西鄉","120.210","23.665","44"
"51","219194","20220620030000","25","3","花蓮縣","豐濱鄉","121.555","23.695","36"
"375","222539","20220620030000","331","1","澎湖縣","白沙鄉","119.610","23.750","370"
"87","223443","20220620030000","35","3","澎湖縣","白沙鄉","119.610","23.745","72"
"665","223474","20220620030000","319","3","花蓮縣","鳳林鎮","121.445","23.745","630"
"92","223481","20220620030000","38","3","花蓮縣","鳳林鎮","121.445","23.750","98"
"107","223503","20220620030000","109","0","花蓮縣","光復鄉","121.410","23.685","116"
"320","223610","20220620030000","347","0","雲林縣","二崙鄉","120.420","23.755","341"
"14","223616","20220620030000","51","0","雲林縣","二崙鄉","120.425","23.755","21"
"115","223971","20220620030000","54","3","花蓮縣","鳳林鎮","121.455","23.745","126"
"222","223986","20220620030000","180","2","花蓮縣","鳳林鎮","121.465","23.755","261"
"188","224005","20220620030000","102","3","花蓮縣","鳳林鎮","121.505","23.710","194"
"72","224077","20220620030000","34","3","花蓮縣","鳳林鎮","121.500","23.760","69"
"43","224149","20220620030000","21","3","花蓮縣","鳳林鎮","121.410","23.700","43"
"317","224179","20220620030000","458","0","花蓮縣","鳳林鎮","121.420","23.710","334"
"21","224210","20220620030000","15","2","花蓮縣","萬榮鄉","121.395","23.715","16"
"39","224212","20220620030000","57","0","花蓮縣","萬榮鄉","121.405","23.715","41"
"526","224231","20220620030000","260","3","花蓮縣","鳳林鎮","121.450","23.750","514"
"260","224245","20220620030000","189","2","花蓮縣","鳳林鎮","121.440","23.725","268"
"798","224262","20220620030000","896","0","花蓮縣","鳳林鎮","121.450","23.745","783"
"60","224269","20220620030000","51","1","雲林縣","土庫鎮","120.370","23.700","69"
"485","224270","20220620030000","393","2","雲林縣","土庫鎮","120.365","23.705","446"
"83","224271","20220620030000","55","3","雲林縣","土庫鎮","120.370","23.705","79"
"42","224272","20220620030000","225","0","雲林縣","土庫鎮","120.365","23.710","394"
"68","224291","20220620030000","62","1","雲林縣","土庫鎮","120.370","23.740","76"
"19","224301","20220620030000","97","0","雲林縣","二崙鄉","120.410","23.750","12"
"404","224303","20220620030000","406","0","雲林縣","二崙鄉","120.410","23.755","398"
"243","224441","20220620030000","51","3","花蓮縣","萬榮鄉","121.400","23.705","234"
"209","224591","20220620030000","179","1","花蓮縣","鳳林鎮","121.450","23.760","216"
"50","224688","20220620030000","32","3","花蓮縣","豐濱鄉","121.560","23.730","43"
"24","224707","20220620030000","137","0","雲林縣","二崙鄉","120.395","23.750","24"
"79","224725","20220620030000","71","1","雲林縣","元長鄉","120.330","23.690","83"
"345","224731","20220620030000","282","2","雲林縣","斗六市","120.565","23.730","346"
"794","224732","20220620030000","588","2","雲林縣","斗六市","120.555","23.735","770"
"14","224733","20220620030000","13","1","雲林縣","斗六市","120.560","23.735","14"
"520","224734","20220620030000","224","3","雲林縣","斗六市","120.565","23.735","517"
"252","224735","20220620030000","215","1","雲林縣","斗六市","120.550","23.740","245"
"75","224737","20220620030000","81","0","雲林縣","斗六市","120.560","23.740","77"
"242","224742","20220620030000","223","1","雲林縣","斗六市","120.560","23.745","234"
"580","224761","20220620030000","411","2","雲林縣","褒忠鄉","120.280","23.705","458"
"154","224805","20220620030000","113","2","雲林縣","東勢鄉","120.255","23.735","133"
"236","224806","20220620030000","182","2","雲林縣","斗南鎮","120.485","23.690","232"
"205","224834","20220620030000","270","0","南投縣","鹿谷鄉","120.795","23.690","134"
"100","224863","20220620030000","114","0","南投縣","鹿谷鄉","120.780","23.720","103"
"194","224872","20220620030000","141","2","南投縣","鹿谷鄉","120.745","23.760","227"
"73","224873","20220620030000","44","3","南投縣","鹿谷鄉","120.725","23.765","71"
"258","224875","20220620030000","238","1","南投縣","鹿谷鄉","120.735","23.765","258"
"309","224896","20220620030000","307","1","南投縣","鹿谷鄉","120.780","23.705","271"
"40","224900","20220620030000","51","0","南投縣","鹿谷鄉","120.775","23.715","49"
"11","224917","20220620030000","109","0","雲林縣","土庫鎮","120.365","23.730","21"
"214","224920","20220620030000","201","1","雲林縣","土庫鎮","120.385","23.690","185"
"384","224923","20220620030000","257","2","雲林縣","土庫鎮","120.390","23.695","411"
"51","224936","20220620030000","265","0","南投縣","鹿谷鄉","120.770","23.730","36"
"294","224950","20220620030000","297","0","南投縣","鹿谷鄉","120.760","23.740","278"
"459","224951","20220620030000","371","2","南投縣","鹿谷鄉","120.765","23.740","441"
"203","224973","20220620030000","894","0","南投縣","鹿谷鄉","120.775","23.750","208"
"384","225062","20220620030000","347","1","南投縣","鹿谷鄉","120.755","23.725","376"
"16","225085","20220620030000","13","2","南投縣","鹿谷鄉","120.740","23.730","18"
"43","225138","20220620030000","54","0","南投縣","鹿谷鄉","120.820","23.720","40"
"437","225159","20220620030000","495","0","南投縣","鹿谷鄉","120.790","23.730","438"
"320","225192","20220620030000","293","1","南投縣","鹿谷鄉","120.755","23.745","327"
"629","225195","20220620030000","404","3","南投縣","鹿谷鄉","120.755","23.750","614"
"142","225196","20220620030000","141","1","南投縣","鹿谷鄉","120.745","23.755","129"
"532","225206","20220620030000","440","2","雲林縣","麥寮鄉","120.185","23.760","536"
"45","225208","20220620030000","58","0","雲林縣","麥寮鄉","120.175","23.765","46"
"863","225215","20220620030000","857","1","雲林縣","斗六市","120.575","23.725","832"
"189","225247","20220620030000","120","3","南投縣","信義鄉","120.850","23.695","178"
"181","225254","20220620030000","142","2","南投縣","信義鄉","120.885","23.695","169"
"148","225259","20220620030000","105","2","南投縣","信義鄉","120.850","23.700","148"
"229","225307","20220620030000","169","2","南投縣","信義鄉","120.850","23.685","239"
"130","225309","20220620030000","111","1","南投縣","信義鄉","120.850","23.690","128"
"186","225972","20220620030000","163","1","雲林縣","斗南鎮","120.500","23.690","189"
"489","225977","20220620030000","455","1","雲林縣","斗南鎮","120.480","23.700","504"
"196","225978","20220620030000","176","1","雲林縣","斗南鎮","120.485","23.700","206"
"325","225980","20220620030000","422","0","雲林縣","斗南鎮","120.495","23.700","318"
"26","225991","20220620030000","115","0","雲林縣","斗六市","120.500","23.710","33"
"217","226020","20220620030000","159","2","南投縣","水里鄉","120.855","23.730","220"
"1721","226032","20220620030000","923","3","雲林縣","斗六市","120.535","23.700","1697"
"1259","226033","20220620030000","441","3","雲林縣","斗六市","120.540","23.705","1266"
"1050","226034","20220620030000","830","2","雲林縣","斗六市","120.555","23.710","1061"
"1201","226037","20220620030000","1220","0","雲林縣","斗六市","120.555","23.715","1250"
"1349","226039","20220620030000","877","3","雲林縣","斗六市","120.525","23.695","1353"
"1067","226040","20220620030000","763","2","雲林縣","斗六市","120.530","23.695","1090"
"140","226041","20220620030000","97","2","雲林縣","斗六市","120.530","23.700","104"
"3111","226042","20220620030000","1589","3","雲林縣","斗六市","120.535","23.705","3160"
"65","226047","20220620030000","64","1","雲林縣","斗六市","120.560","23.725","62"
"388","226050","20220620030000","424","0","雲林縣","斗六市","120.530","23.730","407"
"56","226056","20220620030000","342","0","雲林縣","斗六市","120.530","23.735","52"
"15","226057","20220620030000","19","0","雲林縣","斗六市","120.535","23.735","24"
"192","226058","20220620030000","193","0","雲林縣","斗六市","120.540","23.735","207"
"386","226062","20220620030000","272","2","雲林縣","斗六市","120.540","23.740","374"
"26","226070","20220620030000","29","0","雲林縣","斗六市","120.505","23.700","36"
"297","226075","20220620030000","230","2","雲林縣","斗六市","120.510","23.705","290"
"871","226079","20220620030000","579","3","雲林縣","斗六市","120.525","23.690","870"
"223","226080","20220620030000","707","0","雲林縣","斗六市","120.530","23.690","230"
"617","226081","20220620030000","463","2","雲林縣","斗六市","120.535","23.690","597"
"638","226083","20220620030000","453","2","雲林縣","斗六市","120.595","23.710","674"
"15","226086","20220620030000","77","0","雲林縣","斗六市","120.590","23.715","14"
"196","226091","20220620030000","174","1","雲林縣","斗六市","120.595","23.715","197"
"20","226098","20220620030000","24","0","雲林縣","斗六市","120.625","23.695","21"
"181","226124","20220620030000","145","2","雲林縣","斗六市","120.600","23.715","164"
"14","226125","20220620030000","14","1","雲林縣","斗六市","120.610","23.715","14"
"18","226131","20220620030000","46","0","雲林縣","斗六市","120.605","23.715","19"
"1948","226137","20220620030000","1207","3","雲林縣","斗六市","120.540","23.700","1949"
"96","226143","20220620030000","104","0","雲林縣","斗六市","120.505","23.715","117"
"532","226146","20220620030000","422","2","雲林縣","斗六市","120.525","23.715","546"
"443","226149","20220620030000","315","2","雲林縣","斗六市","120.505","23.720","427"
"82","226151","20220620030000","69","1","雲林縣","斗六市","120.515","23.720","77"
"692","226153","20220620030000","617","1","雲林縣","斗六市","120.525","23.720","686"
"532","226159","20220620030000","451","1","雲林縣","斗六市","120.520","23.725","558"
"106","226168","20220620030000","990","0","雲林縣","土庫鎮","120.355","23.705","89"
"14","226173","20220620030000","170","0","雲林縣","斗南鎮","120.475","23.690","24"
"249","226174","20220620030000","173","2","雲林縣","斗南鎮","120.480","23.690","248"
"240","226175","20220620030000","200","2","雲林縣","斗南鎮","120.465","23.695","259"
"155","226182","20220620030000","130","1","雲林縣","崙背鄉","120.345","23.755","153"
"42","226190","20220620030000","401","0","雲林縣","崙背鄉","120.305","23.755","40"
"193","226206","20220620030000","150","2","雲林縣","土庫鎮","120.345","23.695","191"
"36","226232","20220620030000","310","0","南投縣","水里鄉","120.845","23.745","35"
"65","226253","20220620030000","44","2","南投縣","水里鄉","120.855","23.765","73"
"531","226259","20220620030000","438","2","雲林縣","虎尾鎮","120.445","23.705","513"
"382","226261","20220620030000","366","1","雲林縣","虎尾鎮","120.455","23.705","381"
"1223","226263","20220620030000","1148","1","雲林縣","虎尾鎮","120.450","23.710","1253"
"449","226265","20220620030000","163","3","雲林縣","虎尾鎮","120.445","23.710","442"
"434","226266","20220620030000","415","1","雲林縣","虎尾鎮","120.450","23.715","438"
"242","226267","20220620030000","157","3","雲林縣","虎尾鎮","120.415","23.715","281"
"659","226268","20220620030000","466","2","雲林縣","虎尾鎮","120.420","23.715","640"
"391","226277","20220620030000","320","2","雲林縣","虎尾鎮","120.420","23.725","374"
"699","226286","20220620030000","503","2","雲林縣","虎尾鎮","120.425","23.735","647"
"295","226287","20220620030000","342","0","雲林縣","虎尾鎮","120.415","23.740","275"
"256","226291","20220620030000","252","1","雲林縣","斗六市","120.575","23.715","249"
"331","226293","20220620030000","372","0","雲林縣","斗六市","120.580","23.720","338"
"602","226294","20220620030000","586","1","雲林縣","斗六市","120.585","23.720","610"
"320","226298","20220620030000","289","1","雲林縣","斗六市","120.585","23.725","322"
"45","226299","20220620030000","107","0","雲林縣","斗六市","120.590","23.725","38"
"89","226300","20220620030000","79","1","雲林縣","斗六市","120.595","23.725","95"
"302","226302","20220620030000","240","2","雲林縣","斗六市","120.590","23.730","297"
"85","226669","20220620030000","450","0","雲林縣","崙背鄉","120.380","23.750","79"
"341","226678","20220620030000","150","3","雲林縣","崙背鄉","120.375","23.760","339"
"477","226684","20220620030000","360","2","雲林縣","斗六市","120.560","23.695","469"
"121","226686","20220620030000","115","1","雲林縣","斗六市","120.555","23.700","120"
"378","226687","20220620030000","150","3","雲林縣","斗六市","120.560","23.700","367"
"316","226689","20220620030000","270","1","雲林縣","斗六市","120.560","23.705","328"
"549","226695","20220620030000","565","0","雲林縣","斗六市","120.575","23.700","546"
"19","226701","20220620030000","277","0","雲林縣","斗六市","120.605","23.700","25"
"16","226707","20220620030000","16","1","雲林縣","斗六市","120.600","23.705","21"
"864","226714","20220620030000","283","3","雲林縣","虎尾鎮","120.430","23.715","869"
"329","226715","20220620030000","386","0","雲林縣","虎尾鎮","120.440","23.715","357"
"29","226718","20220620030000","126","0","雲林縣","斗六市","120.570","23.690","30"
"115","226726","20220620030000","93","2","雲林縣","古坑鄉","120.605","23.695","107"
"201","226731","20220620030000","190","1","雲林縣","虎尾鎮","120.400","23.715","215"
"62","226733","20220620030000","368","0","雲林縣","虎尾鎮","120.410","23.715","64"
"468","226737","20220620030000","544","0","雲林縣","虎尾鎮","120.445","23.715","466"
"117","226738","20220620030000","63","3","雲林縣","虎尾鎮","120.445","23.720","116"
"536","226739","20220620030000","531","1","雲林縣","虎尾鎮","120.450","23.720","548"
"543","226749","20220620030000","355","3","雲林縣","東勢鄉","120.250","23.715","544"
"467","226761","20220620030000","275","3","雲林縣","莿桐鄉","120.500","23.750","459"
"376","226763","20220620030000","218","3","雲林縣","莿桐鄉","120.510","23.750","374"
"95","226767","20220620030000","832","0","雲林縣","莿桐鄉","120.500","23.760","99"
"28","226768","20220620030000","393","0","雲林縣","莿桐鄉","120.505","23.760","24"
"18","226770","20220620030000","20","0","雲林縣","莿桐鄉","120.500","23.765","25"
"299","226788","20220620030000","281","1","雲林縣","虎尾鎮","120.405","23.700","310"
"432","226802","20220620030000","352","2","雲林縣","虎尾鎮","120.460","23.710","399"
"56","226804","20220620030000","48","1","雲林縣","虎尾鎮","120.470","23.710","54"
"505","226807","20220620030000","499","1","雲林縣","虎尾鎮","120.470","23.715","484"
"211","226810","20220620030000","143","2","雲林縣","虎尾鎮","120.460","23.715","207"
"237","226820","20220620030000","182","2","雲林縣","東勢鄉","120.245","23.690","201"
"17","226824","20220620030000","62","0","雲林縣","斗六市","120.600","23.725","18"
"154","226828","20220620030000","153","1","雲林縣","林內鄉","120.595","23.735","154"
"70","226841","20220620030000","680","0","雲林縣","林內鄉","120.595","23.750","57"
"15","226857","20220620030000","237","0","雲林縣","林內鄉","120.635","23.755","17"
"864","226870","20220620030000","765","1","雲林縣","林內鄉","120.610","23.755","844"
"434","226877","20220620030000","369","1","雲林縣","林內鄉","120.615","23.765","423"
"66","226880","20220620030000","549","0","雲林縣","林內鄉","120.620","23.765","57"
"429","226886","20220620030000","381","1","雲林縣","林內鄉","120.615","23.760","437"
"34","226902","20220620030000","28","2","雲林縣","林內鄉","120.615","23.745","32"
"14","226903","20220620030000","59","0","雲林縣","林內鄉","120.620","23.745","14"
"19","226920","20220620030000","71","0","雲林縣","林內鄉","120.625","23.720","17"
"178","226924","20220620030000","165","1","雲林縣","林內鄉","120.610","23.725","172"
"47","226957","20220620030000","148","0","雲林縣","林內鄉","120.590","23.760","44"
"1513","226964","20220620030000","1977","0","雲林縣","斗六市","120.555","23.705","1576"
"1308","226965","20220620030000","757","3","雲林縣","斗六市","120.530","23.715","1282"
"597","226966","20220620030000","290","3","雲林縣","斗六市","120.535","23.710","606"
"1264","226967","20220620030000","1243","1","雲林縣","斗六市","120.535","23.715","1255"
"98","227221","20220620030000","37","3","雲林縣","斗六市","120.545","23.720","106"
"100","227224","20220620030000","224","0","雲林縣","斗六市","120.540","23.725","156"
"53","227240","20220620030000","185","0","雲林縣","東勢鄉","120.270","23.705","40"
"10","227244","20220620030000","217","0","雲林縣","東勢鄉","120.285","23.690","13"
"368","227262","20220620030000","250","2","雲林縣","東勢鄉","120.250","23.705","362"
"101","227268","20220620030000","80","2","雲林縣","西螺鎮","120.460","23.760","105"
"1301","227273","20220620030000","583","3","雲林縣","斗六市","120.545","23.715","1320"
"107","227274","20220620030000","108","0","雲林縣","斗六市","120.565","23.710","111"
"837","227276","20220620030000","768","1","雲林縣","斗六市","120.565","23.715","825"
"225","227279","20220620030000","219","1","雲林縣","斗六市","120.560","23.715","228"
"503","227280","20220620030000","371","2","雲林縣","斗六市","120.565","23.720","502"
"48","227287","20220620030000","380","0","雲林縣","土庫鎮","120.345","23.705","57"
"212","227301","20220620030000","93","3","雲林縣","斗六市","120.520","23.695","227"
"17","227302","20220620030000","40","0","雲林縣","斗六市","120.520","23.700","21"
"376","227303","20220620030000","407","0","雲林縣","斗六市","120.525","23.700","362"
"11","227305","20220620030000","69","0","雲林縣","斗六市","120.525","23.705","15"
"61","227306","20220620030000","1365","0","雲林縣","斗六市","120.530","23.705","57"
"29","227309","20220620030000","47","0","雲林縣","斗六市","120.525","23.710","23"
"191","227316","20220620030000","169","1","雲林縣","斗六市","120.515","23.715","189"
"198","227320","20220620030000","150","2","雲林縣","斗六市","120.565","23.695","197"
"788","227328","20220620030000","967","0","雲林縣","斗六市","120.540","23.710","762"
"1058","227329","20220620030000","702","3","雲林縣","斗六市","120.540","23.715","1068"
"970","227330","20220620030000","909","1","雲林縣","斗六市","120.550","23.715","975"
"14","227339","20220620030000","216","0","雲林縣","斗六市","120.565","23.750","13"
"1812","227348","20220620030000","1439","2","雲林縣","斗六市","120.545","23.710","1807"
"447","227349","20220620030000","693","0","雲林縣","斗六市","120.540","23.690","438"
"157","227350","20220620030000","929","0","雲林縣","斗六市","120.550","23.710","168"
"325","227351","20220620030000","116","3","雲林縣","崙背鄉","120.360","23.755","323"
"67","227355","20220620030000","234","0","雲林縣","崙背鄉","120.370","23.755","64"
"790","227359","20220620030000","948","0","雲林縣","崙背鄉","120.350","23.760","783"
"183","227365","20220620030000","169","1","雲林縣","崙背鄉","120.330","23.750","171"
"465","227373","20220620030000","214","3","雲林縣","崙背鄉","120.315","23.755","464"
"17","227383","20220620030000","161","0","雲林縣","崙背鄉","120.335","23.760","18"
"202","227395","20220620030000","198","1","雲林縣","西螺鎮","120.435","23.755","196"
"88","227444","20220620030000","453","0","雲林縣","台西鄉","120.200","23.715","93"
"97","227446","20220620030000","75","2","雲林縣","台西鄉","120.210","23.715","112"
"135","227476","20220620030000","1383","0","雲林縣","台西鄉","120.200","23.700","135"
"985","227502","20220620030000","903","1","南投縣","竹山鎮","120.695","23.760","1037"
"292","227503","20220620030000","309","0","南投縣","竹山鎮","120.685","23.765","289"
"67","227504","20220620030000","79","0","南投縣","竹山鎮","120.690","23.765","60"
"317","227505","20220620030000","294","1","南投縣","竹山鎮","120.695","23.765","329"
"40","227537","20220620030000","78","0","南投縣","竹山鎮","120.725","23.755","38"
"22","227540","20220620030000","70","0","南投縣","竹山鎮","120.710","23.760","20"
"166","227544","20220620030000","199","0","雲林縣","莿桐鄉","120.525","23.735","200"
"34","227559","20220620030000","339","0","雲林縣","莿桐鄉","120.505","23.730","38"
"24","227564","20220620030000","276","0","雲林縣","莿桐鄉","120.515","23.735","29"
"38","227570","20220620030000","390","0","雲林縣","莿桐鄉","120.515","23.740","35"
"14","227577","20220620030000","145","0","雲林縣","莿桐鄉","120.490","23.760","18"
"21","227580","20220620030000","28","0","雲林縣","虎尾鎮","120.435","23.715","23"
"457","227581","20220620030000","391","1","雲林縣","虎尾鎮","120.435","23.720","440"
"181","227585","20220620030000","86","3","雲林縣","虎尾鎮","120.435","23.735","164"
"585","227588","20220620030000","248","3","雲林縣","虎尾鎮","120.435","23.690","626"
"437","227593","20220620030000","389","1","雲林縣","虎尾鎮","120.435","23.695","428"
"56","227603","20220620030000","433","0","雲林縣","土庫鎮","120.375","23.705","42"
"300","227604","20220620030000","205","2","雲林縣","虎尾鎮","120.380","23.705","295"
"260","227632","20220620030000","171","3","雲林縣","褒忠鄉","120.340","23.735","247"
"747","227636","20220620030000","654","1","南投縣","竹山鎮","120.680","23.750","760"
"719","227637","20220620030000","673","1","南投縣","竹山鎮","120.675","23.755","707"
"1890","227638","20220620030000","1896","0","南投縣","竹山鎮","120.680","23.755","1881"
"58","227639","20220620030000","74","0","南投縣","竹山鎮","120.685","23.755","45"
"60","227640","20220620030000","628","0","雲林縣","虎尾鎮","120.420","23.700","62"
"427","227642","20220620030000","314","2","雲林縣","虎尾鎮","120.420","23.705","409"
"658","227645","20220620030000","549","1","雲林縣","虎尾鎮","120.420","23.710","637"
"2044","227647","20220620030000","1378","2","雲林縣","虎尾鎮","120.435","23.710","2030"
"202","227655","20220620030000","239","0","雲林縣","褒忠鄉","120.310","23.720","218"
"305","227684","20220620030000","304","1","雲林縣","虎尾鎮","120.405","23.725","302"
"158","227697","20220620030000","52","3","雲林縣","虎尾鎮","120.395","23.735","144"
"139","227698","20220620030000","121","1","雲林縣","虎尾鎮","120.400","23.735","143"
"225","227706","20220620030000","160","2","雲林縣","虎尾鎮","120.405","23.740","225"
"1168","227716","20220620030000","890","2","雲林縣","虎尾鎮","120.430","23.705","1166"
"688","227717","20220620030000","549","2","雲林縣","虎尾鎮","120.435","23.705","675"
"106","227722","20220620030000","96","1","雲林縣","崙背鄉","120.345","23.750","118"
"240","227728","20220620030000","737","0","雲林縣","崙背鄉","120.350","23.750","253"
"13","227730","20220620030000","228","0","雲林縣","崙背鄉","120.350","23.755","10"
"23","227733","20220620030000","25","0","雲林縣","虎尾鎮","120.400","23.710","23"
"648","227738","20220620030000","565","1","雲林縣","虎尾鎮","120.430","23.710","643"
"304","227741","20220620030000","243","2","雲林縣","斗南鎮","120.485","23.720","272"
"15","227744","20220620030000","11","2","雲林縣","虎尾鎮","120.485","23.725","12"
"328","227745","20220620030000","238","2","雲林縣","虎尾鎮","120.490","23.725","347"
"182","227748","20220620030000","125","2","雲林縣","虎尾鎮","120.480","23.730","198"
"936","227763","20220620030000","403","3","雲林縣","虎尾鎮","120.440","23.710","938"
"31","227766","20220620030000","706","0","雲林縣","虎尾鎮","120.390","23.705","38"
"438","227798","20220620030000","520","0","南投縣","竹山鎮","120.710","23.765","438"
"535","227807","20220620030000","532","1","南投縣","竹山鎮","120.700","23.765","555"
"125","227808","20220620030000","180","0","南投縣","竹山鎮","120.705","23.765","129"
"326","227840","20220620030000","407","0","南投縣","竹山鎮","120.685","23.760","324"
"173","227841","20220620030000","149","1","南投縣","竹山鎮","120.670","23.760","178"
"95","227842","20220620030000","774","0","南投縣","竹山鎮","120.675","23.760","85"
"187","227852","20220620030000","141","2","南投縣","竹山鎮","120.650","23.705","176"
"10","227871","20220620030000","58","0","南投縣","竹山鎮","120.655","23.720","10"
"401","227882","20220620030000","257","3","雲林縣","虎尾鎮","120.430","23.700","412"
"890","227894","20220620030000","568","3","雲林縣","虎尾鎮","120.460","23.725","877"
"289","227907","20220620030000","122","3","雲林縣","虎尾鎮","120.465","23.740","313"
"1892","227921","20220620030000","1581","1","雲林縣","褒忠鄉","120.315","23.695","1877"
"115","227938","20220620030000","90","2","南投縣","竹山鎮","120.715","23.695","95"
"17","227943","20220620030000","22","0","南投縣","竹山鎮","120.715","23.700","14"
"19","227947","20220620030000","29","0","南投縣","竹山鎮","120.715","23.705","19"
"12","227979","20220620030000","28","0","南投縣","竹山鎮","120.700","23.705","11"
"449","228012","20220620030000","344","2","雲林縣","褒忠鄉","120.285","23.700","429"
"757","228016","20220620030000","647","1","雲林縣","褒忠鄉","120.315","23.710","724"
"200","228047","20220620030000","185","1","南投縣","竹山鎮","120.665","23.755","193"
"454","228051","20220620030000","419","1","南投縣","竹山鎮","120.665","23.760","445"
"681","228091","20220620030000","327","3","雲林縣","台西鄉","120.215","23.740","639"
"211","228138","20220620030000","251","0","雲林縣","崙背鄉","120.295","23.760","195"
"17","228142","20220620030000","365","0","雲林縣","虎尾鎮","120.440","23.720","374"
"738","228151","20220620030000","185","3","雲林縣","麥寮鄉","120.260","23.750","753"
"420","228157","20220620030000","161","3","雲林縣","麥寮鄉","120.255","23.760","420"
"1756","228161","20220620030000","997","3","雲林縣","斗六市","120.545","23.705","1755"
"373","228162","20220620030000","285","2","雲林縣","斗六市","120.550","23.705","367"
"190","228194","20220620030000","184","1","南投縣","竹山鎮","120.705","23.745","187"
"41","228199","20220620030000","32","2","南投縣","竹山鎮","120.700","23.750","46"
"583","228200","20220620030000","369","3","南投縣","竹山鎮","120.690","23.755","535"
"48","228205","20220620030000","64","0","南投縣","竹山鎮","120.680","23.745","48"
"242","228207","20220620030000","271","0","南投縣","竹山鎮","120.675","23.750","249"
"103","228209","20220620030000","532","0","雲林縣","台西鄉","120.210","23.720","87"
"1072","228228","20220620030000","818","2","雲林縣","台西鄉","120.220","23.720","1084"
"24","228231","20220620030000","18","2","雲林縣","台西鄉","120.215","23.700","24"
"43","228245","20220620030000","262","0","雲林縣","台西鄉","120.190","23.700","47"
"29","228266","20220620030000","146","0","雲林縣","麥寮鄉","120.260","23.745","29"
"1462","228271","20220620030000","332","3","雲林縣","麥寮鄉","120.250","23.750","1452"
"1395","228272","20220620030000","1465","0","雲林縣","麥寮鄉","120.255","23.750","1399"
"496","228274","20220620030000","309","3","雲林縣","麥寮鄉","120.265","23.750","492"
"38","228278","20220620030000","528","0","雲林縣","莿桐鄉","120.480","23.745","43"
"921","228283","20220620030000","807","1","雲林縣","西螺鎮","120.465","23.755","937"
"146","228312","20220620030000","825","0","雲林縣","麥寮鄉","120.240","23.750","156"
"248","228321","20220620030000","207","1","雲林縣","台西鄉","120.220","23.750","257"
"463","228335","20220620030000","285","3","雲林縣","虎尾鎮","120.420","23.690","455"
"348","228337","20220620030000","321","1","雲林縣","虎尾鎮","120.425","23.695","359"
"2608","228338","20220620030000","1816","2","雲林縣","虎尾鎮","120.425","23.700","2528"
"25","228340","20220620030000","636","0","雲林縣","虎尾鎮","120.425","23.710","26"
"11","228375","20220620030000","63","0","南投縣","竹山鎮","120.665","23.725","15"
"22","228395","20220620030000","70","0","南投縣","竹山鎮","120.690","23.725","24"
"116","228399","20220620030000","88","2","南投縣","竹山鎮","120.710","23.725","99"
"21","228402","20220620030000","152","0","南投縣","竹山鎮","120.690","23.730","19"
"98","228415","20220620030000","781","0","南投縣","竹山鎮","120.680","23.760","91"
"123","228711","20220620030000","115","1","雲林縣","麥寮鄉","120.170","23.770","160"
"162","230307","20220620030000","105","3","雲林縣","麥寮鄉","120.180","23.795","165"
"33","232186","20220620030000","16","3","花蓮縣","壽豐鄉","121.585","23.825","29"
"114","233034","20220620030000","66","3","花蓮縣","壽豐鄉","121.565","23.780","109"
"41","233104","20220620030000","24","3","花蓮縣","壽豐鄉","121.460","23.810","45"
"295","233119","20220620030000","135","3","花蓮縣","壽豐鄉","121.475","23.815","304"
"152","233140","20220620030000","96","3","花蓮縣","壽豐鄉","121.480","23.825","159"
"575","233238","20220620030000","516","1","花蓮縣","壽豐鄉","121.515","23.840","594"
"14","233277","20220620030000","10","2","花蓮縣","壽豐鄉","121.590","23.840","24"
"28","233282","20220620030000","143","0","雲林縣","二崙鄉","120.420","23.815","37"
"209","234014","20220620030000","171","2","花蓮縣","鳳林鎮","121.455","23.800","201"
"63","234015","20220620030000","73","0","花蓮縣","鳳林鎮","121.460","23.800","80"
"12","234031","20220620030000","18","0","花蓮縣","鳳林鎮","121.465","23.805","12"
"315","234042","20220620030000","272","1","花蓮縣","萬榮鄉","121.445","23.810","318"
"861","234074","20220620030000","1227","0","雲林縣","二崙鄉","120.415","23.770","862"
"12","234106","20220620030000","231","0","雲林縣","二崙鄉","120.410","23.815","11"
"42","234120","20220620030000","330","0","雲林縣","二崙鄉","120.420","23.795","38"
"448","234127","20220620030000","365","2","雲林縣","二崙鄉","120.385","23.795","449"
"324","234130","20220620030000","273","1","雲林縣","二崙鄉","120.380","23.800","304"
"234","234162","20220620030000","100","3","雲林縣","二崙鄉","120.395","23.820","264"
"234","234274","20220620030000","82","3","花蓮縣","鳳林鎮","121.460","23.780","222"
"67","234277","20220620030000","34","3","花蓮縣","鳳林鎮","121.460","23.785","79"
"31","234283","20220620030000","358","0","雲林縣","二崙鄉","120.410","23.805","31"
"18","234324","20220620030000","125","0","雲林縣","二崙鄉","120.395","23.765","25"
"460","234338","20220620030000","418","1","雲林縣","二崙鄉","120.365","23.805","459"
"213","234373","20220620030000","107","3","雲林縣","二崙鄉","120.375","23.795","227"
"138","234386","20220620030000","512","0","雲林縣","二崙鄉","120.395","23.790","125"
"821","234401","20220620030000","300","3","雲林縣","西螺鎮","120.470","23.795","828"
"244","234404","20220620030000","187","2","雲林縣","西螺鎮","120.470","23.800","263"
"220","234406","20220620030000","61","3","雲林縣","西螺鎮","120.480","23.800","219"
"1268","234413","20220620030000","504","3","雲林縣","西螺鎮","120.450","23.785","1273"
"435","234424","20220620030000","353","2","雲林縣","麥寮鄉","120.270","23.770","434"
"645","234432","20220620030000","368","3","雲林縣","麥寮鄉","120.265","23.780","625"
"140","234453","20220620030000","23","3","雲林縣","麥寮鄉","120.235","23.790","135"
"78","234454","20220620030000","425","0","雲林縣","麥寮鄉","120.240","23.790","64"
"1658","234481","20220620030000","1165","2","南投縣","水里鄉","120.855","23.815","1677"
"217","234482","20220620030000","115","3","南投縣","水里鄉","120.860","23.815","192"
"14","234513","20220620030000","265","0","雲林縣","西螺鎮","120.485","23.785","12"
"314","234539","20220620030000","201","3","雲林縣","西螺鎮","120.450","23.775","297"
"677","234540","20220620030000","157","3","雲林縣","西螺鎮","120.445","23.780","673"
"26","234570","20220620030000","35","0","南投縣","鹿谷鄉","120.740","23.775","27"
"361","234591","20220620030000","299","2","南投縣","水里鄉","120.845","23.820","359"
"178","234630","20220620030000","169","1","南投縣","水里鄉","120.930","23.795","185"
"16","234678","20220620030000","521","0","南投縣","水里鄉","120.850","23.815","68"
"173","234703","20220620030000","170","1","南投縣","水里鄉","120.845","23.775","181"
"459","234721","20220620030000","367","2","彰化縣","溪州鄉","120.515","23.815","473"
"153","234765","20220620030000","105","2","南投縣","鹿谷鄉","120.785","23.790","143"
"148","234802","20220620030000","77","3","南投縣","鹿谷鄉","120.785","23.805","141"
"59","234826","20220620030000","42","2","南投縣","鹿谷鄉","120.785","23.765","61"
"59","234843","20220620030000","33","3","南投縣","鹿谷鄉","120.775","23.775","63"
"138","234859","20220620030000","71","3","南投縣","鹿谷鄉","120.775","23.785","118"
"68","234881","20220620030000","41","3","雲林縣","麥寮鄉","120.195","23.775","65"
"75","234888","20220620030000","63","1","雲林縣","麥寮鄉","120.180","23.785","91"
"59","234892","20220620030000","61","0","雲林縣","麥寮鄉","120.200","23.785","53"
"228","234900","20220620030000","162","2","雲林縣","麥寮鄉","120.205","23.790","203"
"1374","234906","20220620030000","605","3","雲林縣","麥寮鄉","120.260","23.790","1313"
"981","234915","20220620030000","387","3","雲林縣","麥寮鄉","120.220","23.795","937"
"508","234934","20220620030000","122","3","雲林縣","麥寮鄉","120.230","23.795","485"
"1209","234937","20220620030000","439","3","雲林縣","麥寮鄉","120.245","23.795","1201"
"11","234945","20220620030000","13","0","雲林縣","麥寮鄉","120.190","23.800","11"
"47","234949","20220620030000","34","2","雲林縣","麥寮鄉","120.210","23.800","38"
"1051","234952","20220620030000","825","2","雲林縣","麥寮鄉","120.225","23.800","1038"
"293","234961","20220620030000","187","3","雲林縣","麥寮鄉","120.270","23.800","303"
"45","234965","20220620030000","47","0","雲林縣","麥寮鄉","120.195","23.805","21"
"55","234967","20220620030000","55","1","雲林縣","麥寮鄉","120.205","23.805","47"
"100","234997","20220620030000","121","0","雲林縣","麥寮鄉","120.215","23.815","102"
"12","235080","20220620030000","102","0","南投縣","信義鄉","120.940","23.820","10"
"17","235214","20220620030000","31","0","南投縣","信義鄉","120.980","23.785","16"
"56","235228","20220620030000","221","0","雲林縣","崙背鄉","120.350","23.775","60"
"215","235235","20220620030000","118","3","雲林縣","崙背鄉","120.345","23.785","199"
"627","235274","20220620030000","725","0","南投縣","水里鄉","120.850","23.810","611"
"311","235297","20220620030000","285","1","彰化縣","溪州鄉","120.505","23.815","314"
"842","235309","20220620030000","774","1","彰化縣","溪州鄉","120.540","23.830","859"
"490","235350","20220620030000","362","2","彰化縣","溪州鄉","120.490","23.830","478"
"134","235352","20220620030000","146","0","彰化縣","溪州鄉","120.475","23.835","132"
"340","235362","20220620030000","272","2","彰化縣","溪州鄉","120.480","23.845","362"
"155","235370","20220620030000","195","0","彰化縣","溪州鄉","120.500","23.840","160"
"481","235385","20220620030000","301","3","雲林縣","崙背鄉","120.325","23.780","505"
"49","235403","20220620030000","43","1","南投縣","水里鄉","120.855","23.795","42"
"323","235405","20220620030000","168","3","南投縣","水里鄉","120.865","23.795","300"
"468","235409","20220620030000","479","0","南投縣","水里鄉","120.860","23.800","461"
"246","235459","20220620030000","251","0","南投縣","水里鄉","120.825","23.810","268"
"47","235505","20220620030000","51","0","南投縣","水里鄉","120.870","23.845","40"
"19","235509","20220620030000","309","0","南投縣","名間鄉","120.635","23.835","473"
"323","235515","20220620030000","256","2","南投縣","名間鄉","120.705","23.820","327"
"232","235521","20220620030000","223","1","南投縣","名間鄉","120.715","23.830","231"
"1022","235523","20220620030000","991","1","南投縣","名間鄉","120.705","23.835","998"
"65","235527","20220620030000","69","0","南投縣","名間鄉","120.725","23.835","61"
"167","235539","20220620030000","132","2","南投縣","名間鄉","120.665","23.820","159"
"347","235555","20220620030000","361","0","南投縣","集集鎮","120.795","23.825","342"
"68","235556","20220620030000","351","0","南投縣","集集鎮","120.795","23.830","67"
"37","235703","20220620030000","44","0","南投縣","信義鄉","120.915","23.785","38"
"253","235812","20220620030000","208","2","南投縣","信義鄉","120.940","23.795","260"
"24","236275","20220620030000","195","0","南投縣","名間鄉","120.660","23.835","21"
"299","236286","20220620030000","255","1","南投縣","名間鄉","120.655","23.845","310"
"48","236299","20220620030000","58","0","南投縣","名間鄉","120.695","23.810","66"
"85","236318","20220620030000","45","3","彰化縣","二水鄉","120.635","23.830","77"
"440","236322","20220620030000","428","1","南投縣","名間鄉","120.630","23.840","384"
"193","236329","20220620030000","150","2","彰化縣","溪州鄉","120.515","23.830","212"
"140","236334","20220620030000","86","3","彰化縣","溪州鄉","120.520","23.835","140"
"13","236347","20220620030000","32","0","彰化縣","溪州鄉","120.510","23.845","14"
"175","236374","20220620030000","138","2","彰化縣","溪州鄉","120.580","23.820","172"
"312","236389","20220620030000","283","1","彰化縣","溪州鄉","120.470","23.830","307"
"372","236394","20220620030000","340","1","南投縣","名間鄉","120.695","23.835","373"
"775","236405","20220620030000","732","1","南投縣","名間鄉","120.700","23.835","808"
"30","236406","20220620030000","18","3","彰化縣","二水鄉","120.650","23.810","46"
"21","236410","20220620030000","189","0","南投縣","名間鄉","120.645","23.820","19"
"188","236415","20220620030000","123","3","南投縣","名間鄉","120.655","23.830","162"
"559","236419","20220620030000","172","3","彰化縣","大城鄉","120.345","23.845","559"
"303","236421","20220620030000","239","2","彰化縣","大城鄉","120.300","23.840","306"
"326","236449","20220620030000","232","2","彰化縣","溪州鄉","120.565","23.815","351"
"244","236455","20220620030000","202","2","彰化縣","溪州鄉","120.560","23.830","227"
"28","236462","20220620030000","276","0","雲林縣","莿桐鄉","120.540","23.765","35"
"358","236463","20220620030000","323","1","雲林縣","莿桐鄉","120.530","23.770","351"
"211","236470","20220620030000","167","2","南投縣","名間鄉","120.630","23.845","216"
"144","236472","20220620030000","122","1","南投縣","名間鄉","120.640","23.845","138"
"344","236479","20220620030000","195","3","南投縣","名間鄉","120.690","23.845","325"
"222","236481","20220620030000","209","1","南投縣","名間鄉","120.700","23.845","229"
"490","236492","20220620030000","433","1","雲林縣","林內鄉","120.610","23.770","512"
"149","236494","20220620030000","157","0","雲林縣","林內鄉","120.610","23.775","139"
"30","236509","20220620030000","234","0","雲林縣","林內鄉","120.625","23.775","35"
"61","236557","20220620030000","313","0","南投縣","集集鎮","120.800","23.825","42"
"140","236563","20220620030000","102","2","南投縣","集集鎮","120.765","23.820","142"
"21","236573","20220620030000","96","0","南投縣","集集鎮","120.770","23.845","14"
"101","236578","20220620030000","205","0","南投縣","集集鎮","120.815","23.825","90"
"177","236593","20220620030000","870","0","南投縣","集集鎮","120.785","23.825","171"
"306","236635","20220620030000","218","2","彰化縣","大城鄉","120.350","23.835","310"
"330","236679","20220620030000","218","3","彰化縣","大城鄉","120.275","23.845","336"
"271","236695","20220620030000","189","2","南投縣","信義鄉","120.905","23.770","267"
"16","236721","20220620030000","358","0","彰化縣","二水鄉","120.615","23.810","30"
"1137","236741","20220620030000","265","3","雲林縣","莿桐鄉","120.500","23.780","1110"
"143","236758","20220620030000","87","3","彰化縣","二水鄉","120.630","23.830","129"
"205","236765","20220620030000","532","0","彰化縣","二水鄉","120.610","23.815","201"
"311","236771","20220620030000","264","1","彰化縣","二水鄉","120.635","23.795","301"
"12","236772","20220620030000","29","0","彰化縣","二水鄉","120.640","23.795","11"
"2395","236781","20220620030000","1038","3","雲林縣","西螺鎮","120.440","23.780","2340"
"363","236785","20220620030000","277","2","雲林縣","西螺鎮","120.430","23.790","382"
"660","236786","20220620030000","119","3","雲林縣","西螺鎮","120.435","23.790","666"
"11","236796","20220620030000","227","0","彰化縣","二水鄉","120.640","23.805","10"
"39","236801","20220620030000","341","0","彰化縣","二水鄉","120.605","23.825","40"
"205","236814","20220620030000","1049","0","彰化縣","二水鄉","120.620","23.810","195"
"173","237024","20220620030000","318","0","雲林縣","莿桐鄉","120.515","23.775","175"
"360","237025","20220620030000","281","2","雲林縣","莿桐鄉","120.520","23.775","371"
"1199","237039","20220620030000","421","3","雲林縣","西螺鎮","120.435","23.800","1186"
"913","237048","20220620030000","231","3","雲林縣","西螺鎮","120.440","23.810","873"
"457","237053","20220620030000","235","3","雲林縣","西螺鎮","120.465","23.795","440"
"1328","237054","20220620030000","814","3","雲林縣","西螺鎮","120.465","23.800","1337"
"13","237056","20220620030000","250","0","雲林縣","西螺鎮","120.465","23.765","13"
"1240","237062","20220620030000","613","3","雲林縣","西螺鎮","120.475","23.785","1245"
"267","237066","20220620030000","99","3","雲林縣","西螺鎮","120.475","23.765","263"
"42","237068","20220620030000","385","0","雲林縣","西螺鎮","120.460","23.795","32"
"842","237069","20220620030000","823","1","雲林縣","西螺鎮","120.460","23.800","854"
"1758","237075","20220620030000","724","3","雲林縣","西螺鎮","120.440","23.800","1779"
"395","237076","20220620030000","270","2","雲林縣","西螺鎮","120.455","23.790","379"
"129","237078","20220620030000","2552","0","雲林縣","西螺鎮","120.455","23.800","163"
"12","237081","20220620030000","118","0","彰化縣","二水鄉","120.635","23.810","14"
"16","237089","20220620030000","15","1","彰化縣","二水鄉","120.640","23.800","11"
"13","237103","20220620030000","259","0","彰化縣","二水鄉","120.630","23.800","13"
"43","237115","20220620030000","30","2","彰化縣","二水鄉","120.655","23.800","44"
"397","237141","20220620030000","276","2","雲林縣","崙背鄉","120.325","23.795","410"
"211","237147","20220620030000","159","2","雲林縣","崙背鄉","120.340","23.800","190"
"135","237182","20220620030000","128","1","雲林縣","崙背鄉","120.310","23.790","134"
"208","237186","20220620030000","237","0","雲林縣","崙背鄉","120.305","23.795","209"
"26","237187","20220620030000","27","0","雲林縣","崙背鄉","120.310","23.795","27"
"921","237189","20220620030000","407","3","雲林縣","麥寮鄉","120.295","23.800","932"
"106","237228","20220620030000","51","3","彰化縣","田中鎮","120.605","23.845","106"
"22","237236","20220620030000","23","0","彰化縣","溪州鄉","120.455","23.825","22"
"178","237241","20220620030000","216","0","彰化縣","竹塘鄉","120.445","23.835","182"
"618","237255","20220620030000","554","1","雲林縣","莿桐鄉","120.565","23.775","614"
"65","237256","20220620030000","323","0","雲林縣","莿桐鄉","120.570","23.775","54"
"205","237302","20220620030000","146","2","雲林縣","莿桐鄉","120.550","23.765","210"
"10","237358","20220620030000","127","0","南投縣","竹山鎮","120.680","23.770","12"
"49","237361","20220620030000","104","0","南投縣","竹山鎮","120.680","23.775","58"
"96","237386","20220620030000","92","1","南投縣","竹山鎮","120.650","23.770","95"
"221","237414","20220620030000","208","1","南投縣","竹山鎮","120.730","23.815","210"
"194","237424","20220620030000","194","1","南投縣","竹山鎮","120.715","23.765","210"
"365","237434","20220620030000","382","0","南投縣","竹山鎮","120.705","23.780","343"
"166","237436","20220620030000","167","0","南投縣","竹山鎮","120.715","23.780","164"
"265","237453","20220620030000","285","0","南投縣","竹山鎮","120.695","23.770","268"
"13","237487","20220620030000","11","1","彰化縣","竹塘鄉","120.390","23.845","14"
"201","237489","20220620030000","117","3","彰化縣","竹塘鄉","120.400","23.845","202"
"30","237498","20220620030000","411","0","雲林縣","麥寮鄉","120.240","23.770","873"
"204","237499","20220620030000","82","3","雲林縣","麥寮鄉","120.245","23.770","173"
"26","237516","20220620030000","188","0","雲林縣","崙背鄉","120.355","23.765","23"
"124","237531","20220620030000","83","2","南投縣","竹山鎮","120.750","23.815","113"
"334","237559","20220620030000","283","1","南投縣","竹山鎮","120.715","23.800","333"
"139","237593","20220620030000","169","0","南投縣","魚池鄉","120.895","23.835","126"
"164","237595","20220620030000","229","0","南投縣","魚池鄉","120.905","23.835","161"
"325","237603","20220620030000","383","0","南投縣","竹山鎮","120.715","23.805","343"
"270","237607","20220620030000","138","3","南投縣","竹山鎮","120.730","23.810","262"
"263","237611","20220620030000","233","1","南投縣","竹山鎮","120.725","23.810","293"
"87","237614","20220620030000","195","0","南投縣","竹山鎮","120.720","23.815","142"
"80","237670","20220620030000","67","1","南投縣","魚池鄉","120.885","23.820","79"
"375","237685","20220620030000","288","2","雲林縣","麥寮鄉","120.290","23.765","364"
"82","237741","20220620030000","56","2","南投縣","集集鎮","120.760","23.830","78"
"54","237745","20220620030000","60","0","南投縣","集集鎮","120.760","23.835","67"
"154","237775","20220620030000","78","3","南投縣","集集鎮","120.750","23.840","172"
"197","237785","20220620030000","151","2","南投縣","集集鎮","120.745","23.830","197"
"37","237788","20220620030000","25","2","南投縣","集集鎮","120.740","23.835","34"
"35","237801","20220620030000","230","0","南投縣","集集鎮","120.780","23.825","37"
"252","237819","20220620030000","156","3","雲林縣","莿桐鄉","120.505","23.765","241"
"281","237826","20220620030000","215","2","雲林縣","莿桐鄉","120.520","23.765","281"
"1041","237833","20220620030000","445","3","雲林縣","西螺鎮","120.480","23.770","1042"
"390","237848","20220620030000","271","2","雲林縣","麥寮鄉","120.290","23.795","371"
"1807","237860","20220620030000","1356","2","雲林縣","麥寮鄉","120.275","23.795","1788"
"487","237864","20220620030000","294","3","雲林縣","麥寮鄉","120.280","23.795","472"
"16","237872","20220620030000","100","0","彰化縣","田中鎮","120.560","23.845","13"
"140","237874","20220620030000","96","2","彰化縣","田中鎮","120.570","23.845","144"
"65","237878","20220620030000","51","2","彰化縣","田中鎮","120.580","23.840","90"
"311","237881","20220620030000","312","0","彰化縣","田中鎮","120.595","23.840","309"
"44","237884","20220620030000","353","0","彰化縣","田中鎮","120.595","23.845","40"
"287","237895","20220620030000","181","3","彰化縣","田中鎮","120.595","23.830","278"
"68","237900","20220620030000","441","0","雲林縣","莿桐鄉","120.535","23.775","73"
"83","240440","20220620030000","58","2","花蓮縣","壽豐鄉","121.605","23.885","65"
"222","242904","20220620030000","143","3","花蓮縣","秀林鄉","121.500","23.920","203"
"208","242957","20220620030000","139","2","花蓮縣","壽豐鄉","121.530","23.865","229"
"132","242963","20220620030000","127","1","花蓮縣","壽豐鄉","121.525","23.870","149"
"888","242988","20220620030000","665","2","花蓮縣","壽豐鄉","121.510","23.870","905"
"720","243010","20220620030000","527","2","花蓮縣","壽豐鄉","121.520","23.890","715"
"22","243014","20220620030000","45","0","花蓮縣","壽豐鄉","121.540","23.890","31"
"392","243023","20220620030000","395","0","花蓮縣","壽豐鄉","121.555","23.895","379"
"307","243053","20220620030000","549","0","花蓮縣","壽豐鄉","121.535","23.895","442"
"283","243054","20220620030000","306","0","花蓮縣","壽豐鄉","121.540","23.895","350"
"293","243055","20220620030000","264","1","花蓮縣","壽豐鄉","121.545","23.895","346"
"355","243057","20220620030000","265","2","花蓮縣","壽豐鄉","121.530","23.895","364"
"504","243065","20220620030000","475","1","花蓮縣","壽豐鄉","121.530","23.900","575"
"592","243069","20220620030000","721","0","花蓮縣","壽豐鄉","121.550","23.900","728"
"963","243073","20220620030000","974","0","花蓮縣","壽豐鄉","121.530","23.905","932"
"142","243089","20220620030000","121","1","花蓮縣","壽豐鄉","121.520","23.915","152"
"97","243103","20220620030000","39","3","花蓮縣","壽豐鄉","121.550","23.920","101"
"74","243143","20220620030000","72","1","花蓮縣","壽豐鄉","121.555","23.865","64"
"57","243149","20220620030000","53","1","花蓮縣","壽豐鄉","121.555","23.870","57"
"35","243164","20220620030000","26","2","花蓮縣","壽豐鄉","121.585","23.880","50"
"36","243184","20220620030000","24","3","花蓮縣","壽豐鄉","121.595","23.905","32"
"55","243230","20220620030000","70","0","花蓮縣","壽豐鄉","121.520","23.845","36"
"510","243249","20220620030000","415","2","花蓮縣","壽豐鄉","121.495","23.850","535"
"510","243255","20220620030000","481","1","花蓮縣","壽豐鄉","121.490","23.855","560"
"113","243262","20220620030000","96","1","花蓮縣","壽豐鄉","121.485","23.855","104"
"136","243315","20220620030000","71","3","花蓮縣","壽豐鄉","121.600","23.870","118"
"36","243324","20220620030000","20","3","花蓮縣","壽豐鄉","121.590","23.885","34"
"164","243338","20220620030000","219","0","花蓮縣","壽豐鄉","121.600","23.905","112"
"52","243339","20220620030000","25","3","花蓮縣","壽豐鄉","121.605","23.905","59"
"651","243392","20220620030000","630","1","彰化縣","二林鎮","120.360","23.895","625"
"1133","243393","20220620030000","749","3","彰化縣","二林鎮","120.370","23.900","1162"
"339","243406","20220620030000","303","1","彰化縣","二林鎮","120.390","23.865","218"
"121","243422","20220620030000","187","0","彰化縣","二林鎮","120.415","23.910","144"
"427","243424","20220620030000","383","1","彰化縣","二林鎮","120.425","23.910","395"
"234","243439","20220620030000","213","1","彰化縣","二林鎮","120.360","23.865","221"
"391","243447","20220620030000","254","3","彰化縣","二林鎮","120.360","23.880","395"
"438","243770","20220620030000","405","1","彰化縣","二林鎮","120.365","23.890","429"
"443","243772","20220620030000","545","0","彰化縣","二林鎮","120.370","23.895","440"
"630","243777","20220620030000","441","2","彰化縣","二林鎮","120.425","23.895","672"
"363","243783","20220620030000","427","0","彰化縣","二林鎮","120.365","23.900","362"
"452","243796","20220620030000","396","1","彰化縣","二林鎮","120.440","23.875","430"
"95","243827","20220620030000","78","2","南投縣","水里鄉","120.865","23.905","100"
"303","243861","20220620030000","71","3","彰化縣","大城鄉","120.325","23.860","268"
"1107","243867","20220620030000","1173","0","彰化縣","大城鄉","120.320","23.850","1135"
"621","243900","20220620030000","562","1","彰化縣","埤頭鄉","120.470","23.915","621"
"333","243909","20220620030000","180","3","彰化縣","埤頭鄉","120.460","23.925","318"
"57","243970","20220620030000","44","2","南投縣","中寮鄉","120.800","23.905","60"
"131","244008","20220620030000","118","1","南投縣","中寮鄉","120.805","23.925","128"
"251","244044","20220620030000","140","3","南投縣","中寮鄉","120.750","23.895","253"
"22","244051","20220620030000","61","0","南投縣","中寮鄉","120.765","23.900","24"
"10","244098","20220620030000","114","0","南投縣","中寮鄉","120.790","23.860","10"
"589","244122","20220620030000","338","3","彰化縣","埤頭鄉","120.480","23.890","588"
"291","244129","20220620030000","271","1","彰化縣","埤頭鄉","120.460","23.860","286"
"33","244142","20220620030000","302","0","彰化縣","埤頭鄉","120.460","23.880","28"
"1276","244150","20220620030000","1165","1","彰化縣","埤頭鄉","120.465","23.890","1275"
"46","244159","20220620030000","375","0","南投縣","中寮鄉","120.760","23.880","44"
"121","244163","20220620030000","536","0","南投縣","中寮鄉","120.775","23.885","120"
"358","244211","20220620030000","250","2","南投縣","中寮鄉","120.735","23.895","356"
"80","244235","20220620030000","55","2","南投縣","中寮鄉","120.770","23.920","72"
"53","244247","20220620030000","282","0","南投縣","中寮鄉","120.830","23.860","61"
"101","244274","20220620030000","77","2","南投縣","中寮鄉","120.800","23.880","99"
"11","244321","20220620030000","17","0","南投縣","中寮鄉","120.845","23.900","12"
"40","244326","20220620030000","454","0","南投縣","中寮鄉","120.710","23.895","43"
"42","244341","20220620030000","31","2","彰化縣","員林鎮","120.580","23.925","37"
"146","244392","20220620030000","84","3","南投縣","中寮鄉","120.725","23.925","138"
"70","244395","20220620030000","53","2","南投縣","中寮鄉","120.740","23.925","74"
"836","244397","20220620030000","802","1","彰化縣","二林鎮","120.375","23.895","830"
"1192","244398","20220620030000","958","2","彰化縣","二林鎮","120.380","23.895","1126"
"222","244411","20220620030000","199","1","南投縣","南投市","120.695","23.915","196"
"299","244414","20220620030000","543","0","南投縣","南投市","120.695","23.920","297"
"581","244415","20220620030000","514","1","南投縣","南投市","120.700","23.920","571"
"96","244420","20220620030000","64","3","南投縣","南投市","120.640","23.925","104"
"1517","244422","20220620030000","1608","0","南投縣","南投市","120.690","23.905","1522"
"507","244426","20220620030000","459","1","彰化縣","永靖鄉","120.545","23.920","509"
"309","244429","20220620030000","336","0","彰化縣","永靖鄉","120.570","23.925","311"
"48","244451","20220620030000","56","0","南投縣","水里鄉","120.870","23.880","54"
"685","244465","20220620030000","456","3","彰化縣","溪州鄉","120.500","23.855","666"
"122","244468","20220620030000","110","1","彰化縣","溪州鄉","120.505","23.860","132"
"158","244477","20220620030000","169","0","南投縣","南投市","120.635","23.905","161"
"367","244478","20220620030000","397","0","南投縣","南投市","120.640","23.905","358"
"10","244480","20220620030000","14","0","南投縣","南投市","120.635","23.910","11"
"40","244488","20220620030000","33","2","彰化縣","社頭鄉","120.635","23.920","42"
"114","244490","20220620030000","118","0","南投縣","南投市","120.650","23.920","103"
"472","244492","20220620030000","624","0","彰化縣","永靖鄉","120.535","23.920","471"
"343","244498","20220620030000","328","1","彰化縣","永靖鄉","120.515","23.915","342"
"406","244499","20220620030000","266","3","彰化縣","永靖鄉","120.520","23.915","402"
"452","244512","20220620030000","538","0","彰化縣","永靖鄉","120.560","23.920","451"
"92","244516","20220620030000","365","0","彰化縣","永靖鄉","120.535","23.925","99"
"1391","244517","20220620030000","1605","0","彰化縣","永靖鄉","120.540","23.925","1342"
"367","244520","20220620030000","215","3","彰化縣","永靖鄉","120.560","23.910","358"
"26","244530","20220620030000","260","0","彰化縣","永靖鄉","120.545","23.910","26"
"93","244534","20220620030000","89","1","彰化縣","田尾鄉","120.530","23.910","96"
"38","244537","20220620030000","456","0","彰化縣","永靖鄉","120.550","23.920","39"
"32","244540","20220620030000","446","0","彰化縣","永靖鄉","120.550","23.925","30"
"54","244544","20220620030000","483","0","彰化縣","永靖鄉","120.505","23.920","50"
"411","244566","20220620030000","110","3","彰化縣","大城鄉","120.285","23.865","404"
"196","244576","20220620030000","27","3","彰化縣","大城鄉","120.290","23.870","198"
"558","244605","20220620030000","431","2","彰化縣","芳苑鄉","120.345","23.910","574"
"15","244609","20220620030000","254","0","彰化縣","芳苑鄉","120.350","23.915","11"
"251","244612","20220620030000","170","2","彰化縣","芳苑鄉","120.350","23.920","250"
"17","244615","20220620030000","18","0","彰化縣","芳苑鄉","120.355","23.925","19"
"243","244624","20220620030000","104","3","彰化縣","芳苑鄉","120.315","23.895","251"
"58","244639","20220620030000","58","1","彰化縣","芳苑鄉","120.305","23.905","60"
"1145","244674","20220620030000","796","2","南投縣","南投市","120.695","23.900","1123"
"12","244675","20220620030000","34","0","南投縣","南投市","120.685","23.925","10"
"68","244677","20220620030000","73","0","南投縣","南投市","120.695","23.925","55"
"352","244693","20220620030000","306","1","南投縣","南投市","120.680","23.895","338"
"23","244694","20220620030000","22","1","南投縣","南投市","120.685","23.895","22"
"1980","244695","20220620030000","1974","1","南投縣","南投市","120.685","23.900","1946"
"346","244696","20220620030000","290","1","南投縣","南投市","120.690","23.900","353"
"189","244697","20220620030000","151","2","彰化縣","溪州鄉","120.480","23.850","172"
"37","244698","20220620030000","275","0","彰化縣","溪州鄉","120.485","23.850","33"
"561","244700","20220620030000","497","1","彰化縣","溪州鄉","120.495","23.850","577"
"696","244706","20220620030000","759","0","南投縣","南投市","120.680","23.910","684"
"390","244716","20220620030000","241","3","南投縣","南投市","120.675","23.900","400"
"276","244717","20220620030000","246","1","南投縣","南投市","120.680","23.905","256"
"1250","244720","20220620030000","693","3","南投縣","南投市","120.675","23.905","1302"
"32","244738","20220620030000","24","2","南投縣","埔里鎮","120.990","23.925","30"
"150","244739","20220620030000","135","1","南投縣","埔里鎮","120.995","23.925","148"
"100","244741","20220620030000","83","2","南投縣","仁愛鄉","121.010","23.925","88"
"511","244742","20220620030000","528","0","彰化縣","溪州鄉","120.495","23.855","528"
"10","244748","20220620030000","30","0","彰化縣","溪州鄉","120.515","23.850","10"
"42","244772","20220620030000","32","2","南投縣","水里鄉","120.865","23.855","41"
"224","244790","20220620030000","121","3","南投縣","名間鄉","120.675","23.870","227"
"255","244793","20220620030000","220","1","彰化縣","田中鎮","120.625","23.855","258"
"122","244800","20220620030000","61","3","南投縣","名間鄉","120.630","23.855","112"
"152","244806","20220620030000","86","3","南投縣","名間鄉","120.635","23.860","116"
"623","244815","20220620030000","468","2","南投縣","名間鄉","120.705","23.875","609"
"135","244846","20220620030000","79","3","南投縣","名間鄉","120.635","23.880","189"
"554","244854","20220620030000","199","3","南投縣","南投市","120.690","23.910","565"
"815","244855","20220620030000","715","1","南投縣","南投市","120.690","23.915","778"
"93","244860","20220620030000","104","0","南投縣","南投市","120.655","23.915","86"
"863","244865","20220620030000","553","3","南投縣","南投市","120.665","23.920","826"
"871","244867","20220620030000","453","3","南投縣","南投市","120.675","23.920","851"
"724","244868","20220620030000","737","0","南投縣","南投市","120.680","23.920","714"
"590","244869","20220620030000","368","3","南投縣","南投市","120.670","23.925","594"
"684","244870","20220620030000","627","1","南投縣","南投市","120.675","23.925","671"
"1127","244872","20220620030000","705","3","南投縣","南投市","120.685","23.910","1166"
"1724","244873","20220620030000","1627","1","南投縣","南投市","120.685","23.905","1729"
"158","244874","20220620030000","179","0","南投縣","南投市","120.705","23.900","161"
"42","244875","20220620030000","56","0","南投縣","南投市","120.710","23.900","49"
"112","244880","20220620030000","67","3","南投縣","南投市","120.695","23.905","112"
"451","244881","20220620030000","331","2","南投縣","南投市","120.700","23.905","416"
"413","244890","20220620030000","492","0","南投縣","南投市","120.705","23.915","420"
"653","244893","20220620030000","636","1","彰化縣","溪州鄉","120.495","23.865","692"
"508","244909","20220620030000","504","1","彰化縣","埤頭鄉","120.460","23.890","486"
"686","244910","20220620030000","708","0","彰化縣","埤頭鄉","120.455","23.895","714"
"606","244911","20220620030000","522","1","彰化縣","埤頭鄉","120.460","23.895","596"
"491","244918","20220620030000","372","2","彰化縣","埤頭鄉","120.495","23.885","495"
"539","244922","20220620030000","445","2","彰化縣","埤頭鄉","120.495","23.890","527"
"228","244924","20220620030000","190","2","彰化縣","埤頭鄉","120.480","23.895","227"
"395","244925","20220620030000","403","0","彰化縣","埤頭鄉","120.485","23.895","400"
"661","244953","20220620030000","550","2","彰化縣","北斗鎮","120.515","23.875","660"
"386","244955","20220620030000","156","3","彰化縣","北斗鎮","120.515","23.865","404"
"49","244956","20220620030000","385","0","彰化縣","北斗鎮","120.520","23.865","52"
"504","244958","20220620030000","771","0","彰化縣","北斗鎮","120.520","23.870","491"
"491","244960","20220620030000","440","1","彰化縣","埤頭鄉","120.460","23.850","518"
"283","244961","20220620030000","249","1","彰化縣","埤頭鄉","120.465","23.850","281"
"216","244970","20220620030000","137","3","南投縣","名間鄉","120.645","23.865","211"
"174","244972","20220620030000","219","0","南投縣","名間鄉","120.650","23.870","153"
"912","244974","20220620030000","662","2","南投縣","名間鄉","120.655","23.870","881"
"391","244987","20220620030000","358","1","南投縣","名間鄉","120.670","23.850","408"
"321","244993","20220620030000","332","0","南投縣","名間鄉","120.675","23.855","324"
"791","245005","20220620030000","552","2","南投縣","名間鄉","120.695","23.865","756"
"187","245007","20220620030000","201","0","南投縣","名間鄉","120.685","23.870","198"
"336","245016","20220620030000","149","3","南投縣","名間鄉","120.685","23.880","351"
"78","245017","20220620030000","411","0","南投縣","名間鄉","120.690","23.880","81"
"135","245037","20220620030000","148","0","南投縣","名間鄉","120.705","23.865","146"
"245","245042","20220620030000","253","0","彰化縣","溪州鄉","120.525","23.850","246"
"257","245076","20220620030000","32","3","彰化縣","大城鄉","120.295","23.885","354"
"710","245099","20220620030000","175","3","彰化縣","大城鄉","120.300","23.890","465"
"37","245150","20220620030000","177","0","彰化縣","大城鄉","120.295","23.855","37"
"182","245157","20220620030000","192","0","彰化縣","北斗鎮","120.530","23.855","172"
"1231","245161","20220620030000","1211","1","彰化縣","北斗鎮","120.530","23.870","1217"
"188","245165","20220620030000","169","1","彰化縣","北斗鎮","120.545","23.870","192"
"391","245169","20220620030000","267","2","彰化縣","芳苑鄉","120.320","23.920","378"
"90","245184","20220620030000","39","3","南投縣","名間鄉","120.625","23.850","81"
"133","245191","20220620030000","127","1","南投縣","名間鄉","120.690","23.850","137"
"148","245192","20220620030000","109","2","南投縣","名間鄉","120.695","23.850","172"
"1358","245211","20220620030000","293","3","彰化縣","大城鄉","120.290","23.860","1379"
"136","245214","20220620030000","68","3","彰化縣","大城鄉","120.300","23.865","126"
"195","245216","20220620030000","58","3","彰化縣","大城鄉","120.300","23.870","213"
"587","245296","20220620030000","218","3","南投縣","南投市","120.635","23.895","551"
"333","245305","20220620030000","194","3","南投縣","南投市","120.660","23.925","324"
"28","245312","20220620030000","130","0","南投縣","南投市","120.665","23.910","31"
"354","245314","20220620030000","1110","0","南投縣","南投市","120.675","23.910","342"
"858","245316","20220620030000","1438","0","南投縣","南投市","120.680","23.915","886"
"1389","245320","20220620030000","846","3","彰化縣","北斗鎮","120.520","23.880","1394"
"654","245325","20220620030000","473","2","彰化縣","北斗鎮","120.530","23.875","642"
"343","245329","20220620030000","225","3","彰化縣","北斗鎮","120.535","23.880","365"
"39","245332","20220620030000","692","0","彰化縣","北斗鎮","120.525","23.870","36"
"510","245335","20220620030000","120","3","彰化縣","大城鄉","120.310","23.875","578"
"315","245353","20220620030000","237","2","彰化縣","大城鄉","120.315","23.870","306"
"308","245376","20220620030000","282","1","彰化縣","北斗鎮","120.510","23.880","321"
"22","245379","20220620030000","234","0","彰化縣","田尾鄉","120.515","23.890","21"
"372","245489","20220620030000","330","1","南投縣","仁愛鄉","120.990","23.905","354"
"31","245503","20220620030000","21","2","南投縣","仁愛鄉","121.005","23.910","33"
"23","245515","20220620030000","27","0","南投縣","埔里鎮","121.010","23.920","22"
"26","245723","20220620030000","18","2","南投縣","仁愛鄉","121.025","23.910","28"
"317","245728","20220620030000","340","0","南投縣","仁愛鄉","121.050","23.910","318"
"37","245748","20220620030000","52","0","南投縣","仁愛鄉","121.030","23.920","30"
"155","246363","20220620030000","484","0","彰化縣","北斗鎮","120.525","23.880","166"
"207","246370","20220620030000","213","0","彰化縣","北斗鎮","120.555","23.855","222"
"466","246377","20220620030000","369","2","彰化縣","北斗鎮","120.550","23.865","481"
"288","246388","20220620030000","233","2","彰化縣","埤頭鄉","120.455","23.850","287"
"368","246394","20220620030000","232","3","彰化縣","二林鎮","120.410","23.920","383"
"20","246402","20220620030000","386","0","彰化縣","二林鎮","120.365","23.895","18"
"634","246404","20220620030000","407","3","彰化縣","二林鎮","120.405","23.895","628"
"190","246436","20220620030000","231","0","彰化縣","芳苑鄉","120.380","23.925","180"
"591","246446","20220620030000","440","2","彰化縣","芳苑鄉","120.330","23.895","616"
"160","246468","20220620030000","127","2","彰化縣","芳苑鄉","120.330","23.915","161"
"178","246471","20220620030000","82","3","彰化縣","芳苑鄉","120.335","23.920","159"
"948","246472","20220620030000","833","1","彰化縣","北斗鎮","120.525","23.875","900"
"229","246476","20220620030000","149","3","彰化縣","北斗鎮","120.560","23.850","205"
"47","246477","20220620030000","75","0","彰化縣","北斗鎮","120.540","23.855","55"
"68","246480","20220620030000","56","2","彰化縣","北斗鎮","120.550","23.855","67"
"479","246488","20220620030000","326","2","彰化縣","北斗鎮","120.535","23.870","498"
"127","246493","20220620030000","119","1","彰化縣","二林鎮","120.395","23.890","128"
"397","246499","20220620030000","279","2","彰化縣","大城鄉","120.315","23.850","373"
"217","246518","20220620030000","250","0","南投縣","南投市","120.670","23.890","218"
"584","246522","20220620030000","519","1","南投縣","南投市","120.690","23.890","606"
"1064","246530","20220620030000","1006","1","彰化縣","社頭鄉","120.605","23.915","1059"
"538","246531","20220620030000","241","3","彰化縣","田中鎮","120.585","23.875","522"
"181","246534","20220620030000","171","1","彰化縣","田中鎮","120.575","23.865","193"
"323","246537","20220620030000","168","3","彰化縣","田中鎮","120.575","23.875","323"
"70","246545","20220620030000","80","0","彰化縣","田尾鄉","120.510","23.905","77"
"439","246547","20220620030000","347","2","彰化縣","竹塘鄉","120.415","23.850","469"
"466","246558","20220620030000","508","0","彰化縣","田尾鄉","120.535","23.905","470"
"1752","246566","20220620030000","785","3","彰化縣","社頭鄉","120.580","23.895","1751"
"1245","246568","20220620030000","478","3","彰化縣","社頭鄉","120.580","23.900","1232"
"2204","246569","20220620030000","1097","3","彰化縣","社頭鄉","120.580","23.905","2174"
"56","246573","20220620030000","222","0","彰化縣","田尾鄉","120.525","23.885","55"
"183","246574","20220620030000","316","0","彰化縣","田尾鄉","120.530","23.885","185"
"136","246579","20220620030000","105","2","彰化縣","田尾鄉","120.535","23.890","136"
"520","246581","20220620030000","424","2","彰化縣","田尾鄉","120.535","23.895","508"
"850","246583","20220620030000","746","1","彰化縣","田尾鄉","120.530","23.900","843"
"22","246608","20220620030000","44","0","彰化縣","社頭鄉","120.620","23.925","24"
"1445","246615","20220620030000","1280","1","彰化縣","竹塘鄉","120.430","23.855","1420"
"620","246618","20220620030000","660","0","彰化縣","竹塘鄉","120.420","23.875","619"
"221","246630","20220620030000","153","2","彰化縣","竹塘鄉","120.375","23.850","241"
"2468","246654","20220620030000","774","3","彰化縣","社頭鄉","120.585","23.900","2458"
"1226","246659","20220620030000","418","3","彰化縣","社頭鄉","120.585","23.890","1227"
"383","246669","20220620030000","185","3","彰化縣","竹塘鄉","120.445","23.860","384"
"506","246711","20220620030000","394","2","南投縣","魚池鄉","120.910","23.860","470"
"321","246720","20220620030000","197","3","南投縣","魚池鄉","120.900","23.865","272"
"231","246722","20220620030000","280","0","南投縣","魚池鄉","120.910","23.865","197"
"193","246735","20220620030000","213","0","南投縣","魚池鄉","120.925","23.870","184"
"256","246739","20220620030000","204","2","南投縣","魚池鄉","120.935","23.895","252"
"543","246741","20220620030000","370","2","南投縣","魚池鄉","120.935","23.900","520"
"505","246742","20220620030000","413","2","南投縣","魚池鄉","120.940","23.900","510"
"275","246747","20220620030000","264","1","彰化縣","芳苑鄉","120.350","23.900","248"
"306","246748","20220620030000","232","2","彰化縣","二林鎮","120.355","23.900","307"
"165","246749","20220620030000","143","1","彰化縣","芳苑鄉","120.360","23.900","162"
"35","246750","20220620030000","28","2","彰化縣","芳苑鄉","120.345","23.905","35"
"147","246758","20220620030000","111","2","彰化縣","芳苑鄉","120.355","23.920","157"
"250","246770","20220620030000","265","0","彰化縣","芳苑鄉","120.335","23.890","258"
"20","246777","20220620030000","33","0","南投縣","魚池鄉","120.925","23.875","24"
"226","246788","20220620030000","163","2","南投縣","魚池鄉","120.925","23.885","256"
"152","246822","20220620030000","126","2","南投縣","魚池鄉","120.905","23.880","143"
"16","246823","20220620030000","12","2","南投縣","魚池鄉","120.875","23.885","11"
"14","246824","20220620030000","102","0","南投縣","魚池鄉","120.880","23.885","18"
"56","246826","20220620030000","71","0","南投縣","魚池鄉","120.890","23.885","68"
"15","246832","20220620030000","16","0","南投縣","魚池鄉","120.880","23.890","16"
"22","246857","20220620030000","15","2","南投縣","魚池鄉","120.890","23.905","26"
"22","246858","20220620030000","27","0","南投縣","魚池鄉","120.895","23.905","23"
"28","246870","20220620030000","12","3","南投縣","魚池鄉","120.890","23.910","19"
"114","246893","20220620030000","122","0","南投縣","魚池鄉","120.955","23.900","114"
"194","246906","20220620030000","185","1","南投縣","魚池鄉","120.955","23.910","189"
"123","246920","20220620030000","132","0","南投縣","魚池鄉","120.965","23.915","127"
"60","246922","20220620030000","100","0","南投縣","魚池鄉","120.965","23.920","54"
"15","246930","20220620030000","21","0","南投縣","魚池鄉","120.950","23.865","12"
"82","246935","20220620030000","98","0","南投縣","魚池鄉","120.945","23.870","88"
"29","246941","20220620030000","39","0","南投縣","魚池鄉","120.950","23.875","29"
"235","246945","20220620030000","126","3","南投縣","魚池鄉","120.950","23.880","245"
"35","246955","20220620030000","293","0","南投縣","魚池鄉","120.905","23.905","26"
"322","246964","20220620030000","326","0","南投縣","魚池鄉","120.920","23.910","328"
"73","246970","20220620030000","62","1","南投縣","魚池鄉","120.920","23.915","58"
"241","246989","20220620030000","243","0","南投縣","魚池鄉","120.925","23.910","254"
"178","247005","20220620030000","110","3","南投縣","魚池鄉","120.945","23.925","179"
"813","247013","20220620030000","670","2","南投縣","魚池鄉","120.930","23.850","644"
"25","247024","20220620030000","14","3","南投縣","魚池鄉","120.935","23.855","11"
"426","247088","20220620030000","402","1","南投縣","魚池鄉","120.965","23.890","425"
"613","247100","20220620030000","236","3","南投縣","魚池鄉","120.940","23.895","575"
"26","247101","20220620030000","22","1","南投縣","魚池鄉","120.945","23.895","23"
"72","247117","20220620030000","43","3","彰化縣","竹塘鄉","120.400","23.860","100"
"175","247119","20220620030000","156","1","彰化縣","竹塘鄉","120.410","23.860","186"
"1057","247156","20220620030000","937","1","彰化縣","社頭鄉","120.595","23.900","1050"
"225","247158","20220620030000","201","1","彰化縣","田尾鄉","120.550","23.890","241"
"110","247160","20220620030000","96","1","彰化縣","田尾鄉","120.555","23.895","111"
"15","247163","20220620030000","263","0","彰化縣","田尾鄉","120.560","23.900","15"
"579","247166","20220620030000","629","0","彰化縣","田尾鄉","120.525","23.905","568"
"30","247170","20220620030000","18","3","彰化縣","田尾鄉","120.520","23.890","20"
"548","247187","20220620030000","595","0","彰化縣","田尾鄉","120.500","23.920","561"
"84","247189","20220620030000","628","0","彰化縣","溪湖鎮","120.475","23.925","89"
"2562","247194","20220620030000","366","3","彰化縣","社頭鄉","120.585","23.895","2615"
"304","247207","20220620030000","263","1","彰化縣","社頭鄉","120.605","23.895","314"
"29","247218","20220620030000","170","0","彰化縣","田尾鄉","120.540","23.885","24"
"360","247222","20220620030000","542","0","彰化縣","田中鎮","120.585","23.865","379"
"443","247224","20220620030000","438","1","彰化縣","田中鎮","120.585","23.850","440"
"37","247227","20220620030000","713","0","彰化縣","田中鎮","120.600","23.855","39"
"1147","247235","20220620030000","861","2","彰化縣","田中鎮","120.590","23.855","1088"
"39","247238","20220620030000","43","0","彰化縣","田尾鄉","120.530","23.895","36"
"199","247244","20220620030000","168","1","彰化縣","北斗鎮","120.545","23.880","210"
"37","247248","20220620030000","42","0","彰化縣","田尾鄉","120.550","23.885","31"
"288","247250","20220620030000","225","2","彰化縣","田尾鄉","120.560","23.890","271"
"105","247251","20220620030000","94","1","彰化縣","田尾鄉","120.565","23.890","106"
"15","247253","20220620030000","407","0","彰化縣","田尾鄉","120.535","23.900","15"
"80","247259","20220620030000","875","0","彰化縣","田尾鄉","120.550","23.900","80"
"527","247268","20220620030000","457","1","彰化縣","社頭鄉","120.585","23.920","530"
"65","247277","20220620030000","50","2","彰化縣","社頭鄉","120.615","23.885","50"
"431","247283","20220620030000","332","2","彰化縣","社頭鄉","120.610","23.890","408"
"23","247286","20220620030000","20","1","彰化縣","社頭鄉","120.570","23.910","18"
"34","247288","20220620030000","44","0","彰化縣","永靖鄉","120.575","23.915","31"
"56","247290","20220620030000","34","3","彰化縣","永靖鄉","120.575","23.920","57"
"30","247291","20220620030000","308","0","彰化縣","社頭鄉","120.595","23.920","21"
"21","247293","20220620030000","311","0","彰化縣","社頭鄉","120.605","23.920","18"
"566","247305","20220620030000","531","1","彰化縣","北斗鎮","120.570","23.850","542"
"270","247308","20220620030000","225","2","彰化縣","田中鎮","120.575","23.855","286"
"623","247312","20220620030000","532","1","彰化縣","田中鎮","120.605","23.855","629"
"449","247316","20220620030000","1095","0","彰化縣","田中鎮","120.580","23.860","454"
"431","247328","20220620030000","377","1","彰化縣","社頭鄉","120.575","23.900","492"
"314","247336","20220620030000","306","1","彰化縣","社頭鄉","120.610","23.905","333"
"15","247347","20220620030000","11","2","彰化縣","社頭鄉","120.630","23.905","16"
"430","247352","20220620030000","415","1","彰化縣","田中鎮","120.560","23.865","404"
"155","247353","20220620030000","173","0","彰化縣","田中鎮","120.565","23.865","164"
"177","247359","20220620030000","94","3","彰化縣","田中鎮","120.590","23.865","196"
"550","247361","20220620030000","518","1","彰化縣","田中鎮","120.585","23.870","550"
"453","247365","20220620030000","459","0","彰化縣","田中鎮","120.585","23.860","460"
"177","247366","20220620030000","181","0","彰化縣","田中鎮","120.570","23.875","209"
"10","247367","20220620030000","224","0","彰化縣","田中鎮","120.560","23.880","10"
"301","247377","20220620030000","272","1","彰化縣","田中鎮","120.605","23.870","314"
"139","247383","20220620030000","148","0","彰化縣","田中鎮","120.605","23.875","138"
"251","247399","20220620030000","215","1","彰化縣","田中鎮","120.595","23.855","266"
"56","247400","20220620030000","294","0","彰化縣","田中鎮","120.590","23.860","62"
"682","247403","20220620030000","308","3","彰化縣","社頭鄉","120.590","23.900","679"
"920","247409","20220620030000","316","3","彰化縣","社頭鄉","120.585","23.885","929"
"39","247637","20220620030000","41","0","花蓮縣","壽豐鄉","121.610","23.920","40"
"160","252412","20220620030000","101","3","花蓮縣","花蓮市","121.640","23.995","113"
"56","252926","20220620030000","46","2","臺中市","霧峰區","120.705","24.010","53"
"209","253141","20220620030000","127","3","花蓮縣","秀林鄉","121.505","23.945","199"
"323","253374","20220620030000","205","3","花蓮縣","秀林鄉","121.555","24.005","323"
"216","253376","20220620030000","206","1","花蓮縣","新城鄉","121.615","24.005","207"
"154","253382","20220620030000","163","0","花蓮縣","吉安鄉","121.580","23.925","151"
"189","253393","20220620030000","154","2","花蓮縣","吉安鄉","121.585","23.930","188"
"229","253400","20220620030000","98","3","花蓮縣","吉安鄉","121.580","23.935","213"
"758","253410","20220620030000","588","2","花蓮縣","吉安鄉","121.595","23.940","745"
"561","253413","20220620030000","494","1","花蓮縣","吉安鄉","121.575","23.945","555"
"1511","253414","20220620030000","781","3","花蓮縣","吉安鄉","121.585","23.975","1513"
"188","253433","20220620030000","187","1","花蓮縣","吉安鄉","121.550","23.945","178"
"126","253436","20220620030000","122","1","花蓮縣","吉安鄉","121.525","23.945","134"
"16","253450","20220620030000","30","0","花蓮縣","吉安鄉","121.580","23.950","16"
"1443","253452","20220620030000","891","3","花蓮縣","吉安鄉","121.590","23.950","1385"
"849","253454","20220620030000","695","2","花蓮縣","吉安鄉","121.590","23.955","862"
"482","253457","20220620030000","426","1","花蓮縣","吉安鄉","121.590","23.945","525"
"443","253463","20220620030000","349","2","花蓮縣","吉安鄉","121.600","23.945","486"
"1016","253470","20220620030000","1916","0","花蓮縣","吉安鄉","121.590","23.965","1048"
"1135","253471","20220620030000","364","3","花蓮縣","吉安鄉","121.590","23.970","1085"
"2795","253472","20220620030000","2295","2","花蓮縣","花蓮市","121.590","23.975","2713"
"1096","253475","20220620030000","1029","1","花蓮縣","吉安鄉","121.590","23.980","1086"
"266","253477","20220620030000","263","1","花蓮縣","吉安鄉","121.585","23.985","266"
"298","253478","20220620030000","258","1","花蓮縣","吉安鄉","121.585","23.980","310"
"980","253479","20220620030000","743","2","花蓮縣","花蓮市","121.600","23.985","935"
"323","253480","20220620030000","303","1","花蓮縣","吉安鄉","121.580","23.985","330"
"547","253481","20220620030000","524","1","花蓮縣","吉安鄉","121.585","23.990","536"
"2434","253482","20220620030000","1434","3","花蓮縣","花蓮市","121.595","23.990","2476"
"1860","253484","20220620030000","1068","3","花蓮縣","吉安鄉","121.580","23.970","1918"
"522","253485","20220620030000","479","1","花蓮縣","吉安鄉","121.585","23.970","518"
"166","253506","20220620030000","122","2","花蓮縣","吉安鄉","121.570","23.965","183"
"490","253507","20220620030000","285","3","花蓮縣","吉安鄉","121.575","23.965","502"
"595","253508","20220620030000","356","3","花蓮縣","吉安鄉","121.565","23.970","661"
"80","253517","20220620030000","105","0","花蓮縣","吉安鄉","121.560","23.975","92"
"1536","253520","20220620030000","926","3","花蓮縣","吉安鄉","121.580","23.975","1483"
"639","253542","20220620030000","547","1","花蓮縣","吉安鄉","121.555","23.990","660"
"105","253545","20220620030000","142","0","花蓮縣","吉安鄉","121.570","23.990","129"
"498","253552","20220620030000","273","3","花蓮縣","吉安鄉","121.570","23.975","507"
"913","253554","20220620030000","272","3","花蓮縣","吉安鄉","121.565","23.980","911"
"1657","253555","20220620030000","1031","3","花蓮縣","吉安鄉","121.570","23.980","1627"
"349","253556","20220620030000","334","1","花蓮縣","吉安鄉","121.575","23.980","464"
"41","253557","20220620030000","34","2","花蓮縣","吉安鄉","121.555","23.985","43"
"778","253559","20220620030000","224","3","花蓮縣","吉安鄉","121.565","23.985","778"
"210","253561","20220620030000","143","2","花蓮縣","吉安鄉","121.605","23.955","226"
"735","253562","20220620030000","439","3","花蓮縣","吉安鄉","121.595","23.960","745"
"534","253563","20220620030000","350","3","花蓮縣","吉安鄉","121.600","23.960","524"
"1557","253565","20220620030000","1640","0","花蓮縣","吉安鄉","121.595","23.965","1549"
"567","253569","20220620030000","569","0","花蓮縣","吉安鄉","121.575","23.985","564"
"533","253575","20220620030000","306","3","花蓮縣","吉安鄉","121.570","23.940","529"
"592","253584","20220620030000","566","1","花蓮縣","吉安鄉","121.560","23.950","595"
"807","253594","20220620030000","706","1","花蓮縣","吉安鄉","121.550","23.965","789"
"64","253595","20220620030000","42","3","花蓮縣","吉安鄉","121.555","23.965","67"
"917","253596","20220620030000","833","1","花蓮縣","吉安鄉","121.560","23.965","918"
"1061","253597","20220620030000","605","3","花蓮縣","吉安鄉","121.565","23.965","1085"
"532","253603","20220620030000","202","3","花蓮縣","吉安鄉","121.560","23.970","519"
"442","253608","20220620030000","205","3","花蓮縣","吉安鄉","121.580","23.955","424"
"983","253609","20220620030000","898","1","花蓮縣","吉安鄉","121.570","23.960","966"
"431","253611","20220620030000","452","0","花蓮縣","吉安鄉","121.580","23.960","382"
"370","253627","20220620030000","297","2","花蓮縣","吉安鄉","121.535","23.930","365"
"500","253648","20220620030000","469","1","花蓮縣","花蓮市","121.625","23.985","479"
"1347","253649","20220620030000","1305","1","花蓮縣","花蓮市","121.620","24.005","1312"
"74","253650","20220620030000","58","2","彰化縣","二林鎮","120.420","23.955","74"
"107","253656","20220620030000","95","1","彰化縣","二林鎮","120.415","23.965","105"
"366","253670","20220620030000","226","3","彰化縣","二林鎮","120.440","23.930","361"
"1990","253672","20220620030000","1566","2","彰化縣","員林鎮","120.580","23.955","2021"
"637","253673","20220620030000","554","1","彰化縣","員林鎮","120.585","23.955","667"
"515","253675","20220620030000","883","0","彰化縣","員林鎮","120.565","23.950","515"
"311","253677","20220620030000","303","1","彰化縣","埔心鄉","120.560","23.940","305"
"755","253681","20220620030000","688","1","彰化縣","員林鎮","120.565","23.945","743"
"12","253686","20220620030000","11","1","彰化縣","員林鎮","120.610","23.980","12"
"1462","253688","20220620030000","1077","2","彰化縣","員林鎮","120.570","23.960","1440"
"2365","253689","20220620030000","2275","1","彰化縣","員林鎮","120.570","23.955","2390"
"253","253764","20220620030000","191","2","花蓮縣","秀林鄉","121.505","23.960","247"
"154","253789","20220620030000","71","3","花蓮縣","秀林鄉","121.495","23.965","141"
"1293","254233","20220620030000","1536","0","花蓮縣","花蓮市","121.605","23.975","1303"
"2473","254234","20220620030000","2080","1","花蓮縣","花蓮市","121.600","23.975","2430"
"1575","254236","20220620030000","1258","2","花蓮縣","花蓮市","121.625","23.990","1551"
"639","254237","20220620030000","673","0","花蓮縣","花蓮市","121.630","23.985","619"
"1272","254238","20220620030000","1018","2","花蓮縣","花蓮市","121.630","23.990","1276"
"2186","254240","20220620030000","1948","1","花蓮縣","花蓮市","121.635","23.995","2105"
"44","254242","20220620030000","58","0","南投縣","國姓鄉","120.880","23.970","38"
"187","254247","20220620030000","278","0","南投縣","國姓鄉","120.875","23.975","308"
"10","254256","20220620030000","19","0","南投縣","國姓鄉","120.885","23.980","10"
"294","254260","20220620030000","227","2","南投縣","國姓鄉","120.870","23.985","236"
"58","254328","20220620030000","34","3","南投縣","國姓鄉","120.830","23.945","23"
"40","254335","20220620030000","30","2","南投縣","國姓鄉","120.865","23.945","32"
"126","254346","20220620030000","79","3","南投縣","國姓鄉","120.865","23.950","113"
"26","254374","20220620030000","23","1","南投縣","國姓鄉","120.860","23.960","35"
"202","254397","20220620030000","129","3","南投縣","國姓鄉","120.865","23.975","128"
"781","254400","20220620030000","639","2","南投縣","埔里鎮","120.970","23.955","771"
"722","254401","20220620030000","508","2","南投縣","埔里鎮","120.990","23.945","684"
"1284","254411","20220620030000","2317","0","南投縣","埔里鎮","120.975","23.955","1303"
"2208","254415","20220620030000","1635","2","南投縣","埔里鎮","120.975","23.960","2217"
"140","254447","20220620030000","147","0","南投縣","埔里鎮","120.925","23.940","160"
"37","254450","20220620030000","63","0","南投縣","埔里鎮","120.940","23.940","40"
"149","254465","20220620030000","301","0","南投縣","埔里鎮","120.915","23.950","223"
"131","254467","20220620030000","552","0","南投縣","埔里鎮","120.925","23.950","304"
"267","254470","20220620030000","247","1","南投縣","埔里鎮","120.940","23.950","289"
"119","254481","20220620030000","112","1","南投縣","埔里鎮","120.915","23.955","128"
"197","254490","20220620030000","264","0","南投縣","埔里鎮","120.980","23.935","201"
"57","254499","20220620030000","71","0","南投縣","埔里鎮","120.995","23.940","59"
"433","254504","20220620030000","379","1","南投縣","埔里鎮","120.970","23.945","434"
"410","254506","20220620030000","363","1","南投縣","埔里鎮","120.980","23.945","440"
"511","254510","20220620030000","444","1","南投縣","埔里鎮","120.965","23.950","501"
"395","254512","20220620030000","524","0","南投縣","埔里鎮","120.975","23.950","415"
"2158","254517","20220620030000","1956","1","南投縣","埔里鎮","120.970","23.970","2137"
"377","254519","20220620030000","276","2","南投縣","埔里鎮","120.975","23.975","380"
"30","254520","20220620030000","97","0","南投縣","埔里鎮","120.970","23.980","24"
"264","254538","20220620030000","115","3","南投縣","中寮鄉","120.790","23.945","265"
"429","254550","20220620030000","873","0","南投縣","埔里鎮","120.970","23.965","445"
"275","254560","20220620030000","276","0","南投縣","埔里鎮","120.945","23.960","270"
"16","254571","20220620030000","197","0","南投縣","埔里鎮","120.930","23.970","14"
"359","254589","20220620030000","316","1","南投縣","埔里鎮","120.955","24.005","348"
"1011","254592","20220620030000","955","1","南投縣","埔里鎮","120.965","23.955","947"
"15","254593","20220620030000","13","1","南投縣","埔里鎮","120.910","23.985","15"
"31","254599","20220620030000","25","2","南投縣","埔里鎮","120.915","23.990","32"
"874","254621","20220620030000","490","3","南投縣","埔里鎮","120.960","23.960","874"
"131","254622","20220620030000","112","1","南投縣","埔里鎮","120.965","23.960","122"
"56","254624","20220620030000","1048","0","南投縣","埔里鎮","120.955","23.965","69"
"484","254627","20220620030000","754","0","南投縣","埔里鎮","120.960","23.970","531"
"626","254629","20220620030000","624","1","南投縣","埔里鎮","120.955","23.975","622"
"744","254633","20220620030000","833","0","南投縣","埔里鎮","120.980","23.980","751"
"40","254641","20220620030000","185","0","南投縣","埔里鎮","120.955","23.955","36"
"471","254658","20220620030000","373","2","南投縣","埔里鎮","120.980","23.990","440"
"199","254675","20220620030000","187","1","南投縣","埔里鎮","120.960","24.000","183"
"32","254680","20220620030000","25","2","南投縣","埔里鎮","120.985","24.000","34"
"13","254694","20220620030000","340","0","南投縣","埔里鎮","120.955","23.940","16"
"369","254705","20220620030000","345","1","南投縣","埔里鎮","120.970","24.005","362"
"209","254706","20220620030000","170","2","南投縣","埔里鎮","120.975","24.005","195"
"473","254712","20220620030000","440","1","花蓮縣","花蓮市","121.610","23.970","427"
"1650","254713","20220620030000","1012","3","花蓮縣","花蓮市","121.600","23.965","1705"
"609","254714","20220620030000","528","1","花蓮縣","花蓮市","121.610","23.985","615"
"1362","254716","20220620030000","1392","0","花蓮縣","花蓮市","121.605","23.980","1305"
"1202","254717","20220620030000","1025","1","花蓮縣","花蓮市","121.600","23.980","1222"
"712","254719","20220620030000","1000","0","花蓮縣","花蓮市","121.605","23.985","711"
"31","254721","20220620030000","92","0","花蓮縣","花蓮市","121.600","23.970","34"
"1537","254723","20220620030000","2011","0","花蓮縣","花蓮市","121.605","23.970","1911"
"55","254728","20220620030000","97","0","花蓮縣","花蓮市","121.615","23.985","54"
"1146","254729","20220620030000","1188","0","花蓮縣","花蓮市","121.620","24.000","1156"
"1666","254730","20220620030000","1614","1","花蓮縣","花蓮市","121.625","23.995","1647"
"708","254732","20220620030000","500","2","花蓮縣","花蓮市","121.615","23.975","667"
"315","254733","20220620030000","315","1","花蓮縣","花蓮市","121.615","23.980","328"
"1670","254735","20220620030000","1079","3","花蓮縣","吉安鄉","121.590","23.985","1678"
"106","254742","20220620030000","176","0","花蓮縣","花蓮市","121.610","24.005","91"
"43","254743","20220620030000","173","0","花蓮縣","吉安鄉","121.580","23.990","38"
"800","254745","20220620030000","330","3","花蓮縣","吉安鄉","121.590","23.990","792"
"471","254746","20220620030000","649","0","花蓮縣","花蓮市","121.585","23.995","693"
"497","254747","20220620030000","490","1","花蓮縣","花蓮市","121.590","23.995","542"
"676","254748","20220620030000","802","0","花蓮縣","花蓮市","121.595","23.995","702"
"315","254754","20220620030000","427","0","花蓮縣","花蓮市","121.590","24.005","342"
"455","254755","20220620030000","416","1","花蓮縣","花蓮市","121.595","24.005","437"
"1393","254756","20220620030000","1436","0","花蓮縣","花蓮市","121.595","23.970","1527"
"846","254757","20220620030000","563","3","花蓮縣","花蓮市","121.595","23.975","816"
"2333","254766","20220620030000","2181","1","彰化縣","員林鎮","120.570","23.970","2284"
"627","254767","20220620030000","590","1","彰化縣","員林鎮","120.575","23.970","617"
"541","254769","20220620030000","568","0","花蓮縣","花蓮市","121.610","23.975","510"
"1502","254770","20220620030000","790","3","花蓮縣","花蓮市","121.610","23.980","1390"
"837","254771","20220620030000","741","1","花蓮縣","花蓮市","121.615","24.000","771"
"20","254772","20220620030000","21","0","花蓮縣","花蓮市","121.560","24.000","26"
"177","254777","20220620030000","152","1","花蓮縣","花蓮市","121.575","24.005","168"
"2286","254779","20220620030000","2204","1","花蓮縣","花蓮市","121.600","23.990","2221"
"799","254780","20220620030000","835","0","花蓮縣","花蓮市","121.610","23.990","785"
"2387","254781","20220620030000","2780","0","花蓮縣","花蓮市","121.605","23.990","2334"
"506","254782","20220620030000","480","1","花蓮縣","花蓮市","121.605","23.995","477"
"3194","254783","20220620030000","2730","1","花蓮縣","吉安鄉","121.575","23.990","3228"
"1522","254784","20220620030000","1436","1","花蓮縣","吉安鄉","121.565","23.995","1685"
"533","254785","20220620030000","346","3","花蓮縣","花蓮市","121.570","23.995","520"
"174","254786","20220620030000","282","0","花蓮縣","花蓮市","121.575","23.995","238"
"1093","254789","20220620030000","1220","0","花蓮縣","吉安鄉","121.595","23.985","1018"
"2219","254790","20220620030000","1477","3","花蓮縣","花蓮市","121.600","23.995","2236"
"22","254887","20220620030000","133","0","南投縣","中寮鄉","120.780","23.945","22"
"247","254901","20220620030000","237","1","南投縣","中寮鄉","120.765","23.940","244"
"222","254913","20220620030000","196","1","彰化縣","員林鎮","120.550","23.975","226"
"564","254920","20220620030000","530","1","彰化縣","員林鎮","120.580","23.935","564"
"59","254922","20220620030000","134","0","彰化縣","員林鎮","120.575","23.940","58"
"372","254925","20220620030000","311","1","彰化縣","員林鎮","120.580","23.945","371"
"75","254926","20220620030000","376","0","彰化縣","員林鎮","120.575","23.945","75"
"718","254940","20220620030000","627","1","花蓮縣","花蓮市","121.620","23.985","715"
"615","254941","20220620030000","574","1","花蓮縣","花蓮市","121.615","23.990","607"
"269","254942","20220620030000","247","1","花蓮縣","花蓮市","121.620","23.990","274"
"81","254950","20220620030000","59","2","花蓮縣","花蓮市","121.645","24.005","74"
"563","254952","20220620030000","497","1","彰化縣","埔心鄉","120.520","23.965","541"
"23","254964","20220620030000","63","0","彰化縣","芳苑鄉","120.325","23.940","19"
"334","254974","20220620030000","224","2","彰化縣","芳苑鄉","120.330","23.940","288"
"1767","255019","20220620030000","1226","2","彰化縣","員林鎮","120.565","23.965","1797"
"140","255021","20220620030000","700","0","彰化縣","員林鎮","120.600","23.965","135"
"65","255024","20220620030000","50","2","彰化縣","員林鎮","120.610","23.970","62"
"393","255030","20220620030000","370","1","彰化縣","埔心鄉","120.530","23.940","403"
"20","255038","20220620030000","592","0","彰化縣","埔鹽鄉","120.480","23.990","30"
"169","255039","20220620030000","158","1","彰化縣","埔鹽鄉","120.500","23.975","170"
"132","255044","20220620030000","253","0","南投縣","南投市","120.700","23.930","131"
"240","255046","20220620030000","175","2","南投縣","南投市","120.635","23.935","247"
"181","255053","20220620030000","134","2","南投縣","南投市","120.635","23.945","170"
"546","255063","20220620030000","624","0","彰化縣","永靖鄉","120.555","23.935","570"
"37","255064","20220620030000","372","0","彰化縣","永靖鄉","120.560","23.930","43"
"637","255065","20220620030000","575","1","彰化縣","員林鎮","120.555","23.960","631"
"393","255068","20220620030000","157","3","彰化縣","員林鎮","120.560","23.965","376"
"479","255069","20220620030000","359","2","彰化縣","員林鎮","120.555","23.970","468"
"1546","255073","20220620030000","1423","1","南投縣","南投市","120.690","23.945","1549"
"1246","255074","20220620030000","1122","1","南投縣","南投市","120.690","23.950","1223"
"33","255075","20220620030000","195","0","南投縣","南投市","120.685","23.950","22"
"43","255078","20220620030000","263","0","南投縣","南投市","120.675","23.945","49"
"36","255079","20220620030000","554","0","南投縣","南投市","120.680","23.945","45"
"137","255081","20220620030000","177","0","南投縣","草屯鎮","120.675","23.950","136"
"261","255088","20220620030000","299","0","南投縣","南投市","120.660","23.935","256"
"127","255092","20220620030000","233","0","南投縣","南投市","120.665","23.940","114"
"13","255093","20220620030000","11","1","南投縣","南投市","120.645","23.945","13"
"144","255094","20220620030000","122","1","南投縣","南投市","120.650","23.945","121"
"29","255100","20220620030000","110","0","南投縣","南投市","120.655","23.950","20"
"13","255107","20220620030000","11","1","南投縣","南投市","120.650","23.955","10"
"312","255130","20220620030000","229","2","彰化縣","芳苑鄉","120.315","23.930","321"
"16","255153","20220620030000","117","0","彰化縣","芳苑鄉","120.380","23.940","14"
"594","255158","20220620030000","368","3","彰化縣","芳苑鄉","120.380","23.955","597"
"202","255176","20220620030000","442","0","彰化縣","埔心鄉","120.555","23.940","196"
"1147","255177","20220620030000","1241","0","彰化縣","埔心鄉","120.540","23.950","1198"
"30","255178","20220620030000","538","0","彰化縣","埔心鄉","120.545","23.950","19"
"88","255179","20220620030000","84","1","彰化縣","埔心鄉","120.540","23.955","85"
"349","255199","20220620030000","297","1","彰化縣","二林鎮","120.420","23.950","342"
"421","255210","20220620030000","473","0","彰化縣","永靖鄉","120.550","23.930","384"
"385","255220","20220620030000","386","0","彰化縣","大村鄉","120.585","23.990","370"
"868","255222","20220620030000","914","0","彰化縣","大村鄉","120.580","23.995","848"
"21","255223","20220620030000","19","1","彰化縣","大村鄉","120.585","23.995","14"
"51","255227","20220620030000","44","1","彰化縣","大村鄉","120.590","23.995","45"
"110","255229","20220620030000","176","0","彰化縣","大村鄉","120.600","23.995","112"
"23","255230","20220620030000","39","0","彰化縣","大村鄉","120.605","23.995","34"
"194","255232","20220620030000","271","0","彰化縣","大村鄉","120.595","24.000","180"
"560","255234","20220620030000","519","1","彰化縣","大村鄉","120.570","23.975","538"
"709","255238","20220620030000","540","2","彰化縣","大村鄉","120.535","24.000","711"
"24","255239","20220620030000","224","0","彰化縣","大村鄉","120.540","24.000","19"
"291","255251","20220620030000","212","2","彰化縣","埔心鄉","120.515","23.970","279"
"54","255257","20220620030000","41","2","彰化縣","埔心鄉","120.540","23.965","45"
"499","255261","20220620030000","226","3","彰化縣","埔心鄉","120.555","23.950","509"
"104","255262","20220620030000","167","0","彰化縣","埔心鄉","120.550","23.955","108"
"385","255263","20220620030000","295","2","彰化縣","埔心鄉","120.555","23.955","355"
"20","255264","20220620030000","280","0","彰化縣","埔心鄉","120.545","23.960","20"
"724","255265","20220620030000","48","3","彰化縣","埔心鄉","120.560","23.945","710"
"479","255266","20220620030000","219","3","彰化縣","埔心鄉","120.550","23.945","490"
"450","255267","20220620030000","397","1","彰化縣","埔心鄉","120.555","23.945","426"
"171","255273","20220620030000","131","2","彰化縣","埔心鄉","120.515","23.940","176"
"161","255276","20220620030000","163","0","彰化縣","埔心鄉","120.525","23.950","186"
"1029","255277","20220620030000","489","3","彰化縣","埔心鄉","120.525","23.945","998"
"314","255284","20220620030000","324","0","彰化縣","埔心鄉","120.520","23.945","306"
"570","255287","20220620030000","339","3","彰化縣","埔心鄉","120.515","23.950","538"
"296","255292","20220620030000","257","1","南投縣","埔里鎮","120.935","23.995","288"
"37","255303","20220620030000","49","0","南投縣","埔里鎮","120.945","24.000","40"
"237","255308","20220620030000","160","2","南投縣","埔里鎮","120.940","24.005","244"
"95","255309","20220620030000","242","0","南投縣","埔里鎮","120.945","24.005","84"
"594","255312","20220620030000","483","2","彰化縣","溪湖鎮","120.495","23.965","617"
"364","255322","20220620030000","309","1","彰化縣","溪湖鎮","120.510","23.970","359"
"1087","255326","20220620030000","434","3","彰化縣","大村鄉","120.545","23.995","1133"
"357","255337","20220620030000","343","1","彰化縣","大村鄉","120.555","24.000","352"
"542","255339","20220620030000","414","2","彰化縣","大村鄉","120.550","24.005","524"
"24","255345","20220620030000","374","0","彰化縣","大村鄉","120.580","24.000","29"
"91","255351","20220620030000","61","2","彰化縣","大村鄉","120.585","24.000","86"
"442","255359","20220620030000","340","2","彰化縣","大村鄉","120.550","23.980","413"
"1044","255361","20220620030000","622","3","彰化縣","大村鄉","120.565","23.980","1136"
"430","255365","20220620030000","316","2","彰化縣","大村鄉","120.540","23.975","463"
"63","255366","20220620030000","71","0","彰化縣","大村鄉","120.520","23.980","68"
"11","255371","20220620030000","70","0","彰化縣","芳苑鄉","120.355","23.935","12"
"135","255379","20220620030000","65","3","彰化縣","芳苑鄉","120.365","23.940","127"
"41","255396","20220620030000","215","0","彰化縣","芳苑鄉","120.350","23.975","36"
"433","255400","20220620030000","333","2","彰化縣","芳苑鄉","120.345","23.980","423"
"285","255443","20220620030000","213","2","彰化縣","芳苑鄉","120.390","23.980","265"
"87","255448","20220620030000","76","1","彰化縣","芳苑鄉","120.385","23.985","77"
"1769","255463","20220620030000","1482","1","南投縣","埔里鎮","120.975","23.970","1740"
"49","255464","20220620030000","471","0","彰化縣","埔心鄉","120.560","23.950","59"
"357","255466","20220620030000","311","1","南投縣","南投市","120.695","23.940","364"
"560","255472","20220620030000","520","1","南投縣","南投市","120.695","23.945","564"
"41","255475","20220620030000","42","0","南投縣","南投市","120.700","23.950","40"
"228","255480","20220620030000","363","0","南投縣","南投市","120.695","23.950","249"
"99","255482","20220620030000","99","1","南投縣","南投市","120.690","23.955","107"
"47","255490","20220620030000","232","0","南投縣","南投市","120.690","23.930","46"
"1340","255491","20220620030000","927","2","南投縣","南投市","120.695","23.930","1325"
"319","255494","20220620030000","631","0","南投縣","南投市","120.690","23.935","313"
"305","255496","20220620030000","339","0","南投縣","南投市","120.700","23.935","324"
"72","255498","20220620030000","451","0","南投縣","南投市","120.710","23.935","77"
"128","255525","20220620030000","803","0","彰化縣","芳苑鄉","120.335","23.960","152"
"111","255535","20220620030000","93","1","彰化縣","芳苑鄉","120.360","23.970","113"
"169","255545","20220620030000","139","2","彰化縣","二林鎮","120.385","23.945","171"
"154","255549","20220620030000","176","0","彰化縣","芳苑鄉","120.385","23.955","171"
"163","255550","20220620030000","135","2","彰化縣","芳苑鄉","120.390","23.955","161"
"181","255551","20220620030000","154","1","彰化縣","芳苑鄉","120.395","23.955","184"
"106","255559","20220620030000","106","1","彰化縣","芳苑鄉","120.385","23.970","108"
"92","255593","20220620030000","66","2","南投縣","國姓鄉","120.855","23.995","85"
"289","255626","20220620030000","244","1","南投縣","國姓鄉","120.840","24.005","277"
"185","255633","20220620030000","171","1","南投縣","國姓鄉","120.815","24.000","189"
"149","255636","20220620030000","89","3","南投縣","國姓鄉","120.815","24.005","144"
"319","255646","20220620030000","293","1","南投縣","埔里鎮","120.955","23.995","320"
"261","255647","20220620030000","174","3","南投縣","埔里鎮","120.960","23.965","275"
"10","255663","20220620030000","140","0","南投縣","埔里鎮","121.000","23.955","11"
"199","255680","20220620030000","176","1","南投縣","埔里鎮","121.000","23.965","198"
"667","255708","20220620030000","703","0","南投縣","埔里鎮","120.995","23.975","682"
"192","255724","20220620030000","163","1","南投縣","埔里鎮","121.005","23.980","179"
"74","255748","20220620030000","95","0","南投縣","埔里鎮","121.020","23.990","74"
"50","255778","20220620030000","140","0","南投縣","仁愛鄉","121.040","24.000","55"
"12","255784","20220620030000","14","0","南投縣","埔里鎮","121.055","24.000","11"
"703","255785","20220620030000","807","0","南投縣","埔里鎮","120.965","23.965","714"
"38","255786","20220620030000","40","0","南投縣","埔里鎮","120.965","23.970","39"
"282","255794","20220620030000","284","0","南投縣","埔里鎮","120.990","23.930","292"
"707","255798","20220620030000","512","2","彰化縣","埔鹽鄉","120.485","24.005","685"
"504","255803","20220620030000","406","2","彰化縣","埔鹽鄉","120.475","23.995","501"
"837","255804","20220620030000","597","2","彰化縣","埔鹽鄉","120.480","23.995","817"
"249","255810","20220620030000","149","3","彰化縣","埔鹽鄉","120.455","24.010","235"
"10","255814","20220620030000","479","0","彰化縣","埔鹽鄉","120.430","23.980","541"
"301","255817","20220620030000","239","2","彰化縣","埔鹽鄉","120.445","23.960","302"
"309","255822","20220620030000","147","3","彰化縣","埔鹽鄉","120.440","23.975","280"
"665","255835","20220620030000","529","2","彰化縣","埔鹽鄉","120.465","24.000","664"
"245","255836","20220620030000","136","3","彰化縣","埔鹽鄉","120.460","24.005","247"
"723","255841","20220620030000","465","3","彰化縣","花壇鄉","120.575","24.005","752"
"223","255861","20220620030000","97","3","彰化縣","埔鹽鄉","120.450","23.985","200"
"57","255868","20220620030000","330","0","彰化縣","埔鹽鄉","120.445","23.985","42"
"341","255875","20220620030000","265","2","彰化縣","埔鹽鄉","120.465","23.970","358"
"182","255894","20220620030000","197","0","彰化縣","埔鹽鄉","120.490","23.990","196"
"24","255901","20220620030000","223","0","彰化縣","埔鹽鄉","120.490","23.975","19"
"56","255903","20220620030000","480","0","彰化縣","埔鹽鄉","120.480","23.980","54"
"558","255912","20220620030000","447","2","彰化縣","大村鄉","120.530","23.990","585"
"563","255913","20220620030000","417","2","彰化縣","大村鄉","120.535","23.990","561"
"1154","255917","20220620030000","1096","1","彰化縣","大村鄉","120.555","23.990","1125"
"143","255920","20220620030000","328","0","彰化縣","大村鄉","120.575","23.985","153"
"523","255921","20220620030000","369","2","彰化縣","大村鄉","120.580","23.985","491"
"799","255923","20220620030000","464","3","彰化縣","大村鄉","120.590","23.985","814"
"140","255924","20220620030000","101","2","彰化縣","大村鄉","120.595","23.985","131"
"165","255941","20220620030000","137","2","彰化縣","大村鄉","120.540","23.980","156"
"231","255943","20220620030000","286","0","彰化縣","大村鄉","120.540","23.985","243"
"277","255950","20220620030000","264","1","彰化縣","大村鄉","120.510","23.985","304"
"321","255953","20220620030000","150","3","彰化縣","大村鄉","120.520","23.985","330"
"100","255956","20220620030000","940","0","彰化縣","大村鄉","120.560","23.990","102"
"49","255962","20220620030000","32","3","彰化縣","埔鹽鄉","120.430","23.995","49"
"407","255975","20220620030000","201","3","彰化縣","埔鹽鄉","120.420","23.990","362"
"66","255987","20220620030000","493","0","彰化縣","埔鹽鄉","120.450","24.005","487"
"336","256002","20220620030000","513","0","南投縣","埔里鎮","120.945","23.965","338"
"110","256004","20220620030000","866","0","南投縣","埔里鎮","120.945","23.970","111"
"82","256025","20220620030000","70","1","南投縣","埔里鎮","120.890","23.955","84"
"1067","256042","20220620030000","1110","0","南投縣","埔里鎮","120.945","23.975","1055"
"415","256043","20220620030000","394","1","南投縣","埔里鎮","120.925","23.980","430"
"64","256061","20220620030000","62","1","彰化縣","員林鎮","120.605","23.950","58"
"1292","256062","20220620030000","658","3","彰化縣","員林鎮","120.605","23.955","1272"
"58","256063","20220620030000","416","0","南投縣","南投市","120.670","23.930","50"
"48","256065","20220620030000","252","0","南投縣","南投市","120.675","23.935","51"
"19","256071","20220620030000","28","0","南投縣","南投市","120.730","23.930","17"
"166","256085","20220620030000","120","2","南投縣","南投市","120.660","23.930","183"
"88","256086","20220620030000","69","2","南投縣","南投市","120.665","23.930","85"
"623","256089","20220620030000","556","1","南投縣","南投市","120.670","23.940","627"
"356","256091","20220620030000","317","1","彰化縣","員林鎮","120.570","23.965","340"
"1417","256092","20220620030000","1812","0","彰化縣","員林鎮","120.575","23.965","1458"
"1973","256094","20220620030000","1611","2","彰化縣","員林鎮","120.580","23.960","1949"
"11","256095","20220620030000","15","0","彰化縣","員林鎮","120.585","23.960","11"
"2426","256096","20220620030000","1180","3","彰化縣","員林鎮","120.580","23.965","2409"
"104","256144","20220620030000","97","1","南投縣","仁愛鄉","121.080","23.995","93"
"130","256164","20220620030000","111","1","南投縣","仁愛鄉","121.085","24.000","138"
"93","256171","20220620030000","67","2","南投縣","仁愛鄉","121.070","24.005","99"
"69","256180","20220620030000","33","3","南投縣","仁愛鄉","121.130","23.980","74"
"268","256187","20220620030000","245","1","南投縣","仁愛鄉","121.100","23.990","265"
"90","256354","20220620030000","40","3","南投縣","仁愛鄉","121.075","23.930","87"
"200","256404","20220620030000","115","3","南投縣","仁愛鄉","121.075","23.950","192"
"21","256598","20220620030000","14","3","南投縣","仁愛鄉","121.120","23.950","22"
"40","256646","20220620030000","31","2","南投縣","仁愛鄉","121.180","23.955","17"
"94","256716","20220620030000","47","3","南投縣","仁愛鄉","121.130","23.960","88"
"122","256753","20220620030000","75","3","南投縣","仁愛鄉","121.105","23.965","124"
"90","256953","20220620030000","1452","0","彰化縣","員林鎮","120.575","23.950","90"
"802","256956","20220620030000","558","2","彰化縣","員林鎮","120.595","23.960","784"
"56","256962","20220620030000","36","3","彰化縣","員林鎮","120.615","23.950","55"
"200","256968","20220620030000","138","2","彰化縣","員林鎮","120.625","23.955","205"
"25","256971","20220620030000","258","0","彰化縣","員林鎮","120.550","23.965","28"
"21","256976","20220620030000","29","0","彰化縣","員林鎮","120.605","23.945","24"
"65","256977","20220620030000","67","0","彰化縣","員林鎮","120.610","23.945","63"
"138","256978","20220620030000","171","0","彰化縣","員林鎮","120.615","23.945","147"
"1220","256982","20220620030000","1238","0","彰化縣","員林鎮","120.565","23.955","1203"
"1328","256983","20220620030000","1203","1","彰化縣","員林鎮","120.565","23.960","1314"
"475","256986","20220620030000","329","2","彰化縣","員林鎮","120.595","23.975","479"
"701","256988","20220620030000","484","2","彰化縣","大村鄉","120.590","23.980","716"
"1646","256995","20220620030000","1227","2","彰化縣","員林鎮","120.575","23.955","1655"
"93","256996","20220620030000","67","2","彰化縣","員林鎮","120.595","23.935","84"
"88","256997","20220620030000","509","0","彰化縣","員林鎮","120.605","23.935","84"
"312","257021","20220620030000","286","1","彰化縣","二林鎮","120.415","23.955","319"
"104","257028","20220620030000","82","2","彰化縣","二林鎮","120.430","23.955","117"
"437","257055","20220620030000","370","1","彰化縣","二林鎮","120.400","23.930","423"
"679","257083","20220620030000","475","2","南投縣","草屯鎮","120.670","23.950","656"
"193","257088","20220620030000","954","0","南投縣","草屯鎮","120.680","23.960","205"
"94","257089","20220620030000","737","0","南投縣","草屯鎮","120.680","23.965","91"
"60","257092","20220620030000","544","0","彰化縣","員林鎮","120.570","23.945","56"
"570","257094","20220620030000","491","1","彰化縣","員林鎮","120.590","23.950","566"
"314","257095","20220620030000","201","3","彰化縣","員林鎮","120.595","23.950","315"
"1101","257097","20220620030000","913","2","彰化縣","員林鎮","120.570","23.950","1096"
"83","257100","20220620030000","579","0","彰化縣","員林鎮","120.585","23.970","65"
"412","257103","20220620030000","300","2","彰化縣","二林鎮","120.455","23.930","413"
"167","257115","20220620030000","151","1","彰化縣","二林鎮","120.445","23.945","176"
"946","257118","20220620030000","751","2","彰化縣","二林鎮","120.440","23.950","934"
"427","257124","20220620030000","486","0","彰化縣","員林鎮","120.590","23.940","429"
"219","257135","20220620030000","215","1","彰化縣","埔心鄉","120.510","23.940","198"
"15","257145","20220620030000","341","0","彰化縣","溪湖鎮","120.485","23.940","18"
"315","257149","20220620030000","237","2","彰化縣","溪湖鎮","120.480","23.955","314"
"178","257152","20220620030000","857","0","南投縣","草屯鎮","120.685","23.975","160"
"679","257154","20220620030000","587","1","南投縣","草屯鎮","120.725","23.980","691"
"74","257160","20220620030000","64","1","南投縣","草屯鎮","120.720","23.990","74"
"131","257162","20220620030000","137","0","南投縣","草屯鎮","120.730","23.990","123"
"493","257166","20220620030000","301","3","南投縣","草屯鎮","120.680","23.970","557"
"2018","257168","20220620030000","1864","1","南投縣","草屯鎮","120.680","23.980","2037"
"10","257171","20220620030000","394","0","南投縣","草屯鎮","120.655","24.000","10"
"451","257173","20220620030000","417","1","南投縣","草屯鎮","120.665","24.000","445"
"412","257176","20220620030000","331","2","南投縣","草屯鎮","120.650","24.005","432"
"326","257181","20220620030000","312","1","南投縣","草屯鎮","120.725","23.995","319"
"195","257193","20220620030000","84","3","南投縣","草屯鎮","120.730","24.000","192"
"560","257213","20220620030000","447","2","彰化縣","溪湖鎮","120.450","23.955","552"
"562","257215","20220620030000","473","1","彰化縣","溪湖鎮","120.460","23.955","584"
"18","257222","20220620030000","11","3","南投縣","草屯鎮","120.750","23.975","26"
"269","257229","20220620030000","204","2","南投縣","草屯鎮","120.750","23.980","218"
"332","257235","20220620030000","327","1","南投縣","草屯鎮","120.750","23.985","397"
"48","257245","20220620030000","29","3","南投縣","草屯鎮","120.720","23.955","47"
"110","257251","20220620030000","85","2","南投縣","中寮鄉","120.750","23.955","106"
"36","257266","20220620030000","26","2","南投縣","草屯鎮","120.740","23.965","34"
"181","257267","20220620030000","121","2","南投縣","草屯鎮","120.745","23.965","173"
"98","257273","20220620030000","97","1","南投縣","草屯鎮","120.705","23.960","90"
"1163","257282","20220620030000","759","3","南投縣","草屯鎮","120.705","23.975","1184"
"377","257285","20220620030000","275","2","南投縣","草屯鎮","120.695","23.980","346"
"1557","257286","20220620030000","1422","1","南投縣","草屯鎮","120.700","23.980","1539"
"940","257289","20220620030000","655","2","南投縣","草屯鎮","120.715","23.980","911"
"757","257294","20220620030000","645","1","南投縣","南投市","120.685","23.955","724"
"71","257295","20220620030000","614","0","南投縣","草屯鎮","120.685","23.960","68"
"1864","257299","20220620030000","1591","1","南投縣","草屯鎮","120.690","23.965","1819"
"17","257300","20220620030000","14","2","南投縣","草屯鎮","120.695","23.965","18"
"130","257307","20220620030000","132","0","南投縣","草屯鎮","120.775","23.985","123"
"85","257320","20220620030000","87","0","南投縣","草屯鎮","120.765","23.995","71"
"354","257342","20220620030000","446","0","南投縣","草屯鎮","120.700","23.985","332"
"15","257346","20220620030000","13","1","南投縣","草屯鎮","120.705","23.990","13"
"163","257348","20220620030000","252","0","南投縣","草屯鎮","120.715","23.990","169"
"151","257349","20220620030000","1057","0","南投縣","草屯鎮","120.690","23.995","161"
"202","257351","20220620030000","156","2","南投縣","草屯鎮","120.700","23.995","207"
"552","257354","20220620030000","571","0","南投縣","草屯鎮","120.715","23.995","565"
"471","257356","20220620030000","293","3","南投縣","草屯鎮","120.695","23.995","478"
"657","257362","20220620030000","577","1","南投縣","草屯鎮","120.695","24.000","690"
"91","257365","20220620030000","53","3","南投縣","草屯鎮","120.710","24.000","90"
"85","257366","20220620030000","130","0","南投縣","草屯鎮","120.670","23.960","91"
"398","257368","20220620030000","330","2","南投縣","草屯鎮","120.675","23.965","397"
"263","257369","20220620030000","215","2","南投縣","草屯鎮","120.670","23.970","246"
"567","257370","20220620030000","421","2","南投縣","草屯鎮","120.670","23.975","494"
"371","257373","20220620030000","297","2","南投縣","草屯鎮","120.675","23.980","396"
"861","257376","20220620030000","1112","0","南投縣","草屯鎮","120.680","23.985","866"
"297","257377","20220620030000","252","1","南投縣","草屯鎮","120.670","23.990","286"
"33","257381","20220620030000","180","0","南投縣","草屯鎮","120.670","23.995","23"
"169","257386","20220620030000","92","3","南投縣","草屯鎮","120.685","23.990","143"
"504","257387","20220620030000","444","1","南投縣","草屯鎮","120.680","23.995","479"
"39","257389","20220620030000","316","0","南投縣","草屯鎮","120.680","24.000","38"
"419","257396","20220620030000","353","1","南投縣","草屯鎮","120.680","24.005","443"
"84","257400","20220620030000","608","0","南投縣","草屯鎮","120.685","23.985","99"
"813","257401","20220620030000","688","1","南投縣","草屯鎮","120.685","23.980","862"
"60","257403","20220620030000","195","0","南投縣","草屯鎮","120.640","23.995","68"
"227","257407","20220620030000","297","0","南投縣","草屯鎮","120.660","23.995","239"
"39","257410","20220620030000","208","0","南投縣","草屯鎮","120.650","23.995","30"
"114","257415","20220620030000","144","0","南投縣","草屯鎮","120.655","23.965","110"
"735","257418","20220620030000","672","1","南投縣","草屯鎮","120.650","23.970","736"
"356","257422","20220620030000","313","1","南投縣","草屯鎮","120.650","23.975","359"
"314","257424","20220620030000","269","1","南投縣","草屯鎮","120.660","23.975","310"
"564","257425","20220620030000","481","1","南投縣","草屯鎮","120.665","23.975","567"
"73","257426","20220620030000","241","0","南投縣","草屯鎮","120.650","23.980","77"
"504","257429","20220620030000","562","0","南投縣","草屯鎮","120.665","23.950","476"
"392","257438","20220620030000","200","3","南投縣","草屯鎮","120.660","23.960","431"
"169","257439","20220620030000","217","0","南投縣","草屯鎮","120.665","23.960","157"
"281","257496","20220620030000","236","1","南投縣","草屯鎮","120.795","23.985","288"
"258","257505","20220620030000","208","2","南投縣","草屯鎮","120.795","23.990","222"
"102","257522","20220620030000","77","2","南投縣","草屯鎮","120.800","24.000","96"
"68","257550","20220620030000","303","0","彰化縣","福興鄉","120.410","24.005","73"
"108","257580","20220620030000","71","3","彰化縣","芳苑鄉","120.400","23.995","122"
"453","257591","20220620030000","393","1","彰化縣","芳苑鄉","120.365","24.000","468"
"240","257595","20220620030000","215","1","彰化縣","芳苑鄉","120.385","24.000","236"
"418","257609","20220620030000","331","2","彰化縣","芳苑鄉","120.370","24.005","427"
"172","257631","20220620030000","110","3","彰化縣","芳苑鄉","120.340","23.965","135"
"72","257632","20220620030000","667","0","彰化縣","芳苑鄉","120.345","23.965","78"
"140","257669","20220620030000","687","0","彰化縣","秀水鄉","120.510","23.995","131"
"532","257680","20220620030000","466","1","彰化縣","秀水鄉","120.520","24.000","533"
"116","257685","20220620030000","89","2","彰化縣","福興鄉","120.490","24.010","122"
"770","257686","20220620030000","621","2","彰化縣","福興鄉","120.495","24.010","736"
"17","257694","20220620030000","14","2","彰化縣","芬園鄉","120.605","24.005","14"
"375","257699","20220620030000","250","3","彰化縣","溪湖鎮","120.490","23.950","375"
"551","257700","20220620030000","540","1","彰化縣","溪湖鎮","120.495","23.950","554"
"1291","257703","20220620030000","545","3","彰化縣","溪湖鎮","120.475","23.960","1273"
"424","257704","20220620030000","246","3","彰化縣","溪湖鎮","120.465","23.965","411"
"1398","257708","20220620030000","1355","1","彰化縣","溪湖鎮","120.480","23.960","1404"
"491","257713","20220620030000","337","2","彰化縣","溪湖鎮","120.485","23.935","477"
"23","257725","20220620030000","163","0","彰化縣","溪湖鎮","120.505","23.950","28"
"354","257727","20220620030000","254","2","彰化縣","溪湖鎮","120.490","23.955","364"
"44","257728","20220620030000","40","1","彰化縣","溪湖鎮","120.495","23.955","39"
"365","257729","20220620030000","493","0","彰化縣","溪湖鎮","120.485","23.960","362"
"195","257731","20220620030000","170","1","彰化縣","溪湖鎮","120.495","23.960","210"
"309","257733","20220620030000","253","2","彰化縣","溪湖鎮","120.490","23.965","307"
"544","257734","20220620030000","543","1","彰化縣","溪湖鎮","120.485","23.970","520"
"295","257750","20220620030000","256","1","彰化縣","芬園鄉","120.625","23.965","282"
"295","257766","20220620030000","381","0","彰化縣","溪湖鎮","120.475","23.950","289"
"709","257767","20220620030000","648","1","彰化縣","溪湖鎮","120.475","23.955","686"
"276","257778","20220620030000","188","2","彰化縣","溪湖鎮","120.475","23.970","254"
"795","257781","20220620030000","710","1","彰化縣","溪湖鎮","120.470","23.980","800"
"164","257784","20220620030000","166","0","南投縣","草屯鎮","120.670","23.980","191"
"76","257785","20220620030000","367","0","南投縣","草屯鎮","120.650","23.985","88"
"351","257788","20220620030000","476","0","南投縣","草屯鎮","120.665","23.985","366"
"318","257792","20220620030000","292","1","南投縣","草屯鎮","120.665","23.990","297"
"30","257795","20220620030000","514","0","彰化縣","社頭鄉","120.605","23.930","31"
"114","257797","20220620030000","149","0","彰化縣","社頭鄉","120.615","23.930","123"
"62","257798","20220620030000","43","2","彰化縣","社頭鄉","120.620","23.930","70"
"411","257802","20220620030000","326","2","彰化縣","芬園鄉","120.630","23.995","397"
"14","257808","20220620030000","10","2","彰化縣","芬園鄉","120.615","24.005","14"
"1246","257810","20220620030000","1023","2","彰化縣","芬園鄉","120.630","24.010","1277"
"13","257812","20220620030000","243","0","彰化縣","芬園鄉","120.640","24.010","19"
"45","257813","20220620030000","21","3","彰化縣","芬園鄉","120.645","24.010","39"
"308","257817","20220620030000","231","2","彰化縣","埔鹽鄉","120.425","23.995","300"
"19","257823","20220620030000","187","0","彰化縣","埔鹽鄉","120.430","24.005","14"
"234","257824","20220620030000","197","1","彰化縣","福興鄉","120.420","24.010","243"
"14","257825","20220620030000","12","1","彰化縣","福興鄉","120.425","24.010","16"
"139","257827","20220620030000","540","0","彰化縣","秀水鄉","120.515","24.010","146"
"271","257834","20220620030000","183","2","彰化縣","芬園鄉","120.620","23.980","277"
"211","257851","20220620030000","150","2","彰化縣","芬園鄉","120.610","23.995","196"
"87","257857","20220620030000","74","1","彰化縣","芬園鄉","120.625","24.000","92"
"24","257867","20220620030000","206","0","彰化縣","芬園鄉","120.645","23.965","19"
"447","257871","20220620030000","353","2","彰化縣","芬園鄉","120.640","23.975","472"
"23","257882","20220620030000","243","0","彰化縣","花壇鄉","120.550","24.010","17"
"39","257884","20220620030000","39","1","彰化縣","花壇鄉","120.570","24.010","31"
"553","257886","20220620030000","537","1","彰化縣","社頭鄉","120.575","23.930","552"
"448","257898","20220620030000","404","1","南投縣","草屯鎮","120.730","23.975","454"
"295","257902","20220620030000","211","2","南投縣","草屯鎮","120.735","23.980","299"
"553","257907","20220620030000","1024","0","彰化縣","溪湖鎮","120.480","23.965","569"
"23","257908","20220620030000","394","0","彰化縣","溪湖鎮","120.480","23.970","24"
"530","263412","20220620030000","982","0","臺中市","霧峰區","120.690","24.045","744"
"142","263414","20220620030000","85","3","臺中市","霧峰區","120.685","24.050","150"
"134","263420","20220620030000","133","1","臺中市","霧峰區","120.705","24.045","143"
"19","263428","20220620030000","17","1","臺中市","霧峰區","120.705","24.055","25"
"469","263432","20220620030000","448","1","臺中市","霧峰區","120.705","24.060","493"
"12","263433","20220620030000","415","0","臺中市","霧峰區","120.710","24.060","13"
"29","263450","20220620030000","259","0","臺中市","霧峰區","120.700","24.020","33"
"317","263482","20220620030000","309","1","臺中市","霧峰區","120.700","24.030","311"
"380","263484","20220620030000","316","2","臺中市","霧峰區","120.695","24.035","372"
"315","263486","20220620030000","393","0","臺中市","霧峰區","120.710","24.070","328"
"63","263487","20220620030000","84","0","臺中市","霧峰區","120.715","24.070","81"
"27","263488","20220620030000","28","0","臺中市","霧峰區","120.720","24.070","35"
"308","263490","20220620030000","361","0","臺中市","霧峰區","120.705","24.075","320"
"313","263491","20220620030000","293","1","臺中市","霧峰區","120.710","24.075","336"
"1462","263492","20220620030000","1656","0","臺中市","霧峰區","120.715","24.075","1545"
"20","263493","20220620030000","386","0","臺中市","霧峰區","120.720","24.075","20"
"574","263495","20220620030000","325","3","臺中市","霧峰區","120.710","24.080","581"
"14","263497","20220620030000","15","0","臺中市","大里區","120.720","24.080","17"
"56","263498","20220620030000","355","0","臺中市","霧峰區","120.665","24.055","64"
"1030","263528","20220620030000","1055","0","臺中市","霧峰區","120.695","24.040","1050"
"28","263539","20220620030000","31","0","臺中市","霧峰區","120.695","24.045","33"
"96","263553","20220620030000","66","2","臺中市","霧峰區","120.725","24.030","98"
"247","263569","20220620030000","118","3","臺中市","霧峰區","120.725","24.035","243"
"879","263579","20220620030000","864","1","臺中市","大里區","120.695","24.080","856"
"2546","263581","20220620030000","1671","3","臺中市","大里區","120.695","24.085","2608"
"298","263583","20220620030000","291","1","臺中市","大里區","120.690","24.085","290"
"107","263584","20220620030000","97","1","臺中市","大里區","120.700","24.080","120"
"1169","263585","20220620030000","1110","1","臺中市","大里區","120.700","24.085","1184"
"11","263586","20220620030000","407","0","臺中市","大里區","120.705","24.085","12"
"1303","263587","20220620030000","1188","1","臺中市","大里區","120.705","24.090","1286"
"414","263588","20220620030000","425","0","臺中市","大里區","120.715","24.095","415"
"21","263708","20220620030000","19","1","臺中市","太平區","120.755","24.085","24"
"145","263716","20220620030000","143","1","臺中市","太平區","120.745","24.090","141"
"206","263736","20220620030000","159","2","臺中市","霧峰區","120.700","24.050","204"
"585","263737","20220620030000","478","2","臺中市","霧峰區","120.695","24.055","577"
"98","263738","20220620030000","100","0","臺中市","霧峰區","120.700","24.055","100"
"43","263741","20220620030000","424","0","臺中市","霧峰區","120.680","24.060","44"
"817","263743","20220620030000","772","1","臺中市","霧峰區","120.680","24.065","831"
"15","263745","20220620030000","16","0","臺中市","霧峰區","120.690","24.065","18"
"464","263746","20220620030000","287","3","臺中市","霧峰區","120.680","24.070","460"
"87","263747","20220620030000","877","0","臺中市","霧峰區","120.700","24.070","87"
"124","263753","20220620030000","128","0","臺中市","新社區","120.885","24.095","125"
"364","263758","20220620030000","285","2","臺中市","大里區","120.685","24.075","372"
"464","263759","20220620030000","196","3","臺中市","大里區","120.690","24.075","454"
"118","263764","20220620030000","193","0","臺中市","大里區","120.680","24.085","132"
"11","263765","20220620030000","158","0","臺中市","大里區","120.685","24.085","10"
"350","263766","20220620030000","285","2","臺中市","太平區","120.730","24.095","321"
"421","263776","20220620030000","432","0","臺中市","霧峰區","120.705","24.065","408"
"58","263778","20220620030000","156","0","臺中市","霧峰區","120.715","24.065","71"
"102","263794","20220620030000","81","2","臺中市","霧峰區","120.745","24.045","99"
"93","263828","20220620030000","173","0","臺中市","霧峰區","120.745","24.060","101"
"44","263842","20220620030000","38","1","臺中市","霧峰區","120.760","24.065","40"
"76","263846","20220620030000","56","2","臺中市","霧峰區","120.735","24.070","76"
"319","263863","20220620030000","300","1","臺中市","霧峰區","120.695","24.015","310"
"523","263864","20220620030000","496","1","臺中市","霧峰區","120.685","24.020","499"
"351","263875","20220620030000","219","3","臺中市","烏日區","120.655","24.055","355"
"227","263876","20220620030000","337","0","臺中市","烏日區","120.660","24.055","211"
"284","263878","20220620030000","208","2","臺中市","烏日區","120.655","24.045","278"
"276","263884","20220620030000","236","1","臺中市","烏日區","120.650","24.050","279"
"440","263885","20220620030000","508","0","臺中市","烏日區","120.635","24.070","428"
"1278","263888","20220620030000","1236","1","臺中市","烏日區","120.635","24.080","1280"
"465","263891","20220620030000","438","1","臺中市","烏日區","120.625","24.090","470"
"1564","263900","20220620030000","1355","1","臺中市","烏日區","120.640","24.075","1567"
"609","263902","20220620030000","535","1","臺中市","烏日區","120.650","24.075","619"
"38","263907","20220620030000","966","0","臺中市","烏日區","120.645","24.085","33"
"103","263933","20220620030000","159","0","臺中市","烏日區","120.635","24.050","108"
"3420","263942","20220620030000","1547","3","臺中市","大里區","120.680","24.095","3363"
"199","263943","20220620030000","177","1","臺中市","大里區","120.665","24.095","192"
"1286","263945","20220620030000","636","3","臺中市","大里區","120.690","24.090","1338"
"852","263946","20220620030000","912","0","臺中市","大里區","120.695","24.095","837"
"545","263948","20220620030000","530","1","臺中市","大里區","120.705","24.095","526"
"295","263949","20220620030000","413","0","臺中市","大里區","120.710","24.095","289"
"312","263950","20220620030000","199","3","臺中市","大里區","120.715","24.090","302"
"482","263951","20220620030000","519","0","臺中市","大里區","120.720","24.095","468"
"15","263953","20220620030000","463","0","臺中市","大里區","120.695","24.090","22"
"1174","263954","20220620030000","822","2","臺中市","大里區","120.700","24.095","1209"
"638","263960","20220620030000","284","3","臺中市","大里區","120.735","24.090","643"
"552","263962","20220620030000","446","2","臺中市","大里區","120.720","24.090","571"
"531","263964","20220620030000","506","1","臺中市","大里區","120.730","24.090","513"
"1017","263969","20220620030000","1258","0","臺中市","大里區","120.710","24.085","1025"
"374","263970","20220620030000","721","0","臺中市","大里區","120.715","24.085","376"
"107","263971","20220620030000","110","0","臺中市","大里區","120.720","24.085","104"
"26","263975","20220620030000","41","0","臺中市","大里區","120.710","24.090","30"
"88","263977","20220620030000","50","3","臺中市","大里區","120.665","24.085","87"
"224","263979","20220620030000","230","0","臺中市","大里區","120.675","24.085","245"
"225","263989","20220620030000","150","3","臺中市","大里區","120.685","24.095","208"
"394","263990","20220620030000","470","0","臺中市","大里區","120.690","24.095","369"
"83","263991","20220620030000","261","0","臺中市","霧峰區","120.695","24.065","94"
"2077","263992","20220620030000","2333","0","臺中市","霧峰區","120.700","24.065","2155"
"369","263995","20220620030000","248","2","臺中市","霧峰區","120.665","24.065","372"
"152","263999","20220620030000","685","0","臺中市","霧峰區","120.665","24.070","132"
"19","264007","20220620030000","276","0","臺中市","霧峰區","120.655","24.085","12"
"25","264008","20220620030000","298","0","臺中市","霧峰區","120.650","24.085","35"
"187","264016","20220620030000","194","0","臺中市","霧峰區","120.690","24.040","228"
"18","264024","20220620030000","465","0","臺中市","霧峰區","120.665","24.040","18"
"81","264029","20220620030000","58","2","臺中市","霧峰區","120.660","24.050","69"
"791","264031","20220620030000","765","1","臺中市","大里區","120.700","24.090","757"
"61","264037","20220620030000","28","3","臺中市","霧峰區","120.670","24.025","58"
"12","264042","20220620030000","133","0","臺中市","霧峰區","120.670","24.030","11"
"166","264047","20220620030000","195","0","花蓮縣","秀林鄉","121.580","24.020","152"
"262","264094","20220620030000","207","2","花蓮縣","秀林鄉","121.595","24.050","270"
"608","264107","20220620030000","635","0","花蓮縣","秀林鄉","121.600","24.055","592"
"355","264435","20220620030000","311","1","花蓮縣","新城鄉","121.610","24.080","357"
"333","264642","20220620030000","234","2","花蓮縣","新城鄉","121.595","24.015","334"
"198","264655","20220620030000","172","1","花蓮縣","新城鄉","121.590","24.035","183"
"283","264661","20220620030000","159","3","花蓮縣","新城鄉","121.595","24.040","291"
"1104","264663","20220620030000","431","3","花蓮縣","新城鄉","121.605","24.030","1114"
"416","264665","20220620030000","419","0","花蓮縣","新城鄉","121.605","24.035","405"
"461","264667","20220620030000","375","2","花蓮縣","新城鄉","121.600","24.035","459"
"1668","264676","20220620030000","1074","3","臺中市","烏日區","120.645","24.060","1640"
"41","264678","20220620030000","450","0","臺中市","烏日區","120.655","24.060","47"
"366","264683","20220620030000","388","0","臺中市","烏日區","120.640","24.065","361"
"60","264700","20220620030000","98","0","臺中市","烏日區","120.620","24.090","68"
"383","264703","20220620030000","260","2","臺中市","霧峰區","120.675","24.040","377"
"124","264707","20220620030000","129","0","臺中市","霧峰區","120.680","24.045","145"
"345","264712","20220620030000","345","1","臺中市","霧峰區","120.675","24.050","348"
"785","264717","20220620030000","802","0","臺中市","烏日區","120.645","24.090","783"
"183","264719","20220620030000","165","1","臺中市","烏日區","120.635","24.095","165"
"18","264720","20220620030000","16","1","臺中市","烏日區","120.640","24.095","18"
"37","264722","20220620030000","155","0","臺中市","烏日區","120.645","24.095","38"
"432","264725","20220620030000","404","1","臺中市","烏日區","120.655","24.095","459"
"117","264726","20220620030000","92","2","臺中市","大里區","120.660","24.095","120"
"796","264728","20220620030000","810","0","花蓮縣","花蓮市","121.625","24.010","840"
"281","264732","20220620030000","285","0","花蓮縣","花蓮市","121.630","24.015","275"
"285","264737","20220620030000","264","1","花蓮縣","花蓮市","121.635","24.025","254"
"68","265344","20220620030000","50","2","南投縣","國姓鄉","120.830","24.030","64"
"19","265374","20220620030000","20","0","南投縣","國姓鄉","120.800","24.045","22"
"54","265406","20220620030000","32","3","南投縣","國姓鄉","120.825","24.070","52"
"12","265430","20220620030000","14","0","南投縣","國姓鄉","120.880","24.050","13"
"138","265436","20220620030000","132","1","南投縣","國姓鄉","120.910","24.050","124"
"137","265440","20220620030000","149","0","南投縣","國姓鄉","120.930","24.050","138"
"401","265442","20220620030000","400","1","南投縣","國姓鄉","120.880","24.055","397"
"221","265449","20220620030000","222","0","南投縣","國姓鄉","120.915","24.055","227"
"132","265467","20220620030000","103","2","南投縣","國姓鄉","120.940","24.060","124"
"28","265498","20220620030000","26","1","南投縣","國姓鄉","120.930","24.075","23"
"39","265569","20220620030000","376","0","南投縣","國姓鄉","120.850","24.040","41"
"16","265593","20220620030000","155","0","南投縣","埔里鎮","120.910","24.025","16"
"18","265615","20220620030000","235","0","南投縣","埔里鎮","120.920","24.040","17"
"382","265622","20220620030000","271","2","南投縣","國姓鄉","120.930","24.045","367"
"26","265627","20220620030000","22","1","南投縣","埔里鎮","120.950","24.010","22"
"93","265628","20220620030000","215","0","南投縣","埔里鎮","120.945","24.015","99"
"238","265633","20220620030000","200","1","南投縣","埔里鎮","120.950","24.020","208"
"69","265651","20220620030000","73","0","南投縣","埔里鎮","120.950","24.035","64"
"74","265706","20220620030000","95","0","花蓮縣","花蓮市","121.590","24.010","74"
"1105","265708","20220620030000","1060","1","花蓮縣","新城鄉","121.610","24.015","1191"
"201","265711","20220620030000","189","1","花蓮縣","新城鄉","121.605","24.020","190"
"672","265716","20220620030000","498","2","花蓮縣","新城鄉","121.605","24.025","655"
"54","265719","20220620030000","54","1","花蓮縣","新城鄉","121.620","24.025","49"
"125","265723","20220620030000","191","0","花蓮縣","新城鄉","121.615","24.030","146"
"47","265734","20220620030000","21","3","花蓮縣","新城鄉","121.625","24.035","37"
"542","265739","20220620030000","425","2","花蓮縣","新城鄉","121.605","24.040","527"
"428","265742","20220620030000","318","2","花蓮縣","新城鄉","121.610","24.045","429"
"55","265753","20220620030000","38","2","花蓮縣","新城鄉","121.615","24.060","52"
"236","265754","20220620030000","232","1","花蓮縣","新城鄉","121.610","24.065","236"
"944","265773","20220620030000","519","3","彰化縣","彰化市","120.570","24.085","956"
"718","265774","20220620030000","773","0","彰化縣","彰化市","120.575","24.090","715"
"167","265780","20220620030000","149","1","彰化縣","彰化市","120.620","24.045","158"
"355","265784","20220620030000","322","1","彰化縣","彰化市","120.620","24.060","365"
"1114","265794","20220620030000","1443","0","彰化縣","彰化市","120.535","24.090","1079"
"676","265797","20220620030000","416","3","彰化縣","彰化市","120.545","24.075","680"
"878","265798","20220620030000","495","3","彰化縣","彰化市","120.555","24.070","862"
"1894","265800","20220620030000","863","3","彰化縣","彰化市","120.545","24.085","1901"
"523","265801","20220620030000","383","2","彰化縣","彰化市","120.555","24.090","506"
"779","265802","20220620030000","636","2","彰化縣","彰化市","120.555","24.080","768"
"108","265803","20220620030000","1059","0","彰化縣","彰化市","120.560","24.080","108"
"986","265804","20220620030000","997","0","彰化縣","彰化市","120.555","24.085","1090"
"35","265805","20220620030000","140","0","彰化縣","彰化市","120.560","24.085","29"
"1136","265806","20220620030000","581","3","彰化縣","彰化市","120.535","24.080","1167"
"2855","265807","20220620030000","1481","3","彰化縣","彰化市","120.540","24.085","2743"
"1873","265808","20220620030000","965","3","彰化縣","彰化市","120.545","24.090","1876"
"463","265810","20220620030000","151","3","彰化縣","彰化市","120.550","24.075","453"
"1886","265812","20220620030000","1914","0","彰化縣","彰化市","120.530","24.080","1887"
"26","265817","20220620030000","227","0","彰化縣","鹿港鎮","120.480","24.090","32"
"869","265820","20220620030000","456","3","彰化縣","彰化市","120.535","24.070","886"
"1523","265821","20220620030000","700","3","彰化縣","彰化市","120.530","24.065","1545"
"1978","265822","20220620030000","1511","2","彰化縣","彰化市","120.530","24.070","1952"
"819","265823","20220620030000","878","0","彰化縣","鹿港鎮","120.445","24.055","831"
"28","265824","20220620030000","375","0","彰化縣","鹿港鎮","120.445","24.060","27"
"27","265825","20220620030000","27","1","彰化縣","鹿港鎮","120.450","24.060","24"
"832","265826","20220620030000","654","2","彰化縣","鹿港鎮","120.445","24.065","790"
"16","265839","20220620030000","17","0","彰化縣","彰化市","120.580","24.075","18"
"305","265841","20220620030000","1489","0","彰化縣","彰化市","120.535","24.075","291"
"557","265848","20220620030000","665","0","彰化縣","鹿港鎮","120.460","24.080","554"
"388","265863","20220620030000","383","1","彰化縣","鹿港鎮","120.435","24.050","380"
"1044","265864","20220620030000","1231","0","彰化縣","彰化市","120.550","24.085","1054"
"686","265898","20220620030000","548","2","南投縣","國姓鄉","120.860","24.060","669"
"193","265927","20220620030000","185","1","南投縣","國姓鄉","120.845","24.025","187"
"40","265948","20220620030000","293","0","南投縣","國姓鄉","120.860","24.040","46"
"406","265956","20220620030000","279","2","南投縣","國姓鄉","120.855","24.045","421"
"275","265973","20220620030000","281","0","南投縣","國姓鄉","120.820","24.020","260"
"15","265977","20220620030000","223","0","南投縣","國姓鄉","120.825","24.025","17"
"200","266037","20220620030000","170","1","南投縣","國姓鄉","120.875","24.075","199"
"1865","266081","20220620030000","2777","0","彰化縣","彰化市","120.535","24.065","1849"
"1284","266082","20220620030000","599","3","彰化縣","和美鎮","120.510","24.090","1298"
"267","266091","20220620030000","223","1","彰化縣","埔鹽鄉","120.455","24.015","282"
"720","266093","20220620030000","542","2","彰化縣","彰化市","120.540","24.070","704"
"48","266099","20220620030000","560","0","彰化縣","花壇鄉","120.545","24.015","807"
"356","266100","20220620030000","352","1","彰化縣","花壇鄉","120.545","24.020","357"
"75","266107","20220620030000","74","1","彰化縣","花壇鄉","120.545","24.030","68"
"15","266111","20220620030000","97","0","彰化縣","花壇鄉","120.550","24.035","15"
"345","266122","20220620030000","310","1","彰化縣","埔鹽鄉","120.445","24.020","339"
"549","266124","20220620030000","98","3","彰化縣","彰化市","120.520","24.055","573"
"438","266127","20220620030000","464","0","彰化縣","彰化市","120.565","24.090","453"
"1186","266128","20220620030000","501","3","彰化縣","彰化市","120.555","24.095","1163"
"357","266129","20220620030000","158","3","彰化縣","彰化市","120.560","24.095","337"
"1137","266131","20220620030000","1030","1","彰化縣","彰化市","120.595","24.070","1090"
"145","266132","20220620030000","162","0","彰化縣","彰化市","120.595","24.075","146"
"178","266134","20220620030000","75","3","彰化縣","彰化市","120.605","24.075","182"
"705","266136","20220620030000","513","2","彰化縣","彰化市","120.600","24.080","696"
"403","266138","20220620030000","164","3","彰化縣","彰化市","120.595","24.085","393"
"42","266153","20220620030000","52","0","彰化縣","彰化市","120.605","24.045","37"
"53","266154","20220620030000","25","3","彰化縣","彰化市","120.585","24.050","60"
"43","266155","20220620030000","50","0","彰化縣","彰化市","120.590","24.050","53"
"60","266157","20220620030000","55","1","彰化縣","彰化市","120.600","24.050","68"
"339","266166","20220620030000","198","3","彰化縣","彰化市","120.615","24.055","328"
"660","266168","20220620030000","630","1","彰化縣","彰化市","120.580","24.080","656"
"960","266169","20220620030000","872","1","彰化縣","彰化市","120.575","24.085","967"
"1182","266170","20220620030000","776","3","彰化縣","彰化市","120.580","24.085","1177"
"293","266171","20220620030000","178","3","彰化縣","彰化市","120.560","24.075","292"
"627","266172","20220620030000","649","0","彰化縣","彰化市","120.550","24.080","634"
"1388","266176","20220620030000","456","3","彰化縣","和美鎮","120.495","24.085","1368"
"33","266180","20220620030000","47","0","彰化縣","和美鎮","120.495","24.090","35"
"621","266182","20220620030000","1948","0","彰化縣","彰化市","120.535","24.085","627"
"585","266183","20220620030000","659","0","彰化縣","和美鎮","120.525","24.095","612"
"114","266185","20220620030000","110","1","彰化縣","和美鎮","120.535","24.095","131"
"46","266190","20220620030000","52","0","彰化縣","秀水鄉","120.505","24.065","45"
"1496","266191","20220620030000","291","3","彰化縣","彰化市","120.510","24.065","1467"
"1270","266192","20220620030000","1085","1","彰化縣","彰化市","120.515","24.065","1276"
"623","266194","20220620030000","182","3","彰化縣","彰化市","120.510","24.070","613"
"198","266196","20220620030000","141","2","彰化縣","花壇鄉","120.570","24.055","202"
"13","266205","20220620030000","118","0","彰化縣","彰化市","120.570","24.065","14"
"1384","266210","20220620030000","532","3","彰化縣","彰化市","120.540","24.075","1385"
"1933","266211","20220620030000","1337","2","彰化縣","彰化市","120.540","24.080","1913"
"1020","266214","20220620030000","287","3","彰化縣","彰化市","120.525","24.080","840"
"991","266216","20220620030000","814","2","彰化縣","彰化市","120.530","24.085","1015"
"1070","266222","20220620030000","932","1","彰化縣","彰化市","120.600","24.090","1027"
"242","266224","20220620030000","155","3","彰化縣","彰化市","120.585","24.090","208"
"167","266228","20220620030000","74","3","彰化縣","彰化市","120.580","24.095","180"
"20","266232","20220620030000","17","1","彰化縣","彰化市","120.600","24.095","21"
"405","266233","20220620030000","178","3","彰化縣","秀水鄉","120.500","24.075","422"
"29","266234","20220620030000","540","0","彰化縣","彰化市","120.505","24.075","29"
"600","266237","20220620030000","367","3","彰化縣","彰化市","120.520","24.075","505"
"412","266238","20220620030000","131","3","彰化縣","彰化市","120.510","24.080","395"
"64","266239","20220620030000","278","0","彰化縣","和美鎮","120.515","24.080","51"
"41","266240","20220620030000","276","0","彰化縣","彰化市","120.520","24.080","60"
"476","266241","20220620030000","248","3","彰化縣","彰化市","120.515","24.085","482"
"237","266243","20220620030000","156","3","彰化縣","彰化市","120.525","24.085","211"
"300","266244","20220620030000","489","0","彰化縣","彰化市","120.545","24.095","318"
"28","266245","20220620030000","351","0","彰化縣","彰化市","120.545","24.080","31"
"306","266246","20220620030000","198","3","彰化縣","彰化市","120.565","24.085","312"
"1870","266247","20220620030000","1683","1","彰化縣","彰化市","120.560","24.090","1818"
"610","266248","20220620030000","581","1","彰化縣","彰化市","120.570","24.090","610"
"1017","266249","20220620030000","818","2","彰化縣","和美鎮","120.530","24.090","985"
"175","266250","20220620030000","187","0","彰化縣","彰化市","120.555","24.065","182"
"1334","266251","20220620030000","2918","0","彰化縣","彰化市","120.545","24.070","1375"
"283","266252","20220620030000","256","1","彰化縣","彰化市","120.550","24.070","278"
"26","266255","20220620030000","22","1","彰化縣","彰化市","120.600","24.060","24"
"11","266262","20220620030000","270","0","彰化縣","彰化市","120.610","24.065","11"
"564","266263","20220620030000","496","1","彰化縣","彰化市","120.600","24.070","574"
"44","266264","20220620030000","41","1","彰化縣","彰化市","120.605","24.070","49"
"222","266265","20220620030000","132","3","彰化縣","彰化市","120.610","24.070","216"
"171","266266","20220620030000","1451","0","彰化縣","彰化市","120.540","24.090","185"
"573","266267","20220620030000","395","2","彰化縣","和美鎮","120.520","24.090","574"
"58","266274","20220620030000","399","0","彰化縣","和美鎮","120.505","24.085","46"
"50","266309","20220620030000","34","2","南投縣","仁愛鄉","120.970","24.045","49"
"306","266333","20220620030000","310","0","南投縣","仁愛鄉","120.970","24.060","303"
"139","266406","20220620030000","116","1","南投縣","仁愛鄉","121.095","24.010","149"
"85","266517","20220620030000","49","3","南投縣","仁愛鄉","121.210","24.075","62"
"61","266589","20220620030000","48","2","南投縣","仁愛鄉","121.210","24.090","54"
"315","266696","20220620030000","329","0","南投縣","仁愛鄉","121.150","24.040","283"
"16","266697","20220620030000","27","0","南投縣","仁愛鄉","121.155","24.040","16"
"342","266700","20220620030000","289","1","南投縣","仁愛鄉","121.125","24.045","276"
"128","266706","20220620030000","133","0","南投縣","仁愛鄉","121.155","24.045","105"
"36","266715","20220620030000","27","2","南投縣","仁愛鄉","121.155","24.050","30"
"41","266733","20220620030000","37","1","南投縣","仁愛鄉","121.160","24.055","23"
"329","266768","20220620030000","377","0","南投縣","仁愛鄉","121.165","24.070","323"
"13","266805","20220620030000","37","0","南投縣","仁愛鄉","121.175","24.090","15"
"35","267165","20220620030000","40","0","南投縣","仁愛鄉","121.025","24.090","19"
"26","267167","20220620030000","13","3","南投縣","仁愛鄉","121.035","24.090","26"
"248","267268","20220620030000","286","0","南投縣","仁愛鄉","121.175","24.010","236"
"27","267286","20220620030000","318","0","南投縣","仁愛鄉","121.140","24.025","21"
"75","267290","20220620030000","73","1","南投縣","仁愛鄉","121.160","24.025","56"
"771","267410","20220620030000","681","1","南投縣","仁愛鄉","121.180","24.035","550"
"101","267555","20220620030000","47","3","南投縣","仁愛鄉","121.190","24.060","105"
"236","267605","20220620030000","262","0","南投縣","仁愛鄉","121.210","24.070","206"
"106","267630","20220620030000","77","2","彰化縣","花壇鄉","120.530","24.050","106"
"396","267631","20220620030000","356","1","彰化縣","彰化市","120.530","24.055","423"
"1857","267632","20220620030000","1600","1","彰化縣","彰化市","120.530","24.060","1885"
"94","267633","20220620030000","1805","0","彰化縣","彰化市","120.535","24.060","79"
"1525","267634","20220620030000","2010","0","彰化縣","彰化市","120.550","24.090","1547"
"852","267636","20220620030000","555","3","彰化縣","彰化市","120.550","24.095","843"
"32","267637","20220620030000","53","0","彰化縣","彰化市","120.590","24.065","40"
"449","267640","20220620030000","242","3","彰化縣","彰化市","120.585","24.080","455"
"787","267641","20220620030000","668","1","彰化縣","彰化市","120.590","24.080","801"
"548","267646","20220620030000","320","3","彰化縣","彰化市","120.520","24.065","564"
"1456","267649","20220620030000","1276","1","彰化縣","彰化市","120.525","24.070","1487"
"49","267650","20220620030000","74","0","彰化縣","彰化市","120.525","24.075","44"
"527","267652","20220620030000","423","2","彰化縣","彰化市","120.555","24.050","521"
"868","267654","20220620030000","496","3","彰化縣","彰化市","120.535","24.055","866"
"271","267655","20220620030000","159","3","彰化縣","彰化市","120.540","24.055","280"
"383","267656","20220620030000","191","3","彰化縣","彰化市","120.545","24.055","369"
"297","267661","20220620030000","367","0","彰化縣","彰化市","120.540","24.060","288"
"269","267662","20220620030000","420","0","彰化縣","彰化市","120.545","24.060","276"
"137","267664","20220620030000","84","3","彰化縣","彰化市","120.555","24.060","145"
"3389","267665","20220620030000","2668","2","彰化縣","彰化市","120.540","24.065","3412"
"931","267666","20220620030000","846","1","彰化縣","彰化市","120.545","24.065","925"
"283","267667","20220620030000","337","0","彰化縣","彰化市","120.550","24.065","298"
"2176","267669","20220620030000","880","3","彰化縣","彰化市","120.515","24.055","2173"
"3359","267670","20220620030000","1410","3","彰化縣","彰化市","120.515","24.060","3196"
"15","267676","20220620030000","263","0","彰化縣","福興鄉","120.470","24.030","20"
"140","267682","20220620030000","75","3","彰化縣","福興鄉","120.470","24.035","122"
"557","267689","20220620030000","465","1","彰化縣","福興鄉","120.480","24.040","555"
"403","267697","20220620030000","162","3","彰化縣","福興鄉","120.455","24.035","392"
"453","267705","20220620030000","475","0","彰化縣","福興鄉","120.465","24.045","463"
"248","267717","20220620030000","168","2","彰化縣","秀水鄉","120.510","24.015","251"
"32","267718","20220620030000","25","2","彰化縣","秀水鄉","120.500","24.020","29"
"28","267726","20220620030000","149","0","彰化縣","鹿港鎮","120.480","24.085","26"
"1047","267729","20220620030000","755","2","彰化縣","鹿港鎮","120.485","24.090","948"
"1800","267732","20220620030000","1122","3","彰化縣","鹿港鎮","120.435","24.055","1820"
"902","267736","20220620030000","489","3","彰化縣","鹿港鎮","120.465","24.090","872"
"876","267795","20220620030000","676","2","彰化縣","福興鄉","120.490","24.015","898"
"363","267808","20220620030000","291","2","彰化縣","福興鄉","120.440","24.030","359"
"420","267810","20220620030000","357","1","彰化縣","福興鄉","120.435","24.035","436"
"367","267824","20220620030000","374","0","彰化縣","福興鄉","120.390","24.015","338"
"779","267834","20220620030000","754","1","彰化縣","福興鄉","120.410","24.020","769"
"933","267844","20220620030000","799","1","彰化縣","秀水鄉","120.495","24.025","920"
"667","267873","20220620030000","508","2","彰化縣","福興鄉","120.400","24.045","673"
"804","267898","20220620030000","379","3","彰化縣","福興鄉","120.430","24.040","794"
"769","267900","20220620030000","577","2","彰化縣","福興鄉","120.430","24.045","796"
"20","267904","20220620030000","331","0","彰化縣","福興鄉","120.430","24.050","25"
"230","267908","20220620030000","114","3","彰化縣","福興鄉","120.430","24.020","233"
"27","267913","20220620030000","25","1","彰化縣","福興鄉","120.425","24.030","28"
"59","267926","20220620030000","53","1","彰化縣","福興鄉","120.405","24.030","64"
"273","267928","20220620030000","205","2","彰化縣","福興鄉","120.415","24.030","263"
"55","267935","20220620030000","58","0","彰化縣","秀水鄉","120.500","24.060","63"
"228","267946","20220620030000","194","1","彰化縣","秀水鄉","120.490","24.050","237"
"46","267947","20220620030000","24","3","彰化縣","秀水鄉","120.495","24.050","41"
"48","267949","20220620030000","374","0","彰化縣","秀水鄉","120.500","24.050","50"
"15","267955","20220620030000","235","0","彰化縣","秀水鄉","120.495","24.060","12"
"63","267957","20220620030000","812","0","彰化縣","秀水鄉","120.500","24.030","54"
"177","267959","20220620030000","1079","0","彰化縣","秀水鄉","120.495","24.035","169"
"40","267960","20220620030000","361","0","彰化縣","秀水鄉","120.500","24.035","40"
"109","267964","20220620030000","93","1","彰化縣","秀水鄉","120.520","24.025","103"
"53","267966","20220620030000","605","0","彰化縣","秀水鄉","120.520","24.030","71"
"767","267972","20220620030000","480","3","彰化縣","鹿港鎮","120.435","24.065","769"
"618","267973","20220620030000","553","1","彰化縣","鹿港鎮","120.440","24.065","612"
"443","267975","20220620030000","423","1","彰化縣","鹿港鎮","120.435","24.070","461"
"19","267978","20220620030000","295","0","彰化縣","鹿港鎮","120.425","24.075","25"
"644","267984","20220620030000","577","1","彰化縣","鹿港鎮","120.410","24.080","603"
"124","267987","20220620030000","110","1","彰化縣","鹿港鎮","120.425","24.080","124"
"19","267991","20220620030000","313","0","彰化縣","鹿港鎮","120.445","24.080","15"
"214","267999","20220620030000","171","2","彰化縣","鹿港鎮","120.415","24.080","193"
"364","268001","20220620030000","309","1","彰化縣","鹿港鎮","120.425","24.085","362"
"902","268005","20220620030000","564","3","彰化縣","鹿港鎮","120.445","24.085","879"
"620","268020","20220620030000","491","2","彰化縣","鹿港鎮","120.475","24.065","607"
"741","268031","20220620030000","445","3","彰化縣","鹿港鎮","120.485","24.085","700"
"1028","268032","20220620030000","863","1","彰化縣","鹿港鎮","120.430","24.060","1063"
"357","268034","20220620030000","577","0","彰化縣","彰化市","120.525","24.060","345"
"1007","268035","20220620030000","1096","0","彰化縣","彰化市","120.525","24.065","1013"
"42","268044","20220620030000","440","0","彰化縣","鹿港鎮","120.450","24.095","44"
"43","268053","20220620030000","41","1","彰化縣","鹿港鎮","120.470","24.075","42"
"225","268057","20220620030000","999","0","彰化縣","鹿港鎮","120.475","24.080","209"
"159","268061","20220620030000","190","0","彰化縣","鹿港鎮","120.430","24.055","138"
"32","268068","20220620030000","136","0","彰化縣","芬園鄉","120.625","24.025","25"
"13","268070","20220620030000","20","0","彰化縣","花壇鄉","120.600","24.015","13"
"32","268073","20220620030000","23","2","彰化縣","芬園鄉","120.615","24.015","23"
"64","268074","20220620030000","65","0","彰化縣","芬園鄉","120.620","24.015","67"
"29","268077","20220620030000","416","0","彰化縣","福興鄉","120.480","24.045","37"
"1169","268085","20220620030000","1149","1","彰化縣","鹿港鎮","120.470","24.055","1174"
"225","268089","20220620030000","210","1","彰化縣","鹿港鎮","120.460","24.060","233"
"98","268108","20220620030000","89","1","彰化縣","鹿港鎮","120.385","24.060","101"
"132","268109","20220620030000","110","2","彰化縣","鹿港鎮","120.390","24.060","142"
"212","268110","20220620030000","183","1","彰化縣","鹿港鎮","120.395","24.060","200"
"20","268126","20220620030000","12","3","彰化縣","鹿港鎮","120.390","24.065","21"
"250","268128","20220620030000","97","3","彰化縣","鹿港鎮","120.400","24.065","256"
"59","268129","20220620030000","48","2","彰化縣","鹿港鎮","120.405","24.065","55"
"429","268130","20220620030000","270","3","彰化縣","鹿港鎮","120.410","24.065","418"
"657","268134","20220620030000","365","3","彰化縣","鹿港鎮","120.430","24.065","674"
"46","268144","20220620030000","43","1","彰化縣","鹿港鎮","120.395","24.070","39"
"139","268157","20220620030000","112","2","彰化縣","鹿港鎮","120.390","24.075","134"
"29","268158","20220620030000","98","0","彰化縣","鹿港鎮","120.395","24.075","21"
"80","268161","20220620030000","71","1","彰化縣","鹿港鎮","120.410","24.075","74"
"43","268162","20220620030000","96","0","彰化縣","鹿港鎮","120.415","24.075","49"
"413","268170","20220620030000","398","1","彰化縣","鹿港鎮","120.395","24.080","527"
"1715","268172","20220620030000","1615","1","彰化縣","鹿港鎮","120.440","24.055","1740"
"108","268173","20220620030000","1085","0","彰化縣","鹿港鎮","120.440","24.060","110"
"1912","268175","20220620030000","1764","1","彰化縣","福興鄉","120.440","24.045","1892"
"11","268176","20220620030000","92","0","彰化縣","花壇鄉","120.550","24.040","15"
"30","268203","20220620030000","14","3","彰化縣","芬園鄉","120.595","24.035","27"
"272","268205","20220620030000","215","2","彰化縣","芬園鄉","120.605","24.035","256"
"432","268224","20220620030000","335","2","彰化縣","芬園鄉","120.650","24.020","400"
"482","268226","20220620030000","198","3","彰化縣","芬園鄉","120.635","24.025","470"
"368","268233","20220620030000","372","0","彰化縣","福興鄉","120.440","24.035","380"
"586","268245","20220620030000","339","3","彰化縣","秀水鄉","120.490","24.070","603"
"330","268249","20220620030000","262","2","彰化縣","秀水鄉","120.505","24.030","344"
"141","268253","20220620030000","634","0","彰化縣","秀水鄉","120.505","24.040","133"
"44","268258","20220620030000","323","0","彰化縣","秀水鄉","120.515","24.020","43"
"25","268261","20220620030000","479","0","彰化縣","福興鄉","120.450","24.030","21"
"584","268262","20220620030000","377","3","彰化縣","福興鄉","120.455","24.030","571"
"887","268271","20220620030000","761","1","彰化縣","福興鄉","120.420","24.035","888"
"33","268274","20220620030000","366","0","彰化縣","福興鄉","120.425","24.035","46"
"424","268277","20220620030000","310","2","彰化縣","芬園鄉","120.660","24.015","429"
"91","268289","20220620030000","676","0","彰化縣","芬園鄉","120.625","24.020","81"
"50","268296","20220620030000","506","0","彰化縣","福興鄉","120.470","24.020","56"
"739","268297","20220620030000","227","3","彰化縣","秀水鄉","120.505","24.035","737"
"27","268301","20220620030000","324","0","彰化縣","秀水鄉","120.495","24.040","23"
"19","268303","20220620030000","350","0","彰化縣","秀水鄉","120.500","24.040","23"
"488","268308","20220620030000","276","3","彰化縣","秀水鄉","120.510","24.045","491"
"52","268311","20220620030000","841","0","彰化縣","秀水鄉","120.510","24.050","69"
"697","268316","20220620030000","575","2","彰化縣","花壇鄉","120.530","24.020","662"
"329","268321","20220620030000","347","0","彰化縣","花壇鄉","120.530","24.040","318"
"54","268322","20220620030000","134","0","彰化縣","花壇鄉","120.520","24.045","41"
"39","268324","20220620030000","604","0","彰化縣","花壇鄉","120.530","24.045","38"
"276","268327","20220620030000","257","1","彰化縣","花壇鄉","120.535","24.030","293"
"579","268328","20220620030000","539","1","彰化縣","花壇鄉","120.535","24.035","546"
"63","268329","20220620030000","252","0","彰化縣","花壇鄉","120.535","24.040","70"
"56","268331","20220620030000","643","0","彰化縣","花壇鄉","120.545","24.040","55"
"536","268333","20220620030000","356","3","彰化縣","花壇鄉","120.540","24.040","512"
"328","268335","20220620030000","305","1","彰化縣","花壇鄉","120.555","24.020","323"
"873","268336","20220620030000","774","1","彰化縣","花壇鄉","120.540","24.025","894"
"439","268338","20220620030000","320","2","彰化縣","花壇鄉","120.550","24.025","388"
"200","268339","20220620030000","163","2","彰化縣","花壇鄉","120.555","24.025","204"
"172","268347","20220620030000","127","2","彰化縣","花壇鄉","120.565","24.020","166"
"77","268356","20220620030000","78","0","彰化縣","花壇鄉","120.575","24.035","75"
"67","268370","20220620030000","117","0","彰化縣","花壇鄉","120.560","24.015","58"
"68","268371","20220620030000","57","1","彰化縣","花壇鄉","120.570","24.020","62"
"25","268375","20220620030000","20","2","彰化縣","花壇鄉","120.595","24.020","32"
"12","268380","20220620030000","10","2","彰化縣","花壇鄉","120.585","24.030","12"
"149","268381","20220620030000","850","0","彰化縣","花壇鄉","120.545","24.045","153"
"36","268391","20220620030000","21","3","彰化縣","花壇鄉","120.540","24.020","39"
"1661","268393","20220620030000","1356","2","彰化縣","花壇鄉","120.535","24.025","1663"
"23","268399","20220620030000","226","0","彰化縣","福興鄉","120.480","24.020","19"
"11","269403","20220620030000","12","0","彰化縣","鹿港鎮","120.395","24.105","16"
"871","274405","20220620030000","1221","0","臺中市","太平區","120.720","24.135","854"
"2278","274408","20220620030000","1588","2","臺中市","太平區","120.720","24.115","2227"
"116","274410","20220620030000","67","3","臺中市","太平區","120.755","24.120","115"
"163","274476","20220620030000","158","1","臺中市","太平區","120.810","24.140","159"
"2685","274515","20220620030000","2056","2","臺中市","南屯區","120.645","24.135","2675"
"3638","274516","20220620030000","3113","1","臺中市","南屯區","120.650","24.140","3652"
"2498","274517","20220620030000","1743","2","臺中市","南屯區","120.650","24.150","2558"
"1022","274518","20220620030000","927","1","臺中市","西屯區","120.650","24.155","992"
"28","274519","20220620030000","617","0","臺中市","南屯區","120.650","24.135","39"
"1913","274520","20220620030000","1028","3","臺中市","南屯區","120.650","24.130","1951"
"683","274521","20220620030000","481","2","臺中市","南屯區","120.610","24.150","676"
"2148","274522","20220620030000","1770","2","臺中市","南屯區","120.615","24.150","2159"
"10","274523","20220620030000","11","0","臺中市","南屯區","120.620","24.150","10"
"422","274524","20220620030000","251","3","臺中市","南屯區","120.605","24.155","426"
"239","274525","20220620030000","178","2","臺中市","南屯區","120.610","24.155","235"
"48","274530","20220620030000","49","0","臺中市","南屯區","120.600","24.160","37"
"254","274531","20220620030000","312","0","臺中市","南屯區","120.605","24.160","264"
"90","274534","20220620030000","45","3","臺中市","南屯區","120.590","24.165","96"
"1533","274535","20220620030000","1439","1","臺中市","北區","120.690","24.155","1512"
"1909","274536","20220620030000","1945","0","臺中市","北屯區","120.695","24.165","1920"
"1971","274537","20220620030000","1632","2","臺中市","北屯區","120.700","24.160","1972"
"2172","274538","20220620030000","1498","2","臺中市","北區","120.690","24.160","2217"
"1554","274539","20220620030000","1728","0","臺中市","北區","120.680","24.150","1574"
"2270","274540","20220620030000","1000","3","臺中市","北區","120.685","24.150","2250"
"1498","274541","20220620030000","1669","0","臺中市","南區","120.660","24.125","1538"
"2367","274543","20220620030000","1842","2","臺中市","南區","120.675","24.125","2440"
"57","274544","20220620030000","78","0","臺中市","北屯區","120.665","24.185","57"
"951","274545","20220620030000","634","3","臺中市","北屯區","120.725","24.170","939"
"737","274546","20220620030000","1450","0","臺中市","北屯區","120.720","24.175","742"
"1738","274547","20220620030000","1475","1","臺中市","北屯區","120.725","24.175","1722"
"2400","274549","20220620030000","2006","1","臺中市","北屯區","120.725","24.180","2364"
"343","274551","20220620030000","308","1","臺中市","北屯區","120.735","24.180","362"
"1477","274554","20220620030000","1503","0","臺中市","西區","120.675","24.140","1431"
"1455","274556","20220620030000","1222","1","臺中市","大里區","120.675","24.105","1491"
"751","274558","20220620030000","776","0","臺中市","大里區","120.675","24.115","772"
"1689","274559","20220620030000","1517","1","臺中市","西屯區","120.615","24.175","1694"
"799","274560","20220620030000","463","3","臺中市","西屯區","120.630","24.175","836"
"2479","274561","20220620030000","2399","1","臺中市","西屯區","120.615","24.180","2481"
"1080","274562","20220620030000","1176","0","臺中市","西屯區","120.625","24.180","1131"
"928","274564","20220620030000","779","1","臺中市","西屯區","120.630","24.180","909"
"3105","274566","20220620030000","2617","1","臺中市","西屯區","120.640","24.175","3150"
"2012","274567","20220620030000","1683","1","臺中市","西屯區","120.635","24.175","1866"
"1519","274568","20220620030000","635","3","臺中市","西屯區","120.635","24.180","1521"
"135","274569","20220620030000","997","0","臺中市","西屯區","120.630","24.185","126"
"129","274571","20220620030000","876","0","臺中市","北屯區","120.715","24.175","152"
"1426","274572","20220620030000","945","3","臺中市","北屯區","120.715","24.180","1417"
"170","274575","20220620030000","466","0","臺中市","北屯區","120.715","24.185","181"
"49","274577","20220620030000","37","2","臺中市","北屯區","120.730","24.185","53"
"461","274578","20220620030000","320","2","臺中市","北屯區","120.720","24.185","454"
"1633","274581","20220620030000","2360","0","臺中市","北區","120.665","24.165","1653"
"2750","274582","20220620030000","1865","2","臺中市","北區","120.670","24.165","2858"
"571","274583","20220620030000","270","3","臺中市","南區","120.670","24.125","595"
"1607","274585","20220620030000","1668","0","臺中市","西屯區","120.610","24.185","1581"
"314","274586","20220620030000","351","0","臺中市","西屯區","120.600","24.180","311"
"1684","274587","20220620030000","1303","2","臺中市","西屯區","120.605","24.180","1632"
"296","274591","20220620030000","2054","0","臺中市","龍井區","120.530","24.180","297"
"663","274593","20220620030000","1239","0","臺中市","烏日區","120.635","24.100","646"
"1271","274595","20220620030000","1776","0","臺中市","烏日區","120.635","24.105","1272"
"1137","274596","20220620030000","1169","0","臺中市","烏日區","120.640","24.105","1144"
"730","274603","20220620030000","533","2","臺中市","大肚區","120.530","24.160","738"
"1927","274608","20220620030000","1091","3","臺中市","西區","120.670","24.135","1909"
"769","274609","20220620030000","1626","0","臺中市","西區","120.655","24.150","726"
"3629","274610","20220620030000","3123","1","臺中市","西區","120.655","24.135","3627"
"2440","274611","20220620030000","2309","1","臺中市","西區","120.655","24.145","2496"
"2003","274612","20220620030000","1963","1","臺中市","西區","120.670","24.130","1952"
"271","274615","20220620030000","309","0","臺中市","太平區","120.735","24.135","256"
"28","274616","20220620030000","20","2","臺中市","太平區","120.740","24.140","35"
"2339","274620","20220620030000","1445","3","臺中市","北區","120.685","24.160","2297"
"2458","274621","20220620030000","1453","3","臺中市","北區","120.675","24.150","2409"
"1572","274623","20220620030000","597","3","臺中市","北區","120.690","24.150","1509"
"1272","274624","20220620030000","1103","1","臺中市","南區","120.680","24.120","1400"
"2210","274625","20220620030000","1829","2","臺中市","大里區","120.685","24.120","2292"
"1604","274626","20220620030000","697","3","臺中市","南區","120.660","24.120","1539"
"922","274627","20220620030000","635","2","臺中市","南區","120.675","24.120","1233"
"1019","274628","20220620030000","1295","0","臺中市","東區","120.695","24.130","1042"
"1438","274629","20220620030000","2014","0","臺中市","西屯區","120.620","24.185","1423"
"1216","274630","20220620030000","623","3","臺中市","西屯區","120.615","24.185","1217"
"813","274631","20220620030000","940","0","臺中市","西屯區","120.620","24.190","814"
"3737","274632","20220620030000","3269","1","臺中市","西屯區","120.605","24.185","3682"
"508","274634","20220620030000","661","0","臺中市","西屯區","120.600","24.185","499"
"844","274636","20220620030000","369","3","臺中市","東區","120.705","24.130","834"
"797","274637","20220620030000","802","0","臺中市","東區","120.705","24.135","778"
"2907","274639","20220620030000","1676","3","臺中市","東區","120.695","24.145","2896"
"77","274640","20220620030000","111","0","臺中市","東區","120.700","24.145","77"
"1791","274641","20220620030000","1270","2","臺中市","東區","120.695","24.125","1808"
"2752","274642","20220620030000","1770","3","臺中市","大里區","120.680","24.110","2810"
"218","274644","20220620030000","197","1","臺中市","大里區","120.665","24.100","235"
"67","274646","20220620030000","528","0","臺中市","大里區","120.665","24.105","60"
"229","274647","20220620030000","113","3","臺中市","大里區","120.670","24.105","215"
"43","274648","20220620030000","590","0","臺中市","大里區","120.665","24.110","43"
"1135","274649","20220620030000","710","3","臺中市","大里區","120.670","24.110","1167"
"741","274650","20220620030000","707","1","臺中市","大里區","120.700","24.105","735"
"13","274669","20220620030000","105","0","臺中市","太平區","120.780","24.105","10"
"230","274683","20220620030000","218","1","臺中市","太平區","120.765","24.110","228"
"67","274707","20220620030000","72","0","臺中市","太平區","120.795","24.115","69"
"456","274737","20220620030000","517","0","臺中市","太平區","120.720","24.140","459"
"1246","274738","20220620030000","523","3","臺中市","太平區","120.725","24.135","1249"
"1378","274739","20220620030000","733","3","臺中市","大里區","120.695","24.120","1398"
"217","274741","20220620030000","141","3","臺中市","東區","120.700","24.130","215"
"186","274742","20220620030000","131","2","臺中市","東區","120.700","24.135","194"
"1865","274744","20220620030000","2189","0","臺中市","大里區","120.685","24.105","1827"
"110","274781","20220620030000","70","3","臺中市","新社區","120.825","24.165","112"
"75","274785","20220620030000","57","2","臺中市","新社區","120.835","24.170","69"
"1125","274786","20220620030000","503","3","臺中市","西屯區","120.610","24.180","1118"
"42","274787","20220620030000","462","0","臺中市","南區","120.680","24.125","40"
"1405","274788","20220620030000","933","3","臺中市","東區","120.685","24.135","1364"
"3652","274789","20220620030000","1763","3","臺中市","北區","120.685","24.145","3597"
"4304","274790","20220620030000","3635","1","臺中市","北屯區","120.670","24.175","4298"
"572","274792","20220620030000","540","1","臺中市","東區","120.695","24.135","587"
"71","274805","20220620030000","59","2","臺中市","新社區","120.825","24.155","68"
"278","274823","20220620030000","145","3","臺中市","新社區","120.800","24.180","255"
"174","274835","20220620030000","1495","0","臺中市","大肚區","120.540","24.150","157"
"265","274842","20220620030000","249","1","臺中市","大肚區","120.540","24.170","257"
"36","274852","20220620030000","39","0","臺中市","大肚區","120.525","24.175","36"
"92","274869","20220620030000","408","0","臺中市","大肚區","120.545","24.135","91"
"18","274873","20220620030000","212","0","臺中市","大肚區","120.550","24.140","14"
"191","274874","20220620030000","149","2","臺中市","大肚區","120.555","24.140","183"
"2398","274883","20220620030000","1785","2","臺中市","北區","120.670","24.155","2402"
"671","274884","20220620030000","573","1","臺中市","西屯區","120.655","24.175","712"
"125","274885","20220620030000","675","0","臺中市","西屯區","120.660","24.175","127"
"1182","274889","20220620030000","936","2","臺中市","大肚區","120.580","24.110","1173"
"25","274891","20220620030000","332","0","臺中市","大肚區","120.570","24.115","29"
"153","274895","20220620030000","165","0","臺中市","大肚區","120.545","24.145","161"
"200","274897","20220620030000","1599","0","臺中市","大肚區","120.550","24.150","221"
"1344","274905","20220620030000","669","3","臺中市","南區","120.650","24.115","1360"
"64","274907","20220620030000","488","0","臺中市","南區","120.650","24.120","50"
"1330","274908","20220620030000","1187","1","臺中市","南區","120.655","24.120","1255"
"1109","274910","20220620030000","1110","0","臺中市","南區","120.645","24.110","1077"
"1707","274911","20220620030000","1843","0","臺中市","南區","120.650","24.110","1672"
"1464","274912","20220620030000","1272","1","臺中市","南區","120.655","24.110","1486"
"715","274913","20220620030000","867","0","臺中市","南區","120.670","24.115","735"
"525","274917","20220620030000","240","3","臺中市","龍井區","120.575","24.180","535"
"1590","274918","20220620030000","1017","3","臺中市","龍井區","120.580","24.180","1544"
"202","274921","20220620030000","180","1","臺中市","龍井區","120.580","24.185","193"
"225","274926","20220620030000","199","1","臺中市","新社區","120.815","24.180","217"
"10","274937","20220620030000","14","0","臺中市","新社區","120.880","24.105","10"
"48","274950","20220620030000","61","0","南投縣","國姓鄉","120.855","24.120","69"
"24","274969","20220620030000","24","1","臺中市","新社區","120.840","24.130","18"
"76","274972","20220620030000","47","3","臺中市","新社區","120.855","24.130","66"
"20","274976","20220620030000","14","2","臺中市","新社區","120.875","24.130","20"
"48","274982","20220620030000","41","1","臺中市","新社區","120.855","24.135","43"
"59","274997","20220620030000","40","2","臺中市","和平區","120.885","24.140","66"
"10","275019","20220620030000","46","0","臺中市","新社區","120.875","24.155","18"
"215","275027","20220620030000","106","3","臺中市","新社區","120.885","24.160","202"
"1289","275034","20220620030000","1686","0","臺中市","北區","120.675","24.165","1253"
"4622","275035","20220620030000","2882","3","臺中市","北區","120.680","24.165","4660"
"1552","275036","20220620030000","2090","0","臺中市","北區","120.675","24.170","1534"
"954","275037","20220620030000","903","1","臺中市","南區","120.655","24.115","1181"
"1737","275038","20220620030000","2772","0","臺中市","南區","120.660","24.115","1703"
"3103","275039","20220620030000","1998","3","臺中市","南區","120.665","24.120","3079"
"2219","275040","20220620030000","1562","2","臺中市","南區","120.670","24.120","2302"
"173","275041","20220620030000","907","0","臺中市","太平區","120.715","24.115","181"
"1277","275042","20220620030000","1235","1","臺中市","太平區","120.720","24.120","1290"
"4389","275043","20220620030000","3718","1","臺中市","西屯區","120.645","24.175","4506"
"2763","275044","20220620030000","3418","0","臺中市","西屯區","120.650","24.175","2798"
"334","275045","20220620030000","230","2","臺中市","西屯區","120.640","24.185","324"
"110","275048","20220620030000","120","0","臺中市","西屯區","120.625","24.155","118"
"466","275049","20220620030000","377","2","臺中市","西屯區","120.625","24.160","472"
"1761","275052","20220620030000","1789","0","臺中市","龍井區","120.585","24.180","1772"
"2020","275053","20220620030000","2299","0","臺中市","西屯區","120.590","24.185","2041"
"504","275054","20220620030000","556","0","臺中市","龍井區","120.585","24.185","537"
"2016","275055","20220620030000","2131","0","臺中市","龍井區","120.590","24.180","2059"
"642","275056","20220620030000","291","3","臺中市","西屯區","120.595","24.190","606"
"814","275061","20220620030000","844","0","臺中市","東區","120.710","24.145","820"
"1276","275062","20220620030000","1298","0","臺中市","東區","120.710","24.140","1293"
"226","275064","20220620030000","254","0","臺中市","大里區","120.695","24.100","214"
"435","275065","20220620030000","544","0","臺中市","大里區","120.700","24.100","445"
"1617","275066","20220620030000","1366","1","臺中市","大里區","120.685","24.110","1593"
"747","275067","20220620030000","279","3","臺中市","大里區","120.690","24.110","744"
"588","275069","20220620030000","486","2","臺中市","太平區","120.730","24.100","595"
"451","275075","20220620030000","499","0","臺中市","太平區","120.730","24.105","436"
"717","275076","20220620030000","373","3","臺中市","太平區","120.735","24.120","706"
"19","275081","20220620030000","15","2","臺中市","太平區","120.745","24.125","18"
"399","275082","20220620030000","219","3","臺中市","太平區","120.740","24.130","418"
"1413","275083","20220620030000","944","2","臺中市","北區","120.680","24.155","1360"
"343","275084","20220620030000","317","1","臺中市","太平區","120.750","24.125","348"
"41","275090","20220620030000","39","1","臺中市","太平區","120.755","24.135","32"
"686","275099","20220620030000","400","3","臺中市","太平區","120.735","24.110","717"
"1119","275110","20220620030000","900","2","臺中市","西區","120.665","24.130","1168"
"1787","275111","20220620030000","1723","1","臺中市","東區","120.690","24.125","1780"
"115","275112","20220620030000","98","1","臺中市","東區","120.685","24.125","122"
"782","275114","20220620030000","399","3","臺中市","西區","120.665","24.135","762"
"1459","275115","20220620030000","1561","0","臺中市","西區","120.670","24.140","1400"
"1671","275116","20220620030000","660","3","臺中市","南區","120.655","24.130","4997"
"1417","275118","20220620030000","1414","1","臺中市","北區","120.695","24.155","1398"
"2350","275119","20220620030000","1831","2","臺中市","北區","120.695","24.160","2373"
"4785","275120","20220620030000","3273","2","臺中市","西區","120.660","24.135","4556"
"879","275121","20220620030000","902","0","臺中市","東區","120.685","24.130","857"
"2277","275122","20220620030000","1242","3","臺中市","南區","120.675","24.130","2316"
"2068","275123","20220620030000","1983","1","臺中市","南屯區","120.635","24.145","2039"
"3142","275124","20220620030000","2073","3","臺中市","南屯區","120.640","24.145","3261"
"2369","275125","20220620030000","1487","3","臺中市","西區","120.670","24.145","2457"
"3317","275126","20220620030000","2731","2","臺中市","北區","120.665","24.160","3294"
"1650","275128","20220620030000","1643","1","臺中市","北區","120.675","24.160","1656"
"1398","275129","20220620030000","1728","0","臺中市","北區","120.675","24.145","1356"
"2039","275130","20220620030000","1478","2","臺中市","北屯區","120.700","24.185","2137"
"722","275133","20220620030000","178","3","臺中市","北屯區","120.660","24.185","736"
"2167","275134","20220620030000","1160","3","臺中市","北屯區","120.660","24.180","2190"
"362","275137","20220620030000","241","3","臺中市","龍井區","120.565","24.175","357"
"4122","275141","20220620030000","3889","1","臺中市","南屯區","120.655","24.140","4082"
"508","275142","20220620030000","849","0","臺中市","西區","120.665","24.140","518"
"897","275143","20220620030000","494","3","臺中市","西屯區","120.625","24.185","893"
"2376","275144","20220620030000","1824","2","臺中市","西屯區","120.655","24.160","2321"
"1235","275145","20220620030000","1124","1","臺中市","西屯區","120.650","24.165","1272"
"4441","275146","20220620030000","3086","2","臺中市","西屯區","120.655","24.165","4427"
"54","275147","20220620030000","400","0","臺中市","烏日區","120.600","24.120","57"
"78","275154","20220620030000","520","0","臺中市","烏日區","120.605","24.125","91"
"56","275159","20220620030000","66","0","臺中市","南屯區","120.600","24.130","46"
"73","275166","20220620030000","69","1","臺中市","烏日區","120.590","24.110","72"
"2442","275167","20220620030000","1423","3","臺中市","烏日區","120.595","24.110","2318"
"980","275174","20220620030000","731","2","臺中市","烏日區","120.615","24.105","970"
"166","275175","20220620030000","115","2","臺中市","烏日區","120.615","24.110","137"
"318","275177","20220620030000","1138","0","臺中市","烏日區","120.625","24.110","309"
"1151","275179","20220620030000","2213","0","臺中市","北區","120.685","24.165","1091"
"687","275181","20220620030000","1956","0","臺中市","北屯區","120.725","24.160","675"
"602","275185","20220620030000","486","2","臺中市","北屯區","120.725","24.165","622"
"1646","275187","20220620030000","1385","1","臺中市","北屯區","120.735","24.165","1673"
"53","275188","20220620030000","50","1","臺中市","北屯區","120.740","24.165","48"
"712","275189","20220620030000","320","3","臺中市","北屯區","120.730","24.170","716"
"366","275192","20220620030000","699","0","臺中市","北屯區","120.735","24.175","434"
"480","275193","20220620030000","326","2","臺中市","北屯區","120.740","24.175","549"
"2324","275194","20220620030000","2629","0","臺中市","北區","120.670","24.170","2383"
"1098","275195","20220620030000","1015","1","臺中市","北屯區","120.690","24.170","1103"
"1301","275196","20220620030000","508","3","臺中市","北屯區","120.675","24.175","1285"
"5302","275197","20220620030000","3747","2","臺中市","北屯區","120.680","24.175","5219"
"3524","275198","20220620030000","2924","2","臺中市","北屯區","120.685","24.175","3385"
"3991","275199","20220620030000","3856","1","臺中市","南屯區","120.635","24.150","4059"
"1157","275200","20220620030000","801","2","臺中市","南屯區","120.640","24.150","1162"
"2127","275201","20220620030000","1957","1","臺中市","南屯區","120.635","24.155","2128"
"2403","275202","20220620030000","1244","3","臺中市","北屯區","120.685","24.190","2236"
"15","275203","20220620030000","95","0","臺中市","南屯區","120.620","24.115","14"
"2220","275204","20220620030000","1119","3","臺中市","南屯區","120.625","24.115","2232"
"354","275206","20220620030000","368","0","臺中市","南屯區","120.625","24.120","350"
"2501","275207","20220620030000","2900","0","臺中市","西屯區","120.650","24.180","2579"
"2389","275208","20220620030000","1518","3","臺中市","西屯區","120.635","24.185","2389"
"3827","275209","20220620030000","4017","0","臺中市","西屯區","120.645","24.180","4006"
"1850","275210","20220620030000","1955","0","臺中市","西屯區","120.640","24.180","1909"
"429","275211","20220620030000","299","2","臺中市","西屯區","120.655","24.185","469"
"1360","275212","20220620030000","601","3","臺中市","西屯區","120.660","24.165","1389"
"2178","275213","20220620030000","1653","2","臺中市","西屯區","120.650","24.160","2145"
"480","275214","20220620030000","454","1","臺中市","西屯區","120.665","24.170","480"
"584","275215","20220620030000","498","1","臺中市","大里區","120.710","24.110","579"
"349","275217","20220620030000","452","0","臺中市","太平區","120.710","24.115","358"
"123","275219","20220620030000","132","0","臺中市","太平區","120.710","24.120","123"
"722","275221","20220620030000","621","1","臺中市","太平區","120.705","24.125","703"
"548","275222","20220620030000","499","1","臺中市","太平區","120.710","24.125","528"
"1179","275223","20220620030000","1109","1","臺中市","太平區","120.715","24.125","1164"
"1327","275227","20220620030000","1181","1","臺中市","北屯區","120.670","24.180","1398"
"1086","275228","20220620030000","482","3","臺中市","北屯區","120.665","24.180","1095"
"87","275229","20220620030000","649","0","臺中市","北屯區","120.700","24.165","103"
"1684","275230","20220620030000","2579","0","臺中市","北屯區","120.700","24.170","1639"
"1262","275231","20220620030000","609","3","臺中市","北屯區","120.705","24.165","1231"
"1344","275232","20220620030000","736","3","臺中市","北屯區","120.675","24.180","1343"
"726","275233","20220620030000","265","3","臺中市","北屯區","120.675","24.185","660"
"3328","275234","20220620030000","1737","3","臺中市","北屯區","120.680","24.180","3218"
"2348","275235","20220620030000","1662","2","臺中市","北屯區","120.670","24.185","2344"
"1116","275237","20220620030000","497","3","臺中市","北屯區","120.675","24.190","948"
"3737","275239","20220620030000","3312","1","臺中市","北區","120.680","24.160","3764"
"2206","275240","20220620030000","2536","0","臺中市","南區","120.660","24.110","2221"
"2247","275241","20220620030000","1897","1","臺中市","南區","120.665","24.115","2292"
"2449","275242","20220620030000","2190","1","臺中市","南區","120.665","24.125","2486"
"1587","275243","20220620030000","1504","1","臺中市","南區","120.655","24.125","1579"
"1507","275245","20220620030000","1265","1","臺中市","南屯區","120.645","24.145","1486"
"2751","275246","20220620030000","3202","0","臺中市","西區","120.650","24.145","2750"
"78","275247","20220620030000","116","0","臺中市","南屯區","120.600","24.140","85"
"578","275249","20220620030000","353","3","臺中市","南屯區","120.610","24.140","598"
"308","275250","20220620030000","245","2","臺中市","南屯區","120.615","24.140","331"
"461","275251","20220620030000","206","3","臺中市","南屯區","120.600","24.145","431"
"1604","275252","20220620030000","723","3","臺中市","南屯區","120.605","24.145","1599"
"1126","275253","20220620030000","497","3","臺中市","南屯區","120.610","24.145","1114"
"1629","275254","20220620030000","1090","2","臺中市","南屯區","120.615","24.145","1623"
"218","275255","20220620030000","244","0","臺中市","南屯區","120.620","24.145","216"
"38","275256","20220620030000","36","1","臺中市","南屯區","120.595","24.150","34"
"177","275257","20220620030000","83","3","臺中市","南屯區","120.600","24.150","181"
"2739","275267","20220620030000","2946","0","臺中市","北屯區","120.690","24.185","2718"
"20","275268","20220620030000","22","0","臺中市","北屯區","120.690","24.190","23"
"507","275270","20220620030000","480","1","臺中市","大肚區","120.555","24.130","502"
"450","275272","20220620030000","495","0","臺中市","大肚區","120.555","24.135","477"
"515","275278","20220620030000","470","1","臺中市","南屯區","120.620","24.140","493"
"258","275280","20220620030000","292","0","臺中市","南屯區","120.625","24.145","268"
"428","275281","20220620030000","392","1","臺中市","南屯區","120.630","24.145","458"
"503","275284","20220620030000","348","2","臺中市","南屯區","120.610","24.130","479"
"592","275286","20220620030000","222","3","臺中市","南屯區","120.600","24.135","626"
"471","275288","20220620030000","444","1","臺中市","南屯區","120.610","24.135","465"
"247","275291","20220620030000","229","1","臺中市","南屯區","120.595","24.135","248"
"699","275293","20220620030000","581","2","臺中市","南屯區","120.605","24.135","788"
"1799","275294","20220620030000","1177","3","臺中市","南屯區","120.615","24.135","1888"
"71","275297","20220620030000","30","3","臺中市","南屯區","120.590","24.140","72"
"339","275302","20220620030000","154","3","臺中市","南屯區","120.590","24.145","355"
"21","275303","20220620030000","54","0","臺中市","南屯區","120.595","24.145","23"
"128","275307","20220620030000","80","3","臺中市","南屯區","120.590","24.150","141"
"180","275309","20220620030000","159","1","臺中市","南屯區","120.630","24.115","161"
"81","275311","20220620030000","283","0","臺中市","南屯區","120.630","24.120","74"
"427","275312","20220620030000","318","2","臺中市","南屯區","120.635","24.120","470"
"102","275314","20220620030000","34","3","臺中市","南屯區","120.625","24.135","101"
"3039","275315","20220620030000","1839","3","臺中市","南屯區","120.630","24.135","3076"
"968","275316","20220620030000","619","3","臺中市","南屯區","120.630","24.140","927"
"3428","275317","20220620030000","1952","3","臺中市","南屯區","120.635","24.140","3406"
"1092","275318","20220620030000","690","3","臺中市","南屯區","120.645","24.150","1071"
"1549","275319","20220620030000","1092","2","臺中市","南屯區","120.640","24.140","1603"
"1930","275320","20220620030000","2281","0","臺中市","南屯區","120.645","24.140","1925"
"338","275322","20220620030000","314","1","臺中市","南屯區","120.635","24.125","341"
"538","275325","20220620030000","469","1","臺中市","南屯區","120.635","24.130","484"
"1336","275326","20220620030000","1117","1","臺中市","南屯區","120.645","24.130","1365"
"961","275328","20220620030000","639","3","臺中市","南屯區","120.640","24.135","989"
"180","275329","20220620030000","494","0","臺中市","南屯區","120.640","24.130","168"
"69","275330","20220620030000","47","2","臺中市","南屯區","120.620","24.125","56"
"610","275332","20220620030000","238","3","臺中市","南屯區","120.630","24.125","599"
"166","275333","20220620030000","113","2","臺中市","南屯區","120.620","24.130","168"
"235","275336","20220620030000","206","1","臺中市","南屯區","120.640","24.125","209"
"360","275337","20220620030000","291","2","臺中市","南屯區","120.620","24.135","381"
"2205","275340","20220620030000","2252","0","臺中市","太平區","120.700","24.150","2179"
"1205","275341","20220620030000","1092","1","臺中市","北區","120.700","24.155","1214"
"2810","275343","20220620030000","1794","3","臺中市","北屯區","120.685","24.180","2711"
"1492","275344","20220620030000","1068","2","臺中市","北屯區","120.690","24.180","1531"
"457","275350","20220620030000","220","3","臺中市","北屯區","120.745","24.160","469"
"161","275354","20220620030000","144","1","臺中市","太平區","120.770","24.160","154"
"12","275362","20220620030000","12","1","臺中市","北屯區","120.745","24.170","15"
"229","275365","20220620030000","139","3","臺中市","北屯區","120.760","24.170","223"
"211","275380","20220620030000","203","1","臺中市","北屯區","120.775","24.175","205"
"83","275382","20220620030000","44","3","臺中市","北屯區","120.785","24.175","96"
"150","275386","20220620030000","133","1","臺中市","北屯區","120.750","24.180","147"
"1073","275391","20220620030000","1285","0","臺中市","北屯區","120.710","24.160","1095"
"568","275392","20220620030000","340","3","臺中市","北屯區","120.715","24.160","569"
"429","275393","20220620030000","403","1","臺中市","北屯區","120.710","24.165","426"
"686","275394","20220620030000","612","1","臺中市","北屯區","120.715","24.165","694"
"391","275395","20220620030000","574","0","臺中市","北屯區","120.720","24.165","402"
"1776","275396","20220620030000","1894","0","臺中市","北屯區","120.710","24.170","1716"
"429","275397","20220620030000","458","0","臺中市","北屯區","120.715","24.170","430"
"1241","275398","20220620030000","1196","1","臺中市","北屯區","120.720","24.170","1257"
"47","275399","20220620030000","48","0","臺中市","大肚區","120.570","24.150","49"
"151","275400","20220620030000","129","1","臺中市","大肚區","120.570","24.155","154"
"1440","275403","20220620030000","1371","1","臺中市","大肚區","120.570","24.160","1492"
"60","275420","20220620030000","54","1","臺中市","大肚區","120.535","24.150","53"
"2409","275421","20220620030000","2311","1","臺中市","西區","120.655","24.155","2398"
"2396","275422","20220620030000","1366","3","臺中市","西區","120.660","24.155","2396"
"800","275423","20220620030000","735","1","臺中市","西區","120.660","24.160","769"
"153","275424","20220620030000","172","0","臺中市","大里區","120.675","24.100","149"
"618","275425","20220620030000","634","0","臺中市","大里區","120.680","24.100","620"
"423","275426","20220620030000","240","3","臺中市","大里區","120.680","24.105","428"
"1554","275427","20220620030000","739","3","臺中市","西區","120.680","24.135","1518"
"1103","275428","20220620030000","767","2","臺中市","中區","120.680","24.145","1130"
"2847","275429","20220620030000","1096","3","臺中市","中區","120.680","24.140","2861"
"2588","275430","20220620030000","1140","3","臺中市","北屯區","120.680","24.170","2600"
"634","275431","20220620030000","933","0","臺中市","北屯區","120.685","24.170","658"
"638","275432","20220620030000","907","0","臺中市","北屯區","120.690","24.165","644"
"1417","275433","20220620030000","1191","1","臺中市","北屯區","120.695","24.170","1417"
"3335","275434","20220620030000","3355","0","臺中市","北屯區","120.695","24.175","3193"
"2917","275435","20220620030000","2362","2","臺中市","北屯區","120.690","24.175","2973"
"1639","275436","20220620030000","1272","2","臺中市","南屯區","120.630","24.150","1653"
"944","275437","20220620030000","528","3","臺中市","南屯區","120.630","24.155","980"
"595","275439","20220620030000","1235","0","臺中市","北屯區","120.710","24.175","570"
"363","275440","20220620030000","309","1","臺中市","北屯區","120.695","24.185","389"
"668","275442","20220620030000","602","1","臺中市","北屯區","120.710","24.180","654"
"156","275443","20220620030000","477","0","臺中市","北屯區","120.705","24.180","151"
"1167","275445","20220620030000","1108","1","臺中市","北屯區","120.705","24.185","1189"
"1944","275457","20220620030000","1216","3","臺中市","北區","120.670","24.160","1905"
"1397","275458","20220620030000","868","3","臺中市","北區","120.685","24.155","1420"
"1560","275459","20220620030000","726","3","臺中市","北屯區","120.700","24.175","1569"
"648","275461","20220620030000","290","3","臺中市","大里區","120.710","24.100","670"
"758","275462","20220620030000","737","1","臺中市","大里區","120.715","24.100","780"
"1534","275463","20220620030000","1773","0","臺中市","大里區","120.690","24.105","1554"
"571","275464","20220620030000","637","0","臺中市","大里區","120.695","24.105","572"
"975","275466","20220620030000","1041","0","臺中市","大里區","120.685","24.100","1027"
"3150","275467","20220620030000","2402","2","臺中市","大里區","120.680","24.115","3167"
"545","275468","20220620030000","401","2","臺中市","大里區","120.685","24.115","563"
"874","275469","20220620030000","1212","0","臺中市","南屯區","120.635","24.135","888"
"39","275471","20220620030000","841","0","臺中市","大里區","120.695","24.110","40"
"1980","275477","20220620030000","1288","3","臺中市","太平區","120.715","24.155","1898"
"1239","275478","20220620030000","579","3","臺中市","北屯區","120.705","24.170","1269"
"334","275479","20220620030000","303","1","臺中市","北屯區","120.740","24.180","337"
"105","275480","20220620030000","244","0","臺中市","北屯區","120.745","24.180","108"
"14","275487","20220620030000","111","0","臺中市","北屯區","120.745","24.185","11"
"46","275492","20220620030000","42","1","臺中市","北屯區","120.770","24.185","49"
"14","275495","20220620030000","33","0","臺中市","北屯區","120.780","24.185","14"
"49","275502","20220620030000","81","0","臺中市","北屯區","120.765","24.185","52"
"1600","275504","20220620030000","2008","0","臺中市","北屯區","120.695","24.180","1664"
"2011","275505","20220620030000","1347","2","臺中市","西屯區","120.665","24.175","2005"
"547","275506","20220620030000","533","1","臺中市","西屯區","120.640","24.155","578"
"2401","275507","20220620030000","2445","0","臺中市","西屯區","120.645","24.155","2361"
"1024","275508","20220620030000","2220","0","臺中市","西屯區","120.640","24.160","1031"
"2269","275509","20220620030000","811","3","臺中市","西屯區","120.645","24.160","2231"
"386","275510","20220620030000","843","0","臺中市","西屯區","120.640","24.165","397"
"1574","275511","20220620030000","1668","0","臺中市","西屯區","120.645","24.165","1618"
"1377","275512","20220620030000","1242","1","臺中市","西屯區","120.650","24.170","1401"
"919","275513","20220620030000","437","3","臺中市","太平區","120.720","24.145","909"
"639","275515","20220620030000","622","1","臺中市","太平區","120.715","24.145","656"
"1788","275517","20220620030000","1603","1","臺中市","大里區","120.690","24.115","1787"
"764","275518","20220620030000","525","2","臺中市","大里區","120.690","24.120","763"
"521","275519","20220620030000","284","3","臺中市","東區","120.700","24.125","542"
"21","275662","20220620030000","34","0","臺中市","和平區","120.955","24.160","14"
"127","275685","20220620030000","87","2","臺中市","和平區","120.950","24.165","121"
"42","275710","20220620030000","21","3","臺中市","和平區","120.945","24.170","37"
"149","275829","20220620030000","112","2","臺中市","和平區","120.990","24.185","192"
"107","276007","20220620030000","114","0","臺中市","和平區","120.925","24.180","114"
"158","276027","20220620030000","1147","0","臺中市","北屯區","120.700","24.180","165"
"1634","276028","20220620030000","2142","0","臺中市","南區","120.680","24.130","1653"
"1598","276029","20220620030000","2065","0","臺中市","西屯區","120.620","24.180","1547"
"1182","276033","20220620030000","1236","0","臺中市","西屯區","120.650","24.185","1510"
"637","276037","20220620030000","450","2","臺中市","西屯區","120.635","24.160","661"
"1285","276039","20220620030000","938","2","臺中市","西屯區","120.635","24.165","1211"
"319","276040","20220620030000","177","3","臺中市","西屯區","120.630","24.170","326"
"855","276041","20220620030000","649","2","臺中市","西屯區","120.635","24.170","845"
"1980","276043","20220620030000","1746","1","臺中市","太平區","120.715","24.140","1981"
"103","276044","20220620030000","932","0","臺中市","太平區","120.720","24.155","114"
"2509","276045","20220620030000","2462","1","臺中市","西區","120.660","24.140","2556"
"1899","276046","20220620030000","1984","0","臺中市","西區","120.660","24.145","1908"
"1231","276048","20220620030000","1398","0","臺中市","南區","120.660","24.130","1237"
"77","276451","20220620030000","113","0","花蓮縣","秀林鄉","121.285","24.140","70"
"242","276521","20220620030000","202","1","花蓮縣","秀林鄉","121.635","24.140","231"
"80","276664","20220620030000","61","2","花蓮縣","秀林鄉","121.625","24.150","77"
"146","276735","20220620030000","61","3","花蓮縣","秀林鄉","121.625","24.155","147"
"54","276803","20220620030000","29","3","花蓮縣","秀林鄉","121.620","24.160","59"
"50","276945","20220620030000","40","2","花蓮縣","秀林鄉","121.300","24.175","19"
"67","277000","20220620030000","52","2","花蓮縣","秀林鄉","121.570","24.175","44"
"260","277116","20220620030000","169","3","花蓮縣","秀林鄉","121.495","24.180","248"
"619","277183","20220620030000","325","3","花蓮縣","秀林鄉","121.655","24.125","611"
"57","277187","20220620030000","30","3","花蓮縣","秀林鄉","121.645","24.135","51"
"281","277214","20220620030000","238","1","花蓮縣","秀林鄉","121.650","24.155","284"
"139","277223","20220620030000","125","1","花蓮縣","秀林鄉","121.655","24.160","134"
"96","277237","20220620030000","83","1","花蓮縣","秀林鄉","121.655","24.170","102"
"2502","277409","20220620030000","3636","0","臺中市","西屯區","120.645","24.170","1885"
"594","277410","20220620030000","480","2","臺中市","太平區","120.730","24.155","631"
"116","277411","20220620030000","890","0","臺中市","太平區","120.735","24.155","126"
"21","277415","20220620030000","195","0","臺中市","大肚區","120.550","24.120","22"
"993","277420","20220620030000","969","1","臺中市","大肚區","120.570","24.120","968"
"98","277421","20220620030000","706","0","臺中市","大肚區","120.575","24.120","88"
"503","277423","20220620030000","382","2","臺中市","大肚區","120.570","24.125","485"
"44","277425","20220620030000","351","0","臺中市","大肚區","120.580","24.125","47"
"129","277426","20220620030000","113","1","臺中市","大肚區","120.570","24.130","117"
"207","277434","20220620030000","230","0","臺中市","大肚區","120.585","24.135","260"
"2548","277437","20220620030000","2587","0","臺中市","大里區","120.705","24.105","2542"
"589","277439","20220620030000","534","1","臺中市","大里區","120.705","24.110","582"
"58","277440","20220620030000","737","0","臺中市","太平區","120.705","24.150","51"
"436","277441","20220620030000","878","0","臺中市","太平區","120.710","24.150","432"
"489","277442","20220620030000","307","3","臺中市","烏日區","120.625","24.100","467"
"828","277443","20220620030000","703","1","臺中市","烏日區","120.630","24.100","837"
"1473","277444","20220620030000","774","3","臺中市","烏日區","120.620","24.105","1459"
"495","277445","20220620030000","349","2","臺中市","烏日區","120.625","24.105","535"
"98","277450","20220620030000","41","3","臺中市","西屯區","120.595","24.165","89"
"217","277451","20220620030000","181","1","臺中市","西屯區","120.600","24.165","220"
"117","277452","20220620030000","180","0","臺中市","西屯區","120.605","24.165","132"
"329","277453","20220620030000","303","1","臺中市","西屯區","120.610","24.165","328"
"495","277457","20220620030000","454","1","臺中市","西屯區","120.590","24.170","486"
"69","277458","20220620030000","31","3","臺中市","西屯區","120.595","24.170","61"
"44","277460","20220620030000","44","1","臺中市","西屯區","120.605","24.170","45"
"257","277461","20220620030000","368","0","臺中市","西屯區","120.610","24.170","226"
"97","277462","20220620030000","132","0","臺中市","西屯區","120.615","24.170","95"
"646","277463","20220620030000","502","2","臺中市","西屯區","120.620","24.170","655"
"85","277467","20220620030000","66","2","臺中市","西屯區","120.605","24.175","66"
"425","277468","20220620030000","274","3","臺中市","西屯區","120.595","24.175","438"
"392","277471","20220620030000","170","3","臺中市","西屯區","120.620","24.175","423"
"1190","277473","20220620030000","1652","0","臺中市","西屯區","120.595","24.180","1211"
"313","277474","20220620030000","72","3","臺中市","西屯區","120.595","24.185","315"
"387","277475","20220620030000","587","0","臺中市","西屯區","120.600","24.175","372"
"2241","277477","20220620030000","2072","1","臺中市","太平區","120.720","24.130","2217"
"32","277478","20220620030000","221","0","臺中市","太平區","120.710","24.130","26"
"87","277480","20220620030000","1139","0","臺中市","太平區","120.715","24.135","105"
"1953","277481","20220620030000","1549","2","臺中市","太平區","120.730","24.150","1958"
"34","277483","20220620030000","219","0","臺中市","大肚區","120.575","24.170","38"
"658","277484","20220620030000","923","0","臺中市","大肚區","120.580","24.170","651"
"1947","277487","20220620030000","2106","0","臺中市","大肚區","120.545","24.155","1988"
"69","277488","20220620030000","622","0","臺中市","大肚區","120.540","24.160","74"
"749","277489","20220620030000","703","1","臺中市","大肚區","120.545","24.160","749"
"242","277492","20220620030000","195","2","臺中市","大肚區","120.535","24.165","250"
"719","277493","20220620030000","999","0","臺中市","大里區","120.690","24.100","722"
"448","277496","20220620030000","390","1","臺中市","太平區","120.735","24.105","443"
"1014","277503","20220620030000","856","1","臺中市","太平區","120.730","24.140","1051"
"1322","277504","20220620030000","1093","2","臺中市","太平區","120.735","24.140","1310"
"31","277507","20220620030000","27","1","臺中市","太平區","120.730","24.145","31"
"1593","277508","20220620030000","1246","2","臺中市","太平區","120.735","24.145","1610"
"1577","277520","20220620030000","1475","1","臺中市","太平區","120.740","24.155","1566"
"195","277531","20220620030000","889","0","臺中市","太平區","120.730","24.125","204"
"128","277532","20220620030000","279","0","臺中市","太平區","120.725","24.130","116"
"1392","277533","20220620030000","1354","1","臺中市","東區","120.690","24.130","1350"
"1157","277534","20220620030000","781","2","臺中市","東區","120.690","24.140","1166"
"2066","277535","20220620030000","949","3","臺中市","中區","120.685","24.140","2019"
"18","277537","20220620030000","167","0","臺中市","太平區","120.735","24.130","19"
"732","277538","20220620030000","1144","0","臺中市","太平區","120.720","24.100","750"
"703","277540","20220620030000","537","2","臺中市","太平區","120.720","24.105","692"
"934","277541","20220620030000","979","0","臺中市","太平區","120.725","24.140","951"
"469","277542","20220620030000","474","0","臺中市","太平區","120.730","24.135","481"
"884","277544","20220620030000","940","0","臺中市","龍井區","120.540","24.175","900"
"573","277557","20220620030000","402","2","臺中市","大肚區","120.560","24.125","586"
"119","277558","20220620030000","474","0","臺中市","大肚區","120.565","24.125","141"
"860","277564","20220620030000","877","0","臺中市","龍井區","120.575","24.175","868"
"177","277565","20220620030000","543","0","臺中市","龍井區","120.580","24.175","182"
"617","277566","20220620030000","609","1","臺中市","太平區","120.725","24.145","627"
"808","277567","20220620030000","738","1","臺中市","太平區","120.720","24.125","832"
"22","277587","20220620030000","19","1","臺中市","東勢區","120.855","24.175","16"
"82","277597","20220620030000","75","1","臺中市","東勢區","120.840","24.185","87"
"14","277611","20220620030000","11","2","臺中市","東勢區","120.865","24.185","10"
"758","277614","20220620030000","833","0","臺中市","太平區","120.710","24.135","779"
"1753","277615","20220620030000","1395","2","臺中市","東區","120.705","24.140","1757"
"1621","277617","20220620030000","1133","2","臺中市","東區","120.695","24.150","1634"
"83","277618","20220620030000","1989","0","臺中市","太平區","120.705","24.155","85"
"853","277619","20220620030000","798","1","臺中市","太平區","120.705","24.160","853"
"1793","277620","20220620030000","693","3","臺中市","太平區","120.710","24.155","1838"
"1923","277621","20220620030000","1358","2","臺中市","東區","120.690","24.135","1871"
"581","277622","20220620030000","606","0","臺中市","東區","120.690","24.145","613"
"2052","277623","20220620030000","1182","3","臺中市","東區","120.700","24.140","2076"
"1954","277624","20220620030000","1606","2","臺中市","北區","120.675","24.155","1965"
"1831","277625","20220620030000","1637","1","臺中市","西區","120.660","24.150","1874"
"2071","277626","20220620030000","1675","2","臺中市","西區","120.665","24.155","2058"
"20","277630","20220620030000","476","0","臺中市","龍井區","120.550","24.185","28"
"212","277637","20220620030000","166","2","臺中市","烏日區","120.650","24.105","218"
"953","277638","20220620030000","1003","0","臺中市","烏日區","120.655","24.105","746"
"3235","277639","20220620030000","2427","2","臺中市","西屯區","120.640","24.170","3749"
"1345","277640","20220620030000","1747","0","臺中市","西屯區","120.655","24.170","1355"
"4018","277641","20220620030000","3526","1","臺中市","西屯區","120.660","24.170","4067"
"1826","277642","20220620030000","2110","0","臺中市","太平區","120.720","24.150","1847"
"342","277643","20220620030000","311","1","臺中市","太平區","120.725","24.150","337"
"1788","277644","20220620030000","1744","1","臺中市","太平區","120.725","24.155","1807"
"1376","277646","20220620030000","532","3","臺中市","烏日區","120.605","24.105","1240"
"465","277647","20220620030000","331","2","臺中市","烏日區","120.610","24.105","498"
"63","277648","20220620030000","34","3","臺中市","烏日區","120.600","24.110","59"
"998","277649","20220620030000","1587","0","臺中市","烏日區","120.605","24.110","1437"
"14","277650","20220620030000","11","2","臺中市","烏日區","120.610","24.110","16"
"502","277652","20220620030000","428","1","臺中市","烏日區","120.605","24.115","449"
"227","277653","20220620030000","129","3","臺中市","烏日區","120.610","24.115","229"
"110","277655","20220620030000","116","0","臺中市","烏日區","120.595","24.120","77"
"307","277656","20220620030000","1173","0","臺中市","烏日區","120.635","24.110","306"
"1047","277657","20220620030000","1130","0","臺中市","烏日區","120.640","24.110","1058"
"1899","277661","20220620030000","1143","3","臺中市","西區","120.665","24.150","1989"
"249","277662","20220620030000","424","0","臺中市","西區","120.670","24.150","251"
"1562","277663","20220620030000","2617","0","臺中市","西區","120.675","24.135","1579"
"1817","277664","20220620030000","1814","1","臺中市","西區","120.665","24.145","1793"
"178","277681","20220620030000","116","3","花蓮縣","秀林鄉","121.630","24.115","164"
"89","277712","20220620030000","83","1","花蓮縣","秀林鄉","121.630","24.125","85"
"288","277713","20220620030000","227","2","花蓮縣","秀林鄉","121.635","24.125","281"
"244","277756","20220620030000","198","2","花蓮縣","新城鄉","121.615","24.100","218"
"155","277759","20220620030000","138","1","花蓮縣","新城鄉","121.620","24.105","150"
"355","277766","20220620030000","331","1","花蓮縣","新城鄉","121.640","24.115","344"
"39","277799","20220620030000","69","0","花蓮縣","新城鄉","121.650","24.125","51"
"189","277805","20220620030000","146","2","花蓮縣","新城鄉","121.645","24.130","148"
"30","277807","20220620030000","35","0","彰化縣","彰化市","120.545","24.100","25"
"1085","277812","20220620030000","1029","1","彰化縣","和美鎮","120.495","24.115","1149"
"320","277817","20220620030000","209","3","彰化縣","彰化市","120.560","24.105","320"
"259","277821","20220620030000","144","3","彰化縣","和美鎮","120.505","24.140","221"
"1146","277830","20220620030000","1241","0","彰化縣","和美鎮","120.500","24.105","1145"
"1720","277831","20220620030000","1541","1","彰化縣","和美鎮","120.495","24.110","1729"
"1536","277832","20220620030000","1586","0","彰化縣","和美鎮","120.500","24.110","1514"
"87","277834","20220620030000","1115","0","彰化縣","伸港鄉","120.480","24.140","89"
"87","277848","20220620030000","114","0","南投縣","國姓鄉","120.895","24.110","89"
"30","277865","20220620030000","18","3","南投縣","國姓鄉","120.850","24.105","22"
"60","277866","20220620030000","32","3","南投縣","國姓鄉","120.855","24.105","52"
"683","277889","20220620030000","593","1","彰化縣","和美鎮","120.490","24.110","674"
"217","277890","20220620030000","192","1","彰化縣","和美鎮","120.490","24.115","224"
"211","277892","20220620030000","243","0","彰化縣","和美鎮","120.515","24.125","193"
"24","277895","20220620030000","28","0","彰化縣","和美鎮","120.520","24.130","28"
"355","277898","20220620030000","301","1","彰化縣","和美鎮","120.515","24.135","332"
"447","277902","20220620030000","398","1","彰化縣","和美鎮","120.500","24.130","456"
"27","277906","20220620030000","17","3","彰化縣","和美鎮","120.505","24.135","27"
"21","277907","20220620030000","17","2","彰化縣","和美鎮","120.510","24.135","22"
"1508","277912","20220620030000","1204","2","彰化縣","和美鎮","120.490","24.120","1514"
"736","277913","20220620030000","647","1","彰化縣","和美鎮","120.495","24.120","692"
"53","277919","20220620030000","96","0","彰化縣","伸港鄉","120.510","24.160","53"
"57","277922","20220620030000","36","3","彰化縣","伸港鄉","120.510","24.165","55"
"78","277925","20220620030000","570","0","彰化縣","伸港鄉","120.505","24.170","95"
"100","277926","20220620030000","105","0","彰化縣","伸港鄉","120.510","24.170","127"
"271","277931","20220620030000","175","3","彰化縣","伸港鄉","120.505","24.180","292"
"800","277935","20220620030000","379","3","彰化縣","彰化市","120.575","24.100","752"
"54","277953","20220620030000","824","0","彰化縣","和美鎮","120.530","24.110","48"
"10","277963","20220620030000","14","0","彰化縣","和美鎮","120.535","24.105","13"
"44","277967","20220620030000","515","0","彰化縣","和美鎮","120.545","24.110","38"
"20","277968","20220620030000","32","0","彰化縣","和美鎮","120.540","24.115","18"
"32","277971","20220620030000","42","0","彰化縣","和美鎮","120.530","24.100","30"
"1397","277975","20220620030000","1043","2","彰化縣","和美鎮","120.525","24.115","1385"
"21","277978","20220620030000","15","2","彰化縣","和美鎮","120.485","24.135","17"
"103","277979","20220620030000","159","0","彰化縣","和美鎮","120.485","24.140","105"
"371","277980","20220620030000","2083","0","彰化縣","伸港鄉","120.485","24.145","372"
"198","277982","20220620030000","598","0","彰化縣","伸港鄉","120.490","24.150","208"
"206","277984","20220620030000","178","1","彰化縣","伸港鄉","120.470","24.145","223"
"57","277985","20220620030000","344","0","彰化縣","伸港鄉","120.475","24.145","52"
"107","277994","20220620030000","783","0","彰化縣","伸港鄉","120.500","24.140","124"
"120","277998","20220620030000","291","0","彰化縣","伸港鄉","120.480","24.155","129"
"950","278002","20220620030000","867","1","彰化縣","和美鎮","120.490","24.105","940"
"42","278003","20220620030000","106","0","彰化縣","和美鎮","120.490","24.125","47"
"662","278011","20220620030000","546","2","彰化縣","和美鎮","120.515","24.105","646"
"663","278012","20220620030000","489","2","彰化縣","和美鎮","120.510","24.110","666"
"104","278018","20220620030000","462","0","彰化縣","和美鎮","120.510","24.150","103"
"27","278026","20220620030000","518","0","彰化縣","線西鄉","120.455","24.145","28"
"147","278032","20220620030000","74","3","彰化縣","伸港鄉","120.450","24.155","141"
"1415","278037","20220620030000","1375","1","彰化縣","和美鎮","120.500","24.115","1452"
"996","278047","20220620030000","528","3","彰化縣","和美鎮","120.490","24.130","960"
"1088","278050","20220620030000","406","3","彰化縣","和美鎮","120.490","24.100","1121"
"1829","278052","20220620030000","641","3","彰化縣","和美鎮","120.515","24.100","1811"
"899","278053","20220620030000","529","3","彰化縣","和美鎮","120.520","24.100","882"
"167","278058","20220620030000","121","2","彰化縣","和美鎮","120.485","24.100","156"
"528","278060","20220620030000","538","0","彰化縣","和美鎮","120.485","24.110","552"
"73","278065","20220620030000","203","0","彰化縣","伸港鄉","120.475","24.155","71"
"34","278066","20220620030000","10","3","彰化縣","伸港鄉","120.470","24.160","25"
"1080","278099","20220620030000","1233","0","彰化縣","和美鎮","120.530","24.105","1088"
"507","278100","20220620030000","426","1","彰化縣","和美鎮","120.515","24.120","495"
"175","278175","20220620030000","141","2","南投縣","仁愛鄉","121.190","24.145","171"
"323","278457","20220620030000","284","1","南投縣","仁愛鄉","121.205","24.110","302"
"72","278506","20220620030000","69","1","南投縣","仁愛鄉","121.270","24.140","37"
"42","278518","20220620030000","28","3","南投縣","仁愛鄉","121.285","24.160","25"
"139","278973","20220620030000","84","3","南投縣","仁愛鄉","121.185","24.120","114"
"277","279090","20220620030000","249","1","南投縣","仁愛鄉","121.170","24.155","260"
"43","279213","20220620030000","78","0","南投縣","仁愛鄉","121.200","24.180","51"
"185","279218","20220620030000","182","1","南投縣","仁愛鄉","121.225","24.180","203"
"256","279255","20220620030000","1806","0","彰化縣","伸港鄉","120.485","24.160","253"
"206","279258","20220620030000","790","0","彰化縣","伸港鄉","120.495","24.160","241"
"32","279282","20220620030000","24","2","彰化縣","線西鄉","120.420","24.130","34"
"60","279286","20220620030000","449","0","彰化縣","和美鎮","120.480","24.105","64"
"31","279292","20220620030000","342","0","彰化縣","鹿港鎮","120.460","24.105","28"
"16","279293","20220620030000","454","0","彰化縣","鹿港鎮","120.465","24.105","16"
"658","279295","20220620030000","324","3","彰化縣","鹿港鎮","120.465","24.110","663"
"344","279296","20220620030000","210","3","彰化縣","鹿港鎮","120.460","24.115","333"
"1622","279303","20220620030000","1298","2","彰化縣","線西鄉","120.465","24.130","1599"
"282","279311","20220620030000","215","2","彰化縣","線西鄉","120.435","24.140","280"
"582","279350","20220620030000","457","2","彰化縣","鹿港鎮","120.450","24.115","600"
"246","279359","20220620030000","132","3","彰化縣","鹿港鎮","120.455","24.120","255"
"47","279366","20220620030000","52","0","彰化縣","線西鄉","120.460","24.130","54"
"357","279368","20220620030000","325","1","彰化縣","線西鄉","120.430","24.130","346"
"340","279371","20220620030000","190","3","彰化縣","線西鄉","120.425","24.135","348"
"476","279375","20220620030000","393","2","彰化縣","線西鄉","120.470","24.135","477"
"125","279379","20220620030000","64","3","彰化縣","線西鄉","120.440","24.150","120"
"124","279387","20220620030000","124","1","彰化縣","線西鄉","120.445","24.150","114"
"501","279389","20220620030000","364","2","彰化縣","線西鄉","120.480","24.115","499"
"250","279392","20220620030000","233","1","彰化縣","和美鎮","120.485","24.120","262"
"15","279395","20220620030000","12","2","彰化縣","線西鄉","120.475","24.125","17"
"387","279396","20220620030000","395","0","彰化縣","線西鄉","120.480","24.125","382"
"655","279398","20220620030000","344","3","彰化縣","線西鄉","120.470","24.130","656"
"278","285401","20220620030000","188","2","臺中市","清水區","120.560","24.270","279"
"2218","285403","20220620030000","2090","1","臺中市","清水區","120.550","24.275","2234"
"714","285405","20220620030000","617","1","臺中市","清水區","120.540","24.275","711"
"110","285406","20220620030000","878","0","臺中市","北屯區","120.665","24.195","117"
"808","285409","20220620030000","543","2","臺中市","北屯區","120.680","24.195","792"
"729","285410","20220620030000","393","3","臺中市","北屯區","120.665","24.200","713"
"512","285412","20220620030000","448","1","臺中市","北屯區","120.675","24.200","538"
"455","285413","20220620030000","427","1","臺中市","北屯區","120.680","24.200","441"
"535","285414","20220620030000","442","2","臺中市","北屯區","120.685","24.200","546"
"39","285415","20220620030000","19","3","臺中市","北屯區","120.665","24.190","30"
"1558","285416","20220620030000","614","3","臺中市","北屯區","120.670","24.190","1512"
"1724","285419","20220620030000","2364","0","臺中市","沙鹿區","120.565","24.240","1778"
"70","285422","20220620030000","70","1","臺中市","沙鹿區","120.565","24.245","72"
"435","285423","20220620030000","592","0","臺中市","沙鹿區","120.570","24.245","408"
"407","285425","20220620030000","437","0","臺中市","沙鹿區","120.560","24.250","396"
"640","285426","20220620030000","337","3","臺中市","沙鹿區","120.565","24.250","652"
"577","285428","20220620030000","358","3","臺中市","沙鹿區","120.565","24.255","575"
"1792","285431","20220620030000","717","3","臺中市","清水區","120.575","24.275","1763"
"1470","285434","20220620030000","1228","1","臺中市","潭子區","120.715","24.205","1458"
"484","285437","20220620030000","236","3","臺中市","潭子區","120.700","24.200","488"
"586","285439","20220620030000","551","1","臺中市","潭子區","120.700","24.205","587"
"645","285440","20220620030000","462","2","臺中市","潭子區","120.700","24.210","637"
"1543","285441","20220620030000","1638","0","臺中市","潭子區","120.705","24.210","1522"
"1295","285442","20220620030000","1254","1","臺中市","潭子區","120.700","24.215","1327"
"102","285443","20220620030000","188","0","臺中市","潭子區","120.710","24.195","105"
"89","285444","20220620030000","75","1","臺中市","潭子區","120.705","24.200","94"
"721","285445","20220620030000","610","1","臺中市","潭子區","120.710","24.200","714"
"1413","285446","20220620030000","1627","0","臺中市","潭子區","120.705","24.205","1403"
"3097","285447","20220620030000","2134","2","臺中市","潭子區","120.710","24.205","3079"
"279","285453","20220620030000","200","2","臺中市","潭子區","120.720","24.195","259"
"310","285454","20220620030000","260","1","臺中市","潭子區","120.725","24.195","308"
"510","285459","20220620030000","418","2","臺中市","潭子區","120.725","24.200","513"
"1144","285460","20220620030000","1048","1","臺中市","潭子區","120.730","24.200","1111"
"59","285468","20220620030000","58","1","臺中市","潭子區","120.745","24.210","65"
"4017","285469","20220620030000","3253","2","臺中市","北屯區","120.705","24.190","4034"
"65","285470","20220620030000","76","0","臺中市","北屯區","120.705","24.195","61"
"17","285471","20220620030000","141","0","臺中市","西屯區","120.645","24.190","52"
"427","285472","20220620030000","301","2","臺中市","大雅區","120.615","24.235","451"
"702","285473","20220620030000","314","3","臺中市","沙鹿區","120.610","24.240","669"
"70","285474","20220620030000","511","0","臺中市","沙鹿區","120.615","24.240","69"
"14","285488","20220620030000","80","0","臺中市","沙鹿區","120.575","24.240","15"
"389","285500","20220620030000","379","1","臺中市","沙鹿區","120.560","24.225","383"
"1125","285503","20220620030000","1248","0","臺中市","沙鹿區","120.565","24.225","1078"
"104","285504","20220620030000","369","0","臺中市","神岡區","120.655","24.250","108"
"23","285507","20220620030000","26","0","臺中市","神岡區","120.660","24.255","25"
"411","285509","20220620030000","336","2","臺中市","神岡區","120.675","24.260","401"
"634","285515","20220620030000","602","1","臺中市","神岡區","120.680","24.265","647"
"71","285519","20220620030000","745","0","臺中市","神岡區","120.655","24.275","67"
"739","285522","20220620030000","1883","0","臺中市","豐原區","120.705","24.240","729"
"706","285523","20220620030000","670","1","臺中市","豐原區","120.700","24.245","717"
"805","285524","20220620030000","936","0","臺中市","豐原區","120.705","24.245","777"
"373","285525","20220620030000","245","3","臺中市","龍井區","120.560","24.190","392"
"398","285526","20220620030000","326","2","臺中市","龍井區","120.535","24.195","389"
"42","285527","20220620030000","34","2","臺中市","龍井區","120.540","24.195","42"
"561","285528","20220620030000","510","1","臺中市","龍井區","120.545","24.195","546"
"755","285531","20220620030000","607","2","臺中市","龍井區","120.560","24.195","781"
"643","285533","20220620030000","718","0","臺中市","龍井區","120.545","24.200","659"
"424","285536","20220620030000","334","2","臺中市","龍井區","120.560","24.200","417"
"516","285538","20220620030000","521","0","臺中市","潭子區","120.705","24.215","469"
"522","285540","20220620030000","554","0","臺中市","潭子區","120.705","24.220","539"
"1223","285541","20220620030000","1290","0","臺中市","潭子區","120.705","24.225","1256"
"411","285542","20220620030000","485","0","臺中市","龍井區","120.590","24.190","419"
"178","285544","20220620030000","113","3","臺中市","西屯區","120.605","24.190","172"
"651","285547","20220620030000","589","1","臺中市","神岡區","120.690","24.265","669"
"190","285549","20220620030000","77","3","臺中市","神岡區","120.685","24.270","187"
"131","285551","20220620030000","93","2","臺中市","神岡區","120.675","24.275","119"
"286","285553","20220620030000","327","0","臺中市","神岡區","120.685","24.275","296"
"337","285559","20220620030000","128","3","臺中市","神岡區","120.690","24.275","328"
"1022","285561","20220620030000","568","3","臺中市","神岡區","120.680","24.240","974"
"523","285565","20220620030000","467","1","臺中市","神岡區","120.680","24.245","508"
"597","285567","20220620030000","564","1","臺中市","神岡區","120.675","24.250","635"
"1301","285568","20220620030000","1298","1","臺中市","神岡區","120.685","24.245","1309"
"49","285569","20220620030000","54","0","臺中市","神岡區","120.680","24.250","51"
"46","285570","20220620030000","385","0","臺中市","神岡區","120.685","24.250","45"
"72","285571","20220620030000","80","0","臺中市","神岡區","120.690","24.250","86"
"284","285573","20220620030000","275","1","臺中市","神岡區","120.685","24.255","298"
"118","285574","20220620030000","103","1","臺中市","神岡區","120.690","24.255","111"
"1807","285581","20220620030000","1598","1","臺中市","沙鹿區","120.555","24.230","1906"
"846","285582","20220620030000","944","0","臺中市","沙鹿區","120.555","24.235","812"
"108","285584","20220620030000","161","0","臺中市","沙鹿區","120.580","24.250","129"
"272","285593","20220620030000","285","0","臺中市","沙鹿區","120.600","24.255","285"
"423","285599","20220620030000","340","2","臺中市","沙鹿區","120.600","24.260","428"
"232","285602","20220620030000","93","3","臺中市","沙鹿區","120.585","24.265","229"
"460","285607","20220620030000","312","2","臺中市","大雅區","120.655","24.210","468"
"351","285613","20220620030000","464","0","臺中市","大雅區","120.665","24.220","348"
"36","285618","20220620030000","432","0","臺中市","新社區","120.805","24.250","29"
"310","285621","20220620030000","276","1","臺中市","新社區","120.805","24.255","314"
"71","285626","20220620030000","65","1","臺中市","梧棲區","120.515","24.260","78"
"169","285627","20220620030000","130","2","臺中市","梧棲區","120.520","24.260","192"
"37","285630","20220620030000","120","0","臺中市","梧棲區","120.515","24.270","38"
"1239","285634","20220620030000","1239","1","臺中市","梧棲區","120.535","24.255","1264"
"897","285635","20220620030000","695","2","臺中市","梧棲區","120.550","24.255","941"
"694","285637","20220620030000","742","0","臺中市","梧棲區","120.560","24.255","607"
"1410","285638","20220620030000","990","2","臺中市","梧棲區","120.540","24.260","1366"
"530","285642","20220620030000","524","1","臺中市","梧棲區","120.555","24.240","560"
"1948","285644","20220620030000","1035","3","臺中市","梧棲區","120.545","24.245","1920"
"399","285646","20220620030000","1107","0","臺中市","神岡區","120.695","24.245","401"
"623","285648","20220620030000","631","0","臺中市","神岡區","120.695","24.255","643"
"92","285657","20220620030000","92","1","臺中市","梧棲區(海)","120.490","24.255","78"
"10","285659","20220620030000","35","0","臺中市","梧棲區(海)","120.500","24.255","10"
"167","285667","20220620030000","135","2","臺中市","梧棲區(海)","120.500","24.265","125"
"71","285671","20220620030000","60","1","臺中市","梧棲區(海)","120.500","24.270","55"
"46","285677","20220620030000","56","0","臺中市","梧棲區(海)","120.505","24.275","30"
"10","285681","20220620030000","79","0","臺中市","梧棲區","120.525","24.260","11"
"93","285682","20220620030000","88","1","臺中市","梧棲區","120.530","24.260","118"
"339","285683","20220620030000","219","3","臺中市","北屯區","120.790","24.205","353"
"275","285685","20220620030000","242","1","臺中市","新社區","120.805","24.190","262"
"153","285695","20220620030000","153","1","臺中市","新社區","120.815","24.200","149"
"141","285697","20220620030000","140","1","臺中市","新社區","120.805","24.205","147"
"123","285701","20220620030000","101","2","臺中市","新社區","120.805","24.210","121"
"267","285707","20220620030000","291","0","臺中市","新社區","120.800","24.220","242"
"169","285713","20220620030000","105","3","臺中市","新社區","120.795","24.235","159"
"26","285717","20220620030000","313","0","臺中市","新社區","120.795","24.230","38"
"122","285720","20220620030000","93","2","臺中市","新社區","120.780","24.230","141"
"31","285727","20220620030000","420","0","臺中市","新社區","120.785","24.235","40"
"1169","285738","20220620030000","767","3","臺中市","神岡區","120.700","24.250","1144"
"619","285742","20220620030000","469","2","臺中市","神岡區","120.645","24.250","530"
"130","285745","20220620030000","147","0","臺中市","神岡區","120.645","24.255","162"
"59","285747","20220620030000","88","0","臺中市","神岡區","120.635","24.260","51"
"534","285750","20220620030000","1295","0","臺中市","豐原區","120.710","24.245","1462"
"1221","285752","20220620030000","485","3","臺中市","豐原區","120.720","24.260","1180"
"3244","285754","20220620030000","2739","1","臺中市","豐原區","120.720","24.265","3256"
"379","285758","20220620030000","286","2","臺中市","豐原區","120.715","24.275","378"
"783","285759","20220620030000","266","3","臺中市","豐原區","120.720","24.275","780"
"195","285761","20220620030000","187","1","臺中市","豐原區","120.720","24.280","199"
"1472","285764","20220620030000","1111","2","臺中市","梧棲區","120.545","24.240","1464"
"1003","285765","20220620030000","1134","0","臺中市","梧棲區","120.540","24.245","1005"
"268","285766","20220620030000","263","1","臺中市","梧棲區","120.520","24.255","270"
"651","285767","20220620030000","837","0","臺中市","梧棲區","120.525","24.255","672"
"236","285773","20220620030000","160","2","臺中市","新社區","120.810","24.225","227"
"313","285777","20220620030000","375","0","臺中市","新社區","120.805","24.230","320"
"2613","285782","20220620030000","1070","3","臺中市","豐原區","120.725","24.255","2639"
"612","285783","20220620030000","686","0","臺中市","豐原區","120.705","24.250","629"
"665","285785","20220620030000","505","2","臺中市","豐原區","120.720","24.240","648"
"1327","285787","20220620030000","1377","0","臺中市","豐原區","120.715","24.235","1303"
"1806","285788","20220620030000","1327","2","臺中市","豐原區","120.720","24.235","1831"
"816","285789","20220620030000","726","1","臺中市","豐原區","120.725","24.235","827"
"3013","285791","20220620030000","1162","3","臺中市","豐原區","120.715","24.245","2960"
"118","285792","20220620030000","122","0","臺中市","豐原區","120.710","24.240","119"
"58","285793","20220620030000","51","1","臺中市","豐原區","120.725","24.250","50"
"561","285796","20220620030000","295","3","臺中市","豐原區","120.740","24.240","586"
"530","285799","20220620030000","1028","0","臺中市","豐原區","120.730","24.245","515"
"873","285800","20220620030000","326","3","臺中市","豐原區","120.735","24.245","897"
"1016","285803","20220620030000","432","3","臺中市","豐原區","120.730","24.250","1016"
"983","285804","20220620030000","600","3","臺中市","豐原區","120.735","24.250","962"
"1023","285805","20220620030000","938","1","臺中市","豐原區","120.740","24.250","995"
"23","285806","20220620030000","645","0","臺中市","龍井區","120.525","24.210","25"
"316","285812","20220620030000","366","0","臺中市","龍井區","120.515","24.215","322"
"467","285819","20220620030000","301","3","臺中市","龍井區","120.510","24.220","646"
"604","285821","20220620030000","269","3","臺中市","龍井區","120.520","24.220","611"
"2210","285822","20220620030000","1028","3","臺中市","龍井區","120.525","24.220","2219"
"670","285849","20220620030000","743","0","臺中市","新社區","120.805","24.240","659"
"281","285852","20220620030000","230","2","臺中市","新社區","120.820","24.205","273"
"49","285856","20220620030000","43","1","臺中市","北屯區","120.780","24.210","51"
"13","285859","20220620030000","161","0","臺中市","新社區","120.795","24.210","17"
"494","285862","20220620030000","268","3","臺中市","新社區","120.780","24.215","476"
"273","285867","20220620030000","211","2","臺中市","新社區","120.775","24.220","252"
"135","285871","20220620030000","109","2","臺中市","新社區","120.775","24.225","125"
"114","285886","20220620030000","69","3","臺中市","梧棲區","120.515","24.225","113"
"102","285894","20220620030000","113","0","臺中市","清水區","120.635","24.265","104"
"662","285910","20220620030000","755","0","臺中市","梧棲區","120.535","24.250","659"
"39","285912","20220620030000","446","0","臺中市","梧棲區","120.545","24.250","39"
"482","285914","20220620030000","489","0","臺中市","梧棲區","120.540","24.255","477"
"292","285916","20220620030000","266","1","臺中市","豐原區","120.700","24.230","296"
"320","285918","20220620030000","327","0","臺中市","豐原區","120.705","24.235","314"
"273","285919","20220620030000","187","2","臺中市","豐原區","120.700","24.235","281"
"373","285920","20220620030000","400","0","臺中市","豐原區","120.700","24.240","398"
"55","285921","20220620030000","42","2","臺中市","豐原區","120.760","24.235","54"
"41","285923","20220620030000","48","0","臺中市","豐原區","120.755","24.240","40"
"23","285925","20220620030000","21","1","臺中市","豐原區","120.765","24.240","22"
"70","285927","20220620030000","80","0","臺中市","豐原區","120.750","24.245","82"
"456","285933","20220620030000","356","2","臺中市","豐原區","120.745","24.250","462"
"81","285937","20220620030000","56","2","臺中市","豐原區","120.765","24.250","88"
"222","285948","20220620030000","119","3","臺中市","石岡區","120.770","24.260","221"
"49","285949","20220620030000","51","0","臺中市","豐原區","120.760","24.265","46"
"123","285953","20220620030000","69","3","臺中市","石岡區","120.765","24.270","118"
"1086","285954","20220620030000","582","3","臺中市","豐原區","120.730","24.255","1088"
"298","285955","20220620030000","377","0","臺中市","豐原區","120.735","24.255","297"
"1257","285956","20220620030000","877","2","臺中市","豐原區","120.745","24.255","1250"
"515","285957","20220620030000","194","3","臺中市","豐原區","120.740","24.260","497"
"433","285958","20220620030000","201","3","臺中市","豐原區","120.745","24.260","442"
"28","285959","20220620030000","354","0","臺中市","豐原區","120.750","24.260","14"
"204","285960","20220620030000","197","1","臺中市","豐原區","120.755","24.265","220"
"2581","285962","20220620030000","2444","1","臺中市","豐原區","120.725","24.240","2619"
"1357","285963","20220620030000","1657","0","臺中市","豐原區","120.730","24.240","1356"
"21","285964","20220620030000","36","0","臺中市","龍井區","120.580","24.190","25"
"57","285965","20220620030000","56","1","臺中市","龍井區","120.585","24.190","50"
"27","285980","20220620030000","401","0","臺中市","沙鹿區","120.570","24.225","24"
"2275","285981","20220620030000","1792","2","臺中市","沙鹿區","120.570","24.230","2355"
"552","285983","20220620030000","1179","0","臺中市","沙鹿區","120.565","24.215","545"
"1813","285984","20220620030000","1692","1","臺中市","沙鹿區","120.555","24.220","1814"
"303","285985","20220620030000","258","1","臺中市","沙鹿區","120.560","24.220","299"
"652","285990","20220620030000","321","3","臺中市","沙鹿區","120.575","24.200","641"
"2120","285991","20220620030000","1080","3","臺中市","沙鹿區","120.580","24.200","2101"
"539","285994","20220620030000","507","1","臺中市","沙鹿區","120.570","24.205","502"
"639","285999","20220620030000","667","0","臺中市","沙鹿區","120.575","24.210","651"
"137","286001","20220620030000","121","1","臺中市","沙鹿區","120.560","24.235","146"
"546","286002","20220620030000","564","0","臺中市","豐原區","120.710","24.250","534"
"2161","286003","20220620030000","1671","2","臺中市","豐原區","120.715","24.250","2213"
"459","286005","20220620030000","479","0","臺中市","豐原區","120.725","24.225","445"
"350","286006","20220620030000","327","1","臺中市","豐原區","120.730","24.225","363"
"571","286008","20220620030000","410","2","臺中市","豐原區","120.725","24.230","558"
"222","286010","20220620030000","235","0","臺中市","豐原區","120.735","24.230","225"
"502","286012","20220620030000","463","1","臺中市","豐原區","120.730","24.230","484"
"1044","286014","20220620030000","871","1","臺中市","北屯區","120.660","24.190","1082"
"1850","286023","20220620030000","646","3","臺中市","龍井區","120.520","24.205","1861"
"910","286024","20220620030000","142","3","臺中市","龍井區","120.525","24.205","926"
"1000","286027","20220620030000","341","3","臺中市","龍井區","120.505","24.210","993"
"141","286031","20220620030000","101","2","臺中市","龍井區","120.545","24.205","141"
"1375","286036","20220620030000","1399","0","臺中市","龍井區","120.550","24.210","1418"
"455","286039","20220620030000","411","1","臺中市","龍井區","120.545","24.215","451"
"363","286043","20220620030000","155","3","臺中市","東勢區","120.830","24.235","381"
"491","286047","20220620030000","325","3","臺中市","東勢區","120.830","24.240","496"
"894","286051","20220620030000","1282","0","臺中市","東勢區","120.830","24.245","888"
"247","286052","20220620030000","180","2","臺中市","東勢區","120.835","24.245","414"
"670","286053","20220620030000","608","1","臺中市","東勢區","120.840","24.245","670"
"657","286054","20220620030000","583","1","臺中市","東勢區","120.825","24.255","647"
"60","286060","20220620030000","52","1","臺中市","東勢區","120.845","24.275","61"
"155","286071","20220620030000","133","1","臺中市","清水區","120.580","24.270","137"
"2140","286072","20220620030000","1080","3","臺中市","北屯區","120.685","24.185","1914"
"1490","286078","20220620030000","1164","2","臺中市","豐原區","120.720","24.250","1381"
"2846","286079","20220620030000","3081","0","臺中市","梧棲區","120.535","24.260","2974"
"486","286081","20220620030000","545","0","臺中市","梧棲區","120.530","24.265","545"
"892","286084","20220620030000","806","1","臺中市","梧棲區","120.530","24.270","930"
"785","286088","20220620030000","641","2","臺中市","沙鹿區","120.565","24.200","759"
"411","286090","20220620030000","185","3","臺中市","沙鹿區","120.560","24.205","416"
"37","286091","20220620030000","487","0","臺中市","沙鹿區","120.565","24.205","15"
"52","286092","20220620030000","575","0","臺中市","沙鹿區","120.555","24.210","44"
"19","286093","20220620030000","292","0","臺中市","沙鹿區","120.560","24.210","22"
"284","286094","20220620030000","239","1","臺中市","沙鹿區","120.565","24.210","266"
"138","286095","20220620030000","122","1","臺中市","沙鹿區","120.555","24.215","151"
"268","286097","20220620030000","211","2","臺中市","沙鹿區","120.605","24.240","261"
"331","286098","20220620030000","321","1","臺中市","沙鹿區","120.605","24.245","344"
"663","286099","20220620030000","398","3","臺中市","沙鹿區","120.610","24.245","682"
"371","286100","20220620030000","187","3","臺中市","沙鹿區","120.600","24.250","354"
"289","286105","20220620030000","286","1","臺中市","北屯區","120.685","24.195","281"
"344","286108","20220620030000","279","2","臺中市","北屯區","120.750","24.190","351"
"141","286113","20220620030000","104","2","臺中市","北屯區","120.750","24.195","139"
"31","286118","20220620030000","35","0","臺中市","北屯區","120.745","24.200","35"
"36","286121","20220620030000","25","2","臺中市","北屯區","120.760","24.200","36"
"1568","286135","20220620030000","832","3","臺中市","北屯區","120.680","24.190","1488"
"824","286137","20220620030000","506","3","臺中市","清水區","120.545","24.265","779"
"804","286140","20220620030000","819","0","臺中市","清水區","120.545","24.270","794"
"619","286141","20220620030000","559","1","臺中市","清水區","120.550","24.270","632"
"1392","286147","20220620030000","2128","0","臺中市","潭子區","120.710","24.215","1464"
"20","286149","20220620030000","231","0","臺中市","潭子區","120.710","24.220","22"
"532","286153","20220620030000","533","0","臺中市","豐原區","120.720","24.230","506"
"417","286156","20220620030000","370","1","臺中市","潭子區","120.680","24.225","403"
"777","286159","20220620030000","565","2","臺中市","潭子區","120.685","24.230","826"
"1570","286161","20220620030000","1124","2","臺中市","潭子區","120.690","24.225","1632"
"285","286162","20220620030000","241","1","臺中市","潭子區","120.695","24.225","305"
"365","286167","20220620030000","380","0","臺中市","梧棲區","120.525","24.225","381"
"213","286169","20220620030000","255","0","臺中市","梧棲區","120.510","24.230","236"
"65","286173","20220620030000","68","0","臺中市","梧棲區","120.505","24.235","57"
"16","286175","20220620030000","22","0","臺中市","梧棲區","120.515","24.235","16"
"936","286177","20220620030000","1174","0","臺中市","梧棲區","120.525","24.235","913"
"154","286180","20220620030000","138","1","臺中市","梧棲區","120.510","24.240","137"
"63","286181","20220620030000","102","0","臺中市","梧棲區","120.515","24.240","69"
"810","286183","20220620030000","405","3","臺中市","梧棲區","120.525","24.240","841"
"55","286186","20220620030000","42","2","臺中市","梧棲區","120.510","24.245","58"
"175","286187","20220620030000","208","0","臺中市","梧棲區","120.515","24.245","186"
"900","286190","20220620030000","1194","0","臺中市","梧棲區","120.530","24.245","905"
"218","286195","20220620030000","188","1","臺中市","梧棲區","120.525","24.250","226"
"241","286199","20220620030000","178","2","臺中市","沙鹿區","120.580","24.220","237"
"1587","286203","20220620030000","1689","0","臺中市","沙鹿區","120.575","24.225","1627"
"578","286204","20220620030000","778","0","臺中市","沙鹿區","120.580","24.225","576"
"453","286205","20220620030000","655","0","臺中市","沙鹿區","120.585","24.225","476"
"421","286208","20220620030000","382","1","臺中市","沙鹿區","120.575","24.230","473"
"172","286209","20220620030000","369","0","臺中市","沙鹿區","120.580","24.230","201"
"59","286215","20220620030000","689","0","臺中市","沙鹿區","120.550","24.225","56"
"21","286221","20220620030000","16","2","臺中市","北屯區","120.770","24.195","19"
"20","286224","20220620030000","205","0","臺中市","北屯區","120.780","24.195","23"
"38","286235","20220620030000","26","2","臺中市","北屯區","120.770","24.205","35"
"818","286244","20220620030000","1212","0","臺中市","大雅區","120.650","24.225","790"
"124","286246","20220620030000","84","2","臺中市","大雅區","120.605","24.225","105"
"130","286248","20220620030000","94","2","臺中市","大雅區","120.615","24.225","139"
"411","286260","20220620030000","347","1","臺中市","大雅區","120.620","24.235","389"
"1420","286262","20220620030000","897","3","臺中市","大雅區","120.645","24.215","1441"
"419","286263","20220620030000","343","2","臺中市","大雅區","120.645","24.220","439"
"815","286264","20220620030000","667","2","臺中市","大雅區","120.645","24.225","806"
"475","286266","20220620030000","183","3","臺中市","大雅區","120.635","24.205","466"
"24","286267","20220620030000","229","0","臺中市","大雅區","120.640","24.205","30"
"1718","286269","20220620030000","1021","3","臺中市","大雅區","120.615","24.210","1745"
"361","286270","20220620030000","164","3","臺中市","大雅區","120.620","24.210","343"
"714","286272","20220620030000","603","1","臺中市","大雅區","120.630","24.210","740"
"317","286273","20220620030000","247","2","臺中市","大雅區","120.635","24.210","295"
